Accel: -0.34, -0.06, -0.92
Gyro: 0.31, 1.33, 0.24
Accel: -0.34, -0.06, -0.92
Gyro: -0.04, 1.55, 0.47
Accel: -0.33, -0.07, -0.91
Gyro: -0.36, 0.69, -0.23
Accel: -0.33, -0.07, -0.92
Gyro: -0.85, 0.49, -0.76
Accel: -0.34, -0.06, -0.92
Gyro: -0.70, 0.22, -1.13
Accel: -0.34, -0.06, -0.92
Gyro: -0.72, -0.16, -0.97
Accel: -0.34, -0.06, -0.92
Gyro: -1.11, -0.22, -0.49
Accel: -0.34, -0.06, -0.91
Gyro: -0.87, -0.25, -0.62
Accel: -0.34, -0.07, -0.91
Gyro: -1.27, -0.09, -0.68
Accel: -0.34, -0.06, -0.91
Gyro: -2.40, -0.25, -1.82
Accel: -0.33, -0.05, -0.91
Gyro: -0.02, -0.39, -1.05
Accel: -0.34, -0.06, -0.92
Gyro: -0.47, -0.86, -0.56
Accel: -0.34, -0.06, -0.91
Gyro: -0.89, -0.73, -0.21
Accel: -0.35, -0.06, -0.92
Gyro: -0.73, -0.08, 0.40
Accel: -0.34, -0.07, -0.91
Gyro: -0.99, -0.50, -0.39
Accel: -0.34, -0.07, -0.92
Gyro: -1.46, -0.34, -1.03
Accel: -0.33, -0.07, -0.91
Gyro: -1.34, -0.88, -1.00
Accel: -0.33, -0.08, -0.91
Gyro: -2.49, -1.70, -1.14
Accel: -0.34, -0.06, -0.92
Gyro: -3.07, -1.31, -1.35
Accel: -0.33, -0.08, -0.91
Gyro: -2.82, -1.93, -1.70
Accel: -0.34, -0.10, -0.91
Gyro: -5.03, -2.66, -2.94
Accel: -0.33, -0.13, -0.91
Gyro: -9.41, -3.53, -6.36
Accel: -0.33, -0.14, -0.90
Gyro: -13.40, -4.43, -9.95
Accel: -0.34, -0.16, -0.89
Gyro: -18.90, -6.42, -16.02
Accel: -0.34, -0.16, -0.89
Gyro: -26.60, -7.72, -24.30
Accel: -0.35, -0.14, -0.89
Gyro: -30.49, -10.30, -30.37
Accel: -0.36, -0.14, -0.90
Gyro: -35.39, -11.53, -37.81
Accel: -0.40, -0.13, -0.96
Gyro: -40.51, -8.50, -47.65
Accel: -0.44, -0.06, -1.01
Gyro: -37.20, 0.46, -54.78
Accel: -0.47, -0.05, -1.07
Gyro: -33.89, 19.09, -61.01
Accel: -0.49, -0.05, -1.04
Gyro: -28.69, 33.47, -67.44
Accel: -0.54, -0.03, -1.22
Gyro: -25.42, 61.94, -77.38
Accel: -0.48, 0.00, -1.09
Gyro: -14.88, 92.42, -83.40
Accel: -0.42, 0.02, -1.09
Gyro: 0.25, 107.09, -88.14
Accel: -0.35, 0.06, -1.00
Gyro: -1.27, 125.01, -85.43
Accel: -0.24, 0.12, -0.99
Gyro: 0.89, 131.42, -77.22
Accel: -0.17, 0.17, -0.98
Gyro: 8.05, 139.22, -59.14
Accel: -0.08, 0.15, -0.89
Gyro: 8.19, 139.60, -40.15
Accel: 0.03, 0.17, -0.84
Gyro: -3.72, 138.31, -17.94
Accel: 0.18, 0.21, -0.69
Gyro: -8.10, 116.39, 9.50
Accel: 0.18, 0.23, -0.94
Gyro: -14.39, 106.86, 43.00
Accel: 0.28, 0.21, -0.75
Gyro: -20.29, 96.27, 73.17
Accel: 0.34, 0.13, -0.80
Gyro: -25.11, 75.72, 101.81
Accel: 0.43, 0.03, -0.78
Gyro: -36.15, 57.50, 116.90
Accel: 0.47, 0.07, -0.69
Gyro: -40.69, 31.69, 128.21
Accel: 0.43, 0.01, -0.79
Gyro: -37.52, 13.69, 140.56
Accel: 0.42, -0.04, -0.78
Gyro: -33.13, 5.53, 145.02
Accel: 0.44, -0.09, -0.72
Gyro: -28.28, -10.04, 143.62
Accel: 0.44, -0.14, -0.68
Gyro: -29.49, -31.59, 143.08
Accel: 0.40, -0.15, -0.64
Gyro: -29.20, -58.01, 138.27
Accel: 0.33, -0.22, -0.73
Gyro: -23.25, -81.92, 131.81
Accel: 0.26, -0.30, -0.75
Gyro: -24.12, -100.48, 114.81
Accel: 0.17, -0.40, -0.76
Gyro: -33.08, -116.53, 89.03
Accel: 0.11, -0.38, -0.82
Gyro: -44.94, -130.32, 57.24
Accel: -0.01, -0.36, -1.00
Gyro: -50.95, -133.43, 26.39
Accel: -0.11, -0.34, -1.08
Gyro: -56.65, -119.79, -1.79
Accel: -0.15, -0.22, -1.00
Gyro: -58.08, -103.07, -28.40
Accel: -0.21, -0.13, -0.98
Gyro: -39.37, -96.69, -44.40
Accel: -0.27, -0.11, -0.98
Gyro: -26.28, -88.42, -57.32
Accel: -0.32, -0.12, -1.02
Gyro: -19.79, -80.21, -69.13
Accel: -0.36, -0.08, -1.01
Gyro: -20.32, -70.00, -77.55
Accel: -0.43, 0.01, -1.01
Gyro: -7.29, -60.21, -79.93
Accel: -0.44, 0.05, -1.00
Gyro: -8.76, -48.29, -70.19
Accel: -0.45, 0.05, -0.97
Gyro: -15.14, -40.41, -56.56
Accel: -0.46, 0.04, -0.97
Gyro: -12.48, -32.71, -45.00
Accel: -0.46, 0.01, -0.93
Gyro: -12.44, -25.99, -37.33
Accel: -0.46, 0.01, -0.93
Gyro: -11.13, -21.16, -30.94
Accel: -0.47, 0.01, -0.93
Gyro: -9.21, -15.41, -24.52
Accel: -0.47, -0.01, -0.92
Gyro: -12.28, -9.32, -20.24
Accel: -0.46, 0.00, -0.91
Gyro: -12.38, -5.55, -17.23
Accel: -0.45, -0.01, -0.90
Gyro: -10.48, -3.91, -14.35
Accel: -0.44, -0.00, -0.91
Gyro: -10.25, -1.67, -12.56
Accel: -0.44, 0.00, -0.90
Gyro: -8.79, 0.22, -9.91
Accel: -0.43, 0.01, -0.90
Gyro: -7.23, 2.20, -7.77
Accel: -0.42, -0.00, -0.90
Gyro: -5.04, 3.47, -5.72
Accel: -0.41, -0.01, -0.90
Gyro: -4.15, 4.84, -3.94
Accel: -0.39, -0.01, -0.91
Gyro: -2.51, 5.10, -2.81
Accel: -0.38, -0.02, -0.91
Gyro: -1.05, 5.34, -1.69
Accel: -0.37, -0.03, -0.90
Gyro: -0.79, 5.67, -1.05
Accel: -0.37, -0.03, -0.90
Gyro: -0.15, 5.08, -0.92
Accel: -0.36, -0.04, -0.90
Gyro: 0.15, 3.94, -0.85
Accel: -0.37, -0.04, -0.90
Gyro: -0.18, 2.98, -1.11
Accel: -0.37, -0.04, -0.88
Gyro: -0.04, 1.81, -1.28
Accel: -0.38, -0.05, -0.90
Gyro: -0.69, 1.14, -1.45
Accel: -0.38, -0.05, -0.89
Gyro: -0.21, 0.25, -1.43
Accel: -0.39, -0.06, -0.89
Gyro: -1.64, 0.17, -1.93
Accel: -0.40, -0.04, -0.91
Gyro: -2.03, 0.85, -2.24
Accel: -0.39, -0.05, -0.90
Gyro: -0.69, 0.81, -1.75
Accel: -0.40, -0.05, -0.90
Gyro: -2.01, 1.31, -1.99
Accel: -0.39, -0.04, -0.91
Gyro: -2.08, 2.17, -1.72
Accel: -0.39, -0.04, -0.90
Gyro: -1.48, 2.62, -1.30
Accel: -0.38, -0.04, -0.91
Gyro: -2.33, 2.52, -1.63
Accel: -0.38, -0.04, -0.90
Gyro: -2.00, 2.85, -1.45
Accel: -0.38, -0.04, -0.91
Gyro: -1.56, 2.52, -0.95
Accel: -0.38, -0.05, -0.91
Gyro: -2.46, 3.00, -0.75
Accel: -0.36, -0.04, -0.92
Gyro: -1.51, 4.18, -0.24
Accel: -0.36, -0.06, -0.92
Gyro: -1.36, 4.21, -0.41
Accel: -0.36, -0.05, -0.90
Gyro: -2.29, 4.24, -1.14
Accel: -0.35, -0.04, -0.90
Gyro: -1.83, 3.88, -1.50
Accel: -0.35, -0.05, -0.90
Gyro: -0.83, 2.92, -1.25
Accel: -0.35, -0.04, -0.92
Gyro: -0.98, 2.61, -1.08
