Accel: -0.26, -0.09, -0.90
Gyro: -4.21, 6.94, -2.89
Accel: -0.25, -0.08, -0.91
Gyro: -3.76, 4.09, -2.84
Accel: -0.25, -0.07, -0.92
Gyro: -3.40, 1.79, -2.09
Accel: -0.24, -0.08, -0.93
Gyro: -4.04, 0.48, -1.91
Accel: -0.25, -0.07, -0.94
Gyro: -4.73, 0.07, -2.66
Accel: -0.24, -0.07, -0.93
Gyro: -3.72, -1.49, -2.66
Accel: -0.26, -0.07, -0.94
Gyro: -4.63, -1.99, -3.02
Accel: -0.26, -0.06, -0.94
Gyro: -3.36, -1.63, -2.62
Accel: -0.25, -0.07, -0.93
Gyro: -3.26, -2.20, -2.27
Accel: -0.26, -0.07, -0.94
Gyro: -3.93, -2.82, -2.70
Accel: -0.26, -0.07, -0.94
Gyro: -3.52, -2.98, -2.61
Accel: -0.26, -0.06, -0.94
Gyro: -2.57, -3.11, -2.56
Accel: -0.26, -0.06, -0.94
Gyro: -1.94, -3.24, -2.17
Accel: -0.27, -0.07, -0.94
Gyro: -1.68, -3.69, -1.50
Accel: -0.27, -0.08, -0.94
Gyro: -1.87, -3.86, -0.96
Accel: -0.27, -0.08, -0.93
Gyro: -2.69, -4.45, -0.93
Accel: -0.28, -0.12, -0.92
Gyro: -3.97, -4.93, -2.54
Accel: -0.29, -0.14, -0.93
Gyro: -7.77, -5.49, -6.86
Accel: -0.30, -0.14, -0.93
Gyro: -11.76, -4.87, -11.21
Accel: -0.30, -0.14, -0.93
Gyro: -15.95, -4.16, -14.86
Accel: -0.31, -0.17, -0.93
Gyro: -20.69, -3.10, -19.58
Accel: -0.31, -0.19, -0.93
Gyro: -27.38, -1.97, -27.69
Accel: -0.32, -0.29, -0.94
Gyro: -35.11, -1.12, -46.75
Accel: -0.35, -0.32, -0.96
Gyro: -42.74, 2.42, -75.26
Accel: -0.40, -0.28, -1.02
Gyro: -56.87, 12.30, -103.17
Accel: -0.47, -0.24, -1.10
Gyro: -65.94, 33.23, -129.61
Accel: -0.47, 0.01, -1.08
Gyro: -57.43, 55.79, -149.32
Accel: -0.41, 0.22, -1.04
Gyro: -33.62, 71.92, -137.77
Accel: -0.33, 0.26, -1.00
Gyro: -21.48, 82.94, -111.83
Accel: -0.22, 0.28, -0.95
Gyro: -23.18, 84.68, -85.82
Accel: -0.21, 0.30, -1.08
Gyro: -13.86, 91.60, -55.19
Accel: -0.13, 0.30, -1.03
Gyro: -10.15, 108.14, -25.08
Accel: -0.02, 0.23, -0.91
Gyro: -7.00, 106.47, 2.33
Accel: -0.02, 0.22, -1.06
Gyro: -13.91, 109.68, 25.57
Accel: 0.01, 0.16, -1.04
Gyro: -18.65, 128.07, 47.64
Accel: 0.17, 0.14, -0.80
Gyro: -26.42, 123.82, 59.76
Accel: 0.24, 0.21, -0.80
Gyro: -25.81, 105.93, 76.56
Accel: 0.32, 0.19, -0.78
Gyro: -32.02, 98.57, 98.66
Accel: 0.42, 0.14, -0.73
Gyro: -35.31, 80.39, 116.57
Accel: 0.50, 0.15, -0.64
Gyro: -42.91, 50.54, 131.56
Accel: 0.51, 0.20, -0.66
Gyro: -45.46, 19.40, 151.73
Accel: 0.46, 0.12, -0.77
Gyro: -43.38, -0.32, 168.69
Accel: 0.44, 0.01, -0.78
Gyro: -38.11, -10.46, 171.71
Accel: 0.48, -0.10, -0.66
Gyro: -33.44, -30.87, 162.70
Accel: 0.48, -0.12, -0.57
Gyro: -27.54, -64.69, 149.06
Accel: 0.44, -0.22, -0.66
Gyro: -21.23, -98.18, 132.10
Accel: 0.33, -0.50, -0.84
Gyro: -27.44, -109.71, 99.34
Accel: 0.25, -0.60, -0.89
Gyro: -76.39, -114.90, 35.77
Accel: 0.19, -0.03, -0.74
Gyro: -78.22, -122.06, 10.44
Accel: 0.12, -0.06, -0.76
Gyro: -34.23, -146.39, 0.13
Accel: -0.10, -0.20, -1.03
Gyro: -12.21, -140.50, -20.02
Accel: -0.18, -0.24, -1.19
Gyro: -30.01, -112.40, -54.91
Accel: -0.19, 0.03, -1.09
Gyro: -16.56, -90.49, -72.41
Accel: -0.24, 0.08, -1.06
Gyro: -0.35, -72.47, -66.00
Accel: -0.28, -0.01, -0.93
Gyro: 20.69, -72.81, -63.84
Accel: -0.34, -0.03, -1.07
Gyro: 10.44, -62.78, -63.43
Accel: -0.35, -0.01, -1.07
Gyro: 15.16, -47.24, -61.90
Accel: -0.35, -0.02, -1.00
Gyro: 15.37, -39.25, -55.79
Accel: -0.37, -0.02, -0.98
Gyro: 7.37, -35.10, -47.56
Accel: -0.39, -0.04, -1.02
Gyro: 3.65, -23.70, -39.51
Accel: -0.39, -0.05, -0.99
Gyro: -1.67, -13.47, -32.48
Accel: -0.38, -0.04, -0.96
Gyro: -2.55, -8.00, -25.67
Accel: -0.38, -0.05, -0.97
Gyro: -2.95, -1.33, -18.97
Accel: -0.35, -0.05, -0.94
Gyro: -5.84, 4.03, -13.86
Accel: -0.32, -0.06, -0.92
Gyro: -8.74, 5.47, -10.73
Accel: -0.30, 0.00, -0.96
Gyro: -4.34, 6.59, -6.05
Accel: -0.27, -0.05, -0.93
Gyro: 4.05, 11.42, 1.36
Accel: -0.25, -0.12, -0.87
Gyro: -0.94, 6.12, 0.03
Accel: -0.29, -0.04, -0.97
Gyro: -5.87, 2.75, -2.44
Accel: -0.27, -0.04, -0.94
Gyro: -0.99, 4.22, -0.60
Accel: -0.26, -0.06, -0.93
Gyro: -2.20, 3.79, -0.14
Accel: -0.26, -0.06, -0.93
Gyro: -1.91, 1.87, -0.81
Accel: -0.25, -0.06, -0.93
Gyro: -1.08, 1.16, -0.56
Accel: -0.25, -0.08, -0.92
Gyro: -0.95, -1.12, -1.42
Accel: -0.27, -0.08, -0.95
Gyro: -2.72, -0.70, -2.04
Accel: -0.28, -0.07, -0.95
Gyro: -2.66, 1.38, -2.67
Accel: -0.27, -0.06, -0.92
Gyro: -1.74, 1.43, -2.82
Accel: -0.27, -0.06, -0.92
Gyro: 0.19, -0.57, -1.86
Accel: -0.28, -0.07, -0.92
Gyro: 0.59, -1.83, -1.21
Accel: -0.28, -0.08, -0.93
Gyro: -1.33, -2.09, -1.37
Accel: -0.28, -0.08, -0.92
Gyro: -2.34, -3.16, -2.40
Accel: -0.29, -0.09, -0.93
Gyro: -3.36, -3.91, -2.81
Accel: -0.28, -0.09, -0.93
Gyro: -5.20, -4.01, -3.80
Accel: -0.30, -0.06, -0.94
Gyro: -5.97, -3.78, -3.79
Accel: -0.29, -0.06, -0.93
Gyro: -4.52, -3.71, -2.34
Accel: -0.30, -0.07, -0.95
Gyro: -3.62, -3.40, -1.03
Accel: -0.29, -0.07, -0.96
Gyro: -3.37, -1.59, -1.01
Accel: -0.28, -0.08, -0.94
Gyro: -2.45, 0.34, -1.22
Accel: -0.28, -0.08, -0.95
Gyro: -2.20, 1.46, -2.37
Accel: -0.27, -0.07, -0.93
Gyro: -1.95, 1.26, -2.75
Accel: -0.28, -0.07, -0.95
Gyro: -0.84, 1.19, -2.11
Accel: -0.27, -0.05, -0.94
Gyro: 0.83, 1.42, -1.46
Accel: -0.27, -0.07, -0.92
Gyro: 2.72, 1.64, -0.79
Accel: -0.26, -0.07, -0.92
Gyro: 3.62, 0.18, -0.69
Accel: -0.26, -0.08, -0.94
Gyro: 3.65, -1.12, -0.54
Accel: -0.27, -0.09, -0.94
Gyro: 2.43, -1.99, -1.08
Accel: -0.28, -0.09, -0.93
Gyro: 1.57, -1.33, -1.28
Accel: -0.28, -0.10, -0.93
Gyro: 1.11, -2.16, -0.39
Accel: -0.28, -0.10, -0.92
Gyro: -1.09, -2.35, -0.56
Accel: -0.29, -0.10, -0.92
Gyro: -2.04, -2.54, -0.81
Accel: -0.29, -0.10, -0.94
Gyro: -2.66, -2.33, -1.27
