Accel: -0.19, -0.00, -0.94
Gyro: -0.65, -1.21, -1.14
Accel: -0.20, 0.01, -0.95
Gyro: -0.92, -0.51, -1.05
Accel: -0.20, -0.01, -0.96
Gyro: -0.67, -0.24, -0.46
Accel: -0.19, -0.02, -0.96
Gyro: -1.68, 0.41, -0.58
Accel: -0.20, -0.01, -0.94
Gyro: -2.40, 0.99, -1.30
Accel: -0.19, -0.02, -0.95
Gyro: -2.01, 0.70, -1.93
Accel: -0.19, -0.02, -0.95
Gyro: -2.62, 0.52, -2.74
Accel: -0.19, -0.01, -0.94
Gyro: -3.33, 0.29, -3.37
Accel: -0.19, -0.02, -0.95
Gyro: -4.01, -0.35, -3.62
Accel: -0.19, -0.02, -0.95
Gyro: -4.22, -0.63, -4.55
Accel: -0.18, -0.01, -0.93
Gyro: -4.64, -0.85, -6.00
Accel: -0.19, -0.02, -0.93
Gyro: -5.04, -1.59, -7.46
Accel: -0.19, -0.03, -0.93
Gyro: -5.99, -2.78, -9.31
Accel: -0.20, -0.07, -0.93
Gyro: -7.52, -4.28, -13.10
Accel: -0.21, -0.38, -0.93
Gyro: -9.79, -5.37, -39.25
Accel: -0.23, -0.40, -0.92
Gyro: -7.48, -8.67, -102.58
Accel: -0.26, -0.13, -0.95
Gyro: -1.53, -10.71, -130.43
Accel: -0.28, -0.08, -0.92
Gyro: -5.14, -11.63, -133.62
Accel: -0.30, -0.03, -0.98
Gyro: -13.37, -8.66, -128.98
Accel: -0.32, 0.01, -1.04
Gyro: -16.78, 0.21, -117.29
Accel: -0.36, 0.01, -1.17
Gyro: -17.17, 20.82, -108.79
Accel: -0.40, 0.01, -1.23
Gyro: -15.10, 55.06, -105.65
Accel: -0.37, 0.03, -1.19
Gyro: -5.87, 81.04, -100.56
Accel: -0.34, 0.07, -1.20
Gyro: 0.57, 113.21, -96.69
Accel: -0.21, 0.14, -1.06
Gyro: 6.28, 133.27, -82.06
Accel: -0.10, 0.14, -1.01
Gyro: 11.00, 137.84, -59.58
Accel: -0.04, 0.09, -0.99
Gyro: -3.86, 151.26, -38.04
Accel: 0.11, 0.07, -0.80
Gyro: -17.01, 150.99, -18.08
Accel: 0.21, 0.12, -0.74
Gyro: -25.29, 131.38, 6.99
Accel: 0.28, 0.11, -0.76
Gyro: -38.72, 122.80, 36.59
Accel: 0.29, 0.12, -0.76
Gyro: -42.22, 118.53, 70.85
Accel: 0.50, -0.01, -0.65
Gyro: -65.10, 96.02, 91.64
Accel: 0.52, -0.01, -0.82
Gyro: -87.96, 74.06, 111.43
Accel: 0.56, 0.00, -0.78
Gyro: -109.44, 61.10, 133.83
Accel: 0.66, 0.01, -0.67
Gyro: -119.71, 37.32, 154.31
Accel: 0.61, 0.03, -0.66
Gyro: -116.71, 17.41, 168.50
Accel: 0.61, 0.04, -0.62
Gyro: -109.99, -3.00, 170.70
Accel: 0.62, -0.03, -0.63
Gyro: -89.06, -24.13, 168.27
Accel: 0.63, -0.08, -0.64
Gyro: -82.50, -43.85, 153.88
Accel: 0.60, -0.11, -0.64
Gyro: -75.03, -59.46, 134.09
Accel: 0.58, -0.19, -0.53
Gyro: -59.36, -84.34, 106.34
Accel: 0.57, -0.23, -0.50
Gyro: -55.01, -117.23, 69.99
Accel: 0.45, -0.16, -0.57
Gyro: -40.85, -150.87, 35.96
Accel: 0.31, -0.20, -0.86
Gyro: -25.57, -165.56, 4.54
Accel: 0.27, -0.17, -0.69
Gyro: -21.56, -172.74, -35.98
Accel: 0.09, -0.06, -0.83
Gyro: -2.85, -193.95, -51.47
Accel: -0.17, 0.00, -1.15
Gyro: -7.68, -166.73, -53.54
Accel: -0.27, 0.03, -1.31
Gyro: -6.49, -124.62, -49.80
Accel: -0.29, -0.03, -1.20
Gyro: -6.79, -88.31, -48.02
Accel: -0.32, 0.03, -1.12
Gyro: -4.14, -65.16, -48.00
Accel: -0.34, 0.02, -1.09
Gyro: -0.93, -45.91, -40.30
Accel: -0.34, -0.02, -1.06
Gyro: -3.94, -32.04, -37.84
Accel: -0.34, -0.02, -1.04
Gyro: -8.58, -18.33, -38.96
Accel: -0.32, -0.01, -0.99
Gyro: -12.40, -7.84, -40.18
Accel: -0.28, 0.02, -0.94
Gyro: -15.43, -3.78, -39.26
Accel: -0.27, 0.04, -0.93
Gyro: -16.67, -2.36, -36.88
Accel: -0.26, 0.04, -0.93
Gyro: -17.79, -1.29, -36.68
Accel: -0.24, 0.08, -0.91
Gyro: -16.11, -1.79, -35.35
Accel: -0.24, 0.10, -0.92
Gyro: -13.60, -4.54, -32.35
Accel: -0.26, 0.13, -0.91
Gyro: -10.85, -7.50, -26.28
Accel: -0.26, 0.13, -0.94
Gyro: -8.00, -10.35, -20.46
Accel: -0.27, 0.12, -0.96
Gyro: -6.42, -10.49, -14.20
Accel: -0.27, 0.15, -0.93
Gyro: -6.19, -9.96, -8.07
Accel: -0.27, 0.15, -0.93
Gyro: -0.35, -10.50, 1.05
Accel: -0.27, 0.12, -0.93
Gyro: 1.06, -9.72, 8.50
Accel: -0.27, 0.11, -0.93
Gyro: 2.40, -9.85, 14.03
Accel: -0.27, 0.11, -0.94
Gyro: 4.14, -10.68, 20.56
Accel: -0.30, 0.07, -0.94
Gyro: 5.09, -9.47, 26.37
Accel: -0.29, 0.03, -0.93
Gyro: 5.11, -7.24, 29.02
Accel: -0.30, 0.01, -0.92
Gyro: 7.47, -7.67, 30.04
Accel: -0.30, -0.05, -0.93
Gyro: 5.67, -6.56, 28.21
Accel: -0.31, -0.08, -0.94
Gyro: -0.15, -4.26, 21.42
Accel: -0.31, -0.04, -0.97
Gyro: -1.84, -0.44, 16.20
Accel: -0.30, -0.04, -0.95
Gyro: -2.69, 6.12, 11.49
Accel: -0.28, -0.06, -0.92
Gyro: -1.17, 7.81, 1.70
Accel: -0.26, -0.00, -0.89
Gyro: 0.99, 5.11, -4.99
Accel: -0.25, 0.05, -0.92
Gyro: -3.40, 3.51, -2.97
Accel: -0.25, 0.09, -0.89
Gyro: -6.20, -0.28, 3.61
Accel: -0.29, 0.03, -0.91
Gyro: -5.64, -3.75, 6.66
Accel: -0.29, -0.02, -0.93
Gyro: -6.32, -6.71, -1.46
Accel: -0.29, 0.03, -1.02
Gyro: -10.37, -0.31, -7.58
Accel: -0.26, 0.10, -0.91
Gyro: -13.34, 1.56, -6.48
Accel: -0.26, 0.11, -0.88
Gyro: -11.79, -2.33, -4.40
Accel: -0.29, 0.11, -0.94
Gyro: -7.18, -6.84, -2.55
Accel: -0.31, 0.11, -0.98
Gyro: -4.95, -4.00, -0.02
Accel: -0.32, 0.08, -0.97
Gyro: -4.70, 4.71, 0.98
Accel: -0.30, 0.04, -0.90
Gyro: -0.95, 5.73, -2.78
Accel: -0.30, 0.09, -0.91
Gyro: 1.06, 3.43, -4.77
Accel: -0.26, 0.10, -0.90
Gyro: 4.26, 4.23, -0.91
Accel: -0.24, 0.11, -0.90
Gyro: 1.69, 1.50, 8.77
Accel: -0.23, -0.01, -0.87
Gyro: -2.33, -0.72, 7.74
Accel: -0.27, 0.00, -0.91
Gyro: -3.81, -7.68, 3.77
Accel: -0.32, -0.07, -0.93
Gyro: -6.30, -9.97, -7.80
Accel: -0.33, 0.03, -1.02
Gyro: -7.06, -1.68, -18.17
Accel: -0.30, 0.10, -0.95
Gyro: -1.49, 3.55, -15.94
Accel: -0.30, 0.05, -0.95
Gyro: 3.14, 3.46, -9.20
Accel: -0.28, -0.00, -0.97
Gyro: -0.49, 10.02, -8.68
Accel: -0.25, -0.02, -0.93
Gyro: -4.27, 11.22, -11.97
Accel: -0.25, -0.02, -0.93
Gyro: -9.48, 11.85, -17.17
Accel: -0.25, 0.01, -0.92
Gyro: -14.59, 13.61, -23.76
Accel: -0.24, 0.05, -0.90
Gyro: -13.57, 11.31, -28.42
