Accel: -0.17, 0.07, -0.96
Gyro: -0.61, -0.11, -1.85
Accel: -0.17, 0.06, -0.94
Gyro: -0.47, -0.37, -1.43
Accel: -0.17, 0.05, -0.95
Gyro: 0.31, -1.15, -0.89
Accel: -0.17, 0.05, -0.95
Gyro: 0.29, -1.24, -0.73
Accel: -0.18, 0.06, -0.95
Gyro: -0.21, -0.19, -0.37
Accel: -0.17, 0.06, -0.96
Gyro: 0.31, -0.03, 0.72
Accel: -0.17, 0.04, -0.96
Gyro: 0.12, 0.14, 1.37
Accel: -0.17, 0.03, -0.95
Gyro: -1.90, 0.19, 0.56
Accel: -0.17, 0.04, -0.95
Gyro: -1.50, 0.02, 0.23
Accel: -0.17, 0.03, -0.96
Gyro: -0.86, -0.75, -0.55
Accel: -0.18, 0.03, -0.96
Gyro: -2.50, 0.05, -1.24
Accel: -0.17, 0.05, -0.96
Gyro: -2.10, 1.34, -1.29
Accel: -0.17, 0.03, -0.96
Gyro: -1.85, 1.42, -1.72
Accel: -0.17, 0.01, -0.96
Gyro: -4.22, 1.17, -3.78
Accel: -0.17, -0.01, -0.95
Gyro: -5.52, 0.66, -6.30
Accel: -0.18, -0.02, -0.97
Gyro: -10.25, 1.62, -10.86
Accel: -0.17, 0.01, -0.97
Gyro: -12.20, 3.13, -14.31
Accel: -0.18, 0.00, -0.97
Gyro: -12.38, 4.88, -17.24
Accel: -0.19, -0.06, -0.99
Gyro: -14.28, 8.86, -24.75
Accel: -0.21, -0.09, -1.02
Gyro: -18.18, 17.11, -41.08
Accel: -0.21, -0.08, -1.02
Gyro: -15.75, 24.89, -61.30
Accel: -0.23, -0.05, -1.06
Gyro: -15.66, 35.06, -77.17
Accel: -0.25, -0.03, -1.10
Gyro: -18.56, 51.28, -87.71
Accel: -0.25, 0.04, -1.15
Gyro: -18.77, 71.90, -95.15
Accel: -0.26, 0.11, -1.24
Gyro: -17.59, 101.30, -94.44
Accel: -0.14, 0.12, -0.96
Gyro: -23.10, 123.15, -88.55
Accel: -0.05, 0.17, -0.93
Gyro: -15.79, 118.61, -83.19
Accel: 0.06, 0.22, -0.82
Gyro: -15.95, 115.40, -72.14
Accel: 0.13, 0.28, -0.88
Gyro: -14.51, 103.68, -58.33
Accel: 0.12, 0.35, -1.04
Gyro: -20.38, 113.50, -36.34
Accel: 0.20, 0.41, -0.87
Gyro: -25.67, 120.48, -6.93
Accel: 0.23, 0.44, -0.87
Gyro: -33.20, 123.75, 30.14
Accel: 0.29, 0.42, -0.78
Gyro: -45.79, 122.41, 68.78
Accel: 0.42, 0.41, -0.71
Gyro: -56.27, 105.93, 105.45
Accel: 0.46, 0.35, -0.68
Gyro: -67.98, 89.55, 130.80
Accel: 0.53, 0.24, -0.75
Gyro: -75.62, 82.57, 156.62
Accel: 0.63, 0.12, -0.56
Gyro: -88.71, 67.16, 172.88
Accel: 0.76, 0.08, -0.57
Gyro: -87.59, 33.68, 173.81
Accel: 0.76, 0.13, -0.41
Gyro: -77.19, 7.58, 170.21
Accel: 0.70, 0.19, -0.52
Gyro: -63.18, -18.01, 185.72
Accel: 0.71, -0.11, -0.61
Gyro: -68.44, -29.31, 184.78
Accel: 0.78, -0.10, -0.53
Gyro: -73.22, -46.31, 168.20
Accel: 0.79, -0.08, -0.37
Gyro: -55.34, -81.82, 154.17
Accel: 0.67, -0.24, -0.43
Gyro: -27.40, -118.69, 130.66
Accel: 0.55, -0.37, -0.50
Gyro: -19.32, -144.42, 91.91
Accel: 0.44, -0.40, -0.55
Gyro: -14.59, -169.98, 49.41
Accel: 0.27, -0.36, -0.73
Gyro: -8.70, -185.53, 12.96
Accel: 0.07, -0.39, -1.06
Gyro: -3.84, -172.00, -19.94
Accel: -0.00, -0.29, -1.13
Gyro: -17.55, -141.15, -43.33
Accel: 0.00, -0.23, -1.04
Gyro: -20.71, -120.91, -52.65
Accel: -0.04, -0.33, -0.98
Gyro: -23.90, -111.08, -67.92
Accel: -0.13, -0.26, -1.01
Gyro: -25.23, -103.07, -87.87
Accel: -0.18, -0.20, -1.05
Gyro: -17.75, -88.11, -95.28
Accel: -0.23, -0.19, -0.99
Gyro: -16.76, -76.50, -105.17
Accel: -0.27, -0.04, -1.03
Gyro: -9.38, -66.25, -102.36
Accel: -0.29, -0.06, -1.06
Gyro: -5.42, -51.96, -92.55
Accel: -0.29, -0.07, -1.04
Gyro: -7.32, -38.10, -88.42
Accel: -0.28, -0.04, -0.99
Gyro: -5.22, -30.09, -81.09
Accel: -0.28, -0.00, -0.98
Gyro: -8.20, -24.99, -71.61
Accel: -0.26, 0.02, -0.95
Gyro: -6.86, -21.42, -54.67
Accel: -0.26, 0.00, -0.98
Gyro: -7.06, -17.47, -39.57
Accel: -0.27, 0.01, -0.99
Gyro: -8.35, -11.46, -25.84
Accel: -0.26, -0.02, -0.97
Gyro: -8.60, -6.10, -14.92
Accel: -0.25, -0.03, -0.97
Gyro: -7.58, -2.38, -7.71
Accel: -0.23, -0.06, -0.95
Gyro: -7.62, -1.08, -3.86
Accel: -0.22, -0.07, -0.94
Gyro: -7.75, 0.26, -1.82
Accel: -0.21, -0.07, -0.92
Gyro: -6.95, -0.76, -1.26
Accel: -0.20, -0.07, -0.92
Gyro: -6.87, -2.82, -1.18
Accel: -0.22, -0.08, -0.95
Gyro: -7.14, -2.81, -0.82
Accel: -0.21, -0.07, -0.96
Gyro: -8.35, -0.74, -1.33
Accel: -0.21, -0.07, -0.96
Gyro: -9.27, 0.96, -2.14
Accel: -0.20, -0.06, -0.95
Gyro: -11.06, 1.79, -3.96
Accel: -0.20, -0.04, -0.96
Gyro: -11.38, 2.20, -5.62
Accel: -0.19, -0.03, -0.95
Gyro: -8.46, 1.59, -6.06
Accel: -0.20, -0.03, -0.95
Gyro: -6.71, 1.43, -6.52
Accel: -0.19, -0.03, -0.94
Gyro: -4.55, 1.46, -7.00
Accel: -0.19, -0.03, -0.95
Gyro: -1.85, 1.50, -7.25
Accel: -0.18, -0.04, -0.93
Gyro: -0.53, 1.72, -7.04
Accel: -0.19, -0.02, -0.94
Gyro: 1.89, 0.89, -4.86
Accel: -0.20, -0.03, -0.96
Gyro: 5.75, 3.68, 0.37
Accel: -0.19, -0.07, -0.93
Gyro: 4.01, 5.42, 2.84
Accel: -0.19, -0.07, -0.93
Gyro: 2.20, 4.18, 5.39
Accel: -0.19, -0.11, -0.93
Gyro: -0.43, 2.42, 4.51
Accel: -0.19, -0.11, -0.94
Gyro: -5.14, 1.42, 0.76
Accel: -0.19, -0.08, -0.94
Gyro: -6.70, 0.95, -1.89
Accel: -0.18, -0.07, -0.93
Gyro: -6.36, 1.60, -3.05
Accel: -0.18, -0.06, -0.92
Gyro: -6.46, 1.09, -3.04
Accel: -0.18, -0.07, -0.93
Gyro: -6.96, -0.62, -3.21
Accel: -0.19, -0.06, -0.93
Gyro: -7.22, -2.38, -4.04
Accel: -0.20, -0.07, -0.92
Gyro: -6.36, -3.85, -4.54
Accel: -0.20, -0.05, -0.93
Gyro: -6.71, -5.22, -5.70
Accel: -0.22, -0.04, -0.95
Gyro: -8.00, -7.30, -6.39
Accel: -0.25, -0.03, -1.00
Gyro: -8.13, -5.79, -6.30
Accel: -0.25, -0.02, -1.02
Gyro: -7.50, -0.77, -6.20
Accel: -0.22, 0.00, -1.05
Gyro: -6.00, 5.46, -4.68
Accel: -0.19, 0.01, -1.03
Gyro: -1.21, 9.48, -0.87
Accel: -0.15, -0.03, -1.00
Gyro: 0.95, 12.34, 1.11
Accel: -0.12, -0.05, -0.96
Gyro: 0.04, 13.84, 0.95
Accel: -0.10, -0.06, -0.93
Gyro: -0.54, 10.80, -0.18
Accel: -0.11, -0.06, -0.92
Gyro: -0.44, 7.28, -2.24
Accel: -0.12, -0.05, -0.93
Gyro: 0.92, 4.43, -4.12
