Accel: -0.32, -0.08, -0.93
Gyro: -3.78, 3.00, -2.75
Accel: -0.31, -0.08, -0.92
Gyro: -3.37, 2.69, -2.67
Accel: -0.31, -0.08, -0.93
Gyro: -3.86, 2.78, -2.46
Accel: -0.30, -0.07, -0.93
Gyro: -3.48, 3.07, -2.46
Accel: -0.30, -0.08, -0.92
Gyro: -3.33, 2.32, -2.08
Accel: -0.30, -0.08, -0.92
Gyro: -4.44, 1.65, -2.46
Accel: -0.30, -0.07, -0.91
Gyro: -4.46, 0.91, -2.73
Accel: -0.30, -0.07, -0.92
Gyro: -3.68, 0.50, -3.09
Accel: -0.30, -0.07, -0.92
Gyro: -3.43, -0.17, -3.57
Accel: -0.30, -0.06, -0.92
Gyro: -3.31, -1.11, -2.62
Accel: -0.31, -0.07, -0.92
Gyro: -2.86, -1.80, -1.49
Accel: -0.31, -0.07, -0.93
Gyro: -3.24, -1.21, -1.12
Accel: -0.31, -0.07, -0.92
Gyro: -3.43, -1.34, -1.45
Accel: -0.31, -0.08, -0.92
Gyro: -3.53, -1.56, -2.23
Accel: -0.31, -0.09, -0.93
Gyro: -4.33, -1.73, -3.19
Accel: -0.31, -0.09, -0.92
Gyro: -5.74, -1.29, -4.10
Accel: -0.31, -0.10, -0.93
Gyro: -7.67, -1.66, -5.28
Accel: -0.32, -0.11, -0.93
Gyro: -9.86, -0.92, -7.29
Accel: -0.32, -0.09, -0.93
Gyro: -11.92, -0.05, -9.32
Accel: -0.32, -0.13, -0.92
Gyro: -14.39, 0.43, -12.00
Accel: -0.33, -0.18, -0.92
Gyro: -21.53, 1.12, -18.06
Accel: -0.37, -0.28, -0.97
Gyro: -35.94, 3.11, -32.20
Accel: -0.37, -0.21, -0.99
Gyro: -49.26, 11.78, -48.91
Accel: -0.36, -0.13, -0.96
Gyro: -47.16, 16.08, -57.96
Accel: -0.37, -0.09, -0.98
Gyro: -50.57, 22.57, -65.85
Accel: -0.35, -0.01, -0.95
Gyro: -49.13, 28.88, -68.68
Accel: -0.33, 0.03, -0.97
Gyro: -47.21, 34.87, -67.44
Accel: -0.33, 0.04, -0.98
Gyro: -50.26, 43.72, -66.22
Accel: -0.29, 0.10, -0.97
Gyro: -49.28, 48.66, -63.33
Accel: -0.31, 0.17, -1.08
Gyro: -41.19, 57.56, -56.67
Accel: -0.30, 0.19, -1.15
Gyro: -37.28, 78.07, -45.66
Accel: -0.26, 0.16, -1.01
Gyro: -30.22, 91.26, -35.04
Accel: -0.23, 0.17, -1.10
Gyro: -29.43, 111.08, -28.55
Accel: -0.12, 0.20, -0.95
Gyro: -27.95, 121.86, -21.74
Accel: -0.07, 0.24, -1.03
Gyro: -23.64, 127.16, -15.50
Accel: -0.00, 0.28, -0.96
Gyro: -20.10, 134.28, -8.96
Accel: 0.12, 0.26, -0.81
Gyro: -24.10, 136.38, -2.72
Accel: 0.23, 0.31, -0.76
Gyro: -19.42, 121.63, 5.47
Accel: 0.30, 0.33, -0.80
Gyro: -21.98, 112.50, 17.23
Accel: 0.37, 0.35, -0.74
Gyro: -23.92, 100.94, 31.62
Accel: 0.44, 0.37, -0.73
Gyro: -25.62, 87.13, 45.42
Accel: 0.50, 0.35, -0.73
Gyro: -33.71, 78.19, 61.72
Accel: 0.55, 0.33, -0.66
Gyro: -33.03, 62.61, 77.84
Accel: 0.58, 0.30, -0.66
Gyro: -31.62, 50.43, 89.82
Accel: 0.61, 0.27, -0.69
Gyro: -22.19, 39.72, 99.31
Accel: 0.65, 0.21, -0.65
Gyro: -19.90, 26.25, 105.86
Accel: 0.66, 0.14, -0.65
Gyro: -16.42, 15.14, 110.09
Accel: 0.69, 0.09, -0.62
Gyro: -13.73, 5.02, 111.41
Accel: 0.69, 0.07, -0.64
Gyro: -8.30, -6.15, 110.93
Accel: 0.67, 0.02, -0.66
Gyro: -3.16, -14.03, 108.69
Accel: 0.68, -0.05, -0.64
Gyro: 1.31, -25.23, 104.42
Accel: 0.64, -0.06, -0.65
Gyro: 5.00, -38.41, 99.45
Accel: 0.61, -0.12, -0.67
Gyro: 6.22, -48.79, 95.95
Accel: 0.54, -0.13, -0.72
Gyro: 7.19, -56.70, 92.35
Accel: 0.49, -0.18, -0.80
Gyro: 11.38, -56.07, 88.97
Accel: 0.46, -0.23, -0.77
Gyro: 13.14, -56.91, 83.06
Accel: 0.42, -0.32, -0.82
Gyro: 16.08, -56.32, 72.80
Accel: 0.40, -0.37, -0.81
Gyro: 15.20, -57.20, 57.96
Accel: 0.40, -0.37, -0.76
Gyro: 13.17, -66.49, 46.26
Accel: 0.34, -0.37, -0.75
Gyro: 7.88, -81.02, 40.49
Accel: 0.27, -0.38, -0.79
Gyro: -0.92, -93.12, 32.78
Accel: 0.22, -0.46, -0.79
Gyro: -14.15, -102.46, 23.37
Accel: 0.16, -0.46, -0.69
Gyro: -27.11, -120.26, 3.83
Accel: 0.06, -0.41, -0.84
Gyro: -30.38, -136.89, -19.62
Accel: -0.07, -0.35, -0.97
Gyro: -34.80, -128.06, -32.84
Accel: -0.11, -0.30, -0.98
Gyro: -33.74, -120.50, -42.68
Accel: -0.22, -0.26, -1.10
Gyro: -33.86, -102.46, -45.44
Accel: -0.23, -0.23, -1.04
Gyro: -36.36, -84.96, -47.00
Accel: -0.25, -0.18, -1.03
Gyro: -32.31, -75.45, -47.20
Accel: -0.27, -0.19, -1.02
Gyro: -32.91, -62.58, -45.72
Accel: -0.26, -0.19, -0.96
Gyro: -31.07, -55.86, -50.77
Accel: -0.29, -0.11, -0.97
Gyro: -26.10, -51.32, -50.25
Accel: -0.29, -0.16, -0.97
Gyro: -25.75, -45.95, -49.67
Accel: -0.31, -0.12, -0.96
Gyro: -27.53, -40.31, -48.74
Accel: -0.30, -0.09, -0.94
Gyro: -24.22, -37.43, -47.06
Accel: -0.33, -0.06, -0.98
Gyro: -15.74, -31.46, -39.12
Accel: -0.35, -0.09, -0.97
Gyro: -20.00, -24.13, -32.24
Accel: -0.35, -0.06, -0.95
Gyro: -19.13, -18.47, -27.32
Accel: -0.35, -0.05, -0.96
Gyro: -16.17, -12.83, -21.40
Accel: -0.36, -0.04, -0.96
Gyro: -13.61, -6.94, -14.09
Accel: -0.35, -0.06, -0.94
Gyro: -13.79, -3.72, -8.87
Accel: -0.35, -0.06, -0.92
Gyro: -12.37, -2.45, -4.78
Accel: -0.34, -0.08, -0.93
Gyro: -10.32, -1.70, -3.07
Accel: -0.33, -0.09, -0.93
Gyro: -12.07, -0.33, -5.02
Accel: -0.32, -0.08, -0.92
Gyro: -12.68, -1.22, -5.91
Accel: -0.32, -0.07, -0.93
Gyro: -12.18, -1.32, -5.74
Accel: -0.31, -0.06, -0.93
Gyro: -11.47, -0.11, -4.88
Accel: -0.32, -0.05, -0.93
Gyro: -9.27, 0.54, -4.07
Accel: -0.32, -0.04, -0.92
Gyro: -5.72, 0.24, -2.88
Accel: -0.31, -0.05, -0.93
Gyro: -2.59, -0.08, -1.67
Accel: -0.31, -0.05, -0.92
Gyro: -0.84, 0.81, -0.45
Accel: -0.31, -0.06, -0.93
Gyro: -0.53, 0.66, 0.56
Accel: -0.31, -0.07, -0.93
Gyro: -0.61, 1.01, 0.66
Accel: -0.32, -0.08, -0.94
Gyro: -0.56, 1.88, 0.54
Accel: -0.32, -0.08, -0.94
Gyro: -0.31, 3.25, 0.38
Accel: -0.36, -0.09, -1.02
Gyro: -1.03, 8.77, 0.58
Accel: -0.35, -0.09, -0.99
Gyro: -2.32, 18.82, 0.85
Accel: -0.31, -0.10, -0.90
Gyro: 0.68, 19.07, 1.15
Accel: -0.28, -0.11, -0.89
Gyro: -1.42, 15.14, -0.68
Accel: -0.28, -0.08, -0.91
Gyro: -1.07, 11.11, -1.75
Accel: -0.27, -0.10, -0.92
Gyro: -2.11, 9.45, -1.84
