Accel: -0.18, 0.03, -0.94
Gyro: -3.95, 2.46, -3.60
Accel: -0.19, 0.01, -0.93
Gyro: -2.95, 1.13, -2.75
Accel: -0.19, 0.01, -0.95
Gyro: -3.12, 0.23, -2.20
Accel: -0.19, 0.01, -0.95
Gyro: -2.98, -0.06, -1.66
Accel: -0.19, 0.01, -0.95
Gyro: -2.86, 0.36, -1.40
Accel: -0.19, 0.01, -0.94
Gyro: -2.64, 0.56, -1.95
Accel: -0.19, 0.01, -0.95
Gyro: -2.33, 0.08, -1.66
Accel: -0.19, 0.00, -0.95
Gyro: -2.33, -0.59, -1.58
Accel: -0.19, 0.01, -0.95
Gyro: -2.35, -0.59, -1.14
Accel: -0.19, -0.00, -0.95
Gyro: -1.82, -0.36, -0.36
Accel: -0.19, -0.00, -0.94
Gyro: -2.23, -0.53, -0.60
Accel: -0.19, -0.00, -0.95
Gyro: -2.69, 0.06, -0.92
Accel: -0.19, -0.00, -0.95
Gyro: -2.23, 0.40, -1.50
Accel: -0.19, -0.00, -0.95
Gyro: -2.59, 0.79, -2.17
Accel: -0.19, 0.00, -0.95
Gyro: -2.62, 0.34, -2.30
Accel: -0.19, -0.00, -0.94
Gyro: -2.72, -0.04, -2.01
Accel: -0.19, 0.00, -0.95
Gyro: -2.98, -0.45, -1.88
Accel: -0.19, -0.00, -0.96
Gyro: -3.85, 0.28, -2.34
Accel: -0.19, -0.00, -0.95
Gyro: -3.75, 0.02, -2.73
Accel: -0.19, -0.02, -0.96
Gyro: -4.68, -0.28, -3.88
Accel: -0.19, -0.06, -0.96
Gyro: -6.90, -0.05, -6.66
Accel: -0.21, -0.18, -1.01
Gyro: -13.44, 4.13, -18.79
Accel: -0.26, -0.42, -1.06
Gyro: -14.60, 14.74, -57.46
Accel: -0.26, -0.37, -0.98
Gyro: -14.01, 23.32, -113.12
Accel: -0.25, -0.18, -0.95
Gyro: -12.22, 23.07, -139.14
Accel: -0.25, -0.05, -0.98
Gyro: -14.21, 26.81, -147.83
Accel: -0.23, 0.02, -0.97
Gyro: -10.10, 28.22, -142.00
Accel: -0.28, 0.03, -1.09
Gyro: -14.58, 39.57, -137.54
Accel: -0.30, 0.07, -1.22
Gyro: -18.62, 65.17, -127.64
Accel: -0.28, 0.10, -1.18
Gyro: -25.21, 99.83, -118.87
Accel: -0.28, 0.19, -1.28
Gyro: -21.94, 130.60, -102.93
Accel: -0.19, 0.27, -1.17
Gyro: -29.92, 178.08, -79.57
Accel: 0.04, 0.24, -0.66
Gyro: -25.93, 162.93, -45.46
Accel: 0.16, 0.27, -0.81
Gyro: -38.37, 147.12, -15.18
Accel: 0.32, 0.29, -0.60
Gyro: -45.87, 122.68, 15.72
Accel: 0.38, 0.31, -0.80
Gyro: -57.40, 98.43, 47.01
Accel: 0.40, 0.30, -0.64
Gyro: -51.22, 86.96, 79.41
Accel: 0.56, 0.23, -0.63
Gyro: -65.68, 60.58, 102.23
Accel: 0.60, 0.25, -0.67
Gyro: -83.10, 36.38, 120.65
Accel: 0.59, 0.34, -0.67
Gyro: -81.87, 20.10, 145.96
Accel: 0.61, 0.18, -0.65
Gyro: -82.54, 5.50, 159.65
Accel: 0.62, 0.13, -0.67
Gyro: -71.88, -11.18, 169.10
Accel: 0.60, 0.08, -0.75
Gyro: -61.82, -20.62, 167.99
Accel: 0.60, -0.02, -0.71
Gyro: -52.66, -26.99, 158.78
Accel: 0.62, -0.09, -0.65
Gyro: -59.78, -38.15, 147.00
Accel: 0.64, -0.12, -0.62
Gyro: -69.69, -55.89, 133.03
Accel: 0.61, -0.08, -0.59
Gyro: -72.97, -78.09, 114.03
Accel: 0.55, -0.07, -0.59
Gyro: -71.88, -104.51, 93.66
Accel: 0.47, -0.11, -0.55
Gyro: -64.54, -134.05, 66.06
Accel: 0.34, -0.10, -0.67
Gyro: -57.05, -159.86, 31.52
Accel: 0.18, -0.11, -0.82
Gyro: -40.36, -167.57, -2.36
Accel: 0.05, -0.12, -0.97
Gyro: -25.83, -161.93, -39.79
Accel: -0.09, -0.06, -1.05
Gyro: -15.09, -146.93, -69.35
Accel: -0.17, 0.05, -1.07
Gyro: -4.20, -127.98, -85.30
Accel: -0.26, 0.11, -1.10
Gyro: 7.37, -108.65, -88.87
Accel: -0.31, 0.08, -1.11
Gyro: 13.41, -88.84, -89.63
Accel: -0.35, 0.12, -1.08
Gyro: 24.15, -72.62, -91.80
Accel: -0.39, 0.14, -1.07
Gyro: 26.60, -56.16, -80.49
Accel: -0.39, 0.09, -1.04
Gyro: 25.16, -41.85, -69.08
Accel: -0.37, 0.09, -1.04
Gyro: 14.20, -30.11, -55.67
Accel: -0.38, 0.06, -0.98
Gyro: 8.95, -21.87, -42.52
Accel: -0.38, 0.06, -0.99
Gyro: 4.54, -13.05, -29.92
Accel: -0.37, 0.02, -0.98
Gyro: -0.37, -5.20, -20.78
Accel: -0.35, 0.01, -0.95
Gyro: -6.19, 0.47, -14.43
Accel: -0.34, 0.02, -0.94
Gyro: -8.70, 2.69, -10.12
Accel: -0.31, 0.02, -0.93
Gyro: -9.52, 4.93, -6.88
Accel: -0.31, 0.03, -0.94
Gyro: -8.17, 5.69, -4.64
Accel: -0.29, 0.02, -0.92
Gyro: -6.94, 5.58, -3.97
Accel: -0.28, 0.02, -0.94
Gyro: -7.26, 5.48, -4.62
Accel: -0.27, 0.02, -0.94
Gyro: -5.92, 5.90, -4.83
Accel: -0.26, 0.03, -0.95
Gyro: -4.50, 6.97, -5.07
Accel: -0.24, 0.02, -0.94
Gyro: -4.30, 7.97, -4.78
Accel: -0.23, 0.02, -0.94
Gyro: -4.28, 7.38, -4.36
Accel: -0.22, 0.01, -0.93
Gyro: -3.60, 6.30, -3.75
Accel: -0.21, 0.02, -0.93
Gyro: -3.09, 5.43, -3.59
Accel: -0.22, 0.01, -0.93
Gyro: -1.30, 4.84, -2.54
Accel: -0.22, 0.00, -0.93
Gyro: -1.05, 3.49, -2.18
Accel: -0.22, -0.00, -0.94
Gyro: -1.66, 3.01, -2.01
Accel: -0.23, 0.00, -0.93
Gyro: -1.66, 3.04, -1.79
Accel: -0.23, -0.00, -0.93
Gyro: -1.66, 2.56, -1.59
Accel: -0.22, -0.02, -0.92
Gyro: -1.88, 0.80, -1.81
Accel: -0.23, -0.01, -0.93
Gyro: -3.24, -0.28, -1.97
Accel: -0.24, -0.00, -0.93
Gyro: -3.72, -0.38, -2.43
Accel: -0.24, 0.00, -0.93
Gyro: -3.34, -1.83, -2.78
Accel: -0.24, -0.01, -0.94
Gyro: -4.47, -0.89, -3.13
Accel: -0.25, 0.01, -0.94
Gyro: -4.26, -0.44, -3.54
Accel: -0.25, 0.01, -0.94
Gyro: -4.09, 0.20, -3.85
Accel: -0.24, 0.02, -0.95
Gyro: -4.62, 1.52, -4.25
Accel: -0.24, 0.03, -0.95
Gyro: -4.43, 2.43, -4.30
Accel: -0.24, 0.02, -0.95
Gyro: -2.34, 3.31, -2.80
Accel: -0.23, 0.02, -0.94
Gyro: -2.61, 3.11, -2.91
Accel: -0.24, 0.02, -0.96
Gyro: -2.70, 3.86, -3.17
Accel: -0.22, 0.02, -0.96
Gyro: -1.53, 4.45, -2.70
Accel: -0.22, 0.01, -0.94
Gyro: -1.24, 5.35, -2.55
Accel: -0.21, 0.02, -0.94
Gyro: -1.19, 4.84, -2.72
Accel: -0.20, 0.01, -0.94
Gyro: -0.65, 4.38, -2.02
Accel: -0.20, 0.00, -0.94
Gyro: -1.21, 3.80, -2.21
Accel: -0.20, 0.01, -0.96
Gyro: -1.37, 4.15, -2.47
Accel: -0.20, 0.00, -0.94
Gyro: -1.81, 3.55, -2.46
Accel: -0.19, -0.00, -0.94
Gyro: -2.26, 2.90, -2.62
Accel: -0.20, 0.01, -0.94
Gyro: -2.01, 2.85, -2.40
