Accel: -0.36, -0.03, -0.90
Gyro: -2.44, -1.57, -1.44
Accel: -0.36, -0.03, -0.89
Gyro: -3.52, -1.96, -2.42
Accel: -0.37, -0.01, -0.91
Gyro: -1.73, -1.76, -2.08
Accel: -0.37, -0.02, -0.91
Gyro: -1.24, -1.89, -1.91
Accel: -0.37, -0.03, -0.91
Gyro: -1.66, -1.60, -1.45
Accel: -0.37, -0.02, -0.91
Gyro: -1.48, -1.13, -0.77
Accel: -0.37, -0.03, -0.91
Gyro: -1.07, -0.26, -1.02
Accel: -0.37, -0.04, -0.91
Gyro: -1.59, 0.33, -1.76
Accel: -0.36, -0.03, -0.92
Gyro: -1.61, 0.60, -1.82
Accel: -0.37, -0.03, -0.90
Gyro: -1.63, 0.98, -1.62
Accel: -0.37, -0.03, -0.92
Gyro: -2.30, 1.60, -1.89
Accel: -0.35, -0.03, -0.90
Gyro: -1.11, 1.69, -1.53
Accel: -0.35, -0.05, -0.91
Gyro: -2.20, 1.40, -1.95
Accel: -0.35, -0.04, -0.91
Gyro: -3.25, 1.49, -2.30
Accel: -0.35, -0.04, -0.90
Gyro: -2.78, 1.08, -2.53
Accel: -0.35, -0.04, -0.90
Gyro: -2.80, 0.50, -2.93
Accel: -0.34, -0.03, -0.90
Gyro: -2.82, -0.02, -2.89
Accel: -0.34, -0.03, -0.91
Gyro: -2.90, -0.63, -2.20
Accel: -0.35, -0.03, -0.91
Gyro: -3.30, -1.02, -2.01
Accel: -0.35, -0.04, -0.91
Gyro: -3.67, -1.33, -2.43
Accel: -0.35, -0.04, -0.91
Gyro: -3.76, -1.91, -2.91
Accel: -0.35, -0.03, -0.91
Gyro: -4.16, -2.16, -3.08
Accel: -0.36, -0.03, -0.91
Gyro: -4.40, -2.64, -3.16
Accel: -0.36, -0.03, -0.90
Gyro: -4.45, -2.99, -3.43
Accel: -0.36, -0.04, -0.90
Gyro: -5.36, -2.70, -3.89
Accel: -0.37, -0.06, -0.91
Gyro: -6.70, -3.30, -5.60
Accel: -0.37, -0.08, -0.92
Gyro: -9.74, -3.44, -8.75
Accel: -0.37, -0.12, -0.91
Gyro: -13.13, -3.22, -13.77
Accel: -0.39, -0.18, -0.90
Gyro: -19.19, -2.73, -21.22
Accel: -0.41, -0.18, -0.95
Gyro: -29.51, -0.70, -33.29
Accel: -0.44, -0.17, -0.98
Gyro: -33.00, 8.54, -45.05
Accel: -0.43, -0.13, -0.98
Gyro: -37.41, 19.36, -60.71
Accel: -0.47, -0.04, -1.05
Gyro: -34.75, 33.71, -69.66
Accel: -0.43, 0.04, -0.99
Gyro: -26.41, 45.10, -71.62
Accel: -0.48, 0.10, -1.17
Gyro: -19.61, 66.71, -68.96
Accel: -0.38, 0.14, -0.96
Gyro: -8.53, 82.88, -62.42
Accel: -0.35, 0.20, -1.10
Gyro: -7.55, 89.75, -50.58
Accel: -0.27, 0.25, -1.03
Gyro: 3.43, 114.38, -30.36
Accel: -0.17, 0.27, -0.95
Gyro: 15.15, 114.46, -5.53
Accel: -0.10, 0.21, -0.91
Gyro: 16.28, 116.87, 20.16
Accel: -0.05, 0.18, -0.94
Gyro: 9.60, 116.03, 43.67
Accel: 0.06, 0.17, -0.82
Gyro: 4.75, 104.16, 63.03
Accel: 0.15, 0.13, -0.75
Gyro: 4.32, 86.40, 82.31
Accel: 0.20, 0.09, -0.74
Gyro: 8.70, 57.75, 101.46
Accel: 0.24, -0.07, -0.77
Gyro: -1.99, 36.96, 110.73
Accel: 0.27, -0.08, -0.78
Gyro: -14.60, 16.38, 108.85
Accel: 0.28, -0.11, -0.79
Gyro: -17.01, -1.32, 105.40
Accel: 0.30, -0.17, -0.73
Gyro: -21.11, -23.10, 94.70
Accel: 0.29, -0.10, -0.65
Gyro: -21.85, -54.46, 88.34
Accel: 0.23, -0.12, -0.74
Gyro: -21.41, -85.04, 84.14
Accel: 0.15, -0.21, -0.88
Gyro: -21.39, -100.56, 74.21
Accel: 0.02, -0.22, -1.08
Gyro: -26.58, -94.05, 55.64
Accel: -0.06, -0.19, -1.08
Gyro: -24.19, -77.10, 38.19
Accel: -0.08, -0.25, -1.00
Gyro: -18.73, -69.50, 19.11
Accel: -0.14, -0.28, -1.02
Gyro: -24.28, -63.59, -7.10
Accel: -0.17, -0.27, -1.01
Gyro: -28.21, -57.31, -35.58
Accel: -0.22, -0.17, -1.03
Gyro: -28.45, -48.45, -57.63
Accel: -0.23, -0.12, -0.96
Gyro: -27.05, -42.59, -72.62
Accel: -0.26, -0.01, -0.93
Gyro: -20.65, -42.53, -77.17
Accel: -0.26, 0.06, -0.92
Gyro: -6.94, -47.98, -74.36
Accel: -0.31, 0.03, -0.93
Gyro: -4.39, -43.27, -66.06
Accel: -0.34, 0.08, -0.96
Gyro: -3.22, -39.72, -55.60
Accel: -0.30, 0.05, -0.97
Gyro: -14.95, -33.30, -44.51
Accel: -0.37, 0.06, -0.99
Gyro: -0.03, -31.83, -34.00
Accel: -0.38, 0.04, -0.98
Gyro: -11.39, -23.72, -23.64
Accel: -0.40, 0.05, -0.96
Gyro: -8.50, -17.91, -14.32
Accel: -0.39, 0.05, -0.97
Gyro: -9.05, -11.71, -6.74
Accel: -0.39, 0.03, -0.94
Gyro: -5.77, -7.91, -1.00
Accel: -0.39, 0.00, -0.94
Gyro: -2.45, -5.31, 0.76
Accel: -0.37, 0.00, -0.94
Gyro: -4.67, -1.19, 0.30
Accel: -0.36, -0.00, -0.94
Gyro: -2.30, 1.11, -1.30
Accel: -0.34, 0.00, -0.93
Gyro: -2.97, 2.27, -2.27
Accel: -0.34, 0.00, -0.93
Gyro: -2.53, 3.27, -2.40
Accel: -0.32, 0.01, -0.93
Gyro: -1.52, 3.33, -1.48
Accel: -0.31, 0.00, -0.92
Gyro: -1.24, 2.83, -0.57
Accel: -0.32, -0.00, -0.92
Gyro: -1.47, 2.17, 0.08
Accel: -0.32, -0.02, -0.91
Gyro: -1.17, 1.08, 0.26
Accel: -0.32, -0.01, -0.92
Gyro: -0.43, -0.02, 0.08
Accel: -0.32, -0.02, -0.91
Gyro: 0.71, -0.86, 0.27
Accel: -0.33, -0.03, -0.92
Gyro: 1.76, -1.50, 0.25
Accel: -0.33, -0.03, -0.92
Gyro: 1.90, -1.75, 0.45
Accel: -0.34, -0.02, -0.92
Gyro: 0.92, -1.43, 0.62
Accel: -0.34, -0.03, -0.91
Gyro: 1.17, -0.97, 1.42
Accel: -0.34, -0.05, -0.92
Gyro: -0.56, -0.23, 0.24
Accel: -0.34, -0.03, -0.92
Gyro: -0.57, 0.20, -0.72
Accel: -0.34, -0.04, -0.92
Gyro: 0.24, -0.24, -0.66
Accel: -0.34, -0.03, -0.93
Gyro: -1.06, 0.27, -0.45
Accel: -0.34, -0.03, -0.92
Gyro: -1.14, 0.82, -0.08
Accel: -0.33, -0.03, -0.92
Gyro: -1.43, 1.38, 0.21
Accel: -0.34, -0.03, -0.93
Gyro: -2.31, 2.00, 0.16
Accel: -0.33, -0.02, -0.92
Gyro: -2.44, 2.53, -0.51
Accel: -0.32, -0.02, -0.92
Gyro: -1.63, 2.43, -0.94
Accel: -0.33, -0.02, -0.93
Gyro: -2.59, 2.75, -1.11
Accel: -0.32, -0.01, -0.92
Gyro: -1.49, 3.34, -0.89
Accel: -0.32, -0.02, -0.93
Gyro: -0.92, 3.29, -0.47
Accel: -0.31, -0.02, -0.94
Gyro: -1.50, 3.73, -0.64
Accel: -0.31, -0.01, -0.92
Gyro: -0.70, 3.42, -0.57
Accel: -0.31, -0.02, -0.91
Gyro: 0.37, 2.56, -0.14
Accel: -0.32, -0.02, -0.92
Gyro: 1.08, 2.24, 0.34
Accel: -0.31, -0.02, -0.93
Gyro: 1.60, 1.77, 0.94
Accel: -0.31, -0.03, -0.93
Gyro: 2.03, 1.46, 1.94
