Accel: -0.16, 0.07, -0.96
Gyro: -1.77, 1.08, -1.16
Accel: -0.16, 0.07, -0.96
Gyro: -1.40, 1.24, -1.41
Accel: -0.16, 0.06, -0.96
Gyro: -1.51, 1.22, -1.57
Accel: -0.15, 0.07, -0.96
Gyro: -1.12, 1.33, -1.12
Accel: -0.16, 0.06, -0.95
Gyro: -0.80, 1.37, -0.86
Accel: -0.15, 0.06, -0.96
Gyro: -0.33, 0.78, -1.01
Accel: -0.15, 0.06, -0.96
Gyro: -1.30, 1.05, -1.47
Accel: -0.15, 0.07, -0.95
Gyro: -0.91, 1.20, -1.32
Accel: -0.15, 0.06, -0.94
Gyro: -1.18, 1.15, -1.61
Accel: -0.14, 0.07, -0.95
Gyro: -0.31, 0.76, -1.66
Accel: -0.14, 0.06, -0.96
Gyro: 0.03, -0.29, -1.28
Accel: -0.14, 0.06, -0.95
Gyro: -0.95, 0.11, -1.79
Accel: -0.15, 0.07, -0.95
Gyro: -1.17, 0.56, -1.48
Accel: -0.14, 0.06, -0.95
Gyro: -0.70, 0.89, -0.53
Accel: -0.14, 0.05, -0.95
Gyro: -1.21, 0.95, -0.63
Accel: -0.14, 0.05, -0.95
Gyro: -1.24, 0.42, -0.97
Accel: -0.14, 0.04, -0.97
Gyro: -1.59, 0.00, -1.50
Accel: -0.14, 0.06, -0.96
Gyro: -1.71, 0.11, -1.97
Accel: -0.13, 0.04, -0.95
Gyro: -1.42, -0.47, -2.06
Accel: -0.14, 0.03, -0.96
Gyro: -2.52, -0.82, -2.82
Accel: -0.15, 0.05, -0.97
Gyro: -3.21, 0.26, -3.27
Accel: -0.15, 0.05, -0.96
Gyro: -3.43, 1.04, -3.28
Accel: -0.14, 0.04, -0.95
Gyro: -3.73, 0.76, -3.70
Accel: -0.14, 0.05, -0.96
Gyro: -3.97, 0.24, -4.14
Accel: -0.14, 0.06, -0.96
Gyro: -3.85, -0.11, -3.88
Accel: -0.14, 0.06, -0.95
Gyro: -3.68, -0.11, -3.80
Accel: -0.14, 0.06, -0.96
Gyro: -3.74, -0.47, -3.59
Accel: -0.14, 0.06, -0.97
Gyro: -3.64, -0.34, -3.22
Accel: -0.14, 0.06, -0.96
Gyro: -3.21, 0.32, -3.22
Accel: -0.14, 0.04, -0.95
Gyro: -4.17, 0.95, -3.81
Accel: -0.14, 0.03, -0.96
Gyro: -5.35, 0.78, -5.29
Accel: -0.15, 0.02, -0.95
Gyro: -6.88, 0.18, -7.80
Accel: -0.15, 0.00, -0.96
Gyro: -8.90, 0.26, -10.69
Accel: -0.16, -0.05, -0.97
Gyro: -13.64, 1.89, -17.48
Accel: -0.17, -0.08, -1.01
Gyro: -18.09, 6.39, -28.62
Accel: -0.17, -0.11, -0.99
Gyro: -20.07, 11.76, -46.59
Accel: -0.19, -0.06, -1.01
Gyro: -20.15, 17.03, -64.58
Accel: -0.23, -0.03, -1.11
Gyro: -18.75, 32.11, -77.74
Accel: -0.23, 0.07, -1.08
Gyro: -17.02, 50.10, -88.06
Accel: -0.20, 0.08, -1.09
Gyro: -10.15, 63.13, -91.90
Accel: -0.18, 0.11, -1.09
Gyro: -4.81, 79.59, -98.11
Accel: -0.13, 0.12, -1.03
Gyro: 1.03, 91.38, -100.27
Accel: -0.05, 0.17, -0.90
Gyro: 1.91, 96.26, -100.77
Accel: 0.02, 0.31, -0.91
Gyro: 3.32, 85.04, -83.66
Accel: 0.05, 0.32, -0.96
Gyro: -2.11, 91.96, -56.43
Accel: 0.09, 0.34, -0.99
Gyro: -3.88, 93.25, -28.01
Accel: 0.09, 0.34, -1.05
Gyro: -17.26, 107.52, 2.77
Accel: 0.14, 0.32, -0.94
Gyro: -29.86, 116.98, 33.58
Accel: 0.19, 0.32, -0.95
Gyro: -35.73, 123.24, 58.87
Accel: 0.35, 0.27, -0.71
Gyro: -38.82, 110.94, 80.44
Accel: 0.49, 0.22, -0.67
Gyro: -36.50, 88.58, 95.13
Accel: 0.54, 0.19, -0.65
Gyro: -45.69, 74.33, 106.30
Accel: 0.65, 0.13, -0.51
Gyro: -42.63, 45.00, 123.05
Accel: 0.64, 0.08, -0.64
Gyro: -49.45, 21.19, 128.27
Accel: 0.63, 0.07, -0.64
Gyro: -47.81, 7.00, 132.01
Accel: 0.63, 0.05, -0.67
Gyro: -43.79, -4.90, 134.53
Accel: 0.63, -0.03, -0.66
Gyro: -41.25, -18.17, 132.36
Accel: 0.62, -0.03, -0.68
Gyro: -36.87, -32.63, 129.35
Accel: 0.60, -0.10, -0.74
Gyro: -37.12, -45.77, 125.21
Accel: 0.57, -0.10, -0.71
Gyro: -37.54, -56.30, 113.16
Accel: 0.54, -0.11, -0.70
Gyro: -28.75, -71.74, 105.45
Accel: 0.46, -0.18, -0.80
Gyro: -25.49, -80.96, 93.16
Accel: 0.41, -0.31, -0.83
Gyro: -31.17, -83.77, 74.89
Accel: 0.35, -0.17, -0.83
Gyro: -47.65, -83.21, 59.72
Accel: 0.32, -0.18, -0.80
Gyro: -37.51, -82.46, 47.44
Accel: 0.33, -0.20, -0.71
Gyro: -26.51, -100.35, 25.48
Accel: 0.21, -0.22, -0.78
Gyro: -15.68, -120.35, 5.70
Accel: 0.12, -0.26, -0.85
Gyro: -20.37, -130.64, -18.13
Accel: 0.02, -0.18, -0.92
Gyro: -24.64, -136.05, -42.59
Accel: -0.10, -0.18, -0.95
Gyro: -24.72, -131.84, -60.06
Accel: -0.21, -0.10, -1.03
Gyro: -22.01, -122.65, -78.61
Accel: -0.31, -0.06, -1.12
Gyro: -13.68, -102.94, -84.75
Accel: -0.35, -0.04, -1.15
Gyro: -12.73, -76.28, -92.98
Accel: -0.36, 0.02, -1.12
Gyro: -5.31, -50.69, -87.12
Accel: -0.37, -0.04, -1.04
Gyro: 1.21, -40.47, -85.69
Accel: -0.41, -0.03, -1.12
Gyro: 1.88, -23.53, -89.01
Accel: -0.38, -0.02, -1.03
Gyro: -6.05, -4.63, -83.89
Accel: -0.30, 0.09, -0.91
Gyro: -8.50, -2.69, -70.06
Accel: -0.27, 0.07, -0.88
Gyro: -6.95, -6.40, -52.27
Accel: -0.24, 0.07, -0.87
Gyro: -9.83, -12.62, -37.06
Accel: -0.24, 0.08, -0.89
Gyro: -12.06, -19.83, -21.10
Accel: -0.29, 0.07, -1.02
Gyro: -13.79, -12.66, -5.73
Accel: -0.30, -0.00, -0.99
Gyro: -13.32, -4.46, 3.14
Accel: -0.29, -0.03, -0.95
Gyro: -12.34, -0.43, 2.85
Accel: -0.28, -0.01, -0.94
Gyro: -10.54, 0.20, -0.21
Accel: -0.27, -0.00, -0.93
Gyro: -8.42, 2.59, -0.60
Accel: -0.23, -0.02, -0.92
Gyro: -5.04, 1.85, -1.61
Accel: -0.25, -0.01, -0.95
Gyro: -2.59, 1.03, -1.11
Accel: -0.25, -0.01, -0.95
Gyro: -6.24, 3.30, 0.30
Accel: -0.24, -0.02, -0.95
Gyro: -5.34, 3.61, 0.32
Accel: -0.23, -0.02, -0.95
Gyro: -4.59, 4.65, 0.34
Accel: -0.23, -0.03, -0.95
Gyro: -5.21, 4.93, -0.95
Accel: -0.23, -0.03, -0.95
Gyro: -4.51, 5.02, -1.91
Accel: -0.22, -0.03, -0.94
Gyro: -5.04, 4.61, -3.54
Accel: -0.22, -0.01, -0.95
Gyro: -4.91, 3.63, -3.27
Accel: -0.24, -0.02, -0.95
Gyro: -4.18, 3.61, -3.36
Accel: -0.24, -0.00, -0.96
Gyro: -3.13, 5.04, -2.37
Accel: -0.23, -0.02, -0.93
Gyro: -2.14, 6.74, -1.32
Accel: -0.22, -0.02, -0.92
Gyro: -3.13, 6.39, -1.83
Accel: -0.23, -0.01, -0.92
Gyro: -4.39, 4.55, -1.72
Accel: -0.22, -0.01, -0.94
Gyro: -4.63, 2.85, -1.91
