Accel: -0.17, 0.01, -0.95
Gyro: -7.80, 0.14, -8.91
Accel: -0.18, 0.05, -0.96
Gyro: -5.96, -0.22, -8.24
Accel: -0.18, 0.03, -0.97
Gyro: -3.26, 0.01, -6.69
Accel: -0.19, 0.02, -0.95
Gyro: -2.20, 3.04, -5.75
Accel: -0.17, 0.01, -0.94
Gyro: -2.54, 4.57, -4.77
Accel: -0.17, 0.01, -0.93
Gyro: -1.65, 3.40, -1.38
Accel: -0.17, -0.03, -0.96
Gyro: -4.47, 5.68, 0.97
Accel: -0.15, -0.03, -0.94
Gyro: -9.32, 6.71, -0.82
Accel: -0.14, 0.01, -0.96
Gyro: -12.42, 3.68, -3.54
Accel: -0.13, 0.05, -1.02
Gyro: -10.12, 1.56, -5.07
Accel: -0.14, 0.05, -1.03
Gyro: -4.20, 2.59, -5.15
Accel: -0.15, 0.05, -1.02
Gyro: -1.77, 6.55, -4.94
Accel: -0.13, 0.05, -0.99
Gyro: -1.51, 10.64, -4.54
Accel: -0.11, 0.04, -0.95
Gyro: -1.01, 11.75, -3.62
Accel: -0.09, 0.04, -0.91
Gyro: -0.92, 10.96, -2.88
Accel: -0.08, 0.04, -0.90
Gyro: -0.93, 8.40, -2.25
Accel: -0.08, 0.03, -0.91
Gyro: -0.21, 4.16, -1.22
Accel: -0.08, 0.02, -0.92
Gyro: 0.58, -0.54, -0.47
Accel: -0.09, 0.01, -0.94
Gyro: 0.81, -4.89, -0.59
Accel: -0.11, 0.01, -0.94
Gyro: 1.21, -9.13, -1.27
Accel: -0.14, 0.01, -0.98
Gyro: 1.22, -9.89, -0.56
Accel: -0.16, 0.00, -0.99
Gyro: 0.90, -7.35, 0.55
Accel: -0.16, -0.01, -0.98
Gyro: -0.86, -2.61, 1.17
Accel: -0.15, -0.01, -0.96
Gyro: -2.20, 0.73, 0.82
Accel: -0.14, -0.05, -0.96
Gyro: -3.96, 0.85, -1.14
Accel: -0.14, -0.09, -0.97
Gyro: -9.46, 0.75, -6.54
Accel: -0.13, -0.08, -0.97
Gyro: -16.11, 1.34, -13.09
Accel: -0.12, -0.08, -0.95
Gyro: -21.16, 0.47, -18.59
Accel: -0.12, -0.11, -0.96
Gyro: -28.96, -0.77, -25.47
Accel: -0.13, -0.14, -0.94
Gyro: -40.85, -0.69, -36.43
Accel: -0.13, -0.15, -0.91
Gyro: -51.68, -1.73, -53.03
Accel: -0.15, -0.14, -0.91
Gyro: -54.37, -4.90, -77.58
Accel: -0.20, -0.02, -0.93
Gyro: -50.78, -6.01, -102.51
Accel: -0.28, 0.07, -1.00
Gyro: -46.78, -0.69, -117.22
Accel: -0.32, 0.21, -1.06
Gyro: -42.75, 15.29, -122.37
Accel: -0.33, 0.22, -1.09
Gyro: -32.19, 29.76, -119.67
Accel: -0.35, 0.23, -1.17
Gyro: -28.17, 53.83, -117.87
Accel: -0.29, 0.26, -1.04
Gyro: -17.67, 74.44, -113.87
Accel: -0.25, 0.17, -1.10
Gyro: -7.83, 81.92, -115.68
Accel: -0.28, 0.17, -1.19
Gyro: -9.34, 111.50, -121.28
Accel: -0.14, 0.24, -0.87
Gyro: -3.05, 121.88, -120.66
Accel: -0.10, 0.25, -0.94
Gyro: -4.25, 118.85, -114.12
Accel: -0.08, 0.40, -0.96
Gyro: -19.94, 124.82, -96.82
Accel: -0.12, 0.50, -1.19
Gyro: -34.70, 150.89, -61.29
Accel: 0.09, 0.50, -0.75
Gyro: -68.50, 165.86, -20.13
Accel: 0.25, 0.64, -0.66
Gyro: -29.72, 122.25, 28.32
Accel: 0.24, 0.58, -0.89
Gyro: -46.75, 123.69, 84.60
Accel: 0.37, 0.47, -0.62
Gyro: -68.53, 109.90, 125.18
Accel: 0.46, 0.36, -0.71
Gyro: -72.16, 92.10, 148.91
Accel: 0.49, 0.36, -0.64
Gyro: -73.92, 81.84, 163.45
Accel: 0.64, 0.29, -0.49
Gyro: -70.21, 58.65, 183.30
Accel: 0.75, 0.15, -0.48
Gyro: -78.48, 31.84, 203.48
Accel: 0.74, 0.06, -0.52
Gyro: -79.37, 11.85, 207.30
Accel: 0.78, -0.07, -0.48
Gyro: -68.29, -12.59, 197.46
Accel: 0.78, -0.05, -0.48
Gyro: -61.41, -38.15, 182.65
Accel: 0.79, -0.12, -0.46
Gyro: -53.44, -59.20, 169.95
Accel: 0.77, -0.21, -0.38
Gyro: -49.52, -93.13, 151.41
Accel: 0.69, -0.18, -0.29
Gyro: -33.71, -136.41, 129.71
Accel: 0.55, -0.15, -0.40
Gyro: -27.27, -177.85, 108.75
Accel: 0.35, -0.23, -0.67
Gyro: -18.57, -195.82, 87.47
Accel: 0.19, -0.28, -1.18
Gyro: -18.46, -174.05, 58.70
Accel: 0.14, -0.24, -1.03
Gyro: -42.16, -146.26, 31.59
Accel: 0.08, -0.22, -0.97
Gyro: -32.91, -134.19, 21.87
Accel: -0.02, -0.29, -1.07
Gyro: -44.74, -116.20, 2.94
Accel: -0.09, -0.28, -1.06
Gyro: -34.61, -96.53, -19.77
Accel: -0.13, -0.26, -1.11
Gyro: -32.29, -76.60, -47.74
Accel: -0.16, -0.21, -1.01
Gyro: -21.42, -62.49, -64.94
Accel: -0.18, -0.10, -1.01
Gyro: -18.31, -55.29, -76.39
Accel: -0.21, -0.09, -1.05
Gyro: -16.71, -45.89, -77.66
Accel: -0.23, -0.02, -1.02
Gyro: -16.12, -35.16, -78.61
Accel: -0.21, -0.01, -0.99
Gyro: -15.29, -27.43, -73.13
Accel: -0.22, 0.01, -0.99
Gyro: -16.48, -22.03, -68.53
Accel: -0.23, 0.01, -1.00
Gyro: -14.52, -14.85, -66.13
Accel: -0.20, 0.06, -0.98
Gyro: -11.34, -8.39, -62.62
Accel: -0.19, 0.11, -0.94
Gyro: -8.73, -8.39, -49.20
Accel: -0.20, 0.09, -0.97
Gyro: -7.26, -8.42, -35.62
Accel: -0.19, 0.08, -0.96
Gyro: -4.71, -5.17, -25.70
Accel: -0.19, 0.09, -0.96
Gyro: -4.28, -4.07, -15.37
Accel: -0.18, 0.08, -0.97
Gyro: -6.20, -3.41, -4.99
Accel: -0.19, 0.05, -0.97
Gyro: -6.03, -2.47, 1.69
Accel: -0.17, 0.02, -0.98
Gyro: -5.55, -0.66, 3.42
Accel: -0.16, 0.01, -0.97
Gyro: -4.51, 1.10, 3.15
Accel: -0.15, 0.02, -0.96
Gyro: -4.26, 1.17, 1.58
Accel: -0.14, 0.02, -0.95
Gyro: -4.18, 0.95, 1.82
Accel: -0.14, 0.01, -0.96
Gyro: -5.26, 0.24, 1.05
Accel: -0.14, 0.00, -0.96
Gyro: -5.71, 0.49, 0.75
Accel: -0.15, 0.01, -0.97
Gyro: -6.52, 1.69, -0.21
Accel: -0.14, 0.01, -0.95
Gyro: -5.08, 2.01, -0.84
Accel: -0.13, 0.01, -0.95
Gyro: -4.10, 0.32, -2.27
Accel: -0.13, 0.01, -0.95
Gyro: -4.53, -1.43, -3.26
Accel: -0.15, 0.02, -0.97
Gyro: -4.03, -1.71, -3.28
Accel: -0.14, 0.02, -0.96
Gyro: -3.14, -1.18, -3.21
Accel: -0.13, 0.02, -0.94
Gyro: -2.01, -2.43, -2.82
Accel: -0.14, 0.01, -0.94
Gyro: -1.11, -4.61, -2.53
Accel: -0.15, 0.01, -0.98
Gyro: -1.42, -4.10, -2.45
Accel: -0.16, 0.02, -0.96
Gyro: -0.24, -2.53, -2.11
Accel: -0.16, 0.00, -0.96
Gyro: 0.79, -2.78, -1.08
Accel: -0.16, -0.00, -0.96
Gyro: -0.82, -2.93, -1.25
Accel: -0.17, -0.00, -0.97
Gyro: -1.45, -2.09, -1.32
Accel: -0.17, -0.01, -0.97
Gyro: -2.31, -0.51, -1.31
Accel: -0.17, -0.00, -0.97
Gyro: -3.14, 0.53, -1.55
