Accel: -0.30, -0.04, -0.92
Gyro: -1.71, 0.19, -3.27
Accel: -0.30, -0.07, -0.92
Gyro: -1.85, -0.76, -3.01
Accel: -0.31, -0.06, -0.92
Gyro: -2.20, -1.01, -2.56
Accel: -0.30, -0.06, -0.93
Gyro: -2.17, -0.86, -1.51
Accel: -0.31, -0.07, -0.93
Gyro: -1.63, -0.98, -1.14
Accel: -0.31, -0.07, -0.93
Gyro: -1.68, -0.89, -0.94
Accel: -0.31, -0.06, -0.93
Gyro: -1.21, -1.46, -0.95
Accel: -0.30, -0.07, -0.93
Gyro: -1.67, -1.51, -0.88
Accel: -0.31, -0.06, -0.94
Gyro: -2.11, -0.71, -1.66
Accel: -0.31, -0.08, -0.93
Gyro: -1.27, -0.53, -1.63
Accel: -0.31, -0.08, -0.93
Gyro: -2.50, -0.54, -2.33
Accel: -0.31, -0.07, -0.93
Gyro: -2.68, 0.05, -2.65
Accel: -0.30, -0.08, -0.92
Gyro: -2.70, -0.46, -3.00
Accel: -0.31, -0.08, -0.93
Gyro: -3.17, -0.06, -3.42
Accel: -0.30, -0.08, -0.93
Gyro: -3.91, -0.79, -4.10
Accel: -0.30, -0.11, -0.92
Gyro: -5.80, -1.50, -5.08
Accel: -0.30, -0.13, -0.92
Gyro: -8.67, -2.17, -7.52
Accel: -0.32, -0.16, -0.98
Gyro: -16.09, -0.58, -12.83
Accel: -0.34, -0.19, -0.97
Gyro: -25.28, 7.63, -18.81
Accel: -0.32, -0.19, -0.89
Gyro: -31.61, 8.03, -27.76
Accel: -0.32, -0.29, -0.91
Gyro: -42.80, 5.94, -43.33
Accel: -0.32, -0.22, -0.91
Gyro: -53.46, 5.97, -62.42
Accel: -0.32, -0.19, -0.90
Gyro: -56.57, 4.80, -79.64
Accel: -0.36, -0.09, -0.96
Gyro: -59.74, 8.45, -95.28
Accel: -0.39, 0.07, -1.03
Gyro: -53.17, 18.79, -101.88
Accel: -0.47, 0.25, -1.24
Gyro: -35.26, 41.01, -90.19
Accel: -0.54, 0.36, -1.43
Gyro: -20.89, 104.54, -62.08
Accel: -0.32, 0.30, -0.91
Gyro: 7.00, 114.83, -42.99
Accel: -0.27, 0.30, -1.10
Gyro: 35.77, 122.86, -21.24
Accel: -0.12, 0.17, -0.84
Gyro: 8.68, 131.94, -3.07
Accel: -0.05, 0.15, -0.92
Gyro: 11.42, 124.25, 12.22
Accel: 0.06, 0.13, -0.79
Gyro: 4.98, 124.86, 27.69
Accel: 0.15, 0.16, -0.79
Gyro: 5.56, 105.83, 42.30
Accel: 0.23, 0.14, -0.76
Gyro: 3.24, 91.30, 58.69
Accel: 0.30, 0.17, -0.76
Gyro: 3.49, 66.79, 76.70
Accel: 0.33, 0.10, -0.76
Gyro: 3.59, 42.83, 93.01
Accel: 0.32, 0.07, -0.85
Gyro: -1.84, 27.94, 106.83
Accel: 0.33, -0.03, -0.79
Gyro: -8.67, 14.98, 113.91
Accel: 0.34, -0.05, -0.77
Gyro: -10.70, -6.16, 115.55
Accel: 0.33, -0.09, -0.78
Gyro: -8.13, -21.90, 114.48
Accel: 0.35, -0.18, -0.66
Gyro: -5.30, -48.42, 106.95
Accel: 0.28, -0.18, -0.69
Gyro: -3.88, -83.92, 96.07
Accel: 0.14, -0.29, -0.91
Gyro: -5.70, -85.90, 79.74
Accel: 0.15, -0.27, -0.73
Gyro: -2.37, -102.10, 60.56
Accel: 0.07, -0.29, -0.80
Gyro: 2.39, -121.92, 44.96
Accel: -0.05, -0.41, -1.00
Gyro: -3.27, -122.76, 24.45
Accel: -0.14, -0.45, -1.05
Gyro: -19.67, -110.39, -7.14
Accel: -0.19, -0.27, -1.05
Gyro: -23.16, -96.66, -25.74
Accel: -0.25, -0.23, -1.05
Gyro: -23.17, -79.28, -29.95
Accel: -0.27, -0.18, -0.99
Gyro: -21.44, -68.26, -32.27
Accel: -0.31, -0.24, -0.97
Gyro: -16.81, -60.87, -37.34
Accel: -0.37, -0.15, -0.96
Gyro: -20.07, -53.79, -38.60
Accel: -0.36, -0.14, -0.98
Gyro: -18.37, -41.49, -40.11
Accel: -0.36, -0.15, -0.97
Gyro: -16.94, -33.38, -40.58
Accel: -0.40, -0.10, -0.96
Gyro: -10.20, -29.33, -38.32
Accel: -0.39, -0.07, -0.97
Gyro: -18.60, -20.89, -34.13
Accel: -0.38, -0.06, -0.93
Gyro: -16.05, -17.06, -28.09
Accel: -0.39, -0.05, -0.94
Gyro: -16.53, -13.79, -22.83
Accel: -0.39, -0.04, -0.93
Gyro: -12.41, -9.83, -16.69
Accel: -0.39, -0.06, -0.91
Gyro: -9.36, -7.79, -12.05
Accel: -0.38, -0.05, -0.92
Gyro: -13.42, -5.59, -8.51
Accel: -0.38, -0.04, -0.91
Gyro: -11.23, -4.52, -6.26
Accel: -0.37, -0.05, -0.91
Gyro: -10.05, -3.61, -5.20
Accel: -0.37, -0.05, -0.91
Gyro: -8.40, -3.46, -4.36
Accel: -0.37, -0.05, -0.92
Gyro: -7.11, -2.06, -3.89
Accel: -0.37, -0.05, -0.93
Gyro: -6.57, -0.60, -3.43
Accel: -0.36, -0.05, -0.92
Gyro: -6.41, 0.56, -3.01
Accel: -0.35, -0.05, -0.93
Gyro: -5.29, 1.16, -2.96
Accel: -0.35, -0.05, -0.92
Gyro: -4.26, 1.50, -2.66
Accel: -0.34, -0.05, -0.91
Gyro: -2.80, 1.98, -2.50
Accel: -0.34, -0.05, -0.91
Gyro: -1.55, 1.84, -1.83
Accel: -0.34, -0.06, -0.91
Gyro: -0.67, 1.20, -0.72
Accel: -0.33, -0.06, -0.91
Gyro: -0.18, 1.04, -0.01
Accel: -0.34, -0.08, -0.91
Gyro: -0.53, 1.79, 0.46
Accel: -0.35, -0.07, -0.90
Gyro: -1.68, 0.98, -0.42
Accel: -0.35, -0.07, -0.90
Gyro: 0.29, 0.16, -0.11
Accel: -0.36, -0.08, -0.93
Gyro: 0.56, -0.05, -0.59
Accel: -0.37, -0.08, -0.92
Gyro: 0.06, 2.47, -0.79
Accel: -0.36, -0.08, -0.90
Gyro: 0.65, 2.41, -0.48
Accel: -0.36, -0.09, -0.91
Gyro: -0.21, 2.09, -0.66
Accel: -0.36, -0.09, -0.91
Gyro: -1.44, 2.09, -1.17
Accel: -0.35, -0.09, -0.92
Gyro: -2.26, 2.37, -1.79
Accel: -0.35, -0.08, -0.93
Gyro: -2.63, 2.19, -2.02
Accel: -0.35, -0.07, -0.93
Gyro: -3.23, 3.51, -2.53
Accel: -0.33, -0.07, -0.92
Gyro: -1.77, 4.07, -1.65
Accel: -0.34, -0.07, -0.92
Gyro: -3.30, 4.22, -2.02
Accel: -0.33, -0.07, -0.91
Gyro: -3.49, 4.16, -2.06
Accel: -0.32, -0.07, -0.91
Gyro: -3.25, 3.62, -2.08
Accel: -0.32, -0.07, -0.92
Gyro: -2.47, 2.86, -1.96
Accel: -0.32, -0.07, -0.91
Gyro: -2.65, 2.71, -1.37
Accel: -0.32, -0.08, -0.92
Gyro: -2.01, 1.66, -1.05
Accel: -0.31, -0.07, -0.92
Gyro: -2.01, 0.53, -0.85
Accel: -0.31, -0.07, -0.91
Gyro: -2.13, 0.39, -1.17
Accel: -0.31, -0.08, -0.91
Gyro: -1.95, -0.56, -0.94
Accel: -0.32, -0.07, -0.91
Gyro: -2.09, -1.66, -0.56
Accel: -0.32, -0.07, -0.92
Gyro: -2.39, -2.30, -1.08
Accel: -0.33, -0.08, -0.92
Gyro: -2.08, -2.25, -1.53
Accel: -0.33, -0.08, -0.92
Gyro: -2.43, -1.37, -2.22
Accel: -0.33, -0.07, -0.91
Gyro: -2.30, -1.52, -2.36
Accel: -0.33, -0.08, -0.93
Gyro: -2.21, -0.97, -1.82
Accel: -0.33, -0.08, -0.93
Gyro: -2.59, -0.10, -1.78
