Accel: -0.08, -0.02, -0.95
Gyro: -2.91, -1.29, -2.98
Accel: -0.08, -0.01, -0.97
Gyro: -3.49, -1.18, -3.11
Accel: -0.09, -0.01, -0.97
Gyro: -3.53, -1.59, -3.04
Accel: -0.09, -0.01, -0.96
Gyro: -3.55, -1.90, -2.94
Accel: -0.09, -0.02, -0.95
Gyro: -4.14, -1.63, -3.20
Accel: -0.09, -0.00, -0.98
Gyro: -3.88, -1.31, -3.48
Accel: -0.09, -0.00, -0.96
Gyro: -2.60, -1.69, -2.77
Accel: -0.09, -0.01, -0.96
Gyro: -2.68, -2.08, -2.57
Accel: -0.10, -0.01, -0.97
Gyro: -2.82, -2.27, -2.17
Accel: -0.11, -0.01, -0.97
Gyro: -2.60, -1.43, -2.12
Accel: -0.10, -0.02, -0.96
Gyro: -2.61, -0.60, -1.68
Accel: -0.09, -0.01, -0.95
Gyro: -2.75, -0.75, -2.06
Accel: -0.10, -0.03, -0.97
Gyro: -3.14, -1.63, -2.51
Accel: -0.09, -0.03, -0.97
Gyro: -4.36, -1.62, -3.81
Accel: -0.10, -0.03, -0.98
Gyro: -4.40, -1.21, -4.46
Accel: -0.10, -0.03, -0.95
Gyro: -4.91, -1.18, -5.26
Accel: -0.10, -0.03, -0.97
Gyro: -6.29, -1.00, -6.25
Accel: -0.11, -0.03, -0.97
Gyro: -7.29, -0.22, -7.18
Accel: -0.10, -0.01, -0.97
Gyro: -7.68, 0.26, -7.77
Accel: -0.10, 0.00, -0.96
Gyro: -7.35, -0.21, -7.42
Accel: -0.10, 0.01, -0.96
Gyro: -7.11, -0.87, -7.04
Accel: -0.10, 0.02, -0.96
Gyro: -6.61, -0.65, -6.06
Accel: -0.10, 0.01, -0.96
Gyro: -6.68, 0.02, -5.17
Accel: -0.10, -0.00, -0.96
Gyro: -7.35, -0.71, -5.14
Accel: -0.10, -0.03, -0.95
Gyro: -7.56, -1.56, -6.32
Accel: -0.11, -0.09, -0.97
Gyro: -11.47, -2.43, -9.51
Accel: -0.13, -0.15, -0.98
Gyro: -19.38, -1.11, -16.50
Accel: -0.17, -0.32, -1.02
Gyro: -28.92, 4.95, -40.80
Accel: -0.19, -0.33, -1.04
Gyro: -27.85, 15.49, -87.18
Accel: -0.22, -0.11, -1.06
Gyro: -24.70, 27.71, -119.26
Accel: -0.21, 0.04, -1.06
Gyro: -22.45, 42.05, -124.82
Accel: -0.19, 0.08, -1.03
Gyro: -21.83, 51.60, -120.59
Accel: -0.19, 0.10, -1.10
Gyro: -23.12, 65.73, -118.51
Accel: -0.21, 0.15, -1.17
Gyro: -23.54, 91.79, -115.17
Accel: -0.16, 0.20, -1.14
Gyro: -22.77, 121.64, -110.97
Accel: -0.07, 0.29, -1.02
Gyro: -13.47, 134.28, -98.95
Accel: -0.03, 0.38, -1.05
Gyro: -10.55, 151.82, -76.45
Accel: 0.12, 0.44, -0.76
Gyro: -24.83, 157.21, -42.91
Accel: 0.25, 0.54, -0.68
Gyro: -39.79, 138.08, 4.33
Accel: 0.38, 0.53, -0.62
Gyro: -57.24, 117.87, 58.08
Accel: 0.51, 0.43, -0.53
Gyro: -63.87, 81.62, 105.30
Accel: 0.58, 0.32, -0.57
Gyro: -67.27, 48.41, 134.70
Accel: 0.61, 0.29, -0.64
Gyro: -75.94, 23.86, 151.93
Accel: 0.59, 0.25, -0.69
Gyro: -68.02, 5.80, 168.78
Accel: 0.56, 0.15, -0.72
Gyro: -64.90, -1.86, 174.96
Accel: 0.59, 0.13, -0.69
Gyro: -56.84, -13.46, 173.58
Accel: 0.60, 0.05, -0.63
Gyro: -41.85, -26.39, 170.50
Accel: 0.61, -0.03, -0.63
Gyro: -43.15, -42.89, 159.55
Accel: 0.60, -0.12, -0.57
Gyro: -37.92, -66.85, 142.52
Accel: 0.61, -0.13, -0.52
Gyro: -37.95, -98.08, 115.86
Accel: 0.51, -0.13, -0.60
Gyro: -29.59, -126.83, 94.53
Accel: 0.42, -0.22, -0.71
Gyro: -29.14, -143.96, 64.49
Accel: 0.33, -0.22, -0.90
Gyro: -25.62, -149.99, 26.99
Accel: 0.22, -0.29, -0.90
Gyro: -11.70, -146.90, -13.05
Accel: 0.12, -0.19, -0.94
Gyro: -4.46, -140.80, -43.15
Accel: 0.04, -0.04, -0.96
Gyro: 3.14, -133.16, -49.74
Accel: -0.06, -0.13, -0.97
Gyro: 9.67, -125.02, -49.31
Accel: -0.17, -0.22, -1.07
Gyro: 9.44, -109.73, -64.65
Accel: -0.26, -0.10, -1.15
Gyro: -0.28, -86.02, -73.16
Accel: -0.27, -0.07, -1.08
Gyro: -6.12, -66.38, -67.83
Accel: -0.29, -0.08, -1.03
Gyro: -3.14, -55.96, -68.58
Accel: -0.30, -0.05, -1.05
Gyro: 1.75, -45.52, -66.92
Accel: -0.33, -0.03, -1.04
Gyro: -1.67, -33.39, -60.15
Accel: -0.33, 0.01, -1.02
Gyro: -3.80, -22.20, -47.65
Accel: -0.32, 0.01, -1.00
Gyro: -3.84, -13.12, -33.81
Accel: -0.33, -0.02, -1.07
Gyro: -3.48, 1.08, -24.35
Accel: -0.27, -0.03, -0.98
Gyro: -5.47, 15.46, -18.48
Accel: -0.22, 0.00, -0.85
Gyro: -5.77, 9.03, -10.88
Accel: -0.24, -0.02, -0.89
Gyro: -6.34, -0.45, -3.52
Accel: -0.23, -0.03, -0.91
Gyro: -8.99, -3.75, -1.05
Accel: -0.24, -0.00, -0.93
Gyro: -10.03, -6.11, 3.31
Accel: -0.24, -0.05, -0.96
Gyro: -11.36, -5.76, 7.53
Accel: -0.25, -0.07, -0.97
Gyro: -8.30, -1.34, 0.34
Accel: -0.22, -0.03, -0.96
Gyro: -4.46, -0.01, -3.97
Accel: -0.21, -0.02, -0.94
Gyro: -5.19, 0.47, -2.53
Accel: -0.21, -0.04, -0.96
Gyro: -5.25, 0.33, -1.34
Accel: -0.20, -0.04, -0.96
Gyro: -6.27, 1.30, -2.76
Accel: -0.18, -0.04, -0.95
Gyro: -6.68, 1.45, -5.91
Accel: -0.18, -0.04, -0.95
Gyro: -5.80, 0.94, -8.22
Accel: -0.18, -0.03, -0.94
Gyro: -5.71, -0.21, -9.37
Accel: -0.18, -0.02, -0.94
Gyro: -4.62, -1.58, -9.03
Accel: -0.19, -0.02, -0.95
Gyro: -5.09, -1.99, -8.24
Accel: -0.20, -0.01, -0.94
Gyro: -4.72, -2.08, -6.80
Accel: -0.20, -0.01, -0.94
Gyro: -3.31, -1.72, -5.02
Accel: -0.21, -0.02, -0.94
Gyro: -2.08, -1.73, -4.23
Accel: -0.23, -0.04, -0.97
Gyro: -2.23, -0.07, -4.28
Accel: -0.24, -0.05, -1.00
Gyro: -4.15, 6.32, -5.23
Accel: -0.22, -0.03, -0.95
Gyro: -3.31, 9.21, -5.11
Accel: -0.21, -0.03, -0.92
Gyro: -2.48, 7.50, -4.18
Accel: -0.20, -0.03, -0.94
Gyro: -2.62, 5.57, -3.27
Accel: -0.20, -0.04, -0.94
Gyro: -3.27, 3.72, -2.73
Accel: -0.20, -0.04, -0.93
Gyro: -3.94, 3.22, -2.33
Accel: -0.20, -0.04, -0.95
Gyro: -4.11, 2.63, -2.46
Accel: -0.19, -0.03, -0.94
Gyro: -3.52, 2.43, -2.24
Accel: -0.19, -0.03, -0.95
Gyro: -4.39, 2.10, -2.62
Accel: -0.19, -0.01, -0.95
Gyro: -3.75, 2.42, -2.06
Accel: -0.18, -0.03, -0.95
Gyro: -3.11, 1.73, -1.72
Accel: -0.18, -0.03, -0.95
Gyro: -3.46, 0.98, -2.08
Accel: -0.17, -0.02, -0.95
Gyro: -3.12, 0.48, -2.37
Accel: -0.17, -0.02, -0.95
Gyro: -2.45, 0.87, -2.52
Accel: -0.17, -0.02, -0.96
Gyro: -2.47, 1.53, -2.81
