Accel: -0.19, 0.00, -0.94
Gyro: -1.48, 2.12, -2.37
Accel: -0.19, -0.01, -0.94
Gyro: -2.12, 2.38, -2.18
Accel: -0.19, 0.00, -0.95
Gyro: -0.26, 2.13, -2.49
Accel: -0.18, 0.00, -0.94
Gyro: 0.66, 1.98, -1.95
Accel: -0.19, -0.00, -0.94
Gyro: 0.91, 1.38, -1.77
Accel: -0.19, -0.01, -0.94
Gyro: 0.14, 1.14, -1.29
Accel: -0.19, -0.01, -0.95
Gyro: -1.00, 0.76, -0.90
Accel: -0.19, -0.01, -0.95
Gyro: -1.76, 0.92, -0.86
Accel: -0.19, -0.01, -0.96
Gyro: -1.45, 1.36, -1.08
Accel: -0.19, -0.01, -0.96
Gyro: -2.88, 1.81, -2.16
Accel: -0.18, 0.00, -0.95
Gyro: -3.71, 1.92, -3.05
Accel: -0.18, -0.01, -0.95
Gyro: -3.24, 0.78, -2.85
Accel: -0.18, -0.01, -0.95
Gyro: -4.98, 0.82, -3.32
Accel: -0.19, -0.01, -0.95
Gyro: -5.81, 1.35, -3.89
Accel: -0.18, 0.00, -0.95
Gyro: -5.28, 1.76, -4.07
Accel: -0.17, -0.01, -0.95
Gyro: -5.14, 1.47, -4.47
Accel: -0.17, 0.01, -0.93
Gyro: -5.39, 0.26, -4.30
Accel: -0.17, 0.01, -0.95
Gyro: -5.48, -0.78, -3.52
Accel: -0.18, -0.00, -0.95
Gyro: -6.25, -1.29, -3.40
Accel: -0.18, -0.04, -0.95
Gyro: -7.17, -1.88, -4.69
Accel: -0.19, -0.09, -0.95
Gyro: -11.48, -1.82, -9.37
Accel: -0.22, -0.18, -0.99
Gyro: -18.55, 1.15, -22.59
Accel: -0.23, -0.33, -0.98
Gyro: -19.76, 5.21, -54.44
Accel: -0.27, -0.35, -1.02
Gyro: -16.07, 11.27, -105.88
Accel: -0.32, -0.33, -1.04
Gyro: -12.20, 20.51, -157.14
Accel: -0.32, -0.10, -0.96
Gyro: -8.54, 27.82, -183.17
Accel: -0.34, -0.03, -1.01
Gyro: -5.70, 33.93, -191.09
Accel: -0.30, 0.08, -0.97
Gyro: -8.39, 41.13, -185.39
Accel: -0.27, 0.12, -1.04
Gyro: -7.43, 45.94, -166.69
Accel: -0.25, 0.15, -1.07
Gyro: -9.60, 62.45, -147.49
Accel: -0.20, 0.17, -1.08
Gyro: -9.08, 76.12, -124.73
Accel: -0.17, 0.20, -1.14
Gyro: -9.07, 89.48, -100.11
Accel: -0.13, 0.25, -1.18
Gyro: -16.01, 113.71, -70.71
Accel: 0.03, 0.28, -0.92
Gyro: -23.47, 121.42, -37.40
Accel: 0.14, 0.31, -0.83
Gyro: -26.01, 110.24, 2.91
Accel: 0.15, 0.31, -0.83
Gyro: -25.05, 107.84, 46.84
Accel: 0.23, 0.20, -0.82
Gyro: -42.99, 101.23, 78.96
Accel: 0.37, 0.12, -0.70
Gyro: -56.36, 86.10, 98.44
Accel: 0.43, 0.21, -0.79
Gyro: -66.36, 61.07, 117.08
Accel: 0.48, 0.20, -0.74
Gyro: -64.47, 51.06, 143.04
Accel: 0.52, 0.11, -0.73
Gyro: -66.32, 29.28, 161.99
Accel: 0.49, 0.08, -0.73
Gyro: -60.22, 10.43, 168.80
Accel: 0.47, 0.09, -0.77
Gyro: -54.64, -0.09, 174.66
Accel: 0.43, 0.06, -0.81
Gyro: -44.63, -6.61, 184.83
Accel: 0.42, 0.03, -0.81
Gyro: -46.25, -10.16, 190.66
Accel: 0.40, 0.05, -0.77
Gyro: -46.94, -18.74, 198.99
Accel: 0.38, -0.10, -0.78
Gyro: -42.31, -30.73, 199.05
Accel: 0.41, -0.22, -0.79
Gyro: -47.16, -45.52, 186.41
Accel: 0.39, -0.27, -0.73
Gyro: -53.91, -66.14, 163.06
Accel: 0.33, -0.32, -0.75
Gyro: -53.54, -85.05, 134.37
Accel: 0.27, -0.37, -0.76
Gyro: -53.91, -101.35, 95.72
Accel: 0.19, -0.32, -0.77
Gyro: -44.72, -119.03, 58.33
Accel: 0.09, -0.42, -0.79
Gyro: -39.79, -132.92, 18.49
Accel: 0.00, -0.47, -0.96
Gyro: -42.60, -140.64, -30.49
Accel: -0.13, -0.41, -1.02
Gyro: -50.09, -130.53, -78.26
Accel: -0.26, -0.26, -1.08
Gyro: -45.43, -112.21, -117.98
Accel: -0.37, -0.09, -1.17
Gyro: -27.99, -85.69, -133.64
Accel: -0.38, -0.00, -1.13
Gyro: -20.01, -59.68, -136.77
Accel: -0.40, 0.11, -1.10
Gyro: -10.98, -39.36, -124.69
Accel: -0.37, 0.17, -1.07
Gyro: -3.23, -23.32, -104.21
Accel: -0.33, 0.17, -1.05
Gyro: -4.77, -9.29, -78.03
Accel: -0.21, 0.14, -1.00
Gyro: -9.62, 1.19, -53.55
Accel: -0.26, 0.14, -0.98
Gyro: -2.73, 4.39, -24.79
Accel: -0.22, 0.11, -0.91
Gyro: -13.27, 6.04, -5.26
Accel: -0.18, 0.06, -0.91
Gyro: -5.24, 3.23, 6.86
Accel: -0.19, -0.00, -0.91
Gyro: -4.58, 0.56, 9.35
Accel: -0.19, -0.03, -0.94
Gyro: -1.44, -1.51, 6.58
Accel: -0.20, -0.04, -0.96
Gyro: -5.81, -0.77, 1.31
Accel: -0.22, -0.02, -0.96
Gyro: -6.42, 0.07, -2.38
Accel: -0.22, -0.01, -0.95
Gyro: -5.04, 0.16, -3.65
Accel: -0.21, -0.02, -0.96
Gyro: -4.19, 0.52, -2.56
Accel: -0.21, -0.02, -0.97
Gyro: -4.33, 1.70, -1.24
Accel: -0.17, -0.01, -0.99
Gyro: -4.35, 2.40, -1.49
Accel: -0.20, -0.03, -0.96
Gyro: -8.37, 5.30, -2.05
Accel: -0.18, -0.02, -0.96
Gyro: -5.29, 6.46, -4.28
Accel: -0.17, -0.01, -0.96
Gyro: -5.72, 6.81, -5.87
Accel: -0.16, -0.01, -0.94
Gyro: -4.56, 5.68, -7.07
Accel: -0.15, -0.01, -0.94
Gyro: -4.49, 4.85, -7.60
Accel: -0.15, 0.00, -0.94
Gyro: -4.97, 3.18, -7.90
Accel: -0.16, 0.01, -0.93
Gyro: -2.34, 1.93, -6.25
Accel: -0.16, -0.01, -0.93
Gyro: -1.53, -0.85, -5.60
Accel: -0.17, -0.00, -0.94
Gyro: -1.59, -2.15, -4.65
Accel: -0.18, -0.01, -0.95
Gyro: -1.42, -2.33, -3.40
Accel: -0.18, -0.01, -0.96
Gyro: -2.56, -0.97, -2.78
Accel: -0.18, -0.02, -0.96
Gyro: -3.71, 0.00, -3.28
Accel: -0.18, -0.01, -0.96
Gyro: -3.28, 0.16, -3.36
Accel: -0.18, -0.02, -0.97
Gyro: -4.24, 0.83, -3.74
Accel: -0.18, -0.00, -0.97
Gyro: -3.91, 2.03, -3.15
Accel: -0.17, -0.01, -0.95
Gyro: -3.75, 2.17, -2.33
Accel: -0.17, -0.01, -0.96
Gyro: -4.66, 2.29, -2.17
Accel: -0.16, 0.00, -0.95
Gyro: -4.59, 3.43, -2.37
Accel: -0.16, -0.00, -0.96
Gyro: -3.15, 3.90, -2.55
Accel: -0.16, -0.00, -0.96
Gyro: -2.61, 4.78, -2.70
Accel: -0.15, 0.01, -0.96
Gyro: -1.95, 4.62, -2.78
Accel: -0.15, 0.00, -0.95
Gyro: -1.51, 3.90, -1.79
Accel: -0.15, -0.00, -0.95
Gyro: -2.34, 2.87, -1.87
Accel: -0.14, 0.00, -0.95
Gyro: -2.69, 2.09, -2.01
Accel: -0.14, -0.00, -0.95
Gyro: -1.73, 1.58, -2.18
Accel: -0.15, -0.01, -0.95
Gyro: -1.40, 0.92, -2.38
Accel: -0.13, 0.00, -0.95
Gyro: -1.65, -0.24, -2.50
Accel: -0.13, 0.00, -0.95
Gyro: -1.59, -0.14, -2.01
