Accel: -0.31, -0.06, -0.93
Gyro: -2.74, -2.00, -2.17
Accel: -0.31, -0.05, -0.93
Gyro: -2.15, -1.50, -1.91
Accel: -0.31, -0.06, -0.93
Gyro: -2.11, -0.81, -1.03
Accel: -0.31, -0.06, -0.94
Gyro: -1.89, -0.40, -0.46
Accel: -0.31, -0.08, -0.95
Gyro: -2.57, 0.33, 0.05
Accel: -0.31, -0.09, -0.95
Gyro: -3.40, 2.94, -0.11
Accel: -0.30, -0.10, -0.93
Gyro: -6.84, 4.23, -3.32
Accel: -0.29, -0.08, -0.93
Gyro: -6.97, 4.60, -5.57
Accel: -0.29, -0.07, -0.91
Gyro: -5.29, 2.94, -5.97
Accel: -0.29, -0.08, -0.93
Gyro: -6.63, 3.07, -7.21
Accel: -0.29, -0.08, -0.92
Gyro: -6.89, 2.27, -7.64
Accel: -0.29, -0.09, -0.91
Gyro: -8.70, 1.00, -8.76
Accel: -0.29, -0.17, -0.91
Gyro: -13.53, -1.02, -12.68
Accel: -0.29, -0.17, -0.93
Gyro: -22.31, -1.77, -21.41
Accel: -0.29, -0.17, -0.92
Gyro: -26.09, -3.03, -30.40
Accel: -0.28, -0.20, -0.86
Gyro: -34.02, -6.02, -42.50
Accel: -0.24, -0.15, -0.79
Gyro: -42.65, -18.84, -56.38
Accel: -0.29, -0.07, -0.88
Gyro: -45.24, -24.45, -60.04
Accel: -0.33, -0.05, -0.89
Gyro: -47.87, -26.70, -65.20
Accel: -0.39, 0.03, -0.98
Gyro: -44.26, -23.42, -72.08
Accel: -0.44, 0.04, -1.01
Gyro: -30.82, -12.28, -74.90
Accel: -0.45, 0.06, -1.03
Gyro: -24.65, 2.09, -77.78
Accel: -0.47, 0.01, -1.05
Gyro: -19.53, 15.79, -79.45
Accel: -0.52, 0.00, -1.15
Gyro: -15.40, 36.20, -85.20
Accel: -0.55, -0.07, -1.22
Gyro: -25.51, 72.09, -90.86
Accel: -0.55, -0.06, -1.23
Gyro: -11.99, 104.51, -100.98
Accel: -0.51, 0.04, -1.22
Gyro: -2.19, 141.66, -105.26
Accel: -0.33, 0.17, -0.93
Gyro: -5.07, 153.27, -94.31
Accel: -0.17, 0.22, -0.79
Gyro: 13.88, 148.95, -71.78
Accel: -0.06, 0.15, -0.88
Gyro: 11.39, 138.65, -47.05
Accel: 0.02, 0.22, -0.89
Gyro: -2.31, 138.95, -16.32
Accel: 0.15, 0.25, -0.75
Gyro: -11.45, 126.64, 22.04
Accel: 0.12, 0.22, -0.99
Gyro: -25.52, 120.51, 62.67
Accel: 0.19, 0.14, -0.83
Gyro: -37.96, 119.78, 92.04
Accel: 0.26, 0.04, -0.85
Gyro: -50.96, 115.94, 113.49
Accel: 0.39, -0.01, -0.72
Gyro: -58.30, 96.66, 123.79
Accel: 0.49, -0.06, -0.72
Gyro: -49.77, 74.85, 122.10
Accel: 0.51, -0.04, -0.77
Gyro: -50.41, 56.77, 118.61
Accel: 0.56, -0.03, -0.67
Gyro: -50.99, 46.30, 121.82
Accel: 0.59, -0.05, -0.67
Gyro: -38.53, 33.51, 126.81
Accel: 0.58, -0.03, -0.71
Gyro: -29.20, 21.94, 134.20
Accel: 0.57, -0.08, -0.67
Gyro: -23.90, 12.32, 142.49
Accel: 0.56, -0.11, -0.66
Gyro: -17.73, 2.34, 148.04
Accel: 0.55, -0.18, -0.70
Gyro: -20.13, -9.32, 150.20
Accel: 0.53, -0.28, -0.69
Gyro: -20.56, -22.08, 145.30
Accel: 0.51, -0.33, -0.71
Gyro: -19.69, -33.61, 134.90
Accel: 0.49, -0.36, -0.65
Gyro: -27.36, -53.00, 122.43
Accel: 0.43, -0.39, -0.66
Gyro: -31.80, -76.50, 113.43
Accel: 0.34, -0.49, -0.78
Gyro: -44.20, -91.96, 96.72
Accel: 0.28, -0.46, -0.83
Gyro: -60.38, -98.62, 76.12
Accel: 0.21, -0.39, -0.79
Gyro: -61.86, -103.57, 60.54
Accel: 0.16, -0.42, -0.73
Gyro: -59.87, -114.69, 38.65
Accel: 0.05, -0.34, -0.76
Gyro: -52.15, -131.93, 14.05
Accel: -0.09, -0.36, -0.90
Gyro: -51.39, -133.22, -7.19
Accel: -0.16, -0.31, -0.94
Gyro: -58.89, -130.32, -36.27
Accel: -0.26, -0.22, -0.99
Gyro: -46.29, -124.69, -55.50
Accel: -0.36, -0.20, -1.12
Gyro: -45.30, -104.11, -72.71
Accel: -0.39, -0.04, -1.02
Gyro: -31.49, -86.63, -81.19
Accel: -0.41, -0.10, -1.00
Gyro: -27.15, -80.30, -87.57
Accel: -0.48, -0.09, -1.05
Gyro: -28.93, -64.04, -87.31
Accel: -0.47, -0.06, -0.99
Gyro: -26.53, -48.45, -86.96
Accel: -0.47, -0.05, -0.93
Gyro: -22.16, -42.69, -83.33
Accel: -0.49, -0.07, -0.91
Gyro: -25.76, -40.31, -77.15
Accel: -0.48, -0.03, -0.91
Gyro: -28.08, -34.26, -75.45
Accel: -0.46, 0.01, -0.91
Gyro: -29.33, -29.11, -63.17
Accel: -0.46, -0.02, -0.92
Gyro: -33.81, -24.84, -47.01
Accel: -0.46, -0.02, -0.91
Gyro: -32.68, -16.84, -44.69
Accel: -0.45, 0.01, -0.89
Gyro: -26.06, -15.18, -35.84
Accel: -0.46, 0.01, -0.88
Gyro: -25.04, -14.40, -27.01
Accel: -0.46, -0.01, -0.93
Gyro: -22.62, -11.12, -21.69
Accel: -0.46, 0.00, -0.93
Gyro: -19.09, -5.41, -19.63
Accel: -0.46, 0.02, -0.93
Gyro: -15.30, -0.60, -16.20
Accel: -0.44, 0.01, -0.92
Gyro: -12.54, 3.90, -11.18
Accel: -0.43, 0.01, -0.90
Gyro: -11.50, 6.09, -6.73
Accel: -0.40, 0.00, -0.91
Gyro: -10.66, 6.84, -3.40
Accel: -0.39, -0.01, -0.90
Gyro: -9.58, 7.13, -2.06
Accel: -0.38, -0.02, -0.89
Gyro: -8.89, 6.84, -2.26
Accel: -0.38, -0.00, -0.90
Gyro: -7.43, 5.90, -2.31
Accel: -0.37, 0.00, -0.88
Gyro: -4.01, 4.93, -0.75
Accel: -0.39, 0.00, -0.88
Gyro: -2.67, 3.16, 1.34
Accel: -0.40, -0.01, -0.89
Gyro: -1.70, 1.72, 3.56
Accel: -0.40, -0.02, -0.88
Gyro: -1.96, 1.59, 4.73
Accel: -0.40, -0.03, -0.89
Gyro: -2.64, 2.41, 4.23
Accel: -0.39, -0.03, -0.90
Gyro: -3.01, 2.93, 3.04
Accel: -0.40, -0.03, -0.89
Gyro: -2.30, 3.40, 1.46
Accel: -0.39, -0.04, -0.90
Gyro: -1.95, 3.27, 0.27
Accel: -0.39, -0.02, -0.91
Gyro: -1.57, 4.36, -0.60
Accel: -0.39, -0.03, -0.90
Gyro: -0.23, 4.24, 0.11
Accel: -0.39, -0.04, -0.91
Gyro: -0.67, 4.62, 0.16
Accel: -0.38, -0.02, -0.90
Gyro: -0.61, 5.04, 0.57
Accel: -0.37, -0.03, -0.91
Gyro: 0.00, 4.94, 1.05
Accel: -0.36, -0.03, -0.90
Gyro: -0.22, 4.55, 1.02
Accel: -0.36, -0.03, -0.90
Gyro: -0.08, 3.57, 1.50
Accel: -0.36, -0.03, -0.91
Gyro: -0.72, 4.10, 1.83
Accel: -0.35, -0.03, -0.90
Gyro: -0.29, 3.74, 1.89
Accel: -0.35, -0.04, -0.91
Gyro: -1.34, 2.73, 1.17
Accel: -0.35, -0.04, -0.90
Gyro: -1.65, 2.01, 0.63
Accel: -0.35, -0.04, -0.89
Gyro: -1.75, 1.17, -0.16
Accel: -0.35, -0.03, -0.90
Gyro: -1.98, 0.03, -1.03
Accel: -0.35, -0.02, -0.90
Gyro: -2.14, -1.13, -1.24
Accel: -0.36, -0.02, -0.92
Gyro: -2.85, -1.34, -1.44
