Accel: -0.19, -0.03, -0.96
Gyro: -3.84, 3.81, -1.79
Accel: -0.18, -0.02, -0.96
Gyro: -3.72, 4.07, -2.25
Accel: -0.18, -0.02, -0.96
Gyro: -3.43, 4.65, -2.01
Accel: -0.17, -0.02, -0.96
Gyro: -3.49, 5.19, -2.09
Accel: -0.17, -0.02, -0.97
Gyro: -3.35, 5.71, -2.38
Accel: -0.17, -0.02, -0.97
Gyro: -2.67, 7.39, -2.74
Accel: -0.16, -0.02, -0.96
Gyro: -2.39, 8.98, -3.65
Accel: -0.15, -0.01, -0.96
Gyro: -2.51, 8.61, -3.91
Accel: -0.14, -0.02, -0.95
Gyro: -2.74, 7.90, -4.02
Accel: -0.13, -0.02, -0.95
Gyro: -2.76, 7.36, -3.74
Accel: -0.13, -0.02, -0.95
Gyro: -4.23, 6.16, -4.36
Accel: -0.13, -0.01, -0.94
Gyro: -3.40, 5.20, -3.57
Accel: -0.13, -0.03, -0.94
Gyro: -3.22, 2.99, -3.54
Accel: -0.13, -0.03, -0.94
Gyro: -5.04, 1.62, -4.40
Accel: -0.13, -0.03, -0.97
Gyro: -5.86, 1.71, -4.71
Accel: -0.13, -0.03, -0.96
Gyro: -6.32, 1.98, -4.97
Accel: -0.12, -0.04, -0.96
Gyro: -7.75, 2.01, -6.46
Accel: -0.12, -0.04, -0.96
Gyro: -8.88, 1.07, -8.12
Accel: -0.13, -0.05, -0.97
Gyro: -11.36, 1.77, -11.08
Accel: -0.13, -0.02, -0.96
Gyro: -12.48, 2.92, -13.04
Accel: -0.12, -0.01, -0.96
Gyro: -12.05, 2.68, -13.26
Accel: -0.12, -0.02, -0.96
Gyro: -12.88, 1.78, -14.08
Accel: -0.12, -0.04, -0.97
Gyro: -14.03, 2.24, -17.72
Accel: -0.13, -0.06, -0.98
Gyro: -14.59, 3.75, -25.12
Accel: -0.14, -0.12, -0.99
Gyro: -12.75, 7.10, -38.81
Accel: -0.19, -0.19, -1.12
Gyro: -11.91, 18.83, -63.94
Accel: -0.22, -0.15, -1.16
Gyro: -6.23, 41.33, -90.00
Accel: -0.27, -0.12, -1.22
Gyro: 1.05, 66.83, -112.25
Accel: -0.25, -0.05, -1.14
Gyro: 4.92, 94.76, -128.70
Accel: -0.19, 0.02, -1.08
Gyro: 5.49, 109.51, -133.35
Accel: -0.11, 0.13, -0.91
Gyro: -0.35, 119.96, -125.68
Accel: 0.04, 0.19, -0.89
Gyro: -0.79, 116.20, -111.00
Accel: 0.09, 0.20, -0.95
Gyro: -0.47, 113.85, -90.07
Accel: 0.19, 0.22, -0.76
Gyro: -15.55, 112.18, -70.57
Accel: 0.23, 0.33, -0.90
Gyro: -16.27, 100.07, -38.09
Accel: 0.26, 0.33, -0.91
Gyro: -31.62, 106.21, -0.82
Accel: 0.31, 0.32, -0.79
Gyro: -51.96, 102.74, 37.45
Accel: 0.45, 0.32, -0.74
Gyro: -47.64, 92.03, 76.61
Accel: 0.54, 0.24, -0.68
Gyro: -59.85, 75.78, 106.50
Accel: 0.64, 0.13, -0.68
Gyro: -73.66, 56.92, 119.02
Accel: 0.67, 0.12, -0.60
Gyro: -71.77, 31.61, 122.79
Accel: 0.68, 0.08, -0.65
Gyro: -65.84, 16.32, 125.52
Accel: 0.68, 0.06, -0.60
Gyro: -57.47, 4.47, 123.41
Accel: 0.70, 0.06, -0.58
Gyro: -47.07, -13.50, 123.55
Accel: 0.71, 0.03, -0.59
Gyro: -46.75, -35.04, 125.34
Accel: 0.69, 0.08, -0.56
Gyro: -46.62, -56.74, 129.22
Accel: 0.62, 0.09, -0.49
Gyro: -37.93, -83.51, 137.51
Accel: 0.52, -0.13, -0.58
Gyro: -32.33, -113.60, 133.38
Accel: 0.36, -0.08, -0.79
Gyro: -43.21, -123.39, 117.50
Accel: 0.31, -0.05, -1.02
Gyro: -25.27, -116.17, 103.75
Accel: 0.33, -0.28, -0.92
Gyro: -17.11, -97.69, 80.98
Accel: 0.35, -0.41, -0.76
Gyro: -11.70, -107.06, 33.42
Accel: 0.23, -0.28, -0.81
Gyro: -2.45, -121.02, -1.83
Accel: 0.15, -0.35, -0.87
Gyro: -4.08, -123.94, -30.75
Accel: 0.04, -0.22, -0.95
Gyro: -8.19, -119.59, -54.09
Accel: -0.07, -0.15, -0.94
Gyro: -8.06, -112.95, -63.08
Accel: -0.14, -0.11, -1.06
Gyro: -8.43, -98.91, -63.45
Accel: -0.18, -0.11, -1.04
Gyro: -13.52, -84.74, -62.82
Accel: -0.22, -0.12, -0.98
Gyro: -16.20, -76.88, -64.04
Accel: -0.28, -0.06, -1.05
Gyro: -16.82, -66.71, -64.30
Accel: -0.31, -0.01, -1.07
Gyro: -13.04, -52.70, -58.38
Accel: -0.32, 0.01, -1.07
Gyro: -12.82, -37.04, -46.68
Accel: -0.32, 0.02, -1.02
Gyro: -16.97, -24.53, -34.81
Accel: -0.30, 0.01, -0.99
Gyro: -16.44, -17.11, -25.45
Accel: -0.30, 0.01, -0.97
Gyro: -17.50, -11.28, -20.88
Accel: -0.29, 0.01, -0.96
Gyro: -15.82, -6.84, -18.33
Accel: -0.28, 0.00, -0.95
Gyro: -14.09, -4.90, -16.93
Accel: -0.28, 0.03, -0.95
Gyro: -10.90, -4.49, -15.28
Accel: -0.27, 0.03, -0.93
Gyro: -10.13, -2.43, -11.79
Accel: -0.27, 0.04, -0.93
Gyro: -7.45, -2.23, -7.62
Accel: -0.26, 0.03, -0.95
Gyro: -6.52, -1.40, -4.19
Accel: -0.26, 0.02, -0.95
Gyro: -6.09, 0.05, -1.69
Accel: -0.25, 0.00, -0.95
Gyro: -5.43, 0.88, -1.17
Accel: -0.25, -0.00, -0.96
Gyro: -4.52, 2.16, -1.74
Accel: -0.24, 0.00, -0.96
Gyro: -4.00, 3.23, -2.49
Accel: -0.23, 0.00, -0.96
Gyro: -3.39, 3.98, -3.11
Accel: -0.22, -0.00, -0.96
Gyro: -3.34, 4.93, -3.53
Accel: -0.21, -0.01, -0.94
Gyro: -3.64, 5.60, -3.57
Accel: -0.21, 0.00, -0.95
Gyro: -5.31, 6.07, -4.14
Accel: -0.20, 0.01, -0.94
Gyro: -3.75, 5.16, -3.54
Accel: -0.20, 0.01, -0.93
Gyro: -3.47, 3.69, -3.67
Accel: -0.20, 0.00, -0.93
Gyro: -3.20, 2.00, -2.91
Accel: -0.20, 0.02, -0.93
Gyro: -2.52, 1.25, -1.57
Accel: -0.21, 0.00, -0.93
Gyro: -2.15, 0.39, -0.85
Accel: -0.21, -0.01, -0.95
Gyro: -1.84, -0.32, -0.51
Accel: -0.22, -0.01, -0.94
Gyro: -1.28, -0.65, 0.02
Accel: -0.21, -0.01, -0.94
Gyro: -1.45, -1.10, -0.27
Accel: -0.23, -0.01, -0.95
Gyro: -1.23, -0.90, 0.08
Accel: -0.23, -0.02, -0.95
Gyro: -1.09, -0.61, -0.07
Accel: -0.23, -0.02, -0.95
Gyro: -1.44, -0.07, 0.15
Accel: -0.23, -0.02, -0.94
Gyro: -2.21, 0.72, -0.46
Accel: -0.22, -0.03, -0.94
Gyro: -2.95, 1.29, -1.43
Accel: -0.22, -0.01, -0.95
Gyro: -3.29, 1.79, -2.16
Accel: -0.22, -0.02, -0.95
Gyro: -3.60, 2.24, -2.72
Accel: -0.21, -0.01, -0.94
Gyro: -3.66, 2.08, -3.04
Accel: -0.20, -0.01, -0.95
Gyro: -4.45, 2.30, -3.46
Accel: -0.20, 0.00, -0.95
Gyro: -4.62, 2.43, -3.80
Accel: -0.20, 0.00, -0.95
Gyro: -4.68, 2.54, -3.81
Accel: -0.20, 0.01, -0.95
Gyro: -5.07, 2.47, -3.94
Accel: -0.19, 0.01, -0.94
Gyro: -4.91, 2.47, -3.98
Accel: -0.19, 0.01, -0.94
Gyro: -5.29, 2.72, -4.26
