Accel: -0.07, -0.05, -0.96
Gyro: -1.40, 6.00, 5.42
Accel: -0.06, -0.06, -0.95
Gyro: -1.50, 5.87, 5.55
Accel: -0.07, -0.08, -0.95
Gyro: -2.71, 5.44, 3.75
Accel: -0.06, -0.08, -0.95
Gyro: -4.45, 5.63, 0.11
Accel: -0.05, -0.07, -0.96
Gyro: -4.59, 4.99, -2.40
Accel: -0.05, -0.05, -0.96
Gyro: -6.98, 4.75, -3.91
Accel: -0.04, -0.02, -0.95
Gyro: -7.02, 3.43, -3.60
Accel: -0.04, -0.03, -0.94
Gyro: -7.35, 1.14, -2.96
Accel: -0.05, -0.02, -0.94
Gyro: -7.66, -0.43, -2.96
Accel: -0.06, -0.01, -0.96
Gyro: -7.03, -2.17, -2.93
Accel: -0.06, -0.01, -0.96
Gyro: -5.46, -2.69, -2.77
Accel: -0.07, -0.01, -0.98
Gyro: -4.62, -2.06, -3.19
Accel: -0.07, -0.01, -0.97
Gyro: -4.44, -0.84, -3.72
Accel: -0.06, -0.01, -0.97
Gyro: -4.68, 0.10, -4.18
Accel: -0.06, 0.01, -0.97
Gyro: -3.63, 0.68, -3.77
Accel: -0.06, -0.00, -0.96
Gyro: -2.64, 0.08, -2.07
Accel: -0.07, 0.00, -0.96
Gyro: -2.75, -0.24, -0.83
Accel: -0.06, -0.00, -0.94
Gyro: -1.92, -0.94, 0.43
Accel: -0.05, -0.01, -0.95
Gyro: -0.71, -1.93, 1.06
Accel: -0.06, -0.01, -0.97
Gyro: -0.12, -1.53, 1.19
Accel: -0.06, -0.02, -0.96
Gyro: 0.14, -1.92, 1.24
Accel: -0.06, -0.03, -0.96
Gyro: -0.12, -2.08, 1.21
Accel: -0.07, -0.02, -0.97
Gyro: -0.11, -1.47, 1.27
Accel: -0.07, -0.03, -0.97
Gyro: -0.64, -1.11, 1.09
Accel: -0.08, -0.03, -0.98
Gyro: -1.09, -0.92, 0.86
Accel: -0.07, -0.04, -0.97
Gyro: -2.13, -0.17, -0.24
Accel: -0.07, -0.04, -0.97
Gyro: -1.88, 0.11, -0.95
Accel: -0.06, -0.03, -0.97
Gyro: -3.04, 0.57, -2.39
Accel: -0.06, -0.01, -0.96
Gyro: -1.66, 0.49, -2.11
Accel: -0.06, -0.03, -0.98
Gyro: -0.92, -0.36, -1.30
Accel: -0.07, -0.02, -0.95
Gyro: -1.98, -0.38, -1.14
Accel: -0.06, -0.02, -0.96
Gyro: -1.92, -0.06, -0.70
Accel: -0.06, -0.02, -0.97
Gyro: -1.63, -0.13, -0.70
Accel: -0.06, -0.03, -0.97
Gyro: -1.81, -0.20, -0.86
Accel: -0.06, -0.02, -0.96
Gyro: -1.76, -0.63, -0.70
Accel: -0.06, -0.03, -0.97
Gyro: -2.15, -0.63, -0.64
Accel: -0.06, -0.02, -0.96
Gyro: -2.22, 0.09, -0.98
Accel: -0.06, -0.03, -0.97
Gyro: -1.32, -0.49, -0.77
Accel: -0.06, -0.04, -0.96
Gyro: -2.28, -0.32, -1.33
Accel: -0.06, -0.02, -0.95
Gyro: -2.68, -0.19, -1.75
Accel: -0.06, -0.03, -0.96
Gyro: -2.55, -0.31, -1.98
Accel: -0.06, -0.02, -0.96
Gyro: -2.20, -0.54, -2.27
Accel: -0.06, -0.03, -0.97
Gyro: -2.17, -1.05, -1.90
Accel: -0.06, -0.03, -0.96
Gyro: -1.96, -1.14, -1.25
Accel: -0.06, -0.03, -0.96
Gyro: -2.56, -0.85, -1.05
Accel: -0.06, -0.05, -0.96
Gyro: -3.11, -0.72, -1.47
Accel: -0.07, -0.08, -0.97
Gyro: -4.75, -0.45, -3.58
Accel: -0.08, -0.12, -0.99
Gyro: -9.35, 1.08, -9.22
Accel: -0.08, -0.13, -0.97
Gyro: -13.70, 2.34, -15.31
Accel: -0.09, -0.19, -0.99
Gyro: -23.36, 5.15, -23.94
Accel: -0.09, -0.18, -0.98
Gyro: -36.11, 7.19, -36.50
Accel: -0.09, -0.13, -0.95
Gyro: -41.99, 7.80, -45.09
Accel: -0.09, -0.11, -0.96
Gyro: -48.14, 9.02, -54.74
Accel: -0.10, -0.03, -0.95
Gyro: -53.49, 11.04, -62.13
Accel: -0.11, 0.07, -0.96
Gyro: -53.96, 12.98, -64.23
Accel: -0.16, 0.14, -1.03
Gyro: -53.85, 20.06, -63.83
Accel: -0.16, 0.26, -1.07
Gyro: -50.52, 36.46, -58.85
Accel: -0.14, 0.30, -1.05
Gyro: -38.25, 47.27, -48.37
Accel: -0.15, 0.29, -1.14
Gyro: -36.25, 69.21, -39.74
Accel: -0.10, 0.31, -1.07
Gyro: -30.43, 88.80, -30.11
Accel: -0.04, 0.28, -1.01
Gyro: -24.80, 102.39, -23.67
Accel: 0.00, 0.25, -1.05
Gyro: -24.54, 119.06, -21.14
Accel: 0.13, 0.27, -0.85
Gyro: -20.97, 123.19, -23.76
Accel: 0.22, 0.30, -0.83
Gyro: -15.11, 118.71, -23.34
Accel: 0.29, 0.32, -0.87
Gyro: -15.58, 118.45, -20.47
Accel: 0.35, 0.39, -0.81
Gyro: -18.36, 115.23, -12.44
Accel: 0.41, 0.46, -0.71
Gyro: -20.28, 109.43, 2.27
Accel: 0.48, 0.53, -0.68
Gyro: -23.06, 105.22, 25.23
Accel: 0.56, 0.55, -0.59
Gyro: -30.01, 96.27, 54.18
Accel: 0.68, 0.50, -0.50
Gyro: -33.80, 69.68, 84.94
Accel: 0.71, 0.48, -0.49
Gyro: -33.82, 39.62, 113.25
Accel: 0.73, 0.40, -0.56
Gyro: -38.31, 22.15, 137.00
Accel: 0.73, 0.34, -0.51
Gyro: -35.98, 2.35, 154.65
Accel: 0.74, 0.21, -0.48
Gyro: -26.75, -14.98, 162.20
Accel: 0.76, 0.09, -0.47
Gyro: -21.72, -37.72, 157.68
Accel: 0.77, -0.05, -0.42
Gyro: -22.86, -66.52, 143.72
Accel: 0.75, -0.19, -0.39
Gyro: -26.16, -100.10, 123.54
Accel: 0.73, -0.23, -0.35
Gyro: -25.70, -141.24, 94.02
Accel: 0.54, -0.13, -0.46
Gyro: -13.40, -177.15, 71.95
Accel: 0.40, -0.14, -0.77
Gyro: -7.84, -187.75, 50.29
Accel: 0.22, -0.09, -1.03
Gyro: -7.01, -169.54, 49.62
Accel: 0.16, -0.36, -1.02
Gyro: -33.12, -143.37, 30.02
Accel: 0.10, -0.28, -0.91
Gyro: -32.36, -134.82, -1.94
Accel: -0.00, -0.18, -1.01
Gyro: -31.14, -122.86, -27.71
Accel: -0.08, -0.13, -1.02
Gyro: -17.91, -109.90, -42.20
Accel: -0.15, -0.12, -1.05
Gyro: -8.02, -94.47, -54.47
Accel: -0.20, 0.00, -1.11
Gyro: -9.62, -76.02, -58.42
Accel: -0.22, -0.08, -1.07
Gyro: -8.91, -60.84, -59.54
Accel: -0.25, 0.00, -1.08
Gyro: -5.37, -47.63, -67.04
Accel: -0.25, 0.04, -1.08
Gyro: -1.04, -33.15, -57.62
Accel: -0.25, 0.00, -1.04
Gyro: -5.26, -20.20, -55.64
Accel: -0.24, 0.04, -1.02
Gyro: 0.73, -12.57, -53.11
Accel: -0.24, 0.05, -1.00
Gyro: 6.79, -6.80, -50.29
Accel: -0.26, 0.06, -1.07
Gyro: 10.12, 5.35, -45.51
Accel: -0.25, 0.07, -1.07
Gyro: 16.33, 24.78, -40.58
Accel: -0.15, 0.06, -0.86
Gyro: 21.56, 21.53, -32.01
Accel: -0.13, 0.06, -0.84
Gyro: 18.95, 5.75, -14.75
Accel: -0.16, -0.03, -0.94
Gyro: 7.92, 2.47, -2.17
Accel: -0.14, -0.04, -0.94
Gyro: 2.72, 0.63, 3.40
Accel: -0.11, -0.11, -0.90
Gyro: -3.70, -2.51, 6.81
Accel: -0.14, -0.13, -0.99
Gyro: -9.32, -4.22, 2.88
