Accel: -0.15, 0.03, -0.95
Gyro: -1.94, -0.76, -1.42
Accel: -0.15, 0.03, -0.96
Gyro: -2.26, -0.91, -1.75
Accel: -0.15, 0.03, -0.96
Gyro: -2.16, -1.27, -2.37
Accel: -0.16, 0.03, -0.95
Gyro: -2.62, -0.92, -2.43
Accel: -0.15, 0.03, -0.97
Gyro: -2.37, -0.40, -1.94
Accel: -0.15, 0.03, -0.96
Gyro: -2.30, -0.60, -1.40
Accel: -0.15, 0.04, -0.96
Gyro: -2.49, -0.89, -0.80
Accel: -0.15, 0.04, -0.96
Gyro: -2.91, -1.22, -0.52
Accel: -0.16, 0.04, -0.97
Gyro: -1.99, -0.92, -0.32
Accel: -0.15, 0.04, -0.96
Gyro: -1.30, -0.24, -0.67
Accel: -0.15, 0.03, -0.96
Gyro: -0.48, -1.32, -0.43
Accel: -0.16, 0.03, -0.96
Gyro: -2.00, -2.00, -0.46
Accel: -0.16, 0.03, -0.97
Gyro: -2.04, -1.65, -0.02
Accel: -0.16, 0.03, -0.97
Gyro: -2.69, -1.20, -0.76
Accel: -0.16, 0.03, -0.96
Gyro: -2.76, -0.92, -1.26
Accel: -0.16, 0.03, -0.96
Gyro: -1.46, -1.19, -1.32
Accel: -0.17, 0.04, -0.98
Gyro: -3.06, -0.43, -0.96
Accel: -0.16, 0.04, -0.96
Gyro: -1.32, -0.62, -0.50
Accel: -0.16, 0.03, -0.95
Gyro: -0.74, 0.18, 0.18
Accel: -0.16, 0.03, -0.96
Gyro: -1.50, -0.25, -0.14
Accel: -0.16, 0.03, -0.96
Gyro: -1.85, 0.25, -0.53
Accel: -0.15, 0.03, -0.96
Gyro: -1.52, 0.08, -0.87
Accel: -0.16, 0.03, -0.96
Gyro: -1.15, -0.60, -1.04
Accel: -0.16, 0.03, -0.97
Gyro: -0.81, -0.35, -0.59
Accel: -0.16, 0.03, -0.96
Gyro: -1.46, -0.66, -0.44
Accel: -0.17, 0.03, -0.97
Gyro: -1.94, -0.82, -0.79
Accel: -0.16, 0.02, -0.95
Gyro: -1.91, -0.37, -1.15
Accel: -0.15, 0.02, -0.96
Gyro: -2.82, 0.08, -1.64
Accel: -0.15, 0.03, -0.96
Gyro: -3.22, -0.15, -1.95
Accel: -0.16, 0.04, -0.97
Gyro: -3.23, -0.28, -2.20
Accel: -0.15, 0.03, -0.95
Gyro: -3.62, -0.05, -1.82
Accel: -0.15, 0.04, -0.95
Gyro: -3.37, -0.48, -1.36
Accel: -0.15, 0.04, -0.95
Gyro: -2.88, -0.69, -1.28
Accel: -0.16, 0.04, -0.97
Gyro: -2.33, -1.21, -1.12
Accel: -0.15, 0.04, -0.96
Gyro: -1.56, -1.46, -0.97
Accel: -0.15, 0.04, -0.96
Gyro: -1.49, -1.24, -0.89
Accel: -0.15, 0.04, -0.95
Gyro: -1.52, -1.44, -0.93
Accel: -0.16, 0.02, -0.97
Gyro: -2.13, -0.89, -1.24
Accel: -0.15, 0.03, -0.96
Gyro: -2.00, -1.15, -1.47
Accel: -0.16, 0.04, -0.96
Gyro: -2.55, 0.17, -1.59
Accel: -0.15, 0.03, -0.95
Gyro: -0.97, -0.90, -1.75
Accel: -0.16, 0.03, -0.95
Gyro: -3.00, -1.36, -1.16
Accel: -0.16, 0.04, -0.96
Gyro: -2.88, -2.60, -0.63
Accel: -0.16, 0.03, -0.96
Gyro: -2.82, -2.11, -0.98
Accel: -0.16, 0.04, -0.95
Gyro: -2.66, -1.98, -1.23
Accel: -0.16, 0.04, -0.97
Gyro: -1.73, -1.92, -1.43
Accel: -0.17, 0.04, -0.96
Gyro: -1.83, -1.56, -0.76
Accel: -0.16, 0.04, -0.96
Gyro: -2.42, -1.10, -0.24
Accel: -0.18, 0.02, -0.97
Gyro: -1.28, -0.22, -0.13
Accel: -0.17, 0.04, -0.96
Gyro: -1.97, 0.70, -0.81
Accel: -0.16, 0.03, -0.95
Gyro: -1.97, 0.69, -0.60
Accel: -0.15, 0.04, -0.95
Gyro: -1.43, -0.08, -0.99
Accel: -0.16, 0.03, -0.96
Gyro: -1.22, -0.56, -0.86
Accel: -0.15, 0.03, -0.96
Gyro: -0.67, -0.76, -0.27
Accel: -0.16, 0.03, -0.95
Gyro: -0.95, -1.30, -0.34
Accel: -0.17, 0.02, -0.96
Gyro: -1.87, -1.50, -0.51
Accel: -0.16, 0.02, -0.97
Gyro: -2.27, -0.89, -0.90
Accel: -0.16, 0.03, -0.96
Gyro: -2.49, -0.37, -1.63
Accel: -0.17, 0.03, -0.96
Gyro: -2.71, -0.08, -1.95
Accel: -0.16, 0.03, -0.96
Gyro: -2.24, 0.05, -1.82
Accel: -0.16, 0.04, -0.96
Gyro: -2.34, 0.20, -1.47
Accel: -0.15, 0.03, -0.95
Gyro: -2.23, 0.08, -1.16
Accel: -0.15, 0.04, -0.96
Gyro: -2.14, -0.07, -0.96
Accel: -0.15, 0.04, -0.96
Gyro: -1.87, -0.32, -0.90
Accel: -0.15, 0.04, -0.95
Gyro: -1.86, -1.04, -0.97
Accel: -0.16, 0.03, -0.95
Gyro: -1.94, -1.06, -0.81
Accel: -0.16, 0.03, -0.96
Gyro: -1.93, -0.59, -1.16
Accel: -0.15, 0.03, -0.96
Gyro: -2.44, -0.56, -1.35
Accel: -0.16, 0.04, -0.97
Gyro: -2.43, -0.97, -1.40
Accel: -0.15, 0.04, -0.96
Gyro: -2.50, -0.03, -1.48
Accel: -0.16, 0.03, -0.95
Gyro: -0.63, -0.76, -1.22
Accel: -0.16, 0.03, -0.94
Gyro: -2.74, -0.74, -1.21
Accel: -0.15, 0.03, -0.96
Gyro: -2.68, -1.50, -0.57
Accel: -0.17, 0.03, -0.95
Gyro: -3.56, -1.30, -1.25
Accel: -0.16, 0.04, -0.96
Gyro: -3.27, -1.37, -1.98
Accel: -0.16, 0.04, -0.96
Gyro: -1.88, -1.02, -2.43
Accel: -0.17, 0.04, -0.97
Gyro: -1.79, -0.72, -1.59
Accel: -0.16, 0.05, -0.95
Gyro: -2.33, -0.60, -1.03
Accel: -0.16, 0.03, -0.96
Gyro: -1.61, -0.41, -0.23
Accel: -0.16, 0.04, -0.96
Gyro: -1.82, -0.03, -0.75
Accel: -0.16, 0.03, -0.96
Gyro: -1.47, 0.53, -1.01
Accel: -0.15, 0.02, -0.96
Gyro: -1.97, 0.26, -1.65
Accel: -0.16, 0.03, -0.96
Gyro: -2.98, -0.18, -1.96
Accel: -0.15, 0.04, -0.96
Gyro: -2.49, -0.30, -1.39
Accel: -0.15, 0.04, -0.95
Gyro: -1.99, -1.20, -1.01
Accel: -0.16, 0.04, -0.96
Gyro: -1.69, -2.00, -0.47
Accel: -0.16, 0.03, -0.97
Gyro: -1.75, -1.66, -0.35
Accel: -0.16, 0.03, -0.96
Gyro: -1.93, -1.22, -0.84
Accel: -0.16, 0.03, -0.97
Gyro: -2.24, -0.50, -1.19
Accel: -0.16, 0.03, -0.97
Gyro: -2.46, -0.54, -1.79
Accel: -0.16, 0.04, -0.96
Gyro: -2.50, -0.31, -2.05
Accel: -0.17, 0.04, -0.96
Gyro: -2.40, -0.45, -1.37
Accel: -0.16, 0.05, -0.96
Gyro: -1.91, -0.58, -0.98
Accel: -0.16, 0.03, -0.95
Gyro: -1.59, -0.74, -0.41
Accel: -0.16, 0.04, -0.96
Gyro: -1.48, -0.86, -0.42
Accel: -0.17, 0.03, -0.96
Gyro: -1.27, -1.10, -0.57
Accel: -0.16, 0.02, -0.96
Gyro: -1.50, -1.08, -1.07
Accel: -0.16, 0.03, -0.95
Gyro: -1.86, -1.21, -1.53
Accel: -0.16, 0.03, -0.97
Gyro: -2.69, -1.21, -1.53
Accel: -0.16, 0.04, -0.94
Gyro: -2.36, -0.74, -1.79
Accel: -0.15, 0.03, -0.96
Gyro: -1.34, -1.15, -1.41
