Accel: -0.17, 0.04, -0.96
Gyro: -2.90, -0.53, -1.14
Accel: -0.18, 0.03, -0.95
Gyro: -2.24, 0.08, -1.39
Accel: -0.17, 0.04, -0.95
Gyro: -2.64, 0.09, -1.67
Accel: -0.17, 0.03, -0.95
Gyro: -1.83, 0.04, -1.39
Accel: -0.17, 0.03, -0.97
Gyro: -1.16, 0.19, -1.53
Accel: -0.17, 0.03, -0.95
Gyro: -1.16, 0.38, -1.36
Accel: -0.16, 0.03, -0.95
Gyro: -0.80, -0.21, -0.92
Accel: -0.17, 0.03, -0.95
Gyro: -1.37, -0.54, -0.40
Accel: -0.17, 0.03, -0.96
Gyro: -2.25, -0.98, -0.43
Accel: -0.17, 0.02, -0.95
Gyro: -2.28, -0.70, -0.87
Accel: -0.17, 0.02, -0.96
Gyro: -1.66, -0.69, -1.23
Accel: -0.17, 0.03, -0.97
Gyro: -1.93, -0.41, -1.24
Accel: -0.17, 0.03, -0.96
Gyro: -2.19, -0.14, -0.79
Accel: -0.16, 0.02, -0.95
Gyro: -2.37, -0.41, -1.05
Accel: -0.16, 0.02, -0.95
Gyro: -2.56, -0.44, -1.46
Accel: -0.16, 0.03, -0.95
Gyro: -3.17, -0.95, -2.11
Accel: -0.17, 0.03, -0.97
Gyro: -3.43, -0.43, -2.03
Accel: -0.17, 0.03, -0.95
Gyro: -2.93, -0.21, -1.72
Accel: -0.17, 0.03, -0.95
Gyro: -2.55, -0.93, -1.67
Accel: -0.17, 0.04, -0.95
Gyro: -2.85, -1.05, -1.44
Accel: -0.17, 0.03, -0.96
Gyro: -2.80, -1.00, -1.39
Accel: -0.17, 0.04, -0.96
Gyro: -2.67, -0.32, -1.32
Accel: -0.17, 0.03, -0.96
Gyro: -2.04, 0.05, -1.37
Accel: -0.17, 0.04, -0.96
Gyro: -1.88, -0.33, -0.98
Accel: -0.18, 0.03, -0.96
Gyro: -3.21, 0.18, -0.98
Accel: -0.18, 0.04, -0.96
Gyro: -2.08, 0.30, -0.80
Accel: -0.18, 0.03, -0.96
Gyro: -2.72, 1.24, -0.92
Accel: -0.17, 0.04, -0.96
Gyro: -2.45, 0.69, -1.07
Accel: -0.17, 0.02, -0.96
Gyro: -1.98, 0.79, -1.11
Accel: -0.18, 0.03, -0.96
Gyro: -1.42, 0.67, -0.99
Accel: -0.16, 0.02, -0.96
Gyro: -1.43, 0.82, -0.33
Accel: -0.16, 0.03, -0.96
Gyro: -1.73, 0.60, 0.10
Accel: -0.17, 0.03, -0.96
Gyro: -2.45, 0.01, -0.54
Accel: -0.16, 0.02, -0.96
Gyro: -2.79, 0.22, -1.26
Accel: -0.16, 0.03, -0.96
Gyro: -2.46, 0.00, -1.72
Accel: -0.16, 0.04, -0.96
Gyro: -2.53, 0.46, -1.73
Accel: -0.15, 0.04, -0.97
Gyro: -2.49, 0.40, -1.14
Accel: -0.17, 0.03, -0.96
Gyro: -2.57, 0.48, -0.96
Accel: -0.17, 0.03, -0.96
Gyro: -2.43, 1.17, -0.69
Accel: -0.16, 0.03, -0.95
Gyro: -2.30, 2.08, -1.09
Accel: -0.16, 0.03, -0.99
Gyro: -1.65, 2.40, -1.48
Accel: -0.16, 0.03, -0.97
Gyro: -2.98, 6.71, -1.51
Accel: -0.13, 0.04, -0.92
Gyro: -2.71, 5.64, -0.25
Accel: -0.14, 0.04, -0.92
Gyro: -3.04, 1.24, 0.85
Accel: -0.15, 0.03, -0.96
Gyro: -3.54, -1.46, 0.79
Accel: -0.17, 0.02, -1.00
Gyro: -4.62, 1.38, -0.53
Accel: -0.16, 0.03, -0.97
Gyro: -2.05, 4.09, -1.92
Accel: -0.16, 0.03, -0.95
Gyro: -1.26, 5.36, -1.13
Accel: -0.15, 0.03, -0.96
Gyro: -3.53, 3.62, -1.41
Accel: -0.14, 0.03, -0.96
Gyro: -4.80, 3.17, -1.83
Accel: -0.14, 0.03, -0.96
Gyro: -3.11, 3.07, -2.33
Accel: -0.13, 0.04, -0.96
Gyro: -2.91, 3.21, -2.34
Accel: -0.14, 0.04, -0.96
Gyro: -3.54, 3.52, -2.22
Accel: -0.13, 0.05, -0.96
Gyro: -2.88, 2.66, -2.51
Accel: -0.12, 0.05, -0.93
Gyro: -2.27, 2.41, -2.14
Accel: -0.11, 0.04, -0.95
Gyro: -0.90, 0.74, -1.81
Accel: -0.13, 0.04, -0.98
Gyro: -1.27, -0.55, -1.78
Accel: -0.12, 0.04, -0.96
Gyro: -2.13, -0.78, -1.27
Accel: -0.13, 0.04, -0.97
Gyro: -1.68, -0.46, -0.63
Accel: -0.13, 0.04, -0.97
Gyro: -1.91, 0.52, -0.22
Accel: -0.13, 0.04, -0.96
Gyro: -1.17, 0.88, -0.21
Accel: -0.13, 0.04, -0.97
Gyro: -2.66, 0.97, -0.64
Accel: -0.12, 0.04, -0.95
Gyro: -2.40, 0.10, -0.89
Accel: -0.12, 0.04, -0.97
Gyro: -2.41, -0.11, -0.93
Accel: -0.12, 0.04, -0.97
Gyro: -3.44, 0.61, -0.90
Accel: -0.12, 0.04, -0.96
Gyro: -2.19, -0.31, -0.93
Accel: -0.11, 0.04, -0.97
Gyro: -2.33, 0.85, -1.50
Accel: -0.13, 0.04, -0.95
Gyro: -0.34, -0.30, -1.67
Accel: -0.12, 0.04, -0.96
Gyro: -1.46, -0.27, -1.22
Accel: -0.12, 0.04, -0.96
Gyro: -1.59, -1.17, -0.55
Accel: -0.13, 0.04, -0.97
Gyro: -1.35, -1.27, -0.41
Accel: -0.13, 0.04, -0.96
Gyro: -1.72, -0.70, -0.83
Accel: -0.13, 0.04, -0.96
Gyro: -1.59, -0.65, -1.48
Accel: -0.13, 0.04, -0.97
Gyro: -1.37, -1.08, -1.42
Accel: -0.13, 0.04, -0.98
Gyro: -2.97, 0.49, -1.08
Accel: -0.12, 0.04, -0.97
Gyro: -1.82, 0.85, -0.66
Accel: -0.11, 0.04, -0.96
Gyro: -2.10, 0.08, -0.95
Accel: -0.11, 0.05, -0.95
Gyro: -2.46, -0.76, -1.05
Accel: -0.11, 0.05, -0.95
Gyro: -1.66, -3.01, -1.23
Accel: -0.13, 0.04, -0.98
Gyro: -1.96, -2.43, -0.93
Accel: -0.12, 0.04, -0.97
Gyro: -1.59, -1.57, -0.86
Accel: -0.12, 0.04, -0.96
Gyro: -0.82, -2.20, -0.82
Accel: -0.13, 0.04, -0.97
Gyro: -1.99, -2.12, -0.53
Accel: -0.13, 0.04, -0.98
Gyro: -1.72, -2.02, -0.51
Accel: -0.14, 0.03, -0.97
Gyro: -2.27, -1.47, -0.55
Accel: -0.14, 0.04, -0.97
Gyro: -1.94, -0.98, -0.56
Accel: -0.13, 0.04, -0.97
Gyro: -1.84, -0.69, -1.01
Accel: -0.14, 0.04, -0.96
Gyro: -2.41, -0.47, -1.22
Accel: -0.13, 0.04, -0.96
Gyro: -1.85, -1.08, -0.98
Accel: -0.13, 0.04, -0.97
Gyro: -1.98, -0.47, -0.67
Accel: -0.13, 0.03, -0.97
Gyro: -1.71, -0.28, -0.39
Accel: -0.13, 0.04, -0.97
Gyro: -1.79, 0.56, -0.38
Accel: -0.12, 0.04, -0.96
Gyro: -2.16, 1.17, -0.57
Accel: -0.12, 0.03, -0.95
Gyro: -1.95, 0.42, -1.02
Accel: -0.12, 0.04, -0.98
Gyro: -2.72, 0.88, -1.29
Accel: -0.12, 0.05, -0.97
Gyro: -1.39, 0.32, -1.50
Accel: -0.12, 0.04, -0.97
Gyro: -0.87, -0.13, -0.81
Accel: -0.12, 0.03, -0.96
Gyro: -1.85, -0.74, -0.58
Accel: -0.13, 0.03, -0.96
Gyro: -2.84, -0.89, -0.68
Accel: -0.12, 0.04, -0.96
Gyro: -3.12, -0.59, -1.40
Accel: -0.13, 0.04, -0.98
Gyro: -2.79, -0.82, -1.96
