Accel: -0.17, 0.03, -0.96
Gyro: -1.88, -0.02, -0.98
Accel: -0.17, 0.03, -0.96
Gyro: -1.80, -0.43, -1.07
Accel: -0.16, 0.03, -0.96
Gyro: -1.42, -0.61, -1.02
Accel: -0.18, 0.03, -0.95
Gyro: -1.53, -1.21, -0.72
Accel: -0.18, 0.03, -0.96
Gyro: -2.30, -1.08, -0.48
Accel: -0.17, 0.03, -0.96
Gyro: -2.20, -0.76, -0.72
Accel: -0.17, 0.03, -0.96
Gyro: -1.93, -1.11, -1.08
Accel: -0.17, 0.03, -0.96
Gyro: -1.61, -0.72, -1.06
Accel: -0.17, 0.03, -0.96
Gyro: -1.22, -0.18, -0.89
Accel: -0.17, 0.03, -0.95
Gyro: -1.88, -0.36, -1.36
Accel: -0.17, 0.03, -0.96
Gyro: -1.34, -1.56, -1.63
Accel: -0.17, 0.03, -0.96
Gyro: -1.08, -1.24, -1.25
Accel: -0.17, 0.03, -0.95
Gyro: -1.94, -1.24, -0.32
Accel: -0.16, 0.03, -0.95
Gyro: -2.53, -1.30, -0.01
Accel: -0.17, 0.02, -0.95
Gyro: -2.63, -1.56, -0.93
Accel: -0.18, 0.02, -0.96
Gyro: -3.18, -0.67, -2.01
Accel: -0.18, 0.03, -0.96
Gyro: -2.97, -0.98, -2.67
Accel: -0.17, 0.04, -0.96
Gyro: -2.37, -0.63, -2.75
Accel: -0.17, 0.04, -0.96
Gyro: -1.10, -1.28, -1.79
Accel: -0.17, 0.03, -0.94
Gyro: -2.46, -1.95, -1.48
Accel: -0.17, 0.04, -0.95
Gyro: -2.32, -2.76, -0.88
Accel: -0.17, 0.03, -0.96
Gyro: -2.63, -3.06, -1.62
Accel: -0.18, 0.02, -0.97
Gyro: -2.40, -3.75, -2.45
Accel: -0.19, 0.03, -0.96
Gyro: -2.06, -3.95, -2.60
Accel: -0.20, 0.04, -0.98
Gyro: -3.53, -2.15, -1.94
Accel: -0.19, 0.03, -0.96
Gyro: -4.25, 0.36, -1.27
Accel: -0.19, 0.03, -0.97
Gyro: -2.84, 1.21, -1.50
Accel: -0.18, 0.04, -0.95
Gyro: -3.04, 0.91, -2.20
Accel: -0.18, 0.04, -0.96
Gyro: -2.21, 0.61, -2.48
Accel: -0.18, 0.04, -0.96
Gyro: -1.35, 0.05, -2.67
Accel: -0.18, 0.03, -0.96
Gyro: -1.52, 0.72, -2.35
Accel: -0.17, 0.04, -0.95
Gyro: 0.17, 0.58, -0.86
Accel: -0.19, 0.02, -0.97
Gyro: -0.61, 0.55, -0.23
Accel: -0.19, 0.03, -0.96
Gyro: -2.04, 0.81, 0.21
Accel: -0.18, 0.02, -0.94
Gyro: -1.79, 0.21, -0.24
Accel: -0.18, 0.03, -0.96
Gyro: -1.27, -0.85, -0.44
Accel: -0.17, 0.03, -0.96
Gyro: -1.82, -0.13, -0.82
Accel: -0.17, 0.02, -0.95
Gyro: -2.67, -0.09, -1.31
Accel: -0.17, 0.02, -0.95
Gyro: -3.23, 0.20, -1.87
Accel: -0.17, 0.03, -0.97
Gyro: -3.77, 1.11, -2.11
Accel: -0.17, 0.02, -0.96
Gyro: -4.61, 2.00, -2.44
Accel: -0.16, 0.04, -0.95
Gyro: -4.04, 2.01, -2.85
Accel: -0.16, 0.04, -0.96
Gyro: -3.23, 1.24, -2.46
Accel: -0.16, 0.05, -0.97
Gyro: -3.17, 0.78, -1.50
Accel: -0.16, 0.05, -0.97
Gyro: -3.52, 2.02, -1.03
Accel: -0.16, 0.04, -0.94
Gyro: -1.30, 1.44, -0.95
Accel: -0.15, 0.04, -0.95
Gyro: -0.72, 0.42, -0.85
Accel: -0.16, 0.04, -0.96
Gyro: -1.84, 0.70, -0.15
Accel: -0.16, 0.04, -0.94
Gyro: -1.76, -0.11, 0.05
Accel: -0.17, 0.03, -0.95
Gyro: -1.34, -0.92, 0.12
Accel: -0.17, 0.03, -0.94
Gyro: -0.43, -1.75, 0.37
Accel: -0.17, 0.02, -0.95
Gyro: -0.39, -2.14, 0.27
Accel: -0.18, 0.03, -0.98
Gyro: -2.68, -1.24, -0.16
Accel: -0.18, 0.04, -0.97
Gyro: -1.10, 0.09, -0.03
Accel: -0.16, 0.02, -0.97
Gyro: -2.00, 1.34, -0.21
Accel: -0.16, 0.04, -0.96
Gyro: -2.74, 2.04, -0.40
Accel: -0.16, 0.03, -0.96
Gyro: -2.66, 2.12, -0.38
Accel: -0.15, 0.04, -0.94
Gyro: -2.79, 1.31, -1.00
Accel: -0.15, 0.04, -0.96
Gyro: -2.60, 0.89, -0.87
Accel: -0.16, 0.04, -0.96
Gyro: -2.24, 2.18, -1.03
Accel: -0.16, 0.04, -0.95
Gyro: -1.45, 1.80, -0.76
Accel: -0.15, 0.04, -0.95
Gyro: -1.73, 0.74, -0.89
Accel: -0.15, 0.03, -0.95
Gyro: -2.33, 0.08, -1.05
Accel: -0.16, 0.04, -0.96
Gyro: -2.84, 0.01, -1.41
Accel: -0.16, 0.04, -0.96
Gyro: -1.92, -0.26, -1.14
Accel: -0.16, 0.04, -0.95
Gyro: -1.81, -0.02, -0.98
Accel: -0.17, 0.04, -0.96
Gyro: -1.75, 0.90, -0.75
Accel: -0.16, 0.04, -0.97
Gyro: -1.56, 2.40, -0.72
Accel: -0.15, 0.03, -0.95
Gyro: -1.44, 2.27, -0.71
Accel: -0.14, 0.04, -0.94
Gyro: -1.93, 1.21, -0.42
Accel: -0.14, 0.05, -0.96
Gyro: -2.99, 0.03, -0.12
Accel: -0.14, 0.04, -0.96
Gyro: -2.43, -0.20, -0.33
Accel: -0.16, 0.04, -0.98
Gyro: -1.48, 0.65, -0.40
Accel: -0.15, 0.04, -0.95
Gyro: -1.20, 1.14, -0.50
Accel: -0.15, 0.03, -0.96
Gyro: -1.24, 0.01, -0.88
Accel: -0.14, 0.03, -0.96
Gyro: -2.96, -0.18, -1.50
Accel: -0.15, 0.04, -0.95
Gyro: -3.35, -1.28, -1.72
Accel: -0.15, 0.03, -0.97
Gyro: -3.01, -1.47, -2.10
Accel: -0.15, 0.03, -0.96
Gyro: -3.32, 0.00, -3.16
Accel: -0.13, 0.05, -0.95
Gyro: -1.31, -2.20, -3.30
Accel: -0.15, 0.06, -0.96
Gyro: -1.47, -1.08, -0.68
Accel: -0.15, 0.05, -0.95
Gyro: -1.45, -1.56, 0.81
Accel: -0.15, 0.04, -0.96
Gyro: -1.74, -1.47, 1.37
Accel: -0.15, 0.03, -0.96
Gyro: -0.99, -1.17, 0.43
Accel: -0.16, 0.02, -0.96
Gyro: -0.80, -1.12, -1.33
Accel: -0.16, 0.01, -0.97
Gyro: -1.56, -0.39, -3.37
Accel: -0.16, 0.02, -1.00
Gyro: -1.61, 2.06, -6.32
Accel: -0.16, 0.04, -0.96
Gyro: -2.08, 5.13, -5.59
Accel: -0.14, 0.04, -0.94
Gyro: -2.36, 4.42, -3.91
Accel: -0.13, 0.05, -0.96
Gyro: -2.08, 2.10, -1.45
Accel: -0.13, 0.04, -0.97
Gyro: -3.20, 3.08, -0.60
Accel: -0.12, 0.03, -0.93
Gyro: -1.14, 1.12, -0.22
Accel: -0.13, 0.02, -0.94
Gyro: -0.48, -2.75, -0.86
Accel: -0.13, 0.03, -0.96
Gyro: -2.76, -3.20, -0.81
Accel: -0.13, 0.03, -0.96
Gyro: -3.17, -4.20, -0.69
Accel: -0.14, 0.03, -0.96
Gyro: -3.12, -3.51, -0.21
Accel: -0.15, 0.03, -0.96
Gyro: -2.37, -2.98, 0.18
Accel: -0.14, 0.03, -0.97
Gyro: -2.83, -2.56, -0.35
Accel: -0.15, 0.03, -0.98
Gyro: -3.81, 0.39, -0.22
Accel: -0.15, 0.03, -0.95
Gyro: -0.51, 1.01, -0.37
Accel: -0.14, 0.03, -0.96
Gyro: -0.48, 0.48, -0.43
