Accel: -0.14, 0.04, -0.96
Gyro: -1.13, -1.34, -1.46
Accel: -0.14, 0.04, -0.96
Gyro: -2.85, -1.53, -1.56
Accel: -0.15, 0.04, -0.96
Gyro: -2.98, -2.27, -1.08
Accel: -0.15, 0.05, -0.96
Gyro: -3.01, -1.90, -0.94
Accel: -0.15, 0.04, -0.97
Gyro: -2.92, -1.63, -1.31
Accel: -0.16, 0.04, -0.96
Gyro: -2.43, -1.66, -1.49
Accel: -0.14, 0.04, -0.96
Gyro: -3.06, -0.82, -0.64
Accel: -0.14, 0.04, -0.95
Gyro: -3.66, -0.62, -0.61
Accel: -0.15, 0.04, -0.94
Gyro: -4.45, -1.50, -1.31
Accel: -0.15, 0.06, -0.96
Gyro: -4.35, -1.34, -2.08
Accel: -0.16, 0.06, -0.97
Gyro: -2.84, 0.07, -1.81
Accel: -0.15, 0.06, -0.95
Gyro: -1.08, 0.11, -0.80
Accel: -0.16, 0.06, -0.96
Gyro: -0.65, 0.02, 0.35
Accel: -0.15, 0.04, -0.96
Gyro: -0.36, -0.46, 0.68
Accel: -0.15, 0.04, -0.96
Gyro: -1.29, -0.91, 0.00
Accel: -0.15, 0.04, -0.96
Gyro: -1.48, -1.20, -1.11
Accel: -0.15, 0.04, -0.96
Gyro: -1.91, -1.46, -1.82
Accel: -0.15, 0.05, -0.97
Gyro: -2.72, -1.21, -2.16
Accel: -0.15, 0.05, -0.96
Gyro: -2.70, -1.24, -1.68
Accel: -0.15, 0.04, -0.96
Gyro: -2.62, -0.98, -1.54
Accel: -0.15, 0.05, -0.96
Gyro: -2.63, -0.81, -1.91
Accel: -0.15, 0.05, -0.97
Gyro: -2.36, -1.03, -1.98
Accel: -0.15, 0.05, -0.95
Gyro: -3.27, -0.48, -2.06
Accel: -0.15, 0.05, -0.97
Gyro: -2.77, -1.10, -1.63
Accel: -0.15, 0.05, -0.96
Gyro: -2.22, -0.69, -1.59
Accel: -0.15, 0.05, -0.96
Gyro: -2.01, -1.40, -1.43
Accel: -0.15, 0.05, -0.95
Gyro: -2.50, -2.03, -1.24
Accel: -0.15, 0.05, -0.97
Gyro: -2.15, -2.46, -1.27
Accel: -0.16, 0.05, -0.97
Gyro: -2.51, -1.90, -1.21
Accel: -0.17, 0.05, -0.96
Gyro: -2.24, -1.00, -1.19
Accel: -0.16, 0.05, -0.96
Gyro: -1.46, -1.18, -1.31
Accel: -0.16, 0.05, -0.96
Gyro: -2.53, -0.64, -1.30
Accel: -0.17, 0.05, -0.96
Gyro: -1.84, -0.27, -1.48
Accel: -0.15, 0.04, -0.95
Gyro: -2.04, 0.37, -1.02
Accel: -0.15, 0.05, -0.96
Gyro: -1.94, 0.24, -1.01
Accel: -0.15, 0.05, -0.96
Gyro: -1.66, 0.30, -1.29
Accel: -0.15, 0.05, -0.96
Gyro: -1.22, 0.21, -1.21
Accel: -0.15, 0.05, -0.95
Gyro: -1.72, -0.35, -1.17
Accel: -0.14, 0.06, -0.96
Gyro: -1.20, -1.19, -0.81
Accel: -0.15, 0.04, -0.96
Gyro: -1.95, -2.00, -0.63
Accel: -0.16, 0.04, -0.97
Gyro: -2.30, -0.76, -0.95
Accel: -0.15, 0.04, -0.96
Gyro: -2.29, -0.63, -1.43
Accel: -0.15, 0.05, -0.95
Gyro: -2.16, -0.56, -1.76
Accel: -0.15, 0.04, -0.97
Gyro: -2.31, -0.49, -1.82
Accel: -0.15, 0.05, -0.95
Gyro: -2.40, -0.08, -1.39
Accel: -0.15, 0.05, -0.96
Gyro: -2.21, -0.66, -1.39
Accel: -0.15, 0.05, -0.96
Gyro: -2.49, -0.44, -1.12
Accel: -0.15, 0.05, -0.96
Gyro: -2.31, -1.10, -1.43
Accel: -0.16, 0.05, -0.96
Gyro: -2.75, 0.10, -1.05
Accel: -0.15, 0.05, -0.95
Gyro: -1.06, -0.38, -1.15
Accel: -0.15, 0.04, -0.95
Gyro: -1.86, -1.26, -0.92
Accel: -0.15, 0.04, -0.96
Gyro: -2.40, -2.30, -0.82
Accel: -0.15, 0.05, -0.96
Gyro: -2.69, -2.11, -0.85
Accel: -0.16, 0.05, -0.96
Gyro: -2.59, -2.08, -1.22
Accel: -0.17, 0.05, -0.96
Gyro: -2.31, -1.37, -1.36
Accel: -0.17, 0.05, -0.96
Gyro: -2.46, -1.26, -1.30
Accel: -0.16, 0.05, -0.96
Gyro: -3.24, -0.69, -1.46
Accel: -0.16, 0.05, -0.97
Gyro: -1.70, -0.08, -1.37
Accel: -0.15, 0.06, -0.95
Gyro: -1.94, 0.18, -1.21
Accel: -0.15, 0.05, -0.96
Gyro: -1.76, -0.39, -0.92
Accel: -0.15, 0.05, -0.96
Gyro: -1.58, -0.39, -1.18
Accel: -0.15, 0.05, -0.96
Gyro: -1.35, -0.17, -1.05
Accel: -0.15, 0.05, -0.96
Gyro: -0.56, -0.58, -0.95
Accel: -0.15, 0.05, -0.95
Gyro: -0.95, -1.09, -0.60
Accel: -0.16, 0.05, -0.97
Gyro: -2.02, -1.08, -0.52
Accel: -0.15, 0.04, -0.96
Gyro: -1.83, -1.05, -0.82
Accel: -0.16, 0.04, -0.95
Gyro: -1.94, -0.92, -1.27
Accel: -0.16, 0.04, -0.97
Gyro: -2.31, -0.45, -1.32
Accel: -0.15, 0.05, -0.96
Gyro: -2.12, -0.37, -1.37
Accel: -0.16, 0.05, -0.96
Gyro: -1.94, -0.34, -1.07
Accel: -0.16, 0.05, -0.96
Gyro: -1.62, -0.32, -0.99
Accel: -0.15, 0.04, -0.95
Gyro: -1.79, -0.52, -0.75
Accel: -0.16, 0.04, -0.95
Gyro: -2.30, -0.25, -0.73
Accel: -0.15, 0.04, -0.97
Gyro: -1.98, -0.98, -1.03
Accel: -0.14, 0.05, -0.96
Gyro: -2.16, 0.21, -1.30
Accel: -0.15, 0.04, -0.96
Gyro: -0.76, -0.71, -1.08
Accel: -0.15, 0.04, -0.95
Gyro: -2.17, -1.56, -0.82
Accel: -0.16, 0.04, -0.96
Gyro: -2.37, -1.87, -0.24
Accel: -0.15, 0.03, -0.95
Gyro: -2.60, -1.72, -1.03
Accel: -0.16, 0.04, -0.97
Gyro: -2.85, -1.81, -1.70
Accel: -0.16, 0.05, -0.95
Gyro: -2.37, -1.24, -1.98
Accel: -0.17, 0.05, -0.97
Gyro: -3.14, -0.88, -1.43
Accel: -0.16, 0.06, -0.96
Gyro: -2.63, -0.15, -1.59
Accel: -0.16, 0.04, -0.96
Gyro: -1.58, 0.28, -0.92
Accel: -0.15, 0.06, -0.96
Gyro: -1.98, 0.43, -1.21
Accel: -0.16, 0.05, -0.95
Gyro: -1.95, 0.31, -0.93
Accel: -0.15, 0.05, -0.96
Gyro: -1.56, -0.16, -1.07
Accel: -0.15, 0.05, -0.95
Gyro: -1.66, -0.43, -1.04
Accel: -0.15, 0.05, -0.96
Gyro: -1.08, -0.89, -0.47
Accel: -0.15, 0.04, -0.95
Gyro: -1.67, -1.28, -0.48
Accel: -0.15, 0.04, -0.96
Gyro: -2.04, -1.33, -0.79
Accel: -0.16, 0.04, -0.96
Gyro: -2.41, -1.03, -1.41
Accel: -0.15, 0.04, -0.96
Gyro: -2.76, -0.37, -1.84
Accel: -0.16, 0.05, -0.96
Gyro: -2.52, -0.32, -1.99
Accel: -0.15, 0.05, -0.96
Gyro: -2.41, -0.64, -1.56
Accel: -0.16, 0.05, -0.96
Gyro: -2.09, -0.82, -1.10
Accel: -0.16, 0.05, -0.96
Gyro: -1.84, -0.72, -0.68
Accel: -0.15, 0.05, -0.95
Gyro: -1.80, -0.96, -0.48
Accel: -0.16, 0.04, -0.97
Gyro: -2.03, -0.83, -0.67
Accel: -0.14, 0.05, -0.96
Gyro: -2.01, -1.30, -1.70
Accel: -0.16, 0.05, -0.97
Gyro: -2.58, 0.44, -1.91
