Accel: -0.15, 0.03, -0.95
Gyro: -2.20, -0.70, -0.99
Accel: -0.16, 0.03, -0.96
Gyro: -2.12, -1.09, -0.66
Accel: -0.15, 0.03, -0.96
Gyro: -2.42, -1.01, -0.59
Accel: -0.15, 0.03, -0.96
Gyro: -2.45, -0.77, -1.22
Accel: -0.15, 0.02, -0.95
Gyro: -2.91, -0.40, -1.76
Accel: -0.14, 0.04, -0.96
Gyro: -2.49, -1.83, -1.97
Accel: -0.15, 0.05, -0.98
Gyro: -3.24, -0.79, -1.00
Accel: -0.15, 0.04, -0.96
Gyro: -1.43, -0.39, 0.02
Accel: -0.14, 0.04, -0.95
Gyro: -1.76, -0.34, 0.76
Accel: -0.14, 0.03, -0.95
Gyro: -1.55, -0.92, 0.12
Accel: -0.15, 0.03, -0.96
Gyro: -2.34, -1.10, -0.66
Accel: -0.15, 0.03, -0.96
Gyro: -2.73, -1.05, -1.21
Accel: -0.15, 0.04, -0.96
Gyro: -2.11, -1.52, -1.44
Accel: -0.16, 0.04, -0.97
Gyro: -1.72, -1.35, -1.37
Accel: -0.16, 0.04, -0.96
Gyro: -3.23, -0.62, -1.30
Accel: -0.16, 0.04, -0.97
Gyro: -1.72, -0.65, -1.60
Accel: -0.15, 0.04, -0.95
Gyro: -2.14, 0.62, -1.53
Accel: -0.15, 0.05, -0.96
Gyro: -1.66, 0.05, -1.24
Accel: -0.15, 0.03, -0.96
Gyro: -1.77, 0.27, -1.15
Accel: -0.15, 0.04, -0.97
Gyro: -1.63, -0.13, -0.88
Accel: -0.15, 0.04, -0.96
Gyro: -1.17, 0.14, -0.63
Accel: -0.15, 0.03, -0.95
Gyro: -0.54, -0.78, -0.44
Accel: -0.15, 0.03, -0.96
Gyro: -1.83, -1.24, -0.59
Accel: -0.15, 0.03, -0.97
Gyro: -2.06, -0.99, -0.71
Accel: -0.15, 0.03, -0.96
Gyro: -1.71, -0.43, -0.86
Accel: -0.15, 0.03, -0.96
Gyro: -1.93, -0.08, -1.27
Accel: -0.15, 0.03, -0.97
Gyro: -2.08, -0.34, -1.38
Accel: -0.15, 0.04, -0.96
Gyro: -2.46, -0.02, -1.46
Accel: -0.14, 0.03, -0.95
Gyro: -2.04, -0.41, -1.06
Accel: -0.14, 0.03, -0.96
Gyro: -1.93, -0.64, -1.01
Accel: -0.15, 0.04, -0.95
Gyro: -2.01, -0.94, -0.65
Accel: -0.14, 0.03, -0.96
Gyro: -2.57, -0.82, -0.89
Accel: -0.15, 0.03, -0.95
Gyro: -1.98, -1.90, -1.08
Accel: -0.15, 0.03, -0.97
Gyro: -2.41, -1.00, -1.41
Accel: -0.15, 0.04, -0.96
Gyro: -1.29, -1.23, -1.41
Accel: -0.15, 0.03, -0.96
Gyro: -2.04, -0.96, -1.22
Accel: -0.15, 0.03, -0.96
Gyro: -1.85, -1.07, -0.76
Accel: -0.16, 0.03, -0.95
Gyro: -2.23, -0.76, -0.71
Accel: -0.14, 0.04, -0.97
Gyro: -2.84, -0.49, -1.26
Accel: -0.15, 0.03, -0.96
Gyro: -2.48, -0.24, -1.72
Accel: -0.15, 0.03, -0.95
Gyro: -1.92, -1.46, -1.62
Accel: -0.15, 0.04, -0.95
Gyro: -3.01, -1.72, -1.08
Accel: -0.16, 0.04, -0.96
Gyro: -1.34, -1.51, -0.55
Accel: -0.16, 0.03, -0.95
Gyro: -1.69, -0.98, -0.93
Accel: -0.15, 0.04, -0.96
Gyro: -0.80, -1.50, -1.38
Accel: -0.15, 0.04, -0.97
Gyro: -0.81, -1.56, -1.65
Accel: -0.16, 0.03, -0.97
Gyro: -1.46, -0.37, -1.03
Accel: -0.15, 0.03, -0.96
Gyro: -1.08, -0.34, -0.77
Accel: -0.15, 0.02, -0.95
Gyro: -0.27, -1.27, -0.98
Accel: -0.15, 0.02, -0.96
Gyro: -1.33, -2.64, -0.40
Accel: -0.16, 0.03, -0.97
Gyro: -3.42, -1.88, -0.37
Accel: -0.16, 0.03, -0.96
Gyro: -2.85, -0.78, -0.52
Accel: -0.16, 0.02, -0.96
Gyro: -2.40, -0.85, -1.22
Accel: -0.15, 0.03, -0.97
Gyro: -2.62, -0.95, -2.17
Accel: -0.16, 0.04, -0.95
Gyro: -2.69, -0.95, -2.03
Accel: -0.16, 0.03, -0.95
Gyro: -2.75, -0.92, -1.43
Accel: -0.17, 0.04, -0.96
Gyro: -2.11, -0.72, -1.00
Accel: -0.16, 0.03, -0.96
Gyro: -1.84, -0.92, -0.92
Accel: -0.16, 0.03, -0.95
Gyro: -2.69, -0.80, -1.51
Accel: -0.16, 0.03, -0.97
Gyro: -2.70, -0.01, -1.79
Accel: -0.15, 0.04, -0.94
Gyro: -1.23, 0.54, -1.91
Accel: -0.14, 0.03, -0.95
Gyro: -0.72, -0.56, -1.32
Accel: -0.15, 0.03, -0.95
Gyro: -2.12, -1.52, -1.11
Accel: -0.16, 0.03, -0.95
Gyro: -1.30, -2.58, -0.70
Accel: -0.16, 0.03, -0.96
Gyro: -2.17, -1.53, -1.00
Accel: -0.16, 0.03, -0.96
Gyro: -2.30, -0.76, -1.78
Accel: -0.16, 0.03, -0.96
Gyro: -2.04, -0.37, -1.65
Accel: -0.16, 0.03, -0.96
Gyro: -3.08, -0.21, -1.34
Accel: -0.16, 0.03, -0.95
Gyro: -2.12, 0.38, -1.37
Accel: -0.16, 0.03, -0.96
Gyro: -1.72, 0.82, -1.17
Accel: -0.15, 0.04, -0.95
Gyro: -2.29, 0.37, -1.18
Accel: -0.15, 0.03, -0.96
Gyro: -2.24, 0.35, -1.10
Accel: -0.15, 0.03, -0.95
Gyro: -2.00, 0.04, -1.13
Accel: -0.14, 0.03, -0.95
Gyro: -2.05, -0.15, -0.92
Accel: -0.15, 0.03, -0.95
Gyro: -1.48, -0.95, -1.03
Accel: -0.15, 0.03, -0.96
Gyro: -2.35, -1.65, -1.16
Accel: -0.16, 0.03, -0.96
Gyro: -2.76, -1.42, -1.15
Accel: -0.15, 0.03, -0.96
Gyro: -2.82, -1.80, -1.17
Accel: -0.16, 0.04, -0.97
Gyro: -3.04, -1.43, -1.45
Accel: -0.16, 0.04, -0.96
Gyro: -2.80, -0.96, -1.59
Accel: -0.16, 0.04, -0.95
Gyro: -1.86, -0.73, -1.70
Accel: -0.16, 0.04, -0.95
Gyro: -1.05, -1.43, -1.15
Accel: -0.16, 0.03, -0.97
Gyro: -0.97, -1.63, -0.56
Accel: -0.16, 0.03, -0.96
Gyro: -2.53, -0.60, -0.37
Accel: -0.16, 0.03, -0.96
Gyro: -1.89, -1.32, -0.23
Accel: -0.16, 0.03, -0.97
Gyro: -2.05, 0.17, -0.95
Accel: -0.16, 0.03, -0.95
Gyro: -0.78, -0.69, -1.59
Accel: -0.16, 0.03, -0.96
Gyro: -1.70, -1.71, -1.81
Accel: -0.15, 0.04, -0.96
Gyro: -1.90, -2.24, -1.28
Accel: -0.16, 0.03, -0.95
Gyro: -1.70, -2.13, -0.62
Accel: -0.17, 0.03, -0.96
Gyro: -1.92, -1.32, -0.40
Accel: -0.17, 0.03, -0.96
Gyro: -1.53, -1.13, -1.06
Accel: -0.16, 0.04, -0.96
Gyro: -1.58, -0.99, -1.14
Accel: -0.16, 0.03, -0.96
Gyro: -2.01, -0.54, -1.30
Accel: -0.17, 0.02, -0.96
Gyro: -1.47, -0.16, -0.72
Accel: -0.16, 0.03, -0.96
Gyro: -2.05, 0.28, -1.10
Accel: -0.16, 0.03, -0.95
Gyro: -1.91, -0.27, -0.99
Accel: -0.16, 0.03, -0.96
Gyro: -1.61, -0.40, -1.46
Accel: -0.15, 0.03, -0.96
Gyro: -1.49, -0.52, -1.37
Accel: -0.15, 0.03, -0.95
Gyro: -1.15, -0.99, -1.02
Accel: -0.15, 0.03, -0.96
Gyro: -1.16, -1.60, -0.79
