Accel: -0.12, 0.05, -0.98
Gyro: -2.76, -1.32, -1.01
Accel: -0.12, 0.04, -0.97
Gyro: -2.83, -0.72, -1.37
Accel: -0.12, 0.04, -0.96
Gyro: -2.49, -0.69, -1.72
Accel: -0.13, 0.04, -0.97
Gyro: -2.56, -0.65, -1.74
Accel: -0.12, 0.05, -0.97
Gyro: -2.95, 0.29, -1.34
Accel: -0.12, 0.04, -0.97
Gyro: -1.71, 0.50, -0.72
Accel: -0.11, 0.04, -0.96
Gyro: -2.24, 0.55, -1.12
Accel: -0.12, 0.04, -0.96
Gyro: -1.63, 0.63, -1.12
Accel: -0.11, 0.04, -0.97
Gyro: -1.67, 0.51, -1.34
Accel: -0.11, 0.04, -0.96
Gyro: -1.85, 0.60, -1.17
Accel: -0.11, 0.04, -0.96
Gyro: -1.30, -0.25, -0.79
Accel: -0.11, 0.04, -0.96
Gyro: -1.24, -1.29, -1.01
Accel: -0.11, 0.04, -0.97
Gyro: -2.33, -0.92, -1.05
Accel: -0.11, 0.04, -0.97
Gyro: -2.51, -0.37, -1.05
Accel: -0.11, 0.04, -0.96
Gyro: -2.37, -0.50, -1.59
Accel: -0.11, 0.04, -0.96
Gyro: -2.08, -0.72, -2.13
Accel: -0.11, 0.04, -0.96
Gyro: -2.56, -0.74, -2.00
Accel: -0.11, 0.04, -0.97
Gyro: -2.58, -0.37, -1.32
Accel: -0.12, 0.04, -0.96
Gyro: -2.11, -0.47, -0.96
Accel: -0.11, 0.04, -0.97
Gyro: -2.28, 0.48, -1.16
Accel: -0.11, 0.04, -0.96
Gyro: -1.98, 0.17, -1.21
Accel: -0.11, 0.05, -0.96
Gyro: -2.02, -0.22, -1.13
Accel: -0.11, 0.04, -0.96
Gyro: -1.66, -0.95, -1.21
Accel: -0.11, 0.04, -0.97
Gyro: -1.81, -0.39, -0.85
Accel: -0.11, 0.05, -0.96
Gyro: -1.19, -1.27, -0.83
Accel: -0.11, 0.03, -0.96
Gyro: -2.37, -1.81, -0.98
Accel: -0.12, 0.04, -0.96
Gyro: -2.40, -1.66, -1.08
Accel: -0.12, 0.04, -0.96
Gyro: -2.56, -1.68, -1.40
Accel: -0.12, 0.04, -0.96
Gyro: -2.56, -0.97, -1.82
Accel: -0.12, 0.04, -0.97
Gyro: -2.14, -0.40, -1.78
Accel: -0.12, 0.04, -0.97
Gyro: -2.33, 0.11, -1.55
Accel: -0.12, 0.05, -0.97
Gyro: -2.36, 1.08, -1.46
Accel: -0.12, 0.05, -0.97
Gyro: -1.14, 0.79, -0.99
Accel: -0.11, 0.05, -0.96
Gyro: -1.82, 1.21, -1.06
Accel: -0.11, 0.04, -0.97
Gyro: -1.26, 0.89, -0.82
Accel: -0.10, 0.04, -0.97
Gyro: -1.18, 1.08, -0.92
Accel: -0.10, 0.04, -0.96
Gyro: -1.38, 0.86, -0.82
Accel: -0.11, 0.04, -0.96
Gyro: -1.28, 0.13, -0.89
Accel: -0.10, 0.04, -0.97
Gyro: -2.08, -0.21, -1.11
Accel: -0.10, 0.04, -0.97
Gyro: -2.44, -0.94, -1.20
Accel: -0.11, 0.04, -0.97
Gyro: -2.45, -0.99, -1.23
Accel: -0.11, 0.04, -0.97
Gyro: -2.14, -1.07, -1.71
Accel: -0.11, 0.04, -0.97
Gyro: -2.57, -1.16, -1.52
Accel: -0.10, 0.04, -0.97
Gyro: -2.49, -1.05, -1.27
Accel: -0.11, 0.04, -0.96
Gyro: -2.35, -1.53, -1.13
Accel: -0.11, 0.04, -0.97
Gyro: -2.47, -1.66, -1.02
Accel: -0.11, 0.04, -0.97
Gyro: -2.48, -1.45, -0.98
Accel: -0.11, 0.04, -0.96
Gyro: -2.75, -1.35, -1.23
Accel: -0.11, 0.04, -0.97
Gyro: -2.44, -1.58, -1.30
Accel: -0.11, 0.05, -0.96
Gyro: -2.28, -0.87, -1.54
Accel: -0.11, 0.04, -0.96
Gyro: -1.45, -1.72, -1.46
Accel: -0.11, 0.04, -0.97
Gyro: -2.69, -2.63, -1.50
Accel: -0.11, 0.04, -0.97
Gyro: -2.40, -3.36, -1.01
Accel: -0.12, 0.04, -0.98
Gyro: -3.27, -2.78, -1.30
Accel: -0.12, 0.04, -0.97
Gyro: -3.04, -2.59, -1.71
Accel: -0.12, 0.04, -0.97
Gyro: -2.54, -2.26, -2.07
Accel: -0.13, 0.04, -0.97
Gyro: -2.94, -1.50, -1.73
Accel: -0.13, 0.05, -0.96
Gyro: -2.46, -0.84, -1.53
Accel: -0.13, 0.04, -0.97
Gyro: -2.27, 1.08, -0.83
Accel: -0.12, 0.05, -0.95
Gyro: -1.95, 0.45, -1.12
Accel: -0.12, 0.04, -0.98
Gyro: -1.69, 0.47, -1.17
Accel: -0.12, 0.04, -0.96
Gyro: -1.59, 0.71, -1.48
Accel: -0.11, 0.04, -0.97
Gyro: -1.87, 0.46, -1.73
Accel: -0.11, 0.04, -0.96
Gyro: -1.76, 0.39, -1.38
Accel: -0.11, 0.04, -0.96
Gyro: -2.20, 0.24, -1.24
Accel: -0.11, 0.04, -0.96
Gyro: -2.75, -0.37, -1.69
Accel: -0.11, 0.04, -0.96
Gyro: -2.41, -0.56, -1.66
Accel: -0.11, 0.04, -0.97
Gyro: -2.53, 0.17, -1.80
Accel: -0.11, 0.04, -0.97
Gyro: -2.53, -0.24, -1.43
Accel: -0.11, 0.04, -0.96
Gyro: -2.43, -0.22, -1.39
Accel: -0.12, 0.04, -0.98
Gyro: -2.78, 0.04, -1.74
Accel: -0.12, 0.04, -0.96
Gyro: -2.43, 0.08, -1.64
Accel: -0.11, 0.04, -0.96
Gyro: -2.83, 0.14, -1.73
Accel: -0.11, 0.05, -0.98
Gyro: -3.16, 0.08, -1.58
Accel: -0.11, 0.04, -0.97
Gyro: -2.98, 2.07, -1.88
Accel: -0.11, 0.04, -0.96
Gyro: -2.30, 2.07, -1.83
Accel: -0.12, 0.04, -0.96
Gyro: -3.40, 2.34, -2.48
Accel: -0.11, 0.04, -0.96
Gyro: -3.07, 1.88, -2.86
Accel: -0.11, 0.05, -0.96
Gyro: -3.28, 1.37, -3.01
Accel: -0.11, 0.06, -0.97
Gyro: -3.39, 1.70, -3.12
Accel: -0.12, 0.04, -0.97
Gyro: -1.53, 2.23, -2.44
Accel: -0.11, 0.05, -0.97
Gyro: -2.65, 2.78, -2.39
Accel: -0.11, 0.05, -0.96
Gyro: -1.55, 2.91, -2.05
Accel: -0.10, 0.05, -0.96
Gyro: -1.72, 3.14, -1.73
Accel: -0.10, 0.05, -0.96
Gyro: -1.40, 2.82, -1.37
Accel: -0.10, 0.05, -0.97
Gyro: -0.85, 2.01, -1.24
Accel: -0.10, 0.06, -0.96
Gyro: -1.22, 1.42, -0.99
Accel: -0.08, 0.05, -0.96
Gyro: -0.82, 0.50, -0.37
Accel: -0.09, 0.05, -0.96
Gyro: -0.92, -0.18, -0.11
Accel: -0.08, 0.05, -0.96
Gyro: -1.06, -0.23, 0.40
Accel: -0.08, 0.04, -0.96
Gyro: -0.89, -2.19, 0.60
Accel: -0.09, 0.04, -0.96
Gyro: -1.66, -4.29, 0.37
Accel: -0.09, 0.04, -0.96
Gyro: -2.57, -6.34, -0.18
Accel: -0.10, 0.04, -0.97
Gyro: -2.87, -7.68, 0.08
Accel: -0.10, 0.05, -0.96
Gyro: -3.21, -8.65, 0.96
Accel: -0.11, 0.05, -0.94
Gyro: -2.12, -11.81, 2.59
Accel: -0.13, 0.05, -0.94
Gyro: -2.20, -15.29, 3.72
Accel: -0.13, 0.03, -0.97
Gyro: -3.86, -15.06, 4.18
Accel: -0.15, 0.03, -1.02
Gyro: -5.68, -10.03, 3.11
Accel: -0.14, 0.04, -0.98
Gyro: -5.45, -5.31, 1.38
Accel: -0.14, 0.04, -0.97
Gyro: -4.33, -3.82, 0.02
