Accel: -0.15, 0.04, -0.97
Gyro: -2.75, -0.60, -1.15
Accel: -0.15, 0.04, -0.96
Gyro: -1.33, -0.10, -0.75
Accel: -0.15, 0.04, -0.96
Gyro: -1.61, -0.08, -0.91
Accel: -0.14, 0.04, -0.96
Gyro: -1.12, -0.07, -1.16
Accel: -0.15, 0.04, -0.97
Gyro: -0.86, -0.18, -1.41
Accel: -0.14, 0.04, -0.95
Gyro: -0.89, 0.24, -0.81
Accel: -0.14, 0.03, -0.96
Gyro: -0.42, -0.23, -0.40
Accel: -0.14, 0.03, -0.96
Gyro: -1.10, -0.59, -0.36
Accel: -0.14, 0.03, -0.96
Gyro: -1.60, -0.92, -0.98
Accel: -0.14, 0.02, -0.96
Gyro: -1.96, -1.04, -1.23
Accel: -0.15, 0.02, -0.96
Gyro: -1.93, -0.96, -1.45
Accel: -0.14, 0.03, -0.96
Gyro: -2.07, -0.99, -1.63
Accel: -0.15, 0.03, -0.96
Gyro: -1.73, -1.49, -1.62
Accel: -0.14, 0.04, -0.96
Gyro: -1.88, -1.64, -0.98
Accel: -0.15, 0.03, -0.96
Gyro: -1.78, -1.30, -0.95
Accel: -0.15, 0.02, -0.96
Gyro: -2.00, -1.30, -1.20
Accel: -0.15, 0.03, -0.97
Gyro: -2.30, -0.79, -1.35
Accel: -0.15, 0.03, -0.96
Gyro: -2.04, -0.80, -1.54
Accel: -0.15, 0.04, -0.95
Gyro: -2.12, -0.92, -1.57
Accel: -0.16, 0.04, -0.98
Gyro: -1.85, -0.79, -1.05
Accel: -0.14, 0.04, -0.97
Gyro: -1.84, 1.08, -0.50
Accel: -0.14, 0.02, -0.95
Gyro: -0.58, 0.53, -0.24
Accel: -0.15, 0.03, -0.97
Gyro: -2.87, 0.95, -0.56
Accel: -0.14, 0.03, -0.95
Gyro: -1.49, -1.43, -0.69
Accel: -0.15, 0.02, -0.97
Gyro: -2.99, -1.15, -1.15
Accel: -0.15, 0.03, -0.96
Gyro: -2.55, -1.70, -1.50
Accel: -0.15, 0.03, -0.96
Gyro: -2.49, -1.48, -1.73
Accel: -0.16, 0.03, -0.97
Gyro: -3.56, -1.38, -1.48
Accel: -0.15, 0.04, -0.96
Gyro: -3.20, -0.85, -1.78
Accel: -0.16, 0.03, -0.96
Gyro: -2.16, 0.05, -1.24
Accel: -0.15, 0.03, -0.96
Gyro: -2.22, 0.06, -1.37
Accel: -0.15, 0.04, -0.97
Gyro: -1.91, 0.69, -1.00
Accel: -0.15, 0.03, -0.95
Gyro: -2.05, 0.73, -1.07
Accel: -0.14, 0.03, -0.96
Gyro: -1.88, -0.01, -1.30
Accel: -0.14, 0.04, -0.96
Gyro: -1.61, -0.14, -1.11
Accel: -0.15, 0.03, -0.96
Gyro: -1.92, -0.80, -0.86
Accel: -0.14, 0.03, -0.96
Gyro: -2.28, -1.34, -0.77
Accel: -0.14, 0.03, -0.95
Gyro: -1.95, -1.01, -0.73
Accel: -0.14, 0.03, -0.96
Gyro: -2.13, -1.14, -1.22
Accel: -0.15, 0.03, -0.97
Gyro: -2.14, -0.92, -1.22
Accel: -0.15, 0.03, -0.96
Gyro: -2.30, -0.82, -1.28
Accel: -0.15, 0.03, -0.96
Gyro: -2.26, -0.82, -1.21
Accel: -0.15, 0.03, -0.95
Gyro: -2.07, -0.95, -1.05
Accel: -0.15, 0.03, -0.96
Gyro: -2.12, -1.08, -0.92
Accel: -0.15, 0.03, -0.96
Gyro: -2.11, -1.39, -1.26
Accel: -0.15, 0.03, -0.96
Gyro: -2.58, -1.16, -1.01
Accel: -0.15, 0.03, -0.96
Gyro: -2.27, -1.55, -0.95
Accel: -0.15, 0.03, -0.97
Gyro: -2.37, -0.58, -1.05
Accel: -0.14, 0.04, -0.95
Gyro: -1.23, -1.59, -1.27
Accel: -0.14, 0.03, -0.95
Gyro: -2.08, -2.20, -0.88
Accel: -0.16, 0.03, -0.96
Gyro: -2.23, -2.68, -0.57
Accel: -0.16, 0.03, -0.96
Gyro: -3.02, -2.13, -1.07
Accel: -0.15, 0.03, -0.97
Gyro: -2.85, -1.71, -1.33
Accel: -0.15, 0.04, -0.96
Gyro: -2.49, -1.43, -2.08
Accel: -0.16, 0.04, -0.98
Gyro: -2.62, -1.17, -1.37
Accel: -0.15, 0.04, -0.96
Gyro: -2.98, -0.14, -1.30
Accel: -0.16, 0.04, -0.96
Gyro: -1.76, 0.03, -0.69
Accel: -0.15, 0.03, -0.96
Gyro: -2.26, 0.24, -1.05
Accel: -0.15, 0.04, -0.96
Gyro: -1.87, 0.34, -0.91
Accel: -0.15, 0.03, -0.97
Gyro: -1.94, 0.33, -1.06
Accel: -0.15, 0.04, -0.96
Gyro: -1.72, 0.17, -0.97
Accel: -0.15, 0.04, -0.95
Gyro: -1.20, -0.02, -0.56
Accel: -0.15, 0.03, -0.95
Gyro: -1.37, -0.76, -0.50
Accel: -0.15, 0.03, -0.96
Gyro: -2.17, -1.01, -0.69
Accel: -0.14, 0.03, -0.96
Gyro: -2.22, -0.53, -1.04
Accel: -0.15, 0.03, -0.96
Gyro: -2.25, -0.06, -1.38
Accel: -0.15, 0.04, -0.96
Gyro: -1.85, -0.16, -1.50
Accel: -0.15, 0.04, -0.96
Gyro: -2.16, -0.10, -1.22
Accel: -0.14, 0.04, -0.96
Gyro: -2.11, -0.21, -0.79
Accel: -0.14, 0.03, -0.96
Gyro: -1.77, -0.53, -0.64
Accel: -0.15, 0.04, -0.96
Gyro: -1.95, -0.98, -0.67
Accel: -0.15, 0.03, -0.95
Gyro: -2.01, -0.40, -0.99
Accel: -0.15, 0.04, -0.95
Gyro: -2.06, -0.81, -1.53
Accel: -0.15, 0.04, -0.97
Gyro: -2.24, -0.10, -1.24
Accel: -0.15, 0.04, -0.96
Gyro: -0.95, -0.13, -1.29
Accel: -0.14, 0.03, -0.96
Gyro: -1.82, -1.08, -0.97
Accel: -0.15, 0.03, -0.95
Gyro: -2.32, -1.75, -0.79
Accel: -0.15, 0.03, -0.96
Gyro: -2.66, -1.43, -0.89
Accel: -0.15, 0.04, -0.96
Gyro: -2.89, -1.03, -1.79
Accel: -0.15, 0.04, -0.96
Gyro: -2.49, -1.12, -2.14
Accel: -0.16, 0.04, -0.97
Gyro: -2.08, -0.66, -1.66
Accel: -0.15, 0.04, -0.96
Gyro: -2.87, 0.56, -1.39
Accel: -0.15, 0.05, -0.97
Gyro: -1.27, 0.42, -0.71
Accel: -0.14, 0.04, -0.96
Gyro: -1.80, 0.95, -0.78
Accel: -0.15, 0.04, -0.96
Gyro: -1.40, 0.43, -0.67
Accel: -0.14, 0.03, -0.96
Gyro: -1.67, 0.47, -1.02
Accel: -0.14, 0.03, -0.96
Gyro: -1.67, 0.28, -1.08
Accel: -0.14, 0.04, -0.96
Gyro: -1.18, -0.09, -0.79
Accel: -0.14, 0.03, -0.96
Gyro: -1.27, -0.70, -0.69
Accel: -0.14, 0.03, -0.96
Gyro: -1.98, -0.98, -0.53
Accel: -0.15, 0.03, -0.96
Gyro: -2.40, -0.78, -0.71
Accel: -0.14, 0.03, -0.96
Gyro: -2.46, -1.10, -1.66
Accel: -0.15, 0.03, -0.97
Gyro: -2.30, -0.85, -1.89
Accel: -0.15, 0.04, -0.97
Gyro: -2.55, -0.51, -1.97
Accel: -0.15, 0.04, -0.96
Gyro: -2.47, -0.53, -1.81
Accel: -0.14, 0.04, -0.96
Gyro: -2.09, -0.40, -1.57
Accel: -0.15, 0.03, -0.95
Gyro: -1.75, -0.19, -1.36
Accel: -0.14, 0.03, -0.96
Gyro: -1.69, -0.02, -0.96
Accel: -0.14, 0.03, -0.96
Gyro: -1.70, -0.25, -0.95
Accel: -0.14, 0.03, -0.95
Gyro: -1.79, -0.63, -0.82
Accel: -0.15, 0.03, -0.97
Gyro: -2.46, 0.05, -1.27
