Accel: -0.11, 0.11, -0.97
Gyro: 9.19, -4.49, -2.17
Accel: -0.12, 0.13, -0.98
Gyro: 7.88, -2.25, 0.47
Accel: -0.12, 0.11, -0.96
Gyro: 8.17, -1.30, 3.64
Accel: -0.11, 0.09, -0.94
Gyro: 6.52, -2.37, 4.75
Accel: -0.11, 0.10, -0.95
Gyro: 6.24, -3.77, 4.34
Accel: -0.12, 0.10, -0.98
Gyro: 7.14, -3.65, 3.73
Accel: -0.13, 0.10, -0.98
Gyro: 8.45, -0.85, 4.17
Accel: -0.12, 0.09, -0.97
Gyro: 10.75, 1.34, 5.57
Accel: -0.10, 0.11, -0.94
Gyro: 11.96, 1.09, 6.38
Accel: -0.08, 0.14, -0.93
Gyro: 16.20, -2.91, 6.45
Accel: -0.07, 0.18, -0.90
Gyro: 27.89, -8.88, 7.05
Accel: -0.07, 0.20, -0.89
Gyro: 46.02, -14.68, 7.18
Accel: -0.09, 0.21, -0.88
Gyro: 67.60, -19.42, 8.85
Accel: -0.12, 0.21, -0.88
Gyro: 92.72, -21.98, 13.53
Accel: -0.14, 0.14, -0.86
Gyro: 119.06, -24.37, 22.16
Accel: -0.16, 0.06, -0.84
Gyro: 139.35, -24.51, 31.85
Accel: -0.18, -0.10, -0.79
Gyro: 149.24, -24.07, 41.84
Accel: -0.19, -0.20, -0.70
Gyro: 148.73, -30.33, 50.39
Accel: -0.23, -0.29, -0.72
Gyro: 144.31, -37.33, 61.15
Accel: -0.27, -0.45, -0.69
Gyro: 131.75, -40.31, 68.76
Accel: -0.31, -0.67, -0.66
Gyro: 120.16, -42.40, 61.77
Accel: -0.34, -0.77, -0.64
Gyro: 106.93, -46.49, 43.29
Accel: -0.38, -0.74, -0.72
Gyro: 92.65, -39.95, 30.01
Accel: -0.39, -0.72, -0.63
Gyro: 75.95, -37.00, 26.51
Accel: -0.41, -0.68, -0.56
Gyro: 68.57, -42.05, 28.97
Accel: -0.49, -0.68, -0.64
Gyro: 61.33, -40.41, 34.43
Accel: -0.50, -0.72, -0.57
Gyro: 49.40, -33.86, 38.21
Accel: -0.56, -0.82, -0.50
Gyro: 37.62, -37.06, 37.82
Accel: -0.66, -0.86, -0.64
Gyro: 26.58, -29.99, 26.75
Accel: -0.67, -0.86, -0.67
Gyro: 17.03, -9.57, 12.39
Accel: -0.64, -0.85, -0.57
Gyro: 4.78, 3.74, 1.33
Accel: -0.63, -0.82, -0.57
Gyro: -9.12, 10.02, -4.08
Accel: -0.63, -0.77, -0.62
Gyro: -23.09, 23.69, -7.28
Accel: -0.56, -0.73, -0.52
Gyro: -29.85, 29.52, -5.52
Accel: -0.55, -0.78, -0.55
Gyro: -42.10, 28.02, -5.20
Accel: -0.54, -0.71, -0.60
Gyro: -51.43, 33.23, -8.22
Accel: -0.50, -0.74, -0.55
Gyro: -56.59, 36.30, -7.55
Accel: -0.47, -0.71, -0.60
Gyro: -66.38, 33.87, -16.51
Accel: -0.44, -0.59, -0.62
Gyro: -65.74, 36.96, -21.51
Accel: -0.41, -0.60, -0.61
Gyro: -64.23, 32.33, -23.47
Accel: -0.40, -0.57, -0.68
Gyro: -66.24, 29.45, -27.95
Accel: -0.37, -0.51, -0.71
Gyro: -65.74, 30.43, -27.11
Accel: -0.35, -0.54, -0.71
Gyro: -68.31, 28.31, -25.69
Accel: -0.33, -0.49, -0.76
Gyro: -76.59, 26.76, -29.82
Accel: -0.30, -0.39, -0.76
Gyro: -71.58, 27.44, -29.27
Accel: -0.30, -0.42, -0.75
Gyro: -68.13, 23.35, -28.85
Accel: -0.28, -0.37, -0.85
Gyro: -70.76, 21.93, -32.43
Accel: -0.26, -0.30, -0.83
Gyro: -68.48, 23.16, -32.29
Accel: -0.24, -0.30, -0.82
Gyro: -63.17, 20.03, -30.02
Accel: -0.23, -0.27, -0.90
Gyro: -64.33, 20.90, -30.13
Accel: -0.21, -0.22, -0.90
Gyro: -61.33, 23.28, -28.59
Accel: -0.18, -0.22, -0.86
Gyro: -57.11, 20.38, -28.04
Accel: -0.17, -0.18, -0.86
Gyro: -56.47, 15.73, -28.34
Accel: -0.16, -0.16, -0.87
Gyro: -53.59, 11.34, -27.40
Accel: -0.17, -0.18, -0.90
Gyro: -53.78, 7.93, -28.41
Accel: -0.17, -0.09, -0.96
Gyro: -56.36, 9.60, -29.42
Accel: -0.15, -0.03, -0.95
Gyro: -51.06, 11.51, -25.12
Accel: -0.14, -0.02, -0.94
Gyro: -43.61, 11.38, -22.03
Accel: -0.13, -0.04, -0.96
Gyro: -37.16, 9.45, -20.09
Accel: -0.12, 0.00, -0.96
Gyro: -36.32, 9.85, -19.36
Accel: -0.11, 0.01, -0.93
Gyro: -33.16, 10.33, -16.55
Accel: -0.10, 0.02, -0.91
Gyro: -29.63, 6.22, -14.54
Accel: -0.11, 0.02, -0.95
Gyro: -27.77, 2.38, -13.71
Accel: -0.11, 0.03, -0.98
Gyro: -27.60, 3.22, -12.64
Accel: -0.09, 0.04, -0.95
Gyro: -28.27, 2.96, -12.37
Accel: -0.09, 0.06, -0.95
Gyro: -26.84, 1.35, -12.05
Accel: -0.09, 0.09, -0.97
Gyro: -24.18, 0.83, -10.53
Accel: -0.09, 0.08, -0.94
Gyro: -22.01, 0.57, -8.96
Accel: -0.09, 0.08, -0.96
Gyro: -18.98, -1.12, -8.30
Accel: -0.09, 0.10, -0.96
Gyro: -16.28, -1.88, -8.16
Accel: -0.10, 0.11, -0.96
Gyro: -12.84, -1.63, -7.85
Accel: -0.10, 0.12, -0.95
Gyro: -9.14, -2.01, -5.87
Accel: -0.10, 0.11, -0.97
Gyro: -8.41, -1.98, -4.36
Accel: -0.11, 0.11, -0.96
Gyro: -6.87, -1.82, -3.14
Accel: -0.11, 0.11, -0.97
Gyro: -5.56, -1.99, -1.82
Accel: -0.10, 0.11, -0.95
Gyro: -4.12, -2.73, -1.13
Accel: -0.11, 0.10, -0.95
Gyro: -3.75, -3.67, -0.68
Accel: -0.12, 0.09, -0.95
Gyro: -3.32, -4.33, -0.06
Accel: -0.12, 0.10, -0.97
Gyro: -3.17, -4.37, 0.15
Accel: -0.13, 0.11, -0.99
Gyro: -3.14, -2.36, 1.03
Accel: -0.13, 0.11, -0.96
Gyro: 0.11, -1.23, 1.59
Accel: -0.12, 0.09, -0.96
Gyro: 1.46, -1.05, 2.29
Accel: -0.12, 0.08, -0.98
Gyro: 0.10, -0.01, 1.33
Accel: -0.13, 0.08, -0.97
Gyro: 0.10, 1.92, 0.43
Accel: -0.11, 0.08, -0.95
Gyro: 1.66, 1.31, -0.85
Accel: -0.11, 0.08, -0.96
Gyro: 1.68, 0.27, -0.57
Accel: -0.11, 0.08, -0.96
Gyro: 0.37, 0.24, -0.38
Accel: -0.11, 0.08, -0.95
Gyro: 0.14, -0.31, 0.08
Accel: -0.12, 0.07, -0.95
Gyro: 0.33, -1.63, 0.08
Accel: -0.12, 0.07, -0.96
Gyro: -0.37, -1.70, -0.27
Accel: -0.11, 0.07, -0.97
Gyro: -1.72, -0.71, -1.05
Accel: -0.11, 0.07, -0.95
Gyro: -1.55, -0.89, -1.43
Accel: -0.11, 0.09, -0.95
Gyro: 0.07, -3.05, -1.34
Accel: -0.12, 0.07, -0.98
Gyro: -0.17, -2.45, -0.23
Accel: -0.12, 0.08, -0.97
Gyro: -0.70, -0.92, 0.44
Accel: -0.11, 0.08, -0.95
Gyro: 0.46, -1.22, 0.53
Accel: -0.12, 0.07, -0.97
Gyro: 0.59, -1.61, 0.83
Accel: -0.12, 0.06, -0.97
Gyro: -0.79, -1.01, 0.43
Accel: -0.12, 0.06, -0.94
Gyro: -1.45, -1.75, -0.28
Accel: -0.12, 0.06, -0.96
Gyro: -1.68, -2.37, -0.75
Accel: -0.12, 0.06, -0.97
Gyro: -1.70, -1.72, -1.14
