Accel: -0.09, 0.15, -0.95
Gyro: -1.56, -0.69, -0.79
Accel: -0.07, 0.15, -0.95
Gyro: -1.20, -0.98, -1.06
Accel: -0.08, 0.15, -0.95
Gyro: -0.34, -1.85, -1.14
Accel: -0.08, 0.15, -0.95
Gyro: -0.61, -2.14, -1.05
Accel: -0.07, 0.15, -0.96
Gyro: -1.80, -2.43, -1.04
Accel: -0.08, 0.17, -0.96
Gyro: -0.18, -3.04, -0.30
Accel: -0.08, 0.15, -0.96
Gyro: 0.04, -3.54, 0.18
Accel: -0.09, 0.16, -0.96
Gyro: 0.53, -2.62, 0.76
Accel: -0.08, 0.17, -0.96
Gyro: 1.66, -1.93, 0.87
Accel: -0.08, 0.17, -0.95
Gyro: 3.48, -2.33, 1.75
Accel: -0.07, 0.21, -0.94
Gyro: 6.35, -4.20, 2.89
Accel: -0.07, 0.24, -0.94
Gyro: 13.39, -7.98, 3.55
Accel: -0.08, 0.26, -0.92
Gyro: 26.12, -10.91, 5.80
Accel: -0.07, 0.27, -0.91
Gyro: 40.50, -14.03, 8.59
Accel: -0.07, 0.26, -0.90
Gyro: 56.02, -18.76, 13.51
Accel: -0.09, 0.21, -0.90
Gyro: 70.36, -23.18, 18.59
Accel: -0.10, 0.18, -0.89
Gyro: 83.03, -26.53, 24.02
Accel: -0.12, 0.11, -0.86
Gyro: 97.04, -30.45, 30.05
Accel: -0.14, 0.04, -0.88
Gyro: 108.25, -32.60, 35.48
Accel: -0.16, -0.04, -0.86
Gyro: 115.07, -32.62, 38.62
Accel: -0.18, -0.10, -0.79
Gyro: 127.12, -36.78, 42.68
Accel: -0.22, -0.18, -0.78
Gyro: 133.35, -40.82, 47.82
Accel: -0.26, -0.28, -0.75
Gyro: 131.62, -42.72, 51.20
Accel: -0.31, -0.44, -0.65
Gyro: 128.71, -48.47, 51.63
Accel: -0.40, -0.61, -0.76
Gyro: 115.00, -53.05, 48.12
Accel: -0.48, -0.61, -0.91
Gyro: 95.18, -35.55, 39.30
Accel: -0.42, -0.59, -0.78
Gyro: 72.87, -14.04, 31.11
Accel: -0.40, -0.62, -0.56
Gyro: 78.64, -19.91, 28.39
Accel: -0.42, -0.66, -0.62
Gyro: 70.72, -29.53, 22.71
Accel: -0.46, -0.65, -0.66
Gyro: 63.76, -28.55, 19.20
Accel: -0.50, -0.72, -0.68
Gyro: 55.84, -24.59, 18.49
Accel: -0.54, -0.74, -0.68
Gyro: 41.95, -12.85, 13.95
Accel: -0.51, -0.69, -0.59
Gyro: 34.23, -5.61, 11.41
Accel: -0.51, -0.74, -0.57
Gyro: 28.54, -6.34, 11.57
Accel: -0.52, -0.78, -0.57
Gyro: 17.55, -6.63, 5.21
Accel: -0.54, -0.72, -0.62
Gyro: 9.62, -4.58, 0.34
Accel: -0.54, -0.72, -0.57
Gyro: -0.02, 2.40, 0.73
Accel: -0.53, -0.72, -0.59
Gyro: -6.33, 3.26, 5.57
Accel: -0.54, -0.76, -0.62
Gyro: -16.52, 12.25, 6.30
Accel: -0.52, -0.78, -0.56
Gyro: -27.77, 14.60, 4.13
Accel: -0.55, -0.83, -0.62
Gyro: -42.96, 17.29, -1.79
Accel: -0.55, -0.81, -0.66
Gyro: -58.60, 27.00, -12.86
Accel: -0.49, -0.72, -0.61
Gyro: -66.06, 31.43, -18.94
Accel: -0.45, -0.67, -0.58
Gyro: -72.80, 28.72, -22.05
Accel: -0.45, -0.63, -0.67
Gyro: -79.86, 26.37, -25.83
Accel: -0.42, -0.52, -0.68
Gyro: -83.51, 29.90, -26.74
Accel: -0.38, -0.45, -0.67
Gyro: -80.49, 27.39, -21.85
Accel: -0.36, -0.48, -0.72
Gyro: -78.00, 21.58, -19.42
Accel: -0.38, -0.44, -0.81
Gyro: -81.55, 22.87, -23.64
Accel: -0.35, -0.39, -0.81
Gyro: -82.18, 27.14, -25.18
Accel: -0.33, -0.38, -0.81
Gyro: -84.14, 27.61, -27.25
Accel: -0.30, -0.32, -0.82
Gyro: -85.19, 28.00, -30.45
Accel: -0.28, -0.26, -0.84
Gyro: -80.57, 28.17, -30.54
Accel: -0.25, -0.23, -0.82
Gyro: -78.16, 25.47, -30.30
Accel: -0.23, -0.19, -0.84
Gyro: -78.51, 21.79, -31.31
Accel: -0.22, -0.13, -0.87
Gyro: -75.73, 19.12, -33.54
Accel: -0.20, -0.07, -0.89
Gyro: -67.89, 17.52, -33.50
Accel: -0.19, -0.05, -0.89
Gyro: -60.30, 15.17, -31.04
Accel: -0.18, -0.04, -0.91
Gyro: -54.90, 12.29, -28.95
Accel: -0.19, -0.00, -0.94
Gyro: -54.58, 12.14, -27.66
Accel: -0.18, 0.03, -0.94
Gyro: -49.02, 12.30, -24.98
Accel: -0.17, 0.01, -0.96
Gyro: -46.37, 15.30, -22.29
Accel: -0.15, 0.04, -0.97
Gyro: -46.40, 18.11, -22.94
Accel: -0.14, 0.08, -0.94
Gyro: -42.00, 18.44, -22.99
Accel: -0.13, 0.09, -0.92
Gyro: -37.52, 15.85, -18.96
Accel: -0.11, 0.10, -0.92
Gyro: -37.76, 13.20, -16.25
Accel: -0.10, 0.13, -0.93
Gyro: -36.70, 10.25, -14.71
Accel: -0.12, 0.15, -0.97
Gyro: -32.36, 9.52, -12.10
Accel: -0.11, 0.15, -0.95
Gyro: -31.33, 12.01, -10.24
Accel: -0.09, 0.16, -0.91
Gyro: -27.18, 9.51, -10.06
Accel: -0.09, 0.18, -0.94
Gyro: -23.97, 6.31, -9.94
Accel: -0.09, 0.20, -0.94
Gyro: -21.31, 5.25, -7.68
Accel: -0.08, 0.20, -0.92
Gyro: -16.35, 2.33, -5.74
Accel: -0.09, 0.21, -0.95
Gyro: -13.37, 0.45, -5.65
Accel: -0.08, 0.22, -0.95
Gyro: -9.07, -0.27, -5.07
Accel: -0.09, 0.21, -0.94
Gyro: -3.40, -0.76, -3.05
Accel: -0.08, 0.20, -0.95
Gyro: -0.55, -1.94, -1.64
Accel: -0.09, 0.18, -0.94
Gyro: 0.38, -2.66, -0.39
Accel: -0.10, 0.18, -0.95
Gyro: 1.27, -3.55, 0.37
Accel: -0.10, 0.18, -0.97
Gyro: 1.01, -2.87, 1.59
Accel: -0.10, 0.16, -0.97
Gyro: -0.24, -1.71, 2.43
Accel: -0.10, 0.16, -0.95
Gyro: -0.97, -1.37, 1.78
Accel: -0.10, 0.16, -0.95
Gyro: -0.61, -1.71, 0.70
Accel: -0.10, 0.16, -0.94
Gyro: 0.47, -2.59, 0.31
Accel: -0.11, 0.16, -0.96
Gyro: 0.14, -2.31, 0.44
Accel: -0.10, 0.15, -0.96
Gyro: -0.03, -2.27, 0.65
Accel: -0.10, 0.15, -0.94
Gyro: -0.19, -2.76, 0.21
Accel: -0.10, 0.15, -0.95
Gyro: 0.01, -3.05, -0.26
Accel: -0.10, 0.15, -0.95
Gyro: -0.60, -3.08, -0.90
Accel: -0.10, 0.14, -0.96
Gyro: -0.69, -3.27, -1.03
Accel: -0.10, 0.15, -0.96
Gyro: -0.96, -3.27, -1.25
Accel: -0.10, 0.15, -0.96
Gyro: -0.73, -3.46, -0.89
Accel: -0.11, 0.15, -0.99
Gyro: -0.59, -3.11, -0.90
Accel: -0.11, 0.16, -0.96
Gyro: -0.55, -1.72, -1.11
Accel: -0.11, 0.15, -0.95
Gyro: 0.10, -1.98, -0.64
Accel: -0.11, 0.15, -0.95
Gyro: -0.12, -2.95, -0.63
Accel: -0.12, 0.15, -0.96
Gyro: -0.28, -3.47, -0.29
Accel: -0.12, 0.15, -0.95
Gyro: 0.15, -3.31, 0.02
Accel: -0.12, 0.14, -0.95
Gyro: 0.83, -3.58, -0.14
Accel: -0.13, 0.14, -0.96
Gyro: 1.52, -4.10, -0.08
Accel: -0.13, 0.14, -0.97
Gyro: 0.19, -2.92, -0.05
