Accel: -0.11, 0.09, -0.97
Gyro: -2.13, -1.73, -0.27
Accel: -0.11, 0.10, -0.96
Gyro: -2.62, -1.30, -0.69
Accel: -0.11, 0.10, -0.96
Gyro: -2.62, -1.04, -1.37
Accel: -0.11, 0.10, -0.98
Gyro: -2.39, -1.01, -1.77
Accel: -0.11, 0.12, -0.97
Gyro: -1.62, 0.53, -2.35
Accel: -0.11, 0.11, -0.96
Gyro: -0.30, 0.21, -1.73
Accel: -0.11, 0.11, -0.95
Gyro: -1.21, -1.14, -0.96
Accel: -0.11, 0.11, -0.96
Gyro: -1.54, -1.86, -0.14
Accel: -0.10, 0.10, -0.96
Gyro: -1.57, -1.65, -0.11
Accel: -0.10, 0.10, -0.96
Gyro: -1.21, -2.41, -0.80
Accel: -0.10, 0.12, -0.95
Gyro: -0.77, -3.02, -1.46
Accel: -0.09, 0.15, -0.95
Gyro: 0.10, -5.26, -0.09
Accel: -0.10, 0.17, -0.94
Gyro: 3.40, -7.90, 0.11
Accel: -0.11, 0.19, -0.94
Gyro: 10.19, -10.00, 0.76
Accel: -0.11, 0.25, -0.92
Gyro: 19.74, -12.74, 1.39
Accel: -0.12, 0.32, -0.92
Gyro: 41.41, -16.30, 4.33
Accel: -0.13, 0.32, -0.94
Gyro: 69.84, -15.48, 9.44
Accel: -0.15, 0.22, -0.92
Gyro: 95.99, -12.76, 16.72
Accel: -0.15, 0.13, -0.88
Gyro: 110.25, -11.28, 25.24
Accel: -0.15, 0.01, -0.83
Gyro: 117.73, -15.42, 34.92
Accel: -0.17, -0.08, -0.83
Gyro: 117.51, -21.44, 43.60
Accel: -0.20, -0.17, -0.86
Gyro: 116.77, -21.35, 47.45
Accel: -0.20, -0.26, -0.81
Gyro: 115.30, -20.00, 47.34
Accel: -0.22, -0.34, -0.75
Gyro: 113.95, -24.10, 47.04
Accel: -0.25, -0.47, -0.74
Gyro: 111.47, -32.81, 44.78
Accel: -0.30, -0.53, -0.82
Gyro: 100.52, -30.83, 35.73
Accel: -0.31, -0.52, -0.79
Gyro: 92.28, -22.91, 27.11
Accel: -0.31, -0.55, -0.67
Gyro: 93.79, -20.45, 22.61
Accel: -0.41, -0.65, -0.76
Gyro: 108.35, -15.12, 15.69
Accel: -0.45, -0.68, -0.72
Gyro: 100.07, 2.24, 5.46
Accel: -0.41, -0.76, -0.69
Gyro: 81.28, 7.38, 9.87
Accel: -0.38, -0.82, -0.65
Gyro: 52.73, 8.78, 16.76
Accel: -0.37, -0.80, -0.64
Gyro: 35.75, 8.51, 20.13
Accel: -0.38, -0.84, -0.61
Gyro: 25.43, 5.54, 20.21
Accel: -0.39, -0.85, -0.66
Gyro: 8.22, 6.98, 13.11
Accel: -0.37, -0.82, -0.60
Gyro: -4.72, 11.12, 4.84
Accel: -0.36, -0.84, -0.59
Gyro: -10.55, 6.83, -1.60
Accel: -0.38, -0.80, -0.66
Gyro: -23.09, 8.12, -7.55
Accel: -0.36, -0.82, -0.61
Gyro: -34.64, 12.08, -11.11
Accel: -0.35, -0.78, -0.63
Gyro: -44.85, 9.35, -16.07
Accel: -0.34, -0.78, -0.66
Gyro: -53.25, 11.30, -19.53
Accel: -0.33, -0.71, -0.68
Gyro: -63.57, 13.64, -22.45
Accel: -0.31, -0.65, -0.68
Gyro: -67.71, 14.14, -22.95
Accel: -0.29, -0.60, -0.72
Gyro: -71.42, 14.83, -22.36
Accel: -0.27, -0.55, -0.73
Gyro: -72.25, 16.49, -20.85
Accel: -0.26, -0.51, -0.76
Gyro: -71.92, 14.99, -18.54
Accel: -0.24, -0.46, -0.77
Gyro: -74.61, 14.24, -17.33
Accel: -0.25, -0.45, -0.79
Gyro: -73.55, 12.41, -15.65
Accel: -0.23, -0.42, -0.84
Gyro: -78.27, 14.77, -18.30
Accel: -0.22, -0.36, -0.86
Gyro: -76.07, 18.90, -18.39
Accel: -0.20, -0.35, -0.85
Gyro: -71.82, 19.87, -18.66
Accel: -0.19, -0.32, -0.87
Gyro: -74.21, 20.03, -20.27
Accel: -0.17, -0.29, -0.89
Gyro: -75.09, 19.61, -23.57
Accel: -0.15, -0.25, -0.88
Gyro: -73.71, 20.11, -28.77
Accel: -0.12, -0.19, -0.85
Gyro: -68.49, 16.02, -32.70
Accel: -0.10, -0.08, -0.88
Gyro: -58.81, 11.40, -29.26
Accel: -0.11, -0.11, -0.93
Gyro: -53.95, 9.01, -24.90
Accel: -0.13, -0.10, -0.95
Gyro: -55.53, 8.35, -26.21
Accel: -0.12, -0.04, -0.96
Gyro: -55.34, 12.98, -27.22
Accel: -0.11, -0.04, -0.95
Gyro: -48.29, 12.97, -25.46
Accel: -0.09, -0.04, -0.95
Gyro: -44.75, 11.39, -26.05
Accel: -0.08, -0.01, -0.97
Gyro: -47.80, 13.43, -26.36
Accel: -0.06, 0.02, -0.93
Gyro: -45.96, 12.47, -26.15
Accel: -0.05, 0.04, -0.94
Gyro: -42.87, 8.99, -25.18
Accel: -0.05, 0.08, -0.97
Gyro: -40.47, 8.09, -23.35
Accel: -0.04, 0.11, -0.94
Gyro: -37.80, 8.47, -20.41
Accel: -0.03, 0.14, -0.93
Gyro: -31.07, 4.33, -17.85
Accel: -0.04, 0.14, -0.95
Gyro: -24.96, 1.30, -15.38
Accel: -0.03, 0.12, -0.98
Gyro: -23.39, 0.98, -13.19
Accel: -0.04, 0.13, -0.94
Gyro: -24.93, 1.09, -11.77
Accel: -0.03, 0.15, -0.95
Gyro: -22.16, -1.75, -10.61
Accel: -0.04, 0.15, -0.95
Gyro: -20.18, -2.46, -9.20
Accel: -0.04, 0.16, -0.97
Gyro: -19.65, -2.47, -8.14
Accel: -0.05, 0.16, -0.97
Gyro: -18.11, -2.43, -7.19
Accel: -0.05, 0.18, -0.96
Gyro: -17.78, -1.50, -6.76
Accel: -0.05, 0.20, -0.95
Gyro: -14.02, -2.85, -5.36
Accel: -0.05, 0.20, -0.95
Gyro: -9.39, -3.68, -4.55
Accel: -0.06, 0.20, -0.96
Gyro: -5.33, -3.60, -4.26
Accel: -0.07, 0.20, -0.96
Gyro: -2.75, -2.61, -3.93
Accel: -0.06, 0.20, -0.96
Gyro: 0.32, -1.85, -2.32
Accel: -0.06, 0.19, -0.96
Gyro: 2.61, -2.24, -0.60
Accel: -0.06, 0.17, -0.96
Gyro: 1.93, -2.12, 0.58
Accel: -0.07, 0.16, -0.96
Gyro: 1.56, -2.08, 1.51
Accel: -0.06, 0.16, -0.95
Gyro: 0.84, -2.11, 1.39
Accel: -0.07, 0.15, -0.96
Gyro: 0.91, -2.76, 0.79
Accel: -0.05, 0.15, -0.97
Gyro: 0.78, -2.03, -0.19
Accel: -0.06, 0.14, -0.94
Gyro: 0.60, -2.43, -1.11
Accel: -0.07, 0.14, -0.95
Gyro: -0.33, -4.26, -1.45
Accel: -0.07, 0.16, -0.96
Gyro: 0.22, -5.14, -0.72
Accel: -0.07, 0.16, -0.96
Gyro: 0.18, -4.15, 0.51
Accel: -0.08, 0.14, -0.97
Gyro: 0.17, -3.51, 0.54
Accel: -0.08, 0.14, -0.96
Gyro: 0.72, -3.64, 0.26
Accel: -0.08, 0.14, -0.98
Gyro: -0.69, -2.82, -0.23
Accel: -0.09, 0.14, -0.96
Gyro: -0.93, -2.40, -0.38
Accel: -0.09, 0.13, -0.97
Gyro: -1.42, -0.76, -1.14
Accel: -0.08, 0.14, -0.96
Gyro: -1.49, -0.43, -1.84
Accel: -0.07, 0.15, -0.97
Gyro: -1.12, 0.53, -2.13
Accel: -0.08, 0.14, -0.96
Gyro: -0.73, 1.06, -2.02
Accel: -0.07, 0.14, -0.96
Gyro: -0.37, 0.56, -1.79
Accel: -0.07, 0.15, -0.96
Gyro: -0.34, 0.32, -0.92
Accel: -0.07, 0.14, -0.95
Gyro: -0.31, -0.12, -0.64
