Accel: -0.18, 0.05, -0.95
Gyro: -1.88, -1.38, -0.79
Accel: -0.18, 0.05, -0.95
Gyro: -2.27, -1.91, -0.75
Accel: -0.18, 0.05, -0.95
Gyro: -2.88, -1.75, -1.10
Accel: -0.18, 0.06, -0.96
Gyro: -3.09, -1.84, -1.40
Accel: -0.18, 0.07, -0.95
Gyro: -2.30, -2.17, -1.53
Accel: -0.18, 0.06, -0.97
Gyro: -1.72, -2.31, -1.55
Accel: -0.19, 0.06, -0.96
Gyro: -2.42, -0.97, -1.30
Accel: -0.18, 0.06, -0.96
Gyro: -2.69, -0.05, -1.31
Accel: -0.18, 0.07, -0.95
Gyro: -1.82, -0.54, -1.45
Accel: -0.19, 0.06, -0.96
Gyro: -2.36, 0.05, -1.56
Accel: -0.18, 0.07, -0.95
Gyro: -2.56, 0.04, -1.64
Accel: -0.17, 0.06, -0.96
Gyro: -2.29, 0.23, -1.73
Accel: -0.17, 0.07, -0.95
Gyro: -0.95, -0.80, -1.95
Accel: -0.16, 0.08, -0.93
Gyro: -1.49, -2.17, -1.71
Accel: -0.18, 0.13, -0.95
Gyro: 1.52, -3.81, -1.21
Accel: -0.18, 0.16, -0.95
Gyro: 9.98, -4.26, 0.04
Accel: -0.17, 0.16, -0.95
Gyro: 18.26, -3.35, 2.34
Accel: -0.17, 0.16, -0.93
Gyro: 27.69, -3.88, 4.78
Accel: -0.17, 0.15, -0.92
Gyro: 39.21, -6.65, 6.79
Accel: -0.15, 0.12, -0.90
Gyro: 50.51, -11.62, 8.41
Accel: -0.17, 0.07, -0.90
Gyro: 61.80, -15.87, 9.63
Accel: -0.18, 0.04, -0.87
Gyro: 75.31, -18.88, 10.69
Accel: -0.20, -0.02, -0.91
Gyro: 84.36, -19.74, 10.99
Accel: -0.22, -0.06, -0.88
Gyro: 92.22, -18.83, 11.81
Accel: -0.22, -0.12, -0.83
Gyro: 101.00, -22.19, 13.70
Accel: -0.24, -0.20, -0.85
Gyro: 103.95, -24.25, 16.59
Accel: -0.26, -0.26, -0.83
Gyro: 100.36, -24.89, 19.58
Accel: -0.28, -0.37, -0.77
Gyro: 97.44, -28.87, 20.57
Accel: -0.32, -0.42, -0.83
Gyro: 94.06, -27.69, 18.93
Accel: -0.32, -0.41, -0.81
Gyro: 87.80, -20.32, 15.36
Accel: -0.31, -0.48, -0.71
Gyro: 89.85, -19.21, 12.99
Accel: -0.30, -0.56, -0.58
Gyro: 92.03, -29.87, 9.33
Accel: -0.32, -0.56, -0.60
Gyro: 87.78, -41.10, 9.06
Accel: -0.37, -0.67, -0.62
Gyro: 78.90, -47.91, 13.57
Accel: -0.45, -0.77, -0.61
Gyro: 61.93, -50.99, 8.68
Accel: -0.53, -0.68, -0.74
Gyro: 55.02, -41.29, 3.69
Accel: -0.55, -0.68, -0.71
Gyro: 50.92, -19.01, 8.17
Accel: -0.51, -0.72, -0.61
Gyro: 45.91, -7.13, 10.51
Accel: -0.52, -0.77, -0.54
Gyro: 38.85, -6.03, 7.55
Accel: -0.55, -0.77, -0.64
Gyro: 30.88, -2.13, 5.69
Accel: -0.53, -0.78, -0.61
Gyro: 21.16, 9.47, 7.25
Accel: -0.50, -0.81, -0.55
Gyro: 12.15, 15.43, 5.52
Accel: -0.47, -0.80, -0.51
Gyro: 4.84, 15.88, 1.11
Accel: -0.48, -0.77, -0.52
Gyro: -2.05, 16.04, -1.71
Accel: -0.45, -0.78, -0.50
Gyro: -8.75, 15.09, -1.66
Accel: -0.46, -0.78, -0.52
Gyro: -18.01, 12.98, -2.10
Accel: -0.49, -0.80, -0.58
Gyro: -29.91, 14.90, -0.73
Accel: -0.48, -0.81, -0.60
Gyro: -44.67, 22.01, 1.46
Accel: -0.45, -0.77, -0.60
Gyro: -54.53, 25.66, 0.96
Accel: -0.44, -0.75, -0.60
Gyro: -59.27, 28.97, -2.81
Accel: -0.43, -0.74, -0.60
Gyro: -67.11, 29.38, -9.17
Accel: -0.40, -0.64, -0.63
Gyro: -69.96, 29.37, -13.57
Accel: -0.38, -0.60, -0.66
Gyro: -70.78, 28.98, -13.47
Accel: -0.37, -0.55, -0.68
Gyro: -72.35, 29.11, -13.36
Accel: -0.34, -0.52, -0.72
Gyro: -74.01, 28.79, -12.08
Accel: -0.31, -0.49, -0.75
Gyro: -72.41, 29.59, -12.26
Accel: -0.30, -0.47, -0.74
Gyro: -70.66, 27.24, -12.96
Accel: -0.27, -0.42, -0.80
Gyro: -74.82, 25.86, -14.66
Accel: -0.26, -0.35, -0.81
Gyro: -71.95, 24.80, -14.32
Accel: -0.25, -0.37, -0.78
Gyro: -67.28, 21.58, -13.33
Accel: -0.25, -0.32, -0.88
Gyro: -70.02, 20.59, -15.16
Accel: -0.22, -0.26, -0.87
Gyro: -68.89, 23.88, -14.02
Accel: -0.20, -0.24, -0.86
Gyro: -64.32, 23.69, -12.35
Accel: -0.19, -0.22, -0.86
Gyro: -61.94, 20.90, -13.21
Accel: -0.17, -0.21, -0.89
Gyro: -61.45, 17.53, -15.79
Accel: -0.17, -0.16, -0.92
Gyro: -62.38, 16.98, -19.22
Accel: -0.16, -0.12, -0.92
Gyro: -59.27, 16.93, -20.68
Accel: -0.14, -0.10, -0.92
Gyro: -56.41, 16.08, -20.77
Accel: -0.13, -0.06, -0.89
Gyro: -55.05, 14.03, -22.03
Accel: -0.11, -0.03, -0.90
Gyro: -49.65, 8.22, -21.68
Accel: -0.12, -0.01, -0.91
Gyro: -43.34, 2.95, -21.09
Accel: -0.13, 0.02, -0.95
Gyro: -43.63, 2.44, -21.44
Accel: -0.12, 0.05, -0.93
Gyro: -38.44, 0.98, -20.76
Accel: -0.13, 0.09, -0.94
Gyro: -30.11, -0.79, -18.23
Accel: -0.13, 0.10, -0.97
Gyro: -25.41, -0.71, -15.16
Accel: -0.13, 0.09, -0.95
Gyro: -21.17, -0.68, -12.80
Accel: -0.14, 0.09, -0.96
Gyro: -18.23, -0.26, -10.50
Accel: -0.14, 0.09, -0.96
Gyro: -15.06, -0.39, -8.73
Accel: -0.14, 0.09, -0.97
Gyro: -12.37, -0.10, -7.47
Accel: -0.13, 0.10, -0.95
Gyro: -9.58, 0.57, -6.81
Accel: -0.13, 0.09, -0.95
Gyro: -5.81, -0.39, -5.27
Accel: -0.13, 0.09, -0.95
Gyro: -4.02, -1.75, -3.96
Accel: -0.12, 0.08, -0.96
Gyro: -3.85, -2.33, -2.93
Accel: -0.12, 0.08, -0.96
Gyro: -3.88, -2.37, -2.17
Accel: -0.13, 0.08, -0.95
Gyro: -2.17, -2.68, -1.40
Accel: -0.13, 0.07, -0.95
Gyro: -0.92, -3.94, -0.78
Accel: -0.13, 0.07, -0.95
Gyro: -0.11, -4.81, -0.03
Accel: -0.15, 0.06, -0.97
Gyro: -0.59, -4.91, 0.43
Accel: -0.15, 0.04, -0.97
Gyro: -1.79, -3.84, 0.49
Accel: -0.16, 0.05, -0.97
Gyro: -2.75, -2.77, 0.00
Accel: -0.15, 0.05, -0.97
Gyro: -3.01, -2.27, -0.92
Accel: -0.14, 0.06, -0.96
Gyro: -1.63, -1.27, -1.79
Accel: -0.14, 0.06, -0.94
Gyro: 0.04, -2.19, -2.05
Accel: -0.15, 0.05, -0.94
Gyro: 0.47, -3.74, -1.85
Accel: -0.15, 0.05, -0.96
Gyro: 0.13, -4.86, -1.14
Accel: -0.17, 0.05, -0.98
Gyro: -1.77, -3.49, -0.70
Accel: -0.16, 0.05, -0.96
Gyro: -1.52, -2.24, -0.67
Accel: -0.16, 0.05, -0.95
Gyro: -1.27, -3.02, -1.08
Accel: -0.15, 0.05, -0.95
Gyro: -1.88, -2.82, -1.36
Accel: -0.16, 0.05, -0.95
Gyro: -0.84, -3.25, -1.13
Accel: -0.17, 0.05, -0.96
Gyro: -1.05, -2.54, -0.53
