Accel: -0.11, 0.02, -0.98
Gyro: -1.26, -0.74, -1.30
Accel: -0.12, 0.03, -0.96
Gyro: -2.16, -0.05, -1.59
Accel: -0.11, 0.03, -0.96
Gyro: -1.86, 0.16, -1.52
Accel: -0.10, 0.02, -0.97
Gyro: -1.66, -0.92, -1.81
Accel: -0.11, 0.03, -0.98
Gyro: -1.56, -0.02, -1.65
Accel: -0.10, 0.03, -0.97
Gyro: -1.34, 0.98, -0.95
Accel: -0.10, 0.03, -0.95
Gyro: -1.26, -0.33, -0.25
Accel: -0.11, 0.02, -0.97
Gyro: -1.16, -1.69, 0.01
Accel: -0.11, 0.01, -0.98
Gyro: -2.65, -1.24, -0.71
Accel: -0.11, 0.03, -0.98
Gyro: -3.17, 0.08, -1.69
Accel: -0.10, 0.05, -0.95
Gyro: -2.66, -0.65, -2.43
Accel: -0.10, 0.08, -0.95
Gyro: 0.42, -2.46, -1.67
Accel: -0.10, 0.09, -0.96
Gyro: 5.74, -3.61, -0.70
Accel: -0.10, 0.11, -0.96
Gyro: 12.84, -4.20, 0.31
Accel: -0.10, 0.10, -0.95
Gyro: 20.63, -4.49, 0.46
Accel: -0.08, 0.11, -0.93
Gyro: 29.57, -7.42, -1.01
Accel: -0.08, 0.10, -0.92
Gyro: 41.85, -11.71, -2.64
Accel: -0.08, 0.09, -0.91
Gyro: 56.74, -15.36, -2.78
Accel: -0.10, 0.07, -0.91
Gyro: 69.33, -18.11, 0.52
Accel: -0.12, 0.04, -0.90
Gyro: 80.84, -20.97, 6.97
Accel: -0.14, -0.00, -0.87
Gyro: 91.99, -22.93, 16.30
Accel: -0.17, -0.08, -0.81
Gyro: 100.79, -27.97, 27.98
Accel: -0.23, -0.23, -0.88
Gyro: 99.92, -30.11, 37.62
Accel: -0.24, -0.26, -0.88
Gyro: 92.86, -23.35, 41.63
Accel: -0.25, -0.32, -0.76
Gyro: 93.60, -24.00, 46.18
Accel: -0.28, -0.46, -0.75
Gyro: 98.31, -32.30, 46.22
Accel: -0.32, -0.51, -0.82
Gyro: 91.76, -28.66, 39.46
Accel: -0.32, -0.53, -0.77
Gyro: 83.40, -22.35, 32.36
Accel: -0.33, -0.56, -0.68
Gyro: 85.99, -22.67, 27.41
Accel: -0.33, -0.62, -0.63
Gyro: 88.27, -29.47, 23.19
Accel: -0.38, -0.66, -0.65
Gyro: 81.90, -32.32, 20.14
Accel: -0.42, -0.73, -0.66
Gyro: 68.86, -33.90, 19.43
Accel: -0.47, -0.76, -0.72
Gyro: 49.06, -27.50, 18.75
Accel: -0.50, -0.74, -0.75
Gyro: 30.24, -15.13, 19.21
Accel: -0.49, -0.78, -0.66
Gyro: 20.92, -4.84, 18.39
Accel: -0.50, -0.82, -0.66
Gyro: 7.97, -1.11, 11.70
Accel: -0.50, -0.81, -0.66
Gyro: -6.50, 5.13, 3.45
Accel: -0.50, -0.83, -0.65
Gyro: -21.24, 11.01, -5.92
Accel: -0.48, -0.75, -0.65
Gyro: -31.46, 15.81, -14.47
Accel: -0.46, -0.73, -0.66
Gyro: -37.99, 19.27, -14.92
Accel: -0.44, -0.73, -0.66
Gyro: -51.17, 22.39, -15.93
Accel: -0.41, -0.67, -0.67
Gyro: -58.14, 25.23, -18.26
Accel: -0.36, -0.61, -0.65
Gyro: -61.25, 25.81, -20.33
Accel: -0.34, -0.60, -0.65
Gyro: -60.65, 21.62, -21.28
Accel: -0.33, -0.55, -0.71
Gyro: -65.20, 19.29, -23.56
Accel: -0.32, -0.48, -0.73
Gyro: -61.99, 18.22, -20.71
Accel: -0.32, -0.52, -0.74
Gyro: -63.53, 16.08, -19.81
Accel: -0.30, -0.46, -0.80
Gyro: -65.77, 15.98, -21.10
Accel: -0.29, -0.41, -0.83
Gyro: -62.77, 20.00, -18.59
Accel: -0.28, -0.43, -0.81
Gyro: -63.00, 21.19, -18.05
Accel: -0.26, -0.39, -0.84
Gyro: -66.39, 19.97, -18.55
Accel: -0.25, -0.34, -0.86
Gyro: -68.73, 21.74, -18.65
Accel: -0.23, -0.31, -0.85
Gyro: -68.34, 21.68, -17.24
Accel: -0.21, -0.26, -0.86
Gyro: -69.61, 21.48, -16.37
Accel: -0.19, -0.22, -0.87
Gyro: -65.39, 19.22, -15.15
Accel: -0.17, -0.22, -0.87
Gyro: -62.69, 17.49, -17.07
Accel: -0.16, -0.17, -0.89
Gyro: -61.75, 14.61, -20.35
Accel: -0.16, -0.10, -0.91
Gyro: -56.73, 13.73, -22.41
Accel: -0.15, -0.10, -0.91
Gyro: -50.06, 13.53, -22.42
Accel: -0.14, -0.09, -0.92
Gyro: -46.67, 11.58, -22.61
Accel: -0.13, -0.04, -0.93
Gyro: -46.51, 11.14, -22.32
Accel: -0.12, -0.03, -0.93
Gyro: -41.66, 7.28, -21.26
Accel: -0.13, -0.02, -0.94
Gyro: -38.06, 5.26, -20.50
Accel: -0.12, -0.00, -0.96
Gyro: -38.83, 5.68, -20.05
Accel: -0.12, 0.03, -0.95
Gyro: -36.65, 5.68, -19.50
Accel: -0.11, 0.06, -0.95
Gyro: -32.14, 4.79, -18.04
Accel: -0.11, 0.06, -0.95
Gyro: -28.18, 3.98, -16.14
Accel: -0.12, 0.06, -0.98
Gyro: -27.05, 4.55, -15.01
Accel: -0.11, 0.08, -0.98
Gyro: -26.05, 6.60, -13.68
Accel: -0.09, 0.10, -0.95
Gyro: -23.03, 6.65, -12.41
Accel: -0.08, 0.11, -0.94
Gyro: -19.02, 4.83, -10.22
Accel: -0.09, 0.11, -0.94
Gyro: -16.53, 2.55, -7.99
Accel: -0.09, 0.12, -0.95
Gyro: -14.60, 0.90, -5.94
Accel: -0.08, 0.12, -0.94
Gyro: -12.26, -0.93, -4.60
Accel: -0.09, 0.12, -0.95
Gyro: -8.62, -2.93, -2.78
Accel: -0.09, 0.11, -0.99
Gyro: -7.35, -2.66, -1.95
Accel: -0.09, 0.11, -0.97
Gyro: -6.63, -2.19, -1.28
Accel: -0.10, 0.12, -0.96
Gyro: -4.50, -2.30, -1.14
Accel: -0.10, 0.10, -0.96
Gyro: -4.07, -2.05, -0.77
Accel: -0.10, 0.11, -0.96
Gyro: -2.78, -2.96, -0.91
Accel: -0.11, 0.11, -0.96
Gyro: -0.97, -3.62, -0.66
Accel: -0.12, 0.11, -0.97
Gyro: -0.61, -2.85, -0.15
Accel: -0.11, 0.11, -0.96
Gyro: 0.27, -2.19, 0.67
Accel: -0.11, 0.10, -0.96
Gyro: 0.34, -2.15, 1.28
Accel: -0.12, 0.09, -0.98
Gyro: 0.11, -1.53, 0.63
Accel: -0.12, 0.08, -0.96
Gyro: -0.29, -0.36, -0.18
Accel: -0.12, 0.08, -0.96
Gyro: -0.12, 0.37, -0.58
Accel: -0.11, 0.09, -0.95
Gyro: 0.36, -0.23, -1.06
Accel: -0.11, 0.09, -0.97
Gyro: 0.38, -0.36, -0.84
Accel: -0.12, 0.08, -0.96
Gyro: 0.21, -1.01, -0.86
Accel: -0.10, 0.08, -0.95
Gyro: 0.53, -1.53, -0.56
Accel: -0.10, 0.08, -0.96
Gyro: 0.27, -1.51, -0.62
Accel: -0.10, 0.08, -0.95
Gyro: -0.20, -1.53, -0.53
Accel: -0.10, 0.07, -0.96
Gyro: -0.69, -2.59, -0.80
Accel: -0.11, 0.07, -0.97
Gyro: -0.92, -2.53, -0.85
Accel: -0.11, 0.07, -0.97
Gyro: -1.11, -1.48, -0.92
Accel: -0.12, 0.08, -0.96
Gyro: -0.64, -1.38, -1.00
Accel: -0.12, 0.08, -0.96
Gyro: -0.19, -1.56, -0.13
Accel: -0.12, 0.08, -0.97
Gyro: -0.12, -1.11, 0.03
Accel: -0.12, 0.07, -0.98
Gyro: -0.53, 0.47, 0.32
Accel: -0.11, 0.07, -0.96
Gyro: -0.51, 0.92, -0.02
