Accel: -0.10, 0.07, -0.97
Gyro: -1.39, -1.48, -1.38
Accel: -0.11, 0.08, -0.98
Gyro: -1.59, -0.99, -1.36
Accel: -0.10, 0.07, -0.97
Gyro: -1.47, -0.11, -1.37
Accel: -0.10, 0.08, -0.96
Gyro: -0.96, -0.28, -0.98
Accel: -0.10, 0.08, -0.96
Gyro: -1.47, -0.78, -1.06
Accel: -0.10, 0.07, -0.96
Gyro: -1.59, -1.56, -1.21
Accel: -0.11, 0.07, -0.98
Gyro: -2.20, -0.97, -0.98
Accel: -0.11, 0.07, -0.97
Gyro: -3.00, -0.16, -1.63
Accel: -0.10, 0.08, -0.98
Gyro: -3.30, 0.76, -2.20
Accel: -0.09, 0.09, -0.96
Gyro: -1.64, -0.45, -2.53
Accel: -0.10, 0.09, -0.96
Gyro: -1.24, -1.49, -1.67
Accel: -0.10, 0.09, -0.97
Gyro: -1.15, -1.98, -0.97
Accel: -0.10, 0.10, -0.96
Gyro: -1.72, -2.27, -0.25
Accel: -0.09, 0.13, -0.93
Gyro: -0.93, -4.71, -0.72
Accel: -0.10, 0.18, -0.94
Gyro: 7.16, -9.54, -0.71
Accel: -0.09, 0.22, -0.91
Gyro: 20.29, -13.56, -0.69
Accel: -0.10, 0.22, -0.94
Gyro: 35.99, -15.96, 0.37
Accel: -0.11, 0.23, -0.93
Gyro: 55.64, -18.20, 2.74
Accel: -0.11, 0.17, -0.91
Gyro: 77.49, -21.06, 7.09
Accel: -0.13, 0.12, -0.89
Gyro: 90.71, -22.28, 12.47
Accel: -0.15, 0.03, -0.88
Gyro: 104.58, -23.74, 19.46
Accel: -0.17, -0.07, -0.88
Gyro: 112.34, -22.59, 23.54
Accel: -0.17, -0.18, -0.83
Gyro: 118.35, -24.20, 22.61
Accel: -0.18, -0.22, -0.77
Gyro: 118.59, -29.85, 22.01
Accel: -0.22, -0.28, -0.80
Gyro: 120.77, -35.06, 25.57
Accel: -0.27, -0.39, -0.78
Gyro: 115.69, -34.01, 27.98
Accel: -0.30, -0.52, -0.74
Gyro: 111.35, -35.96, 29.46
Accel: -0.37, -0.58, -0.83
Gyro: 100.01, -30.22, 23.35
Accel: -0.42, -0.61, -0.87
Gyro: 86.86, -10.43, 18.93
Accel: -0.39, -0.66, -0.75
Gyro: 74.67, 1.14, 19.20
Accel: -0.36, -0.69, -0.72
Gyro: 63.56, 9.53, 14.11
Accel: -0.32, -0.77, -0.59
Gyro: 50.76, 2.59, 12.18
Accel: -0.34, -0.70, -0.67
Gyro: 36.01, -4.41, 7.77
Accel: -0.37, -0.66, -0.76
Gyro: 33.51, 3.57, 10.69
Accel: -0.34, -0.82, -0.62
Gyro: 23.44, 4.67, 7.83
Accel: -0.35, -0.82, -0.62
Gyro: 8.96, -2.40, -3.80
Accel: -0.38, -0.69, -0.71
Gyro: 2.84, 2.29, -7.94
Accel: -0.36, -0.69, -0.66
Gyro: -4.78, 6.64, -3.33
Accel: -0.36, -0.73, -0.67
Gyro: -16.24, 8.83, 0.79
Accel: -0.35, -0.76, -0.65
Gyro: -27.18, 10.25, 1.69
Accel: -0.34, -0.74, -0.68
Gyro: -36.19, 9.67, 0.75
Accel: -0.34, -0.74, -0.69
Gyro: -43.79, 14.65, -2.93
Accel: -0.32, -0.66, -0.65
Gyro: -48.95, 14.09, -5.57
Accel: -0.33, -0.63, -0.70
Gyro: -49.14, 12.45, -4.60
Accel: -0.33, -0.61, -0.74
Gyro: -53.67, 16.91, -4.11
Accel: -0.32, -0.60, -0.72
Gyro: -56.66, 18.94, -3.31
Accel: -0.28, -0.55, -0.73
Gyro: -59.63, 15.64, -3.30
Accel: -0.29, -0.54, -0.80
Gyro: -61.68, 15.43, -3.96
Accel: -0.27, -0.52, -0.78
Gyro: -66.60, 16.72, -8.58
Accel: -0.25, -0.44, -0.80
Gyro: -66.64, 16.47, -11.40
Accel: -0.24, -0.42, -0.81
Gyro: -63.89, 15.24, -12.19
Accel: -0.25, -0.41, -0.85
Gyro: -65.80, 13.82, -14.75
Accel: -0.23, -0.34, -0.87
Gyro: -72.37, 17.54, -17.90
Accel: -0.20, -0.28, -0.85
Gyro: -68.20, 17.63, -17.76
Accel: -0.19, -0.26, -0.87
Gyro: -63.72, 14.78, -18.32
Accel: -0.18, -0.22, -0.91
Gyro: -61.98, 14.13, -19.82
Accel: -0.18, -0.17, -0.91
Gyro: -62.23, 16.63, -20.47
Accel: -0.15, -0.13, -0.90
Gyro: -57.04, 15.01, -19.77
Accel: -0.15, -0.13, -0.92
Gyro: -53.48, 13.63, -18.68
Accel: -0.15, -0.11, -0.93
Gyro: -53.06, 14.09, -17.59
Accel: -0.12, -0.08, -0.94
Gyro: -53.87, 14.53, -16.48
Accel: -0.11, -0.05, -0.92
Gyro: -52.78, 12.88, -16.14
Accel: -0.11, -0.02, -0.93
Gyro: -47.07, 10.02, -15.87
Accel: -0.09, 0.01, -0.94
Gyro: -44.10, 9.16, -16.72
Accel: -0.08, 0.04, -0.94
Gyro: -38.28, 7.03, -17.50
Accel: -0.09, 0.04, -0.94
Gyro: -31.81, 5.19, -17.63
Accel: -0.10, 0.05, -0.97
Gyro: -27.27, 3.89, -17.45
Accel: -0.10, 0.05, -0.98
Gyro: -26.71, 5.78, -17.23
Accel: -0.09, 0.06, -0.96
Gyro: -26.06, 7.60, -16.86
Accel: -0.08, 0.09, -0.95
Gyro: -23.55, 7.11, -16.30
Accel: -0.08, 0.10, -0.95
Gyro: -20.70, 5.89, -14.97
Accel: -0.08, 0.11, -0.96
Gyro: -16.94, 5.26, -13.34
Accel: -0.07, 0.13, -0.94
Gyro: -13.79, 4.27, -10.99
Accel: -0.06, 0.13, -0.94
Gyro: -10.70, 2.36, -8.42
Accel: -0.07, 0.13, -0.95
Gyro: -7.13, -0.12, -5.90
Accel: -0.06, 0.12, -0.95
Gyro: -3.85, -2.59, -3.27
Accel: -0.07, 0.11, -0.97
Gyro: -2.33, -3.63, -1.64
Accel: -0.07, 0.10, -0.97
Gyro: -0.96, -3.04, -0.85
Accel: -0.08, 0.10, -0.97
Gyro: 0.94, -2.81, 0.13
Accel: -0.08, 0.09, -0.96
Gyro: 2.64, -2.73, 1.62
Accel: -0.08, 0.08, -0.96
Gyro: 1.76, -3.19, 2.52
Accel: -0.09, 0.08, -0.97
Gyro: 1.22, -2.45, 2.94
Accel: -0.08, 0.07, -0.95
Gyro: 2.08, -2.68, 2.69
Accel: -0.09, 0.06, -0.96
Gyro: 1.91, -3.68, 2.37
Accel: -0.09, 0.06, -0.96
Gyro: 1.17, -4.35, 1.88
Accel: -0.09, 0.06, -0.97
Gyro: 0.32, -3.50, 1.11
Accel: -0.09, 0.05, -0.97
Gyro: -0.27, -2.96, 0.21
Accel: -0.10, 0.06, -0.96
Gyro: -0.47, -2.21, -0.21
Accel: -0.10, 0.05, -0.98
Gyro: -1.21, -1.82, -0.91
Accel: -0.10, 0.06, -0.97
Gyro: -1.31, -1.00, -1.26
Accel: -0.10, 0.06, -0.97
Gyro: -0.90, 0.34, -1.08
Accel: -0.09, 0.05, -0.97
Gyro: -1.25, 0.51, -1.46
Accel: -0.10, 0.06, -0.96
Gyro: -0.67, 0.56, -1.34
Accel: -0.10, 0.06, -0.97
Gyro: -1.33, 0.95, -1.77
Accel: -0.09, 0.06, -0.96
Gyro: -0.97, 0.59, -2.05
Accel: -0.09, 0.06, -0.96
Gyro: -0.92, 0.25, -1.47
Accel: -0.09, 0.06, -0.96
Gyro: -1.44, -0.53, -0.82
Accel: -0.08, 0.05, -0.96
Gyro: -2.17, -1.45, -0.40
Accel: -0.09, 0.05, -0.97
Gyro: -1.88, -2.24, -0.70
Accel: -0.10, 0.05, -0.98
Gyro: -2.18, -1.75, -0.89
Accel: -0.09, 0.06, -0.97
Gyro: -2.39, -0.90, -0.97
