Accel: -0.19, 0.05, -0.96
Gyro: -3.27, -1.05, -1.01
Accel: -0.18, 0.05, -0.95
Gyro: -3.62, 0.69, -1.51
Accel: -0.18, 0.06, -0.95
Gyro: -2.27, 0.52, -1.93
Accel: -0.18, 0.06, -0.96
Gyro: -2.46, 0.68, -1.98
Accel: -0.17, 0.06, -0.95
Gyro: -2.64, 0.18, -1.56
Accel: -0.18, 0.08, -0.96
Gyro: -1.91, -0.82, -0.43
Accel: -0.18, 0.06, -0.95
Gyro: -0.99, -1.42, 0.33
Accel: -0.19, 0.05, -0.96
Gyro: -1.40, -0.82, -0.02
Accel: -0.18, 0.05, -0.96
Gyro: -2.43, -0.05, -1.20
Accel: -0.19, 0.06, -0.96
Gyro: -2.72, -0.50, -1.75
Accel: -0.18, 0.07, -0.96
Gyro: -2.78, -0.69, -2.00
Accel: -0.18, 0.07, -0.95
Gyro: -2.04, -0.82, -1.56
Accel: -0.16, 0.07, -0.94
Gyro: -1.58, -1.43, -1.05
Accel: -0.17, 0.07, -0.94
Gyro: -0.23, -3.32, -0.77
Accel: -0.17, 0.08, -0.94
Gyro: -0.79, -4.65, -0.95
Accel: -0.16, 0.11, -0.92
Gyro: -0.96, -7.78, -0.88
Accel: -0.16, 0.17, -0.91
Gyro: 5.77, -12.85, -1.85
Accel: -0.16, 0.20, -0.89
Gyro: 22.27, -19.03, -1.76
Accel: -0.17, 0.26, -0.88
Gyro: 44.47, -25.98, -1.69
Accel: -0.18, 0.23, -0.90
Gyro: 73.75, -30.05, 0.74
Accel: -0.20, 0.17, -0.89
Gyro: 93.28, -29.84, 5.11
Accel: -0.23, 0.13, -0.81
Gyro: 114.54, -32.49, 13.48
Accel: -0.27, 0.00, -0.82
Gyro: 133.70, -34.77, 23.12
Accel: -0.30, -0.11, -0.84
Gyro: 141.36, -32.20, 30.32
Accel: -0.32, -0.22, -0.79
Gyro: 136.97, -28.16, 35.21
Accel: -0.34, -0.30, -0.67
Gyro: 129.61, -31.46, 40.12
Accel: -0.38, -0.40, -0.64
Gyro: 126.79, -41.53, 43.48
Accel: -0.42, -0.50, -0.72
Gyro: 116.72, -41.79, 40.95
Accel: -0.45, -0.54, -0.65
Gyro: 105.80, -35.14, 37.44
Accel: -0.45, -0.58, -0.53
Gyro: 103.68, -38.85, 36.37
Accel: -0.49, -0.68, -0.58
Gyro: 99.90, -46.00, 37.38
Accel: -0.55, -0.73, -0.59
Gyro: 87.32, -46.51, 37.29
Accel: -0.62, -0.80, -0.60
Gyro: 73.44, -39.67, 33.74
Accel: -0.65, -0.81, -0.58
Gyro: 54.47, -32.98, 25.68
Accel: -0.69, -0.81, -0.64
Gyro: 43.67, -18.46, 15.87
Accel: -0.67, -0.84, -0.53
Gyro: 27.69, -4.91, 6.32
Accel: -0.66, -0.81, -0.53
Gyro: 15.81, -1.84, -0.15
Accel: -0.66, -0.78, -0.56
Gyro: 3.87, 7.44, -2.82
Accel: -0.63, -0.76, -0.52
Gyro: -9.47, 15.40, -2.14
Accel: -0.61, -0.75, -0.51
Gyro: -18.20, 20.74, -0.55
Accel: -0.61, -0.83, -0.51
Gyro: -33.48, 24.35, -1.04
Accel: -0.61, -0.86, -0.56
Gyro: -55.33, 26.63, -5.33
Accel: -0.58, -0.77, -0.59
Gyro: -68.92, 35.67, -11.61
Accel: -0.54, -0.73, -0.54
Gyro: -76.13, 39.06, -15.46
Accel: -0.51, -0.67, -0.57
Gyro: -85.44, 38.91, -18.99
Accel: -0.49, -0.60, -0.60
Gyro: -90.25, 38.47, -22.91
Accel: -0.48, -0.56, -0.67
Gyro: -92.78, 40.08, -24.76
Accel: -0.44, -0.49, -0.67
Gyro: -96.73, 40.70, -25.13
Accel: -0.44, -0.49, -0.73
Gyro: -98.41, 39.82, -24.64
Accel: -0.42, -0.41, -0.78
Gyro: -103.13, 44.47, -27.49
Accel: -0.38, -0.40, -0.77
Gyro: -100.75, 46.73, -26.67
Accel: -0.34, -0.34, -0.79
Gyro: -107.84, 48.09, -30.45
Accel: -0.30, -0.22, -0.82
Gyro: -104.48, 49.75, -31.75
Accel: -0.26, -0.19, -0.77
Gyro: -96.15, 47.39, -30.69
Accel: -0.22, -0.14, -0.81
Gyro: -90.38, 40.88, -33.13
Accel: -0.20, -0.06, -0.83
Gyro: -87.07, 35.55, -35.58
Accel: -0.18, -0.01, -0.84
Gyro: -77.51, 28.34, -36.35
Accel: -0.17, 0.02, -0.88
Gyro: -66.49, 20.61, -36.11
Accel: -0.15, 0.06, -0.90
Gyro: -59.48, 17.39, -34.72
Accel: -0.15, 0.07, -0.90
Gyro: -50.63, 13.05, -31.94
Accel: -0.15, 0.08, -0.93
Gyro: -44.30, 8.89, -30.50
Accel: -0.15, 0.10, -0.95
Gyro: -42.14, 8.64, -29.88
Accel: -0.15, 0.11, -0.92
Gyro: -36.45, 6.46, -27.61
Accel: -0.15, 0.16, -0.96
Gyro: -31.05, 5.74, -26.63
Accel: -0.15, 0.19, -0.96
Gyro: -22.76, 8.37, -23.88
Accel: -0.12, 0.20, -0.92
Gyro: -13.82, 6.80, -20.79
Accel: -0.11, 0.23, -0.92
Gyro: -3.73, 2.46, -17.14
Accel: -0.11, 0.19, -0.94
Gyro: 6.79, -0.61, -11.01
Accel: -0.13, 0.12, -0.95
Gyro: 12.10, -3.30, -5.36
Accel: -0.15, 0.04, -0.97
Gyro: 5.63, -5.20, 0.71
Accel: -0.16, 0.04, -0.98
Gyro: -6.38, -1.48, 2.36
Accel: -0.15, 0.07, -0.95
Gyro: -10.94, -0.08, 2.36
Accel: -0.13, 0.10, -0.92
Gyro: -9.27, -2.54, 1.14
Accel: -0.13, 0.13, -0.93
Gyro: -3.90, -5.36, 0.83
Accel: -0.14, 0.12, -0.96
Gyro: 0.55, -5.85, 3.04
Accel: -0.14, 0.11, -0.95
Gyro: 3.01, -5.71, 5.66
Accel: -0.15, 0.08, -0.95
Gyro: 3.40, -6.64, 8.04
Accel: -0.16, 0.05, -0.98
Gyro: -1.09, -5.49, 8.05
Accel: -0.15, 0.05, -0.96
Gyro: -4.00, -4.43, 6.55
Accel: -0.16, 0.05, -0.95
Gyro: -3.50, -5.29, 3.84
Accel: -0.16, 0.07, -0.96
Gyro: -1.75, -5.26, 1.28
Accel: -0.17, 0.09, -0.98
Gyro: 0.14, -3.12, -0.32
Accel: -0.17, 0.08, -0.97
Gyro: 0.89, -0.81, 0.77
Accel: -0.17, 0.07, -0.95
Gyro: 1.05, -1.72, 1.98
Accel: -0.16, 0.06, -0.97
Gyro: -0.60, -0.93, 2.56
Accel: -0.17, 0.06, -0.95
Gyro: -0.66, -0.95, 1.82
Accel: -0.16, 0.05, -0.95
Gyro: -0.79, -2.82, 1.31
Accel: -0.16, 0.05, -0.95
Gyro: -2.69, -2.68, -0.12
Accel: -0.16, 0.07, -0.96
Gyro: -2.44, -2.43, -1.71
Accel: -0.16, 0.07, -0.95
Gyro: -1.46, -1.84, -2.04
Accel: -0.16, 0.08, -0.95
Gyro: 0.01, -2.62, -1.11
Accel: -0.16, 0.07, -0.95
Gyro: -0.08, -3.21, 0.60
Accel: -0.17, 0.07, -0.98
Gyro: -1.47, -2.36, 1.49
Accel: -0.15, 0.07, -0.95
Gyro: -0.18, -2.06, 0.98
Accel: -0.16, 0.06, -0.94
Gyro: -0.42, -3.02, 0.89
Accel: -0.17, 0.06, -0.95
Gyro: -0.90, -4.97, 0.27
Accel: -0.17, 0.07, -0.96
Gyro: -1.00, -4.39, 0.38
Accel: -0.18, 0.06, -0.95
Gyro: -1.76, -3.42, 0.04
Accel: -0.18, 0.06, -0.95
Gyro: -2.10, -3.58, -0.39
Accel: -0.18, 0.06, -0.96
Gyro: -2.21, -4.12, -0.66
Accel: -0.19, 0.07, -0.97
Gyro: -2.72, -3.20, -0.98
