Accel: -0.13, 0.05, -0.96
Gyro: -0.60, -1.98, -1.03
Accel: -0.14, 0.05, -0.96
Gyro: -0.23, -1.54, -0.66
Accel: -0.14, 0.04, -0.98
Gyro: -1.11, -1.30, -0.36
Accel: -0.13, 0.05, -0.97
Gyro: -0.98, -0.56, -0.34
Accel: -0.13, 0.05, -0.98
Gyro: -0.41, 0.30, -0.72
Accel: -0.13, 0.04, -0.96
Gyro: -0.30, 0.08, -1.05
Accel: -0.13, 0.05, -0.97
Gyro: -0.88, -0.72, -0.85
Accel: -0.13, 0.05, -0.96
Gyro: -1.23, -1.13, -0.69
Accel: -0.13, 0.04, -0.96
Gyro: -1.33, -1.59, -0.97
Accel: -0.14, 0.04, -0.96
Gyro: -1.37, -2.17, -0.93
Accel: -0.14, 0.04, -0.97
Gyro: -2.20, -1.53, -1.14
Accel: -0.14, 0.04, -0.97
Gyro: -2.12, -1.29, -1.59
Accel: -0.14, 0.05, -0.96
Gyro: -1.78, -1.54, -1.87
Accel: -0.13, 0.05, -0.96
Gyro: -1.43, -1.94, -1.79
Accel: -0.13, 0.06, -0.96
Gyro: -0.70, -1.74, -1.72
Accel: -0.13, 0.08, -0.96
Gyro: 0.15, -2.75, -1.42
Accel: -0.14, 0.11, -0.95
Gyro: 3.85, -3.17, -1.25
Accel: -0.12, 0.14, -0.95
Gyro: 13.31, -4.23, -0.19
Accel: -0.12, 0.16, -0.94
Gyro: 25.26, -4.85, 1.34
Accel: -0.11, 0.16, -0.93
Gyro: 39.47, -7.06, 2.66
Accel: -0.12, 0.14, -0.90
Gyro: 56.50, -11.79, 5.34
Accel: -0.13, 0.10, -0.88
Gyro: 72.14, -16.20, 9.13
Accel: -0.14, 0.04, -0.88
Gyro: 86.30, -19.55, 13.80
Accel: -0.16, -0.01, -0.88
Gyro: 100.71, -22.25, 18.30
Accel: -0.18, -0.09, -0.85
Gyro: 111.51, -21.48, 20.41
Accel: -0.19, -0.17, -0.82
Gyro: 116.49, -25.03, 23.74
Accel: -0.22, -0.28, -0.79
Gyro: 113.68, -31.09, 28.08
Accel: -0.28, -0.36, -0.85
Gyro: 102.57, -31.03, 32.59
Accel: -0.30, -0.38, -0.88
Gyro: 92.54, -22.64, 35.39
Accel: -0.28, -0.45, -0.73
Gyro: 91.23, -19.29, 35.09
Accel: -0.29, -0.56, -0.63
Gyro: 96.83, -28.22, 31.65
Accel: -0.32, -0.64, -0.67
Gyro: 85.57, -35.18, 26.07
Accel: -0.38, -0.67, -0.74
Gyro: 76.42, -33.78, 21.45
Accel: -0.44, -0.75, -0.74
Gyro: 61.37, -26.71, 17.68
Accel: -0.45, -0.77, -0.73
Gyro: 44.79, -21.79, 14.19
Accel: -0.46, -0.74, -0.75
Gyro: 29.78, -10.60, 10.04
Accel: -0.44, -0.75, -0.64
Gyro: 21.36, -4.64, 5.64
Accel: -0.44, -0.75, -0.62
Gyro: 9.72, -9.38, -0.32
Accel: -0.49, -0.70, -0.74
Gyro: 1.08, -2.54, -2.09
Accel: -0.47, -0.72, -0.71
Gyro: -6.50, 9.92, -3.96
Accel: -0.43, -0.70, -0.64
Gyro: -9.83, 14.47, -6.68
Accel: -0.43, -0.70, -0.66
Gyro: -19.22, 16.09, -7.74
Accel: -0.43, -0.67, -0.67
Gyro: -30.08, 18.94, -7.27
Accel: -0.40, -0.69, -0.67
Gyro: -33.49, 22.38, -6.50
Accel: -0.37, -0.69, -0.66
Gyro: -42.81, 22.74, -10.38
Accel: -0.36, -0.62, -0.71
Gyro: -47.10, 24.80, -12.99
Accel: -0.33, -0.58, -0.67
Gyro: -46.13, 26.06, -13.11
Accel: -0.30, -0.56, -0.68
Gyro: -45.67, 20.63, -12.50
Accel: -0.31, -0.57, -0.75
Gyro: -48.33, 17.44, -13.23
Accel: -0.30, -0.54, -0.77
Gyro: -51.57, 19.97, -16.17
Accel: -0.28, -0.50, -0.77
Gyro: -50.13, 20.07, -15.29
Accel: -0.26, -0.47, -0.80
Gyro: -51.96, 19.74, -13.52
Accel: -0.25, -0.45, -0.82
Gyro: -51.45, 20.52, -12.31
Accel: -0.23, -0.45, -0.81
Gyro: -53.83, 20.24, -11.36
Accel: -0.22, -0.42, -0.84
Gyro: -59.13, 19.64, -12.13
Accel: -0.21, -0.35, -0.85
Gyro: -58.53, 20.65, -11.00
Accel: -0.19, -0.34, -0.85
Gyro: -55.09, 19.55, -9.67
Accel: -0.20, -0.32, -0.88
Gyro: -56.35, 19.33, -9.59
Accel: -0.17, -0.29, -0.90
Gyro: -60.50, 20.36, -10.75
Accel: -0.15, -0.26, -0.88
Gyro: -58.17, 19.04, -13.69
Accel: -0.14, -0.26, -0.88
Gyro: -56.33, 17.09, -17.58
Accel: -0.14, -0.22, -0.90
Gyro: -58.05, 14.52, -20.35
Accel: -0.11, -0.14, -0.89
Gyro: -58.48, 12.23, -22.45
Accel: -0.11, -0.10, -0.91
Gyro: -52.51, 8.92, -22.98
Accel: -0.11, -0.09, -0.95
Gyro: -46.50, 7.15, -23.47
Accel: -0.12, -0.07, -0.95
Gyro: -44.45, 7.59, -23.14
Accel: -0.11, -0.04, -0.94
Gyro: -41.47, 6.92, -21.58
Accel: -0.10, -0.04, -0.96
Gyro: -38.89, 6.56, -20.88
Accel: -0.10, -0.03, -0.96
Gyro: -38.55, 7.33, -20.61
Accel: -0.10, 0.00, -0.96
Gyro: -38.51, 8.30, -20.27
Accel: -0.08, 0.03, -0.93
Gyro: -35.00, 6.69, -19.60
Accel: -0.07, 0.06, -0.95
Gyro: -28.62, 2.89, -18.53
Accel: -0.08, 0.06, -0.97
Gyro: -25.60, 3.23, -17.68
Accel: -0.07, 0.07, -0.95
Gyro: -22.84, 3.68, -15.33
Accel: -0.06, 0.09, -0.94
Gyro: -19.46, 1.30, -13.08
Accel: -0.07, 0.09, -0.95
Gyro: -16.36, -1.67, -10.58
Accel: -0.07, 0.09, -0.96
Gyro: -14.28, -3.02, -7.96
Accel: -0.08, 0.09, -0.95
Gyro: -12.67, -4.70, -5.43
Accel: -0.08, 0.09, -0.96
Gyro: -10.54, -5.88, -3.16
Accel: -0.09, 0.09, -0.96
Gyro: -10.61, -6.16, -1.73
Accel: -0.09, 0.09, -0.96
Gyro: -9.16, -6.61, -0.61
Accel: -0.10, 0.09, -0.97
Gyro: -8.02, -7.03, 0.14
Accel: -0.10, 0.09, -0.97
Gyro: -7.31, -6.27, 0.24
Accel: -0.10, 0.09, -0.97
Gyro: -5.81, -4.59, -0.24
Accel: -0.10, 0.10, -0.95
Gyro: -2.33, -4.49, -0.45
Accel: -0.11, 0.09, -0.96
Gyro: -0.31, -5.00, -0.14
Accel: -0.12, 0.08, -0.97
Gyro: -0.34, -4.41, 0.42
Accel: -0.12, 0.08, -0.97
Gyro: -0.66, -3.26, 0.71
Accel: -0.11, 0.07, -0.97
Gyro: -0.57, -2.30, 0.56
Accel: -0.11, 0.07, -0.97
Gyro: -0.18, -2.19, 0.30
Accel: -0.12, 0.07, -0.96
Gyro: -1.20, -1.98, -0.02
Accel: -0.12, 0.07, -0.96
Gyro: -1.38, -1.61, -0.49
Accel: -0.11, 0.07, -0.97
Gyro: -0.98, -1.19, -0.70
Accel: -0.11, 0.07, -0.96
Gyro: -0.27, -1.27, -1.23
Accel: -0.11, 0.06, -0.96
Gyro: 0.03, -1.02, -0.66
Accel: -0.12, 0.06, -0.97
Gyro: -0.47, -1.00, -0.05
Accel: -0.12, 0.07, -0.96
Gyro: -1.02, -1.19, 0.04
Accel: -0.11, 0.07, -0.96
Gyro: -1.50, -0.86, -0.11
Accel: -0.11, 0.07, -0.98
Gyro: -1.59, 0.08, -0.82
Accel: -0.11, 0.07, -0.96
Gyro: -0.13, 0.91, -1.22
Accel: -0.11, 0.06, -0.95
Gyro: 0.07, 0.41, -1.07
