Accel: -0.11, 0.07, -0.95
Gyro: -0.87, 0.27, -0.16
Accel: -0.12, 0.06, -0.97
Gyro: -1.60, -0.02, -0.27
Accel: -0.11, 0.06, -0.97
Gyro: -2.25, 1.46, -0.84
Accel: -0.10, 0.06, -0.96
Gyro: -2.10, 0.95, -1.35
Accel: -0.10, 0.07, -0.95
Gyro: -1.74, -0.53, -1.50
Accel: -0.10, 0.07, -0.97
Gyro: -1.56, -1.33, -0.74
Accel: -0.11, 0.07, -0.97
Gyro: -2.30, -1.00, -0.98
Accel: -0.10, 0.06, -0.95
Gyro: -2.43, -1.80, -1.20
Accel: -0.11, 0.07, -0.96
Gyro: -1.66, -3.04, -1.45
Accel: -0.11, 0.09, -0.96
Gyro: -1.88, -3.31, -1.90
Accel: -0.10, 0.11, -0.96
Gyro: 0.25, -3.97, -1.75
Accel: -0.10, 0.12, -0.96
Gyro: 3.80, -4.62, -0.60
Accel: -0.11, 0.15, -0.94
Gyro: 8.77, -5.61, -0.19
Accel: -0.11, 0.17, -0.94
Gyro: 18.59, -7.16, 1.28
Accel: -0.11, 0.16, -0.94
Gyro: 30.73, -9.07, 2.65
Accel: -0.11, 0.17, -0.92
Gyro: 44.36, -10.22, 4.99
Accel: -0.10, 0.15, -0.91
Gyro: 61.00, -13.45, 8.21
Accel: -0.13, 0.10, -0.93
Gyro: 74.05, -15.80, 12.08
Accel: -0.15, 0.05, -0.91
Gyro: 82.08, -16.20, 17.39
Accel: -0.16, -0.04, -0.92
Gyro: 89.48, -15.79, 22.13
Accel: -0.17, -0.08, -0.88
Gyro: 97.08, -14.77, 23.61
Accel: -0.16, -0.13, -0.84
Gyro: 104.33, -17.14, 24.25
Accel: -0.18, -0.22, -0.78
Gyro: 111.21, -24.31, 26.68
Accel: -0.21, -0.29, -0.82
Gyro: 112.97, -28.43, 26.74
Accel: -0.24, -0.35, -0.82
Gyro: 113.14, -26.06, 28.09
Accel: -0.26, -0.41, -0.78
Gyro: 110.79, -21.66, 30.86
Accel: -0.27, -0.50, -0.67
Gyro: 105.42, -22.38, 32.77
Accel: -0.29, -0.58, -0.67
Gyro: 100.11, -27.85, 33.78
Accel: -0.33, -0.62, -0.71
Gyro: 91.31, -27.20, 34.29
Accel: -0.37, -0.74, -0.66
Gyro: 81.44, -25.79, 36.58
Accel: -0.41, -0.84, -0.68
Gyro: 65.07, -27.05, 33.10
Accel: -0.45, -0.84, -0.76
Gyro: 42.65, -16.30, 22.87
Accel: -0.42, -0.79, -0.65
Gyro: 26.36, -7.39, 14.68
Accel: -0.42, -0.78, -0.59
Gyro: 19.19, -10.80, 8.83
Accel: -0.45, -0.75, -0.65
Gyro: 10.32, -9.19, 3.54
Accel: -0.46, -0.73, -0.65
Gyro: 5.36, -2.46, 0.83
Accel: -0.45, -0.73, -0.62
Gyro: -2.32, 2.54, 0.50
Accel: -0.44, -0.73, -0.65
Gyro: -9.18, 6.32, 1.50
Accel: -0.39, -0.77, -0.59
Gyro: -16.11, 10.51, -2.91
Accel: -0.39, -0.81, -0.55
Gyro: -23.87, 2.82, -9.45
Accel: -0.47, -0.80, -0.71
Gyro: -42.24, 6.17, -18.29
Accel: -0.44, -0.67, -0.69
Gyro: -49.19, 16.60, -18.72
Accel: -0.41, -0.65, -0.66
Gyro: -55.56, 19.33, -12.16
Accel: -0.39, -0.60, -0.69
Gyro: -60.52, 20.55, -8.23
Accel: -0.34, -0.58, -0.66
Gyro: -60.42, 22.15, -6.45
Accel: -0.32, -0.57, -0.68
Gyro: -60.36, 18.19, -7.15
Accel: -0.31, -0.53, -0.71
Gyro: -60.84, 15.14, -9.03
Accel: -0.32, -0.51, -0.78
Gyro: -59.46, 15.75, -9.00
Accel: -0.30, -0.49, -0.80
Gyro: -64.99, 16.61, -9.53
Accel: -0.29, -0.44, -0.80
Gyro: -63.72, 17.30, -9.28
Accel: -0.28, -0.42, -0.81
Gyro: -61.07, 18.04, -9.36
Accel: -0.27, -0.39, -0.84
Gyro: -60.16, 16.60, -10.82
Accel: -0.25, -0.35, -0.85
Gyro: -61.28, 17.13, -12.57
Accel: -0.25, -0.33, -0.86
Gyro: -59.51, 17.71, -12.55
Accel: -0.23, -0.31, -0.87
Gyro: -59.39, 19.05, -12.97
Accel: -0.22, -0.27, -0.89
Gyro: -60.79, 20.90, -13.58
Accel: -0.20, -0.26, -0.90
Gyro: -60.40, 20.39, -14.86
Accel: -0.19, -0.23, -0.90
Gyro: -60.61, 19.76, -16.98
Accel: -0.17, -0.19, -0.88
Gyro: -61.11, 17.18, -19.32
Accel: -0.16, -0.15, -0.89
Gyro: -58.18, 12.76, -21.85
Accel: -0.17, -0.11, -0.93
Gyro: -53.52, 11.17, -23.84
Accel: -0.16, -0.08, -0.92
Gyro: -51.83, 10.86, -24.22
Accel: -0.14, -0.06, -0.91
Gyro: -50.01, 9.71, -24.33
Accel: -0.13, -0.05, -0.91
Gyro: -45.39, 6.39, -24.05
Accel: -0.13, -0.01, -0.94
Gyro: -42.70, 3.75, -23.44
Accel: -0.14, 0.02, -0.94
Gyro: -40.97, 4.00, -22.06
Accel: -0.15, 0.04, -0.94
Gyro: -35.50, 2.63, -20.27
Accel: -0.15, 0.05, -0.96
Gyro: -31.14, 3.61, -18.78
Accel: -0.15, 0.05, -0.98
Gyro: -28.27, 5.58, -17.45
Accel: -0.14, 0.07, -0.96
Gyro: -26.92, 6.58, -16.06
Accel: -0.13, 0.08, -0.95
Gyro: -25.47, 6.68, -15.09
Accel: -0.12, 0.10, -0.96
Gyro: -21.68, 5.84, -13.45
Accel: -0.11, 0.11, -0.94
Gyro: -16.84, 4.64, -11.50
Accel: -0.10, 0.11, -0.95
Gyro: -12.99, 2.62, -8.94
Accel: -0.11, 0.11, -0.95
Gyro: -10.38, 1.01, -6.70
Accel: -0.12, 0.11, -0.96
Gyro: -8.99, 0.67, -4.69
Accel: -0.10, 0.10, -0.96
Gyro: -7.77, 1.07, -3.18
Accel: -0.11, 0.10, -0.96
Gyro: -5.95, 0.68, -2.26
Accel: -0.12, 0.10, -0.97
Gyro: -5.12, 0.99, -1.05
Accel: -0.11, 0.10, -0.97
Gyro: -5.02, 0.81, -0.75
Accel: -0.11, 0.10, -0.97
Gyro: -5.45, 1.06, 0.00
Accel: -0.11, 0.09, -0.96
Gyro: -6.10, 2.30, 0.52
Accel: -0.11, 0.09, -0.95
Gyro: -5.57, 2.20, 0.66
Accel: -0.10, 0.08, -0.96
Gyro: -5.46, 1.74, 0.53
Accel: -0.10, 0.09, -0.96
Gyro: -7.00, 2.37, -0.21
Accel: -0.08, 0.09, -0.95
Gyro: -6.81, 1.56, -1.09
Accel: -0.09, 0.11, -0.96
Gyro: -4.80, 0.31, -1.85
Accel: -0.09, 0.11, -0.95
Gyro: -2.98, -0.41, -2.35
Accel: -0.09, 0.10, -0.94
Gyro: -1.36, -2.50, -2.05
Accel: -0.10, 0.10, -0.95
Gyro: -1.79, -3.72, -1.56
Accel: -0.10, 0.10, -0.96
Gyro: -1.41, -3.75, -1.33
Accel: -0.11, 0.10, -0.97
Gyro: -1.51, -2.91, -1.25
Accel: -0.11, 0.10, -0.96
Gyro: -0.53, -2.98, -1.06
Accel: -0.11, 0.10, -0.96
Gyro: 0.43, -3.40, -0.60
Accel: -0.11, 0.09, -0.96
Gyro: -0.59, -3.17, -0.59
Accel: -0.12, 0.09, -0.96
Gyro: -0.32, -2.69, -0.24
Accel: -0.12, 0.08, -0.97
Gyro: -0.65, -2.24, -0.21
Accel: -0.13, 0.09, -0.95
Gyro: -0.50, -1.98, -0.46
Accel: -0.12, 0.09, -0.97
Gyro: -0.54, -1.44, -0.95
Accel: -0.12, 0.09, -0.97
Gyro: -1.05, -0.80, -1.08
Accel: -0.12, 0.09, -0.97
Gyro: -0.95, -0.05, -0.89
