Accel: -0.14, 0.10, -0.96
Gyro: -2.60, -0.92, -0.49
Accel: -0.14, 0.10, -0.94
Gyro: -1.45, -0.33, -0.37
Accel: -0.13, 0.10, -0.96
Gyro: -0.21, -0.75, -0.52
Accel: -0.13, 0.09, -0.97
Gyro: -0.33, -0.77, -0.27
Accel: -0.13, 0.10, -0.95
Gyro: -0.32, 0.01, 0.26
Accel: -0.13, 0.09, -0.95
Gyro: -0.14, -0.92, 0.51
Accel: -0.13, 0.09, -0.95
Gyro: -0.28, -1.49, 0.58
Accel: -0.14, 0.08, -0.98
Gyro: -1.04, -0.60, 0.03
Accel: -0.14, 0.08, -0.96
Gyro: -1.25, 0.24, -0.54
Accel: -0.12, 0.09, -0.96
Gyro: -1.95, 0.69, -1.29
Accel: -0.13, 0.11, -0.95
Gyro: -1.73, -0.31, -1.34
Accel: -0.12, 0.11, -0.95
Gyro: -0.68, -1.58, -1.11
Accel: -0.13, 0.14, -0.94
Gyro: 0.63, -3.14, -1.69
Accel: -0.12, 0.19, -0.94
Gyro: 5.49, -6.01, -0.98
Accel: -0.12, 0.24, -0.93
Gyro: 17.33, -8.48, 1.53
Accel: -0.14, 0.27, -0.92
Gyro: 33.53, -10.20, 6.02
Accel: -0.14, 0.31, -0.91
Gyro: 54.88, -11.58, 13.05
Accel: -0.16, 0.26, -0.92
Gyro: 80.92, -12.50, 22.56
Accel: -0.16, 0.17, -0.89
Gyro: 98.82, -11.93, 30.46
Accel: -0.17, 0.07, -0.84
Gyro: 115.52, -15.46, 37.81
Accel: -0.19, -0.04, -0.82
Gyro: 132.82, -20.61, 45.92
Accel: -0.22, -0.17, -0.83
Gyro: 133.81, -18.57, 48.81
Accel: -0.24, -0.26, -0.82
Gyro: 126.82, -17.80, 50.71
Accel: -0.26, -0.32, -0.82
Gyro: 113.11, -15.73, 52.43
Accel: -0.26, -0.34, -0.76
Gyro: 105.33, -15.38, 52.36
Accel: -0.27, -0.41, -0.73
Gyro: 109.72, -18.72, 52.12
Accel: -0.29, -0.47, -0.72
Gyro: 109.01, -17.76, 48.39
Accel: -0.30, -0.56, -0.64
Gyro: 106.98, -22.56, 45.58
Accel: -0.34, -0.67, -0.64
Gyro: 101.92, -29.14, 41.48
Accel: -0.38, -0.70, -0.70
Gyro: 87.25, -27.38, 36.10
Accel: -0.39, -0.72, -0.68
Gyro: 73.52, -22.74, 33.10
Accel: -0.40, -0.78, -0.60
Gyro: 63.28, -22.13, 30.51
Accel: -0.43, -0.80, -0.61
Gyro: 48.60, -23.63, 25.13
Accel: -0.47, -0.80, -0.59
Gyro: 36.15, -23.71, 19.16
Accel: -0.50, -0.79, -0.60
Gyro: 28.50, -19.97, 12.06
Accel: -0.51, -0.78, -0.60
Gyro: 18.82, -13.79, 6.74
Accel: -0.53, -0.80, -0.55
Gyro: 14.09, -9.62, 3.21
Accel: -0.55, -0.79, -0.61
Gyro: 5.36, -1.68, -0.76
Accel: -0.53, -0.77, -0.56
Gyro: -2.36, 8.42, -2.08
Accel: -0.52, -0.83, -0.55
Gyro: -12.73, 10.30, -2.06
Accel: -0.52, -0.81, -0.59
Gyro: -26.98, 15.58, -3.71
Accel: -0.50, -0.82, -0.57
Gyro: -38.13, 22.01, -6.40
Accel: -0.48, -0.80, -0.57
Gyro: -48.32, 23.66, -10.41
Accel: -0.45, -0.74, -0.60
Gyro: -56.49, 26.08, -14.15
Accel: -0.43, -0.69, -0.58
Gyro: -62.61, 27.25, -14.92
Accel: -0.40, -0.66, -0.59
Gyro: -66.65, 23.60, -16.31
Accel: -0.40, -0.61, -0.66
Gyro: -67.49, 23.41, -16.27
Accel: -0.39, -0.60, -0.70
Gyro: -70.19, 25.89, -17.03
Accel: -0.36, -0.59, -0.69
Gyro: -72.65, 26.19, -20.12
Accel: -0.35, -0.53, -0.70
Gyro: -72.57, 24.76, -24.03
Accel: -0.32, -0.53, -0.76
Gyro: -72.77, 22.71, -28.47
Accel: -0.31, -0.46, -0.79
Gyro: -76.01, 24.29, -32.96
Accel: -0.30, -0.44, -0.79
Gyro: -74.76, 23.98, -34.87
Accel: -0.28, -0.45, -0.80
Gyro: -77.56, 21.45, -39.30
Accel: -0.27, -0.34, -0.87
Gyro: -78.36, 23.73, -43.62
Accel: -0.25, -0.30, -0.86
Gyro: -76.00, 27.70, -42.53
Accel: -0.21, -0.27, -0.84
Gyro: -73.25, 26.73, -40.82
Accel: -0.19, -0.23, -0.88
Gyro: -72.03, 25.25, -39.60
Accel: -0.17, -0.24, -0.91
Gyro: -72.85, 25.74, -39.43
Accel: -0.15, -0.18, -0.90
Gyro: -76.26, 27.15, -42.32
Accel: -0.12, -0.11, -0.87
Gyro: -73.69, 25.57, -43.66
Accel: -0.10, -0.10, -0.88
Gyro: -66.86, 20.21, -43.36
Accel: -0.09, -0.05, -0.93
Gyro: -65.93, 17.85, -43.79
Accel: -0.07, 0.01, -0.92
Gyro: -63.77, 18.67, -42.65
Accel: -0.07, 0.06, -0.91
Gyro: -55.69, 16.78, -40.91
Accel: -0.05, 0.08, -0.92
Gyro: -47.33, 12.78, -37.97
Accel: -0.05, 0.11, -0.94
Gyro: -43.25, 11.29, -33.58
Accel: -0.03, 0.12, -0.93
Gyro: -37.88, 8.42, -29.56
Accel: -0.03, 0.13, -0.94
Gyro: -34.25, 5.52, -25.85
Accel: -0.04, 0.12, -0.95
Gyro: -34.90, 3.60, -21.88
Accel: -0.03, 0.15, -0.94
Gyro: -35.52, 3.03, -18.92
Accel: -0.03, 0.17, -0.96
Gyro: -33.57, 2.27, -16.66
Accel: -0.03, 0.18, -0.93
Gyro: -29.70, 1.90, -15.17
Accel: -0.02, 0.21, -0.93
Gyro: -25.49, -0.05, -13.85
Accel: -0.02, 0.23, -0.92
Gyro: -17.63, -3.91, -11.81
Accel: -0.03, 0.23, -0.96
Gyro: -11.39, -6.26, -8.47
Accel: -0.03, 0.21, -0.95
Gyro: -9.64, -6.68, -5.74
Accel: -0.04, 0.22, -0.94
Gyro: -5.41, -8.45, -3.04
Accel: -0.05, 0.19, -0.97
Gyro: -2.76, -9.97, -0.82
Accel: -0.06, 0.18, -0.97
Gyro: -3.57, -8.42, -0.25
Accel: -0.07, 0.20, -0.97
Gyro: -1.02, -6.97, 0.58
Accel: -0.07, 0.19, -0.97
Gyro: 1.95, -5.30, 2.26
Accel: -0.07, 0.18, -0.97
Gyro: 1.88, -3.59, 1.91
Accel: -0.07, 0.17, -0.97
Gyro: 2.46, -2.12, 1.78
Accel: -0.06, 0.16, -0.95
Gyro: 4.27, -1.88, 2.20
Accel: -0.08, 0.15, -0.95
Gyro: 3.90, -2.35, 2.83
Accel: -0.07, 0.14, -0.96
Gyro: 1.47, -2.79, 3.07
Accel: -0.07, 0.14, -0.96
Gyro: 0.04, -2.38, 2.66
Accel: -0.07, 0.12, -0.96
Gyro: -0.18, -2.85, 2.13
Accel: -0.08, 0.13, -0.96
Gyro: -1.54, -3.01, 1.17
Accel: -0.08, 0.14, -0.96
Gyro: -1.16, -2.96, 0.42
Accel: -0.08, 0.13, -0.97
Gyro: -1.86, -1.88, -0.39
Accel: -0.08, 0.14, -0.97
Gyro: -1.51, -1.03, -1.11
Accel: -0.08, 0.14, -0.97
Gyro: -1.26, 0.01, -1.27
Accel: -0.08, 0.14, -0.97
Gyro: -1.92, 0.60, -1.54
Accel: -0.07, 0.14, -0.96
Gyro: -1.64, 0.11, -1.72
Accel: -0.07, 0.14, -0.96
Gyro: -1.14, 0.44, -1.32
Accel: -0.07, 0.14, -0.96
Gyro: -0.63, 0.15, -1.15
Accel: -0.06, 0.14, -0.95
Gyro: -2.12, -0.10, -1.37
Accel: -0.06, 0.15, -0.94
Gyro: -2.75, -1.22, -1.40
Accel: -0.07, 0.14, -0.95
Gyro: -2.30, -2.73, -0.75
