Accel: -0.10, 0.10, -0.96
Gyro: -0.79, -2.01, -1.08
Accel: -0.10, 0.09, -0.96
Gyro: -1.56, -2.55, -1.01
Accel: -0.10, 0.09, -0.98
Gyro: -2.24, -1.66, -1.32
Accel: -0.10, 0.10, -0.96
Gyro: -1.96, -1.04, -1.34
Accel: -0.10, 0.10, -0.96
Gyro: -1.39, -1.77, -0.66
Accel: -0.11, 0.09, -0.97
Gyro: -1.54, -1.34, -0.46
Accel: -0.10, 0.08, -0.96
Gyro: -1.50, -0.98, -0.36
Accel: -0.10, 0.09, -0.97
Gyro: -1.47, -0.94, -0.68
Accel: -0.10, 0.09, -0.97
Gyro: -1.48, -0.19, -0.75
Accel: -0.10, 0.10, -0.96
Gyro: -0.94, -0.68, -1.46
Accel: -0.09, 0.12, -0.95
Gyro: -1.53, -2.98, -1.42
Accel: -0.09, 0.15, -0.94
Gyro: 1.02, -5.18, -0.75
Accel: -0.10, 0.18, -0.94
Gyro: 7.35, -7.87, 0.21
Accel: -0.10, 0.22, -0.93
Gyro: 16.30, -10.07, 2.41
Accel: -0.11, 0.22, -0.94
Gyro: 31.06, -13.20, 6.17
Accel: -0.12, 0.22, -0.93
Gyro: 43.25, -13.18, 10.94
Accel: -0.13, 0.22, -0.93
Gyro: 56.42, -15.23, 17.56
Accel: -0.15, 0.20, -0.92
Gyro: 67.52, -15.63, 26.90
Accel: -0.16, 0.16, -0.89
Gyro: 82.35, -16.31, 36.93
Accel: -0.17, 0.08, -0.86
Gyro: 101.54, -18.46, 45.65
Accel: -0.19, -0.03, -0.83
Gyro: 117.74, -20.08, 51.24
Accel: -0.19, -0.14, -0.84
Gyro: 122.61, -21.02, 52.34
Accel: -0.21, -0.24, -0.78
Gyro: 124.28, -23.02, 48.56
Accel: -0.21, -0.34, -0.72
Gyro: 130.16, -29.36, 41.91
Accel: -0.25, -0.42, -0.75
Gyro: 133.87, -33.57, 35.13
Accel: -0.28, -0.52, -0.73
Gyro: 129.91, -33.11, 30.21
Accel: -0.34, -0.66, -0.72
Gyro: 116.47, -32.07, 24.57
Accel: -0.36, -0.72, -0.75
Gyro: 99.26, -28.85, 15.81
Accel: -0.38, -0.70, -0.74
Gyro: 77.85, -21.02, 11.05
Accel: -0.35, -0.70, -0.63
Gyro: 63.67, -20.30, 10.79
Accel: -0.36, -0.71, -0.61
Gyro: 54.96, -27.04, 13.12
Accel: -0.39, -0.72, -0.65
Gyro: 40.59, -29.21, 14.55
Accel: -0.44, -0.70, -0.64
Gyro: 32.88, -24.96, 13.94
Accel: -0.49, -0.72, -0.67
Gyro: 29.93, -19.81, 15.82
Accel: -0.51, -0.82, -0.73
Gyro: 23.25, -4.56, 10.73
Accel: -0.46, -0.77, -0.57
Gyro: 13.91, 6.18, -0.48
Accel: -0.44, -0.79, -0.55
Gyro: 10.98, 4.59, -3.51
Accel: -0.45, -0.78, -0.61
Gyro: -0.76, 3.09, -4.39
Accel: -0.46, -0.78, -0.65
Gyro: -14.97, 12.26, -3.17
Accel: -0.43, -0.76, -0.57
Gyro: -24.09, 17.80, 0.44
Accel: -0.42, -0.82, -0.58
Gyro: -35.05, 15.58, 0.94
Accel: -0.43, -0.80, -0.68
Gyro: -50.66, 19.14, -4.82
Accel: -0.40, -0.73, -0.64
Gyro: -58.07, 27.40, -8.73
Accel: -0.37, -0.68, -0.59
Gyro: -59.46, 23.48, -10.59
Accel: -0.36, -0.64, -0.69
Gyro: -62.66, 22.61, -12.84
Accel: -0.34, -0.58, -0.72
Gyro: -61.48, 29.47, -13.58
Accel: -0.30, -0.59, -0.68
Gyro: -62.00, 28.53, -13.80
Accel: -0.28, -0.55, -0.74
Gyro: -63.78, 24.43, -14.64
Accel: -0.29, -0.53, -0.75
Gyro: -65.07, 24.44, -14.14
Accel: -0.27, -0.53, -0.79
Gyro: -73.55, 24.26, -15.48
Accel: -0.24, -0.46, -0.81
Gyro: -77.45, 24.22, -16.59
Accel: -0.22, -0.42, -0.79
Gyro: -77.29, 22.78, -17.47
Accel: -0.22, -0.41, -0.81
Gyro: -75.40, 18.92, -20.52
Accel: -0.21, -0.35, -0.89
Gyro: -77.35, 20.05, -24.25
Accel: -0.20, -0.29, -0.87
Gyro: -78.24, 24.39, -26.90
Accel: -0.17, -0.27, -0.85
Gyro: -75.47, 22.26, -30.94
Accel: -0.16, -0.21, -0.87
Gyro: -71.93, 18.24, -34.61
Accel: -0.15, -0.16, -0.89
Gyro: -68.40, 16.69, -36.57
Accel: -0.15, -0.12, -0.91
Gyro: -64.49, 16.33, -36.75
Accel: -0.13, -0.10, -0.92
Gyro: -63.12, 15.27, -35.65
Accel: -0.12, -0.05, -0.90
Gyro: -59.47, 13.19, -34.05
Accel: -0.11, -0.01, -0.94
Gyro: -52.23, 10.83, -31.28
Accel: -0.10, 0.01, -0.96
Gyro: -49.06, 11.20, -29.06
Accel: -0.09, 0.02, -0.93
Gyro: -44.84, 10.89, -27.07
Accel: -0.08, 0.03, -0.95
Gyro: -40.54, 9.63, -24.71
Accel: -0.09, 0.04, -0.95
Gyro: -39.31, 7.60, -22.11
Accel: -0.08, 0.07, -0.95
Gyro: -39.57, 7.42, -20.76
Accel: -0.07, 0.09, -0.95
Gyro: -36.51, 5.43, -18.53
Accel: -0.07, 0.11, -0.94
Gyro: -34.00, 4.69, -17.34
Accel: -0.05, 0.13, -0.94
Gyro: -28.50, 2.23, -15.24
Accel: -0.06, 0.14, -0.94
Gyro: -24.32, 0.86, -13.76
Accel: -0.05, 0.15, -0.96
Gyro: -20.20, -0.37, -12.19
Accel: -0.06, 0.16, -0.95
Gyro: -16.96, -1.71, -11.30
Accel: -0.06, 0.20, -0.94
Gyro: -10.96, -3.34, -8.78
Accel: -0.06, 0.20, -0.96
Gyro: -2.69, -4.65, -4.82
Accel: -0.07, 0.18, -0.96
Gyro: 1.92, -4.62, -0.31
Accel: -0.08, 0.16, -0.97
Gyro: 3.21, -4.06, 3.45
Accel: -0.08, 0.14, -0.96
Gyro: 4.14, -3.32, 5.27
Accel: -0.07, 0.11, -0.96
Gyro: 5.37, -3.90, 6.81
Accel: -0.09, 0.10, -0.96
Gyro: 4.19, -3.17, 7.48
Accel: -0.08, 0.09, -0.96
Gyro: 2.85, -2.37, 7.26
Accel: -0.08, 0.09, -0.95
Gyro: 2.31, -2.62, 5.84
Accel: -0.08, 0.09, -0.97
Gyro: 2.23, -2.75, 4.43
Accel: -0.09, 0.07, -0.98
Gyro: 2.02, -1.60, 2.93
Accel: -0.09, 0.06, -0.96
Gyro: 0.77, -0.79, 1.53
Accel: -0.09, 0.06, -0.98
Gyro: -0.85, -1.45, 0.08
Accel: -0.08, 0.08, -0.97
Gyro: -1.41, -1.21, -1.28
Accel: -0.08, 0.07, -0.96
Gyro: -1.03, -1.95, -2.36
Accel: -0.08, 0.09, -0.97
Gyro: -1.85, -3.21, -2.98
Accel: -0.09, 0.09, -0.96
Gyro: -1.58, -4.63, -2.82
Accel: -0.09, 0.09, -0.97
Gyro: -1.66, -4.74, -2.34
Accel: -0.09, 0.10, -0.97
Gyro: -0.83, -4.91, -1.23
Accel: -0.10, 0.08, -0.97
Gyro: -0.41, -4.52, -0.49
Accel: -0.10, 0.08, -0.97
Gyro: -0.96, -4.11, 0.47
Accel: -0.11, 0.08, -0.97
Gyro: -1.11, -3.46, 0.18
Accel: -0.10, 0.07, -0.97
Gyro: -1.42, -3.06, 0.06
Accel: -0.10, 0.07, -0.96
Gyro: -1.58, -2.54, -0.50
Accel: -0.11, 0.07, -0.97
Gyro: -1.34, -2.26, -1.17
Accel: -0.11, 0.08, -0.96
Gyro: -1.12, -1.71, -1.34
Accel: -0.10, 0.07, -0.97
Gyro: -0.90, -1.91, -1.37
Accel: -0.11, 0.08, -0.97
Gyro: -0.84, -1.98, -1.34
