Accel: 0.07, 0.09, -0.98
Gyro: -2.28, -5.62, -0.35
Accel: 0.07, 0.09, -0.97
Gyro: -3.55, -4.04, -0.75
Accel: 0.07, 0.09, -0.97
Gyro: -3.51, -3.70, -1.72
Accel: 0.07, 0.10, -0.97
Gyro: -1.30, -3.36, -0.85
Accel: 0.07, 0.09, -0.97
Gyro: -1.87, -2.72, -0.69
Accel: 0.07, 0.09, -0.97
Gyro: -2.43, -1.60, -0.76
Accel: 0.07, 0.09, -0.98
Gyro: -2.14, -1.25, -0.39
Accel: 0.07, 0.09, -0.97
Gyro: -2.01, -0.26, -0.62
Accel: 0.08, 0.09, -0.97
Gyro: -2.51, 0.01, -1.30
Accel: 0.08, 0.09, -0.96
Gyro: -2.32, -0.54, -1.38
Accel: 0.08, 0.09, -0.97
Gyro: -3.30, -0.66, -1.95
Accel: 0.09, 0.10, -0.97
Gyro: -2.10, -1.05, -1.30
Accel: 0.08, 0.09, -0.95
Gyro: -2.52, -1.09, -0.77
Accel: 0.08, 0.09, -0.95
Gyro: -2.97, -1.15, -1.19
Accel: 0.07, 0.08, -0.97
Gyro: -2.82, -1.10, -1.40
Accel: 0.08, 0.09, -0.96
Gyro: -2.50, -1.05, -1.76
Accel: 0.08, 0.09, -0.96
Gyro: -2.48, -1.01, -2.00
Accel: 0.07, 0.10, -0.96
Gyro: -2.49, -1.25, -1.69
Accel: 0.08, 0.09, -0.96
Gyro: -2.42, -1.56, -0.96
Accel: 0.07, 0.09, -0.96
Gyro: -2.53, -1.63, -0.77
Accel: 0.07, 0.09, -0.96
Gyro: -2.75, -1.40, -1.01
Accel: 0.07, 0.08, -0.96
Gyro: -2.83, -1.66, -1.38
Accel: 0.07, 0.09, -0.96
Gyro: -2.64, -1.46, -1.27
Accel: 0.07, 0.08, -0.97
Gyro: -3.66, -0.86, -1.89
Accel: 0.06, 0.10, -0.96
Gyro: -4.18, -0.69, -2.66
Accel: 0.07, 0.10, -0.96
Gyro: -1.69, -0.53, -1.96
Accel: 0.08, 0.09, -0.97
Gyro: -2.02, -1.13, -1.45
Accel: 0.08, 0.09, -0.95
Gyro: -2.55, -1.11, -1.26
Accel: 0.07, 0.10, -0.95
Gyro: -2.33, -1.66, -0.57
Accel: 0.09, 0.09, -0.94
Gyro: -1.91, -2.85, -0.80
Accel: 0.11, 0.10, -0.88
Gyro: -0.78, -8.80, -2.03
Accel: 0.18, 0.11, -0.73
Gyro: 4.52, -26.75, -1.41
Accel: 0.23, 0.03, -0.56
Gyro: 3.43, -68.39, -4.91
Accel: 0.18, 0.01, -0.65
Gyro: -1.00, -102.43, -8.83
Accel: 0.08, 0.08, -0.73
Gyro: 0.88, -124.59, -11.80
Accel: -0.04, 0.09, -0.79
Gyro: 4.73, -144.00, -9.77
Accel: -0.19, 0.08, -0.87
Gyro: 0.93, -149.26, -9.00
Accel: -0.38, 0.04, -1.04
Gyro: 3.01, -142.41, -13.64
Accel: -0.68, 0.07, -1.34
Gyro: 5.61, -106.75, -16.85
Accel: -0.73, 0.08, -1.34
Gyro: 7.06, -52.63, -15.44
Accel: -0.73, 0.09, -1.18
Gyro: 6.15, -12.17, -9.85
Accel: -0.69, 0.07, -1.12
Gyro: 5.72, 15.38, -5.65
Accel: -0.63, 0.05, -1.08
Gyro: -2.63, 43.14, -1.55
Accel: -0.57, 0.05, -0.97
Gyro: -6.29, 61.78, 0.05
Accel: -0.53, 0.06, -1.01
Gyro: -6.84, 79.12, 1.96
Accel: -0.44, 0.08, -0.95
Gyro: -9.71, 94.14, 6.24
Accel: -0.36, 0.07, -0.92
Gyro: -10.48, 103.50, 10.31
Accel: -0.28, 0.07, -0.92
Gyro: -9.00, 109.62, 11.63
Accel: -0.11, 0.05, -0.72
Gyro: -6.29, 95.54, 11.38
Accel: -0.01, 0.05, -0.72
Gyro: -6.94, 71.04, 8.66
Accel: 0.05, 0.05, -0.77
Gyro: -5.52, 47.07, 4.54
Accel: 0.06, 0.06, -0.86
Gyro: -5.85, 33.28, 1.75
Accel: 0.07, 0.06, -0.90
Gyro: -3.72, 23.88, 0.11
Accel: 0.08, 0.07, -0.96
Gyro: -4.10, 20.94, -1.01
Accel: 0.09, 0.08, -0.93
Gyro: -1.83, 17.74, -1.02
Accel: 0.08, 0.08, -0.97
Gyro: -3.32, 14.61, -2.01
Accel: 0.09, 0.08, -0.96
Gyro: -3.46, 11.74, -1.85
Accel: 0.09, 0.08, -0.94
Gyro: -4.23, 8.75, -0.67
Accel: 0.08, 0.07, -0.94
Gyro: -3.58, 5.00, -0.23
Accel: 0.06, 0.07, -0.91
Gyro: -4.27, 2.04, -0.79
Accel: 0.05, 0.08, -0.90
Gyro: -4.54, -2.59, -2.08
Accel: 0.03, 0.08, -0.92
Gyro: -3.95, -7.52, -3.94
Accel: 0.01, 0.09, -0.95
Gyro: -3.17, -8.26, -4.76
Accel: -0.00, 0.09, -0.95
Gyro: -2.37, -9.03, -4.75
Accel: -0.02, 0.10, -0.97
Gyro: -2.43, -9.03, -3.94
Accel: -0.03, 0.10, -0.98
Gyro: -2.31, -7.20, -2.53
Accel: -0.02, 0.10, -0.99
Gyro: -2.00, -4.81, -1.26
Accel: -0.02, 0.09, -1.00
Gyro: -1.17, -2.91, -0.42
Accel: -0.01, 0.08, -1.00
Gyro: -0.56, -0.35, -0.14
Accel: 0.01, 0.08, -0.98
Gyro: -1.15, 1.08, -0.58
Accel: 0.02, 0.09, -0.98
Gyro: -0.04, 2.62, -0.28
Accel: 0.03, 0.08, -0.97
Gyro: 0.11, 2.06, 0.69
Accel: 0.03, 0.07, -0.97
Gyro: -1.56, 1.52, 0.76
Accel: 0.05, 0.07, -0.95
Gyro: -2.65, -0.04, 0.84
Accel: 0.04, 0.07, -0.96
Gyro: -3.22, -0.92, 0.97
Accel: 0.03, 0.06, -0.95
Gyro: -4.14, -1.45, -0.49
Accel: 0.03, 0.07, -0.94
Gyro: -4.23, -2.50, -2.24
Accel: 0.01, 0.08, -0.95
Gyro: -3.73, -4.01, -3.54
Accel: 0.00, 0.09, -0.97
Gyro: -3.66, -3.91, -4.32
Accel: 0.00, 0.10, -0.96
Gyro: -2.46, -4.04, -3.26
Accel: -0.01, 0.09, -0.97
Gyro: -2.86, -3.70, -2.30
Accel: -0.01, 0.10, -0.98
Gyro: -3.17, -2.75, -1.33
Accel: -0.01, 0.10, -0.98
Gyro: -2.46, -2.03, -0.48
Accel: -0.00, 0.09, -0.98
Gyro: -1.77, -0.82, -0.62
Accel: 0.00, 0.08, -0.97
Gyro: -1.10, -0.11, -0.60
Accel: 0.01, 0.09, -0.97
Gyro: -0.73, 0.25, -0.25
Accel: 0.02, 0.09, -0.96
Gyro: -1.26, 0.23, 0.02
Accel: 0.03, 0.07, -0.96
Gyro: -1.55, -0.08, 0.03
Accel: 0.01, 0.08, -0.96
Gyro: -2.01, -0.31, -0.23
Accel: 0.02, 0.08, -0.96
Gyro: -2.20, -1.14, -0.87
Accel: 0.01, 0.08, -0.96
Gyro: -2.46, -1.72, -1.39
Accel: 0.01, 0.07, -0.97
Gyro: -2.87, -1.63, -1.59
Accel: 0.00, 0.07, -0.96
Gyro: -3.92, -2.45, -3.02
Accel: 0.01, 0.10, -0.97
Gyro: -2.45, -1.96, -3.14
Accel: 0.00, 0.09, -0.97
Gyro: -1.53, -2.68, -1.85
Accel: 0.00, 0.09, -0.97
Gyro: -2.55, -2.36, -1.35
Accel: -0.00, 0.08, -0.97
Gyro: -2.90, -2.07, -1.03
Accel: 0.01, 0.08, -0.97
Gyro: -2.38, -1.53, -0.56
Accel: 0.00, 0.08, -0.97
Gyro: -2.43, -0.85, -1.37
Accel: 0.00, 0.09, -0.96
Gyro: -2.14, -0.76, -1.81
Accel: 0.00, 0.08, -0.96
Gyro: -2.07, -0.81, -1.93
