Accel: -0.18, -0.07, -0.96
Gyro: -2.07, 0.04, 1.81
Accel: -0.18, -0.07, -0.95
Gyro: -3.08, 0.24, 1.29
Accel: -0.18, -0.07, -0.95
Gyro: -3.05, -0.11, 0.30
Accel: -0.18, -0.07, -0.96
Gyro: -2.81, -0.40, -0.82
Accel: -0.18, -0.07, -0.96
Gyro: -3.06, -0.74, -1.33
Accel: -0.18, -0.06, -0.95
Gyro: -3.39, -0.85, -1.45
Accel: -0.19, -0.07, -0.95
Gyro: -3.59, -1.48, -2.15
Accel: -0.20, -0.08, -0.95
Gyro: -3.23, -1.95, -2.93
Accel: -0.18, -0.07, -0.95
Gyro: -4.17, -2.46, -3.81
Accel: -0.20, -0.06, -0.95
Gyro: -4.76, -3.17, -4.26
Accel: -0.19, -0.05, -0.95
Gyro: -2.57, -3.30, -3.13
Accel: -0.21, -0.06, -0.97
Gyro: -3.64, -2.98, -2.77
Accel: -0.21, -0.06, -0.96
Gyro: -4.51, -1.50, -2.17
Accel: -0.20, -0.06, -0.95
Gyro: -3.04, -1.22, -2.20
Accel: -0.19, -0.07, -0.95
Gyro: -3.30, -0.83, -2.20
Accel: -0.20, -0.07, -0.95
Gyro: -3.65, -0.66, -2.98
Accel: -0.20, -0.05, -0.96
Gyro: -3.38, -1.22, -3.02
Accel: -0.20, -0.07, -0.96
Gyro: -4.11, -0.66, -2.75
Accel: -0.20, -0.04, -0.96
Gyro: -4.10, 0.68, -2.62
Accel: -0.20, -0.05, -0.96
Gyro: -3.33, 0.37, -2.20
Accel: -0.21, -0.06, -0.96
Gyro: -4.43, 0.92, -2.30
Accel: -0.19, -0.05, -0.95
Gyro: -4.28, 1.08, -2.27
Accel: -0.19, -0.05, -0.96
Gyro: -3.54, 1.10, -2.46
Accel: -0.20, -0.05, -0.96
Gyro: -3.49, 1.42, -2.55
Accel: -0.19, -0.05, -0.96
Gyro: -2.85, 1.19, -2.44
Accel: -0.19, -0.05, -0.95
Gyro: -2.72, 1.44, -1.66
Accel: -0.19, -0.05, -0.95
Gyro: -2.85, 1.41, -1.59
Accel: -0.19, -0.06, -0.95
Gyro: -3.45, 1.59, -1.80
Accel: -0.18, -0.06, -0.95
Gyro: -2.92, 1.14, -2.34
Accel: -0.18, -0.06, -0.94
Gyro: -2.49, -0.14, -2.40
Accel: -0.17, -0.04, -0.93
Gyro: -2.66, -2.41, -2.39
Accel: -0.16, -0.04, -0.93
Gyro: -2.57, -5.23, -1.51
Accel: -0.16, -0.04, -0.92
Gyro: -2.40, -8.56, -0.85
Accel: -0.12, -0.08, -0.88
Gyro: -2.98, -13.99, -1.16
Accel: -0.10, -0.09, -0.87
Gyro: -6.12, -21.23, -5.52
Accel: -0.06, -0.05, -0.79
Gyro: -5.78, -32.06, -8.25
Accel: -0.06, -0.03, -0.69
Gyro: -4.57, -54.56, -8.26
Accel: -0.09, -0.01, -0.66
Gyro: -5.23, -80.70, -4.94
Accel: -0.17, 0.03, -0.62
Gyro: -3.78, -104.15, -0.76
Accel: -0.34, 0.04, -0.73
Gyro: 2.81, -127.58, 8.77
Accel: -0.51, -0.01, -0.82
Gyro: 6.89, -138.20, 15.98
Accel: -0.66, -0.08, -0.99
Gyro: 5.12, -124.75, 13.91
Accel: -0.79, -0.07, -1.02
Gyro: 4.01, -102.23, 10.92
Accel: -0.88, -0.09, -1.07
Gyro: 0.37, -72.05, 7.80
Accel: -0.89, -0.07, -1.01
Gyro: -1.70, -40.65, 5.44
Accel: -0.88, -0.08, -0.91
Gyro: -2.75, -18.27, 2.63
Accel: -0.83, -0.06, -0.86
Gyro: -5.56, -0.59, -0.69
Accel: -0.78, -0.04, -0.80
Gyro: 0.60, 11.51, -1.16
Accel: -0.75, -0.04, -0.83
Gyro: -3.89, 22.36, -1.34
Accel: -0.74, -0.03, -0.84
Gyro: -2.21, 34.54, -0.63
Accel: -0.78, -0.04, -0.91
Gyro: -1.95, 51.25, -2.14
Accel: -0.74, -0.06, -0.89
Gyro: 2.28, 68.84, -6.20
Accel: -0.68, -0.05, -0.84
Gyro: 3.53, 78.88, -10.90
Accel: -0.64, -0.03, -0.85
Gyro: 3.24, 89.65, -12.95
Accel: -0.59, -0.04, -0.85
Gyro: 3.86, 96.34, -12.34
Accel: -0.50, -0.03, -0.83
Gyro: 2.63, 95.50, -11.73
Accel: -0.46, -0.09, -0.91
Gyro: -4.43, 98.90, -11.25
Accel: -0.35, -0.01, -0.81
Gyro: -9.51, 95.46, -6.93
Accel: -0.24, -0.05, -0.77
Gyro: -11.64, 81.83, -0.53
Accel: -0.21, -0.04, -0.90
Gyro: -13.49, 77.11, -0.67
Accel: -0.15, -0.08, -0.88
Gyro: -0.92, 69.41, -4.77
Accel: -0.13, -0.05, -0.93
Gyro: -0.33, 69.71, -10.18
Accel: -0.04, -0.04, -0.83
Gyro: 4.60, 62.10, -9.18
Accel: -0.03, -0.05, -0.94
Gyro: 1.04, 56.40, -7.45
Accel: 0.02, -0.05, -0.90
Gyro: -0.82, 53.42, -5.52
Accel: 0.05, -0.03, -0.89
Gyro: -2.14, 46.67, -3.11
Accel: 0.08, -0.05, -0.90
Gyro: -1.41, 38.22, -0.66
Accel: 0.10, -0.07, -0.90
Gyro: -2.53, 30.46, 0.31
Accel: 0.10, -0.05, -0.94
Gyro: -0.86, 24.28, 1.23
Accel: 0.10, -0.07, -0.93
Gyro: 0.94, 20.10, 2.41
Accel: 0.11, -0.08, -0.93
Gyro: 1.21, 15.58, 1.53
Accel: 0.11, -0.07, -0.94
Gyro: 0.62, 11.65, 0.88
Accel: 0.10, -0.07, -0.93
Gyro: 0.52, 8.86, 0.82
Accel: 0.10, -0.08, -0.94
Gyro: 0.87, 6.03, 0.49
Accel: 0.08, -0.07, -0.96
Gyro: 0.49, 3.86, 0.40
Accel: 0.09, -0.08, -0.95
Gyro: -0.45, 2.03, 0.85
Accel: 0.08, -0.08, -0.95
Gyro: -1.79, -0.65, 0.98
Accel: 0.08, -0.08, -0.97
Gyro: -3.59, -2.44, 0.87
Accel: 0.07, -0.08, -0.97
Gyro: -3.98, -2.77, -0.14
Accel: 0.06, -0.08, -0.97
Gyro: -3.99, -3.05, -1.51
Accel: 0.06, -0.07, -0.97
Gyro: -3.78, -2.82, -2.53
Accel: 0.06, -0.07, -0.98
Gyro: -3.49, -2.27, -2.82
Accel: 0.06, -0.07, -0.97
Gyro: -3.54, -2.27, -2.69
Accel: 0.06, -0.07, -0.97
Gyro: -4.59, -2.92, -3.48
Accel: 0.06, -0.05, -0.99
Gyro: -3.91, -2.69, -3.99
Accel: 0.06, -0.06, -0.98
Gyro: -1.85, -2.49, -3.19
Accel: 0.06, -0.06, -0.98
Gyro: -3.12, -1.66, -3.48
Accel: 0.06, -0.05, -0.97
Gyro: -3.22, -1.15, -2.98
Accel: 0.07, -0.05, -0.97
Gyro: -1.98, -1.76, -2.43
Accel: 0.07, -0.06, -0.97
Gyro: -2.69, -1.56, -2.21
Accel: 0.07, -0.06, -0.97
Gyro: -2.13, -2.47, -2.03
Accel: 0.07, -0.06, -0.98
Gyro: -1.59, -3.23, -1.58
Accel: 0.06, -0.06, -0.98
Gyro: -2.73, -3.41, -1.66
Accel: 0.06, -0.04, -0.96
Gyro: -2.40, -2.66, -0.82
Accel: 0.05, -0.07, -0.96
Gyro: -2.52, -3.31, -0.60
Accel: 0.05, -0.07, -0.98
Gyro: -3.40, -3.56, -1.08
Accel: 0.05, -0.06, -0.98
Gyro: -3.08, -2.61, -1.84
Accel: 0.05, -0.06, -0.97
Gyro: -2.02, -2.66, -2.25
Accel: 0.06, -0.05, -0.98
Gyro: -1.72, -2.85, -2.37
Accel: 0.04, -0.05, -0.98
Gyro: -1.59, -2.57, -1.60
Accel: 0.05, -0.06, -0.98
Gyro: -1.77, -2.36, -0.89
