Accel: 0.03, 0.07, -0.95
Gyro: -3.83, -0.64, -2.30
Accel: 0.03, 0.08, -0.96
Gyro: -3.75, -0.49, -2.46
Accel: 0.02, 0.08, -0.98
Gyro: -3.36, -0.76, -2.13
Accel: 0.02, 0.08, -0.96
Gyro: -3.40, -0.76, -1.59
Accel: 0.02, 0.08, -0.97
Gyro: -3.57, -1.00, -1.59
Accel: 0.02, 0.08, -0.97
Gyro: -3.38, -0.78, -1.59
Accel: 0.02, 0.07, -0.96
Gyro: -3.58, -0.24, -1.82
Accel: 0.02, 0.08, -0.96
Gyro: -3.51, -0.23, -2.26
Accel: 0.03, 0.09, -0.97
Gyro: -3.35, 0.24, -1.65
Accel: 0.03, 0.08, -0.96
Gyro: -4.20, 0.36, -1.88
Accel: 0.02, 0.09, -0.97
Gyro: -4.10, 0.69, -2.56
Accel: 0.03, 0.09, -0.97
Gyro: -1.85, 0.30, -1.84
Accel: 0.03, 0.08, -0.96
Gyro: -2.46, 0.11, -1.66
Accel: 0.03, 0.08, -0.97
Gyro: -2.98, 0.39, -1.58
Accel: 0.02, 0.09, -0.96
Gyro: -2.38, 0.21, -0.64
Accel: 0.03, 0.08, -0.96
Gyro: -2.32, 0.43, -0.61
Accel: 0.04, 0.08, -0.96
Gyro: -3.04, 0.15, -1.37
Accel: 0.03, 0.08, -0.96
Gyro: -2.34, -0.23, -1.37
Accel: 0.04, 0.08, -0.96
Gyro: -2.88, -0.85, -1.83
Accel: 0.03, 0.09, -0.96
Gyro: -2.41, -0.92, -1.99
Accel: 0.05, 0.08, -0.96
Gyro: -1.79, -2.08, -1.37
Accel: 0.05, 0.08, -0.94
Gyro: -2.59, -3.98, -1.87
Accel: 0.04, 0.08, -0.93
Gyro: -3.01, -6.81, -2.38
Accel: 0.07, 0.09, -0.88
Gyro: -1.21, -13.73, -2.42
Accel: 0.09, 0.10, -0.78
Gyro: 1.68, -29.21, -1.28
Accel: 0.11, 0.09, -0.73
Gyro: 2.82, -54.88, -0.80
Accel: 0.07, 0.09, -0.83
Gyro: 4.09, -71.65, 0.19
Accel: 0.00, 0.08, -0.85
Gyro: 4.41, -82.22, -0.21
Accel: -0.08, 0.08, -0.92
Gyro: 2.95, -86.79, -0.62
Accel: -0.15, 0.11, -0.94
Gyro: 8.23, -88.57, -0.50
Accel: -0.19, 0.04, -0.92
Gyro: 5.68, -85.46, -6.39
Accel: -0.26, 0.06, -0.90
Gyro: 12.12, -85.62, -6.61
Accel: -0.33, 0.04, -0.92
Gyro: 13.49, -83.34, -7.71
Accel: -0.37, 0.01, -0.91
Gyro: 8.07, -78.58, -9.25
Accel: -0.44, 0.05, -0.91
Gyro: 8.14, -73.76, -9.90
Accel: -0.51, 0.02, -0.94
Gyro: 11.01, -69.15, -8.39
Accel: -0.57, -0.02, -0.91
Gyro: 0.05, -54.50, -3.40
Accel: -0.58, -0.03, -0.93
Gyro: -0.85, -45.76, -8.51
Accel: -0.62, -0.01, -0.92
Gyro: 4.61, -37.93, -8.04
Accel: -0.63, -0.02, -0.87
Gyro: 1.90, -26.07, -7.52
Accel: -0.62, -0.01, -0.85
Gyro: 0.47, -19.88, -7.71
Accel: -0.62, -0.02, -0.88
Gyro: 0.07, -12.81, -6.55
Accel: -0.62, 0.00, -0.90
Gyro: -3.10, -2.58, -5.82
Accel: -0.62, 0.01, -0.89
Gyro: -3.30, 7.59, -1.83
Accel: -0.62, 0.00, -0.94
Gyro: -4.54, 19.33, 1.63
Accel: -0.63, -0.01, -0.95
Gyro: -6.21, 33.21, 2.22
Accel: -0.65, 0.01, -1.04
Gyro: -6.72, 52.26, 2.91
Accel: -0.59, -0.01, -0.91
Gyro: -9.67, 72.44, 4.03
Accel: -0.52, -0.03, -0.92
Gyro: -7.77, 75.27, -0.76
Accel: -0.51, -0.01, -1.06
Gyro: -11.39, 93.73, -4.29
Accel: -0.39, 0.02, -0.83
Gyro: -10.80, 101.43, -3.41
Accel: -0.30, 0.03, -0.82
Gyro: -7.89, 92.32, -4.23
Accel: -0.28, 0.06, -0.96
Gyro: -6.66, 95.52, -2.65
Accel: -0.18, 0.01, -0.81
Gyro: -4.62, 87.36, -1.31
Accel: -0.14, -0.14, -0.86
Gyro: -12.51, 77.02, -14.65
Accel: -0.11, -0.05, -0.89
Gyro: -12.26, 69.47, -38.08
Accel: -0.06, 0.07, -0.85
Gyro: -9.37, 68.73, -38.47
Accel: -0.00, 0.10, -0.87
Gyro: -5.19, 53.63, -30.03
Accel: 0.02, 0.13, -0.92
Gyro: -8.71, 49.13, -16.58
Accel: 0.06, 0.13, -0.88
Gyro: -11.48, 41.16, -2.42
Accel: 0.07, 0.10, -0.91
Gyro: -14.49, 33.45, 8.08
Accel: 0.10, 0.08, -0.91
Gyro: -14.31, 28.08, 12.57
Accel: 0.12, 0.07, -0.91
Gyro: -12.31, 23.09, 12.54
Accel: 0.13, 0.06, -0.94
Gyro: -9.90, 20.68, 11.10
Accel: 0.15, 0.07, -0.91
Gyro: -8.77, 15.95, 9.95
Accel: 0.14, 0.07, -0.93
Gyro: -8.81, 11.06, 10.08
Accel: 0.14, 0.08, -0.95
Gyro: -8.33, 9.64, 9.06
Accel: 0.14, 0.08, -0.93
Gyro: -6.23, 7.31, 8.32
Accel: 0.14, 0.06, -0.93
Gyro: -5.41, 3.91, 7.48
Accel: 0.13, 0.06, -0.95
Gyro: -5.95, 2.10, 6.00
Accel: 0.12, 0.07, -0.96
Gyro: -5.53, 1.79, 4.59
Accel: 0.12, 0.06, -0.94
Gyro: -4.96, 0.47, 2.94
Accel: 0.12, 0.08, -0.95
Gyro: -4.26, -0.40, 1.08
Accel: 0.12, 0.08, -0.96
Gyro: -2.95, -0.56, 0.27
Accel: 0.12, 0.08, -0.96
Gyro: -2.81, -0.64, -0.05
Accel: 0.12, 0.09, -0.96
Gyro: -2.96, -0.81, 0.15
Accel: 0.13, 0.08, -0.96
Gyro: -3.04, -0.62, 0.66
Accel: 0.12, 0.08, -0.96
Gyro: -3.00, -0.66, 0.85
Accel: 0.13, 0.08, -0.96
Gyro: -2.71, -0.90, 0.34
Accel: 0.12, 0.07, -0.97
Gyro: -2.06, -0.70, 0.14
Accel: 0.12, 0.08, -0.95
Gyro: -2.93, -0.70, -1.18
Accel: 0.12, 0.09, -0.96
Gyro: -2.25, -0.63, -1.41
Accel: 0.12, 0.09, -0.97
Gyro: -0.11, -0.79, 0.05
Accel: 0.12, 0.08, -0.96
Gyro: 0.74, -0.45, 0.03
Accel: 0.12, 0.07, -0.95
Gyro: 1.84, -0.76, -1.76
Accel: 0.12, 0.07, -0.96
Gyro: 2.42, -1.01, -2.56
Accel: 0.12, 0.07, -0.95
Gyro: 1.42, -0.85, -2.29
Accel: 0.13, 0.08, -0.95
Gyro: -0.68, -1.52, -1.59
Accel: 0.13, 0.08, -0.95
Gyro: -1.83, -2.75, 0.79
Accel: 0.13, 0.07, -0.97
Gyro: -3.75, -3.69, 0.83
Accel: 0.13, 0.08, -0.96
Gyro: -2.97, -4.10, 0.76
Accel: 0.12, 0.06, -0.95
Gyro: -2.84, -4.04, 0.53
Accel: 0.12, 0.06, -0.96
Gyro: -3.31, -3.85, -0.72
Accel: 0.11, 0.07, -0.96
Gyro: -3.57, -3.69, -1.24
Accel: 0.11, 0.08, -0.96
Gyro: -2.88, -3.52, -1.69
Accel: 0.12, 0.08, -0.96
Gyro: -2.48, -3.43, -1.66
Accel: 0.10, 0.08, -0.97
Gyro: -2.14, -3.57, -1.15
Accel: 0.11, 0.08, -0.97
Gyro: -2.32, -3.65, -0.38
Accel: 0.10, 0.07, -0.96
Gyro: -2.41, -3.49, 0.21
Accel: 0.11, 0.06, -0.95
Gyro: -2.52, -3.20, 0.32
Accel: 0.09, 0.06, -0.97
Gyro: -2.65, -3.59, -0.24
