Accel: 0.06, 0.08, -0.96
Gyro: -2.51, -0.99, -0.93
Accel: 0.07, 0.08, -0.97
Gyro: -1.82, -1.27, -1.01
Accel: 0.06, 0.07, -0.96
Gyro: -2.58, -1.59, -1.56
Accel: 0.07, 0.09, -0.97
Gyro: -2.33, -1.40, -1.54
Accel: 0.06, 0.08, -0.96
Gyro: -2.14, -1.53, -1.19
Accel: 0.05, 0.07, -0.96
Gyro: -2.52, -2.15, -1.12
Accel: 0.05, 0.08, -0.96
Gyro: -3.00, -2.32, -1.47
Accel: 0.05, 0.08, -0.96
Gyro: -2.58, -1.82, -1.46
Accel: 0.06, 0.07, -0.96
Gyro: -2.45, -1.72, -1.98
Accel: 0.05, 0.09, -0.97
Gyro: -2.45, -1.88, -2.01
Accel: 0.05, 0.08, -0.97
Gyro: -2.60, -1.60, -1.30
Accel: 0.05, 0.09, -0.96
Gyro: -2.57, -1.31, -1.14
Accel: 0.05, 0.08, -0.96
Gyro: -2.51, -1.21, -0.98
Accel: 0.05, 0.08, -0.95
Gyro: -2.36, -1.47, -1.36
Accel: 0.05, 0.08, -0.96
Gyro: -2.41, -1.55, -1.41
Accel: 0.06, 0.08, -0.96
Gyro: -2.21, -1.46, -1.17
Accel: 0.05, 0.07, -0.96
Gyro: -3.19, -1.49, -1.72
Accel: 0.05, 0.09, -0.97
Gyro: -2.52, -0.70, -2.07
Accel: 0.06, 0.08, -0.97
Gyro: -1.14, -1.51, -1.21
Accel: 0.05, 0.07, -0.96
Gyro: -2.27, -1.70, -1.35
Accel: 0.05, 0.08, -0.96
Gyro: -2.65, -1.88, -0.67
Accel: 0.05, 0.08, -0.96
Gyro: -1.96, -1.81, -0.58
Accel: 0.06, 0.07, -0.95
Gyro: -2.41, -2.19, -1.44
Accel: 0.06, 0.08, -0.94
Gyro: -2.01, -4.23, -1.92
Accel: 0.08, 0.08, -0.88
Gyro: -0.63, -10.61, -1.75
Accel: 0.09, 0.07, -0.82
Gyro: -1.17, -23.52, -3.16
Accel: 0.12, 0.11, -0.73
Gyro: 2.74, -48.56, -3.27
Accel: 0.08, 0.07, -0.69
Gyro: 6.79, -76.87, -2.07
Accel: 0.02, 0.03, -0.69
Gyro: 7.37, -109.01, -4.84
Accel: -0.11, 0.06, -0.84
Gyro: 4.16, -122.19, -7.40
Accel: -0.22, 0.07, -1.06
Gyro: 4.13, -110.76, -7.64
Accel: -0.27, 0.02, -1.10
Gyro: 9.72, -85.66, -9.28
Accel: -0.36, 0.05, -1.05
Gyro: 8.99, -74.25, -9.91
Accel: -0.48, 0.04, -1.20
Gyro: 16.69, -51.61, -9.19
Accel: -0.49, 0.03, -1.10
Gyro: 7.95, -22.19, -6.31
Accel: -0.45, 0.04, -0.98
Gyro: 5.65, -13.37, -3.51
Accel: -0.45, 0.02, -0.98
Gyro: 2.44, -6.10, 0.55
Accel: -0.44, 0.00, -0.97
Gyro: -1.85, 4.58, 3.28
Accel: -0.41, 0.00, -0.94
Gyro: -1.73, 11.76, 3.52
Accel: -0.40, 0.00, -0.96
Gyro: -3.49, 20.47, 2.13
Accel: -0.40, 0.00, -1.03
Gyro: -5.24, 33.80, 1.06
Accel: -0.41, 0.05, -1.11
Gyro: -5.30, 53.33, 2.37
Accel: -0.42, 0.05, -1.16
Gyro: -3.04, 79.99, 6.05
Accel: -0.43, 0.03, -1.33
Gyro: -8.02, 112.39, 9.06
Accel: -0.29, 0.01, -0.90
Gyro: -22.67, 151.15, 14.64
Accel: -0.03, 0.01, -0.62
Gyro: -15.51, 125.07, 8.31
Accel: 0.14, 0.01, -0.46
Gyro: -3.10, 76.10, 2.13
Accel: 0.17, 0.03, -0.63
Gyro: 1.52, 25.64, -4.70
Accel: 0.11, 0.06, -0.89
Gyro: -0.27, 9.65, -3.46
Accel: 0.10, 0.08, -0.92
Gyro: -3.40, 7.16, 0.48
Accel: 0.11, 0.11, -0.89
Gyro: -5.06, 0.84, 9.45
Accel: 0.09, 0.05, -0.90
Gyro: -6.78, -9.99, 14.76
Accel: 0.03, 0.01, -1.02
Gyro: -8.34, -9.81, 9.79
Accel: 0.01, 0.01, -1.02
Gyro: -8.38, -4.49, 1.67
Accel: 0.01, 0.04, -0.99
Gyro: -6.06, -0.57, -3.30
Accel: 0.01, 0.05, -0.97
Gyro: -3.66, 1.42, -5.01
Accel: 0.01, 0.06, -0.96
Gyro: -3.40, 2.68, -4.43
Accel: 0.02, 0.06, -0.96
Gyro: -1.87, 1.28, -3.29
Accel: 0.02, 0.07, -0.96
Gyro: -3.46, 0.92, -2.98
Accel: 0.02, 0.07, -0.97
Gyro: -3.56, 1.51, -3.10
Accel: 0.02, 0.06, -0.96
Gyro: -3.33, 0.85, -3.36
Accel: 0.02, 0.06, -0.96
Gyro: -3.48, 0.20, -3.01
Accel: 0.02, 0.06, -0.97
Gyro: -4.31, 0.23, -2.16
Accel: 0.03, 0.06, -0.96
Gyro: -4.87, 0.62, -1.07
Accel: 0.03, 0.06, -0.95
Gyro: -4.29, 0.27, -1.81
Accel: 0.03, 0.08, -0.98
Gyro: -2.69, 0.82, -3.01
Accel: 0.02, 0.08, -0.98
Gyro: 0.01, 0.91, -2.19
Accel: 0.04, 0.07, -0.97
Gyro: -1.05, 1.66, -1.68
Accel: 0.04, 0.06, -0.96
Gyro: -2.07, 1.63, -1.38
Accel: 0.04, 0.07, -0.96
Gyro: -3.55, 1.52, -0.50
Accel: 0.04, 0.05, -0.95
Gyro: -4.06, 0.98, -0.16
Accel: 0.04, 0.07, -0.96
Gyro: -4.56, -0.70, -0.84
Accel: 0.04, 0.06, -0.97
Gyro: -3.79, -1.14, -0.98
Accel: 0.04, 0.07, -0.96
Gyro: -4.46, -1.32, -2.23
Accel: 0.04, 0.08, -0.96
Gyro: -2.52, -1.45, -2.41
Accel: 0.03, 0.07, -0.96
Gyro: -2.47, -2.55, -2.24
Accel: 0.03, 0.07, -0.96
Gyro: -2.62, -2.37, -2.16
Accel: 0.02, 0.08, -0.97
Gyro: -2.72, -2.27, -1.59
Accel: 0.03, 0.07, -0.97
Gyro: -2.20, -1.91, -0.69
Accel: 0.03, 0.07, -0.97
Gyro: -2.09, -1.14, -0.41
Accel: 0.03, 0.06, -0.97
Gyro: -1.69, -0.84, 0.21
Accel: 0.03, 0.06, -0.96
Gyro: -1.75, -0.49, -0.25
Accel: 0.04, 0.06, -0.97
Gyro: -1.81, -1.11, -0.63
Accel: 0.03, 0.06, -0.96
Gyro: -2.02, -1.13, -0.92
Accel: 0.03, 0.07, -0.96
Gyro: -2.55, -1.29, -1.26
Accel: 0.04, 0.07, -0.96
Gyro: -2.94, -1.50, -1.53
Accel: 0.03, 0.07, -0.96
Gyro: -3.03, -1.98, -1.40
Accel: 0.04, 0.05, -0.97
Gyro: -3.79, -2.09, -1.75
Accel: 0.03, 0.07, -0.96
Gyro: -4.13, -2.24, -2.64
Accel: 0.03, 0.08, -0.97
Gyro: -2.15, -3.14, -1.88
Accel: 0.02, 0.07, -0.97
Gyro: -2.73, -3.53, -1.97
Accel: 0.02, 0.07, -0.97
Gyro: -2.92, -3.09, -1.74
Accel: 0.01, 0.08, -0.98
Gyro: -2.60, -2.16, -1.45
Accel: 0.01, 0.07, -0.97
Gyro: -2.45, -1.32, -1.14
Accel: 0.02, 0.07, -0.97
Gyro: -2.90, -0.68, -1.44
Accel: 0.03, 0.07, -0.97
Gyro: -2.45, -0.70, -1.24
Accel: 0.02, 0.06, -0.97
Gyro: -3.30, -0.38, -1.45
Accel: 0.02, 0.08, -0.97
Gyro: -2.27, -0.02, -1.40
Accel: 0.03, 0.07, -0.97
Gyro: -2.83, -0.08, -1.05
Accel: 0.02, 0.06, -0.96
Gyro: -3.90, -0.42, -1.44
Accel: 0.02, 0.08, -0.96
Gyro: -4.10, -0.60, -1.88
