Accel: 0.04, 0.10, -0.96
Gyro: -2.36, -1.25, -1.11
Accel: 0.04, 0.11, -0.96
Gyro: -2.03, -1.30, -1.63
Accel: 0.04, 0.10, -0.96
Gyro: -2.37, -1.54, -1.88
Accel: 0.04, 0.11, -0.97
Gyro: -2.38, -1.24, -1.48
Accel: 0.04, 0.10, -0.97
Gyro: -2.98, -0.94, -1.56
Accel: 0.04, 0.11, -0.97
Gyro: -3.56, -0.68, -2.37
Accel: 0.04, 0.12, -0.96
Gyro: -1.27, -0.38, -1.83
Accel: 0.04, 0.11, -0.96
Gyro: -1.37, -0.50, -1.26
Accel: 0.04, 0.11, -0.97
Gyro: -2.42, -0.90, -0.82
Accel: 0.04, 0.11, -0.95
Gyro: -1.77, -1.40, -0.08
Accel: 0.04, 0.10, -0.96
Gyro: -1.52, -0.92, -0.24
Accel: 0.05, 0.10, -0.96
Gyro: -2.30, -1.27, -1.50
Accel: 0.06, 0.11, -0.95
Gyro: -1.58, -2.11, -1.91
Accel: 0.05, 0.10, -0.95
Gyro: -2.27, -3.35, -2.40
Accel: 0.06, 0.12, -0.94
Gyro: -2.04, -4.28, -2.54
Accel: 0.08, 0.11, -0.91
Gyro: 0.19, -7.61, -2.37
Accel: 0.11, 0.09, -0.87
Gyro: 0.94, -14.48, -4.96
Accel: 0.13, 0.10, -0.83
Gyro: 2.12, -25.15, -7.19
Accel: 0.13, 0.11, -0.82
Gyro: 3.85, -39.53, -8.37
Accel: 0.11, 0.10, -0.82
Gyro: 5.59, -53.49, -8.82
Accel: 0.07, 0.11, -0.80
Gyro: 6.88, -68.09, -8.88
Accel: 0.03, 0.09, -0.78
Gyro: 8.67, -84.73, -8.54
Accel: -0.02, 0.07, -0.75
Gyro: 9.64, -102.49, -8.74
Accel: -0.09, 0.03, -0.69
Gyro: 14.71, -123.30, -10.19
Accel: -0.28, 0.07, -0.74
Gyro: 17.22, -139.06, -15.01
Accel: -0.53, 0.06, -1.00
Gyro: 20.57, -138.73, -13.66
Accel: -0.66, 0.05, -1.24
Gyro: 20.81, -102.92, -12.57
Accel: -0.72, 0.03, -1.18
Gyro: 13.28, -62.36, -10.69
Accel: -0.69, 0.00, -0.96
Gyro: 9.50, -40.53, -10.52
Accel: -0.69, 0.01, -0.93
Gyro: 7.28, -28.27, -8.13
Accel: -0.67, 0.02, -0.91
Gyro: 5.65, -14.53, -3.43
Accel: -0.65, -0.01, -0.87
Gyro: 3.59, -4.30, 0.27
Accel: -0.62, -0.02, -0.88
Gyro: -1.37, 3.72, 1.15
Accel: -0.62, -0.02, -0.90
Gyro: -3.65, 15.36, 1.78
Accel: -0.63, -0.03, -0.98
Gyro: -5.20, 29.01, 2.75
Accel: -0.67, -0.04, -1.07
Gyro: -11.20, 55.22, 1.18
Accel: -0.62, -0.01, -1.01
Gyro: -11.47, 75.47, -1.88
Accel: -0.60, 0.02, -1.08
Gyro: -11.47, 96.82, -0.71
Accel: -0.51, 0.03, -0.97
Gyro: -14.21, 117.39, 3.59
Accel: -0.36, 0.03, -0.86
Gyro: -14.76, 119.71, 7.90
Accel: -0.23, 0.04, -0.84
Gyro: -11.19, 111.74, 8.83
Accel: -0.11, 0.01, -0.76
Gyro: -13.22, 101.52, 10.93
Accel: 0.01, -0.01, -0.68
Gyro: -17.47, 76.84, 8.32
Accel: 0.04, 0.04, -0.80
Gyro: -17.60, 55.69, 5.64
Accel: 0.07, 0.06, -0.86
Gyro: -14.28, 45.74, 4.65
Accel: 0.05, 0.06, -0.94
Gyro: -12.15, 40.74, 4.75
Accel: 0.07, 0.06, -0.91
Gyro: -12.89, 37.75, 3.75
Accel: 0.08, 0.07, -0.92
Gyro: -14.40, 31.52, 2.28
Accel: 0.09, 0.08, -0.90
Gyro: -14.08, 25.86, 0.85
Accel: 0.10, 0.09, -0.91
Gyro: -14.69, 20.05, -1.48
Accel: 0.11, 0.11, -0.92
Gyro: -12.51, 16.01, -3.28
Accel: 0.12, 0.12, -0.91
Gyro: -8.51, 11.51, -3.97
Accel: 0.12, 0.12, -0.92
Gyro: -7.34, 7.35, -4.69
Accel: 0.12, 0.14, -0.94
Gyro: -5.80, 5.01, -4.24
Accel: 0.12, 0.15, -0.93
Gyro: -2.58, 1.62, -1.66
Accel: 0.10, 0.12, -0.94
Gyro: -1.97, -1.43, 0.39
Accel: 0.10, 0.11, -0.93
Gyro: -2.30, -2.88, 1.42
Accel: 0.09, 0.10, -0.92
Gyro: -3.03, -4.90, 1.02
Accel: 0.07, 0.09, -0.94
Gyro: -4.64, -8.36, -0.69
Accel: 0.06, 0.10, -0.96
Gyro: -4.71, -8.20, -2.62
Accel: 0.05, 0.10, -0.98
Gyro: -3.20, -6.65, -3.99
Accel: 0.04, 0.11, -0.98
Gyro: -3.23, -4.46, -5.36
Accel: 0.05, 0.13, -0.97
Gyro: -2.17, -3.32, -4.14
Accel: 0.05, 0.12, -0.98
Gyro: -1.52, -2.94, -2.57
Accel: 0.05, 0.12, -0.96
Gyro: -2.33, -2.58, -0.97
Accel: 0.05, 0.12, -0.97
Gyro: -3.10, -2.14, -0.22
Accel: 0.06, 0.11, -0.96
Gyro: -3.11, -1.65, -0.01
Accel: 0.06, 0.12, -0.96
Gyro: -3.64, -1.58, -0.74
Accel: 0.07, 0.12, -0.96
Gyro: -3.29, -2.35, -1.17
Accel: 0.06, 0.12, -0.95
Gyro: -2.85, -3.21, -1.24
Accel: 0.05, 0.12, -0.96
Gyro: -2.22, -3.90, -0.89
Accel: 0.06, 0.12, -0.96
Gyro: -1.75, -3.48, -0.47
Accel: 0.05, 0.12, -0.96
Gyro: -1.75, -3.72, -0.05
Accel: 0.04, 0.12, -0.97
Gyro: -2.33, -2.93, 0.10
Accel: 0.05, 0.10, -0.96
Gyro: -2.81, -3.13, 0.47
Accel: 0.04, 0.11, -0.98
Gyro: -4.06, -3.09, -0.66
Accel: 0.05, 0.12, -0.96
Gyro: -2.19, -2.75, -0.82
Accel: 0.05, 0.10, -0.97
Gyro: -1.39, -2.53, -1.21
Accel: 0.04, 0.11, -0.96
Gyro: -2.04, -2.82, -1.84
Accel: 0.04, 0.12, -0.96
Gyro: -1.50, -2.34, -1.70
Accel: 0.04, 0.11, -0.95
Gyro: -1.72, -2.59, -1.37
Accel: 0.04, 0.12, -0.96
Gyro: -2.15, -2.57, -1.07
Accel: 0.04, 0.12, -0.97
Gyro: -1.79, -2.49, -0.53
Accel: 0.04, 0.10, -0.96
Gyro: -2.01, -2.30, -0.86
Accel: 0.04, 0.12, -0.96
Gyro: -2.27, -2.17, -1.39
Accel: 0.04, 0.11, -0.95
Gyro: -1.05, -2.39, -0.76
Accel: 0.04, 0.11, -0.96
Gyro: -1.50, -2.37, -1.15
Accel: 0.04, 0.11, -0.97
Gyro: -1.95, -2.60, -1.12
Accel: 0.04, 0.11, -0.96
Gyro: -2.19, -2.33, -0.96
Accel: 0.03, 0.11, -0.97
Gyro: -1.68, -2.24, -1.14
Accel: 0.04, 0.11, -0.96
Gyro: -1.70, -2.66, -1.31
Accel: 0.03, 0.11, -0.95
Gyro: -1.75, -2.45, -1.02
Accel: 0.03, 0.11, -0.97
Gyro: -1.97, -2.82, -0.76
Accel: 0.03, 0.11, -0.96
Gyro: -2.21, -2.51, -0.73
Accel: 0.03, 0.11, -0.97
Gyro: -2.31, -2.70, -0.82
Accel: 0.03, 0.11, -0.96
Gyro: -2.20, -2.22, -1.34
Accel: 0.02, 0.11, -0.96
Gyro: -2.32, -1.70, -1.21
Accel: 0.02, 0.11, -0.96
Gyro: -3.46, -1.70, -1.30
Accel: 0.02, 0.12, -0.98
Gyro: -2.98, -1.32, -1.65
Accel: 0.02, 0.10, -0.97
Gyro: -2.01, -1.06, -1.34
Accel: 0.02, 0.10, -0.96
Gyro: -3.15, -1.37, -1.86
