Accel: 0.10, 0.13, -0.96
Gyro: -1.98, -0.82, -3.58
Accel: 0.09, 0.13, -0.96
Gyro: -0.76, -0.85, -2.42
Accel: 0.09, 0.11, -0.96
Gyro: -0.62, -1.70, -1.53
Accel: 0.09, 0.11, -0.95
Gyro: -1.95, -1.50, -1.02
Accel: 0.09, 0.12, -0.96
Gyro: -1.87, -0.84, -0.43
Accel: 0.09, 0.11, -0.96
Gyro: -1.25, -1.30, -0.27
Accel: 0.09, 0.11, -0.96
Gyro: -0.90, -0.91, -0.40
Accel: 0.09, 0.11, -0.96
Gyro: -0.95, -1.30, -0.43
Accel: 0.09, 0.11, -0.96
Gyro: -0.92, -0.99, -0.21
Accel: 0.09, 0.10, -0.95
Gyro: -1.40, -1.01, 0.04
Accel: 0.08, 0.11, -0.96
Gyro: -1.50, -0.98, -0.08
Accel: 0.09, 0.11, -0.97
Gyro: -1.91, -0.63, -0.60
Accel: 0.09, 0.10, -0.96
Gyro: -2.46, -0.22, -1.11
Accel: 0.08, 0.11, -0.96
Gyro: -3.51, -0.18, -2.11
Accel: 0.09, 0.13, -0.97
Gyro: -2.26, 0.79, -2.10
Accel: 0.08, 0.11, -0.97
Gyro: -1.83, 0.18, -1.34
Accel: 0.10, 0.10, -0.94
Gyro: -2.80, -0.65, -1.76
Accel: 0.10, 0.11, -0.94
Gyro: -2.90, -2.33, -1.99
Accel: 0.09, 0.11, -0.94
Gyro: -2.37, -3.85, -2.16
Accel: 0.12, 0.12, -0.91
Gyro: -2.89, -6.91, -2.62
Accel: 0.13, 0.08, -0.90
Gyro: -1.79, -13.16, -3.67
Accel: 0.14, 0.10, -0.86
Gyro: 5.13, -23.06, -13.44
Accel: 0.15, 0.15, -0.79
Gyro: 5.66, -37.06, -10.83
Accel: 0.17, 0.08, -0.66
Gyro: -0.67, -64.50, -7.54
Accel: 0.12, 0.10, -0.66
Gyro: -1.17, -97.63, -9.52
Accel: 0.03, 0.11, -0.72
Gyro: 8.00, -124.34, -10.10
Accel: -0.08, 0.05, -0.81
Gyro: 8.99, -137.70, -15.21
Accel: -0.25, 0.09, -0.95
Gyro: 9.18, -139.53, -22.40
Accel: -0.47, 0.14, -1.27
Gyro: 16.72, -118.32, -19.78
Accel: -0.55, 0.08, -1.29
Gyro: 17.46, -71.47, -13.41
Accel: -0.57, 0.07, -1.18
Gyro: 10.18, -35.50, -10.49
Accel: -0.61, 0.07, -1.14
Gyro: 10.57, -10.25, -5.49
Accel: -0.61, 0.04, -1.14
Gyro: 5.67, 19.52, 0.39
Accel: -0.59, 0.02, -1.14
Gyro: -3.72, 44.14, 2.17
Accel: -0.61, 0.05, -1.24
Gyro: -10.16, 83.33, 8.16
Accel: -0.47, 0.06, -1.00
Gyro: -9.44, 104.38, 14.26
Accel: -0.42, 0.08, -1.10
Gyro: -10.35, 118.13, 17.88
Accel: -0.26, 0.07, -0.81
Gyro: -6.85, 131.63, 22.71
Accel: -0.06, 0.01, -0.64
Gyro: -7.69, 109.36, 19.16
Accel: 0.05, 0.02, -0.69
Gyro: -4.54, 77.10, 11.83
Accel: 0.11, 0.03, -0.74
Gyro: -3.91, 53.54, 5.94
Accel: 0.14, 0.03, -0.80
Gyro: -4.79, 32.84, 1.79
Accel: 0.14, 0.05, -0.87
Gyro: -5.19, 20.84, -0.37
Accel: 0.14, 0.09, -0.94
Gyro: -5.19, 14.11, 0.75
Accel: 0.14, 0.08, -0.94
Gyro: -7.12, 8.88, 2.45
Accel: 0.13, 0.08, -0.99
Gyro: -10.06, 5.95, 2.62
Accel: 0.13, 0.08, -0.98
Gyro: -11.67, 6.10, 2.72
Accel: 0.14, 0.07, -0.93
Gyro: -11.73, 5.39, 1.34
Accel: 0.13, 0.08, -0.93
Gyro: -7.94, 2.67, -0.34
Accel: 0.12, 0.09, -0.92
Gyro: -5.84, -0.72, -2.46
Accel: 0.11, 0.10, -0.90
Gyro: -4.63, -4.80, -3.85
Accel: 0.08, 0.11, -0.94
Gyro: -4.15, -8.47, -4.11
Accel: 0.07, 0.11, -0.96
Gyro: -4.11, -8.37, -4.24
Accel: 0.05, 0.11, -0.96
Gyro: -4.82, -6.78, -4.14
Accel: 0.03, 0.11, -0.96
Gyro: -5.13, -5.82, -3.60
Accel: 0.02, 0.11, -0.96
Gyro: -5.06, -5.62, -2.99
Accel: 0.03, 0.11, -0.97
Gyro: -4.97, -4.92, -3.16
Accel: 0.03, 0.11, -0.98
Gyro: -3.70, -3.23, -2.90
Accel: 0.04, 0.11, -0.99
Gyro: -3.22, -1.76, -3.27
Accel: 0.05, 0.13, -0.98
Gyro: -0.68, -0.48, -2.21
Accel: 0.06, 0.11, -0.97
Gyro: -0.29, -0.34, -0.44
Accel: 0.07, 0.10, -0.97
Gyro: -1.27, -0.85, -0.22
Accel: 0.07, 0.10, -0.96
Gyro: -2.40, 0.38, -0.08
Accel: 0.08, 0.10, -0.97
Gyro: -2.90, 1.05, -0.20
Accel: 0.07, 0.09, -0.95
Gyro: -3.68, 0.35, -1.19
Accel: 0.07, 0.11, -0.95
Gyro: -3.27, -0.69, -2.26
Accel: 0.07, 0.11, -0.95
Gyro: -3.45, -2.25, -2.71
Accel: 0.06, 0.12, -0.96
Gyro: -1.91, -3.01, -2.31
Accel: 0.05, 0.11, -0.95
Gyro: -1.79, -3.44, -1.17
Accel: 0.05, 0.10, -0.96
Gyro: -2.69, -3.68, -1.01
Accel: 0.03, 0.11, -0.96
Gyro: -3.03, -3.77, -1.38
Accel: 0.03, 0.12, -0.97
Gyro: -2.69, -3.27, -1.01
Accel: 0.04, 0.11, -0.98
Gyro: -2.60, -1.95, -0.81
Accel: 0.04, 0.11, -0.98
Gyro: -2.46, -0.66, -0.74
Accel: 0.04, 0.11, -0.98
Gyro: -2.40, 0.10, -0.59
Accel: 0.04, 0.11, -0.96
Gyro: -2.19, 1.21, -0.62
Accel: 0.05, 0.10, -0.96
Gyro: -2.44, 1.50, -1.11
Accel: 0.06, 0.10, -0.96
Gyro: -3.03, 0.57, -1.36
Accel: 0.06, 0.12, -0.96
Gyro: -3.30, 0.41, -1.05
Accel: 0.07, 0.11, -0.95
Gyro: -4.23, 0.56, -1.11
Accel: 0.06, 0.11, -0.96
Gyro: -5.32, 0.04, -1.94
Accel: 0.06, 0.13, -0.96
Gyro: -2.96, -0.94, -1.00
Accel: 0.05, 0.11, -0.96
Gyro: -3.02, -1.71, -1.16
Accel: 0.05, 0.12, -0.97
Gyro: -3.33, -1.86, -1.55
Accel: 0.05, 0.12, -0.96
Gyro: -2.48, -1.66, -1.72
Accel: 0.05, 0.12, -0.96
Gyro: -2.17, -1.43, -1.63
Accel: 0.05, 0.11, -0.96
Gyro: -2.54, -1.13, -1.61
Accel: 0.05, 0.11, -0.96
Gyro: -2.17, -1.29, -0.70
Accel: 0.04, 0.12, -0.97
Gyro: -3.03, -1.59, -0.81
Accel: 0.04, 0.12, -0.97
Gyro: -1.95, -1.25, -0.43
Accel: 0.05, 0.10, -0.97
Gyro: -1.52, -0.28, 0.01
Accel: 0.05, 0.11, -0.95
Gyro: -2.53, -0.38, -0.59
Accel: 0.05, 0.11, -0.96
Gyro: -2.53, -0.67, -0.85
Accel: 0.05, 0.11, -0.96
Gyro: -2.50, -0.40, -1.31
Accel: 0.05, 0.11, -0.97
Gyro: -2.88, 0.06, -1.88
Accel: 0.05, 0.12, -0.97
Gyro: -2.67, -0.04, -1.91
Accel: 0.05, 0.12, -0.96
Gyro: -2.43, -0.38, -1.48
Accel: 0.05, 0.11, -0.95
Gyro: -2.36, -0.83, -1.14
Accel: 0.05, 0.11, -0.96
Gyro: -2.80, -1.12, -1.46
Accel: 0.05, 0.11, -0.96
Gyro: -3.00, -1.27, -1.81
Accel: 0.05, 0.11, -0.96
Gyro: -2.69, -0.87, -1.68
