Accel: 0.05, 0.10, -0.96
Gyro: -3.39, 0.21, -1.25
Accel: 0.06, 0.10, -0.95
Gyro: -3.68, 0.05, -1.34
Accel: 0.05, 0.10, -0.96
Gyro: -3.44, -0.19, -1.87
Accel: 0.05, 0.10, -0.95
Gyro: -3.51, -0.80, -2.37
Accel: 0.05, 0.11, -0.96
Gyro: -3.54, -0.98, -2.69
Accel: 0.05, 0.11, -0.96
Gyro: -3.63, -1.34, -2.66
Accel: 0.05, 0.11, -0.97
Gyro: -4.51, -1.42, -3.18
Accel: 0.04, 0.13, -0.97
Gyro: -3.28, -0.50, -2.75
Accel: 0.05, 0.11, -0.97
Gyro: -2.28, -0.79, -1.94
Accel: 0.04, 0.11, -0.96
Gyro: -2.68, -0.50, -1.68
Accel: 0.05, 0.12, -0.97
Gyro: -2.73, -0.50, -0.92
Accel: 0.05, 0.11, -0.96
Gyro: -2.54, -0.07, -0.49
Accel: 0.05, 0.10, -0.96
Gyro: -2.99, 0.34, -1.04
Accel: 0.06, 0.11, -0.96
Gyro: -2.56, 0.28, -1.76
Accel: 0.06, 0.11, -0.96
Gyro: -2.44, -0.05, -1.95
Accel: 0.06, 0.12, -0.97
Gyro: -3.23, -0.31, -2.32
Accel: 0.06, 0.12, -0.97
Gyro: -1.78, -0.42, -1.35
Accel: 0.05, 0.11, -0.96
Gyro: -2.24, -0.85, -0.82
Accel: 0.05, 0.11, -0.96
Gyro: -3.05, -0.89, -0.90
Accel: 0.06, 0.11, -0.95
Gyro: -2.27, -1.46, -0.99
Accel: 0.06, 0.11, -0.96
Gyro: -1.51, -1.04, -1.64
Accel: 0.07, 0.12, -0.95
Gyro: -0.20, -0.20, -1.99
Accel: 0.08, 0.10, -0.92
Gyro: 1.27, -3.72, -2.31
Accel: 0.10, 0.11, -0.89
Gyro: 1.63, -9.29, -3.28
Accel: 0.11, 0.11, -0.87
Gyro: 1.58, -16.40, -3.68
Accel: 0.12, 0.09, -0.83
Gyro: 2.15, -27.23, -5.04
Accel: 0.12, 0.10, -0.81
Gyro: 3.71, -41.28, -6.84
Accel: 0.11, 0.10, -0.79
Gyro: 6.12, -58.42, -7.21
Accel: 0.08, 0.09, -0.75
Gyro: 6.61, -77.45, -6.97
Accel: -0.00, 0.09, -0.76
Gyro: 7.52, -99.33, -5.99
Accel: -0.13, 0.09, -0.81
Gyro: 8.92, -116.19, -4.55
Accel: -0.26, 0.07, -0.90
Gyro: 16.45, -121.69, -10.62
Accel: -0.38, 0.04, -1.01
Gyro: 18.06, -114.48, -11.20
Accel: -0.48, 0.07, -1.09
Gyro: 10.02, -93.11, -8.87
Accel: -0.55, 0.05, -1.09
Gyro: 8.67, -67.67, -6.06
Accel: -0.56, 0.03, -1.02
Gyro: 6.05, -47.69, -5.23
Accel: -0.57, 0.01, -0.98
Gyro: 3.22, -32.30, -7.28
Accel: -0.57, 0.03, -0.94
Gyro: 1.03, -17.97, -6.79
Accel: -0.53, 0.03, -0.91
Gyro: 1.56, -11.44, -5.13
Accel: -0.52, 0.06, -0.90
Gyro: -0.11, -4.48, -2.24
Accel: -0.54, 0.05, -0.98
Gyro: -0.69, 5.81, 2.43
Accel: -0.56, 0.03, -1.00
Gyro: -3.46, 23.45, 4.95
Accel: -0.55, 0.02, -1.03
Gyro: -5.07, 38.53, 5.22
Accel: -0.59, 0.04, -1.17
Gyro: -8.03, 68.15, 6.24
Accel: -0.53, 0.05, -1.06
Gyro: -7.51, 90.36, 8.45
Accel: -0.47, 0.04, -1.05
Gyro: -10.82, 108.37, 10.38
Accel: -0.39, 0.04, -0.96
Gyro: -16.16, 126.53, 12.21
Accel: -0.18, 0.02, -0.71
Gyro: -11.96, 112.24, 9.10
Accel: -0.04, 0.01, -0.67
Gyro: -8.03, 83.63, 2.74
Accel: -0.00, 0.06, -0.79
Gyro: -9.46, 64.71, -2.30
Accel: 0.06, 0.06, -0.80
Gyro: -9.41, 49.44, -2.93
Accel: 0.05, 0.08, -0.86
Gyro: -11.01, 36.97, -2.43
Accel: 0.08, 0.08, -0.87
Gyro: -7.00, 27.11, -1.65
Accel: 0.06, 0.07, -0.93
Gyro: -8.54, 22.50, -1.69
Accel: 0.06, 0.08, -0.93
Gyro: -9.48, 18.10, -3.97
Accel: 0.06, 0.11, -0.94
Gyro: -7.48, 12.42, -3.65
Accel: 0.05, 0.09, -0.93
Gyro: -7.19, 8.81, -3.56
Accel: 0.06, 0.09, -0.93
Gyro: -7.51, 6.57, -3.78
Accel: 0.07, 0.11, -0.94
Gyro: -6.25, 4.65, -3.36
Accel: 0.07, 0.10, -0.94
Gyro: -4.84, 2.94, -2.13
Accel: 0.07, 0.09, -0.94
Gyro: -5.06, -0.27, -2.03
Accel: 0.07, 0.09, -0.94
Gyro: -6.10, -4.20, -2.81
Accel: 0.04, 0.10, -0.96
Gyro: -6.82, -5.03, -3.38
Accel: 0.03, 0.11, -0.97
Gyro: -5.58, -3.62, -2.67
Accel: 0.03, 0.10, -0.95
Gyro: -5.52, -3.08, -2.47
Accel: 0.02, 0.11, -0.95
Gyro: -5.95, -3.03, -2.88
Accel: 0.02, 0.12, -0.96
Gyro: -5.39, -3.36, -3.09
Accel: 0.01, 0.12, -0.97
Gyro: -3.68, -2.61, -2.54
Accel: 0.01, 0.12, -0.97
Gyro: -3.02, -1.91, -2.05
Accel: 0.02, 0.12, -0.98
Gyro: -2.56, -1.05, -0.92
Accel: 0.03, 0.12, -0.98
Gyro: -2.86, 0.31, 0.39
Accel: 0.04, 0.11, -0.96
Gyro: -3.23, 0.49, 1.11
Accel: 0.04, 0.11, -0.96
Gyro: -4.13, 0.31, 1.05
Accel: 0.04, 0.10, -0.95
Gyro: -4.59, -0.24, 0.65
Accel: 0.04, 0.10, -0.95
Gyro: -4.68, -1.01, 0.05
Accel: 0.04, 0.11, -0.96
Gyro: -4.52, -0.95, -0.15
Accel: 0.04, 0.11, -0.95
Gyro: -5.33, -1.60, -1.45
Accel: 0.03, 0.13, -0.95
Gyro: -3.97, -2.59, -2.55
Accel: 0.02, 0.12, -0.96
Gyro: -2.25, -3.63, -2.36
Accel: 0.01, 0.12, -0.96
Gyro: -2.88, -3.23, -2.76
Accel: 0.01, 0.13, -0.96
Gyro: -3.42, -2.82, -2.12
Accel: 0.01, 0.14, -0.97
Gyro: -2.91, -1.73, -0.76
Accel: 0.02, 0.12, -0.95
Gyro: -2.90, -1.61, -0.84
Accel: 0.02, 0.12, -0.97
Gyro: -2.65, -1.75, -1.14
Accel: 0.02, 0.12, -0.96
Gyro: -2.13, -1.90, -1.19
Accel: 0.02, 0.12, -0.97
Gyro: -2.72, -1.21, -1.80
Accel: 0.02, 0.13, -0.97
Gyro: -1.78, -0.89, -1.17
Accel: 0.02, 0.12, -0.97
Gyro: -2.33, -0.77, -0.88
Accel: 0.02, 0.12, -0.95
Gyro: -2.79, -1.05, -1.23
Accel: 0.03, 0.13, -0.96
Gyro: -2.48, -1.82, -1.09
Accel: 0.02, 0.13, -0.99
Gyro: -1.30, -1.78, -0.59
Accel: 0.02, 0.12, -0.96
Gyro: -0.81, -0.46, -0.75
Accel: 0.04, 0.11, -0.93
Gyro: -0.84, -1.77, -1.05
Accel: 0.02, 0.12, -0.97
Gyro: -1.23, -2.88, -1.82
Accel: 0.01, 0.11, -0.96
Gyro: -1.53, -2.54, -2.37
Accel: 0.01, 0.10, -0.94
Gyro: -1.35, -2.65, -3.68
Accel: 0.01, 0.11, -0.96
Gyro: -2.15, -4.33, -4.57
Accel: 0.00, 0.12, -0.97
Gyro: -2.33, -3.28, -4.49
Accel: 0.01, 0.10, -0.96
Gyro: -3.85, -2.31, -4.77
Accel: -0.00, 0.13, -0.98
Gyro: -4.88, -1.68, -5.45
Accel: 0.01, 0.14, -0.97
Gyro: -2.31, -0.85, -4.24
