Accel: -0.07, -0.10, -0.96
Gyro: 0.07, -0.72, 0.60
Accel: -0.07, -0.10, -0.96
Gyro: -0.76, -0.72, 0.56
Accel: -0.07, -0.11, -0.97
Gyro: -1.33, -1.20, -0.52
Accel: -0.07, -0.10, -0.96
Gyro: -1.53, -1.65, -1.43
Accel: -0.08, -0.10, -0.97
Gyro: -1.73, -1.82, -1.95
Accel: -0.08, -0.09, -0.97
Gyro: -1.87, -1.43, -1.72
Accel: -0.07, -0.09, -0.96
Gyro: -2.42, -1.63, -1.18
Accel: -0.08, -0.11, -0.98
Gyro: -2.49, -1.12, -0.89
Accel: -0.07, -0.11, -0.98
Gyro: -3.11, -0.53, -1.75
Accel: -0.07, -0.09, -0.98
Gyro: -3.05, -0.32, -2.59
Accel: -0.07, -0.09, -0.97
Gyro: -0.95, 0.40, -1.42
Accel: -0.07, -0.11, -0.98
Gyro: -2.43, 0.43, -1.29
Accel: -0.07, -0.09, -0.97
Gyro: -3.61, 1.45, -1.01
Accel: -0.06, -0.10, -0.96
Gyro: -2.50, 1.38, -1.57
Accel: -0.06, -0.10, -0.96
Gyro: -2.44, 1.22, -2.39
Accel: -0.06, -0.09, -0.97
Gyro: -2.49, 0.09, -2.83
Accel: -0.07, -0.09, -0.97
Gyro: -2.58, -0.02, -1.96
Accel: -0.06, -0.10, -0.96
Gyro: -3.46, -0.34, -2.17
Accel: -0.07, -0.09, -0.97
Gyro: -3.01, -0.27, -1.80
Accel: -0.07, -0.09, -0.98
Gyro: -2.94, -0.17, -2.21
Accel: -0.07, -0.09, -0.97
Gyro: -3.65, -0.28, -2.57
Accel: -0.06, -0.08, -0.97
Gyro: -3.20, -0.49, -2.49
Accel: -0.07, -0.08, -0.98
Gyro: -2.63, -0.52, -2.53
Accel: -0.06, -0.09, -0.98
Gyro: -2.17, -0.42, -1.80
Accel: -0.06, -0.08, -0.98
Gyro: -1.93, -0.23, -1.30
Accel: -0.06, -0.09, -0.98
Gyro: -2.23, 0.22, -0.75
Accel: -0.06, -0.10, -0.98
Gyro: -2.41, 0.78, -1.16
Accel: -0.07, -0.10, -0.98
Gyro: -3.04, 1.79, -2.08
Accel: -0.06, -0.10, -0.97
Gyro: -2.48, 1.58, -2.60
Accel: -0.06, -0.09, -0.96
Gyro: -2.40, 1.22, -2.76
Accel: -0.06, -0.09, -0.97
Gyro: -2.66, 0.67, -2.60
Accel: -0.06, -0.09, -0.97
Gyro: -2.65, 0.69, -2.13
Accel: -0.05, -0.10, -0.97
Gyro: -3.00, 0.26, -2.18
Accel: -0.06, -0.09, -0.98
Gyro: -3.20, -0.15, -2.37
Accel: -0.05, -0.08, -0.98
Gyro: -2.46, -0.26, -2.00
Accel: -0.05, -0.09, -0.97
Gyro: -4.20, -0.11, -2.88
Accel: -0.05, -0.08, -0.98
Gyro: -3.35, 0.18, -2.84
Accel: -0.06, -0.09, -0.97
Gyro: -1.91, -0.85, -2.28
Accel: -0.05, -0.08, -0.97
Gyro: -3.11, -1.30, -2.60
Accel: -0.06, -0.08, -0.97
Gyro: -3.46, -0.43, -2.72
Accel: -0.05, -0.07, -0.96
Gyro: -2.49, -0.46, -2.39
Accel: -0.04, -0.07, -0.95
Gyro: -2.76, -1.69, -2.08
Accel: -0.03, -0.07, -0.94
Gyro: -3.04, -5.13, -1.21
Accel: -0.02, -0.10, -0.92
Gyro: -3.90, -9.96, -1.14
Accel: 0.01, -0.10, -0.87
Gyro: -6.81, -19.36, -3.53
Accel: 0.04, -0.06, -0.80
Gyro: -6.23, -35.69, -3.85
Accel: 0.05, -0.06, -0.73
Gyro: -5.86, -57.40, -0.76
Accel: -0.01, -0.04, -0.74
Gyro: -8.42, -81.74, 2.78
Accel: -0.10, -0.02, -0.84
Gyro: -8.19, -95.29, 8.29
Accel: -0.21, -0.05, -0.90
Gyro: -7.73, -96.89, 10.85
Accel: -0.32, -0.03, -0.98
Gyro: -6.93, -93.41, 11.99
Accel: -0.43, -0.07, -1.01
Gyro: -5.74, -81.34, 12.48
Accel: -0.43, -0.08, -1.06
Gyro: -4.43, -68.47, 5.85
Accel: -0.57, -0.07, -1.06
Gyro: 0.02, -57.53, 4.52
Accel: -0.63, -0.07, -1.09
Gyro: -3.07, -35.17, 2.15
Accel: -0.65, -0.06, -1.10
Gyro: 6.76, -13.08, -0.76
Accel: -0.60, -0.05, -1.04
Gyro: 0.56, 8.48, -2.87
Accel: -0.57, -0.05, -1.00
Gyro: 2.26, 24.35, -2.18
Accel: -0.54, -0.06, -0.98
Gyro: 3.52, 37.61, -2.14
Accel: -0.51, -0.06, -0.97
Gyro: 4.78, 48.52, -2.91
Accel: -0.52, -0.07, -1.08
Gyro: 7.80, 67.89, -3.82
Accel: -0.44, -0.09, -0.93
Gyro: 7.50, 81.09, -5.49
Accel: -0.35, -0.07, -0.87
Gyro: 7.25, 78.67, -7.91
Accel: -0.27, -0.07, -0.82
Gyro: 6.00, 74.41, -7.15
Accel: -0.19, -0.09, -0.78
Gyro: 6.48, 60.04, -7.14
Accel: -0.13, -0.09, -0.80
Gyro: 2.36, 43.19, -6.35
Accel: -0.09, -0.08, -0.84
Gyro: -0.98, 30.69, -4.38
Accel: -0.08, -0.07, -0.89
Gyro: -1.24, 22.09, -1.64
Accel: -0.05, -0.09, -0.90
Gyro: -2.36, 14.40, 0.20
Accel: -0.05, -0.09, -0.94
Gyro: -3.20, 9.29, 1.79
Accel: -0.05, -0.10, -0.94
Gyro: -3.54, 6.07, 1.80
Accel: -0.04, -0.10, -0.94
Gyro: -1.53, 2.74, 1.52
Accel: -0.06, -0.11, -0.96
Gyro: 0.18, -0.35, 1.23
Accel: -0.06, -0.11, -0.95
Gyro: 0.45, -1.93, 0.24
Accel: -0.08, -0.12, -0.97
Gyro: -0.04, -2.47, -0.63
Accel: -0.09, -0.11, -0.95
Gyro: -1.58, -3.92, -0.74
Accel: -0.11, -0.11, -0.97
Gyro: -2.18, -5.10, -0.58
Accel: -0.12, -0.11, -0.97
Gyro: -1.64, -3.74, -0.18
Accel: -0.13, -0.11, -0.95
Gyro: -2.01, -3.56, -0.25
Accel: -0.14, -0.11, -0.96
Gyro: -2.24, -3.64, -0.33
Accel: -0.14, -0.11, -0.94
Gyro: -2.02, -3.74, 0.14
Accel: -0.14, -0.11, -0.93
Gyro: -1.81, -5.33, 0.29
Accel: -0.15, -0.11, -0.94
Gyro: -2.32, -7.55, 0.56
Accel: -0.17, -0.11, -0.94
Gyro: -3.16, -9.38, 0.00
Accel: -0.19, -0.11, -0.97
Gyro: -5.04, -8.85, -0.76
Accel: -0.19, -0.11, -0.99
Gyro: -6.74, -6.16, -1.88
Accel: -0.19, -0.12, -0.98
Gyro: -7.68, -3.84, -3.34
Accel: -0.18, -0.10, -0.98
Gyro: -8.74, -3.09, -5.66
Accel: -0.17, -0.07, -0.97
Gyro: -6.51, -2.62, -5.92
Accel: -0.16, -0.08, -0.97
Gyro: -5.12, -1.93, -5.74
Accel: -0.16, -0.06, -0.96
Gyro: -5.69, -1.41, -4.87
Accel: -0.16, -0.05, -0.96
Gyro: -4.08, -1.17, -3.12
Accel: -0.16, -0.06, -0.96
Gyro: -2.47, -1.18, -1.22
Accel: -0.15, -0.06, -0.96
Gyro: -2.46, -1.18, -0.29
Accel: -0.15, -0.07, -0.96
Gyro: -1.27, -1.63, 0.35
Accel: -0.15, -0.08, -0.98
Gyro: -1.08, -1.62, 0.76
Accel: -0.15, -0.07, -0.96
Gyro: -0.88, -1.22, 0.51
Accel: -0.15, -0.09, -0.97
Gyro: 0.02, -1.44, 1.50
Accel: -0.15, -0.08, -0.97
Gyro: -1.57, -0.84, 1.76
Accel: -0.16, -0.08, -0.96
Gyro: -2.01, -0.81, 2.08
Accel: -0.16, -0.08, -0.95
Gyro: -1.51, -1.17, 2.37
