Accel: 0.05, 0.10, -0.96
Gyro: -3.43, -1.33, -2.25
Accel: 0.05, 0.11, -0.96
Gyro: -3.25, -1.01, -2.44
Accel: 0.05, 0.11, -0.95
Gyro: -3.66, -0.82, -2.46
Accel: 0.05, 0.11, -0.95
Gyro: -3.02, -0.89, -1.87
Accel: 0.05, 0.11, -0.96
Gyro: -4.11, -0.82, -2.25
Accel: 0.06, 0.13, -0.98
Gyro: -3.30, -0.08, -2.37
Accel: 0.06, 0.12, -0.96
Gyro: -1.30, -0.07, -0.93
Accel: 0.06, 0.11, -0.96
Gyro: -1.70, -0.35, -0.61
Accel: 0.06, 0.12, -0.96
Gyro: -2.24, -0.27, -0.04
Accel: 0.06, 0.11, -0.97
Gyro: -1.88, 0.02, 0.62
Accel: 0.07, 0.10, -0.96
Gyro: -2.23, 0.30, -0.12
Accel: 0.07, 0.11, -0.96
Gyro: -2.32, -0.15, -1.13
Accel: 0.07, 0.10, -0.96
Gyro: -2.02, -0.45, -1.68
Accel: 0.07, 0.11, -0.96
Gyro: -3.30, -0.80, -2.33
Accel: 0.06, 0.13, -0.95
Gyro: -2.43, -1.63, -1.72
Accel: 0.06, 0.10, -0.96
Gyro: -2.55, -1.85, -1.34
Accel: 0.06, 0.11, -0.96
Gyro: -3.35, -1.57, -1.36
Accel: 0.05, 0.12, -0.95
Gyro: -2.69, -1.82, -1.52
Accel: 0.05, 0.11, -0.97
Gyro: -1.95, -1.27, -1.79
Accel: 0.05, 0.11, -0.96
Gyro: -1.64, -0.58, -2.04
Accel: 0.06, 0.12, -0.97
Gyro: -1.21, -0.76, -1.24
Accel: 0.05, 0.11, -0.97
Gyro: -0.81, -1.02, -0.34
Accel: 0.06, 0.11, -0.97
Gyro: -1.01, -0.54, 0.13
Accel: 0.04, 0.11, -1.04
Gyro: -1.30, 5.37, 0.70
Accel: 0.06, 0.11, -0.96
Gyro: 3.39, 12.90, -0.23
Accel: 0.10, 0.08, -0.88
Gyro: 3.37, 6.48, -3.71
Accel: 0.12, 0.11, -0.88
Gyro: 3.17, -2.57, -5.21
Accel: 0.14, 0.12, -0.87
Gyro: 3.26, -10.64, -2.81
Accel: 0.15, 0.10, -0.85
Gyro: 2.36, -21.71, -0.71
Accel: 0.16, 0.10, -0.76
Gyro: 2.44, -37.30, -0.98
Accel: 0.18, 0.08, -0.67
Gyro: 4.38, -65.78, -3.06
Accel: 0.17, 0.03, -0.55
Gyro: 6.32, -101.76, -7.17
Accel: 0.07, 0.02, -0.63
Gyro: 6.13, -140.46, -14.21
Accel: -0.09, 0.12, -0.77
Gyro: 14.05, -156.50, -13.57
Accel: -0.36, 0.15, -0.93
Gyro: 30.81, -161.79, -3.11
Accel: -0.51, 0.06, -1.16
Gyro: 12.17, -141.39, -6.30
Accel: -0.64, 0.02, -1.24
Gyro: 4.49, -97.62, -1.83
Accel: -0.72, 0.03, -1.22
Gyro: 10.03, -58.79, -5.10
Accel: -0.74, 0.00, -1.10
Gyro: 7.27, -23.88, -5.50
Accel: -0.70, 0.02, -1.06
Gyro: 4.73, -0.77, -7.10
Accel: -0.67, 0.03, -1.01
Gyro: -3.72, 21.85, -4.73
Accel: -0.61, 0.03, -0.97
Gyro: 0.35, 35.66, -2.59
Accel: -0.57, 0.02, -0.99
Gyro: -6.48, 54.99, -0.63
Accel: -0.57, 0.04, -1.07
Gyro: -8.77, 75.13, 2.17
Accel: -0.52, 0.06, -1.01
Gyro: -9.27, 97.64, 7.51
Accel: -0.49, 0.05, -1.07
Gyro: -11.96, 123.92, 12.29
Accel: -0.41, 0.04, -1.03
Gyro: -11.32, 139.74, 13.99
Accel: -0.26, 0.02, -0.89
Gyro: -13.03, 146.19, 13.83
Accel: -0.06, 0.02, -0.66
Gyro: -18.28, 130.26, 10.66
Accel: 0.13, 0.03, -0.54
Gyro: -11.59, 86.72, 4.84
Accel: 0.18, 0.06, -0.70
Gyro: -6.90, 49.55, 1.73
Accel: 0.19, 0.05, -0.83
Gyro: -5.13, 33.43, -0.01
Accel: 0.19, 0.07, -0.90
Gyro: -8.73, 29.34, -0.03
Accel: 0.21, 0.08, -0.89
Gyro: -9.55, 25.01, 1.66
Accel: 0.21, 0.08, -0.89
Gyro: -9.36, 17.55, 2.72
Accel: 0.20, 0.08, -0.92
Gyro: -9.63, 11.88, 2.90
Accel: 0.18, 0.06, -0.93
Gyro: -9.98, 6.41, 1.40
Accel: 0.17, 0.09, -0.91
Gyro: -9.90, 2.46, -1.51
Accel: 0.14, 0.09, -0.93
Gyro: -5.81, -0.34, -3.17
Accel: 0.13, 0.08, -0.93
Gyro: -5.84, 0.01, -5.17
Accel: 0.12, 0.10, -0.92
Gyro: -5.15, -2.01, -6.81
Accel: 0.10, 0.12, -0.94
Gyro: -3.76, -4.74, -7.26
Accel: 0.09, 0.12, -0.95
Gyro: -2.49, -4.40, -6.49
Accel: 0.10, 0.12, -0.95
Gyro: -2.22, -4.49, -5.00
Accel: 0.09, 0.13, -0.97
Gyro: -2.46, -4.51, -2.80
Accel: 0.09, 0.11, -0.97
Gyro: -3.52, -4.07, -0.96
Accel: 0.09, 0.11, -0.97
Gyro: -3.68, -2.69, 0.61
Accel: 0.10, 0.09, -0.97
Gyro: -3.75, -2.25, 0.10
Accel: 0.10, 0.10, -0.97
Gyro: -3.43, -1.52, -1.27
Accel: 0.11, 0.11, -0.97
Gyro: -2.14, 0.31, -1.49
Accel: 0.12, 0.09, -0.96
Gyro: -2.93, 0.66, -2.63
Accel: 0.13, 0.11, -0.97
Gyro: -3.81, -0.40, -3.20
Accel: 0.13, 0.12, -0.96
Gyro: -2.62, -0.53, -1.04
Accel: 0.13, 0.10, -0.94
Gyro: -3.45, -1.88, -0.18
Accel: 0.12, 0.10, -0.94
Gyro: -4.77, -2.82, -0.71
Accel: 0.11, 0.11, -0.95
Gyro: -4.08, -3.88, -1.17
Accel: 0.11, 0.11, -0.94
Gyro: -2.55, -4.78, -1.38
Accel: 0.09, 0.11, -0.95
Gyro: -2.00, -5.28, -1.62
Accel: 0.09, 0.10, -0.96
Gyro: -1.89, -5.26, -1.17
Accel: 0.08, 0.11, -0.98
Gyro: -3.28, -4.68, -1.82
Accel: 0.08, 0.11, -0.98
Gyro: -2.66, -3.46, -1.88
Accel: 0.08, 0.11, -0.97
Gyro: -2.64, -2.20, -1.51
Accel: 0.08, 0.12, -0.96
Gyro: -3.10, -2.09, -0.82
Accel: 0.09, 0.11, -0.96
Gyro: -2.76, -1.80, 0.03
Accel: 0.09, 0.10, -0.97
Gyro: -2.61, -1.42, 0.53
Accel: 0.10, 0.10, -0.95
Gyro: -2.68, -1.17, -0.44
Accel: 0.09, 0.10, -0.96
Gyro: -2.90, -0.88, -1.27
Accel: 0.09, 0.11, -0.96
Gyro: -3.03, -0.31, -2.14
Accel: 0.10, 0.11, -0.96
Gyro: -3.52, -0.16, -2.06
Accel: 0.10, 0.12, -0.95
Gyro: -3.43, -0.43, -1.61
Accel: 0.10, 0.11, -0.95
Gyro: -3.97, -0.92, -1.27
Accel: 0.10, 0.11, -0.96
Gyro: -3.66, -1.33, -1.14
Accel: 0.09, 0.11, -0.95
Gyro: -5.14, -1.45, -2.27
Accel: 0.09, 0.13, -0.96
Gyro: -4.30, -0.72, -2.89
Accel: 0.09, 0.13, -0.97
Gyro: -2.66, -0.78, -2.09
Accel: 0.09, 0.12, -0.94
Gyro: -2.82, -1.33, -2.43
Accel: 0.09, 0.13, -0.95
Gyro: -3.01, -1.72, -2.32
Accel: 0.09, 0.12, -0.97
Gyro: -2.47, -1.12, -1.91
Accel: 0.09, 0.12, -0.96
Gyro: -2.64, -0.43, -2.39
Accel: 0.09, 0.12, -0.96
Gyro: -2.46, -0.63, -2.78
Accel: 0.09, 0.12, -0.96
Gyro: -1.97, -0.79, -2.96
