Accel: -0.01, 0.05, -0.97
Gyro: -2.30, -1.60, -1.76
Accel: -0.02, 0.06, -0.97
Gyro: -2.89, -1.57, -1.74
Accel: -0.02, 0.06, -0.97
Gyro: -3.10, -1.27, -1.64
Accel: -0.02, 0.06, -0.97
Gyro: -3.04, -0.79, -1.33
Accel: -0.02, 0.06, -0.96
Gyro: -3.62, -0.54, -1.81
Accel: -0.02, 0.07, -0.97
Gyro: -3.83, -0.37, -2.41
Accel: -0.02, 0.07, -0.97
Gyro: -1.71, -0.76, -1.39
Accel: -0.02, 0.06, -0.96
Gyro: -2.43, -1.01, -1.04
Accel: -0.01, 0.06, -0.97
Gyro: -2.92, -0.55, -0.69
Accel: -0.01, 0.07, -0.96
Gyro: -2.69, 0.09, -0.31
Accel: -0.01, 0.06, -0.97
Gyro: -2.56, 0.60, -0.47
Accel: -0.01, 0.06, -0.96
Gyro: -2.68, 0.26, -1.12
Accel: 0.00, 0.07, -0.97
Gyro: -1.98, -0.17, -1.24
Accel: -0.00, 0.06, -0.97
Gyro: -3.29, -0.47, -2.03
Accel: -0.00, 0.07, -0.97
Gyro: -2.30, -0.82, -1.62
Accel: -0.00, 0.06, -0.97
Gyro: -2.81, -0.72, -1.31
Accel: -0.01, 0.06, -0.96
Gyro: -3.64, -1.21, -1.88
Accel: -0.01, 0.08, -0.97
Gyro: -3.30, -1.27, -2.04
Accel: -0.01, 0.07, -0.97
Gyro: -3.09, -1.28, -2.10
Accel: -0.02, 0.07, -0.96
Gyro: -2.85, -1.54, -2.31
Accel: -0.02, 0.08, -0.97
Gyro: -2.57, -1.34, -2.05
Accel: -0.01, 0.08, -0.96
Gyro: -2.37, -0.98, -1.20
Accel: -0.01, 0.07, -0.96
Gyro: -2.15, -1.08, -0.95
Accel: -0.01, 0.07, -0.97
Gyro: -2.39, -1.17, -0.91
Accel: -0.01, 0.06, -0.97
Gyro: -1.92, -1.89, -1.17
Accel: -0.01, 0.06, -0.95
Gyro: -1.50, -3.40, -1.50
Accel: 0.01, 0.05, -0.89
Gyro: -1.91, -7.31, -2.44
Accel: 0.05, 0.02, -0.74
Gyro: -2.64, -23.25, -5.98
Accel: 0.11, 0.06, -0.58
Gyro: -1.22, -59.71, -9.24
Accel: 0.07, 0.08, -0.65
Gyro: 1.18, -98.95, -6.75
Accel: -0.04, 0.08, -0.82
Gyro: -0.20, -114.53, -5.68
Accel: -0.12, 0.06, -0.85
Gyro: 2.18, -123.37, -9.41
Accel: -0.20, 0.09, -0.90
Gyro: 9.74, -124.23, -12.22
Accel: -0.30, 0.07, -0.92
Gyro: 14.53, -117.94, -10.64
Accel: -0.46, 0.03, -0.98
Gyro: 16.48, -106.75, -9.24
Accel: -0.62, -0.01, -1.08
Gyro: 12.90, -89.76, -12.35
Accel: -0.69, -0.00, -1.12
Gyro: 10.47, -59.39, -13.90
Accel: -0.73, 0.02, -1.04
Gyro: 9.45, -36.96, -13.37
Accel: -0.76, 0.01, -1.05
Gyro: 5.97, -14.11, -7.68
Accel: -0.76, 0.01, -1.05
Gyro: -0.38, 11.99, -2.30
Accel: -0.72, -0.00, -0.98
Gyro: -2.27, 33.88, 0.92
Accel: -0.70, 0.01, -1.02
Gyro: -3.56, 57.27, 3.06
Accel: -0.64, 0.01, -0.97
Gyro: -3.18, 81.65, 6.16
Accel: -0.62, 0.01, -1.05
Gyro: -3.88, 105.64, 9.78
Accel: -0.59, 0.00, -1.10
Gyro: -8.89, 135.48, 13.26
Accel: -0.48, -0.05, -0.93
Gyro: -13.40, 152.47, 14.67
Accel: -0.31, -0.08, -0.75
Gyro: -26.98, 157.67, 6.61
Accel: -0.05, 0.00, -0.56
Gyro: -12.36, 122.94, -1.91
Accel: 0.09, 0.03, -0.56
Gyro: -2.98, 79.03, -5.67
Accel: 0.14, 0.02, -0.72
Gyro: -3.07, 46.04, -7.18
Accel: 0.14, 0.05, -0.85
Gyro: -6.36, 32.01, -6.16
Accel: 0.15, 0.06, -0.90
Gyro: -7.22, 26.41, -0.82
Accel: 0.16, 0.03, -0.89
Gyro: -9.03, 20.10, 0.31
Accel: 0.14, -0.00, -0.92
Gyro: -11.22, 11.44, -4.77
Accel: 0.12, 0.07, -0.97
Gyro: -8.88, 7.28, -7.52
Accel: 0.11, 0.06, -0.95
Gyro: -6.73, 6.08, -6.63
Accel: 0.11, 0.05, -0.94
Gyro: -9.81, 3.37, -6.45
Accel: 0.09, 0.09, -0.92
Gyro: -9.21, 0.48, -4.71
Accel: 0.07, 0.08, -0.93
Gyro: -7.83, -2.26, -3.16
Accel: 0.04, 0.09, -0.95
Gyro: -5.86, -1.95, -2.22
Accel: 0.03, 0.07, -0.95
Gyro: -4.37, -2.37, -1.63
Accel: 0.00, 0.09, -0.97
Gyro: -3.64, -3.15, -0.69
Accel: 0.00, 0.09, -0.97
Gyro: -3.64, -2.56, 1.40
Accel: 0.00, 0.08, -0.98
Gyro: -4.59, -0.88, 3.74
Accel: 0.01, 0.07, -0.99
Gyro: -5.52, 3.30, 4.91
Accel: 0.03, 0.08, -0.96
Gyro: -4.94, 3.88, 5.07
Accel: 0.05, 0.07, -0.96
Gyro: -3.34, 3.59, 4.52
Accel: 0.07, 0.07, -0.97
Gyro: -2.10, 4.07, 3.32
Accel: 0.08, 0.06, -0.96
Gyro: -1.34, 4.23, 2.48
Accel: 0.09, 0.06, -0.96
Gyro: -1.65, 4.32, 1.65
Accel: 0.10, 0.07, -0.96
Gyro: -2.01, 2.71, 1.30
Accel: 0.10, 0.07, -0.96
Gyro: -2.55, 1.46, 1.89
Accel: 0.10, 0.07, -0.96
Gyro: -4.26, 0.13, 1.86
Accel: 0.09, 0.08, -0.96
Gyro: -5.28, -0.10, 0.58
Accel: 0.09, 0.08, -0.95
Gyro: -3.23, -0.98, 0.64
Accel: 0.08, 0.07, -0.94
Gyro: -3.33, -2.91, -0.41
Accel: 0.06, 0.07, -0.96
Gyro: -3.61, -3.52, -2.01
Accel: 0.06, 0.08, -0.96
Gyro: -2.97, -3.33, -2.38
Accel: 0.05, 0.08, -0.96
Gyro: -2.36, -3.51, -2.35
Accel: 0.04, 0.08, -0.95
Gyro: -2.88, -3.23, -2.69
Accel: 0.04, 0.08, -0.97
Gyro: -2.35, -2.86, -1.57
Accel: 0.05, 0.09, -0.97
Gyro: -2.46, -2.12, -1.50
Accel: 0.05, 0.09, -0.97
Gyro: -1.23, -1.59, -0.56
Accel: 0.05, 0.07, -0.97
Gyro: -1.08, -1.00, 0.11
Accel: 0.06, 0.07, -0.97
Gyro: -1.56, -0.03, 0.41
Accel: 0.06, 0.07, -0.98
Gyro: -1.51, 0.69, 0.39
Accel: 0.07, 0.07, -0.98
Gyro: -1.56, 0.58, 0.02
Accel: 0.07, 0.07, -0.97
Gyro: -1.87, 0.56, -0.43
Accel: 0.08, 0.07, -0.96
Gyro: -2.33, 0.40, -0.50
Accel: 0.08, 0.06, -0.96
Gyro: -2.67, -0.24, -0.31
Accel: 0.07, 0.07, -0.95
Gyro: -2.98, -0.91, -0.54
Accel: 0.07, 0.07, -0.95
Gyro: -3.17, -1.39, -1.24
Accel: 0.06, 0.07, -0.96
Gyro: -3.30, -2.45, -1.98
Accel: 0.05, 0.08, -0.97
Gyro: -2.92, -2.75, -2.40
Accel: 0.06, 0.07, -0.97
Gyro: -3.41, -2.11, -2.50
Accel: 0.06, 0.08, -0.96
Gyro: -4.14, -2.24, -2.80
Accel: 0.05, 0.10, -0.97
Gyro: -2.18, -1.67, -1.73
Accel: 0.05, 0.08, -0.97
Gyro: -2.23, -1.85, -1.01
Accel: 0.05, 0.08, -0.97
Gyro: -2.50, -1.44, -0.80
Accel: 0.05, 0.08, -0.96
Gyro: -2.10, -1.26, -0.36
Accel: 0.06, 0.07, -0.97
Gyro: -1.87, -0.88, -0.22
