Accel: -0.06, 0.06, -0.98
Gyro: -3.56, 2.14, -0.41
Accel: -0.06, 0.06, -0.97
Gyro: -3.21, 3.14, -0.47
Accel: -0.05, 0.06, -0.96
Gyro: -3.39, 3.37, -0.73
Accel: -0.04, 0.06, -0.96
Gyro: -3.12, 3.29, -0.70
Accel: -0.04, 0.06, -0.96
Gyro: -3.07, 2.76, -0.76
Accel: -0.03, 0.07, -0.95
Gyro: -2.89, 2.57, -0.34
Accel: -0.03, 0.06, -0.95
Gyro: -3.67, 1.16, -0.68
Accel: -0.03, 0.06, -0.95
Gyro: -4.00, -0.08, -1.23
Accel: -0.04, 0.06, -0.95
Gyro: -5.44, -1.25, -2.43
Accel: -0.04, 0.08, -0.98
Gyro: -4.99, -1.03, -2.60
Accel: -0.05, 0.09, -0.97
Gyro: -2.82, -0.67, -1.39
Accel: -0.04, 0.08, -0.96
Gyro: -2.94, 0.15, -0.64
Accel: -0.05, 0.08, -0.97
Gyro: -2.76, 0.24, 0.00
Accel: -0.05, 0.07, -0.96
Gyro: -1.79, 0.73, 0.34
Accel: -0.05, 0.07, -0.97
Gyro: -2.01, 1.50, 0.14
Accel: -0.04, 0.07, -0.97
Gyro: -2.16, 2.08, -0.03
Accel: -0.03, 0.07, -0.97
Gyro: -1.51, 1.88, -0.02
Accel: -0.03, 0.07, -0.97
Gyro: -2.58, 2.14, -0.74
Accel: -0.04, 0.08, -0.97
Gyro: -1.46, 2.20, -0.53
Accel: -0.03, 0.06, -0.95
Gyro: -1.37, 1.97, 0.19
Accel: -0.03, 0.05, -0.96
Gyro: -2.29, 1.37, 0.39
Accel: -0.04, 0.07, -0.96
Gyro: -2.53, 1.21, -0.04
Accel: -0.04, 0.07, -0.97
Gyro: -2.50, 1.91, -0.66
Accel: -0.05, 0.07, -0.99
Gyro: -3.05, 4.57, -0.89
Accel: -0.05, 0.07, -1.01
Gyro: -3.54, 8.42, -0.75
Accel: -0.07, 0.09, -1.06
Gyro: -4.43, 17.94, 1.09
Accel: -0.07, 0.09, -1.06
Gyro: -5.29, 28.70, 4.50
Accel: -0.07, 0.10, -1.06
Gyro: -4.66, 38.90, 8.17
Accel: -0.09, 0.11, -1.12
Gyro: -3.65, 54.47, 11.51
Accel: -0.10, 0.15, -1.16
Gyro: 0.95, 77.38, 16.10
Accel: -0.03, 0.11, -1.01
Gyro: 5.26, 94.43, 20.38
Accel: 0.04, 0.05, -1.00
Gyro: 4.06, 99.22, 20.46
Accel: 0.11, 0.02, -0.95
Gyro: 1.87, 104.34, 16.11
Accel: 0.19, 0.03, -0.91
Gyro: 1.06, 103.55, 11.47
Accel: 0.28, 0.03, -0.89
Gyro: 0.47, 103.66, 10.06
Accel: 0.37, -0.00, -0.82
Gyro: -6.61, 98.34, 8.47
Accel: 0.44, 0.01, -0.69
Gyro: -14.92, 88.31, 8.29
Accel: 0.52, 0.02, -0.72
Gyro: -20.33, 73.69, 9.38
Accel: 0.57, 0.04, -0.73
Gyro: -21.64, 61.78, 9.45
Accel: 0.60, 0.02, -0.71
Gyro: -21.19, 52.35, 5.45
Accel: 0.62, 0.04, -0.70
Gyro: -19.84, 43.15, 0.84
Accel: 0.64, 0.06, -0.77
Gyro: -21.85, 39.58, -2.26
Accel: 0.64, 0.08, -0.68
Gyro: -11.66, 36.56, -1.69
Accel: 0.68, 0.07, -0.72
Gyro: -13.97, 30.19, -2.91
Accel: 0.67, 0.11, -0.67
Gyro: -6.76, 24.09, -1.66
Accel: 0.69, 0.11, -0.67
Gyro: -6.47, 18.93, -1.55
Accel: 0.71, 0.11, -0.62
Gyro: -4.49, 6.79, -0.56
Accel: 0.72, 0.09, -0.62
Gyro: -3.52, -8.17, -0.85
Accel: 0.71, 0.09, -0.63
Gyro: -2.27, -21.15, -1.74
Accel: 0.70, 0.09, -0.62
Gyro: -0.68, -31.91, -3.79
Accel: 0.69, 0.08, -0.60
Gyro: 2.62, -46.68, -6.77
Accel: 0.66, 0.07, -0.54
Gyro: 6.22, -68.92, -11.52
Accel: 0.62, 0.08, -0.54
Gyro: 14.49, -97.24, -16.04
Accel: 0.49, 0.11, -0.75
Gyro: 19.89, -110.66, -16.02
Accel: 0.42, 0.07, -0.86
Gyro: 15.83, -102.94, -17.78
Accel: 0.38, 0.07, -0.87
Gyro: 10.72, -104.23, -22.28
Accel: 0.28, 0.10, -1.06
Gyro: 10.89, -90.32, -21.54
Accel: 0.24, 0.08, -0.96
Gyro: 9.72, -77.08, -20.49
Accel: 0.21, 0.07, -0.96
Gyro: 7.32, -75.29, -19.95
Accel: 0.15, 0.05, -1.03
Gyro: 10.64, -65.87, -20.31
Accel: 0.12, 0.03, -0.99
Gyro: 14.57, -54.27, -26.20
Accel: 0.10, 0.07, -0.96
Gyro: 16.88, -50.32, -27.38
Accel: 0.10, 0.06, -0.91
Gyro: 14.49, -51.50, -22.18
Accel: 0.06, 0.07, -0.94
Gyro: 11.95, -51.49, -15.95
Accel: 0.02, 0.07, -1.01
Gyro: 5.45, -47.73, -10.02
Accel: 0.00, 0.08, -0.99
Gyro: 3.30, -44.13, -4.05
Accel: -0.01, 0.06, -0.97
Gyro: 0.11, -42.40, 1.43
Accel: -0.04, 0.03, -1.00
Gyro: -2.36, -40.04, 4.36
Accel: -0.07, 0.03, -1.02
Gyro: -2.33, -33.30, 4.96
Accel: -0.07, 0.03, -1.01
Gyro: -1.46, -27.84, 4.28
Accel: -0.07, 0.01, -1.00
Gyro: -0.34, -23.90, 2.59
Accel: -0.08, 0.03, -1.02
Gyro: -0.54, -19.22, 1.21
Accel: -0.07, 0.03, -1.02
Gyro: -0.02, -14.94, 0.63
Accel: -0.08, 0.03, -1.01
Gyro: -0.56, -10.49, 0.58
Accel: -0.08, 0.03, -0.99
Gyro: -1.34, -7.00, 0.39
Accel: -0.09, 0.02, -0.98
Gyro: -2.26, -4.17, 0.72
Accel: -0.08, 0.04, -0.96
Gyro: -2.78, -2.30, 0.68
Accel: -0.08, 0.03, -0.95
Gyro: -0.96, -2.82, 1.53
Accel: -0.09, 0.03, -0.95
Gyro: -2.90, -3.13, 1.13
Accel: -0.09, 0.05, -0.97
Gyro: -3.12, -2.27, 0.82
Accel: -0.10, 0.05, -0.96
Gyro: -0.89, -1.82, 1.87
Accel: -0.09, 0.03, -0.96
Gyro: -0.81, -1.21, 1.05
Accel: -0.09, 0.03, -0.96
Gyro: -0.94, 0.61, 0.54
Accel: -0.09, 0.02, -0.98
Gyro: -0.36, 1.50, 0.93
Accel: -0.08, 0.02, -0.98
Gyro: -0.91, 2.85, 1.07
Accel: -0.07, 0.03, -0.97
Gyro: -1.50, 3.65, 0.87
Accel: -0.05, 0.02, -0.97
Gyro: -0.75, 3.93, 1.33
Accel: -0.06, 0.01, -0.96
Gyro: -2.16, 3.77, 0.58
Accel: -0.04, 0.02, -0.96
Gyro: -1.43, 4.10, 0.34
Accel: -0.04, 0.01, -0.95
Gyro: -2.32, 2.95, 0.28
Accel: -0.04, 0.01, -0.95
Gyro: -3.32, 1.80, -0.01
Accel: -0.05, 0.02, -0.96
Gyro: -3.63, 1.23, -0.74
Accel: -0.06, 0.02, -0.95
Gyro: -3.91, 0.69, -1.40
Accel: -0.06, 0.03, -0.95
Gyro: -3.48, 0.15, -2.05
Accel: -0.06, 0.03, -0.96
Gyro: -2.93, -0.72, -2.16
Accel: -0.06, 0.03, -0.96
Gyro: -3.05, -0.71, -1.88
Accel: -0.06, 0.03, -0.97
Gyro: -3.22, -1.01, -2.32
Accel: -0.06, 0.03, -0.96
Gyro: -2.68, -1.12, -2.24
Accel: -0.06, 0.04, -0.97
Gyro: -2.48, -0.97, -2.41
Accel: -0.06, 0.03, -0.97
Gyro: -2.11, -0.43, -1.72
Accel: -0.06, 0.04, -0.96
Gyro: -2.06, 0.09, -1.24
