Accel: -0.05, 0.08, -0.96
Gyro: -3.72, -0.80, -1.57
Accel: -0.06, 0.08, -0.96
Gyro: -3.25, -0.63, -1.88
Accel: -0.06, 0.07, -0.96
Gyro: -2.72, -0.05, -2.17
Accel: -0.05, 0.08, -0.97
Gyro: -2.56, 0.03, -1.91
Accel: -0.06, 0.08, -0.96
Gyro: -2.36, -0.40, -1.05
Accel: -0.05, 0.08, -0.96
Gyro: -2.64, -0.31, -0.47
Accel: -0.05, 0.07, -0.97
Gyro: -3.14, -0.47, -0.93
Accel: -0.05, 0.07, -0.96
Gyro: -2.66, -0.41, -1.79
Accel: -0.05, 0.07, -0.96
Gyro: -2.74, -0.52, -2.08
Accel: -0.05, 0.08, -0.96
Gyro: -2.86, -0.92, -2.12
Accel: -0.06, 0.08, -0.97
Gyro: -2.90, -1.00, -1.79
Accel: -0.06, 0.08, -0.96
Gyro: -2.30, -0.60, -1.02
Accel: -0.05, 0.07, -0.96
Gyro: -3.35, -0.32, -1.43
Accel: -0.05, 0.09, -0.97
Gyro: -3.17, -0.05, -2.32
Accel: -0.05, 0.09, -0.96
Gyro: -1.06, -0.27, -1.13
Accel: -0.05, 0.07, -0.96
Gyro: -2.01, -0.65, -0.62
Accel: -0.05, 0.08, -0.95
Gyro: -2.73, -0.65, -0.53
Accel: -0.05, 0.07, -0.96
Gyro: -2.00, -0.44, -0.53
Accel: -0.05, 0.07, -0.96
Gyro: -1.88, -0.39, -1.45
Accel: -0.05, 0.07, -0.96
Gyro: -2.37, -0.60, -2.05
Accel: -0.04, 0.09, -0.96
Gyro: -2.11, -1.07, -1.56
Accel: -0.06, 0.08, -0.96
Gyro: -2.87, -1.09, -1.71
Accel: -0.05, 0.09, -0.97
Gyro: -2.04, -0.78, -1.08
Accel: -0.05, 0.07, -0.96
Gyro: -2.39, -0.66, -0.90
Accel: -0.06, 0.08, -0.97
Gyro: -3.05, -0.84, -1.36
Accel: -0.05, 0.08, -0.96
Gyro: -2.66, -0.53, -1.47
Accel: -0.06, 0.08, -0.96
Gyro: -2.01, -0.11, -1.59
Accel: -0.05, 0.08, -0.97
Gyro: -2.27, -0.37, -1.46
Accel: -0.06, 0.09, -0.97
Gyro: -1.94, -0.03, -0.61
Accel: -0.05, 0.07, -0.96
Gyro: -1.95, -0.23, -0.05
Accel: -0.05, 0.07, -0.97
Gyro: -2.53, 0.23, -0.34
Accel: -0.06, 0.08, -0.97
Gyro: -2.43, 1.04, -0.89
Accel: -0.08, 0.08, -1.03
Gyro: -2.97, 5.80, -0.92
Accel: -0.09, 0.09, -1.03
Gyro: -3.97, 13.44, 0.69
Accel: -0.10, 0.09, -1.06
Gyro: -5.49, 20.75, 3.27
Accel: -0.11, 0.10, -1.12
Gyro: -6.19, 36.82, 6.69
Accel: -0.07, 0.08, -1.04
Gyro: -5.65, 47.33, 8.00
Accel: -0.11, 0.11, -1.17
Gyro: -9.07, 63.06, 9.51
Accel: -0.06, 0.13, -1.10
Gyro: -6.13, 86.30, 13.91
Accel: 0.01, 0.09, -0.99
Gyro: -7.80, 101.34, 15.58
Accel: 0.02, 0.08, -1.10
Gyro: -5.13, 111.12, 15.10
Accel: 0.10, 0.06, -0.95
Gyro: -8.96, 132.47, 13.27
Accel: 0.21, 0.05, -0.81
Gyro: -9.90, 125.43, 8.81
Accel: 0.34, 0.06, -0.69
Gyro: -11.82, 113.59, 5.39
Accel: 0.45, 0.07, -0.67
Gyro: -12.00, 92.92, 3.35
Accel: 0.49, 0.08, -0.67
Gyro: -15.13, 72.24, 2.53
Accel: 0.53, 0.13, -0.73
Gyro: -18.02, 55.29, 4.80
Accel: 0.53, 0.15, -0.79
Gyro: -20.03, 49.29, 10.67
Accel: 0.54, 0.13, -0.80
Gyro: -21.48, 50.17, 13.98
Accel: 0.60, 0.11, -0.73
Gyro: -25.38, 49.30, 13.99
Accel: 0.63, 0.11, -0.73
Gyro: -23.12, 39.09, 12.76
Accel: 0.66, 0.11, -0.69
Gyro: -22.87, 36.45, 8.93
Accel: 0.70, 0.12, -0.65
Gyro: -14.26, 27.95, 6.78
Accel: 0.71, 0.12, -0.63
Gyro: -8.48, 18.29, 4.43
Accel: 0.71, 0.12, -0.65
Gyro: -4.82, 12.69, 2.57
Accel: 0.72, 0.12, -0.63
Gyro: -3.58, 6.74, 0.00
Accel: 0.74, 0.13, -0.62
Gyro: -2.43, -1.89, -2.56
Accel: 0.74, 0.13, -0.59
Gyro: -0.76, -13.53, -4.74
Accel: 0.73, 0.14, -0.61
Gyro: 1.64, -26.44, -5.91
Accel: 0.73, 0.13, -0.58
Gyro: 3.78, -41.02, -7.19
Accel: 0.73, 0.10, -0.52
Gyro: 6.90, -63.71, -11.35
Accel: 0.68, 0.12, -0.46
Gyro: 12.54, -95.92, -16.96
Accel: 0.57, 0.13, -0.58
Gyro: 23.48, -123.25, -18.66
Accel: 0.43, 0.07, -0.72
Gyro: 22.57, -139.43, -20.20
Accel: 0.32, 0.06, -0.77
Gyro: 14.95, -144.97, -24.79
Accel: 0.24, 0.13, -0.93
Gyro: 10.55, -146.62, -27.43
Accel: 0.09, 0.14, -1.19
Gyro: 6.55, -122.08, -24.93
Accel: 0.05, 0.13, -1.14
Gyro: 6.55, -92.31, -23.34
Accel: 0.01, 0.12, -1.15
Gyro: 10.56, -67.85, -21.74
Accel: 0.01, 0.10, -1.04
Gyro: 16.11, -51.35, -20.79
Accel: 0.02, 0.07, -0.94
Gyro: 13.50, -49.55, -21.56
Accel: 0.02, 0.09, -0.92
Gyro: 12.29, -52.30, -19.76
Accel: -0.00, 0.11, -0.93
Gyro: 10.93, -56.30, -14.82
Accel: -0.04, 0.10, -0.97
Gyro: 9.06, -56.18, -8.88
Accel: -0.08, 0.09, -1.00
Gyro: 5.32, -51.45, -4.94
Accel: -0.10, 0.07, -1.01
Gyro: 1.26, -45.02, -3.24
Accel: -0.13, 0.07, -1.04
Gyro: -1.18, -37.90, -3.22
Accel: -0.15, 0.08, -1.04
Gyro: 1.37, -30.44, -1.33
Accel: -0.17, 0.07, -1.01
Gyro: 9.41, -23.40, 0.85
Accel: -0.17, 0.04, -1.00
Gyro: 3.04, -17.52, 1.21
Accel: -0.18, 0.05, -1.00
Gyro: 4.62, -13.45, 1.27
Accel: -0.17, 0.04, -1.00
Gyro: 1.56, -9.14, 0.14
Accel: -0.17, 0.04, -0.98
Gyro: 0.87, -5.95, -0.05
Accel: -0.16, 0.05, -0.97
Gyro: -1.14, -3.62, 0.19
Accel: -0.17, 0.03, -0.96
Gyro: -2.60, -3.14, 1.60
Accel: -0.16, 0.04, -0.96
Gyro: -2.36, -1.65, 1.58
Accel: -0.16, 0.05, -0.97
Gyro: -2.60, -0.82, 0.95
Accel: -0.15, 0.04, -0.95
Gyro: -0.73, -0.69, 1.03
Accel: -0.15, 0.04, -0.94
Gyro: -3.07, -0.82, 0.10
Accel: -0.16, 0.04, -0.94
Gyro: -3.80, -0.77, -0.77
Accel: -0.17, 0.05, -0.99
Gyro: -2.85, 1.88, -0.78
Accel: -0.16, 0.05, -0.97
Gyro: -2.17, 5.26, -0.85
Accel: -0.14, 0.05, -0.95
Gyro: -2.70, 5.35, -1.07
Accel: -0.13, 0.06, -0.96
Gyro: -1.76, 4.20, -0.18
Accel: -0.13, 0.06, -0.95
Gyro: -2.51, 3.11, 0.26
Accel: -0.12, 0.06, -0.96
Gyro: -1.60, 2.62, 1.49
Accel: -0.13, 0.05, -0.95
Gyro: -1.73, 2.21, 2.15
Accel: -0.12, 0.04, -0.95
Gyro: -3.14, 1.53, 1.37
Accel: -0.11, 0.04, -0.95
Gyro: -3.39, 0.34, 0.16
Accel: -0.12, 0.04, -0.95
Gyro: -3.08, -0.57, -1.36
Accel: -0.13, 0.05, -0.95
Gyro: -2.58, -1.34, -2.40
