Accel: -0.14, 0.02, -0.95
Gyro: -1.05, 1.04, -6.56
Accel: -0.14, 0.01, -0.95
Gyro: -2.37, 0.76, -6.26
Accel: -0.14, 0.03, -0.96
Gyro: -2.08, 0.66, -5.52
Accel: -0.13, 0.02, -0.96
Gyro: -2.00, 0.81, -4.37
Accel: -0.14, 0.01, -0.96
Gyro: -2.79, 1.27, -3.34
Accel: -0.14, 0.02, -0.96
Gyro: -3.29, 1.53, -2.33
Accel: -0.14, 0.02, -0.95
Gyro: -3.38, 1.57, -1.56
Accel: -0.13, 0.01, -0.95
Gyro: -4.25, 1.77, -1.52
Accel: -0.12, 0.01, -0.96
Gyro: -4.26, 1.98, -1.49
Accel: -0.12, 0.01, -0.94
Gyro: -4.52, 1.31, -2.00
Accel: -0.12, 0.02, -0.94
Gyro: -4.98, 0.18, -2.25
Accel: -0.13, 0.03, -0.95
Gyro: -4.44, -0.75, -1.96
Accel: -0.14, 0.02, -0.98
Gyro: -3.78, 0.44, -1.61
Accel: -0.14, 0.01, -0.97
Gyro: -4.21, 2.42, -1.98
Accel: -0.14, 0.01, -0.96
Gyro: -4.46, 3.86, -3.05
Accel: -0.14, 0.01, -0.96
Gyro: -3.48, 5.44, -3.46
Accel: -0.14, 0.01, -0.98
Gyro: -4.43, 7.86, -4.41
Accel: -0.14, 0.02, -1.00
Gyro: -3.39, 10.41, -4.61
Accel: -0.13, 0.02, -1.01
Gyro: -1.09, 14.14, -3.53
Accel: -0.11, 0.00, -0.99
Gyro: -1.30, 18.44, -3.76
Accel: -0.09, 0.00, -0.98
Gyro: -3.03, 21.47, -5.10
Accel: -0.07, 0.01, -0.97
Gyro: -5.23, 23.48, -6.48
Accel: -0.04, 0.01, -0.95
Gyro: -6.80, 21.95, -8.48
Accel: -0.03, 0.04, -0.93
Gyro: -7.37, 20.15, -10.06
Accel: -0.02, 0.05, -0.93
Gyro: -6.08, 16.68, -10.35
Accel: -0.02, 0.05, -0.94
Gyro: -6.10, 12.78, -10.27
Accel: -0.02, 0.07, -0.97
Gyro: -4.83, 13.20, -9.43
Accel: -0.01, 0.06, -0.94
Gyro: -3.90, 11.38, -7.54
Accel: -0.02, 0.05, -0.96
Gyro: -4.74, 10.35, -7.02
Accel: -0.01, 0.07, -0.95
Gyro: -3.04, 8.72, -4.88
Accel: -0.01, 0.06, -0.98
Gyro: -1.24, 8.67, -3.05
Accel: -0.01, 0.06, -0.99
Gyro: 0.48, 10.75, -0.17
Accel: 0.00, 0.05, -0.98
Gyro: 0.63, 12.43, 2.14
Accel: 0.02, 0.02, -0.97
Gyro: 1.13, 13.46, 3.31
Accel: 0.04, 0.01, -0.95
Gyro: 1.04, 12.70, 3.86
Accel: 0.04, 0.00, -0.95
Gyro: 0.79, 10.60, 4.00
Accel: 0.05, -0.00, -0.94
Gyro: -0.24, 8.47, 3.05
Accel: 0.05, -0.00, -0.93
Gyro: -3.85, 5.43, 1.27
Accel: 0.04, 0.02, -0.93
Gyro: -5.58, 2.67, 0.75
Accel: 0.04, 0.04, -0.95
Gyro: -5.10, 0.69, 1.56
Accel: 0.04, 0.02, -0.97
Gyro: -6.45, 0.27, 0.92
Accel: 0.04, 0.02, -0.98
Gyro: -7.21, 1.50, -1.73
Accel: 0.06, 0.04, -0.98
Gyro: -5.17, 2.27, -1.98
Accel: 0.06, 0.03, -0.98
Gyro: -5.68, 2.08, -2.67
Accel: 0.05, 0.04, -0.98
Gyro: -6.26, 2.40, -3.15
Accel: 0.05, 0.06, -0.99
Gyro: -6.52, 4.71, -2.39
Accel: 0.05, 0.06, -1.02
Gyro: -6.70, 8.73, -0.59
Accel: 0.02, 0.07, -1.08
Gyro: -6.47, 17.38, 0.92
Accel: -0.03, 0.07, -1.18
Gyro: -10.04, 36.02, 4.52
Accel: -0.03, 0.09, -1.20
Gyro: -16.17, 65.03, 9.74
Accel: 0.01, 0.11, -1.15
Gyro: -16.51, 84.35, 16.04
Accel: 0.07, 0.10, -1.05
Gyro: -17.50, 96.50, 20.85
Accel: 0.13, 0.05, -0.92
Gyro: -16.37, 104.10, 21.97
Accel: 0.17, 0.04, -0.95
Gyro: -21.29, 109.89, 20.60
Accel: 0.26, 0.05, -0.86
Gyro: -30.15, 112.40, 20.02
Accel: 0.34, 0.06, -0.83
Gyro: -35.42, 99.21, 20.21
Accel: 0.43, 0.05, -0.74
Gyro: -41.06, 89.92, 16.49
Accel: 0.48, 0.07, -0.67
Gyro: -34.40, 74.58, 13.03
Accel: 0.51, 0.08, -0.76
Gyro: -43.63, 63.97, 8.47
Accel: 0.58, 0.11, -0.62
Gyro: -30.62, 62.32, 5.03
Accel: 0.66, 0.12, -0.75
Gyro: -14.54, 49.68, 3.00
Accel: 0.66, 0.13, -0.68
Gyro: -10.99, 48.71, 0.46
Accel: 0.73, 0.12, -0.61
Gyro: -9.61, 36.43, -0.01
Accel: 0.74, 0.15, -0.59
Gyro: -8.77, 27.64, -1.74
Accel: 0.78, 0.18, -0.56
Gyro: -7.71, 16.66, -2.59
Accel: 0.79, 0.17, -0.58
Gyro: -4.23, 5.20, -1.77
Accel: 0.79, 0.16, -0.55
Gyro: -0.45, -4.53, -2.98
Accel: 0.78, 0.17, -0.59
Gyro: 2.88, -13.68, -4.56
Accel: 0.77, 0.17, -0.58
Gyro: 7.57, -23.55, -5.68
Accel: 0.77, 0.15, -0.54
Gyro: 11.71, -39.09, -7.89
Accel: 0.75, 0.14, -0.52
Gyro: 15.53, -59.72, -11.70
Accel: 0.72, 0.13, -0.49
Gyro: 24.89, -86.59, -14.62
Accel: 0.59, 0.11, -0.59
Gyro: 26.75, -111.22, -16.75
Accel: 0.47, 0.11, -0.70
Gyro: 25.66, -126.77, -17.43
Accel: 0.36, 0.08, -0.79
Gyro: 20.40, -135.06, -19.30
Accel: 0.21, 0.07, -0.98
Gyro: 14.21, -125.97, -21.05
Accel: 0.17, 0.09, -0.96
Gyro: 3.88, -114.76, -25.13
Accel: 0.13, 0.13, -0.97
Gyro: 6.95, -109.50, -23.66
Accel: 0.06, 0.15, -1.05
Gyro: 8.24, -99.33, -20.13
Accel: -0.01, 0.14, -1.09
Gyro: 10.51, -81.15, -14.50
Accel: -0.02, 0.14, -1.08
Gyro: 10.74, -62.71, -8.99
Accel: -0.04, 0.13, -1.04
Gyro: 12.70, -51.71, -3.36
Accel: -0.03, 0.11, -1.03
Gyro: 11.23, -44.46, 0.48
Accel: -0.04, 0.08, -1.02
Gyro: 10.51, -36.39, 3.14
Accel: -0.03, 0.06, -1.02
Gyro: 6.11, -31.15, 2.20
Accel: -0.03, 0.06, -0.99
Gyro: 4.80, -27.02, 1.15
Accel: -0.04, 0.05, -1.01
Gyro: 2.76, -22.99, -0.52
Accel: -0.07, 0.07, -1.03
Gyro: 2.33, -17.37, -1.59
Accel: -0.07, 0.06, -1.02
Gyro: 3.63, -11.28, -0.79
Accel: -0.07, 0.04, -1.00
Gyro: 2.56, -7.22, -0.62
Accel: -0.07, 0.06, -0.97
Gyro: 3.07, -5.25, 0.40
Accel: -0.07, 0.05, -0.97
Gyro: 1.44, -3.48, 1.24
Accel: -0.06, 0.03, -0.97
Gyro: -0.82, -3.04, 1.72
Accel: -0.05, 0.05, -0.96
Gyro: -3.61, -2.70, 0.83
Accel: -0.06, 0.04, -0.97
Gyro: -3.84, -2.50, 0.65
Accel: -0.06, 0.04, -0.96
Gyro: -4.65, -2.26, -0.19
Accel: -0.06, 0.06, -0.96
Gyro: -3.85, -1.78, -0.50
Accel: -0.07, 0.05, -0.97
Gyro: -3.50, -1.63, -0.82
Accel: -0.07, 0.06, -0.97
Gyro: -3.69, -0.64, -1.24
Accel: -0.07, 0.06, -0.97
Gyro: -3.33, 0.27, -0.77
Accel: -0.07, 0.05, -0.97
Gyro: -3.18, 1.08, -0.56
