Accel: -0.14, 0.00, -0.96
Gyro: -3.32, 1.59, -1.09
Accel: -0.13, 0.01, -0.95
Gyro: -3.93, 1.12, -2.06
Accel: -0.13, 0.02, -0.95
Gyro: -1.93, 0.86, -1.80
Accel: -0.14, 0.01, -0.94
Gyro: -2.15, 0.16, -1.21
Accel: -0.14, 0.00, -0.96
Gyro: -2.96, 0.02, -0.76
Accel: -0.13, 0.01, -0.95
Gyro: -2.63, 0.09, -0.60
Accel: -0.13, -0.00, -0.95
Gyro: -2.08, 0.07, -1.07
Accel: -0.13, 0.00, -0.96
Gyro: -2.94, -0.15, -1.75
Accel: -0.14, 0.01, -0.96
Gyro: -2.13, -0.23, -1.62
Accel: -0.13, 0.00, -0.94
Gyro: -2.98, -0.67, -1.69
Accel: -0.13, 0.01, -0.96
Gyro: -2.17, -0.40, -1.44
Accel: -0.13, 0.01, -0.97
Gyro: -2.14, -0.24, -0.93
Accel: -0.13, 0.01, -0.95
Gyro: -2.92, -0.40, -0.98
Accel: -0.14, 0.01, -0.96
Gyro: -2.67, -0.50, -1.31
Accel: -0.13, 0.01, -0.96
Gyro: -2.22, -0.31, -1.78
Accel: -0.13, 0.01, -0.95
Gyro: -2.35, -0.66, -1.92
Accel: -0.13, 0.02, -0.96
Gyro: -1.89, -1.13, -1.26
Accel: -0.13, 0.01, -0.96
Gyro: -2.20, -1.37, -0.86
Accel: -0.14, 0.00, -0.97
Gyro: -2.33, -1.43, -0.78
Accel: -0.14, -0.00, -0.96
Gyro: -2.25, -0.68, -1.04
Accel: -0.14, -0.00, -0.97
Gyro: -2.50, -0.24, -1.26
Accel: -0.16, 0.01, -1.02
Gyro: -3.08, 2.82, -1.34
Accel: -0.21, 0.02, -1.11
Gyro: -4.50, 16.22, -0.21
Accel: -0.25, 0.02, -1.21
Gyro: -5.80, 39.64, 1.86
Accel: -0.30, 0.03, -1.31
Gyro: -5.04, 74.71, 4.24
Accel: -0.36, 0.04, -1.48
Gyro: -12.42, 131.15, 9.87
Accel: -0.17, 0.04, -1.09
Gyro: -15.75, 167.37, 17.46
Accel: 0.05, -0.01, -0.68
Gyro: -10.68, 160.11, 19.10
Accel: 0.37, -0.03, -0.30
Gyro: -0.16, 98.05, 11.77
Accel: 0.46, -0.03, -0.39
Gyro: 5.68, 28.65, 1.23
Accel: 0.42, -0.03, -0.59
Gyro: 4.62, -15.35, -6.69
Accel: 0.38, -0.07, -0.71
Gyro: -3.49, -36.06, -13.91
Accel: 0.42, 0.07, -0.46
Gyro: -1.79, -82.05, -16.37
Accel: 0.28, 0.07, -0.61
Gyro: 4.80, -129.31, -8.32
Accel: 0.10, 0.04, -0.85
Gyro: 5.39, -148.64, -4.10
Accel: -0.07, 0.02, -1.04
Gyro: 3.82, -145.87, -2.03
Accel: -0.21, 0.01, -1.27
Gyro: -2.10, -118.80, -2.24
Accel: -0.36, 0.09, -1.39
Gyro: 10.29, -77.81, 5.21
Accel: -0.28, 0.01, -1.22
Gyro: 4.01, -33.46, -2.52
Accel: -0.27, -0.02, -1.15
Gyro: 7.80, -8.86, -0.50
Accel: -0.24, -0.02, -1.01
Gyro: 2.93, 1.90, -0.46
Accel: -0.21, -0.02, -0.95
Gyro: -2.14, 2.56, -0.91
Accel: -0.19, -0.02, -0.93
Gyro: -4.33, 1.51, -0.49
Accel: -0.19, -0.02, -0.92
Gyro: -9.45, 1.26, -0.07
Accel: -0.19, -0.02, -0.92
Gyro: -5.58, -0.18, -0.53
Accel: -0.19, -0.01, -0.93
Gyro: -5.51, 0.01, -2.81
Accel: -0.18, -0.00, -0.92
Gyro: -3.09, -0.27, -4.31
Accel: -0.18, -0.00, -0.95
Gyro: -3.85, 0.02, -5.55
Accel: -0.18, 0.03, -0.98
Gyro: -3.19, 1.16, -5.09
Accel: -0.17, 0.01, -0.98
Gyro: -1.71, 2.14, -2.69
Accel: -0.15, -0.00, -0.98
Gyro: -2.53, 2.86, -1.25
Accel: -0.14, 0.01, -0.98
Gyro: -2.49, 3.76, -0.06
Accel: -0.13, 0.00, -0.97
Gyro: -1.01, 4.76, 0.70
Accel: -0.11, 0.00, -0.95
Gyro: -1.67, 5.18, 0.76
Accel: -0.11, -0.00, -0.95
Gyro: -2.31, 3.58, 0.31
Accel: -0.10, -0.01, -0.95
Gyro: -3.12, 0.94, 0.06
Accel: -0.11, -0.01, -0.94
Gyro: -4.75, -1.08, -1.20
Accel: -0.13, 0.00, -0.95
Gyro: -3.75, -3.44, -2.08
Accel: -0.14, -0.00, -0.93
Gyro: -3.87, -4.94, -2.98
Accel: -0.16, 0.01, -0.94
Gyro: -4.36, -5.97, -3.83
Accel: -0.17, 0.01, -0.95
Gyro: -4.08, -5.62, -4.29
Accel: -0.19, 0.02, -0.94
Gyro: -3.24, -5.02, -4.19
Accel: -0.19, 0.03, -0.97
Gyro: -2.10, -4.14, -3.11
Accel: -0.18, 0.02, -0.97
Gyro: -1.58, -2.74, -1.04
Accel: -0.17, 0.02, -0.98
Gyro: -0.78, -1.00, 0.54
Accel: -0.17, 0.01, -0.97
Gyro: -0.66, 0.99, 1.21
Accel: -0.16, -0.00, -0.98
Gyro: -0.12, 2.66, 0.98
Accel: -0.15, -0.01, -0.96
Gyro: -0.78, 3.40, 0.51
Accel: -0.14, -0.01, -0.95
Gyro: -1.33, 3.05, -0.11
Accel: -0.13, -0.01, -0.95
Gyro: -1.81, 2.45, -0.50
Accel: -0.13, -0.02, -0.95
Gyro: -3.20, 1.61, -1.38
Accel: -0.13, -0.00, -0.96
Gyro: -3.81, 0.56, -2.78
Accel: -0.13, 0.01, -0.95
Gyro: -1.59, -0.93, -2.62
Accel: -0.14, -0.00, -0.94
Gyro: -3.00, -1.98, -2.45
Accel: -0.15, 0.00, -0.95
Gyro: -4.02, -2.98, -2.31
Accel: -0.15, 0.01, -0.95
Gyro: -3.27, -3.12, -2.17
Accel: -0.16, 0.00, -0.95
Gyro: -3.42, -2.78, -2.24
Accel: -0.17, 0.01, -0.96
Gyro: -3.97, -1.97, -2.75
Accel: -0.17, 0.02, -0.95
Gyro: -1.91, -1.66, -2.08
Accel: -0.16, 0.01, -0.96
Gyro: -2.17, -1.62, -1.60
Accel: -0.16, 0.02, -0.97
Gyro: -1.24, -0.40, -0.81
Accel: -0.15, 0.01, -0.95
Gyro: -0.56, 0.09, 0.12
Accel: -0.16, -0.00, -0.96
Gyro: -1.42, 0.37, 0.27
Accel: -0.15, -0.01, -0.96
Gyro: -1.54, 0.59, -0.21
Accel: -0.15, -0.00, -0.95
Gyro: -1.14, 0.52, -0.73
Accel: -0.14, -0.00, -0.96
Gyro: -1.41, 0.43, -1.20
Accel: -0.14, -0.00, -0.95
Gyro: -1.74, -0.10, -1.01
Accel: -0.14, -0.00, -0.96
Gyro: -2.16, -0.57, -0.51
Accel: -0.14, -0.01, -0.95
Gyro: -2.63, -1.11, -1.05
Accel: -0.15, -0.00, -0.94
Gyro: -2.99, -1.27, -1.69
Accel: -0.15, -0.01, -0.95
Gyro: -3.36, -1.17, -2.22
Accel: -0.15, 0.00, -0.95
Gyro: -3.60, -1.45, -2.20
Accel: -0.15, 0.00, -0.95
Gyro: -3.51, -1.62, -2.14
Accel: -0.16, 0.01, -0.96
Gyro: -2.99, -1.19, -1.82
Accel: -0.15, 0.00, -0.96
Gyro: -3.86, -0.81, -2.12
Accel: -0.16, 0.01, -0.96
Gyro: -3.65, -0.27, -2.33
Accel: -0.15, 0.01, -0.95
Gyro: -1.43, -0.47, -1.29
Accel: -0.15, 0.00, -0.95
Gyro: -2.46, -0.49, -0.86
Accel: -0.16, 0.01, -0.95
Gyro: -2.78, -0.05, -0.47
Accel: -0.15, 0.01, -0.94
Gyro: -2.17, -0.18, -0.85
Accel: -0.16, -0.01, -0.96
Gyro: -2.82, -0.38, -1.75
