Accel: -0.15, 0.02, -0.95
Gyro: -1.00, 0.73, -0.10
Accel: -0.15, 0.01, -0.95
Gyro: -1.89, 0.85, -0.28
Accel: -0.14, 0.01, -0.94
Gyro: -2.11, 0.58, -0.42
Accel: -0.14, 0.01, -0.95
Gyro: -1.66, 0.06, -0.69
Accel: -0.14, 0.01, -0.95
Gyro: -2.56, -0.49, -1.59
Accel: -0.14, 0.03, -0.95
Gyro: -2.69, -0.76, -1.79
Accel: -0.14, 0.01, -0.96
Gyro: -2.83, -1.21, -1.51
Accel: -0.14, 0.03, -0.95
Gyro: -3.50, -1.05, -1.75
Accel: -0.14, 0.02, -0.96
Gyro: -2.46, -1.02, -1.64
Accel: -0.15, 0.01, -0.96
Gyro: -3.06, -1.08, -1.40
Accel: -0.15, 0.02, -0.96
Gyro: -3.66, -0.97, -1.59
Accel: -0.15, 0.02, -0.95
Gyro: -3.20, -0.72, -1.79
Accel: -0.14, 0.02, -0.96
Gyro: -3.02, -0.30, -2.24
Accel: -0.15, 0.03, -0.95
Gyro: -2.75, -0.08, -1.98
Accel: -0.15, 0.03, -0.96
Gyro: -2.37, -0.41, -1.16
Accel: -0.15, 0.02, -0.95
Gyro: -2.71, -0.47, -0.58
Accel: -0.15, 0.02, -0.96
Gyro: -2.67, -0.47, -0.79
Accel: -0.14, 0.02, -0.96
Gyro: -2.49, -0.08, -1.35
Accel: -0.14, 0.02, -0.96
Gyro: -2.53, -0.09, -1.66
Accel: -0.14, 0.02, -0.95
Gyro: -2.74, -0.30, -1.60
Accel: -0.14, 0.03, -0.96
Gyro: -2.82, -0.40, -1.30
Accel: -0.15, 0.02, -0.96
Gyro: -3.06, -0.41, -1.23
Accel: -0.15, 0.02, -0.96
Gyro: -3.97, 0.01, -2.12
Accel: -0.15, 0.04, -0.97
Gyro: -2.39, 0.67, -2.17
Accel: -0.14, 0.03, -0.95
Gyro: -1.90, 0.65, -1.30
Accel: -0.14, 0.03, -0.95
Gyro: -2.76, 0.50, -0.63
Accel: -0.14, 0.03, -0.96
Gyro: -2.57, 0.98, -0.31
Accel: -0.15, 0.02, -0.98
Gyro: -2.35, 2.43, -0.57
Accel: -0.16, 0.02, -1.00
Gyro: -2.86, 8.23, -1.09
Accel: -0.18, 0.03, -1.05
Gyro: -3.29, 15.16, -0.40
Accel: -0.20, 0.04, -1.12
Gyro: -3.52, 32.91, 0.72
Accel: -0.21, 0.04, -1.18
Gyro: -2.06, 50.14, 1.14
Accel: -0.21, 0.02, -1.17
Gyro: -3.81, 82.38, 0.56
Accel: -0.15, 0.02, -1.10
Gyro: -2.54, 95.97, 0.94
Accel: -0.08, 0.03, -1.02
Gyro: -7.69, 111.65, 3.28
Accel: 0.06, 0.03, -0.84
Gyro: -6.07, 106.50, 4.54
Accel: 0.14, 0.02, -0.83
Gyro: -6.45, 91.62, 4.17
Accel: 0.23, 0.02, -0.78
Gyro: -5.66, 80.92, 2.56
Accel: 0.30, 0.03, -0.75
Gyro: -4.98, 60.44, 0.33
Accel: 0.34, 0.03, -0.78
Gyro: -4.94, 43.98, -1.46
Accel: 0.36, 0.03, -0.81
Gyro: -5.57, 31.62, -2.18
Accel: 0.38, 0.04, -0.82
Gyro: -6.17, 18.24, -2.45
Accel: 0.38, 0.05, -0.84
Gyro: -6.29, 9.09, -2.16
Accel: 0.38, 0.05, -0.84
Gyro: -5.03, 0.16, -1.68
Accel: 0.38, 0.04, -0.81
Gyro: -2.43, -10.23, -1.58
Accel: 0.35, 0.05, -0.87
Gyro: -0.37, -19.87, -1.75
Accel: 0.34, 0.03, -0.84
Gyro: 1.32, -26.24, -1.85
Accel: 0.34, 0.03, -0.76
Gyro: 0.59, -42.33, -3.33
Accel: 0.30, 0.05, -0.78
Gyro: 2.84, -61.00, -2.52
Accel: 0.24, 0.04, -0.82
Gyro: 1.35, -73.10, -0.87
Accel: 0.20, 0.02, -0.80
Gyro: -1.12, -86.94, -0.71
Accel: 0.10, 0.03, -0.90
Gyro: -3.72, -95.60, -0.33
Accel: 0.05, 0.06, -0.96
Gyro: -5.65, -94.33, 0.52
Accel: -0.02, 0.03, -1.07
Gyro: -4.18, -82.57, 0.61
Accel: -0.05, 0.02, -1.02
Gyro: -2.11, -71.98, -1.75
Accel: -0.08, 0.02, -1.03
Gyro: 0.37, -64.39, -4.38
Accel: -0.14, 0.04, -1.04
Gyro: 12.75, -56.53, -3.66
Accel: -0.16, 0.03, -1.04
Gyro: 4.95, -44.67, -6.64
Accel: -0.18, 0.02, -1.05
Gyro: 6.36, -35.69, -7.41
Accel: -0.19, 0.02, -1.02
Gyro: 2.82, -27.87, -7.26
Accel: -0.21, 0.03, -1.02
Gyro: 0.84, -20.29, -6.39
Accel: -0.21, 0.02, -1.01
Gyro: -0.71, -12.61, -4.52
Accel: -0.21, 0.03, -0.99
Gyro: -0.92, -6.94, -1.98
Accel: -0.21, 0.02, -0.98
Gyro: -1.75, -3.61, -0.06
Accel: -0.20, 0.01, -0.96
Gyro: -2.14, -1.43, 0.59
Accel: -0.21, 0.00, -0.94
Gyro: -4.25, 0.07, -0.32
Accel: -0.20, 0.01, -0.95
Gyro: -3.72, 0.02, -1.95
Accel: -0.19, 0.01, -0.94
Gyro: -4.59, 1.03, -3.11
Accel: -0.19, 0.02, -0.95
Gyro: -3.81, 1.51, -3.43
Accel: -0.18, 0.03, -0.96
Gyro: -3.31, 2.11, -2.71
Accel: -0.18, 0.03, -0.97
Gyro: -2.32, 3.48, -1.21
Accel: -0.16, 0.02, -0.97
Gyro: -3.19, 4.96, -0.58
Accel: -0.15, 0.03, -0.98
Gyro: -3.56, 5.98, -0.78
Accel: -0.15, 0.02, -0.97
Gyro: -1.85, 6.42, 0.50
Accel: -0.14, 0.02, -0.95
Gyro: -2.37, 6.04, 0.71
Accel: -0.13, 0.01, -0.95
Gyro: -2.87, 5.63, 0.17
Accel: -0.13, 0.00, -0.95
Gyro: -2.62, 5.00, -1.46
Accel: -0.13, 0.00, -0.96
Gyro: -1.94, 4.81, -2.73
Accel: -0.13, 0.02, -0.95
Gyro: -2.46, 4.13, -3.05
Accel: -0.13, 0.02, -0.93
Gyro: -2.94, 1.17, -2.06
Accel: -0.14, 0.02, -0.94
Gyro: -4.27, -1.14, -1.36
Accel: -0.15, 0.03, -0.95
Gyro: -3.55, -1.99, -0.57
Accel: -0.16, 0.02, -0.96
Gyro: -3.20, -1.30, -0.36
Accel: -0.15, 0.02, -0.95
Gyro: -3.30, -0.63, -1.13
Accel: -0.16, 0.02, -0.97
Gyro: -2.99, 0.50, -1.90
Accel: -0.15, 0.03, -0.97
Gyro: -2.34, 2.20, -2.10
Accel: -0.15, 0.03, -0.96
Gyro: -2.51, 3.70, -1.56
Accel: -0.14, 0.02, -0.96
Gyro: -2.52, 4.18, -0.74
Accel: -0.13, 0.03, -0.95
Gyro: -2.43, 4.18, 0.09
Accel: -0.13, 0.02, -0.96
Gyro: -2.97, 3.92, 0.51
Accel: -0.12, 0.02, -0.95
Gyro: -3.20, 3.18, 0.05
Accel: -0.11, 0.02, -0.95
Gyro: -3.56, 2.13, -0.89
Accel: -0.12, 0.02, -0.95
Gyro: -3.68, 0.92, -1.57
Accel: -0.11, 0.02, -0.95
Gyro: -3.31, 0.72, -1.97
Accel: -0.12, 0.03, -0.95
Gyro: -4.16, 0.47, -2.43
Accel: -0.12, 0.03, -0.96
Gyro: -4.64, 0.36, -3.05
Accel: -0.12, 0.04, -0.96
Gyro: -2.79, 0.21, -2.03
Accel: -0.13, 0.03, -0.96
Gyro: -2.97, -0.24, -1.21
Accel: -0.13, 0.03, -0.96
Gyro: -3.13, 0.07, -0.92
Accel: -0.12, 0.04, -0.95
Gyro: -2.78, 0.40, -0.79
Accel: -0.12, 0.03, -0.96
Gyro: -2.49, 0.64, -0.85
