Accel: -0.33, -0.06, -0.92
Gyro: -2.03, -1.64, -0.77
Accel: -0.32, -0.06, -0.92
Gyro: -2.42, -1.18, -1.28
Accel: -0.33, -0.06, -0.93
Gyro: -2.71, -0.99, -2.54
Accel: -0.33, -0.07, -0.93
Gyro: -2.53, -0.54, -3.70
Accel: -0.32, -0.06, -0.93
Gyro: -2.66, 0.34, -3.88
Accel: -0.32, -0.05, -0.93
Gyro: -2.12, 0.69, -3.61
Accel: -0.32, -0.05, -0.93
Gyro: -1.62, 1.06, -2.73
Accel: -0.31, -0.05, -0.92
Gyro: -2.03, 1.76, -2.51
Accel: -0.31, -0.05, -0.95
Gyro: -2.01, 1.57, -2.59
Accel: -0.30, -0.05, -0.93
Gyro: 0.55, 2.19, -1.50
Accel: -0.30, -0.06, -0.93
Gyro: -0.50, 3.45, -1.11
Accel: -0.29, -0.05, -0.93
Gyro: -0.24, 2.78, -0.84
Accel: -0.29, -0.04, -0.91
Gyro: 0.75, 1.43, -0.49
Accel: -0.29, -0.06, -0.92
Gyro: 1.37, 1.13, 0.24
Accel: -0.29, -0.06, -0.91
Gyro: 0.85, 0.44, 0.67
Accel: -0.29, -0.07, -0.89
Gyro: 0.98, -1.88, 0.91
Accel: -0.30, -0.08, -0.90
Gyro: -0.50, -4.39, -0.11
Accel: -0.31, -0.07, -0.89
Gyro: -0.94, -5.84, -1.13
Accel: -0.32, -0.08, -0.90
Gyro: -1.10, -6.92, -1.34
Accel: -0.34, -0.07, -0.90
Gyro: -3.06, -8.04, -1.35
Accel: -0.35, -0.06, -0.91
Gyro: -2.59, -8.40, -0.98
Accel: -0.36, -0.06, -0.92
Gyro: -1.77, -7.71, -0.61
Accel: -0.36, -0.06, -0.94
Gyro: -2.53, -5.58, -0.98
Accel: -0.38, -0.06, -0.95
Gyro: -1.63, -3.01, -1.14
Accel: -0.37, -0.07, -0.94
Gyro: -1.48, -0.35, -0.82
Accel: -0.36, -0.07, -0.93
Gyro: -1.40, 1.31, -0.80
Accel: -0.35, -0.07, -0.93
Gyro: -1.38, 2.64, -1.26
Accel: -0.33, -0.07, -0.93
Gyro: -0.85, 4.14, -1.62
Accel: -0.32, -0.07, -0.92
Gyro: -1.00, 4.71, -1.47
Accel: -0.31, -0.07, -0.91
Gyro: -1.15, 4.52, -1.01
Accel: -0.30, -0.07, -0.91
Gyro: -0.78, 3.72, -0.44
Accel: -0.29, -0.09, -0.92
Gyro: -1.15, 2.91, -0.52
Accel: -0.29, -0.08, -0.92
Gyro: -2.62, 1.79, -1.77
Accel: -0.29, -0.07, -0.93
Gyro: -1.08, 1.05, -1.71
Accel: -0.31, -0.08, -0.95
Gyro: -1.34, 0.89, -2.11
Accel: -0.34, -0.08, -0.98
Gyro: -1.63, 4.67, -2.28
Accel: -0.44, -0.09, -1.15
Gyro: -3.20, 22.83, -3.99
Accel: -0.46, -0.11, -1.16
Gyro: -0.31, 46.45, -10.22
Accel: -0.46, -0.10, -1.19
Gyro: 1.54, 75.39, -17.20
Accel: -0.37, -0.04, -1.03
Gyro: 11.91, 95.17, -20.76
Accel: -0.36, -0.05, -1.17
Gyro: 16.01, 115.04, -20.00
Accel: -0.32, -0.03, -1.21
Gyro: 16.91, 142.55, -15.17
Accel: -0.18, -0.05, -0.90
Gyro: 25.79, 156.97, -9.99
Accel: -0.02, -0.11, -0.78
Gyro: 28.06, 149.03, -10.31
Accel: 0.14, -0.12, -0.67
Gyro: 22.19, 128.94, -12.69
Accel: 0.29, -0.15, -0.62
Gyro: 25.70, 97.24, -16.00
Accel: 0.41, -0.14, -0.56
Gyro: 19.20, 63.70, -15.39
Accel: 0.47, -0.15, -0.54
Gyro: 11.89, 18.91, -9.06
Accel: 0.44, -0.14, -0.65
Gyro: 2.08, -18.37, 0.95
Accel: 0.36, -0.16, -0.84
Gyro: -10.13, -30.44, 10.48
Accel: 0.40, -0.16, -0.63
Gyro: -16.94, -52.15, 16.33
Accel: 0.40, -0.12, -0.48
Gyro: -22.92, -97.30, 22.19
Accel: 0.25, -0.09, -0.55
Gyro: -24.95, -144.48, 30.62
Accel: 0.10, -0.08, -0.82
Gyro: -23.19, -169.16, 35.92
Accel: -0.11, -0.14, -1.08
Gyro: -29.98, -154.41, 37.75
Accel: -0.17, -0.11, -1.10
Gyro: -24.06, -135.93, 32.83
Accel: -0.30, -0.12, -1.20
Gyro: -12.91, -111.95, 28.85
Accel: -0.41, -0.13, -1.39
Gyro: 0.45, -67.67, 21.18
Accel: -0.44, -0.13, -1.24
Gyro: 20.48, -29.79, 12.51
Accel: -0.37, -0.18, -1.07
Gyro: 10.40, -0.12, 1.80
Accel: -0.31, -0.15, -0.94
Gyro: 10.98, 4.87, -3.59
Accel: -0.29, -0.14, -0.89
Gyro: 2.59, 4.75, -4.33
Accel: -0.29, -0.14, -0.90
Gyro: -0.76, 1.14, -4.94
Accel: -0.28, -0.13, -0.90
Gyro: -4.04, -0.22, -4.76
Accel: -0.28, -0.12, -0.92
Gyro: -2.76, -0.95, -3.10
Accel: -0.28, -0.12, -0.91
Gyro: -1.81, 1.64, -2.23
Accel: -0.28, -0.14, -0.88
Gyro: 0.92, 0.00, -1.72
Accel: -0.28, -0.14, -0.89
Gyro: -2.05, -2.69, -1.78
Accel: -0.29, -0.14, -0.93
Gyro: -3.52, -3.75, -1.92
Accel: -0.29, -0.12, -0.93
Gyro: -3.95, -2.59, -1.88
Accel: -0.28, -0.12, -0.95
Gyro: -3.36, -2.23, -1.62
Accel: -0.28, -0.11, -0.95
Gyro: -2.69, -0.90, -1.11
Accel: -0.27, -0.12, -0.96
Gyro: -0.43, 1.27, 0.60
Accel: -0.26, -0.12, -0.96
Gyro: -1.43, 3.45, 1.39
Accel: -0.24, -0.14, -0.97
Gyro: -0.69, 5.38, 1.10
Accel: -0.23, -0.14, -0.97
Gyro: -0.93, 7.73, 0.36
Accel: -0.21, -0.14, -0.95
Gyro: -0.75, 8.43, -0.56
Accel: -0.20, -0.14, -0.93
Gyro: -0.43, 7.63, -1.30
Accel: -0.19, -0.14, -0.93
Gyro: -1.29, 5.91, -2.12
Accel: -0.19, -0.14, -0.92
Gyro: -1.83, 4.17, -2.37
Accel: -0.19, -0.15, -0.92
Gyro: -3.81, 1.95, -2.88
Accel: -0.21, -0.12, -0.93
Gyro: -4.00, -0.62, -3.42
Accel: -0.22, -0.13, -0.93
Gyro: -2.82, -2.41, -2.72
Accel: -0.22, -0.13, -0.93
Gyro: -3.82, -3.94, -2.69
Accel: -0.25, -0.12, -0.92
Gyro: -4.00, -4.37, -2.39
Accel: -0.24, -0.13, -0.93
Gyro: -3.58, -4.97, -2.21
Accel: -0.25, -0.13, -0.93
Gyro: -4.22, -4.00, -2.52
Accel: -0.27, -0.12, -0.94
Gyro: -3.36, -3.52, -2.68
Accel: -0.26, -0.12, -0.94
Gyro: -2.55, -3.49, -2.43
Accel: -0.27, -0.12, -0.95
Gyro: -3.43, -2.54, -2.61
Accel: -0.27, -0.11, -0.95
Gyro: -2.18, -0.85, -1.93
Accel: -0.27, -0.12, -0.95
Gyro: -1.97, 0.56, -1.46
Accel: -0.26, -0.13, -0.95
Gyro: -2.91, 1.82, -1.42
Accel: -0.25, -0.11, -0.95
Gyro: -1.84, 3.09, -1.56
Accel: -0.23, -0.12, -0.94
Gyro: -1.18, 3.89, -1.78
Accel: -0.22, -0.12, -0.94
Gyro: -0.92, 4.02, -1.66
Accel: -0.22, -0.12, -0.94
Gyro: -0.95, 3.14, -0.95
Accel: -0.21, -0.13, -0.93
Gyro: -1.16, 2.48, -0.47
Accel: -0.21, -0.14, -0.94
Gyro: -1.95, 1.89, -0.74
Accel: -0.21, -0.13, -0.94
Gyro: -2.64, 0.95, -1.75
Accel: -0.21, -0.13, -0.94
Gyro: -2.45, 0.30, -2.71
