Accel: -0.22, -0.10, -0.94
Gyro: -2.21, -0.31, -2.11
Accel: -0.23, -0.09, -0.96
Gyro: -2.40, 0.70, -2.17
Accel: -0.24, -0.10, -0.95
Gyro: -2.57, 2.07, -2.01
Accel: -0.23, -0.09, -0.94
Gyro: -2.67, 1.51, -1.40
Accel: -0.23, -0.09, -0.95
Gyro: -3.27, 0.34, -1.98
Accel: -0.23, -0.09, -0.95
Gyro: -2.97, 0.11, -1.96
Accel: -0.23, -0.08, -0.94
Gyro: -3.66, -0.19, -2.70
Accel: -0.23, -0.07, -0.95
Gyro: -1.74, 0.66, -2.17
Accel: -0.23, -0.08, -0.95
Gyro: -1.21, 0.71, -1.69
Accel: -0.22, -0.08, -0.95
Gyro: -1.61, 1.14, -1.00
Accel: -0.22, -0.08, -0.95
Gyro: -1.91, 1.19, -0.81
Accel: -0.22, -0.09, -0.94
Gyro: -1.53, 1.52, -0.92
Accel: -0.21, -0.09, -0.94
Gyro: -2.04, 1.91, -1.26
Accel: -0.20, -0.09, -0.95
Gyro: -1.69, 1.51, -1.66
Accel: -0.21, -0.10, -0.97
Gyro: -1.96, 1.43, -1.75
Accel: -0.20, -0.09, -0.97
Gyro: -2.36, 1.73, -2.25
Accel: -0.21, -0.09, -0.95
Gyro: -1.38, 1.95, -1.87
Accel: -0.21, -0.10, -0.95
Gyro: -2.41, 2.08, -1.83
Accel: -0.21, -0.09, -0.95
Gyro: -2.71, 1.46, -2.11
Accel: -0.20, -0.09, -0.95
Gyro: -2.11, 1.56, -2.30
Accel: -0.20, -0.09, -0.95
Gyro: -1.91, 1.50, -2.20
Accel: -0.20, -0.09, -0.95
Gyro: -1.79, 1.56, -1.58
Accel: -0.20, -0.09, -0.95
Gyro: -1.61, 1.76, -1.17
Accel: -0.21, -0.09, -0.96
Gyro: -1.79, 2.08, -0.85
Accel: -0.20, -0.10, -0.95
Gyro: -2.32, 2.55, -1.50
Accel: -0.20, -0.09, -0.96
Gyro: -2.54, 2.23, -2.18
Accel: -0.21, -0.09, -0.96
Gyro: -2.53, 2.64, -2.67
Accel: -0.21, -0.08, -0.96
Gyro: -2.40, 3.54, -2.41
Accel: -0.20, -0.08, -0.96
Gyro: -2.46, 4.04, -2.30
Accel: -0.20, -0.08, -0.96
Gyro: -2.27, 4.56, -2.14
Accel: -0.20, -0.08, -0.97
Gyro: -2.40, 5.10, -1.95
Accel: -0.19, -0.09, -0.96
Gyro: -1.63, 5.60, -1.46
Accel: -0.19, -0.09, -0.97
Gyro: -1.94, 6.39, -1.53
Accel: -0.18, -0.07, -0.96
Gyro: -2.35, 6.92, -2.05
Accel: -0.18, -0.08, -1.00
Gyro: -0.10, 7.78, -1.34
Accel: -0.23, -0.07, -1.07
Gyro: -0.22, 16.27, -1.21
Accel: -0.25, -0.08, -1.10
Gyro: 1.20, 32.98, -2.24
Accel: -0.32, -0.06, -1.25
Gyro: 6.86, 58.56, -3.47
Accel: -0.30, -0.04, -1.21
Gyro: 16.34, 91.90, -3.62
Accel: -0.20, -0.08, -1.01
Gyro: 24.08, 108.56, -3.20
Accel: -0.16, -0.11, -1.14
Gyro: 22.77, 120.74, -3.50
Accel: -0.03, -0.12, -0.88
Gyro: 17.14, 129.97, -2.82
Accel: 0.04, -0.14, -0.93
Gyro: 17.93, 123.59, -2.98
Accel: 0.17, -0.15, -0.81
Gyro: 10.54, 122.22, -3.11
Accel: 0.30, -0.17, -0.68
Gyro: 10.33, 104.91, -3.27
Accel: 0.43, -0.18, -0.60
Gyro: 9.19, 74.36, -2.85
Accel: 0.48, -0.18, -0.65
Gyro: 3.14, 44.70, -1.67
Accel: 0.52, -0.18, -0.68
Gyro: -0.04, 18.11, -0.16
Accel: 0.51, -0.19, -0.73
Gyro: -5.10, 2.26, 1.16
Accel: 0.52, -0.20, -0.73
Gyro: -8.25, -13.55, 2.06
Accel: 0.51, -0.20, -0.69
Gyro: -10.85, -30.26, 1.77
Accel: 0.52, -0.20, -0.57
Gyro: -12.37, -60.01, 0.85
Accel: 0.50, -0.16, -0.48
Gyro: -16.35, -105.74, 2.56
Accel: 0.37, -0.12, -0.55
Gyro: -13.45, -146.68, 7.71
Accel: 0.22, -0.11, -0.86
Gyro: -17.13, -167.02, 11.31
Accel: 0.04, -0.11, -1.03
Gyro: -21.42, -156.08, 14.76
Accel: -0.07, -0.15, -1.10
Gyro: -19.57, -133.22, 12.89
Accel: -0.17, -0.13, -1.16
Gyro: -13.57, -108.36, 8.98
Accel: -0.24, -0.15, -1.21
Gyro: -8.24, -78.78, 3.78
Accel: -0.27, -0.16, -1.13
Gyro: -2.07, -54.27, -3.65
Accel: -0.26, -0.12, -1.02
Gyro: 2.12, -42.53, -6.86
Accel: -0.29, -0.11, -1.02
Gyro: 2.17, -34.09, -7.29
Accel: -0.31, -0.11, -0.99
Gyro: -3.59, -25.76, -5.76
Accel: -0.31, -0.10, -0.97
Gyro: -5.99, -19.29, -3.61
Accel: -0.32, -0.11, -0.94
Gyro: -7.64, -15.24, -1.76
Accel: -0.31, -0.07, -0.93
Gyro: -4.52, -14.01, 1.73
Accel: -0.32, -0.11, -0.92
Gyro: -5.72, -11.90, -1.24
Accel: -0.32, -0.12, -0.93
Gyro: -3.99, -10.51, -2.86
Accel: -0.31, -0.09, -0.94
Gyro: -5.78, -8.37, -4.06
Accel: -0.32, -0.09, -0.95
Gyro: -4.99, -6.58, -3.43
Accel: -0.32, -0.09, -0.96
Gyro: -5.23, -3.55, -2.60
Accel: -0.31, -0.09, -0.97
Gyro: -5.92, -0.15, -1.89
Accel: -0.29, -0.09, -0.96
Gyro: -6.71, 2.43, -1.59
Accel: -0.27, -0.09, -0.98
Gyro: -5.17, 4.97, -1.61
Accel: -0.25, -0.09, -0.97
Gyro: -4.97, 6.93, -1.81
Accel: -0.22, -0.10, -0.94
Gyro: -4.25, 6.53, -1.98
Accel: -0.21, -0.10, -0.94
Gyro: -4.18, 4.16, -1.85
Accel: -0.21, -0.10, -0.97
Gyro: -5.46, 5.17, -2.00
Accel: -0.20, -0.09, -0.94
Gyro: -4.87, 5.51, -2.28
Accel: -0.19, -0.09, -0.93
Gyro: -5.14, 4.52, -2.46
Accel: -0.20, -0.09, -0.93
Gyro: -3.19, 2.98, -2.42
Accel: -0.21, -0.08, -0.93
Gyro: -2.85, 1.38, -2.04
Accel: -0.22, -0.09, -0.92
Gyro: -2.61, -0.69, -2.09
Accel: -0.22, -0.08, -0.93
Gyro: -3.38, -2.45, -1.66
Accel: -0.24, -0.08, -0.95
Gyro: -3.78, -3.71, -2.29
Accel: -0.24, -0.08, -0.94
Gyro: -1.37, -3.84, -0.96
Accel: -0.25, -0.09, -0.92
Gyro: -1.72, -4.51, -0.40
Accel: -0.26, -0.09, -0.93
Gyro: -2.72, -5.29, -0.40
Accel: -0.27, -0.09, -0.93
Gyro: -3.49, -5.20, -0.42
Accel: -0.28, -0.09, -0.95
Gyro: -3.31, -5.10, -1.11
Accel: -0.27, -0.08, -0.96
Gyro: -3.63, -2.97, -1.52
Accel: -0.28, -0.08, -0.95
Gyro: -3.14, -1.38, -1.98
Accel: -0.27, -0.09, -0.95
Gyro: -3.20, -1.01, -1.78
Accel: -0.27, -0.07, -0.95
Gyro: -3.91, 0.66, -2.52
Accel: -0.27, -0.08, -0.95
Gyro: -2.71, 1.74, -2.32
Accel: -0.24, -0.08, -0.96
Gyro: -3.60, 2.86, -2.68
Accel: -0.24, -0.08, -0.95
Gyro: -4.06, 3.72, -2.72
Accel: -0.24, -0.06, -0.93
Gyro: -3.34, 3.21, -2.65
Accel: -0.23, -0.07, -0.94
Gyro: -2.91, 2.56, -2.69
Accel: -0.24, -0.07, -0.93
Gyro: -2.16, 1.66, -2.11
Accel: -0.24, -0.07, -0.94
Gyro: -1.68, 1.17, -0.56
