Accel: -0.13, -0.08, -0.99
Gyro: -0.66, 16.32, -1.02
Accel: -0.11, -0.09, -0.98
Gyro: 1.66, 17.37, -1.89
Accel: -0.09, -0.09, -0.97
Gyro: 1.46, 16.50, -2.84
Accel: -0.08, -0.08, -0.96
Gyro: 0.06, 15.80, -2.98
Accel: -0.08, -0.06, -0.95
Gyro: -0.34, 14.54, -1.64
Accel: -0.08, -0.06, -0.94
Gyro: -1.69, 13.39, 0.60
Accel: -0.07, -0.05, -0.94
Gyro: -2.61, 12.12, 3.24
Accel: -0.06, -0.06, -0.95
Gyro: -2.94, 10.35, 6.11
Accel: -0.06, -0.08, -0.95
Gyro: -3.68, 7.97, 6.21
Accel: -0.06, -0.09, -0.95
Gyro: -2.66, 6.77, 3.57
Accel: -0.06, -0.08, -0.95
Gyro: -2.02, 5.55, -0.92
Accel: -0.05, -0.07, -0.97
Gyro: -1.63, 4.41, -3.33
Accel: -0.05, -0.06, -0.96
Gyro: -2.26, 3.72, -3.72
Accel: -0.04, -0.05, -0.97
Gyro: -2.96, 1.82, -2.62
Accel: -0.05, -0.05, -0.98
Gyro: -2.69, 1.03, -1.59
Accel: -0.04, -0.06, -0.99
Gyro: -2.00, 2.15, -1.52
Accel: -0.05, -0.05, -0.98
Gyro: -1.73, 4.12, -1.34
Accel: -0.03, -0.06, -0.98
Gyro: -1.21, 4.54, -1.15
Accel: -0.03, -0.05, -0.97
Gyro: -0.68, 4.45, -0.98
Accel: -0.02, -0.06, -0.96
Gyro: 0.21, 3.01, -0.31
Accel: -0.02, -0.06, -0.95
Gyro: 0.36, 1.58, 0.34
Accel: -0.03, -0.07, -0.96
Gyro: 0.56, -0.01, 1.17
Accel: -0.03, -0.07, -0.97
Gyro: 0.85, -0.63, 1.65
Accel: -0.03, -0.09, -0.97
Gyro: 0.27, -1.70, 1.08
Accel: -0.04, -0.07, -0.98
Gyro: 1.85, -2.20, 1.25
Accel: -0.05, -0.09, -0.97
Gyro: 2.66, -2.87, 1.59
Accel: -0.06, -0.10, -0.97
Gyro: 1.21, -3.33, 1.61
Accel: -0.06, -0.10, -0.98
Gyro: 0.31, -2.46, 1.23
Accel: -0.06, -0.09, -0.97
Gyro: 0.09, -2.00, 1.08
Accel: -0.06, -0.10, -0.98
Gyro: -0.59, -1.52, 0.18
Accel: -0.05, -0.10, -0.98
Gyro: -0.72, -1.25, -0.27
Accel: -0.06, -0.10, -0.98
Gyro: -1.33, -0.46, -0.98
Accel: -0.05, -0.09, -0.97
Gyro: -1.55, 0.60, -1.48
Accel: -0.05, -0.09, -0.98
Gyro: -0.86, 0.74, -0.92
Accel: -0.05, -0.09, -0.97
Gyro: -1.72, 0.91, -1.74
Accel: -0.04, -0.09, -0.96
Gyro: -2.00, 1.00, -2.00
Accel: -0.04, -0.09, -0.97
Gyro: -1.20, 0.40, -1.86
Accel: -0.04, -0.08, -0.97
Gyro: -1.04, 0.25, -1.53
Accel: -0.04, -0.09, -0.97
Gyro: -1.32, -0.08, -0.67
Accel: -0.04, -0.09, -0.97
Gyro: -1.36, -0.69, 0.04
Accel: -0.04, -0.09, -0.97
Gyro: -1.68, -0.74, -0.05
Accel: -0.04, -0.10, -0.97
Gyro: -2.10, -0.85, -0.42
Accel: -0.05, -0.09, -0.98
Gyro: -2.24, -0.95, -1.41
Accel: -0.05, -0.10, -0.97
Gyro: -2.56, -1.17, -1.95
Accel: -0.05, -0.09, -0.97
Gyro: -3.18, -1.17, -2.30
Accel: -0.05, -0.09, -0.97
Gyro: -3.00, -1.27, -2.07
Accel: -0.05, -0.09, -0.98
Gyro: -3.83, -0.89, -2.79
Accel: -0.05, -0.07, -0.98
Gyro: -3.56, -0.65, -3.36
Accel: -0.06, -0.07, -0.98
Gyro: -1.69, -0.60, -2.19
Accel: -0.05, -0.08, -0.98
Gyro: -2.66, 0.00, -2.33
Accel: -0.05, -0.07, -0.98
Gyro: -2.24, 0.60, -1.67
Accel: -0.06, -0.08, -1.00
Gyro: -1.53, 2.37, -1.37
Accel: -0.08, -0.08, -1.04
Gyro: -1.40, 7.03, -1.05
Accel: -0.12, -0.08, -1.14
Gyro: -0.21, 21.43, -2.07
Accel: -0.18, -0.08, -1.26
Gyro: 4.46, 46.43, -4.59
Accel: -0.22, -0.07, -1.32
Gyro: 11.80, 83.34, -8.64
Accel: -0.22, -0.07, -1.31
Gyro: 17.78, 129.99, -11.91
Accel: -0.08, -0.06, -1.07
Gyro: 18.55, 156.62, -9.27
Accel: 0.03, -0.09, -0.93
Gyro: 18.22, 160.64, -5.80
Accel: 0.19, -0.13, -0.76
Gyro: 12.21, 155.45, -4.65
Accel: 0.32, -0.14, -0.68
Gyro: 4.98, 135.96, -6.36
Accel: 0.40, -0.16, -0.71
Gyro: -0.22, 121.47, -7.67
Accel: 0.54, -0.17, -0.57
Gyro: -8.13, 94.35, -8.53
Accel: 0.62, -0.15, -0.62
Gyro: -9.19, 70.42, -6.76
Accel: 0.67, -0.15, -0.60
Gyro: -15.68, 46.32, -4.50
Accel: 0.68, -0.12, -0.60
Gyro: -21.29, 27.83, -2.73
Accel: 0.67, -0.12, -0.64
Gyro: -23.24, 18.28, -2.29
Accel: 0.69, -0.11, -0.61
Gyro: -25.96, 10.70, -1.34
Accel: 0.70, -0.10, -0.66
Gyro: -18.48, -0.38, 1.38
Accel: 0.70, -0.10, -0.68
Gyro: -5.62, -8.20, 1.35
Accel: 0.72, -0.09, -0.68
Gyro: -1.30, -16.00, -1.85
Accel: 0.72, -0.08, -0.64
Gyro: 2.40, -28.61, -3.88
Accel: 0.75, -0.11, -0.53
Gyro: 8.12, -50.03, -4.41
Accel: 0.69, -0.11, -0.48
Gyro: 9.92, -82.76, -6.32
Accel: 0.61, -0.09, -0.52
Gyro: 5.60, -113.12, -6.67
Accel: 0.50, -0.13, -0.54
Gyro: 1.29, -144.78, -6.59
Accel: 0.33, -0.11, -0.74
Gyro: -7.61, -161.42, -12.08
Accel: 0.23, -0.06, -0.95
Gyro: -12.94, -158.84, -14.98
Accel: 0.10, -0.03, -1.09
Gyro: -8.61, -141.23, -9.80
Accel: -0.02, -0.08, -1.17
Gyro: -6.87, -112.77, -7.18
Accel: -0.05, -0.05, -1.15
Gyro: -3.75, -84.43, -3.82
Accel: -0.08, 0.03, -1.15
Gyro: 4.20, -63.42, 7.98
Accel: -0.11, -0.08, -1.09
Gyro: 6.97, -41.65, 17.83
Accel: -0.08, -0.12, -1.01
Gyro: -1.57, -35.93, 12.54
Accel: -0.09, -0.11, -0.96
Gyro: -3.95, -36.30, 5.14
Accel: -0.11, -0.06, -0.95
Gyro: -3.11, -38.80, 2.35
Accel: -0.14, -0.05, -1.00
Gyro: -2.90, -38.12, 5.71
Accel: -0.17, -0.07, -1.03
Gyro: -6.56, -30.79, 8.94
Accel: -0.17, -0.09, -1.02
Gyro: -9.32, -23.25, 7.89
Accel: -0.18, -0.09, -1.01
Gyro: -8.51, -17.49, 4.69
Accel: -0.18, -0.09, -1.03
Gyro: -6.94, -11.28, 1.94
Accel: -0.17, -0.09, -1.00
Gyro: -4.56, -5.65, -0.54
Accel: -0.15, -0.08, -0.99
Gyro: -4.75, -3.17, -2.77
Accel: -0.13, -0.06, -0.99
Gyro: -6.78, -1.76, -3.32
Accel: -0.12, -0.07, -0.96
Gyro: -8.16, -1.49, -1.66
Accel: -0.12, -0.06, -0.97
Gyro: -9.81, -3.68, -1.31
Accel: -0.14, -0.04, -1.03
Gyro: -10.03, 0.97, -2.18
Accel: -0.12, -0.05, -1.00
Gyro: -5.50, 4.75, -3.54
Accel: -0.10, -0.04, -0.98
Gyro: -4.63, 5.53, -4.88
Accel: -0.09, -0.02, -0.95
Gyro: -3.04, 3.85, -3.97
Accel: -0.08, -0.03, -0.96
Gyro: -1.11, 2.20, -2.54
