Accel: -0.29, -0.11, -0.92
Gyro: 0.57, 3.55, 5.51
Accel: -0.29, -0.13, -0.94
Gyro: -0.77, 3.91, 2.93
Accel: -0.29, -0.12, -0.92
Gyro: -1.50, 4.83, -1.02
Accel: -0.29, -0.10, -0.93
Gyro: -0.20, 3.63, -3.07
Accel: -0.28, -0.09, -0.93
Gyro: 0.32, 2.98, -3.23
Accel: -0.29, -0.08, -0.92
Gyro: 0.26, 1.87, -1.54
Accel: -0.29, -0.08, -0.92
Gyro: 0.72, 0.73, 0.86
Accel: -0.29, -0.08, -0.93
Gyro: -1.09, 0.69, 2.56
Accel: -0.29, -0.08, -0.93
Gyro: -1.01, 0.43, 4.93
Accel: -0.30, -0.10, -0.93
Gyro: -2.60, -0.08, 5.35
Accel: -0.30, -0.10, -0.94
Gyro: -4.05, 0.67, 4.70
Accel: -0.30, -0.10, -0.94
Gyro: -4.43, 1.94, 3.12
Accel: -0.29, -0.10, -0.93
Gyro: -3.82, 2.76, 1.49
Accel: -0.29, -0.09, -0.94
Gyro: -4.21, 3.05, 0.50
Accel: -0.29, -0.08, -0.93
Gyro: -4.31, 2.85, -0.04
Accel: -0.29, -0.08, -0.93
Gyro: -4.82, 3.13, -0.76
Accel: -0.28, -0.08, -0.93
Gyro: -4.99, 3.43, -1.90
Accel: -0.28, -0.09, -0.93
Gyro: -4.88, 3.01, -2.75
Accel: -0.28, -0.09, -0.93
Gyro: -5.62, 2.91, -4.10
Accel: -0.28, -0.09, -0.93
Gyro: -6.11, 3.26, -6.23
Accel: -0.27, -0.07, -0.94
Gyro: -5.69, 3.27, -7.83
Accel: -0.28, -0.08, -0.95
Gyro: -5.66, 3.60, -8.97
Accel: -0.28, -0.07, -0.95
Gyro: -5.20, 5.10, -9.25
Accel: -0.29, -0.07, -1.00
Gyro: -3.88, 7.42, -10.65
Accel: -0.31, -0.08, -1.05
Gyro: -3.68, 17.67, -12.77
Accel: -0.37, -0.07, -1.13
Gyro: -0.69, 31.72, -16.06
Accel: -0.43, -0.06, -1.31
Gyro: -0.02, 69.37, -19.38
Accel: -0.40, -0.04, -1.24
Gyro: 14.48, 99.27, -22.48
Accel: -0.37, -0.04, -1.21
Gyro: 20.03, 129.59, -22.96
Accel: -0.20, -0.06, -0.95
Gyro: 20.98, 144.74, -20.83
Accel: -0.05, -0.07, -0.78
Gyro: 22.06, 138.82, -18.13
Accel: 0.19, -0.14, -0.54
Gyro: 17.68, 104.57, -18.89
Accel: 0.26, -0.11, -0.64
Gyro: 12.70, 63.54, -19.95
Accel: 0.28, -0.12, -0.72
Gyro: 7.21, 42.17, -17.99
Accel: 0.32, -0.14, -0.73
Gyro: 3.07, 20.96, -16.66
Accel: 0.33, -0.15, -0.75
Gyro: -4.24, 2.37, -13.75
Accel: 0.33, -0.17, -0.75
Gyro: -13.10, -16.63, -13.53
Accel: 0.34, -0.14, -0.67
Gyro: -20.00, -41.85, -12.41
Accel: 0.33, -0.08, -0.59
Gyro: -23.14, -80.07, -5.99
Accel: 0.24, -0.07, -0.78
Gyro: -23.38, -114.71, 0.92
Accel: 0.07, -0.07, -0.98
Gyro: -20.18, -117.17, 4.77
Accel: -0.03, -0.09, -1.11
Gyro: -12.91, -102.17, 6.42
Accel: -0.09, -0.12, -1.17
Gyro: -12.08, -78.50, 3.33
Accel: -0.13, -0.13, -1.14
Gyro: -8.77, -56.08, -2.58
Accel: -0.16, -0.10, -1.14
Gyro: -1.40, -38.52, -6.90
Accel: -0.17, -0.13, -1.11
Gyro: 2.19, -22.94, -11.60
Accel: -0.17, -0.12, -1.04
Gyro: 1.24, -12.58, -15.35
Accel: -0.15, -0.11, -0.99
Gyro: -0.95, -7.55, -15.83
Accel: -0.16, -0.09, -0.97
Gyro: -2.36, -5.62, -13.84
Accel: -0.15, -0.08, -0.94
Gyro: -2.87, -5.82, -10.41
Accel: -0.16, -0.08, -0.92
Gyro: -5.00, -7.05, -6.60
Accel: -0.17, -0.09, -0.94
Gyro: -5.94, -8.68, -4.30
Accel: -0.18, -0.09, -0.92
Gyro: -5.39, -10.67, -3.66
Accel: -0.21, -0.09, -0.93
Gyro: -3.92, -11.89, -3.32
Accel: -0.22, -0.10, -0.95
Gyro: -4.17, -10.92, -3.59
Accel: -0.23, -0.07, -0.97
Gyro: -4.92, -9.32, -4.13
Accel: -0.23, -0.08, -0.95
Gyro: -4.39, -8.72, -3.07
Accel: -0.24, -0.09, -0.96
Gyro: -6.34, -7.74, -2.46
Accel: -0.22, -0.11, -0.94
Gyro: -12.02, -7.53, -3.82
Accel: -0.21, -0.06, -0.96
Gyro: -15.75, -7.64, -1.23
Accel: -0.21, -0.08, -0.97
Gyro: -13.17, -6.36, -3.97
Accel: -0.21, -0.05, -1.01
Gyro: -9.58, -2.11, -5.20
Accel: -0.19, -0.03, -0.99
Gyro: -10.48, 1.25, -2.82
Accel: -0.18, -0.02, -0.96
Gyro: -10.40, 2.09, 0.91
Accel: -0.17, -0.01, -0.98
Gyro: -8.23, 3.16, 3.92
Accel: -0.16, -0.04, -0.97
Gyro: -7.55, 2.86, 4.34
Accel: -0.17, -0.04, -0.96
Gyro: -6.24, 2.75, 1.59
Accel: -0.16, -0.03, -0.96
Gyro: -3.75, 2.75, 0.11
Accel: -0.15, -0.02, -0.95
Gyro: -1.86, 1.75, -0.02
Accel: -0.16, -0.02, -0.94
Gyro: -1.12, -0.21, 0.82
Accel: -0.17, -0.01, -0.95
Gyro: -0.90, -1.85, 3.67
Accel: -0.18, -0.02, -0.97
Gyro: -0.72, -2.40, 6.19
Accel: -0.19, -0.03, -0.97
Gyro: -0.56, -0.10, 7.74
Accel: -0.19, -0.04, -0.96
Gyro: -0.57, 0.63, 8.23
Accel: -0.19, -0.03, -0.96
Gyro: -0.60, 0.60, 8.68
Accel: -0.20, -0.04, -0.95
Gyro: -0.38, -0.31, 8.33
Accel: -0.20, -0.05, -0.95
Gyro: -1.43, -1.05, 6.73
Accel: -0.21, -0.04, -0.94
Gyro: -1.25, -1.51, 5.42
Accel: -0.21, -0.05, -0.96
Gyro: -2.21, -1.14, 3.87
Accel: -0.21, -0.02, -0.97
Gyro: -1.64, -0.08, 3.34
Accel: -0.21, -0.03, -0.97
Gyro: 0.34, 0.13, 3.81
Accel: -0.21, -0.03, -0.97
Gyro: -0.42, 1.71, 4.44
Accel: -0.20, -0.03, -0.96
Gyro: -0.50, 3.21, 5.48
Accel: -0.19, -0.03, -0.96
Gyro: -0.17, 3.48, 6.65
Accel: -0.18, -0.03, -0.96
Gyro: -0.48, 4.24, 7.41
Accel: -0.17, -0.04, -0.96
Gyro: -0.02, 4.57, 7.32
Accel: -0.17, -0.05, -0.98
Gyro: 0.10, 4.75, 6.52
Accel: -0.17, -0.06, -0.97
Gyro: -0.78, 5.03, 4.20
Accel: -0.17, -0.06, -0.97
Gyro: -0.63, 5.00, 2.63
Accel: -0.17, -0.06, -0.97
Gyro: -2.21, 4.32, 0.60
Accel: -0.16, -0.05, -0.96
Gyro: -4.48, 3.93, -1.59
Accel: -0.15, -0.03, -0.96
Gyro: -4.83, 3.46, -2.72
Accel: -0.15, -0.03, -0.96
Gyro: -4.16, 2.73, -3.49
Accel: -0.15, -0.02, -0.95
Gyro: -3.62, 1.79, -3.62
Accel: -0.14, -0.02, -0.96
Gyro: -3.01, 1.05, -3.78
Accel: -0.16, -0.02, -0.97
Gyro: -2.07, 1.85, -4.52
Accel: -0.15, -0.02, -0.96
Gyro: -0.88, 1.50, -5.95
Accel: -0.16, -0.02, -0.96
Gyro: -0.62, 0.72, -6.44
Accel: -0.16, -0.01, -0.96
Gyro: 1.08, 0.05, -5.72
Accel: -0.16, -0.02, -0.96
Gyro: 1.44, -0.20, -4.05
Accel: -0.16, -0.02, -0.96
Gyro: 1.22, -0.54, -2.08
