Accel: -0.24, -0.07, -0.93
Gyro: -1.43, 2.47, -1.66
Accel: -0.24, -0.06, -0.94
Gyro: -1.62, 1.75, -1.79
Accel: -0.24, -0.08, -0.94
Gyro: -1.29, 1.27, -1.61
Accel: -0.25, -0.07, -0.93
Gyro: -1.80, 0.84, -1.48
Accel: -0.25, -0.06, -0.94
Gyro: -1.27, 0.21, -0.66
Accel: -0.25, -0.06, -0.93
Gyro: -1.17, -0.04, -0.56
Accel: -0.25, -0.08, -0.95
Gyro: -0.53, 0.42, -0.30
Accel: -0.25, -0.08, -0.94
Gyro: -1.72, 0.18, -1.23
Accel: -0.26, -0.06, -0.94
Gyro: -0.82, 0.08, -1.11
Accel: -0.26, -0.08, -0.94
Gyro: -0.22, -0.40, -1.01
Accel: -0.25, -0.08, -0.95
Gyro: -0.98, -0.42, -0.72
Accel: -0.25, -0.08, -0.94
Gyro: -0.82, 0.37, -0.53
Accel: -0.25, -0.08, -0.94
Gyro: -0.80, 0.71, -0.20
Accel: -0.24, -0.08, -0.93
Gyro: -1.07, 0.49, -0.73
Accel: -0.24, -0.08, -0.93
Gyro: -1.46, 0.05, -1.24
Accel: -0.24, -0.09, -0.95
Gyro: -1.97, -0.16, -1.34
Accel: -0.24, -0.07, -0.95
Gyro: -2.87, 0.31, -2.08
Accel: -0.25, -0.08, -0.95
Gyro: -1.75, 0.66, -1.79
Accel: -0.24, -0.08, -0.93
Gyro: -1.96, 1.04, -1.98
Accel: -0.24, -0.08, -0.94
Gyro: -2.82, 1.14, -2.11
Accel: -0.26, -0.07, -0.96
Gyro: -2.17, 1.30, -2.30
Accel: -0.27, -0.07, -1.01
Gyro: -1.45, 5.89, -2.19
Accel: -0.29, -0.06, -1.04
Gyro: 0.82, 16.00, -3.24
Accel: -0.31, -0.04, -1.07
Gyro: 5.03, 29.99, -2.90
Accel: -0.30, -0.05, -1.10
Gyro: 13.63, 42.69, -3.59
Accel: -0.34, -0.07, -1.22
Gyro: 20.91, 70.19, -6.71
Accel: -0.24, -0.08, -1.02
Gyro: 29.47, 82.68, -9.81
Accel: -0.24, -0.10, -1.13
Gyro: 27.06, 102.81, -10.38
Accel: -0.10, -0.07, -0.97
Gyro: 22.56, 117.27, -4.85
Accel: 0.04, -0.10, -0.76
Gyro: 23.15, 106.66, 5.61
Accel: 0.15, -0.18, -0.70
Gyro: 12.01, 82.91, 8.90
Accel: 0.20, -0.19, -0.72
Gyro: 7.80, 53.88, 8.85
Accel: 0.21, -0.21, -0.78
Gyro: 2.68, 33.37, 7.00
Accel: 0.22, -0.19, -0.84
Gyro: -0.35, 19.31, 5.12
Accel: 0.20, -0.21, -0.94
Gyro: -2.40, 15.69, 3.29
Accel: 0.21, -0.21, -0.90
Gyro: -1.79, 11.98, 0.20
Accel: 0.20, -0.19, -0.91
Gyro: -1.30, 6.83, -1.58
Accel: 0.21, -0.19, -0.93
Gyro: -2.67, 5.16, -1.24
Accel: 0.22, -0.19, -0.89
Gyro: -2.02, 1.04, -0.67
Accel: 0.21, -0.18, -0.93
Gyro: -1.65, -3.34, 0.16
Accel: 0.21, -0.18, -0.95
Gyro: 0.12, -3.63, 1.49
Accel: 0.21, -0.18, -0.93
Gyro: 0.17, -3.30, 1.41
Accel: 0.21, -0.19, -0.92
Gyro: 0.34, -5.06, 2.59
Accel: 0.20, -0.19, -0.92
Gyro: -1.40, -7.85, 2.48
Accel: 0.18, -0.18, -0.92
Gyro: -2.53, -10.42, 2.84
Accel: 0.18, -0.17, -0.92
Gyro: -2.52, -12.34, 3.65
Accel: 0.17, -0.16, -0.92
Gyro: -0.85, -15.84, 5.58
Accel: 0.14, -0.16, -0.94
Gyro: 0.83, -17.47, 9.19
Accel: 0.10, -0.19, -0.98
Gyro: 0.28, -15.92, 12.76
Accel: 0.09, -0.21, -0.98
Gyro: -5.97, -11.08, 13.69
Accel: 0.10, -0.20, -0.97
Gyro: -6.75, -10.48, 11.54
Accel: 0.10, -0.21, -0.94
Gyro: -6.78, -10.77, 8.01
Accel: 0.12, -0.21, -0.90
Gyro: -6.13, -16.17, 4.89
Accel: 0.13, -0.18, -0.86
Gyro: -6.79, -26.89, 4.84
Accel: 0.13, -0.18, -0.80
Gyro: -9.80, -40.29, 7.80
Accel: 0.13, -0.17, -0.72
Gyro: -14.70, -62.28, 8.90
Accel: 0.10, -0.16, -0.67
Gyro: -16.27, -91.59, 8.47
Accel: -0.02, -0.15, -0.83
Gyro: -17.89, -109.74, 7.77
Accel: -0.10, -0.15, -0.92
Gyro: -19.45, -113.45, 5.42
Accel: -0.18, -0.17, -0.99
Gyro: -17.89, -111.14, 3.06
Accel: -0.28, -0.14, -1.09
Gyro: -17.40, -96.20, -0.78
Accel: -0.31, -0.11, -1.18
Gyro: -4.50, -70.79, -6.41
Accel: -0.40, -0.16, -1.08
Gyro: -4.36, -54.14, -5.62
Accel: -0.41, -0.15, -1.03
Gyro: -6.26, -36.90, -8.58
Accel: -0.39, -0.12, -0.99
Gyro: 3.91, -26.94, -8.70
Accel: -0.40, -0.13, -0.96
Gyro: -0.56, -19.17, -7.58
Accel: -0.40, -0.13, -0.96
Gyro: -2.70, -12.64, -6.77
Accel: -0.40, -0.12, -0.94
Gyro: -5.59, -5.82, -3.47
Accel: -0.39, -0.13, -0.90
Gyro: -5.07, -3.85, -1.53
Accel: -0.38, -0.13, -0.90
Gyro: -5.60, -1.77, -1.09
Accel: -0.37, -0.13, -0.89
Gyro: -6.42, -0.47, -2.37
Accel: -0.38, -0.12, -0.88
Gyro: -5.90, -0.88, -3.81
Accel: -0.38, -0.11, -0.90
Gyro: -5.61, -0.71, -4.33
Accel: -0.39, -0.11, -0.91
Gyro: -5.84, 0.26, -3.29
Accel: -0.38, -0.11, -0.90
Gyro: -5.38, 1.10, -0.88
Accel: -0.38, -0.13, -0.91
Gyro: -7.13, 1.65, 0.76
Accel: -0.37, -0.13, -0.92
Gyro: -9.47, 3.08, -0.56
Accel: -0.35, -0.13, -0.93
Gyro: -9.31, 5.36, -2.34
Accel: -0.34, -0.12, -0.93
Gyro: -8.06, 6.90, -3.85
Accel: -0.33, -0.11, -0.92
Gyro: -6.97, 7.10, -4.17
Accel: -0.31, -0.10, -0.92
Gyro: -6.44, 7.45, -4.38
Accel: -0.31, -0.10, -0.90
Gyro: -6.16, 5.75, -4.27
Accel: -0.30, -0.10, -0.91
Gyro: -5.55, 4.18, -3.85
Accel: -0.30, -0.09, -0.91
Gyro: -6.12, 3.07, -4.01
Accel: -0.31, -0.09, -0.90
Gyro: -4.37, 1.93, -3.11
Accel: -0.31, -0.09, -0.90
Gyro: -3.73, -0.37, -2.21
Accel: -0.32, -0.09, -0.91
Gyro: -4.77, -1.53, -0.65
Accel: -0.33, -0.09, -0.90
Gyro: -4.98, -2.04, -0.25
Accel: -0.34, -0.10, -0.92
Gyro: -4.70, -2.34, -0.70
Accel: -0.34, -0.10, -0.90
Gyro: -3.95, -1.59, -1.71
Accel: -0.34, -0.10, -0.91
Gyro: -3.72, -1.58, -2.72
Accel: -0.34, -0.10, -0.92
Gyro: -3.30, -2.20, -2.88
Accel: -0.35, -0.09, -0.92
Gyro: -4.12, -1.46, -3.14
Accel: -0.35, -0.08, -0.93
Gyro: -2.47, -0.43, -2.23
Accel: -0.34, -0.09, -0.92
Gyro: -3.28, 0.87, -1.79
Accel: -0.34, -0.09, -0.92
Gyro: -3.34, 1.91, -1.69
Accel: -0.34, -0.09, -0.92
Gyro: -2.80, 2.56, -1.63
Accel: -0.33, -0.08, -0.92
Gyro: -1.92, 3.06, -1.66
Accel: -0.33, -0.09, -0.93
Gyro: -1.91, 3.71, -1.70
Accel: -0.32, -0.09, -0.92
Gyro: -1.59, 3.73, -1.45
Accel: -0.31, -0.10, -0.91
Gyro: -1.76, 3.76, -1.43
