Accel: 0.20, 0.03, -0.94
Gyro: -4.04, -0.42, -1.95
Accel: 0.20, 0.04, -0.95
Gyro: -4.52, -0.21, -1.79
Accel: 0.20, 0.04, -0.96
Gyro: -4.23, 0.24, -1.81
Accel: 0.21, 0.04, -0.94
Gyro: -4.24, 0.29, -1.98
Accel: 0.21, 0.05, -0.95
Gyro: -4.06, -0.23, -1.81
Accel: 0.21, 0.05, -0.94
Gyro: -4.17, -0.24, -1.46
Accel: 0.21, 0.05, -0.95
Gyro: -4.09, -0.04, -1.20
Accel: 0.21, 0.04, -0.94
Gyro: -3.64, -0.29, -1.20
Accel: 0.22, 0.03, -0.95
Gyro: -3.69, -0.60, -1.79
Accel: 0.21, 0.04, -0.95
Gyro: -4.03, -1.23, -2.20
Accel: 0.21, 0.03, -0.94
Gyro: -4.82, -0.84, -2.79
Accel: 0.21, 0.00, -0.95
Gyro: -7.26, -0.69, -4.91
Accel: 0.21, -0.02, -0.93
Gyro: -12.30, -1.33, -8.06
Accel: 0.21, -0.01, -0.93
Gyro: -21.29, -2.75, -11.08
Accel: 0.21, -0.03, -0.93
Gyro: -31.04, -3.54, -12.60
Accel: 0.21, -0.01, -0.94
Gyro: -39.33, -4.88, -15.80
Accel: 0.20, -0.02, -0.94
Gyro: -47.08, -5.42, -20.87
Accel: 0.18, 0.01, -0.94
Gyro: -54.39, -4.28, -28.42
Accel: 0.18, -0.01, -0.93
Gyro: -61.13, 0.02, -37.56
Accel: 0.16, 0.04, -0.91
Gyro: -65.34, -0.71, -45.45
Accel: 0.15, 0.10, -0.91
Gyro: -70.27, 1.50, -53.41
Accel: 0.15, 0.17, -0.89
Gyro: -73.60, 1.84, -59.02
Accel: 0.13, 0.25, -0.85
Gyro: -77.08, 2.02, -62.54
Accel: 0.11, 0.32, -0.85
Gyro: -76.73, 0.16, -63.26
Accel: 0.11, 0.31, -0.84
Gyro: -81.18, 1.07, -64.87
Accel: 0.10, 0.39, -0.79
Gyro: -85.43, 1.77, -64.61
Accel: 0.10, 0.43, -0.73
Gyro: -89.10, -1.06, -66.36
Accel: 0.08, 0.56, -0.72
Gyro: -88.80, -3.17, -65.49
Accel: 0.07, 0.80, -0.68
Gyro: -80.32, -6.32, -60.59
Accel: 0.03, 0.91, -0.70
Gyro: -59.17, -13.76, -50.23
Accel: 0.00, 0.94, -0.74
Gyro: -39.26, -14.08, -34.36
Accel: -0.01, 0.86, -0.75
Gyro: -27.47, -13.18, -20.15
Accel: -0.02, 0.84, -0.77
Gyro: -23.48, -7.71, -8.32
Accel: -0.02, 0.80, -0.72
Gyro: -20.73, -4.14, -0.14
Accel: -0.02, 0.81, -0.73
Gyro: -15.51, 0.02, 5.06
Accel: -0.01, 0.78, -0.71
Gyro: -9.29, 3.56, 7.64
Accel: 0.01, 0.74, -0.69
Gyro: -3.85, 3.62, 6.09
Accel: 0.02, 0.76, -0.69
Gyro: 2.27, 3.03, 4.52
Accel: 0.02, 0.77, -0.70
Gyro: 9.08, 3.15, 4.79
Accel: 0.01, 0.79, -0.71
Gyro: 16.38, 4.70, 6.44
Accel: 0.03, 0.84, -0.71
Gyro: 26.81, 5.77, 12.24
Accel: 0.03, 0.80, -0.71
Gyro: 38.80, 6.07, 19.20
Accel: 0.04, 0.77, -0.71
Gyro: 48.90, 3.44, 23.44
Accel: 0.06, 0.69, -0.72
Gyro: 58.36, 2.43, 27.61
Accel: 0.05, 0.64, -0.75
Gyro: 63.03, 0.14, 28.79
Accel: 0.06, 0.61, -0.79
Gyro: 67.41, -0.14, 31.32
Accel: 0.07, 0.55, -0.82
Gyro: 69.19, 2.53, 35.33
Accel: 0.09, 0.51, -0.81
Gyro: 68.02, 4.91, 37.58
Accel: 0.10, 0.49, -0.84
Gyro: 69.61, 3.14, 42.64
Accel: 0.12, 0.36, -0.84
Gyro: 69.02, 2.64, 43.91
Accel: 0.14, 0.32, -0.85
Gyro: 62.89, 2.70, 40.20
Accel: 0.14, 0.30, -0.86
Gyro: 61.11, 1.33, 40.57
Accel: 0.15, 0.21, -0.87
Gyro: 58.11, 0.44, 39.05
Accel: 0.15, 0.21, -0.89
Gyro: 51.17, -0.47, 34.45
Accel: 0.17, 0.20, -0.92
Gyro: 49.94, -1.55, 34.48
Accel: 0.15, 0.10, -0.95
Gyro: 46.26, 4.88, 26.28
Accel: 0.17, 0.23, -0.86
Gyro: 41.24, 4.81, 19.04
Accel: 0.19, 0.21, -0.86
Gyro: 52.64, -3.28, 25.46
Accel: 0.18, 0.05, -0.90
Gyro: 55.34, -8.24, 27.18
Accel: 0.17, -0.04, -0.95
Gyro: 46.58, -7.66, 22.16
Accel: 0.16, -0.05, -0.96
Gyro: 35.84, -5.07, 17.26
Accel: 0.16, -0.07, -0.96
Gyro: 26.12, -3.23, 14.08
Accel: 0.16, -0.07, -0.97
Gyro: 16.81, -1.98, 11.21
Accel: 0.16, -0.07, -0.97
Gyro: 8.77, -0.40, 7.87
Accel: 0.18, -0.07, -0.96
Gyro: 3.42, 0.27, 5.08
Accel: 0.17, -0.05, -0.95
Gyro: -0.85, -1.00, 2.12
Accel: 0.17, -0.04, -0.97
Gyro: -2.69, -1.46, 0.47
Accel: 0.17, -0.03, -0.97
Gyro: -1.56, 0.68, -1.83
Accel: 0.17, -0.02, -0.95
Gyro: -1.85, 0.83, -4.59
Accel: 0.17, 0.02, -0.95
Gyro: -1.10, -0.29, -4.74
Accel: 0.17, 0.02, -0.95
Gyro: -0.60, -0.02, -3.53
Accel: 0.17, 0.02, -0.95
Gyro: -1.21, 0.11, -2.69
Accel: 0.17, 0.03, -0.95
Gyro: -1.34, -0.04, -0.43
Accel: 0.18, 0.01, -0.96
Gyro: -1.23, 0.51, 1.50
Accel: 0.18, -0.00, -0.95
Gyro: -2.25, 0.92, 1.37
Accel: 0.17, -0.00, -0.95
Gyro: -2.82, 0.21, 1.24
Accel: 0.18, 0.00, -0.96
Gyro: -3.32, 0.47, 0.86
Accel: 0.18, -0.02, -0.95
Gyro: -4.52, 1.05, -0.40
Accel: 0.18, 0.01, -0.96
Gyro: -6.00, 0.24, -1.59
Accel: 0.18, 0.02, -0.97
Gyro: -5.89, 0.82, -1.35
Accel: 0.18, 0.01, -0.96
Gyro: -6.08, 1.57, -1.68
Accel: 0.19, 0.02, -0.94
Gyro: -7.05, 0.47, -3.14
Accel: 0.18, 0.04, -0.94
Gyro: -6.82, -0.63, -3.65
Accel: 0.18, 0.04, -0.96
Gyro: -5.52, -1.08, -3.68
Accel: 0.18, 0.04, -0.96
Gyro: -4.60, -1.03, -3.44
Accel: 0.18, 0.05, -0.95
Gyro: -3.65, -0.69, -2.46
Accel: 0.19, 0.04, -0.96
Gyro: -3.31, -0.64, -1.79
Accel: 0.18, 0.05, -0.94
Gyro: -3.18, -1.45, -1.05
Accel: 0.18, 0.04, -0.95
Gyro: -3.13, -1.64, -0.53
Accel: 0.18, 0.03, -0.96
Gyro: -2.39, -1.59, 0.24
Accel: 0.17, 0.02, -0.96
Gyro: -2.66, -1.22, 0.28
Accel: 0.18, 0.03, -0.96
Gyro: -2.99, -0.57, -0.14
Accel: 0.18, 0.03, -0.96
Gyro: -2.75, 0.34, -0.56
Accel: 0.18, 0.03, -0.94
Gyro: -2.98, 0.14, -1.38
Accel: 0.17, 0.03, -0.96
Gyro: -2.89, -0.38, -1.58
Accel: 0.19, 0.03, -0.96
Gyro: -3.40, -0.39, -1.84
Accel: 0.19, 0.04, -0.96
Gyro: -3.98, -0.37, -1.71
Accel: 0.18, 0.04, -0.96
Gyro: -4.19, -0.33, -1.24
Accel: 0.18, 0.04, -0.95
Gyro: -4.37, -0.31, -0.97
Accel: 0.18, 0.04, -0.95
Gyro: -4.52, -0.79, -0.79
Accel: 0.18, 0.04, -0.96
Gyro: -4.35, -0.45, -0.79
