Accel: 0.19, 0.05, -0.95
Gyro: -3.10, -0.24, -1.59
Accel: 0.18, 0.06, -0.95
Gyro: -3.24, -0.90, -1.53
Accel: 0.18, 0.06, -0.95
Gyro: -3.12, -0.68, -1.21
Accel: 0.19, 0.05, -0.95
Gyro: -2.82, -0.18, -1.06
Accel: 0.19, 0.05, -0.94
Gyro: -2.64, -0.25, -1.40
Accel: 0.18, 0.06, -0.96
Gyro: -2.68, -0.40, -1.30
Accel: 0.18, 0.05, -0.96
Gyro: -2.34, -0.03, -0.78
Accel: 0.19, 0.05, -0.96
Gyro: -2.72, -0.05, -0.95
Accel: 0.19, 0.04, -0.95
Gyro: -3.08, 0.14, -1.33
Accel: 0.19, 0.04, -0.94
Gyro: -4.07, -0.29, -2.22
Accel: 0.18, 0.05, -0.96
Gyro: -4.81, -0.74, -2.90
Accel: 0.18, 0.00, -0.97
Gyro: -6.10, -0.25, -4.56
Accel: 0.18, -0.00, -0.94
Gyro: -10.43, 0.27, -8.05
Accel: 0.18, -0.02, -0.95
Gyro: -16.43, 0.52, -11.39
Accel: 0.18, -0.03, -0.95
Gyro: -22.81, 0.82, -15.95
Accel: 0.18, -0.05, -0.95
Gyro: -31.28, 1.40, -22.34
Accel: 0.17, -0.03, -0.95
Gyro: -40.87, 2.24, -29.50
Accel: 0.18, 0.00, -0.92
Gyro: -48.50, 2.16, -35.95
Accel: 0.17, 0.04, -0.90
Gyro: -52.35, 1.42, -41.22
Accel: 0.16, 0.06, -0.91
Gyro: -60.09, 0.95, -48.93
Accel: 0.15, 0.15, -0.91
Gyro: -65.60, 1.66, -53.46
Accel: 0.14, 0.16, -0.90
Gyro: -68.00, 1.95, -56.98
Accel: 0.13, 0.17, -0.88
Gyro: -74.63, 1.66, -63.77
Accel: 0.11, 0.21, -0.83
Gyro: -79.01, 2.27, -68.13
Accel: 0.10, 0.21, -0.79
Gyro: -89.18, 0.33, -78.06
Accel: 0.08, 0.41, -0.79
Gyro: -96.25, -0.46, -82.48
Accel: 0.07, 0.58, -0.74
Gyro: -91.94, -2.95, -77.06
Accel: 0.04, 0.73, -0.73
Gyro: -83.45, -7.64, -68.41
Accel: 0.02, 0.86, -0.75
Gyro: -68.75, -10.93, -54.47
Accel: 0.01, 0.90, -0.76
Gyro: -50.50, -9.12, -36.19
Accel: 0.01, 0.86, -0.76
Gyro: -34.62, -8.55, -23.18
Accel: 0.01, 0.80, -0.74
Gyro: -23.76, -6.81, -13.08
Accel: -0.00, 0.74, -0.71
Gyro: -18.73, -8.55, -7.71
Accel: -0.02, 0.76, -0.76
Gyro: -15.93, -7.23, -2.49
Accel: -0.02, 0.77, -0.76
Gyro: -13.49, -2.27, 2.84
Accel: -0.01, 0.77, -0.73
Gyro: -10.12, 1.32, 6.65
Accel: -0.01, 0.78, -0.72
Gyro: -3.65, 1.78, 10.29
Accel: 0.00, 0.78, -0.71
Gyro: 4.89, 1.68, 13.88
Accel: 0.01, 0.76, -0.72
Gyro: 12.92, 1.46, 16.12
Accel: 0.02, 0.78, -0.73
Gyro: 22.99, 2.00, 18.72
Accel: 0.03, 0.78, -0.74
Gyro: 32.44, 4.74, 23.09
Accel: 0.03, 0.72, -0.72
Gyro: 40.30, 4.62, 27.51
Accel: 0.04, 0.68, -0.73
Gyro: 45.90, 1.56, 29.10
Accel: 0.05, 0.64, -0.77
Gyro: 51.77, 0.65, 30.72
Accel: 0.06, 0.60, -0.80
Gyro: 55.54, 2.14, 33.22
Accel: 0.07, 0.58, -0.81
Gyro: 58.04, 3.94, 35.54
Accel: 0.08, 0.54, -0.83
Gyro: 59.55, 6.69, 38.57
Accel: 0.09, 0.50, -0.85
Gyro: 61.79, 9.25, 41.11
Accel: 0.11, 0.48, -0.83
Gyro: 64.38, 10.21, 44.48
Accel: 0.13, 0.38, -0.85
Gyro: 66.08, 10.48, 47.11
Accel: 0.15, 0.37, -0.84
Gyro: 63.55, 11.15, 47.78
Accel: 0.16, 0.32, -0.84
Gyro: 64.19, 8.43, 51.51
Accel: 0.18, 0.23, -0.84
Gyro: 61.23, 6.68, 52.40
Accel: 0.19, 0.22, -0.84
Gyro: 56.38, 3.56, 52.33
Accel: 0.20, 0.14, -0.87
Gyro: 53.26, 0.45, 53.64
Accel: 0.22, 0.06, -0.89
Gyro: 45.97, -2.23, 49.51
Accel: 0.21, 0.05, -0.89
Gyro: 38.02, -5.45, 45.19
Accel: 0.22, -0.02, -0.92
Gyro: 33.00, -7.88, 39.75
Accel: 0.21, -0.07, -0.93
Gyro: 26.07, -7.99, 29.62
Accel: 0.21, -0.07, -0.94
Gyro: 19.17, -7.55, 19.23
Accel: 0.20, -0.03, -0.95
Gyro: 14.58, -7.62, 12.73
Accel: 0.20, -0.04, -0.96
Gyro: 12.08, -6.19, 7.90
Accel: 0.20, -0.05, -0.97
Gyro: 9.23, -4.03, 1.02
Accel: 0.20, -0.03, -0.96
Gyro: 7.07, -3.05, -4.27
Accel: 0.20, -0.03, -0.97
Gyro: 4.46, -1.47, -8.14
Accel: 0.20, 0.00, -0.95
Gyro: 1.75, -0.41, -10.57
Accel: 0.19, 0.04, -0.96
Gyro: 0.71, -1.14, -9.48
Accel: 0.19, 0.03, -0.95
Gyro: 0.63, -1.14, -7.39
Accel: 0.20, 0.04, -0.96
Gyro: 0.25, -0.52, -4.81
Accel: 0.20, 0.04, -0.95
Gyro: -0.37, -0.62, -2.53
Accel: 0.20, 0.04, -0.95
Gyro: -1.41, -0.24, -0.71
Accel: 0.19, 0.01, -0.95
Gyro: -2.33, -0.04, 0.10
Accel: 0.20, 0.01, -0.95
Gyro: -3.44, -0.73, -0.28
Accel: 0.20, 0.02, -0.95
Gyro: -4.62, -0.55, -1.30
Accel: 0.20, 0.02, -0.94
Gyro: -5.43, -0.24, -2.21
Accel: 0.19, 0.05, -0.95
Gyro: -5.68, -0.37, -2.60
Accel: 0.20, 0.05, -0.96
Gyro: -4.81, 0.30, -2.04
Accel: 0.21, 0.05, -0.95
Gyro: -4.28, 1.18, -1.98
Accel: 0.20, 0.05, -0.94
Gyro: -4.05, 0.62, -1.94
Accel: 0.21, 0.05, -0.94
Gyro: -3.83, -0.08, -1.64
Accel: 0.21, 0.06, -0.96
Gyro: -3.84, 0.51, -1.78
Accel: 0.21, 0.05, -0.95
Gyro: -3.55, 0.64, -1.43
Accel: 0.21, 0.05, -0.94
Gyro: -3.99, -0.27, -1.44
Accel: 0.21, 0.05, -0.95
Gyro: -3.94, -1.08, -1.40
Accel: 0.21, 0.05, -0.94
Gyro: -3.12, -0.80, -1.10
Accel: 0.21, 0.05, -0.95
Gyro: -2.85, -1.46, -1.11
Accel: 0.21, 0.05, -0.95
Gyro: -2.56, -2.05, -0.86
Accel: 0.20, 0.04, -0.96
Gyro: -2.59, -1.48, -1.22
Accel: 0.20, 0.03, -0.96
Gyro: -3.30, -0.06, -2.32
Accel: 0.19, 0.04, -0.97
Gyro: -3.94, -0.65, -3.27
Accel: 0.20, 0.06, -0.94
Gyro: -3.93, 0.15, -3.32
Accel: 0.21, 0.06, -0.96
Gyro: -3.45, -0.40, -2.63
Accel: 0.21, 0.06, -0.94
Gyro: -2.70, -0.44, -1.85
Accel: 0.21, 0.05, -0.94
Gyro: -2.69, -0.52, -1.81
Accel: 0.21, 0.06, -0.94
Gyro: -3.09, -1.50, -1.79
Accel: 0.20, 0.05, -0.95
Gyro: -3.46, -1.44, -1.59
Accel: 0.20, 0.05, -0.95
Gyro: -3.46, -1.01, -1.94
Accel: 0.20, 0.05, -0.94
Gyro: -3.89, -0.60, -2.61
Accel: 0.21, 0.06, -0.96
Gyro: -4.10, -1.14, -2.51
Accel: 0.21, 0.06, -0.94
Gyro: -4.11, -1.29, -2.55
Accel: 0.21, 0.07, -0.95
Gyro: -3.65, -1.88, -2.14
