Accel: 0.16, 0.03, -0.96
Gyro: -3.62, -1.22, -1.82
Accel: 0.17, 0.02, -0.95
Gyro: -3.41, -0.37, -1.94
Accel: 0.17, 0.03, -0.95
Gyro: -3.25, -1.05, -1.85
Accel: 0.17, 0.03, -0.95
Gyro: -3.09, -1.53, -1.46
Accel: 0.17, 0.01, -0.96
Gyro: -3.61, -1.43, -1.66
Accel: 0.17, 0.01, -0.95
Gyro: -4.53, -1.85, -2.82
Accel: 0.17, 0.02, -0.96
Gyro: -5.14, -2.67, -4.17
Accel: 0.17, 0.03, -0.97
Gyro: -5.21, -2.46, -4.14
Accel: 0.16, 0.04, -0.96
Gyro: -5.06, -1.69, -4.04
Accel: 0.17, 0.03, -0.96
Gyro: -4.56, -1.34, -3.38
Accel: 0.16, 0.03, -0.96
Gyro: -4.86, -2.08, -3.23
Accel: 0.15, 0.03, -0.95
Gyro: -5.13, -1.79, -3.26
Accel: 0.17, 0.03, -0.96
Gyro: -5.70, -0.97, -3.56
Accel: 0.16, 0.01, -0.95
Gyro: -7.16, -1.05, -4.54
Accel: 0.16, 0.00, -0.95
Gyro: -9.30, -1.18, -6.30
Accel: 0.16, -0.01, -0.95
Gyro: -12.05, -0.76, -8.26
Accel: 0.16, -0.03, -0.95
Gyro: -15.98, -1.07, -11.59
Accel: 0.15, -0.04, -0.95
Gyro: -22.46, -1.15, -15.98
Accel: 0.16, -0.01, -0.95
Gyro: -30.16, -1.52, -19.41
Accel: 0.16, 0.01, -0.94
Gyro: -37.38, -1.27, -21.66
Accel: 0.15, 0.05, -0.94
Gyro: -43.37, -1.28, -23.56
Accel: 0.14, 0.09, -0.93
Gyro: -47.62, -1.08, -24.38
Accel: 0.15, 0.11, -0.93
Gyro: -49.87, -0.66, -25.37
Accel: 0.13, 0.14, -0.92
Gyro: -56.55, -0.76, -25.71
Accel: 0.14, 0.16, -0.91
Gyro: -61.42, -0.44, -26.18
Accel: 0.13, 0.17, -0.90
Gyro: -67.89, -1.92, -28.79
Accel: 0.12, 0.25, -0.88
Gyro: -74.42, -3.14, -30.72
Accel: 0.11, 0.30, -0.89
Gyro: -77.83, -1.75, -30.79
Accel: 0.11, 0.33, -0.87
Gyro: -80.47, 0.69, -30.62
Accel: 0.10, 0.37, -0.85
Gyro: -81.73, 2.95, -30.64
Accel: 0.10, 0.40, -0.81
Gyro: -83.39, 3.94, -32.17
Accel: 0.11, 0.46, -0.79
Gyro: -83.15, 4.40, -34.52
Accel: 0.10, 0.53, -0.72
Gyro: -79.79, 2.69, -36.80
Accel: 0.10, 0.67, -0.67
Gyro: -72.40, -8.02, -35.95
Accel: 0.07, 0.70, -0.70
Gyro: -62.33, -18.51, -33.76
Accel: 0.05, 0.72, -0.75
Gyro: -55.22, -17.72, -34.38
Accel: 0.02, 0.71, -0.73
Gyro: -45.94, -15.42, -37.69
Accel: 0.00, 0.71, -0.73
Gyro: -37.32, -12.88, -41.79
Accel: -0.02, 0.70, -0.72
Gyro: -32.62, -8.86, -46.22
Accel: -0.04, 0.78, -0.70
Gyro: -30.84, -2.76, -46.41
Accel: -0.05, 0.78, -0.68
Gyro: -27.95, -0.09, -41.14
Accel: -0.06, 0.84, -0.70
Gyro: -28.14, 3.75, -35.18
Accel: -0.05, 0.92, -0.64
Gyro: -25.12, 6.18, -21.78
Accel: -0.05, 0.85, -0.62
Gyro: -21.27, 2.44, -10.10
Accel: -0.07, 0.86, -0.64
Gyro: -18.26, 2.82, -3.37
Accel: -0.06, 0.86, -0.63
Gyro: -13.89, 3.66, 3.44
Accel: -0.05, 0.86, -0.61
Gyro: -7.26, 2.08, 7.80
Accel: -0.06, 0.87, -0.63
Gyro: 1.24, 0.47, 10.25
Accel: -0.06, 0.86, -0.65
Gyro: 10.30, 2.37, 12.33
Accel: -0.06, 0.87, -0.66
Gyro: 19.42, 4.23, 14.72
Accel: -0.06, 0.86, -0.66
Gyro: 28.55, 5.85, 18.19
Accel: -0.04, 0.83, -0.66
Gyro: 37.43, 5.78, 19.92
Accel: -0.02, 0.83, -0.67
Gyro: 46.36, 3.63, 23.66
Accel: -0.01, 0.75, -0.70
Gyro: 52.68, 4.75, 27.13
Accel: 0.00, 0.75, -0.71
Gyro: 56.98, 5.14, 29.60
Accel: 0.02, 0.71, -0.72
Gyro: 63.66, 4.47, 34.49
Accel: 0.03, 0.66, -0.74
Gyro: 66.87, 6.69, 37.98
Accel: 0.05, 0.63, -0.74
Gyro: 69.07, 6.23, 42.69
Accel: 0.07, 0.55, -0.75
Gyro: 70.42, 2.72, 45.91
Accel: 0.08, 0.47, -0.78
Gyro: 68.73, 1.41, 45.03
Accel: 0.09, 0.47, -0.80
Gyro: 66.32, -0.93, 44.91
Accel: 0.09, 0.40, -0.83
Gyro: 65.16, -1.07, 44.04
Accel: 0.11, 0.39, -0.87
Gyro: 61.33, 0.53, 40.89
Accel: 0.10, 0.35, -0.86
Gyro: 62.55, 0.39, 42.47
Accel: 0.12, 0.28, -0.87
Gyro: 63.03, 0.72, 40.39
Accel: 0.13, 0.30, -0.85
Gyro: 63.96, -1.79, 41.21
Accel: 0.14, 0.18, -0.87
Gyro: 61.15, -4.10, 41.60
Accel: 0.14, 0.12, -0.90
Gyro: 53.72, -5.37, 36.15
Accel: 0.14, 0.11, -0.93
Gyro: 49.34, -4.13, 32.77
Accel: 0.14, 0.06, -0.94
Gyro: 45.18, -2.27, 29.02
Accel: 0.15, 0.04, -0.94
Gyro: 40.13, -0.92, 23.20
Accel: 0.15, 0.03, -0.94
Gyro: 36.26, -0.31, 19.31
Accel: 0.15, 0.01, -0.95
Gyro: 32.13, -0.27, 15.52
Accel: 0.16, -0.02, -0.98
Gyro: 27.53, 0.63, 10.61
Accel: 0.15, 0.02, -0.96
Gyro: 26.42, 1.83, 9.49
Accel: 0.17, -0.03, -0.96
Gyro: 23.95, 2.67, 8.63
Accel: 0.17, -0.05, -0.94
Gyro: 18.68, 3.12, 5.74
Accel: 0.17, -0.04, -0.93
Gyro: 13.98, 1.13, 4.28
Accel: 0.17, -0.04, -0.94
Gyro: 9.99, 0.20, 4.26
Accel: 0.17, -0.07, -0.97
Gyro: 5.04, 1.46, 2.45
Accel: 0.18, -0.03, -0.96
Gyro: 0.82, 2.02, 0.42
Accel: 0.17, -0.03, -0.94
Gyro: -0.27, 0.73, -0.02
Accel: 0.17, -0.04, -0.95
Gyro: -1.13, 0.31, -1.36
Accel: 0.18, -0.02, -0.95
Gyro: -2.94, 0.52, -2.58
Accel: 0.18, -0.01, -0.95
Gyro: -3.04, 0.53, -2.28
Accel: 0.18, -0.01, -0.95
Gyro: -3.65, 0.72, -1.59
Accel: 0.18, -0.01, -0.94
Gyro: -4.78, 1.36, -1.66
Accel: 0.18, 0.01, -0.95
Gyro: -5.10, 1.01, -1.16
Accel: 0.18, -0.00, -0.96
Gyro: -4.97, 1.02, -0.83
Accel: 0.18, 0.01, -0.96
Gyro: -6.09, 1.59, -1.43
Accel: 0.18, 0.01, -0.95
Gyro: -6.30, 0.61, -1.07
Accel: 0.18, 0.02, -0.96
Gyro: -5.59, 0.03, -1.43
Accel: 0.18, 0.02, -0.94
Gyro: -4.54, 0.57, -2.30
Accel: 0.19, 0.03, -0.96
Gyro: -3.40, 0.33, -2.36
Accel: 0.18, 0.03, -0.95
Gyro: -2.93, -0.42, -1.79
Accel: 0.19, 0.02, -0.95
Gyro: -2.86, -0.70, -0.67
Accel: 0.18, 0.02, -0.94
Gyro: -3.68, -0.79, -0.82
Accel: 0.19, 0.02, -0.95
Gyro: -3.73, -0.92, -0.38
Accel: 0.19, 0.02, -0.96
Gyro: -3.68, -0.66, -0.50
Accel: 0.19, 0.02, -0.96
Gyro: -3.61, -0.16, -0.31
Accel: 0.19, 0.02, -0.95
Gyro: -3.20, 0.18, -0.05
