Accel: 0.11, -0.03, -0.97
Gyro: -4.17, -0.40, -1.66
Accel: 0.11, -0.03, -0.97
Gyro: -4.61, -0.21, -1.88
Accel: 0.11, -0.02, -0.97
Gyro: -5.41, -0.46, -2.07
Accel: 0.11, -0.02, -0.97
Gyro: -6.28, -0.66, -1.70
Accel: 0.11, -0.01, -0.97
Gyro: -6.23, -0.32, -1.39
Accel: 0.11, -0.00, -0.97
Gyro: -6.11, -0.12, -1.10
Accel: 0.11, -0.01, -0.96
Gyro: -5.62, -0.05, -1.21
Accel: 0.11, 0.00, -0.96
Gyro: -5.29, -0.43, -1.11
Accel: 0.11, -0.01, -0.96
Gyro: -5.32, -0.63, -0.84
Accel: 0.11, -0.01, -0.96
Gyro: -5.52, -0.61, -1.05
Accel: 0.12, -0.02, -0.96
Gyro: -6.84, -1.19, -1.77
Accel: 0.11, -0.03, -0.96
Gyro: -9.20, -1.48, -2.65
Accel: 0.11, -0.03, -0.95
Gyro: -12.43, -1.96, -3.52
Accel: 0.10, -0.04, -0.95
Gyro: -16.31, -2.11, -4.50
Accel: 0.11, -0.05, -0.95
Gyro: -21.68, -2.77, -6.73
Accel: 0.11, -0.04, -0.96
Gyro: -27.44, -3.93, -8.32
Accel: 0.10, -0.02, -0.95
Gyro: -32.17, -4.68, -9.69
Accel: 0.10, -0.02, -0.95
Gyro: -38.11, -4.37, -11.31
Accel: 0.10, -0.00, -0.94
Gyro: -44.15, -4.12, -12.80
Accel: 0.10, 0.01, -0.94
Gyro: -51.04, -4.95, -14.62
Accel: 0.10, 0.04, -0.94
Gyro: -58.72, -5.75, -17.10
Accel: 0.09, 0.07, -0.93
Gyro: -66.27, -6.13, -18.88
Accel: 0.07, 0.11, -0.92
Gyro: -73.04, -5.33, -21.07
Accel: 0.07, 0.15, -0.91
Gyro: -79.16, -5.21, -23.82
Accel: 0.07, 0.20, -0.88
Gyro: -85.94, -5.06, -27.18
Accel: 0.07, 0.24, -0.85
Gyro: -89.97, -5.54, -29.09
Accel: 0.06, 0.30, -0.84
Gyro: -93.54, -6.29, -30.90
Accel: 0.05, 0.34, -0.81
Gyro: -96.78, -7.57, -33.83
Accel: 0.03, 0.39, -0.79
Gyro: -99.34, -8.15, -37.83
Accel: 0.02, 0.45, -0.77
Gyro: -101.67, -7.78, -43.96
Accel: -0.00, 0.54, -0.69
Gyro: -98.56, -10.15, -50.71
Accel: -0.03, 0.69, -0.68
Gyro: -85.74, -16.93, -54.58
Accel: -0.06, 0.74, -0.69
Gyro: -69.18, -23.31, -53.97
Accel: -0.11, 0.84, -0.75
Gyro: -56.56, -19.32, -53.62
Accel: -0.14, 0.86, -0.71
Gyro: -41.03, -15.66, -46.36
Accel: -0.17, 0.85, -0.72
Gyro: -33.13, -13.97, -39.36
Accel: -0.17, 0.87, -0.70
Gyro: -27.20, -8.80, -27.36
Accel: -0.17, 0.85, -0.69
Gyro: -25.12, -5.66, -16.50
Accel: -0.18, 0.86, -0.68
Gyro: -22.35, -0.11, -7.79
Accel: -0.17, 0.87, -0.66
Gyro: -15.53, 2.57, -0.83
Accel: -0.15, 0.84, -0.63
Gyro: -11.87, 4.62, 3.30
Accel: -0.15, 0.83, -0.64
Gyro: -6.46, 4.49, 5.76
Accel: -0.14, 0.83, -0.62
Gyro: 2.34, 4.74, 5.81
Accel: -0.15, 0.82, -0.62
Gyro: 11.28, 3.83, 4.87
Accel: -0.14, 0.84, -0.64
Gyro: 20.38, 3.87, 3.88
Accel: -0.14, 0.84, -0.67
Gyro: 31.59, 5.16, 6.44
Accel: -0.14, 0.84, -0.67
Gyro: 40.82, 7.61, 10.29
Accel: -0.13, 0.80, -0.68
Gyro: 48.04, 7.68, 16.10
Accel: -0.11, 0.74, -0.69
Gyro: 52.72, 6.48, 19.03
Accel: -0.10, 0.72, -0.71
Gyro: 56.18, 6.58, 21.64
Accel: -0.09, 0.66, -0.73
Gyro: 59.44, 6.70, 25.05
Accel: -0.07, 0.61, -0.77
Gyro: 61.50, 8.82, 26.12
Accel: -0.07, 0.60, -0.79
Gyro: 62.89, 9.72, 27.37
Accel: -0.04, 0.55, -0.80
Gyro: 66.03, 11.63, 29.34
Accel: -0.03, 0.49, -0.80
Gyro: 67.43, 12.54, 28.46
Accel: -0.01, 0.49, -0.81
Gyro: 68.51, 10.51, 29.79
Accel: 0.00, 0.41, -0.83
Gyro: 69.57, 8.54, 31.36
Accel: 0.01, 0.38, -0.84
Gyro: 68.12, 7.19, 31.03
Accel: 0.01, 0.35, -0.87
Gyro: 67.68, 5.91, 32.41
Accel: 0.02, 0.28, -0.88
Gyro: 65.15, 5.24, 31.91
Accel: 0.02, 0.26, -0.90
Gyro: 61.04, 5.29, 30.07
Accel: 0.04, 0.20, -0.91
Gyro: 60.20, 5.91, 29.82
Accel: 0.05, 0.18, -0.91
Gyro: 56.85, 5.71, 27.66
Accel: 0.05, 0.16, -0.92
Gyro: 54.70, 4.65, 27.88
Accel: 0.06, 0.11, -0.93
Gyro: 53.00, 4.78, 27.35
Accel: 0.07, 0.11, -0.94
Gyro: 49.08, 4.34, 26.46
Accel: 0.07, 0.04, -0.95
Gyro: 46.72, 4.83, 26.47
Accel: 0.07, 0.02, -0.95
Gyro: 41.31, 3.88, 22.86
Accel: 0.07, 0.01, -0.95
Gyro: 38.96, 4.37, 22.16
Accel: 0.09, -0.06, -0.96
Gyro: 34.90, 5.66, 19.29
Accel: 0.09, -0.07, -0.94
Gyro: 28.27, 5.69, 14.42
Accel: 0.09, -0.06, -0.95
Gyro: 23.52, 4.44, 12.49
Accel: 0.10, -0.08, -0.96
Gyro: 19.61, 4.42, 11.22
Accel: 0.11, -0.12, -0.94
Gyro: 12.89, 3.91, 7.64
Accel: 0.11, -0.10, -0.95
Gyro: 6.51, 1.98, 4.94
Accel: 0.10, -0.09, -0.96
Gyro: 3.62, 1.19, 3.38
Accel: 0.11, -0.09, -0.96
Gyro: 0.81, 1.56, 0.97
Accel: 0.11, -0.05, -0.96
Gyro: -0.18, 0.40, -0.03
Accel: 0.11, -0.05, -0.96
Gyro: 0.76, 0.80, -0.06
Accel: 0.11, -0.06, -0.96
Gyro: 0.48, 2.04, -0.88
Accel: 0.11, -0.04, -0.96
Gyro: 0.67, 0.77, -0.40
Accel: 0.11, -0.05, -0.96
Gyro: 0.60, 0.38, -0.11
Accel: 0.12, -0.07, -0.96
Gyro: -0.56, 1.10, -0.11
Accel: 0.11, -0.06, -0.95
Gyro: -3.15, 0.51, -0.88
Accel: 0.11, -0.05, -0.95
Gyro: -4.62, -0.30, -1.35
Accel: 0.11, -0.05, -0.96
Gyro: -5.43, -0.45, -1.21
Accel: 0.12, -0.04, -0.96
Gyro: -6.24, -0.97, -1.53
Accel: 0.11, -0.03, -0.97
Gyro: -5.71, -1.41, -1.79
Accel: 0.11, -0.03, -0.97
Gyro: -5.05, -1.04, -1.82
Accel: 0.11, -0.04, -0.96
Gyro: -4.56, -0.34, -1.83
Accel: 0.12, -0.02, -0.96
Gyro: -4.47, -0.58, -2.17
Accel: 0.11, -0.02, -0.96
Gyro: -3.94, -0.46, -2.01
Accel: 0.11, -0.01, -0.96
Gyro: -2.97, 0.43, -2.01
Accel: 0.13, -0.00, -0.94
Gyro: -2.10, -0.31, -1.17
Accel: 0.11, -0.02, -0.95
Gyro: -1.70, -1.48, -0.09
Accel: 0.11, -0.04, -0.96
Gyro: -1.99, -1.88, -0.18
Accel: 0.11, -0.05, -0.97
Gyro: -2.95, -1.37, -0.64
Accel: 0.11, -0.03, -0.96
Gyro: -3.40, -1.16, -1.30
Accel: 0.11, -0.04, -0.96
Gyro: -4.01, -1.02, -1.42
Accel: 0.10, -0.04, -0.96
Gyro: -4.81, -1.38, -1.63
Accel: 0.11, -0.03, -0.97
Gyro: -4.79, -0.78, -1.39
