Accel: 0.20, 0.04, -0.95
Gyro: -3.70, 0.40, -1.91
Accel: 0.21, 0.04, -0.94
Gyro: -2.82, 0.52, -1.59
Accel: 0.21, 0.04, -0.94
Gyro: -1.63, -0.52, -1.77
Accel: 0.20, 0.04, -0.94
Gyro: -1.11, -1.68, -1.80
Accel: 0.20, 0.03, -0.95
Gyro: -1.08, -2.20, -1.04
Accel: 0.20, 0.03, -0.95
Gyro: -1.89, -1.30, -1.06
Accel: 0.19, 0.02, -0.95
Gyro: -2.51, -1.05, -1.05
Accel: 0.20, 0.02, -0.96
Gyro: -2.46, -0.89, -1.24
Accel: 0.20, 0.02, -0.96
Gyro: -2.47, -0.59, -1.35
Accel: 0.19, 0.02, -0.94
Gyro: -2.25, -0.51, -1.31
Accel: 0.20, 0.02, -0.95
Gyro: -2.78, -0.68, -1.24
Accel: 0.19, 0.03, -0.94
Gyro: -3.30, -0.14, -1.08
Accel: 0.19, 0.03, -0.95
Gyro: -3.83, -0.11, -1.10
Accel: 0.20, 0.01, -0.95
Gyro: -4.52, -0.59, -1.31
Accel: 0.19, 0.02, -0.96
Gyro: -5.97, -1.43, -2.08
Accel: 0.20, 0.02, -0.96
Gyro: -7.22, -0.95, -2.40
Accel: 0.19, -0.01, -0.96
Gyro: -9.25, -0.13, -2.98
Accel: 0.19, -0.02, -0.96
Gyro: -13.15, 0.65, -5.33
Accel: 0.20, -0.04, -0.96
Gyro: -18.20, 1.18, -8.59
Accel: 0.19, -0.04, -0.95
Gyro: -23.51, 2.06, -12.78
Accel: 0.20, -0.02, -0.94
Gyro: -30.43, 2.54, -16.76
Accel: 0.19, -0.01, -0.94
Gyro: -37.03, 1.85, -20.72
Accel: 0.20, -0.02, -0.93
Gyro: -45.40, 0.91, -26.51
Accel: 0.20, 0.02, -0.92
Gyro: -53.49, 1.48, -31.55
Accel: 0.19, 0.09, -0.90
Gyro: -59.94, 0.91, -36.00
Accel: 0.18, 0.10, -0.91
Gyro: -65.96, 0.40, -41.47
Accel: 0.19, 0.16, -0.89
Gyro: -72.59, 1.21, -43.37
Accel: 0.17, 0.17, -0.85
Gyro: -78.28, -0.17, -46.05
Accel: 0.15, 0.22, -0.84
Gyro: -85.13, -3.27, -53.01
Accel: 0.14, 0.31, -0.83
Gyro: -90.01, -2.70, -55.69
Accel: 0.12, 0.31, -0.78
Gyro: -93.08, -3.91, -59.18
Accel: 0.10, 0.40, -0.77
Gyro: -98.30, -4.90, -64.06
Accel: 0.08, 0.49, -0.72
Gyro: -100.37, -8.07, -68.88
Accel: 0.04, 0.73, -0.75
Gyro: -91.19, -9.18, -69.84
Accel: 0.01, 0.90, -0.77
Gyro: -71.07, -2.66, -61.19
Accel: -0.00, 0.94, -0.74
Gyro: -45.59, -1.76, -51.73
Accel: -0.00, 0.93, -0.74
Gyro: -26.99, -0.68, -36.74
Accel: -0.01, 0.84, -0.73
Gyro: -19.57, 0.28, -21.07
Accel: -0.00, 0.80, -0.74
Gyro: -20.22, 3.08, -10.58
Accel: 0.00, 0.78, -0.70
Gyro: -17.81, 4.20, -4.19
Accel: 0.00, 0.82, -0.72
Gyro: -12.70, 5.98, -0.58
Accel: 0.01, 0.87, -0.72
Gyro: -4.48, 9.76, 6.34
Accel: 0.02, 0.88, -0.70
Gyro: 5.15, 11.63, 15.66
Accel: 0.05, 0.85, -0.67
Gyro: 17.69, 9.25, 22.99
Accel: 0.06, 0.77, -0.69
Gyro: 32.04, 7.79, 21.77
Accel: 0.07, 0.75, -0.69
Gyro: 45.65, 6.69, 16.37
Accel: 0.08, 0.68, -0.72
Gyro: 57.69, 4.89, 12.21
Accel: 0.09, 0.64, -0.73
Gyro: 66.41, 3.62, 7.31
Accel: 0.10, 0.63, -0.76
Gyro: 71.40, 3.28, 9.28
Accel: 0.10, 0.56, -0.79
Gyro: 72.18, 4.38, 14.37
Accel: 0.12, 0.50, -0.82
Gyro: 66.74, 6.00, 18.54
Accel: 0.13, 0.51, -0.81
Gyro: 59.73, 6.68, 23.57
Accel: 0.13, 0.46, -0.83
Gyro: 58.30, 4.01, 29.75
Accel: 0.13, 0.44, -0.85
Gyro: 57.78, 2.05, 32.33
Accel: 0.12, 0.45, -0.88
Gyro: 59.75, 0.63, 37.82
Accel: 0.12, 0.37, -0.91
Gyro: 66.85, 3.39, 39.69
Accel: 0.12, 0.37, -0.90
Gyro: 72.56, 7.73, 41.37
Accel: 0.13, 0.29, -0.89
Gyro: 80.23, 9.22, 46.23
Accel: 0.15, 0.19, -0.87
Gyro: 80.15, 11.39, 48.41
Accel: 0.17, 0.10, -0.85
Gyro: 71.04, 10.30, 49.90
Accel: 0.19, 0.02, -0.86
Gyro: 60.28, 3.11, 51.12
Accel: 0.18, -0.04, -0.90
Gyro: 48.28, -2.23, 49.06
Accel: 0.17, -0.09, -0.94
Gyro: 34.17, -2.93, 44.51
Accel: 0.19, -0.08, -0.96
Gyro: 19.91, -1.82, 39.23
Accel: 0.20, -0.09, -0.94
Gyro: 13.18, -1.34, 30.82
Accel: 0.20, -0.05, -0.93
Gyro: 13.60, -2.62, 23.81
Accel: 0.20, -0.06, -0.95
Gyro: 15.76, -2.78, 19.77
Accel: 0.20, -0.08, -0.94
Gyro: 19.99, -3.19, 13.47
Accel: 0.20, -0.11, -0.96
Gyro: 20.77, -3.04, 7.00
Accel: 0.19, -0.12, -0.97
Gyro: 16.36, -1.45, 2.20
Accel: 0.20, -0.12, -0.95
Gyro: 9.31, -0.40, -0.43
Accel: 0.20, -0.12, -0.95
Gyro: 0.56, -0.60, -2.06
Accel: 0.20, -0.08, -0.96
Gyro: -5.74, -0.66, -2.65
Accel: 0.19, -0.07, -0.96
Gyro: -7.87, 0.95, -3.14
Accel: 0.20, -0.06, -0.95
Gyro: -7.46, 1.95, -4.08
Accel: 0.20, -0.04, -0.95
Gyro: -8.19, 1.59, -3.88
Accel: 0.20, -0.02, -0.94
Gyro: -7.11, 0.76, -1.70
Accel: 0.21, -0.03, -0.94
Gyro: -7.13, 0.89, 0.28
Accel: 0.22, -0.03, -0.94
Gyro: -7.80, 0.66, 1.75
Accel: 0.22, -0.02, -0.92
Gyro: -9.79, -0.32, 2.55
Accel: 0.21, -0.02, -0.94
Gyro: -12.38, -2.34, 2.20
Accel: 0.21, -0.01, -0.95
Gyro: -12.52, -3.66, 1.41
Accel: 0.20, -0.00, -0.95
Gyro: -11.10, -3.78, 1.31
Accel: 0.20, 0.02, -0.96
Gyro: -9.84, -3.32, 1.48
Accel: 0.20, 0.01, -0.97
Gyro: -7.52, -1.87, 1.24
Accel: 0.19, -0.00, -0.96
Gyro: -3.91, -0.79, 0.14
Accel: 0.20, 0.00, -0.95
Gyro: -1.63, -0.43, -1.51
Accel: 0.19, 0.01, -0.95
Gyro: -1.54, -0.92, -1.63
Accel: 0.19, 0.00, -0.96
Gyro: -3.03, 0.05, -0.98
Accel: 0.20, 0.01, -0.95
Gyro: -4.65, 0.34, -0.43
Accel: 0.20, 0.00, -0.93
Gyro: -5.49, -0.31, 0.19
Accel: 0.20, 0.01, -0.94
Gyro: -5.41, -0.78, -0.08
Accel: 0.20, -0.00, -0.94
Gyro: -4.41, -0.89, -0.79
Accel: 0.19, 0.01, -0.95
Gyro: -3.77, -1.26, -2.19
Accel: 0.19, 0.02, -0.95
Gyro: -2.37, -1.61, -2.29
Accel: 0.20, 0.01, -0.96
Gyro: -1.82, -0.28, -1.84
Accel: 0.20, 0.00, -0.96
Gyro: -2.21, 0.28, -1.82
Accel: 0.20, 0.01, -0.95
Gyro: -2.78, 0.03, -1.75
Accel: 0.20, 0.01, -0.95
Gyro: -2.95, -0.12, -1.34
Accel: 0.20, 0.00, -0.95
Gyro: -3.15, 0.22, -1.43
Accel: 0.20, 0.00, -0.95
Gyro: -3.00, 0.43, -1.37
