Accel: 0.14, 0.00, -0.97
Gyro: -1.82, -0.54, -0.11
Accel: 0.14, 0.00, -0.96
Gyro: -2.25, -0.62, -0.14
Accel: 0.14, 0.01, -0.95
Gyro: -3.14, -0.84, -0.53
Accel: 0.14, 0.01, -0.96
Gyro: -3.36, -0.86, -0.86
Accel: 0.14, 0.01, -0.95
Gyro: -3.72, -0.76, -1.11
Accel: 0.14, 0.01, -0.96
Gyro: -3.88, -0.23, -1.49
Accel: 0.14, 0.01, -0.96
Gyro: -4.00, 0.16, -1.70
Accel: 0.15, 0.02, -0.96
Gyro: -3.65, 0.34, -1.85
Accel: 0.14, 0.02, -0.96
Gyro: -3.67, 0.28, -2.09
Accel: 0.15, 0.02, -0.96
Gyro: -3.22, 0.35, -2.32
Accel: 0.15, 0.01, -0.95
Gyro: -3.73, 0.08, -2.68
Accel: 0.15, -0.00, -0.96
Gyro: -3.97, 0.03, -3.27
Accel: 0.15, -0.02, -0.95
Gyro: -5.40, -0.20, -4.74
Accel: 0.15, -0.03, -0.96
Gyro: -8.74, -0.40, -6.84
Accel: 0.14, -0.04, -0.96
Gyro: -13.57, -0.76, -9.69
Accel: 0.15, -0.02, -0.96
Gyro: -17.83, -0.95, -11.80
Accel: 0.15, -0.01, -0.95
Gyro: -20.90, -1.12, -13.41
Accel: 0.14, -0.02, -0.95
Gyro: -24.50, -1.90, -15.71
Accel: 0.14, -0.01, -0.95
Gyro: -28.45, -2.18, -18.17
Accel: 0.14, 0.01, -0.95
Gyro: -32.88, -1.94, -20.66
Accel: 0.14, 0.04, -0.93
Gyro: -35.82, -2.83, -22.02
Accel: 0.14, 0.04, -0.93
Gyro: -42.73, -2.64, -25.79
Accel: 0.14, 0.07, -0.92
Gyro: -48.63, -3.30, -28.57
Accel: 0.13, 0.09, -0.92
Gyro: -53.25, -4.62, -30.94
Accel: 0.12, 0.11, -0.90
Gyro: -58.95, -6.01, -34.13
Accel: 0.12, 0.15, -0.89
Gyro: -65.45, -7.27, -37.22
Accel: 0.12, 0.20, -0.87
Gyro: -71.04, -8.61, -38.83
Accel: 0.10, 0.23, -0.85
Gyro: -76.78, -11.32, -40.99
Accel: 0.08, 0.33, -0.84
Gyro: -84.26, -13.34, -40.27
Accel: 0.06, 0.35, -0.83
Gyro: -91.51, -14.18, -37.64
Accel: 0.05, 0.41, -0.80
Gyro: -95.15, -14.24, -38.51
Accel: 0.02, 0.50, -0.80
Gyro: -98.08, -12.36, -40.82
Accel: 0.00, 0.60, -0.78
Gyro: -91.80, -11.22, -40.18
Accel: -0.02, 0.70, -0.79
Gyro: -82.79, -9.36, -39.86
Accel: -0.03, 0.77, -0.76
Gyro: -66.77, -4.96, -32.94
Accel: -0.04, 0.75, -0.70
Gyro: -50.48, -8.30, -30.07
Accel: -0.05, 0.74, -0.73
Gyro: -36.43, -10.99, -27.79
Accel: -0.07, 0.68, -0.71
Gyro: -33.74, -11.14, -28.05
Accel: -0.09, 0.72, -0.76
Gyro: -32.18, -8.21, -29.10
Accel: -0.10, 0.74, -0.72
Gyro: -29.96, -1.54, -25.95
Accel: -0.11, 0.80, -0.72
Gyro: -26.79, -0.05, -24.28
Accel: -0.11, 0.87, -0.72
Gyro: -18.74, 4.23, -17.42
Accel: -0.10, 0.87, -0.69
Gyro: -10.21, 6.99, -9.16
Accel: -0.08, 0.81, -0.66
Gyro: -4.63, 6.07, -2.38
Accel: -0.09, 0.79, -0.66
Gyro: -1.33, 5.10, 0.64
Accel: -0.09, 0.79, -0.66
Gyro: 2.63, 4.56, 3.02
Accel: -0.09, 0.80, -0.66
Gyro: 6.89, 4.08, 5.88
Accel: -0.10, 0.83, -0.69
Gyro: 12.82, 3.59, 8.64
Accel: -0.09, 0.84, -0.71
Gyro: 22.64, 5.44, 12.63
Accel: -0.08, 0.80, -0.71
Gyro: 34.28, 7.85, 17.01
Accel: -0.06, 0.78, -0.70
Gyro: 42.34, 8.17, 19.84
Accel: -0.05, 0.75, -0.71
Gyro: 49.12, 7.71, 23.96
Accel: -0.03, 0.70, -0.73
Gyro: 53.69, 8.31, 26.92
Accel: -0.01, 0.66, -0.74
Gyro: 56.75, 8.08, 29.40
Accel: -0.00, 0.62, -0.75
Gyro: 59.67, 6.94, 30.92
Accel: 0.02, 0.55, -0.76
Gyro: 59.87, 7.49, 31.62
Accel: 0.03, 0.56, -0.80
Gyro: 59.08, 6.51, 32.22
Accel: 0.05, 0.52, -0.80
Gyro: 61.15, 5.85, 35.06
Accel: 0.05, 0.48, -0.82
Gyro: 62.51, 5.86, 35.52
Accel: 0.06, 0.45, -0.83
Gyro: 64.43, 3.50, 36.87
Accel: 0.07, 0.42, -0.85
Gyro: 67.31, 2.72, 38.54
Accel: 0.09, 0.36, -0.84
Gyro: 69.83, 0.55, 39.09
Accel: 0.08, 0.30, -0.87
Gyro: 69.77, -0.98, 40.63
Accel: 0.09, 0.21, -0.91
Gyro: 65.01, -0.40, 38.82
Accel: 0.09, 0.16, -0.89
Gyro: 59.36, 0.30, 35.28
Accel: 0.10, 0.13, -0.93
Gyro: 53.74, 1.07, 31.85
Accel: 0.11, 0.08, -0.93
Gyro: 46.95, 0.42, 27.88
Accel: 0.11, 0.08, -0.94
Gyro: 41.69, 0.63, 23.51
Accel: 0.11, 0.05, -0.95
Gyro: 37.79, 2.24, 20.13
Accel: 0.11, 0.03, -0.94
Gyro: 32.36, 2.52, 16.03
Accel: 0.11, 0.04, -0.96
Gyro: 30.04, 2.36, 14.28
Accel: 0.12, 0.01, -0.96
Gyro: 27.79, 3.93, 11.54
Accel: 0.12, 0.01, -0.96
Gyro: 24.65, 4.22, 8.68
Accel: 0.13, -0.00, -0.96
Gyro: 22.33, 4.17, 6.95
Accel: 0.14, -0.03, -0.95
Gyro: 18.73, 3.94, 4.76
Accel: 0.15, -0.04, -0.95
Gyro: 14.47, 2.63, 2.55
Accel: 0.15, -0.04, -0.95
Gyro: 9.71, 1.46, 0.87
Accel: 0.15, -0.04, -0.95
Gyro: 6.23, 0.94, -0.68
Accel: 0.15, -0.02, -0.95
Gyro: 3.37, 0.19, -1.37
Accel: 0.14, -0.01, -0.96
Gyro: 2.37, 0.22, -0.66
Accel: 0.15, -0.03, -0.96
Gyro: 1.38, 1.60, -1.01
Accel: 0.14, -0.01, -0.95
Gyro: -0.25, 1.16, -0.96
Accel: 0.15, -0.01, -0.95
Gyro: -1.60, 0.56, -0.02
Accel: 0.16, -0.01, -0.96
Gyro: -2.01, 1.56, 0.50
Accel: 0.16, -0.02, -0.95
Gyro: -3.67, 2.04, -0.77
Accel: 0.16, 0.01, -0.95
Gyro: -4.07, -0.12, -1.56
Accel: 0.15, 0.01, -0.95
Gyro: -3.32, -1.56, -0.98
Accel: 0.16, -0.00, -0.96
Gyro: -2.71, -1.24, -1.79
Accel: 0.15, 0.01, -0.95
Gyro: -2.68, -1.70, -2.24
Accel: 0.14, 0.02, -0.97
Gyro: -2.31, -1.84, -1.47
Accel: 0.14, -0.00, -0.96
Gyro: -2.66, -1.17, -0.51
Accel: 0.15, -0.00, -0.95
Gyro: -3.75, -0.44, -1.05
Accel: 0.14, 0.00, -0.96
Gyro: -4.74, -1.07, -1.44
Accel: 0.14, 0.02, -0.97
Gyro: -4.55, -1.08, -0.96
Accel: 0.15, 0.01, -0.96
Gyro: -4.45, 0.06, -0.66
Accel: 0.15, 0.00, -0.96
Gyro: -4.14, 0.17, -0.85
Accel: 0.15, 0.01, -0.95
Gyro: -4.14, -0.01, -1.26
Accel: 0.15, 0.02, -0.96
Gyro: -4.12, -0.40, -1.25
Accel: 0.15, 0.02, -0.96
Gyro: -4.49, -0.18, -1.01
Accel: 0.15, 0.01, -0.95
Gyro: -4.74, -0.67, -0.83
Accel: 0.16, 0.01, -0.95
Gyro: -5.35, -1.87, -1.35
