Accel: 0.20, 0.03, -0.94
Gyro: -2.42, -0.89, -1.37
Accel: 0.20, 0.03, -0.95
Gyro: -2.33, -0.75, -1.46
Accel: 0.20, 0.04, -0.95
Gyro: -2.24, -0.76, -1.45
Accel: 0.19, 0.04, -0.94
Gyro: -2.19, -1.17, -1.62
Accel: 0.19, 0.04, -0.95
Gyro: -2.04, -1.31, -1.37
Accel: 0.20, 0.04, -0.94
Gyro: -2.37, -1.22, -1.37
Accel: 0.20, 0.04, -0.96
Gyro: -2.74, -0.85, -1.12
Accel: 0.19, 0.04, -0.95
Gyro: -2.98, -0.69, -1.00
Accel: 0.20, 0.03, -0.95
Gyro: -3.05, -0.29, -1.13
Accel: 0.20, 0.04, -0.95
Gyro: -3.19, -0.18, -1.55
Accel: 0.20, 0.03, -0.95
Gyro: -3.30, -0.53, -1.87
Accel: 0.20, 0.03, -0.95
Gyro: -4.23, -0.71, -2.09
Accel: 0.19, 0.03, -0.95
Gyro: -5.50, -0.71, -2.27
Accel: 0.20, 0.02, -0.95
Gyro: -7.69, -0.60, -2.55
Accel: 0.20, 0.02, -0.94
Gyro: -11.76, -1.00, -3.00
Accel: 0.20, 0.01, -0.94
Gyro: -18.46, -2.26, -2.20
Accel: 0.20, -0.02, -0.93
Gyro: -22.42, -4.68, -2.91
Accel: 0.19, -0.02, -0.93
Gyro: -30.07, -5.88, -5.33
Accel: 0.18, 0.00, -0.94
Gyro: -40.37, -6.35, -6.16
Accel: 0.18, 0.00, -0.94
Gyro: -47.64, -6.15, -7.97
Accel: 0.18, 0.03, -0.94
Gyro: -58.47, -4.44, -10.31
Accel: 0.18, 0.05, -0.91
Gyro: -66.87, -3.04, -12.29
Accel: 0.18, 0.10, -0.90
Gyro: -75.55, -3.11, -15.85
Accel: 0.16, 0.14, -0.89
Gyro: -82.08, -3.58, -19.78
Accel: 0.16, 0.19, -0.88
Gyro: -85.59, -4.08, -25.93
Accel: 0.14, 0.28, -0.85
Gyro: -90.16, -4.23, -34.39
Accel: 0.14, 0.41, -0.85
Gyro: -88.48, -3.56, -35.95
Accel: 0.13, 0.42, -0.82
Gyro: -83.44, -2.76, -33.84
Accel: 0.12, 0.42, -0.80
Gyro: -82.08, -2.78, -34.60
Accel: 0.11, 0.42, -0.76
Gyro: -85.21, -2.73, -36.38
Accel: 0.09, 0.50, -0.74
Gyro: -89.82, -4.80, -43.43
Accel: 0.08, 0.66, -0.76
Gyro: -86.55, -2.14, -44.81
Accel: 0.05, 0.75, -0.71
Gyro: -71.11, -1.75, -42.42
Accel: 0.03, 0.80, -0.74
Gyro: -53.97, -3.19, -43.38
Accel: 0.03, 0.84, -0.70
Gyro: -38.50, -0.31, -36.90
Accel: 0.01, 0.76, -0.70
Gyro: -31.85, -2.14, -32.40
Accel: 0.01, 0.83, -0.75
Gyro: -28.88, 4.41, -27.24
Accel: 0.02, 0.85, -0.64
Gyro: -25.72, 7.55, -16.85
Accel: 0.02, 0.89, -0.66
Gyro: -18.23, 3.52, -9.61
Accel: 0.02, 0.84, -0.65
Gyro: -11.09, 5.64, -3.02
Accel: 0.03, 0.82, -0.64
Gyro: -5.43, 5.26, -0.29
Accel: 0.04, 0.80, -0.63
Gyro: -0.19, 4.81, 0.85
Accel: 0.04, 0.83, -0.64
Gyro: 4.71, 3.56, 1.83
Accel: 0.03, 0.82, -0.67
Gyro: 12.44, 2.37, 4.06
Accel: 0.04, 0.81, -0.68
Gyro: 20.63, 3.52, 4.77
Accel: 0.05, 0.80, -0.67
Gyro: 29.50, 3.38, 4.64
Accel: 0.04, 0.78, -0.68
Gyro: 39.68, 2.59, 5.82
Accel: 0.05, 0.74, -0.70
Gyro: 46.89, 3.60, 6.37
Accel: 0.06, 0.72, -0.71
Gyro: 53.67, 4.33, 8.30
Accel: 0.06, 0.68, -0.73
Gyro: 56.84, 2.61, 9.82
Accel: 0.06, 0.63, -0.74
Gyro: 60.23, 2.74, 11.10
Accel: 0.07, 0.61, -0.76
Gyro: 59.20, 2.33, 12.43
Accel: 0.08, 0.58, -0.78
Gyro: 60.75, 1.93, 16.35
Accel: 0.07, 0.52, -0.83
Gyro: 61.15, 3.00, 17.11
Accel: 0.09, 0.54, -0.81
Gyro: 62.07, 3.19, 21.04
Accel: 0.09, 0.48, -0.83
Gyro: 64.00, 2.38, 26.54
Accel: 0.10, 0.43, -0.84
Gyro: 62.69, 1.39, 27.75
Accel: 0.11, 0.39, -0.86
Gyro: 62.23, 1.05, 29.13
Accel: 0.11, 0.33, -0.87
Gyro: 60.49, 1.35, 29.43
Accel: 0.12, 0.31, -0.88
Gyro: 57.17, 0.66, 29.24
Accel: 0.13, 0.26, -0.89
Gyro: 55.84, 0.40, 30.98
Accel: 0.14, 0.20, -0.90
Gyro: 51.26, 0.07, 29.43
Accel: 0.14, 0.19, -0.90
Gyro: 47.13, -1.12, 29.21
Accel: 0.15, 0.15, -0.92
Gyro: 42.53, -1.37, 27.92
Accel: 0.14, 0.14, -0.93
Gyro: 38.75, -1.74, 27.22
Accel: 0.15, 0.09, -0.93
Gyro: 37.22, -1.82, 26.02
Accel: 0.15, 0.04, -0.94
Gyro: 33.84, -0.66, 22.75
Accel: 0.15, 0.04, -0.94
Gyro: 27.54, -1.01, 18.52
Accel: 0.16, 0.03, -0.93
Gyro: 24.40, -2.47, 16.43
Accel: 0.15, 0.00, -0.95
Gyro: 20.42, -2.81, 12.90
Accel: 0.16, 0.00, -0.95
Gyro: 16.38, -2.82, 10.16
Accel: 0.15, 0.00, -0.96
Gyro: 13.05, -3.46, 7.75
Accel: 0.15, -0.00, -0.95
Gyro: 11.11, -2.79, 5.27
Accel: 0.15, -0.01, -0.96
Gyro: 8.38, -2.44, 1.56
Accel: 0.14, 0.01, -0.96
Gyro: 6.90, -2.54, 0.24
Accel: 0.14, 0.01, -0.96
Gyro: 5.87, -1.53, 0.14
Accel: 0.14, -0.01, -0.97
Gyro: 4.25, 0.05, -0.60
Accel: 0.14, -0.00, -0.96
Gyro: 1.98, 0.50, -1.39
Accel: 0.14, 0.01, -0.96
Gyro: 0.43, 0.18, -0.71
Accel: 0.15, 0.00, -0.96
Gyro: -0.68, 0.67, -0.16
Accel: 0.15, 0.01, -0.96
Gyro: -1.87, 0.63, -0.80
Accel: 0.15, 0.02, -0.96
Gyro: -2.94, 0.56, -0.76
Accel: 0.15, 0.01, -0.95
Gyro: -3.40, 0.60, -1.05
Accel: 0.15, 0.02, -0.95
Gyro: -4.49, 0.04, -2.10
Accel: 0.15, 0.03, -0.96
Gyro: -4.10, -0.63, -2.07
Accel: 0.15, 0.03, -0.97
Gyro: -4.04, 0.31, -1.88
Accel: 0.16, 0.03, -0.96
Gyro: -3.65, 1.37, -1.67
Accel: 0.16, 0.04, -0.94
Gyro: -3.51, 0.41, -1.73
Accel: 0.16, 0.04, -0.94
Gyro: -3.14, -0.81, -1.43
Accel: 0.16, 0.03, -0.95
Gyro: -2.98, -0.60, -1.60
Accel: 0.16, 0.03, -0.97
Gyro: -3.40, -0.14, -1.65
Accel: 0.16, 0.04, -0.96
Gyro: -4.04, -0.71, -1.53
Accel: 0.16, 0.04, -0.96
Gyro: -4.17, -0.41, -1.05
Accel: 0.16, 0.04, -0.96
Gyro: -4.30, 0.08, -0.94
Accel: 0.16, 0.04, -0.95
Gyro: -3.81, -0.22, -1.04
Accel: 0.16, 0.05, -0.95
Gyro: -2.86, -0.92, -0.92
Accel: 0.16, 0.04, -0.96
Gyro: -2.31, -0.73, -0.79
Accel: 0.16, 0.03, -0.95
Gyro: -2.48, -0.02, -1.32
Accel: 0.16, 0.03, -0.95
Gyro: -2.50, -1.04, -1.81
Accel: 0.16, 0.04, -0.96
Gyro: -2.48, -1.51, -1.77
Accel: 0.15, 0.03, -0.97
Gyro: -2.32, -0.68, -1.54
