Accel: 0.20, 0.06, -0.95
Gyro: -3.68, -1.58, -1.95
Accel: 0.20, 0.06, -0.96
Gyro: -3.80, -0.93, -1.68
Accel: 0.20, 0.07, -0.95
Gyro: -3.71, -0.43, -1.53
Accel: 0.20, 0.07, -0.95
Gyro: -3.76, -0.23, -1.30
Accel: 0.20, 0.07, -0.95
Gyro: -4.01, 0.11, -1.35
Accel: 0.20, 0.06, -0.95
Gyro: -4.30, 0.60, -1.68
Accel: 0.20, 0.07, -0.95
Gyro: -4.49, -0.13, -2.00
Accel: 0.21, 0.07, -0.94
Gyro: -4.90, -0.34, -2.43
Accel: 0.21, 0.06, -0.95
Gyro: -4.65, -0.55, -2.63
Accel: 0.20, 0.04, -0.96
Gyro: -6.21, 0.14, -3.83
Accel: 0.21, 0.02, -0.95
Gyro: -8.74, 0.41, -6.07
Accel: 0.20, -0.02, -0.95
Gyro: -13.48, 0.40, -9.61
Accel: 0.21, -0.08, -0.94
Gyro: -21.93, 0.69, -16.83
Accel: 0.20, -0.07, -0.94
Gyro: -35.13, 0.89, -27.37
Accel: 0.20, -0.07, -0.91
Gyro: -45.36, 0.18, -37.34
Accel: 0.20, -0.01, -0.92
Gyro: -55.56, -0.81, -48.11
Accel: 0.18, 0.11, -0.89
Gyro: -56.72, -3.63, -52.87
Accel: 0.18, 0.15, -0.88
Gyro: -61.12, -3.82, -57.32
Accel: 0.16, 0.22, -0.91
Gyro: -63.08, -4.29, -58.91
Accel: 0.15, 0.23, -0.89
Gyro: -63.84, -4.62, -57.95
Accel: 0.13, 0.20, -0.84
Gyro: -69.17, -6.03, -61.94
Accel: 0.11, 0.23, -0.84
Gyro: -76.61, -6.57, -67.02
Accel: 0.09, 0.21, -0.82
Gyro: -89.01, -6.88, -76.11
Accel: 0.07, 0.43, -0.80
Gyro: -96.88, -6.42, -78.88
Accel: 0.04, 0.62, -0.75
Gyro: -92.77, -7.33, -72.07
Accel: 0.02, 0.78, -0.74
Gyro: -81.32, -10.05, -60.04
Accel: 0.00, 0.87, -0.75
Gyro: -65.16, -11.31, -43.80
Accel: -0.01, 0.89, -0.77
Gyro: -47.33, -9.72, -28.57
Accel: -0.01, 0.85, -0.76
Gyro: -31.03, -9.19, -16.13
Accel: -0.01, 0.77, -0.76
Gyro: -20.60, -7.66, -9.00
Accel: -0.01, 0.74, -0.71
Gyro: -17.29, -5.58, -4.61
Accel: -0.03, 0.73, -0.74
Gyro: -14.83, -5.87, -3.13
Accel: -0.03, 0.75, -0.75
Gyro: -13.11, -1.57, -1.04
Accel: -0.02, 0.77, -0.70
Gyro: -9.42, 1.14, 1.13
Accel: -0.01, 0.82, -0.71
Gyro: -2.69, 0.79, 5.63
Accel: -0.01, 0.81, -0.73
Gyro: 6.29, 1.75, 10.91
Accel: -0.01, 0.81, -0.74
Gyro: 14.66, 4.88, 16.59
Accel: -0.01, 0.78, -0.73
Gyro: 22.77, 6.51, 22.91
Accel: 0.01, 0.76, -0.72
Gyro: 29.17, 6.90, 27.05
Accel: 0.03, 0.72, -0.71
Gyro: 34.42, 5.27, 31.59
Accel: 0.04, 0.70, -0.74
Gyro: 37.88, 3.79, 35.93
Accel: 0.05, 0.68, -0.76
Gyro: 43.30, 3.24, 39.02
Accel: 0.06, 0.62, -0.78
Gyro: 49.31, 3.46, 41.41
Accel: 0.07, 0.60, -0.79
Gyro: 52.96, 4.33, 43.98
Accel: 0.09, 0.55, -0.82
Gyro: 56.27, 6.38, 46.32
Accel: 0.11, 0.53, -0.82
Gyro: 58.79, 7.29, 48.07
Accel: 0.13, 0.47, -0.82
Gyro: 62.33, 6.67, 50.31
Accel: 0.15, 0.40, -0.81
Gyro: 63.56, 5.65, 50.17
Accel: 0.16, 0.38, -0.83
Gyro: 64.00, 3.15, 50.06
Accel: 0.16, 0.32, -0.85
Gyro: 65.03, 1.35, 51.35
Accel: 0.18, 0.26, -0.86
Gyro: 63.64, 1.52, 49.81
Accel: 0.19, 0.22, -0.85
Gyro: 61.39, -0.82, 49.35
Accel: 0.20, 0.12, -0.87
Gyro: 58.82, -2.83, 45.52
Accel: 0.20, 0.10, -0.89
Gyro: 51.93, -3.99, 39.45
Accel: 0.21, 0.06, -0.89
Gyro: 48.48, -5.55, 35.22
Accel: 0.21, -0.00, -0.90
Gyro: 43.34, -7.62, 29.56
Accel: 0.21, -0.03, -0.93
Gyro: 36.40, -8.17, 22.02
Accel: 0.19, -0.03, -0.96
Gyro: 28.79, -7.83, 14.92
Accel: 0.19, -0.03, -0.97
Gyro: 23.83, -5.13, 9.96
Accel: 0.18, -0.04, -0.98
Gyro: 19.12, -0.87, 4.91
Accel: 0.19, 0.01, -0.96
Gyro: 16.08, 1.96, 1.85
Accel: 0.20, -0.01, -0.94
Gyro: 17.23, 1.34, 2.08
Accel: 0.20, -0.03, -0.94
Gyro: 14.87, 0.65, 1.47
Accel: 0.21, -0.05, -0.94
Gyro: 10.68, -0.27, -0.29
Accel: 0.20, -0.05, -0.94
Gyro: 5.50, -1.79, -1.19
Accel: 0.20, -0.05, -0.95
Gyro: 0.96, -1.87, -1.91
Accel: 0.19, -0.03, -0.96
Gyro: -2.43, -1.43, -2.49
Accel: 0.21, -0.01, -0.97
Gyro: -3.33, -0.02, -2.35
Accel: 0.20, -0.01, -0.96
Gyro: -3.66, 0.50, -2.06
Accel: 0.21, 0.01, -0.95
Gyro: -4.10, 0.44, -1.53
Accel: 0.21, 0.01, -0.96
Gyro: -2.79, 0.59, 0.10
Accel: 0.21, -0.01, -0.95
Gyro: -2.50, 1.82, 0.63
Accel: 0.21, -0.01, -0.94
Gyro: -3.23, 1.92, 0.02
Accel: 0.22, -0.01, -0.93
Gyro: -4.56, 1.34, -1.17
Accel: 0.23, 0.01, -0.94
Gyro: -5.86, 0.36, -2.09
Accel: 0.23, 0.01, -0.94
Gyro: -6.51, -0.95, -2.61
Accel: 0.22, 0.02, -0.94
Gyro: -6.58, -1.40, -2.62
Accel: 0.21, 0.02, -0.95
Gyro: -6.20, -1.08, -2.75
Accel: 0.22, 0.03, -0.94
Gyro: -5.03, -1.02, -2.95
Accel: 0.21, 0.03, -0.95
Gyro: -4.34, -1.43, -3.01
Accel: 0.21, 0.03, -0.95
Gyro: -4.07, -1.22, -2.08
Accel: 0.21, 0.03, -0.94
Gyro: -4.10, -0.95, -1.74
Accel: 0.21, 0.03, -0.95
Gyro: -3.29, -0.40, -1.57
Accel: 0.21, 0.02, -0.94
Gyro: -1.73, -0.25, -2.62
Accel: 0.21, 0.03, -0.94
Gyro: -1.40, -0.50, -3.26
Accel: 0.21, 0.03, -0.94
Gyro: -1.29, -0.85, -2.62
Accel: 0.21, 0.03, -0.95
Gyro: -1.63, -1.20, -1.17
Accel: 0.21, 0.02, -0.95
Gyro: -2.28, -1.47, -0.03
Accel: 0.21, 0.01, -0.94
Gyro: -3.40, -1.85, -0.34
Accel: 0.21, 0.01, -0.96
Gyro: -4.22, -1.94, -0.85
Accel: 0.21, 0.03, -0.96
Gyro: -3.88, -1.46, -1.00
Accel: 0.21, 0.01, -0.94
Gyro: -3.79, -1.27, -1.28
Accel: 0.21, 0.02, -0.95
Gyro: -4.36, -1.48, -1.84
Accel: 0.20, 0.03, -0.95
Gyro: -4.26, -1.48, -1.68
Accel: 0.20, 0.04, -0.96
Gyro: -3.74, -0.64, -1.41
Accel: 0.21, 0.03, -0.95
Gyro: -3.37, 0.06, -1.56
Accel: 0.21, 0.03, -0.95
Gyro: -3.39, -0.06, -1.62
Accel: 0.21, 0.03, -0.95
Gyro: -3.43, -0.40, -1.72
Accel: 0.21, 0.03, -0.95
Gyro: -3.30, -0.86, -1.76
Accel: 0.20, 0.04, -0.95
Gyro: -3.46, -0.83, -1.87
Accel: 0.21, 0.03, -0.94
Gyro: -3.41, -0.60, -1.52
