Accel: 0.18, 0.01, -0.94
Gyro: -3.32, -0.45, -0.32
Accel: 0.19, 0.01, -0.95
Gyro: -3.35, -0.99, -1.13
Accel: 0.18, 0.02, -0.95
Gyro: -2.59, -1.37, -1.76
Accel: 0.19, 0.02, -0.95
Gyro: -2.34, -1.08, -1.91
Accel: 0.19, 0.01, -0.95
Gyro: -2.98, -0.82, -2.31
Accel: 0.18, 0.02, -0.96
Gyro: -3.50, -0.54, -2.48
Accel: 0.19, 0.03, -0.95
Gyro: -3.46, -0.19, -2.27
Accel: 0.18, 0.02, -0.96
Gyro: -3.55, 0.12, -1.92
Accel: 0.19, 0.02, -0.95
Gyro: -3.69, 0.33, -2.01
Accel: 0.19, 0.02, -0.95
Gyro: -3.75, 0.63, -1.71
Accel: 0.18, -0.00, -0.95
Gyro: -4.90, 0.59, -3.05
Accel: 0.19, -0.01, -0.94
Gyro: -6.89, 0.42, -4.79
Accel: 0.19, -0.01, -0.95
Gyro: -10.03, 0.15, -7.08
Accel: 0.19, -0.02, -0.95
Gyro: -13.75, -0.33, -9.46
Accel: 0.17, 0.01, -0.96
Gyro: -21.60, -0.21, -10.40
Accel: 0.19, 0.01, -0.95
Gyro: -28.59, 0.15, -7.83
Accel: 0.19, 0.00, -0.95
Gyro: -35.75, 0.18, -7.00
Accel: 0.19, 0.01, -0.94
Gyro: -41.34, -0.10, -7.57
Accel: 0.19, 0.01, -0.94
Gyro: -46.81, -0.18, -10.24
Accel: 0.19, 0.03, -0.94
Gyro: -53.15, 0.44, -15.14
Accel: 0.18, 0.07, -0.92
Gyro: -58.00, 1.23, -19.13
Accel: 0.18, 0.10, -0.93
Gyro: -61.37, 0.44, -24.23
Accel: 0.16, 0.19, -0.90
Gyro: -65.44, -0.83, -28.18
Accel: 0.16, 0.25, -0.91
Gyro: -65.00, -0.05, -29.18
Accel: 0.16, 0.26, -0.91
Gyro: -64.90, 2.11, -29.04
Accel: 0.16, 0.32, -0.89
Gyro: -66.93, 4.78, -30.56
Accel: 0.17, 0.43, -0.86
Gyro: -69.02, 6.65, -30.75
Accel: 0.17, 0.42, -0.82
Gyro: -63.32, 5.14, -28.27
Accel: 0.16, 0.42, -0.82
Gyro: -59.94, 3.51, -27.95
Accel: 0.16, 0.35, -0.80
Gyro: -63.55, 2.52, -30.76
Accel: 0.14, 0.27, -0.76
Gyro: -73.16, -0.11, -41.19
Accel: 0.12, 0.34, -0.74
Gyro: -86.49, -0.31, -53.22
Accel: 0.09, 0.44, -0.69
Gyro: -94.57, -1.01, -61.00
Accel: 0.06, 0.63, -0.68
Gyro: -96.76, -4.02, -68.06
Accel: 0.03, 0.89, -0.71
Gyro: -83.55, 0.28, -64.67
Accel: 0.02, 0.93, -0.66
Gyro: -60.96, -0.51, -56.30
Accel: 0.00, 0.96, -0.68
Gyro: -40.99, -0.57, -46.36
Accel: 0.01, 0.88, -0.62
Gyro: -33.30, -1.63, -33.39
Accel: -0.02, 0.86, -0.65
Gyro: -29.34, -5.83, -26.18
Accel: -0.03, 0.88, -0.66
Gyro: -26.80, -0.12, -18.07
Accel: -0.02, 0.84, -0.60
Gyro: -25.69, 1.59, -12.72
Accel: -0.02, 0.91, -0.64
Gyro: -21.74, 3.50, -7.90
Accel: 0.00, 0.91, -0.58
Gyro: -14.98, 6.77, -0.18
Accel: 0.01, 0.89, -0.57
Gyro: -6.28, 2.91, 2.85
Accel: 0.01, 0.87, -0.59
Gyro: 2.56, 1.86, 4.04
Accel: 0.00, 0.85, -0.60
Gyro: 8.61, 1.84, 4.78
Accel: 0.01, 0.84, -0.58
Gyro: 13.73, -0.16, 3.43
Accel: -0.01, 0.87, -0.62
Gyro: 20.91, -0.50, 3.22
Accel: -0.00, 0.86, -0.64
Gyro: 27.98, 3.34, 5.14
Accel: 0.01, 0.87, -0.62
Gyro: 35.54, 4.43, 9.35
Accel: 0.02, 0.82, -0.62
Gyro: 41.71, 2.21, 13.87
Accel: 0.02, 0.80, -0.66
Gyro: 47.01, 1.21, 16.40
Accel: 0.03, 0.80, -0.68
Gyro: 51.67, 1.82, 20.20
Accel: 0.04, 0.74, -0.69
Gyro: 56.11, 3.67, 25.06
Accel: 0.05, 0.71, -0.70
Gyro: 60.05, 2.90, 27.11
Accel: 0.05, 0.67, -0.73
Gyro: 63.89, 1.63, 30.53
Accel: 0.06, 0.60, -0.75
Gyro: 66.52, 2.24, 33.62
Accel: 0.08, 0.56, -0.78
Gyro: 66.17, 2.18, 33.72
Accel: 0.09, 0.52, -0.80
Gyro: 65.79, 1.62, 35.36
Accel: 0.11, 0.48, -0.82
Gyro: 65.19, 2.71, 35.93
Accel: 0.11, 0.46, -0.82
Gyro: 66.02, 2.66, 37.36
Accel: 0.12, 0.39, -0.84
Gyro: 66.97, 2.65, 38.40
Accel: 0.13, 0.38, -0.84
Gyro: 64.54, 2.29, 38.66
Accel: 0.14, 0.28, -0.85
Gyro: 64.28, 0.88, 38.13
Accel: 0.16, 0.23, -0.87
Gyro: 57.79, 0.75, 32.92
Accel: 0.16, 0.21, -0.90
Gyro: 54.32, 0.30, 30.89
Accel: 0.17, 0.16, -0.93
Gyro: 49.32, 2.19, 25.90
Accel: 0.17, 0.23, -0.90
Gyro: 44.01, 2.16, 24.46
Accel: 0.17, 0.18, -0.90
Gyro: 46.52, 0.02, 29.68
Accel: 0.19, 0.08, -0.91
Gyro: 42.90, 0.00, 27.66
Accel: 0.19, 0.11, -0.92
Gyro: 35.70, -2.29, 24.35
Accel: 0.18, 0.06, -0.96
Gyro: 34.66, -1.78, 23.93
Accel: 0.18, -0.01, -0.95
Gyro: 29.45, 3.13, 17.32
Accel: 0.19, -0.03, -0.91
Gyro: 22.34, 2.80, 11.04
Accel: 0.20, -0.04, -0.93
Gyro: 17.69, 0.00, 5.59
Accel: 0.21, -0.07, -0.92
Gyro: 11.09, -1.66, -1.74
Accel: 0.19, 0.02, -0.93
Gyro: 4.05, -4.23, -4.81
Accel: 0.19, 0.03, -0.95
Gyro: 3.36, -4.37, -3.10
Accel: 0.18, 0.04, -0.96
Gyro: 1.61, -2.85, -1.62
Accel: 0.19, 0.04, -0.95
Gyro: 1.14, -2.48, 0.40
Accel: 0.17, 0.05, -0.96
Gyro: 0.87, -2.94, 2.38
Accel: 0.18, 0.03, -0.97
Gyro: 1.73, -0.89, 2.30
Accel: 0.19, 0.02, -0.95
Gyro: 1.72, 0.02, 0.96
Accel: 0.18, 0.04, -0.94
Gyro: 1.29, -1.70, 1.66
Accel: 0.18, 0.03, -0.95
Gyro: -0.23, -1.66, 1.58
Accel: 0.18, 0.02, -0.96
Gyro: -1.54, -0.63, 0.85
Accel: 0.19, 0.02, -0.95
Gyro: -2.75, -1.29, 0.61
Accel: 0.19, 0.03, -0.95
Gyro: -3.26, -1.18, 0.46
Accel: 0.18, 0.03, -0.95
Gyro: -4.15, -1.21, 0.16
Accel: 0.18, 0.02, -0.95
Gyro: -4.43, -0.89, -0.89
Accel: 0.19, 0.04, -0.96
Gyro: -4.15, -1.46, -0.51
Accel: 0.18, 0.05, -0.96
Gyro: -4.86, -0.78, 0.18
Accel: 0.18, 0.04, -0.97
Gyro: -5.77, 0.46, 0.58
Accel: 0.18, 0.04, -0.95
Gyro: -5.82, 1.53, -1.66
Accel: 0.19, 0.06, -0.95
Gyro: -4.61, 0.76, -2.27
Accel: 0.19, 0.06, -0.94
Gyro: -3.50, 0.81, -2.29
Accel: 0.19, 0.05, -0.94
Gyro: -3.54, 0.69, -2.22
Accel: 0.19, 0.04, -0.95
Gyro: -3.30, -0.18, -2.05
Accel: 0.19, 0.04, -0.94
Gyro: -3.23, -1.37, -2.11
Accel: 0.19, 0.05, -0.95
Gyro: -3.75, -1.72, -2.06
Accel: 0.19, 0.05, -0.95
Gyro: -4.37, -1.24, -1.72
