Accel: 0.10, -0.02, -0.97
Gyro: -4.10, -0.38, -0.71
Accel: 0.11, -0.03, -0.96
Gyro: -3.91, -0.43, -0.70
Accel: 0.11, -0.03, -0.95
Gyro: -4.13, -0.81, -1.08
Accel: 0.11, -0.03, -0.96
Gyro: -3.98, -0.92, -1.63
Accel: 0.11, -0.02, -0.96
Gyro: -3.83, -0.23, -1.76
Accel: 0.11, -0.01, -0.95
Gyro: -3.74, -0.56, -1.85
Accel: 0.11, -0.01, -0.96
Gyro: -3.33, -0.92, -1.41
Accel: 0.11, -0.01, -0.97
Gyro: -2.96, -0.14, -0.95
Accel: 0.11, -0.02, -0.97
Gyro: -3.06, 0.02, -0.92
Accel: 0.11, -0.02, -0.96
Gyro: -3.80, -0.11, -1.56
Accel: 0.11, -0.04, -0.97
Gyro: -4.40, -0.03, -2.17
Accel: 0.11, -0.05, -0.97
Gyro: -6.17, 0.53, -4.06
Accel: 0.11, -0.06, -0.96
Gyro: -8.51, 0.66, -5.69
Accel: 0.11, -0.06, -0.96
Gyro: -11.93, 0.08, -7.68
Accel: 0.12, -0.05, -0.95
Gyro: -15.84, -1.13, -8.61
Accel: 0.12, -0.05, -0.95
Gyro: -19.98, -2.33, -7.93
Accel: 0.11, -0.06, -0.95
Gyro: -26.15, -3.50, -8.57
Accel: 0.10, -0.05, -0.95
Gyro: -33.72, -4.06, -10.31
Accel: 0.10, -0.03, -0.95
Gyro: -40.91, -4.93, -11.91
Accel: 0.10, -0.03, -0.93
Gyro: -45.47, -4.59, -13.44
Accel: 0.09, 0.01, -0.95
Gyro: -53.13, -5.08, -16.40
Accel: 0.09, 0.04, -0.94
Gyro: -59.97, -4.10, -19.62
Accel: 0.08, 0.08, -0.93
Gyro: -66.93, -3.07, -22.14
Accel: 0.08, 0.12, -0.92
Gyro: -72.27, -2.59, -25.89
Accel: 0.09, 0.18, -0.92
Gyro: -74.60, -1.40, -28.51
Accel: 0.08, 0.23, -0.89
Gyro: -75.16, -0.89, -29.15
Accel: 0.07, 0.25, -0.86
Gyro: -76.73, -3.46, -31.85
Accel: 0.06, 0.29, -0.86
Gyro: -78.38, -5.32, -34.55
Accel: 0.05, 0.33, -0.86
Gyro: -81.59, -3.39, -36.96
Accel: 0.04, 0.35, -0.83
Gyro: -84.37, -1.43, -39.74
Accel: 0.04, 0.39, -0.80
Gyro: -87.41, -0.24, -45.34
Accel: 0.03, 0.49, -0.76
Gyro: -90.54, 0.78, -52.12
Accel: 0.03, 0.57, -0.68
Gyro: -85.05, -3.38, -55.76
Accel: 0.01, 0.67, -0.67
Gyro: -72.68, -14.31, -58.25
Accel: -0.03, 0.72, -0.67
Gyro: -58.68, -21.32, -54.15
Accel: -0.09, 0.77, -0.72
Gyro: -52.71, -24.65, -52.55
Accel: -0.13, 0.84, -0.76
Gyro: -43.99, -20.88, -44.92
Accel: -0.15, 0.82, -0.73
Gyro: -32.67, -17.43, -35.51
Accel: -0.18, 0.84, -0.77
Gyro: -26.49, -13.18, -29.70
Accel: -0.18, 0.84, -0.72
Gyro: -22.57, -5.70, -18.00
Accel: -0.18, 0.80, -0.71
Gyro: -18.89, -4.71, -10.03
Accel: -0.18, 0.83, -0.73
Gyro: -15.75, 1.53, -2.79
Accel: -0.16, 0.81, -0.66
Gyro: -11.42, 4.63, 3.01
Accel: -0.15, 0.82, -0.65
Gyro: -4.76, 4.32, 6.67
Accel: -0.15, 0.80, -0.64
Gyro: 4.39, 3.78, 8.63
Accel: -0.15, 0.77, -0.65
Gyro: 12.13, 2.17, 7.90
Accel: -0.15, 0.78, -0.68
Gyro: 19.65, 2.46, 7.27
Accel: -0.14, 0.81, -0.70
Gyro: 27.77, 5.11, 8.95
Accel: -0.13, 0.83, -0.70
Gyro: 36.48, 6.95, 13.33
Accel: -0.12, 0.77, -0.70
Gyro: 45.97, 6.64, 17.56
Accel: -0.11, 0.76, -0.73
Gyro: 53.03, 6.32, 20.60
Accel: -0.10, 0.70, -0.77
Gyro: 58.96, 9.33, 25.20
Accel: -0.08, 0.63, -0.79
Gyro: 61.94, 14.04, 26.50
Accel: -0.07, 0.61, -0.78
Gyro: 64.48, 15.84, 27.00
Accel: -0.04, 0.56, -0.79
Gyro: 66.34, 16.33, 29.43
Accel: -0.02, 0.51, -0.80
Gyro: 67.86, 16.59, 30.91
Accel: -0.00, 0.48, -0.81
Gyro: 67.84, 14.26, 31.14
Accel: 0.01, 0.43, -0.84
Gyro: 68.42, 13.50, 32.30
Accel: 0.03, 0.39, -0.84
Gyro: 65.83, 13.20, 32.45
Accel: 0.03, 0.37, -0.84
Gyro: 64.16, 10.15, 33.92
Accel: 0.05, 0.30, -0.86
Gyro: 63.48, 6.92, 34.80
Accel: 0.06, 0.25, -0.88
Gyro: 60.23, 5.05, 32.31
Accel: 0.06, 0.24, -0.90
Gyro: 58.49, 3.44, 31.79
Accel: 0.06, 0.18, -0.91
Gyro: 57.52, 3.16, 29.51
Accel: 0.07, 0.19, -0.92
Gyro: 56.16, 2.72, 28.91
Accel: 0.08, 0.12, -0.95
Gyro: 55.56, 3.59, 30.33
Accel: 0.09, 0.03, -0.94
Gyro: 50.48, 5.10, 26.41
Accel: 0.10, 0.06, -0.94
Gyro: 42.06, 4.20, 20.97
Accel: 0.09, 0.03, -0.94
Gyro: 39.88, 3.40, 21.10
Accel: 0.11, -0.03, -0.95
Gyro: 35.80, 3.59, 18.61
Accel: 0.12, -0.03, -0.93
Gyro: 27.73, 3.20, 14.76
Accel: 0.11, -0.01, -0.94
Gyro: 22.89, 1.10, 14.40
Accel: 0.11, -0.04, -0.95
Gyro: 20.99, 1.43, 13.31
Accel: 0.12, -0.06, -0.94
Gyro: 16.87, 1.46, 10.02
Accel: 0.11, -0.04, -0.95
Gyro: 14.43, -0.50, 8.35
Accel: 0.11, -0.06, -0.97
Gyro: 14.68, -0.40, 6.20
Accel: 0.12, -0.08, -0.95
Gyro: 14.27, 0.36, 2.40
Accel: 0.11, -0.07, -0.95
Gyro: 13.64, -0.91, 0.44
Accel: 0.11, -0.07, -0.97
Gyro: 11.86, -0.95, -0.85
Accel: 0.11, -0.08, -0.96
Gyro: 8.62, 0.23, -1.77
Accel: 0.11, -0.07, -0.96
Gyro: 4.77, 0.38, -1.54
Accel: 0.11, -0.06, -0.96
Gyro: 1.64, -0.90, -0.37
Accel: 0.11, -0.07, -0.97
Gyro: -0.17, -0.79, 0.36
Accel: 0.11, -0.07, -0.96
Gyro: -2.38, 0.04, 0.05
Accel: 0.11, -0.06, -0.95
Gyro: -3.63, -0.94, 0.35
Accel: 0.11, -0.06, -0.96
Gyro: -3.65, -0.36, 0.96
Accel: 0.12, -0.07, -0.96
Gyro: -4.00, 0.10, -0.49
Accel: 0.11, -0.06, -0.95
Gyro: -4.37, -0.48, -1.99
Accel: 0.11, -0.04, -0.95
Gyro: -3.77, -1.83, -1.21
Accel: 0.11, -0.06, -0.97
Gyro: -4.50, -1.35, -1.16
Accel: 0.10, -0.05, -0.96
Gyro: -5.41, -1.27, -1.20
Accel: 0.11, -0.05, -0.97
Gyro: -5.66, -1.34, -0.85
Accel: 0.11, -0.04, -0.97
Gyro: -6.21, -0.88, -0.47
Accel: 0.11, -0.04, -0.97
Gyro: -6.39, 0.07, -0.08
Accel: 0.11, -0.03, -0.97
Gyro: -6.02, 0.51, -0.14
Accel: 0.12, -0.03, -0.96
Gyro: -5.10, 0.49, -0.37
Accel: 0.11, -0.04, -0.96
Gyro: -4.60, 0.55, -0.69
Accel: 0.12, -0.03, -0.96
Gyro: -3.72, 0.57, -1.01
Accel: 0.12, -0.03, -0.96
Gyro: -3.45, 0.33, -1.25
Accel: 0.11, -0.03, -0.96
Gyro: -3.65, 0.30, -1.31
Accel: 0.12, -0.03, -0.95
Gyro: -3.37, 0.09, -1.40
