Accel: 0.12, -0.02, -0.96
Gyro: -3.53, -1.21, -2.67
Accel: 0.11, -0.02, -0.96
Gyro: -3.51, -1.17, -1.70
Accel: 0.12, -0.02, -0.95
Gyro: -3.92, -0.85, -1.34
Accel: 0.12, -0.03, -0.96
Gyro: -4.26, -1.06, -1.37
Accel: 0.11, -0.03, -0.97
Gyro: -4.23, -0.46, -1.14
Accel: 0.12, -0.04, -0.96
Gyro: -5.04, -0.81, -1.78
Accel: 0.11, -0.03, -0.96
Gyro: -5.58, -1.31, -2.58
Accel: 0.11, -0.03, -0.96
Gyro: -5.65, -1.31, -2.59
Accel: 0.11, -0.03, -0.95
Gyro: -5.69, -0.39, -2.66
Accel: 0.11, -0.03, -0.96
Gyro: -6.25, 0.08, -3.20
Accel: 0.12, -0.04, -0.96
Gyro: -7.16, -0.05, -3.82
Accel: 0.12, -0.05, -0.98
Gyro: -8.89, -0.95, -4.84
Accel: 0.12, -0.06, -0.96
Gyro: -12.77, -1.14, -6.82
Accel: 0.12, -0.07, -0.95
Gyro: -17.74, -1.22, -9.43
Accel: 0.12, -0.08, -0.96
Gyro: -24.00, -1.27, -12.18
Accel: 0.12, -0.06, -0.95
Gyro: -30.95, -1.63, -15.16
Accel: 0.12, -0.04, -0.95
Gyro: -38.25, -2.37, -17.41
Accel: 0.12, -0.02, -0.94
Gyro: -43.83, -3.17, -19.25
Accel: 0.12, 0.00, -0.93
Gyro: -47.68, -4.62, -21.25
Accel: 0.10, 0.02, -0.94
Gyro: -54.24, -4.59, -24.98
Accel: 0.10, 0.02, -0.94
Gyro: -59.56, -5.13, -28.78
Accel: 0.09, 0.06, -0.91
Gyro: -67.51, -5.35, -37.09
Accel: 0.07, 0.12, -0.91
Gyro: -73.09, -5.43, -45.36
Accel: 0.06, 0.21, -0.91
Gyro: -73.79, -4.77, -48.61
Accel: 0.05, 0.24, -0.90
Gyro: -71.84, -3.46, -48.92
Accel: 0.04, 0.25, -0.88
Gyro: -71.57, -3.14, -50.82
Accel: 0.04, 0.27, -0.85
Gyro: -76.81, -1.66, -53.73
Accel: 0.04, 0.29, -0.79
Gyro: -83.36, -3.20, -57.05
Accel: 0.02, 0.35, -0.77
Gyro: -89.81, -7.55, -61.55
Accel: -0.01, 0.44, -0.75
Gyro: -92.37, -10.85, -63.29
Accel: -0.03, 0.53, -0.72
Gyro: -93.73, -13.30, -63.77
Accel: -0.08, 0.69, -0.73
Gyro: -92.14, -14.72, -63.35
Accel: -0.11, 0.88, -0.77
Gyro: -78.44, -12.88, -55.38
Accel: -0.12, 0.97, -0.75
Gyro: -52.11, -9.73, -40.45
Accel: -0.13, 0.88, -0.70
Gyro: -30.78, -10.84, -29.34
Accel: -0.14, 0.82, -0.73
Gyro: -20.61, -13.01, -22.82
Accel: -0.16, 0.79, -0.74
Gyro: -15.43, -8.32, -13.57
Accel: -0.16, 0.75, -0.72
Gyro: -16.49, -4.71, -7.48
Accel: -0.15, 0.76, -0.73
Gyro: -19.13, 0.37, -2.56
Accel: -0.15, 0.79, -0.71
Gyro: -16.20, 4.62, 1.70
Accel: -0.13, 0.76, -0.68
Gyro: -10.11, 5.59, 3.76
Accel: -0.12, 0.78, -0.67
Gyro: -2.19, 5.96, 5.13
Accel: -0.14, 0.80, -0.69
Gyro: 4.91, 5.04, 6.65
Accel: -0.13, 0.80, -0.68
Gyro: 13.35, 5.61, 10.66
Accel: -0.12, 0.82, -0.70
Gyro: 20.65, 6.50, 13.65
Accel: -0.11, 0.82, -0.70
Gyro: 31.66, 6.46, 17.55
Accel: -0.10, 0.81, -0.69
Gyro: 42.63, 4.37, 23.67
Accel: -0.09, 0.75, -0.72
Gyro: 51.80, 4.71, 29.05
Accel: -0.08, 0.71, -0.75
Gyro: 57.46, 5.49, 31.86
Accel: -0.06, 0.69, -0.77
Gyro: 63.16, 5.98, 36.13
Accel: -0.04, 0.60, -0.80
Gyro: 67.24, 9.36, 37.89
Accel: -0.03, 0.59, -0.79
Gyro: 68.86, 10.30, 39.70
Accel: -0.01, 0.52, -0.81
Gyro: 73.52, 10.18, 42.88
Accel: 0.01, 0.47, -0.83
Gyro: 74.89, 10.54, 43.89
Accel: 0.03, 0.42, -0.82
Gyro: 74.16, 9.22, 44.60
Accel: 0.04, 0.35, -0.83
Gyro: 72.24, 8.45, 44.99
Accel: 0.06, 0.29, -0.85
Gyro: 69.46, 6.58, 43.33
Accel: 0.07, 0.26, -0.86
Gyro: 64.75, 5.17, 41.77
Accel: 0.07, 0.23, -0.87
Gyro: 61.20, 3.15, 41.82
Accel: 0.08, 0.19, -0.90
Gyro: 59.20, 1.30, 41.63
Accel: 0.09, 0.16, -0.93
Gyro: 59.15, 1.34, 42.19
Accel: 0.10, 0.13, -0.92
Gyro: 57.02, 2.01, 42.59
Accel: 0.10, 0.04, -0.91
Gyro: 52.24, 0.51, 39.67
Accel: 0.10, -0.01, -0.92
Gyro: 44.91, -0.95, 33.79
Accel: 0.10, -0.04, -0.94
Gyro: 36.72, -2.85, 27.61
Accel: 0.11, -0.03, -0.93
Gyro: 30.30, -4.52, 24.19
Accel: 0.10, -0.06, -0.96
Gyro: 25.51, -4.33, 20.45
Accel: 0.09, -0.05, -0.97
Gyro: 20.58, -3.63, 15.53
Accel: 0.08, -0.03, -0.97
Gyro: 18.63, -2.92, 13.32
Accel: 0.09, -0.08, -0.98
Gyro: 17.64, -1.05, 10.70
Accel: 0.10, -0.09, -0.96
Gyro: 14.25, 0.25, 5.87
Accel: 0.10, -0.08, -0.95
Gyro: 10.67, -0.56, 2.01
Accel: 0.10, -0.07, -0.95
Gyro: 7.98, -0.64, 0.66
Accel: 0.10, -0.07, -0.97
Gyro: 4.77, 0.69, 0.48
Accel: 0.10, -0.06, -0.96
Gyro: 0.63, 0.62, 0.11
Accel: 0.11, -0.04, -0.97
Gyro: -1.07, 0.18, 1.59
Accel: 0.10, -0.05, -0.97
Gyro: -1.78, 0.60, 1.73
Accel: 0.12, -0.05, -0.97
Gyro: -2.79, 0.85, 0.07
Accel: 0.11, -0.05, -0.96
Gyro: -4.45, 0.56, -1.69
Accel: 0.11, -0.03, -0.98
Gyro: -4.49, 0.72, -2.17
Accel: 0.12, -0.04, -0.96
Gyro: -4.62, 1.56, -2.58
Accel: 0.11, -0.03, -0.96
Gyro: -4.69, 1.03, -3.44
Accel: 0.11, -0.02, -0.96
Gyro: -4.87, -0.11, -3.65
Accel: 0.12, -0.01, -0.96
Gyro: -5.32, -0.11, -3.27
Accel: 0.12, -0.01, -0.96
Gyro: -5.36, 0.08, -2.78
Accel: 0.12, -0.01, -0.96
Gyro: -5.30, -0.43, -2.43
Accel: 0.11, 0.00, -0.97
Gyro: -4.77, -0.98, -1.43
Accel: 0.11, 0.00, -0.96
Gyro: -3.99, -0.12, -1.35
Accel: 0.12, -0.01, -0.95
Gyro: -3.17, 0.14, -1.73
Accel: 0.11, -0.01, -0.96
Gyro: -3.20, -0.53, -1.95
Accel: 0.12, -0.01, -0.97
Gyro: -3.57, -0.72, -1.86
Accel: 0.12, -0.01, -0.97
Gyro: -4.10, -0.66, -1.67
Accel: 0.11, -0.01, -0.96
Gyro: -4.37, 0.09, -1.72
Accel: 0.12, -0.01, -0.96
Gyro: -3.88, -0.50, -1.36
Accel: 0.11, -0.01, -0.96
Gyro: -4.25, -1.08, -1.64
Accel: 0.11, -0.01, -0.96
Gyro: -3.85, -0.86, -1.49
Accel: 0.11, -0.01, -0.97
Gyro: -3.35, -0.12, -1.55
Accel: 0.11, -0.00, -0.96
Gyro: -3.29, -0.66, -2.32
Accel: 0.11, -0.00, -0.98
Gyro: -3.36, -0.47, -2.33
Accel: 0.11, -0.01, -0.96
Gyro: -4.36, -0.53, -2.72
Accel: 0.12, -0.02, -0.95
Gyro: -5.29, -1.54, -3.11
