Accel: -0.29, -0.12, -0.95
Gyro: -0.82, -0.69, 1.28
Accel: -0.29, -0.10, -0.93
Gyro: -1.70, 1.19, 0.41
Accel: -0.29, -0.09, -0.93
Gyro: -0.50, 1.44, 0.53
Accel: -0.29, -0.11, -0.92
Gyro: -1.12, 1.77, 0.40
Accel: -0.28, -0.10, -0.92
Gyro: -0.52, 2.46, 0.16
Accel: -0.28, -0.10, -0.92
Gyro: 0.05, 2.73, 0.60
Accel: -0.27, -0.10, -0.92
Gyro: 1.42, 2.56, 1.90
Accel: -0.26, -0.11, -0.90
Gyro: 0.83, 1.55, 2.52
Accel: -0.26, -0.12, -0.91
Gyro: 0.11, -0.46, 2.14
Accel: -0.28, -0.13, -0.93
Gyro: -1.06, -0.61, 0.91
Accel: -0.27, -0.12, -0.92
Gyro: -0.87, 0.05, -0.34
Accel: -0.27, -0.12, -0.92
Gyro: -0.49, 0.27, -0.46
Accel: -0.27, -0.12, -0.94
Gyro: -1.82, 0.37, -1.05
Accel: -0.26, -0.12, -0.92
Gyro: -2.69, 0.63, -1.63
Accel: -0.26, -0.11, -0.93
Gyro: -2.48, 0.62, -1.48
Accel: -0.27, -0.10, -0.92
Gyro: -3.02, 0.34, -1.69
Accel: -0.26, -0.10, -0.93
Gyro: -3.30, 0.08, -1.62
Accel: -0.26, -0.11, -0.92
Gyro: -2.91, -0.73, -1.21
Accel: -0.26, -0.10, -0.92
Gyro: -2.59, -1.48, -1.22
Accel: -0.26, -0.09, -0.93
Gyro: -2.57, -1.58, -0.81
Accel: -0.26, -0.09, -0.91
Gyro: -1.50, -1.85, 0.09
Accel: -0.27, -0.08, -0.92
Gyro: -0.70, -2.49, 1.63
Accel: -0.26, -0.07, -0.92
Gyro: 0.61, -2.66, 4.90
Accel: -0.27, -0.04, -0.92
Gyro: 0.47, -2.86, 10.51
Accel: -0.27, 0.00, -0.91
Gyro: 1.22, -3.99, 20.53
Accel: -0.28, 0.06, -0.91
Gyro: 3.52, -6.46, 36.76
Accel: -0.30, 0.13, -0.93
Gyro: 4.16, -6.19, 62.45
Accel: -0.33, 0.14, -0.91
Gyro: 5.32, -5.29, 91.21
Accel: -0.36, 0.02, -0.95
Gyro: 7.12, -1.02, 109.94
Accel: -0.41, -0.00, -1.00
Gyro: 8.70, 6.36, 115.77
Accel: -0.45, -0.07, -1.05
Gyro: 11.96, 22.78, 115.57
Accel: -0.43, -0.11, -1.05
Gyro: 16.21, 37.75, 104.49
Accel: -0.42, -0.14, -1.07
Gyro: 18.97, 54.21, 90.14
Accel: -0.40, -0.17, -1.11
Gyro: 21.96, 73.11, 72.50
Accel: -0.34, -0.15, -0.98
Gyro: 26.55, 84.20, 52.96
Accel: -0.30, -0.16, -1.00
Gyro: 20.93, 94.02, 35.64
Accel: -0.26, -0.18, -1.07
Gyro: 26.31, 106.25, 17.00
Accel: -0.19, -0.21, -1.05
Gyro: 30.40, 122.41, -3.48
Accel: -0.10, -0.24, -0.96
Gyro: 35.05, 134.71, -25.47
Accel: 0.02, -0.26, -0.84
Gyro: 40.73, 132.66, -44.65
Accel: 0.07, -0.27, -0.95
Gyro: 31.68, 127.73, -63.06
Accel: 0.21, -0.22, -0.76
Gyro: 30.30, 122.24, -74.19
Accel: 0.33, -0.22, -0.69
Gyro: 31.91, 104.23, -84.29
Accel: 0.40, -0.21, -0.72
Gyro: 37.31, 83.02, -98.19
Accel: 0.46, -0.20, -0.71
Gyro: 43.32, 61.42, -109.49
Accel: 0.49, -0.20, -0.72
Gyro: 44.90, 43.28, -121.64
Accel: 0.53, -0.19, -0.72
Gyro: 41.38, 26.82, -130.98
Accel: 0.53, -0.17, -0.75
Gyro: 36.87, 15.07, -139.19
Accel: 0.55, -0.16, -0.72
Gyro: 40.71, 3.86, -145.42
Accel: 0.57, -0.10, -0.67
Gyro: 47.26, -12.95, -148.35
Accel: 0.56, -0.06, -0.73
Gyro: 53.09, -25.15, -147.74
Accel: 0.57, -0.05, -0.69
Gyro: 56.34, -42.70, -142.46
Accel: 0.55, -0.07, -0.64
Gyro: 54.51, -64.00, -140.53
Accel: 0.52, -0.00, -0.57
Gyro: 52.06, -96.18, -132.67
Accel: 0.42, 0.04, -0.57
Gyro: 46.42, -131.53, -115.88
Accel: 0.34, 0.07, -0.75
Gyro: 37.11, -153.47, -96.07
Accel: 0.22, 0.14, -1.01
Gyro: 26.87, -149.61, -66.62
Accel: 0.16, 0.15, -0.95
Gyro: 18.84, -136.70, -32.19
Accel: 0.08, 0.10, -0.95
Gyro: 13.41, -130.02, -2.22
Accel: -0.02, 0.13, -0.98
Gyro: 16.03, -120.61, 21.09
Accel: -0.11, 0.15, -0.96
Gyro: 31.40, -112.57, 50.54
Accel: -0.22, 0.09, -0.99
Gyro: 32.70, -103.09, 76.89
Accel: -0.30, 0.03, -1.07
Gyro: 23.84, -86.45, 99.66
Accel: -0.35, 0.03, -1.10
Gyro: 7.59, -67.98, 117.14
Accel: -0.39, 0.02, -1.05
Gyro: 6.91, -52.33, 133.03
Accel: -0.43, -0.15, -1.05
Gyro: 6.28, -37.30, 132.51
Accel: -0.44, -0.14, -1.02
Gyro: 2.24, -20.94, 122.34
Accel: -0.40, -0.22, -0.93
Gyro: 12.92, -12.93, 107.19
Accel: -0.41, -0.23, -0.95
Gyro: -1.54, -5.90, 87.98
Accel: -0.36, -0.27, -0.90
Gyro: -0.04, -8.86, 60.67
Accel: -0.35, -0.18, -0.96
Gyro: -3.68, -4.00, 39.98
Accel: -0.34, -0.15, -0.90
Gyro: -6.21, -3.05, 24.23
Accel: -0.33, -0.07, -0.94
Gyro: -0.63, -2.52, 15.10
Accel: -0.33, -0.02, -0.93
Gyro: -0.42, 1.69, 14.31
Accel: -0.31, -0.03, -0.91
Gyro: 1.54, 1.43, 14.65
Accel: -0.31, -0.03, -0.92
Gyro: 3.10, 0.77, 14.35
Accel: -0.32, -0.04, -0.94
Gyro: 1.78, 3.28, 12.89
Accel: -0.31, -0.06, -0.93
Gyro: -0.72, 5.92, 8.47
Accel: -0.30, -0.04, -0.94
Gyro: -2.10, 5.65, 3.85
Accel: -0.30, -0.04, -0.94
Gyro: 1.16, 6.26, 1.36
Accel: -0.29, -0.05, -0.93
Gyro: 1.62, 7.16, -0.05
Accel: -0.28, -0.04, -0.93
Gyro: 4.11, 6.66, -0.28
Accel: -0.27, -0.05, -0.93
Gyro: 4.41, 6.30, -0.24
Accel: -0.26, -0.06, -0.92
Gyro: 3.39, 5.62, -0.71
Accel: -0.26, -0.06, -0.92
Gyro: 1.69, 4.46, -1.56
Accel: -0.27, -0.06, -0.93
Gyro: 0.05, 4.91, -1.31
Accel: -0.26, -0.06, -0.93
Gyro: -1.27, 5.10, -1.46
Accel: -0.25, -0.06, -0.92
Gyro: -1.11, 4.08, -2.03
Accel: -0.26, -0.06, -0.92
Gyro: -1.55, 2.82, -2.85
Accel: -0.26, -0.05, -0.94
Gyro: -2.79, 3.04, -2.73
Accel: -0.27, -0.04, -0.93
Gyro: -2.48, 3.27, -2.82
Accel: -0.25, -0.04, -0.93
Gyro: -0.70, 2.45, -2.04
Accel: -0.26, -0.05, -0.93
Gyro: -0.90, 2.58, -2.05
Accel: -0.25, -0.05, -0.93
Gyro: -1.70, 1.79, -1.95
Accel: -0.25, -0.05, -0.93
Gyro: -1.85, 2.03, -1.49
Accel: -0.25, -0.04, -0.94
Gyro: -2.68, 2.68, -1.77
Accel: -0.24, -0.04, -0.93
Gyro: -2.49, 2.46, -2.49
Accel: -0.24, -0.04, -0.93
Gyro: -0.82, 1.63, -2.48
Accel: -0.25, -0.05, -0.93
Gyro: -1.24, 2.27, -2.33
Accel: -0.24, -0.05, -0.94
Gyro: -0.57, 2.41, -1.64
Accel: -0.24, -0.06, -0.94
Gyro: -0.18, 1.72, -1.59
