Accel: -0.26, -0.08, -0.95
Gyro: -3.77, -2.28, -1.91
Accel: -0.26, -0.09, -0.93
Gyro: -3.52, -1.95, -2.12
Accel: -0.26, -0.09, -0.94
Gyro: -4.43, -2.46, -2.27
Accel: -0.26, -0.08, -0.94
Gyro: -3.90, -2.31, -2.41
Accel: -0.27, -0.09, -0.94
Gyro: -4.13, -1.43, -2.34
Accel: -0.27, -0.09, -0.94
Gyro: -5.17, -1.04, -3.14
Accel: -0.27, -0.08, -0.96
Gyro: -4.39, -0.75, -3.91
Accel: -0.27, -0.08, -0.95
Gyro: -2.17, 0.26, -2.83
Accel: -0.26, -0.08, -0.94
Gyro: -3.14, 1.17, -3.24
Accel: -0.26, -0.07, -0.93
Gyro: -2.27, 1.59, -2.45
Accel: -0.25, -0.07, -0.94
Gyro: -1.48, 2.08, -1.05
Accel: -0.26, -0.08, -0.94
Gyro: -1.21, 2.14, -0.40
Accel: -0.25, -0.08, -0.94
Gyro: -1.40, 1.58, -0.14
Accel: -0.26, -0.08, -0.94
Gyro: -0.17, 1.35, 0.85
Accel: -0.26, -0.07, -0.95
Gyro: -0.56, 2.22, 1.23
Accel: -0.26, -0.04, -0.94
Gyro: 2.05, 3.20, 4.49
Accel: -0.26, -0.02, -0.94
Gyro: 4.16, 3.73, 11.24
Accel: -0.27, 0.02, -0.96
Gyro: 5.33, 5.25, 21.48
Accel: -0.30, 0.10, -1.01
Gyro: 10.89, 9.61, 36.57
Accel: -0.41, 0.12, -1.21
Gyro: 26.28, 31.03, 57.43
Accel: -0.33, -0.05, -0.96
Gyro: 38.57, 49.68, 68.33
Accel: -0.26, -0.14, -0.88
Gyro: 31.34, 45.83, 63.70
Accel: -0.28, -0.09, -0.99
Gyro: 27.57, 48.57, 60.72
Accel: -0.25, -0.13, -1.03
Gyro: 29.77, 55.78, 54.70
Accel: -0.27, -0.13, -1.10
Gyro: 40.80, 72.59, 50.00
Accel: -0.21, -0.17, -1.04
Gyro: 41.72, 89.33, 44.88
Accel: -0.22, -0.23, -1.10
Gyro: 43.72, 107.65, 35.94
Accel: -0.12, -0.28, -0.94
Gyro: 38.13, 122.09, 24.74
Accel: -0.04, -0.36, -0.94
Gyro: 37.61, 121.15, 12.25
Accel: 0.01, -0.44, -0.95
Gyro: 26.08, 128.85, -8.32
Accel: 0.16, -0.46, -0.73
Gyro: 26.35, 118.64, -29.95
Accel: 0.21, -0.56, -0.80
Gyro: 23.06, 100.40, -60.81
Accel: 0.27, -0.53, -0.81
Gyro: 18.77, 92.92, -95.83
Accel: 0.36, -0.39, -0.69
Gyro: 23.99, 78.32, -121.27
Accel: 0.40, -0.31, -0.75
Gyro: 29.33, 66.27, -129.86
Accel: 0.47, -0.24, -0.72
Gyro: 20.58, 61.51, -130.11
Accel: 0.53, -0.24, -0.73
Gyro: 9.99, 46.37, -128.71
Accel: 0.59, -0.14, -0.73
Gyro: -6.88, 38.75, -122.34
Accel: 0.63, -0.17, -0.66
Gyro: -2.53, 28.69, -116.40
Accel: 0.66, -0.10, -0.69
Gyro: -15.53, 21.19, -113.15
Accel: 0.64, 0.04, -0.57
Gyro: 8.64, 12.12, -99.96
Accel: 0.70, 0.03, -0.60
Gyro: 4.75, -3.36, -91.09
Accel: 0.71, 0.08, -0.60
Gyro: 9.94, -20.29, -83.57
Accel: 0.70, 0.09, -0.61
Gyro: 10.22, -37.39, -79.81
Accel: 0.68, 0.07, -0.58
Gyro: 15.71, -56.82, -74.42
Accel: 0.64, 0.10, -0.58
Gyro: 10.54, -79.32, -67.50
Accel: 0.56, 0.19, -0.68
Gyro: 15.02, -100.98, -53.79
Accel: 0.44, 0.09, -0.77
Gyro: 18.96, -107.75, -40.57
Accel: 0.40, 0.11, -0.79
Gyro: 9.00, -113.66, -35.87
Accel: 0.32, 0.18, -0.80
Gyro: 9.38, -123.09, -22.54
Accel: 0.25, 0.21, -0.94
Gyro: 8.29, -125.54, -6.20
Accel: 0.17, 0.23, -0.91
Gyro: 11.26, -125.26, 13.79
Accel: 0.09, 0.20, -0.89
Gyro: 15.48, -125.94, 32.03
Accel: -0.01, 0.12, -1.00
Gyro: 19.86, -122.01, 42.95
Accel: -0.09, 0.13, -1.07
Gyro: 21.48, -109.11, 49.26
Accel: -0.15, 0.14, -1.00
Gyro: 24.28, -96.15, 63.13
Accel: -0.23, 0.03, -1.03
Gyro: 27.75, -86.54, 72.81
Accel: -0.27, -0.01, -1.11
Gyro: 19.89, -70.10, 72.19
Accel: -0.28, 0.01, -0.99
Gyro: 22.89, -60.29, 76.21
Accel: -0.29, -0.03, -0.96
Gyro: 24.83, -53.89, 74.55
Accel: -0.30, -0.05, -0.94
Gyro: 19.54, -50.87, 72.11
Accel: -0.34, -0.09, -0.96
Gyro: 15.41, -47.33, 68.15
Accel: -0.34, -0.09, -0.97
Gyro: 10.94, -42.34, 61.55
Accel: -0.37, -0.08, -1.00
Gyro: 6.54, -35.70, 55.93
Accel: -0.38, -0.09, -1.00
Gyro: 9.00, -27.18, 48.31
Accel: -0.38, -0.10, -0.97
Gyro: 10.24, -19.17, 38.48
Accel: -0.39, -0.07, -0.98
Gyro: 13.59, -12.00, 31.09
Accel: -0.40, -0.05, -0.98
Gyro: 15.98, -3.68, 28.28
Accel: -0.38, -0.07, -0.91
Gyro: 15.40, 0.31, 26.47
Accel: -0.37, -0.07, -0.94
Gyro: 14.50, 0.72, 23.58
Accel: -0.36, -0.07, -0.93
Gyro: 12.00, 3.17, 21.90
Accel: -0.35, -0.09, -0.92
Gyro: 10.03, 4.33, 19.36
Accel: -0.34, -0.12, -0.91
Gyro: 7.82, 3.42, 14.94
Accel: -0.34, -0.12, -0.93
Gyro: 5.15, 3.80, 10.34
Accel: -0.33, -0.11, -0.92
Gyro: 3.49, 3.93, 5.65
Accel: -0.32, -0.11, -0.90
Gyro: 1.87, 3.40, 1.34
Accel: -0.32, -0.10, -0.91
Gyro: 1.29, 1.68, -1.83
Accel: -0.32, -0.08, -0.92
Gyro: -0.43, 1.08, -2.94
Accel: -0.32, -0.08, -0.92
Gyro: -0.93, 0.60, -3.05
Accel: -0.31, -0.09, -0.93
Gyro: -4.43, 1.08, -3.40
Accel: -0.32, -0.07, -0.93
Gyro: -5.87, 2.12, -3.88
Accel: -0.32, -0.06, -0.92
Gyro: -3.93, 2.45, -3.15
Accel: -0.31, -0.06, -0.92
Gyro: -3.82, 2.27, -3.85
Accel: -0.31, -0.06, -0.92
Gyro: -4.10, 2.59, -3.76
Accel: -0.31, -0.06, -0.92
Gyro: -3.62, 2.23, -2.98
Accel: -0.30, -0.06, -0.92
Gyro: -3.49, 1.56, -3.11
Accel: -0.31, -0.05, -0.91
Gyro: -2.80, 0.56, -2.66
Accel: -0.30, -0.06, -0.92
Gyro: -2.03, -0.97, -2.20
Accel: -0.31, -0.06, -0.91
Gyro: -2.99, -1.51, -2.57
Accel: -0.32, -0.06, -0.93
Gyro: -2.01, -1.27, -2.52
Accel: -0.32, -0.09, -0.92
Gyro: -3.74, -1.88, -3.53
Accel: -0.33, -0.08, -0.93
Gyro: -6.26, -1.24, -5.88
Accel: -0.32, -0.06, -0.93
Gyro: -6.61, 0.24, -7.00
Accel: -0.31, -0.04, -0.93
Gyro: -5.23, 0.49, -7.09
Accel: -0.31, -0.04, -0.92
Gyro: -3.59, 1.12, -5.89
Accel: -0.31, -0.03, -0.92
Gyro: -2.16, 1.00, -4.20
Accel: -0.30, -0.04, -0.92
Gyro: -1.05, 0.66, -2.08
Accel: -0.30, -0.04, -0.92
Gyro: -1.02, 0.40, -0.87
Accel: -0.30, -0.05, -0.94
Gyro: -1.55, 0.67, -0.50
Accel: -0.30, -0.05, -0.93
Gyro: -0.50, 0.85, -0.32
Accel: -0.30, -0.05, -0.93
Gyro: 0.54, 0.59, 0.11
