Accel: -0.22, -0.05, -0.93
Gyro: 1.59, 2.62, -3.44
Accel: -0.22, -0.07, -0.94
Gyro: -0.30, 2.16, -1.29
Accel: -0.21, -0.07, -0.93
Gyro: 0.35, 1.63, -0.19
Accel: -0.22, -0.06, -0.93
Gyro: -0.36, 0.98, 0.86
Accel: -0.21, -0.07, -0.93
Gyro: 0.18, 0.08, 1.66
Accel: -0.22, -0.08, -0.94
Gyro: -1.17, -0.05, 1.84
Accel: -0.22, -0.08, -0.94
Gyro: -1.11, -0.95, 2.10
Accel: -0.23, -0.08, -0.94
Gyro: -1.24, -0.95, 2.47
Accel: -0.23, -0.08, -0.94
Gyro: -2.49, -1.08, 1.95
Accel: -0.23, -0.06, -0.94
Gyro: -1.72, -1.03, 1.84
Accel: -0.24, -0.08, -0.94
Gyro: -0.79, -1.37, 2.35
Accel: -0.23, -0.09, -0.95
Gyro: -1.59, -0.45, 0.91
Accel: -0.23, -0.08, -0.93
Gyro: -2.20, -0.10, 0.27
Accel: -0.22, -0.08, -0.94
Gyro: -1.79, -0.15, -0.41
Accel: -0.22, -0.07, -0.94
Gyro: -2.40, -0.15, -0.97
Accel: -0.22, -0.07, -0.93
Gyro: -1.47, -0.98, -1.12
Accel: -0.23, -0.08, -0.94
Gyro: -1.36, -1.87, -0.83
Accel: -0.23, -0.07, -0.95
Gyro: -2.18, -0.88, -0.82
Accel: -0.23, -0.07, -0.94
Gyro: -1.02, -1.05, 0.19
Accel: -0.22, -0.08, -0.94
Gyro: -1.05, -0.62, 0.12
Accel: -0.23, -0.08, -0.94
Gyro: -1.66, -0.22, -0.27
Accel: -0.23, -0.07, -0.94
Gyro: -0.98, 0.23, -0.01
Accel: -0.23, -0.08, -0.94
Gyro: -0.69, 0.66, 0.11
Accel: -0.23, -0.07, -0.93
Gyro: 0.16, 0.47, 0.24
Accel: -0.23, -0.08, -0.93
Gyro: -0.40, 0.50, 0.87
Accel: -0.22, -0.07, -0.93
Gyro: -0.35, 0.56, 1.11
Accel: -0.21, -0.08, -0.93
Gyro: -0.21, -0.29, 1.54
Accel: -0.22, -0.08, -0.93
Gyro: -0.09, -0.62, 1.88
Accel: -0.22, -0.08, -0.94
Gyro: -0.06, -0.87, 1.88
Accel: -0.22, -0.08, -0.95
Gyro: -0.05, -0.48, 1.79
Accel: -0.23, -0.09, -0.94
Gyro: -0.33, 0.53, 1.66
Accel: -0.22, -0.08, -0.95
Gyro: -0.89, 0.21, 0.98
Accel: -0.22, -0.07, -0.94
Gyro: 0.89, -1.08, 1.98
Accel: -0.23, -0.06, -0.94
Gyro: 0.53, -1.11, 3.28
Accel: -0.25, -0.03, -0.95
Gyro: 1.59, 0.25, 7.01
Accel: -0.25, 0.09, -0.98
Gyro: 4.43, 3.46, 21.18
Accel: -0.28, 0.13, -1.04
Gyro: 10.12, 11.05, 44.52
Accel: -0.32, 0.27, -1.09
Gyro: 20.15, 28.72, 76.77
Accel: -0.31, 0.09, -0.98
Gyro: 32.10, 40.37, 107.38
Accel: -0.29, -0.07, -0.95
Gyro: 24.22, 44.30, 118.27
Accel: -0.30, -0.09, -1.03
Gyro: 14.11, 52.64, 118.78
Accel: -0.32, -0.10, -1.09
Gyro: 15.10, 68.34, 119.53
Accel: -0.33, -0.24, -1.17
Gyro: 16.75, 94.15, 110.85
Accel: -0.23, -0.39, -1.07
Gyro: 12.16, 110.28, 81.18
Accel: -0.25, -0.37, -1.22
Gyro: 3.48, 139.82, 45.45
Accel: -0.01, -0.31, -0.76
Gyro: 10.27, 146.47, 18.27
Accel: -0.07, -0.38, -1.17
Gyro: 16.64, 153.61, -14.15
Accel: 0.13, -0.34, -0.62
Gyro: 29.79, 152.73, -48.99
Accel: 0.31, -0.33, -0.59
Gyro: 45.94, 117.06, -84.86
Accel: 0.42, -0.34, -0.63
Gyro: 58.02, 83.43, -117.58
Accel: 0.48, -0.29, -0.66
Gyro: 73.33, 44.33, -146.19
Accel: 0.50, -0.26, -0.69
Gyro: 76.51, 18.36, -162.67
Accel: 0.48, -0.22, -0.70
Gyro: 68.18, -0.02, -174.19
Accel: 0.48, -0.14, -0.70
Gyro: 63.88, -16.88, -177.02
Accel: 0.48, -0.10, -0.73
Gyro: 61.06, -36.03, -177.73
Accel: 0.49, -0.08, -0.75
Gyro: 58.49, -48.29, -170.53
Accel: 0.50, -0.04, -0.58
Gyro: 59.91, -74.62, -163.54
Accel: 0.47, -0.04, -0.48
Gyro: 65.95, -113.58, -142.75
Accel: 0.41, 0.09, -0.54
Gyro: 56.50, -161.06, -107.99
Accel: 0.22, 0.12, -0.92
Gyro: 14.08, -173.86, -50.09
Accel: 0.09, 0.22, -0.96
Gyro: -6.65, -147.93, -1.67
Accel: 0.04, 0.10, -1.03
Gyro: -0.84, -138.53, 27.64
Accel: -0.05, 0.13, -1.10
Gyro: -1.43, -118.85, 49.13
Accel: -0.09, 0.09, -1.10
Gyro: -0.04, -98.39, 73.11
Accel: -0.14, 0.03, -1.03
Gyro: 4.64, -80.78, 84.93
Accel: -0.20, 0.03, -0.95
Gyro: 10.41, -71.86, 95.71
Accel: -0.26, -0.06, -1.03
Gyro: 14.88, -63.19, 103.74
Accel: -0.31, -0.02, -1.04
Gyro: 14.74, -50.64, 108.73
Accel: -0.35, -0.10, -1.01
Gyro: 12.06, -40.44, 113.63
Accel: -0.37, -0.17, -1.05
Gyro: 2.91, -27.24, 106.55
Accel: -0.37, -0.16, -1.02
Gyro: 3.31, -15.40, 94.35
Accel: -0.37, -0.19, -0.98
Gyro: 6.50, -6.69, 80.29
Accel: -0.29, -0.20, -0.95
Gyro: 7.84, -1.23, 62.70
Accel: -0.37, -0.21, -0.94
Gyro: 0.47, 1.89, 47.50
Accel: -0.32, -0.22, -0.94
Gyro: -4.17, 5.42, 29.99
Accel: -0.31, -0.19, -0.91
Gyro: -5.71, 4.88, 18.13
Accel: -0.31, -0.16, -0.91
Gyro: -1.17, 0.66, 5.84
Accel: -0.30, -0.12, -0.94
Gyro: -4.99, 1.32, -1.98
Accel: -0.30, -0.09, -0.92
Gyro: -2.53, 1.79, -4.36
Accel: -0.30, -0.08, -0.92
Gyro: -3.17, 1.95, -5.54
Accel: -0.29, -0.08, -0.93
Gyro: -3.81, 2.69, -5.49
Accel: -0.28, -0.07, -0.93
Gyro: -3.13, 3.65, -4.68
Accel: -0.27, -0.08, -0.94
Gyro: -3.75, 4.91, -4.33
Accel: -0.26, -0.07, -0.93
Gyro: -5.42, 5.71, -4.57
Accel: -0.25, -0.08, -0.93
Gyro: -5.41, 5.75, -5.09
Accel: -0.25, -0.09, -0.95
Gyro: -6.20, 6.27, -6.71
Accel: -0.24, -0.08, -0.94
Gyro: -4.91, 7.38, -7.95
Accel: -0.22, -0.07, -0.93
Gyro: -4.20, 6.90, -8.40
Accel: -0.23, -0.08, -0.93
Gyro: -5.65, 6.58, -8.42
Accel: -0.22, -0.06, -0.93
Gyro: -7.19, 6.21, -8.17
Accel: -0.21, -0.05, -0.92
Gyro: -6.97, 4.44, -7.45
Accel: -0.22, -0.05, -0.93
Gyro: -6.90, 3.16, -6.97
Accel: -0.22, -0.04, -0.93
Gyro: -6.53, 1.79, -6.71
Accel: -0.22, -0.04, -0.94
Gyro: -5.85, 1.95, -6.61
Accel: -0.23, -0.03, -0.94
Gyro: -4.56, 1.66, -6.14
Accel: -0.23, -0.04, -0.93
Gyro: -2.86, 1.28, -5.33
Accel: -0.23, -0.04, -0.93
Gyro: -2.21, 0.65, -4.90
Accel: -0.23, -0.04, -0.93
Gyro: -1.82, 0.13, -4.56
Accel: -0.22, -0.04, -0.94
Gyro: -1.60, 0.17, -3.72
Accel: -0.23, -0.05, -0.95
Gyro: -1.17, 0.76, -2.56
Accel: -0.23, -0.05, -0.95
Gyro: -1.49, 0.70, -2.83
