Accel: -0.26, -0.08, -0.94
Gyro: -1.85, -0.56, -0.66
Accel: -0.26, -0.09, -0.93
Gyro: -1.34, -0.46, -0.33
Accel: -0.26, -0.09, -0.94
Gyro: -0.92, -0.69, -0.50
Accel: -0.26, -0.09, -0.95
Gyro: -1.60, -0.89, -0.76
Accel: -0.26, -0.09, -0.94
Gyro: -2.44, -0.54, -1.24
Accel: -0.26, -0.08, -0.94
Gyro: -3.20, 0.14, -1.38
Accel: -0.25, -0.08, -0.95
Gyro: -3.45, 0.28, -1.44
Accel: -0.25, -0.09, -0.95
Gyro: -3.56, 0.54, -1.59
Accel: -0.25, -0.08, -0.94
Gyro: -3.52, -0.08, -1.64
Accel: -0.25, -0.09, -0.93
Gyro: -2.97, -0.02, -1.48
Accel: -0.24, -0.09, -0.93
Gyro: -3.25, -0.49, -1.56
Accel: -0.25, -0.08, -0.93
Gyro: -3.01, -1.95, -1.52
Accel: -0.25, -0.09, -0.94
Gyro: -2.81, -2.44, -0.74
Accel: -0.26, -0.08, -0.94
Gyro: -4.31, -2.06, -2.19
Accel: -0.26, -0.07, -0.94
Gyro: -3.62, -2.08, -2.63
Accel: -0.27, -0.06, -0.93
Gyro: -2.29, -1.81, -2.20
Accel: -0.27, -0.06, -0.94
Gyro: -2.01, -0.81, -1.00
Accel: -0.26, -0.06, -0.94
Gyro: -2.25, -0.76, -0.49
Accel: -0.26, -0.07, -0.94
Gyro: -1.59, -0.77, -0.15
Accel: -0.26, -0.07, -0.94
Gyro: -1.95, -0.50, -0.83
Accel: -0.26, -0.05, -0.95
Gyro: -0.69, 0.56, -0.49
Accel: -0.26, -0.07, -0.95
Gyro: 0.51, 0.26, 0.60
Accel: -0.26, -0.06, -0.93
Gyro: 0.74, 0.21, 1.21
Accel: -0.25, -0.06, -0.93
Gyro: 1.80, -0.05, 1.72
Accel: -0.26, -0.06, -0.94
Gyro: 3.20, -0.76, 2.14
Accel: -0.26, -0.07, -0.93
Gyro: 4.32, -1.20, 3.08
Accel: -0.26, -0.07, -0.94
Gyro: 4.36, -2.06, 3.68
Accel: -0.26, -0.08, -0.94
Gyro: 4.30, -2.22, 4.76
Accel: -0.26, -0.08, -0.93
Gyro: 3.88, -2.57, 5.32
Accel: -0.27, -0.06, -0.93
Gyro: 4.73, -2.72, 6.39
Accel: -0.27, -0.01, -0.94
Gyro: 7.60, -2.07, 11.62
Accel: -0.28, 0.02, -0.95
Gyro: 12.99, -0.44, 20.97
Accel: -0.32, 0.04, -0.99
Gyro: 19.72, 3.81, 32.97
Accel: -0.36, 0.07, -1.00
Gyro: 28.20, 11.83, 45.91
Accel: -0.45, 0.18, -1.10
Gyro: 47.39, 27.40, 68.91
Accel: -0.40, -0.11, -0.99
Gyro: 51.20, 47.53, 89.36
Accel: -0.34, -0.18, -0.96
Gyro: 36.72, 53.07, 85.33
Accel: -0.33, -0.19, -1.01
Gyro: 36.25, 62.14, 81.19
Accel: -0.29, -0.25, -0.96
Gyro: 45.24, 66.89, 70.79
Accel: -0.28, -0.34, -1.01
Gyro: 37.31, 77.41, 55.41
Accel: -0.21, -0.34, -0.95
Gyro: 32.65, 85.59, 37.25
Accel: -0.18, -0.36, -1.03
Gyro: 34.48, 91.33, 19.89
Accel: -0.15, -0.40, -1.04
Gyro: 26.21, 107.62, 2.26
Accel: -0.04, -0.39, -0.97
Gyro: 21.95, 110.58, -12.13
Accel: -0.08, -0.36, -1.10
Gyro: 15.54, 129.44, -15.51
Accel: 0.10, -0.48, -0.79
Gyro: 3.99, 143.64, -37.19
Accel: 0.25, -0.36, -0.70
Gyro: 15.24, 115.03, -51.32
Accel: 0.29, -0.49, -0.73
Gyro: 9.19, 98.27, -67.31
Accel: 0.36, -0.45, -0.72
Gyro: 4.63, 81.41, -92.34
Accel: 0.42, -0.38, -0.68
Gyro: 7.27, 64.48, -107.13
Accel: 0.47, -0.33, -0.68
Gyro: 5.74, 48.87, -116.82
Accel: 0.51, -0.32, -0.72
Gyro: -0.72, 35.39, -129.60
Accel: 0.56, -0.18, -0.64
Gyro: -6.65, 20.74, -132.33
Accel: 0.61, -0.12, -0.64
Gyro: -1.10, 4.23, -128.58
Accel: 0.63, -0.05, -0.65
Gyro: 1.91, -15.24, -124.46
Accel: 0.63, -0.01, -0.60
Gyro: 13.49, -34.88, -117.83
Accel: 0.60, 0.00, -0.60
Gyro: 20.33, -59.28, -113.95
Accel: 0.57, 0.03, -0.64
Gyro: 24.11, -83.85, -108.63
Accel: 0.47, 0.01, -0.81
Gyro: 26.31, -92.88, -108.67
Accel: 0.41, 0.21, -0.82
Gyro: 43.20, -94.29, -100.74
Accel: 0.35, 0.08, -0.80
Gyro: 52.75, -102.62, -78.69
Accel: 0.30, 0.14, -0.82
Gyro: 35.42, -106.58, -58.95
Accel: 0.22, 0.25, -0.83
Gyro: 30.05, -113.02, -21.45
Accel: 0.10, 0.13, -0.92
Gyro: 28.36, -111.66, 11.81
Accel: 0.04, 0.02, -0.93
Gyro: 18.60, -109.60, 25.56
Accel: -0.03, 0.04, -0.94
Gyro: 17.65, -110.41, 38.32
Accel: -0.14, -0.03, -1.02
Gyro: 15.11, -102.78, 47.38
Accel: -0.18, -0.00, -1.00
Gyro: 10.96, -95.76, 52.09
Accel: -0.23, -0.06, -0.98
Gyro: 13.36, -90.69, 57.81
Accel: -0.27, -0.05, -0.99
Gyro: 9.77, -82.56, 57.66
Accel: -0.32, -0.07, -1.00
Gyro: 10.54, -74.87, 60.11
Accel: -0.36, -0.09, -0.94
Gyro: 22.04, -70.27, 59.49
Accel: -0.41, -0.12, -1.01
Gyro: 18.25, -60.49, 60.63
Accel: -0.43, -0.15, -1.03
Gyro: 12.77, -45.63, 53.03
Accel: -0.44, -0.11, -0.95
Gyro: 18.58, -34.29, 48.42
Accel: -0.44, -0.14, -0.95
Gyro: 20.13, -28.72, 45.31
Accel: -0.43, -0.15, -0.98
Gyro: 15.69, -20.13, 40.58
Accel: -0.43, -0.17, -0.95
Gyro: 16.25, -12.66, 34.68
Accel: -0.41, -0.15, -0.89
Gyro: 15.75, -10.07, 29.34
Accel: -0.39, -0.14, -0.90
Gyro: 13.80, -9.51, 25.22
Accel: -0.38, -0.13, -0.88
Gyro: 11.98, -10.24, 25.01
Accel: -0.39, -0.14, -0.87
Gyro: 10.31, -12.54, 24.23
Accel: -0.40, -0.15, -0.89
Gyro: 9.25, -12.51, 22.70
Accel: -0.40, -0.16, -0.89
Gyro: 11.43, -12.40, 19.59
Accel: -0.41, -0.17, -0.86
Gyro: 12.70, -13.21, 16.88
Accel: -0.42, -0.17, -0.87
Gyro: 12.86, -13.18, 14.42
Accel: -0.43, -0.16, -0.86
Gyro: 9.93, -12.95, 13.45
Accel: -0.48, -0.18, -1.20
Gyro: 1.21, 6.21, 17.74
Accel: -0.40, -0.17, -0.68
Gyro: -20.15, 16.65, 17.53
Accel: -0.47, -0.22, -0.83
Gyro: -11.11, -3.96, 14.04
Accel: -0.43, -0.11, -0.74
Gyro: 1.30, -11.45, 13.37
Accel: -0.48, -0.15, -0.92
Gyro: 2.09, -13.06, 9.86
Accel: -0.44, -0.10, -0.82
Gyro: 5.82, -18.76, 11.16
Accel: -0.50, -0.13, -0.92
Gyro: 3.58, -15.17, 8.14
Accel: -0.50, -0.13, -0.92
Gyro: -6.09, -5.27, 7.51
Accel: -0.47, -0.13, -0.79
Gyro: 5.08, -7.87, 4.66
Accel: -0.48, -0.14, -0.83
Gyro: 8.84, -11.62, 3.06
Accel: -0.51, -0.14, -0.89
Gyro: 0.71, -7.13, -0.34
Accel: -0.53, -0.11, -0.92
Gyro: -4.65, 1.18, -2.22
Accel: -0.49, -0.13, -0.83
Gyro: -3.36, 5.00, -2.23
Accel: -0.49, -0.15, -0.83
Gyro: 3.07, 0.85, -4.14
