Accel: -0.23, -0.08, -0.91
Gyro: -1.68, -1.15, -2.53
Accel: -0.24, -0.08, -0.93
Gyro: -1.34, -2.04, -1.74
Accel: -0.24, -0.07, -0.92
Gyro: -1.77, -2.41, -1.05
Accel: -0.24, -0.07, -0.93
Gyro: -2.03, -2.71, -0.60
Accel: -0.24, -0.08, -0.94
Gyro: -1.82, -2.50, -0.21
Accel: -0.25, -0.07, -0.94
Gyro: -1.60, -2.04, 0.07
Accel: -0.24, -0.08, -0.94
Gyro: -1.58, -1.60, 0.12
Accel: -0.25, -0.08, -0.94
Gyro: -1.27, -1.72, 0.22
Accel: -0.24, -0.09, -0.94
Gyro: -1.40, -1.63, -0.42
Accel: -0.25, -0.08, -0.93
Gyro: -1.60, -1.00, -0.59
Accel: -0.24, -0.08, -0.94
Gyro: -1.56, -1.50, -0.50
Accel: -0.25, -0.08, -0.93
Gyro: -1.37, -1.41, -0.04
Accel: -0.25, -0.06, -0.93
Gyro: -0.85, -1.25, 1.01
Accel: -0.24, -0.08, -0.94
Gyro: 0.00, -1.12, 2.31
Accel: -0.25, -0.06, -0.93
Gyro: 0.03, -0.48, 3.43
Accel: -0.24, -0.03, -0.92
Gyro: 3.11, -1.63, 6.92
Accel: -0.26, -0.00, -0.96
Gyro: 4.16, 0.31, 14.50
Accel: -0.26, -0.01, -0.93
Gyro: 4.16, 2.95, 24.40
Accel: -0.26, -0.02, -0.93
Gyro: 5.89, 3.20, 31.94
Accel: -0.26, -0.02, -0.94
Gyro: 7.00, 4.18, 37.63
Accel: -0.26, -0.02, -0.95
Gyro: 8.08, 6.70, 43.06
Accel: -0.27, -0.01, -0.97
Gyro: 9.83, 8.92, 50.38
Accel: -0.30, -0.01, -1.00
Gyro: 8.18, 15.89, 59.37
Accel: -0.30, -0.04, -0.99
Gyro: 7.82, 25.09, 67.35
Accel: -0.29, -0.08, -1.00
Gyro: 9.05, 30.59, 68.16
Accel: -0.30, -0.11, -1.02
Gyro: 7.74, 39.09, 63.60
Accel: -0.28, -0.10, -1.02
Gyro: 8.20, 50.34, 57.79
Accel: -0.25, -0.11, -1.02
Gyro: 10.50, 58.43, 53.09
Accel: -0.24, -0.14, -1.05
Gyro: 11.37, 69.61, 44.36
Accel: -0.21, -0.15, -1.05
Gyro: 14.32, 82.70, 33.87
Accel: -0.17, -0.20, -1.04
Gyro: 12.00, 98.70, 22.13
Accel: -0.06, -0.19, -0.93
Gyro: 18.78, 101.09, 10.15
Accel: -0.02, -0.20, -0.96
Gyro: 21.37, 104.48, -2.27
Accel: 0.10, -0.19, -0.79
Gyro: 24.70, 99.08, -11.22
Accel: 0.13, -0.21, -0.89
Gyro: 24.11, 95.08, -16.77
Accel: 0.19, -0.25, -0.84
Gyro: 31.17, 84.36, -25.48
Accel: 0.24, -0.29, -0.84
Gyro: 30.84, 79.39, -44.93
Accel: 0.29, -0.30, -0.82
Gyro: 36.83, 67.58, -65.44
Accel: 0.33, -0.28, -0.85
Gyro: 40.15, 60.08, -82.66
Accel: 0.43, -0.28, -0.74
Gyro: 41.85, 45.85, -95.77
Accel: 0.43, -0.24, -0.80
Gyro: 41.53, 35.32, -104.17
Accel: 0.46, -0.19, -0.77
Gyro: 41.74, 25.92, -109.91
Accel: 0.49, -0.17, -0.79
Gyro: 41.82, 19.17, -111.44
Accel: 0.49, -0.24, -0.78
Gyro: 42.89, 12.43, -113.20
Accel: 0.53, -0.14, -0.76
Gyro: 42.92, 4.97, -113.84
Accel: 0.54, -0.15, -0.73
Gyro: 38.82, -0.93, -112.07
Accel: 0.57, -0.11, -0.68
Gyro: 37.87, -13.00, -109.94
Accel: 0.56, -0.12, -0.73
Gyro: 36.95, -24.39, -104.10
Accel: 0.57, -0.12, -0.62
Gyro: 34.11, -41.42, -103.33
Accel: 0.54, -0.08, -0.71
Gyro: 38.31, -59.14, -95.98
Accel: 0.48, -0.08, -0.81
Gyro: 41.82, -64.01, -92.46
Accel: 0.44, -0.04, -0.87
Gyro: 52.07, -62.16, -89.58
Accel: 0.45, -0.08, -0.82
Gyro: 58.73, -61.81, -85.69
Accel: 0.43, -0.08, -0.78
Gyro: 56.88, -72.58, -77.68
Accel: 0.37, -0.05, -0.82
Gyro: 51.09, -80.00, -61.39
Accel: 0.36, 0.01, -0.81
Gyro: 40.70, -86.78, -35.21
Accel: 0.31, 0.05, -0.81
Gyro: 28.67, -94.02, 2.14
Accel: 0.25, 0.06, -0.83
Gyro: 17.93, -101.40, 41.60
Accel: 0.16, 0.02, -0.81
Gyro: 11.06, -107.71, 77.00
Accel: 0.04, -0.05, -0.85
Gyro: 7.40, -114.08, 101.84
Accel: -0.08, -0.10, -0.90
Gyro: 2.77, -115.13, 119.03
Accel: -0.18, -0.23, -1.00
Gyro: -3.38, -108.12, 124.05
Accel: -0.28, -0.27, -1.03
Gyro: -9.08, -95.47, 123.34
Accel: -0.35, -0.37, -1.15
Gyro: -13.85, -71.58, 104.70
Accel: -0.35, -0.22, -1.08
Gyro: -3.14, -51.35, 89.21
Accel: -0.37, -0.20, -1.07
Gyro: 6.77, -38.51, 84.57
Accel: -0.41, -0.21, -1.05
Gyro: -7.83, -22.30, 85.38
Accel: -0.42, -0.17, -1.00
Gyro: -3.91, -9.83, 83.52
Accel: -0.39, -0.14, -1.00
Gyro: -3.12, 1.37, 84.64
Accel: -0.38, -0.17, -0.95
Gyro: -4.06, 7.84, 81.38
Accel: -0.36, -0.21, -0.94
Gyro: -0.43, 13.22, 71.08
Accel: -0.34, -0.21, -0.93
Gyro: 1.20, 15.14, 58.15
Accel: -0.32, -0.23, -0.90
Gyro: 4.01, 17.92, 45.17
Accel: -0.28, -0.25, -0.87
Gyro: 1.69, 13.69, 30.17
Accel: -0.27, -0.22, -0.88
Gyro: -0.31, 10.04, 20.17
Accel: -0.28, -0.21, -0.90
Gyro: -3.17, 6.71, 11.28
Accel: -0.28, -0.16, -0.92
Gyro: -6.20, 4.54, 4.48
Accel: -0.28, -0.13, -0.94
Gyro: -6.40, 4.90, 0.93
Accel: -0.28, -0.12, -0.95
Gyro: -7.53, 7.42, -0.19
Accel: -0.26, -0.11, -0.93
Gyro: -7.04, 8.22, -2.59
Accel: -0.25, -0.10, -0.93
Gyro: -5.13, 8.62, -4.90
Accel: -0.24, -0.09, -0.92
Gyro: -3.20, 7.69, -6.34
Accel: -0.23, -0.08, -0.93
Gyro: -1.84, 6.80, -6.10
Accel: -0.22, -0.08, -0.91
Gyro: -1.06, 4.95, -4.82
Accel: -0.22, -0.11, -0.90
Gyro: -1.88, 3.73, -4.33
Accel: -0.21, -0.10, -0.91
Gyro: -1.44, 2.23, -3.85
Accel: -0.22, -0.11, -0.92
Gyro: -1.69, 0.11, -3.48
Accel: -0.22, -0.10, -0.91
Gyro: -2.22, -2.04, -2.93
Accel: -0.24, -0.11, -0.93
Gyro: -3.58, -2.88, -3.26
Accel: -0.24, -0.10, -0.94
Gyro: -3.84, -2.70, -3.87
Accel: -0.25, -0.10, -0.94
Gyro: -4.17, -1.55, -4.66
Accel: -0.25, -0.10, -0.94
Gyro: -4.07, -0.97, -5.23
Accel: -0.25, -0.10, -0.94
Gyro: -3.72, -0.62, -5.49
Accel: -0.25, -0.09, -0.95
Gyro: -4.11, 1.05, -6.21
Accel: -0.23, -0.09, -0.94
Gyro: -2.59, 1.38, -5.14
Accel: -0.23, -0.10, -0.94
Gyro: -2.91, 1.45, -4.11
Accel: -0.23, -0.10, -0.93
Gyro: -3.20, 2.40, -3.43
Accel: -0.22, -0.09, -0.92
Gyro: -2.73, 1.40, -2.92
Accel: -0.22, -0.10, -0.93
Gyro: -2.20, 0.13, -1.91
Accel: -0.23, -0.12, -0.93
Gyro: -2.44, -0.43, -1.30
Accel: -0.24, -0.11, -0.93
Gyro: -3.07, -0.71, -1.52
