Accel: -0.24, -0.06, -0.95
Gyro: -0.08, 0.74, 0.04
Accel: -0.23, -0.06, -0.94
Gyro: -0.92, 0.67, 0.23
Accel: -0.23, -0.05, -0.94
Gyro: -0.52, 0.83, 0.02
Accel: -0.23, -0.08, -0.95
Gyro: -1.01, 1.36, -0.60
Accel: -0.22, -0.06, -0.95
Gyro: -1.95, 1.30, -1.75
Accel: -0.22, -0.06, -0.93
Gyro: -0.84, 0.56, -1.67
Accel: -0.23, -0.06, -0.93
Gyro: -1.57, -0.09, -1.88
Accel: -0.23, -0.06, -0.94
Gyro: -2.17, -0.04, -1.39
Accel: -0.23, -0.07, -0.94
Gyro: -1.85, 0.25, -0.76
Accel: -0.23, -0.07, -0.95
Gyro: -2.03, 0.46, -1.16
Accel: -0.22, -0.06, -0.93
Gyro: -2.37, 0.53, -1.43
Accel: -0.23, -0.05, -0.95
Gyro: -1.69, -0.14, -1.01
Accel: -0.23, -0.03, -0.94
Gyro: -1.82, -0.37, 0.18
Accel: -0.23, -0.03, -0.94
Gyro: -0.18, 0.11, 2.74
Accel: -0.23, -0.02, -0.94
Gyro: 0.86, -0.50, 5.78
Accel: -0.23, 0.00, -0.95
Gyro: 1.93, 0.02, 11.78
Accel: -0.22, 0.00, -0.94
Gyro: 2.59, 0.19, 16.80
Accel: -0.24, 0.01, -0.97
Gyro: 3.56, 1.56, 23.48
Accel: -0.24, -0.02, -0.95
Gyro: 3.26, 3.65, 30.17
Accel: -0.25, -0.02, -0.97
Gyro: 3.31, 5.42, 33.12
Accel: -0.27, 0.00, -1.02
Gyro: 5.52, 10.48, 36.97
Accel: -0.32, 0.05, -1.10
Gyro: 7.32, 25.07, 46.01
Accel: -0.34, 0.03, -1.15
Gyro: 9.28, 45.89, 57.88
Accel: -0.34, 0.00, -1.13
Gyro: 10.83, 71.32, 66.35
Accel: -0.29, -0.04, -1.13
Gyro: 12.18, 92.87, 67.85
Accel: -0.24, -0.06, -1.07
Gyro: 13.24, 113.58, 66.04
Accel: -0.16, -0.13, -0.94
Gyro: 16.64, 122.70, 60.30
Accel: -0.11, -0.17, -0.97
Gyro: 8.17, 134.35, 50.48
Accel: 0.01, -0.13, -0.87
Gyro: 11.12, 127.04, 43.00
Accel: 0.10, -0.18, -0.86
Gyro: 14.73, 117.98, 34.75
Accel: 0.13, -0.25, -0.92
Gyro: 16.29, 122.99, 15.79
Accel: 0.26, -0.23, -0.79
Gyro: 28.21, 114.23, -5.14
Accel: 0.34, -0.27, -0.77
Gyro: 34.84, 100.30, -23.87
Accel: 0.40, -0.30, -0.76
Gyro: 35.42, 88.12, -45.65
Accel: 0.50, -0.32, -0.66
Gyro: 37.73, 72.86, -68.28
Accel: 0.53, -0.32, -0.75
Gyro: 43.53, 53.93, -93.74
Accel: 0.56, -0.28, -0.68
Gyro: 44.24, 41.92, -113.82
Accel: 0.57, -0.24, -0.75
Gyro: 45.68, 30.68, -128.24
Accel: 0.60, -0.22, -0.69
Gyro: 39.48, 22.31, -143.68
Accel: 0.65, -0.03, -0.69
Gyro: 41.79, 9.49, -142.92
Accel: 0.70, -0.04, -0.57
Gyro: 46.59, -7.13, -137.54
Accel: 0.70, 0.02, -0.55
Gyro: 50.06, -32.54, -129.01
Accel: 0.68, -0.04, -0.55
Gyro: 44.75, -56.10, -117.58
Accel: 0.64, 0.02, -0.53
Gyro: 45.67, -85.95, -110.79
Accel: 0.57, -0.02, -0.58
Gyro: 41.03, -114.89, -96.55
Accel: 0.46, -0.04, -0.66
Gyro: 29.14, -133.84, -90.78
Accel: 0.35, -0.03, -0.87
Gyro: 24.31, -136.69, -83.35
Accel: 0.26, 0.04, -1.01
Gyro: 10.57, -120.75, -75.00
Accel: 0.22, 0.08, -0.96
Gyro: 7.18, -108.66, -62.27
Accel: 0.16, 0.15, -0.96
Gyro: 10.32, -102.83, -44.88
Accel: 0.10, 0.19, -0.99
Gyro: 19.40, -98.93, -19.93
Accel: 0.07, 0.30, -0.97
Gyro: 25.15, -95.15, 12.74
Accel: 0.01, 0.36, -0.91
Gyro: 29.88, -94.30, 58.65
Accel: -0.09, 0.20, -0.96
Gyro: 30.85, -94.55, 99.56
Accel: -0.19, 0.14, -0.99
Gyro: 19.45, -87.26, 121.06
Accel: -0.26, 0.08, -0.99
Gyro: 18.05, -79.35, 141.23
Accel: -0.32, -0.05, -0.99
Gyro: 11.86, -69.56, 148.54
Accel: -0.35, -0.11, -1.00
Gyro: 4.91, -60.86, 142.48
Accel: -0.39, -0.12, -1.00
Gyro: 8.66, -52.99, 129.78
Accel: -0.43, -0.21, -1.00
Gyro: 23.41, -42.18, 109.94
Accel: -0.41, -0.20, -1.04
Gyro: 5.46, -24.90, 84.89
Accel: -0.38, -0.16, -0.96
Gyro: 17.16, -19.46, 63.90
Accel: -0.39, -0.16, -1.00
Gyro: 17.42, -11.67, 46.02
Accel: -0.37, -0.13, -0.96
Gyro: 10.57, -4.04, 34.74
Accel: -0.35, -0.15, -0.93
Gyro: 5.91, -0.49, 21.51
Accel: -0.34, -0.11, -0.93
Gyro: 2.27, 2.14, 12.02
Accel: -0.33, -0.09, -0.93
Gyro: 2.27, 4.45, 5.47
Accel: -0.31, -0.08, -0.91
Gyro: 2.51, 4.89, 0.30
Accel: -0.31, -0.03, -0.94
Gyro: 1.27, 5.66, 0.86
Accel: -0.29, -0.09, -0.94
Gyro: -1.47, 7.14, 2.54
Accel: -0.28, -0.10, -0.91
Gyro: -2.98, 7.46, -4.94
Accel: -0.28, -0.08, -0.92
Gyro: 0.28, 6.06, -8.69
Accel: -0.27, -0.06, -0.92
Gyro: -0.78, 5.29, -10.15
Accel: -0.27, -0.06, -0.92
Gyro: -1.48, 4.75, -10.06
Accel: -0.27, -0.06, -0.93
Gyro: 0.03, 4.68, -10.50
Accel: -0.26, -0.06, -0.93
Gyro: 0.59, 4.53, -9.58
Accel: -0.26, -0.06, -0.95
Gyro: -0.08, 4.28, -7.84
Accel: -0.27, -0.06, -0.93
Gyro: -3.59, 5.00, -5.34
Accel: -0.25, -0.08, -0.93
Gyro: -4.63, 5.20, -4.58
Accel: -0.25, -0.07, -0.93
Gyro: -5.45, 5.20, -5.51
Accel: -0.25, -0.09, -0.94
Gyro: -4.37, 6.26, -9.36
Accel: -0.26, -0.02, -0.96
Gyro: -0.86, 8.11, -10.03
Accel: -0.26, -0.05, -0.96
Gyro: -0.21, 12.02, -8.20
Accel: -0.24, -0.03, -0.92
Gyro: -0.89, 11.61, -5.42
Accel: -0.23, -0.05, -0.93
Gyro: -0.98, 9.69, -5.04
Accel: -0.23, -0.06, -0.92
Gyro: -1.57, 8.02, -5.34
Accel: -0.21, -0.05, -0.91
Gyro: -1.71, 6.03, -5.04
Accel: -0.21, -0.05, -0.92
Gyro: -1.29, 3.76, -3.81
Accel: -0.21, -0.06, -0.94
Gyro: -0.98, 2.53, -2.98
Accel: -0.21, -0.06, -0.93
Gyro: -0.39, 1.45, -2.30
Accel: -0.21, -0.07, -0.94
Gyro: -0.35, 1.40, -2.33
Accel: -0.21, -0.07, -0.95
Gyro: 0.30, 1.24, -1.53
Accel: -0.21, -0.07, -0.94
Gyro: 0.53, 1.44, -0.97
Accel: -0.20, -0.08, -0.93
Gyro: -0.44, 1.50, -0.89
Accel: -0.21, -0.08, -0.94
Gyro: -0.55, 0.79, -0.58
Accel: -0.20, -0.08, -0.95
Gyro: -2.15, 0.82, -0.24
Accel: -0.19, -0.09, -0.94
Gyro: -2.30, 1.30, -0.43
Accel: -0.20, -0.08, -0.94
Gyro: -2.40, 1.19, -1.22
Accel: -0.20, -0.08, -0.93
Gyro: -0.85, 0.49, -1.03
Accel: -0.21, -0.08, -0.94
Gyro: -0.92, -0.81, -1.30
Accel: -0.20, -0.08, -0.94
Gyro: -1.85, -0.66, -1.03
