Accel: -0.30, -0.04, -0.93
Gyro: 1.22, 0.08, 0.91
Accel: -0.30, -0.05, -0.92
Gyro: 1.51, -0.93, 1.93
Accel: -0.31, -0.07, -0.93
Gyro: 1.57, -0.85, 2.35
Accel: -0.30, -0.08, -0.92
Gyro: 1.40, -0.72, 1.98
Accel: -0.31, -0.08, -0.92
Gyro: 0.41, -1.57, 0.29
Accel: -0.31, -0.07, -0.93
Gyro: 1.27, -0.72, -0.20
Accel: -0.31, -0.08, -0.93
Gyro: -0.08, -0.44, -0.73
Accel: -0.32, -0.07, -0.93
Gyro: -1.13, 0.27, -0.35
Accel: -0.31, -0.07, -0.93
Gyro: -1.24, 0.62, -0.15
Accel: -0.31, -0.08, -0.93
Gyro: -1.63, 0.76, -0.58
Accel: -0.31, -0.07, -0.93
Gyro: -1.99, 0.85, -1.11
Accel: -0.30, -0.07, -0.92
Gyro: -1.37, 0.78, -1.38
Accel: -0.30, -0.07, -0.93
Gyro: -1.92, 0.45, -1.17
Accel: -0.30, -0.06, -0.93
Gyro: -1.88, 1.32, -1.21
Accel: -0.31, -0.06, -0.93
Gyro: -0.70, 0.88, -0.56
Accel: -0.30, -0.07, -0.94
Gyro: -1.44, 1.15, -0.89
Accel: -0.30, -0.07, -0.92
Gyro: -1.47, 1.91, -1.12
Accel: -0.29, -0.07, -0.93
Gyro: -0.51, 1.07, -1.39
Accel: -0.29, -0.07, -0.93
Gyro: -0.14, 1.05, -1.22
Accel: -0.29, -0.07, -0.92
Gyro: -0.02, 1.02, -0.56
Accel: -0.29, -0.07, -0.93
Gyro: 0.11, 0.72, 0.31
Accel: -0.30, -0.08, -0.93
Gyro: 0.19, 0.64, 0.34
Accel: -0.29, -0.08, -0.93
Gyro: -0.56, 0.98, -0.11
Accel: -0.29, -0.08, -0.93
Gyro: -0.69, 0.53, -0.32
Accel: -0.29, -0.08, -0.92
Gyro: -1.05, -0.08, -0.93
Accel: -0.29, -0.08, -0.93
Gyro: -1.58, -0.60, -0.97
Accel: -0.29, -0.08, -0.92
Gyro: -1.44, -1.03, -1.14
Accel: -0.29, -0.07, -0.93
Gyro: -1.46, -1.79, -0.79
Accel: -0.29, -0.06, -0.93
Gyro: -0.68, -1.08, 0.27
Accel: -0.29, -0.07, -0.94
Gyro: -0.78, -0.66, 0.48
Accel: -0.28, -0.04, -0.93
Gyro: 1.13, -0.84, 0.62
Accel: -0.29, -0.04, -0.93
Gyro: 4.82, -1.53, 3.04
Accel: -0.30, -0.03, -0.94
Gyro: 5.66, -0.67, 4.00
Accel: -0.31, 0.03, -0.95
Gyro: 13.14, 1.18, 6.52
Accel: -0.30, 0.05, -0.93
Gyro: 23.92, 2.03, 11.14
Accel: -0.30, 0.00, -0.93
Gyro: 28.91, 3.17, 18.20
Accel: -0.32, -0.02, -0.98
Gyro: 31.07, 5.43, 25.72
Accel: -0.33, -0.05, -0.98
Gyro: 32.89, 12.83, 32.90
Accel: -0.34, -0.08, -0.96
Gyro: 34.80, 18.65, 37.69
Accel: -0.33, -0.09, -0.95
Gyro: 39.76, 22.25, 42.59
Accel: -0.39, -0.15, -1.06
Gyro: 39.00, 37.45, 47.84
Accel: -0.38, -0.22, -1.05
Gyro: 38.08, 54.01, 47.40
Accel: -0.37, -0.28, -1.06
Gyro: 36.03, 68.92, 41.95
Accel: -0.35, -0.34, -1.10
Gyro: 26.52, 94.57, 32.17
Accel: -0.34, -0.40, -1.21
Gyro: 34.98, 113.81, 15.79
Accel: -0.20, -0.44, -0.95
Gyro: 17.96, 143.83, -5.70
Accel: -0.09, -0.44, -0.85
Gyro: 22.70, 137.31, -26.86
Accel: 0.01, -0.47, -0.81
Gyro: 12.37, 133.53, -47.01
Accel: 0.18, -0.50, -0.59
Gyro: 11.70, 105.32, -68.30
Accel: 0.26, -0.54, -0.64
Gyro: 6.38, 68.53, -95.18
Accel: 0.27, -0.42, -0.76
Gyro: 4.31, 49.94, -118.93
Accel: 0.34, -0.38, -0.71
Gyro: 14.47, 28.69, -135.03
Accel: 0.33, -0.31, -0.78
Gyro: 18.02, 14.11, -148.06
Accel: 0.37, -0.27, -0.73
Gyro: 12.63, 2.33, -153.21
Accel: 0.41, -0.15, -0.71
Gyro: 9.89, -19.73, -148.62
Accel: 0.42, -0.07, -0.70
Gyro: 3.46, -42.09, -130.71
Accel: 0.44, -0.00, -0.60
Gyro: 0.32, -73.30, -110.99
Accel: 0.40, 0.07, -0.51
Gyro: 5.68, -117.85, -81.09
Accel: 0.24, 0.09, -0.62
Gyro: 1.30, -153.92, -47.47
Accel: 0.09, 0.11, -0.86
Gyro: -7.23, -162.55, -14.63
Accel: -0.03, 0.08, -0.97
Gyro: -12.34, -157.10, 11.67
Accel: -0.09, 0.08, -1.02
Gyro: -20.11, -146.86, 32.09
Accel: -0.20, 0.04, -1.01
Gyro: -18.94, -134.96, 47.71
Accel: -0.28, 0.01, -1.07
Gyro: -16.28, -121.00, 54.86
Accel: -0.38, 0.02, -1.12
Gyro: -12.68, -101.78, 62.50
Accel: -0.46, -0.07, -1.08
Gyro: 6.32, -76.13, 65.99
Accel: -0.46, 0.03, -1.05
Gyro: -1.14, -54.49, 70.30
Accel: -0.47, -0.06, -1.00
Gyro: 8.65, -40.12, 70.47
Accel: -0.48, -0.12, -1.03
Gyro: 8.88, -23.48, 59.85
Accel: -0.46, -0.10, -0.96
Gyro: -4.17, -13.57, 46.80
Accel: -0.47, -0.09, -0.95
Gyro: -1.05, -8.19, 33.94
Accel: -0.49, -0.10, -1.05
Gyro: 1.15, 2.38, 21.37
Accel: -0.46, -0.09, -1.00
Gyro: -1.16, 17.47, 11.47
Accel: -0.39, -0.05, -0.90
Gyro: 0.21, 21.93, 4.37
Accel: -0.35, -0.02, -0.85
Gyro: 2.39, 17.71, 1.56
Accel: -0.34, -0.02, -0.88
Gyro: 1.11, 12.05, 2.08
Accel: -0.31, -0.01, -0.88
Gyro: 0.45, 7.58, 3.27
Accel: -0.32, -0.03, -0.90
Gyro: 1.50, 3.81, 3.70
Accel: -0.31, -0.03, -0.90
Gyro: 2.93, 2.08, 3.26
Accel: -0.31, -0.03, -0.90
Gyro: 3.85, 0.31, 2.88
Accel: -0.32, -0.04, -0.93
Gyro: 2.78, -0.63, 2.30
Accel: -0.31, -0.06, -0.93
Gyro: 1.43, 0.10, 1.98
Accel: -0.32, -0.05, -0.93
Gyro: -0.18, 0.12, 0.73
Accel: -0.32, -0.04, -0.94
Gyro: 2.27, 0.60, 0.59
Accel: -0.32, -0.05, -0.94
Gyro: 2.72, 0.90, 0.11
Accel: -0.32, -0.04, -0.92
Gyro: 1.53, 0.65, 0.61
Accel: -0.31, -0.05, -0.92
Gyro: 0.24, 1.82, 0.40
Accel: -0.32, -0.05, -0.92
Gyro: 0.66, 1.30, 0.43
Accel: -0.32, -0.06, -0.92
Gyro: -0.76, 1.95, -0.40
Accel: -0.31, -0.05, -0.90
Gyro: -1.71, 0.95, -1.04
Accel: -0.32, -0.06, -0.92
Gyro: -2.54, -0.60, -1.59
Accel: -0.33, -0.03, -0.92
Gyro: -2.41, -0.68, -2.03
Accel: -0.32, -0.04, -0.91
Gyro: -0.90, -1.21, -0.99
Accel: -0.33, -0.04, -0.91
Gyro: -2.10, -1.52, -0.60
Accel: -0.33, -0.03, -0.93
Gyro: -2.30, -0.72, -0.20
Accel: -0.34, -0.04, -0.93
Gyro: -1.33, -0.47, -0.48
Accel: -0.34, -0.04, -0.93
Gyro: -0.57, 0.43, -0.82
Accel: -0.33, -0.03, -0.93
Gyro: -0.12, 1.62, -0.38
Accel: -0.32, -0.03, -0.92
Gyro: 1.12, 1.74, 0.66
Accel: -0.31, -0.05, -0.94
Gyro: 0.60, 2.15, 1.47
Accel: -0.31, -0.05, -0.93
Gyro: 0.06, 2.68, 1.67
