Accel: -0.27, -0.08, -0.93
Gyro: -0.27, -1.08, 0.69
Accel: -0.27, -0.09, -0.94
Gyro: -0.82, -0.72, -0.07
Accel: -0.27, -0.09, -0.93
Gyro: -0.82, -1.48, -0.93
Accel: -0.28, -0.09, -0.93
Gyro: -1.27, -1.75, -0.97
Accel: -0.28, -0.09, -0.94
Gyro: -1.38, -2.06, -1.16
Accel: -0.28, -0.09, -0.93
Gyro: -1.63, -1.52, -0.39
Accel: -0.28, -0.09, -0.94
Gyro: -1.30, -1.08, 0.27
Accel: -0.27, -0.09, -0.94
Gyro: -1.85, -1.28, -0.34
Accel: -0.28, -0.08, -0.93
Gyro: -1.10, -1.40, -0.50
Accel: -0.27, -0.07, -0.92
Gyro: 0.72, -1.66, 0.94
Accel: -0.28, -0.06, -0.93
Gyro: 1.11, -1.44, 2.85
Accel: -0.29, -0.05, -0.94
Gyro: 2.11, -0.76, 7.23
Accel: -0.28, -0.05, -0.94
Gyro: 3.95, -0.08, 11.23
Accel: -0.28, -0.04, -0.94
Gyro: 6.36, 0.81, 14.84
Accel: -0.28, -0.03, -0.95
Gyro: 9.16, 0.78, 16.91
Accel: -0.29, 0.01, -0.95
Gyro: 13.75, 4.55, 24.65
Accel: -0.28, -0.03, -0.93
Gyro: 16.88, 3.92, 31.81
Accel: -0.28, -0.08, -0.93
Gyro: 18.51, 4.55, 35.88
Accel: -0.29, -0.16, -0.93
Gyro: 15.70, 4.62, 32.76
Accel: -0.30, -0.18, -0.92
Gyro: 17.41, 3.17, 25.38
Accel: -0.31, -0.14, -0.95
Gyro: 9.19, 8.24, 20.23
Accel: -0.35, -0.11, -1.06
Gyro: 21.77, 15.62, 18.55
Accel: -0.41, -0.11, -1.16
Gyro: 22.32, 40.83, 18.42
Accel: -0.39, -0.11, -1.11
Gyro: 35.20, 65.00, 17.01
Accel: -0.38, -0.12, -1.13
Gyro: 43.29, 84.65, 13.00
Accel: -0.37, -0.13, -1.19
Gyro: 51.68, 119.52, 5.78
Accel: -0.22, -0.14, -0.97
Gyro: 63.45, 130.91, 3.08
Accel: -0.16, -0.20, -0.94
Gyro: 51.65, 140.85, 7.74
Accel: -0.02, -0.24, -0.78
Gyro: 45.71, 133.42, 13.36
Accel: 0.07, -0.36, -0.74
Gyro: 41.15, 121.25, 12.01
Accel: 0.13, -0.49, -0.77
Gyro: 31.75, 110.73, -0.93
Accel: 0.15, -0.65, -0.88
Gyro: 18.64, 103.22, -25.94
Accel: 0.30, -0.59, -0.62
Gyro: 7.61, 88.33, -59.21
Accel: 0.29, -0.58, -0.86
Gyro: 15.59, 80.29, -84.81
Accel: 0.36, -0.51, -0.74
Gyro: 16.36, 72.57, -105.67
Accel: 0.41, -0.46, -0.73
Gyro: 6.83, 62.18, -121.43
Accel: 0.44, -0.36, -0.69
Gyro: -2.30, 52.10, -127.04
Accel: 0.49, -0.26, -0.68
Gyro: -5.53, 43.79, -126.93
Accel: 0.60, -0.21, -0.65
Gyro: -4.26, 33.27, -123.26
Accel: 0.61, -0.17, -0.58
Gyro: -1.27, 23.98, -119.46
Accel: 0.68, -0.10, -0.61
Gyro: -2.17, 11.60, -112.06
Accel: 0.72, -0.04, -0.58
Gyro: -0.51, -4.23, -102.31
Accel: 0.75, -0.02, -0.53
Gyro: 2.27, -26.63, -95.28
Accel: 0.75, 0.02, -0.47
Gyro: 4.63, -56.34, -90.03
Accel: 0.74, 0.08, -0.38
Gyro: 9.61, -98.08, -79.83
Accel: 0.63, 0.21, -0.41
Gyro: 12.21, -143.18, -57.91
Accel: 0.46, 0.21, -0.53
Gyro: 26.84, -174.87, -24.95
Accel: 0.33, 0.17, -0.75
Gyro: 14.19, -187.76, 1.07
Accel: 0.16, 0.24, -0.95
Gyro: 0.26, -177.79, 30.59
Accel: 0.05, 0.18, -1.03
Gyro: 0.93, -159.71, 54.55
Accel: -0.04, 0.14, -1.02
Gyro: 3.08, -143.88, 67.63
Accel: -0.12, 0.10, -1.04
Gyro: 7.22, -129.59, 80.12
Accel: -0.21, -0.03, -1.05
Gyro: 8.81, -113.69, 81.54
Accel: -0.27, 0.02, -1.12
Gyro: 11.67, -94.24, 74.88
Accel: -0.30, -0.00, -1.08
Gyro: 17.08, -74.01, 75.33
Accel: -0.30, -0.10, -1.12
Gyro: 10.98, -58.52, 64.86
Accel: -0.32, -0.04, -0.96
Gyro: 2.38, -49.06, 58.21
Accel: -0.36, -0.07, -0.96
Gyro: 13.35, -47.10, 52.33
Accel: -0.39, -0.07, -1.00
Gyro: 11.70, -37.88, 45.46
Accel: -0.40, -0.09, -0.99
Gyro: 8.73, -27.02, 39.65
Accel: -0.39, -0.11, -0.96
Gyro: 7.86, -18.39, 32.42
Accel: -0.41, -0.11, -0.95
Gyro: 4.78, -12.48, 24.47
Accel: -0.44, -0.12, -1.03
Gyro: 10.06, -1.46, 14.94
Accel: -0.39, -0.14, -0.95
Gyro: 10.64, 8.52, 3.49
Accel: -0.36, -0.11, -0.87
Gyro: 8.36, 5.81, -4.88
Accel: -0.36, -0.09, -0.91
Gyro: 7.26, 2.36, -7.64
Accel: -0.35, -0.09, -0.95
Gyro: 5.96, 2.74, -8.07
Accel: -0.33, -0.08, -0.94
Gyro: 4.05, 3.75, -7.51
Accel: -0.31, -0.08, -0.92
Gyro: 3.01, 3.63, -5.62
Accel: -0.28, -0.09, -0.91
Gyro: 2.96, 0.76, -4.33
Accel: -0.28, -0.09, -0.94
Gyro: 3.71, 0.26, -2.83
Accel: -0.28, -0.10, -0.94
Gyro: 1.94, 3.20, -1.30
Accel: -0.27, -0.11, -0.93
Gyro: 0.78, 2.56, -0.35
Accel: -0.27, -0.10, -0.92
Gyro: -0.06, 1.67, 0.17
Accel: -0.27, -0.12, -0.92
Gyro: -0.94, 0.56, -0.02
Accel: -0.27, -0.11, -0.91
Gyro: -2.37, -0.97, -1.20
Accel: -0.28, -0.10, -0.91
Gyro: -2.58, -2.79, -2.11
Accel: -0.30, -0.10, -0.93
Gyro: -2.96, -3.05, -2.75
Accel: -0.30, -0.09, -0.93
Gyro: -2.62, -2.57, -3.01
Accel: -0.31, -0.08, -0.92
Gyro: -2.48, -1.44, -2.75
Accel: -0.31, -0.09, -0.92
Gyro: -2.81, -1.40, -2.43
Accel: -0.31, -0.08, -0.93
Gyro: -3.94, -2.18, -2.74
Accel: -0.30, -0.07, -0.92
Gyro: -0.77, -1.76, -2.26
Accel: -0.30, -0.09, -0.91
Gyro: 0.57, -3.72, -2.30
Accel: -0.31, -0.10, -0.95
Gyro: -0.22, -3.81, -2.82
Accel: -0.31, -0.09, -0.94
Gyro: -1.63, -2.01, -2.59
Accel: -0.31, -0.09, -0.94
Gyro: -1.14, -0.53, -1.93
Accel: -0.30, -0.09, -0.92
Gyro: -1.07, -0.16, -1.35
Accel: -0.31, -0.09, -0.92
Gyro: -0.09, -0.86, -0.58
Accel: -0.31, -0.10, -0.94
Gyro: -0.56, -0.14, -0.23
Accel: -0.30, -0.10, -0.94
Gyro: -1.26, 1.15, -0.62
Accel: -0.30, -0.10, -0.93
Gyro: 0.99, 1.05, -0.16
Accel: -0.30, -0.10, -0.92
Gyro: 0.31, 1.23, 0.26
Accel: -0.30, -0.09, -0.93
Gyro: 0.98, 0.97, 0.84
Accel: -0.29, -0.10, -0.92
Gyro: 0.63, 0.64, 1.53
Accel: -0.29, -0.12, -0.93
Gyro: 0.77, 0.18, 1.32
Accel: -0.30, -0.11, -0.93
Gyro: -0.38, -0.03, 0.54
Accel: -0.30, -0.11, -0.93
Gyro: -0.39, 0.25, 0.33
Accel: -0.30, -0.12, -0.92
Gyro: -0.97, 0.13, -0.16
Accel: -0.30, -0.11, -0.92
Gyro: -1.59, -0.07, -0.71
Accel: -0.31, -0.11, -0.93
Gyro: -1.99, 0.10, -1.07
