Accel: -0.35, -0.04, -0.93
Gyro: 1.72, 0.85, 0.18
Accel: -0.35, -0.04, -0.92
Gyro: 1.64, 1.66, 0.69
Accel: -0.35, -0.05, -0.91
Gyro: 1.24, 2.30, 0.81
Accel: -0.34, -0.05, -0.90
Gyro: 1.13, 2.07, 0.94
Accel: -0.35, -0.06, -0.91
Gyro: 0.25, 2.13, 0.14
Accel: -0.35, -0.06, -0.90
Gyro: -0.11, 1.00, -0.35
Accel: -0.35, -0.06, -0.90
Gyro: -0.63, -0.11, -1.23
Accel: -0.36, -0.06, -0.92
Gyro: -0.82, 0.16, -1.08
Accel: -0.37, -0.07, -0.92
Gyro: -3.05, 1.91, -1.40
Accel: -0.36, -0.04, -0.91
Gyro: -4.11, 1.98, -1.46
Accel: -0.36, -0.05, -0.91
Gyro: -2.43, 0.95, -1.07
Accel: -0.37, -0.04, -0.91
Gyro: -3.20, 1.56, -1.75
Accel: -0.36, -0.03, -0.91
Gyro: -2.56, 2.53, -1.76
Accel: -0.35, -0.04, -0.92
Gyro: -1.57, 2.72, -1.33
Accel: -0.34, -0.04, -0.90
Gyro: -1.35, 2.18, -0.95
Accel: -0.34, -0.04, -0.91
Gyro: -1.15, 1.93, -0.76
Accel: -0.34, -0.05, -0.92
Gyro: -0.92, 1.49, -0.47
Accel: -0.34, -0.04, -0.92
Gyro: -0.85, 1.77, -0.69
Accel: -0.34, -0.01, -0.92
Gyro: 0.82, 1.60, 0.66
Accel: -0.34, 0.04, -0.93
Gyro: 3.40, 2.40, 5.62
Accel: -0.34, 0.09, -0.93
Gyro: 10.31, 3.27, 17.20
Accel: -0.35, 0.10, -0.93
Gyro: 15.89, 5.25, 29.43
Accel: -0.35, 0.10, -0.93
Gyro: 23.43, 7.48, 42.63
Accel: -0.36, 0.11, -0.95
Gyro: 28.83, 10.22, 56.05
Accel: -0.39, 0.13, -1.00
Gyro: 34.29, 18.17, 77.85
Accel: -0.41, 0.02, -0.98
Gyro: 34.98, 28.49, 94.70
Accel: -0.41, -0.12, -0.96
Gyro: 31.39, 34.27, 94.67
Accel: -0.43, -0.14, -1.06
Gyro: 29.88, 46.02, 83.89
Accel: -0.46, -0.20, -1.17
Gyro: 32.05, 70.82, 67.24
Accel: -0.41, -0.19, -1.08
Gyro: 39.17, 93.93, 47.23
Accel: -0.45, -0.23, -1.28
Gyro: 41.37, 125.31, 27.21
Accel: -0.27, -0.24, -0.90
Gyro: 40.60, 149.61, 10.19
Accel: -0.19, -0.32, -0.96
Gyro: 31.73, 141.33, -8.27
Accel: -0.12, -0.31, -0.97
Gyro: 16.04, 151.77, -27.56
Accel: 0.06, -0.28, -0.73
Gyro: 14.84, 143.43, -44.01
Accel: 0.18, -0.34, -0.74
Gyro: 30.17, 110.25, -63.29
Accel: 0.25, -0.35, -0.73
Gyro: 24.41, 96.04, -83.05
Accel: 0.35, -0.41, -0.69
Gyro: 32.30, 72.49, -108.75
Accel: 0.41, -0.37, -0.71
Gyro: 34.15, 47.53, -134.43
Accel: 0.44, -0.26, -0.68
Gyro: 35.14, 24.60, -149.25
Accel: 0.43, -0.26, -0.76
Gyro: 36.57, 5.94, -161.08
Accel: 0.46, -0.13, -0.78
Gyro: 32.42, -3.14, -165.25
Accel: 0.50, -0.08, -0.68
Gyro: 28.63, -19.28, -156.76
Accel: 0.54, -0.13, -0.64
Gyro: 26.56, -46.51, -158.15
Accel: 0.48, -0.04, -0.65
Gyro: 36.89, -77.90, -157.08
Accel: 0.39, -0.00, -0.78
Gyro: 40.64, -98.59, -146.55
Accel: 0.39, 0.31, -0.82
Gyro: 31.93, -106.93, -106.41
Accel: 0.38, 0.50, -0.69
Gyro: 31.30, -123.13, -29.85
Accel: 0.24, 0.26, -0.66
Gyro: 25.85, -147.75, 35.61
Accel: 0.08, 0.06, -0.84
Gyro: 16.04, -154.40, 62.93
Accel: -0.04, 0.04, -0.88
Gyro: 8.36, -158.63, 77.64
Accel: -0.20, -0.03, -0.98
Gyro: 6.22, -151.49, 84.66
Accel: -0.32, -0.09, -1.12
Gyro: 8.76, -133.50, 83.04
Accel: -0.41, -0.09, -1.20
Gyro: 2.97, -98.57, 80.70
Accel: -0.46, -0.08, -1.03
Gyro: 20.07, -81.25, 91.10
Accel: -0.54, -0.19, -1.14
Gyro: 24.44, -58.46, 69.15
Accel: -0.47, -0.06, -1.05
Gyro: 11.22, -35.77, 66.75
Accel: -0.49, -0.12, -0.99
Gyro: 14.29, -25.98, 72.32
Accel: -0.51, -0.18, -1.07
Gyro: -3.12, -7.80, 65.11
Accel: -0.46, -0.10, -0.93
Gyro: -1.43, 0.59, 58.99
Accel: -0.43, -0.09, -0.90
Gyro: 1.40, 2.31, 54.62
Accel: -0.41, -0.08, -0.92
Gyro: -0.64, 6.44, 51.73
Accel: -0.39, -0.11, -0.90
Gyro: 4.52, 7.80, 45.41
Accel: -0.39, -0.12, -0.92
Gyro: 3.08, 9.57, 36.46
Accel: -0.36, -0.12, -0.91
Gyro: 1.64, 10.28, 26.85
Accel: -0.35, -0.12, -0.91
Gyro: 2.95, 8.38, 16.98
Accel: -0.35, -0.09, -0.92
Gyro: 1.19, 6.52, 9.70
Accel: -0.34, -0.09, -0.92
Gyro: 2.55, 5.50, 5.14
Accel: -0.34, -0.09, -0.93
Gyro: 0.64, 5.62, 0.36
Accel: -0.32, -0.08, -0.92
Gyro: -0.71, 6.02, -2.99
Accel: -0.32, -0.09, -0.93
Gyro: -1.43, 5.87, -5.62
Accel: -0.30, -0.08, -0.91
Gyro: -1.98, 5.49, -6.95
Accel: -0.31, -0.07, -0.92
Gyro: -1.27, 4.57, -7.03
Accel: -0.30, -0.07, -0.92
Gyro: -0.94, 4.40, -7.06
Accel: -0.31, -0.09, -0.93
Gyro: -1.50, 4.82, -7.02
Accel: -0.31, -0.12, -0.94
Gyro: -7.26, 6.11, -12.31
Accel: -0.30, -0.07, -0.91
Gyro: -7.71, 6.21, -15.15
Accel: -0.30, -0.04, -0.91
Gyro: -4.75, 3.24, -15.55
Accel: -0.30, -0.03, -0.92
Gyro: -3.04, 1.19, -13.25
Accel: -0.30, -0.05, -0.91
Gyro: -1.63, 0.30, -10.06
Accel: -0.30, -0.07, -0.92
Gyro: -3.80, -0.62, -9.68
Accel: -0.30, -0.04, -0.93
Gyro: -3.48, -0.46, -8.83
Accel: -0.31, -0.04, -0.94
Gyro: -1.38, -0.82, -7.41
Accel: -0.31, -0.04, -0.92
Gyro: -1.29, -0.83, -6.05
Accel: -0.30, -0.04, -0.92
Gyro: -1.11, -0.96, -3.94
Accel: -0.30, -0.04, -0.94
Gyro: -0.98, 0.03, -2.14
Accel: -0.30, -0.06, -0.94
Gyro: -0.86, 1.17, -0.76
Accel: -0.30, -0.06, -0.94
Gyro: -0.65, 1.50, -0.18
Accel: -0.29, -0.08, -0.94
Gyro: -0.64, 1.57, 0.74
Accel: -0.29, -0.07, -0.93
Gyro: -1.62, 2.32, -0.16
Accel: -0.29, -0.07, -0.93
Gyro: -0.02, 2.01, 0.14
Accel: -0.29, -0.07, -0.93
Gyro: -0.69, 1.88, -0.47
Accel: -0.29, -0.07, -0.93
Gyro: -1.26, 1.50, -0.37
Accel: -0.29, -0.07, -0.93
Gyro: -0.88, 0.62, -0.10
Accel: -0.29, -0.08, -0.93
Gyro: -1.42, 0.54, -0.31
Accel: -0.29, -0.08, -0.92
Gyro: -1.81, 0.27, -1.21
Accel: -0.29, -0.07, -0.93
Gyro: -1.72, 0.52, -1.38
Accel: -0.29, -0.07, -0.94
Gyro: -1.75, 0.10, -1.30
Accel: -0.29, -0.07, -0.92
Gyro: -2.06, 0.84, -1.08
Accel: -0.28, -0.07, -0.93
Gyro: -1.85, 0.84, -1.21
Accel: -0.28, -0.07, -0.93
Gyro: -1.46, 0.72, -1.06
