Accel: -0.27, -0.08, -0.93
Gyro: -4.00, 0.38, -1.89
Accel: -0.27, -0.08, -0.94
Gyro: -3.17, 0.53, -2.43
Accel: -0.27, -0.07, -0.94
Gyro: -2.43, 0.45, -2.39
Accel: -0.28, -0.07, -0.94
Gyro: -1.54, 0.73, -1.53
Accel: -0.27, -0.07, -0.94
Gyro: -0.84, 0.93, 0.26
Accel: -0.27, -0.08, -0.94
Gyro: -1.02, 1.43, 1.21
Accel: -0.27, -0.09, -0.94
Gyro: -0.82, 1.64, 0.52
Accel: -0.27, -0.09, -0.94
Gyro: 0.01, 1.87, -0.35
Accel: -0.27, -0.09, -0.93
Gyro: 0.41, 1.35, -0.99
Accel: -0.27, -0.09, -0.95
Gyro: -0.05, 1.38, -0.43
Accel: -0.26, -0.09, -0.94
Gyro: 0.14, 1.08, 0.45
Accel: -0.26, -0.11, -0.94
Gyro: -0.57, 0.70, 0.14
Accel: -0.26, -0.10, -0.94
Gyro: -1.29, 0.25, -0.82
Accel: -0.26, -0.09, -0.92
Gyro: 0.18, -0.18, -0.55
Accel: -0.26, -0.10, -0.93
Gyro: -0.37, -0.62, -0.70
Accel: -0.26, -0.09, -0.93
Gyro: -0.69, -0.93, -0.34
Accel: -0.26, -0.09, -0.93
Gyro: -0.32, -0.76, -0.12
Accel: -0.26, -0.10, -0.92
Gyro: -0.18, -0.97, -0.31
Accel: -0.26, -0.03, -0.94
Gyro: 1.21, -1.69, 0.95
Accel: -0.27, 0.05, -0.95
Gyro: 7.28, -1.64, 10.63
Accel: -0.29, 0.10, -0.96
Gyro: 9.92, 0.63, 29.82
Accel: -0.32, 0.15, -0.97
Gyro: 15.82, 5.08, 54.35
Accel: -0.35, 0.14, -0.99
Gyro: 27.51, 12.04, 80.86
Accel: -0.36, 0.03, -0.99
Gyro: 29.82, 21.46, 97.58
Accel: -0.38, 0.04, -1.01
Gyro: 31.68, 30.49, 108.96
Accel: -0.44, 0.00, -1.11
Gyro: 40.08, 49.45, 121.67
Accel: -0.43, -0.11, -1.07
Gyro: 45.68, 75.26, 124.97
Accel: -0.39, -0.18, -1.06
Gyro: 47.23, 92.45, 118.42
Accel: -0.41, -0.19, -1.15
Gyro: 43.78, 117.40, 113.08
Accel: -0.29, -0.31, -0.93
Gyro: 39.31, 138.22, 99.66
Accel: -0.21, -0.46, -1.01
Gyro: 40.25, 141.80, 63.36
Accel: -0.10, -0.47, -0.93
Gyro: 30.61, 150.42, 22.22
Accel: 0.00, -0.52, -0.87
Gyro: 35.90, 147.28, -18.03
Accel: 0.09, -0.49, -0.83
Gyro: 38.29, 140.08, -57.44
Accel: 0.22, -0.49, -0.62
Gyro: 50.79, 115.05, -88.41
Accel: 0.31, -0.51, -0.75
Gyro: 55.89, 95.97, -127.57
Accel: 0.41, -0.41, -0.63
Gyro: 62.04, 76.66, -158.13
Accel: 0.48, -0.40, -0.65
Gyro: 69.80, 43.30, -174.06
Accel: 0.56, -0.32, -0.59
Gyro: 55.60, 22.28, -187.30
Accel: 0.58, -0.23, -0.61
Gyro: 50.17, -3.42, -186.34
Accel: 0.59, -0.14, -0.55
Gyro: 39.70, -19.04, -176.83
Accel: 0.62, -0.09, -0.65
Gyro: 40.60, -37.06, -163.74
Accel: 0.65, -0.09, -0.58
Gyro: 51.45, -56.71, -149.28
Accel: 0.65, -0.13, -0.41
Gyro: 43.02, -97.15, -141.56
Accel: 0.48, -0.00, -0.66
Gyro: 28.33, -127.49, -121.16
Accel: 0.41, -0.01, -0.78
Gyro: 5.28, -127.60, -98.82
Accel: 0.37, 0.20, -0.71
Gyro: 1.67, -137.31, -69.84
Accel: 0.24, 0.24, -0.78
Gyro: 11.81, -150.86, -26.18
Accel: 0.15, 0.13, -0.86
Gyro: 5.52, -155.59, 4.96
Accel: 0.02, 0.14, -1.02
Gyro: -5.61, -148.98, 28.69
Accel: -0.07, 0.17, -1.04
Gyro: -7.44, -135.02, 53.60
Accel: -0.16, 0.13, -0.99
Gyro: 5.83, -125.21, 72.92
Accel: -0.25, 0.04, -1.02
Gyro: 27.45, -111.60, 82.35
Accel: -0.33, -0.01, -1.09
Gyro: 35.70, -93.42, 88.57
Accel: -0.40, -0.07, -1.14
Gyro: 23.85, -71.08, 94.48
Accel: -0.41, -0.17, -1.09
Gyro: 5.92, -47.84, 86.65
Accel: -0.38, -0.17, -0.94
Gyro: 6.68, -37.22, 68.93
Accel: -0.40, -0.17, -0.93
Gyro: 12.31, -37.31, 56.63
Accel: -0.41, -0.17, -0.96
Gyro: 0.92, -31.20, 44.37
Accel: -0.41, -0.15, -0.97
Gyro: 1.87, -24.43, 34.81
Accel: -0.41, -0.13, -0.98
Gyro: 4.63, -16.37, 25.56
Accel: -0.42, -0.16, -0.97
Gyro: 5.95, -9.43, 17.90
Accel: -0.40, -0.15, -0.95
Gyro: 1.33, -4.45, 9.16
Accel: -0.39, -0.12, -0.95
Gyro: -1.40, 0.00, 1.95
Accel: -0.37, -0.10, -0.96
Gyro: -1.51, 3.96, -2.33
Accel: -0.36, -0.09, -0.96
Gyro: -1.40, 8.50, -4.01
Accel: -0.34, -0.10, -0.96
Gyro: -0.88, 12.86, -4.97
Accel: -0.32, -0.09, -0.93
Gyro: -1.53, 14.85, -7.32
Accel: -0.30, -0.05, -0.92
Gyro: -1.17, 13.92, -6.66
Accel: -0.28, -0.05, -0.91
Gyro: 2.58, 11.54, -2.57
Accel: -0.28, -0.06, -0.94
Gyro: 5.33, 10.03, -0.28
Accel: -0.29, -0.08, -0.96
Gyro: 5.19, 15.66, 0.13
Accel: -0.26, -0.08, -0.89
Gyro: 3.57, 14.54, -0.08
Accel: -0.25, -0.07, -0.88
Gyro: 2.25, 9.09, 2.64
Accel: -0.25, -0.10, -0.90
Gyro: 1.84, 4.71, 3.47
Accel: -0.26, -0.11, -0.91
Gyro: 1.52, 0.64, 1.99
Accel: -0.26, -0.10, -0.93
Gyro: 0.89, -1.08, 0.27
Accel: -0.28, -0.10, -0.94
Gyro: 0.09, -1.74, -1.09
Accel: -0.29, -0.11, -0.97
Gyro: -0.92, 1.58, -1.83
Accel: -0.28, -0.11, -0.93
Gyro: -3.81, 3.26, -3.26
Accel: -0.28, -0.09, -0.95
Gyro: -5.78, 3.34, -3.36
Accel: -0.27, -0.09, -0.92
Gyro: -3.77, 4.30, -3.43
Accel: -0.26, -0.10, -0.92
Gyro: -3.59, 3.02, -4.94
Accel: -0.27, -0.06, -0.95
Gyro: -3.33, 3.03, -4.61
Accel: -0.25, -0.08, -0.94
Gyro: -1.05, 2.10, -2.25
Accel: -0.26, -0.08, -0.95
Gyro: -1.04, 1.15, -1.08
Accel: -0.26, -0.08, -0.93
Gyro: -0.64, 1.26, 0.06
Accel: -0.25, -0.10, -0.94
Gyro: -0.27, 0.44, 0.61
Accel: -0.24, -0.11, -0.92
Gyro: -0.75, 0.26, 0.82
Accel: -0.27, -0.10, -0.92
Gyro: -2.43, -1.51, 1.06
Accel: -0.26, -0.10, -0.94
Gyro: -4.10, -0.89, 1.19
Accel: -0.26, -0.11, -0.94
Gyro: -0.35, -1.70, 0.11
Accel: -0.25, -0.11, -0.94
Gyro: -1.51, -0.99, -0.37
Accel: -0.27, -0.11, -0.95
Gyro: -1.23, -1.04, -0.72
Accel: -0.26, -0.11, -0.95
Gyro: -2.85, -0.81, -1.70
Accel: -0.26, -0.10, -0.93
Gyro: -3.81, -1.07, -1.85
Accel: -0.26, -0.10, -0.95
Gyro: -4.26, -0.84, -2.68
Accel: -0.25, -0.09, -0.94
Gyro: -4.53, 0.21, -2.89
Accel: -0.25, -0.09, -0.93
Gyro: -4.15, -0.56, -2.76
Accel: -0.26, -0.09, -0.93
Gyro: -3.75, -1.53, -2.14
Accel: -0.26, -0.09, -0.94
Gyro: -3.88, -2.01, -1.98
