Accel: -0.20, -0.09, -0.93
Gyro: -1.83, -0.72, -1.34
Accel: -0.21, -0.09, -0.95
Gyro: -2.17, 0.25, -2.82
Accel: -0.20, -0.08, -0.95
Gyro: -2.05, 0.82, -4.13
Accel: -0.20, -0.07, -0.95
Gyro: -1.71, 0.24, -3.91
Accel: -0.20, -0.08, -0.95
Gyro: -2.55, 0.20, -3.01
Accel: -0.20, -0.07, -0.95
Gyro: -2.83, 0.90, -2.46
Accel: -0.20, -0.08, -0.95
Gyro: -2.49, 0.53, -1.72
Accel: -0.20, -0.08, -0.95
Gyro: -2.80, 0.50, -1.95
Accel: -0.20, -0.06, -0.94
Gyro: -2.29, 0.27, -1.67
Accel: -0.20, -0.07, -0.95
Gyro: -1.22, 0.08, -0.07
Accel: -0.20, -0.06, -0.95
Gyro: -1.06, 0.10, 1.28
Accel: -0.20, -0.06, -0.94
Gyro: -0.68, -0.11, 2.95
Accel: -0.20, -0.06, -0.95
Gyro: -0.29, -0.03, 4.76
Accel: -0.20, -0.06, -0.94
Gyro: 0.40, 0.35, 7.04
Accel: -0.20, -0.03, -0.94
Gyro: 0.96, 0.15, 10.06
Accel: -0.20, -0.03, -0.94
Gyro: 1.47, -0.12, 15.66
Accel: -0.22, 0.03, -0.96
Gyro: 1.44, 1.01, 24.48
Accel: -0.23, 0.07, -0.98
Gyro: 2.68, 4.02, 41.54
Accel: -0.24, 0.09, -1.00
Gyro: 4.06, 9.68, 60.19
Accel: -0.28, 0.04, -1.07
Gyro: 5.42, 20.58, 75.89
Accel: -0.31, 0.00, -1.10
Gyro: 8.09, 37.46, 84.60
Accel: -0.36, -0.06, -1.23
Gyro: 11.88, 64.33, 83.53
Accel: -0.38, -0.13, -1.26
Gyro: 15.84, 102.60, 75.08
Accel: -0.43, -0.29, -1.47
Gyro: 31.50, 141.14, 48.47
Accel: -0.27, -0.41, -1.03
Gyro: 18.02, 197.62, 4.43
Accel: -0.02, -0.23, -0.74
Gyro: 34.53, 188.98, -28.11
Accel: 0.09, -0.23, -0.75
Gyro: 36.98, 174.55, -49.36
Accel: 0.28, -0.28, -0.60
Gyro: 41.74, 148.69, -70.69
Accel: 0.42, -0.24, -0.56
Gyro: 42.10, 115.98, -91.55
Accel: 0.57, -0.24, -0.52
Gyro: 56.23, 68.95, -109.44
Accel: 0.59, -0.28, -0.61
Gyro: 61.85, 34.23, -129.09
Accel: 0.56, -0.30, -0.67
Gyro: 61.28, 10.76, -150.99
Accel: 0.56, -0.16, -0.68
Gyro: 58.35, -7.27, -165.52
Accel: 0.58, -0.09, -0.64
Gyro: 62.00, -29.62, -165.21
Accel: 0.59, -0.09, -0.64
Gyro: 57.54, -52.73, -164.60
Accel: 0.58, -0.10, -0.47
Gyro: 57.59, -85.49, -162.04
Accel: 0.49, -0.00, -0.56
Gyro: 71.43, -122.52, -146.50
Accel: 0.34, -0.05, -0.78
Gyro: 65.80, -138.78, -126.21
Accel: 0.29, 0.09, -0.92
Gyro: 51.42, -134.41, -99.98
Accel: 0.23, 0.11, -1.01
Gyro: 32.69, -123.47, -59.18
Accel: 0.18, 0.18, -0.92
Gyro: 15.20, -111.43, -14.90
Accel: 0.14, 0.16, -0.91
Gyro: 3.91, -111.64, 26.92
Accel: 0.07, 0.17, -0.96
Gyro: 1.09, -111.05, 61.20
Accel: -0.04, 0.17, -0.90
Gyro: 5.30, -108.24, 92.30
Accel: -0.15, 0.05, -0.97
Gyro: 8.92, -103.48, 114.03
Accel: -0.24, 0.09, -0.98
Gyro: 11.05, -95.61, 132.97
Accel: -0.34, 0.04, -0.98
Gyro: 18.66, -83.90, 155.09
Accel: -0.42, -0.11, -1.10
Gyro: 15.52, -64.61, 158.23
Accel: -0.45, -0.12, -1.07
Gyro: 2.94, -44.15, 150.18
Accel: -0.45, -0.16, -1.00
Gyro: 3.26, -32.74, 137.36
Accel: -0.46, -0.20, -1.01
Gyro: 3.97, -21.52, 119.61
Accel: -0.46, -0.21, -1.03
Gyro: 6.00, -6.47, 94.31
Accel: -0.42, -0.27, -0.98
Gyro: 1.47, 4.46, 71.62
Accel: -0.38, -0.25, -0.93
Gyro: 4.07, 2.60, 43.75
Accel: -0.37, -0.19, -0.94
Gyro: 6.47, 4.49, 21.51
Accel: -0.34, -0.16, -0.92
Gyro: 3.20, 8.38, 7.52
Accel: -0.32, -0.12, -0.91
Gyro: -1.22, 10.38, -0.63
Accel: -0.31, -0.09, -0.95
Gyro: -7.66, 11.66, -4.26
Accel: -0.30, -0.08, -0.93
Gyro: -0.92, 9.74, -7.39
Accel: -0.30, -0.06, -0.95
Gyro: -9.71, 17.48, -7.55
Accel: -0.26, -0.04, -0.88
Gyro: -3.74, 15.28, -6.91
Accel: -0.26, -0.05, -0.91
Gyro: -2.72, 11.44, -6.71
Accel: -0.25, -0.04, -0.90
Gyro: -2.47, 9.01, -5.68
Accel: -0.24, -0.03, -0.92
Gyro: -3.07, 6.76, -3.61
Accel: -0.23, -0.05, -0.92
Gyro: 0.05, 3.83, -2.21
Accel: -0.23, -0.05, -0.92
Gyro: -0.67, 2.93, -2.42
Accel: -0.22, -0.06, -0.93
Gyro: 0.45, 1.72, -2.43
Accel: -0.23, -0.07, -0.93
Gyro: 1.14, 0.16, -2.76
Accel: -0.23, -0.07, -0.93
Gyro: 0.01, -0.51, -3.62
Accel: -0.24, -0.06, -0.92
Gyro: -0.70, -0.98, -3.35
Accel: -0.24, -0.07, -0.94
Gyro: -0.72, -1.27, -3.62
Accel: -0.24, -0.07, -0.93
Gyro: -2.57, -0.46, -4.16
Accel: -0.24, -0.06, -0.93
Gyro: -2.91, -1.27, -4.38
Accel: -0.24, -0.07, -0.93
Gyro: -3.65, -1.76, -4.75
Accel: -0.25, -0.05, -0.94
Gyro: -3.17, -0.91, -5.43
Accel: -0.26, -0.06, -0.96
Gyro: -2.31, 0.11, -5.39
Accel: -0.26, -0.05, -0.97
Gyro: -1.75, 2.66, -5.96
Accel: -0.25, -0.06, -0.93
Gyro: -0.78, 4.92, -6.77
Accel: -0.25, -0.05, -0.93
Gyro: 0.08, 4.38, -7.19
Accel: -0.24, -0.05, -0.94
Gyro: 0.38, 4.08, -7.00
Accel: -0.23, -0.06, -0.93
Gyro: 0.18, 3.04, -5.86
Accel: -0.24, -0.05, -0.93
Gyro: -0.08, 2.53, -4.20
Accel: -0.23, -0.06, -0.93
Gyro: 1.11, 1.38, -2.62
Accel: -0.23, -0.07, -0.93
Gyro: 1.42, 0.46, -1.91
Accel: -0.23, -0.08, -0.94
Gyro: 1.36, 1.01, -2.42
Accel: -0.23, -0.07, -0.94
Gyro: 1.19, 1.16, -2.88
Accel: -0.23, -0.08, -0.95
Gyro: 0.77, 1.76, -3.31
Accel: -0.22, -0.08, -0.95
Gyro: 1.45, 1.74, -3.02
Accel: -0.22, -0.08, -0.94
Gyro: 0.72, 1.95, -3.05
Accel: -0.22, -0.08, -0.94
Gyro: 0.62, 1.95, -1.91
Accel: -0.22, -0.09, -0.94
Gyro: 0.07, 1.70, -1.41
Accel: -0.22, -0.09, -0.94
Gyro: -1.33, 1.69, -1.41
Accel: -0.22, -0.08, -0.95
Gyro: -1.49, 2.41, -1.37
Accel: -0.21, -0.08, -0.95
Gyro: -1.32, 2.14, -1.34
Accel: -0.21, -0.09, -0.94
Gyro: -1.40, 1.70, -1.25
Accel: -0.21, -0.08, -0.92
Gyro: -1.15, 0.81, -1.32
Accel: -0.21, -0.08, -0.95
Gyro: -1.49, 0.34, -0.91
Accel: -0.21, -0.07, -0.94
Gyro: -0.97, 0.46, -0.47
Accel: -0.21, -0.09, -0.93
Gyro: 0.29, -0.38, 0.06
Accel: -0.21, -0.09, -0.94
Gyro: -1.07, -0.31, -0.32
Accel: -0.21, -0.09, -0.94
Gyro: -1.45, -0.43, -0.36
