Accel: -0.24, -0.10, -0.93
Gyro: -3.34, -0.44, -2.24
Accel: -0.25, -0.10, -0.94
Gyro: -3.18, 0.22, -2.91
Accel: -0.23, -0.10, -0.94
Gyro: -2.91, 1.51, -2.92
Accel: -0.23, -0.09, -0.95
Gyro: -2.53, 1.81, -2.59
Accel: -0.23, -0.10, -0.93
Gyro: -2.37, 1.70, -2.04
Accel: -0.22, -0.10, -0.94
Gyro: -1.95, 1.65, -0.89
Accel: -0.22, -0.10, -0.94
Gyro: -1.92, 1.21, -0.02
Accel: -0.22, -0.10, -0.94
Gyro: -0.89, 1.56, 1.99
Accel: -0.22, -0.13, -0.93
Gyro: -2.37, 1.59, 1.95
Accel: -0.21, -0.13, -0.93
Gyro: -3.54, 1.11, -0.16
Accel: -0.22, -0.13, -0.94
Gyro: -4.45, 0.93, -1.51
Accel: -0.21, -0.12, -0.95
Gyro: -5.37, 2.15, -2.91
Accel: -0.19, -0.10, -0.92
Gyro: -5.17, 2.21, -4.49
Accel: -0.18, -0.08, -0.92
Gyro: -2.72, -0.30, -4.66
Accel: -0.18, -0.08, -0.90
Gyro: -2.66, -2.61, -4.30
Accel: -0.19, -0.06, -0.93
Gyro: -1.82, -5.71, -2.40
Accel: -0.21, -0.08, -0.94
Gyro: -3.01, -6.44, -0.72
Accel: -0.21, -0.08, -0.92
Gyro: -3.93, -6.82, -0.24
Accel: -0.23, -0.08, -0.93
Gyro: -3.67, -8.35, 0.16
Accel: -0.24, -0.10, -0.95
Gyro: -4.75, -6.81, -2.91
Accel: -0.25, -0.08, -0.95
Gyro: -1.96, -5.21, -6.67
Accel: -0.23, -0.05, -0.93
Gyro: 2.71, -5.13, -7.84
Accel: -0.25, -0.06, -0.93
Gyro: 6.26, -6.17, -5.95
Accel: -0.27, -0.06, -0.94
Gyro: 7.11, -6.08, -3.17
Accel: -0.27, -0.07, -0.95
Gyro: 8.83, -5.96, 0.72
Accel: -0.29, -0.08, -0.96
Gyro: 9.48, -3.50, 6.51
Accel: -0.29, -0.09, -0.98
Gyro: 8.29, 2.72, 13.73
Accel: -0.27, -0.09, -0.95
Gyro: 8.80, 5.76, 19.54
Accel: -0.29, -0.07, -1.00
Gyro: 9.74, 12.49, 26.61
Accel: -0.31, -0.05, -1.08
Gyro: 9.21, 25.86, 35.42
Accel: -0.32, -0.03, -1.06
Gyro: 10.33, 42.19, 46.57
Accel: -0.32, 0.00, -1.07
Gyro: 18.43, 55.21, 56.30
Accel: -0.31, -0.11, -1.07
Gyro: 26.29, 78.38, 63.86
Accel: -0.23, -0.22, -1.02
Gyro: 33.29, 81.23, 48.00
Accel: -0.22, -0.28, -1.04
Gyro: 35.68, 103.49, 26.25
Accel: -0.10, -0.33, -0.86
Gyro: 47.45, 99.91, 0.08
Accel: -0.08, -0.40, -0.98
Gyro: 47.62, 103.71, -31.34
Accel: 0.01, -0.44, -0.85
Gyro: 56.18, 102.83, -63.00
Accel: 0.11, -0.40, -0.76
Gyro: 67.02, 86.88, -96.17
Accel: 0.17, -0.39, -0.79
Gyro: 74.98, 61.23, -113.27
Accel: 0.24, -0.39, -0.78
Gyro: 57.96, 53.76, -126.21
Accel: 0.31, -0.33, -0.75
Gyro: 54.07, 38.89, -129.37
Accel: 0.38, -0.32, -0.70
Gyro: 47.47, 20.34, -123.84
Accel: 0.44, -0.38, -0.63
Gyro: 33.87, -2.28, -120.12
Accel: 0.47, -0.36, -0.59
Gyro: 21.74, -27.73, -123.84
Accel: 0.47, -0.34, -0.57
Gyro: 21.18, -58.25, -123.54
Accel: 0.44, -0.26, -0.62
Gyro: 21.70, -84.88, -122.22
Accel: 0.39, -0.16, -0.70
Gyro: 28.35, -103.59, -108.12
Accel: 0.35, -0.13, -0.81
Gyro: 28.11, -112.84, -86.27
Accel: 0.30, -0.04, -0.76
Gyro: 23.42, -117.40, -50.77
Accel: 0.20, -0.12, -0.83
Gyro: 12.70, -123.03, -12.14
Accel: 0.11, -0.12, -0.91
Gyro: -1.21, -118.33, 18.49
Accel: 0.01, -0.13, -0.94
Gyro: -5.84, -108.14, 46.78
Accel: -0.08, -0.18, -0.97
Gyro: -8.05, -98.93, 66.14
Accel: -0.16, -0.27, -1.06
Gyro: -12.15, -82.73, 72.04
Accel: -0.18, -0.21, -0.97
Gyro: -15.51, -72.30, 73.31
Accel: -0.22, -0.18, -0.96
Gyro: -12.08, -67.35, 83.50
Accel: -0.29, -0.21, -1.01
Gyro: -13.15, -57.03, 89.73
Accel: -0.33, -0.32, -0.98
Gyro: -14.62, -47.68, 86.02
Accel: -0.34, -0.33, -0.97
Gyro: -20.91, -38.55, 66.60
Accel: -0.37, -0.11, -0.92
Gyro: -10.76, -33.13, 64.46
Accel: -0.40, -0.24, -0.94
Gyro: -7.13, -25.87, 66.41
Accel: -0.41, -0.33, -0.98
Gyro: -18.77, -16.25, 52.06
Accel: -0.38, -0.25, -0.93
Gyro: -16.91, -13.81, 35.30
Accel: -0.39, -0.24, -0.91
Gyro: -16.39, -11.06, 22.55
Accel: -0.42, -0.20, -0.94
Gyro: -13.30, -7.24, 11.16
Accel: -0.41, -0.16, -0.94
Gyro: -14.94, 0.57, 6.21
Accel: -0.40, -0.11, -0.92
Gyro: -11.83, 3.49, 4.35
Accel: -0.38, -0.05, -0.93
Gyro: -9.58, 7.35, 12.31
Accel: -0.35, -0.11, -0.90
Gyro: -10.93, 9.72, 19.26
Accel: -0.33, -0.12, -0.87
Gyro: -9.21, 7.97, 16.01
Accel: -0.32, -0.13, -0.95
Gyro: -2.45, 6.84, 17.78
Accel: -0.31, -0.15, -0.83
Gyro: -6.02, 5.45, 14.06
Accel: -0.34, -0.15, -0.90
Gyro: -10.19, 3.75, 14.68
Accel: -0.34, -0.13, -0.89
Gyro: -15.42, 3.93, 11.38
Accel: -0.34, -0.12, -0.90
Gyro: -16.50, 3.33, 4.75
Accel: -0.33, -0.08, -0.92
Gyro: -11.48, 3.44, -1.55
Accel: -0.33, -0.06, -0.93
Gyro: -6.24, 4.72, -5.78
Accel: -0.33, -0.04, -0.94
Gyro: -2.88, 7.13, -7.93
Accel: -0.32, -0.01, -0.92
Gyro: -1.71, 9.36, -7.32
Accel: -0.31, -0.01, -0.91
Gyro: 2.57, 8.59, -1.87
Accel: -0.31, -0.04, -0.91
Gyro: 2.75, 7.64, 2.81
Accel: -0.32, -0.05, -0.89
Gyro: 3.07, 7.02, 6.84
Accel: -0.32, -0.07, -0.93
Gyro: 2.14, 6.28, 9.32
Accel: -0.30, -0.10, -0.95
Gyro: 2.52, 7.16, 8.69
Accel: -0.29, -0.11, -0.93
Gyro: 2.60, 9.97, 5.86
Accel: -0.27, -0.13, -0.93
Gyro: -0.52, 10.36, 2.98
Accel: -0.24, -0.12, -0.92
Gyro: -1.49, 8.47, -2.05
Accel: -0.25, -0.09, -0.93
Gyro: 0.59, 8.56, -5.36
Accel: -0.26, -0.07, -0.90
Gyro: 2.26, 8.15, -4.55
Accel: -0.25, -0.08, -0.91
Gyro: 2.40, 6.42, -3.81
Accel: -0.23, -0.07, -0.92
Gyro: 1.91, 6.05, -2.56
Accel: -0.24, -0.04, -0.88
Gyro: 4.14, 3.29, 3.78
Accel: -0.25, -0.10, -0.89
Gyro: 5.49, -1.71, 9.73
Accel: -0.26, -0.14, -0.88
Gyro: -0.18, -4.81, 8.84
Accel: -0.28, -0.12, -0.93
Gyro: -4.37, -5.33, 5.95
Accel: -0.29, -0.11, -0.95
Gyro: -3.28, -4.33, 2.99
Accel: -0.29, -0.10, -0.94
Gyro: -2.20, -3.60, 1.20
Accel: -0.29, -0.10, -0.91
Gyro: -0.69, -4.27, 0.57
Accel: -0.30, -0.09, -0.94
Gyro: -0.06, -4.04, 1.05
Accel: -0.30, -0.10, -0.94
Gyro: -0.05, -2.61, 1.76
