Accel: -0.20, -0.04, -0.94
Gyro: -2.56, -1.23, -1.71
Accel: -0.21, -0.03, -0.95
Gyro: -2.14, -2.08, -2.40
Accel: -0.22, -0.03, -0.94
Gyro: -1.61, -1.63, -2.08
Accel: -0.21, -0.03, -0.94
Gyro: -2.26, -1.46, -2.20
Accel: -0.21, -0.02, -0.94
Gyro: -1.47, -1.78, -2.04
Accel: -0.21, -0.03, -0.94
Gyro: -0.32, -3.51, -1.56
Accel: -0.21, -0.03, -0.93
Gyro: -0.96, -4.28, -1.69
Accel: -0.22, -0.02, -0.94
Gyro: -0.76, -4.17, -1.44
Accel: -0.22, -0.02, -0.96
Gyro: -0.36, -2.97, 0.29
Accel: -0.22, -0.03, -0.95
Gyro: -1.00, -1.20, 0.95
Accel: -0.22, -0.04, -0.94
Gyro: -0.60, -1.08, 1.21
Accel: -0.22, -0.04, -0.96
Gyro: -0.24, -0.92, 0.87
Accel: -0.24, -0.04, -0.94
Gyro: -1.51, 0.13, 0.63
Accel: -0.22, -0.04, -0.94
Gyro: -0.27, 0.08, 1.04
Accel: -0.22, -0.04, -0.93
Gyro: -0.66, -0.08, 0.92
Accel: -0.22, -0.03, -0.95
Gyro: -0.65, 0.25, 1.10
Accel: -0.22, -0.03, -0.94
Gyro: 0.13, 0.08, 1.47
Accel: -0.22, -0.03, -0.93
Gyro: 1.12, -0.33, 1.57
Accel: -0.22, -0.02, -0.94
Gyro: 3.92, -0.88, 2.63
Accel: -0.22, -0.03, -0.95
Gyro: 3.28, -0.48, 4.10
Accel: -0.22, -0.05, -0.95
Gyro: 2.87, -0.62, 4.90
Accel: -0.22, -0.03, -0.94
Gyro: 1.72, -0.80, 5.70
Accel: -0.23, 0.00, -0.96
Gyro: 3.24, -0.33, 9.16
Accel: -0.25, 0.04, -0.98
Gyro: 6.81, 2.16, 16.58
Accel: -0.26, 0.06, -0.99
Gyro: 12.33, 6.98, 26.60
Accel: -0.27, 0.13, -1.03
Gyro: 19.21, 14.76, 40.23
Accel: -0.29, 0.17, -1.02
Gyro: 30.34, 26.24, 59.91
Accel: -0.30, 0.08, -1.07
Gyro: 37.70, 38.75, 79.08
Accel: -0.31, -0.03, -1.05
Gyro: 34.65, 56.56, 88.82
Accel: -0.27, -0.16, -1.00
Gyro: 31.12, 67.66, 86.47
Accel: -0.30, -0.25, -1.17
Gyro: 28.47, 88.07, 71.84
Accel: -0.22, -0.30, -1.04
Gyro: 32.67, 108.65, 50.54
Accel: -0.20, -0.38, -1.16
Gyro: 31.85, 129.92, 21.68
Accel: -0.16, -0.35, -1.09
Gyro: 28.05, 157.22, -6.22
Accel: -0.06, -0.31, -0.90
Gyro: 31.10, 174.35, -25.05
Accel: 0.08, -0.35, -0.80
Gyro: 39.34, 161.03, -46.33
Accel: 0.28, -0.36, -0.63
Gyro: 31.53, 140.03, -69.82
Accel: 0.46, -0.38, -0.51
Gyro: 38.95, 101.24, -96.79
Accel: 0.55, -0.33, -0.59
Gyro: 50.16, 60.33, -119.58
Accel: 0.58, -0.32, -0.64
Gyro: 51.12, 32.77, -135.57
Accel: 0.58, -0.31, -0.62
Gyro: 49.31, 10.13, -151.54
Accel: 0.56, -0.18, -0.67
Gyro: 43.69, -4.43, -160.46
Accel: 0.56, -0.20, -0.62
Gyro: 39.75, -21.15, -164.54
Accel: 0.57, -0.07, -0.62
Gyro: 38.45, -41.08, -168.62
Accel: 0.54, -0.06, -0.77
Gyro: 52.47, -54.93, -165.52
Accel: 0.52, -0.03, -0.71
Gyro: 58.40, -65.09, -161.00
Accel: 0.51, 0.03, -0.67
Gyro: 61.71, -84.27, -147.76
Accel: 0.47, 0.09, -0.67
Gyro: 61.45, -106.42, -120.11
Accel: 0.39, 0.15, -0.74
Gyro: 51.56, -122.62, -85.56
Accel: 0.35, 0.17, -0.75
Gyro: 32.25, -133.58, -45.16
Accel: 0.25, 0.22, -0.84
Gyro: 19.45, -144.78, 2.27
Accel: 0.15, 0.26, -0.88
Gyro: 3.25, -143.51, 46.65
Accel: 0.04, 0.24, -0.82
Gyro: 4.07, -148.23, 84.22
Accel: -0.12, 0.09, -0.86
Gyro: 13.37, -154.37, 105.51
Accel: -0.27, 0.02, -0.99
Gyro: 21.84, -143.69, 110.82
Accel: -0.38, -0.04, -1.11
Gyro: 32.55, -117.90, 113.27
Accel: -0.44, 0.01, -1.15
Gyro: 32.47, -86.07, 120.77
Accel: -0.52, -0.06, -1.12
Gyro: 25.17, -58.59, 133.33
Accel: -0.55, -0.18, -1.17
Gyro: 11.44, -31.55, 124.59
Accel: -0.54, -0.15, -1.10
Gyro: 8.34, -5.39, 113.83
Accel: -0.47, -0.24, -0.99
Gyro: 10.50, 12.29, 101.35
Accel: -0.42, -0.26, -0.94
Gyro: 1.33, 15.43, 82.31
Accel: -0.38, -0.24, -0.91
Gyro: 7.56, 12.80, 60.16
Accel: -0.34, -0.25, -0.87
Gyro: 9.84, 12.72, 39.84
Accel: -0.30, -0.22, -0.87
Gyro: 7.21, 8.57, 21.56
Accel: -0.30, -0.15, -0.90
Gyro: 5.33, 6.03, 8.66
Accel: -0.29, -0.14, -0.94
Gyro: -4.94, 7.91, 4.59
Accel: -0.29, -0.11, -0.88
Gyro: 1.85, 2.77, 0.85
Accel: -0.30, -0.11, -0.92
Gyro: -3.08, 2.82, 0.16
Accel: -0.30, -0.09, -0.93
Gyro: -2.08, 3.04, 0.56
Accel: -0.30, -0.09, -0.94
Gyro: -3.73, 3.85, 0.47
Accel: -0.28, -0.09, -0.94
Gyro: -3.50, 4.97, 0.12
Accel: -0.28, -0.09, -0.95
Gyro: -3.72, 6.16, 0.46
Accel: -0.27, -0.08, -0.94
Gyro: -3.17, 7.37, -0.95
Accel: -0.26, -0.07, -0.94
Gyro: -1.19, 7.90, -1.14
Accel: -0.25, -0.08, -0.92
Gyro: 0.11, 7.48, -1.42
Accel: -0.24, -0.08, -0.92
Gyro: 0.56, 6.58, -1.75
Accel: -0.23, -0.08, -0.91
Gyro: 0.31, 5.15, -1.44
Accel: -0.23, -0.09, -0.92
Gyro: -0.31, 4.14, -1.24
Accel: -0.23, -0.09, -0.92
Gyro: -1.73, 3.03, -1.44
Accel: -0.24, -0.09, -0.91
Gyro: -2.18, 1.70, -1.79
Accel: -0.24, -0.08, -0.92
Gyro: -2.08, 0.32, -2.33
Accel: -0.25, -0.07, -0.94
Gyro: -2.95, 0.64, -2.91
Accel: -0.25, -0.07, -0.93
Gyro: -1.92, -0.15, -2.51
Accel: -0.25, -0.08, -0.92
Gyro: -2.73, -0.11, -2.36
Accel: -0.25, -0.08, -0.93
Gyro: -2.86, 0.23, -2.03
Accel: -0.25, -0.07, -0.93
Gyro: -2.49, 0.18, -1.59
Accel: -0.25, -0.07, -0.94
Gyro: -2.39, 0.73, -1.29
Accel: -0.25, -0.07, -0.93
Gyro: -2.04, 1.00, -1.05
Accel: -0.24, -0.08, -0.94
Gyro: -1.82, 1.55, -1.08
Accel: -0.25, -0.08, -0.95
Gyro: -1.79, 2.30, -1.12
Accel: -0.24, -0.08, -0.93
Gyro: -1.31, 1.81, -1.48
Accel: -0.24, -0.08, -0.93
Gyro: -1.58, 1.96, -1.69
Accel: -0.24, -0.08, -0.94
Gyro: -1.86, 1.67, -2.17
Accel: -0.24, -0.09, -0.94
Gyro: -3.20, 1.64, -2.74
Accel: -0.23, -0.10, -0.94
Gyro: -3.44, 1.56, -3.84
Accel: -0.23, -0.09, -0.92
Gyro: -4.39, 1.01, -6.20
Accel: -0.22, -0.07, -0.94
Gyro: -3.11, 0.96, -6.61
Accel: -0.23, -0.09, -0.95
Gyro: -2.40, 0.22, -5.68
Accel: -0.24, -0.08, -0.93
Gyro: -3.69, 0.04, -4.95
Accel: -0.22, -0.07, -0.94
Gyro: -4.65, 0.04, -3.76
