Accel: -0.23, -0.07, -0.96
Gyro: -0.65, 2.20, -0.51
Accel: -0.23, -0.07, -0.94
Gyro: 0.69, 3.07, -0.92
Accel: -0.22, -0.08, -0.94
Gyro: 1.13, 2.55, -1.40
Accel: -0.22, -0.08, -0.94
Gyro: 0.37, 2.65, -2.13
Accel: -0.20, -0.08, -0.94
Gyro: -0.29, 3.03, -2.52
Accel: -0.21, -0.08, -0.95
Gyro: -0.09, 3.04, -2.44
Accel: -0.20, -0.08, -0.93
Gyro: -0.32, 2.27, -2.66
Accel: -0.18, -0.08, -0.94
Gyro: 0.49, 1.03, -3.89
Accel: -0.20, -0.09, -0.94
Gyro: 0.50, 0.78, -4.70
Accel: -0.20, -0.08, -0.94
Gyro: -0.20, 1.60, -5.29
Accel: -0.20, -0.08, -0.94
Gyro: 0.08, 1.54, -3.97
Accel: -0.20, -0.08, -0.94
Gyro: -1.26, 1.28, -2.75
Accel: -0.20, -0.08, -0.93
Gyro: -2.44, 0.88, -2.00
Accel: -0.20, -0.08, -0.94
Gyro: -2.15, 0.11, -1.01
Accel: -0.20, -0.08, -0.95
Gyro: -1.72, -0.26, -0.82
Accel: -0.21, -0.09, -0.95
Gyro: -1.09, -0.97, -0.69
Accel: -0.20, -0.07, -0.94
Gyro: -0.50, -0.82, 0.14
Accel: -0.20, -0.08, -0.94
Gyro: -0.33, -1.09, 0.57
Accel: -0.20, -0.08, -0.94
Gyro: -0.02, -0.81, 1.35
Accel: -0.20, -0.08, -0.96
Gyro: 0.57, -1.36, 2.45
Accel: -0.22, -0.03, -1.00
Gyro: -1.06, 4.69, 6.74
Accel: -0.21, 0.04, -0.93
Gyro: 4.33, 7.24, 17.04
Accel: -0.20, 0.06, -0.95
Gyro: 12.12, 7.04, 30.24
Accel: -0.23, 0.09, -1.00
Gyro: 13.05, 11.10, 48.26
Accel: -0.26, 0.08, -1.03
Gyro: 11.60, 20.13, 70.29
Accel: -0.33, 0.02, -1.16
Gyro: 11.68, 38.70, 88.75
Accel: -0.41, -0.03, -1.24
Gyro: 5.20, 76.07, 99.78
Accel: -0.36, -0.11, -1.20
Gyro: 17.38, 101.26, 99.07
Accel: -0.35, -0.20, -1.22
Gyro: 18.86, 140.69, 85.78
Accel: -0.15, -0.33, -0.93
Gyro: 26.60, 160.29, 64.58
Accel: -0.03, -0.34, -0.79
Gyro: 20.08, 150.12, 36.71
Accel: 0.11, -0.32, -0.70
Gyro: 17.13, 135.83, 13.90
Accel: 0.21, -0.35, -0.74
Gyro: 21.93, 116.81, -12.15
Accel: 0.31, -0.36, -0.72
Gyro: 29.43, 96.20, -42.44
Accel: 0.38, -0.36, -0.73
Gyro: 41.86, 80.83, -75.18
Accel: 0.44, -0.30, -0.72
Gyro: 66.61, 57.19, -109.25
Accel: 0.50, -0.31, -0.69
Gyro: 85.32, 35.22, -135.24
Accel: 0.47, -0.34, -0.73
Gyro: 85.85, 18.30, -158.68
Accel: 0.49, -0.23, -0.74
Gyro: 77.03, 6.90, -170.37
Accel: 0.49, -0.24, -0.72
Gyro: 72.45, -4.49, -168.93
Accel: 0.49, -0.25, -0.77
Gyro: 58.56, -11.24, -172.58
Accel: 0.52, -0.24, -0.72
Gyro: 52.02, -18.23, -169.46
Accel: 0.54, -0.26, -0.58
Gyro: 44.25, -37.77, -169.29
Accel: 0.54, -0.18, -0.62
Gyro: 41.22, -68.98, -172.03
Accel: 0.48, 0.01, -0.77
Gyro: 38.34, -86.70, -155.44
Accel: 0.44, 0.09, -0.72
Gyro: 36.61, -96.99, -120.29
Accel: 0.45, 0.14, -0.64
Gyro: 18.68, -112.58, -87.60
Accel: 0.40, 0.27, -0.67
Gyro: 11.12, -138.85, -43.95
Accel: 0.29, 0.30, -0.85
Gyro: 2.66, -153.41, 2.39
Accel: 0.15, 0.33, -0.90
Gyro: 1.90, -148.58, 48.81
Accel: 0.03, 0.21, -0.88
Gyro: 6.71, -147.13, 84.35
Accel: -0.09, 0.14, -0.92
Gyro: 10.51, -140.88, 100.93
Accel: -0.22, 0.18, -0.96
Gyro: 21.84, -131.97, 119.84
Accel: -0.34, 0.15, -1.01
Gyro: 28.89, -117.95, 143.94
Accel: -0.45, 0.03, -1.17
Gyro: 26.58, -92.88, 156.06
Accel: -0.47, -0.08, -1.17
Gyro: 15.11, -61.27, 149.43
Accel: -0.46, -0.07, -1.01
Gyro: 19.51, -45.35, 139.73
Accel: -0.47, -0.17, -1.03
Gyro: 17.08, -32.73, 125.74
Accel: -0.39, -0.25, -1.01
Gyro: 10.06, -13.42, 103.35
Accel: -0.42, -0.22, -1.04
Gyro: 5.65, -5.68, 82.01
Accel: -0.39, -0.20, -0.96
Gyro: 14.85, -4.10, 60.01
Accel: -0.41, -0.21, -0.98
Gyro: 14.26, 4.20, 38.25
Accel: -0.41, -0.19, -0.99
Gyro: 3.25, 16.08, 24.18
Accel: -0.35, -0.15, -0.94
Gyro: -2.72, 22.72, 13.57
Accel: -0.31, -0.11, -0.86
Gyro: -4.21, 19.97, 6.99
Accel: -0.30, -0.09, -0.85
Gyro: -2.19, 14.40, 3.63
Accel: -0.28, -0.09, -0.86
Gyro: -1.01, 7.93, 1.23
Accel: -0.29, -0.08, -0.89
Gyro: -2.87, 2.91, -1.63
Accel: -0.30, -0.07, -0.92
Gyro: -4.07, 0.25, -3.72
Accel: -0.31, -0.05, -0.93
Gyro: -3.76, -0.52, -5.75
Accel: -0.30, -0.05, -0.93
Gyro: -1.19, 0.92, -6.36
Accel: -0.30, -0.07, -0.94
Gyro: 0.69, 1.63, -8.63
Accel: -0.29, -0.05, -0.94
Gyro: 2.41, 2.66, -10.21
Accel: -0.28, -0.05, -0.93
Gyro: 4.52, 3.63, -9.21
Accel: -0.27, -0.06, -0.93
Gyro: 5.39, 4.30, -7.04
Accel: -0.25, -0.06, -0.92
Gyro: 4.69, 4.31, -5.41
Accel: -0.25, -0.07, -0.93
Gyro: 3.89, 3.14, -3.78
Accel: -0.25, -0.08, -0.93
Gyro: 1.72, 2.72, -3.04
Accel: -0.26, -0.08, -0.92
Gyro: 0.60, 2.11, -2.75
Accel: -0.25, -0.08, -0.92
Gyro: 0.66, 0.76, -2.07
Accel: -0.27, -0.08, -0.92
Gyro: -1.16, 0.33, -3.14
Accel: -0.25, -0.11, -0.93
Gyro: -5.58, 3.68, -5.00
Accel: -0.26, -0.06, -0.95
Gyro: -4.94, 2.39, -3.77
Accel: -0.26, -0.07, -0.93
Gyro: -1.14, 1.88, -4.39
Accel: -0.26, -0.06, -0.93
Gyro: -2.33, 2.24, -4.39
Accel: -0.26, -0.06, -0.93
Gyro: -0.79, 1.45, -4.30
Accel: -0.25, -0.07, -0.92
Gyro: -0.89, 1.37, -3.74
Accel: -0.25, -0.07, -0.93
Gyro: -0.38, 1.05, -3.04
Accel: -0.26, -0.08, -0.93
Gyro: -0.31, 0.67, -2.31
Accel: -0.26, -0.08, -0.93
Gyro: -0.41, 0.19, -1.61
Accel: -0.26, -0.08, -0.94
Gyro: -1.68, 0.51, -1.07
Accel: -0.26, -0.09, -0.95
Gyro: -1.76, 1.34, -1.00
Accel: -0.25, -0.08, -0.93
Gyro: -2.53, 2.11, -1.63
Accel: -0.25, -0.08, -0.93
Gyro: -0.36, 2.24, -1.11
Accel: -0.24, -0.09, -0.93
Gyro: -0.82, 2.14, -1.41
Accel: -0.26, -0.09, -0.93
Gyro: -1.66, 2.00, -1.95
Accel: -0.24, -0.08, -0.92
Gyro: -2.19, 2.45, -1.72
Accel: -0.24, -0.09, -0.93
Gyro: -2.03, 1.72, -1.20
Accel: -0.24, -0.08, -0.93
Gyro: -2.60, 1.63, -1.50
Accel: -0.23, -0.08, -0.93
Gyro: -1.88, 0.64, -1.59
Accel: -0.24, -0.09, -0.93
Gyro: -2.08, -0.58, -2.19
