Accel: -0.33, 0.05, -0.93
Gyro: -1.61, -1.21, -1.02
Accel: -0.32, 0.04, -0.91
Gyro: -2.38, -0.60, -0.94
Accel: -0.32, 0.04, -0.92
Gyro: -1.76, -0.97, -1.45
Accel: -0.32, 0.04, -0.92
Gyro: -1.08, -1.13, -1.82
Accel: -0.32, 0.04, -0.92
Gyro: -1.30, -1.23, -1.47
Accel: -0.32, 0.04, -0.92
Gyro: -2.00, -1.75, -1.25
Accel: -0.33, 0.05, -0.91
Gyro: -1.56, -1.74, -0.72
Accel: -0.33, 0.04, -0.91
Gyro: -2.02, -2.08, -0.72
Accel: -0.32, 0.04, -0.92
Gyro: -2.27, -1.67, -1.09
Accel: -0.32, 0.04, -0.91
Gyro: -2.05, -1.72, -1.94
Accel: -0.32, 0.03, -0.91
Gyro: -1.73, -2.15, -2.11
Accel: -0.33, 0.05, -0.93
Gyro: -2.33, -2.78, -2.00
Accel: -0.33, 0.04, -0.93
Gyro: -2.65, -1.34, -1.36
Accel: -0.31, 0.04, -0.90
Gyro: -3.13, -1.67, -2.11
Accel: -0.31, 0.06, -0.88
Gyro: -1.30, -4.59, -2.15
Accel: -0.32, 0.07, -0.88
Gyro: -0.62, -7.64, -1.33
Accel: -0.32, 0.11, -0.85
Gyro: 3.88, -13.19, -0.38
Accel: -0.32, 0.19, -0.80
Gyro: 11.73, -22.22, 3.73
Accel: -0.36, 0.36, -0.76
Gyro: 29.32, -36.38, 14.59
Accel: -0.43, 0.46, -0.86
Gyro: 60.30, -43.11, 37.07
Accel: -0.54, 0.48, -0.89
Gyro: 102.22, -36.00, 71.08
Accel: -0.62, 0.27, -0.93
Gyro: 133.35, -19.10, 99.58
Accel: -0.64, 0.04, -0.82
Gyro: 132.84, -0.53, 109.93
Accel: -0.70, 0.00, -0.87
Gyro: 155.28, 11.88, 116.94
Accel: -0.71, -0.29, -0.85
Gyro: 155.59, 37.42, 113.85
Accel: -0.67, -0.46, -0.81
Gyro: 128.62, 53.27, 97.92
Accel: -0.62, -0.46, -0.85
Gyro: 115.30, 64.70, 80.97
Accel: -0.57, -0.54, -0.81
Gyro: 93.96, 75.25, 63.83
Accel: -0.52, -0.50, -0.79
Gyro: 82.32, 80.83, 43.45
Accel: -0.49, -0.49, -0.89
Gyro: 76.97, 95.12, 30.36
Accel: -0.41, -0.53, -0.75
Gyro: 61.74, 104.64, 17.42
Accel: -0.38, -0.48, -0.80
Gyro: 72.55, 109.05, 5.55
Accel: -0.33, -0.57, -0.88
Gyro: 65.99, 124.53, -2.62
Accel: -0.23, -0.66, -0.72
Gyro: 54.43, 127.27, -15.15
Accel: -0.15, -0.70, -0.75
Gyro: 46.18, 123.53, -35.79
Accel: -0.09, -0.64, -0.74
Gyro: 37.02, 119.36, -46.75
Accel: 0.04, -0.72, -0.71
Gyro: 26.44, 122.41, -60.68
Accel: 0.14, -0.65, -0.67
Gyro: 19.43, 110.45, -73.79
Accel: 0.10, -0.70, -0.71
Gyro: -1.51, 108.51, -78.03
Accel: 0.22, -0.67, -0.73
Gyro: 5.57, 104.58, -92.59
Accel: 0.30, -0.62, -0.72
Gyro: -9.37, 105.71, -99.49
Accel: 0.40, -0.57, -0.59
Gyro: -15.82, 97.05, -98.46
Accel: 0.45, -0.66, -0.63
Gyro: -26.08, 93.76, -107.75
Accel: 0.51, -0.49, -0.58
Gyro: -38.31, 91.15, -118.51
Accel: 0.60, -0.45, -0.47
Gyro: -34.58, 78.38, -118.52
Accel: 0.64, -0.45, -0.56
Gyro: -35.07, 69.73, -129.93
Accel: 0.67, -0.35, -0.53
Gyro: -39.94, 69.05, -139.15
Accel: 0.72, -0.24, -0.45
Gyro: -39.68, 56.72, -145.96
Accel: 0.76, -0.14, -0.48
Gyro: -35.04, 43.24, -147.67
Accel: 0.76, -0.09, -0.47
Gyro: -35.86, 40.70, -146.41
Accel: 0.83, 0.01, -0.34
Gyro: -22.09, 32.88, -155.77
Accel: 0.97, 0.14, -0.36
Gyro: -46.92, 38.92, -147.94
Accel: 0.89, 0.24, -0.37
Gyro: -45.85, 12.25, -135.70
Accel: 0.88, 0.25, -0.33
Gyro: -35.35, -1.91, -130.00
Accel: 0.92, 0.23, -0.41
Gyro: -30.84, -11.52, -129.03
Accel: 0.85, 0.31, -0.31
Gyro: -36.29, -25.25, -125.95
Accel: 0.79, 0.28, -0.34
Gyro: -24.12, -44.25, -127.72
Accel: 0.75, 0.43, -0.42
Gyro: -25.29, -54.21, -138.85
Accel: 0.72, 0.64, -0.32
Gyro: -17.02, -66.67, -133.55
Accel: 0.68, 0.72, -0.37
Gyro: -1.21, -95.54, -120.44
Accel: 0.56, 0.77, -0.39
Gyro: 6.24, -112.70, -109.01
Accel: 0.44, 0.82, -0.44
Gyro: 16.06, -127.89, -93.09
Accel: 0.36, 0.86, -0.47
Gyro: 27.69, -139.53, -69.31
Accel: 0.27, 0.87, -0.51
Gyro: 39.06, -152.83, -47.68
Accel: 0.16, 0.91, -0.50
Gyro: 54.33, -163.06, -26.75
Accel: 0.07, 0.90, -0.56
Gyro: 79.83, -177.47, -0.80
Accel: -0.10, 0.76, -0.72
Gyro: 107.85, -179.34, 20.22
Accel: -0.18, 0.64, -0.72
Gyro: 114.98, -171.74, 36.84
Accel: -0.28, 0.55, -0.66
Gyro: 125.65, -171.46, 53.66
Accel: -0.39, 0.38, -0.78
Gyro: 136.71, -157.20, 70.56
Accel: -0.44, 0.24, -0.78
Gyro: 132.50, -136.78, 77.19
Accel: -0.50, 0.17, -0.75
Gyro: 124.98, -128.02, 80.12
Accel: -0.59, 0.05, -1.01
Gyro: 120.42, -112.55, 78.59
Accel: -0.58, -0.04, -1.00
Gyro: 84.73, -84.37, 75.01
Accel: -0.57, -0.10, -0.68
Gyro: 84.66, -80.18, 66.44
Accel: -0.70, -0.23, -1.09
Gyro: 81.20, -62.84, 50.14
Accel: -0.68, -0.25, -1.15
Gyro: 20.89, -31.56, 31.76
Accel: -0.57, -0.16, -0.87
Gyro: 8.13, -14.61, 12.05
Accel: -0.56, -0.10, -0.89
Gyro: 14.54, -13.25, -0.70
Accel: -0.55, -0.06, -0.94
Gyro: 4.75, -4.55, -8.41
Accel: -0.52, -0.03, -0.90
Gyro: -2.82, 4.38, -13.39
Accel: -0.49, 0.03, -0.82
Gyro: -1.14, 6.00, -13.82
Accel: -0.48, 0.05, -0.86
Gyro: -2.21, 3.38, -11.26
Accel: -0.47, 0.05, -0.85
Gyro: -7.71, 5.48, -6.96
Accel: -0.46, 0.03, -0.82
Gyro: -4.18, 3.68, -4.09
Accel: -0.46, 0.01, -0.86
Gyro: -6.25, -0.07, -4.56
Accel: -0.47, 0.04, -0.90
Gyro: -11.92, 2.28, -5.31
Accel: -0.47, 0.07, -0.88
Gyro: -7.61, 6.26, -3.74
Accel: -0.45, 0.06, -0.85
Gyro: -3.07, 6.44, -2.72
Accel: -0.45, 0.05, -0.86
Gyro: -6.81, 4.86, -3.21
Accel: -0.43, 0.07, -0.87
Gyro: -8.07, 5.08, -3.94
Accel: -0.43, 0.08, -0.86
Gyro: -1.56, 4.07, -3.04
Accel: -0.43, 0.06, -0.85
Gyro: -1.24, 2.05, -3.04
Accel: -0.43, 0.05, -0.89
Gyro: -3.11, 1.11, -2.46
Accel: -0.43, 0.05, -0.88
Gyro: -4.77, 3.41, -2.05
Accel: -0.43, 0.06, -0.86
Gyro: -1.73, 2.96, -2.46
Accel: -0.43, 0.06, -0.88
Gyro: -2.87, 2.13, -2.42
Accel: -0.42, 0.07, -0.87
Gyro: -3.01, 1.94, -2.20
Accel: -0.43, 0.07, -0.87
Gyro: -0.60, 1.11, -1.53
Accel: -0.43, 0.04, -0.88
Gyro: -2.44, 0.75, 0.02
Accel: -0.43, 0.05, -0.88
Gyro: -4.75, -0.22, -0.60
