Accel: -0.45, 0.09, -0.87
Gyro: 0.12, -1.66, -1.79
Accel: -0.45, 0.09, -0.86
Gyro: -0.69, -0.43, -0.40
Accel: -0.45, 0.09, -0.87
Gyro: 0.21, -0.61, -0.55
Accel: -0.45, 0.08, -0.88
Gyro: 2.02, 0.06, -0.50
Accel: -0.45, 0.08, -0.87
Gyro: 2.01, 2.25, 0.16
Accel: -0.44, 0.07, -0.85
Gyro: 2.32, 1.88, -0.66
Accel: -0.45, 0.09, -0.85
Gyro: 3.69, -0.18, -0.78
Accel: -0.44, 0.09, -0.85
Gyro: 4.91, -1.64, -0.11
Accel: -0.44, 0.10, -0.85
Gyro: 5.02, -2.53, 0.67
Accel: -0.41, 0.15, -0.78
Gyro: 7.78, -6.61, 0.81
Accel: -0.40, 0.21, -0.74
Gyro: 20.65, -19.29, 2.43
Accel: -0.43, 0.24, -0.76
Gyro: 40.32, -30.32, 7.46
Accel: -0.45, 0.26, -0.77
Gyro: 59.97, -36.98, 15.72
Accel: -0.46, 0.29, -0.73
Gyro: 86.81, -43.10, 28.98
Accel: -0.51, 0.13, -0.68
Gyro: 105.96, -46.62, 45.20
Accel: -0.58, 0.07, -0.62
Gyro: 114.30, -58.78, 55.13
Accel: -0.73, 0.06, -0.86
Gyro: 132.33, -51.41, 68.10
Accel: -0.80, -0.10, -0.85
Gyro: 125.58, -23.90, 74.62
Accel: -0.89, -0.01, -0.74
Gyro: 131.61, -8.26, 78.39
Accel: -0.96, -0.21, -0.89
Gyro: 156.97, 21.22, 81.02
Accel: -0.89, -0.38, -0.81
Gyro: 134.99, 57.84, 63.64
Accel: -0.85, -0.29, -0.64
Gyro: 136.99, 74.36, 52.63
Accel: -0.78, -0.51, -0.71
Gyro: 142.13, 88.91, 39.45
Accel: -0.70, -0.60, -0.73
Gyro: 122.35, 102.96, 13.55
Accel: -0.64, -0.55, -0.73
Gyro: 99.88, 118.03, -4.75
Accel: -0.56, -0.54, -0.64
Gyro: 87.72, 126.60, -10.80
Accel: -0.49, -0.57, -0.66
Gyro: 81.11, 128.93, -15.83
Accel: -0.45, -0.60, -0.75
Gyro: 76.47, 136.65, -22.83
Accel: -0.42, -0.62, -0.77
Gyro: 65.47, 152.08, -32.72
Accel: -0.31, -0.66, -0.66
Gyro: 58.70, 158.97, -37.99
Accel: -0.19, -0.73, -0.57
Gyro: 51.32, 153.16, -44.50
Accel: -0.12, -0.81, -0.63
Gyro: 39.25, 147.67, -57.50
Accel: -0.02, -0.81, -0.64
Gyro: 22.01, 141.96, -76.58
Accel: 0.11, -0.74, -0.55
Gyro: 10.07, 133.30, -84.92
Accel: 0.15, -0.88, -0.60
Gyro: -12.37, 124.03, -89.93
Accel: 0.25, -0.84, -0.52
Gyro: -10.33, 116.13, -102.78
Accel: 0.33, -0.76, -0.57
Gyro: -23.02, 109.82, -115.04
Accel: 0.43, -0.65, -0.50
Gyro: -31.43, 100.78, -120.57
Accel: 0.54, -0.55, -0.45
Gyro: -37.15, 87.59, -116.16
Accel: 0.56, -0.68, -0.46
Gyro: -38.04, 73.96, -121.03
Accel: 0.56, -0.59, -0.56
Gyro: -46.05, 74.53, -138.56
Accel: 0.63, -0.51, -0.48
Gyro: -46.47, 73.93, -146.85
Accel: 0.67, -0.46, -0.44
Gyro: -41.05, 65.08, -161.13
Accel: 0.71, -0.31, -0.44
Gyro: -49.09, 59.74, -175.17
Accel: 0.79, -0.08, -0.34
Gyro: -58.26, 52.97, -177.23
Accel: 0.86, 0.09, -0.26
Gyro: -45.68, 34.48, -166.63
Accel: 0.88, 0.16, -0.26
Gyro: -31.00, 7.66, -156.03
Accel: 0.78, 0.24, -0.26
Gyro: 8.48, -20.74, -156.73
Accel: 0.98, 0.16, -0.42
Gyro: -46.32, -1.72, -145.93
Accel: 0.81, 0.29, -0.33
Gyro: -41.79, -22.89, -134.66
Accel: 0.80, 0.34, -0.33
Gyro: -23.64, -37.43, -132.67
Accel: 0.76, 0.42, -0.41
Gyro: -29.61, -42.33, -128.99
Accel: 0.68, 0.50, -0.37
Gyro: -15.48, -53.56, -126.46
Accel: 0.69, 0.53, -0.34
Gyro: -10.69, -67.55, -123.56
Accel: 0.64, 0.52, -0.33
Gyro: -7.51, -90.48, -123.95
Accel: 0.54, 0.65, -0.40
Gyro: 1.72, -111.70, -119.22
Accel: 0.47, 0.75, -0.41
Gyro: 1.20, -125.72, -103.14
Accel: 0.38, 0.76, -0.49
Gyro: 1.56, -145.02, -84.14
Accel: 0.24, 0.81, -0.51
Gyro: 14.52, -154.76, -71.48
Accel: 0.16, 0.79, -0.53
Gyro: 33.62, -164.30, -62.38
Accel: 0.03, 0.86, -0.60
Gyro: 56.21, -172.74, -43.10
Accel: -0.12, 0.85, -0.78
Gyro: 75.00, -164.36, -18.46
Accel: -0.22, 0.78, -0.76
Gyro: 82.45, -159.05, 4.52
Accel: -0.25, 0.66, -0.75
Gyro: 104.40, -147.47, 18.68
Accel: -0.30, 0.54, -0.78
Gyro: 110.37, -136.67, 31.49
Accel: -0.33, 0.41, -0.81
Gyro: 124.55, -120.94, 39.25
Accel: -0.38, 0.33, -0.84
Gyro: 121.07, -104.34, 45.62
Accel: -0.41, 0.25, -0.85
Gyro: 106.34, -99.77, 47.35
Accel: -0.44, 0.17, -0.90
Gyro: 93.19, -90.46, 46.96
Accel: -0.48, 0.11, -0.84
Gyro: 84.48, -79.09, 44.64
Accel: -0.55, 0.07, -0.92
Gyro: 86.06, -66.46, 42.84
Accel: -0.58, -0.01, -0.98
Gyro: 71.69, -50.87, 36.61
Accel: -0.55, -0.03, -0.92
Gyro: 46.46, -37.22, 27.50
Accel: -0.57, -0.02, -0.85
Gyro: 42.05, -34.87, 21.11
Accel: -0.60, -0.05, -0.94
Gyro: 26.39, -24.78, 18.69
Accel: -0.57, -0.04, -0.94
Gyro: 11.50, -10.35, 11.34
Accel: -0.52, -0.02, -0.89
Gyro: 4.90, -1.97, 4.46
Accel: -0.51, 0.01, -0.88
Gyro: 4.73, -0.82, -0.72
Accel: -0.51, 0.03, -0.86
Gyro: 0.50, 3.07, -2.76
Accel: -0.50, 0.04, -0.85
Gyro: -1.08, 4.77, -6.41
Accel: -0.49, 0.07, -0.81
Gyro: -2.52, 2.24, -8.95
Accel: -0.48, 0.10, -0.83
Gyro: -1.52, -1.07, -6.68
Accel: -0.47, 0.10, -0.84
Gyro: 0.63, -2.14, -3.13
Accel: -0.47, 0.08, -0.85
Gyro: 0.87, -1.49, -0.14
Accel: -0.48, 0.07, -0.84
Gyro: -0.39, -2.10, 1.24
Accel: -0.49, 0.05, -0.87
Gyro: -2.07, -2.93, 1.31
Accel: -0.50, 0.05, -0.89
Gyro: -3.23, 0.33, 0.77
Accel: -0.49, 0.06, -0.90
Gyro: -4.22, 5.15, -1.04
Accel: -0.47, 0.07, -0.84
Gyro: -2.05, 7.44, -2.54
Accel: -0.46, 0.08, -0.82
Gyro: -0.74, 4.69, -3.56
Accel: -0.46, 0.09, -0.84
Gyro: -2.60, 3.62, -1.70
Accel: -0.43, 0.11, -0.82
Gyro: -0.99, -0.88, 1.37
Accel: -0.44, 0.09, -0.86
Gyro: -1.37, -2.86, 5.73
Accel: -0.44, 0.08, -0.87
Gyro: -2.69, -3.04, 6.42
Accel: -0.45, 0.05, -0.88
Gyro: -0.98, -1.22, 3.46
Accel: -0.45, 0.04, -0.87
Gyro: -0.68, -0.72, -1.08
Accel: -0.45, 0.05, -0.87
Gyro: -4.33, 0.52, -5.58
Accel: -0.46, 0.08, -0.88
Gyro: -1.21, 1.30, -7.42
Accel: -0.45, 0.10, -0.86
Gyro: -0.95, 2.30, -5.82
Accel: -0.44, 0.09, -0.82
Gyro: -2.02, -0.72, -3.11
Accel: -0.45, 0.10, -0.84
Gyro: -3.01, -3.96, -0.81
