Accel: -0.47, 0.07, -0.86
Gyro: -1.62, -2.80, -1.33
Accel: -0.46, 0.09, -0.86
Gyro: -0.88, -1.27, -1.98
Accel: -0.46, 0.09, -0.85
Gyro: 1.40, -1.27, -2.20
Accel: -0.46, 0.10, -0.84
Gyro: 1.24, -2.97, -2.02
Accel: -0.47, 0.10, -0.85
Gyro: 2.72, -2.80, -1.17
Accel: -0.48, 0.12, -0.85
Gyro: 5.12, -2.02, -1.50
Accel: -0.50, 0.19, -0.87
Gyro: 11.62, 0.16, -2.19
Accel: -0.49, 0.20, -0.86
Gyro: 26.73, 2.63, 0.84
Accel: -0.46, 0.19, -0.82
Gyro: 39.38, 3.72, 4.75
Accel: -0.46, 0.30, -0.79
Gyro: 54.18, 0.29, 10.22
Accel: -0.49, 0.39, -0.81
Gyro: 89.33, -2.42, 23.53
Accel: -0.53, 0.24, -0.80
Gyro: 119.51, 4.52, 39.58
Accel: -0.58, 0.11, -0.77
Gyro: 140.40, 10.37, 47.68
Accel: -0.64, 0.04, -0.83
Gyro: 157.75, 24.91, 57.04
Accel: -0.64, -0.13, -0.80
Gyro: 164.89, 41.63, 62.27
Accel: -0.63, -0.29, -0.71
Gyro: 157.77, 53.87, 60.03
Accel: -0.64, -0.38, -0.78
Gyro: 151.37, 62.07, 55.05
Accel: -0.64, -0.47, -0.85
Gyro: 133.74, 84.28, 50.77
Accel: -0.58, -0.55, -0.72
Gyro: 105.79, 100.98, 41.55
Accel: -0.55, -0.63, -0.78
Gyro: 107.28, 113.68, 31.26
Accel: -0.45, -0.71, -0.72
Gyro: 77.71, 127.66, 18.59
Accel: -0.42, -0.67, -0.69
Gyro: 67.60, 134.32, 9.28
Accel: -0.36, -0.71, -0.78
Gyro: 59.82, 146.20, 2.43
Accel: -0.26, -0.76, -0.70
Gyro: 43.11, 152.30, -11.48
Accel: -0.18, -0.75, -0.65
Gyro: 36.36, 154.16, -22.74
Accel: -0.08, -0.81, -0.64
Gyro: 29.69, 151.71, -35.84
Accel: 0.01, -0.78, -0.61
Gyro: 20.70, 146.61, -49.58
Accel: 0.10, -0.77, -0.60
Gyro: 11.96, 141.61, -60.55
Accel: 0.23, -0.73, -0.54
Gyro: 3.97, 130.77, -70.89
Accel: 0.28, -0.70, -0.46
Gyro: -14.48, 116.07, -79.19
Accel: 0.43, -0.69, -0.50
Gyro: -4.84, 111.83, -89.36
Accel: 0.54, -0.60, -0.46
Gyro: -13.54, 92.86, -93.32
Accel: 0.59, -0.62, -0.50
Gyro: -9.64, 83.04, -92.88
Accel: 0.65, -0.66, -0.46
Gyro: -26.74, 74.42, -95.25
Accel: 0.68, -0.64, -0.45
Gyro: -37.64, 60.44, -102.00
Accel: 0.71, -0.61, -0.49
Gyro: -40.79, 54.47, -108.95
Accel: 0.74, -0.54, -0.44
Gyro: -49.40, 50.05, -116.46
Accel: 0.77, -0.42, -0.41
Gyro: -54.34, 42.88, -125.33
Accel: 0.79, -0.32, -0.40
Gyro: -42.05, 33.55, -130.49
Accel: 0.81, -0.32, -0.41
Gyro: -34.66, 18.17, -139.18
Accel: 0.84, -0.26, -0.40
Gyro: -37.03, 7.19, -146.32
Accel: 0.86, -0.14, -0.29
Gyro: -77.19, -2.54, -155.17
Accel: 0.86, 0.11, -0.27
Gyro: -77.39, -23.91, -160.31
Accel: 0.96, 0.44, -0.40
Gyro: -55.90, -38.64, -162.43
Accel: 0.68, 0.41, -0.59
Gyro: -42.79, -36.61, -128.51
Accel: 0.70, 0.38, -0.28
Gyro: -34.71, -61.45, -130.13
Accel: 0.66, 0.37, -0.53
Gyro: -26.10, -69.56, -124.75
Accel: 0.62, 0.46, -0.48
Gyro: -35.52, -67.76, -111.99
Accel: 0.58, 0.52, -0.46
Gyro: -14.95, -79.45, -105.42
Accel: 0.56, 0.58, -0.56
Gyro: -20.84, -91.14, -97.02
Accel: 0.49, 0.59, -0.53
Gyro: -20.64, -103.61, -92.34
Accel: 0.43, 0.65, -0.53
Gyro: -8.73, -115.23, -85.38
Accel: 0.35, 0.72, -0.60
Gyro: -0.43, -124.53, -71.93
Accel: 0.30, 0.74, -0.64
Gyro: 6.39, -129.88, -51.87
Accel: 0.21, 0.69, -0.69
Gyro: 9.27, -129.78, -34.15
Accel: 0.12, 0.66, -0.62
Gyro: 18.01, -130.77, -23.36
Accel: 0.07, 0.72, -0.61
Gyro: 22.29, -141.14, -15.57
Accel: -0.07, 0.69, -0.62
Gyro: 41.85, -153.60, -3.54
Accel: -0.15, 0.64, -0.65
Gyro: 59.86, -153.92, 2.91
Accel: -0.28, 0.61, -0.67
Gyro: 77.36, -162.85, 13.18
Accel: -0.39, 0.47, -0.86
Gyro: 100.72, -158.47, 19.02
Accel: -0.53, 0.39, -1.00
Gyro: 100.83, -139.31, 14.76
Accel: -0.53, 0.35, -0.99
Gyro: 103.38, -107.25, 14.69
Accel: -0.49, 0.28, -0.91
Gyro: 103.20, -84.05, 16.69
Accel: -0.54, 0.23, -0.92
Gyro: 89.55, -70.74, 18.08
Accel: -0.55, 0.22, -0.86
Gyro: 83.20, -61.28, 21.91
Accel: -0.55, 0.14, -0.81
Gyro: 88.50, -55.09, 24.22
Accel: -0.61, 0.02, -0.94
Gyro: 79.82, -47.36, 25.47
Accel: -0.62, -0.03, -0.99
Gyro: 51.68, -26.86, 27.42
Accel: -0.56, -0.06, -0.89
Gyro: 26.66, -11.35, 21.64
Accel: -0.52, -0.03, -0.83
Gyro: 17.03, -11.10, 11.46
Accel: -0.53, 0.01, -0.87
Gyro: 11.50, -8.90, 3.03
Accel: -0.52, 0.04, -0.85
Gyro: 9.75, -5.04, -2.92
Accel: -0.51, 0.05, -0.85
Gyro: 8.35, -3.62, -5.20
Accel: -0.51, 0.05, -0.86
Gyro: 3.89, -1.42, -5.19
Accel: -0.49, 0.05, -0.85
Gyro: 1.70, 0.68, -4.70
Accel: -0.48, 0.05, -0.79
Gyro: -0.66, -1.37, -4.39
Accel: -0.49, 0.07, -0.82
Gyro: -0.64, -6.58, -4.76
Accel: -0.53, 0.06, -0.87
Gyro: -2.69, -5.20, -3.86
Accel: -0.52, 0.06, -0.86
Gyro: -1.69, -0.98, -3.02
Accel: -0.52, 0.05, -0.84
Gyro: -2.62, 0.82, -2.94
Accel: -0.51, 0.05, -0.84
Gyro: -3.27, 0.29, -4.38
Accel: -0.52, 0.08, -0.86
Gyro: -3.65, 1.58, -4.50
Accel: -0.51, 0.08, -0.87
Gyro: -2.26, 4.93, -3.40
Accel: -0.49, 0.08, -0.83
Gyro: -0.40, 5.52, -3.09
Accel: -0.48, 0.06, -0.82
Gyro: -1.70, 3.84, -2.45
Accel: -0.47, 0.08, -0.85
Gyro: -1.68, 2.98, -2.35
Accel: -0.48, 0.07, -0.85
Gyro: -1.21, 3.33, -1.26
Accel: -0.47, 0.07, -0.84
Gyro: -1.14, 2.39, -0.40
Accel: -0.47, 0.07, -0.84
Gyro: -1.43, 1.52, -0.02
Accel: -0.47, 0.07, -0.87
Gyro: -1.24, 1.98, -0.47
Accel: -0.47, 0.06, -0.85
Gyro: -1.81, 2.70, -0.50
Accel: -0.46, 0.06, -0.83
Gyro: -2.22, 1.43, -1.32
Accel: -0.46, 0.07, -0.84
Gyro: -2.42, -0.39, -2.13
Accel: -0.47, 0.08, -0.85
Gyro: -1.54, -0.74, -1.91
Accel: -0.47, 0.08, -0.85
Gyro: -0.82, 0.23, -0.92
Accel: -0.47, 0.07, -0.85
Gyro: -0.66, -0.55, -0.47
Accel: -0.46, 0.07, -0.84
Gyro: -0.97, -0.43, -0.68
Accel: -0.47, 0.07, -0.85
Gyro: -0.63, -1.45, -1.15
Accel: -0.46, 0.07, -0.85
Gyro: -1.28, -2.08, -0.82
Accel: -0.46, 0.08, -0.83
Gyro: -0.72, -2.49, -1.46
