Accel: -0.43, 0.06, -0.84
Gyro: 1.72, -4.33, -9.70
Accel: -0.46, 0.09, -0.88
Gyro: 0.07, -5.29, -8.68
Accel: -0.47, 0.11, -0.86
Gyro: 1.40, -2.68, -3.15
Accel: -0.46, 0.09, -0.85
Gyro: 4.29, -3.17, 0.68
Accel: -0.46, 0.07, -0.85
Gyro: 2.51, -3.58, 2.40
Accel: -0.46, 0.05, -0.83
Gyro: 1.23, -6.05, 2.20
Accel: -0.48, 0.06, -0.86
Gyro: -0.65, -5.30, 0.52
Accel: -0.47, 0.07, -0.86
Gyro: 2.49, -4.05, -1.41
Accel: -0.46, 0.08, -0.84
Gyro: 4.70, -3.76, -2.91
Accel: -0.45, 0.09, -0.82
Gyro: 7.08, -7.46, -3.49
Accel: -0.45, 0.09, -0.83
Gyro: 12.49, -11.29, -3.73
Accel: -0.45, 0.12, -0.78
Gyro: 21.43, -16.30, -3.50
Accel: -0.48, 0.16, -0.81
Gyro: 35.26, -20.22, -2.67
Accel: -0.50, 0.17, -0.81
Gyro: 56.83, -22.47, -3.38
Accel: -0.54, 0.20, -0.76
Gyro: 80.55, -22.29, -2.84
Accel: -0.60, 0.23, -0.77
Gyro: 115.30, -23.41, 3.43
Accel: -0.67, 0.17, -0.88
Gyro: 147.36, -8.88, 14.34
Accel: -0.71, 0.06, -0.80
Gyro: 164.15, 14.12, 26.61
Accel: -0.74, -0.16, -0.76
Gyro: 177.12, 33.70, 40.60
Accel: -0.75, -0.25, -0.76
Gyro: 155.86, 54.26, 50.83
Accel: -0.74, -0.34, -0.72
Gyro: 141.34, 74.69, 58.98
Accel: -0.72, -0.43, -0.64
Gyro: 128.40, 85.08, 59.94
Accel: -0.70, -0.53, -0.69
Gyro: 124.53, 99.33, 59.68
Accel: -0.65, -0.67, -0.65
Gyro: 107.18, 110.64, 50.99
Accel: -0.62, -0.70, -0.74
Gyro: 97.25, 123.21, 33.65
Accel: -0.55, -0.76, -0.75
Gyro: 74.47, 143.94, 16.11
Accel: -0.45, -0.73, -0.58
Gyro: 58.93, 150.27, -0.30
Accel: -0.39, -0.72, -0.60
Gyro: 65.16, 153.09, -10.86
Accel: -0.30, -0.80, -0.71
Gyro: 54.21, 160.26, -24.03
Accel: -0.21, -0.78, -0.65
Gyro: 37.91, 164.61, -35.80
Accel: -0.10, -0.82, -0.59
Gyro: 30.56, 164.24, -45.08
Accel: 0.01, -0.84, -0.60
Gyro: 24.00, 162.05, -55.98
Accel: 0.09, -0.82, -0.54
Gyro: 5.70, 157.24, -69.73
Accel: 0.23, -0.75, -0.47
Gyro: -0.30, 144.13, -81.80
Accel: 0.46, -0.73, -0.48
Gyro: -32.87, 130.74, -86.56
Accel: 0.46, -0.78, -0.40
Gyro: -14.45, 113.95, -85.88
Accel: 0.55, -0.81, -0.46
Gyro: -34.74, 101.17, -95.82
Accel: 0.59, -0.77, -0.41
Gyro: -36.20, 83.37, -109.02
Accel: 0.61, -0.70, -0.48
Gyro: -49.84, 72.56, -125.75
Accel: 0.61, -0.59, -0.46
Gyro: -55.53, 65.32, -136.60
Accel: 0.66, -0.50, -0.42
Gyro: -57.62, 60.01, -141.56
Accel: 0.71, -0.45, -0.45
Gyro: -57.72, 55.97, -149.57
Accel: 0.74, -0.29, -0.38
Gyro: -50.04, 52.86, -151.41
Accel: 0.81, -0.22, -0.33
Gyro: -36.69, 37.62, -152.97
Accel: 0.86, 0.01, -0.33
Gyro: -42.13, 15.48, -146.90
Accel: 0.88, 0.05, -0.27
Gyro: -55.17, 1.08, -137.83
Accel: 0.88, 0.03, -0.32
Gyro: -44.14, -19.16, -139.99
Accel: 0.99, 0.10, -0.44
Gyro: -31.44, -39.13, -145.97
Accel: 0.73, 0.21, -0.54
Gyro: -37.02, -32.22, -131.77
Accel: 0.75, 0.32, -0.26
Gyro: -52.96, -44.83, -151.02
Accel: 0.72, 0.41, -0.38
Gyro: -22.84, -73.39, -146.39
Accel: 0.65, 0.49, -0.40
Gyro: -27.78, -82.04, -136.88
Accel: 0.57, 0.54, -0.41
Gyro: -1.07, -100.96, -129.26
Accel: 0.49, 0.57, -0.51
Gyro: 4.59, -117.49, -118.29
Accel: 0.37, 0.61, -0.60
Gyro: -5.54, -126.92, -104.27
Accel: 0.30, 0.69, -0.58
Gyro: -12.32, -126.40, -83.50
Accel: 0.28, 0.75, -0.55
Gyro: -6.71, -137.50, -58.31
Accel: 0.21, 0.74, -0.61
Gyro: -0.97, -152.85, -40.81
Accel: 0.10, 0.77, -0.65
Gyro: 18.07, -158.44, -29.47
Accel: -0.00, 0.75, -0.72
Gyro: 37.41, -159.95, -17.17
Accel: -0.07, 0.74, -0.74
Gyro: 52.38, -161.01, -7.42
Accel: -0.18, 0.68, -0.80
Gyro: 74.15, -153.60, 3.36
Accel: -0.25, 0.60, -0.75
Gyro: 92.19, -146.53, 12.37
Accel: -0.29, 0.47, -0.68
Gyro: 108.00, -138.63, 22.01
Accel: -0.36, 0.35, -0.84
Gyro: 117.06, -130.92, 32.84
Accel: -0.40, 0.27, -0.91
Gyro: 91.58, -118.02, 40.37
Accel: -0.44, 0.22, -0.61
Gyro: 74.30, -118.55, 43.98
Accel: -0.57, 0.17, -0.89
Gyro: 81.89, -116.89, 37.99
Accel: -0.64, 0.16, -1.02
Gyro: 66.79, -93.04, 32.13
Accel: -0.63, 0.11, -0.75
Gyro: 64.26, -80.74, 24.91
Accel: -0.75, 0.06, -1.01
Gyro: 67.34, -65.91, 17.86
Accel: -0.77, 0.06, -1.13
Gyro: 37.53, -31.66, 16.94
Accel: -0.66, 0.05, -0.89
Gyro: 14.94, -8.28, 11.38
Accel: -0.59, 0.08, -0.76
Gyro: 23.59, -10.28, 3.19
Accel: -0.62, 0.10, -0.88
Gyro: 18.27, -5.40, 0.35
Accel: -0.59, 0.10, -0.84
Gyro: 9.89, 4.42, -0.11
Accel: -0.55, 0.08, -0.79
Gyro: 9.19, 5.81, 0.08
Accel: -0.55, 0.07, -0.81
Gyro: 6.73, 3.61, -2.24
Accel: -0.54, 0.09, -0.84
Gyro: 1.17, 5.78, -3.07
Accel: -0.52, 0.09, -0.79
Gyro: 0.50, 7.06, -2.88
Accel: -0.53, 0.09, -0.79
Gyro: 0.66, 3.81, -3.23
Accel: -0.53, 0.11, -0.82
Gyro: -3.66, 4.16, -3.77
Accel: -0.52, 0.12, -0.81
Gyro: -0.74, 4.08, -3.36
Accel: -0.51, 0.11, -0.82
Gyro: 1.13, 4.22, -3.59
Accel: -0.51, 0.10, -0.82
Gyro: 0.38, 4.66, -4.36
Accel: -0.50, 0.10, -0.81
Gyro: -0.47, 4.33, -4.78
Accel: -0.51, 0.11, -0.83
Gyro: 0.38, 3.31, -4.44
Accel: -0.51, 0.11, -0.82
Gyro: 0.27, 3.65, -3.45
Accel: -0.49, 0.10, -0.82
Gyro: 0.11, 3.03, -3.25
Accel: -0.50, 0.12, -0.82
Gyro: 0.46, 2.93, -1.67
Accel: -0.48, 0.10, -0.83
Gyro: 0.79, 1.57, -0.20
Accel: -0.48, 0.08, -0.82
Gyro: 0.42, -0.18, -0.08
Accel: -0.47, 0.08, -0.82
Gyro: -0.15, -1.86, -0.56
Accel: -0.47, 0.08, -0.81
Gyro: -2.45, -4.32, 0.21
Accel: -0.51, 0.09, -0.86
Gyro: -3.36, -6.20, -0.02
Accel: -0.53, 0.10, -0.86
Gyro: -3.32, -1.18, 0.21
Accel: -0.52, 0.10, -0.83
Gyro: -0.69, 1.59, -0.97
Accel: -0.51, 0.10, -0.83
Gyro: -0.38, 1.36, -1.84
Accel: -0.51, 0.10, -0.83
Gyro: -1.64, 0.63, -2.74
Accel: -0.51, 0.11, -0.84
Gyro: 0.38, 1.16, -2.17
Accel: -0.49, 0.10, -0.82
Gyro: 0.58, 1.82, -1.15
