Accel: -0.50, 0.09, -0.84
Gyro: 4.33, -8.90, -1.59
Accel: -0.51, 0.09, -0.87
Gyro: 3.44, -5.97, -0.52
Accel: -0.49, 0.08, -0.82
Gyro: 4.97, -3.84, -0.34
Accel: -0.49, 0.07, -0.82
Gyro: 5.63, -5.71, -1.14
Accel: -0.49, 0.05, -0.82
Gyro: 5.54, -8.62, -2.29
Accel: -0.50, 0.05, -0.83
Gyro: 4.09, -9.48, -2.91
Accel: -0.49, 0.08, -0.81
Gyro: 3.32, -10.73, -2.62
Accel: -0.48, 0.11, -0.76
Gyro: 5.23, -14.93, -3.04
Accel: -0.49, 0.16, -0.74
Gyro: 14.83, -24.67, -3.32
Accel: -0.54, 0.22, -0.78
Gyro: 31.07, -29.85, -1.00
Accel: -0.59, 0.35, -0.80
Gyro: 56.92, -26.95, 7.18
Accel: -0.63, 0.37, -0.76
Gyro: 91.87, -23.08, 16.46
Accel: -0.69, 0.38, -0.74
Gyro: 140.46, -17.07, 33.21
Accel: -0.75, 0.17, -0.74
Gyro: 179.47, -2.46, 52.42
Accel: -0.80, 0.00, -0.76
Gyro: 200.44, 17.73, 63.66
Accel: -0.81, -0.25, -0.72
Gyro: 193.13, 44.46, 68.41
Accel: -0.74, -0.42, -0.56
Gyro: 169.33, 58.57, 66.54
Accel: -0.71, -0.48, -0.60
Gyro: 156.85, 59.75, 60.68
Accel: -0.72, -0.61, -0.70
Gyro: 138.55, 72.65, 50.83
Accel: -0.67, -0.69, -0.66
Gyro: 107.90, 86.10, 34.22
Accel: -0.63, -0.66, -0.65
Gyro: 98.48, 92.63, 15.61
Accel: -0.62, -0.65, -0.75
Gyro: 89.29, 108.02, 5.74
Accel: -0.52, -0.73, -0.66
Gyro: 65.70, 121.96, -3.11
Accel: -0.45, -0.71, -0.57
Gyro: 59.33, 120.16, -13.10
Accel: -0.44, -0.68, -0.73
Gyro: 57.94, 124.57, -22.64
Accel: -0.34, -0.76, -0.67
Gyro: 44.80, 131.98, -33.36
Accel: -0.27, -0.77, -0.65
Gyro: 34.80, 131.94, -47.68
Accel: -0.22, -0.70, -0.70
Gyro: 25.34, 136.66, -58.19
Accel: -0.12, -0.73, -0.64
Gyro: 18.43, 137.78, -60.76
Accel: -0.04, -0.79, -0.67
Gyro: 4.39, 136.33, -68.34
Accel: 0.05, -0.72, -0.62
Gyro: -9.24, 130.94, -74.64
Accel: 0.16, -0.77, -0.57
Gyro: -21.39, 128.40, -79.90
Accel: 0.22, -0.71, -0.51
Gyro: -26.72, 124.21, -78.65
Accel: 0.33, -0.66, -0.59
Gyro: -27.09, 121.81, -82.89
Accel: 0.45, -0.62, -0.50
Gyro: -41.33, 108.31, -82.54
Accel: 0.52, -0.64, -0.49
Gyro: -36.39, 97.55, -87.15
Accel: 0.57, -0.65, -0.50
Gyro: -43.28, 85.30, -96.78
Accel: 0.58, -0.63, -0.53
Gyro: -48.89, 77.82, -113.78
Accel: 0.61, -0.49, -0.55
Gyro: -53.90, 76.95, -129.15
Accel: 0.68, -0.35, -0.46
Gyro: -46.08, 74.91, -131.32
Accel: 0.74, -0.28, -0.34
Gyro: -32.36, 65.08, -130.40
Accel: 0.80, -0.22, -0.40
Gyro: -18.14, 47.62, -132.00
Accel: 0.86, -0.14, -0.43
Gyro: -27.57, 37.48, -130.04
Accel: 0.90, -0.12, -0.33
Gyro: -38.48, 27.36, -129.43
Accel: 0.91, -0.06, -0.30
Gyro: -29.25, 8.84, -131.82
Accel: 0.99, -0.01, -0.32
Gyro: -34.74, -14.27, -132.76
Accel: 0.89, 0.04, -0.45
Gyro: -21.80, -9.64, -115.18
Accel: 0.82, 0.18, -0.29
Gyro: -44.62, -26.79, -135.17
Accel: 0.84, 0.25, -0.35
Gyro: -31.07, -48.80, -134.19
Accel: 0.81, 0.33, -0.39
Gyro: -31.17, -61.01, -130.40
Accel: 0.74, 0.45, -0.32
Gyro: -22.57, -82.59, -125.16
Accel: 0.66, 0.48, -0.40
Gyro: -9.76, -100.11, -118.03
Accel: 0.59, 0.53, -0.40
Gyro: -15.05, -118.72, -111.02
Accel: 0.51, 0.59, -0.47
Gyro: -7.19, -137.50, -100.48
Accel: 0.39, 0.65, -0.52
Gyro: -6.87, -150.32, -84.44
Accel: 0.29, 0.73, -0.51
Gyro: -6.22, -165.17, -70.24
Accel: 0.16, 0.77, -0.62
Gyro: 12.76, -178.78, -54.75
Accel: -0.02, 0.78, -0.80
Gyro: 52.02, -165.98, -36.48
Accel: -0.01, 0.73, -0.82
Gyro: 48.34, -153.44, -12.56
Accel: -0.05, 0.60, -0.68
Gyro: 63.34, -153.77, 2.84
Accel: -0.20, 0.52, -0.78
Gyro: 80.58, -150.85, 13.38
Accel: -0.27, 0.43, -0.87
Gyro: 88.97, -138.16, 22.09
Accel: -0.30, 0.36, -0.87
Gyro: 84.92, -126.69, 23.61
Accel: -0.34, 0.32, -0.85
Gyro: 89.58, -115.25, 27.34
Accel: -0.38, 0.25, -0.89
Gyro: 83.45, -104.15, 29.56
Accel: -0.43, 0.22, -0.89
Gyro: 75.50, -94.40, 29.97
Accel: -0.44, 0.17, -0.83
Gyro: 72.14, -91.26, 29.34
Accel: -0.47, 0.12, -0.90
Gyro: 75.61, -80.41, 28.88
Accel: -0.51, 0.09, -0.93
Gyro: 64.37, -69.53, 25.11
Accel: -0.54, 0.10, -0.83
Gyro: 55.37, -65.35, 24.54
Accel: -0.62, 0.05, -0.94
Gyro: 51.92, -56.69, 26.05
Accel: -0.64, -0.01, -0.95
Gyro: 40.17, -37.41, 27.93
Accel: -0.63, -0.05, -0.87
Gyro: 25.64, -28.03, 24.19
Accel: -0.63, -0.06, -0.92
Gyro: 9.11, -18.23, 17.20
Accel: -0.60, -0.04, -0.90
Gyro: -0.50, -5.65, 9.15
Accel: -0.58, 0.00, -0.83
Gyro: -1.50, -1.62, -0.83
Accel: -0.58, 0.02, -0.84
Gyro: -3.39, 1.08, -7.32
Accel: -0.56, 0.06, -0.85
Gyro: -4.86, 6.13, -10.19
Accel: -0.52, 0.05, -0.80
Gyro: -3.71, 5.88, -11.50
Accel: -0.51, 0.06, -0.82
Gyro: -4.44, 4.78, -10.13
Accel: -0.51, 0.07, -0.82
Gyro: -7.27, 4.55, -8.10
Accel: -0.51, 0.07, -0.81
Gyro: -7.01, 4.03, -6.90
Accel: -0.51, 0.07, -0.84
Gyro: -6.68, 3.50, -6.61
Accel: -0.50, 0.08, -0.84
Gyro: -5.71, 4.18, -6.03
Accel: -0.50, 0.09, -0.83
Gyro: -4.57, 4.92, -4.72
Accel: -0.50, 0.09, -0.82
Gyro: -2.35, 3.27, -3.47
Accel: -0.49, 0.09, -0.82
Gyro: -1.21, 2.72, -2.73
Accel: -0.50, 0.08, -0.84
Gyro: -1.30, 3.28, -2.03
Accel: -0.50, 0.08, -0.83
Gyro: -0.04, 2.88, -2.11
Accel: -0.49, 0.08, -0.83
Gyro: 1.17, 1.60, -0.96
Accel: -0.48, 0.07, -0.83
Gyro: -0.18, 0.69, -0.72
Accel: -0.49, 0.07, -0.83
Gyro: -0.66, 0.31, -0.68
Accel: -0.49, 0.06, -0.83
Gyro: -0.55, -0.53, -0.85
Accel: -0.49, 0.06, -0.84
Gyro: -1.76, -0.89, -1.59
Accel: -0.49, 0.08, -0.84
Gyro: -2.24, -1.41, -2.37
Accel: -0.50, 0.09, -0.86
Gyro: -0.85, 0.12, -1.75
Accel: -0.48, 0.08, -0.83
Gyro: 0.61, 0.37, -0.76
Accel: -0.48, 0.06, -0.82
Gyro: 0.45, -1.54, -0.52
Accel: -0.50, 0.07, -0.86
Gyro: -2.56, -0.87, -0.39
Accel: -0.49, 0.07, -0.84
Gyro: -0.47, 1.14, -1.08
Accel: -0.49, 0.06, -0.82
Gyro: 1.92, 0.38, -1.37
