Accel: -0.45, 0.08, -0.87
Gyro: -0.91, -1.18, -1.49
Accel: -0.45, 0.08, -0.87
Gyro: 0.63, 0.28, -1.14
Accel: -0.44, 0.08, -0.85
Gyro: 1.45, 0.54, -0.85
Accel: -0.44, 0.08, -0.85
Gyro: 0.03, -0.56, -0.40
Accel: -0.45, 0.07, -0.86
Gyro: 0.48, -1.70, -0.43
Accel: -0.46, 0.07, -0.88
Gyro: -0.14, -0.88, 0.33
Accel: -0.46, 0.06, -0.86
Gyro: -1.59, -0.65, -0.28
Accel: -0.44, 0.07, -0.84
Gyro: -2.15, -1.69, -1.78
Accel: -0.44, 0.10, -0.84
Gyro: -0.40, -3.14, -3.35
Accel: -0.43, 0.15, -0.79
Gyro: 4.22, -7.99, -4.55
Accel: -0.43, 0.24, -0.77
Gyro: 18.05, -18.00, -3.78
Accel: -0.48, 0.36, -0.82
Gyro: 41.78, -22.72, 1.63
Accel: -0.52, 0.43, -0.79
Gyro: 82.32, -21.76, 13.73
Accel: -0.57, 0.37, -0.79
Gyro: 130.07, -18.55, 30.91
Accel: -0.61, 0.13, -0.76
Gyro: 153.62, -8.32, 43.30
Accel: -0.66, 0.03, -0.77
Gyro: 171.46, 0.62, 48.57
Accel: -0.71, -0.14, -0.83
Gyro: 176.14, 21.95, 54.47
Accel: -0.73, -0.33, -0.85
Gyro: 162.62, 47.02, 54.88
Accel: -0.70, -0.39, -0.74
Gyro: 137.45, 67.46, 50.19
Accel: -0.67, -0.45, -0.72
Gyro: 129.23, 77.97, 45.33
Accel: -0.65, -0.55, -0.75
Gyro: 110.97, 89.84, 39.60
Accel: -0.60, -0.60, -0.76
Gyro: 91.20, 103.16, 33.04
Accel: -0.55, -0.63, -0.77
Gyro: 78.51, 114.61, 20.14
Accel: -0.50, -0.60, -0.79
Gyro: 66.08, 129.46, 10.63
Accel: -0.41, -0.60, -0.71
Gyro: 53.69, 141.71, 5.04
Accel: -0.28, -0.64, -0.60
Gyro: 52.68, 140.41, -1.69
Accel: -0.22, -0.64, -0.66
Gyro: 56.25, 134.80, -10.19
Accel: -0.19, -0.67, -0.76
Gyro: 48.63, 141.51, -16.21
Accel: -0.07, -0.73, -0.67
Gyro: 34.55, 141.41, -24.22
Accel: 0.03, -0.77, -0.61
Gyro: 28.47, 133.50, -33.31
Accel: 0.07, -0.85, -0.67
Gyro: 17.51, 128.79, -45.57
Accel: 0.12, -0.90, -0.69
Gyro: -2.79, 126.69, -62.72
Accel: 0.20, -0.84, -0.73
Gyro: -40.08, 132.70, -79.06
Accel: 0.30, -0.77, -0.48
Gyro: -36.04, 126.32, -87.62
Accel: 0.42, -0.74, -0.55
Gyro: -40.99, 118.35, -95.03
Accel: 0.48, -0.73, -0.47
Gyro: -50.29, 106.06, -103.06
Accel: 0.56, -0.75, -0.51
Gyro: -62.10, 95.27, -122.07
Accel: 0.57, -0.71, -0.50
Gyro: -71.16, 84.26, -146.68
Accel: 0.60, -0.53, -0.47
Gyro: -69.63, 85.70, -167.35
Accel: 0.69, -0.33, -0.40
Gyro: -64.22, 83.71, -175.65
Accel: 0.79, -0.08, -0.29
Gyro: -45.21, 60.05, -174.65
Accel: 0.87, 0.06, -0.30
Gyro: -52.25, 31.11, -165.49
Accel: 0.86, 0.16, -0.32
Gyro: -48.55, 10.09, -153.34
Accel: 0.83, 0.20, -0.30
Gyro: -26.82, -9.55, -141.56
Accel: 0.94, 0.30, -0.43
Gyro: -20.52, -35.50, -137.08
Accel: 0.71, 0.30, -0.59
Gyro: -12.25, -21.74, -103.11
Accel: 0.72, 0.37, -0.49
Gyro: -32.88, -21.61, -112.95
Accel: 0.79, 0.24, -0.45
Gyro: -20.37, -38.31, -104.66
Accel: 0.77, 0.31, -0.44
Gyro: -30.33, -47.70, -111.19
Accel: 0.69, 0.46, -0.41
Gyro: -11.93, -62.68, -115.51
Accel: 0.73, 0.48, -0.32
Gyro: -9.95, -84.66, -113.49
Accel: 0.64, 0.51, -0.39
Gyro: -6.61, -117.29, -110.56
Accel: 0.50, 0.62, -0.52
Gyro: -5.85, -132.36, -102.68
Accel: 0.42, 0.70, -0.47
Gyro: -2.85, -146.74, -89.06
Accel: 0.29, 0.74, -0.51
Gyro: 10.34, -164.15, -75.38
Accel: 0.13, 0.81, -0.60
Gyro: 29.58, -174.35, -58.03
Accel: 0.02, 0.84, -0.64
Gyro: 60.32, -177.93, -33.45
Accel: -0.09, 0.72, -0.74
Gyro: 76.11, -180.65, -9.04
Accel: -0.21, 0.63, -0.72
Gyro: 94.94, -174.75, 9.73
Accel: -0.32, 0.56, -0.79
Gyro: 113.33, -159.84, 29.42
Accel: -0.35, 0.42, -0.88
Gyro: 118.61, -140.35, 47.09
Accel: -0.40, 0.32, -0.85
Gyro: 108.41, -127.55, 55.61
Accel: -0.44, 0.26, -0.73
Gyro: 105.41, -123.72, 61.45
Accel: -0.50, 0.13, -0.87
Gyro: 111.59, -114.78, 64.98
Accel: -0.57, 0.05, -0.94
Gyro: 85.48, -100.26, 65.64
Accel: -0.62, -0.08, -0.82
Gyro: 71.94, -86.70, 59.46
Accel: -0.73, -0.19, -1.07
Gyro: 59.31, -65.99, 45.00
Accel: -0.72, -0.17, -1.16
Gyro: 12.07, -31.01, 27.96
Accel: -0.59, -0.05, -0.85
Gyro: -5.70, -13.44, 10.57
Accel: -0.54, 0.03, -0.83
Gyro: 2.57, -15.57, -1.12
Accel: -0.58, 0.02, -0.90
Gyro: -4.72, -9.77, -9.04
Accel: -0.57, 0.08, -0.88
Gyro: -7.59, 0.19, -13.63
Accel: -0.54, 0.10, -0.83
Gyro: -5.91, 2.38, -15.34
Accel: -0.55, 0.13, -0.86
Gyro: -5.94, 4.94, -13.76
Accel: -0.52, 0.12, -0.83
Gyro: -7.29, 8.20, -9.83
Accel: -0.50, 0.10, -0.80
Gyro: -5.56, 7.05, -8.27
Accel: -0.49, 0.13, -0.82
Gyro: -6.63, 4.30, -8.71
Accel: -0.49, 0.15, -0.83
Gyro: -4.70, 3.62, -7.17
Accel: -0.49, 0.14, -0.83
Gyro: -0.55, 3.47, -4.75
Accel: -0.48, 0.13, -0.82
Gyro: 0.47, 1.96, -2.98
Accel: -0.48, 0.12, -0.85
Gyro: 1.04, 0.71, -2.28
Accel: -0.49, 0.12, -0.84
Gyro: 2.19, 1.69, -1.16
Accel: -0.48, 0.11, -0.83
Gyro: 3.81, 1.06, -0.46
Accel: -0.48, 0.10, -0.84
Gyro: 0.40, 0.73, -0.60
Accel: -0.48, 0.12, -0.84
Gyro: 1.46, 0.40, -0.95
Accel: -0.48, 0.12, -0.85
Gyro: 3.40, 0.98, 0.43
Accel: -0.48, 0.11, -0.83
Gyro: 2.22, 1.14, 1.21
Accel: -0.48, 0.09, -0.83
Gyro: 1.99, -0.90, 0.69
Accel: -0.49, 0.09, -0.87
Gyro: 0.49, -0.33, 0.34
Accel: -0.48, 0.09, -0.86
Gyro: -1.17, 2.27, -0.41
Accel: -0.47, 0.09, -0.84
Gyro: -0.72, 2.04, -1.65
Accel: -0.47, 0.10, -0.82
Gyro: -0.53, -0.01, -2.91
Accel: -0.47, 0.10, -0.86
Gyro: -0.47, 0.81, -2.91
Accel: -0.47, 0.10, -0.85
Gyro: 0.43, 1.88, -2.37
Accel: -0.47, 0.10, -0.83
Gyro: 1.20, 0.93, -1.75
Accel: -0.47, 0.08, -0.85
Gyro: -2.61, 0.83, -1.30
Accel: -0.47, 0.09, -0.86
Gyro: -3.27, 2.02, -1.85
Accel: -0.46, 0.09, -0.85
Gyro: -1.59, 2.66, -2.69
Accel: -0.45, 0.10, -0.83
Gyro: -1.85, 0.60, -3.16
Accel: -0.46, 0.11, -0.84
Gyro: -0.76, -2.34, -2.08
Accel: -0.46, 0.10, -0.86
Gyro: -0.07, -1.13, -0.41
