Accel: -0.50, 0.06, -0.81
Gyro: 0.82, 0.34, -1.04
Accel: -0.50, 0.06, -0.81
Gyro: 1.05, -1.52, -1.12
Accel: -0.52, 0.07, -0.85
Gyro: 0.34, -1.32, -0.85
Accel: -0.50, 0.07, -0.84
Gyro: 3.46, 0.56, -0.92
Accel: -0.52, 0.06, -0.82
Gyro: 7.42, -0.18, -1.10
Accel: -0.52, 0.08, -0.81
Gyro: 6.11, -0.47, -0.34
Accel: -0.53, 0.11, -0.84
Gyro: 13.19, -1.04, 1.45
Accel: -0.54, 0.13, -0.86
Gyro: 17.30, 5.23, 3.97
Accel: -0.52, 0.19, -0.77
Gyro: 33.53, 2.47, 8.59
Accel: -0.52, 0.17, -0.79
Gyro: 48.48, -0.71, 13.45
Accel: -0.53, 0.21, -0.80
Gyro: 68.15, -2.59, 18.36
Accel: -0.55, 0.17, -0.78
Gyro: 93.04, -0.31, 22.02
Accel: -0.59, 0.16, -0.75
Gyro: 126.49, 1.39, 26.50
Accel: -0.62, 0.05, -0.81
Gyro: 153.24, 12.16, 32.42
Accel: -0.62, -0.19, -0.71
Gyro: 153.22, 24.38, 37.26
Accel: -0.64, -0.25, -0.77
Gyro: 139.42, 30.97, 40.89
Accel: -0.65, -0.34, -0.82
Gyro: 128.02, 49.58, 47.89
Accel: -0.60, -0.49, -0.69
Gyro: 104.42, 57.65, 43.76
Accel: -0.64, -0.51, -0.72
Gyro: 105.64, 61.45, 35.68
Accel: -0.68, -0.48, -0.92
Gyro: 99.23, 82.04, 27.63
Accel: -0.65, -0.56, -0.91
Gyro: 75.92, 110.15, 20.98
Accel: -0.55, -0.59, -0.61
Gyro: 63.89, 123.74, 11.80
Accel: -0.54, -0.52, -0.80
Gyro: 77.09, 132.99, 3.10
Accel: -0.53, -0.61, -0.92
Gyro: 68.16, 164.74, -6.32
Accel: -0.37, -0.63, -0.63
Gyro: 42.95, 173.22, -21.05
Accel: -0.25, -0.67, -0.57
Gyro: 58.81, 174.27, -34.23
Accel: -0.15, -0.69, -0.65
Gyro: 53.52, 173.66, -48.44
Accel: -0.03, -0.78, -0.64
Gyro: 43.34, 170.99, -63.26
Accel: 0.06, -0.76, -0.61
Gyro: 29.05, 167.80, -80.77
Accel: 0.23, -0.68, -0.51
Gyro: 20.47, 156.48, -87.10
Accel: 0.39, -0.77, -0.37
Gyro: -16.82, 138.69, -85.14
Accel: 0.53, -0.81, -0.38
Gyro: -5.00, 122.86, -89.55
Accel: 0.57, -0.83, -0.44
Gyro: -29.11, 108.83, -99.85
Accel: 0.63, -0.84, -0.44
Gyro: -43.91, 98.34, -115.94
Accel: 0.66, -0.79, -0.37
Gyro: -61.49, 82.88, -139.69
Accel: 0.67, -0.65, -0.36
Gyro: -71.88, 73.50, -157.88
Accel: 0.71, -0.48, -0.36
Gyro: -67.53, 67.73, -172.23
Accel: 0.76, -0.29, -0.31
Gyro: -53.71, 62.26, -175.19
Accel: 0.82, -0.19, -0.26
Gyro: -31.98, 43.22, -180.45
Accel: 0.90, 0.05, -0.25
Gyro: -32.74, 20.74, -172.07
Accel: 0.95, -0.01, -0.17
Gyro: -48.16, -2.85, -162.83
Accel: 0.86, 0.12, -0.28
Gyro: -36.68, -21.53, -163.19
Accel: 0.80, 0.20, -0.11
Gyro: -1.78, -42.28, -166.60
Accel: 1.19, 0.18, -0.47
Gyro: -44.12, -31.97, -155.24
Accel: 0.78, 0.44, -0.28
Gyro: -35.70, -62.61, -157.10
Accel: 0.69, 0.50, -0.33
Gyro: -27.96, -78.51, -150.81
Accel: 0.69, 0.58, -0.30
Gyro: -13.23, -92.51, -138.34
Accel: 0.53, 0.59, -0.46
Gyro: 16.97, -115.68, -129.26
Accel: 0.46, 0.69, -0.43
Gyro: 6.29, -122.81, -120.95
Accel: 0.41, 0.80, -0.40
Gyro: 14.92, -145.63, -100.65
Accel: 0.26, 0.83, -0.56
Gyro: 27.19, -156.51, -78.00
Accel: 0.23, 0.87, -0.53
Gyro: 40.79, -164.36, -54.05
Accel: 0.11, 0.76, -0.50
Gyro: 66.67, -188.49, -27.45
Accel: -0.05, 0.69, -0.67
Gyro: 82.61, -197.50, -7.74
Accel: -0.20, 0.63, -0.78
Gyro: 102.65, -188.35, 10.01
Accel: -0.30, 0.55, -0.78
Gyro: 117.22, -176.32, 30.35
Accel: -0.40, 0.41, -0.72
Gyro: 126.05, -162.90, 48.93
Accel: -0.54, 0.24, -0.84
Gyro: 137.67, -143.14, 63.53
Accel: -0.58, 0.08, -1.15
Gyro: 124.60, -110.36, 64.94
Accel: -0.54, 0.01, -1.11
Gyro: 69.33, -80.26, 69.61
Accel: -0.49, 0.02, -0.95
Gyro: 42.13, -69.92, 61.58
Accel: -0.50, 0.06, -0.92
Gyro: 39.35, -60.94, 46.86
Accel: -0.53, 0.16, -0.98
Gyro: 41.94, -47.60, 39.34
Accel: -0.49, 0.10, -0.91
Gyro: 36.02, -35.80, 38.76
Accel: -0.49, 0.03, -0.85
Gyro: 34.92, -31.16, 34.20
Accel: -0.53, -0.01, -0.92
Gyro: 24.73, -24.85, 27.23
Accel: -0.52, -0.01, -0.89
Gyro: 10.51, -16.91, 16.70
Accel: -0.50, 0.04, -0.84
Gyro: 8.02, -15.34, 5.29
Accel: -0.52, 0.07, -0.91
Gyro: 7.51, -9.88, -1.85
Accel: -0.51, 0.09, -0.87
Gyro: 7.45, -3.08, -6.47
Accel: -0.49, 0.10, -0.86
Gyro: 8.90, -1.82, -9.01
Accel: -0.49, 0.12, -0.87
Gyro: 6.86, 0.37, -6.58
Accel: -0.48, 0.11, -0.84
Gyro: 5.63, 1.59, -2.40
Accel: -0.47, 0.09, -0.85
Gyro: 5.62, 0.61, 0.27
Accel: -0.47, 0.07, -0.87
Gyro: 3.91, 0.82, 0.90
Accel: -0.46, 0.06, -0.86
Gyro: 1.55, 1.21, 0.45
Accel: -0.47, 0.06, -0.85
Gyro: 1.95, 0.40, -1.88
Accel: -0.47, 0.06, -0.86
Gyro: -0.05, 0.28, -4.10
Accel: -0.47, 0.08, -0.87
Gyro: -0.50, 1.69, -4.20
Accel: -0.47, 0.08, -0.84
Gyro: -0.98, 2.63, -2.72
Accel: -0.47, 0.08, -0.83
Gyro: 0.00, 0.75, -2.31
Accel: -0.47, 0.08, -0.87
Gyro: -1.23, 1.46, -1.95
Accel: -0.47, 0.08, -0.88
Gyro: -1.06, 3.88, -1.33
Accel: -0.46, 0.07, -0.86
Gyro: 0.02, 4.62, -1.11
Accel: -0.45, 0.05, -0.86
Gyro: -2.11, 4.99, -1.33
Accel: -0.44, 0.06, -0.87
Gyro: -3.60, 5.19, -2.28
Accel: -0.43, 0.07, -0.86
Gyro: -2.56, 4.87, -2.61
Accel: -0.44, 0.07, -0.86
Gyro: -3.60, 4.17, -2.49
Accel: -0.42, 0.08, -0.84
Gyro: -3.88, 2.76, -2.69
Accel: -0.42, 0.09, -0.85
Gyro: -1.91, 1.50, -1.43
Accel: -0.43, 0.09, -0.85
Gyro: -0.14, -0.53, 0.02
Accel: -0.43, 0.08, -0.87
Gyro: -0.54, -0.20, 0.90
Accel: -0.43, 0.07, -0.86
Gyro: 0.11, -0.23, 0.73
Accel: -0.43, 0.07, -0.87
Gyro: 0.31, -1.08, 0.37
Accel: -0.44, 0.07, -0.86
Gyro: 0.78, -0.85, 0.61
Accel: -0.43, 0.07, -0.87
Gyro: 0.55, -0.32, 0.56
Accel: -0.43, 0.06, -0.86
Gyro: 0.50, -1.19, 0.21
Accel: -0.44, 0.08, -0.89
Gyro: -2.18, 0.72, -0.32
Accel: -0.43, 0.08, -0.88
Gyro: 0.55, 1.20, -0.39
Accel: -0.43, 0.07, -0.86
Gyro: 1.71, 0.85, -1.08
Accel: -0.43, 0.08, -0.88
Gyro: 0.41, -0.45, -0.31
