Accel: -0.41, 0.06, -0.87
Gyro: -3.70, 0.53, -1.79
Accel: -0.41, 0.07, -0.86
Gyro: -1.16, -0.11, -2.01
Accel: -0.42, 0.07, -0.85
Gyro: -0.81, -2.54, -1.52
Accel: -0.42, 0.05, -0.87
Gyro: -1.82, -3.97, -1.74
Accel: -0.43, 0.05, -0.87
Gyro: -3.22, -4.47, -2.20
Accel: -0.44, 0.06, -0.90
Gyro: -3.43, -2.33, -2.08
Accel: -0.43, 0.05, -0.87
Gyro: -1.75, -0.95, -3.10
Accel: -0.44, 0.06, -0.88
Gyro: -2.14, -1.76, -2.86
Accel: -0.44, 0.07, -0.89
Gyro: -4.20, -0.02, -0.96
Accel: -0.43, 0.05, -0.85
Gyro: -3.23, 0.86, -0.29
Accel: -0.43, 0.05, -0.86
Gyro: -1.65, -2.14, -1.72
Accel: -0.44, 0.06, -0.91
Gyro: -5.31, 0.13, -2.58
Accel: -0.42, 0.07, -0.86
Gyro: -2.43, 2.84, -2.20
Accel: -0.42, 0.07, -0.83
Gyro: 1.13, -0.02, -1.66
Accel: -0.44, 0.06, -0.89
Gyro: -3.27, -2.26, -0.66
Accel: -0.43, 0.05, -0.87
Gyro: -6.67, 0.31, -1.37
Accel: -0.41, 0.08, -0.84
Gyro: -2.24, -1.03, -3.31
Accel: -0.39, 0.15, -0.79
Gyro: -2.56, -6.55, -4.32
Accel: -0.40, 0.24, -0.76
Gyro: 7.03, -18.46, -2.47
Accel: -0.43, 0.40, -0.78
Gyro: 26.66, -27.02, 9.16
Accel: -0.50, 0.57, -0.75
Gyro: 62.23, -33.85, 32.71
Accel: -0.60, 0.60, -0.80
Gyro: 115.33, -34.84, 61.38
Accel: -0.68, 0.39, -0.77
Gyro: 160.13, -20.67, 80.70
Accel: -0.74, 0.21, -0.64
Gyro: 199.97, -7.11, 92.14
Accel: -0.80, -0.13, -0.73
Gyro: 225.75, 9.95, 96.13
Accel: -0.82, -0.36, -0.78
Gyro: 204.44, 37.07, 84.29
Accel: -0.78, -0.44, -0.73
Gyro: 176.59, 63.19, 74.86
Accel: -0.72, -0.54, -0.66
Gyro: 152.60, 78.87, 64.23
Accel: -0.67, -0.73, -0.68
Gyro: 137.26, 88.21, 46.44
Accel: -0.59, -0.76, -0.78
Gyro: 98.92, 102.87, 20.51
Accel: -0.54, -0.66, -0.71
Gyro: 71.73, 116.53, 4.48
Accel: -0.49, -0.61, -0.64
Gyro: 72.41, 118.29, -3.38
Accel: -0.40, -0.70, -0.72
Gyro: 68.18, 128.37, -12.03
Accel: -0.32, -0.69, -0.67
Gyro: 59.54, 131.12, -23.75
Accel: -0.27, -0.72, -0.72
Gyro: 55.15, 136.08, -37.17
Accel: -0.20, -0.72, -0.67
Gyro: 46.85, 140.82, -51.06
Accel: -0.09, -0.73, -0.63
Gyro: 44.60, 138.40, -60.88
Accel: -0.00, -0.75, -0.61
Gyro: 29.46, 137.23, -69.07
Accel: 0.04, -0.88, -0.59
Gyro: 26.16, 126.21, -80.54
Accel: 0.14, -0.84, -0.73
Gyro: -5.74, 136.18, -97.59
Accel: 0.24, -0.80, -0.51
Gyro: -5.06, 136.85, -107.69
Accel: 0.37, -0.75, -0.53
Gyro: -11.29, 128.90, -119.64
Accel: 0.44, -0.71, -0.45
Gyro: -23.69, 117.77, -123.77
Accel: 0.51, -0.68, -0.46
Gyro: -29.95, 109.94, -133.35
Accel: 0.58, -0.60, -0.43
Gyro: -34.68, 101.26, -141.72
Accel: 0.65, -0.49, -0.39
Gyro: -44.04, 93.25, -151.39
Accel: 0.75, -0.35, -0.32
Gyro: -39.14, 81.51, -149.76
Accel: 0.77, -0.32, -0.30
Gyro: -22.96, 72.88, -151.12
Accel: 0.85, -0.24, -0.34
Gyro: -23.38, 61.47, -156.75
Accel: 0.93, -0.14, -0.30
Gyro: -40.96, 45.77, -153.58
Accel: 0.95, -0.04, -0.22
Gyro: -34.15, 22.67, -152.09
Accel: 0.92, 0.04, -0.19
Gyro: -7.31, -6.20, -160.23
Accel: 1.26, 0.02, -0.33
Gyro: -27.99, 10.43, -153.55
Accel: 0.93, 0.14, -0.23
Gyro: -33.70, -17.72, -148.03
Accel: 0.90, 0.26, -0.16
Gyro: -33.82, -28.62, -143.22
Accel: 0.91, 0.29, -0.26
Gyro: -19.26, -47.90, -138.99
Accel: 0.83, 0.51, -0.23
Gyro: -17.94, -68.22, -133.51
Accel: 0.83, 0.52, -0.18
Gyro: -3.54, -87.00, -132.27
Accel: 0.73, 0.56, -0.21
Gyro: 9.25, -117.38, -118.75
Accel: 0.72, 0.50, -0.23
Gyro: -0.71, -143.36, -107.52
Accel: 0.61, 0.77, -0.42
Gyro: 5.39, -161.76, -109.31
Accel: 0.39, 0.74, -0.58
Gyro: 22.43, -174.04, -90.93
Accel: 0.28, 0.71, -0.57
Gyro: 39.27, -172.02, -76.52
Accel: 0.17, 0.69, -0.57
Gyro: 50.38, -178.62, -61.00
Accel: 0.03, 0.67, -0.69
Gyro: 64.43, -180.33, -44.20
Accel: -0.07, 0.59, -0.76
Gyro: 73.01, -167.80, -30.65
Accel: -0.16, 0.59, -0.76
Gyro: 79.45, -153.25, -12.51
Accel: -0.28, 0.61, -0.78
Gyro: 92.18, -147.98, 8.92
Accel: -0.29, 0.48, -0.92
Gyro: 93.44, -135.99, 25.78
Accel: -0.37, 0.44, -0.90
Gyro: 78.54, -128.06, 41.21
Accel: -0.42, 0.39, -0.96
Gyro: 96.11, -102.95, 56.23
Accel: -0.43, 0.28, -1.02
Gyro: 78.19, -85.41, 68.89
Accel: -0.44, 0.21, -0.80
Gyro: 69.26, -81.37, 68.96
Accel: -0.49, 0.16, -0.97
Gyro: 75.81, -71.60, 63.36
Accel: -0.50, 0.09, -1.02
Gyro: 71.09, -47.44, 59.70
Accel: -0.45, 0.05, -0.82
Gyro: 60.65, -37.66, 51.99
Accel: -0.52, 0.03, -0.90
Gyro: 65.27, -41.77, 47.39
Accel: -0.55, -0.02, -1.00
Gyro: 46.06, -25.11, 44.60
Accel: -0.52, -0.08, -0.93
Gyro: 29.62, -12.42, 34.55
Accel: -0.47, -0.07, -0.87
Gyro: 19.94, -8.43, 23.54
Accel: -0.48, -0.06, -0.94
Gyro: 12.12, -4.44, 12.39
Accel: -0.45, -0.04, -0.89
Gyro: -3.04, 2.74, 3.30
Accel: -0.42, 0.02, -0.85
Gyro: -0.65, 0.37, -3.96
Accel: -0.43, 0.05, -0.88
Gyro: 1.90, -2.64, -7.21
Accel: -0.43, 0.05, -0.89
Gyro: 0.18, -1.95, -9.48
Accel: -0.42, 0.07, -0.88
Gyro: -0.46, 0.71, -9.92
Accel: -0.41, 0.08, -0.86
Gyro: -0.47, 0.21, -8.31
Accel: -0.42, 0.07, -0.89
Gyro: -0.52, -0.53, -6.06
Accel: -0.42, 0.06, -0.88
Gyro: -3.01, 0.87, -3.68
Accel: -0.42, 0.08, -0.86
Gyro: -2.63, -0.30, -2.74
Accel: -0.41, 0.06, -0.88
Gyro: -1.08, -2.48, -1.65
Accel: -0.42, 0.06, -0.91
Gyro: -5.10, 0.36, -1.22
Accel: -0.41, 0.07, -0.89
Gyro: -6.68, 2.89, -1.05
Accel: -0.40, 0.08, -0.87
Gyro: -4.13, 2.05, -1.86
Accel: -0.41, 0.10, -0.88
Gyro: -1.54, -0.54, -1.83
Accel: -0.41, 0.07, -0.91
Gyro: -1.59, 1.99, -1.57
Accel: -0.39, 0.07, -0.88
Gyro: -3.69, 3.55, -2.51
Accel: -0.39, 0.07, -0.89
Gyro: -3.34, 2.00, -3.00
Accel: -0.39, 0.09, -0.90
Gyro: -3.23, 2.43, -3.84
Accel: -0.38, 0.09, -0.87
Gyro: -2.27, 2.33, -2.64
Accel: -0.38, 0.08, -0.87
Gyro: -3.75, 0.38, -1.53
