Accel: -0.46, 0.09, -0.86
Gyro: 0.20, -0.38, -0.98
Accel: -0.46, 0.09, -0.86
Gyro: 0.18, 1.22, -0.15
Accel: -0.45, 0.08, -0.84
Gyro: 1.37, 0.23, -0.15
Accel: -0.44, 0.08, -0.85
Gyro: 0.17, -1.59, -0.18
Accel: -0.44, 0.08, -0.86
Gyro: -1.37, -1.25, -0.79
Accel: -0.45, 0.08, -0.84
Gyro: 0.25, -1.84, -1.62
Accel: -0.46, 0.09, -0.87
Gyro: 0.51, -3.81, -1.65
Accel: -0.46, 0.12, -0.87
Gyro: -0.75, -2.52, -0.77
Accel: -0.44, 0.13, -0.82
Gyro: 4.55, -4.62, -0.80
Accel: -0.42, 0.18, -0.81
Gyro: 10.03, -7.35, 0.13
Accel: -0.41, 0.22, -0.76
Gyro: 18.71, -14.22, 1.48
Accel: -0.42, 0.26, -0.73
Gyro: 37.75, -23.54, 4.36
Accel: -0.46, 0.35, -0.71
Gyro: 64.31, -35.00, 9.86
Accel: -0.53, 0.35, -0.76
Gyro: 101.84, -40.18, 24.72
Accel: -0.57, 0.18, -0.72
Gyro: 124.31, -36.71, 38.05
Accel: -0.67, 0.10, -0.75
Gyro: 139.25, -32.22, 44.66
Accel: -0.74, 0.01, -0.81
Gyro: 155.93, -16.92, 51.41
Accel: -0.78, -0.16, -0.81
Gyro: 160.57, 6.03, 53.06
Accel: -0.78, -0.26, -0.65
Gyro: 151.66, 23.13, 50.53
Accel: -0.79, -0.35, -0.71
Gyro: 154.33, 29.62, 47.05
Accel: -0.79, -0.40, -0.76
Gyro: 134.16, 50.56, 42.85
Accel: -0.76, -0.45, -0.68
Gyro: 119.09, 68.57, 39.67
Accel: -0.74, -0.55, -0.70
Gyro: 115.65, 80.67, 35.90
Accel: -0.69, -0.61, -0.73
Gyro: 94.24, 100.40, 23.39
Accel: -0.65, -0.59, -0.73
Gyro: 86.29, 113.66, 7.84
Accel: -0.57, -0.61, -0.72
Gyro: 73.97, 130.63, -0.06
Accel: -0.48, -0.65, -0.63
Gyro: 69.69, 135.89, -7.19
Accel: -0.41, -0.71, -0.67
Gyro: 60.03, 139.44, -16.31
Accel: -0.37, -0.73, -0.76
Gyro: 50.11, 149.70, -24.76
Accel: -0.29, -0.81, -0.73
Gyro: 28.76, 161.93, -35.16
Accel: -0.21, -0.82, -0.66
Gyro: 10.30, 165.36, -43.05
Accel: -0.12, -0.86, -0.65
Gyro: -5.16, 164.11, -52.49
Accel: -0.02, -0.82, -0.65
Gyro: -19.30, 162.80, -68.17
Accel: 0.07, -0.76, -0.62
Gyro: -29.04, 158.64, -81.26
Accel: 0.21, -0.73, -0.65
Gyro: -53.72, 153.72, -94.39
Accel: 0.30, -0.55, -0.40
Gyro: -42.53, 140.03, -93.76
Accel: 0.47, -0.53, -0.41
Gyro: -15.61, 123.80, -93.15
Accel: 0.54, -0.52, -0.45
Gyro: -21.18, 104.45, -99.33
Accel: 0.59, -0.50, -0.50
Gyro: -12.04, 85.04, -109.83
Accel: 0.64, -0.54, -0.49
Gyro: -35.09, 77.06, -120.32
Accel: 0.69, -0.44, -0.51
Gyro: -28.66, 70.53, -133.01
Accel: 0.76, -0.34, -0.45
Gyro: -31.43, 63.58, -132.53
Accel: 0.80, -0.34, -0.42
Gyro: -34.55, 50.00, -137.84
Accel: 0.82, -0.25, -0.40
Gyro: -38.86, 38.02, -142.37
Accel: 0.84, -0.15, -0.40
Gyro: -41.67, 24.62, -146.94
Accel: 0.83, -0.07, -0.39
Gyro: -41.28, 14.21, -151.28
Accel: 0.84, 0.06, -0.36
Gyro: -35.71, 6.67, -153.89
Accel: 0.83, 0.14, -0.45
Gyro: -34.65, 3.10, -145.61
Accel: 0.82, 0.29, -0.29
Gyro: -33.94, -12.73, -148.68
Accel: 0.78, 0.29, -0.40
Gyro: -24.05, -27.76, -143.18
Accel: 0.79, 0.33, -0.40
Gyro: -33.39, -35.61, -143.75
Accel: 0.70, 0.47, -0.41
Gyro: -23.46, -49.65, -142.70
Accel: 0.67, 0.52, -0.36
Gyro: -17.03, -61.01, -137.28
Accel: 0.64, 0.63, -0.36
Gyro: -11.41, -80.31, -131.16
Accel: 0.61, 0.71, -0.27
Gyro: -6.66, -107.51, -116.96
Accel: 0.52, 0.77, -0.24
Gyro: 5.88, -142.68, -100.96
Accel: 0.36, 0.74, -0.36
Gyro: 17.29, -177.12, -88.12
Accel: 0.18, 0.83, -0.57
Gyro: 18.48, -183.33, -73.84
Accel: 0.09, 0.84, -0.53
Gyro: 40.51, -195.03, -59.57
Accel: -0.04, 0.80, -0.62
Gyro: 75.98, -196.02, -39.95
Accel: -0.18, 0.75, -0.76
Gyro: 87.62, -188.39, -20.32
Accel: -0.28, 0.72, -0.76
Gyro: 101.26, -179.32, 1.75
Accel: -0.37, 0.56, -0.76
Gyro: 129.81, -161.75, 24.70
Accel: -0.44, 0.41, -0.80
Gyro: 135.09, -140.71, 40.89
Accel: -0.51, 0.33, -0.85
Gyro: 137.29, -127.47, 50.26
Accel: -0.53, 0.21, -1.00
Gyro: 110.60, -110.36, 55.61
Accel: -0.58, 0.13, -0.92
Gyro: 96.57, -90.08, 51.92
Accel: -0.60, 0.03, -0.92
Gyro: 89.37, -78.40, 46.71
Accel: -0.66, -0.01, -1.03
Gyro: 77.74, -54.51, 36.77
Accel: -0.60, -0.09, -0.98
Gyro: 51.38, -29.77, 27.63
Accel: -0.54, -0.06, -0.83
Gyro: 25.46, -23.22, 18.10
Accel: -0.56, 0.02, -0.91
Gyro: 18.88, -19.15, 12.70
Accel: -0.56, 0.03, -0.89
Gyro: 14.62, -8.51, 9.56
Accel: -0.53, 0.04, -0.80
Gyro: 11.89, -8.68, 4.58
Accel: -0.55, 0.04, -0.88
Gyro: 8.29, -7.70, -0.50
Accel: -0.54, 0.06, -0.88
Gyro: 5.47, -0.05, -2.67
Accel: -0.50, 0.06, -0.83
Gyro: 9.46, 2.39, -3.94
Accel: -0.49, 0.04, -0.82
Gyro: 5.81, 1.75, -4.75
Accel: -0.49, 0.04, -0.82
Gyro: -1.00, 0.73, -5.39
Accel: -0.48, 0.06, -0.84
Gyro: -3.65, 0.22, -5.23
Accel: -0.50, 0.07, -0.84
Gyro: -4.25, -0.15, -5.01
Accel: -0.49, 0.07, -0.85
Gyro: -3.88, -0.22, -5.38
Accel: -0.50, 0.09, -0.86
Gyro: -2.72, 0.74, -5.11
Accel: -0.49, 0.09, -0.86
Gyro: -1.41, 2.69, -3.50
Accel: -0.48, 0.08, -0.85
Gyro: 0.08, 3.38, -2.48
Accel: -0.48, 0.07, -0.84
Gyro: -0.18, 2.92, -1.06
Accel: -0.47, 0.06, -0.85
Gyro: -1.43, 2.79, 0.38
Accel: -0.46, 0.08, -0.84
Gyro: -4.04, 3.62, 1.26
Accel: -0.46, 0.06, -0.85
Gyro: -3.75, 2.03, 0.18
Accel: -0.47, 0.08, -0.86
Gyro: -2.60, 2.38, -1.47
Accel: -0.47, 0.09, -0.84
Gyro: -2.32, 2.82, -1.88
Accel: -0.46, 0.09, -0.86
Gyro: -0.19, 1.99, -0.65
Accel: -0.47, 0.09, -0.84
Gyro: -1.28, 1.42, 1.32
Accel: -0.46, 0.08, -0.83
Gyro: -0.76, -1.14, 2.07
Accel: -0.47, 0.07, -0.86
Gyro: -0.54, -2.14, 1.85
Accel: -0.48, 0.08, -0.88
Gyro: -2.88, 1.07, 1.14
Accel: -0.47, 0.08, -0.86
Gyro: -0.89, 2.98, 0.13
Accel: -0.46, 0.07, -0.85
Gyro: 0.40, 2.59, -1.34
Accel: -0.45, 0.07, -0.85
Gyro: 0.59, 1.55, -3.44
Accel: -0.45, 0.07, -0.83
Gyro: 3.91, -0.49, -7.10
Accel: -0.44, 0.06, -0.85
Gyro: 4.01, -2.14, -9.06
