Accel: -0.48, 0.06, -0.84
Gyro: 4.19, -4.77, -3.10
Accel: -0.48, 0.06, -0.84
Gyro: 4.43, -4.01, -1.43
Accel: -0.48, 0.04, -0.82
Gyro: 4.52, -4.94, 0.04
Accel: -0.48, 0.02, -0.83
Gyro: 4.14, -6.70, -0.08
Accel: -0.50, 0.01, -0.85
Gyro: 3.52, -7.74, -1.47
Accel: -0.50, 0.01, -0.84
Gyro: 2.44, -6.21, -3.43
Accel: -0.51, 0.03, -0.82
Gyro: 3.65, -6.16, -4.28
Accel: -0.51, 0.08, -0.81
Gyro: 4.81, -8.52, -3.98
Accel: -0.53, 0.09, -0.81
Gyro: 10.61, -10.59, -2.42
Accel: -0.53, 0.12, -0.82
Gyro: 18.24, -9.96, 0.34
Accel: -0.54, 0.21, -0.79
Gyro: 32.23, -10.20, 5.48
Accel: -0.57, 0.28, -0.76
Gyro: 55.67, -11.96, 13.77
Accel: -0.61, 0.30, -0.78
Gyro: 91.94, -10.04, 25.99
Accel: -0.68, 0.27, -0.80
Gyro: 128.51, -1.36, 41.18
Accel: -0.73, 0.15, -0.81
Gyro: 161.48, 16.48, 63.07
Accel: -0.72, -0.13, -0.73
Gyro: 165.51, 34.36, 71.78
Accel: -0.72, -0.27, -0.69
Gyro: 158.10, 44.78, 67.83
Accel: -0.75, -0.34, -0.81
Gyro: 151.29, 64.01, 60.20
Accel: -0.69, -0.41, -0.79
Gyro: 133.80, 84.93, 50.74
Accel: -0.65, -0.41, -0.65
Gyro: 121.60, 99.16, 39.74
Accel: -0.65, -0.47, -0.68
Gyro: 131.90, 112.21, 36.99
Accel: -0.58, -0.62, -0.70
Gyro: 116.56, 127.46, 25.99
Accel: -0.56, -0.63, -0.74
Gyro: 104.81, 142.34, 7.56
Accel: -0.48, -0.71, -0.72
Gyro: 96.00, 159.44, -9.06
Accel: -0.36, -0.76, -0.62
Gyro: 83.73, 165.47, -27.37
Accel: -0.29, -0.82, -0.64
Gyro: 75.34, 169.11, -42.69
Accel: -0.19, -0.79, -0.63
Gyro: 54.62, 170.63, -57.66
Accel: -0.05, -0.82, -0.50
Gyro: 43.57, 166.01, -65.50
Accel: 0.07, -0.85, -0.52
Gyro: 32.77, 156.96, -75.12
Accel: 0.16, -0.86, -0.56
Gyro: 14.89, 149.02, -84.83
Accel: 0.29, -0.79, -0.44
Gyro: -27.07, 136.64, -89.98
Accel: 0.45, -0.80, -0.33
Gyro: -8.92, 127.46, -88.42
Accel: 0.56, -0.87, -0.37
Gyro: -27.62, 107.60, -94.22
Accel: 0.60, -0.93, -0.38
Gyro: -36.92, 89.16, -111.79
Accel: 0.58, -0.91, -0.48
Gyro: -55.18, 75.26, -143.93
Accel: 0.58, -0.66, -0.43
Gyro: -67.38, 75.49, -166.00
Accel: 0.67, -0.60, -0.33
Gyro: -58.25, 71.08, -178.15
Accel: 0.69, -0.42, -0.33
Gyro: -50.29, 59.77, -191.79
Accel: 0.76, -0.32, -0.32
Gyro: -36.28, 49.26, -196.53
Accel: 0.79, -0.19, -0.27
Gyro: -22.25, 32.91, -200.33
Accel: 0.84, -0.04, -0.27
Gyro: -31.83, 11.74, -199.48
Accel: 0.85, 0.20, -0.20
Gyro: -52.24, -2.33, -193.95
Accel: 0.87, 0.27, -0.19
Gyro: -39.03, -25.75, -177.22
Accel: 0.79, 0.34, -0.14
Gyro: 18.37, -62.37, -177.60
Accel: 1.05, 0.40, -0.38
Gyro: -58.90, -40.66, -155.86
Accel: 0.88, 0.45, -0.22
Gyro: -23.36, -82.28, -143.78
Accel: 0.73, 0.46, -0.29
Gyro: -20.00, -108.48, -144.17
Accel: 0.60, 0.59, -0.28
Gyro: -2.08, -134.77, -137.11
Accel: 0.48, 0.58, -0.35
Gyro: 16.12, -157.46, -130.82
Accel: 0.33, 0.75, -0.51
Gyro: 8.64, -170.29, -121.40
Accel: 0.20, 0.88, -0.53
Gyro: 12.28, -172.20, -92.96
Accel: 0.13, 0.87, -0.45
Gyro: 29.72, -186.07, -68.84
Accel: 0.00, 0.76, -0.59
Gyro: 51.53, -199.66, -47.08
Accel: -0.22, 0.76, -0.70
Gyro: 83.49, -195.21, -26.28
Accel: -0.29, 0.77, -0.72
Gyro: 101.76, -183.56, -5.34
Accel: -0.40, 0.75, -0.77
Gyro: 133.76, -167.18, 28.18
Accel: -0.46, 0.62, -0.92
Gyro: 142.52, -146.97, 62.33
Accel: -0.49, 0.49, -0.85
Gyro: 144.35, -128.91, 85.35
Accel: -0.54, 0.32, -0.74
Gyro: 152.24, -111.98, 99.58
Accel: -0.55, 0.06, -0.78
Gyro: 145.59, -98.73, 106.67
Accel: -0.65, -0.13, -0.88
Gyro: 118.68, -90.95, 98.38
Accel: -0.63, -0.22, -1.02
Gyro: 98.85, -67.26, 82.03
Accel: -0.57, -0.25, -0.97
Gyro: 56.53, -47.04, 59.07
Accel: -0.57, -0.15, -0.86
Gyro: 35.40, -41.99, 31.19
Accel: -0.62, -0.05, -1.01
Gyro: 26.24, -32.39, 13.81
Accel: -0.60, -0.07, -0.95
Gyro: 20.26, -12.60, 5.83
Accel: -0.56, -0.09, -0.87
Gyro: 14.55, -4.00, -0.52
Accel: -0.53, -0.07, -0.89
Gyro: -2.04, 1.75, -4.88
Accel: -0.50, -0.03, -0.86
Gyro: -12.10, 5.75, -7.22
Accel: -0.47, 0.01, -0.82
Gyro: -11.34, 5.06, -11.06
Accel: -0.46, 0.03, -0.82
Gyro: -11.05, 0.97, -16.53
Accel: -0.47, 0.07, -0.84
Gyro: -10.11, -1.05, -16.30
Accel: -0.49, 0.08, -0.86
Gyro: -8.26, -0.79, -12.95
Accel: -0.48, 0.07, -0.85
Gyro: -7.33, 1.37, -9.57
Accel: -0.47, 0.05, -0.83
Gyro: -7.12, 0.32, -7.29
Accel: -0.48, 0.04, -0.86
Gyro: -7.62, -0.24, -6.28
Accel: -0.47, 0.05, -0.84
Gyro: -7.76, 0.25, -6.93
Accel: -0.47, 0.06, -0.87
Gyro: -6.26, 0.08, -6.95
Accel: -0.48, 0.06, -0.88
Gyro: -6.00, 2.04, -6.31
Accel: -0.46, 0.05, -0.86
Gyro: -5.80, 3.68, -5.37
Accel: -0.46, 0.06, -0.84
Gyro: -4.73, 2.63, -5.08
Accel: -0.47, 0.07, -0.87
Gyro: -4.88, 1.92, -4.23
Accel: -0.47, 0.07, -0.87
Gyro: -4.20, 3.83, -2.50
Accel: -0.46, 0.07, -0.84
Gyro: -3.40, 3.90, -1.40
Accel: -0.45, 0.06, -0.83
Gyro: -3.39, 1.68, -2.01
Accel: -0.45, 0.07, -0.87
Gyro: -2.82, 1.28, -0.92
Accel: -0.44, 0.07, -0.85
Gyro: -1.50, 1.85, 0.21
Accel: -0.44, 0.07, -0.82
Gyro: -1.42, -1.43, -0.29
Accel: -0.46, 0.07, -0.85
Gyro: -2.16, -4.75, -0.37
Accel: -0.48, 0.08, -0.89
Gyro: -1.75, -2.06, 0.56
Accel: -0.47, 0.06, -0.87
Gyro: 0.40, 1.79, 0.71
Accel: -0.45, 0.06, -0.83
Gyro: 0.28, 1.04, -0.31
Accel: -0.46, 0.06, -0.86
Gyro: -1.73, -0.93, -0.95
Accel: -0.46, 0.07, -0.88
Gyro: -1.28, 1.01, -0.97
Accel: -0.45, 0.06, -0.86
Gyro: 0.82, 1.72, -1.19
Accel: -0.45, 0.06, -0.86
Gyro: -1.11, 0.38, -1.45
Accel: -0.45, 0.07, -0.87
Gyro: -2.56, 0.00, -0.69
Accel: -0.44, 0.06, -0.86
Gyro: -0.32, -0.16, -0.91
Accel: -0.45, 0.07, -0.86
Gyro: 0.86, -0.89, -0.95
Accel: -0.45, 0.06, -0.85
Gyro: -0.71, -1.42, -0.60
Accel: -0.45, 0.06, -0.86
Gyro: -0.21, -2.25, -1.05
