Accel: -0.49, 0.07, -0.83
Gyro: -2.61, -0.29, -0.99
Accel: -0.49, 0.06, -0.83
Gyro: -2.77, -0.31, -1.11
Accel: -0.51, 0.07, -0.87
Gyro: -0.32, 0.33, 0.28
Accel: -0.52, 0.05, -0.86
Gyro: -4.77, 5.07, 3.30
Accel: -0.49, 0.07, -0.81
Gyro: -7.28, 4.59, 3.53
Accel: -0.47, 0.08, -0.81
Gyro: -5.42, 0.11, 1.82
Accel: -0.47, 0.09, -0.83
Gyro: -3.97, -2.01, -0.56
Accel: -0.47, 0.10, -0.81
Gyro: -0.63, -4.15, -1.95
Accel: -0.48, 0.11, -0.80
Gyro: 1.53, -7.39, -2.63
Accel: -0.48, 0.16, -0.78
Gyro: 4.07, -12.08, -3.18
Accel: -0.52, 0.27, -0.78
Gyro: 15.72, -15.79, -1.58
Accel: -0.56, 0.33, -0.81
Gyro: 44.13, -17.60, 4.23
Accel: -0.62, 0.38, -0.85
Gyro: 80.23, -13.95, 12.89
Accel: -0.73, 0.30, -0.94
Gyro: 121.42, 2.31, 26.20
Accel: -0.78, 0.21, -1.01
Gyro: 155.69, 35.72, 34.08
Accel: -0.70, -0.10, -0.82
Gyro: 169.62, 70.54, 33.42
Accel: -0.62, -0.19, -0.75
Gyro: 156.87, 80.16, 24.85
Accel: -0.60, -0.23, -0.83
Gyro: 136.36, 95.80, 32.26
Accel: -0.51, -0.32, -0.75
Gyro: 109.59, 106.18, 39.49
Accel: -0.42, -0.36, -0.68
Gyro: 96.28, 107.92, 40.50
Accel: -0.39, -0.45, -0.71
Gyro: 105.36, 108.69, 34.13
Accel: -0.35, -0.54, -0.72
Gyro: 100.20, 111.34, 26.43
Accel: -0.29, -0.66, -0.75
Gyro: 89.52, 113.93, 17.93
Accel: -0.25, -0.68, -0.77
Gyro: 71.30, 116.25, 7.44
Accel: -0.20, -0.70, -0.79
Gyro: 57.14, 121.46, -1.27
Accel: -0.14, -0.71, -0.74
Gyro: 40.60, 126.04, -10.93
Accel: -0.07, -0.74, -0.69
Gyro: 29.89, 127.20, -19.34
Accel: 0.01, -0.69, -0.70
Gyro: 24.80, 125.49, -28.80
Accel: 0.07, -0.72, -0.70
Gyro: 20.19, 124.34, -35.11
Accel: 0.14, -0.76, -0.67
Gyro: 4.34, 124.46, -44.91
Accel: 0.25, -0.73, -0.69
Gyro: -18.52, 117.70, -52.98
Accel: 0.30, -0.72, -0.57
Gyro: -11.81, 109.18, -56.98
Accel: 0.34, -0.76, -0.69
Gyro: -22.54, 111.98, -65.65
Accel: 0.41, -0.68, -0.61
Gyro: -43.14, 114.78, -73.96
Accel: 0.51, -0.64, -0.49
Gyro: -49.54, 105.40, -79.96
Accel: 0.59, -0.63, -0.47
Gyro: -54.02, 94.05, -90.77
Accel: 0.62, -0.60, -0.52
Gyro: -59.77, 85.02, -103.55
Accel: 0.66, -0.52, -0.48
Gyro: -65.21, 78.78, -117.98
Accel: 0.70, -0.38, -0.45
Gyro: -61.33, 72.95, -129.14
Accel: 0.76, -0.20, -0.43
Gyro: -55.28, 64.12, -129.66
Accel: 0.81, -0.09, -0.35
Gyro: -30.25, 52.52, -124.86
Accel: 0.86, -0.04, -0.37
Gyro: -16.39, 27.44, -115.90
Accel: 0.87, -0.09, -0.43
Gyro: -54.75, 21.25, -120.36
Accel: 0.87, 0.03, -0.35
Gyro: -49.55, 7.00, -123.57
Accel: 1.02, 0.10, -0.31
Gyro: -30.56, -4.73, -124.18
Accel: 0.90, 0.09, -0.50
Gyro: -25.43, 2.96, -89.71
Accel: 0.84, 0.19, -0.32
Gyro: -59.39, -11.31, -118.69
Accel: 0.83, 0.23, -0.33
Gyro: -31.71, -36.13, -124.04
Accel: 0.76, 0.36, -0.41
Gyro: -36.26, -39.28, -124.04
Accel: 0.75, 0.46, -0.35
Gyro: -25.37, -58.43, -120.93
Accel: 0.74, 0.51, -0.39
Gyro: -12.18, -76.82, -117.30
Accel: 0.70, 0.57, -0.35
Gyro: -8.98, -97.21, -111.87
Accel: 0.60, 0.64, -0.36
Gyro: 4.82, -118.52, -100.65
Accel: 0.55, 0.56, -0.37
Gyro: 3.58, -148.48, -92.80
Accel: 0.38, 0.71, -0.45
Gyro: 2.57, -169.85, -86.65
Accel: 0.24, 0.76, -0.55
Gyro: 21.35, -186.36, -73.01
Accel: 0.05, 0.77, -0.68
Gyro: 51.09, -183.40, -51.43
Accel: -0.02, 0.76, -0.73
Gyro: 57.24, -178.09, -34.18
Accel: -0.15, 0.72, -0.74
Gyro: 76.58, -171.47, -12.86
Accel: -0.26, 0.61, -0.78
Gyro: 91.56, -159.23, 7.82
Accel: -0.27, 0.50, -0.81
Gyro: 100.53, -144.82, 21.90
Accel: -0.32, 0.39, -0.80
Gyro: 100.21, -138.53, 33.26
Accel: -0.39, 0.29, -0.83
Gyro: 96.30, -128.44, 38.16
Accel: -0.47, 0.29, -0.84
Gyro: 93.37, -117.71, 38.02
Accel: -0.55, 0.26, -0.98
Gyro: 89.30, -104.70, 45.11
Accel: -0.57, 0.15, -0.99
Gyro: 75.17, -84.76, 46.46
Accel: -0.54, 0.10, -0.95
Gyro: 69.15, -65.41, 39.71
Accel: -0.51, 0.04, -0.87
Gyro: 63.49, -55.20, 30.98
Accel: -0.59, -0.03, -0.81
Gyro: 57.18, -52.98, 22.87
Accel: -0.67, -0.05, -1.02
Gyro: 42.47, -33.49, 16.20
Accel: -0.63, -0.03, -1.02
Gyro: 11.51, -10.51, 11.54
Accel: -0.55, 0.00, -0.85
Gyro: 2.20, -0.83, 5.87
Accel: -0.51, 0.02, -0.80
Gyro: 7.03, -4.05, -2.15
Accel: -0.50, 0.04, -0.79
Gyro: 0.57, -6.36, -7.62
Accel: -0.51, 0.07, -0.83
Gyro: 1.95, -7.58, -10.15
Accel: -0.53, 0.08, -0.86
Gyro: -0.13, -4.81, -9.47
Accel: -0.52, 0.09, -0.85
Gyro: -4.79, -2.81, -7.39
Accel: -0.51, 0.08, -0.83
Gyro: -3.01, -2.88, -6.51
Accel: -0.53, 0.09, -0.87
Gyro: -5.78, -0.66, -4.44
Accel: -0.52, 0.09, -0.83
Gyro: -5.26, -0.31, -3.11
Accel: -0.51, 0.09, -0.83
Gyro: -3.66, -0.89, -3.44
Accel: -0.52, 0.09, -0.84
Gyro: -4.89, 0.84, -2.97
Accel: -0.51, 0.10, -0.84
Gyro: -2.87, 1.88, -3.04
Accel: -0.50, 0.11, -0.84
Gyro: -3.32, 2.46, -2.64
Accel: -0.49, 0.10, -0.83
Gyro: -1.29, 2.70, -2.31
Accel: -0.49, 0.11, -0.83
Gyro: -0.73, 2.95, -1.81
Accel: -0.49, 0.10, -0.82
Gyro: 0.05, 2.53, -0.85
Accel: -0.49, 0.10, -0.86
Gyro: 1.24, 1.39, -0.99
Accel: -0.49, 0.10, -0.86
Gyro: 1.81, 3.04, -0.45
Accel: -0.48, 0.10, -0.84
Gyro: 0.81, 4.15, -0.21
Accel: -0.48, 0.08, -0.81
Gyro: 1.77, 2.24, -0.53
Accel: -0.48, 0.09, -0.84
Gyro: 1.14, 0.07, -0.83
Accel: -0.48, 0.09, -0.87
Gyro: -0.05, 1.10, -0.32
Accel: -0.47, 0.09, -0.84
Gyro: -1.15, 2.30, -0.39
Accel: -0.47, 0.08, -0.83
Gyro: -0.07, 0.67, -0.85
Accel: -0.49, 0.09, -0.86
Gyro: -0.75, -0.08, -0.82
Accel: -0.47, 0.08, -0.85
Gyro: -2.11, 1.88, -0.66
Accel: -0.47, 0.09, -0.83
Gyro: -1.58, 1.59, -1.66
Accel: -0.46, 0.09, -0.84
Gyro: -0.38, -0.99, -2.04
Accel: -0.46, 0.09, -0.85
Gyro: -0.51, -1.05, -2.39
Accel: -0.46, 0.08, -0.83
Gyro: 0.45, -1.70, -3.26
