Accel: -0.45, 0.07, -0.84
Gyro: 1.65, -1.37, -1.29
Accel: -0.45, 0.07, -0.86
Gyro: 0.78, -1.61, -0.92
Accel: -0.46, 0.07, -0.84
Gyro: 1.65, -2.37, -1.03
Accel: -0.45, 0.08, -0.85
Gyro: 1.36, -3.48, -0.78
Accel: -0.46, 0.09, -0.83
Gyro: 2.17, -5.41, -0.06
Accel: -0.46, 0.09, -0.84
Gyro: 5.94, -6.85, 0.12
Accel: -0.48, 0.10, -0.85
Gyro: 8.92, -6.99, 0.42
Accel: -0.46, 0.12, -0.83
Gyro: 11.73, -6.48, 1.68
Accel: -0.45, 0.16, -0.76
Gyro: 20.88, -12.59, 3.02
Accel: -0.43, 0.21, -0.73
Gyro: 33.92, -22.83, 4.20
Accel: -0.46, 0.24, -0.73
Gyro: 54.96, -32.47, 8.16
Accel: -0.51, 0.22, -0.73
Gyro: 81.04, -37.55, 14.38
Accel: -0.59, 0.19, -0.76
Gyro: 107.77, -38.28, 21.74
Accel: -0.67, 0.12, -0.84
Gyro: 132.34, -30.25, 31.59
Accel: -0.76, -0.02, -0.89
Gyro: 137.34, -6.82, 41.50
Accel: -0.77, -0.09, -0.73
Gyro: 133.58, 14.21, 49.90
Accel: -0.78, -0.17, -0.77
Gyro: 149.06, 26.25, 55.25
Accel: -0.75, -0.27, -0.71
Gyro: 137.02, 44.56, 55.01
Accel: -0.72, -0.32, -0.63
Gyro: 131.55, 52.97, 51.96
Accel: -0.72, -0.42, -0.72
Gyro: 134.75, 63.53, 48.91
Accel: -0.69, -0.53, -0.72
Gyro: 114.67, 77.80, 41.13
Accel: -0.65, -0.56, -0.68
Gyro: 97.92, 89.46, 29.72
Accel: -0.65, -0.58, -0.74
Gyro: 97.89, 98.39, 19.47
Accel: -0.59, -0.63, -0.77
Gyro: 82.56, 119.27, 10.31
Accel: -0.52, -0.63, -0.66
Gyro: 69.35, 129.42, 1.18
Accel: -0.46, -0.68, -0.67
Gyro: 67.06, 135.81, -4.14
Accel: -0.38, -0.72, -0.64
Gyro: 53.51, 140.06, -14.43
Accel: -0.31, -0.75, -0.69
Gyro: 48.35, 141.89, -26.57
Accel: -0.26, -0.79, -0.69
Gyro: 36.31, 146.75, -41.73
Accel: -0.18, -0.84, -0.68
Gyro: 25.25, 151.13, -59.43
Accel: -0.08, -0.79, -0.62
Gyro: 11.76, 151.21, -74.10
Accel: 0.05, -0.77, -0.59
Gyro: 8.32, 149.53, -80.34
Accel: 0.14, -0.81, -0.59
Gyro: -10.57, 142.05, -87.06
Accel: 0.28, -0.69, -0.50
Gyro: -44.94, 134.14, -94.91
Accel: 0.39, -0.69, -0.42
Gyro: -23.54, 123.11, -94.43
Accel: 0.47, -0.69, -0.48
Gyro: -39.08, 110.05, -99.27
Accel: 0.55, -0.68, -0.48
Gyro: -39.04, 96.54, -108.40
Accel: 0.59, -0.66, -0.48
Gyro: -50.23, 85.43, -122.76
Accel: 0.62, -0.64, -0.45
Gyro: -50.50, 77.77, -137.80
Accel: 0.68, -0.52, -0.41
Gyro: -51.93, 75.17, -153.30
Accel: 0.74, -0.40, -0.41
Gyro: -52.86, 60.85, -159.68
Accel: 0.79, -0.26, -0.40
Gyro: -53.96, 42.88, -168.76
Accel: 0.81, -0.09, -0.28
Gyro: -58.70, 28.82, -169.36
Accel: 0.84, 0.04, -0.30
Gyro: -46.77, 4.09, -164.93
Accel: 0.84, 0.20, -0.34
Gyro: -34.18, -18.39, -155.66
Accel: 0.83, 0.15, -0.23
Gyro: -13.55, -38.13, -161.45
Accel: 0.88, 0.20, -0.53
Gyro: -53.44, -21.65, -136.31
Accel: 0.81, 0.33, -0.37
Gyro: -36.54, -51.32, -142.88
Accel: 0.74, 0.42, -0.40
Gyro: -31.76, -67.62, -142.72
Accel: 0.69, 0.52, -0.33
Gyro: -23.51, -87.52, -132.42
Accel: 0.59, 0.56, -0.41
Gyro: -4.77, -110.63, -121.22
Accel: 0.52, 0.62, -0.40
Gyro: -8.87, -129.55, -108.51
Accel: 0.43, 0.65, -0.44
Gyro: -0.34, -154.73, -93.38
Accel: 0.30, 0.76, -0.59
Gyro: -4.06, -164.33, -76.95
Accel: 0.19, 1.00, -0.67
Gyro: 12.39, -168.00, -45.10
Accel: 0.07, 0.85, -0.73
Gyro: 43.56, -164.29, -9.17
Accel: -0.01, 0.63, -0.74
Gyro: 65.19, -157.45, 6.18
Accel: -0.07, 0.55, -0.76
Gyro: 79.71, -149.48, 8.95
Accel: -0.16, 0.47, -0.85
Gyro: 86.23, -143.50, 12.89
Accel: -0.20, 0.41, -0.82
Gyro: 88.75, -135.15, 18.10
Accel: -0.25, 0.36, -0.80
Gyro: 92.14, -129.00, 27.89
Accel: -0.30, 0.27, -0.81
Gyro: 85.22, -127.17, 37.27
Accel: -0.39, 0.22, -0.85
Gyro: 81.46, -122.40, 38.94
Accel: -0.51, 0.25, -0.98
Gyro: 70.37, -110.60, 40.62
Accel: -0.52, 0.14, -0.97
Gyro: 66.14, -92.09, 47.11
Accel: -0.54, 0.04, -0.80
Gyro: 58.54, -82.90, 38.94
Accel: -0.61, 0.03, -1.02
Gyro: 55.47, -69.50, 27.58
Accel: -0.64, 0.02, -1.03
Gyro: 33.57, -43.51, 24.48
Accel: -0.59, -0.03, -0.78
Gyro: 24.78, -32.33, 17.84
Accel: -0.62, -0.04, -0.93
Gyro: 15.66, -31.23, 7.91
Accel: -0.63, 0.01, -0.95
Gyro: -2.86, -15.62, -1.15
Accel: -0.58, 0.05, -0.86
Gyro: -2.66, -4.70, -7.16
Accel: -0.55, 0.07, -0.84
Gyro: -1.06, -1.36, -12.16
Accel: -0.54, 0.11, -0.83
Gyro: -5.08, -0.31, -14.66
Accel: -0.53, 0.14, -0.84
Gyro: -1.72, 1.16, -12.64
Accel: -0.52, 0.11, -0.81
Gyro: 1.01, 2.17, -8.89
Accel: -0.52, 0.08, -0.82
Gyro: -1.18, 1.29, -6.50
Accel: -0.51, 0.08, -0.83
Gyro: -4.74, 1.63, -5.53
Accel: -0.51, 0.08, -0.83
Gyro: -4.24, 1.70, -5.89
Accel: -0.51, 0.09, -0.85
Gyro: -4.87, 2.20, -6.72
Accel: -0.51, 0.11, -0.84
Gyro: -4.44, 2.83, -6.17
Accel: -0.51, 0.11, -0.84
Gyro: -3.34, 4.08, -4.43
Accel: -0.51, 0.11, -0.85
Gyro: -1.91, 5.38, -2.50
Accel: -0.50, 0.10, -0.85
Gyro: -2.55, 5.52, -1.44
Accel: -0.48, 0.10, -0.84
Gyro: -1.75, 5.31, -1.47
Accel: -0.48, 0.09, -0.84
Gyro: -1.75, 5.26, -2.33
Accel: -0.47, 0.10, -0.84
Gyro: -1.46, 4.68, -2.48
Accel: -0.49, 0.11, -0.86
Gyro: -1.21, 5.17, -1.91
Accel: -0.47, 0.10, -0.84
Gyro: -0.22, 6.03, -1.41
Accel: -0.46, 0.09, -0.84
Gyro: -1.37, 5.70, -1.66
Accel: -0.45, 0.11, -0.83
Gyro: -1.75, 3.35, -2.00
Accel: -0.46, 0.10, -0.84
Gyro: -1.20, 1.63, -1.23
Accel: -0.46, 0.09, -0.85
Gyro: -0.62, 1.05, -1.34
Accel: -0.45, 0.10, -0.85
Gyro: -0.18, -0.40, -1.66
Accel: -0.45, 0.09, -0.86
Gyro: -1.79, -0.24, -1.11
Accel: -0.46, 0.11, -0.85
Gyro: -1.37, 0.25, -0.98
Accel: -0.46, 0.10, -0.86
Gyro: -0.05, 0.34, -0.60
Accel: -0.46, 0.10, -0.85
Gyro: -0.67, -0.29, -1.09
Accel: -0.47, 0.10, -0.87
Gyro: -0.40, 0.63, -1.06
Accel: -0.46, 0.10, -0.86
Gyro: -0.57, 2.46, -0.60
Accel: -0.45, 0.10, -0.84
Gyro: 0.26, 0.95, -1.37
