Accel: -0.45, 0.10, -0.86
Gyro: -0.06, -0.48, -2.43
Accel: -0.44, 0.09, -0.86
Gyro: -1.34, -0.52, -2.29
Accel: -0.44, 0.09, -0.86
Gyro: -0.60, -0.05, -1.40
Accel: -0.44, 0.09, -0.86
Gyro: 0.63, -0.25, -1.95
Accel: -0.45, 0.06, -0.85
Gyro: -1.17, 0.01, -5.00
Accel: -0.45, 0.08, -0.83
Gyro: -1.81, -1.67, -8.93
Accel: -0.45, 0.11, -0.86
Gyro: 2.24, -3.91, -7.80
Accel: -0.45, 0.13, -0.88
Gyro: 4.52, -2.33, -3.63
Accel: -0.43, 0.14, -0.83
Gyro: 5.70, -3.04, 0.60
Accel: -0.43, 0.17, -0.78
Gyro: 9.28, -9.88, 2.69
Accel: -0.43, 0.21, -0.78
Gyro: 17.66, -17.28, 5.15
Accel: -0.45, 0.28, -0.78
Gyro: 35.96, -22.80, 11.70
Accel: -0.49, 0.36, -0.77
Gyro: 61.68, -27.96, 20.87
Accel: -0.54, 0.40, -0.77
Gyro: 96.31, -29.23, 35.98
Accel: -0.59, 0.33, -0.75
Gyro: 134.20, -25.12, 52.22
Accel: -0.63, 0.15, -0.78
Gyro: 170.21, -14.59, 65.62
Accel: -0.64, -0.08, -0.76
Gyro: 175.31, 3.11, 62.49
Accel: -0.68, -0.10, -0.69
Gyro: 178.52, 17.16, 58.56
Accel: -0.71, -0.30, -0.62
Gyro: 183.18, 27.89, 67.05
Accel: -0.74, -0.50, -0.66
Gyro: 155.01, 37.41, 67.77
Accel: -0.75, -0.49, -0.67
Gyro: 134.02, 45.90, 64.75
Accel: -0.76, -0.65, -0.78
Gyro: 117.27, 60.65, 56.90
Accel: -0.74, -0.68, -0.78
Gyro: 90.60, 79.92, 35.78
Accel: -0.69, -0.71, -0.81
Gyro: 85.98, 101.34, 15.63
Accel: -0.58, -0.68, -0.68
Gyro: 65.67, 116.51, -3.69
Accel: -0.52, -0.68, -0.68
Gyro: 62.01, 123.63, -14.84
Accel: -0.47, -0.67, -0.76
Gyro: 55.28, 133.06, -25.57
Accel: -0.37, -0.66, -0.70
Gyro: 45.16, 143.03, -35.07
Accel: -0.30, -0.67, -0.67
Gyro: 41.75, 146.39, -40.95
Accel: -0.21, -0.74, -0.65
Gyro: 30.05, 145.34, -52.41
Accel: -0.12, -0.74, -0.64
Gyro: 22.71, 139.82, -64.16
Accel: -0.03, -0.72, -0.63
Gyro: 13.93, 134.90, -73.51
Accel: 0.06, -0.74, -0.63
Gyro: 5.04, 127.71, -80.88
Accel: 0.18, -0.72, -0.63
Gyro: -8.35, 119.26, -89.89
Accel: 0.24, -0.66, -0.51
Gyro: -27.09, 110.54, -94.28
Accel: 0.35, -0.69, -0.56
Gyro: -16.80, 107.96, -97.69
Accel: 0.45, -0.61, -0.56
Gyro: -35.32, 98.98, -99.52
Accel: 0.52, -0.63, -0.52
Gyro: -33.58, 89.27, -102.47
Accel: 0.56, -0.66, -0.52
Gyro: -44.04, 80.83, -116.42
Accel: 0.59, -0.57, -0.54
Gyro: -48.63, 72.97, -131.16
Accel: 0.64, -0.48, -0.51
Gyro: -52.01, 67.31, -141.69
Accel: 0.68, -0.29, -0.49
Gyro: -54.29, 61.92, -147.16
Accel: 0.75, -0.24, -0.37
Gyro: -45.48, 50.95, -146.29
Accel: 0.77, -0.16, -0.47
Gyro: -39.63, 32.30, -145.69
Accel: 0.80, -0.06, -0.45
Gyro: -52.99, 22.40, -146.25
Accel: 0.82, 0.05, -0.37
Gyro: -54.47, 11.35, -144.03
Accel: 0.86, 0.21, -0.34
Gyro: -44.40, -7.74, -138.84
Accel: 1.04, 0.28, -0.31
Gyro: -13.66, -33.82, -135.49
Accel: 0.80, 0.18, -0.65
Gyro: -43.57, -15.32, -106.61
Accel: 0.73, 0.34, -0.33
Gyro: -39.96, -31.08, -118.81
Accel: 0.75, 0.28, -0.45
Gyro: -21.97, -51.58, -118.96
Accel: 0.73, 0.47, -0.41
Gyro: -32.37, -60.04, -116.73
Accel: 0.64, 0.50, -0.36
Gyro: 0.77, -82.63, -110.28
Accel: 0.62, 0.53, -0.53
Gyro: -8.83, -96.49, -104.35
Accel: 0.52, 0.59, -0.51
Gyro: -7.71, -113.01, -96.79
Accel: 0.42, 0.64, -0.58
Gyro: 0.94, -123.97, -83.73
Accel: 0.36, 0.75, -0.54
Gyro: 8.00, -134.69, -66.41
Accel: 0.25, 0.70, -0.65
Gyro: 21.16, -146.39, -48.68
Accel: 0.14, 0.71, -0.68
Gyro: 35.72, -148.70, -34.10
Accel: 0.04, 0.72, -0.73
Gyro: 60.10, -146.93, -18.30
Accel: -0.05, 0.64, -0.84
Gyro: 64.51, -140.43, 0.24
Accel: -0.10, 0.58, -0.82
Gyro: 77.55, -133.48, 12.62
Accel: -0.13, 0.47, -0.84
Gyro: 84.47, -126.05, 25.29
Accel: -0.21, 0.40, -0.85
Gyro: 82.98, -120.19, 38.31
Accel: -0.25, 0.31, -0.84
Gyro: 93.52, -112.16, 45.85
Accel: -0.30, 0.22, -0.93
Gyro: 82.77, -102.87, 49.10
Accel: -0.36, 0.18, -0.93
Gyro: 69.74, -95.62, 47.04
Accel: -0.38, 0.16, -0.89
Gyro: 62.87, -86.24, 45.39
Accel: -0.41, 0.09, -0.90
Gyro: 58.94, -79.11, 42.53
Accel: -0.44, 0.07, -0.95
Gyro: 53.63, -70.76, 38.12
Accel: -0.46, 0.05, -0.90
Gyro: 45.74, -57.45, 36.52
Accel: -0.50, 0.03, -0.78
Gyro: 41.60, -60.51, 31.97
Accel: -0.59, -0.02, -0.97
Gyro: 35.96, -48.58, 26.77
Accel: -0.59, -0.03, -0.96
Gyro: 12.21, -34.16, 23.84
Accel: -0.57, -0.03, -0.86
Gyro: 3.11, -26.98, 14.72
Accel: -0.61, 0.01, -0.98
Gyro: 2.63, -17.72, 5.53
Accel: -0.58, 0.03, -0.96
Gyro: -3.23, -0.11, -0.35
Accel: -0.52, 0.05, -0.86
Gyro: -4.33, 6.53, -7.35
Accel: -0.50, 0.11, -0.84
Gyro: -2.44, 6.13, -10.15
Accel: -0.47, 0.11, -0.85
Gyro: -2.87, 7.06, -8.92
Accel: -0.47, 0.10, -0.83
Gyro: -0.79, 6.66, -6.92
Accel: -0.44, 0.10, -0.83
Gyro: -0.69, 4.10, -5.04
Accel: -0.45, 0.09, -0.85
Gyro: -1.05, 2.00, -4.45
Accel: -0.46, 0.09, -0.88
Gyro: -1.20, 3.20, -3.74
Accel: -0.45, 0.09, -0.87
Gyro: 1.39, 3.88, -3.27
Accel: -0.44, 0.09, -0.85
Gyro: 2.54, 2.28, -3.42
Accel: -0.44, 0.10, -0.85
Gyro: 0.49, 1.22, -1.82
Accel: -0.44, 0.09, -0.85
Gyro: 0.68, -0.46, -0.44
Accel: -0.44, 0.08, -0.86
Gyro: 0.85, -1.53, -0.10
Accel: -0.45, 0.08, -0.88
Gyro: -0.76, -1.05, -0.29
Accel: -0.45, 0.09, -0.87
Gyro: -0.14, -0.25, -0.14
Accel: -0.44, 0.07, -0.86
Gyro: 1.75, 0.33, -0.42
Accel: -0.44, 0.06, -0.86
Gyro: -0.02, -0.48, -1.09
Accel: -0.44, 0.08, -0.87
Gyro: -1.63, -0.50, -1.14
Accel: -0.44, 0.07, -0.87
Gyro: -1.04, 0.40, -1.01
Accel: -0.44, 0.08, -0.85
Gyro: 0.26, -1.22, -1.87
Accel: -0.46, 0.07, -0.87
Gyro: -0.53, -1.75, -1.64
Accel: -0.45, 0.08, -0.88
Gyro: -1.50, 0.16, -1.14
Accel: -0.45, 0.08, -0.85
Gyro: -0.37, 0.60, -0.89
Accel: -0.44, 0.07, -0.86
Gyro: -1.60, -0.35, -0.86
Accel: -0.44, 0.08, -0.86
Gyro: -2.60, -1.01, -1.64
