Accel: -0.42, 0.06, -0.88
Gyro: -2.49, 0.23, -0.27
Accel: -0.41, 0.06, -0.88
Gyro: -0.72, 0.95, -1.30
Accel: -0.40, 0.08, -0.87
Gyro: -0.07, -1.05, -1.45
Accel: -0.41, 0.07, -0.87
Gyro: 0.42, -2.02, -1.02
Accel: -0.42, 0.05, -0.89
Gyro: 2.99, -3.01, 1.06
Accel: -0.43, 0.03, -0.93
Gyro: -1.69, -0.18, 3.80
Accel: -0.41, 0.04, -0.89
Gyro: -7.07, 4.26, 2.70
Accel: -0.39, 0.08, -0.83
Gyro: -1.34, 1.27, -0.21
Accel: -0.37, 0.10, -0.85
Gyro: 4.42, -3.82, -2.18
Accel: -0.36, 0.18, -0.78
Gyro: 5.70, -9.58, -1.36
Accel: -0.36, 0.26, -0.75
Gyro: 21.97, -23.93, 4.20
Accel: -0.40, 0.29, -0.79
Gyro: 42.10, -33.00, 11.34
Accel: -0.48, 0.43, -0.76
Gyro: 73.42, -38.70, 24.53
Accel: -0.55, 0.38, -0.81
Gyro: 120.41, -35.96, 46.33
Accel: -0.60, 0.15, -0.76
Gyro: 149.59, -25.38, 60.38
Accel: -0.65, 0.07, -0.70
Gyro: 165.89, -18.08, 67.12
Accel: -0.73, -0.10, -0.80
Gyro: 183.75, -1.74, 75.98
Accel: -0.73, -0.37, -0.78
Gyro: 167.08, 21.83, 73.42
Accel: -0.71, -0.40, -0.69
Gyro: 146.61, 36.43, 62.80
Accel: -0.73, -0.43, -0.75
Gyro: 147.98, 51.06, 58.78
Accel: -0.71, -0.61, -0.78
Gyro: 127.43, 72.36, 50.24
Accel: -0.65, -0.73, -0.72
Gyro: 100.14, 86.80, 33.16
Accel: -0.60, -0.68, -0.73
Gyro: 80.39, 95.51, 13.96
Accel: -0.57, -0.64, -0.81
Gyro: 70.53, 109.48, 0.76
Accel: -0.50, -0.66, -0.77
Gyro: 55.85, 126.36, -7.03
Accel: -0.38, -0.69, -0.63
Gyro: 47.10, 132.59, -19.07
Accel: -0.31, -0.70, -0.64
Gyro: 47.29, 130.23, -34.07
Accel: -0.25, -0.70, -0.67
Gyro: 46.78, 129.58, -48.61
Accel: -0.18, -0.75, -0.71
Gyro: 36.53, 131.65, -65.38
Accel: -0.11, -0.61, -0.72
Gyro: 26.12, 133.26, -75.21
Accel: 0.00, -0.60, -0.59
Gyro: 22.53, 128.24, -70.78
Accel: 0.11, -0.70, -0.62
Gyro: 18.33, 120.04, -69.79
Accel: 0.18, -0.72, -0.65
Gyro: 6.72, 118.05, -77.55
Accel: 0.22, -0.68, -0.55
Gyro: -11.35, 120.00, -76.64
Accel: 0.33, -0.70, -0.61
Gyro: -5.88, 120.78, -77.29
Accel: 0.43, -0.64, -0.54
Gyro: -26.18, 114.11, -77.80
Accel: 0.53, -0.67, -0.46
Gyro: -24.59, 100.79, -78.24
Accel: 0.59, -0.67, -0.48
Gyro: -32.79, 88.52, -86.02
Accel: 0.62, -0.69, -0.50
Gyro: -37.79, 78.09, -95.73
Accel: 0.65, -0.62, -0.48
Gyro: -52.12, 71.60, -111.14
Accel: 0.68, -0.56, -0.48
Gyro: -53.63, 66.15, -125.37
Accel: 0.70, -0.46, -0.46
Gyro: -58.80, 63.50, -136.94
Accel: 0.76, -0.38, -0.37
Gyro: -58.36, 59.37, -149.44
Accel: 0.80, -0.20, -0.33
Gyro: -36.41, 39.63, -153.31
Accel: 0.85, -0.04, -0.37
Gyro: -48.77, 22.23, -153.47
Accel: 0.86, 0.08, -0.34
Gyro: -61.46, 13.36, -145.92
Accel: 0.87, 0.14, -0.31
Gyro: -48.38, -10.72, -143.23
Accel: 0.74, 0.24, -0.29
Gyro: 14.43, -17.20, -135.59
Accel: 0.69, 0.23, -0.47
Gyro: -53.83, -14.10, -126.81
Accel: 0.80, 0.32, -0.34
Gyro: -47.64, -23.42, -122.43
Accel: 0.76, 0.36, -0.40
Gyro: -20.55, -37.13, -117.70
Accel: 0.79, 0.40, -0.38
Gyro: -27.07, -42.09, -114.62
Accel: 0.75, 0.45, -0.37
Gyro: -19.90, -59.43, -113.39
Accel: 0.68, 0.54, -0.45
Gyro: -15.22, -73.27, -111.38
Accel: 0.66, 0.58, -0.31
Gyro: -9.23, -89.80, -104.71
Accel: 0.59, 0.55, -0.41
Gyro: 4.10, -117.39, -100.88
Accel: 0.45, 0.66, -0.57
Gyro: -2.82, -123.86, -97.67
Accel: 0.37, 0.76, -0.53
Gyro: -3.49, -127.66, -82.94
Accel: 0.31, 0.79, -0.46
Gyro: 14.31, -143.49, -66.61
Accel: 0.18, 0.80, -0.60
Gyro: 32.02, -154.67, -51.61
Accel: 0.07, 0.83, -0.69
Gyro: 52.09, -154.13, -35.99
Accel: -0.03, 0.86, -0.76
Gyro: 66.96, -147.89, -12.17
Accel: -0.11, 0.76, -0.71
Gyro: 82.24, -146.39, 14.82
Accel: -0.19, 0.59, -0.81
Gyro: 95.50, -139.50, 31.59
Accel: -0.23, 0.45, -0.86
Gyro: 93.95, -128.31, 41.50
Accel: -0.25, 0.37, -0.83
Gyro: 91.16, -115.69, 43.64
Accel: -0.29, 0.32, -0.82
Gyro: 89.29, -110.46, 45.45
Accel: -0.34, 0.25, -0.89
Gyro: 85.91, -103.07, 45.48
Accel: -0.37, 0.19, -0.92
Gyro: 74.61, -91.72, 41.04
Accel: -0.37, 0.16, -0.86
Gyro: 70.85, -83.82, 36.45
Accel: -0.41, 0.11, -0.79
Gyro: 67.28, -82.42, 31.14
Accel: -0.49, 0.05, -0.96
Gyro: 72.66, -73.38, 26.67
Accel: -0.54, 0.02, -1.08
Gyro: 49.71, -52.73, 21.96
Accel: -0.52, 0.01, -0.91
Gyro: 23.32, -37.18, 17.66
Accel: -0.54, 0.03, -0.88
Gyro: 21.97, -35.74, 12.95
Accel: -0.54, 0.03, -0.95
Gyro: 13.71, -23.58, 7.74
Accel: -0.53, 0.06, -0.90
Gyro: 5.85, -14.95, 3.44
Accel: -0.52, 0.08, -0.89
Gyro: 7.06, -10.22, 1.76
Accel: -0.49, 0.06, -0.88
Gyro: 3.97, -5.09, -1.15
Accel: -0.46, 0.09, -0.83
Gyro: 1.68, -4.05, -5.21
Accel: -0.48, 0.11, -0.86
Gyro: 3.15, -4.94, -5.02
Accel: -0.48, 0.11, -0.87
Gyro: 1.78, -2.10, -2.97
Accel: -0.47, 0.09, -0.86
Gyro: 1.73, -0.14, -2.60
Accel: -0.47, 0.09, -0.84
Gyro: 0.97, 0.47, -3.07
Accel: -0.48, 0.08, -0.84
Gyro: 0.50, -0.37, -2.68
Accel: -0.47, 0.09, -0.85
Gyro: -1.21, -1.53, -2.66
Accel: -0.47, 0.10, -0.86
Gyro: -0.21, -1.14, -2.54
Accel: -0.48, 0.10, -0.85
Gyro: -1.16, -0.37, -0.92
Accel: -0.48, 0.11, -0.85
Gyro: 0.28, 0.15, -0.37
Accel: -0.47, 0.10, -0.86
Gyro: 0.82, 0.21, 0.32
Accel: -0.47, 0.10, -0.85
Gyro: 2.08, 0.85, -0.14
Accel: -0.47, 0.10, -0.85
Gyro: 0.95, 0.37, -0.31
Accel: -0.46, 0.09, -0.85
Gyro: 1.39, 0.49, 0.36
Accel: -0.46, 0.10, -0.85
Gyro: 1.40, 0.98, 0.16
Accel: -0.45, 0.10, -0.85
Gyro: 2.03, 1.25, 0.08
Accel: -0.46, 0.09, -0.87
Gyro: 2.07, 0.82, 0.57
Accel: -0.45, 0.09, -0.87
Gyro: 0.32, 1.79, 0.37
Accel: -0.44, 0.08, -0.84
Gyro: 1.11, 1.17, 0.78
Accel: -0.45, 0.08, -0.84
Gyro: 0.96, -0.83, 0.02
Accel: -0.45, 0.08, -0.86
Gyro: -1.03, -1.21, -0.90
Accel: -0.45, 0.08, -0.86
Gyro: -2.57, -0.39, -2.47
