Accel: 0.02, 0.09, -0.96
Gyro: -1.74, -1.08, -1.30
Accel: 0.02, 0.09, -0.97
Gyro: -1.89, -0.43, -1.43
Accel: 0.01, 0.09, -0.95
Gyro: -2.10, -0.52, -1.30
Accel: 0.02, 0.09, -0.96
Gyro: -2.54, -0.71, -1.13
Accel: 0.02, 0.09, -0.96
Gyro: -2.31, -0.88, -0.98
Accel: 0.02, 0.08, -0.97
Gyro: -2.19, -0.60, -1.46
Accel: 0.01, 0.09, -0.97
Gyro: -2.36, -0.10, -1.88
Accel: 0.01, 0.09, -0.95
Gyro: -2.31, -0.16, -1.82
Accel: 0.02, 0.09, -0.96
Gyro: -2.04, -0.31, -1.58
Accel: 0.01, 0.09, -0.96
Gyro: -2.02, -0.56, -1.13
Accel: 0.02, 0.07, -0.97
Gyro: -2.33, -0.63, -2.00
Accel: 0.01, 0.07, -0.97
Gyro: -2.80, -0.66, -3.72
Accel: 0.02, 0.00, -0.96
Gyro: -3.02, -1.24, -9.02
Accel: 0.00, -0.03, -0.97
Gyro: -3.16, 0.37, -21.13
Accel: 0.00, -0.07, -0.98
Gyro: -1.50, 1.34, -37.61
Accel: -0.01, -0.10, -0.98
Gyro: 1.09, 3.17, -60.32
Accel: -0.03, -0.10, -0.98
Gyro: 5.62, 5.49, -82.63
Accel: -0.04, -0.04, -0.99
Gyro: 7.05, 7.38, -105.54
Accel: -0.05, -0.02, -0.98
Gyro: 12.38, 8.73, -116.97
Accel: -0.05, 0.03, -0.98
Gyro: 13.53, 10.89, -124.74
Accel: -0.04, 0.00, -0.96
Gyro: 12.58, 12.20, -127.56
Accel: -0.03, 0.05, -0.98
Gyro: 9.47, 13.40, -130.39
Accel: -0.03, -0.01, -0.96
Gyro: 11.67, 15.11, -132.18
Accel: -0.03, -0.03, -0.99
Gyro: 9.93, 17.50, -144.82
Accel: -0.02, 0.09, -0.95
Gyro: 16.43, 15.53, -144.10
Accel: -0.02, 0.08, -0.96
Gyro: 16.55, 15.23, -140.78
Accel: 0.00, 0.18, -0.95
Gyro: 15.27, 10.60, -126.50
Accel: 0.00, 0.12, -0.97
Gyro: 11.93, 12.99, -105.29
Accel: 0.04, 0.20, -0.95
Gyro: -1.00, 10.46, -85.69
Accel: 0.04, 0.23, -0.87
Gyro: 0.25, -0.24, -57.69
Accel: 0.03, 0.14, -1.00
Gyro: -12.89, 2.62, -41.34
Accel: 0.04, 0.14, -0.95
Gyro: -14.02, 2.53, -27.02
Accel: 0.04, 0.14, -0.97
Gyro: -11.73, 2.97, -15.28
Accel: 0.06, 0.18, -0.96
Gyro: -12.85, 2.19, -4.47
Accel: 0.06, 0.16, -0.96
Gyro: -8.18, 2.33, 8.22
Accel: 0.07, 0.14, -0.94
Gyro: -4.82, 1.22, 12.37
Accel: 0.08, 0.17, -0.94
Gyro: -3.85, -2.28, 20.49
Accel: 0.06, 0.20, -0.97
Gyro: -8.71, -6.04, 35.61
Accel: 0.07, 0.21, -0.94
Gyro: -11.96, -8.58, 52.93
Accel: 0.07, 0.24, -0.89
Gyro: -11.63, -15.94, 68.75
Accel: 0.05, 0.28, -0.90
Gyro: -9.66, -26.47, 91.69
Accel: -0.00, 0.23, -0.96
Gyro: -11.43, -31.36, 115.46
Accel: -0.04, 0.22, -0.96
Gyro: -19.68, -29.95, 132.75
Accel: -0.05, 0.18, -0.99
Gyro: -20.31, -30.16, 148.38
Accel: -0.09, 0.11, -1.00
Gyro: -15.48, -23.32, 153.28
Accel: -0.09, 0.06, -0.99
Gyro: -14.31, -19.37, 150.39
Accel: -0.08, 0.06, -0.96
Gyro: -21.46, -16.93, 145.39
Accel: -0.07, -0.04, -0.97
Gyro: -22.54, -16.62, 130.84
Accel: -0.05, -0.02, -0.96
Gyro: -21.63, -16.79, 108.84
Accel: -0.05, 0.04, -0.98
Gyro: -18.02, -16.73, 92.65
Accel: -0.05, -0.01, -0.98
Gyro: -12.70, -14.35, 76.19
Accel: -0.05, 0.00, -0.99
Gyro: -7.93, -10.64, 55.06
Accel: -0.03, 0.06, -0.98
Gyro: -3.51, -8.24, 40.32
Accel: -0.04, 0.09, -0.97
Gyro: 0.48, -7.03, 32.33
Accel: -0.03, 0.06, -0.96
Gyro: 3.33, -4.63, 24.35
Accel: -0.03, 0.08, -0.98
Gyro: 4.66, -3.91, 16.27
Accel: -0.02, 0.10, -0.97
Gyro: 3.43, -3.46, 11.86
Accel: -0.02, 0.10, -0.98
Gyro: 1.80, -1.78, 8.89
Accel: -0.02, 0.09, -0.97
Gyro: -0.10, 0.17, 5.60
Accel: -0.01, 0.10, -0.96
Gyro: 1.06, 1.14, 3.03
Accel: -0.00, 0.10, -0.95
Gyro: 0.98, 1.34, 1.14
Accel: -0.01, 0.10, -0.95
Gyro: 0.93, 0.62, -0.33
Accel: -0.00, 0.11, -0.96
Gyro: 0.60, -0.06, -1.27
Accel: -0.00, 0.10, -0.97
Gyro: 0.72, 0.39, -2.69
Accel: -0.00, 0.11, -0.96
Gyro: 0.66, 0.64, -3.67
Accel: -0.00, 0.12, -0.96
Gyro: 0.31, -0.88, -4.33
Accel: 0.00, 0.12, -0.96
Gyro: 0.63, -1.50, -3.11
Accel: -0.01, 0.12, -0.97
Gyro: 0.95, -0.69, -2.14
Accel: -0.00, 0.12, -0.96
Gyro: -0.13, -0.26, -1.74
Accel: 0.00, 0.12, -0.96
Gyro: -0.60, 0.17, -0.74
Accel: 0.00, 0.10, -0.96
Gyro: -1.21, 0.48, -0.32
Accel: -0.00, 0.10, -0.95
Gyro: -2.78, -0.09, -1.08
Accel: 0.01, 0.12, -0.94
Gyro: -3.20, -1.81, -2.13
Accel: -0.00, 0.12, -0.96
Gyro: -1.97, -2.33, -2.03
Accel: -0.01, 0.12, -0.96
Gyro: -1.43, -2.09, -2.08
Accel: -0.02, 0.11, -0.97
Gyro: -1.14, -1.33, -2.04
Accel: -0.01, 0.11, -0.97
Gyro: -0.71, -0.95, -2.15
Accel: -0.01, 0.11, -0.96
Gyro: -0.57, -0.34, -1.85
Accel: -0.01, 0.11, -0.96
Gyro: -1.16, -0.40, -1.50
Accel: -0.00, 0.10, -0.97
Gyro: -1.74, -0.54, -1.27
Accel: -0.01, 0.11, -0.96
Gyro: -1.67, 0.48, -1.24
Accel: -0.01, 0.10, -0.96
Gyro: -2.18, 0.14, -1.55
Accel: -0.01, 0.12, -0.96
Gyro: -1.96, -0.27, -1.27
Accel: -0.00, 0.11, -0.97
Gyro: -1.36, -0.10, -0.98
Accel: -0.01, 0.11, -0.97
Gyro: -0.87, 0.40, -0.99
Accel: 0.00, 0.10, -0.95
Gyro: -1.06, 0.08, -1.46
Accel: -0.00, 0.11, -0.96
Gyro: -1.49, -0.85, -1.66
Accel: -0.00, 0.11, -0.97
Gyro: -1.48, -0.25, -1.43
Accel: -0.00, 0.10, -0.96
Gyro: -1.91, 0.22, -1.40
Accel: -0.00, 0.11, -0.96
Gyro: -1.91, 0.05, -1.11
Accel: 0.00, 0.10, -0.96
Gyro: -1.69, 0.38, -1.50
Accel: -0.00, 0.10, -0.96
Gyro: -1.90, 0.10, -2.25
Accel: 0.00, 0.11, -0.96
Gyro: -2.00, -0.54, -1.98
Accel: -0.00, 0.11, -0.96
Gyro: -2.06, 0.06, -1.52
Accel: 0.00, 0.10, -0.96
Gyro: -1.85, 0.39, -1.65
Accel: -0.01, 0.11, -0.96
Gyro: -2.13, -0.47, -2.14
Accel: -0.00, 0.11, -0.96
Gyro: -1.89, -0.50, -1.69
Accel: -0.00, 0.11, -0.95
Gyro: -2.24, 0.34, -1.59
Accel: -0.00, 0.11, -0.96
Gyro: -2.14, -0.28, -1.54
Accel: 0.00, 0.11, -0.95
Gyro: -2.02, -0.16, -1.21
Accel: -0.00, 0.11, -0.97
Gyro: -1.27, 0.14, -0.95
