Accel: 0.02, 0.10, -0.96
Gyro: -2.92, -1.78, -1.81
Accel: 0.01, 0.09, -0.97
Gyro: -2.84, -1.05, -2.08
Accel: 0.02, 0.10, -0.95
Gyro: -2.58, -1.32, -2.80
Accel: 0.01, 0.10, -0.97
Gyro: -1.70, -1.56, -2.99
Accel: 0.02, 0.10, -0.98
Gyro: -1.62, -0.13, -2.82
Accel: 0.02, 0.09, -0.96
Gyro: -1.72, 0.56, -2.21
Accel: 0.03, 0.09, -0.96
Gyro: -2.46, 0.19, -1.85
Accel: 0.02, 0.10, -0.96
Gyro: -2.42, -0.39, -1.72
Accel: 0.03, 0.09, -0.96
Gyro: -2.90, -0.02, -2.12
Accel: 0.02, 0.09, -0.96
Gyro: -1.98, 0.05, -1.95
Accel: 0.03, 0.11, -0.94
Gyro: -1.96, -0.77, -1.36
Accel: 0.02, 0.11, -0.97
Gyro: -1.42, -1.01, -0.43
Accel: 0.02, 0.08, -0.96
Gyro: -1.59, -0.56, 0.01
Accel: 0.02, 0.09, -0.97
Gyro: -2.20, -0.63, -0.52
Accel: 0.02, 0.08, -0.96
Gyro: -2.10, -0.56, -1.00
Accel: 0.03, 0.08, -0.96
Gyro: -2.69, -0.62, -1.83
Accel: 0.02, 0.10, -0.96
Gyro: -2.82, -0.98, -2.16
Accel: 0.03, 0.09, -0.95
Gyro: -2.72, -0.99, -1.85
Accel: 0.03, 0.09, -0.95
Gyro: -3.17, -1.71, -2.30
Accel: 0.02, 0.08, -0.96
Gyro: -3.46, -2.21, -3.26
Accel: 0.02, 0.03, -0.96
Gyro: -4.38, -2.08, -7.15
Accel: 0.01, 0.01, -0.97
Gyro: -5.06, -1.75, -16.62
Accel: 0.01, -0.03, -0.96
Gyro: -2.69, -0.80, -29.68
Accel: 0.00, -0.04, -0.98
Gyro: 2.36, 0.02, -49.00
Accel: -0.01, -0.07, -0.99
Gyro: 5.66, 1.30, -67.51
Accel: -0.04, -0.23, -1.00
Gyro: 7.29, 4.75, -97.93
Accel: -0.09, -0.22, -1.00
Gyro: 10.41, 11.14, -135.12
Accel: -0.14, -0.36, -1.01
Gyro: 20.58, 16.24, -179.02
Accel: -0.22, -0.24, -1.07
Gyro: 18.78, 25.18, -234.64
Accel: -0.21, 0.05, -0.98
Gyro: 28.79, 28.44, -250.00
Accel: -0.20, 0.16, -0.98
Gyro: 32.98, 28.43, -246.57
Accel: -0.17, 0.19, -0.99
Gyro: 32.65, 31.01, -231.15
Accel: -0.08, 0.42, -0.95
Gyro: 22.80, 30.82, -192.96
Accel: 0.01, 0.41, -0.96
Gyro: 13.72, 27.70, -141.36
Accel: 0.10, 0.50, -0.82
Gyro: 4.05, 18.03, -84.14
Accel: 0.11, 0.31, -0.89
Gyro: -0.67, 1.08, -32.75
Accel: 0.10, 0.20, -0.92
Gyro: -10.44, -7.63, -4.10
Accel: 0.07, 0.17, -0.98
Gyro: -20.96, -13.08, 16.13
Accel: 0.06, 0.19, -0.94
Gyro: -27.79, -13.05, 34.19
Accel: 0.08, 0.18, -0.94
Gyro: -20.10, -13.35, 45.38
Accel: 0.08, 0.32, -0.91
Gyro: -15.50, -18.88, 64.49
Accel: 0.05, 0.33, -0.93
Gyro: -17.93, -24.99, 96.39
Accel: -0.00, 0.31, -0.93
Gyro: -22.05, -29.18, 125.57
Accel: -0.05, 0.25, -1.01
Gyro: -21.13, -30.30, 152.55
Accel: -0.10, 0.19, -1.02
Gyro: -25.90, -26.25, 168.65
Accel: -0.13, 0.15, -1.02
Gyro: -24.41, -18.09, 177.99
Accel: -0.13, 0.09, -1.12
Gyro: -30.88, -12.63, 182.69
Accel: -0.10, 0.06, -1.02
Gyro: -48.95, -3.00, 174.90
Accel: -0.07, 0.04, -0.98
Gyro: -40.66, -4.58, 164.62
Accel: -0.04, -0.01, -0.93
Gyro: -36.33, -5.74, 141.04
Accel: 0.01, 0.04, -0.94
Gyro: -28.28, -8.54, 116.77
Accel: 0.02, 0.10, -0.95
Gyro: -17.72, -7.57, 100.94
Accel: 0.04, 0.02, -0.93
Gyro: -5.08, -7.72, 82.48
Accel: 0.05, 0.00, -0.91
Gyro: 2.53, -9.76, 57.79
Accel: 0.06, 0.04, -0.94
Gyro: 4.38, -11.30, 37.97
Accel: 0.05, 0.06, -0.95
Gyro: 6.55, -11.83, 23.67
Accel: 0.05, 0.07, -0.96
Gyro: 10.86, -12.15, 12.85
Accel: 0.04, 0.08, -0.96
Gyro: 9.96, -11.96, 3.85
Accel: 0.03, 0.08, -0.98
Gyro: 6.84, -9.97, -2.87
Accel: 0.03, 0.10, -0.99
Gyro: 6.09, -6.80, -6.72
Accel: 0.03, 0.11, -0.97
Gyro: 5.04, -3.97, -9.05
Accel: 0.02, 0.12, -0.98
Gyro: 6.90, -1.99, -8.71
Accel: 0.03, 0.11, -0.97
Gyro: 5.91, -0.41, -8.53
Accel: 0.02, 0.12, -0.97
Gyro: 5.26, -0.04, -8.07
Accel: 0.04, 0.11, -0.97
Gyro: 3.01, 0.49, -6.59
Accel: 0.03, 0.11, -0.97
Gyro: 1.01, 1.74, -4.81
Accel: 0.03, 0.12, -0.97
Gyro: -1.28, 2.51, -3.48
Accel: 0.04, 0.11, -0.98
Gyro: -2.29, 3.08, -2.40
Accel: 0.04, 0.12, -0.94
Gyro: -1.78, 2.62, -2.01
Accel: 0.05, 0.11, -0.94
Gyro: -0.61, 0.41, -1.65
Accel: 0.04, 0.11, -0.95
Gyro: -0.49, -1.81, -1.34
Accel: 0.03, 0.11, -0.97
Gyro: -0.66, -2.19, -1.52
Accel: 0.04, 0.11, -0.96
Gyro: -1.80, -1.08, -1.82
Accel: 0.05, 0.11, -0.95
Gyro: -3.24, -0.72, -2.41
Accel: 0.04, 0.11, -0.94
Gyro: -3.69, -1.37, -2.72
Accel: 0.04, 0.12, -0.97
Gyro: -2.94, -1.79, -2.77
Accel: 0.04, 0.12, -0.97
Gyro: -2.50, -0.77, -2.81
Accel: 0.05, 0.12, -0.96
Gyro: -2.17, -0.67, -3.30
Accel: 0.04, 0.12, -0.97
Gyro: -1.42, -0.53, -2.97
Accel: 0.05, 0.11, -0.96
Gyro: -0.90, 0.59, -3.07
Accel: 0.05, 0.11, -0.95
Gyro: -0.46, 1.47, -3.12
Accel: 0.05, 0.10, -0.95
Gyro: -0.97, -0.08, -3.77
Accel: 0.05, 0.12, -0.95
Gyro: -1.14, -1.00, -3.46
Accel: 0.05, 0.11, -0.96
Gyro: -0.90, -0.70, -2.74
Accel: 0.04, 0.12, -0.95
Gyro: -1.46, -0.16, -2.47
Accel: 0.04, 0.12, -0.97
Gyro: -1.17, -0.49, -2.09
Accel: 0.04, 0.11, -0.95
Gyro: -0.84, 0.07, -2.10
Accel: 0.04, 0.11, -0.95
Gyro: -1.29, -0.49, -2.07
Accel: 0.04, 0.11, -0.96
Gyro: -1.30, -1.30, -1.86
Accel: 0.04, 0.11, -0.96
Gyro: -0.91, -0.66, -1.43
Accel: 0.04, 0.10, -0.96
Gyro: -1.39, -0.21, -1.53
Accel: 0.04, 0.10, -0.95
Gyro: -2.08, -0.52, -2.01
Accel: 0.03, 0.11, -0.96
Gyro: -1.89, -0.74, -1.72
Accel: 0.04, 0.11, -0.96
Gyro: -1.97, -0.31, -1.99
Accel: 0.04, 0.10, -0.97
Gyro: -2.57, -0.04, -2.58
Accel: 0.05, 0.11, -0.96
Gyro: -2.27, 0.47, -2.94
Accel: 0.05, 0.11, -0.95
Gyro: -1.78, 0.69, -3.23
Accel: 0.05, 0.11, -0.95
Gyro: -1.78, 0.27, -3.04
Accel: 0.05, 0.11, -0.96
Gyro: -1.94, -0.50, -2.52
Accel: 0.05, 0.12, -0.96
Gyro: -1.75, -0.99, -1.83
Accel: 0.05, 0.11, -0.95
Gyro: -2.24, -1.10, -1.50
