Accel: 0.05, 0.08, -0.96
Gyro: -2.24, -0.15, -1.77
Accel: 0.05, 0.09, -0.97
Gyro: -2.23, -0.21, -1.82
Accel: 0.05, 0.08, -0.96
Gyro: -2.13, -0.22, -1.78
Accel: 0.05, 0.08, -0.96
Gyro: -2.35, -0.05, -1.92
Accel: 0.06, 0.09, -0.96
Gyro: -2.11, 0.04, -2.30
Accel: 0.05, 0.09, -0.97
Gyro: -1.85, -0.34, -2.05
Accel: 0.06, 0.09, -0.97
Gyro: -1.89, -0.27, -1.75
Accel: 0.05, 0.09, -0.96
Gyro: -1.97, -0.27, -1.63
Accel: 0.05, 0.08, -0.95
Gyro: -2.25, -0.35, -1.95
Accel: 0.05, 0.10, -0.96
Gyro: -2.42, -0.86, -2.02
Accel: 0.05, 0.09, -0.96
Gyro: -2.40, -0.45, -2.11
Accel: 0.05, 0.08, -0.96
Gyro: -1.86, -0.14, -2.42
Accel: 0.05, 0.08, -0.95
Gyro: -2.07, -0.89, -3.29
Accel: 0.05, 0.08, -0.97
Gyro: -1.97, -1.19, -4.17
Accel: 0.05, 0.06, -0.96
Gyro: -2.29, -0.83, -5.93
Accel: 0.05, 0.05, -0.96
Gyro: -2.63, -0.11, -9.79
Accel: 0.05, 0.05, -0.96
Gyro: -2.40, 0.55, -15.12
Accel: 0.04, 0.04, -0.98
Gyro: -1.23, 0.98, -21.16
Accel: 0.04, -0.01, -0.98
Gyro: 0.13, 1.95, -30.23
Accel: 0.04, 0.01, -0.97
Gyro: 2.06, 3.56, -41.87
Accel: 0.05, 0.01, -0.96
Gyro: 5.04, 4.17, -52.40
Accel: 0.04, -0.01, -0.98
Gyro: 8.74, 6.57, -64.13
Accel: 0.02, 0.01, -0.97
Gyro: 12.44, 7.52, -75.12
Accel: 0.03, 0.01, -0.97
Gyro: 14.32, 7.81, -84.11
Accel: 0.03, 0.04, -0.98
Gyro: 14.87, 9.10, -90.10
Accel: 0.03, 0.04, -0.97
Gyro: 15.43, 8.90, -91.31
Accel: 0.04, 0.00, -0.96
Gyro: 14.48, 9.87, -95.76
Accel: 0.04, 0.03, -0.97
Gyro: 11.29, 10.49, -98.53
Accel: 0.05, 0.03, -0.96
Gyro: 12.50, 9.96, -97.72
Accel: 0.05, 0.05, -0.95
Gyro: 8.46, 9.61, -96.33
Accel: 0.05, 0.06, -0.96
Gyro: 8.16, 10.31, -93.73
Accel: 0.05, 0.07, -0.98
Gyro: 6.06, 12.13, -89.55
Accel: 0.06, 0.10, -0.98
Gyro: 5.97, 12.95, -81.20
Accel: 0.08, 0.14, -0.96
Gyro: 3.67, 12.11, -73.47
Accel: 0.08, 0.14, -0.95
Gyro: 0.98, 10.13, -59.34
Accel: 0.11, 0.14, -0.95
Gyro: -1.89, 8.52, -46.77
Accel: 0.11, 0.15, -0.92
Gyro: -4.44, 2.39, -32.35
Accel: 0.10, 0.09, -0.93
Gyro: -4.09, 0.37, -23.22
Accel: 0.10, 0.13, -0.94
Gyro: -7.24, -0.77, -16.74
Accel: 0.11, 0.12, -0.94
Gyro: -7.62, -0.72, -10.57
Accel: 0.11, 0.12, -0.95
Gyro: -6.19, -2.75, -4.83
Accel: 0.10, 0.12, -0.97
Gyro: -6.31, -2.39, 1.25
Accel: 0.10, 0.08, -0.97
Gyro: -5.70, -2.14, 3.33
Accel: 0.10, 0.10, -0.96
Gyro: -3.04, -1.63, 3.61
Accel: 0.10, 0.12, -0.96
Gyro: -3.65, -2.60, 7.52
Accel: 0.10, 0.11, -0.97
Gyro: -6.00, -3.22, 13.31
Accel: 0.10, 0.13, -0.95
Gyro: -7.48, -3.32, 19.42
Accel: 0.10, 0.19, -0.95
Gyro: -10.64, -6.39, 30.58
Accel: 0.09, 0.26, -0.93
Gyro: -13.74, -10.25, 51.73
Accel: 0.08, 0.21, -0.94
Gyro: -15.13, -13.04, 69.15
Accel: 0.07, 0.21, -0.92
Gyro: -9.25, -18.43, 84.63
Accel: 0.05, 0.15, -0.94
Gyro: -13.66, -21.10, 95.22
Accel: 0.04, 0.09, -0.98
Gyro: -15.01, -20.55, 98.92
Accel: 0.02, 0.06, -1.00
Gyro: -14.66, -16.11, 97.78
Accel: 0.03, -0.00, -0.98
Gyro: -8.81, -9.98, 90.30
Accel: 0.04, -0.01, -0.98
Gyro: -15.17, -8.66, 77.81
Accel: 0.04, 0.06, -0.95
Gyro: -13.53, -9.76, 70.48
Accel: 0.04, 0.08, -0.94
Gyro: -11.07, -11.75, 68.71
Accel: 0.04, 0.10, -0.97
Gyro: -11.05, -11.35, 68.99
Accel: 0.04, 0.09, -0.98
Gyro: -12.05, -10.19, 69.48
Accel: 0.03, 0.09, -0.98
Gyro: -12.95, -8.96, 70.68
Accel: 0.03, 0.07, -0.98
Gyro: -11.70, -8.20, 68.93
Accel: 0.04, 0.04, -0.96
Gyro: -12.13, -7.00, 61.30
Accel: 0.03, 0.06, -0.96
Gyro: -10.20, -8.00, 54.18
Accel: 0.03, 0.03, -0.97
Gyro: -6.11, -6.90, 44.72
Accel: 0.04, 0.00, -0.98
Gyro: -1.93, -4.35, 30.85
Accel: 0.04, 0.03, -0.97
Gyro: 0.50, -4.02, 18.39
Accel: 0.04, 0.04, -0.97
Gyro: 2.54, -4.07, 9.48
Accel: 0.05, 0.06, -0.97
Gyro: 3.21, -3.34, 3.99
Accel: 0.05, 0.08, -0.97
Gyro: 2.31, -2.62, 1.51
Accel: 0.05, 0.08, -0.97
Gyro: 0.39, -1.98, 0.76
Accel: 0.04, 0.10, -0.97
Gyro: -1.08, -1.05, 0.95
Accel: 0.05, 0.09, -0.98
Gyro: -1.27, -0.23, 0.45
Accel: 0.05, 0.09, -0.96
Gyro: -2.25, 0.75, -0.57
Accel: 0.05, 0.09, -0.96
Gyro: -1.91, 0.99, -1.43
Accel: 0.06, 0.10, -0.96
Gyro: -1.87, 0.17, -1.95
Accel: 0.05, 0.10, -0.95
Gyro: -1.95, -0.34, -2.40
Accel: 0.05, 0.10, -0.96
Gyro: -1.49, -0.69, -2.71
Accel: 0.05, 0.10, -0.95
Gyro: -1.80, -0.66, -2.65
Accel: 0.05, 0.11, -0.96
Gyro: -1.86, -1.05, -2.06
Accel: 0.05, 0.11, -0.97
Gyro: -1.24, -0.87, -1.16
Accel: 0.05, 0.09, -0.97
Gyro: -0.95, -0.52, -0.72
Accel: 0.05, 0.09, -0.97
Gyro: -1.40, -0.91, -0.55
Accel: 0.05, 0.10, -0.97
Gyro: -1.68, -0.35, -0.54
Accel: 0.05, 0.09, -0.96
Gyro: -1.84, 0.50, -0.86
Accel: 0.05, 0.09, -0.96
Gyro: -2.55, 0.88, -1.62
Accel: 0.05, 0.10, -0.97
Gyro: -2.29, 0.11, -1.45
Accel: 0.05, 0.09, -0.97
Gyro: -1.92, 0.44, -1.59
Accel: 0.05, 0.09, -0.96
Gyro: -1.95, 0.69, -1.75
Accel: 0.05, 0.09, -0.95
Gyro: -1.97, 0.46, -2.56
Accel: 0.05, 0.10, -0.96
Gyro: -2.00, -0.29, -2.70
Accel: 0.05, 0.10, -0.97
Gyro: -2.09, 0.09, -2.14
Accel: 0.06, 0.09, -0.95
Gyro: -2.42, 0.37, -2.19
Accel: 0.06, 0.10, -0.95
Gyro: -2.53, -0.49, -2.42
Accel: 0.06, 0.10, -0.97
Gyro: -2.49, -0.50, -2.16
Accel: 0.05, 0.09, -0.96
Gyro: -2.40, -0.29, -1.98
Accel: 0.06, 0.10, -0.96
Gyro: -2.56, -0.15, -1.86
Accel: 0.05, 0.10, -0.96
Gyro: -2.23, -0.76, -1.80
Accel: 0.05, 0.09, -0.96
Gyro: -1.82, -0.60, -1.69
Accel: 0.05, 0.10, -0.96
Gyro: -1.92, -0.34, -1.85
Accel: 0.06, 0.10, -0.95
Gyro: -2.17, -0.83, -1.85
