Accel: 0.04, 0.10, -0.96
Gyro: -1.48, -0.11, -1.95
Accel: 0.04, 0.09, -0.96
Gyro: -1.99, 0.10, -1.88
Accel: 0.04, 0.09, -0.97
Gyro: -2.74, 0.01, -2.11
Accel: 0.03, 0.10, -0.96
Gyro: -2.33, -0.55, -1.94
Accel: 0.04, 0.10, -0.96
Gyro: -2.04, -0.43, -1.69
Accel: 0.03, 0.10, -0.96
Gyro: -1.99, -0.17, -1.81
Accel: 0.04, 0.10, -0.96
Gyro: -1.98, -0.53, -1.75
Accel: 0.04, 0.09, -0.96
Gyro: -1.92, -0.47, -1.79
Accel: 0.04, 0.09, -0.96
Gyro: -1.99, -0.72, -1.90
Accel: 0.04, 0.10, -0.97
Gyro: -2.40, -1.03, -1.91
Accel: 0.04, 0.10, -0.96
Gyro: -2.15, -0.81, -1.84
Accel: 0.03, 0.10, -0.96
Gyro: -1.98, -0.50, -1.92
Accel: 0.03, 0.09, -0.96
Gyro: -2.00, -0.45, -2.04
Accel: 0.04, 0.09, -0.96
Gyro: -2.23, -0.41, -3.01
Accel: 0.03, 0.07, -0.96
Gyro: -2.82, -0.23, -5.02
Accel: 0.04, 0.08, -0.97
Gyro: -2.53, 0.13, -7.17
Accel: 0.04, 0.08, -0.96
Gyro: -2.43, 0.14, -9.52
Accel: 0.03, 0.07, -0.95
Gyro: -2.45, 0.10, -12.20
Accel: 0.04, 0.06, -0.97
Gyro: -2.04, 0.58, -16.70
Accel: 0.03, 0.06, -0.96
Gyro: -1.21, 0.47, -20.68
Accel: 0.03, 0.01, -0.97
Gyro: -0.73, 0.58, -27.49
Accel: 0.03, 0.00, -0.97
Gyro: 0.41, 2.03, -39.48
Accel: 0.03, 0.00, -0.95
Gyro: 2.54, 1.57, -50.89
Accel: 0.02, -0.06, -0.95
Gyro: 5.77, 1.59, -66.94
Accel: 0.01, -0.05, -0.96
Gyro: 8.16, 1.43, -85.42
Accel: -0.01, -0.03, -0.98
Gyro: 11.25, 2.33, -100.65
Accel: -0.03, -0.00, -0.98
Gyro: 12.72, 4.59, -112.61
Accel: -0.04, 0.02, -1.00
Gyro: 14.52, 6.84, -120.35
Accel: -0.04, 0.01, -0.99
Gyro: 15.17, 10.69, -125.76
Accel: -0.04, -0.03, -0.99
Gyro: 14.63, 14.37, -131.92
Accel: -0.04, -0.01, -0.98
Gyro: 10.62, 18.25, -139.53
Accel: -0.05, 0.03, -0.98
Gyro: 12.15, 20.52, -141.94
Accel: -0.05, 0.13, -1.06
Gyro: 18.97, 24.35, -138.52
Accel: -0.02, 0.19, -1.02
Gyro: 19.26, 32.19, -127.99
Accel: 0.04, 0.26, -0.89
Gyro: 12.46, 34.91, -105.94
Accel: 0.11, 0.30, -0.80
Gyro: 9.44, 20.61, -69.92
Accel: 0.13, 0.22, -0.87
Gyro: -2.77, 6.25, -36.55
Accel: 0.13, 0.15, -0.90
Gyro: -7.02, -5.05, -17.88
Accel: 0.10, 0.10, -0.96
Gyro: -13.00, -10.26, -7.26
Accel: 0.08, 0.09, -0.99
Gyro: -10.96, -9.67, -0.56
Accel: 0.08, 0.08, -0.98
Gyro: -10.25, -7.52, -0.72
Accel: 0.07, 0.07, -0.98
Gyro: -9.07, -6.00, 1.27
Accel: 0.08, 0.08, -0.98
Gyro: -6.45, -2.43, 1.09
Accel: 0.08, 0.09, -0.96
Gyro: -3.87, -3.09, 2.94
Accel: 0.07, 0.07, -0.97
Gyro: -4.54, -2.77, 4.84
Accel: 0.07, 0.08, -0.97
Gyro: -4.51, -1.82, 4.84
Accel: 0.07, 0.11, -0.97
Gyro: -4.24, -2.33, 8.03
Accel: 0.07, 0.15, -0.99
Gyro: -5.73, -1.72, 14.99
Accel: 0.08, 0.18, -0.95
Gyro: -7.13, -2.43, 26.10
Accel: 0.07, 0.24, -0.92
Gyro: -9.33, -6.00, 44.09
Accel: 0.06, 0.21, -0.95
Gyro: -15.06, -11.24, 63.78
Accel: 0.06, 0.21, -0.95
Gyro: -16.36, -13.66, 82.98
Accel: 0.03, 0.23, -0.95
Gyro: -15.40, -16.76, 102.33
Accel: 0.02, 0.20, -0.96
Gyro: -16.80, -20.07, 119.23
Accel: -0.00, 0.17, -0.95
Gyro: -17.39, -21.39, 130.29
Accel: -0.03, 0.16, -0.94
Gyro: -12.93, -22.32, 139.98
Accel: -0.04, 0.11, -0.98
Gyro: -11.04, -20.82, 142.85
Accel: -0.04, 0.02, -1.01
Gyro: -16.43, -17.84, 140.47
Accel: -0.02, 0.02, -0.98
Gyro: -26.27, -14.92, 128.17
Accel: -0.01, 0.06, -0.97
Gyro: -26.08, -14.38, 121.73
Accel: -0.02, 0.01, -0.97
Gyro: -24.31, -13.96, 112.38
Accel: -0.01, 0.01, -0.98
Gyro: -22.95, -11.74, 96.50
Accel: 0.01, 0.05, -0.98
Gyro: -18.75, -11.41, 85.04
Accel: 0.01, 0.04, -0.98
Gyro: -13.39, -9.79, 74.01
Accel: 0.01, 0.05, -0.96
Gyro: -9.25, -8.69, 61.24
Accel: 0.01, 0.06, -0.96
Gyro: -5.09, -7.79, 49.28
Accel: 0.02, 0.05, -0.97
Gyro: -1.56, -7.15, 38.11
Accel: 0.02, 0.04, -0.98
Gyro: -1.73, -5.47, 25.13
Accel: 0.02, 0.06, -0.98
Gyro: -0.27, -4.40, 12.89
Accel: 0.02, 0.07, -0.96
Gyro: 2.59, -4.08, 3.67
Accel: 0.02, 0.08, -0.96
Gyro: 4.62, -3.53, -3.73
Accel: 0.02, 0.09, -0.96
Gyro: 5.25, -2.16, -8.12
Accel: 0.02, 0.12, -0.96
Gyro: 5.95, -1.63, -9.62
Accel: 0.02, 0.12, -0.97
Gyro: 5.03, -0.84, -9.40
Accel: 0.02, 0.13, -0.97
Gyro: 3.63, 0.17, -8.79
Accel: 0.02, 0.13, -0.95
Gyro: 2.05, 0.08, -7.30
Accel: 0.03, 0.12, -0.97
Gyro: 1.27, 0.28, -5.05
Accel: 0.03, 0.12, -0.97
Gyro: 0.53, 1.12, -3.89
Accel: 0.03, 0.11, -0.95
Gyro: 0.60, 1.47, -3.40
Accel: 0.03, 0.10, -0.95
Gyro: 0.79, 1.20, -3.09
Accel: 0.03, 0.11, -0.97
Gyro: 0.60, 1.17, -2.89
Accel: 0.04, 0.11, -0.96
Gyro: -0.18, 1.23, -3.22
Accel: 0.04, 0.11, -0.96
Gyro: -0.40, 0.85, -3.75
Accel: 0.04, 0.11, -0.96
Gyro: -0.08, 0.53, -4.04
Accel: 0.04, 0.10, -0.95
Gyro: -0.06, -0.09, -4.20
Accel: 0.03, 0.11, -0.96
Gyro: -0.53, -0.79, -4.41
Accel: 0.03, 0.11, -0.96
Gyro: -0.49, -1.05, -3.68
Accel: 0.03, 0.10, -0.96
Gyro: -0.96, -0.40, -3.05
Accel: 0.04, 0.10, -0.97
Gyro: -1.69, -0.27, -3.10
Accel: 0.04, 0.11, -0.96
Gyro: -1.87, -0.66, -2.73
Accel: 0.04, 0.10, -0.96
Gyro: -1.63, -0.59, -2.44
Accel: 0.03, 0.10, -0.96
Gyro: -1.56, -0.28, -2.54
Accel: 0.04, 0.10, -0.96
Gyro: -1.74, -0.34, -2.67
Accel: 0.03, 0.11, -0.96
Gyro: -0.96, -0.25, -2.10
Accel: 0.03, 0.10, -0.97
Gyro: -1.19, 0.25, -2.30
Accel: 0.03, 0.10, -0.97
Gyro: -1.54, 0.21, -2.16
Accel: 0.04, 0.10, -0.96
Gyro: -1.56, -0.19, -2.16
Accel: 0.03, 0.10, -0.96
Gyro: -1.65, -0.42, -2.09
Accel: 0.03, 0.10, -0.97
Gyro: -1.53, -0.21, -2.01
Accel: 0.04, 0.10, -0.96
Gyro: -1.84, -0.19, -2.18
Accel: 0.04, 0.10, -0.95
Gyro: -2.03, -0.25, -2.23
