Accel: 0.05, 0.12, -0.96
Gyro: -2.48, -1.86, -1.21
Accel: 0.04, 0.11, -0.96
Gyro: -2.27, -1.39, -1.01
Accel: 0.04, 0.11, -0.96
Gyro: -2.18, -0.87, -1.02
Accel: 0.04, 0.11, -0.97
Gyro: -1.85, -1.38, -1.17
Accel: 0.04, 0.11, -0.96
Gyro: -1.34, -0.50, -0.99
Accel: 0.04, 0.11, -0.96
Gyro: -1.69, -0.53, -0.82
Accel: 0.04, 0.10, -0.95
Gyro: -2.56, -1.21, -0.99
Accel: 0.04, 0.10, -0.95
Gyro: -3.04, -1.34, -1.63
Accel: 0.05, 0.11, -0.95
Gyro: -2.18, -1.10, -2.05
Accel: 0.04, 0.11, -0.96
Gyro: -2.19, -1.59, -2.15
Accel: 0.04, 0.12, -0.96
Gyro: -2.32, -1.57, -1.53
Accel: 0.03, 0.12, -0.97
Gyro: -1.90, -1.15, -0.41
Accel: 0.04, 0.11, -0.96
Gyro: -2.01, -0.20, -0.79
Accel: 0.05, 0.11, -0.96
Gyro: -2.11, -0.41, -1.24
Accel: 0.04, 0.11, -0.96
Gyro: -1.81, -0.93, -1.21
Accel: 0.05, 0.10, -0.95
Gyro: -2.26, -1.05, -1.14
Accel: 0.04, 0.09, -0.96
Gyro: -3.47, -1.82, -1.37
Accel: 0.04, 0.11, -0.95
Gyro: -3.43, -2.60, -2.17
Accel: 0.04, 0.09, -0.96
Gyro: -3.21, -2.61, -3.86
Accel: 0.04, 0.07, -0.96
Gyro: -3.45, -3.12, -6.79
Accel: 0.03, -0.00, -0.95
Gyro: -3.78, -3.57, -14.24
Accel: 0.03, -0.06, -0.96
Gyro: -3.11, -3.65, -32.07
Accel: 0.01, -0.10, -0.97
Gyro: 1.75, -3.15, -54.95
Accel: -0.00, -0.17, -0.98
Gyro: 5.78, -1.63, -87.02
Accel: -0.04, -0.14, -0.95
Gyro: 12.88, -0.57, -127.40
Accel: -0.02, 0.15, -0.87
Gyro: 21.89, -8.28, -138.90
Accel: -0.08, -0.03, -1.00
Gyro: 34.16, -15.21, -146.39
Accel: -0.11, -0.04, -1.06
Gyro: 33.21, -6.61, -155.46
Accel: -0.16, -0.19, -1.12
Gyro: 29.75, 8.78, -173.21
Accel: -0.19, -0.16, -1.13
Gyro: 28.72, 26.47, -194.72
Accel: -0.22, -0.14, -1.10
Gyro: 29.85, 41.89, -225.34
Accel: -0.18, 0.26, -0.97
Gyro: 37.14, 41.18, -224.01
Accel: -0.08, 0.30, -1.08
Gyro: 50.18, 45.88, -178.41
Accel: 0.08, 0.35, -0.85
Gyro: 6.07, 43.33, -118.80
Accel: 0.15, 0.18, -0.72
Gyro: -10.71, 14.37, -60.64
Accel: 0.14, 0.01, -0.87
Gyro: -21.55, -3.29, -49.84
Accel: 0.08, 0.12, -1.00
Gyro: -17.74, -8.25, -40.83
Accel: 0.09, 0.15, -0.96
Gyro: -7.84, -9.56, -27.02
Accel: 0.07, 0.22, -0.98
Gyro: -22.15, -12.87, -0.82
Accel: 0.07, 0.09, -1.00
Gyro: -22.13, -6.40, 15.69
Accel: 0.08, 0.08, -0.93
Gyro: -17.36, -7.16, 17.16
Accel: 0.08, 0.15, -0.97
Gyro: -17.14, -7.25, 28.87
Accel: 0.09, 0.18, -0.93
Gyro: -20.64, -8.53, 45.20
Accel: 0.09, 0.30, -0.88
Gyro: -23.92, -18.42, 68.37
Accel: 0.04, 0.40, -0.92
Gyro: -19.58, -30.65, 106.92
Accel: -0.04, 0.35, -0.99
Gyro: -21.98, -31.40, 143.68
Accel: -0.09, 0.30, -1.00
Gyro: -32.05, -31.60, 171.47
Accel: -0.12, 0.24, -1.02
Gyro: -39.73, -31.34, 192.26
Accel: -0.11, 0.16, -0.97
Gyro: -27.05, -25.02, 200.32
Accel: -0.15, 0.09, -1.01
Gyro: -26.85, -25.58, 199.60
Accel: -0.12, 0.02, -0.99
Gyro: -36.37, -20.81, 188.99
Accel: -0.08, -0.01, -0.96
Gyro: -37.71, -20.36, 172.42
Accel: -0.06, -0.15, -0.95
Gyro: -24.02, -20.06, 138.20
Accel: -0.02, -0.09, -1.00
Gyro: -13.18, -17.49, 93.30
Accel: -0.02, 0.03, -0.99
Gyro: -4.94, -13.90, 67.74
Accel: -0.02, 0.04, -0.97
Gyro: 2.23, -11.86, 52.20
Accel: -0.01, 0.03, -0.96
Gyro: 6.87, -10.46, 36.16
Accel: -0.01, 0.04, -0.98
Gyro: 7.24, -8.09, 22.56
Accel: -0.01, 0.07, -0.96
Gyro: 7.34, -6.84, 12.21
Accel: -0.01, 0.06, -0.98
Gyro: 8.47, -4.97, 3.33
Accel: -0.01, 0.07, -0.96
Gyro: 6.02, -4.02, -4.06
Accel: -0.01, 0.09, -0.97
Gyro: 5.45, -3.52, -8.59
Accel: -0.02, 0.10, -0.97
Gyro: 4.65, -1.65, -10.43
Accel: -0.00, 0.11, -0.97
Gyro: 4.85, -0.35, -9.77
Accel: -0.00, 0.12, -0.97
Gyro: 4.16, 0.15, -8.94
Accel: -0.00, 0.11, -0.96
Gyro: 3.51, 0.72, -6.78
Accel: 0.00, 0.11, -0.95
Gyro: 2.21, 0.56, -5.67
Accel: -0.00, 0.11, -0.97
Gyro: 2.03, 0.27, -4.21
Accel: 0.00, 0.10, -0.95
Gyro: 3.07, 0.67, -4.28
Accel: -0.00, 0.09, -0.96
Gyro: 1.77, 0.50, -5.09
Accel: -0.00, 0.11, -0.98
Gyro: 1.09, 0.37, -4.87
Accel: 0.00, 0.12, -0.97
Gyro: 1.09, 1.21, -2.73
Accel: 0.01, 0.10, -0.96
Gyro: -0.69, 1.40, -1.29
Accel: 0.00, 0.09, -0.96
Gyro: -2.55, 1.02, -1.14
Accel: 0.01, 0.10, -0.96
Gyro: -3.00, 0.85, -1.25
Accel: 0.01, 0.10, -0.96
Gyro: -3.78, 1.03, -1.80
Accel: 0.01, 0.11, -0.96
Gyro: -4.26, 1.05, -1.88
Accel: 0.01, 0.11, -0.96
Gyro: -3.52, 1.11, -1.68
Accel: 0.02, 0.11, -0.96
Gyro: -2.75, 0.76, -1.66
Accel: 0.02, 0.11, -0.95
Gyro: -2.56, -0.16, -1.95
Accel: 0.01, 0.11, -0.96
Gyro: -1.93, -0.34, -1.85
Accel: 0.01, 0.11, -0.96
Gyro: -1.63, -0.03, -1.66
Accel: 0.02, 0.10, -0.96
Gyro: -1.64, -0.05, -1.71
Accel: 0.01, 0.11, -0.97
Gyro: -1.56, -0.50, -1.69
Accel: 0.01, 0.10, -0.96
Gyro: -0.75, -0.37, -1.53
Accel: 0.02, 0.10, -0.96
Gyro: -0.92, -0.58, -1.72
Accel: 0.01, 0.10, -0.96
Gyro: -1.24, -0.43, -1.73
Accel: 0.01, 0.10, -0.96
Gyro: -1.31, -0.21, -1.91
Accel: 0.01, 0.10, -0.96
Gyro: -1.73, -0.13, -1.88
Accel: 0.02, 0.10, -0.95
Gyro: -2.50, -0.82, -2.16
Accel: 0.01, 0.11, -0.96
Gyro: -2.40, -1.11, -1.93
Accel: 0.01, 0.11, -0.95
Gyro: -1.85, -0.72, -1.71
Accel: 0.02, 0.10, -0.96
Gyro: -2.51, -0.84, -2.05
Accel: 0.02, 0.11, -0.97
Gyro: -2.18, -1.06, -2.01
Accel: 0.01, 0.11, -0.96
Gyro: -1.37, -0.80, -1.65
Accel: 0.01, 0.10, -0.95
Gyro: -1.78, -1.21, -1.40
Accel: 0.00, 0.11, -0.96
Gyro: -2.62, -1.80, -1.75
Accel: 0.00, 0.11, -0.97
Gyro: -1.56, -1.40, -1.27
Accel: 0.01, 0.09, -0.96
Gyro: -1.32, -0.54, -1.36
Accel: 0.01, 0.11, -0.97
Gyro: -1.45, -0.48, -1.49
Accel: 0.01, 0.10, -0.96
Gyro: -0.98, -0.32, -0.91
