Accel: 0.06, 0.10, -0.96
Gyro: -2.42, -1.48, -2.24
Accel: 0.05, 0.10, -0.97
Gyro: -1.96, -1.44, -2.28
Accel: 0.05, 0.10, -0.95
Gyro: -1.85, -0.93, -2.24
Accel: 0.05, 0.11, -0.96
Gyro: -1.98, -0.63, -1.92
Accel: 0.06, 0.10, -0.96
Gyro: -2.00, -0.33, -1.92
Accel: 0.05, 0.09, -0.96
Gyro: -1.69, 0.00, -1.79
Accel: 0.06, 0.10, -0.96
Gyro: -2.06, -0.09, -2.12
Accel: 0.06, 0.10, -0.96
Gyro: -2.37, -0.15, -2.14
Accel: 0.05, 0.11, -0.97
Gyro: -2.29, -0.31, -1.95
Accel: 0.06, 0.10, -0.96
Gyro: -2.17, 0.21, -1.97
Accel: 0.05, 0.10, -0.95
Gyro: -2.11, 0.22, -2.22
Accel: 0.07, 0.10, -0.96
Gyro: -2.18, 0.00, -2.94
Accel: 0.05, 0.09, -0.95
Gyro: -1.58, -0.06, -3.63
Accel: 0.06, 0.05, -0.96
Gyro: -2.48, 0.11, -8.19
Accel: 0.05, 0.02, -0.97
Gyro: -2.33, 1.06, -15.77
Accel: 0.05, -0.03, -0.96
Gyro: -0.30, 1.88, -29.06
Accel: 0.04, -0.03, -0.97
Gyro: 2.61, 2.48, -46.74
Accel: 0.04, -0.04, -0.97
Gyro: 7.92, 2.73, -64.19
Accel: 0.02, -0.05, -0.99
Gyro: 13.45, 5.09, -84.05
Accel: 0.01, -0.05, -0.97
Gyro: 16.56, 7.10, -102.91
Accel: 0.00, 0.00, -0.97
Gyro: 19.44, 8.62, -114.41
Accel: 0.00, 0.04, -0.97
Gyro: 20.13, 9.25, -119.54
Accel: 0.01, 0.08, -0.97
Gyro: 19.52, 10.50, -121.25
Accel: 0.01, 0.06, -0.96
Gyro: 17.12, 11.26, -119.67
Accel: 0.02, 0.09, -0.99
Gyro: 16.17, 12.12, -115.08
Accel: 0.03, 0.08, -0.98
Gyro: 15.49, 13.18, -109.65
Accel: 0.04, 0.15, -0.98
Gyro: 13.61, 14.36, -97.70
Accel: 0.05, 0.15, -0.96
Gyro: 12.34, 14.05, -83.09
Accel: 0.08, 0.16, -0.97
Gyro: 10.77, 11.86, -68.53
Accel: 0.10, 0.15, -0.94
Gyro: 6.15, 8.64, -52.76
Accel: 0.10, 0.15, -0.92
Gyro: -1.70, 4.99, -36.87
Accel: 0.11, 0.10, -0.95
Gyro: -4.67, 2.14, -22.44
Accel: 0.11, 0.11, -0.95
Gyro: -6.67, -1.96, -12.04
Accel: 0.09, 0.08, -0.97
Gyro: -7.77, -1.88, -4.43
Accel: 0.09, 0.05, -0.97
Gyro: -8.72, -1.02, -3.02
Accel: 0.10, 0.07, -0.96
Gyro: -7.26, -0.67, 0.45
Accel: 0.09, 0.07, -0.97
Gyro: -6.23, -0.43, 2.30
Accel: 0.09, 0.09, -0.97
Gyro: -5.07, 0.18, 4.52
Accel: 0.10, 0.11, -0.96
Gyro: -4.95, -0.44, 9.16
Accel: 0.09, 0.12, -0.96
Gyro: -5.83, -1.77, 15.36
Accel: 0.10, 0.16, -0.95
Gyro: -7.48, -2.76, 24.79
Accel: 0.10, 0.20, -0.95
Gyro: -10.22, -5.13, 39.38
Accel: 0.09, 0.22, -0.92
Gyro: -10.25, -8.88, 57.64
Accel: 0.08, 0.21, -0.94
Gyro: -10.36, -13.05, 74.35
Accel: 0.06, 0.19, -0.93
Gyro: -7.63, -16.49, 91.03
Accel: 0.04, 0.14, -0.96
Gyro: -12.50, -18.01, 102.94
Accel: 0.03, 0.10, -0.96
Gyro: -14.37, -18.75, 111.43
Accel: 0.01, 0.13, -0.98
Gyro: -13.50, -18.65, 117.03
Accel: 0.00, 0.03, -0.98
Gyro: -12.16, -17.28, 115.65
Accel: 0.02, 0.00, -0.98
Gyro: -19.52, -15.24, 110.85
Accel: 0.01, -0.02, -0.98
Gyro: -21.51, -14.98, 102.31
Accel: 0.00, -0.01, -0.98
Gyro: -24.71, -13.70, 90.34
Accel: 0.00, -0.01, -1.00
Gyro: -23.55, -12.27, 80.35
Accel: 0.01, -0.01, -0.99
Gyro: -20.27, -9.21, 65.76
Accel: 0.02, 0.03, -0.98
Gyro: -14.13, -6.20, 52.35
Accel: 0.02, 0.08, -0.97
Gyro: -9.74, -4.89, 45.18
Accel: 0.02, 0.05, -0.96
Gyro: -4.59, -4.07, 39.67
Accel: 0.03, 0.04, -0.97
Gyro: -1.19, -1.57, 30.38
Accel: 0.04, 0.04, -0.97
Gyro: 0.18, -1.86, 21.57
Accel: 0.04, 0.04, -0.95
Gyro: -1.97, -2.46, 13.05
Accel: 0.04, 0.04, -0.96
Gyro: -3.14, -2.69, 5.17
Accel: 0.04, 0.06, -0.96
Gyro: -3.04, -2.18, -0.82
Accel: 0.04, 0.08, -0.98
Gyro: -1.79, -1.27, -4.43
Accel: 0.03, 0.09, -0.97
Gyro: -0.89, -0.08, -6.82
Accel: 0.03, 0.11, -0.98
Gyro: -0.79, 0.53, -7.64
Accel: 0.04, 0.11, -0.97
Gyro: -1.20, 1.13, -7.19
Accel: 0.05, 0.11, -0.97
Gyro: -1.93, 1.55, -6.42
Accel: 0.04, 0.11, -0.95
Gyro: -2.75, 1.34, -5.91
Accel: 0.05, 0.12, -0.95
Gyro: -3.04, 0.56, -5.42
Accel: 0.05, 0.12, -0.96
Gyro: -2.59, 0.08, -4.52
Accel: 0.05, 0.11, -0.96
Gyro: -1.84, 0.28, -4.36
Accel: 0.05, 0.12, -0.96
Gyro: -1.55, -0.27, -4.42
Accel: 0.05, 0.11, -0.96
Gyro: -0.96, -0.83, -3.71
Accel: 0.04, 0.10, -0.96
Gyro: -0.95, -0.97, -3.11
Accel: 0.04, 0.11, -0.96
Gyro: -1.85, -1.14, -3.40
Accel: 0.04, 0.11, -0.96
Gyro: -1.78, -1.18, -2.85
Accel: 0.04, 0.11, -0.96
Gyro: -1.69, -0.91, -2.36
Accel: 0.04, 0.11, -0.97
Gyro: -1.90, -0.60, -2.28
Accel: 0.05, 0.11, -0.97
Gyro: -1.63, -0.35, -1.95
Accel: 0.04, 0.11, -0.96
Gyro: -1.66, -0.11, -1.59
Accel: 0.04, 0.11, -0.96
Gyro: -1.56, -0.35, -1.45
Accel: 0.04, 0.10, -0.96
Gyro: -1.81, 0.04, -1.78
Accel: 0.05, 0.11, -0.95
Gyro: -1.25, 0.27, -1.47
Accel: 0.05, 0.10, -0.96
Gyro: -1.50, 0.40, -1.33
Accel: 0.05, 0.11, -0.96
Gyro: -1.55, 0.23, -1.05
Accel: 0.05, 0.10, -0.96
Gyro: -1.04, -0.19, -1.02
Accel: 0.04, 0.10, -0.96
Gyro: -1.12, -0.78, -1.32
Accel: 0.05, 0.10, -0.96
Gyro: -1.09, -0.66, -1.39
Accel: 0.04, 0.10, -0.97
Gyro: -1.66, -0.33, -1.18
Accel: 0.05, 0.10, -0.96
Gyro: -1.61, -0.37, -1.17
Accel: 0.04, 0.10, -0.95
Gyro: -1.88, -0.43, -1.43
Accel: 0.05, 0.10, -0.96
Gyro: -1.93, -0.75, -1.91
Accel: 0.04, 0.10, -0.96
Gyro: -1.91, -0.83, -2.37
Accel: 0.04, 0.10, -0.96
Gyro: -2.04, -0.50, -2.27
Accel: 0.04, 0.10, -0.97
Gyro: -2.41, -0.62, -2.37
Accel: 0.04, 0.10, -0.97
Gyro: -2.38, -0.83, -2.14
Accel: 0.05, 0.11, -0.96
Gyro: -2.20, -0.48, -1.62
Accel: 0.05, 0.10, -0.97
Gyro: -2.24, -0.14, -1.61
Accel: 0.05, 0.10, -0.96
Gyro: -1.79, -0.22, -1.68
Accel: 0.04, 0.11, -0.97
Gyro: -1.57, -0.08, -1.47
Accel: 0.04, 0.10, -0.96
Gyro: -1.50, 0.09, -1.50
