Accel: 0.04, 0.10, -0.96
Gyro: -2.14, -0.71, -1.66
Accel: 0.05, 0.10, -0.96
Gyro: -2.18, -0.85, -1.54
Accel: 0.05, 0.10, -0.96
Gyro: -2.43, -0.98, -1.56
Accel: 0.04, 0.10, -0.96
Gyro: -2.26, -0.89, -1.52
Accel: 0.04, 0.10, -0.96
Gyro: -2.13, -0.97, -1.79
Accel: 0.04, 0.10, -0.96
Gyro: -2.13, -0.47, -1.50
Accel: 0.04, 0.10, -0.96
Gyro: -2.09, -0.34, -1.61
Accel: 0.05, 0.11, -0.96
Gyro: -1.79, -0.34, -1.79
Accel: 0.05, 0.10, -0.96
Gyro: -1.90, -0.26, -1.98
Accel: 0.05, 0.10, -0.96
Gyro: -1.84, -0.50, -1.80
Accel: 0.05, 0.11, -0.96
Gyro: -1.75, -0.10, -1.53
Accel: 0.05, 0.10, -0.96
Gyro: -2.10, -0.16, -1.50
Accel: 0.05, 0.09, -0.96
Gyro: -2.01, 0.17, -1.87
Accel: 0.05, 0.08, -0.96
Gyro: -2.61, -0.06, -3.56
Accel: 0.04, 0.06, -0.97
Gyro: -2.33, 0.35, -7.00
Accel: 0.04, 0.05, -0.98
Gyro: -1.59, 1.42, -12.75
Accel: 0.05, 0.05, -0.97
Gyro: -0.34, 1.59, -18.52
Accel: 0.03, -0.03, -0.97
Gyro: 0.58, 2.50, -30.36
Accel: 0.04, 0.00, -0.97
Gyro: 3.48, 4.23, -45.87
Accel: 0.04, -0.01, -0.98
Gyro: 7.15, 4.87, -57.75
Accel: 0.03, 0.00, -0.98
Gyro: 9.74, 6.53, -71.63
Accel: 0.03, 0.05, -0.97
Gyro: 13.19, 7.19, -79.99
Accel: 0.03, 0.06, -0.96
Gyro: 15.51, 7.58, -84.40
Accel: 0.02, 0.03, -0.97
Gyro: 13.79, 9.75, -91.09
Accel: 0.02, 0.05, -0.98
Gyro: 14.30, 10.16, -94.54
Accel: 0.03, 0.03, -0.97
Gyro: 14.90, 11.57, -96.64
Accel: 0.03, 0.05, -0.97
Gyro: 11.09, 11.97, -98.75
Accel: 0.04, 0.04, -0.95
Gyro: 12.56, 11.11, -97.40
Accel: 0.05, 0.08, -0.97
Gyro: 6.38, 11.18, -96.12
Accel: 0.06, 0.10, -0.98
Gyro: 5.12, 12.55, -90.10
Accel: 0.06, 0.08, -0.96
Gyro: 4.58, 13.33, -83.40
Accel: 0.07, 0.11, -0.93
Gyro: 2.08, 11.97, -78.70
Accel: 0.07, 0.14, -0.95
Gyro: 3.26, 9.87, -67.54
Accel: 0.09, 0.14, -0.98
Gyro: 0.13, 8.63, -57.37
Accel: 0.11, 0.16, -0.92
Gyro: 0.04, 8.28, -46.88
Accel: 0.10, 0.12, -0.93
Gyro: -1.59, 4.48, -35.51
Accel: 0.10, 0.13, -0.95
Gyro: -7.93, 2.34, -26.36
Accel: 0.10, 0.13, -0.96
Gyro: -8.72, 0.63, -17.61
Accel: 0.11, 0.13, -0.96
Gyro: -8.96, -0.60, -10.75
Accel: 0.10, 0.14, -0.96
Gyro: -8.09, 0.05, -4.50
Accel: 0.10, 0.12, -0.96
Gyro: -7.81, -1.30, 0.98
Accel: 0.11, 0.11, -0.96
Gyro: -7.48, -1.17, 4.10
Accel: 0.11, 0.14, -0.95
Gyro: -6.78, -1.83, 6.45
Accel: 0.10, 0.14, -0.95
Gyro: -6.97, -3.11, 10.38
Accel: 0.09, 0.19, -0.98
Gyro: -8.30, -3.29, 19.95
Accel: 0.10, 0.23, -0.96
Gyro: -10.28, -3.96, 33.51
Accel: 0.11, 0.27, -0.92
Gyro: -9.85, -7.64, 52.00
Accel: 0.09, 0.27, -0.92
Gyro: -10.80, -13.71, 73.70
Accel: 0.07, 0.25, -0.94
Gyro: -10.66, -18.45, 93.80
Accel: 0.05, 0.15, -0.97
Gyro: -14.00, -20.05, 106.95
Accel: 0.04, 0.12, -0.96
Gyro: -16.52, -18.21, 111.07
Accel: 0.03, 0.10, -0.97
Gyro: -17.70, -17.27, 111.85
Accel: 0.05, 0.06, -0.93
Gyro: -13.45, -17.49, 111.37
Accel: 0.06, 0.02, -0.98
Gyro: -13.36, -17.51, 103.12
Accel: 0.03, 0.03, -0.96
Gyro: -17.62, -16.40, 94.76
Accel: 0.02, 0.05, -0.97
Gyro: -15.81, -16.59, 86.18
Accel: 0.02, 0.04, -0.99
Gyro: -14.54, -13.76, 76.42
Accel: 0.02, 0.07, -0.99
Gyro: -13.74, -11.48, 69.31
Accel: 0.02, 0.04, -0.98
Gyro: -12.63, -9.21, 62.65
Accel: 0.03, 0.02, -0.99
Gyro: -10.15, -5.74, 49.45
Accel: 0.04, 0.05, -0.98
Gyro: -5.49, -3.65, 37.49
Accel: 0.05, 0.05, -0.96
Gyro: -0.47, -2.87, 28.65
Accel: 0.05, 0.05, -0.96
Gyro: 2.17, -2.88, 19.24
Accel: 0.05, 0.07, -0.94
Gyro: 4.13, -3.23, 12.49
Accel: 0.05, 0.08, -0.97
Gyro: 4.02, -3.44, 8.74
Accel: 0.05, 0.08, -0.97
Gyro: 2.48, -3.23, 6.28
Accel: 0.05, 0.09, -0.97
Gyro: 0.69, -1.99, 4.61
Accel: 0.05, 0.09, -0.97
Gyro: -0.58, -1.12, 3.78
Accel: 0.06, 0.10, -0.96
Gyro: -1.63, -0.62, 2.76
Accel: 0.06, 0.09, -0.96
Gyro: -1.94, -0.18, 1.72
Accel: 0.06, 0.09, -0.97
Gyro: -1.82, 0.20, 0.77
Accel: 0.06, 0.10, -0.97
Gyro: -1.59, -0.08, -0.05
Accel: 0.07, 0.09, -0.96
Gyro: -1.56, 0.27, -0.91
Accel: 0.07, 0.10, -0.95
Gyro: -2.01, 0.23, -1.65
Accel: 0.06, 0.10, -0.96
Gyro: -2.07, -0.02, -2.20
Accel: 0.06, 0.10, -0.96
Gyro: -1.50, -0.52, -2.38
Accel: 0.07, 0.11, -0.96
Gyro: -1.63, -1.20, -2.51
Accel: 0.06, 0.11, -0.96
Gyro: -1.23, -1.48, -2.15
Accel: 0.05, 0.09, -0.95
Gyro: -1.30, -1.56, -2.47
Accel: 0.06, 0.10, -0.96
Gyro: -1.58, -1.45, -2.96
Accel: 0.06, 0.10, -0.97
Gyro: -1.63, -1.61, -2.58
Accel: 0.05, 0.09, -0.96
Gyro: -1.97, -1.17, -2.82
Accel: 0.05, 0.10, -0.96
Gyro: -2.17, -1.58, -2.99
Accel: 0.05, 0.11, -0.96
Gyro: -2.54, -1.61, -2.91
Accel: 0.06, 0.11, -0.97
Gyro: -1.59, -0.32, -2.57
Accel: 0.05, 0.09, -0.96
Gyro: -1.79, 0.20, -2.82
Accel: 0.06, 0.11, -0.95
Gyro: -2.01, -0.34, -2.78
Accel: 0.06, 0.10, -0.96
Gyro: -1.75, -0.16, -2.40
Accel: 0.06, 0.10, -0.96
Gyro: -1.84, 0.53, -2.32
Accel: 0.06, 0.11, -0.95
Gyro: -1.79, -0.29, -2.02
Accel: 0.06, 0.10, -0.97
Gyro: -1.72, -0.45, -1.35
Accel: 0.06, 0.10, -0.97
Gyro: -1.93, -0.11, -1.26
Accel: 0.06, 0.09, -0.95
Gyro: -2.37, -0.47, -1.54
Accel: 0.06, 0.10, -0.96
Gyro: -2.00, -1.01, -1.94
Accel: 0.06, 0.10, -0.95
Gyro: -2.14, -1.26, -2.24
Accel: 0.06, 0.10, -0.97
Gyro: -1.79, -1.32, -2.95
Accel: 0.06, 0.10, -0.97
Gyro: -1.22, -1.37, -2.85
Accel: 0.05, 0.09, -0.97
Gyro: -1.25, -1.56, -3.34
Accel: 0.05, 0.09, -0.96
Gyro: -1.77, -1.25, -3.50
Accel: 0.05, 0.10, -0.97
Gyro: -2.14, -1.27, -3.56
Accel: 0.05, 0.10, -0.97
Gyro: -1.96, -1.17, -3.36
