Accel: 0.08, 0.09, -0.95
Gyro: -1.77, -0.70, -2.16
Accel: 0.07, 0.10, -0.96
Gyro: -1.75, -0.84, -1.82
Accel: 0.08, 0.09, -0.96
Gyro: -2.11, -0.80, -1.35
Accel: 0.08, 0.09, -0.96
Gyro: -2.05, -1.07, -1.43
Accel: 0.08, 0.09, -0.95
Gyro: -2.11, -1.35, -1.79
Accel: 0.07, 0.08, -0.97
Gyro: -2.54, -1.43, -2.36
Accel: 0.08, 0.10, -0.96
Gyro: -2.30, -1.45, -2.39
Accel: 0.07, 0.09, -0.97
Gyro: -1.51, -0.37, -2.24
Accel: 0.07, 0.07, -0.96
Gyro: -1.71, -0.61, -3.46
Accel: 0.07, 0.06, -0.96
Gyro: -1.88, -1.07, -5.58
Accel: 0.07, -0.01, -0.98
Gyro: -2.99, 0.04, -13.50
Accel: 0.06, -0.07, -0.97
Gyro: -1.73, 2.78, -29.85
Accel: 0.07, -0.08, -0.96
Gyro: 1.46, 3.65, -49.70
Accel: 0.05, -0.10, -0.97
Gyro: 6.20, 4.45, -73.27
Accel: 0.03, -0.09, -0.98
Gyro: 10.66, 6.89, -96.18
Accel: 0.02, -0.05, -1.02
Gyro: 12.32, 8.80, -113.66
Accel: 0.01, 0.02, -0.99
Gyro: 16.58, 11.85, -125.21
Accel: 0.02, 0.02, -1.00
Gyro: 17.44, 17.85, -132.68
Accel: 0.02, 0.04, -0.96
Gyro: 16.53, 19.21, -137.00
Accel: 0.03, 0.04, -0.94
Gyro: 18.27, 17.65, -139.26
Accel: 0.01, 0.01, -0.99
Gyro: 20.00, 17.97, -142.65
Accel: 0.01, 0.01, -1.04
Gyro: 14.18, 22.27, -152.07
Accel: 0.02, 0.20, -0.97
Gyro: 18.94, 24.39, -146.12
Accel: 0.05, 0.24, -0.96
Gyro: 23.31, 21.70, -124.64
Accel: 0.10, 0.33, -0.95
Gyro: 6.74, 19.18, -90.31
Accel: 0.13, 0.29, -0.88
Gyro: -8.11, 12.41, -52.95
Accel: 0.14, 0.25, -0.92
Gyro: -14.72, 5.11, -25.31
Accel: 0.13, 0.18, -0.94
Gyro: -10.26, -1.14, -10.51
Accel: 0.13, 0.17, -0.93
Gyro: -13.81, 2.02, -2.28
Accel: 0.13, 0.13, -0.94
Gyro: -7.16, -1.81, 5.19
Accel: 0.15, 0.13, -0.92
Gyro: -6.27, -3.33, 7.13
Accel: 0.15, 0.12, -0.94
Gyro: -6.97, -4.73, 10.09
Accel: 0.14, 0.09, -0.97
Gyro: -6.13, -4.23, 10.41
Accel: 0.14, 0.11, -0.95
Gyro: -4.51, -4.66, 9.48
Accel: 0.13, 0.17, -0.96
Gyro: -6.50, -6.73, 14.95
Accel: 0.12, 0.24, -0.94
Gyro: -9.48, -9.69, 29.35
Accel: 0.12, 0.25, -0.92
Gyro: -11.77, -12.85, 46.59
Accel: 0.13, 0.30, -0.89
Gyro: -13.56, -19.60, 66.11
Accel: 0.09, 0.31, -0.90
Gyro: -14.21, -27.67, 91.64
Accel: 0.07, 0.28, -0.95
Gyro: -15.53, -32.28, 115.36
Accel: 0.02, 0.17, -0.99
Gyro: -17.12, -29.98, 129.28
Accel: 0.02, 0.12, -1.02
Gyro: -23.92, -24.50, 131.33
Accel: -0.00, 0.08, -0.95
Gyro: -18.14, -20.71, 128.67
Accel: 0.03, 0.04, -0.95
Gyro: -2.64, -21.00, 123.76
Accel: 0.02, 0.04, -0.95
Gyro: -11.32, -22.35, 113.30
Accel: 0.01, 0.05, -0.96
Gyro: -10.10, -24.97, 106.26
Accel: -0.01, 0.01, -1.02
Gyro: -13.18, -21.90, 97.56
Accel: -0.01, 0.02, -1.01
Gyro: -16.49, -15.87, 84.46
Accel: -0.01, 0.04, -1.00
Gyro: -15.35, -12.83, 75.36
Accel: 0.00, 0.03, -1.00
Gyro: -13.09, -9.30, 66.32
Accel: 0.01, -0.00, -0.98
Gyro: -9.70, -5.74, 51.86
Accel: 0.02, 0.01, -0.96
Gyro: -5.25, -2.94, 36.51
Accel: 0.03, 0.04, -0.96
Gyro: -0.66, -2.79, 24.67
Accel: 0.04, 0.04, -0.96
Gyro: 3.02, -2.55, 15.24
Accel: 0.04, 0.05, -0.96
Gyro: 3.99, -1.75, 7.21
Accel: 0.04, 0.08, -0.96
Gyro: 2.24, -2.52, 1.22
Accel: 0.04, 0.09, -0.96
Gyro: 1.69, -2.94, -1.52
Accel: 0.04, 0.09, -0.97
Gyro: 1.80, -2.18, -2.46
Accel: 0.04, 0.10, -0.97
Gyro: 1.64, -1.24, -3.67
Accel: 0.03, 0.10, -0.97
Gyro: 1.50, -0.41, -3.62
Accel: 0.04, 0.11, -0.97
Gyro: 1.27, 0.02, -2.53
Accel: 0.05, 0.10, -0.98
Gyro: 0.43, 0.83, -1.96
Accel: 0.05, 0.11, -0.97
Gyro: -0.18, 1.24, -1.45
Accel: 0.05, 0.10, -0.97
Gyro: -0.95, 0.89, -1.17
Accel: 0.05, 0.10, -0.96
Gyro: -1.31, 1.05, -0.82
Accel: 0.06, 0.09, -0.96
Gyro: -1.64, 1.30, -1.13
Accel: 0.05, 0.09, -0.96
Gyro: -1.77, 0.98, -2.04
Accel: 0.05, 0.10, -0.96
Gyro: -1.56, 0.95, -2.41
Accel: 0.06, 0.11, -0.96
Gyro: -1.48, 1.26, -2.88
Accel: 0.05, 0.10, -0.95
Gyro: -1.29, 0.89, -2.53
Accel: 0.05, 0.10, -0.96
Gyro: -1.91, 0.37, -2.37
Accel: 0.05, 0.11, -0.96
Gyro: -2.21, 0.08, -1.46
Accel: 0.05, 0.10, -0.97
Gyro: -1.49, 0.18, -0.69
Accel: 0.05, 0.10, -0.96
Gyro: -1.66, 0.24, -0.79
Accel: 0.05, 0.09, -0.96
Gyro: -1.71, 0.11, -1.17
Accel: 0.05, 0.09, -0.97
Gyro: -1.52, 0.11, -1.75
Accel: 0.06, 0.10, -0.96
Gyro: -1.19, 0.24, -1.91
Accel: 0.06, 0.09, -0.96
Gyro: -1.56, 0.31, -2.23
Accel: 0.06, 0.10, -0.97
Gyro: -2.09, 0.43, -2.67
Accel: 0.06, 0.10, -0.96
Gyro: -1.75, 0.31, -2.58
Accel: 0.05, 0.09, -0.96
Gyro: -2.26, 0.43, -2.78
Accel: 0.06, 0.09, -0.96
Gyro: -2.01, 0.60, -2.77
Accel: 0.06, 0.09, -0.97
Gyro: -2.31, 0.13, -3.14
Accel: 0.06, 0.10, -0.97
Gyro: -1.83, 0.15, -2.91
Accel: 0.07, 0.10, -0.96
Gyro: -1.55, 0.41, -2.73
Accel: 0.06, 0.09, -0.95
Gyro: -2.18, -0.14, -3.01
Accel: 0.06, 0.10, -0.95
Gyro: -2.12, -0.69, -2.40
Accel: 0.06, 0.10, -0.95
Gyro: -2.27, -0.62, -1.91
Accel: 0.06, 0.09, -0.95
Gyro: -2.06, -0.54, -2.22
Accel: 0.06, 0.10, -0.96
Gyro: -2.25, -1.66, -2.45
Accel: 0.05, 0.10, -0.96
Gyro: -2.43, -2.23, -2.42
Accel: 0.05, 0.11, -0.97
Gyro: -2.16, -1.71, -2.03
Accel: 0.05, 0.10, -0.96
Gyro: -1.83, -0.56, -1.79
Accel: 0.06, 0.09, -0.97
Gyro: -1.50, -0.38, -1.53
Accel: 0.06, 0.09, -0.97
Gyro: -1.72, -0.27, -1.61
Accel: 0.05, 0.10, -0.96
Gyro: -1.93, -0.17, -1.34
Accel: 0.06, 0.09, -0.97
Gyro: -1.94, 0.13, -1.21
Accel: 0.06, 0.09, -0.96
Gyro: -2.11, 0.11, -1.37
Accel: 0.06, 0.10, -0.96
Gyro: -2.51, -0.31, -1.85
Accel: 0.06, 0.10, -0.97
Gyro: -2.48, 0.33, -1.93
Accel: 0.06, 0.10, -0.96
Gyro: -1.94, 0.52, -2.10
