Accel: 0.05, 0.08, -0.97
Gyro: -2.06, 0.03, -1.71
Accel: 0.06, 0.07, -0.96
Gyro: -2.56, -0.11, -2.57
Accel: 0.04, 0.08, -0.97
Gyro: -2.17, -0.60, -2.93
Accel: 0.05, 0.09, -0.96
Gyro: -1.78, -0.60, -2.67
Accel: 0.05, 0.08, -0.97
Gyro: -1.59, -0.26, -2.94
Accel: 0.05, 0.08, -0.96
Gyro: -2.04, -0.50, -3.48
Accel: 0.05, 0.09, -0.96
Gyro: -1.95, -0.28, -3.27
Accel: 0.05, 0.09, -0.96
Gyro: -1.80, -0.14, -3.07
Accel: 0.05, 0.08, -0.95
Gyro: -2.08, -0.50, -2.78
Accel: 0.05, 0.09, -0.95
Gyro: -2.20, -0.73, -2.53
Accel: 0.05, 0.08, -0.96
Gyro: -2.07, -0.44, -2.42
Accel: 0.05, 0.07, -0.96
Gyro: -2.43, -0.25, -3.44
Accel: 0.04, 0.06, -0.96
Gyro: -2.74, -0.40, -5.26
Accel: 0.04, 0.02, -0.98
Gyro: -3.59, 0.35, -10.70
Accel: 0.04, 0.02, -0.98
Gyro: -3.36, 1.35, -17.76
Accel: 0.04, -0.05, -0.96
Gyro: -2.20, 2.52, -30.68
Accel: 0.04, -0.04, -0.97
Gyro: -0.05, 2.95, -47.93
Accel: 0.01, -0.11, -1.00
Gyro: 2.22, 4.63, -69.60
Accel: 0.00, -0.06, -0.98
Gyro: 5.02, 8.74, -91.99
Accel: -0.00, -0.02, -0.98
Gyro: 10.47, 10.65, -105.87
Accel: -0.01, -0.01, -0.99
Gyro: 12.58, 13.69, -119.38
Accel: -0.01, 0.04, -0.98
Gyro: 15.92, 15.42, -126.01
Accel: -0.01, 0.06, -0.99
Gyro: 16.49, 18.28, -129.72
Accel: 0.00, 0.06, -0.97
Gyro: 15.86, 19.97, -131.06
Accel: -0.00, 0.06, -1.00
Gyro: 18.23, 22.61, -132.93
Accel: 0.00, -0.02, -1.01
Gyro: 23.24, 26.76, -136.63
Accel: 0.02, 0.07, -1.04
Gyro: 19.97, 33.27, -144.30
Accel: 0.06, 0.17, -0.97
Gyro: 24.50, 34.00, -136.32
Accel: 0.08, 0.23, -1.00
Gyro: 20.94, 30.26, -111.03
Accel: 0.14, 0.29, -0.83
Gyro: -3.78, 26.55, -77.19
Accel: 0.19, 0.28, -0.79
Gyro: -9.74, 5.52, -37.24
Accel: 0.17, 0.19, -0.89
Gyro: -14.43, -4.26, -12.11
Accel: 0.15, 0.13, -0.94
Gyro: -14.88, -8.90, -1.71
Accel: 0.14, 0.10, -0.96
Gyro: -13.77, -8.71, 2.25
Accel: 0.13, 0.10, -0.97
Gyro: -12.12, -4.73, 3.43
Accel: 0.14, 0.12, -0.94
Gyro: -6.04, -4.38, 2.96
Accel: 0.14, 0.14, -0.95
Gyro: -4.06, -5.00, 6.23
Accel: 0.13, 0.14, -0.95
Gyro: -4.91, -4.72, 12.05
Accel: 0.14, 0.16, -0.95
Gyro: -6.07, -6.55, 20.01
Accel: 0.12, 0.21, -0.96
Gyro: -9.67, -9.68, 32.27
Accel: 0.11, 0.27, -0.91
Gyro: -12.70, -13.60, 52.93
Accel: 0.11, 0.25, -0.90
Gyro: -11.73, -20.50, 76.36
Accel: 0.09, 0.23, -0.93
Gyro: -17.68, -26.57, 94.25
Accel: 0.06, 0.23, -0.95
Gyro: -15.79, -29.08, 111.68
Accel: 0.02, 0.18, -0.96
Gyro: -19.71, -29.50, 123.91
Accel: -0.01, 0.14, -0.97
Gyro: -16.19, -27.38, 131.62
Accel: -0.01, 0.06, -0.96
Gyro: -18.65, -22.06, 132.21
Accel: 0.00, 0.03, -1.00
Gyro: -8.44, -20.12, 129.97
Accel: -0.02, 0.02, -1.01
Gyro: -20.97, -15.46, 120.72
Accel: 0.00, 0.01, -0.98
Gyro: -20.34, -14.62, 112.11
Accel: 0.01, -0.02, -0.99
Gyro: -22.73, -12.70, 97.71
Accel: 0.01, 0.00, -0.98
Gyro: -22.37, -12.57, 83.83
Accel: 0.02, 0.01, -0.99
Gyro: -18.33, -11.05, 68.22
Accel: 0.02, 0.03, -0.99
Gyro: -12.31, -8.29, 54.26
Accel: 0.04, 0.05, -0.97
Gyro: -8.99, -5.72, 43.36
Accel: 0.04, 0.08, -0.96
Gyro: -6.34, -3.91, 35.10
Accel: 0.05, 0.07, -0.96
Gyro: -0.43, -3.59, 28.18
Accel: 0.04, 0.05, -0.96
Gyro: 3.60, -3.37, 20.63
Accel: 0.05, 0.04, -0.98
Gyro: 2.62, -1.40, 12.28
Accel: 0.05, 0.07, -0.95
Gyro: -0.60, -1.25, 5.46
Accel: 0.05, 0.06, -0.97
Gyro: -0.24, -1.11, 0.61
Accel: 0.05, 0.08, -0.97
Gyro: -0.40, -0.18, -3.43
Accel: 0.06, 0.09, -0.95
Gyro: -0.39, 0.36, -5.97
Accel: 0.06, 0.12, -0.98
Gyro: -0.34, 0.09, -6.36
Accel: 0.06, 0.11, -0.97
Gyro: -0.43, 0.92, -5.95
Accel: 0.06, 0.11, -0.95
Gyro: -1.87, 1.13, -6.23
Accel: 0.06, 0.13, -0.96
Gyro: -2.22, 0.11, -5.59
Accel: 0.06, 0.12, -0.96
Gyro: -2.10, 0.17, -4.49
Accel: 0.06, 0.11, -0.95
Gyro: -2.10, -0.02, -4.53
Accel: 0.06, 0.12, -0.94
Gyro: -1.85, -0.95, -4.50
Accel: 0.06, 0.12, -0.96
Gyro: -1.12, -1.08, -3.73
Accel: 0.06, 0.11, -0.96
Gyro: -1.30, -0.76, -3.18
Accel: 0.06, 0.12, -0.96
Gyro: -1.51, -1.27, -2.98
Accel: 0.05, 0.12, -0.96
Gyro: -1.50, -1.75, -2.59
Accel: 0.05, 0.11, -0.96
Gyro: -1.61, -1.57, -1.85
Accel: 0.05, 0.11, -0.96
Gyro: -2.50, -1.74, -1.47
Accel: 0.05, 0.11, -0.96
Gyro: -2.39, -1.91, -1.33
Accel: 0.05, 0.11, -0.96
Gyro: -2.47, -1.40, -1.87
Accel: 0.05, 0.10, -0.96
Gyro: -2.64, -1.05, -2.75
Accel: 0.05, 0.12, -0.97
Gyro: -1.99, -0.58, -2.69
Accel: 0.05, 0.11, -0.97
Gyro: -1.20, 0.11, -2.35
Accel: 0.05, 0.11, -0.95
Gyro: -1.32, 0.19, -2.36
Accel: 0.05, 0.11, -0.95
Gyro: -1.12, -0.89, -2.08
Accel: 0.05, 0.11, -0.95
Gyro: -1.24, -0.75, -2.04
Accel: 0.06, 0.11, -0.96
Gyro: -1.54, -0.71, -2.23
Accel: 0.06, 0.13, -0.96
Gyro: -1.64, -0.77, -2.07
Accel: 0.05, 0.11, -0.97
Gyro: -1.30, -1.02, -1.67
Accel: 0.05, 0.10, -0.95
Gyro: -1.43, -0.97, -1.53
Accel: 0.05, 0.11, -0.96
Gyro: -2.01, -1.12, -1.62
Accel: 0.05, 0.12, -0.96
Gyro: -1.53, -0.58, -1.15
Accel: 0.04, 0.10, -0.96
Gyro: -1.93, 0.07, -1.56
Accel: 0.05, 0.12, -0.95
Gyro: -1.56, -0.59, -1.82
Accel: 0.05, 0.12, -0.97
Gyro: -0.17, -0.27, -1.43
Accel: 0.06, 0.11, -0.96
Gyro: 0.91, -0.01, -1.23
Accel: 0.06, 0.11, -0.95
Gyro: 1.05, -0.12, -0.74
Accel: 0.06, 0.09, -0.96
Gyro: 0.24, -0.43, -0.51
Accel: 0.06, 0.10, -0.95
Gyro: -1.45, -0.71, -1.12
Accel: 0.06, 0.10, -0.96
Gyro: -1.54, -0.97, -0.80
Accel: 0.05, 0.09, -0.97
Gyro: -1.71, -0.79, -1.30
Accel: 0.05, 0.09, -0.96
Gyro: -2.20, -0.70, -1.82
Accel: 0.05, 0.10, -0.96
Gyro: -2.49, -0.79, -2.14
