Accel: 0.05, 0.09, -0.96
Gyro: -1.69, -0.22, -1.37
Accel: 0.05, 0.09, -0.96
Gyro: -2.25, -0.50, -2.14
Accel: 0.05, 0.09, -0.96
Gyro: -2.08, -0.38, -2.26
Accel: 0.05, 0.10, -0.96
Gyro: -2.08, 0.02, -2.46
Accel: 0.06, 0.10, -0.95
Gyro: -1.63, -0.10, -2.18
Accel: 0.05, 0.09, -0.97
Gyro: -2.14, -0.26, -2.48
Accel: 0.06, 0.11, -0.97
Gyro: -1.27, 0.18, -2.09
Accel: 0.05, 0.09, -0.97
Gyro: -1.67, 0.59, -1.86
Accel: 0.06, 0.09, -0.96
Gyro: -2.04, 0.32, -1.99
Accel: 0.06, 0.10, -0.96
Gyro: -1.72, 0.05, -1.75
Accel: 0.06, 0.09, -0.96
Gyro: -1.80, 0.18, -1.54
Accel: 0.06, 0.09, -0.96
Gyro: -1.74, 0.25, -1.40
Accel: 0.06, 0.09, -0.95
Gyro: -2.01, -0.05, -1.67
Accel: 0.06, 0.09, -0.96
Gyro: -2.20, -0.43, -1.78
Accel: 0.05, 0.09, -0.97
Gyro: -2.08, -0.18, -1.46
Accel: 0.05, 0.09, -0.95
Gyro: -2.37, -0.07, -1.69
Accel: 0.05, 0.09, -0.96
Gyro: -2.08, -0.36, -2.54
Accel: 0.05, 0.09, -0.96
Gyro: -1.52, -0.02, -3.14
Accel: 0.05, 0.06, -0.98
Gyro: -0.93, 0.82, -6.20
Accel: 0.05, 0.05, -0.96
Gyro: 0.27, 1.96, -11.57
Accel: 0.06, 0.06, -0.97
Gyro: 1.69, 2.01, -15.36
Accel: 0.05, 0.06, -0.96
Gyro: 2.14, 2.00, -18.61
Accel: 0.06, 0.05, -0.97
Gyro: 2.99, 3.14, -22.51
Accel: 0.05, 0.04, -0.97
Gyro: 4.35, 3.91, -27.96
Accel: 0.06, -0.00, -0.97
Gyro: 6.39, 4.35, -35.38
Accel: 0.05, -0.04, -0.98
Gyro: 9.06, 7.03, -52.31
Accel: 0.05, 0.00, -0.96
Gyro: 14.04, 8.45, -65.33
Accel: 0.04, -0.01, -0.97
Gyro: 17.81, 7.55, -72.60
Accel: 0.04, -0.03, -0.99
Gyro: 20.74, 9.52, -88.18
Accel: 0.04, -0.03, -0.96
Gyro: 23.67, 10.16, -95.49
Accel: 0.03, -0.13, -0.98
Gyro: 21.40, 12.62, -110.72
Accel: 0.04, 0.01, -0.98
Gyro: 18.03, 13.60, -120.62
Accel: 0.04, 0.06, -0.98
Gyro: 19.86, 12.10, -117.08
Accel: 0.05, 0.06, -0.98
Gyro: 17.24, 13.84, -114.30
Accel: 0.05, 0.01, -0.99
Gyro: 17.73, 15.32, -109.05
Accel: 0.05, 0.08, -1.03
Gyro: 11.63, 19.36, -107.53
Accel: 0.09, 0.13, -0.96
Gyro: 14.82, 20.17, -95.13
Accel: 0.13, 0.15, -0.96
Gyro: 12.97, 18.38, -79.08
Accel: 0.15, 0.14, -0.89
Gyro: 9.64, 13.63, -57.36
Accel: 0.18, 0.11, -0.91
Gyro: -1.72, 6.90, -39.79
Accel: 0.16, 0.13, -0.89
Gyro: -5.78, -1.43, -23.07
Accel: 0.15, 0.08, -0.98
Gyro: -7.26, -3.13, -16.40
Accel: 0.14, 0.10, -0.92
Gyro: -6.13, -1.37, -8.58
Accel: 0.16, 0.05, -0.97
Gyro: -4.04, -0.37, -2.56
Accel: 0.16, 0.05, -0.94
Gyro: -5.66, -0.04, 1.18
Accel: 0.15, 0.02, -0.96
Gyro: -7.96, -2.15, 3.88
Accel: 0.15, 0.03, -0.96
Gyro: -9.59, -2.52, 3.94
Accel: 0.15, 0.05, -0.95
Gyro: -9.12, -3.69, 5.39
Accel: 0.13, 0.06, -0.97
Gyro: -8.73, -4.78, 8.21
Accel: 0.13, 0.07, -0.97
Gyro: -9.28, -2.69, 10.57
Accel: 0.14, 0.10, -0.94
Gyro: -10.28, -2.65, 15.43
Accel: 0.15, 0.13, -0.93
Gyro: -13.26, -6.39, 24.99
Accel: 0.15, 0.15, -0.95
Gyro: -16.90, -9.43, 38.00
Accel: 0.14, 0.20, -0.93
Gyro: -18.90, -12.53, 54.56
Accel: 0.11, 0.22, -0.91
Gyro: -16.28, -17.65, 74.31
Accel: 0.09, 0.16, -0.94
Gyro: -16.14, -20.58, 91.80
Accel: 0.08, 0.12, -0.95
Gyro: -21.19, -21.18, 100.48
Accel: 0.06, 0.11, -0.97
Gyro: -22.87, -21.71, 106.88
Accel: 0.05, 0.08, -0.96
Gyro: -24.42, -20.79, 110.53
Accel: 0.03, 0.09, -0.95
Gyro: -16.20, -21.08, 112.83
Accel: 0.03, 0.04, -1.00
Gyro: -19.80, -17.85, 110.78
Accel: 0.02, -0.00, -1.00
Gyro: -23.55, -14.39, 100.74
Accel: 0.04, 0.04, -0.99
Gyro: -23.90, -11.21, 91.39
Accel: 0.04, 0.02, -0.99
Gyro: -21.83, -8.90, 82.63
Accel: 0.06, 0.04, -0.97
Gyro: -19.39, -6.94, 72.80
Accel: 0.06, 0.06, -0.97
Gyro: -16.99, -6.00, 65.48
Accel: 0.07, 0.08, -0.96
Gyro: -13.42, -6.16, 60.25
Accel: 0.07, 0.04, -0.97
Gyro: -9.19, -4.99, 51.77
Accel: 0.06, 0.04, -0.95
Gyro: -6.05, -4.30, 41.32
Accel: 0.07, 0.04, -0.96
Gyro: -4.91, -4.52, 30.06
Accel: 0.07, 0.04, -0.96
Gyro: -3.52, -4.97, 19.57
Accel: 0.07, 0.05, -0.97
Gyro: -2.40, -3.86, 9.61
Accel: 0.06, 0.07, -0.97
Gyro: 0.48, -2.34, 1.78
Accel: 0.07, 0.08, -0.97
Gyro: 2.48, -1.46, -3.23
Accel: 0.07, 0.09, -0.96
Gyro: 3.20, -1.17, -6.77
Accel: 0.07, 0.09, -0.98
Gyro: 3.55, -0.49, -8.47
Accel: 0.07, 0.10, -0.96
Gyro: 2.89, 0.74, -8.78
Accel: 0.08, 0.12, -0.96
Gyro: 1.69, 1.30, -7.38
Accel: 0.09, 0.12, -0.96
Gyro: 0.59, 0.80, -5.19
Accel: 0.08, 0.12, -0.96
Gyro: 0.02, 0.27, -2.49
Accel: 0.08, 0.11, -0.95
Gyro: -0.57, 0.10, -0.96
Accel: 0.08, 0.10, -0.95
Gyro: -0.54, -0.69, -0.13
Accel: 0.08, 0.10, -0.96
Gyro: -0.67, -1.20, 0.14
Accel: 0.08, 0.09, -0.96
Gyro: -0.92, -1.37, 0.07
Accel: 0.08, 0.08, -0.96
Gyro: -1.34, -1.13, -0.74
Accel: 0.07, 0.09, -0.96
Gyro: -1.77, -1.45, -1.63
Accel: 0.08, 0.10, -0.96
Gyro: -1.43, -1.20, -1.69
Accel: 0.08, 0.09, -0.96
Gyro: -1.30, -0.78, -2.11
Accel: 0.07, 0.10, -0.95
Gyro: -1.05, -1.25, -2.54
Accel: 0.08, 0.10, -0.97
Gyro: -0.90, -1.17, -3.02
Accel: 0.07, 0.09, -0.97
Gyro: -0.42, -1.11, -2.60
Accel: 0.07, 0.09, -0.96
Gyro: -0.95, -1.06, -2.92
Accel: 0.07, 0.09, -0.96
Gyro: -1.43, -1.11, -3.07
Accel: 0.07, 0.10, -0.95
Gyro: -1.64, -0.88, -2.48
Accel: 0.08, 0.10, -0.96
Gyro: -1.63, -0.70, -1.98
Accel: 0.08, 0.10, -0.96
Gyro: -1.34, -0.75, -1.45
Accel: 0.07, 0.08, -0.96
Gyro: -1.51, -0.66, -1.78
Accel: 0.08, 0.09, -0.96
Gyro: -1.71, -1.44, -2.04
Accel: 0.06, 0.09, -0.96
Gyro: -2.08, -1.34, -2.08
Accel: 0.08, 0.10, -0.97
Gyro: -1.74, -0.50, -1.90
Accel: 0.08, 0.09, -0.96
Gyro: -1.50, -0.61, -1.37
