Accel: 0.02, 0.08, -0.96
Gyro: -1.93, -1.08, -1.26
Accel: 0.02, 0.08, -0.96
Gyro: -2.17, -1.37, -1.57
Accel: 0.01, 0.08, -0.97
Gyro: -2.29, -1.17, -2.02
Accel: 0.02, 0.09, -0.96
Gyro: -2.40, -0.60, -1.98
Accel: 0.02, 0.08, -0.96
Gyro: -2.51, -0.68, -1.58
Accel: 0.03, 0.08, -0.96
Gyro: -2.71, -0.77, -1.54
Accel: 0.02, 0.08, -0.97
Gyro: -2.67, -0.95, -1.53
Accel: 0.02, 0.08, -0.97
Gyro: -2.84, -0.78, -1.84
Accel: 0.02, 0.08, -0.96
Gyro: -2.29, -0.22, -1.50
Accel: 0.02, 0.09, -0.96
Gyro: -2.52, -0.69, -1.58
Accel: 0.03, 0.09, -0.96
Gyro: -2.27, -0.81, -1.51
Accel: 0.02, 0.07, -0.97
Gyro: -1.81, -0.85, -1.96
Accel: 0.02, 0.07, -0.96
Gyro: -1.83, -1.14, -2.75
Accel: 0.02, 0.04, -0.96
Gyro: -2.45, -1.24, -4.83
Accel: 0.02, -0.01, -0.98
Gyro: -3.76, -1.54, -11.76
Accel: 0.01, -0.02, -0.95
Gyro: -2.65, -0.97, -23.51
Accel: 0.01, -0.03, -0.96
Gyro: -0.94, -1.32, -36.32
Accel: 0.00, -0.04, -0.96
Gyro: 0.76, -1.12, -52.32
Accel: -0.00, -0.06, -0.96
Gyro: 5.15, -0.63, -69.85
Accel: -0.03, -0.03, -0.97
Gyro: 9.18, -0.54, -87.66
Accel: -0.04, 0.01, -0.99
Gyro: 15.01, 1.98, -101.53
Accel: -0.04, -0.02, -1.00
Gyro: 19.87, 4.89, -110.45
Accel: -0.05, -0.05, -1.00
Gyro: 20.71, 8.66, -120.38
Accel: -0.05, -0.05, -0.98
Gyro: 19.97, 10.88, -129.01
Accel: -0.05, -0.08, -0.98
Gyro: 15.76, 12.08, -137.79
Accel: -0.04, -0.03, -0.90
Gyro: 10.83, 9.26, -142.10
Accel: -0.02, 0.01, -0.90
Gyro: 9.77, -3.66, -139.18
Accel: -0.06, 0.11, -1.02
Gyro: 6.55, -2.18, -129.59
Accel: -0.06, 0.11, -1.05
Gyro: 2.00, 7.57, -111.49
Accel: -0.05, -0.06, -1.05
Gyro: 0.21, 17.33, -111.32
Accel: -0.02, 0.18, -0.97
Gyro: -5.01, 19.19, -111.03
Accel: 0.03, 0.19, -0.96
Gyro: 5.49, 17.41, -87.72
Accel: 0.04, 0.32, -0.82
Gyro: -5.36, 14.23, -60.73
Accel: 0.06, 0.20, -0.91
Gyro: -2.30, 2.71, -26.06
Accel: 0.06, 0.11, -0.94
Gyro: -10.57, -1.79, -9.75
Accel: 0.04, 0.11, -0.99
Gyro: -11.57, -3.25, 1.11
Accel: 0.05, 0.04, -0.96
Gyro: -11.13, -3.92, 3.45
Accel: 0.06, 0.09, -0.96
Gyro: -12.18, -5.42, 5.33
Accel: 0.06, 0.12, -0.94
Gyro: -12.02, -7.88, 11.99
Accel: 0.05, 0.16, -0.96
Gyro: -10.47, -10.36, 21.51
Accel: 0.03, 0.23, -0.96
Gyro: -12.10, -12.01, 36.49
Accel: 0.02, 0.32, -0.94
Gyro: -18.34, -16.45, 64.72
Accel: -0.00, 0.31, -0.96
Gyro: -24.28, -20.83, 96.28
Accel: -0.02, 0.25, -0.95
Gyro: -21.87, -22.43, 118.90
Accel: -0.07, 0.25, -0.98
Gyro: -21.55, -22.15, 136.94
Accel: -0.09, 0.11, -0.99
Gyro: -28.05, -19.10, 144.26
Accel: -0.08, 0.07, -0.94
Gyro: -16.12, -16.27, 139.54
Accel: -0.09, 0.05, -1.00
Gyro: -15.69, -11.78, 133.28
Accel: -0.07, -0.07, -0.99
Gyro: -11.46, -10.22, 108.77
Accel: -0.04, 0.06, -0.99
Gyro: -4.65, -5.44, 89.87
Accel: -0.02, 0.12, -0.94
Gyro: -5.70, -3.21, 88.95
Accel: -0.02, 0.11, -0.93
Gyro: -7.35, -5.56, 89.36
Accel: -0.01, 0.12, -0.96
Gyro: -6.65, -7.23, 90.74
Accel: -0.02, 0.07, -0.97
Gyro: -5.04, -6.84, 88.33
Accel: -0.01, 0.02, -0.94
Gyro: -4.87, -7.48, 78.12
Accel: 0.00, 0.03, -0.95
Gyro: -4.81, -8.62, 66.83
Accel: 0.00, -0.02, -0.96
Gyro: -3.21, -9.25, 52.73
Accel: 0.01, -0.02, -0.99
Gyro: -1.43, -7.26, 34.39
Accel: 0.01, 0.02, -0.97
Gyro: 1.98, -5.71, 20.44
Accel: 0.01, 0.05, -0.97
Gyro: 3.79, -5.35, 11.80
Accel: 0.01, 0.06, -0.97
Gyro: 6.34, -4.59, 6.40
Accel: 0.01, 0.07, -0.98
Gyro: 6.55, -2.78, 2.08
Accel: 0.01, 0.07, -0.98
Gyro: 5.08, -1.46, -0.45
Accel: 0.01, 0.07, -0.97
Gyro: 3.04, -1.12, -1.64
Accel: 0.02, 0.07, -0.97
Gyro: 1.53, -0.21, -2.75
Accel: 0.02, 0.08, -0.96
Gyro: 0.11, -0.76, -3.90
Accel: 0.01, 0.09, -0.95
Gyro: -0.68, -1.30, -4.18
Accel: 0.01, 0.09, -0.95
Gyro: -0.23, -1.10, -3.62
Accel: 0.01, 0.09, -0.96
Gyro: -0.47, -1.03, -3.75
Accel: 0.00, 0.08, -0.96
Gyro: -1.88, -0.99, -3.81
Accel: 0.01, 0.09, -0.96
Gyro: -2.38, -0.94, -3.59
Accel: 0.00, 0.09, -0.96
Gyro: -2.81, -1.00, -4.17
Accel: 0.01, 0.10, -0.96
Gyro: -2.91, -0.90, -4.48
Accel: 0.01, 0.11, -0.96
Gyro: -2.12, -0.68, -3.13
Accel: 0.01, 0.11, -0.96
Gyro: -1.35, -0.61, -1.53
Accel: 0.02, 0.09, -0.96
Gyro: -1.66, -0.44, -0.73
Accel: 0.01, 0.10, -0.97
Gyro: -2.39, -0.95, -1.03
Accel: 0.01, 0.09, -0.97
Gyro: -2.18, 0.13, -0.57
Accel: 0.01, 0.08, -0.96
Gyro: -2.58, 0.63, -0.90
Accel: 0.01, 0.09, -0.96
Gyro: -2.72, 0.07, -1.30
Accel: 0.01, 0.10, -0.96
Gyro: -2.14, -0.23, -1.34
Accel: 0.01, 0.10, -0.97
Gyro: -1.37, -0.21, -1.07
Accel: 0.01, 0.09, -0.96
Gyro: -1.34, -0.14, -1.21
Accel: 0.01, 0.10, -0.96
Gyro: -0.73, -0.37, -1.27
Accel: 0.01, 0.08, -0.96
Gyro: -1.01, -0.31, -1.69
Accel: 0.01, 0.09, -0.97
Gyro: -1.65, -0.65, -2.12
Accel: 0.01, 0.10, -0.97
Gyro: -1.60, -0.59, -1.66
Accel: 0.01, 0.09, -0.96
Gyro: -1.30, -0.16, -0.85
Accel: 0.02, 0.08, -0.94
Gyro: -2.14, -0.64, -0.92
Accel: 0.01, 0.09, -0.96
Gyro: -2.57, -1.30, -1.01
Accel: 0.00, 0.09, -0.97
Gyro: -2.56, -0.61, -1.31
Accel: 0.01, 0.09, -0.98
Gyro: -2.73, 0.18, -1.60
Accel: 0.01, 0.09, -0.97
Gyro: -2.56, 0.08, -1.59
Accel: 0.02, 0.10, -0.96
Gyro: -1.85, 0.36, -1.51
Accel: 0.02, 0.10, -0.96
Gyro: -1.56, 0.17, -1.14
Accel: 0.02, 0.09, -0.96
Gyro: -2.04, 0.00, -0.82
Accel: 0.02, 0.09, -0.96
Gyro: -1.66, -0.32, -0.99
Accel: 0.03, 0.08, -0.96
Gyro: -1.72, -0.48, -1.30
Accel: 0.02, 0.09, -0.96
Gyro: -2.04, -0.37, -1.50
Accel: 0.02, 0.09, -0.96
Gyro: -1.89, -0.86, -1.22
Accel: 0.01, 0.09, -0.97
Gyro: -1.72, -0.96, -1.14
