Accel: 0.01, -0.11, -0.99
Gyro: 1.31, -2.56, 2.38
Accel: 0.01, -0.10, -0.97
Gyro: 0.13, -0.06, 0.11
Accel: 0.02, -0.09, -0.95
Gyro: -0.88, -0.39, -1.64
Accel: 0.02, -0.08, -0.95
Gyro: -0.63, -1.88, -2.82
Accel: 0.02, -0.07, -0.97
Gyro: -0.84, -1.74, -3.75
Accel: 0.01, -0.06, -0.97
Gyro: -0.07, -0.98, -3.78
Accel: 0.02, -0.06, -0.97
Gyro: 0.37, -0.52, -3.09
Accel: 0.02, -0.06, -0.95
Gyro: 0.62, -0.28, -2.46
Accel: 0.02, -0.06, -0.97
Gyro: 1.12, -0.18, -0.54
Accel: 0.03, -0.07, -0.97
Gyro: 1.00, 0.69, 1.26
Accel: 0.02, -0.08, -0.97
Gyro: -0.03, 0.90, 2.01
Accel: 0.02, -0.09, -0.96
Gyro: -0.98, 0.52, 2.24
Accel: 0.02, -0.09, -0.96
Gyro: -1.74, 0.84, 1.15
Accel: 0.02, -0.09, -0.96
Gyro: -2.57, 0.69, -0.18
Accel: 0.02, -0.09, -0.96
Gyro: -2.97, 0.50, -1.45
Accel: 0.02, -0.08, -0.97
Gyro: -3.19, 0.11, -1.97
Accel: 0.02, -0.08, -0.96
Gyro: -3.64, 0.18, -1.95
Accel: 0.02, -0.08, -0.97
Gyro: -3.89, 0.39, -1.91
Accel: 0.01, -0.09, -0.97
Gyro: -4.89, 0.60, -1.98
Accel: 0.02, -0.10, -0.97
Gyro: -6.42, 1.00, -3.04
Accel: 0.02, -0.09, -0.97
Gyro: -7.64, 1.21, -4.58
Accel: 0.02, -0.10, -0.95
Gyro: -9.20, 1.03, -6.03
Accel: 0.02, -0.09, -0.97
Gyro: -12.03, 1.18, -7.88
Accel: 0.02, -0.07, -0.97
Gyro: -14.30, 1.64, -6.26
Accel: 0.02, -0.09, -0.97
Gyro: -18.38, 2.02, -4.41
Accel: 0.02, -0.09, -0.96
Gyro: -24.84, 2.91, -4.00
Accel: 0.02, -0.08, -0.97
Gyro: -30.38, 2.90, -4.15
Accel: 0.03, -0.16, -0.98
Gyro: -38.34, 2.67, -7.34
Accel: 0.01, -0.45, -0.95
Gyro: -47.39, 5.42, -39.18
Accel: -0.01, -0.14, -1.00
Gyro: -49.01, 3.80, -78.60
Accel: -0.04, -0.19, -1.00
Gyro: -61.97, 19.13, -81.07
Accel: 0.04, -0.16, -0.76
Gyro: -94.88, 15.21, -88.49
Accel: 0.07, 0.11, -0.74
Gyro: -112.34, -1.88, -82.18
Accel: 0.07, 0.19, -0.79
Gyro: -124.84, -11.59, -61.00
Accel: 0.06, 0.27, -0.72
Gyro: -136.54, -22.19, -41.47
Accel: 0.04, 0.39, -0.74
Gyro: -147.28, -30.53, -23.33
Accel: -0.02, 0.48, -0.75
Gyro: -148.12, -34.01, -8.95
Accel: -0.04, 0.58, -0.75
Gyro: -147.51, -27.43, -7.36
Accel: -0.04, 0.77, -0.70
Gyro: -129.85, -24.40, -10.73
Accel: -0.13, 0.83, -0.63
Gyro: -97.83, -31.10, -13.21
Accel: -0.13, 0.99, -0.72
Gyro: -64.08, -26.15, -17.30
Accel: -0.14, 1.02, -0.76
Gyro: -51.84, -17.17, -9.74
Accel: -0.19, 0.97, -0.76
Gyro: -20.13, -13.31, -8.68
Accel: -0.19, 0.91, -0.75
Gyro: -6.84, -3.85, -6.84
Accel: -0.16, 0.87, -0.74
Gyro: 8.23, -0.80, -4.64
Accel: -0.15, 0.77, -0.73
Gyro: 18.84, 3.90, 0.47
Accel: -0.12, 0.74, -0.73
Gyro: 20.10, 6.14, 5.04
Accel: -0.11, 0.71, -0.69
Gyro: 22.25, 4.98, 9.51
Accel: -0.10, 0.71, -0.72
Gyro: 25.48, 3.04, 11.10
Accel: -0.13, 0.70, -0.76
Gyro: 31.72, 4.94, 8.60
Accel: -0.14, 0.72, -0.79
Gyro: 40.30, 10.28, 2.48
Accel: -0.15, 0.76, -0.80
Gyro: 65.73, 15.96, -0.89
Accel: -0.16, 0.76, -0.85
Gyro: 83.40, 21.62, -0.67
Accel: -0.11, 0.67, -0.79
Gyro: 97.60, 26.15, 3.67
Accel: -0.08, 0.60, -0.77
Gyro: 100.62, 24.02, 10.32
Accel: -0.04, 0.53, -0.79
Gyro: 107.39, 21.03, 20.80
Accel: -0.01, 0.41, -0.78
Gyro: 107.57, 19.95, 28.43
Accel: 0.01, 0.27, -0.81
Gyro: 103.85, 15.19, 29.98
Accel: 0.03, 0.21, -0.85
Gyro: 96.53, 12.57, 29.59
Accel: 0.04, 0.21, -0.86
Gyro: 93.78, 8.51, 31.88
Accel: 0.05, 0.17, -0.86
Gyro: 93.64, 4.95, 37.03
Accel: 0.05, 0.10, -0.87
Gyro: 92.17, 1.40, 40.49
Accel: 0.05, 0.03, -0.92
Gyro: 88.67, -0.31, 40.44
Accel: 0.02, -0.03, -0.92
Gyro: 83.78, 0.57, 42.23
Accel: 0.00, -0.16, -0.99
Gyro: 74.24, 6.36, 38.01
Accel: 0.04, -0.20, -0.94
Gyro: 60.85, 10.86, 28.50
Accel: 0.07, -0.19, -0.92
Gyro: 51.89, 9.80, 24.07
Accel: 0.08, -0.19, -0.90
Gyro: 46.59, 6.76, 24.70
Accel: 0.08, -0.20, -0.90
Gyro: 42.34, 2.72, 28.28
Accel: 0.07, -0.27, -0.92
Gyro: 33.98, 0.69, 27.35
Accel: 0.07, -0.29, -0.93
Gyro: 24.04, 0.49, 24.43
Accel: 0.06, -0.29, -0.91
Gyro: 17.88, -0.57, 21.41
Accel: 0.04, -0.34, -0.91
Gyro: 10.12, -3.60, 15.35
Accel: 0.06, -0.28, -0.92
Gyro: 8.06, -6.04, 4.17
Accel: 0.05, -0.28, -0.91
Gyro: 12.21, -9.02, -1.21
Accel: 0.02, -0.30, -0.97
Gyro: 9.26, -8.05, -6.07
Accel: 0.02, -0.26, -0.98
Gyro: 4.94, -2.71, -5.20
Accel: 0.04, -0.25, -0.95
Gyro: 2.22, 0.43, -1.91
Accel: 0.05, -0.28, -0.91
Gyro: -1.10, -0.98, -0.09
Accel: 0.05, -0.26, -0.91
Gyro: -4.46, -4.07, -0.92
Accel: 0.04, -0.26, -0.94
Gyro: -5.58, -5.34, -0.95
Accel: 0.03, -0.26, -0.95
Gyro: -7.62, -2.97, -0.99
Accel: 0.04, -0.25, -0.92
Gyro: -10.42, -2.17, -1.71
Accel: 0.04, -0.24, -0.93
Gyro: -12.39, -4.42, -1.61
Accel: 0.02, -0.24, -0.95
Gyro: -14.03, -6.03, -1.46
Accel: 0.02, -0.23, -0.97
Gyro: -15.04, -4.67, -1.50
Accel: 0.02, -0.23, -0.96
Gyro: -15.80, -2.49, -2.17
Accel: 0.02, -0.22, -0.96
Gyro: -16.12, -1.16, -3.28
Accel: 0.02, -0.19, -0.96
Gyro: -15.75, 0.53, -4.25
Accel: 0.02, -0.18, -0.95
Gyro: -14.32, 1.55, -4.11
Accel: 0.03, -0.16, -0.94
Gyro: -12.94, 1.89, -3.22
Accel: 0.04, -0.16, -0.94
Gyro: -12.09, 1.57, -1.69
Accel: 0.03, -0.15, -0.93
Gyro: -12.13, 0.81, -0.24
Accel: 0.04, -0.15, -0.94
Gyro: -11.50, -0.79, 1.46
Accel: 0.03, -0.15, -0.94
Gyro: -11.23, -1.93, 2.06
Accel: 0.02, -0.15, -0.95
Gyro: -9.22, -2.21, 1.91
Accel: 0.02, -0.15, -0.95
Gyro: -6.93, -2.81, 0.89
Accel: 0.02, -0.12, -0.96
Gyro: -3.18, -3.52, 0.98
Accel: 0.01, -0.13, -0.96
Gyro: 0.31, -2.92, 2.46
Accel: 0.01, -0.16, -0.97
Gyro: -0.24, -1.17, 2.63
Accel: 0.02, -0.16, -0.95
Gyro: -1.43, 0.08, 1.63
