Accel: 0.08, -0.05, -0.96
Gyro: -3.79, -0.11, -1.69
Accel: 0.08, -0.04, -0.97
Gyro: -3.74, 0.43, -1.47
Accel: 0.08, -0.05, -0.96
Gyro: -3.52, 1.37, -1.47
Accel: 0.09, -0.04, -0.96
Gyro: -3.09, 0.85, -1.37
Accel: 0.09, -0.05, -0.97
Gyro: -2.78, -0.22, -1.31
Accel: 0.08, -0.04, -0.96
Gyro: -2.69, -0.45, -1.15
Accel: 0.08, -0.05, -0.96
Gyro: -1.42, -0.69, 0.26
Accel: 0.08, -0.05, -0.96
Gyro: -1.50, -0.42, 0.64
Accel: 0.08, -0.06, -0.96
Gyro: -2.01, -0.32, 0.46
Accel: 0.08, -0.05, -0.97
Gyro: -2.13, -0.08, -0.07
Accel: 0.09, -0.06, -0.98
Gyro: -1.95, 0.68, -0.60
Accel: 0.09, -0.06, -0.96
Gyro: -1.94, 0.78, -0.78
Accel: 0.09, -0.05, -0.96
Gyro: -1.79, 0.12, -0.51
Accel: 0.08, -0.06, -0.96
Gyro: -2.22, 0.17, -0.21
Accel: 0.09, -0.06, -0.97
Gyro: -2.52, -0.38, -0.06
Accel: 0.09, -0.06, -0.96
Gyro: -3.06, -0.57, -0.54
Accel: 0.09, -0.07, -0.97
Gyro: -3.85, -0.50, -1.11
Accel: 0.09, -0.09, -0.97
Gyro: -5.13, -0.22, -2.69
Accel: 0.09, -0.13, -0.97
Gyro: -7.52, -0.98, -1.13
Accel: 0.10, -0.17, -0.96
Gyro: -18.67, -1.02, -0.69
Accel: 0.09, -0.16, -0.95
Gyro: -32.63, -1.74, -0.54
Accel: 0.07, -0.09, -0.96
Gyro: -42.54, -2.70, -1.10
Accel: 0.05, -0.08, -0.99
Gyro: -49.34, 0.12, 0.17
Accel: 0.06, -0.13, -1.00
Gyro: -59.16, 6.03, -4.26
Accel: 0.07, -0.08, -0.97
Gyro: -67.63, 10.27, -11.05
Accel: 0.08, -0.12, -0.92
Gyro: -72.30, 10.30, -18.87
Accel: 0.09, -0.21, -0.89
Gyro: -88.55, 9.83, -32.31
Accel: 0.10, -0.07, -0.88
Gyro: -114.67, 10.07, -43.08
Accel: 0.11, 0.15, -0.80
Gyro: -132.28, 10.77, -42.77
Accel: 0.11, 0.35, -0.76
Gyro: -135.45, 5.85, -36.38
Accel: 0.10, 0.45, -0.77
Gyro: -129.14, 2.63, -29.28
Accel: 0.09, 0.54, -0.76
Gyro: -125.76, 2.78, -26.96
Accel: 0.09, 0.66, -0.73
Gyro: -116.43, 2.54, -24.70
Accel: 0.08, 0.74, -0.70
Gyro: -99.60, -0.60, -24.04
Accel: 0.06, 0.82, -0.70
Gyro: -77.93, -4.06, -27.00
Accel: 0.06, 0.89, -0.71
Gyro: -51.22, -5.26, -28.24
Accel: 0.02, 0.89, -0.73
Gyro: -28.26, -3.92, -30.66
Accel: 0.01, 0.91, -0.73
Gyro: -13.19, -5.22, -22.53
Accel: 0.01, 0.91, -0.72
Gyro: -5.03, -2.54, -13.46
Accel: 0.01, 0.86, -0.71
Gyro: 6.09, -2.04, -2.96
Accel: 0.01, 0.84, -0.72
Gyro: 12.21, -1.59, 3.97
Accel: 0.02, 0.86, -0.72
Gyro: 23.79, -1.56, 10.44
Accel: 0.03, 0.82, -0.71
Gyro: 40.38, -4.23, 15.31
Accel: 0.03, 0.82, -0.73
Gyro: 47.26, -3.77, 22.60
Accel: 0.04, 0.78, -0.72
Gyro: 61.93, -5.02, 32.13
Accel: 0.04, 0.66, -0.73
Gyro: 73.39, -6.63, 34.35
Accel: 0.04, 0.58, -0.76
Gyro: 83.63, -7.19, 29.88
Accel: 0.04, 0.53, -0.79
Gyro: 93.95, -5.90, 26.37
Accel: 0.07, 0.46, -0.82
Gyro: 99.04, -4.33, 25.02
Accel: 0.08, 0.41, -0.81
Gyro: 100.41, -5.42, 27.15
Accel: 0.08, 0.31, -0.83
Gyro: 98.05, -8.49, 28.53
Accel: 0.07, 0.21, -0.87
Gyro: 94.38, -10.22, 27.41
Accel: 0.07, 0.10, -0.88
Gyro: 87.38, -10.31, 22.25
Accel: 0.05, 0.04, -0.93
Gyro: 78.53, -9.26, 13.76
Accel: 0.05, 0.02, -0.97
Gyro: 73.27, -4.90, 6.68
Accel: 0.06, -0.04, -0.99
Gyro: 63.93, 1.27, 0.11
Accel: 0.08, -0.00, -0.96
Gyro: 53.25, 4.94, -1.80
Accel: 0.10, -0.00, -0.93
Gyro: 47.61, 4.41, 2.04
Accel: 0.10, -0.05, -0.92
Gyro: 41.70, 1.95, 6.87
Accel: 0.09, -0.09, -0.93
Gyro: 34.17, -0.69, 9.74
Accel: 0.08, -0.10, -0.94
Gyro: 28.11, -3.42, 11.09
Accel: 0.07, -0.14, -0.98
Gyro: 22.93, -1.13, 10.74
Accel: 0.08, -0.16, -0.97
Gyro: 13.74, 2.14, 7.06
Accel: 0.09, -0.11, -0.93
Gyro: 7.47, 0.79, 3.67
Accel: 0.09, -0.10, -0.94
Gyro: 7.88, -3.41, 4.06
Accel: 0.08, -0.12, -0.96
Gyro: 6.07, -4.99, 2.16
Accel: 0.07, -0.11, -0.96
Gyro: 2.73, -5.44, -1.08
Accel: 0.07, -0.09, -0.97
Gyro: 2.20, -5.62, -2.29
Accel: 0.07, -0.10, -0.98
Gyro: 1.27, -3.78, -3.36
Accel: 0.06, -0.09, -0.97
Gyro: -0.92, -1.82, -4.46
Accel: 0.07, -0.08, -0.98
Gyro: -2.24, -0.60, -4.91
Accel: 0.07, -0.07, -0.97
Gyro: -2.26, 0.11, -4.65
Accel: 0.07, -0.07, -0.98
Gyro: -2.22, 0.43, -4.28
Accel: 0.07, -0.08, -0.97
Gyro: -3.43, 0.75, -4.22
Accel: 0.07, -0.07, -0.97
Gyro: -3.88, 1.45, -4.10
Accel: 0.06, -0.06, -0.97
Gyro: -3.76, 1.59, -3.00
Accel: 0.06, -0.07, -0.98
Gyro: -4.29, 3.20, -1.55
Accel: 0.07, -0.05, -0.96
Gyro: -4.52, 4.81, -0.19
Accel: 0.08, -0.06, -0.97
Gyro: -3.40, 5.23, 0.92
Accel: 0.09, -0.07, -0.95
Gyro: -2.52, 5.01, 0.82
Accel: 0.09, -0.08, -0.96
Gyro: -2.30, 4.19, 0.12
Accel: 0.09, -0.08, -0.96
Gyro: -2.18, 3.29, -0.44
Accel: 0.11, -0.08, -0.96
Gyro: -2.91, 3.09, -1.58
Accel: 0.09, -0.09, -0.96
Gyro: -3.16, 2.79, -2.46
Accel: 0.11, -0.09, -0.96
Gyro: -4.97, 2.25, -3.70
Accel: 0.11, -0.06, -0.96
Gyro: -4.56, 2.54, -3.80
Accel: 0.11, -0.07, -0.95
Gyro: -3.56, 1.83, -2.67
Accel: 0.11, -0.07, -0.96
Gyro: -4.14, 0.93, -2.85
Accel: 0.11, -0.06, -0.95
Gyro: -4.22, 0.82, -2.60
Accel: 0.11, -0.05, -0.96
Gyro: -3.64, 1.37, -1.74
Accel: 0.11, -0.05, -0.96
Gyro: -3.66, 2.10, -0.82
Accel: 0.12, -0.04, -0.96
Gyro: -4.09, 1.72, 0.99
Accel: 0.12, -0.04, -0.96
Gyro: -4.81, 0.71, 4.24
Accel: 0.11, -0.05, -0.96
Gyro: -5.71, -0.05, 5.82
Accel: 0.11, -0.07, -0.96
Gyro: -5.32, -0.77, 5.29
Accel: 0.11, -0.07, -0.96
Gyro: -5.27, -1.11, 2.90
Accel: 0.11, -0.08, -0.96
Gyro: -5.36, -1.48, -0.53
Accel: 0.11, -0.07, -0.96
Gyro: -4.47, -1.76, -3.36
Accel: 0.11, -0.06, -0.96
Gyro: -4.34, -1.98, -4.75
Accel: 0.11, -0.05, -0.96
Gyro: -5.04, -2.27, -4.58
Accel: 0.11, -0.04, -0.95
Gyro: -4.89, -2.69, -3.62
