Accel: 0.07, -0.08, -0.97
Gyro: -5.54, 0.76, -1.87
Accel: 0.09, -0.07, -0.97
Gyro: -4.05, 1.55, -1.07
Accel: 0.09, -0.08, -0.96
Gyro: -4.29, 1.29, -1.56
Accel: 0.09, -0.08, -0.96
Gyro: -5.47, 0.85, -2.29
Accel: 0.08, -0.07, -0.97
Gyro: -5.95, 0.96, -2.40
Accel: 0.09, -0.06, -0.96
Gyro: -6.01, 1.39, -2.00
Accel: 0.10, -0.05, -0.96
Gyro: -5.95, 1.02, -1.50
Accel: 0.09, -0.05, -0.96
Gyro: -4.39, 0.42, -0.05
Accel: 0.09, -0.07, -0.96
Gyro: -4.54, 0.31, 0.03
Accel: 0.09, -0.06, -0.97
Gyro: -3.67, 0.69, 0.11
Accel: 0.09, -0.08, -0.96
Gyro: -4.27, 1.43, -0.04
Accel: 0.10, -0.08, -0.96
Gyro: -6.16, 1.37, -1.49
Accel: 0.09, -0.08, -0.97
Gyro: -7.84, 1.82, -1.79
Accel: 0.09, -0.09, -0.98
Gyro: -11.22, 3.20, -1.28
Accel: 0.10, -0.10, -0.97
Gyro: -16.72, 4.22, -0.08
Accel: 0.09, -0.08, -0.98
Gyro: -23.29, 5.81, 0.85
Accel: 0.10, -0.05, -0.99
Gyro: -27.21, 7.27, 2.75
Accel: 0.09, -0.07, -1.03
Gyro: -35.69, 14.47, 7.63
Accel: 0.12, -0.08, -0.93
Gyro: -46.28, 17.65, 11.83
Accel: 0.13, -0.07, -0.91
Gyro: -54.99, 13.09, 14.34
Accel: 0.12, -0.10, -0.94
Gyro: -62.00, 11.52, 11.27
Accel: 0.11, -0.15, -0.96
Gyro: -74.71, 15.71, 0.98
Accel: 0.13, -0.10, -0.94
Gyro: -80.76, 16.10, -14.50
Accel: 0.13, -0.03, -0.91
Gyro: -86.62, 17.62, -30.93
Accel: 0.15, 0.03, -0.85
Gyro: -88.26, 14.39, -46.59
Accel: 0.15, 0.12, -0.84
Gyro: -91.03, 10.85, -61.55
Accel: 0.15, 0.25, -0.81
Gyro: -91.09, 8.53, -67.83
Accel: 0.14, 0.32, -0.78
Gyro: -91.38, 3.78, -68.86
Accel: 0.13, 0.37, -0.74
Gyro: -96.38, -0.05, -67.76
Accel: 0.12, 0.47, -0.73
Gyro: -97.87, -5.46, -64.74
Accel: 0.11, 0.59, -0.72
Gyro: -97.75, -7.34, -59.09
Accel: 0.09, 0.66, -0.71
Gyro: -88.24, -10.92, -53.43
Accel: 0.07, 0.79, -0.70
Gyro: -79.48, -12.34, -50.32
Accel: 0.05, 0.90, -0.70
Gyro: -60.95, -13.76, -41.99
Accel: 0.03, 0.92, -0.72
Gyro: -39.62, -13.74, -31.28
Accel: -0.01, 0.89, -0.71
Gyro: -26.84, -11.02, -22.74
Accel: -0.02, 0.90, -0.68
Gyro: -18.23, -11.36, -15.98
Accel: -0.04, 0.91, -0.72
Gyro: -8.79, -9.94, -8.77
Accel: -0.04, 0.91, -0.72
Gyro: 1.58, -6.36, 1.17
Accel: -0.05, 0.87, -0.69
Gyro: 9.94, -5.55, 9.37
Accel: -0.06, 0.88, -0.73
Gyro: 19.65, -4.98, 16.75
Accel: -0.05, 0.86, -0.74
Gyro: 31.58, -2.07, 24.18
Accel: -0.05, 0.86, -0.73
Gyro: 43.00, 0.37, 32.70
Accel: -0.03, 0.80, -0.69
Gyro: 56.63, -0.24, 39.40
Accel: -0.02, 0.71, -0.69
Gyro: 68.46, -3.54, 39.58
Accel: -0.01, 0.64, -0.69
Gyro: 80.40, -7.71, 37.77
Accel: 0.01, 0.53, -0.73
Gyro: 87.10, -10.95, 32.73
Accel: 0.01, 0.48, -0.79
Gyro: 90.08, -12.64, 26.77
Accel: 0.01, 0.41, -0.86
Gyro: 93.12, -7.68, 24.67
Accel: 0.02, 0.34, -0.88
Gyro: 89.43, -1.21, 22.43
Accel: 0.05, 0.27, -0.87
Gyro: 84.32, 1.34, 20.91
Accel: 0.07, 0.21, -0.88
Gyro: 78.26, 0.57, 18.47
Accel: 0.07, 0.17, -0.91
Gyro: 70.43, 0.32, 15.35
Accel: 0.08, 0.15, -0.92
Gyro: 65.48, 1.37, 13.67
Accel: 0.08, 0.13, -0.94
Gyro: 63.22, 1.82, 13.60
Accel: 0.09, 0.10, -0.93
Gyro: 59.99, 2.16, 13.54
Accel: 0.10, 0.07, -0.95
Gyro: 56.91, 2.59, 14.72
Accel: 0.11, 0.03, -0.94
Gyro: 50.28, 3.31, 17.49
Accel: 0.11, -0.02, -0.93
Gyro: 43.20, 2.41, 19.92
Accel: 0.11, -0.06, -0.93
Gyro: 35.48, 1.11, 20.35
Accel: 0.11, -0.13, -0.94
Gyro: 30.81, -0.15, 13.24
Accel: 0.10, -0.12, -0.94
Gyro: 28.30, -2.40, 6.35
Accel: 0.10, -0.09, -0.95
Gyro: 24.05, -3.64, 2.27
Accel: 0.10, -0.06, -0.99
Gyro: 22.43, -3.33, 4.18
Accel: 0.08, -0.08, -0.96
Gyro: 17.89, 0.17, 7.29
Accel: 0.08, -0.08, -0.94
Gyro: 14.79, -0.98, 8.09
Accel: 0.07, -0.12, -0.94
Gyro: 10.99, -3.23, 7.95
Accel: 0.08, -0.14, -0.96
Gyro: 4.47, -3.40, 5.67
Accel: 0.08, -0.10, -0.97
Gyro: 0.10, -3.27, 3.40
Accel: 0.07, -0.12, -0.97
Gyro: -1.30, -3.41, 2.83
Accel: 0.07, -0.11, -0.96
Gyro: -4.76, -3.44, 0.08
Accel: 0.07, -0.09, -0.98
Gyro: -6.29, -2.70, -1.75
Accel: 0.07, -0.07, -0.98
Gyro: -5.52, -1.46, -2.72
Accel: 0.07, -0.08, -0.97
Gyro: -6.14, 0.40, -4.04
Accel: 0.09, -0.07, -0.96
Gyro: -6.38, 0.70, -5.03
Accel: 0.09, -0.06, -0.97
Gyro: -6.65, 0.37, -5.32
Accel: 0.09, -0.04, -0.97
Gyro: -6.62, 1.42, -5.57
Accel: 0.09, -0.04, -0.97
Gyro: -4.96, 1.80, -3.97
Accel: 0.09, -0.04, -0.96
Gyro: -5.01, 1.64, -3.53
Accel: 0.09, -0.04, -0.96
Gyro: -4.84, 1.12, -3.04
Accel: 0.09, -0.04, -0.96
Gyro: -3.81, 0.61, -2.04
Accel: 0.09, -0.04, -0.97
Gyro: -3.27, 0.50, -1.14
Accel: 0.09, -0.05, -0.97
Gyro: -2.77, 0.72, -0.40
Accel: 0.09, -0.04, -0.96
Gyro: -2.28, 0.48, 0.27
Accel: 0.09, -0.06, -0.95
Gyro: -2.07, -0.04, 0.54
Accel: 0.10, -0.06, -0.97
Gyro: -2.49, -0.56, -0.18
Accel: 0.09, -0.06, -0.97
Gyro: -2.73, -0.30, -0.73
Accel: 0.09, -0.06, -0.96
Gyro: -2.51, -0.37, -1.11
Accel: 0.09, -0.06, -0.96
Gyro: -2.78, -0.53, -1.31
Accel: 0.08, -0.06, -0.96
Gyro: -3.36, -0.85, -1.37
Accel: 0.09, -0.06, -0.97
Gyro: -4.20, -0.44, -1.91
Accel: 0.10, -0.03, -0.96
Gyro: -4.01, -0.48, -2.19
Accel: 0.10, -0.05, -0.96
Gyro: -2.27, -1.41, -1.14
Accel: 0.09, -0.06, -0.97
Gyro: -3.32, -1.37, -1.63
Accel: 0.09, -0.04, -0.97
Gyro: -3.58, -1.24, -1.73
Accel: 0.09, -0.04, -0.96
Gyro: -3.01, -0.42, -1.30
Accel: 0.10, -0.06, -0.97
Gyro: -3.66, -0.35, -1.39
Accel: 0.09, -0.05, -0.97
Gyro: -4.69, -0.34, -1.96
Accel: 0.09, -0.04, -0.98
Gyro: -4.66, 0.60, -1.82
Accel: 0.09, -0.04, -0.99
Gyro: -5.01, 3.40, -1.78
Accel: 0.09, -0.04, -0.99
Gyro: -3.62, 6.60, -0.88
