Accel: 0.10, -0.04, -0.96
Gyro: -5.82, 0.33, -1.27
Accel: 0.11, -0.03, -0.96
Gyro: -5.74, -0.48, -1.82
Accel: 0.11, -0.03, -0.96
Gyro: -5.94, -1.17, -2.65
Accel: 0.10, -0.02, -0.95
Gyro: -5.61, -1.85, -3.56
Accel: 0.10, -0.03, -0.96
Gyro: -4.51, -1.86, -3.47
Accel: 0.09, -0.02, -0.97
Gyro: -4.33, -1.85, -3.10
Accel: 0.10, -0.02, -0.96
Gyro: -4.23, -1.53, -2.90
Accel: 0.09, -0.03, -0.97
Gyro: -4.13, -1.26, -2.69
Accel: 0.10, -0.03, -0.96
Gyro: -3.94, -0.78, -3.22
Accel: 0.10, -0.03, -0.96
Gyro: -4.16, -0.51, -3.45
Accel: 0.10, -0.05, -0.96
Gyro: -4.68, -0.81, -4.52
Accel: 0.10, -0.06, -0.97
Gyro: -6.61, -0.53, -5.81
Accel: 0.08, -0.10, -0.99
Gyro: -12.77, 2.15, -6.00
Accel: 0.07, -0.17, -1.01
Gyro: -27.19, 7.20, -6.63
Accel: 0.07, -0.25, -0.96
Gyro: -47.10, 10.44, -11.09
Accel: 0.09, -0.27, -0.96
Gyro: -73.02, 13.02, -20.76
Accel: 0.11, -0.13, -0.92
Gyro: -91.37, 13.82, -26.24
Accel: 0.13, -0.02, -0.90
Gyro: -104.70, 14.14, -21.66
Accel: 0.14, 0.10, -0.87
Gyro: -116.12, 13.37, -13.29
Accel: 0.15, 0.20, -0.81
Gyro: -120.44, 8.25, -9.06
Accel: 0.15, 0.27, -0.76
Gyro: -123.50, 0.63, -8.16
Accel: 0.14, 0.39, -0.80
Gyro: -124.84, 0.41, -12.44
Accel: 0.14, 0.50, -0.80
Gyro: -113.27, 3.66, -15.53
Accel: 0.14, 0.51, -0.76
Gyro: -103.99, 8.98, -22.06
Accel: 0.15, 0.61, -0.73
Gyro: -93.23, 9.29, -33.88
Accel: 0.16, 0.72, -0.68
Gyro: -74.02, 3.72, -40.84
Accel: 0.13, 0.80, -0.69
Gyro: -54.13, -3.76, -42.57
Accel: 0.10, 0.86, -0.72
Gyro: -38.12, -7.67, -39.80
Accel: 0.06, 0.87, -0.72
Gyro: -22.29, -9.17, -31.06
Accel: 0.04, 0.89, -0.75
Gyro: -9.74, -8.75, -20.64
Accel: 0.04, 0.89, -0.78
Gyro: 1.34, -4.56, -6.34
Accel: 0.05, 0.86, -0.75
Gyro: 10.76, -1.59, 7.03
Accel: 0.06, 0.85, -0.72
Gyro: 21.41, -2.94, 16.88
Accel: 0.06, 0.82, -0.73
Gyro: 36.41, -5.28, 23.87
Accel: 0.06, 0.80, -0.74
Gyro: 52.67, -7.67, 27.56
Accel: 0.06, 0.76, -0.75
Gyro: 71.37, -8.57, 33.41
Accel: 0.06, 0.64, -0.76
Gyro: 83.18, -7.61, 35.95
Accel: 0.08, 0.57, -0.80
Gyro: 94.56, -3.77, 33.08
Accel: 0.10, 0.47, -0.76
Gyro: 111.48, -4.01, 26.63
Accel: 0.11, 0.36, -0.76
Gyro: 118.23, -9.28, 19.02
Accel: 0.10, 0.28, -0.81
Gyro: 114.01, -12.86, 15.83
Accel: 0.09, 0.18, -0.87
Gyro: 104.32, -11.60, 15.54
Accel: 0.09, 0.07, -0.92
Gyro: 90.87, -7.52, 12.31
Accel: 0.09, 0.04, -0.97
Gyro: 75.39, -1.95, 7.84
Accel: 0.09, -0.03, -0.96
Gyro: 59.65, 3.00, 5.90
Accel: 0.11, -0.01, -0.97
Gyro: 46.55, 7.23, 2.36
Accel: 0.13, -0.01, -0.92
Gyro: 42.24, 8.00, 4.23
Accel: 0.14, -0.03, -0.90
Gyro: 37.32, 2.13, 6.04
Accel: 0.13, -0.07, -0.93
Gyro: 32.46, -2.46, 4.69
Accel: 0.12, -0.10, -0.97
Gyro: 28.05, -3.66, 1.14
Accel: 0.11, -0.07, -0.97
Gyro: 25.86, -2.68, -2.40
Accel: 0.10, -0.09, -0.98
Gyro: 24.39, -1.64, -5.31
Accel: 0.10, -0.09, -0.97
Gyro: 23.51, 0.27, -10.18
Accel: 0.11, -0.07, -0.96
Gyro: 24.55, 2.19, -14.49
Accel: 0.12, -0.06, -0.93
Gyro: 25.67, 1.07, -15.81
Accel: 0.13, -0.08, -0.93
Gyro: 24.12, -2.82, -13.15
Accel: 0.12, -0.08, -0.94
Gyro: 17.72, -6.51, -8.60
Accel: 0.11, -0.09, -0.95
Gyro: 12.75, -8.19, -2.69
Accel: 0.10, -0.11, -0.96
Gyro: 6.90, -8.51, 1.73
Accel: 0.10, -0.09, -0.97
Gyro: 3.30, -7.61, 4.26
Accel: 0.09, -0.11, -0.97
Gyro: 3.16, -6.77, 6.65
Accel: 0.09, -0.15, -0.97
Gyro: 0.08, -6.17, 5.13
Accel: 0.08, -0.12, -0.98
Gyro: -1.65, -5.26, 2.94
Accel: 0.08, -0.12, -0.97
Gyro: -0.78, -3.91, 1.88
Accel: 0.08, -0.13, -0.96
Gyro: -1.83, -2.36, 0.19
Accel: 0.09, -0.12, -0.95
Gyro: -3.17, -1.72, -0.63
Accel: 0.09, -0.11, -0.97
Gyro: -4.43, -1.39, -0.82
Accel: 0.09, -0.10, -0.96
Gyro: -4.55, -1.09, -1.21
Accel: 0.10, -0.11, -0.96
Gyro: -3.36, -1.66, -0.74
Accel: 0.09, -0.11, -0.95
Gyro: -3.52, -2.33, -1.30
Accel: 0.09, -0.11, -0.96
Gyro: -3.82, -2.54, -2.12
Accel: 0.08, -0.11, -0.95
Gyro: -2.86, -2.62, -2.05
Accel: 0.08, -0.11, -0.96
Gyro: -2.51, -2.78, -2.01
Accel: 0.08, -0.11, -0.96
Gyro: -2.72, -3.18, -2.26
Accel: 0.08, -0.12, -0.96
Gyro: -3.07, -3.39, -2.39
Accel: 0.08, -0.12, -0.97
Gyro: -3.56, -3.30, -2.74
Accel: 0.06, -0.11, -0.98
Gyro: -4.73, -1.30, -1.64
Accel: 0.07, -0.12, -0.97
Gyro: -7.40, 0.22, -0.88
Accel: 0.08, -0.11, -0.96
Gyro: -8.52, 0.35, -1.14
Accel: 0.08, -0.12, -0.96
Gyro: -8.80, 0.24, -3.14
Accel: 0.08, -0.10, -0.97
Gyro: -8.03, -0.05, -6.19
Accel: 0.08, -0.09, -0.96
Gyro: -4.96, -0.76, -7.67
Accel: 0.08, -0.09, -0.96
Gyro: -4.18, -1.34, -9.28
Accel: 0.09, -0.07, -0.96
Gyro: -4.34, -1.69, -9.35
Accel: 0.09, -0.06, -0.96
Gyro: -4.20, -1.87, -7.66
Accel: 0.08, -0.06, -0.96
Gyro: -3.72, -2.05, -5.05
Accel: 0.08, -0.06, -0.96
Gyro: -3.48, -2.81, -2.51
Accel: 0.08, -0.07, -0.96
Gyro: -2.88, -3.73, 0.10
Accel: 0.07, -0.08, -0.96
Gyro: -3.75, -3.29, 0.95
Accel: 0.07, -0.08, -0.97
Gyro: -3.01, -2.75, 1.36
Accel: 0.07, -0.09, -0.98
Gyro: -3.13, -1.69, 0.63
Accel: 0.06, -0.09, -0.97
Gyro: -3.72, -0.47, -0.41
Accel: 0.07, -0.07, -0.97
Gyro: -3.16, 0.56, -0.55
Accel: 0.07, -0.08, -0.97
Gyro: -2.83, 1.30, -0.31
Accel: 0.07, -0.08, -0.97
Gyro: -3.05, 1.62, -0.13
Accel: 0.08, -0.08, -0.96
Gyro: -2.66, 1.42, 0.45
Accel: 0.08, -0.08, -0.97
Gyro: -2.80, 1.14, 0.24
Accel: 0.09, -0.08, -0.96
Gyro: -2.75, 0.87, -0.14
Accel: 0.08, -0.09, -0.95
Gyro: -2.59, 0.50, -0.11
Accel: 0.09, -0.08, -0.97
Gyro: -3.43, -0.06, -0.39
Accel: 0.08, -0.10, -0.97
Gyro: -4.12, 0.24, -0.81
