Accel: 0.11, -0.11, -0.96
Gyro: -3.29, -0.08, -2.08
Accel: 0.11, -0.11, -0.95
Gyro: -3.25, -0.49, -2.14
Accel: 0.11, -0.11, -0.96
Gyro: -3.46, -1.15, -1.98
Accel: 0.11, -0.10, -0.96
Gyro: -3.74, -0.95, -2.10
Accel: 0.11, -0.11, -0.96
Gyro: -3.37, -0.51, -1.58
Accel: 0.10, -0.12, -0.97
Gyro: -4.00, 0.15, -1.79
Accel: 0.10, -0.11, -0.96
Gyro: -4.37, 0.28, -1.96
Accel: 0.11, -0.12, -0.96
Gyro: -4.25, -0.18, -2.32
Accel: 0.11, -0.11, -0.96
Gyro: -4.34, -0.15, -2.86
Accel: 0.10, -0.12, -0.96
Gyro: -4.37, 0.25, -3.07
Accel: 0.11, -0.11, -0.96
Gyro: -4.65, -0.02, -3.21
Accel: 0.12, -0.11, -0.95
Gyro: -5.16, -0.17, -3.51
Accel: 0.11, -0.10, -0.95
Gyro: -5.49, 0.04, -3.77
Accel: 0.11, -0.09, -0.95
Gyro: -5.30, 0.00, -3.86
Accel: 0.11, -0.09, -0.96
Gyro: -5.24, 0.12, -3.98
Accel: 0.11, -0.09, -0.96
Gyro: -4.54, 0.39, -3.81
Accel: 0.12, -0.09, -0.96
Gyro: -5.07, 0.37, -4.00
Accel: 0.12, -0.07, -0.96
Gyro: -4.08, 0.49, -3.58
Accel: 0.11, -0.08, -0.96
Gyro: -2.71, 0.17, -2.14
Accel: 0.12, -0.09, -0.95
Gyro: -3.34, 0.08, -2.20
Accel: 0.11, -0.08, -0.95
Gyro: -3.68, -0.26, -2.05
Accel: 0.11, -0.08, -0.96
Gyro: -3.16, -0.16, -1.92
Accel: 0.11, -0.09, -0.97
Gyro: -3.49, 0.50, -2.26
Accel: 0.12, -0.09, -0.95
Gyro: -4.15, 0.12, -2.29
Accel: 0.12, -0.10, -0.97
Gyro: -6.35, -0.14, -2.07
Accel: 0.11, -0.09, -0.98
Gyro: -10.25, 3.58, 0.60
Accel: 0.11, -0.17, -0.95
Gyro: -17.56, 3.38, 5.62
Accel: 0.11, -0.27, -0.97
Gyro: -37.80, 3.90, 2.45
Accel: 0.11, -0.25, -0.96
Gyro: -55.86, 5.17, -2.17
Accel: 0.10, -0.29, -0.96
Gyro: -70.53, 7.33, -11.47
Accel: 0.11, -0.34, -0.96
Gyro: -91.02, 11.48, -29.90
Accel: 0.12, -0.26, -0.88
Gyro: -108.11, 13.54, -51.45
Accel: 0.10, -0.13, -0.86
Gyro: -117.52, 12.66, -70.36
Accel: 0.09, 0.03, -0.86
Gyro: -123.29, 14.92, -80.54
Accel: 0.12, 0.27, -0.77
Gyro: -128.78, 12.92, -81.21
Accel: 0.13, 0.47, -0.71
Gyro: -120.92, 2.37, -63.45
Accel: 0.10, 0.48, -0.74
Gyro: -119.91, -5.78, -48.36
Accel: 0.09, 0.58, -0.72
Gyro: -116.61, -8.67, -41.11
Accel: 0.07, 0.73, -0.73
Gyro: -99.77, -11.33, -37.23
Accel: 0.01, 0.78, -0.79
Gyro: -78.19, -8.53, -37.51
Accel: 0.01, 0.86, -0.79
Gyro: -61.13, -1.26, -35.17
Accel: 0.02, 0.91, -0.74
Gyro: -36.43, -0.50, -29.72
Accel: 0.01, 0.93, -0.74
Gyro: -18.54, 1.17, -20.07
Accel: 0.02, 0.93, -0.72
Gyro: -5.20, 1.24, -7.77
Accel: 0.03, 0.90, -0.71
Gyro: 7.21, -1.63, 3.81
Accel: 0.04, 0.92, -0.75
Gyro: 19.98, -2.58, 16.33
Accel: 0.05, 0.96, -0.74
Gyro: 36.06, -1.53, 34.87
Accel: 0.04, 0.83, -0.73
Gyro: 48.16, -0.26, 55.73
Accel: 0.06, 0.72, -0.71
Gyro: 55.32, -3.06, 64.70
Accel: 0.07, 0.68, -0.73
Gyro: 69.72, -7.23, 64.59
Accel: 0.07, 0.59, -0.76
Gyro: 91.78, -10.80, 64.07
Accel: 0.09, 0.52, -0.78
Gyro: 103.58, -7.41, 58.62
Accel: 0.10, 0.45, -0.76
Gyro: 116.71, -8.14, 57.94
Accel: 0.12, 0.29, -0.78
Gyro: 122.15, -8.78, 55.07
Accel: 0.15, 0.15, -0.81
Gyro: 118.19, -10.39, 49.10
Accel: 0.15, 0.03, -0.88
Gyro: 108.12, -10.26, 38.31
Accel: 0.15, 0.02, -0.88
Gyro: 98.93, -10.37, 30.01
Accel: 0.15, -0.01, -0.89
Gyro: 93.26, -12.54, 26.60
Accel: 0.15, -0.05, -0.89
Gyro: 86.54, -16.11, 26.33
Accel: 0.12, -0.11, -0.90
Gyro: 77.83, -18.76, 26.70
Accel: 0.10, -0.21, -0.95
Gyro: 65.40, -17.51, 26.02
Accel: 0.09, -0.21, -0.99
Gyro: 50.41, -13.04, 23.95
Accel: 0.08, -0.22, -0.95
Gyro: 44.82, -9.83, 24.70
Accel: 0.08, -0.28, -0.95
Gyro: 37.14, -7.48, 22.02
Accel: 0.07, -0.32, -0.94
Gyro: 27.69, -5.67, 17.82
Accel: 0.07, -0.32, -0.94
Gyro: 17.62, -5.42, 12.50
Accel: 0.07, -0.30, -0.94
Gyro: 11.76, -5.74, 8.43
Accel: 0.06, -0.29, -0.94
Gyro: 7.56, -5.70, 4.18
Accel: 0.07, -0.31, -0.94
Gyro: 2.00, -5.16, -0.51
Accel: 0.07, -0.28, -0.94
Gyro: -3.28, -4.66, -4.68
Accel: 0.07, -0.25, -0.95
Gyro: -5.68, -5.05, -6.50
Accel: 0.07, -0.25, -0.97
Gyro: -7.69, -3.82, -9.23
Accel: 0.06, -0.23, -0.97
Gyro: -6.56, -0.60, -13.24
Accel: 0.07, -0.21, -0.95
Gyro: -6.77, 0.95, -16.17
Accel: 0.08, -0.17, -0.93
Gyro: -5.17, -0.12, -15.75
Accel: 0.08, -0.15, -0.93
Gyro: -6.03, -2.01, -13.22
Accel: 0.07, -0.15, -0.95
Gyro: -6.75, -2.36, -10.20
Accel: 0.08, -0.16, -0.96
Gyro: -7.84, -1.51, -8.98
Accel: 0.08, -0.16, -0.95
Gyro: -8.15, -1.28, -7.89
Accel: 0.08, -0.15, -0.94
Gyro: -7.10, -1.85, -6.13
Accel: 0.08, -0.16, -0.95
Gyro: -6.45, -2.33, -4.36
Accel: 0.08, -0.15, -0.95
Gyro: -6.45, -2.43, -3.05
Accel: 0.08, -0.16, -0.95
Gyro: -6.61, -2.35, -1.64
Accel: 0.07, -0.16, -0.96
Gyro: -7.59, -1.91, -0.28
Accel: 0.07, -0.14, -0.96
Gyro: -9.29, -0.59, 2.42
Accel: 0.07, -0.15, -0.96
Gyro: -11.93, 0.87, 5.36
Accel: 0.07, -0.14, -0.96
Gyro: -13.15, 2.62, 6.26
Accel: 0.07, -0.14, -0.94
Gyro: -9.78, 1.29, 6.22
Accel: 0.07, -0.15, -0.93
Gyro: -6.74, -0.84, 4.14
Accel: 0.08, -0.15, -0.94
Gyro: -5.32, -2.30, 1.98
Accel: 0.07, -0.15, -0.95
Gyro: -5.11, -2.88, 0.73
Accel: 0.08, -0.14, -0.96
Gyro: -5.68, -2.30, 0.60
Accel: 0.07, -0.14, -0.96
Gyro: -6.26, -2.27, 0.59
Accel: 0.08, -0.15, -0.96
Gyro: -6.78, -1.59, -0.15
Accel: 0.07, -0.14, -0.96
Gyro: -6.75, -0.65, -1.29
Accel: 0.08, -0.13, -0.95
Gyro: -5.08, -0.57, -1.54
Accel: 0.07, -0.14, -0.97
Gyro: -4.14, -0.07, -1.70
Accel: 0.08, -0.14, -0.96
Gyro: -4.12, 0.77, -1.89
Accel: 0.08, -0.13, -0.96
Gyro: -3.94, 0.95, -1.82
Accel: 0.09, -0.13, -0.96
Gyro: -4.30, 0.80, -2.04
Accel: 0.08, -0.14, -0.95
Gyro: -4.84, 0.68, -2.67
