Accel: 0.04, -0.08, -0.96
Gyro: -2.98, -0.59, -2.01
Accel: 0.06, -0.07, -0.96
Gyro: -3.51, -0.45, -1.94
Accel: 0.05, -0.07, -0.97
Gyro: -3.32, 0.04, -1.58
Accel: 0.06, -0.07, -0.96
Gyro: -3.46, 0.80, -1.75
Accel: 0.06, -0.08, -0.95
Gyro: -3.48, 0.41, -2.20
Accel: 0.06, -0.07, -0.96
Gyro: -3.42, -0.17, -2.28
Accel: 0.07, -0.07, -0.97
Gyro: -3.56, -0.05, -2.38
Accel: 0.06, -0.06, -0.96
Gyro: -2.84, -0.08, -1.79
Accel: 0.06, -0.07, -0.96
Gyro: -3.43, -0.11, -1.81
Accel: 0.06, -0.07, -0.97
Gyro: -4.16, 0.22, -1.84
Accel: 0.06, -0.06, -0.97
Gyro: -3.72, 0.23, -2.04
Accel: 0.05, -0.06, -0.97
Gyro: -3.25, 0.42, -2.32
Accel: 0.06, -0.06, -0.97
Gyro: -3.39, 0.94, -2.47
Accel: 0.06, -0.06, -0.97
Gyro: -3.45, 1.11, -2.18
Accel: 0.06, -0.07, -0.96
Gyro: -4.05, 1.02, -2.08
Accel: 0.06, -0.08, -0.95
Gyro: -5.43, 0.58, -3.04
Accel: 0.06, -0.10, -0.97
Gyro: -7.34, 0.22, -4.98
Accel: 0.06, -0.11, -0.97
Gyro: -9.90, 0.23, -7.55
Accel: 0.06, -0.10, -0.98
Gyro: -13.36, 1.34, -9.71
Accel: 0.06, -0.10, -0.97
Gyro: -18.89, 3.08, -10.11
Accel: 0.04, -0.14, -1.02
Gyro: -35.45, 8.09, -10.13
Accel: 0.06, -0.07, -0.98
Gyro: -59.58, 18.45, -5.18
Accel: 0.07, -0.08, -0.98
Gyro: -69.01, 18.41, 3.24
Accel: 0.07, -0.11, -0.96
Gyro: -79.20, 18.78, 3.55
Accel: 0.09, -0.07, -0.97
Gyro: -86.10, 23.41, -0.63
Accel: 0.11, -0.01, -0.91
Gyro: -89.28, 24.19, -8.88
Accel: 0.14, 0.06, -0.88
Gyro: -89.80, 20.79, -17.46
Accel: 0.16, 0.12, -0.86
Gyro: -90.07, 17.44, -23.31
Accel: 0.18, 0.20, -0.82
Gyro: -90.96, 13.05, -27.87
Accel: 0.19, 0.28, -0.79
Gyro: -90.07, 5.84, -32.21
Accel: 0.18, 0.35, -0.77
Gyro: -87.52, -0.15, -32.92
Accel: 0.15, 0.38, -0.75
Gyro: -90.03, -4.95, -34.01
Accel: 0.14, 0.45, -0.75
Gyro: -93.89, -7.57, -35.30
Accel: 0.13, 0.53, -0.70
Gyro: -97.40, -9.44, -35.03
Accel: 0.10, 0.61, -0.69
Gyro: -93.58, -15.97, -36.93
Accel: 0.06, 0.68, -0.75
Gyro: -87.35, -15.19, -39.54
Accel: 0.03, 0.78, -0.76
Gyro: -74.36, -9.76, -40.10
Accel: 0.02, 0.84, -0.70
Gyro: -50.15, -8.56, -40.43
Accel: -0.02, 0.80, -0.70
Gyro: -44.56, -1.31, -43.10
Accel: -0.01, 0.86, -0.69
Gyro: -42.98, 2.95, -39.95
Accel: -0.02, 0.93, -0.68
Gyro: -30.68, 4.31, -31.90
Accel: -0.02, 0.92, -0.64
Gyro: -21.53, 2.48, -20.33
Accel: -0.03, 0.90, -0.64
Gyro: -11.80, -0.37, -13.27
Accel: -0.04, 0.88, -0.66
Gyro: -1.85, 0.30, -8.67
Accel: -0.02, 0.85, -0.65
Gyro: 4.59, 0.47, -4.28
Accel: -0.01, 0.85, -0.61
Gyro: 11.70, -2.82, 2.21
Accel: -0.03, 0.83, -0.63
Gyro: 13.08, -4.91, 7.71
Accel: -0.03, 0.87, -0.66
Gyro: 19.35, -7.73, 12.63
Accel: -0.05, 0.90, -0.71
Gyro: 27.84, -5.17, 20.75
Accel: -0.04, 0.86, -0.70
Gyro: 38.44, -2.59, 27.19
Accel: -0.04, 0.88, -0.69
Gyro: 53.17, -3.03, 33.25
Accel: -0.03, 0.77, -0.70
Gyro: 71.87, -3.82, 34.65
Accel: -0.02, 0.68, -0.74
Gyro: 84.46, -3.27, 30.36
Accel: 0.01, 0.63, -0.73
Gyro: 91.42, -2.40, 28.69
Accel: 0.03, 0.51, -0.73
Gyro: 97.19, -4.62, 26.62
Accel: 0.05, 0.39, -0.76
Gyro: 97.19, -7.23, 18.10
Accel: 0.04, 0.40, -0.83
Gyro: 93.85, -7.12, 11.83
Accel: 0.05, 0.34, -0.89
Gyro: 95.12, -2.37, 9.72
Accel: 0.05, 0.24, -0.88
Gyro: 91.58, 2.04, 4.98
Accel: 0.05, 0.21, -0.91
Gyro: 84.72, 3.14, -1.88
Accel: 0.05, 0.20, -0.93
Gyro: 84.18, 4.49, -1.33
Accel: 0.07, 0.12, -0.93
Gyro: 80.24, 8.39, -3.90
Accel: 0.09, 0.11, -0.93
Gyro: 73.39, 10.76, -6.94
Accel: 0.10, 0.09, -0.94
Gyro: 69.95, 11.00, -4.38
Accel: 0.12, 0.07, -0.93
Gyro: 62.49, 11.15, -0.25
Accel: 0.13, 0.06, -0.91
Gyro: 56.83, 7.35, 7.58
Accel: 0.13, -0.01, -0.91
Gyro: 49.91, 3.58, 14.97
Accel: 0.11, -0.09, -0.94
Gyro: 36.64, 2.01, 17.20
Accel: 0.11, -0.08, -0.95
Gyro: 27.77, 2.38, 19.13
Accel: 0.10, -0.11, -0.94
Gyro: 22.47, 2.17, 20.23
Accel: 0.11, -0.12, -0.96
Gyro: 16.78, 0.91, 18.55
Accel: 0.11, -0.13, -0.95
Gyro: 12.66, 0.55, 15.92
Accel: 0.11, -0.16, -0.95
Gyro: 11.30, -0.37, 12.69
Accel: 0.10, -0.16, -0.94
Gyro: 6.19, -0.68, 7.88
Accel: 0.11, -0.15, -0.94
Gyro: 4.27, -1.85, 4.31
Accel: 0.09, -0.13, -0.96
Gyro: 2.27, -2.60, 2.24
Accel: 0.09, -0.12, -0.97
Gyro: 1.10, -2.56, 0.97
Accel: 0.09, -0.12, -0.96
Gyro: -0.66, -1.88, 0.24
Accel: 0.08, -0.12, -0.97
Gyro: -2.78, -1.63, -0.27
Accel: 0.08, -0.11, -0.96
Gyro: -4.88, -0.69, -1.11
Accel: 0.10, -0.10, -0.97
Gyro: -6.09, -0.34, -1.70
Accel: 0.09, -0.08, -0.96
Gyro: -6.38, -0.08, -1.95
Accel: 0.10, -0.08, -0.96
Gyro: -5.74, -0.53, -2.16
Accel: 0.09, -0.07, -0.95
Gyro: -5.41, -1.50, -1.64
Accel: 0.10, -0.07, -0.95
Gyro: -5.07, -1.81, -0.70
Accel: 0.09, -0.06, -0.97
Gyro: -5.55, -2.24, 0.37
Accel: 0.10, -0.06, -0.96
Gyro: -5.87, -2.75, 1.68
Accel: 0.10, -0.05, -0.95
Gyro: -5.99, -3.96, 2.69
Accel: 0.09, -0.06, -0.96
Gyro: -5.81, -4.76, 3.50
Accel: 0.07, -0.08, -0.97
Gyro: -7.41, -3.68, 2.62
Accel: 0.07, -0.06, -0.98
Gyro: -6.36, -1.22, 2.49
Accel: 0.09, -0.06, -0.97
Gyro: -4.43, -0.11, 2.31
Accel: 0.08, -0.07, -0.97
Gyro: -4.10, 0.19, 0.41
Accel: 0.08, -0.06, -0.97
Gyro: -4.23, 0.31, -0.85
Accel: 0.09, -0.06, -0.97
Gyro: -3.74, 0.56, -1.56
Accel: 0.08, -0.06, -0.96
Gyro: -3.54, 1.43, -1.42
Accel: 0.09, -0.05, -0.96
Gyro: -3.35, 0.95, -0.96
Accel: 0.10, -0.05, -0.96
Gyro: -3.67, 0.43, -0.92
Accel: 0.10, -0.05, -0.97
Gyro: -3.18, 0.05, -0.79
Accel: 0.09, -0.05, -0.96
Gyro: -2.31, -0.11, -0.21
Accel: 0.10, -0.06, -0.97
Gyro: -2.81, -0.11, -0.24
