Accel: -0.22, -0.09, -0.98
Gyro: 5.74, 14.18, 1.49
Accel: -0.20, -0.10, -0.98
Gyro: 5.11, 15.58, 0.92
Accel: -0.19, -0.09, -0.98
Gyro: 4.46, 17.87, 0.56
Accel: -0.16, -0.11, -0.96
Gyro: 2.22, 18.41, -0.57
Accel: -0.15, -0.11, -0.96
Gyro: -0.52, 18.33, -2.24
Accel: -0.12, -0.10, -0.92
Gyro: -2.85, 15.96, -3.86
Accel: -0.13, -0.09, -0.94
Gyro: -5.68, 13.05, -5.89
Accel: -0.13, -0.09, -0.94
Gyro: -8.20, 11.36, -7.51
Accel: -0.13, -0.07, -0.95
Gyro: -8.84, 10.11, -8.75
Accel: -0.13, -0.06, -0.94
Gyro: -8.69, 9.33, -9.36
Accel: -0.13, -0.05, -0.95
Gyro: -8.30, 7.16, -9.85
Accel: -0.12, -0.04, -0.95
Gyro: -7.75, 5.72, -9.60
Accel: -0.12, -0.03, -0.96
Gyro: -6.52, 3.04, -8.23
Accel: -0.13, -0.02, -0.97
Gyro: -5.26, 3.15, -5.93
Accel: -0.11, -0.05, -0.97
Gyro: -5.86, 2.33, -4.60
Accel: -0.12, -0.02, -0.98
Gyro: -5.40, 2.34, -4.49
Accel: -0.11, -0.04, -0.98
Gyro: -3.33, 1.99, -3.04
Accel: -0.11, -0.03, -0.97
Gyro: -3.13, 1.76, -2.80
Accel: -0.10, -0.02, -0.97
Gyro: -2.55, 1.84, -1.25
Accel: -0.10, -0.02, -0.98
Gyro: -0.99, 2.41, 0.24
Accel: -0.09, -0.04, -0.97
Gyro: -1.03, 2.01, 1.58
Accel: -0.09, -0.04, -0.97
Gyro: -1.03, 1.40, 2.14
Accel: -0.09, -0.05, -0.96
Gyro: -0.63, 0.58, 2.06
Accel: -0.09, -0.06, -0.96
Gyro: -1.43, -0.49, 1.06
Accel: -0.10, -0.05, -0.96
Gyro: -1.01, -0.43, 0.51
Accel: -0.11, -0.06, -0.98
Gyro: -1.06, 0.30, 0.23
Accel: -0.11, -0.06, -0.96
Gyro: -2.61, 0.10, -0.62
Accel: -0.11, -0.05, -0.97
Gyro: -3.17, 0.31, -1.17
Accel: -0.11, -0.05, -0.97
Gyro: -3.23, 0.27, -1.60
Accel: -0.11, -0.05, -0.97
Gyro: -3.34, 0.05, -1.78
Accel: -0.11, -0.04, -0.96
Gyro: -3.39, 0.06, -1.81
Accel: -0.12, -0.05, -0.97
Gyro: -3.19, -0.05, -1.36
Accel: -0.11, -0.04, -0.98
Gyro: -3.24, 0.21, -1.10
Accel: -0.11, -0.05, -0.97
Gyro: -3.18, 1.00, -1.21
Accel: -0.11, -0.04, -0.96
Gyro: -2.85, 0.97, -1.40
Accel: -0.11, -0.04, -0.98
Gyro: -2.64, 1.59, -1.47
Accel: -0.11, -0.04, -0.97
Gyro: -1.98, 1.80, -0.94
Accel: -0.09, -0.04, -0.97
Gyro: -1.58, 2.06, 0.18
Accel: -0.09, -0.05, -0.98
Gyro: -1.52, 1.46, 0.66
Accel: -0.09, -0.05, -0.97
Gyro: -2.00, 1.56, 0.32
Accel: -0.09, -0.05, -0.97
Gyro: -1.81, 1.49, 0.25
Accel: -0.09, -0.05, -0.97
Gyro: -1.82, 1.34, -0.21
Accel: -0.09, -0.06, -0.97
Gyro: -2.74, 1.38, -1.33
Accel: -0.09, -0.04, -0.99
Gyro: -2.37, 1.99, -2.13
Accel: -0.09, -0.05, -0.97
Gyro: -4.03, 2.36, -4.17
Accel: -0.08, -0.03, -0.98
Gyro: -2.63, 2.75, -4.63
Accel: -0.09, -0.04, -0.98
Gyro: -0.21, 2.27, -2.79
Accel: -0.09, -0.06, -0.97
Gyro: -2.57, 2.20, -2.27
Accel: -0.08, -0.07, -0.97
Gyro: -5.24, 2.95, -2.55
Accel: -0.09, -0.09, -0.97
Gyro: -6.76, 2.82, -4.24
Accel: -0.09, -0.09, -0.98
Gyro: -10.42, 3.94, -7.91
Accel: -0.10, -0.07, -1.00
Gyro: -14.60, 6.74, -8.39
Accel: -0.10, -0.08, -0.99
Gyro: -20.20, 9.10, -6.63
Accel: -0.11, -0.09, -1.01
Gyro: -30.82, 13.71, -3.64
Accel: -0.10, -0.06, -1.04
Gyro: -41.92, 20.00, 1.91
Accel: -0.09, -0.06, -1.03
Gyro: -57.06, 30.51, 11.73
Accel: -0.04, -0.09, -0.94
Gyro: -75.97, 33.92, 15.17
Accel: -0.02, -0.00, -0.97
Gyro: -85.38, 32.52, 14.38
Accel: -0.01, 0.04, -1.00
Gyro: -89.61, 38.63, 16.66
Accel: 0.03, 0.08, -0.91
Gyro: -96.26, 39.80, 16.65
Accel: 0.07, 0.04, -0.89
Gyro: -104.90, 38.05, 13.25
Accel: 0.09, 0.10, -0.85
Gyro: -113.01, 33.91, 4.15
Accel: 0.11, 0.13, -0.81
Gyro: -115.94, 28.83, -7.62
Accel: 0.07, 0.15, -0.82
Gyro: -119.22, 25.77, -25.54
Accel: 0.07, 0.26, -0.73
Gyro: -127.21, 28.03, -45.61
Accel: 0.09, 0.47, -0.66
Gyro: -124.02, 24.02, -61.79
Accel: 0.14, 0.73, -0.69
Gyro: -105.27, 25.70, -70.30
Accel: 0.07, 0.80, -0.64
Gyro: -82.92, 13.02, -66.70
Accel: 0.05, 0.87, -0.65
Gyro: -72.03, 13.79, -64.22
Accel: 0.02, 0.89, -0.65
Gyro: -56.51, 11.29, -60.33
Accel: 0.01, 0.87, -0.62
Gyro: -53.96, 11.68, -54.87
Accel: 0.03, 1.01, -0.61
Gyro: -42.96, 7.57, -43.48
Accel: -0.01, 0.98, -0.62
Gyro: -30.89, 6.44, -25.93
Accel: 0.01, 0.97, -0.61
Gyro: -35.58, 9.79, -14.44
Accel: 0.02, 0.98, -0.59
Gyro: -25.25, 8.59, -3.36
Accel: 0.04, 0.95, -0.55
Gyro: -13.18, 3.97, 3.60
Accel: 0.02, 0.94, -0.56
Gyro: 2.04, -3.35, 5.62
Accel: -0.02, 0.88, -0.68
Gyro: 9.59, 0.20, 8.13
Accel: 0.04, 0.93, -0.55
Gyro: 14.11, 1.82, 14.31
Accel: 0.06, 0.96, -0.59
Gyro: 26.12, -1.45, 19.20
Accel: 0.07, 1.00, -0.57
Gyro: 45.04, -7.37, 27.36
Accel: 0.05, 1.00, -0.61
Gyro: 59.92, -12.12, 38.04
Accel: 0.03, 0.90, -0.63
Gyro: 75.66, -16.09, 46.40
Accel: 0.02, 0.78, -0.70
Gyro: 86.51, -13.72, 44.85
Accel: 0.04, 0.70, -0.67
Gyro: 101.22, -14.53, 38.22
Accel: 0.04, 0.60, -0.71
Gyro: 112.27, -17.40, 31.04
Accel: 0.03, 0.51, -0.74
Gyro: 117.11, -16.79, 26.31
Accel: 0.05, 0.41, -0.80
Gyro: 120.76, -13.93, 21.49
Accel: 0.05, 0.37, -0.84
Gyro: 116.77, -10.88, 19.04
Accel: 0.05, 0.26, -0.86
Gyro: 112.39, -6.52, 17.84
Accel: 0.05, 0.20, -0.86
Gyro: 106.36, -3.42, 14.33
Accel: 0.06, 0.19, -0.88
Gyro: 100.89, -5.23, 13.51
Accel: 0.06, 0.16, -0.88
Gyro: 102.78, -7.01, 15.66
Accel: 0.07, 0.06, -0.88
Gyro: 100.01, -9.63, 16.55
Accel: 0.07, -0.03, -0.91
Gyro: 87.13, -12.53, 15.44
Accel: 0.06, -0.05, -0.95
Gyro: 72.73, -10.49, 15.06
Accel: 0.07, -0.06, -0.94
Gyro: 62.08, -10.13, 17.62
Accel: 0.08, -0.11, -0.92
Gyro: 57.08, -13.39, 19.83
Accel: 0.07, -0.14, -0.92
Gyro: 52.67, -16.79, 21.18
Accel: 0.05, -0.21, -0.95
Gyro: 44.49, -17.64, 20.18
Accel: 0.04, -0.23, -0.97
Gyro: 35.17, -16.74, 17.92
