Accel: 0.08, -0.13, -0.95
Gyro: -4.97, -0.11, -3.19
Accel: 0.08, -0.12, -0.95
Gyro: -5.10, -0.55, -3.68
Accel: 0.08, -0.12, -0.96
Gyro: -5.25, -1.11, -3.76
Accel: 0.08, -0.12, -0.96
Gyro: -5.24, -1.03, -3.55
Accel: 0.08, -0.11, -0.96
Gyro: -4.94, -1.46, -3.33
Accel: 0.07, -0.10, -0.96
Gyro: -4.65, -1.15, -3.44
Accel: 0.08, -0.11, -0.97
Gyro: -4.60, -0.60, -3.16
Accel: 0.08, -0.10, -0.96
Gyro: -4.52, -0.14, -3.53
Accel: 0.08, -0.10, -0.95
Gyro: -2.50, -0.40, -2.16
Accel: 0.08, -0.12, -0.96
Gyro: -3.04, -0.40, -2.16
Accel: 0.08, -0.11, -0.96
Gyro: -3.62, -0.19, -1.79
Accel: 0.08, -0.11, -0.96
Gyro: -3.28, -0.01, -1.43
Accel: 0.08, -0.11, -0.96
Gyro: -3.37, 0.93, -1.62
Accel: 0.08, -0.11, -0.96
Gyro: -3.43, 1.28, -2.05
Accel: 0.08, -0.11, -0.96
Gyro: -3.30, 0.62, -2.05
Accel: 0.09, -0.12, -0.96
Gyro: -4.39, 0.69, -2.28
Accel: 0.09, -0.11, -0.97
Gyro: -4.36, 0.59, -2.28
Accel: 0.08, -0.13, -0.96
Gyro: -5.34, 0.60, -2.17
Accel: 0.08, -0.13, -0.96
Gyro: -7.75, 1.40, -3.02
Accel: 0.08, -0.14, -0.96
Gyro: -10.33, 1.64, -3.62
Accel: 0.08, -0.14, -0.96
Gyro: -13.33, 2.46, -5.29
Accel: 0.09, -0.13, -0.96
Gyro: -16.04, 3.31, -7.03
Accel: 0.09, -0.14, -0.96
Gyro: -18.65, 3.82, -8.96
Accel: 0.09, -0.14, -0.98
Gyro: -21.81, 4.13, -10.05
Accel: 0.07, -0.17, -1.03
Gyro: -30.63, 9.45, -11.06
Accel: 0.08, -0.18, -0.99
Gyro: -44.77, 19.68, -10.21
Accel: 0.10, -0.16, -0.92
Gyro: -58.04, 20.70, -10.96
Accel: 0.12, -0.16, -0.90
Gyro: -66.53, 15.86, -16.14
Accel: 0.12, -0.09, -0.91
Gyro: -74.59, 13.33, -23.66
Accel: 0.12, -0.06, -0.94
Gyro: -78.69, 14.05, -32.46
Accel: 0.13, 0.03, -0.89
Gyro: -81.95, 14.42, -42.43
Accel: 0.14, 0.07, -0.87
Gyro: -82.68, 11.09, -49.28
Accel: 0.15, 0.15, -0.86
Gyro: -88.34, 10.00, -52.64
Accel: 0.15, 0.22, -0.82
Gyro: -93.06, 7.73, -54.05
Accel: 0.15, 0.26, -0.80
Gyro: -96.08, 4.09, -55.85
Accel: 0.14, 0.30, -0.77
Gyro: -97.02, 0.34, -60.60
Accel: 0.12, 0.36, -0.76
Gyro: -98.66, -3.02, -66.73
Accel: 0.10, 0.46, -0.72
Gyro: -97.67, -7.80, -73.18
Accel: 0.07, 0.61, -0.72
Gyro: -95.31, -10.08, -74.10
Accel: 0.01, 0.79, -0.81
Gyro: -85.15, -6.65, -65.22
Accel: 0.01, 0.91, -0.75
Gyro: -74.78, 2.36, -47.04
Accel: 0.02, 0.94, -0.68
Gyro: -55.23, -2.88, -30.28
Accel: 0.01, 0.88, -0.72
Gyro: -35.64, -6.03, -20.66
Accel: -0.04, 0.82, -0.76
Gyro: -25.17, -0.66, -17.36
Accel: -0.03, 0.81, -0.69
Gyro: -20.58, 3.52, -15.02
Accel: -0.02, 0.82, -0.68
Gyro: -11.63, 0.91, -14.79
Accel: -0.02, 0.85, -0.69
Gyro: -2.51, 0.47, -9.46
Accel: -0.01, 0.88, -0.69
Gyro: 4.61, -0.31, -1.36
Accel: 0.00, 0.88, -0.69
Gyro: 11.03, -1.72, 10.48
Accel: 0.00, 0.90, -0.68
Gyro: 20.76, -2.99, 24.24
Accel: 0.00, 0.87, -0.68
Gyro: 30.14, -5.67, 35.67
Accel: -0.00, 0.83, -0.68
Gyro: 42.11, -10.56, 44.91
Accel: -0.00, 0.77, -0.70
Gyro: 57.11, -12.55, 50.55
Accel: -0.01, 0.79, -0.78
Gyro: 71.27, -11.67, 51.67
Accel: -0.01, 0.75, -0.77
Gyro: 89.32, -6.87, 55.05
Accel: 0.00, 0.62, -0.75
Gyro: 106.49, -6.24, 55.72
Accel: 0.03, 0.47, -0.78
Gyro: 114.69, -6.03, 51.33
Accel: 0.03, 0.38, -0.82
Gyro: 118.16, -2.19, 46.65
Accel: 0.05, 0.27, -0.86
Gyro: 117.89, 4.14, 41.50
Accel: 0.08, 0.19, -0.83
Gyro: 116.09, 6.45, 36.37
Accel: 0.11, 0.11, -0.82
Gyro: 111.37, 3.56, 31.49
Accel: 0.11, 0.08, -0.87
Gyro: 104.78, -2.72, 31.72
Accel: 0.11, 0.02, -0.92
Gyro: 95.26, -0.60, 36.38
Accel: 0.14, -0.06, -0.89
Gyro: 84.34, 1.26, 40.39
Accel: 0.14, -0.16, -0.87
Gyro: 71.26, -2.33, 38.67
Accel: 0.13, -0.22, -0.90
Gyro: 61.88, -6.00, 29.23
Accel: 0.13, -0.24, -0.93
Gyro: 52.18, -7.09, 21.64
Accel: 0.12, -0.23, -0.94
Gyro: 41.23, -5.07, 17.65
Accel: 0.12, -0.24, -0.95
Gyro: 32.50, -3.91, 16.67
Accel: 0.11, -0.26, -0.95
Gyro: 23.13, -2.91, 15.50
Accel: 0.11, -0.28, -0.94
Gyro: 13.43, -2.60, 11.83
Accel: 0.11, -0.27, -0.92
Gyro: 7.53, -3.04, 8.43
Accel: 0.11, -0.28, -0.92
Gyro: 3.56, -4.33, 4.35
Accel: 0.10, -0.25, -0.94
Gyro: 1.12, -4.32, 0.56
Accel: 0.09, -0.25, -0.94
Gyro: -0.95, -4.36, -2.75
Accel: 0.09, -0.25, -0.94
Gyro: -3.04, -4.33, -5.48
Accel: 0.10, -0.23, -0.96
Gyro: -7.47, -3.79, -8.87
Accel: 0.09, -0.20, -0.96
Gyro: -9.51, -4.02, -10.28
Accel: 0.09, -0.18, -0.96
Gyro: -9.11, -4.95, -9.57
Accel: 0.07, -0.17, -0.97
Gyro: -10.85, -4.68, -11.34
Accel: 0.07, -0.14, -0.97
Gyro: -11.82, -1.95, -11.75
Accel: 0.07, -0.11, -0.96
Gyro: -10.52, 1.11, -9.34
Accel: 0.08, -0.12, -0.95
Gyro: -9.66, 2.33, -6.25
Accel: 0.10, -0.12, -0.95
Gyro: -9.63, 1.95, -4.33
Accel: 0.11, -0.12, -0.94
Gyro: -9.68, 0.26, -3.50
Accel: 0.10, -0.12, -0.95
Gyro: -9.41, -0.66, -3.61
Accel: 0.10, -0.12, -0.96
Gyro: -8.11, -0.71, -3.30
Accel: 0.10, -0.12, -0.96
Gyro: -7.41, 0.48, -3.89
Accel: 0.10, -0.11, -0.95
Gyro: -7.02, 1.22, -4.23
Accel: 0.11, -0.10, -0.96
Gyro: -6.00, 1.90, -3.33
Accel: 0.12, -0.11, -0.95
Gyro: -5.13, 1.77, -2.21
Accel: 0.12, -0.11, -0.96
Gyro: -5.27, 1.53, -1.40
Accel: 0.11, -0.11, -0.95
Gyro: -4.90, 0.90, -1.27
Accel: 0.11, -0.11, -0.96
Gyro: -4.59, 0.53, -1.08
Accel: 0.12, -0.11, -0.97
Gyro: -3.78, 1.71, -0.96
Accel: 0.12, -0.12, -0.95
Gyro: -3.01, 3.33, -1.15
Accel: 0.12, -0.12, -0.95
Gyro: -2.70, 2.88, -1.42
Accel: 0.12, -0.12, -0.94
Gyro: -3.26, 1.11, -1.70
Accel: 0.12, -0.12, -0.94
Gyro: -3.49, -0.49, -1.52
Accel: 0.12, -0.12, -0.96
Gyro: -4.68, -0.95, -1.83
Accel: 0.11, -0.11, -0.97
Gyro: -3.92, -0.01, -1.77
