Accel: 0.09, -0.06, -0.95
Gyro: -2.83, -0.09, -0.40
Accel: 0.10, -0.06, -0.97
Gyro: -2.70, 0.37, -0.59
Accel: 0.10, -0.06, -0.96
Gyro: -2.94, 0.47, -0.72
Accel: 0.09, -0.06, -0.97
Gyro: -2.90, 0.37, -1.27
Accel: 0.10, -0.06, -0.97
Gyro: -2.91, -0.05, -1.34
Accel: 0.10, -0.06, -0.96
Gyro: -2.62, -0.43, -1.33
Accel: 0.10, -0.05, -0.97
Gyro: -2.94, -0.37, -1.63
Accel: 0.09, -0.06, -0.96
Gyro: -2.91, -0.15, -1.36
Accel: 0.09, -0.06, -0.96
Gyro: -3.52, -0.42, -1.44
Accel: 0.10, -0.07, -0.96
Gyro: -4.01, -0.40, -1.80
Accel: 0.10, -0.06, -0.96
Gyro: -5.54, -0.56, -3.27
Accel: 0.10, -0.04, -0.97
Gyro: -3.96, -0.79, -3.15
Accel: 0.10, -0.06, -0.97
Gyro: -4.05, -0.91, -3.05
Accel: 0.09, -0.05, -0.96
Gyro: -5.07, -0.59, -3.33
Accel: 0.09, -0.05, -0.96
Gyro: -5.70, -0.94, -3.48
Accel: 0.09, -0.06, -0.96
Gyro: -6.19, -0.62, -3.83
Accel: 0.10, -0.05, -0.96
Gyro: -6.77, -0.46, -4.70
Accel: 0.10, -0.05, -0.97
Gyro: -7.38, -0.65, -4.99
Accel: 0.09, -0.04, -0.98
Gyro: -8.88, 0.30, -4.55
Accel: 0.10, -0.03, -0.96
Gyro: -9.93, 0.47, -3.78
Accel: 0.09, -0.04, -0.96
Gyro: -9.98, 0.24, -3.50
Accel: 0.09, -0.04, -0.97
Gyro: -10.15, 0.43, -4.19
Accel: 0.09, -0.04, -0.98
Gyro: -10.17, 1.31, -4.72
Accel: 0.09, -0.04, -0.98
Gyro: -10.89, 3.27, -4.08
Accel: 0.06, -0.13, -1.02
Gyro: -17.08, 8.29, -2.25
Accel: 0.03, -0.25, -1.05
Gyro: -39.97, 18.86, -1.78
Accel: 0.07, -0.17, -0.99
Gyro: -67.70, 26.45, -5.65
Accel: 0.11, -0.03, -0.95
Gyro: -76.60, 28.47, -7.22
Accel: 0.14, 0.07, -0.93
Gyro: -75.45, 29.21, -5.12
Accel: 0.16, 0.01, -0.89
Gyro: -75.07, 26.99, -9.21
Accel: 0.14, -0.03, -0.92
Gyro: -83.98, 28.35, -20.83
Accel: 0.13, -0.01, -0.91
Gyro: -102.65, 38.01, -33.62
Accel: 0.17, 0.07, -0.77
Gyro: -114.52, 36.47, -42.64
Accel: 0.21, 0.30, -0.76
Gyro: -122.70, 30.62, -43.89
Accel: 0.22, 0.44, -0.73
Gyro: -121.67, 25.39, -37.43
Accel: 0.24, 0.54, -0.72
Gyro: -116.07, 19.67, -34.18
Accel: 0.25, 0.67, -0.70
Gyro: -100.17, 14.45, -35.53
Accel: 0.26, 0.75, -0.65
Gyro: -77.92, 8.89, -37.55
Accel: 0.25, 0.84, -0.64
Gyro: -55.34, 2.89, -38.02
Accel: 0.23, 0.90, -0.65
Gyro: -32.17, -3.16, -32.22
Accel: 0.20, 0.92, -0.68
Gyro: -16.72, -4.20, -22.28
Accel: 0.20, 0.87, -0.68
Gyro: -4.62, -6.21, -10.63
Accel: 0.20, 0.87, -0.70
Gyro: -0.17, -6.29, -1.67
Accel: 0.19, 0.88, -0.72
Gyro: 8.53, -7.84, 9.41
Accel: 0.18, 0.87, -0.74
Gyro: 20.43, -7.63, 20.78
Accel: 0.18, 0.84, -0.74
Gyro: 33.00, -5.82, 29.37
Accel: 0.19, 0.84, -0.71
Gyro: 49.83, -7.03, 40.40
Accel: 0.20, 0.71, -0.70
Gyro: 66.43, -8.68, 45.62
Accel: 0.22, 0.60, -0.71
Gyro: 77.43, -10.96, 41.85
Accel: 0.21, 0.60, -0.74
Gyro: 86.22, -13.59, 41.04
Accel: 0.22, 0.49, -0.76
Gyro: 94.63, -13.73, 40.57
Accel: 0.23, 0.41, -0.76
Gyro: 99.43, -14.97, 38.22
Accel: 0.23, 0.31, -0.79
Gyro: 100.12, -18.89, 35.74
Accel: 0.22, 0.22, -0.81
Gyro: 94.15, -21.51, 32.02
Accel: 0.22, 0.16, -0.86
Gyro: 88.52, -22.67, 30.40
Accel: 0.21, 0.10, -0.86
Gyro: 83.37, -24.50, 28.83
Accel: 0.19, -0.04, -0.87
Gyro: 74.73, -28.33, 22.91
Accel: 0.17, -0.03, -0.88
Gyro: 66.32, -32.76, 10.16
Accel: 0.15, -0.06, -0.94
Gyro: 61.20, -32.16, 10.63
Accel: 0.14, -0.15, -0.96
Gyro: 50.76, -29.24, 4.05
Accel: 0.12, -0.12, -0.97
Gyro: 42.06, -26.01, 0.87
Accel: 0.10, -0.12, -0.99
Gyro: 34.86, -22.90, 2.88
Accel: 0.08, -0.15, -1.00
Gyro: 25.08, -17.39, 4.50
Accel: 0.07, -0.14, -1.00
Gyro: 16.43, -12.63, 5.42
Accel: 0.07, -0.13, -0.98
Gyro: 11.49, -9.67, 8.63
Accel: 0.06, -0.17, -0.98
Gyro: 5.76, -7.02, 8.78
Accel: 0.07, -0.16, -0.98
Gyro: 0.44, -4.87, 5.71
Accel: 0.07, -0.13, -0.97
Gyro: -1.30, -2.96, 3.02
Accel: 0.07, -0.13, -0.97
Gyro: -2.14, -1.78, 0.25
Accel: 0.07, -0.12, -0.97
Gyro: -4.16, -1.11, -3.15
Accel: 0.07, -0.09, -0.97
Gyro: -5.20, -0.64, -5.50
Accel: 0.08, -0.08, -0.97
Gyro: -4.62, -0.76, -5.71
Accel: 0.09, -0.08, -0.96
Gyro: -5.94, -0.85, -5.74
Accel: 0.09, -0.06, -0.96
Gyro: -5.39, -2.08, -5.48
Accel: 0.10, -0.07, -0.96
Gyro: -5.85, -2.47, -6.60
Accel: 0.09, -0.07, -0.98
Gyro: -6.34, -2.37, -9.20
Accel: 0.09, -0.06, -0.98
Gyro: -4.01, -3.25, -12.36
Accel: 0.08, -0.04, -0.97
Gyro: -4.08, -2.61, -13.30
Accel: 0.07, -0.02, -0.99
Gyro: -5.55, -1.06, -12.08
Accel: 0.09, -0.01, -0.97
Gyro: -5.62, 0.79, -9.09
Accel: 0.09, -0.01, -0.98
Gyro: -5.50, 2.08, -5.52
Accel: 0.10, -0.01, -0.96
Gyro: -5.44, 1.99, -2.82
Accel: 0.10, -0.02, -0.96
Gyro: -5.07, 1.95, -0.97
Accel: 0.10, -0.02, -0.96
Gyro: -4.19, 2.04, 0.54
Accel: 0.10, -0.03, -0.97
Gyro: -3.30, 1.15, 2.30
Accel: 0.10, -0.05, -0.96
Gyro: -3.46, 0.24, 2.92
Accel: 0.09, -0.05, -0.96
Gyro: -4.61, 0.11, 2.59
Accel: 0.09, -0.06, -0.97
Gyro: -5.04, -0.18, 1.17
Accel: 0.10, -0.06, -0.94
Gyro: -4.39, -0.78, -0.18
Accel: 0.10, -0.05, -0.96
Gyro: -3.04, -1.34, -1.62
Accel: 0.10, -0.05, -0.97
Gyro: -2.00, -1.15, -2.19
Accel: 0.09, -0.05, -0.96
Gyro: -1.75, -0.92, -1.82
Accel: 0.09, -0.04, -0.96
Gyro: -1.94, -0.92, -0.55
Accel: 0.10, -0.05, -0.97
Gyro: -2.72, -0.87, 0.29
Accel: 0.09, -0.05, -0.96
Gyro: -2.55, -0.53, 0.21
Accel: 0.10, -0.06, -0.97
Gyro: -3.91, -0.14, -0.56
Accel: 0.10, -0.04, -0.97
Gyro: -3.07, 1.02, -0.66
Accel: 0.11, -0.05, -0.97
Gyro: -3.00, 0.56, -0.35
Accel: 0.10, -0.04, -0.96
Gyro: -4.31, -0.01, -0.81
Accel: 0.10, -0.04, -0.97
Gyro: -5.31, -0.09, -0.50
Accel: 0.09, -0.05, -0.96
Gyro: -5.46, 0.11, -0.91
