Accel: 0.02, -0.27, -0.98
Gyro: 24.45, -14.85, 14.74
Accel: -0.00, -0.26, -0.99
Gyro: 14.42, -10.73, 10.57
Accel: -0.01, -0.25, -1.01
Gyro: 7.16, -5.91, 7.08
Accel: -0.01, -0.22, -0.98
Gyro: 5.53, -2.13, 5.15
Accel: -0.01, -0.23, -0.95
Gyro: 4.52, -2.82, 3.91
Accel: -0.01, -0.24, -0.96
Gyro: 0.72, -2.88, 0.65
Accel: -0.01, -0.22, -0.95
Gyro: -1.80, -2.42, -1.68
Accel: 0.00, -0.20, -0.95
Gyro: -4.59, -2.56, -2.84
Accel: -0.00, -0.19, -0.97
Gyro: -6.78, -2.64, -3.58
Accel: -0.00, -0.18, -0.96
Gyro: -9.06, -2.65, -4.26
Accel: -0.00, -0.16, -0.96
Gyro: -9.48, -2.54, -4.24
Accel: -0.00, -0.15, -0.97
Gyro: -9.13, -2.94, -3.87
Accel: -0.00, -0.15, -0.96
Gyro: -8.32, -2.56, -4.18
Accel: -0.01, -0.14, -0.96
Gyro: -6.45, -2.94, -3.85
Accel: -0.01, -0.14, -0.98
Gyro: -5.00, -3.01, -3.03
Accel: -0.01, -0.14, -0.98
Gyro: -5.49, -1.30, -3.34
Accel: 0.00, -0.13, -0.97
Gyro: -5.59, -0.94, -3.23
Accel: -0.01, -0.14, -0.97
Gyro: -5.97, -0.95, -3.36
Accel: -0.00, -0.14, -0.97
Gyro: -6.19, -1.03, -3.61
Accel: -0.02, -0.13, -0.97
Gyro: -6.83, 0.08, -4.48
Accel: -0.01, -0.13, -0.97
Gyro: -7.23, 0.48, -5.47
Accel: -0.01, -0.14, -0.97
Gyro: -7.24, 0.34, -5.70
Accel: -0.01, -0.14, -0.98
Gyro: -8.48, 1.33, -6.92
Accel: -0.02, -0.15, -0.99
Gyro: -10.16, 2.08, -8.32
Accel: -0.02, -0.17, -1.01
Gyro: -13.16, 5.55, -10.10
Accel: -0.01, -0.16, -0.99
Gyro: -16.88, 7.68, -11.78
Accel: -0.01, -0.13, -0.99
Gyro: -22.11, 10.03, -11.20
Accel: 0.01, -0.14, -1.01
Gyro: -28.21, 12.93, -7.39
Accel: 0.00, -0.16, -1.00
Gyro: -36.37, 16.37, -4.93
Accel: 0.02, -0.18, -0.98
Gyro: -49.60, 20.12, -7.42
Accel: 0.03, -0.14, -0.96
Gyro: -57.87, 21.73, -7.68
Accel: 0.05, -0.11, -0.95
Gyro: -64.74, 22.17, -7.45
Accel: 0.06, -0.07, -0.94
Gyro: -69.93, 22.96, -7.29
Accel: 0.07, -0.08, -0.93
Gyro: -78.67, 23.70, -9.77
Accel: 0.08, -0.04, -0.94
Gyro: -87.66, 24.91, -15.72
Accel: 0.09, 0.04, -0.91
Gyro: -94.38, 26.28, -21.59
Accel: 0.12, 0.11, -0.87
Gyro: -96.16, 23.90, -24.86
Accel: 0.13, 0.13, -0.83
Gyro: -101.90, 18.55, -29.21
Accel: 0.14, 0.20, -0.82
Gyro: -111.97, 15.15, -33.98
Accel: 0.14, 0.32, -0.77
Gyro: -115.14, 12.01, -35.90
Accel: 0.13, 0.39, -0.76
Gyro: -116.94, 9.61, -37.49
Accel: 0.13, 0.47, -0.71
Gyro: -116.87, 6.49, -43.82
Accel: 0.14, 0.64, -0.66
Gyro: -106.35, 0.39, -52.09
Accel: 0.11, 0.82, -0.69
Gyro: -84.82, -5.41, -54.50
Accel: 0.08, 0.92, -0.71
Gyro: -56.98, -9.14, -52.73
Accel: 0.02, 0.97, -0.78
Gyro: -29.21, -7.17, -45.78
Accel: -0.01, 0.96, -0.79
Gyro: -15.26, 2.57, -33.53
Accel: -0.00, 0.93, -0.71
Gyro: -3.51, 5.20, -19.02
Accel: 0.00, 0.85, -0.71
Gyro: 2.84, 4.23, -7.01
Accel: 0.02, 0.86, -0.72
Gyro: 5.10, 5.56, 4.19
Accel: 0.04, 0.86, -0.70
Gyro: 12.43, 3.53, 17.21
Accel: 0.06, 0.84, -0.70
Gyro: 18.54, -0.10, 27.41
Accel: 0.06, 0.82, -0.73
Gyro: 29.15, -1.00, 36.16
Accel: 0.05, 0.78, -0.73
Gyro: 41.93, -1.56, 41.49
Accel: 0.05, 0.74, -0.79
Gyro: 51.41, 1.70, 46.19
Accel: 0.07, 0.68, -0.76
Gyro: 59.61, 4.18, 48.42
Accel: 0.10, 0.63, -0.74
Gyro: 70.20, 1.37, 49.35
Accel: 0.12, 0.54, -0.76
Gyro: 78.06, -3.24, 46.38
Accel: 0.14, 0.46, -0.76
Gyro: 85.59, -7.29, 41.32
Accel: 0.14, 0.37, -0.80
Gyro: 89.01, -9.86, 34.27
Accel: 0.15, 0.34, -0.83
Gyro: 91.10, -11.77, 28.69
Accel: 0.16, 0.27, -0.84
Gyro: 92.33, -14.92, 25.94
Accel: 0.15, 0.24, -0.85
Gyro: 90.11, -18.06, 25.62
Accel: 0.13, 0.17, -0.88
Gyro: 88.81, -21.35, 25.63
Accel: 0.12, 0.10, -0.93
Gyro: 85.06, -20.60, 24.23
Accel: 0.10, 0.04, -0.94
Gyro: 78.83, -17.91, 24.12
Accel: 0.10, -0.02, -0.94
Gyro: 71.53, -16.14, 21.59
Accel: 0.10, -0.05, -0.95
Gyro: 66.38, -16.12, 18.79
Accel: 0.10, -0.09, -0.95
Gyro: 60.61, -16.12, 16.42
Accel: 0.10, -0.14, -0.96
Gyro: 54.88, -16.43, 12.38
Accel: 0.08, -0.17, -0.95
Gyro: 49.19, -16.88, 7.73
Accel: 0.07, -0.18, -0.96
Gyro: 43.23, -16.87, 2.11
Accel: 0.07, -0.21, -0.96
Gyro: 36.09, -15.54, -1.41
Accel: 0.05, -0.17, -0.98
Gyro: 25.54, -13.04, -2.72
Accel: 0.05, -0.15, -0.94
Gyro: 20.94, -12.17, 2.59
Accel: 0.04, -0.22, -0.96
Gyro: 15.82, -12.42, 3.47
Accel: 0.04, -0.23, -0.96
Gyro: 10.88, -11.26, 1.02
Accel: 0.01, -0.25, -0.99
Gyro: 4.97, -9.42, -2.67
Accel: 0.01, -0.21, -0.99
Gyro: -0.03, -5.49, -4.57
Accel: 0.01, -0.20, -0.97
Gyro: -2.72, -3.18, -3.00
Accel: 0.02, -0.20, -0.96
Gyro: -5.83, -2.57, -1.28
Accel: 0.02, -0.20, -0.96
Gyro: -8.62, -2.88, -1.68
Accel: 0.02, -0.18, -0.96
Gyro: -9.18, -2.85, -2.58
Accel: 0.03, -0.17, -0.96
Gyro: -8.34, -3.05, -3.88
Accel: 0.03, -0.16, -0.96
Gyro: -7.91, -3.17, -5.14
Accel: 0.02, -0.14, -1.01
Gyro: -7.40, 1.14, -5.39
Accel: 0.04, -0.11, -0.97
Gyro: -6.20, 3.46, -3.04
Accel: 0.06, -0.11, -0.92
Gyro: -5.13, 0.05, 1.10
Accel: 0.05, -0.12, -0.93
Gyro: -5.81, -4.74, 1.59
Accel: 0.04, -0.13, -0.93
Gyro: -4.67, -7.96, 1.98
Accel: 0.03, -0.13, -0.94
Gyro: -3.78, -10.60, 0.47
Accel: 0.02, -0.13, -0.95
Gyro: -4.56, -12.28, -0.37
Accel: 0.01, -0.13, -0.95
Gyro: -5.69, -13.14, -0.22
Accel: -0.00, -0.15, -0.99
Gyro: -7.26, -11.83, -0.52
Accel: -0.01, -0.13, -0.99
Gyro: -6.60, -9.09, -1.94
Accel: -0.02, -0.13, -0.98
Gyro: -5.21, -8.04, -3.01
Accel: -0.03, -0.14, -0.97
Gyro: -5.47, -7.57, -4.54
Accel: -0.03, -0.12, -0.98
Gyro: -5.78, -6.16, -5.26
Accel: -0.04, -0.12, -0.99
Gyro: -5.74, -4.85, -4.53
Accel: -0.03, -0.13, -0.98
Gyro: -6.65, -3.29, -4.68
Accel: -0.03, -0.11, -0.96
Gyro: -6.97, -3.54, -4.52
