Accel: -0.41, 0.15, -0.86
Gyro: -18.23, 4.36, -7.92
Accel: -0.44, 0.10, -0.83
Gyro: -18.84, 0.28, -6.13
Accel: -0.47, 0.06, -0.94
Gyro: -29.31, -0.51, -7.58
Accel: -0.48, 0.08, -0.96
Gyro: -38.02, 10.51, -9.92
Accel: -0.45, 0.12, -0.89
Gyro: -38.90, 19.37, -13.76
Accel: -0.41, 0.19, -0.80
Gyro: -42.27, 19.21, -17.93
Accel: -0.44, 0.13, -0.86
Gyro: -40.47, 12.47, -20.27
Accel: -0.51, 0.14, -0.91
Gyro: -53.62, 21.13, -21.58
Accel: -0.59, 0.05, -0.99
Gyro: -62.73, 37.32, -23.96
Accel: -0.68, -0.03, -1.08
Gyro: -87.91, 67.62, -29.85
Accel: -0.73, 0.08, -1.21
Gyro: -127.14, 115.00, -43.56
Accel: -0.62, 0.28, -0.86
Gyro: -152.95, 160.54, -44.21
Accel: -0.47, 0.30, -0.75
Gyro: -115.23, 159.20, -66.74
Accel: -0.35, 0.49, -0.66
Gyro: -114.80, 162.68, -73.84
Accel: -0.27, 0.65, -0.61
Gyro: -94.10, 163.38, -72.77
Accel: -0.23, 0.76, -0.67
Gyro: -84.19, 167.69, -61.82
Accel: -0.18, 0.80, -0.67
Gyro: -78.23, 167.66, -46.65
Accel: 0.00, 0.91, -0.56
Gyro: -65.19, 163.02, -18.37
Accel: 0.07, 0.93, -0.55
Gyro: -38.41, 155.76, 3.59
Accel: 0.14, 0.98, -0.57
Gyro: -36.75, 147.42, 23.06
Accel: 0.22, 0.99, -0.45
Gyro: -27.42, 137.55, 54.29
Accel: 0.30, 0.93, -0.48
Gyro: 1.25, 125.91, 72.37
Accel: 0.35, 0.93, -0.51
Gyro: 5.05, 119.46, 90.71
Accel: 0.34, 0.89, -0.51
Gyro: 15.35, 115.92, 113.04
Accel: 0.43, 0.86, -0.41
Gyro: 31.53, 117.46, 130.36
Accel: 0.61, 0.67, -0.20
Gyro: 41.95, 101.57, 157.14
Accel: 0.77, 0.44, -0.14
Gyro: 42.66, 72.02, 161.63
Accel: 0.82, 0.39, -0.21
Gyro: 30.49, 39.12, 165.83
Accel: 0.78, 0.35, -0.36
Gyro: 38.23, 16.71, 163.18
Accel: 0.78, 0.37, -0.31
Gyro: 21.35, 8.13, 176.83
Accel: 0.77, 0.17, -0.32
Gyro: 32.88, -1.42, 189.70
Accel: 0.80, 0.02, -0.34
Gyro: 26.12, -8.61, 191.83
Accel: 0.84, -0.18, -0.31
Gyro: 23.59, -20.37, 182.08
Accel: 0.89, -0.28, -0.28
Gyro: 14.95, -39.13, 169.34
Accel: 0.81, -0.47, -0.45
Gyro: 32.42, -43.24, 161.98
Accel: 0.81, -0.57, -0.38
Gyro: 20.41, -49.84, 140.14
Accel: 0.80, -0.57, -0.45
Gyro: -1.57, -61.66, 124.79
Accel: 0.72, -0.65, -0.50
Gyro: -18.77, -68.82, 114.30
Accel: 0.72, -0.70, -0.47
Gyro: -32.35, -77.92, 91.46
Accel: 0.70, -0.62, -0.40
Gyro: -37.79, -98.05, 74.42
Accel: 0.58, -0.55, -0.52
Gyro: -48.21, -110.83, 78.08
Accel: 0.49, -0.51, -0.56
Gyro: -58.28, -128.91, 88.64
Accel: 0.36, -0.48, -0.63
Gyro: -75.07, -142.50, 107.14
Accel: 0.22, -0.55, -0.70
Gyro: -80.83, -152.98, 108.06
Accel: 0.11, -0.50, -0.87
Gyro: -93.00, -152.59, 90.10
Accel: -0.05, -0.45, -0.88
Gyro: -109.96, -144.39, 73.21
Accel: -0.21, -0.52, -0.90
Gyro: -108.47, -134.09, 42.55
Accel: -0.22, -0.34, -0.89
Gyro: -100.66, -111.14, 4.23
Accel: -0.28, -0.36, -0.98
Gyro: -105.33, -94.97, -19.36
Accel: -0.28, -0.46, -0.88
Gyro: -138.60, -85.94, -53.67
Accel: -0.36, -0.32, -0.77
Gyro: -142.13, -86.02, -102.37
Accel: -0.45, -0.04, -0.78
Gyro: -146.48, -77.77, -126.01
Accel: -0.49, -0.02, -0.82
Gyro: -126.01, -73.43, -131.84
Accel: -0.60, 0.08, -0.93
Gyro: -108.89, -55.89, -146.92
Accel: -0.61, 0.31, -0.90
Gyro: -85.79, -31.02, -139.23
Accel: -0.53, 0.24, -0.76
Gyro: -67.83, -19.35, -121.60
Accel: -0.55, 0.34, -0.88
Gyro: -26.04, -12.84, -116.57
Accel: -0.55, 0.37, -1.00
Gyro: -41.90, -22.51, -99.60
Accel: -0.49, 0.28, -0.87
Gyro: -48.99, -17.06, -80.25
Accel: -0.49, 0.41, -0.85
Gyro: -39.79, -20.03, -72.28
Accel: -0.52, 0.48, -0.98
Gyro: -8.46, -8.97, -39.67
Accel: -0.49, 0.28, -0.90
Gyro: -3.67, 2.80, -16.98
Accel: -0.43, 0.16, -0.80
Gyro: 2.55, 0.14, -11.18
Accel: -0.42, 0.12, -0.88
Gyro: -2.94, -2.31, -11.31
Accel: -0.43, 0.16, -0.94
Gyro: -5.01, 2.25, -7.83
Accel: -0.42, 0.15, -0.85
Gyro: -6.21, 4.91, -3.66
Accel: -0.40, 0.18, -0.83
Gyro: -5.35, 0.26, -1.34
Accel: -0.43, 0.18, -0.91
Gyro: -3.36, 0.32, 4.09
Accel: -0.42, 0.16, -0.89
Gyro: -2.78, 5.49, 9.72
Accel: -0.38, 0.11, -0.83
Gyro: 0.56, 6.55, 9.18
Accel: -0.39, 0.08, -0.87
Gyro: -0.86, -0.47, 6.21
Accel: -0.41, 0.10, -0.90
Gyro: -8.96, 1.24, 1.88
Accel: -0.40, 0.12, -0.90
Gyro: -4.20, 4.02, -0.06
Accel: -0.38, 0.11, -0.88
Gyro: -2.08, 4.12, -1.31
Accel: -0.39, 0.11, -0.87
Gyro: -4.94, 3.59, -2.79
Accel: -0.38, 0.13, -0.88
Gyro: -6.45, 3.71, -2.73
Accel: -0.37, 0.14, -0.86
Gyro: -3.97, 1.54, -2.85
Accel: -0.38, 0.15, -0.88
Gyro: -2.18, -0.40, -2.46
Accel: -0.39, 0.13, -0.89
Gyro: -1.96, -0.66, -1.57
Accel: -0.39, 0.13, -0.88
Gyro: -0.72, -0.80, -1.34
Accel: -0.40, 0.12, -0.88
Gyro: 0.32, -1.57, -0.79
Accel: -0.41, 0.11, -0.90
Gyro: -3.13, -0.30, -1.11
Accel: -0.39, 0.12, -0.90
Gyro: -3.17, 0.28, -1.87
Accel: -0.39, 0.13, -0.87
Gyro: -2.72, 0.24, -3.17
Accel: -0.40, 0.13, -0.89
Gyro: -2.65, -0.77, -3.49
Accel: -0.40, 0.14, -0.90
Gyro: -3.12, 1.43, -2.56
Accel: -0.40, 0.14, -0.89
Gyro: -1.24, 2.69, -1.91
Accel: -0.38, 0.14, -0.87
Gyro: -0.21, 1.91, -0.80
Accel: -0.39, 0.12, -0.90
Gyro: -2.33, 1.85, 0.23
Accel: -0.39, 0.11, -0.89
Gyro: -4.36, 2.93, 0.40
Accel: -0.39, 0.10, -0.89
Gyro: -4.48, 2.61, 1.90
Accel: -0.39, 0.10, -0.92
Gyro: -11.09, 4.05, 2.69
Accel: -0.38, 0.12, -0.87
Gyro: -15.44, 5.26, 2.62
Accel: -0.36, 0.14, -0.86
Gyro: -13.98, 2.28, 1.11
Accel: -0.37, 0.16, -0.88
Gyro: -11.04, -0.40, 0.61
Accel: -0.38, 0.15, -0.89
Gyro: -7.99, 0.37, -0.19
Accel: -0.38, 0.12, -0.90
Gyro: -7.69, 1.28, -1.25
Accel: -0.42, 0.08, -0.90
Gyro: -12.21, 2.49, -3.03
Accel: -0.43, 0.05, -0.95
Gyro: -20.75, 5.88, -5.50
Accel: -0.42, 0.08, -0.92
Gyro: -30.20, 12.96, -9.73
Accel: -0.40, 0.11, -0.89
Gyro: -33.45, 14.89, -14.22
