Accel: -0.49, 0.11, -0.83
Gyro: -6.74, 0.26, -1.96
Accel: -0.49, 0.11, -0.81
Gyro: -5.16, -0.71, -1.94
Accel: -0.50, 0.09, -0.85
Gyro: -5.36, -1.73, -1.76
Accel: -0.50, 0.09, -0.84
Gyro: -8.14, -0.02, -1.73
Accel: -0.50, 0.09, -0.84
Gyro: -8.61, 0.34, -3.15
Accel: -0.51, 0.10, -0.85
Gyro: -10.78, 1.67, -4.29
Accel: -0.50, 0.09, -0.83
Gyro: -9.73, 1.69, -5.13
Accel: -0.51, 0.09, -0.83
Gyro: -10.99, 2.18, -5.33
Accel: -0.50, 0.10, -0.85
Gyro: -15.22, 3.02, -5.43
Accel: -0.49, 0.11, -0.83
Gyro: -17.53, 3.99, -6.45
Accel: -0.50, 0.09, -0.83
Gyro: -15.68, 3.97, -6.57
Accel: -0.51, 0.05, -0.84
Gyro: -21.27, 4.71, -8.12
Accel: -0.57, -0.06, -0.86
Gyro: -29.21, 7.06, -12.50
Accel: -0.66, -0.21, -0.97
Gyro: -49.31, 19.81, -28.81
Accel: -0.74, -0.29, -1.06
Gyro: -76.84, 46.43, -60.33
Accel: -0.81, -0.09, -1.10
Gyro: -102.75, 81.08, -85.31
Accel: -0.74, -0.03, -0.81
Gyro: -125.06, 117.04, -95.52
Accel: -0.66, 0.07, -0.79
Gyro: -137.98, 128.41, -106.96
Accel: -0.62, 0.28, -0.77
Gyro: -145.05, 141.88, -108.18
Accel: -0.50, 0.42, -0.64
Gyro: -138.64, 152.01, -101.62
Accel: -0.44, 0.55, -0.67
Gyro: -123.21, 151.48, -91.71
Accel: -0.37, 0.70, -0.69
Gyro: -114.19, 154.59, -72.74
Accel: -0.27, 0.82, -0.69
Gyro: -96.69, 153.51, -46.24
Accel: -0.29, 0.88, -0.77
Gyro: -92.99, 160.70, -8.38
Accel: -0.12, 0.92, -0.63
Gyro: -71.01, 158.02, 21.19
Accel: -0.01, 0.90, -0.69
Gyro: -44.28, 157.18, 50.17
Accel: 0.08, 0.92, -0.57
Gyro: -38.41, 150.98, 74.49
Accel: 0.18, 0.90, -0.53
Gyro: -13.95, 140.61, 101.89
Accel: 0.27, 0.75, -0.55
Gyro: 7.24, 130.87, 116.78
Accel: 0.39, 0.69, -0.48
Gyro: 8.27, 119.30, 125.71
Accel: 0.49, 0.62, -0.43
Gyro: 14.82, 100.24, 135.05
Accel: 0.59, 0.61, -0.37
Gyro: 25.58, 81.34, 140.60
Accel: 0.62, 0.56, -0.44
Gyro: 23.16, 68.96, 154.01
Accel: 0.67, 0.48, -0.39
Gyro: 33.40, 57.23, 170.61
Accel: 0.70, 0.36, -0.40
Gyro: 31.56, 45.16, 178.86
Accel: 0.75, 0.27, -0.32
Gyro: 27.10, 27.48, 187.65
Accel: 0.76, 0.15, -0.33
Gyro: 34.00, 10.51, 194.56
Accel: 0.75, -0.04, -0.35
Gyro: 39.48, 0.18, 195.97
Accel: 0.79, -0.20, -0.36
Gyro: 34.76, -10.70, 188.99
Accel: 0.79, -0.32, -0.34
Gyro: 47.69, -23.19, 173.70
Accel: 0.84, -0.44, -0.30
Gyro: 48.38, -41.40, 159.40
Accel: 0.76, -0.55, -0.46
Gyro: 25.33, -52.21, 147.10
Accel: 0.69, -0.57, -0.47
Gyro: 22.98, -61.04, 137.98
Accel: 0.66, -0.65, -0.46
Gyro: 1.30, -66.02, 132.48
Accel: 0.66, -0.71, -0.49
Gyro: -16.27, -75.20, 122.33
Accel: 0.62, -0.66, -0.48
Gyro: -19.42, -87.33, 119.56
Accel: 0.47, -0.74, -0.58
Gyro: -21.10, -100.68, 110.21
Accel: 0.39, -0.72, -0.64
Gyro: -34.93, -103.01, 95.28
Accel: 0.31, -0.66, -0.62
Gyro: -38.53, -103.74, 88.01
Accel: 0.22, -0.68, -0.64
Gyro: -42.03, -110.73, 82.60
Accel: 0.13, -0.74, -0.67
Gyro: -49.89, -117.49, 72.75
Accel: 0.06, -0.72, -0.73
Gyro: -59.50, -119.97, 58.48
Accel: -0.02, -0.73, -0.74
Gyro: -67.89, -120.48, 42.19
Accel: -0.08, -0.72, -0.74
Gyro: -80.47, -125.22, 20.76
Accel: -0.17, -0.67, -0.76
Gyro: -97.29, -128.27, -0.50
Accel: -0.28, -0.64, -0.75
Gyro: -105.06, -130.77, -23.73
Accel: -0.38, -0.60, -0.79
Gyro: -115.64, -126.49, -48.05
Accel: -0.46, -0.43, -0.81
Gyro: -122.20, -110.35, -70.40
Accel: -0.50, -0.31, -0.74
Gyro: -125.94, -97.31, -80.72
Accel: -0.54, -0.25, -0.65
Gyro: -128.10, -92.09, -89.36
Accel: -0.64, -0.11, -0.81
Gyro: -124.38, -89.39, -94.03
Accel: -0.63, -0.00, -0.91
Gyro: -110.21, -69.89, -90.68
Accel: -0.57, -0.04, -0.73
Gyro: -130.93, -67.70, -88.54
Accel: -0.65, 0.09, -0.76
Gyro: -124.05, -67.03, -85.14
Accel: -0.67, 0.20, -0.80
Gyro: -119.57, -56.47, -75.13
Accel: -0.69, 0.24, -0.77
Gyro: -94.06, -44.46, -63.30
Accel: -0.73, 0.34, -0.91
Gyro: -75.63, -28.87, -49.03
Accel: -0.69, 0.34, -0.87
Gyro: -64.36, -11.27, -32.20
Accel: -0.63, 0.29, -0.73
Gyro: -38.97, -5.91, -22.58
Accel: -0.63, 0.30, -0.75
Gyro: -10.08, -6.12, -15.14
Accel: -0.63, 0.24, -0.86
Gyro: -9.76, -2.59, -6.19
Accel: -0.59, 0.20, -0.78
Gyro: -4.05, 1.35, -1.66
Accel: -0.58, 0.16, -0.76
Gyro: 3.20, 0.66, 1.01
Accel: -0.57, 0.13, -0.79
Gyro: -2.53, 1.02, 2.14
Accel: -0.56, 0.12, -0.78
Gyro: -0.10, 0.37, 3.06
Accel: -0.56, 0.10, -0.78
Gyro: 1.72, -0.56, 2.67
Accel: -0.56, 0.10, -0.77
Gyro: 1.25, -3.04, 2.38
Accel: -0.57, 0.09, -0.80
Gyro: 2.27, -3.67, 2.08
Accel: -0.57, 0.09, -0.83
Gyro: 1.86, -0.58, 2.04
Accel: -0.56, 0.09, -0.81
Gyro: 3.13, 1.95, 2.16
Accel: -0.56, 0.08, -0.80
Gyro: 2.99, 3.11, 2.01
Accel: -0.55, 0.07, -0.80
Gyro: 2.24, 2.71, 1.55
Accel: -0.56, 0.07, -0.81
Gyro: 0.98, 3.37, 0.74
Accel: -0.56, 0.07, -0.82
Gyro: -2.24, 3.58, -1.21
Accel: -0.55, 0.07, -0.80
Gyro: -1.05, 5.19, -2.33
Accel: -0.54, 0.08, -0.81
Gyro: -1.61, 5.64, -2.96
Accel: -0.53, 0.08, -0.79
Gyro: -4.02, 5.60, -3.41
Accel: -0.54, 0.08, -0.81
Gyro: -1.59, 4.87, -3.09
Accel: -0.53, 0.07, -0.81
Gyro: -2.21, 4.68, -2.33
Accel: -0.53, 0.08, -0.80
Gyro: -3.81, 4.76, -1.72
Accel: -0.53, 0.08, -0.81
Gyro: -3.44, 3.95, -1.11
Accel: -0.53, 0.07, -0.81
Gyro: -2.84, 2.98, -1.18
Accel: -0.53, 0.07, -0.82
Gyro: -4.18, 3.08, -1.24
Accel: -0.52, 0.07, -0.81
Gyro: -4.07, 3.24, -1.62
Accel: -0.52, 0.08, -0.81
Gyro: -3.79, 2.66, -1.88
Accel: -0.52, 0.08, -0.82
Gyro: -4.25, 1.83, -2.02
Accel: -0.52, 0.09, -0.83
Gyro: -3.43, 1.71, -2.27
Accel: -0.52, 0.09, -0.82
Gyro: -1.83, 1.69, -1.91
Accel: -0.51, 0.09, -0.80
Gyro: -1.03, 0.23, -1.23
Accel: -0.53, 0.09, -0.82
Gyro: -1.41, 0.46, -0.34
Accel: -0.53, 0.08, -0.83
Gyro: -1.69, 1.78, 0.43
