Accel: -0.47, 0.09, -0.86
Gyro: -3.59, 0.81, -3.98
Accel: -0.47, 0.06, -0.87
Gyro: -6.07, 2.53, -4.02
Accel: -0.52, -0.01, -0.84
Gyro: -11.49, 3.22, -7.10
Accel: -0.58, -0.18, -0.93
Gyro: -21.04, 5.48, -13.95
Accel: -0.60, -0.19, -0.99
Gyro: -51.51, 21.71, -31.71
Accel: -0.64, -0.27, -0.91
Gyro: -73.14, 37.86, -48.26
Accel: -0.66, -0.27, -0.92
Gyro: -115.48, 61.17, -72.57
Accel: -0.69, -0.15, -0.89
Gyro: -139.93, 80.91, -95.83
Accel: -0.77, 0.11, -0.96
Gyro: -161.57, 113.37, -107.10
Accel: -0.67, 0.18, -0.69
Gyro: -163.29, 140.14, -107.77
Accel: -0.63, 0.39, -0.77
Gyro: -161.83, 152.99, -109.50
Accel: -0.53, 0.63, -0.63
Gyro: -152.66, 167.69, -99.00
Accel: -0.38, 0.77, -0.57
Gyro: -115.94, 161.61, -85.39
Accel: -0.34, 0.90, -0.69
Gyro: -91.33, 162.09, -64.98
Accel: -0.20, 0.95, -0.59
Gyro: -66.71, 162.61, -35.57
Accel: -0.13, 0.94, -0.59
Gyro: -58.75, 159.53, -0.31
Accel: 0.02, 0.96, -0.57
Gyro: -39.51, 144.12, 23.72
Accel: 0.06, 0.93, -0.59
Gyro: -23.41, 133.64, 53.21
Accel: 0.17, 0.81, -0.53
Gyro: -15.50, 119.32, 74.69
Accel: 0.31, 0.76, -0.47
Gyro: -3.78, 103.39, 89.92
Accel: 0.34, 0.81, -0.54
Gyro: 3.13, 88.80, 99.61
Accel: 0.34, 0.83, -0.56
Gyro: 5.68, 78.51, 123.20
Accel: 0.37, 0.75, -0.62
Gyro: 17.36, 71.94, 146.14
Accel: 0.43, 0.59, -0.55
Gyro: 26.44, 78.09, 156.27
Accel: 0.54, 0.49, -0.47
Gyro: 35.18, 71.27, 154.47
Accel: 0.63, 0.40, -0.43
Gyro: 32.95, 61.16, 156.19
Accel: 0.66, 0.37, -0.42
Gyro: 41.54, 51.73, 163.64
Accel: 0.66, 0.23, -0.46
Gyro: 49.79, 48.63, 172.27
Accel: 0.77, 0.07, -0.37
Gyro: 43.82, 41.71, 169.75
Accel: 0.86, -0.05, -0.31
Gyro: 40.84, 18.22, 169.31
Accel: 0.83, -0.17, -0.37
Gyro: 33.63, 4.44, 162.45
Accel: 0.88, -0.21, -0.32
Gyro: 28.74, -12.58, 159.51
Accel: 0.85, -0.38, -0.29
Gyro: 33.23, -32.71, 155.04
Accel: 0.81, -0.47, -0.40
Gyro: 23.19, -51.70, 137.58
Accel: 0.82, -0.36, -0.31
Gyro: 19.66, -72.24, 134.41
Accel: 0.71, -0.58, -0.49
Gyro: 12.12, -85.81, 141.69
Accel: 0.67, -0.65, -0.47
Gyro: 0.44, -92.72, 133.60
Accel: 0.61, -0.71, -0.48
Gyro: 0.56, -112.66, 111.55
Accel: 0.49, -0.75, -0.50
Gyro: -10.25, -124.58, 97.89
Accel: 0.38, -0.72, -0.57
Gyro: -17.76, -134.59, 84.80
Accel: 0.28, -0.70, -0.60
Gyro: -25.38, -143.78, 74.57
Accel: 0.17, -0.75, -0.64
Gyro: -36.43, -150.42, 62.39
Accel: 0.04, -0.80, -0.69
Gyro: -52.09, -152.87, 49.00
Accel: -0.05, -0.85, -0.70
Gyro: -74.07, -154.18, 23.83
Accel: -0.20, -0.73, -0.81
Gyro: -95.50, -144.92, -0.08
Accel: -0.23, -0.64, -0.81
Gyro: -112.72, -142.50, -31.82
Accel: -0.33, -0.52, -0.82
Gyro: -131.23, -133.39, -47.42
Accel: -0.39, -0.40, -0.83
Gyro: -156.95, -123.12, -61.34
Accel: -0.44, -0.21, -0.80
Gyro: -154.77, -104.26, -65.51
Accel: -0.45, -0.08, -0.76
Gyro: -117.52, -99.71, -61.93
Accel: -0.48, -0.02, -0.71
Gyro: -98.47, -79.54, -55.58
Accel: -0.53, 0.04, -0.72
Gyro: -83.86, -71.37, -53.47
Accel: -0.65, 0.16, -1.14
Gyro: -89.75, -68.47, -52.19
Accel: -0.66, 0.11, -1.05
Gyro: -91.51, -43.21, -49.26
Accel: -0.53, 0.11, -0.62
Gyro: -86.65, -36.74, -55.95
Accel: -0.59, 0.15, -0.77
Gyro: -67.25, -50.35, -55.22
Accel: -0.69, 0.27, -0.95
Gyro: -68.31, -42.50, -49.07
Accel: -0.66, 0.30, -0.88
Gyro: -46.18, -22.66, -32.84
Accel: -0.65, 0.25, -0.82
Gyro: -24.75, -15.47, -22.51
Accel: -0.65, 0.21, -0.87
Gyro: -22.03, -5.80, -18.39
Accel: -0.59, 0.18, -0.83
Gyro: -13.39, 0.20, -15.11
Accel: -0.57, 0.20, -0.79
Gyro: -6.29, 1.05, -11.30
Accel: -0.57, 0.18, -0.81
Gyro: 2.47, 2.11, -4.31
Accel: -0.54, 0.14, -0.83
Gyro: 0.18, 4.10, 0.85
Accel: -0.53, 0.13, -0.82
Gyro: -4.46, 3.46, 4.07
Accel: -0.53, 0.10, -0.81
Gyro: -0.18, 2.59, 5.45
Accel: -0.52, 0.08, -0.83
Gyro: 0.76, 3.38, 4.04
Accel: -0.52, 0.07, -0.85
Gyro: -1.00, 4.68, 1.53
Accel: -0.50, 0.07, -0.82
Gyro: -2.01, 5.16, 0.61
Accel: -0.50, 0.07, -0.83
Gyro: -2.02, 5.39, -0.88
Accel: -0.49, 0.08, -0.83
Gyro: -1.37, 4.79, -0.72
Accel: -0.49, 0.09, -0.83
Gyro: -0.97, 4.54, -0.19
Accel: -0.49, 0.08, -0.83
Gyro: -1.38, 4.04, 0.23
Accel: -0.49, 0.07, -0.84
Gyro: -3.21, 2.62, -0.26
Accel: -0.49, 0.08, -0.83
Gyro: -4.52, 1.95, -0.80
Accel: -0.49, 0.08, -0.84
Gyro: -4.39, 0.84, -2.35
Accel: -0.49, 0.09, -0.84
Gyro: -3.86, 2.65, -1.87
Accel: -0.49, 0.09, -0.84
Gyro: -2.68, 3.09, -2.88
Accel: -0.48, 0.09, -0.83
Gyro: -3.39, 2.35, -2.84
Accel: -0.49, 0.10, -0.83
Gyro: -1.50, 1.19, -2.46
Accel: -0.48, 0.09, -0.83
Gyro: -2.43, 1.41, -1.83
Accel: -0.48, 0.09, -0.83
Gyro: -3.72, 1.62, -1.63
Accel: -0.49, 0.09, -0.84
Gyro: -4.20, 1.02, -1.92
Accel: -0.49, 0.09, -0.84
Gyro: -2.67, 0.37, -1.91
Accel: -0.49, 0.09, -0.84
Gyro: -3.18, 1.37, -1.19
Accel: -0.49, 0.09, -0.83
Gyro: -4.17, 1.43, -1.40
Accel: -0.48, 0.09, -0.83
Gyro: -3.05, 1.14, -1.48
Accel: -0.48, 0.09, -0.83
Gyro: -2.88, 0.97, -1.42
Accel: -0.48, 0.08, -0.85
Gyro: -3.36, 1.05, -1.27
Accel: -0.48, 0.09, -0.84
Gyro: -3.36, 0.53, -2.08
Accel: -0.49, 0.09, -0.85
Gyro: -4.31, 0.29, -2.00
Accel: -0.48, 0.09, -0.85
Gyro: -4.29, 1.30, -2.60
Accel: -0.47, 0.09, -0.83
Gyro: -3.25, 1.54, -3.14
Accel: -0.48, 0.09, -0.84
Gyro: -4.62, 1.27, -2.84
Accel: -0.47, 0.10, -0.85
Gyro: -4.70, 1.72, -2.46
Accel: -0.46, 0.10, -0.83
Gyro: -3.47, 1.73, -2.24
Accel: -0.48, 0.09, -0.85
Gyro: -4.20, 0.71, -1.37
Accel: -0.48, 0.10, -0.86
Gyro: -5.83, 0.95, -1.69
Accel: -0.47, 0.09, -0.86
Gyro: -4.15, 2.06, -1.79
Accel: -0.46, 0.10, -0.84
Gyro: -4.14, 2.30, -2.33
Accel: -0.47, 0.08, -0.84
Gyro: -4.53, 0.28, -2.30
