Accel: -0.48, 0.12, -0.83
Gyro: -3.81, 3.80, -2.08
Accel: -0.48, 0.12, -0.83
Gyro: -4.17, 3.26, -2.28
Accel: -0.48, 0.12, -0.84
Gyro: -3.85, 3.49, -2.03
Accel: -0.48, 0.11, -0.84
Gyro: -3.65, 3.00, -2.04
Accel: -0.47, 0.10, -0.83
Gyro: -5.10, 2.46, -2.04
Accel: -0.47, 0.11, -0.84
Gyro: -6.42, 1.31, -2.46
Accel: -0.48, 0.11, -0.85
Gyro: -7.17, 1.67, -2.74
Accel: -0.48, 0.10, -0.85
Gyro: -7.69, 1.97, -2.69
Accel: -0.47, 0.10, -0.85
Gyro: -11.69, 3.42, -3.61
Accel: -0.49, 0.08, -0.83
Gyro: -15.25, 4.36, -5.20
Accel: -0.53, 0.03, -0.83
Gyro: -19.52, 4.37, -7.93
Accel: -0.57, -0.07, -0.89
Gyro: -26.24, 6.57, -12.95
Accel: -0.64, -0.15, -1.02
Gyro: -51.85, 23.26, -28.56
Accel: -0.72, -0.21, -1.02
Gyro: -69.41, 48.65, -49.08
Accel: -0.70, -0.13, -1.01
Gyro: -104.54, 84.07, -73.55
Accel: -0.64, -0.06, -0.87
Gyro: -114.14, 101.94, -95.21
Accel: -0.59, 0.09, -0.79
Gyro: -130.14, 116.91, -110.77
Accel: -0.54, 0.29, -0.70
Gyro: -128.99, 123.05, -115.16
Accel: -0.50, 0.46, -0.75
Gyro: -124.01, 128.00, -103.96
Accel: -0.41, 0.56, -0.67
Gyro: -116.40, 129.95, -86.66
Accel: -0.37, 0.68, -0.75
Gyro: -104.13, 128.27, -65.16
Accel: -0.30, 0.74, -0.72
Gyro: -93.65, 134.74, -37.28
Accel: -0.18, 0.73, -0.66
Gyro: -68.93, 125.34, -18.78
Accel: -0.11, 0.83, -0.72
Gyro: -73.31, 132.34, 13.42
Accel: -0.13, 0.87, -0.70
Gyro: -46.66, 125.12, 33.45
Accel: -0.00, 0.85, -0.64
Gyro: -34.53, 118.64, 54.96
Accel: 0.07, 0.80, -0.69
Gyro: -22.91, 115.72, 77.19
Accel: 0.15, 0.77, -0.65
Gyro: -12.41, 117.24, 91.46
Accel: 0.24, 0.77, -0.60
Gyro: -3.56, 109.35, 107.13
Accel: 0.31, 0.76, -0.62
Gyro: 0.02, 100.09, 122.99
Accel: 0.42, 0.73, -0.51
Gyro: 14.99, 89.06, 137.95
Accel: 0.58, 0.64, -0.43
Gyro: 36.30, 71.63, 150.51
Accel: 0.64, 0.53, -0.43
Gyro: 42.11, 48.21, 164.15
Accel: 0.62, 0.43, -0.48
Gyro: 32.30, 35.63, 184.78
Accel: 0.64, 0.23, -0.41
Gyro: 25.21, 25.66, 203.48
Accel: 0.66, 0.07, -0.55
Gyro: 17.33, 14.89, 204.69
Accel: 0.69, 0.03, -0.52
Gyro: 7.71, 7.77, 194.71
Accel: 0.75, -0.04, -0.39
Gyro: 10.19, -10.50, 188.58
Accel: 0.76, -0.11, -0.44
Gyro: 23.01, -28.86, 175.77
Accel: 0.73, -0.14, -0.48
Gyro: 31.60, -41.89, 168.11
Accel: 0.76, -0.35, -0.48
Gyro: 28.85, -51.85, 158.71
Accel: 0.82, -0.44, -0.39
Gyro: 31.07, -73.11, 135.26
Accel: 0.73, -0.51, -0.40
Gyro: 39.48, -96.71, 112.15
Accel: 0.63, -0.66, -0.51
Gyro: 41.46, -116.49, 89.76
Accel: 0.53, -0.69, -0.55
Gyro: 41.24, -132.60, 67.03
Accel: 0.44, -0.65, -0.60
Gyro: 30.83, -146.02, 46.29
Accel: 0.28, -0.60, -0.65
Gyro: 22.51, -153.88, 34.12
Accel: 0.15, -0.54, -0.70
Gyro: 14.31, -150.70, 33.28
Accel: 0.05, -0.58, -0.74
Gyro: 7.48, -146.21, 40.73
Accel: -0.06, -0.68, -0.83
Gyro: -7.10, -136.12, 40.28
Accel: -0.12, -0.69, -0.88
Gyro: -28.26, -121.84, 33.94
Accel: -0.12, -0.69, -0.81
Gyro: -47.20, -113.24, 23.26
Accel: -0.19, -0.67, -0.79
Gyro: -58.94, -109.05, 6.13
Accel: -0.25, -0.51, -0.78
Gyro: -63.80, -108.12, 1.56
Accel: -0.36, -0.54, -0.86
Gyro: -87.44, -102.86, -0.69
Accel: -0.32, -0.44, -0.77
Gyro: -114.26, -103.78, -11.89
Accel: -0.40, -0.39, -0.77
Gyro: -123.82, -103.15, -18.28
Accel: -0.48, -0.35, -0.77
Gyro: -139.68, -102.15, -24.10
Accel: -0.52, -0.19, -0.75
Gyro: -141.17, -92.88, -29.31
Accel: -0.58, -0.06, -0.71
Gyro: -122.47, -86.38, -27.65
Accel: -0.64, -0.05, -0.81
Gyro: -113.60, -69.55, -29.95
Accel: -0.63, -0.05, -0.79
Gyro: -111.40, -49.30, -42.61
Accel: -0.67, -0.03, -0.66
Gyro: -109.07, -52.92, -60.49
Accel: -0.76, 0.07, -0.90
Gyro: -106.79, -47.16, -72.11
Accel: -0.75, 0.23, -0.79
Gyro: -101.56, -32.47, -73.40
Accel: -0.74, 0.37, -0.74
Gyro: -72.05, -28.46, -61.29
Accel: -0.74, 0.32, -0.83
Gyro: -52.86, -18.53, -44.79
Accel: -0.70, 0.25, -0.77
Gyro: -42.51, -8.19, -39.63
Accel: -0.70, 0.33, -0.74
Gyro: -22.35, -2.65, -31.65
Accel: -0.67, 0.33, -0.79
Gyro: 0.98, 4.63, -13.24
Accel: -0.64, 0.23, -0.76
Gyro: 6.79, 7.13, 0.34
Accel: -0.60, 0.16, -0.74
Gyro: 8.88, 4.83, 5.03
Accel: -0.61, 0.11, -0.78
Gyro: 5.74, 3.30, 7.16
Accel: -0.61, 0.08, -0.77
Gyro: 1.37, 3.30, 5.78
Accel: -0.60, 0.10, -0.80
Gyro: -0.44, 4.61, 2.88
Accel: -0.61, 0.14, -0.83
Gyro: -1.50, 9.48, 4.90
Accel: -0.58, 0.12, -0.78
Gyro: 1.97, 12.58, 7.61
Accel: -0.56, 0.09, -0.77
Gyro: 1.44, 11.25, 7.66
Accel: -0.55, 0.07, -0.78
Gyro: -2.01, 9.37, 5.68
Accel: -0.55, 0.08, -0.80
Gyro: -5.10, 10.44, 3.55
Accel: -0.54, 0.09, -0.77
Gyro: -2.37, 8.96, 1.59
Accel: -0.53, 0.09, -0.77
Gyro: -2.26, 5.13, -0.62
Accel: -0.53, 0.10, -0.82
Gyro: -5.21, 4.82, -1.01
Accel: -0.53, 0.11, -0.79
Gyro: -5.16, 4.97, -1.43
Accel: -0.53, 0.11, -0.78
Gyro: -2.27, 2.60, -1.77
Accel: -0.54, 0.12, -0.81
Gyro: -4.04, 1.74, -1.01
Accel: -0.54, 0.10, -0.81
Gyro: -5.21, 3.88, 0.31
Accel: -0.54, 0.10, -0.80
Gyro: -2.24, 3.07, -0.40
Accel: -0.54, 0.12, -0.81
Gyro: -3.75, 2.03, -1.56
Accel: -0.54, 0.11, -0.79
Gyro: -0.92, 0.94, -1.64
Accel: -0.53, 0.11, -0.78
Gyro: 0.46, 0.12, -1.53
Accel: -0.54, 0.11, -0.81
Gyro: -2.12, -0.47, -1.43
Accel: -0.54, 0.10, -0.81
Gyro: -3.15, 1.13, -0.86
Accel: -0.54, 0.11, -0.81
Gyro: -2.02, 2.59, -0.12
Accel: -0.53, 0.11, -0.78
Gyro: -1.63, 2.06, -0.46
Accel: -0.53, 0.10, -0.81
Gyro: -2.25, 0.24, -1.06
Accel: -0.54, 0.10, -0.80
Gyro: -3.07, 0.62, -0.85
Accel: -0.54, 0.10, -0.80
Gyro: -2.18, -0.62, -1.14
Accel: -0.55, 0.10, -0.83
Gyro: -3.82, -0.38, -1.31
Accel: -0.54, 0.10, -0.81
Gyro: -5.24, 1.71, -2.54
Accel: -0.53, 0.11, -0.79
Gyro: -2.29, 1.17, -3.00
