Accel: -0.50, 0.11, -0.83
Gyro: -4.43, 4.40, -1.55
Accel: -0.49, 0.11, -0.84
Gyro: -5.25, 3.98, -2.33
Accel: -0.50, 0.12, -0.83
Gyro: -5.40, 3.89, -2.49
Accel: -0.49, 0.13, -0.83
Gyro: -4.48, 3.71, -2.41
Accel: -0.49, 0.13, -0.84
Gyro: -3.69, 3.09, -2.20
Accel: -0.49, 0.13, -0.84
Gyro: -4.40, 3.48, -1.91
Accel: -0.48, 0.12, -0.85
Gyro: -4.54, 4.22, -2.23
Accel: -0.47, 0.11, -0.83
Gyro: -4.40, 4.39, -2.35
Accel: -0.49, 0.08, -0.82
Gyro: -4.97, 3.14, -2.54
Accel: -0.51, 0.01, -0.87
Gyro: -10.44, 3.35, -4.23
Accel: -0.57, -0.06, -0.90
Gyro: -22.29, 7.60, -10.22
Accel: -0.61, -0.16, -0.95
Gyro: -41.87, 18.26, -22.82
Accel: -0.62, -0.16, -0.96
Gyro: -66.94, 36.92, -45.35
Accel: -0.64, -0.11, -0.93
Gyro: -79.59, 55.44, -66.21
Accel: -0.68, -0.02, -0.99
Gyro: -102.57, 78.05, -82.81
Accel: -0.64, 0.12, -0.87
Gyro: -115.60, 100.53, -90.72
Accel: -0.64, 0.25, -0.87
Gyro: -108.60, 115.13, -91.62
Accel: -0.55, 0.33, -0.82
Gyro: -112.82, 133.13, -82.98
Accel: -0.46, 0.44, -0.74
Gyro: -109.06, 140.34, -75.46
Accel: -0.45, 0.60, -0.83
Gyro: -97.46, 149.93, -56.69
Accel: -0.33, 0.65, -0.74
Gyro: -86.33, 155.41, -30.71
Accel: -0.28, 0.72, -0.79
Gyro: -77.03, 160.72, -5.33
Accel: -0.25, 0.85, -0.88
Gyro: -64.12, 172.45, 29.14
Accel: -0.07, 0.84, -0.62
Gyro: -69.69, 182.87, 84.04
Accel: 0.10, 0.80, -0.53
Gyro: -38.05, 165.11, 115.23
Accel: 0.21, 0.74, -0.59
Gyro: -10.26, 144.27, 131.25
Accel: 0.31, 0.64, -0.63
Gyro: 1.92, 132.10, 139.28
Accel: 0.40, 0.53, -0.54
Gyro: 8.77, 132.58, 143.23
Accel: 0.53, 0.50, -0.36
Gyro: 21.22, 122.03, 142.01
Accel: 0.65, 0.44, -0.32
Gyro: 27.31, 98.66, 146.52
Accel: 0.71, 0.38, -0.36
Gyro: 32.05, 82.15, 149.75
Accel: 0.78, 0.32, -0.34
Gyro: 30.30, 61.41, 154.56
Accel: 0.83, 0.20, -0.30
Gyro: 36.34, 41.08, 157.75
Accel: 0.88, 0.09, -0.30
Gyro: 37.32, 19.39, 159.29
Accel: 0.88, -0.04, -0.33
Gyro: 34.03, -0.64, 157.96
Accel: 0.87, -0.15, -0.37
Gyro: 29.33, -14.05, 150.54
Accel: 0.88, -0.19, -0.33
Gyro: 26.58, -28.96, 145.99
Accel: 0.81, -0.28, -0.34
Gyro: 47.76, -43.62, 146.84
Accel: 0.76, -0.36, -0.39
Gyro: 21.77, -51.73, 146.48
Accel: 0.71, -0.44, -0.40
Gyro: 24.47, -62.04, 145.92
Accel: 0.63, -0.53, -0.40
Gyro: 17.46, -77.06, 143.23
Accel: 0.57, -0.64, -0.48
Gyro: 7.77, -84.71, 136.43
Accel: 0.52, -0.71, -0.53
Gyro: 2.80, -94.32, 121.03
Accel: 0.44, -0.77, -0.61
Gyro: -4.82, -99.64, 107.61
Accel: 0.36, -0.77, -0.69
Gyro: -21.64, -95.11, 98.03
Accel: 0.32, -0.78, -0.63
Gyro: -34.52, -94.02, 83.69
Accel: 0.25, -0.78, -0.64
Gyro: -42.57, -104.25, 77.19
Accel: 0.14, -0.79, -0.69
Gyro: -57.24, -110.71, 62.53
Accel: 0.07, -0.73, -0.73
Gyro: -77.75, -115.10, 46.62
Accel: 0.01, -0.69, -0.72
Gyro: -86.62, -116.29, 32.88
Accel: -0.05, -0.70, -0.70
Gyro: -92.80, -121.34, 15.72
Accel: -0.15, -0.69, -0.72
Gyro: -101.96, -127.37, -4.81
Accel: -0.26, -0.67, -0.73
Gyro: -110.05, -130.81, -31.46
Accel: -0.39, -0.58, -0.80
Gyro: -120.17, -123.64, -62.61
Accel: -0.47, -0.44, -0.78
Gyro: -127.61, -111.78, -86.80
Accel: -0.51, -0.34, -0.73
Gyro: -137.29, -103.78, -103.45
Accel: -0.62, -0.17, -0.75
Gyro: -140.33, -97.41, -113.95
Accel: -0.65, 0.02, -0.83
Gyro: -131.10, -82.86, -110.19
Accel: -0.61, 0.08, -0.77
Gyro: -96.71, -58.24, -106.35
Accel: -0.61, 0.15, -0.86
Gyro: -103.33, -66.13, -98.69
Accel: -0.66, 0.20, -1.01
Gyro: -105.68, -47.05, -82.68
Accel: -0.58, 0.17, -0.81
Gyro: -96.98, -32.36, -76.59
Accel: -0.58, 0.25, -0.77
Gyro: -59.53, -29.44, -65.31
Accel: -0.61, 0.28, -0.88
Gyro: -54.77, -25.22, -44.82
Accel: -0.55, 0.23, -0.81
Gyro: -57.08, -19.30, -31.26
Accel: -0.57, 0.25, -0.80
Gyro: -42.31, -18.74, -21.49
Accel: -0.58, 0.22, -0.85
Gyro: -30.49, -14.21, -13.35
Accel: -0.57, 0.22, -0.84
Gyro: -26.67, -9.48, -10.50
Accel: -0.55, 0.26, -0.83
Gyro: -13.37, -5.46, -5.03
Accel: -0.54, 0.22, -0.80
Gyro: -6.43, -5.34, 1.18
Accel: -0.55, 0.17, -0.82
Gyro: -6.22, -4.86, 3.30
Accel: -0.53, 0.15, -0.82
Gyro: -3.27, -3.60, 2.26
Accel: -0.53, 0.14, -0.80
Gyro: -1.63, -3.01, 0.01
Accel: -0.55, 0.13, -0.82
Gyro: 2.23, -3.36, -1.01
Accel: -0.54, 0.12, -0.82
Gyro: 1.23, -1.37, -0.73
Accel: -0.53, 0.11, -0.82
Gyro: 1.82, -0.47, -0.31
Accel: -0.53, 0.10, -0.82
Gyro: 0.63, 1.15, 0.24
Accel: -0.53, 0.10, -0.82
Gyro: 0.28, 0.50, -0.40
Accel: -0.53, 0.11, -0.83
Gyro: -0.30, 1.35, -0.39
Accel: -0.53, 0.10, -0.84
Gyro: -1.02, 2.95, -0.14
Accel: -0.51, 0.10, -0.82
Gyro: -1.66, 4.64, -1.03
Accel: -0.51, 0.10, -0.80
Gyro: -0.84, 3.61, -1.52
Accel: -0.51, 0.10, -0.80
Gyro: -0.42, 2.84, -1.85
Accel: -0.51, 0.09, -0.83
Gyro: -1.23, 3.17, -1.82
Accel: -0.50, 0.10, -0.84
Gyro: -0.89, 3.75, -1.97
Accel: -0.50, 0.10, -0.81
Gyro: -0.18, 3.60, -1.75
Accel: -0.50, 0.10, -0.82
Gyro: -0.93, 2.10, -1.01
Accel: -0.50, 0.09, -0.83
Gyro: -1.20, 1.14, -0.37
Accel: -0.51, 0.08, -0.83
Gyro: -2.48, 1.59, -0.14
Accel: -0.51, 0.09, -0.83
Gyro: -2.56, 1.67, -0.43
Accel: -0.51, 0.09, -0.84
Gyro: -3.22, 2.31, -0.55
Accel: -0.50, 0.10, -0.83
Gyro: -2.20, 2.23, -0.92
Accel: -0.50, 0.10, -0.83
Gyro: -2.13, 1.84, -0.95
Accel: -0.50, 0.09, -0.84
Gyro: -2.91, 2.27, -1.24
Accel: -0.49, 0.09, -0.83
Gyro: -1.96, 2.72, -1.60
Accel: -0.50, 0.09, -0.82
Gyro: -2.34, 2.09, -1.63
Accel: -0.50, 0.09, -0.83
Gyro: -3.34, 0.72, -1.34
Accel: -0.50, 0.09, -0.84
Gyro: -4.34, 1.35, -1.74
Accel: -0.50, 0.09, -0.85
Gyro: -4.75, 1.66, -1.41
Accel: -0.49, 0.10, -0.82
Gyro: -4.79, 1.01, -1.70
Accel: -0.50, 0.10, -0.83
Gyro: -6.03, 0.62, -1.59
