Accel: -0.51, 0.08, -0.82
Gyro: -2.11, 2.12, 0.02
Accel: -0.52, 0.09, -0.82
Gyro: -2.82, 1.53, -0.34
Accel: -0.52, 0.08, -0.83
Gyro: -2.75, 1.72, -0.40
Accel: -0.51, 0.08, -0.83
Gyro: -1.86, 2.06, -0.56
Accel: -0.51, 0.06, -0.82
Gyro: -1.72, 2.17, -0.31
Accel: -0.51, 0.03, -0.83
Gyro: -5.36, 1.18, -0.82
Accel: -0.50, 0.04, -0.82
Gyro: -10.35, 0.56, -3.23
Accel: -0.52, 0.07, -0.82
Gyro: -11.07, -0.11, -5.26
Accel: -0.55, 0.05, -0.82
Gyro: -9.38, -0.50, -4.11
Accel: -0.56, -0.02, -0.87
Gyro: -14.72, 1.20, -4.33
Accel: -0.59, -0.06, -0.86
Gyro: -30.98, 9.76, -8.47
Accel: -0.62, -0.22, -0.87
Gyro: -45.93, 14.53, -19.43
Accel: -0.66, -0.18, -0.97
Gyro: -78.48, 30.17, -40.44
Accel: -0.68, -0.12, -0.88
Gyro: -90.68, 49.45, -55.79
Accel: -0.69, -0.14, -0.88
Gyro: -115.17, 69.74, -73.73
Accel: -0.67, 0.06, -0.87
Gyro: -135.75, 88.62, -91.61
Accel: -0.64, 0.21, -0.76
Gyro: -131.97, 100.87, -94.21
Accel: -0.62, 0.27, -0.77
Gyro: -133.17, 113.21, -91.74
Accel: -0.55, 0.42, -0.72
Gyro: -132.13, 123.49, -88.94
Accel: -0.48, 0.57, -0.72
Gyro: -118.05, 127.33, -78.32
Accel: -0.47, 0.68, -0.79
Gyro: -103.49, 135.56, -57.79
Accel: -0.38, 0.70, -0.71
Gyro: -89.13, 142.82, -35.12
Accel: -0.30, 0.75, -0.77
Gyro: -72.98, 144.56, -14.80
Accel: -0.21, 0.79, -0.73
Gyro: -68.31, 147.56, 13.39
Accel: -0.16, 0.82, -0.70
Gyro: -39.31, 150.61, 36.41
Accel: -0.07, 0.77, -0.72
Gyro: -41.00, 152.18, 52.43
Accel: 0.02, 0.77, -0.68
Gyro: -33.36, 153.26, 75.07
Accel: 0.10, 0.74, -0.67
Gyro: -20.84, 157.97, 92.64
Accel: 0.17, 0.72, -0.58
Gyro: -18.38, 156.74, 104.54
Accel: 0.32, 0.71, -0.46
Gyro: -10.84, 142.40, 118.41
Accel: 0.49, 0.64, -0.32
Gyro: 8.45, 121.35, 126.81
Accel: 0.63, 0.59, -0.35
Gyro: 26.45, 96.63, 130.11
Accel: 0.69, 0.53, -0.37
Gyro: 21.45, 83.99, 137.31
Accel: 0.74, 0.48, -0.29
Gyro: 23.13, 65.59, 152.40
Accel: 0.77, 0.38, -0.33
Gyro: 27.33, 48.42, 164.74
Accel: 0.79, 0.30, -0.33
Gyro: 19.50, 32.17, 174.16
Accel: 0.82, 0.20, -0.29
Gyro: 21.23, 15.13, 182.60
Accel: 0.84, 0.06, -0.28
Gyro: 25.76, 2.23, 188.02
Accel: 0.85, -0.13, -0.29
Gyro: 32.16, -13.11, 187.65
Accel: 0.88, -0.28, -0.34
Gyro: 25.27, -27.85, 176.01
Accel: 0.81, -0.38, -0.37
Gyro: 26.36, -40.56, 167.44
Accel: 0.76, -0.52, -0.47
Gyro: 11.23, -51.76, 150.34
Accel: 0.75, -0.49, -0.42
Gyro: 1.32, -60.36, 134.24
Accel: 0.70, -0.52, -0.47
Gyro: -6.22, -67.23, 127.08
Accel: 0.68, -0.60, -0.49
Gyro: -8.12, -75.02, 116.22
Accel: 0.59, -0.63, -0.52
Gyro: -10.25, -81.15, 107.22
Accel: 0.53, -0.75, -0.48
Gyro: -11.02, -93.93, 95.80
Accel: 0.46, -0.73, -0.63
Gyro: -32.73, -103.41, 84.21
Accel: 0.43, -0.73, -0.50
Gyro: -44.72, -115.91, 76.13
Accel: 0.35, -0.70, -0.54
Gyro: -61.84, -144.35, 65.75
Accel: 0.19, -0.58, -0.76
Gyro: -74.51, -153.50, 57.91
Accel: 0.08, -0.52, -0.86
Gyro: -81.67, -140.49, 50.32
Accel: 0.02, -0.56, -0.81
Gyro: -76.35, -127.75, 36.59
Accel: -0.06, -0.64, -0.75
Gyro: -73.17, -128.62, 14.69
Accel: -0.17, -0.61, -0.85
Gyro: -91.24, -126.88, -9.72
Accel: -0.26, -0.49, -0.86
Gyro: -94.25, -118.52, -31.97
Accel: -0.31, -0.48, -0.81
Gyro: -98.92, -110.24, -52.07
Accel: -0.37, -0.41, -0.78
Gyro: -109.27, -108.99, -74.36
Accel: -0.41, -0.26, -0.78
Gyro: -120.29, -106.92, -89.71
Accel: -0.52, -0.15, -0.75
Gyro: -122.46, -95.99, -94.64
Accel: -0.55, -0.03, -0.72
Gyro: -119.19, -86.28, -94.66
Accel: -0.62, 0.08, -0.76
Gyro: -94.44, -77.90, -94.81
Accel: -0.59, 0.09, -0.90
Gyro: -96.70, -75.34, -88.36
Accel: -0.65, 0.10, -0.80
Gyro: -108.95, -72.34, -82.97
Accel: -0.66, 0.18, -0.79
Gyro: -107.58, -66.31, -82.46
Accel: -0.65, 0.28, -0.69
Gyro: -82.79, -57.01, -70.73
Accel: -0.68, 0.33, -0.65
Gyro: -59.00, -64.06, -57.91
Accel: -0.73, 0.34, -0.83
Gyro: -52.89, -61.41, -44.64
Accel: -0.85, 0.38, -0.99
Gyro: -35.39, -39.37, -30.38
Accel: -0.84, 0.37, -1.02
Gyro: -19.26, 2.07, -11.61
Accel: -0.68, 0.26, -0.70
Gyro: 3.76, 14.57, 0.68
Accel: -0.62, 0.17, -0.69
Gyro: 12.86, 9.61, 5.58
Accel: -0.62, 0.13, -0.76
Gyro: -3.14, 2.49, 6.25
Accel: -0.63, 0.13, -0.77
Gyro: -5.04, 4.61, 6.84
Accel: -0.61, 0.12, -0.75
Gyro: 0.11, 7.38, 8.31
Accel: -0.59, 0.10, -0.74
Gyro: -2.33, 5.11, 6.74
Accel: -0.58, 0.12, -0.76
Gyro: -4.10, 1.66, 4.16
Accel: -0.59, 0.14, -0.80
Gyro: 0.31, 2.52, 3.65
Accel: -0.58, 0.13, -0.81
Gyro: 4.62, 5.78, 4.21
Accel: -0.58, 0.11, -0.78
Gyro: 5.26, 5.65, 4.58
Accel: -0.57, 0.10, -0.79
Gyro: 4.46, 4.78, 4.54
Accel: -0.55, 0.08, -0.79
Gyro: 3.81, 4.37, 3.39
Accel: -0.55, 0.09, -0.78
Gyro: -1.34, 4.17, 0.87
Accel: -0.55, 0.10, -0.78
Gyro: -2.11, 2.01, -0.05
Accel: -0.56, 0.09, -0.79
Gyro: -1.37, 2.45, -1.50
Accel: -0.55, 0.08, -0.79
Gyro: 0.24, 2.36, -2.93
Accel: -0.55, 0.10, -0.79
Gyro: -3.93, 2.30, -3.40
Accel: -0.56, 0.11, -0.79
Gyro: -2.66, 1.26, -2.69
Accel: -0.56, 0.12, -0.81
Gyro: -1.54, 1.88, -2.10
Accel: -0.55, 0.10, -0.77
Gyro: -2.78, 1.73, -1.05
Accel: -0.56, 0.09, -0.80
Gyro: -3.39, 1.38, -1.02
Accel: -0.56, 0.09, -0.81
Gyro: -5.29, 3.13, -1.08
Accel: -0.54, 0.09, -0.79
Gyro: -5.10, 3.29, -2.12
Accel: -0.54, 0.10, -0.78
Gyro: -4.70, 1.11, -3.06
Accel: -0.54, 0.09, -0.79
Gyro: -5.59, 0.18, -3.50
Accel: -0.55, 0.08, -0.80
Gyro: -4.72, -0.96, -3.46
Accel: -0.56, 0.08, -0.81
Gyro: -8.37, 0.96, -3.24
Accel: -0.55, 0.09, -0.80
Gyro: -10.59, 1.76, -3.75
Accel: -0.55, 0.11, -0.78
Gyro: -9.76, 0.54, -3.96
Accel: -0.55, 0.12, -0.81
Gyro: -10.37, 0.62, -3.11
Accel: -0.56, 0.12, -0.80
Gyro: -10.35, 1.24, -2.81
