Accel: -0.44, 0.11, -0.85
Gyro: -3.31, 0.50, -1.79
Accel: -0.44, 0.12, -0.85
Gyro: -2.30, -1.22, -2.14
Accel: -0.44, 0.12, -0.86
Gyro: -1.35, -1.49, -1.58
Accel: -0.44, 0.11, -0.85
Gyro: -0.52, -1.27, -0.68
Accel: -0.45, 0.10, -0.87
Gyro: -1.88, -0.86, 0.01
Accel: -0.45, 0.08, -0.88
Gyro: -5.12, -0.32, -0.53
Accel: -0.45, 0.09, -0.88
Gyro: -6.13, 1.01, -2.12
Accel: -0.44, 0.10, -0.86
Gyro: -5.94, 1.14, -2.98
Accel: -0.46, 0.10, -0.85
Gyro: -6.78, 0.58, -2.56
Accel: -0.49, 0.06, -0.90
Gyro: -8.83, 0.54, -1.89
Accel: -0.52, 0.01, -0.90
Gyro: -17.77, 7.42, -2.46
Accel: -0.58, -0.11, -0.90
Gyro: -28.29, 12.97, -5.48
Accel: -0.63, -0.20, -1.03
Gyro: -57.56, 28.05, -16.27
Accel: -0.66, -0.22, -1.03
Gyro: -86.37, 53.07, -34.58
Accel: -0.70, -0.13, -1.09
Gyro: -112.43, 88.84, -55.14
Accel: -0.59, -0.03, -0.83
Gyro: -132.40, 117.98, -73.54
Accel: -0.50, 0.12, -0.72
Gyro: -137.66, 123.86, -87.71
Accel: -0.50, 0.30, -0.76
Gyro: -140.59, 130.65, -94.58
Accel: -0.44, 0.41, -0.70
Gyro: -138.17, 139.65, -94.57
Accel: -0.36, 0.60, -0.67
Gyro: -121.45, 140.03, -90.83
Accel: -0.31, 0.79, -0.74
Gyro: -106.40, 143.51, -73.69
Accel: -0.24, 0.90, -0.68
Gyro: -96.03, 151.51, -45.13
Accel: -0.15, 0.99, -0.60
Gyro: -62.19, 147.09, -18.32
Accel: -0.05, 0.98, -0.69
Gyro: -41.08, 147.99, 13.06
Accel: 0.01, 0.96, -0.63
Gyro: -30.51, 146.16, 41.86
Accel: 0.14, 0.90, -0.55
Gyro: -14.95, 139.21, 68.58
Accel: 0.19, 0.84, -0.56
Gyro: -6.05, 133.52, 95.73
Accel: 0.25, 0.76, -0.52
Gyro: 11.02, 122.22, 113.71
Accel: 0.34, 0.69, -0.54
Gyro: 8.84, 108.07, 125.35
Accel: 0.40, 0.68, -0.52
Gyro: 14.79, 101.08, 139.21
Accel: 0.49, 0.58, -0.46
Gyro: 26.70, 96.43, 155.22
Accel: 0.58, 0.48, -0.40
Gyro: 30.24, 85.49, 164.71
Accel: 0.69, 0.41, -0.37
Gyro: 23.22, 68.88, 172.38
Accel: 0.74, 0.33, -0.36
Gyro: 25.13, 53.07, 181.47
Accel: 0.81, 0.16, -0.29
Gyro: 31.33, 38.93, 189.25
Accel: 0.87, 0.00, -0.26
Gyro: 30.82, 20.19, 185.87
Accel: 0.91, -0.10, -0.27
Gyro: 22.16, -4.70, 173.29
Accel: 0.88, -0.17, -0.30
Gyro: 24.12, -22.94, 164.59
Accel: 0.91, -0.25, -0.29
Gyro: 22.36, -40.22, 157.10
Accel: 0.87, -0.37, -0.34
Gyro: 24.08, -55.99, 154.30
Accel: 0.83, -0.49, -0.37
Gyro: 22.22, -69.34, 138.92
Accel: 0.79, -0.43, -0.41
Gyro: -1.70, -81.70, 132.32
Accel: 0.69, -0.52, -0.48
Gyro: 2.68, -96.91, 131.12
Accel: 0.60, -0.58, -0.45
Gyro: -0.34, -104.43, 117.51
Accel: 0.59, -0.63, -0.30
Gyro: 14.65, -136.64, 94.47
Accel: 0.42, -0.76, -0.44
Gyro: 28.56, -170.85, 72.17
Accel: 0.20, -0.89, -0.67
Gyro: 14.40, -175.90, 52.38
Accel: 0.07, -0.83, -0.76
Gyro: -17.49, -163.42, 42.32
Accel: 0.07, -0.66, -0.67
Gyro: -42.39, -158.04, 41.95
Accel: -0.02, -0.64, -0.74
Gyro: -60.62, -163.55, 36.04
Accel: -0.15, -0.62, -0.72
Gyro: -73.02, -164.04, 24.61
Accel: -0.25, -0.54, -0.82
Gyro: -74.81, -152.01, 14.47
Accel: -0.35, -0.51, -0.84
Gyro: -87.79, -141.20, 4.83
Accel: -0.43, -0.46, -0.88
Gyro: -118.26, -132.23, -1.40
Accel: -0.48, -0.38, -0.84
Gyro: -136.28, -124.85, -20.56
Accel: -0.54, -0.28, -0.89
Gyro: -150.79, -102.60, -32.10
Accel: -0.57, -0.20, -0.84
Gyro: -152.01, -86.79, -41.47
Accel: -0.63, -0.15, -0.79
Gyro: -127.30, -73.74, -54.89
Accel: -0.71, -0.06, -1.05
Gyro: -103.23, -44.13, -62.40
Accel: -0.62, -0.05, -0.90
Gyro: -111.19, -14.63, -67.38
Accel: -0.56, -0.05, -0.60
Gyro: -102.54, -5.06, -75.47
Accel: -0.63, 0.13, -0.83
Gyro: -80.31, -0.95, -79.95
Accel: -0.57, 0.25, -0.86
Gyro: -88.30, -6.52, -74.67
Accel: -0.54, 0.22, -0.75
Gyro: -73.68, -9.25, -62.03
Accel: -0.58, 0.18, -0.87
Gyro: -69.99, -9.12, -58.65
Accel: -0.57, 0.26, -0.87
Gyro: -56.69, 2.78, -53.17
Accel: -0.55, 0.39, -0.85
Gyro: -30.19, 9.15, -38.74
Accel: -0.51, 0.34, -0.81
Gyro: -9.12, 10.28, -17.65
Accel: -0.48, 0.23, -0.80
Gyro: -2.59, 10.44, -5.45
Accel: -0.45, 0.18, -0.83
Gyro: 2.46, 6.29, 3.16
Accel: -0.46, 0.13, -0.85
Gyro: -1.68, 3.40, 7.50
Accel: -0.46, 0.11, -0.85
Gyro: -3.09, 2.69, 7.74
Accel: -0.45, 0.10, -0.85
Gyro: -3.36, 3.39, 4.86
Accel: -0.45, 0.11, -0.84
Gyro: -4.51, 2.05, 2.30
Accel: -0.46, 0.11, -0.85
Gyro: 0.73, 2.20, 0.80
Accel: -0.44, 0.11, -0.86
Gyro: 1.50, 2.17, 0.34
Accel: -0.45, 0.11, -0.85
Gyro: -0.46, 0.89, -0.33
Accel: -0.45, 0.12, -0.87
Gyro: 1.95, 0.79, 0.79
Accel: -0.45, 0.09, -0.85
Gyro: 1.54, 1.24, 3.15
Accel: -0.45, 0.06, -0.88
Gyro: -1.92, 1.65, 4.04
Accel: -0.44, 0.06, -0.88
Gyro: -7.88, 4.34, 2.11
Accel: -0.42, 0.08, -0.85
Gyro: -8.48, 4.08, -0.53
Accel: -0.42, 0.10, -0.84
Gyro: -5.11, 1.56, -3.88
Accel: -0.44, 0.14, -0.87
Gyro: -2.34, 0.10, -4.39
Accel: -0.43, 0.14, -0.86
Gyro: 0.21, 1.42, -2.50
Accel: -0.43, 0.12, -0.86
Gyro: 3.31, 1.25, 0.14
Accel: -0.44, 0.10, -0.86
Gyro: 1.38, 0.13, 1.75
Accel: -0.43, 0.08, -0.87
Gyro: -2.11, -0.50, 1.73
Accel: -0.43, 0.09, -0.88
Gyro: -2.48, -1.05, 0.76
Accel: -0.42, 0.10, -0.87
Gyro: -0.81, -0.09, 0.20
Accel: -0.43, 0.10, -0.85
Gyro: 1.20, -0.31, 0.06
Accel: -0.42, 0.10, -0.86
Gyro: -0.18, -0.60, 0.27
Accel: -0.43, 0.11, -0.87
Gyro: 0.72, -0.98, 1.01
Accel: -0.44, 0.09, -0.87
Gyro: 0.99, -0.18, 1.65
Accel: -0.44, 0.09, -0.88
Gyro: -0.95, 0.32, 1.02
Accel: -0.43, 0.09, -0.86
Gyro: -2.92, -0.32, -0.14
Accel: -0.44, 0.09, -0.86
Gyro: -3.94, -0.21, -0.87
Accel: -0.44, 0.10, -0.88
Gyro: -3.07, 0.34, -0.95
Accel: -0.43, 0.09, -0.87
Gyro: -2.69, 1.11, -1.22
Accel: -0.43, 0.09, -0.86
Gyro: -3.04, 1.23, -1.66
Accel: -0.43, 0.10, -0.87
Gyro: -3.99, 0.99, -1.95
