Accel: -0.48, 0.11, -0.83
Gyro: -2.85, 1.42, -1.36
Accel: -0.47, 0.11, -0.84
Gyro: -2.82, -0.05, -1.50
Accel: -0.47, 0.11, -0.85
Gyro: -2.87, 0.43, -0.98
Accel: -0.47, 0.10, -0.84
Gyro: -2.77, 1.07, -1.11
Accel: -0.47, 0.10, -0.84
Gyro: -2.80, 0.34, -1.04
Accel: -0.48, 0.10, -0.85
Gyro: -4.05, 0.92, -1.04
Accel: -0.47, 0.10, -0.86
Gyro: -4.32, 1.79, -1.32
Accel: -0.47, 0.10, -0.85
Gyro: -5.23, 1.66, -1.26
Accel: -0.48, 0.10, -0.86
Gyro: -5.70, 1.08, -1.50
Accel: -0.50, 0.08, -0.83
Gyro: -4.86, 0.33, -1.11
Accel: -0.52, 0.01, -0.87
Gyro: -7.69, -0.06, 0.04
Accel: -0.56, -0.08, -0.91
Gyro: -27.70, 6.26, -2.43
Accel: -0.59, -0.16, -0.89
Gyro: -50.73, 15.15, -9.41
Accel: -0.64, -0.23, -0.97
Gyro: -80.27, 30.65, -22.54
Accel: -0.64, -0.15, -1.02
Gyro: -117.55, 57.33, -42.43
Accel: -0.63, -0.01, -0.85
Gyro: -130.79, 78.64, -58.90
Accel: -0.62, 0.16, -0.81
Gyro: -142.14, 97.57, -67.83
Accel: -0.56, 0.27, -0.74
Gyro: -143.24, 108.63, -72.88
Accel: -0.53, 0.42, -0.78
Gyro: -135.79, 119.16, -73.14
Accel: -0.49, 0.50, -0.74
Gyro: -123.26, 131.42, -72.85
Accel: -0.45, 0.67, -0.77
Gyro: -105.89, 141.86, -67.20
Accel: -0.41, 0.80, -0.79
Gyro: -90.74, 147.99, -51.31
Accel: -0.37, 0.86, -0.76
Gyro: -73.90, 156.44, -30.30
Accel: -0.22, 0.90, -0.69
Gyro: -40.41, 155.56, -9.15
Accel: -0.13, 0.86, -0.67
Gyro: -34.84, 155.98, 17.03
Accel: -0.02, 0.97, -0.68
Gyro: -36.54, 155.07, 48.88
Accel: -0.05, 1.06, -0.72
Gyro: -16.98, 160.73, 90.63
Accel: 0.00, 0.94, -0.60
Gyro: 15.67, 169.01, 128.30
Accel: 0.14, 0.72, -0.51
Gyro: 27.79, 168.74, 151.73
Accel: 0.29, 0.58, -0.43
Gyro: 28.49, 152.96, 163.73
Accel: 0.49, 0.45, -0.30
Gyro: 30.34, 127.39, 170.20
Accel: 0.66, 0.31, -0.24
Gyro: 39.73, 105.56, 169.76
Accel: 0.75, 0.22, -0.30
Gyro: 39.20, 81.19, 162.68
Accel: 0.85, 0.15, -0.32
Gyro: 30.01, 57.88, 153.54
Accel: 0.89, 0.15, -0.32
Gyro: 17.56, 33.28, 148.38
Accel: 0.91, 0.10, -0.31
Gyro: 22.61, 14.95, 150.02
Accel: 0.94, -0.03, -0.29
Gyro: 23.67, -0.03, 147.73
Accel: 0.94, -0.11, -0.32
Gyro: 22.62, -18.22, 146.42
Accel: 0.91, -0.19, -0.37
Gyro: 10.31, -32.36, 144.52
Accel: 0.83, -0.27, -0.31
Gyro: 31.97, -49.64, 135.89
Accel: 0.81, -0.27, -0.35
Gyro: 14.83, -61.70, 139.43
Accel: 0.75, -0.40, -0.48
Gyro: -0.37, -67.85, 140.32
Accel: 0.69, -0.44, -0.44
Gyro: 3.16, -83.03, 141.78
Accel: 0.62, -0.53, -0.48
Gyro: -6.56, -96.44, 136.07
Accel: 0.56, -0.59, -0.54
Gyro: -18.20, -104.13, 134.28
Accel: 0.45, -0.63, -0.54
Gyro: -20.88, -120.48, 125.34
Accel: 0.41, -0.68, -0.64
Gyro: -39.50, -132.73, 118.70
Accel: 0.22, -0.76, -0.70
Gyro: -46.60, -145.81, 96.35
Accel: 0.16, -0.74, -0.70
Gyro: -63.41, -146.89, 77.94
Accel: 0.05, -0.70, -0.69
Gyro: -70.94, -154.64, 54.90
Accel: -0.05, -0.68, -0.72
Gyro: -96.67, -160.05, 33.18
Accel: -0.17, -0.63, -0.79
Gyro: -106.03, -157.83, 10.39
Accel: -0.29, -0.59, -0.83
Gyro: -115.78, -149.69, -13.12
Accel: -0.39, -0.55, -0.80
Gyro: -122.81, -143.28, -41.02
Accel: -0.48, -0.46, -0.79
Gyro: -119.92, -123.89, -68.37
Accel: -0.58, -0.41, -0.84
Gyro: -130.00, -98.88, -93.41
Accel: -0.60, -0.25, -0.77
Gyro: -154.32, -91.84, -115.66
Accel: -0.65, -0.04, -0.66
Gyro: -155.94, -96.49, -125.24
Accel: -0.83, 0.20, -0.97
Gyro: -99.44, -67.21, -118.32
Accel: -0.73, 0.18, -1.09
Gyro: -133.62, -37.51, -100.85
Accel: -0.62, 0.09, -0.63
Gyro: -125.93, -24.87, -94.78
Accel: -0.68, 0.20, -0.76
Gyro: -110.72, -29.27, -95.86
Accel: -0.68, 0.29, -0.89
Gyro: -94.52, -12.74, -89.11
Accel: -0.60, 0.29, -0.73
Gyro: -83.71, -1.19, -79.09
Accel: -0.58, 0.35, -0.74
Gyro: -62.82, -5.11, -72.40
Accel: -0.62, 0.41, -0.88
Gyro: -42.32, 1.73, -59.30
Accel: -0.59, 0.45, -0.79
Gyro: -28.85, 7.44, -40.78
Accel: -0.56, 0.40, -0.78
Gyro: -5.31, 6.70, -21.78
Accel: -0.58, 0.33, -0.81
Gyro: 13.73, 8.33, -5.50
Accel: -0.52, 0.29, -0.78
Gyro: -3.17, 3.61, 5.48
Accel: -0.50, 0.25, -0.76
Gyro: 16.17, -2.69, 15.47
Accel: -0.52, 0.20, -0.83
Gyro: 22.41, -6.04, 21.79
Accel: -0.52, 0.13, -0.85
Gyro: 20.87, -2.17, 26.11
Accel: -0.53, 0.10, -0.85
Gyro: 17.03, 1.33, 24.06
Accel: -0.52, 0.08, -0.84
Gyro: 18.20, 5.25, 21.81
Accel: -0.50, 0.05, -0.84
Gyro: 15.33, 6.07, 15.91
Accel: -0.48, 0.06, -0.84
Gyro: 9.80, 5.92, 11.59
Accel: -0.47, 0.07, -0.81
Gyro: 8.70, 4.20, 9.41
Accel: -0.47, 0.07, -0.83
Gyro: 9.09, 1.08, 7.58
Accel: -0.47, 0.07, -0.85
Gyro: 4.51, 1.76, 7.54
Accel: -0.46, 0.08, -0.82
Gyro: 1.98, 1.20, 8.56
Accel: -0.46, 0.07, -0.83
Gyro: 0.93, -1.21, 8.52
Accel: -0.45, 0.05, -0.84
Gyro: -1.95, -2.83, 6.34
Accel: -0.48, 0.06, -0.84
Gyro: -3.28, -2.73, 2.79
Accel: -0.48, 0.07, -0.85
Gyro: -3.64, -2.66, 0.30
Accel: -0.49, 0.09, -0.85
Gyro: -3.55, -1.33, -2.84
Accel: -0.50, 0.11, -0.86
Gyro: -1.24, -0.04, -4.20
Accel: -0.49, 0.12, -0.85
Gyro: -0.17, 1.79, -2.68
Accel: -0.49, 0.11, -0.86
Gyro: -0.82, 3.02, -0.90
Accel: -0.48, 0.10, -0.86
Gyro: -1.77, 4.36, 0.56
Accel: -0.46, 0.11, -0.83
Gyro: -0.50, 2.81, 1.34
Accel: -0.47, 0.09, -0.85
Gyro: -1.92, 2.73, 2.22
Accel: -0.46, 0.09, -0.83
Gyro: -2.96, 2.51, 2.19
Accel: -0.46, 0.09, -0.83
Gyro: -2.14, 0.08, 1.03
Accel: -0.47, 0.10, -0.87
Gyro: -3.04, 0.18, 0.55
Accel: -0.48, 0.10, -0.85
Gyro: -2.55, 1.14, -0.15
Accel: -0.47, 0.10, -0.83
Gyro: -0.92, 0.32, -0.90
Accel: -0.48, 0.09, -0.88
Gyro: -3.89, -0.98, -1.28
Accel: -0.48, 0.10, -0.86
Gyro: -5.07, 2.01, -1.06
Accel: -0.47, 0.11, -0.84
Gyro: -3.13, 3.49, -1.10
Accel: -0.47, 0.11, -0.85
Gyro: -3.64, 1.70, -1.25
