Accel: -0.43, 0.11, -0.88
Gyro: -2.62, 0.84, -1.10
Accel: -0.43, 0.12, -0.89
Gyro: -4.87, 2.45, -1.40
Accel: -0.41, 0.12, -0.87
Gyro: -4.89, 2.55, -2.37
Accel: -0.41, 0.12, -0.86
Gyro: -5.00, 0.84, -2.87
Accel: -0.42, 0.13, -0.88
Gyro: -4.31, 0.93, -2.39
Accel: -0.41, 0.13, -0.87
Gyro: -3.23, 1.95, -1.56
Accel: -0.41, 0.12, -0.87
Gyro: -2.12, 0.93, -0.98
Accel: -0.41, 0.11, -0.87
Gyro: -2.85, 0.47, -0.50
Accel: -0.44, 0.07, -0.89
Gyro: -3.12, 1.18, -0.09
Accel: -0.46, 0.01, -0.91
Gyro: -8.78, 2.77, 0.83
Accel: -0.47, -0.09, -0.91
Gyro: -25.84, 7.32, -2.12
Accel: -0.50, -0.13, -0.94
Gyro: -51.53, 15.02, -10.33
Accel: -0.51, -0.12, -0.95
Gyro: -74.26, 25.63, -21.58
Accel: -0.54, -0.10, -0.98
Gyro: -95.70, 42.72, -36.04
Accel: -0.52, -0.00, -0.89
Gyro: -120.63, 63.79, -53.18
Accel: -0.49, 0.10, -0.82
Gyro: -125.24, 71.96, -68.28
Accel: -0.51, 0.17, -0.78
Gyro: -130.68, 80.93, -77.63
Accel: -0.53, 0.28, -0.84
Gyro: -140.65, 95.02, -85.74
Accel: -0.53, 0.45, -0.82
Gyro: -139.86, 112.76, -89.81
Accel: -0.48, 0.68, -0.75
Gyro: -123.93, 127.93, -83.63
Accel: -0.45, 0.81, -0.76
Gyro: -96.41, 133.28, -70.54
Accel: -0.32, 0.91, -0.67
Gyro: -77.99, 142.59, -43.78
Accel: -0.26, 0.94, -0.71
Gyro: -47.31, 146.79, -17.91
Accel: -0.17, 0.87, -0.65
Gyro: -34.96, 148.50, 9.81
Accel: -0.11, 0.83, -0.65
Gyro: -29.46, 146.19, 34.12
Accel: -0.02, 0.78, -0.62
Gyro: -28.05, 147.91, 61.29
Accel: 0.03, 0.74, -0.62
Gyro: -30.32, 147.12, 76.93
Accel: 0.15, 0.74, -0.52
Gyro: -25.35, 141.49, 93.06
Accel: 0.28, 0.68, -0.53
Gyro: -12.00, 134.77, 101.63
Accel: 0.46, 0.49, -0.42
Gyro: -10.80, 118.19, 100.69
Accel: 0.65, 0.53, -0.30
Gyro: -12.08, 93.72, 86.55
Accel: 0.69, 0.85, -0.38
Gyro: -4.79, 65.93, 93.86
Accel: 0.63, 0.83, -0.47
Gyro: 2.12, 54.77, 129.37
Accel: 0.68, 0.73, -0.38
Gyro: 12.34, 48.32, 150.89
Accel: 0.73, 0.62, -0.34
Gyro: 28.96, 34.39, 169.32
Accel: 0.74, 0.41, -0.30
Gyro: 32.20, 18.67, 181.08
Accel: 0.75, 0.34, -0.31
Gyro: 41.50, 8.95, 186.58
Accel: 0.74, 0.18, -0.32
Gyro: 41.11, -2.93, 198.58
Accel: 0.77, -0.02, -0.36
Gyro: 52.51, -7.60, 194.50
Accel: 0.82, -0.16, -0.33
Gyro: 34.26, -26.88, 186.49
Accel: 0.82, -0.27, -0.30
Gyro: 49.06, -44.17, 177.05
Accel: 0.81, -0.42, -0.38
Gyro: 36.67, -55.42, 166.71
Accel: 0.79, -0.50, -0.40
Gyro: 25.01, -69.66, 151.84
Accel: 0.75, -0.49, -0.44
Gyro: 12.03, -81.99, 144.73
Accel: 0.67, -0.60, -0.55
Gyro: -7.83, -91.55, 132.64
Accel: 0.64, -0.77, -0.45
Gyro: -1.12, -111.69, 112.26
Accel: 0.53, -0.79, -0.52
Gyro: -26.08, -125.79, 90.46
Accel: 0.42, -0.72, -0.55
Gyro: -30.46, -148.72, 64.33
Accel: 0.27, -0.74, -0.68
Gyro: -45.04, -155.78, 49.97
Accel: 0.15, -0.72, -0.72
Gyro: -50.87, -157.26, 29.44
Accel: 0.08, -0.64, -0.73
Gyro: -68.67, -158.04, 8.09
Accel: 0.00, -0.58, -0.71
Gyro: -80.64, -160.19, -8.22
Accel: -0.12, -0.57, -0.74
Gyro: -87.23, -163.43, -26.63
Accel: -0.26, -0.51, -0.78
Gyro: -87.36, -158.96, -52.28
Accel: -0.35, -0.40, -0.83
Gyro: -105.80, -151.31, -64.03
Accel: -0.46, -0.34, -0.85
Gyro: -126.03, -142.42, -69.29
Accel: -0.49, -0.19, -0.81
Gyro: -150.63, -134.73, -77.03
Accel: -0.54, 0.04, -0.77
Gyro: -161.61, -115.85, -73.14
Accel: -0.62, 0.21, -0.84
Gyro: -137.15, -103.94, -57.24
Accel: -0.67, 0.15, -1.04
Gyro: -107.06, -76.33, -51.82
Accel: -0.62, 0.12, -0.93
Gyro: -83.67, -39.84, -57.59
Accel: -0.63, 0.13, -0.86
Gyro: -76.69, -21.32, -58.20
Accel: -0.62, 0.17, -0.90
Gyro: -76.80, -10.99, -58.37
Accel: -0.60, 0.28, -0.83
Gyro: -62.74, -5.13, -55.63
Accel: -0.58, 0.30, -0.83
Gyro: -40.43, -5.68, -45.83
Accel: -0.57, 0.26, -0.94
Gyro: -42.68, -3.20, -38.50
Accel: -0.55, 0.26, -0.88
Gyro: -36.66, 4.95, -32.08
Accel: -0.50, 0.27, -0.83
Gyro: -19.41, 8.70, -22.99
Accel: -0.47, 0.30, -0.83
Gyro: -7.61, 9.99, -14.56
Accel: -0.48, 0.25, -0.80
Gyro: 2.36, 8.45, -4.71
Accel: -0.48, 0.20, -0.84
Gyro: 9.29, 4.02, 0.42
Accel: -0.47, 0.18, -0.85
Gyro: 1.84, 4.62, 5.55
Accel: -0.47, 0.14, -0.83
Gyro: 6.57, 3.42, 7.04
Accel: -0.46, 0.11, -0.85
Gyro: 5.65, 2.98, 4.82
Accel: -0.45, 0.12, -0.84
Gyro: -1.50, 2.91, 2.34
Accel: -0.45, 0.11, -0.83
Gyro: 0.31, 1.30, -0.37
Accel: -0.45, 0.13, -0.84
Gyro: 0.96, 0.73, -2.38
Accel: -0.44, 0.13, -0.87
Gyro: 0.62, -0.85, -3.72
Accel: -0.47, 0.13, -0.88
Gyro: -0.72, 1.62, -1.66
Accel: -0.46, 0.12, -0.85
Gyro: -0.98, 4.72, 1.05
Accel: -0.45, 0.11, -0.85
Gyro: -2.58, 3.72, 1.61
Accel: -0.44, 0.11, -0.85
Gyro: -4.71, 2.46, 0.60
Accel: -0.45, 0.12, -0.85
Gyro: -4.06, 1.37, -0.72
Accel: -0.45, 0.13, -0.86
Gyro: -3.12, 1.90, -1.44
Accel: -0.45, 0.12, -0.85
Gyro: -1.91, 1.50, -1.37
Accel: -0.44, 0.12, -0.86
Gyro: -2.32, 0.27, -1.54
Accel: -0.44, 0.12, -0.85
Gyro: -3.32, -0.12, -2.06
Accel: -0.45, 0.13, -0.86
Gyro: -2.03, -0.82, -2.16
Accel: -0.44, 0.12, -0.87
Gyro: -2.05, -0.71, -2.52
Accel: -0.44, 0.13, -0.87
Gyro: -2.60, -0.66, -2.93
Accel: -0.45, 0.13, -0.87
Gyro: -1.38, 0.47, -2.61
Accel: -0.44, 0.14, -0.85
Gyro: -0.23, 0.45, -1.61
Accel: -0.44, 0.12, -0.88
Gyro: -0.62, 0.94, -0.90
Accel: -0.44, 0.12, -0.86
Gyro: -1.70, 1.86, -0.63
Accel: -0.43, 0.12, -0.85
Gyro: -1.61, 0.91, -0.60
Accel: -0.43, 0.11, -0.86
Gyro: -1.92, -0.40, -0.29
Accel: -0.43, 0.11, -0.88
Gyro: -3.08, 0.76, -0.70
Accel: -0.43, 0.11, -0.86
Gyro: -3.43, 0.98, -1.63
Accel: -0.43, 0.12, -0.85
Gyro: -2.56, -1.30, -2.27
Accel: -0.44, 0.12, -0.87
Gyro: -3.48, -0.95, -1.61
Accel: -0.44, 0.11, -0.86
Gyro: -3.93, 0.05, -1.48
