Accel: -0.48, 0.10, -0.83
Gyro: -1.11, 3.46, -0.90
Accel: -0.48, 0.10, -0.84
Gyro: -1.55, 1.79, -0.60
Accel: -0.47, 0.10, -0.83
Gyro: -2.46, 0.67, -0.35
Accel: -0.48, 0.10, -0.84
Gyro: -1.81, 0.28, -0.50
Accel: -0.48, 0.09, -0.85
Gyro: -3.11, 0.56, -0.61
Accel: -0.48, 0.11, -0.86
Gyro: -3.59, 0.98, -1.11
Accel: -0.48, 0.10, -0.84
Gyro: -3.19, 1.85, -1.77
Accel: -0.48, 0.11, -0.83
Gyro: -2.94, 1.38, -1.84
Accel: -0.47, 0.11, -0.85
Gyro: -2.92, 1.82, -1.54
Accel: -0.46, 0.11, -0.84
Gyro: -2.49, 1.62, -1.56
Accel: -0.47, 0.10, -0.84
Gyro: -1.45, 0.48, -0.96
Accel: -0.47, 0.08, -0.84
Gyro: -2.49, 0.03, -0.50
Accel: -0.50, 0.00, -0.82
Gyro: -5.57, -1.76, -0.51
Accel: -0.55, -0.10, -0.87
Gyro: -19.94, -1.70, -2.20
Accel: -0.60, -0.20, -0.92
Gyro: -46.45, 7.44, -11.42
Accel: -0.64, -0.24, -0.98
Gyro: -77.32, 25.53, -31.46
Accel: -0.68, -0.14, -0.95
Gyro: -99.82, 48.23, -54.32
Accel: -0.68, -0.04, -0.93
Gyro: -116.24, 71.01, -71.39
Accel: -0.71, 0.14, -0.93
Gyro: -126.39, 94.73, -81.92
Accel: -0.64, 0.25, -0.78
Gyro: -127.20, 118.74, -81.80
Accel: -0.60, 0.32, -0.81
Gyro: -122.45, 130.20, -76.70
Accel: -0.52, 0.39, -0.78
Gyro: -122.40, 144.42, -72.03
Accel: -0.45, 0.53, -0.73
Gyro: -111.58, 152.69, -66.41
Accel: -0.38, 0.68, -0.73
Gyro: -95.02, 156.31, -50.33
Accel: -0.28, 0.74, -0.71
Gyro: -80.90, 159.29, -29.60
Accel: -0.19, 0.80, -0.71
Gyro: -60.94, 157.52, -10.97
Accel: -0.10, 0.86, -0.68
Gyro: -56.62, 162.77, 24.36
Accel: -0.02, 0.85, -0.65
Gyro: -34.29, 160.37, 49.14
Accel: 0.09, 0.77, -0.62
Gyro: -29.78, 157.37, 73.23
Accel: 0.22, 0.76, -0.53
Gyro: -15.61, 144.26, 90.07
Accel: 0.32, 0.75, -0.52
Gyro: 3.63, 130.91, 102.84
Accel: 0.40, 0.72, -0.53
Gyro: 13.98, 118.60, 115.41
Accel: 0.50, 0.68, -0.46
Gyro: 19.81, 102.29, 130.25
Accel: 0.58, 0.62, -0.39
Gyro: 34.16, 83.63, 144.62
Accel: 0.65, 0.52, -0.38
Gyro: 33.05, 71.82, 158.91
Accel: 0.69, 0.45, -0.35
Gyro: 37.42, 55.08, 171.28
Accel: 0.73, 0.30, -0.36
Gyro: 41.53, 41.02, 184.11
Accel: 0.76, 0.21, -0.32
Gyro: 41.42, 24.53, 191.30
Accel: 0.79, 0.04, -0.31
Gyro: 41.83, 5.32, 193.52
Accel: 0.81, -0.12, -0.33
Gyro: 46.55, -10.81, 189.13
Accel: 0.83, -0.36, -0.36
Gyro: 43.75, -21.97, 173.55
Accel: 0.86, -0.40, -0.30
Gyro: 47.68, -38.97, 153.07
Accel: 0.80, -0.44, -0.42
Gyro: 30.10, -55.71, 142.90
Accel: 0.70, -0.55, -0.53
Gyro: 29.72, -61.67, 134.92
Accel: 0.70, -0.56, -0.44
Gyro: 12.04, -68.79, 123.10
Accel: 0.67, -0.60, -0.50
Gyro: -1.53, -77.61, 124.31
Accel: 0.50, -0.66, -0.64
Gyro: -5.48, -86.88, 118.25
Accel: 0.50, -0.69, -0.50
Gyro: -15.46, -96.53, 104.51
Accel: 0.42, -0.73, -0.56
Gyro: -16.70, -110.25, 91.32
Accel: 0.33, -0.76, -0.55
Gyro: -29.40, -124.98, 75.42
Accel: 0.23, -0.70, -0.61
Gyro: -40.85, -140.08, 61.13
Accel: 0.12, -0.69, -0.66
Gyro: -51.34, -150.90, 51.48
Accel: 0.00, -0.66, -0.76
Gyro: -66.89, -152.28, 41.45
Accel: -0.08, -0.65, -0.77
Gyro: -75.97, -152.02, 28.30
Accel: -0.18, -0.66, -0.77
Gyro: -86.55, -153.06, 10.64
Accel: -0.31, -0.65, -0.78
Gyro: -107.31, -149.31, -10.05
Accel: -0.42, -0.55, -0.78
Gyro: -116.45, -144.69, -32.34
Accel: -0.51, -0.41, -0.86
Gyro: -122.22, -129.14, -51.26
Accel: -0.56, -0.31, -0.82
Gyro: -124.79, -106.96, -61.10
Accel: -0.58, -0.18, -0.74
Gyro: -118.90, -87.62, -66.89
Accel: -0.59, -0.02, -0.75
Gyro: -106.26, -75.70, -61.19
Accel: -0.64, -0.08, -0.79
Gyro: -79.12, -57.66, -52.83
Accel: -0.59, -0.07, -0.86
Gyro: -123.86, -68.19, -58.11
Accel: -0.63, 0.03, -0.85
Gyro: -118.88, -62.26, -56.44
Accel: -0.68, 0.09, -0.85
Gyro: -107.81, -46.13, -51.83
Accel: -0.66, 0.05, -0.77
Gyro: -93.64, -29.64, -50.98
Accel: -0.68, 0.07, -0.74
Gyro: -85.97, -27.80, -57.60
Accel: -0.70, 0.17, -0.86
Gyro: -87.09, -16.98, -56.02
Accel: -0.68, 0.22, -0.79
Gyro: -71.33, -6.81, -50.04
Accel: -0.65, 0.26, -0.77
Gyro: -52.67, -2.28, -44.99
Accel: -0.63, 0.31, -0.79
Gyro: -40.72, 1.29, -33.39
Accel: -0.62, 0.32, -0.79
Gyro: -33.81, 3.25, -19.98
Accel: -0.60, 0.29, -0.77
Gyro: -20.76, 5.98, -7.90
Accel: -0.59, 0.26, -0.76
Gyro: -9.44, 6.41, -1.04
Accel: -0.57, 0.23, -0.78
Gyro: -2.37, 5.39, 3.59
Accel: -0.57, 0.20, -0.77
Gyro: 3.87, 4.97, 6.82
Accel: -0.56, 0.18, -0.77
Gyro: 7.94, 3.87, 9.09
Accel: -0.56, 0.15, -0.78
Gyro: 8.99, 3.07, 10.43
Accel: -0.56, 0.12, -0.80
Gyro: 7.85, 4.02, 10.93
Accel: -0.55, 0.11, -0.80
Gyro: 6.32, 5.27, 10.44
Accel: -0.53, 0.10, -0.80
Gyro: 5.62, 4.66, 7.87
Accel: -0.53, 0.10, -0.79
Gyro: 4.54, 3.17, 5.08
Accel: -0.53, 0.11, -0.81
Gyro: 3.68, 2.85, 2.78
Accel: -0.52, 0.10, -0.81
Gyro: 2.69, 2.66, 0.92
Accel: -0.52, 0.10, -0.81
Gyro: 1.10, 3.34, 0.05
Accel: -0.52, 0.10, -0.81
Gyro: 0.77, 3.29, -0.42
Accel: -0.52, 0.10, -0.81
Gyro: -0.72, 2.60, -0.72
Accel: -0.52, 0.10, -0.80
Gyro: -2.46, 2.15, -1.41
Accel: -0.52, 0.11, -0.82
Gyro: -2.72, 1.90, -1.68
Accel: -0.52, 0.11, -0.82
Gyro: -3.23, 2.67, -2.05
Accel: -0.51, 0.11, -0.82
Gyro: -3.07, 2.66, -2.24
Accel: -0.52, 0.12, -0.82
Gyro: -1.88, 2.33, -2.14
Accel: -0.52, 0.12, -0.83
Gyro: -0.99, 2.30, -1.03
Accel: -0.52, 0.11, -0.83
Gyro: -0.47, 2.72, -0.63
Accel: -0.51, 0.11, -0.82
Gyro: -0.36, 2.74, -0.26
Accel: -0.51, 0.10, -0.81
Gyro: -0.79, 1.94, -0.56
Accel: -0.51, 0.10, -0.82
Gyro: -1.81, 1.53, -0.78
Accel: -0.51, 0.10, -0.83
Gyro: -1.66, 1.21, -0.80
Accel: -0.51, 0.10, -0.82
Gyro: -1.53, 1.65, -1.22
Accel: -0.51, 0.11, -0.82
Gyro: -1.24, 1.47, -1.05
Accel: -0.51, 0.10, -0.82
Gyro: -3.81, 1.85, -0.13
