Accel: -0.56, 0.11, -0.80
Gyro: -9.75, 1.50, -2.58
Accel: -0.57, 0.09, -0.81
Gyro: -13.56, 3.51, -2.69
Accel: -0.56, 0.11, -0.82
Gyro: -15.05, 6.08, -3.24
Accel: -0.54, 0.11, -0.81
Gyro: -16.28, 7.80, -4.71
Accel: -0.53, 0.14, -0.79
Gyro: -17.64, 6.96, -6.26
Accel: -0.54, 0.16, -0.78
Gyro: -14.18, 4.13, -6.37
Accel: -0.55, 0.14, -0.81
Gyro: -11.60, 4.23, -4.39
Accel: -0.56, 0.10, -0.80
Gyro: -14.43, 5.87, -4.23
Accel: -0.61, 0.00, -0.79
Gyro: -20.80, 7.55, -6.41
Accel: -0.70, -0.19, -0.98
Gyro: -38.62, 18.32, -19.23
Accel: -0.73, -0.21, -0.99
Gyro: -71.06, 44.71, -48.13
Accel: -0.76, -0.17, -0.90
Gyro: -85.53, 69.66, -74.04
Accel: -0.74, -0.19, -0.88
Gyro: -112.51, 89.26, -100.16
Accel: -0.68, 0.06, -0.75
Gyro: -137.21, 104.40, -121.24
Accel: -0.68, 0.28, -0.76
Gyro: -133.07, 114.85, -121.54
Accel: -0.62, 0.36, -0.70
Gyro: -133.35, 127.84, -109.94
Accel: -0.59, 0.53, -0.76
Gyro: -126.21, 136.31, -99.05
Accel: -0.51, 0.70, -0.72
Gyro: -109.53, 143.71, -75.92
Accel: -0.43, 0.73, -0.77
Gyro: -91.09, 148.22, -44.14
Accel: -0.38, 0.72, -0.88
Gyro: -68.52, 153.54, -29.45
Accel: -0.33, 0.76, -0.91
Gyro: -85.88, 178.86, 13.66
Accel: -0.21, 0.68, -0.56
Gyro: -36.53, 192.35, 25.67
Accel: -0.06, 0.67, -0.53
Gyro: -31.53, 169.61, 32.52
Accel: 0.06, 0.64, -0.57
Gyro: -38.13, 153.90, 47.98
Accel: 0.16, 0.69, -0.55
Gyro: -38.35, 144.45, 69.11
Accel: 0.26, 0.77, -0.59
Gyro: -34.18, 129.83, 86.36
Accel: 0.32, 0.79, -0.57
Gyro: -28.96, 116.49, 111.98
Accel: 0.43, 0.72, -0.50
Gyro: -21.80, 104.71, 135.19
Accel: 0.52, 0.66, -0.44
Gyro: -11.09, 90.81, 149.71
Accel: 0.63, 0.64, -0.35
Gyro: 6.24, 77.13, 164.65
Accel: 0.69, 0.49, -0.38
Gyro: 9.96, 55.37, 178.86
Accel: 0.74, 0.37, -0.34
Gyro: 15.06, 38.80, 186.32
Accel: 0.76, 0.24, -0.35
Gyro: 22.70, 26.41, 185.19
Accel: 0.80, 0.16, -0.35
Gyro: 20.53, 13.31, 178.44
Accel: 0.82, 0.07, -0.36
Gyro: 22.35, -3.42, 176.57
Accel: 0.81, -0.11, -0.36
Gyro: 24.61, -12.30, 169.72
Accel: 0.83, -0.20, -0.40
Gyro: 22.32, -22.83, 156.35
Accel: 0.79, -0.20, -0.40
Gyro: 19.26, -32.95, 148.65
Accel: 0.76, -0.28, -0.45
Gyro: 23.48, -46.36, 140.88
Accel: 0.73, -0.32, -0.40
Gyro: 18.78, -58.82, 143.88
Accel: 0.67, -0.49, -0.57
Gyro: 2.64, -59.79, 145.29
Accel: 0.63, -0.53, -0.48
Gyro: 1.98, -68.24, 134.67
Accel: 0.59, -0.52, -0.44
Gyro: 5.20, -85.95, 129.23
Accel: 0.48, -0.61, -0.57
Gyro: -5.39, -95.49, 125.14
Accel: 0.37, -0.65, -0.61
Gyro: -6.68, -100.04, 115.87
Accel: 0.30, -0.76, -0.61
Gyro: -13.50, -107.44, 102.14
Accel: 0.23, -0.78, -0.68
Gyro: -24.69, -108.05, 95.58
Accel: 0.15, -0.79, -0.76
Gyro: -43.13, -112.27, 76.10
Accel: 0.10, -0.76, -0.72
Gyro: -61.31, -116.54, 59.64
Accel: 0.04, -0.71, -0.72
Gyro: -77.73, -119.60, 42.03
Accel: -0.04, -0.67, -0.76
Gyro: -84.37, -119.35, 24.51
Accel: -0.12, -0.68, -0.80
Gyro: -88.71, -116.81, 4.37
Accel: -0.17, -0.65, -0.80
Gyro: -102.00, -113.83, -18.85
Accel: -0.26, -0.55, -0.80
Gyro: -105.45, -114.22, -44.56
Accel: -0.34, -0.46, -0.80
Gyro: -112.78, -108.58, -65.07
Accel: -0.41, -0.35, -0.77
Gyro: -115.80, -103.07, -81.82
Accel: -0.48, -0.21, -0.80
Gyro: -118.79, -97.53, -91.83
Accel: -0.51, -0.07, -0.72
Gyro: -120.57, -94.10, -94.26
Accel: -0.50, 0.01, -0.69
Gyro: -101.39, -87.71, -90.75
Accel: -0.64, 0.03, -0.97
Gyro: -72.25, -73.49, -79.58
Accel: -0.67, 0.08, -1.05
Gyro: -122.11, -68.08, -81.83
Accel: -0.57, 0.07, -0.81
Gyro: -120.61, -44.28, -76.02
Accel: -0.58, 0.25, -0.60
Gyro: -83.27, -51.35, -73.10
Accel: -0.62, 0.28, -0.91
Gyro: -68.63, -42.87, -52.68
Accel: -0.59, 0.20, -0.87
Gyro: -67.26, -30.88, -40.23
Accel: -0.62, 0.22, -0.74
Gyro: -53.80, -31.69, -37.24
Accel: -0.65, 0.29, -0.89
Gyro: -34.90, -22.48, -29.82
Accel: -0.63, 0.30, -0.90
Gyro: -29.40, -10.00, -18.26
Accel: -0.58, 0.26, -0.79
Gyro: -17.19, -3.36, -8.74
Accel: -0.57, 0.20, -0.77
Gyro: -4.67, -3.18, -4.29
Accel: -0.57, 0.17, -0.85
Gyro: -10.36, -2.85, -3.09
Accel: -0.56, 0.15, -0.80
Gyro: -5.55, 0.27, -2.89
Accel: -0.55, 0.16, -0.80
Gyro: 2.43, 0.68, -2.43
Accel: -0.55, 0.15, -0.82
Gyro: 1.90, 3.47, 1.40
Accel: -0.54, 0.13, -0.80
Gyro: 1.37, 4.01, 3.78
Accel: -0.52, 0.11, -0.80
Gyro: 4.01, 3.05, 4.88
Accel: -0.52, 0.07, -0.81
Gyro: 2.71, 2.40, 3.31
Accel: -0.52, 0.08, -0.82
Gyro: 0.13, 2.10, 0.72
Accel: -0.53, 0.08, -0.84
Gyro: -1.26, 3.36, -1.53
Accel: -0.53, 0.08, -0.81
Gyro: -2.02, 3.78, -2.20
Accel: -0.52, 0.09, -0.81
Gyro: -5.07, 3.73, -3.77
Accel: -0.52, 0.10, -0.81
Gyro: -5.71, 4.26, -3.68
Accel: -0.52, 0.11, -0.82
Gyro: -3.51, 4.00, -3.75
Accel: -0.51, 0.11, -0.81
Gyro: -4.81, 3.64, -3.49
Accel: -0.52, 0.11, -0.80
Gyro: -2.91, 2.80, -3.14
Accel: -0.51, 0.10, -0.83
Gyro: -3.54, 2.14, -2.88
Accel: -0.51, 0.11, -0.83
Gyro: -4.26, 2.29, -2.17
Accel: -0.51, 0.10, -0.81
Gyro: -3.38, 2.69, -1.97
Accel: -0.51, 0.11, -0.81
Gyro: -3.14, 0.63, -1.74
Accel: -0.52, 0.11, -0.81
Gyro: -3.30, -1.27, -1.61
Accel: -0.53, 0.12, -0.82
Gyro: -2.49, -0.62, -1.29
Accel: -0.52, 0.11, -0.83
Gyro: -1.06, 0.26, -0.79
Accel: -0.51, 0.10, -0.82
Gyro: -1.37, 0.74, -0.67
Accel: -0.52, 0.10, -0.81
Gyro: -0.54, -0.73, -0.40
Accel: -0.52, 0.09, -0.83
Gyro: -1.95, 0.13, -0.48
Accel: -0.52, 0.09, -0.83
Gyro: -3.05, 1.43, -1.50
Accel: -0.51, 0.10, -0.82
Gyro: -2.94, 2.20, -2.03
Accel: -0.51, 0.11, -0.81
Gyro: -2.97, 1.42, -2.38
Accel: -0.51, 0.11, -0.81
Gyro: -2.98, 0.74, -1.85
Accel: -0.51, 0.10, -0.83
Gyro: -2.20, 0.47, -1.50
Accel: -0.50, 0.09, -0.83
Gyro: -3.10, 1.04, -0.79
