Accel: -0.42, 0.10, -0.87
Gyro: -3.96, 1.62, -2.27
Accel: -0.42, 0.10, -0.86
Gyro: -3.76, 0.60, -2.11
Accel: -0.43, 0.10, -0.88
Gyro: -3.87, -0.91, -2.20
Accel: -0.43, 0.10, -0.89
Gyro: -4.34, 0.13, -1.73
Accel: -0.43, 0.08, -0.86
Gyro: -3.76, 0.34, -1.71
Accel: -0.44, 0.07, -0.89
Gyro: -7.88, 1.04, -1.86
Accel: -0.44, 0.06, -0.88
Gyro: -12.14, 2.97, -3.91
Accel: -0.43, 0.05, -0.85
Gyro: -12.62, 3.27, -6.08
Accel: -0.43, 0.02, -0.87
Gyro: -17.24, 2.89, -8.91
Accel: -0.44, -0.02, -0.86
Gyro: -27.29, 2.46, -12.76
Accel: -0.49, -0.12, -0.88
Gyro: -41.55, 2.84, -18.37
Accel: -0.52, -0.14, -0.97
Gyro: -71.39, 12.34, -29.58
Accel: -0.55, -0.08, -0.91
Gyro: -93.44, 26.22, -41.74
Accel: -0.55, -0.08, -0.87
Gyro: -111.80, 37.36, -56.74
Accel: -0.56, 0.08, -0.87
Gyro: -130.10, 49.62, -74.31
Accel: -0.59, 0.24, -0.85
Gyro: -131.94, 65.03, -77.68
Accel: -0.59, 0.22, -0.78
Gyro: -134.63, 81.91, -76.35
Accel: -0.59, 0.28, -0.83
Gyro: -140.08, 96.40, -88.51
Accel: -0.55, 0.54, -0.79
Gyro: -137.74, 113.16, -91.68
Accel: -0.53, 0.68, -0.74
Gyro: -116.33, 129.64, -78.44
Accel: -0.43, 0.74, -0.64
Gyro: -101.91, 136.12, -63.09
Accel: -0.38, 0.89, -0.72
Gyro: -85.68, 141.70, -42.49
Accel: -0.34, 0.90, -0.74
Gyro: -46.06, 140.08, -18.04
Accel: -0.32, 0.87, -0.68
Gyro: -58.85, 147.40, 14.49
Accel: -0.11, 0.82, -0.55
Gyro: -30.99, 144.52, 32.57
Accel: -0.05, 0.79, -0.69
Gyro: -38.22, 146.51, 54.79
Accel: -0.01, 0.82, -0.65
Gyro: -37.90, 146.00, 74.13
Accel: 0.09, 0.81, -0.56
Gyro: -20.70, 145.15, 95.62
Accel: 0.21, 0.74, -0.52
Gyro: -14.78, 141.47, 109.54
Accel: 0.30, 0.75, -0.48
Gyro: -3.72, 129.07, 118.54
Accel: 0.41, 0.73, -0.45
Gyro: 0.69, 117.53, 129.19
Accel: 0.53, 0.73, -0.36
Gyro: 10.38, 103.02, 142.94
Accel: 0.60, 0.70, -0.35
Gyro: 27.87, 77.10, 157.92
Accel: 0.66, 0.58, -0.31
Gyro: 27.95, 68.72, 177.60
Accel: 0.73, 0.46, -0.23
Gyro: 33.37, 48.65, 193.81
Accel: 0.78, 0.26, -0.29
Gyro: 31.65, 31.24, 201.95
Accel: 0.81, 0.15, -0.25
Gyro: 22.81, 9.25, 205.94
Accel: 0.83, -0.02, -0.27
Gyro: 24.29, -10.25, 203.05
Accel: 0.86, -0.16, -0.27
Gyro: 26.36, -23.64, 190.35
Accel: 0.85, -0.23, -0.32
Gyro: 22.87, -39.21, 177.94
Accel: 0.79, -0.34, -0.40
Gyro: 18.14, -50.26, 167.00
Accel: 0.84, -0.37, -0.33
Gyro: 15.05, -59.34, 158.74
Accel: 0.72, -0.46, -0.50
Gyro: 2.56, -74.93, 166.03
Accel: 0.57, -0.69, -0.54
Gyro: 16.37, -81.64, 146.58
Accel: 0.57, -0.65, -0.55
Gyro: -19.03, -83.50, 129.36
Accel: 0.51, -0.74, -0.56
Gyro: -17.38, -95.62, 111.80
Accel: 0.53, -0.71, -0.51
Gyro: -33.67, -104.37, 95.28
Accel: 0.44, -0.69, -0.56
Gyro: -37.99, -124.88, 83.21
Accel: 0.31, -0.71, -0.65
Gyro: -49.85, -134.87, 74.78
Accel: 0.20, -0.71, -0.70
Gyro: -63.08, -137.55, 63.94
Accel: 0.12, -0.68, -0.69
Gyro: -76.81, -141.20, 51.08
Accel: 0.01, -0.69, -0.74
Gyro: -89.81, -145.34, 32.26
Accel: -0.09, -0.61, -0.79
Gyro: -101.62, -146.68, 6.39
Accel: -0.21, -0.52, -0.83
Gyro: -113.62, -142.92, -15.59
Accel: -0.28, -0.48, -0.77
Gyro: -125.63, -140.54, -38.41
Accel: -0.38, -0.43, -0.75
Gyro: -126.52, -137.63, -65.77
Accel: -0.49, -0.33, -0.75
Gyro: -126.95, -124.98, -87.97
Accel: -0.57, -0.19, -0.77
Gyro: -131.74, -102.53, -101.32
Accel: -0.62, -0.02, -0.73
Gyro: -139.33, -96.27, -107.65
Accel: -0.71, 0.11, -0.84
Gyro: -121.54, -89.13, -108.89
Accel: -0.77, 0.14, -1.16
Gyro: -98.29, -52.43, -106.77
Accel: -0.66, 0.10, -0.90
Gyro: -110.31, -25.44, -113.04
Accel: -0.64, 0.21, -0.73
Gyro: -96.63, -21.71, -107.32
Accel: -0.68, 0.27, -0.87
Gyro: -91.76, -17.09, -91.23
Accel: -0.63, 0.32, -0.85
Gyro: -79.41, -4.54, -78.29
Accel: -0.61, 0.39, -0.83
Gyro: -58.06, 1.91, -61.87
Accel: -0.57, 0.38, -0.82
Gyro: -39.40, 6.98, -38.35
Accel: -0.54, 0.32, -0.85
Gyro: -30.00, 9.03, -23.22
Accel: -0.51, 0.31, -0.82
Gyro: -23.18, 10.86, -13.79
Accel: -0.50, 0.30, -0.80
Gyro: -6.56, 10.81, -3.59
Accel: -0.47, 0.24, -0.79
Gyro: 9.64, 10.37, 0.79
Accel: -0.44, 0.21, -0.83
Gyro: -2.06, 9.45, 9.63
Accel: -0.46, 0.18, -0.82
Gyro: 8.74, 6.08, 11.84
Accel: -0.46, 0.16, -0.83
Gyro: 7.29, 5.08, 13.03
Accel: -0.45, 0.14, -0.84
Gyro: 5.64, 3.38, 12.41
Accel: -0.44, 0.11, -0.85
Gyro: 7.12, 1.70, 11.54
Accel: -0.45, 0.11, -0.86
Gyro: 6.77, 2.66, 11.72
Accel: -0.44, 0.10, -0.86
Gyro: 8.09, 2.75, 10.19
Accel: -0.44, 0.09, -0.85
Gyro: 5.71, 1.87, 8.07
Accel: -0.43, 0.09, -0.87
Gyro: 3.59, 1.98, 6.59
Accel: -0.43, 0.10, -0.86
Gyro: 2.13, 2.07, 4.55
Accel: -0.42, 0.10, -0.85
Gyro: 2.27, 0.34, 3.09
Accel: -0.43, 0.10, -0.88
Gyro: 0.66, 0.17, 1.64
Accel: -0.43, 0.12, -0.87
Gyro: 0.71, 1.19, 1.05
Accel: -0.43, 0.10, -0.86
Gyro: 2.20, 1.30, 0.27
Accel: -0.43, 0.11, -0.86
Gyro: 3.37, -0.88, -0.05
Accel: -0.43, 0.11, -0.89
Gyro: 0.53, -0.10, 0.58
Accel: -0.42, 0.11, -0.87
Gyro: 1.14, 1.11, 0.70
Accel: -0.42, 0.11, -0.87
Gyro: 1.21, 1.46, 0.85
Accel: -0.44, 0.11, -0.88
Gyro: 0.02, 0.95, 0.84
Accel: -0.43, 0.11, -0.88
Gyro: -0.01, 1.81, 1.05
Accel: -0.43, 0.10, -0.85
Gyro: 0.76, 1.08, 1.06
Accel: -0.42, 0.09, -0.90
Gyro: -2.41, 1.17, 0.76
Accel: -0.42, 0.09, -0.89
Gyro: -3.79, 2.80, -0.05
Accel: -0.40, 0.09, -0.86
Gyro: -2.40, 2.44, -0.62
Accel: -0.40, 0.11, -0.84
Gyro: -3.60, -0.59, -1.66
Accel: -0.42, 0.13, -0.87
Gyro: -3.72, -1.64, 0.35
Accel: -0.43, 0.10, -0.86
Gyro: -1.17, -2.90, 2.05
Accel: -0.44, 0.08, -0.89
Gyro: -4.44, -3.46, 1.14
Accel: -0.44, 0.09, -0.90
Gyro: -7.19, -0.43, -0.55
Accel: -0.42, 0.10, -0.89
Gyro: -5.01, 2.23, -1.88
