Accel: -0.47, 0.10, -0.86
Gyro: -6.42, 2.91, -1.27
Accel: -0.46, 0.11, -0.85
Gyro: -3.90, 3.50, -1.03
Accel: -0.46, 0.09, -0.85
Gyro: -5.20, 3.39, -0.82
Accel: -0.45, 0.10, -0.86
Gyro: -8.25, 2.78, -1.01
Accel: -0.44, 0.12, -0.86
Gyro: -6.59, 3.11, -1.12
Accel: -0.44, 0.11, -0.85
Gyro: -5.71, 2.68, -1.35
Accel: -0.45, 0.12, -0.86
Gyro: -6.22, 2.17, -1.53
Accel: -0.44, 0.12, -0.86
Gyro: -4.64, 2.59, -1.38
Accel: -0.45, 0.09, -0.84
Gyro: -2.11, 1.84, -1.63
Accel: -0.47, 0.05, -0.87
Gyro: -4.34, 0.51, -0.24
Accel: -0.51, -0.09, -0.90
Gyro: -17.27, 3.24, -0.22
Accel: -0.56, -0.15, -0.95
Gyro: -46.97, 12.62, -7.69
Accel: -0.59, -0.20, -0.94
Gyro: -76.74, 26.89, -17.98
Accel: -0.61, -0.14, -0.99
Gyro: -107.70, 48.56, -34.32
Accel: -0.60, -0.03, -0.91
Gyro: -126.61, 70.47, -52.32
Accel: -0.62, 0.12, -0.87
Gyro: -135.03, 88.21, -64.15
Accel: -0.57, 0.20, -0.78
Gyro: -140.59, 106.23, -70.26
Accel: -0.54, 0.37, -0.79
Gyro: -141.46, 118.94, -74.23
Accel: -0.50, 0.53, -0.79
Gyro: -132.19, 134.16, -69.56
Accel: -0.44, 0.65, -0.75
Gyro: -110.16, 144.13, -61.65
Accel: -0.40, 0.79, -0.79
Gyro: -93.81, 155.59, -45.05
Accel: -0.44, 1.04, -1.06
Gyro: -77.61, 179.46, -15.66
Accel: -0.33, 1.02, -0.66
Gyro: -52.67, 207.18, 36.74
Accel: -0.11, 0.77, -0.47
Gyro: -12.44, 202.38, 60.52
Accel: 0.09, 0.75, -0.47
Gyro: -11.51, 187.92, 67.63
Accel: 0.21, 0.76, -0.46
Gyro: -22.32, 166.44, 91.06
Accel: 0.33, 0.71, -0.43
Gyro: 9.48, 145.59, 103.51
Accel: 0.38, 0.67, -0.45
Gyro: 12.67, 130.67, 113.99
Accel: 0.50, 0.62, -0.42
Gyro: 7.55, 110.28, 125.48
Accel: 0.61, 0.59, -0.34
Gyro: 15.62, 89.93, 136.44
Accel: 0.66, 0.55, -0.37
Gyro: 27.24, 75.78, 144.84
Accel: 0.73, 0.45, -0.35
Gyro: 29.03, 62.80, 156.92
Accel: 0.80, 0.34, -0.35
Gyro: 31.54, 47.62, 164.97
Accel: 0.86, 0.25, -0.32
Gyro: 24.28, 28.13, 171.44
Accel: 0.89, 0.11, -0.28
Gyro: 27.88, 10.36, 175.22
Accel: 0.92, -0.01, -0.30
Gyro: 23.51, -5.78, 171.37
Accel: 0.92, -0.05, -0.26
Gyro: 14.49, -28.58, 171.84
Accel: 0.81, -0.17, -0.26
Gyro: 36.48, -52.03, 171.30
Accel: 0.77, -0.32, -0.44
Gyro: 12.93, -51.34, 170.01
Accel: 0.80, -0.30, -0.34
Gyro: 10.08, -66.58, 165.34
Accel: 0.72, -0.45, -0.38
Gyro: 17.31, -86.50, 163.57
Accel: 0.64, -0.54, -0.50
Gyro: -5.94, -95.02, 149.71
Accel: 0.59, -0.58, -0.50
Gyro: -3.11, -105.63, 137.43
Accel: 0.48, -0.63, -0.52
Gyro: -3.75, -118.58, 129.04
Accel: 0.36, -0.71, -0.57
Gyro: -6.67, -128.82, 117.00
Accel: 0.26, -0.74, -0.61
Gyro: -16.59, -136.91, 108.75
Accel: 0.15, -0.81, -0.66
Gyro: -29.48, -145.75, 94.67
Accel: 0.02, -0.81, -0.72
Gyro: -52.23, -146.60, 80.86
Accel: -0.06, -0.79, -0.70
Gyro: -64.26, -146.37, 60.92
Accel: -0.15, -0.76, -0.79
Gyro: -73.57, -145.59, 35.47
Accel: -0.26, -0.74, -0.78
Gyro: -94.12, -143.02, 6.34
Accel: -0.35, -0.67, -0.79
Gyro: -106.49, -136.48, -22.71
Accel: -0.44, -0.55, -0.80
Gyro: -121.96, -126.88, -46.73
Accel: -0.50, -0.48, -0.74
Gyro: -149.78, -123.28, -70.74
Accel: -0.56, -0.40, -0.66
Gyro: -171.13, -119.46, -94.05
Accel: -0.64, -0.18, -0.76
Gyro: -184.73, -104.29, -108.35
Accel: -0.65, -0.06, -0.75
Gyro: -194.52, -87.00, -106.32
Accel: -0.75, 0.04, -0.70
Gyro: -154.47, -74.42, -110.39
Accel: -0.76, 0.12, -0.96
Gyro: -121.82, -48.65, -110.83
Accel: -0.72, 0.11, -0.73
Gyro: -118.32, -28.48, -107.71
Accel: -0.73, 0.26, -0.77
Gyro: -86.18, -11.70, -95.95
Accel: -0.66, 0.24, -0.82
Gyro: -76.02, 0.22, -81.79
Accel: -0.62, 0.33, -0.76
Gyro: -79.49, -7.97, -70.13
Accel: -0.63, 0.41, -0.82
Gyro: -67.54, -9.45, -46.74
Accel: -0.61, 0.37, -0.82
Gyro: -54.72, -3.41, -26.57
Accel: -0.57, 0.31, -0.81
Gyro: -34.82, 1.56, -14.08
Accel: -0.58, 0.30, -0.83
Gyro: -14.08, 4.91, -7.44
Accel: -0.56, 0.27, -0.81
Gyro: 0.60, 10.81, 1.04
Accel: -0.55, 0.23, -0.77
Gyro: 14.96, 12.83, 6.55
Accel: -0.53, 0.17, -0.82
Gyro: 23.33, 7.42, 8.16
Accel: -0.54, 0.13, -0.88
Gyro: 10.97, 9.35, 9.70
Accel: -0.55, 0.10, -0.82
Gyro: 12.45, 12.73, 8.38
Accel: -0.45, 0.09, -0.83
Gyro: -1.01, 14.53, 10.57
Accel: -0.47, 0.09, -0.79
Gyro: 7.99, 10.38, 7.51
Accel: -0.47, 0.09, -0.81
Gyro: -3.25, 6.32, 4.56
Accel: -0.47, 0.11, -0.83
Gyro: -1.08, 5.32, 3.57
Accel: -0.46, 0.10, -0.85
Gyro: 0.53, 5.25, 3.80
Accel: -0.47, 0.09, -0.83
Gyro: -0.31, 4.98, 4.73
Accel: -0.46, 0.09, -0.85
Gyro: -1.80, 4.46, 3.04
Accel: -0.47, 0.11, -0.85
Gyro: -3.89, 4.01, 2.52
Accel: -0.47, 0.11, -0.88
Gyro: -3.20, 6.17, 1.52
Accel: -0.45, 0.11, -0.86
Gyro: -2.71, 7.53, 0.60
Accel: -0.44, 0.11, -0.85
Gyro: -1.97, 8.32, -0.30
Accel: -0.43, 0.10, -0.84
Gyro: -0.23, 6.48, -1.13
Accel: -0.42, 0.09, -0.83
Gyro: -1.74, 3.84, -1.81
Accel: -0.43, 0.11, -0.84
Gyro: -2.35, 0.72, -2.11
Accel: -0.44, 0.12, -0.86
Gyro: -2.49, -0.40, -2.06
Accel: -0.44, 0.11, -0.85
Gyro: -0.41, -1.00, -1.81
Accel: -0.44, 0.11, -0.87
Gyro: -0.40, -1.94, -1.27
Accel: -0.44, 0.11, -0.88
Gyro: -1.86, -1.19, -0.43
Accel: -0.44, 0.12, -0.87
Gyro: -2.40, -0.34, -0.47
Accel: -0.44, 0.11, -0.86
Gyro: -1.85, -0.16, -0.02
Accel: -0.45, 0.10, -0.87
Gyro: -2.37, -0.33, -0.43
Accel: -0.44, 0.10, -0.87
Gyro: -2.96, 1.05, -0.90
Accel: -0.44, 0.10, -0.86
Gyro: -2.74, 1.40, -1.51
Accel: -0.44, 0.11, -0.86
Gyro: -3.11, -0.08, -1.53
Accel: -0.45, 0.12, -0.86
Gyro: -2.88, -0.48, -0.59
Accel: -0.44, 0.11, -0.86
Gyro: -2.16, -0.06, -0.31
Accel: -0.45, 0.11, -0.87
Gyro: -1.72, -0.61, -0.51
Accel: -0.45, 0.10, -0.87
Gyro: -3.44, 0.07, -0.36
Accel: -0.44, 0.11, -0.87
Gyro: -3.24, 0.49, -1.02
