Accel: -0.51, 0.10, -0.81
Gyro: -4.06, 1.05, -0.60
Accel: -0.51, 0.09, -0.83
Gyro: -5.66, 1.43, -1.45
Accel: -0.51, 0.10, -0.84
Gyro: -6.61, 1.66, -2.51
Accel: -0.51, 0.10, -0.82
Gyro: -6.54, 2.24, -3.41
Accel: -0.52, 0.11, -0.83
Gyro: -6.80, 1.99, -3.49
Accel: -0.51, 0.12, -0.84
Gyro: -7.63, 3.56, -3.45
Accel: -0.51, 0.12, -0.82
Gyro: -7.32, 5.55, -3.09
Accel: -0.51, 0.12, -0.83
Gyro: -7.47, 5.80, -3.02
Accel: -0.50, 0.13, -0.83
Gyro: -6.49, 5.46, -2.75
Accel: -0.53, 0.09, -0.84
Gyro: -4.94, 4.58, -2.38
Accel: -0.55, 0.03, -0.85
Gyro: -7.16, 6.17, -2.55
Accel: -0.60, -0.10, -0.89
Gyro: -23.98, 13.55, -7.01
Accel: -0.65, -0.16, -0.99
Gyro: -53.01, 30.04, -22.49
Accel: -0.65, -0.19, -0.95
Gyro: -67.18, 47.89, -40.23
Accel: -0.70, -0.15, -1.04
Gyro: -93.67, 73.09, -63.58
Accel: -0.65, -0.02, -0.86
Gyro: -108.32, 98.10, -84.43
Accel: -0.60, 0.09, -0.82
Gyro: -110.21, 107.46, -95.18
Accel: -0.65, 0.26, -0.96
Gyro: -124.57, 130.85, -99.00
Accel: -0.55, 0.37, -0.75
Gyro: -118.61, 151.86, -94.09
Accel: -0.44, 0.51, -0.70
Gyro: -106.02, 156.28, -82.60
Accel: -0.37, 0.56, -0.71
Gyro: -97.09, 156.95, -67.54
Accel: -0.28, 0.65, -0.70
Gyro: -87.59, 156.20, -47.94
Accel: -0.18, 0.72, -0.69
Gyro: -75.76, 151.66, -23.57
Accel: -0.11, 0.76, -0.78
Gyro: -66.92, 148.08, 0.64
Accel: 0.06, 0.82, -0.67
Gyro: -58.34, 145.06, 28.96
Accel: 0.10, 0.82, -0.66
Gyro: -32.57, 141.91, 56.16
Accel: 0.16, 0.77, -0.70
Gyro: -15.17, 134.46, 73.57
Accel: 0.17, 0.76, -0.72
Gyro: -2.85, 138.00, 87.20
Accel: 0.20, 0.73, -0.68
Gyro: 20.98, 146.93, 97.37
Accel: 0.32, 0.68, -0.52
Gyro: 28.84, 147.18, 108.47
Accel: 0.51, 0.53, -0.40
Gyro: 36.95, 130.52, 116.87
Accel: 0.66, 0.43, -0.28
Gyro: 33.68, 116.80, 121.70
Accel: 0.78, 0.37, -0.28
Gyro: 30.78, 89.96, 130.71
Accel: 0.85, 0.34, -0.29
Gyro: 27.99, 68.42, 139.63
Accel: 0.89, 0.27, -0.28
Gyro: 20.22, 40.05, 157.17
Accel: 0.89, 0.18, -0.34
Gyro: 13.85, 23.34, 166.04
Accel: 0.91, 0.04, -0.29
Gyro: 13.30, 7.16, 170.49
Accel: 0.93, 0.06, -0.24
Gyro: 12.16, -14.86, 175.41
Accel: 0.82, -0.15, -0.36
Gyro: 35.30, -27.26, 182.72
Accel: 0.86, -0.35, -0.30
Gyro: 24.46, -34.12, 169.43
Accel: 0.86, -0.37, -0.34
Gyro: 8.10, -51.29, 161.02
Accel: 0.74, -0.52, -0.47
Gyro: 7.73, -62.05, 154.58
Accel: 0.73, -0.48, -0.35
Gyro: -5.68, -73.52, 142.41
Accel: 0.63, -0.50, -0.48
Gyro: -4.09, -91.70, 142.91
Accel: 0.51, -0.61, -0.57
Gyro: -6.94, -93.19, 136.43
Accel: 0.49, -0.63, -0.48
Gyro: -6.40, -104.20, 121.86
Accel: 0.33, -0.71, -0.60
Gyro: -14.21, -120.75, 115.31
Accel: 0.26, -0.71, -0.57
Gyro: -25.20, -135.76, 104.78
Accel: 0.19, -0.78, -0.63
Gyro: -30.07, -143.01, 91.64
Accel: 0.06, -0.84, -0.70
Gyro: -51.03, -148.70, 73.07
Accel: -0.03, -0.82, -0.75
Gyro: -77.06, -148.71, 50.22
Accel: -0.12, -0.74, -0.76
Gyro: -95.21, -144.82, 26.18
Accel: -0.21, -0.68, -0.74
Gyro: -108.01, -141.68, 4.57
Accel: -0.30, -0.64, -0.73
Gyro: -120.72, -137.66, -16.43
Accel: -0.41, -0.53, -0.81
Gyro: -120.68, -135.60, -38.29
Accel: -0.48, -0.38, -0.81
Gyro: -127.60, -116.90, -52.44
Accel: -0.51, -0.29, -0.76
Gyro: -133.34, -96.66, -59.56
Accel: -0.50, -0.13, -0.67
Gyro: -141.53, -95.67, -64.48
Accel: -0.57, 0.06, -0.69
Gyro: -121.79, -93.79, -58.10
Accel: -0.72, 0.06, -0.87
Gyro: -79.19, -66.25, -50.96
Accel: -0.58, -0.02, -1.07
Gyro: -116.23, -52.80, -49.10
Accel: -0.64, 0.14, -0.67
Gyro: -105.03, -54.18, -52.09
Accel: -0.67, 0.14, -0.89
Gyro: -106.90, -43.50, -48.89
Accel: -0.67, 0.17, -0.89
Gyro: -86.21, -23.18, -48.43
Accel: -0.64, 0.20, -0.84
Gyro: -65.31, -11.98, -42.68
Accel: -0.64, 0.13, -0.82
Gyro: -66.72, -4.91, -37.35
Accel: -0.60, 0.14, -0.80
Gyro: -66.92, 0.69, -40.64
Accel: -0.60, 0.26, -0.79
Gyro: -59.52, 3.15, -39.01
Accel: -0.58, 0.33, -0.77
Gyro: -44.95, 4.73, -27.87
Accel: -0.56, 0.27, -0.76
Gyro: -30.36, 5.42, -19.54
Accel: -0.55, 0.28, -0.80
Gyro: -22.76, 5.02, -16.56
Accel: -0.55, 0.28, -0.77
Gyro: -14.19, 4.22, -10.71
Accel: -0.54, 0.23, -0.79
Gyro: -2.75, 2.70, -5.33
Accel: -0.53, 0.20, -0.78
Gyro: -1.71, 0.80, -3.04
Accel: -0.54, 0.19, -0.78
Gyro: 0.24, -0.64, -1.97
Accel: -0.54, 0.18, -0.80
Gyro: 4.61, -0.80, -0.63
Accel: -0.53, 0.17, -0.80
Gyro: 5.29, -0.63, 0.18
Accel: -0.54, 0.17, -0.81
Gyro: 5.75, -0.89, 0.69
Accel: -0.55, 0.14, -0.81
Gyro: 6.71, 0.63, 1.60
Accel: -0.54, 0.12, -0.83
Gyro: 4.39, 2.35, 0.78
Accel: -0.53, 0.13, -0.81
Gyro: 2.25, 2.78, -0.02
Accel: -0.54, 0.14, -0.81
Gyro: 1.95, 2.16, -0.27
Accel: -0.53, 0.14, -0.82
Gyro: 1.97, 3.45, 0.13
Accel: -0.52, 0.13, -0.81
Gyro: 2.04, 4.04, 0.02
Accel: -0.52, 0.13, -0.82
Gyro: 2.03, 3.94, -0.37
Accel: -0.52, 0.13, -0.81
Gyro: 2.59, 3.89, -0.61
Accel: -0.52, 0.13, -0.81
Gyro: 2.79, 2.98, 0.24
Accel: -0.51, 0.11, -0.81
Gyro: 0.89, 2.48, 0.10
Accel: -0.51, 0.11, -0.82
Gyro: 0.21, 2.05, -0.32
Accel: -0.51, 0.12, -0.82
Gyro: -0.31, 1.77, -0.82
Accel: -0.50, 0.11, -0.82
Gyro: -0.67, 2.51, -1.17
Accel: -0.52, 0.11, -0.82
Gyro: -0.79, 2.68, -1.78
Accel: -0.51, 0.12, -0.84
Gyro: -1.48, 3.66, -1.99
Accel: -0.50, 0.12, -0.82
Gyro: -1.42, 4.04, -2.08
Accel: -0.49, 0.11, -0.83
Gyro: -0.69, 3.39, -1.99
Accel: -0.50, 0.10, -0.82
Gyro: -1.82, 3.15, -1.40
Accel: -0.50, 0.10, -0.84
Gyro: -3.21, 2.56, -1.79
Accel: -0.50, 0.12, -0.82
Gyro: -3.26, 2.91, -2.12
Accel: -0.50, 0.12, -0.82
Gyro: -2.43, 2.27, -1.70
Accel: -0.50, 0.11, -0.83
Gyro: -4.46, 2.49, -1.40
Accel: -0.50, 0.11, -0.83
Gyro: -5.09, 4.23, -1.24
