Accel: -0.54, 0.12, -0.80
Gyro: -2.90, 0.27, -2.32
Accel: -0.54, 0.12, -0.83
Gyro: -3.08, 1.30, -1.92
Accel: -0.54, 0.10, -0.81
Gyro: -2.65, 3.11, -2.04
Accel: -0.53, 0.11, -0.79
Gyro: -3.18, 1.44, -2.36
Accel: -0.53, 0.10, -0.81
Gyro: -3.55, 0.43, -2.59
Accel: -0.52, 0.11, -0.81
Gyro: -2.43, 1.33, -1.98
Accel: -0.52, 0.11, -0.80
Gyro: -1.98, 0.21, -1.71
Accel: -0.53, 0.10, -0.81
Gyro: -3.46, -1.40, -1.66
Accel: -0.53, 0.10, -0.82
Gyro: -3.69, -0.79, -1.27
Accel: -0.52, 0.11, -0.81
Gyro: -2.44, -1.07, -1.71
Accel: -0.53, 0.11, -0.81
Gyro: -3.62, -1.46, -1.57
Accel: -0.55, 0.09, -0.82
Gyro: -3.14, -0.76, -0.95
Accel: -0.54, 0.05, -0.80
Gyro: -3.20, -2.11, -0.92
Accel: -0.56, -0.04, -0.81
Gyro: -14.55, -1.94, -2.45
Accel: -0.60, -0.11, -0.86
Gyro: -37.89, 3.33, -10.60
Accel: -0.61, -0.11, -0.86
Gyro: -55.27, 10.58, -22.58
Accel: -0.69, -0.14, -0.87
Gyro: -68.62, 20.62, -34.63
Accel: -0.80, -0.19, -1.06
Gyro: -95.19, 45.81, -50.38
Accel: -0.82, 0.01, -0.98
Gyro: -119.73, 84.01, -75.47
Accel: -0.83, 0.21, -0.93
Gyro: -108.36, 115.55, -80.66
Accel: -0.74, 0.15, -0.75
Gyro: -119.00, 141.79, -77.42
Accel: -0.66, 0.25, -0.78
Gyro: -131.69, 155.65, -83.36
Accel: -0.57, 0.44, -0.72
Gyro: -127.51, 167.11, -73.45
Accel: -0.45, 0.44, -0.64
Gyro: -117.23, 173.34, -58.75
Accel: -0.35, 0.55, -0.65
Gyro: -106.34, 169.65, -54.37
Accel: -0.27, 0.69, -0.63
Gyro: -98.20, 169.15, -36.74
Accel: -0.14, 0.75, -0.60
Gyro: -74.62, 160.34, -19.87
Accel: -0.08, 0.83, -0.67
Gyro: -79.95, 164.05, 12.82
Accel: -0.01, 0.88, -0.64
Gyro: -47.57, 153.85, 29.82
Accel: 0.13, 0.84, -0.59
Gyro: -32.45, 146.05, 51.06
Accel: 0.23, 0.83, -0.54
Gyro: -21.65, 132.01, 66.22
Accel: 0.34, 0.86, -0.49
Gyro: 3.70, 118.41, 83.38
Accel: 0.42, 0.78, -0.51
Gyro: 15.85, 104.97, 99.64
Accel: 0.50, 0.71, -0.46
Gyro: 19.65, 87.17, 111.76
Accel: 0.56, 0.63, -0.45
Gyro: 31.69, 69.34, 122.62
Accel: 0.57, 0.60, -0.49
Gyro: 36.75, 57.91, 132.23
Accel: 0.61, 0.51, -0.45
Gyro: 29.15, 51.37, 148.47
Accel: 0.63, 0.41, -0.43
Gyro: 35.12, 46.57, 158.27
Accel: 0.66, 0.30, -0.45
Gyro: 36.58, 38.27, 166.18
Accel: 0.70, 0.19, -0.44
Gyro: 36.96, 30.53, 169.62
Accel: 0.73, 0.11, -0.40
Gyro: 35.65, 22.47, 171.91
Accel: 0.78, 0.01, -0.35
Gyro: 38.41, 9.15, 176.34
Accel: 0.79, -0.23, -0.38
Gyro: 40.05, -2.61, 173.77
Accel: 0.85, -0.33, -0.37
Gyro: 31.52, -16.45, 155.76
Accel: 0.93, -0.39, -0.26
Gyro: 47.23, -41.85, 142.38
Accel: 0.81, -0.53, -0.47
Gyro: 14.16, -48.52, 135.79
Accel: 0.77, -0.51, -0.43
Gyro: 19.95, -60.44, 126.79
Accel: 0.67, -0.59, -0.46
Gyro: 6.36, -71.08, 122.92
Accel: 0.62, -0.66, -0.41
Gyro: 11.38, -86.22, 112.55
Accel: 0.52, -0.64, -0.46
Gyro: 2.46, -100.81, 105.67
Accel: 0.42, -0.66, -0.52
Gyro: -9.74, -118.38, 100.75
Accel: 0.39, -0.73, -0.52
Gyro: -20.68, -131.87, 87.05
Accel: 0.31, -0.72, -0.55
Gyro: -33.36, -145.72, 74.19
Accel: 0.17, -0.74, -0.63
Gyro: -42.72, -157.36, 62.76
Accel: 0.05, -0.73, -0.71
Gyro: -58.00, -160.10, 47.74
Accel: -0.05, -0.71, -0.74
Gyro: -75.16, -157.75, 31.13
Accel: -0.16, -0.66, -0.78
Gyro: -90.45, -154.05, 10.89
Accel: -0.26, -0.60, -0.79
Gyro: -106.24, -148.73, -8.26
Accel: -0.37, -0.47, -0.83
Gyro: -114.19, -140.02, -23.86
Accel: -0.42, -0.35, -0.82
Gyro: -115.22, -125.87, -32.56
Accel: -0.49, -0.33, -0.83
Gyro: -111.21, -107.67, -40.75
Accel: -0.52, -0.24, -0.84
Gyro: -113.69, -86.34, -51.98
Accel: -0.52, -0.14, -0.74
Gyro: -115.13, -81.05, -57.58
Accel: -0.58, -0.07, -0.84
Gyro: -106.42, -77.52, -62.03
Accel: -0.65, -0.03, -0.94
Gyro: -95.70, -58.64, -65.77
Accel: -0.59, 0.01, -0.87
Gyro: -121.85, -51.53, -69.44
Accel: -0.59, 0.19, -0.63
Gyro: -112.43, -52.57, -64.12
Accel: -0.75, 0.40, -0.98
Gyro: -93.64, -40.01, -43.11
Accel: -0.69, 0.35, -0.98
Gyro: -67.05, -11.23, -18.02
Accel: -0.61, 0.23, -0.80
Gyro: -45.74, 2.78, -11.86
Accel: -0.56, 0.20, -0.73
Gyro: -27.98, -0.95, -14.72
Accel: -0.55, 0.17, -0.80
Gyro: -13.06, -3.69, -17.95
Accel: -0.57, 0.18, -0.85
Gyro: -9.86, -3.31, -19.04
Accel: -0.57, 0.18, -0.85
Gyro: -3.55, 2.24, -14.21
Accel: -0.54, 0.13, -0.80
Gyro: 0.07, 5.68, -10.01
Accel: -0.52, 0.13, -0.83
Gyro: -6.98, 6.00, -7.26
Accel: -0.52, 0.14, -0.80
Gyro: -9.32, 5.80, -1.64
Accel: -0.51, 0.12, -0.79
Gyro: -2.51, 1.77, 1.60
Accel: -0.52, 0.10, -0.82
Gyro: -2.94, -0.07, 2.78
Accel: -0.53, 0.08, -0.83
Gyro: -4.46, -0.09, 0.99
Accel: -0.53, 0.07, -0.86
Gyro: -3.56, 2.34, -1.19
Accel: -0.51, 0.07, -0.85
Gyro: -4.43, 6.59, -2.14
Accel: -0.50, 0.08, -0.83
Gyro: -4.30, 7.07, -3.20
Accel: -0.50, 0.09, -0.83
Gyro: -3.97, 5.70, -4.34
Accel: -0.48, 0.09, -0.82
Gyro: -4.52, 4.63, -4.98
Accel: -0.48, 0.09, -0.83
Gyro: -4.20, 3.52, -5.01
Accel: -0.48, 0.08, -0.83
Gyro: -4.44, 1.95, -5.33
Accel: -0.49, 0.09, -0.85
Gyro: -5.01, 1.87, -5.27
Accel: -0.48, 0.10, -0.84
Gyro: -6.47, 2.68, -3.89
Accel: -0.48, 0.10, -0.83
Gyro: -4.97, 1.97, -3.24
Accel: -0.48, 0.09, -0.84
Gyro: -4.51, 0.82, -3.20
Accel: -0.48, 0.10, -0.85
Gyro: -5.44, 0.91, -3.21
Accel: -0.48, 0.11, -0.85
Gyro: -4.31, 1.91, -3.19
Accel: -0.47, 0.11, -0.83
Gyro: -3.11, 1.38, -3.02
Accel: -0.48, 0.11, -0.84
Gyro: -2.74, 0.45, -2.14
Accel: -0.48, 0.10, -0.85
Gyro: -3.63, 0.85, -1.34
Accel: -0.47, 0.10, -0.84
Gyro: -2.75, 1.63, -1.37
Accel: -0.47, 0.10, -0.83
Gyro: -1.87, 0.90, -1.02
Accel: -0.47, 0.11, -0.83
Gyro: -1.11, -0.29, -0.24
Accel: -0.48, 0.09, -0.84
Gyro: 0.14, -1.72, 0.13
Accel: -0.48, 0.09, -0.85
Gyro: -0.94, -0.63, 0.27
