Accel: -0.48, 0.09, -0.84
Gyro: -3.70, -1.78, -3.01
Accel: -0.49, 0.08, -0.87
Gyro: -4.83, 0.85, -1.37
Accel: -0.48, 0.07, -0.84
Gyro: -4.48, 1.69, -1.50
Accel: -0.48, 0.07, -0.82
Gyro: -3.74, 0.21, -2.14
Accel: -0.48, 0.08, -0.86
Gyro: -3.05, -0.10, -0.66
Accel: -0.47, 0.07, -0.84
Gyro: -4.24, 0.06, -0.61
Accel: -0.48, 0.07, -0.84
Gyro: -5.00, -1.83, -1.59
Accel: -0.48, 0.08, -0.85
Gyro: -5.66, -1.86, -1.27
Accel: -0.48, 0.06, -0.84
Gyro: -5.74, -1.71, -2.28
Accel: -0.49, 0.05, -0.86
Gyro: -7.13, -1.96, -3.49
Accel: -0.50, 0.06, -0.87
Gyro: -8.14, -0.04, -3.01
Accel: -0.50, 0.01, -0.80
Gyro: -11.32, 1.30, -3.99
Accel: -0.55, -0.13, -0.86
Gyro: -21.46, -1.00, -8.86
Accel: -0.58, -0.13, -0.97
Gyro: -42.29, 6.60, -21.06
Accel: -0.67, -0.17, -0.88
Gyro: -55.04, 22.12, -32.55
Accel: -0.79, -0.29, -1.14
Gyro: -76.45, 46.24, -53.76
Accel: -0.71, -0.29, -0.91
Gyro: -113.30, 80.01, -87.27
Accel: -0.70, -0.26, -0.73
Gyro: -123.92, 90.94, -120.58
Accel: -0.71, 0.03, -0.84
Gyro: -166.71, 112.12, -142.03
Accel: -0.61, 0.31, -0.62
Gyro: -166.34, 121.04, -139.62
Accel: -0.62, 0.55, -0.75
Gyro: -142.41, 125.58, -129.17
Accel: -0.51, 0.64, -0.65
Gyro: -124.80, 135.05, -104.30
Accel: -0.43, 0.74, -0.75
Gyro: -107.38, 134.34, -81.46
Accel: -0.40, 0.85, -0.80
Gyro: -93.14, 144.09, -46.15
Accel: -0.25, 0.75, -0.66
Gyro: -65.81, 142.81, -16.70
Accel: -0.21, 0.80, -0.72
Gyro: -65.91, 143.98, 13.59
Accel: -0.12, 0.82, -0.65
Gyro: -48.57, 136.31, 34.85
Accel: -0.02, 0.71, -0.72
Gyro: -32.95, 135.83, 55.35
Accel: 0.03, 0.70, -0.68
Gyro: -32.70, 136.11, 68.31
Accel: 0.13, 0.73, -0.65
Gyro: -19.16, 135.03, 83.21
Accel: 0.24, 0.65, -0.65
Gyro: -16.91, 134.75, 98.10
Accel: 0.38, 0.59, -0.53
Gyro: -16.69, 121.98, 101.86
Accel: 0.46, 0.67, -0.46
Gyro: -7.79, 105.84, 105.51
Accel: 0.55, 0.69, -0.46
Gyro: 5.92, 88.30, 119.62
Accel: 0.58, 0.61, -0.49
Gyro: 8.06, 75.74, 132.62
Accel: 0.66, 0.51, -0.40
Gyro: 15.58, 71.51, 141.02
Accel: 0.71, 0.49, -0.35
Gyro: 27.34, 56.56, 151.48
Accel: 0.73, 0.35, -0.38
Gyro: 24.70, 42.16, 163.12
Accel: 0.76, 0.24, -0.36
Gyro: 24.73, 32.23, 168.17
Accel: 0.81, 0.15, -0.32
Gyro: 32.66, 18.39, 172.39
Accel: 0.82, -0.03, -0.36
Gyro: 37.52, 8.02, 170.36
Accel: 0.86, -0.18, -0.33
Gyro: 31.88, -1.34, 156.55
Accel: 0.89, -0.21, -0.31
Gyro: 30.67, -19.87, 144.71
Accel: 0.89, -0.34, -0.33
Gyro: 41.75, -30.78, 131.61
Accel: 0.86, -0.31, -0.40
Gyro: 16.46, -37.96, 128.17
Accel: 0.78, -0.39, -0.44
Gyro: 24.39, -47.92, 133.95
Accel: 0.72, -0.53, -0.45
Gyro: 9.62, -52.12, 127.50
Accel: 0.69, -0.56, -0.44
Gyro: 7.25, -62.82, 118.31
Accel: 0.63, -0.62, -0.51
Gyro: 0.47, -68.68, 110.28
Accel: 0.61, -0.72, -0.48
Gyro: -3.27, -74.43, 98.14
Accel: 0.53, -0.77, -0.56
Gyro: -8.07, -80.36, 87.91
Accel: 0.45, -0.81, -0.58
Gyro: -26.25, -86.52, 71.89
Accel: 0.40, -0.64, -0.64
Gyro: -50.59, -86.42, 71.26
Accel: 0.35, -0.58, -0.63
Gyro: -47.12, -94.82, 66.14
Accel: 0.32, -0.58, -0.64
Gyro: -51.27, -99.53, 66.16
Accel: 0.24, -0.62, -0.69
Gyro: -53.86, -103.58, 61.22
Accel: 0.17, -0.60, -0.70
Gyro: -55.18, -107.92, 51.99
Accel: 0.07, -0.62, -0.75
Gyro: -54.33, -110.40, 41.48
Accel: 0.01, -0.60, -0.79
Gyro: -60.45, -108.47, 27.29
Accel: -0.07, -0.54, -0.79
Gyro: -72.02, -111.36, 15.33
Accel: -0.14, -0.52, -0.80
Gyro: -74.85, -115.09, 7.10
Accel: -0.21, -0.54, -0.82
Gyro: -82.21, -116.12, -8.51
Accel: -0.29, -0.51, -0.82
Gyro: -94.65, -113.43, -29.14
Accel: -0.41, -0.44, -0.82
Gyro: -98.62, -105.67, -51.55
Accel: -0.51, -0.34, -0.89
Gyro: -103.97, -93.06, -70.79
Accel: -0.52, -0.21, -0.84
Gyro: -109.71, -82.79, -82.45
Accel: -0.52, -0.13, -0.70
Gyro: -105.28, -80.47, -82.98
Accel: -0.58, -0.04, -0.78
Gyro: -85.53, -68.20, -83.81
Accel: -0.59, -0.01, -0.85
Gyro: -96.76, -71.20, -84.67
Accel: -0.69, 0.07, -0.92
Gyro: -100.53, -65.48, -80.27
Accel: -0.71, 0.14, -0.98
Gyro: -96.26, -41.15, -70.84
Accel: -0.61, 0.13, -0.77
Gyro: -78.26, -22.77, -61.61
Accel: -0.58, 0.13, -0.70
Gyro: -68.19, -27.48, -53.84
Accel: -0.63, 0.21, -0.84
Gyro: -61.13, -27.25, -41.17
Accel: -0.62, 0.21, -0.90
Gyro: -63.77, -17.12, -27.53
Accel: -0.58, 0.20, -0.78
Gyro: -47.74, -9.57, -21.10
Accel: -0.59, 0.24, -0.80
Gyro: -26.91, -5.45, -16.98
Accel: -0.57, 0.23, -0.89
Gyro: -21.50, -1.75, -11.25
Accel: -0.54, 0.19, -0.80
Gyro: -15.17, 0.70, -7.90
Accel: -0.53, 0.17, -0.80
Gyro: -5.89, 0.75, -6.08
Accel: -0.52, 0.16, -0.82
Gyro: -3.94, 0.18, -2.91
Accel: -0.53, 0.13, -0.80
Gyro: -2.24, 0.53, 0.12
Accel: -0.53, 0.11, -0.84
Gyro: -1.61, 1.14, 1.52
Accel: -0.53, 0.11, -0.83
Gyro: -2.70, 2.92, 2.17
Accel: -0.53, 0.09, -0.83
Gyro: -1.04, 4.81, 1.70
Accel: -0.51, 0.08, -0.82
Gyro: 0.38, 5.96, 0.35
Accel: -0.52, 0.09, -0.84
Gyro: -0.60, 5.31, -2.22
Accel: -0.51, 0.09, -0.84
Gyro: 0.87, 7.40, -1.85
Accel: -0.49, 0.09, -0.82
Gyro: 2.04, 8.39, -1.27
Accel: -0.49, 0.07, -0.82
Gyro: 1.88, 6.38, -1.60
Accel: -0.48, 0.07, -0.84
Gyro: -1.24, 6.58, -1.45
Accel: -0.47, 0.07, -0.83
Gyro: -4.26, 6.13, -2.04
Accel: -0.47, 0.08, -0.83
Gyro: -4.78, 3.59, -2.60
Accel: -0.47, 0.08, -0.83
Gyro: -6.01, 2.37, -3.01
Accel: -0.47, 0.09, -0.84
Gyro: -4.27, 2.30, -3.05
Accel: -0.48, 0.09, -0.84
Gyro: -3.07, 1.88, -3.16
Accel: -0.49, 0.09, -0.84
Gyro: -3.17, 1.35, -2.67
Accel: -0.48, 0.08, -0.83
Gyro: -3.09, 1.06, -2.04
Accel: -0.48, 0.08, -0.84
Gyro: -2.98, 0.56, -1.88
Accel: -0.47, 0.09, -0.83
Gyro: -2.96, -0.60, -1.90
Accel: -0.48, 0.08, -0.84
Gyro: -3.01, -0.43, -1.69
