Accel: -0.40, 0.14, -0.89
Gyro: -1.70, -1.14, -1.11
Accel: -0.40, 0.14, -0.89
Gyro: -4.09, 0.14, -0.97
Accel: -0.40, 0.14, -0.88
Gyro: -0.17, 0.67, -1.40
Accel: -0.40, 0.13, -0.87
Gyro: 2.17, -0.43, -0.40
Accel: -0.39, 0.12, -0.87
Gyro: -2.71, -1.01, 0.02
Accel: -0.40, 0.12, -0.87
Gyro: -2.59, -1.30, 0.05
Accel: -0.40, 0.11, -0.88
Gyro: -4.10, -0.45, 0.72
Accel: -0.40, 0.10, -0.88
Gyro: -7.00, -0.83, -0.31
Accel: -0.41, 0.09, -0.87
Gyro: -9.76, -1.53, -2.89
Accel: -0.43, 0.05, -0.90
Gyro: -13.79, -0.75, -4.60
Accel: -0.48, 0.02, -0.94
Gyro: -20.97, 1.79, -5.79
Accel: -0.55, -0.05, -0.96
Gyro: -41.07, 15.61, -6.63
Accel: -0.62, -0.22, -0.97
Gyro: -65.22, 29.05, -13.50
Accel: -0.66, -0.13, -1.21
Gyro: -109.16, 63.18, -32.18
Accel: -0.60, -0.02, -0.96
Gyro: -129.00, 101.10, -51.11
Accel: -0.53, 0.09, -0.81
Gyro: -125.76, 117.70, -73.20
Accel: -0.48, 0.31, -0.74
Gyro: -131.53, 128.51, -86.85
Accel: -0.45, 0.48, -0.78
Gyro: -121.89, 135.77, -84.02
Accel: -0.43, 0.57, -0.80
Gyro: -111.31, 150.64, -73.79
Accel: -0.32, 0.63, -0.66
Gyro: -100.08, 160.29, -65.10
Accel: -0.25, 0.73, -0.71
Gyro: -89.65, 158.20, -58.33
Accel: -0.14, 0.91, -0.64
Gyro: -84.92, 166.52, -26.93
Accel: -0.08, 0.94, -0.63
Gyro: -51.63, 171.28, 0.12
Accel: 0.03, 0.94, -0.58
Gyro: -36.63, 167.41, 22.32
Accel: 0.15, 0.93, -0.50
Gyro: -23.69, 158.04, 48.09
Accel: 0.30, 0.83, -0.45
Gyro: -3.69, 141.63, 68.22
Accel: 0.37, 0.77, -0.43
Gyro: 0.82, 125.29, 78.66
Accel: 0.43, 0.80, -0.42
Gyro: 2.72, 107.38, 92.87
Accel: 0.48, 0.82, -0.46
Gyro: 11.63, 93.38, 112.38
Accel: 0.56, 0.75, -0.43
Gyro: 18.68, 82.05, 134.57
Accel: 0.62, 0.63, -0.38
Gyro: 32.30, 69.65, 149.77
Accel: 0.67, 0.55, -0.34
Gyro: 36.48, 57.48, 160.48
Accel: 0.70, 0.48, -0.33
Gyro: 35.18, 38.85, 176.54
Accel: 0.69, 0.36, -0.37
Gyro: 44.25, 29.06, 188.11
Accel: 0.73, 0.21, -0.35
Gyro: 41.50, 20.13, 201.23
Accel: 0.79, -0.03, -0.31
Gyro: 36.29, 9.65, 203.41
Accel: 0.84, -0.22, -0.31
Gyro: 23.98, -6.56, 193.43
Accel: 0.91, -0.38, -0.24
Gyro: 24.50, -27.15, 168.50
Accel: 0.91, -0.37, -0.34
Gyro: 24.33, -40.44, 151.37
Accel: 0.85, -0.43, -0.39
Gyro: 17.65, -56.07, 146.55
Accel: 0.87, -0.45, -0.33
Gyro: 16.91, -73.55, 129.40
Accel: 0.76, -0.55, -0.37
Gyro: 6.76, -91.64, 124.83
Accel: 0.64, -0.74, -0.56
Gyro: -4.02, -94.56, 116.36
Accel: 0.60, -0.78, -0.51
Gyro: -18.57, -104.10, 93.64
Accel: 0.52, -0.70, -0.56
Gyro: -24.53, -110.66, 74.55
Accel: 0.47, -0.66, -0.57
Gyro: -31.45, -120.48, 62.64
Accel: 0.38, -0.66, -0.57
Gyro: -39.69, -133.23, 51.78
Accel: 0.29, -0.66, -0.58
Gyro: -41.08, -148.92, 42.87
Accel: 0.15, -0.75, -0.66
Gyro: -46.81, -160.40, 30.14
Accel: -0.02, -0.76, -0.81
Gyro: -58.29, -157.98, 6.56
Accel: -0.13, -0.74, -0.86
Gyro: -85.39, -148.32, -24.15
Accel: -0.22, -0.62, -0.83
Gyro: -110.55, -140.83, -52.14
Accel: -0.33, -0.44, -0.82
Gyro: -119.18, -132.18, -71.97
Accel: -0.40, -0.29, -0.87
Gyro: -121.16, -126.43, -80.74
Accel: -0.44, -0.25, -0.86
Gyro: -135.81, -112.21, -85.77
Accel: -0.45, -0.09, -0.85
Gyro: -151.56, -92.93, -88.80
Accel: -0.49, 0.05, -0.88
Gyro: -140.25, -80.28, -80.16
Accel: -0.50, 0.06, -0.83
Gyro: -116.25, -66.17, -75.78
Accel: -0.52, 0.12, -0.93
Gyro: -90.20, -50.80, -76.19
Accel: -0.46, 0.18, -0.83
Gyro: -87.99, -38.40, -75.83
Accel: -0.49, 0.30, -0.73
Gyro: -68.43, -42.11, -68.39
Accel: -0.48, 0.38, -0.94
Gyro: -38.56, -28.03, -53.91
Accel: -0.48, 0.30, -0.99
Gyro: -34.88, -12.27, -34.55
Accel: -0.50, 0.32, -0.79
Gyro: -25.01, -23.24, -27.96
Accel: -0.50, 0.28, -0.92
Gyro: -18.30, -26.76, -19.47
Accel: -0.50, 0.28, -0.86
Gyro: -7.19, -17.62, -8.45
Accel: -0.49, 0.20, -0.86
Gyro: 14.82, -13.83, -3.89
Accel: -0.50, 0.14, -0.95
Gyro: 14.27, -5.52, 1.27
Accel: -0.48, 0.09, -0.90
Gyro: 11.31, 1.50, 5.00
Accel: -0.45, 0.08, -0.87
Gyro: 0.66, 1.79, 4.36
Accel: -0.45, 0.08, -0.83
Gyro: -2.87, -1.88, 4.03
Accel: -0.45, 0.10, -0.87
Gyro: -5.97, -1.35, 3.51
Accel: -0.45, 0.11, -0.88
Gyro: -8.30, -0.11, 4.16
Accel: -0.44, 0.11, -0.88
Gyro: -5.93, 1.50, 3.20
Accel: -0.45, 0.14, -0.87
Gyro: -4.94, 3.18, 3.09
Accel: -0.44, 0.15, -0.87
Gyro: -6.14, 4.09, 5.31
Accel: -0.42, 0.13, -0.85
Gyro: -3.42, 3.85, 7.64
Accel: -0.42, 0.09, -0.86
Gyro: -2.82, 2.71, 6.35
Accel: -0.42, 0.09, -0.86
Gyro: -6.70, 2.01, 3.50
Accel: -0.42, 0.10, -0.88
Gyro: -7.38, 2.43, -0.42
Accel: -0.43, 0.12, -0.88
Gyro: -7.31, 4.19, -2.26
Accel: -0.41, 0.13, -0.85
Gyro: -5.90, 2.31, -3.56
Accel: -0.41, 0.15, -0.85
Gyro: -5.30, -0.18, -3.36
Accel: -0.43, 0.15, -0.90
Gyro: -6.34, 1.71, -1.75
Accel: -0.41, 0.14, -0.87
Gyro: -3.55, 4.23, -1.17
Accel: -0.40, 0.13, -0.82
Gyro: 1.10, 1.20, -0.35
Accel: -0.42, 0.13, -0.87
Gyro: -2.46, -2.36, -0.53
Accel: -0.42, 0.14, -0.87
Gyro: -3.30, -1.23, -0.21
Accel: -0.41, 0.13, -0.86
Gyro: 0.24, -1.25, -1.15
Accel: -0.43, 0.13, -0.90
Gyro: -0.38, -1.97, -0.75
Accel: -0.42, 0.12, -0.86
Gyro: -3.78, -0.82, 0.17
Accel: -0.42, 0.11, -0.88
Gyro: -2.63, -1.40, 0.00
Accel: -0.43, 0.12, -0.90
Gyro: -2.37, 0.53, -0.68
Accel: -0.42, 0.12, -0.87
Gyro: -3.47, 2.37, -0.26
Accel: -0.41, 0.13, -0.86
Gyro: -3.88, 1.52, -0.79
Accel: -0.42, 0.13, -0.88
Gyro: -4.14, 0.50, -1.11
Accel: -0.42, 0.13, -0.88
Gyro: -4.14, 2.00, -1.40
Accel: -0.41, 0.12, -0.87
Gyro: -3.12, 2.80, -0.99
Accel: -0.41, 0.05, -0.85
Gyro: -7.26, 1.91, -2.19
Accel: -0.42, 0.04, -0.90
Gyro: -18.06, 1.83, -7.51
Accel: -0.41, 0.11, -0.90
Gyro: -21.64, 3.99, -10.14
