Accel: -0.42, 0.14, -0.86
Gyro: -1.35, -2.16, -0.96
Accel: -0.42, 0.15, -0.88
Gyro: -4.23, -1.04, -1.53
Accel: -0.42, 0.15, -0.86
Gyro: -1.24, -1.08, -1.41
Accel: -0.42, 0.14, -0.88
Gyro: -1.30, -0.45, -1.44
Accel: -0.41, 0.13, -0.87
Gyro: -5.07, 0.51, -2.24
Accel: -0.42, 0.15, -0.86
Gyro: -6.42, -0.24, -3.20
Accel: -0.43, 0.17, -0.85
Gyro: -5.90, -1.40, -3.75
Accel: -0.43, 0.18, -0.85
Gyro: -2.66, -3.24, -2.93
Accel: -0.44, 0.15, -0.86
Gyro: 0.94, -3.01, -2.28
Accel: -0.44, 0.15, -0.85
Gyro: -2.08, -1.00, -2.79
Accel: -0.44, 0.16, -0.84
Gyro: -1.14, -2.74, -3.42
Accel: -0.44, 0.16, -0.85
Gyro: 2.08, -3.46, -2.55
Accel: -0.44, 0.16, -0.83
Gyro: 2.45, -5.29, -0.48
Accel: -0.44, 0.15, -0.84
Gyro: 3.72, -8.89, 2.95
Accel: -0.48, 0.04, -0.85
Gyro: 0.19, -10.33, 5.21
Accel: -0.51, -0.05, -0.93
Gyro: -14.40, -8.09, 1.78
Accel: -0.50, -0.04, -0.93
Gyro: -35.16, -0.34, -5.22
Accel: -0.48, -0.00, -0.81
Gyro: -47.21, 3.55, -13.98
Accel: -0.51, -0.02, -0.80
Gyro: -56.71, -0.49, -22.09
Accel: -0.54, 0.01, -0.83
Gyro: -78.77, 1.17, -30.69
Accel: -0.61, -0.07, -0.83
Gyro: -97.06, 6.06, -37.86
Accel: -0.68, 0.05, -0.95
Gyro: -127.32, 26.49, -49.32
Accel: -0.70, 0.26, -0.87
Gyro: -135.83, 51.78, -54.70
Accel: -0.72, 0.35, -0.80
Gyro: -134.48, 76.03, -55.21
Accel: -0.67, 0.41, -0.79
Gyro: -132.92, 95.02, -59.03
Accel: -0.61, 0.58, -0.72
Gyro: -122.25, 108.22, -56.23
Accel: -0.62, 0.62, -0.79
Gyro: -107.80, 124.40, -43.33
Accel: -0.52, 0.65, -0.74
Gyro: -93.58, 143.88, -38.55
Accel: -0.42, 0.74, -0.60
Gyro: -84.14, 140.26, -27.63
Accel: -0.39, 0.78, -0.74
Gyro: -69.32, 147.00, -14.29
Accel: -0.27, 0.90, -0.59
Gyro: -64.29, 146.11, 0.57
Accel: -0.23, 0.98, -0.67
Gyro: -32.59, 150.61, 25.02
Accel: -0.15, 0.91, -0.63
Gyro: -15.58, 160.77, 52.47
Accel: -0.03, 0.86, -0.55
Gyro: -6.85, 159.55, 71.07
Accel: 0.04, 0.88, -0.57
Gyro: 0.92, 157.88, 89.04
Accel: 0.13, 0.84, -0.55
Gyro: 11.15, 155.96, 111.43
Accel: 0.30, 0.64, -0.40
Gyro: 23.25, 148.45, 124.36
Accel: 0.45, 0.67, -0.33
Gyro: 27.77, 124.24, 126.69
Accel: 0.55, 0.58, -0.49
Gyro: 3.20, 97.88, 139.58
Accel: 0.61, 0.49, -0.31
Gyro: 25.67, 95.91, 157.14
Accel: 0.71, 0.31, -0.33
Gyro: 30.87, 75.94, 149.04
Accel: 0.81, 0.42, -0.36
Gyro: 9.96, 60.50, 144.44
Accel: 0.81, 0.37, -0.40
Gyro: 39.13, 55.28, 152.94
Accel: 0.84, 0.27, -0.31
Gyro: 25.65, 33.49, 162.27
Accel: 0.84, 0.20, -0.21
Gyro: 38.25, 11.46, 171.76
Accel: 0.82, 0.02, -0.38
Gyro: 44.28, 4.84, 179.28
Accel: 0.81, -0.08, -0.31
Gyro: 36.71, -6.66, 179.53
Accel: 0.82, -0.22, -0.26
Gyro: 41.31, -23.83, 181.69
Accel: 0.80, -0.38, -0.33
Gyro: 39.72, -36.74, 182.26
Accel: 0.76, -0.60, -0.42
Gyro: 29.83, -43.51, 170.85
Accel: 0.76, -0.70, -0.39
Gyro: 16.82, -46.31, 149.51
Accel: 0.73, -0.78, -0.47
Gyro: -4.17, -56.59, 128.11
Accel: 0.71, -0.78, -0.45
Gyro: -13.75, -67.98, 101.63
Accel: 0.66, -0.79, -0.48
Gyro: -27.24, -76.67, 86.17
Accel: 0.61, -0.79, -0.47
Gyro: -28.96, -92.57, 64.54
Accel: 0.52, -0.73, -0.46
Gyro: -36.51, -107.49, 52.91
Accel: 0.49, -0.73, -0.48
Gyro: -39.86, -126.43, 42.11
Accel: 0.37, -0.69, -0.59
Gyro: -47.90, -138.78, 33.55
Accel: 0.26, -0.60, -0.62
Gyro: -60.10, -142.40, 28.50
Accel: 0.19, -0.61, -0.62
Gyro: -61.37, -152.30, 23.02
Accel: 0.04, -0.61, -0.71
Gyro: -73.20, -161.03, 7.26
Accel: -0.10, -0.56, -0.77
Gyro: -92.97, -163.08, -8.16
Accel: -0.26, -0.51, -0.75
Gyro: -111.40, -165.21, -23.40
Accel: -0.35, -0.46, -0.71
Gyro: -125.49, -169.16, -45.17
Accel: -0.49, -0.37, -0.76
Gyro: -132.68, -161.97, -69.15
Accel: -0.64, -0.18, -0.88
Gyro: -146.29, -130.85, -75.77
Accel: -0.66, -0.09, -0.92
Gyro: -140.50, -102.25, -86.21
Accel: -0.62, -0.07, -0.84
Gyro: -137.66, -81.95, -103.45
Accel: -0.67, 0.10, -0.98
Gyro: -128.49, -58.32, -102.58
Accel: -0.62, 0.10, -0.76
Gyro: -125.10, -35.30, -94.35
Accel: -0.68, 0.11, -0.82
Gyro: -84.66, -36.51, -95.28
Accel: -0.71, 0.24, -1.05
Gyro: -93.13, -14.23, -94.05
Accel: -0.60, 0.28, -0.86
Gyro: -72.16, 9.67, -80.26
Accel: -0.54, 0.37, -0.71
Gyro: -36.57, 6.16, -68.02
Accel: -0.46, 0.44, -0.85
Gyro: -12.23, 15.40, -41.69
Accel: -0.48, 0.36, -0.92
Gyro: -10.89, 4.28, -17.14
Accel: -0.45, 0.28, -0.89
Gyro: -16.94, 4.03, -3.04
Accel: -0.41, 0.26, -0.85
Gyro: 0.53, 8.00, 10.59
Accel: -0.39, 0.20, -0.85
Gyro: 16.35, 7.03, 17.32
Accel: -0.38, 0.14, -0.85
Gyro: 20.91, 2.22, 21.33
Accel: -0.39, 0.09, -0.93
Gyro: 14.78, 2.43, 23.03
Accel: -0.38, 0.06, -0.91
Gyro: 9.99, 5.69, 21.16
Accel: -0.36, 0.03, -0.84
Gyro: 11.79, 3.81, 18.37
Accel: -0.36, 0.01, -0.87
Gyro: 8.38, -0.66, 13.17
Accel: -0.38, 0.04, -0.91
Gyro: -3.00, -0.58, 8.05
Accel: -0.39, 0.05, -0.92
Gyro: -2.33, 2.90, 3.72
Accel: -0.37, 0.08, -0.88
Gyro: -3.64, 4.21, 0.83
Accel: -0.35, 0.09, -0.86
Gyro: -2.04, 0.95, -0.79
Accel: -0.37, 0.09, -0.90
Gyro: -4.71, -1.40, -0.96
Accel: -0.37, 0.10, -0.91
Gyro: -3.36, 0.37, 0.24
Accel: -0.37, 0.07, -0.89
Gyro: -1.71, 1.30, 1.56
Accel: -0.37, 0.07, -0.89
Gyro: -3.49, -0.49, 1.30
Accel: -0.37, 0.08, -0.89
Gyro: -4.67, -0.47, 1.00
Accel: -0.38, 0.10, -0.86
Gyro: -3.58, -2.01, 1.03
Accel: -0.40, 0.08, -0.87
Gyro: -1.98, -6.65, 0.90
Accel: -0.41, 0.09, -0.91
Gyro: -3.46, -5.57, 0.32
Accel: -0.41, 0.09, -0.92
Gyro: -2.96, -1.43, 0.07
Accel: -0.39, 0.09, -0.88
Gyro: -2.26, 0.31, -1.23
Accel: -0.39, 0.10, -0.85
Gyro: -0.72, -3.86, -2.08
Accel: -0.41, 0.11, -0.90
Gyro: -0.62, -3.04, -1.07
Accel: -0.40, 0.09, -0.88
Gyro: 1.19, -0.53, -0.44
