Accel: 0.20, 0.07, -0.96
Gyro: -2.07, -0.69, -2.60
Accel: 0.19, 0.08, -0.95
Gyro: -2.69, -0.63, -3.04
Accel: 0.18, 0.09, -0.95
Gyro: -2.36, -0.54, -2.54
Accel: 0.19, 0.08, -0.95
Gyro: -2.25, -0.42, -2.48
Accel: 0.18, 0.08, -0.96
Gyro: -2.40, -0.36, -2.24
Accel: 0.19, 0.08, -0.95
Gyro: -2.07, 0.28, -1.66
Accel: 0.19, 0.08, -0.94
Gyro: -2.03, 0.84, -1.57
Accel: 0.19, 0.08, -0.94
Gyro: -2.09, 0.27, -1.27
Accel: 0.19, 0.08, -0.94
Gyro: -2.48, -0.07, -1.68
Accel: 0.19, 0.08, -0.94
Gyro: -2.29, -0.01, -1.84
Accel: 0.20, 0.07, -0.95
Gyro: -2.61, 0.24, -2.04
Accel: 0.20, 0.09, -0.94
Gyro: -2.65, 0.24, -2.11
Accel: 0.20, 0.09, -0.95
Gyro: -2.30, -0.38, -2.41
Accel: 0.20, 0.09, -0.95
Gyro: -2.00, -1.05, -2.46
Accel: 0.19, 0.09, -0.95
Gyro: -2.09, -1.10, -2.09
Accel: 0.19, 0.09, -0.94
Gyro: -2.09, -0.63, -2.06
Accel: 0.19, 0.09, -0.94
Gyro: -1.85, -0.89, -1.69
Accel: 0.19, 0.09, -0.94
Gyro: -1.06, -0.97, -2.10
Accel: 0.20, 0.12, -0.95
Gyro: 0.31, -1.34, -1.81
Accel: 0.19, 0.12, -0.95
Gyro: 2.73, -1.88, -0.78
Accel: 0.20, 0.12, -0.94
Gyro: 5.29, -1.62, 0.66
Accel: 0.19, 0.12, -0.94
Gyro: 7.48, -2.14, 1.96
Accel: 0.19, 0.11, -0.93
Gyro: 8.95, -2.97, 3.14
Accel: 0.19, 0.12, -0.94
Gyro: 11.34, -3.43, 5.60
Accel: 0.19, 0.12, -0.94
Gyro: 13.91, -4.30, 9.09
Accel: 0.19, 0.12, -0.94
Gyro: 16.96, -5.23, 13.11
Accel: 0.19, 0.11, -0.92
Gyro: 20.45, -6.95, 17.64
Accel: 0.18, 0.10, -0.94
Gyro: 24.22, -8.33, 21.64
Accel: 0.18, 0.06, -0.95
Gyro: 27.15, -8.06, 25.24
Accel: 0.17, 0.05, -0.94
Gyro: 29.24, -8.88, 28.02
Accel: 0.17, 0.05, -0.94
Gyro: 32.05, -10.07, 32.62
Accel: 0.16, 0.03, -0.93
Gyro: 36.29, -10.76, 37.45
Accel: 0.14, 0.03, -0.92
Gyro: 41.71, -12.18, 43.11
Accel: 0.13, -0.01, -0.91
Gyro: 49.51, -13.02, 48.47
Accel: 0.13, -0.09, -0.89
Gyro: 58.50, -14.48, 50.99
Accel: 0.11, -0.13, -0.87
Gyro: 66.18, -17.36, 50.10
Accel: 0.09, -0.18, -0.87
Gyro: 75.55, -20.27, 47.94
Accel: 0.07, -0.25, -0.86
Gyro: 85.08, -20.85, 41.99
Accel: 0.06, -0.34, -0.86
Gyro: 89.52, -20.39, 35.69
Accel: 0.05, -0.43, -0.85
Gyro: 88.97, -21.00, 29.47
Accel: 0.02, -0.53, -0.88
Gyro: 81.04, -19.14, 22.26
Accel: 0.00, -0.60, -0.88
Gyro: 66.70, -14.66, 13.48
Accel: -0.01, -0.57, -0.89
Gyro: 50.77, -10.25, 7.38
Accel: -0.00, -0.54, -0.85
Gyro: 43.95, -6.76, 4.33
Accel: -0.01, -0.56, -0.80
Gyro: 46.88, -5.44, 2.62
Accel: 0.01, -0.59, -0.75
Gyro: 47.56, -7.31, -2.24
Accel: -0.02, -0.68, -0.79
Gyro: 48.21, -8.56, -7.79
Accel: -0.02, -0.68, -0.76
Gyro: 38.64, -8.12, -14.48
Accel: -0.03, -0.70, -0.80
Gyro: 34.29, -9.80, -13.76
Accel: -0.03, -0.73, -0.83
Gyro: 23.33, -1.94, -15.60
Accel: -0.03, -0.70, -0.77
Gyro: 13.29, 0.77, -14.67
Accel: -0.02, -0.68, -0.76
Gyro: 3.59, 4.26, -10.42
Accel: 0.00, -0.66, -0.74
Gyro: -6.90, 7.61, -4.09
Accel: 0.02, -0.65, -0.72
Gyro: -12.95, 7.26, 1.36
Accel: 0.02, -0.68, -0.71
Gyro: -16.81, 7.56, 4.07
Accel: 0.03, -0.69, -0.72
Gyro: -20.53, 6.84, 3.70
Accel: 0.03, -0.71, -0.72
Gyro: -27.04, 4.26, 2.51
Accel: 0.03, -0.72, -0.75
Gyro: -36.49, 1.83, 1.09
Accel: 0.03, -0.70, -0.76
Gyro: -46.46, 0.18, -2.11
Accel: 0.02, -0.65, -0.80
Gyro: -54.17, 0.29, -5.07
Accel: 0.02, -0.62, -0.82
Gyro: -60.20, 2.82, -7.26
Accel: 0.03, -0.58, -0.82
Gyro: -65.53, 5.50, -9.24
Accel: 0.03, -0.54, -0.85
Gyro: -66.59, 7.49, -10.74
Accel: 0.04, -0.50, -0.85
Gyro: -70.40, 10.62, -14.45
Accel: 0.05, -0.45, -0.84
Gyro: -72.65, 12.02, -18.03
Accel: 0.05, -0.39, -0.84
Gyro: -69.56, 10.24, -21.04
Accel: 0.07, -0.35, -0.85
Gyro: -68.57, 10.65, -25.15
Accel: 0.08, -0.29, -0.88
Gyro: -66.69, 9.96, -27.76
Accel: 0.09, -0.26, -0.89
Gyro: -64.80, 9.61, -29.99
Accel: 0.10, -0.23, -0.89
Gyro: -63.16, 8.28, -32.40
Accel: 0.11, -0.18, -0.89
Gyro: -61.58, 6.13, -34.32
Accel: 0.11, -0.13, -0.91
Gyro: -59.73, 4.38, -36.42
Accel: 0.12, -0.06, -0.91
Gyro: -54.92, 2.78, -35.48
Accel: 0.13, -0.04, -0.92
Gyro: -47.73, 2.71, -31.55
Accel: 0.13, -0.05, -0.95
Gyro: -39.16, 2.59, -33.36
Accel: 0.14, -0.03, -0.93
Gyro: -29.80, 1.85, -42.56
Accel: 0.14, 0.03, -0.92
Gyro: -19.85, -1.11, -43.58
Accel: 0.15, 0.04, -0.93
Gyro: -15.85, -3.95, -39.65
Accel: 0.15, 0.04, -0.94
Gyro: -13.93, -5.45, -33.74
Accel: 0.14, 0.05, -0.97
Gyro: -16.14, -4.94, -27.63
Accel: 0.14, 0.07, -0.97
Gyro: -18.07, -3.78, -20.32
Accel: 0.13, 0.08, -0.96
Gyro: -19.83, -3.40, -13.72
Accel: 0.13, 0.08, -0.97
Gyro: -19.45, -3.14, -8.93
Accel: 0.13, 0.08, -0.96
Gyro: -17.96, -2.56, -5.91
Accel: 0.14, 0.09, -0.95
Gyro: -14.36, -2.82, -2.95
Accel: 0.13, 0.08, -0.96
Gyro: -11.23, -3.09, -1.50
Accel: 0.12, 0.06, -0.98
Gyro: -9.07, -2.11, -1.35
Accel: 0.12, 0.07, -0.98
Gyro: -7.18, -1.19, -0.61
Accel: 0.12, 0.07, -0.96
Gyro: -5.34, -0.71, -0.39
Accel: 0.12, 0.06, -0.95
Gyro: -3.97, -0.71, -0.62
Accel: 0.12, 0.07, -0.96
Gyro: -2.40, -1.05, -0.72
Accel: 0.12, 0.06, -0.96
Gyro: 0.11, -0.47, -1.73
Accel: 0.13, 0.05, -0.95
Gyro: 3.30, -0.72, -3.18
Accel: 0.13, 0.04, -0.95
Gyro: 3.74, -1.53, -4.39
Accel: 0.13, 0.04, -0.96
Gyro: 2.46, -1.15, -4.11
Accel: 0.12, 0.04, -0.96
Gyro: 1.16, -0.85, -2.86
Accel: 0.12, 0.03, -0.96
Gyro: -0.92, -0.27, -1.41
Accel: 0.13, 0.02, -0.97
Gyro: -2.59, 0.15, -0.66
Accel: 0.13, 0.03, -0.95
Gyro: -3.23, 0.57, -0.30
Accel: 0.13, 0.03, -0.97
Gyro: -3.12, -0.02, -0.42
Accel: 0.13, 0.03, -0.96
Gyro: -2.59, -0.11, -0.94
