Accel: 0.14, 0.14, -0.95
Gyro: -2.08, -0.27, -1.95
Accel: 0.15, 0.15, -0.96
Gyro: -2.37, -0.07, -2.05
Accel: 0.15, 0.14, -0.96
Gyro: -2.53, 0.34, -1.95
Accel: 0.15, 0.15, -0.95
Gyro: -2.34, 0.37, -1.71
Accel: 0.15, 0.15, -0.95
Gyro: -1.85, 0.34, -1.50
Accel: 0.16, 0.15, -0.95
Gyro: -1.46, -0.03, -1.29
Accel: 0.15, 0.14, -0.94
Gyro: -1.48, 0.09, -1.29
Accel: 0.16, 0.14, -0.94
Gyro: -1.61, -0.24, -1.16
Accel: 0.15, 0.14, -0.95
Gyro: -1.65, -0.34, -0.90
Accel: 0.16, 0.15, -0.95
Gyro: -1.29, -0.60, -0.91
Accel: 0.15, 0.14, -0.94
Gyro: -1.24, 0.11, -1.22
Accel: 0.15, 0.15, -0.95
Gyro: -0.45, 0.35, -1.28
Accel: 0.15, 0.15, -0.94
Gyro: -0.57, -0.11, -1.65
Accel: 0.15, 0.18, -0.96
Gyro: 0.01, -0.69, -1.40
Accel: 0.15, 0.15, -0.95
Gyro: 2.15, 0.12, -0.14
Accel: 0.15, 0.14, -0.96
Gyro: 2.59, 1.10, 0.79
Accel: 0.15, 0.15, -0.95
Gyro: 2.67, 0.94, 1.38
Accel: 0.15, 0.17, -0.94
Gyro: 2.84, 0.55, 1.79
Accel: 0.15, 0.22, -0.96
Gyro: 7.25, 0.36, 4.86
Accel: 0.16, 0.20, -0.96
Gyro: 14.92, 2.01, 7.13
Accel: 0.15, 0.23, -0.95
Gyro: 21.78, 1.98, 9.28
Accel: 0.15, 0.20, -0.98
Gyro: 33.92, 3.45, 11.96
Accel: 0.14, 0.15, -0.99
Gyro: 47.55, 9.51, 9.67
Accel: 0.17, 0.16, -0.94
Gyro: 57.50, 13.10, 8.61
Accel: 0.18, 0.14, -0.91
Gyro: 64.03, 12.08, 14.30
Accel: 0.18, 0.09, -0.91
Gyro: 68.15, 9.84, 22.56
Accel: 0.18, 0.04, -0.90
Gyro: 70.77, 9.54, 29.22
Accel: 0.18, 0.02, -0.88
Gyro: 72.80, 7.38, 38.09
Accel: 0.18, -0.04, -0.87
Gyro: 77.56, 4.46, 47.78
Accel: 0.17, -0.13, -0.85
Gyro: 80.99, 3.24, 53.05
Accel: 0.16, -0.20, -0.81
Gyro: 82.18, 0.27, 57.17
Accel: 0.17, -0.33, -0.78
Gyro: 79.67, -5.71, 57.87
Accel: 0.16, -0.38, -0.78
Gyro: 73.70, -14.33, 56.60
Accel: 0.13, -0.53, -0.87
Gyro: 68.89, -14.82, 54.41
Accel: 0.10, -0.62, -0.84
Gyro: 50.06, -11.83, 42.16
Accel: 0.09, -0.59, -0.88
Gyro: 34.05, -10.60, 31.91
Accel: 0.08, -0.55, -0.85
Gyro: 32.24, -9.63, 28.11
Accel: 0.07, -0.61, -0.84
Gyro: 27.38, -4.87, 21.13
Accel: 0.07, -0.55, -0.80
Gyro: 25.24, -5.16, 17.29
Accel: 0.06, -0.62, -0.82
Gyro: 23.99, -2.26, 15.69
Accel: 0.07, -0.65, -0.78
Gyro: 18.48, -0.28, 8.00
Accel: 0.06, -0.64, -0.77
Gyro: 19.13, -4.67, 2.66
Accel: 0.05, -0.68, -0.81
Gyro: 11.38, -5.60, -1.52
Accel: 0.05, -0.69, -0.82
Gyro: 0.79, -2.46, -6.20
Accel: 0.05, -0.64, -0.78
Gyro: -7.41, -2.30, -8.60
Accel: 0.04, -0.63, -0.80
Gyro: -14.92, -2.04, -10.10
Accel: 0.04, -0.61, -0.82
Gyro: -21.39, -0.23, -10.54
Accel: 0.06, -0.61, -0.82
Gyro: -27.06, 2.26, -10.81
Accel: 0.06, -0.61, -0.80
Gyro: -32.13, 2.46, -12.73
Accel: 0.05, -0.65, -0.84
Gyro: -39.36, 2.12, -17.01
Accel: 0.07, -0.59, -0.83
Gyro: -49.07, 4.67, -22.59
Accel: 0.09, -0.53, -0.82
Gyro: -55.47, 5.33, -25.97
Accel: 0.10, -0.50, -0.84
Gyro: -59.62, 5.46, -27.94
Accel: 0.10, -0.43, -0.84
Gyro: -62.84, 5.12, -31.04
Accel: 0.11, -0.35, -0.85
Gyro: -64.44, 4.15, -30.98
Accel: 0.12, -0.31, -0.88
Gyro: -62.87, 3.34, -29.49
Accel: 0.13, -0.27, -0.88
Gyro: -63.42, 3.37, -29.46
Accel: 0.14, -0.21, -0.89
Gyro: -59.73, 3.19, -28.05
Accel: 0.15, -0.18, -0.90
Gyro: -57.13, 2.29, -25.45
Accel: 0.15, -0.17, -0.90
Gyro: -56.28, 1.04, -24.63
Accel: 0.15, -0.12, -0.91
Gyro: -56.51, 0.09, -24.30
Accel: 0.16, -0.11, -0.92
Gyro: -55.03, -1.66, -23.48
Accel: 0.15, -0.10, -0.95
Gyro: -55.00, -1.61, -24.20
Accel: 0.15, -0.05, -0.95
Gyro: -52.66, -2.25, -25.09
Accel: 0.14, -0.03, -0.94
Gyro: -47.08, -1.54, -25.64
Accel: 0.16, -0.00, -0.95
Gyro: -45.48, -0.08, -26.80
Accel: 0.16, 0.02, -0.95
Gyro: -44.90, 0.63, -27.22
Accel: 0.16, 0.04, -0.92
Gyro: -44.18, 0.44, -28.10
Accel: 0.17, 0.08, -0.92
Gyro: -41.88, -1.24, -27.53
Accel: 0.16, 0.12, -0.94
Gyro: -40.47, -2.94, -25.13
Accel: 0.15, 0.13, -0.94
Gyro: -38.08, -3.07, -22.88
Accel: 0.15, 0.16, -0.95
Gyro: -38.06, -1.94, -21.87
Accel: 0.15, 0.23, -0.95
Gyro: -34.07, -1.14, -19.79
Accel: 0.15, 0.26, -0.96
Gyro: -25.05, -0.60, -14.96
Accel: 0.15, 0.24, -0.95
Gyro: -18.30, 1.36, -11.97
Accel: 0.16, 0.27, -0.94
Gyro: -12.31, 0.66, -9.78
Accel: 0.16, 0.28, -0.93
Gyro: -4.46, 0.07, -4.97
Accel: 0.16, 0.24, -0.93
Gyro: -0.01, -0.27, -0.95
Accel: 0.15, 0.20, -0.94
Gyro: 2.49, -1.37, 0.92
Accel: 0.16, 0.18, -0.95
Gyro: 1.86, -1.10, 1.17
Accel: 0.16, 0.16, -0.95
Gyro: 0.31, -0.51, 0.22
Accel: 0.16, 0.17, -0.95
Gyro: -0.72, -0.42, -0.69
Accel: 0.15, 0.18, -0.95
Gyro: -1.51, -0.05, -1.64
Accel: 0.16, 0.17, -0.95
Gyro: -0.44, 1.44, -1.50
Accel: 0.16, 0.16, -0.94
Gyro: 0.01, 1.61, -2.06
Accel: 0.16, 0.18, -0.93
Gyro: 0.10, 0.45, -2.74
Accel: 0.16, 0.18, -0.95
Gyro: 1.12, -0.04, -1.87
Accel: 0.16, 0.17, -0.94
Gyro: 1.35, 0.60, -1.30
Accel: 0.17, 0.17, -0.93
Gyro: 1.34, 0.29, -0.77
Accel: 0.17, 0.15, -0.93
Gyro: 1.48, -0.81, -0.62
Accel: 0.17, 0.14, -0.93
Gyro: 1.42, -1.17, -0.84
Accel: 0.17, 0.14, -0.94
Gyro: 0.94, -0.79, -1.70
Accel: 0.16, 0.14, -0.94
Gyro: 1.01, -1.12, -2.35
Accel: 0.16, 0.15, -0.94
Gyro: 1.11, -1.42, -2.02
Accel: 0.15, 0.15, -0.96
Gyro: 1.18, -1.09, -1.13
Accel: 0.15, 0.15, -0.96
Gyro: 1.09, -0.43, -0.50
Accel: 0.16, 0.14, -0.94
Gyro: 0.21, -0.02, -0.12
Accel: 0.16, 0.14, -0.94
Gyro: -0.16, -0.12, -0.07
Accel: 0.17, 0.14, -0.95
Gyro: -0.78, -0.05, -0.06
Accel: 0.16, 0.13, -0.95
Gyro: -1.24, -0.26, -0.76
Accel: 0.16, 0.13, -0.95
Gyro: -1.83, -0.40, -1.50
