Accel: 0.18, 0.08, -0.95
Gyro: -2.65, -0.97, -1.97
Accel: 0.19, 0.09, -0.95
Gyro: -2.74, -0.71, -2.10
Accel: 0.19, 0.09, -0.95
Gyro: -2.82, -0.47, -2.26
Accel: 0.19, 0.09, -0.94
Gyro: -3.10, -0.23, -2.19
Accel: 0.19, 0.09, -0.95
Gyro: -3.03, 0.14, -1.95
Accel: 0.19, 0.10, -0.95
Gyro: -3.27, -0.10, -2.14
Accel: 0.19, 0.10, -0.94
Gyro: -3.16, -0.40, -2.04
Accel: 0.19, 0.11, -0.95
Gyro: -2.97, -0.51, -1.90
Accel: 0.19, 0.10, -0.95
Gyro: -2.45, -0.19, -1.84
Accel: 0.19, 0.10, -0.95
Gyro: -2.27, 0.10, -2.05
Accel: 0.19, 0.10, -0.96
Gyro: -1.99, 0.11, -1.86
Accel: 0.19, 0.11, -0.95
Gyro: -1.51, 0.43, -1.38
Accel: 0.19, 0.10, -0.94
Gyro: -1.51, 0.06, -1.53
Accel: 0.19, 0.11, -0.94
Gyro: -1.30, -0.16, -1.45
Accel: 0.20, 0.12, -0.94
Gyro: -0.16, -0.24, -1.28
Accel: 0.19, 0.12, -0.95
Gyro: 1.32, -0.42, -1.01
Accel: 0.20, 0.14, -0.95
Gyro: 3.02, -0.76, -0.33
Accel: 0.19, 0.15, -0.95
Gyro: 6.68, -0.70, 2.14
Accel: 0.19, 0.13, -0.94
Gyro: 8.12, 0.26, 3.17
Accel: 0.19, 0.20, -0.94
Gyro: 7.03, -0.54, 6.85
Accel: 0.20, 0.23, -0.93
Gyro: 14.33, -1.82, 16.72
Accel: 0.20, 0.14, -0.94
Gyro: 21.55, -1.32, 24.08
Accel: 0.21, 0.09, -0.93
Gyro: 24.01, -1.62, 26.05
Accel: 0.20, 0.06, -0.92
Gyro: 26.06, -3.24, 26.75
Accel: 0.20, 0.06, -0.92
Gyro: 27.82, -5.75, 27.50
Accel: 0.19, 0.06, -0.92
Gyro: 32.55, -7.82, 31.02
Accel: 0.18, 0.06, -0.91
Gyro: 37.26, -9.48, 33.78
Accel: 0.17, 0.08, -0.91
Gyro: 44.02, -11.54, 40.38
Accel: 0.17, 0.05, -0.91
Gyro: 51.48, -11.89, 47.40
Accel: 0.15, 0.06, -0.87
Gyro: 63.24, -13.37, 58.03
Accel: 0.12, -0.03, -0.86
Gyro: 74.52, -16.69, 68.06
Accel: 0.11, -0.13, -0.85
Gyro: 82.80, -20.23, 70.68
Accel: 0.08, -0.23, -0.83
Gyro: 89.09, -22.98, 68.76
Accel: 0.06, -0.33, -0.81
Gyro: 94.77, -26.18, 64.68
Accel: 0.03, -0.50, -0.81
Gyro: 94.01, -28.50, 55.62
Accel: 0.00, -0.61, -0.84
Gyro: 82.86, -29.11, 41.04
Accel: -0.02, -0.69, -0.88
Gyro: 65.45, -24.92, 25.41
Accel: -0.04, -0.64, -0.91
Gyro: 45.17, -18.83, 13.70
Accel: -0.05, -0.61, -0.89
Gyro: 33.83, -13.16, 9.17
Accel: -0.04, -0.53, -0.81
Gyro: 28.90, -9.72, 7.92
Accel: -0.05, -0.56, -0.80
Gyro: 30.90, -8.91, 11.24
Accel: -0.03, -0.59, -0.77
Gyro: 27.05, -8.03, 8.25
Accel: -0.05, -0.55, -0.74
Gyro: 29.98, -13.05, 11.00
Accel: -0.07, -0.65, -0.80
Gyro: 25.76, -12.08, 11.80
Accel: -0.07, -0.71, -0.82
Gyro: 19.23, -7.78, 7.77
Accel: -0.08, -0.67, -0.75
Gyro: 13.19, -6.44, 2.02
Accel: -0.09, -0.67, -0.76
Gyro: 7.84, -7.27, 0.11
Accel: -0.11, -0.70, -0.79
Gyro: 1.82, -3.21, -2.83
Accel: -0.10, -0.70, -0.79
Gyro: -5.33, 2.40, -5.93
Accel: -0.09, -0.70, -0.76
Gyro: -9.60, 5.72, -7.71
Accel: -0.08, -0.70, -0.77
Gyro: -16.92, 6.94, -9.03
Accel: -0.08, -0.72, -0.78
Gyro: -25.67, 8.48, -11.90
Accel: -0.06, -0.69, -0.76
Gyro: -33.81, 9.33, -16.49
Accel: -0.06, -0.66, -0.79
Gyro: -40.54, 8.23, -17.89
Accel: -0.04, -0.65, -0.79
Gyro: -48.65, 9.53, -21.90
Accel: -0.03, -0.59, -0.81
Gyro: -53.92, 12.07, -25.26
Accel: -0.02, -0.56, -0.83
Gyro: -56.63, 12.70, -27.39
Accel: -0.00, -0.53, -0.85
Gyro: -60.78, 14.25, -31.04
Accel: 0.00, -0.48, -0.85
Gyro: -63.34, 17.03, -34.97
Accel: 0.03, -0.43, -0.84
Gyro: -62.93, 17.02, -37.50
Accel: 0.04, -0.40, -0.86
Gyro: -61.58, 15.55, -39.78
Accel: 0.06, -0.37, -0.88
Gyro: -62.27, 16.31, -42.63
Accel: 0.07, -0.34, -0.88
Gyro: -64.13, 17.08, -45.90
Accel: 0.09, -0.29, -0.89
Gyro: -64.86, 16.58, -48.81
Accel: 0.11, -0.23, -0.87
Gyro: -66.93, 16.33, -49.54
Accel: 0.13, -0.21, -0.86
Gyro: -68.22, 14.08, -50.76
Accel: 0.14, -0.12, -0.87
Gyro: -69.42, 10.69, -52.20
Accel: 0.15, -0.04, -0.90
Gyro: -64.03, 7.45, -46.88
Accel: 0.15, -0.04, -0.94
Gyro: -59.75, 7.67, -42.82
Accel: 0.15, -0.02, -0.93
Gyro: -58.04, 9.35, -41.89
Accel: 0.19, 0.12, -0.92
Gyro: -46.26, 8.21, -34.85
Accel: 0.19, 0.11, -0.93
Gyro: -39.29, 7.48, -26.65
Accel: 0.19, 0.11, -0.94
Gyro: -34.87, 7.08, -21.39
Accel: 0.21, 0.15, -0.90
Gyro: -32.96, 5.55, -16.40
Accel: 0.21, 0.17, -0.91
Gyro: -28.50, 1.39, -12.12
Accel: 0.21, 0.15, -0.94
Gyro: -22.85, 0.47, -8.71
Accel: 0.21, 0.16, -0.93
Gyro: -15.66, 0.29, -5.99
Accel: 0.21, 0.13, -0.94
Gyro: -10.03, -0.13, -4.16
Accel: 0.21, 0.12, -0.93
Gyro: -7.39, -0.96, -4.07
Accel: 0.20, 0.11, -0.96
Gyro: -5.55, -1.59, -4.17
Accel: 0.20, 0.12, -0.95
Gyro: -3.27, -1.24, -3.91
Accel: 0.21, 0.11, -0.96
Gyro: -3.07, -0.62, -3.36
Accel: 0.20, 0.11, -0.95
Gyro: -4.15, -0.92, -3.64
Accel: 0.20, 0.11, -0.95
Gyro: -4.44, -1.28, -4.19
Accel: 0.20, 0.12, -0.94
Gyro: -3.97, -1.21, -3.65
Accel: 0.21, 0.13, -0.94
Gyro: -2.64, -1.08, -2.59
Accel: 0.21, 0.12, -0.94
Gyro: -1.72, -1.82, -1.78
Accel: 0.20, 0.11, -0.94
Gyro: -0.67, -2.45, -1.43
Accel: 0.20, 0.12, -0.95
Gyro: 0.66, -3.15, -0.76
Accel: 0.19, 0.10, -0.94
Gyro: 1.24, -3.30, -0.34
Accel: 0.19, 0.09, -0.95
Gyro: 1.16, -2.95, -0.73
Accel: 0.19, 0.10, -0.95
Gyro: 1.83, -2.90, -0.35
Accel: 0.18, 0.09, -0.96
Gyro: 1.99, -2.66, 0.15
Accel: 0.18, 0.07, -0.95
Gyro: 1.34, -1.88, 0.18
Accel: 0.19, 0.08, -0.96
Gyro: 0.73, -0.82, -0.31
Accel: 0.18, 0.07, -0.94
Gyro: 0.46, -0.72, -0.14
Accel: 0.19, 0.07, -0.95
Gyro: -0.41, -1.05, -0.76
Accel: 0.19, 0.06, -0.95
Gyro: -1.15, -1.26, -1.16
Accel: 0.19, 0.07, -0.96
Gyro: -1.68, -0.14, -2.10
Accel: 0.20, 0.07, -0.94
Gyro: -1.87, 0.22, -2.42
Accel: 0.19, 0.08, -0.95
Gyro: -1.85, -0.42, -2.46
