Accel: 0.26, 0.15, -0.92
Gyro: -1.59, -1.56, -3.11
Accel: 0.25, 0.16, -0.93
Gyro: -1.44, -1.55, -2.84
Accel: 0.26, 0.16, -0.94
Gyro: -1.63, -0.53, -2.21
Accel: 0.26, 0.16, -0.91
Gyro: -2.14, -0.24, -1.74
Accel: 0.25, 0.16, -0.92
Gyro: -2.44, -0.55, -1.07
Accel: 0.26, 0.16, -0.93
Gyro: -2.57, -0.24, -1.07
Accel: 0.26, 0.16, -0.93
Gyro: -2.70, 0.10, -1.17
Accel: 0.27, 0.16, -0.92
Gyro: -2.04, -0.40, -1.55
Accel: 0.26, 0.16, -0.92
Gyro: -2.40, -1.05, -2.46
Accel: 0.26, 0.17, -0.93
Gyro: -2.04, -1.00, -2.04
Accel: 0.25, 0.18, -0.92
Gyro: -1.46, -0.59, -1.59
Accel: 0.25, 0.20, -0.93
Gyro: 0.02, -0.07, -0.46
Accel: 0.25, 0.22, -0.93
Gyro: 2.56, 0.43, 2.09
Accel: 0.25, 0.24, -0.93
Gyro: 6.25, 0.75, 6.35
Accel: 0.26, 0.26, -0.92
Gyro: 10.36, 0.72, 11.76
Accel: 0.27, 0.25, -0.90
Gyro: 13.72, 0.55, 19.16
Accel: 0.26, 0.21, -0.91
Gyro: 16.25, -0.84, 23.64
Accel: 0.26, 0.21, -0.93
Gyro: 22.65, -0.56, 25.86
Accel: 0.26, 0.18, -0.92
Gyro: 31.72, 0.32, 28.88
Accel: 0.26, 0.17, -0.91
Gyro: 37.58, -0.44, 32.14
Accel: 0.26, 0.13, -0.90
Gyro: 44.59, -1.37, 37.01
Accel: 0.26, 0.07, -0.90
Gyro: 50.77, -1.96, 39.88
Accel: 0.26, 0.04, -0.90
Gyro: 53.91, -2.81, 40.68
Accel: 0.25, 0.00, -0.89
Gyro: 60.24, -4.59, 43.49
Accel: 0.25, -0.04, -0.88
Gyro: 64.86, -5.84, 45.09
Accel: 0.24, -0.09, -0.88
Gyro: 69.77, -7.10, 46.90
Accel: 0.22, -0.14, -0.87
Gyro: 73.01, -8.41, 46.59
Accel: 0.20, -0.19, -0.88
Gyro: 77.30, -8.60, 48.62
Accel: 0.19, -0.27, -0.86
Gyro: 76.42, -7.04, 48.77
Accel: 0.18, -0.38, -0.88
Gyro: 71.74, -5.00, 46.35
Accel: 0.17, -0.45, -0.87
Gyro: 65.79, -3.11, 41.85
Accel: 0.17, -0.55, -0.86
Gyro: 55.37, -1.16, 36.62
Accel: 0.17, -0.55, -0.82
Gyro: 39.57, -0.11, 27.46
Accel: 0.16, -0.55, -0.85
Gyro: 31.60, -1.96, 25.28
Accel: 0.16, -0.56, -0.84
Gyro: 23.74, -0.15, 19.55
Accel: 0.17, -0.60, -0.82
Gyro: 20.39, -1.97, 14.28
Accel: 0.15, -0.66, -0.80
Gyro: 16.90, -3.14, 5.33
Accel: 0.13, -0.63, -0.82
Gyro: 10.87, -3.22, -2.75
Accel: 0.14, -0.63, -0.85
Gyro: 1.88, 0.51, -7.25
Accel: 0.15, -0.58, -0.82
Gyro: -5.91, 5.42, -9.75
Accel: 0.18, -0.55, -0.80
Gyro: -7.50, 5.43, -10.25
Accel: 0.18, -0.57, -0.79
Gyro: -9.61, 3.48, -11.57
Accel: 0.18, -0.60, -0.79
Gyro: -13.82, 1.79, -14.61
Accel: 0.18, -0.60, -0.81
Gyro: -21.06, 0.09, -18.68
Accel: 0.17, -0.60, -0.84
Gyro: -30.44, 1.29, -22.64
Accel: 0.18, -0.57, -0.84
Gyro: -38.91, 3.26, -26.17
Accel: 0.20, -0.53, -0.83
Gyro: -47.49, 4.22, -29.42
Accel: 0.20, -0.47, -0.84
Gyro: -54.55, 4.26, -32.49
Accel: 0.21, -0.43, -0.84
Gyro: -57.59, 4.55, -34.23
Accel: 0.23, -0.39, -0.85
Gyro: -58.00, 4.16, -35.47
Accel: 0.22, -0.34, -0.87
Gyro: -59.52, 4.58, -37.51
Accel: 0.24, -0.28, -0.85
Gyro: -58.57, 4.80, -37.90
Accel: 0.24, -0.24, -0.85
Gyro: -58.64, 2.10, -37.70
Accel: 0.25, -0.19, -0.87
Gyro: -58.14, -0.67, -36.99
Accel: 0.26, -0.15, -0.89
Gyro: -58.53, -0.27, -35.76
Accel: 0.26, -0.12, -0.90
Gyro: -60.29, -0.03, -34.48
Accel: 0.26, -0.12, -0.90
Gyro: -61.00, -1.63, -36.04
Accel: 0.26, -0.03, -0.88
Gyro: -59.98, -2.66, -38.30
Accel: 0.27, -0.02, -0.90
Gyro: -56.43, -3.83, -38.25
Accel: 0.25, -0.01, -0.90
Gyro: -58.65, -3.30, -41.34
Accel: 0.26, 0.11, -0.91
Gyro: -56.73, -3.21, -41.26
Accel: 0.26, 0.14, -0.91
Gyro: -51.39, -2.75, -36.82
Accel: 0.26, 0.17, -0.89
Gyro: -47.77, -3.02, -35.17
Accel: 0.25, 0.23, -0.89
Gyro: -39.88, -4.15, -31.04
Accel: 0.25, 0.26, -0.93
Gyro: -33.45, -4.31, -26.57
Accel: 0.26, 0.27, -0.91
Gyro: -28.51, -3.74, -22.93
Accel: 0.26, 0.28, -0.91
Gyro: -22.36, -4.76, -19.04
Accel: 0.25, 0.30, -0.92
Gyro: -16.59, -4.71, -15.63
Accel: 0.25, 0.30, -0.92
Gyro: -10.66, -4.23, -11.18
Accel: 0.25, 0.29, -0.91
Gyro: -5.92, -4.39, -7.12
Accel: 0.24, 0.27, -0.91
Gyro: -2.66, -5.14, -4.27
Accel: 0.24, 0.26, -0.91
Gyro: 0.21, -5.91, -2.13
Accel: 0.23, 0.24, -0.92
Gyro: 1.78, -6.29, -0.53
Accel: 0.22, 0.22, -0.92
Gyro: 2.83, -6.06, 0.42
Accel: 0.23, 0.20, -0.94
Gyro: 2.14, -5.10, 0.63
Accel: 0.22, 0.20, -0.94
Gyro: 1.46, -4.24, 0.72
Accel: 0.23, 0.19, -0.94
Gyro: 0.87, -2.68, 0.29
Accel: 0.22, 0.19, -0.94
Gyro: 0.54, -1.72, -0.09
Accel: 0.23, 0.19, -0.92
Gyro: -0.02, -1.85, -1.11
Accel: 0.22, 0.19, -0.94
Gyro: 0.41, -1.26, -1.10
Accel: 0.22, 0.19, -0.93
Gyro: 0.14, -1.14, -1.97
Accel: 0.21, 0.19, -0.93
Gyro: 0.20, -0.94, -1.47
Accel: 0.22, 0.19, -0.95
Gyro: 0.85, 0.75, -0.66
Accel: 0.22, 0.19, -0.92
Gyro: 1.32, 1.95, -0.30
Accel: 0.23, 0.18, -0.92
Gyro: 1.66, 1.26, 0.62
Accel: 0.23, 0.18, -0.92
Gyro: 1.64, -0.31, 0.92
Accel: 0.23, 0.17, -0.93
Gyro: 0.85, -1.14, 0.57
Accel: 0.23, 0.17, -0.93
Gyro: 0.21, -1.28, 0.82
Accel: 0.23, 0.17, -0.94
Gyro: -0.18, -1.11, 0.43
Accel: 0.23, 0.17, -0.93
Gyro: -0.30, -0.95, 0.00
Accel: 0.23, 0.17, -0.93
Gyro: -0.89, -0.73, 0.08
Accel: 0.23, 0.18, -0.94
Gyro: -0.89, -0.27, -0.01
Accel: 0.23, 0.18, -0.94
Gyro: -0.96, 0.83, -0.31
Accel: 0.23, 0.17, -0.92
Gyro: -1.05, 1.21, -0.60
Accel: 0.23, 0.18, -0.93
Gyro: -0.92, 0.33, -0.57
Accel: 0.23, 0.18, -0.93
Gyro: -0.80, 0.46, 0.02
Accel: 0.24, 0.17, -0.92
Gyro: -0.92, 0.77, -0.02
Accel: 0.24, 0.17, -0.92
Gyro: -0.85, -0.37, -0.07
Accel: 0.24, 0.17, -0.92
Gyro: -0.58, -0.66, -0.27
Accel: 0.23, 0.17, -0.93
Gyro: 0.16, -0.12, -0.24
Accel: 0.23, 0.18, -0.92
Gyro: 0.13, -1.17, -0.39
