Accel: 0.15, 0.11, -0.95
Gyro: -0.61, 0.75, -1.61
Accel: 0.16, 0.11, -0.94
Gyro: -0.30, 0.46, -1.46
Accel: 0.17, 0.12, -0.95
Gyro: -0.31, 0.43, -1.08
Accel: 0.17, 0.11, -0.95
Gyro: -0.50, 0.15, -0.69
Accel: 0.16, 0.11, -0.95
Gyro: -1.05, 0.28, -0.79
Accel: 0.16, 0.10, -0.95
Gyro: -1.47, -0.21, -0.96
Accel: 0.16, 0.11, -0.94
Gyro: -2.18, -0.14, -1.48
Accel: 0.17, 0.11, -0.94
Gyro: -2.18, -0.75, -1.69
Accel: 0.16, 0.11, -0.95
Gyro: -2.12, -0.93, -1.93
Accel: 0.16, 0.12, -0.94
Gyro: -1.95, -0.83, -1.94
Accel: 0.16, 0.11, -0.95
Gyro: -2.13, -0.80, -1.71
Accel: 0.16, 0.12, -0.95
Gyro: -2.11, -0.75, -1.86
Accel: 0.16, 0.12, -0.95
Gyro: -1.82, -0.71, -1.79
Accel: 0.16, 0.12, -0.96
Gyro: -1.30, -1.04, -1.63
Accel: 0.16, 0.12, -0.96
Gyro: -1.34, -0.67, -1.77
Accel: 0.16, 0.12, -0.95
Gyro: -1.20, -0.27, -1.75
Accel: 0.16, 0.13, -0.94
Gyro: -1.15, -0.63, -1.50
Accel: 0.16, 0.12, -0.96
Gyro: -0.40, -0.02, -1.05
Accel: 0.16, 0.14, -0.96
Gyro: 0.71, 0.11, -0.77
Accel: 0.15, 0.15, -0.96
Gyro: 2.70, -0.14, -1.79
Accel: 0.15, 0.17, -0.96
Gyro: 5.48, 0.79, -2.93
Accel: 0.15, 0.21, -0.95
Gyro: 11.77, 0.51, -0.19
Accel: 0.16, 0.17, -0.95
Gyro: 18.55, 1.29, 4.13
Accel: 0.16, 0.14, -0.96
Gyro: 21.36, 1.70, 6.88
Accel: 0.16, 0.15, -0.95
Gyro: 23.69, 1.54, 9.74
Accel: 0.16, 0.14, -0.95
Gyro: 28.24, 1.76, 14.38
Accel: 0.17, 0.11, -0.93
Gyro: 31.54, 1.60, 17.56
Accel: 0.17, 0.12, -0.93
Gyro: 35.29, 1.12, 21.93
Accel: 0.17, 0.10, -0.94
Gyro: 41.95, 0.88, 27.90
Accel: 0.17, 0.06, -0.92
Gyro: 47.83, 0.50, 33.50
Accel: 0.17, 0.06, -0.92
Gyro: 54.70, 0.08, 39.51
Accel: 0.16, 0.02, -0.89
Gyro: 62.98, -0.43, 45.62
Accel: 0.17, -0.02, -0.89
Gyro: 73.12, -1.94, 51.13
Accel: 0.16, -0.09, -0.85
Gyro: 85.34, -2.90, 53.89
Accel: 0.14, -0.19, -0.82
Gyro: 95.48, -4.29, 52.64
Accel: 0.13, -0.30, -0.82
Gyro: 103.82, -8.85, 49.26
Accel: 0.12, -0.43, -0.81
Gyro: 99.71, -11.73, 42.02
Accel: 0.09, -0.57, -0.84
Gyro: 90.05, -12.24, 34.83
Accel: 0.08, -0.67, -0.86
Gyro: 68.64, -9.23, 24.10
Accel: 0.07, -0.63, -0.84
Gyro: 45.46, -8.48, 14.85
Accel: 0.06, -0.58, -0.81
Gyro: 34.42, -10.54, 9.58
Accel: 0.07, -0.52, -0.82
Gyro: 32.19, -12.15, 5.97
Accel: 0.05, -0.48, -0.78
Gyro: 38.83, -14.68, 10.65
Accel: 0.05, -0.62, -0.82
Gyro: 39.83, -7.10, 10.19
Accel: 0.05, -0.55, -0.69
Gyro: 34.60, -11.09, 9.07
Accel: 0.03, -0.64, -0.77
Gyro: 34.68, -14.76, 15.31
Accel: 0.01, -0.69, -0.79
Gyro: 27.13, -7.51, 12.26
Accel: 0.01, -0.71, -0.76
Gyro: 20.58, -5.68, 10.44
Accel: 0.01, -0.75, -0.76
Gyro: 13.00, -4.06, 7.48
Accel: 0.01, -0.75, -0.74
Gyro: 6.48, -3.85, 1.67
Accel: -0.00, -0.72, -0.75
Gyro: 2.00, -4.33, -1.59
Accel: -0.02, -0.74, -0.78
Gyro: -2.78, 0.87, -3.80
Accel: -0.00, -0.73, -0.75
Gyro: -7.73, 4.70, -6.90
Accel: -0.00, -0.72, -0.74
Gyro: -10.76, 5.46, -7.41
Accel: 0.00, -0.75, -0.75
Gyro: -19.30, 7.33, -7.74
Accel: 0.02, -0.74, -0.73
Gyro: -31.11, 7.92, -9.41
Accel: 0.03, -0.72, -0.75
Gyro: -43.04, 7.22, -9.88
Accel: 0.03, -0.68, -0.77
Gyro: -55.24, 8.04, -10.15
Accel: 0.05, -0.64, -0.78
Gyro: -64.69, 9.17, -12.50
Accel: 0.06, -0.57, -0.79
Gyro: -70.85, 10.80, -15.23
Accel: 0.07, -0.51, -0.81
Gyro: -71.59, 10.38, -16.33
Accel: 0.08, -0.52, -0.84
Gyro: -70.97, 9.59, -19.86
Accel: 0.08, -0.44, -0.84
Gyro: -73.97, 8.97, -23.13
Accel: 0.09, -0.38, -0.86
Gyro: -72.54, 8.91, -22.87
Accel: 0.10, -0.35, -0.87
Gyro: -73.39, 9.26, -24.67
Accel: 0.12, -0.31, -0.87
Gyro: -69.84, 8.00, -25.00
Accel: 0.12, -0.29, -0.86
Gyro: -67.20, 4.88, -26.54
Accel: 0.12, -0.24, -0.89
Gyro: -67.31, 1.81, -28.38
Accel: 0.12, -0.21, -0.89
Gyro: -68.10, 0.55, -27.30
Accel: 0.12, -0.21, -0.90
Gyro: -71.43, -0.40, -28.05
Accel: 0.13, -0.13, -0.91
Gyro: -74.91, 0.18, -30.90
Accel: 0.13, -0.03, -0.91
Gyro: -70.54, -2.88, -28.59
Accel: 0.14, -0.03, -0.92
Gyro: -64.28, -1.95, -31.36
Accel: 0.13, 0.07, -0.92
Gyro: -61.30, -2.40, -33.72
Accel: 0.14, 0.11, -0.93
Gyro: -49.23, -3.46, -31.00
Accel: 0.13, 0.12, -0.95
Gyro: -42.25, -2.91, -30.23
Accel: 0.13, 0.14, -0.97
Gyro: -34.78, -1.22, -30.40
Accel: 0.13, 0.17, -0.96
Gyro: -26.86, 0.69, -29.72
Accel: 0.13, 0.19, -0.96
Gyro: -20.23, 2.20, -27.05
Accel: 0.14, 0.19, -0.94
Gyro: -15.10, 2.24, -23.97
Accel: 0.14, 0.20, -0.94
Gyro: -10.44, 1.25, -19.88
Accel: 0.14, 0.20, -0.93
Gyro: -7.58, 0.37, -15.69
Accel: 0.14, 0.20, -0.94
Gyro: -5.20, -0.81, -12.29
Accel: 0.14, 0.19, -0.95
Gyro: -3.83, -1.88, -9.00
Accel: 0.14, 0.17, -0.94
Gyro: -2.49, -1.54, -5.74
Accel: 0.13, 0.16, -0.95
Gyro: -1.87, -1.58, -3.44
Accel: 0.13, 0.16, -0.95
Gyro: -2.66, -1.02, -2.28
Accel: 0.14, 0.14, -0.96
Gyro: -2.95, -0.41, -1.46
Accel: 0.14, 0.14, -0.95
Gyro: -2.59, -0.03, -1.17
Accel: 0.15, 0.13, -0.95
Gyro: -3.04, 0.26, -1.79
Accel: 0.14, 0.14, -0.95
Gyro: -2.78, 0.26, -2.08
Accel: 0.14, 0.13, -0.95
Gyro: -2.20, 0.47, -2.40
Accel: 0.15, 0.14, -0.94
Gyro: -1.54, 0.09, -2.72
Accel: 0.14, 0.14, -0.94
Gyro: -1.36, -1.06, -2.87
Accel: 0.14, 0.13, -0.96
Gyro: -0.08, -0.72, -2.75
Accel: 0.14, 0.12, -0.96
Gyro: 0.18, 0.21, -3.40
Accel: 0.14, 0.13, -0.95
Gyro: 0.89, 0.37, -3.59
Accel: 0.14, 0.12, -0.95
Gyro: 0.85, -0.33, -3.63
Accel: 0.14, 0.11, -0.95
Gyro: 0.50, -0.66, -3.01
Accel: 0.14, 0.11, -0.96
Gyro: -0.24, -0.37, -2.20
Accel: 0.14, 0.12, -0.95
Gyro: -1.05, 0.08, -1.78
