Accel: 0.14, 0.07, -0.95
Gyro: -1.27, 0.14, -0.55
Accel: 0.15, 0.06, -0.95
Gyro: -1.59, 0.06, -0.53
Accel: 0.15, 0.06, -0.96
Gyro: -1.77, -0.36, -1.01
Accel: 0.15, 0.06, -0.96
Gyro: -1.64, -0.24, -1.35
Accel: 0.15, 0.07, -0.95
Gyro: -1.41, 0.26, -1.76
Accel: 0.16, 0.06, -0.94
Gyro: -1.50, 0.00, -1.92
Accel: 0.15, 0.05, -0.95
Gyro: -1.92, -0.37, -1.99
Accel: 0.16, 0.05, -0.95
Gyro: -2.65, 0.22, -2.38
Accel: 0.16, 0.07, -0.94
Gyro: -3.04, 0.13, -2.78
Accel: 0.15, 0.07, -0.95
Gyro: -3.07, -0.52, -2.46
Accel: 0.14, 0.07, -0.96
Gyro: -2.82, -0.54, -1.82
Accel: 0.15, 0.07, -0.95
Gyro: -3.09, 0.10, -1.82
Accel: 0.15, 0.07, -0.95
Gyro: -3.14, 0.18, -1.90
Accel: 0.15, 0.08, -0.96
Gyro: -2.53, -0.38, -1.75
Accel: 0.15, 0.07, -0.95
Gyro: -2.52, -0.18, -2.04
Accel: 0.15, 0.08, -0.95
Gyro: -2.62, -0.92, -2.01
Accel: 0.15, 0.09, -0.95
Gyro: -1.66, -1.82, -1.19
Accel: 0.16, 0.09, -0.96
Gyro: -0.94, -1.08, -0.66
Accel: 0.15, 0.09, -0.96
Gyro: -0.22, -0.60, -0.11
Accel: 0.15, 0.11, -0.95
Gyro: 0.82, -0.61, 1.02
Accel: 0.15, 0.12, -0.95
Gyro: 3.43, -1.09, 2.75
Accel: 0.15, 0.12, -0.94
Gyro: 7.14, -1.00, 5.00
Accel: 0.15, 0.13, -0.95
Gyro: 10.47, -1.44, 7.05
Accel: 0.16, 0.14, -0.95
Gyro: 15.88, -2.18, 11.58
Accel: 0.15, 0.12, -0.94
Gyro: 20.35, -3.18, 16.71
Accel: 0.15, 0.10, -0.94
Gyro: 23.41, -4.21, 21.70
Accel: 0.14, 0.06, -0.94
Gyro: 25.59, -4.53, 25.97
Accel: 0.14, 0.04, -0.95
Gyro: 27.24, -4.72, 28.53
Accel: 0.14, 0.01, -0.94
Gyro: 29.22, -5.08, 29.09
Accel: 0.13, 0.00, -0.93
Gyro: 32.33, -6.07, 29.24
Accel: 0.13, -0.02, -0.94
Gyro: 37.66, -7.48, 28.38
Accel: 0.12, -0.04, -0.92
Gyro: 44.12, -8.61, 27.31
Accel: 0.12, -0.07, -0.91
Gyro: 50.45, -9.99, 26.79
Accel: 0.12, -0.11, -0.90
Gyro: 55.37, -11.11, 25.66
Accel: 0.11, -0.14, -0.90
Gyro: 61.15, -12.93, 25.80
Accel: 0.09, -0.17, -0.90
Gyro: 66.31, -14.33, 26.32
Accel: 0.08, -0.22, -0.88
Gyro: 70.71, -15.29, 27.26
Accel: 0.07, -0.27, -0.89
Gyro: 74.04, -15.74, 27.23
Accel: 0.06, -0.32, -0.86
Gyro: 74.61, -15.10, 26.49
Accel: 0.04, -0.39, -0.86
Gyro: 73.97, -15.69, 26.60
Accel: 0.02, -0.49, -0.84
Gyro: 69.04, -14.33, 24.77
Accel: 0.01, -0.56, -0.85
Gyro: 58.85, -13.66, 21.49
Accel: -0.01, -0.60, -0.86
Gyro: 45.37, -11.64, 16.53
Accel: -0.02, -0.53, -0.79
Gyro: 34.41, -14.31, 12.10
Accel: -0.06, -0.49, -0.82
Gyro: 34.30, -17.04, 15.21
Accel: -0.08, -0.50, -0.89
Gyro: 35.67, -13.50, 20.56
Accel: -0.09, -0.59, -0.90
Gyro: 33.39, -0.98, 22.55
Accel: -0.07, -0.65, -0.78
Gyro: 27.94, 5.30, 17.85
Accel: -0.05, -0.66, -0.74
Gyro: 24.19, 2.09, 11.94
Accel: -0.05, -0.64, -0.80
Gyro: 21.29, 1.90, 7.71
Accel: -0.03, -0.71, -0.77
Gyro: 17.07, 6.82, -0.72
Accel: -0.02, -0.66, -0.71
Gyro: 14.37, 3.55, -7.15
Accel: -0.03, -0.65, -0.75
Gyro: 11.92, 1.27, -6.61
Accel: -0.03, -0.66, -0.76
Gyro: 4.72, 1.93, -4.59
Accel: -0.03, -0.67, -0.74
Gyro: -2.27, 1.02, -2.76
Accel: -0.04, -0.67, -0.77
Gyro: -7.80, 1.23, -1.65
Accel: -0.04, -0.70, -0.79
Gyro: -12.12, 4.69, -2.98
Accel: -0.03, -0.70, -0.76
Gyro: -18.39, 8.35, -6.67
Accel: -0.02, -0.68, -0.76
Gyro: -21.87, 7.13, -7.63
Accel: -0.01, -0.70, -0.75
Gyro: -30.34, 6.27, -10.13
Accel: 0.00, -0.68, -0.76
Gyro: -38.94, 6.20, -12.97
Accel: 0.00, -0.63, -0.75
Gyro: -46.34, 3.64, -13.99
Accel: -0.00, -0.63, -0.79
Gyro: -54.35, 2.63, -17.85
Accel: -0.01, -0.57, -0.81
Gyro: -59.51, 3.38, -21.33
Accel: 0.00, -0.54, -0.84
Gyro: -62.43, 4.28, -22.94
Accel: 0.00, -0.52, -0.85
Gyro: -66.00, 5.77, -26.58
Accel: 0.01, -0.45, -0.85
Gyro: -68.71, 7.46, -29.14
Accel: 0.03, -0.41, -0.87
Gyro: -68.95, 7.90, -30.44
Accel: 0.03, -0.39, -0.89
Gyro: -68.87, 8.74, -32.43
Accel: 0.04, -0.33, -0.89
Gyro: -69.15, 10.16, -34.58
Accel: 0.06, -0.28, -0.89
Gyro: -68.97, 11.40, -34.90
Accel: 0.07, -0.25, -0.89
Gyro: -69.52, 11.36, -36.54
Accel: 0.09, -0.17, -0.90
Gyro: -68.54, 10.86, -36.25
Accel: 0.10, -0.13, -0.89
Gyro: -65.94, 8.93, -34.32
Accel: 0.09, -0.13, -0.89
Gyro: -63.03, 7.20, -34.13
Accel: 0.12, -0.04, -0.93
Gyro: -57.27, 5.89, -33.02
Accel: 0.12, -0.03, -0.93
Gyro: -53.86, 5.56, -29.90
Accel: 0.11, -0.02, -0.93
Gyro: -53.63, 4.12, -31.14
Accel: 0.13, 0.04, -0.95
Gyro: -52.19, 3.97, -30.01
Accel: 0.13, 0.09, -0.95
Gyro: -46.63, 5.29, -27.00
Accel: 0.14, 0.10, -0.95
Gyro: -42.22, 6.50, -23.36
Accel: 0.15, 0.13, -0.94
Gyro: -38.55, 5.68, -21.95
Accel: 0.16, 0.17, -0.94
Gyro: -33.27, 5.46, -19.10
Accel: 0.16, 0.18, -0.94
Gyro: -27.65, 6.82, -16.27
Accel: 0.17, 0.20, -0.93
Gyro: -22.54, 6.65, -13.88
Accel: 0.18, 0.22, -0.91
Gyro: -16.75, 3.63, -11.03
Accel: 0.18, 0.22, -0.92
Gyro: -10.23, 0.78, -7.21
Accel: 0.18, 0.21, -0.93
Gyro: -8.29, -0.71, -5.35
Accel: 0.18, 0.24, -0.92
Gyro: -6.58, -3.04, -3.40
Accel: 0.18, 0.22, -0.93
Gyro: -0.03, -4.69, 0.22
Accel: 0.18, 0.17, -0.95
Gyro: 4.66, -4.78, 2.25
Accel: 0.16, 0.14, -0.95
Gyro: 5.49, -4.94, 2.18
Accel: 0.16, 0.13, -0.95
Gyro: 5.09, -3.97, 1.08
Accel: 0.15, 0.12, -0.96
Gyro: 4.37, -3.02, 0.75
Accel: 0.15, 0.11, -0.96
Gyro: 3.29, -2.49, 0.08
Accel: 0.15, 0.10, -0.96
Gyro: 2.04, -2.39, -0.84
Accel: 0.14, 0.10, -0.95
Gyro: 0.20, -2.08, -1.48
Accel: 0.14, 0.12, -0.95
Gyro: -1.05, -2.01, -1.74
Accel: 0.14, 0.12, -0.96
Gyro: -0.59, -1.53, -1.39
Accel: 0.14, 0.12, -0.97
Gyro: -0.34, -0.56, -1.51
Accel: 0.14, 0.11, -0.96
Gyro: 0.44, 0.60, -1.30
