Accel: 0.14, 0.13, -0.95
Gyro: 0.96, -1.71, -1.21
Accel: 0.15, 0.13, -0.94
Gyro: 1.16, -1.92, -0.54
Accel: 0.14, 0.12, -0.94
Gyro: 1.06, -1.99, 0.01
Accel: 0.14, 0.11, -0.96
Gyro: 0.78, -1.91, 0.13
Accel: 0.14, 0.11, -0.96
Gyro: 0.99, -1.20, 0.42
Accel: 0.15, 0.10, -0.95
Gyro: 1.03, -0.96, 0.31
Accel: 0.14, 0.10, -0.95
Gyro: 0.63, -1.13, -0.15
Accel: 0.14, 0.10, -0.96
Gyro: 0.34, -1.19, -0.43
Accel: 0.14, 0.10, -0.96
Gyro: 0.02, -0.79, -0.38
Accel: 0.14, 0.09, -0.96
Gyro: -0.80, -0.37, -0.63
Accel: 0.14, 0.10, -0.96
Gyro: -1.24, -0.24, -0.54
Accel: 0.14, 0.09, -0.95
Gyro: -1.61, -0.07, -0.96
Accel: 0.14, 0.09, -0.96
Gyro: -2.17, 0.14, -1.91
Accel: 0.14, 0.10, -0.95
Gyro: -2.70, 0.31, -2.34
Accel: 0.15, 0.11, -0.96
Gyro: -2.76, 0.56, -2.64
Accel: 0.15, 0.10, -0.96
Gyro: -2.79, 0.45, -2.79
Accel: 0.15, 0.11, -0.95
Gyro: -2.95, 0.78, -3.13
Accel: 0.15, 0.11, -0.95
Gyro: -2.68, 0.55, -2.56
Accel: 0.15, 0.11, -0.95
Gyro: -2.43, 0.16, -2.47
Accel: 0.15, 0.11, -0.96
Gyro: -2.24, -0.05, -2.01
Accel: 0.14, 0.12, -0.95
Gyro: -2.02, 0.08, -1.75
Accel: 0.15, 0.12, -0.96
Gyro: -1.89, 0.40, -1.53
Accel: 0.16, 0.11, -0.95
Gyro: -1.58, 0.31, -1.16
Accel: 0.15, 0.11, -0.95
Gyro: -1.37, 0.23, -1.33
Accel: 0.15, 0.12, -0.95
Gyro: -0.65, -0.03, -0.92
Accel: 0.15, 0.12, -0.96
Gyro: -0.34, 0.53, -0.69
Accel: 0.15, 0.11, -0.96
Gyro: 0.35, 0.64, -0.27
Accel: 0.16, 0.11, -0.95
Gyro: 0.50, 0.60, -0.08
Accel: 0.15, 0.11, -0.95
Gyro: 0.49, 0.18, 0.27
Accel: 0.15, 0.11, -0.96
Gyro: 1.00, 0.60, 0.59
Accel: 0.16, 0.11, -0.95
Gyro: 1.30, 0.88, 0.76
Accel: 0.16, 0.12, -0.95
Gyro: 1.56, 1.19, 1.27
Accel: 0.16, 0.12, -0.96
Gyro: 2.23, 1.24, 2.43
Accel: 0.16, 0.14, -0.96
Gyro: 3.81, 1.85, 4.46
Accel: 0.16, 0.17, -0.95
Gyro: 6.78, 1.66, 7.77
Accel: 0.16, 0.17, -0.96
Gyro: 11.33, 2.65, 12.55
Accel: 0.16, 0.18, -0.96
Gyro: 15.91, 4.13, 17.52
Accel: 0.16, 0.17, -0.96
Gyro: 22.88, 4.87, 24.41
Accel: 0.15, 0.15, -0.95
Gyro: 28.90, 6.20, 29.10
Accel: 0.15, 0.10, -0.96
Gyro: 38.47, 9.03, 32.07
Accel: 0.17, 0.03, -0.93
Gyro: 51.56, 11.02, 23.99
Accel: 0.18, 0.04, -0.90
Gyro: 65.06, 10.25, 17.38
Accel: 0.20, 0.02, -0.88
Gyro: 73.76, 7.92, 17.81
Accel: 0.19, -0.02, -0.88
Gyro: 78.03, 4.69, 22.67
Accel: 0.20, -0.06, -0.87
Gyro: 79.26, 1.82, 28.92
Accel: 0.18, -0.10, -0.86
Gyro: 80.41, 0.08, 36.68
Accel: 0.17, -0.13, -0.86
Gyro: 83.14, -1.93, 45.23
Accel: 0.16, -0.22, -0.83
Gyro: 84.52, -2.31, 52.99
Accel: 0.15, -0.28, -0.82
Gyro: 83.89, -4.65, 58.64
Accel: 0.13, -0.40, -0.78
Gyro: 83.35, -5.05, 62.64
Accel: 0.12, -0.58, -0.80
Gyro: 79.64, -7.50, 61.92
Accel: 0.09, -0.76, -0.77
Gyro: 64.10, -8.75, 49.26
Accel: 0.08, -0.83, -0.79
Gyro: 41.70, -11.18, 31.68
Accel: 0.07, -0.73, -0.79
Gyro: 23.48, -13.57, 18.88
Accel: 0.05, -0.61, -0.84
Gyro: 13.19, -12.47, 14.43
Accel: 0.05, -0.55, -0.85
Gyro: 15.49, -7.84, 14.66
Accel: 0.05, -0.52, -0.75
Gyro: 20.65, -4.69, 17.08
Accel: 0.04, -0.59, -0.74
Gyro: 22.19, -6.45, 19.49
Accel: 0.04, -0.62, -0.74
Gyro: 19.81, -7.42, 19.29
Accel: 0.04, -0.63, -0.75
Gyro: 19.28, -8.48, 19.26
Accel: 0.02, -0.70, -0.75
Gyro: 18.31, -6.51, 13.02
Accel: 0.01, -0.69, -0.72
Gyro: 15.39, -9.58, 6.74
Accel: -0.00, -0.71, -0.76
Gyro: 11.38, -9.40, 3.76
Accel: -0.01, -0.75, -0.79
Gyro: 3.23, -6.55, -1.52
Accel: -0.02, -0.71, -0.77
Gyro: -1.36, -5.94, -4.90
Accel: -0.05, -0.72, -0.79
Gyro: -6.75, -1.45, -7.14
Accel: -0.03, -0.69, -0.79
Gyro: -12.73, 3.07, -10.39
Accel: -0.04, -0.67, -0.79
Gyro: -14.84, 5.16, -12.15
Accel: -0.01, -0.69, -0.80
Gyro: -17.50, 10.01, -12.75
Accel: 0.02, -0.71, -0.77
Gyro: -25.54, 12.30, -16.37
Accel: 0.03, -0.71, -0.75
Gyro: -36.00, 11.92, -19.18
Accel: 0.05, -0.70, -0.75
Gyro: -48.15, 9.54, -21.21
Accel: 0.04, -0.71, -0.77
Gyro: -63.17, 10.12, -28.54
Accel: 0.06, -0.59, -0.78
Gyro: -71.00, 11.32, -33.94
Accel: 0.08, -0.50, -0.80
Gyro: -71.17, 12.92, -33.88
Accel: 0.10, -0.47, -0.80
Gyro: -69.55, 11.53, -32.40
Accel: 0.11, -0.44, -0.81
Gyro: -69.89, 9.83, -32.42
Accel: 0.12, -0.41, -0.83
Gyro: -70.92, 8.54, -33.43
Accel: 0.14, -0.35, -0.84
Gyro: -67.24, 6.82, -34.23
Accel: 0.15, -0.31, -0.84
Gyro: -65.54, 4.97, -35.26
Accel: 0.15, -0.29, -0.86
Gyro: -64.33, 3.24, -37.28
Accel: 0.16, -0.26, -0.87
Gyro: -64.71, 1.82, -39.22
Accel: 0.17, -0.20, -0.88
Gyro: -65.41, 0.24, -41.02
Accel: 0.17, -0.15, -0.88
Gyro: -64.90, -2.92, -41.57
Accel: 0.17, -0.08, -0.87
Gyro: -65.95, -5.02, -40.79
Accel: 0.17, 0.01, -0.87
Gyro: -65.45, -8.09, -35.80
Accel: 0.16, 0.08, -0.91
Gyro: -61.19, -10.81, -27.82
Accel: 0.14, 0.10, -0.97
Gyro: -50.81, -10.83, -19.87
Accel: 0.15, 0.10, -0.97
Gyro: -45.08, -7.72, -16.28
Accel: 0.14, 0.10, -0.96
Gyro: -37.24, -5.92, -14.83
Accel: 0.14, 0.10, -0.97
Gyro: -30.62, -3.99, -15.46
Accel: 0.14, 0.09, -0.97
Gyro: -26.03, -1.88, -16.33
Accel: 0.14, 0.13, -0.96
Gyro: -21.93, -1.31, -16.84
Accel: 0.14, 0.16, -0.96
Gyro: -16.46, -1.18, -15.37
Accel: 0.15, 0.17, -0.95
Gyro: -11.31, -0.66, -12.37
Accel: 0.15, 0.16, -0.95
Gyro: -9.29, 0.12, -9.42
Accel: 0.16, 0.15, -0.96
Gyro: -6.15, 0.18, -7.02
Accel: 0.16, 0.14, -0.93
Gyro: -5.33, -0.37, -5.29
Accel: 0.15, 0.13, -0.95
Gyro: -4.72, -0.49, -4.53
Accel: 0.16, 0.13, -0.95
Gyro: -4.58, -0.84, -4.03
Accel: 0.15, 0.12, -0.95
Gyro: -3.58, -1.72, -3.56
