Accel: 0.18, 0.16, -0.94
Gyro: -1.75, 0.48, -1.58
Accel: 0.19, 0.17, -0.94
Gyro: -2.08, 0.58, -2.04
Accel: 0.18, 0.16, -0.93
Gyro: -1.83, 0.19, -1.80
Accel: 0.19, 0.16, -0.93
Gyro: -1.61, -0.89, -1.92
Accel: 0.18, 0.16, -0.94
Gyro: -1.32, -1.46, -1.74
Accel: 0.18, 0.16, -0.94
Gyro: -1.46, -0.99, -1.38
Accel: 0.18, 0.15, -0.94
Gyro: -1.70, -1.00, -0.98
Accel: 0.18, 0.16, -0.94
Gyro: -1.80, -0.95, -1.05
Accel: 0.18, 0.16, -0.94
Gyro: -1.95, -0.78, -1.53
Accel: 0.18, 0.17, -0.95
Gyro: -1.80, -0.27, -1.45
Accel: 0.17, 0.16, -0.94
Gyro: -1.34, -0.04, -1.43
Accel: 0.17, 0.17, -0.94
Gyro: -0.25, 0.27, -1.41
Accel: 0.17, 0.19, -0.94
Gyro: 0.66, 0.14, -0.74
Accel: 0.18, 0.20, -0.95
Gyro: 3.57, 0.74, 1.36
Accel: 0.18, 0.17, -0.94
Gyro: 4.43, 1.14, 2.26
Accel: 0.18, 0.16, -0.93
Gyro: 4.10, 1.14, 1.39
Accel: 0.19, 0.18, -0.93
Gyro: 5.03, 0.38, 0.79
Accel: 0.17, 0.21, -0.94
Gyro: 9.02, -0.34, 1.46
Accel: 0.18, 0.20, -0.95
Gyro: 15.77, 1.06, 3.38
Accel: 0.18, 0.19, -0.94
Gyro: 20.65, 1.69, 5.21
Accel: 0.19, 0.18, -0.95
Gyro: 24.75, 1.78, 7.97
Accel: 0.18, 0.19, -0.94
Gyro: 29.11, 1.36, 11.71
Accel: 0.18, 0.18, -0.95
Gyro: 34.25, 2.68, 16.88
Accel: 0.19, 0.18, -0.95
Gyro: 38.67, 4.50, 23.21
Accel: 0.19, 0.15, -0.94
Gyro: 45.91, 4.83, 31.54
Accel: 0.18, 0.17, -0.92
Gyro: 51.04, 4.94, 40.55
Accel: 0.18, 0.15, -0.89
Gyro: 60.77, 2.92, 57.28
Accel: 0.17, 0.03, -0.88
Gyro: 64.87, 2.40, 69.95
Accel: 0.16, -0.05, -0.87
Gyro: 66.48, 1.46, 77.47
Accel: 0.15, -0.17, -0.86
Gyro: 72.17, -1.11, 78.68
Accel: 0.16, -0.25, -0.85
Gyro: 75.33, -1.44, 70.42
Accel: 0.15, -0.25, -0.83
Gyro: 78.68, -5.17, 63.22
Accel: 0.15, -0.43, -0.85
Gyro: 84.42, -6.02, 55.40
Accel: 0.15, -0.64, -0.83
Gyro: 72.43, -4.70, 34.84
Accel: 0.14, -0.60, -0.83
Gyro: 54.37, -11.22, 16.89
Accel: 0.12, -0.59, -0.89
Gyro: 42.95, -12.68, 8.87
Accel: 0.11, -0.51, -0.84
Gyro: 29.61, -9.61, 1.66
Accel: 0.11, -0.41, -0.87
Gyro: 29.46, -11.12, 6.29
Accel: 0.10, -0.52, -0.87
Gyro: 31.92, -6.55, 11.57
Accel: 0.10, -0.51, -0.78
Gyro: 25.33, -7.93, 10.38
Accel: 0.06, -0.61, -0.84
Gyro: 19.81, -9.43, 14.55
Accel: 0.05, -0.68, -0.88
Gyro: 6.89, -1.83, 9.12
Accel: 0.07, -0.65, -0.83
Gyro: -2.67, 2.39, 1.37
Accel: 0.07, -0.64, -0.81
Gyro: -8.61, 3.02, -5.42
Accel: 0.08, -0.61, -0.82
Gyro: -12.85, 2.35, -10.88
Accel: 0.09, -0.56, -0.81
Gyro: -17.43, 0.78, -14.34
Accel: 0.08, -0.53, -0.82
Gyro: -19.97, -0.70, -14.08
Accel: 0.08, -0.55, -0.84
Gyro: -22.88, -1.14, -14.47
Accel: 0.09, -0.56, -0.85
Gyro: -28.87, -0.18, -18.17
Accel: 0.10, -0.56, -0.85
Gyro: -35.88, 0.27, -21.77
Accel: 0.10, -0.57, -0.85
Gyro: -44.51, 1.45, -26.76
Accel: 0.11, -0.54, -0.87
Gyro: -53.76, 2.82, -32.89
Accel: 0.12, -0.46, -0.86
Gyro: -61.55, 3.14, -37.27
Accel: 0.13, -0.41, -0.87
Gyro: -65.28, 4.78, -39.66
Accel: 0.14, -0.36, -0.86
Gyro: -68.02, 5.89, -42.40
Accel: 0.15, -0.28, -0.86
Gyro: -67.31, 6.06, -42.78
Accel: 0.15, -0.23, -0.89
Gyro: -66.72, 5.67, -42.42
Accel: 0.17, -0.19, -0.89
Gyro: -65.30, 6.02, -42.46
Accel: 0.18, -0.12, -0.89
Gyro: -63.76, 5.71, -41.73
Accel: 0.19, -0.08, -0.89
Gyro: -59.37, 4.16, -39.82
Accel: 0.19, -0.05, -0.90
Gyro: -55.76, 2.53, -38.15
Accel: 0.20, -0.02, -0.91
Gyro: -53.20, 1.26, -37.61
Accel: 0.20, 0.01, -0.91
Gyro: -50.42, 0.17, -36.26
Accel: 0.20, -0.01, -0.88
Gyro: -49.49, -0.47, -35.28
Accel: 0.21, 0.05, -0.92
Gyro: -45.65, -1.18, -34.23
Accel: 0.20, 0.11, -0.92
Gyro: -47.13, -2.54, -31.70
Accel: 0.20, 0.17, -0.93
Gyro: -44.17, -4.42, -26.25
Accel: 0.19, 0.17, -0.94
Gyro: -42.32, -4.74, -23.41
Accel: 0.18, 0.25, -0.94
Gyro: -38.14, -3.24, -20.97
Accel: 0.19, 0.25, -0.95
Gyro: -28.70, -2.66, -15.73
Accel: 0.18, 0.24, -0.94
Gyro: -22.64, -1.65, -12.99
Accel: 0.19, 0.24, -0.94
Gyro: -17.84, -0.69, -10.40
Accel: 0.19, 0.24, -0.93
Gyro: -13.66, 0.03, -8.07
Accel: 0.19, 0.24, -0.93
Gyro: -9.92, -1.17, -6.09
Accel: 0.19, 0.24, -0.93
Gyro: -7.87, -2.19, -4.28
Accel: 0.18, 0.24, -0.93
Gyro: -6.36, -2.27, -2.82
Accel: 0.18, 0.24, -0.94
Gyro: -4.97, -2.04, -1.46
Accel: 0.18, 0.23, -0.95
Gyro: -3.30, -1.03, -0.74
Accel: 0.19, 0.22, -0.94
Gyro: -1.93, -0.08, -0.66
Accel: 0.19, 0.21, -0.93
Gyro: -1.01, 0.83, -0.67
Accel: 0.19, 0.20, -0.94
Gyro: -0.25, 1.34, -0.63
Accel: 0.19, 0.20, -0.94
Gyro: 0.02, 1.58, -0.95
Accel: 0.20, 0.20, -0.94
Gyro: 0.14, 1.33, -1.00
Accel: 0.19, 0.19, -0.93
Gyro: 0.21, 0.79, -0.93
Accel: 0.21, 0.19, -0.92
Gyro: 0.37, -0.71, -1.23
Accel: 0.20, 0.18, -0.93
Gyro: 0.81, -1.69, -1.15
Accel: 0.20, 0.19, -0.94
Gyro: 1.48, -1.19, -0.65
Accel: 0.20, 0.17, -0.93
Gyro: 0.81, -0.90, -0.43
Accel: 0.19, 0.18, -0.94
Gyro: 0.39, -1.09, -0.05
Accel: 0.20, 0.18, -0.94
Gyro: 0.91, -1.07, 0.53
Accel: 0.19, 0.18, -0.94
Gyro: 0.79, -0.58, 0.66
Accel: 0.20, 0.17, -0.95
Gyro: 0.71, -0.25, 0.43
Accel: 0.19, 0.17, -0.94
Gyro: 0.79, 0.14, 0.54
Accel: 0.19, 0.16, -0.94
Gyro: 0.31, 0.50, 0.31
Accel: 0.19, 0.15, -0.93
Gyro: -0.14, -0.22, 0.09
Accel: 0.20, 0.17, -0.94
Gyro: -0.98, -1.37, -1.00
Accel: 0.19, 0.17, -0.94
Gyro: -0.71, -0.98, -0.83
Accel: 0.20, 0.17, -0.94
Gyro: -1.51, -0.91, -1.11
Accel: 0.19, 0.17, -0.94
Gyro: -1.62, -0.77, -1.24
Accel: 0.19, 0.18, -0.94
Gyro: -1.34, -0.90, -1.56
Accel: 0.19, 0.18, -0.94
Gyro: -1.05, -1.31, -1.36
