Accel: 0.16, 0.10, -0.95
Gyro: -1.24, 0.32, -1.86
Accel: 0.17, 0.11, -0.95
Gyro: -1.14, 0.05, -1.39
Accel: 0.18, 0.11, -0.94
Gyro: -1.39, 0.35, -0.60
Accel: 0.17, 0.10, -0.94
Gyro: -1.80, 0.37, -0.41
Accel: 0.17, 0.10, -0.94
Gyro: -2.45, -0.15, -0.57
Accel: 0.17, 0.10, -0.94
Gyro: -2.78, -0.18, -0.96
Accel: 0.17, 0.10, -0.95
Gyro: -2.58, -0.08, -1.47
Accel: 0.18, 0.11, -0.95
Gyro: -2.30, 0.30, -1.75
Accel: 0.18, 0.11, -0.95
Gyro: -1.75, 0.00, -1.46
Accel: 0.18, 0.11, -0.95
Gyro: -1.62, -0.56, -0.65
Accel: 0.17, 0.09, -0.95
Gyro: -1.42, -0.53, -0.35
Accel: 0.18, 0.09, -0.95
Gyro: -1.71, -0.05, -0.85
Accel: 0.17, 0.09, -0.95
Gyro: -1.91, 0.46, -1.27
Accel: 0.18, 0.09, -0.95
Gyro: -1.73, 0.07, -1.72
Accel: 0.17, 0.09, -0.96
Gyro: -1.67, -0.35, -1.98
Accel: 0.18, 0.10, -0.95
Gyro: -2.09, 0.11, -2.09
Accel: 0.17, 0.11, -0.95
Gyro: -1.90, -0.14, -1.65
Accel: 0.17, 0.11, -0.94
Gyro: -1.50, -0.23, -1.30
Accel: 0.17, 0.10, -0.95
Gyro: -1.51, -0.45, -1.25
Accel: 0.18, 0.12, -0.95
Gyro: -0.47, -0.28, -0.41
Accel: 0.18, 0.10, -0.95
Gyro: 0.49, -0.13, 0.18
Accel: 0.18, 0.11, -0.95
Gyro: 1.19, -0.40, 0.42
Accel: 0.18, 0.11, -0.95
Gyro: 1.63, -1.03, 0.62
Accel: 0.18, 0.11, -0.95
Gyro: 2.59, -0.58, 1.61
Accel: 0.19, 0.12, -0.96
Gyro: 3.62, -0.24, 2.56
Accel: 0.19, 0.13, -0.95
Gyro: 5.37, -0.47, 4.33
Accel: 0.18, 0.14, -0.94
Gyro: 8.26, -1.64, 6.98
Accel: 0.19, 0.14, -0.94
Gyro: 12.37, -2.71, 10.24
Accel: 0.18, 0.14, -0.93
Gyro: 15.56, -3.04, 13.17
Accel: 0.19, 0.14, -0.92
Gyro: 19.49, -4.08, 17.26
Accel: 0.19, 0.12, -0.93
Gyro: 23.04, -5.29, 21.80
Accel: 0.19, 0.08, -0.93
Gyro: 26.31, -7.21, 25.72
Accel: 0.19, 0.07, -0.92
Gyro: 29.46, -9.84, 29.67
Accel: 0.17, 0.05, -0.91
Gyro: 32.33, -12.20, 33.13
Accel: 0.16, 0.03, -0.91
Gyro: 35.40, -15.16, 35.46
Accel: 0.16, 0.02, -0.92
Gyro: 39.22, -17.92, 37.60
Accel: 0.14, -0.01, -0.91
Gyro: 45.03, -20.31, 40.20
Accel: 0.13, -0.04, -0.90
Gyro: 52.15, -23.26, 42.71
Accel: 0.10, -0.08, -0.89
Gyro: 58.62, -25.92, 44.58
Accel: 0.09, -0.12, -0.88
Gyro: 65.26, -27.53, 45.56
Accel: 0.06, -0.16, -0.87
Gyro: 71.21, -29.20, 46.19
Accel: 0.05, -0.20, -0.85
Gyro: 77.48, -30.26, 46.53
Accel: 0.02, -0.29, -0.83
Gyro: 81.88, -31.80, 45.64
Accel: -0.01, -0.36, -0.83
Gyro: 85.26, -35.21, 44.05
Accel: -0.05, -0.50, -0.85
Gyro: 81.22, -35.48, 40.28
Accel: -0.10, -0.59, -0.86
Gyro: 67.08, -31.59, 32.26
Accel: -0.13, -0.61, -0.89
Gyro: 51.51, -28.37, 27.02
Accel: -0.16, -0.59, -0.86
Gyro: 36.58, -24.13, 23.25
Accel: -0.17, -0.55, -0.85
Gyro: 29.11, -20.14, 22.88
Accel: -0.18, -0.54, -0.84
Gyro: 25.38, -16.10, 23.90
Accel: -0.20, -0.58, -0.84
Gyro: 25.79, -11.19, 23.25
Accel: -0.20, -0.60, -0.80
Gyro: 25.05, -8.99, 20.16
Accel: -0.21, -0.67, -0.84
Gyro: 20.23, -4.97, 16.09
Accel: -0.20, -0.71, -0.81
Gyro: 11.60, 1.17, 7.67
Accel: -0.19, -0.68, -0.77
Gyro: 4.34, 1.50, -0.49
Accel: -0.19, -0.67, -0.78
Gyro: 0.22, 0.58, -6.16
Accel: -0.18, -0.68, -0.79
Gyro: -6.06, 3.32, -12.33
Accel: -0.18, -0.64, -0.79
Gyro: -11.25, 5.62, -15.52
Accel: -0.18, -0.60, -0.78
Gyro: -15.32, 5.24, -14.72
Accel: -0.18, -0.63, -0.81
Gyro: -20.62, 8.81, -14.14
Accel: -0.16, -0.63, -0.82
Gyro: -27.29, 12.27, -15.25
Accel: -0.14, -0.61, -0.80
Gyro: -34.07, 13.26, -15.99
Accel: -0.14, -0.61, -0.81
Gyro: -41.58, 14.04, -17.78
Accel: -0.12, -0.57, -0.83
Gyro: -49.05, 16.75, -21.22
Accel: -0.10, -0.52, -0.83
Gyro: -51.80, 18.10, -22.81
Accel: -0.09, -0.51, -0.84
Gyro: -54.48, 18.52, -25.41
Accel: -0.06, -0.45, -0.85
Gyro: -57.76, 20.53, -29.05
Accel: -0.04, -0.42, -0.85
Gyro: -57.53, 20.28, -31.21
Accel: -0.04, -0.40, -0.86
Gyro: -58.30, 19.00, -33.86
Accel: -0.02, -0.35, -0.88
Gyro: -59.25, 17.86, -36.31
Accel: -0.00, -0.33, -0.89
Gyro: -60.53, 17.61, -37.85
Accel: 0.01, -0.30, -0.89
Gyro: -62.10, 18.33, -40.15
Accel: 0.03, -0.23, -0.89
Gyro: -62.76, 17.48, -42.10
Accel: 0.04, -0.20, -0.91
Gyro: -61.69, 16.18, -41.51
Accel: 0.06, -0.16, -0.91
Gyro: -58.38, 14.21, -41.79
Accel: 0.08, -0.11, -0.91
Gyro: -59.27, 13.83, -40.12
Accel: 0.09, -0.08, -0.92
Gyro: -57.33, 13.14, -37.73
Accel: 0.10, -0.04, -0.92
Gyro: -55.21, 12.85, -36.45
Accel: 0.10, -0.02, -0.92
Gyro: -51.61, 11.09, -34.05
Accel: 0.11, 0.01, -0.93
Gyro: -51.16, 10.89, -34.03
Accel: 0.13, 0.07, -0.92
Gyro: -47.00, 10.11, -30.36
Accel: 0.13, 0.08, -0.92
Gyro: -44.42, 9.61, -26.32
Accel: 0.14, 0.13, -0.92
Gyro: -42.47, 7.61, -23.60
Accel: 0.16, 0.16, -0.92
Gyro: -37.55, 4.51, -18.65
Accel: 0.16, 0.18, -0.92
Gyro: -33.20, 1.45, -14.22
Accel: 0.16, 0.19, -0.94
Gyro: -28.40, -1.02, -10.37
Accel: 0.15, 0.20, -0.93
Gyro: -22.47, -1.69, -7.44
Accel: 0.15, 0.20, -0.95
Gyro: -17.69, -1.37, -5.24
Accel: 0.15, 0.19, -0.94
Gyro: -13.69, -1.44, -3.86
Accel: 0.14, 0.20, -0.94
Gyro: -10.05, -2.28, -3.56
Accel: 0.14, 0.21, -0.95
Gyro: -5.76, -2.76, -2.17
Accel: 0.14, 0.20, -0.96
Gyro: -2.25, -1.63, -1.25
Accel: 0.13, 0.18, -0.95
Gyro: 0.69, -1.34, -0.05
Accel: 0.13, 0.17, -0.95
Gyro: 1.90, -1.23, 0.24
Accel: 0.13, 0.16, -0.96
Gyro: 2.24, -1.17, -0.05
Accel: 0.13, 0.14, -0.96
Gyro: 1.86, -0.38, -0.61
Accel: 0.13, 0.14, -0.94
Gyro: 0.94, -0.15, -1.43
Accel: 0.14, 0.14, -0.94
Gyro: 0.75, -0.79, -2.00
Accel: 0.13, 0.13, -0.95
Gyro: 0.53, -1.23, -2.40
Accel: 0.13, 0.13, -0.95
Gyro: 0.27, -1.07, -3.04
Accel: 0.13, 0.12, -0.96
Gyro: 0.05, -0.92, -2.92
