Accel: 0.17, 0.09, -0.96
Gyro: -2.18, -0.09, -1.72
Accel: 0.16, 0.08, -0.94
Gyro: -2.45, -0.04, -2.67
Accel: 0.17, 0.09, -0.94
Gyro: -2.58, -0.12, -3.11
Accel: 0.16, 0.09, -0.95
Gyro: -2.43, -1.18, -2.94
Accel: 0.16, 0.09, -0.95
Gyro: -2.13, -1.33, -2.45
Accel: 0.16, 0.09, -0.96
Gyro: -2.06, -0.97, -2.28
Accel: 0.16, 0.09, -0.95
Gyro: -1.72, -0.51, -2.14
Accel: 0.16, 0.09, -0.95
Gyro: -1.56, -1.05, -1.76
Accel: 0.16, 0.09, -0.95
Gyro: -1.31, -1.34, -1.00
Accel: 0.16, 0.09, -0.96
Gyro: -1.30, -1.22, -0.27
Accel: 0.16, 0.08, -0.96
Gyro: -1.24, -0.64, -0.07
Accel: 0.16, 0.08, -0.96
Gyro: -1.16, -0.83, -0.04
Accel: 0.16, 0.07, -0.95
Gyro: -1.19, -0.50, -0.18
Accel: 0.16, 0.07, -0.96
Gyro: -1.46, 0.06, -0.72
Accel: 0.17, 0.06, -0.95
Gyro: -1.55, 0.41, -1.30
Accel: 0.16, 0.07, -0.95
Gyro: -2.04, 0.16, -1.85
Accel: 0.16, 0.08, -0.96
Gyro: -2.74, -0.04, -1.87
Accel: 0.17, 0.07, -0.95
Gyro: -3.59, 0.59, -2.07
Accel: 0.17, 0.08, -0.95
Gyro: -3.95, 0.29, -2.34
Accel: 0.17, 0.08, -0.96
Gyro: -3.76, -0.06, -2.30
Accel: 0.17, 0.10, -0.96
Gyro: -3.35, 0.09, -1.85
Accel: 0.17, 0.09, -0.96
Gyro: -3.36, -0.03, -1.91
Accel: 0.16, 0.10, -0.95
Gyro: -3.05, -0.06, -1.87
Accel: 0.16, 0.11, -0.95
Gyro: -1.85, 0.05, -1.49
Accel: 0.16, 0.12, -0.96
Gyro: -0.91, 0.56, -1.01
Accel: 0.16, 0.14, -0.96
Gyro: 0.95, 1.27, 0.75
Accel: 0.17, 0.13, -0.95
Gyro: 3.61, 2.07, 2.88
Accel: 0.18, 0.11, -0.94
Gyro: 5.20, 1.87, 4.84
Accel: 0.17, 0.13, -0.95
Gyro: 7.23, 1.19, 7.03
Accel: 0.18, 0.14, -0.95
Gyro: 9.81, 1.00, 9.94
Accel: 0.18, 0.12, -0.95
Gyro: 13.42, 1.50, 13.52
Accel: 0.18, 0.11, -0.94
Gyro: 16.90, 1.47, 16.05
Accel: 0.17, 0.12, -0.94
Gyro: 21.54, 0.44, 18.26
Accel: 0.18, 0.10, -0.95
Gyro: 28.78, 0.63, 19.23
Accel: 0.19, 0.08, -0.93
Gyro: 35.16, 0.36, 20.63
Accel: 0.18, 0.07, -0.92
Gyro: 40.81, -1.21, 22.95
Accel: 0.18, 0.03, -0.92
Gyro: 47.15, -3.34, 25.34
Accel: 0.17, -0.01, -0.92
Gyro: 51.66, -5.04, 27.79
Accel: 0.16, -0.05, -0.89
Gyro: 54.79, -6.05, 29.98
Accel: 0.15, -0.07, -0.91
Gyro: 57.90, -7.78, 33.13
Accel: 0.14, -0.10, -0.90
Gyro: 61.78, -8.59, 36.64
Accel: 0.12, -0.15, -0.90
Gyro: 63.29, -8.47, 39.62
Accel: 0.11, -0.17, -0.88
Gyro: 67.17, -8.09, 43.37
Accel: 0.11, -0.26, -0.89
Gyro: 68.20, -7.35, 47.30
Accel: 0.09, -0.34, -0.86
Gyro: 67.61, -6.24, 49.63
Accel: 0.10, -0.43, -0.84
Gyro: 61.36, -6.74, 49.98
Accel: 0.08, -0.48, -0.82
Gyro: 50.45, -9.09, 46.59
Accel: 0.06, -0.46, -0.80
Gyro: 41.85, -14.43, 43.39
Accel: 0.03, -0.48, -0.83
Gyro: 39.78, -18.03, 42.59
Accel: 0.02, -0.51, -0.85
Gyro: 35.29, -17.65, 39.41
Accel: -0.01, -0.54, -0.84
Gyro: 32.42, -14.55, 36.35
Accel: -0.02, -0.57, -0.83
Gyro: 30.59, -12.37, 32.52
Accel: -0.02, -0.59, -0.79
Gyro: 28.44, -11.22, 26.70
Accel: -0.03, -0.60, -0.77
Gyro: 26.69, -12.34, 21.01
Accel: -0.04, -0.58, -0.76
Gyro: 27.67, -14.40, 17.38
Accel: -0.06, -0.62, -0.77
Gyro: 28.63, -13.66, 14.02
Accel: -0.06, -0.65, -0.76
Gyro: 27.50, -14.58, 9.67
Accel: -0.08, -0.67, -0.75
Gyro: 22.42, -15.76, 5.98
Accel: -0.10, -0.67, -0.78
Gyro: 17.57, -16.37, 5.55
Accel: -0.12, -0.72, -0.80
Gyro: 10.25, -11.34, 4.53
Accel: -0.12, -0.71, -0.79
Gyro: 1.76, -6.42, -0.81
Accel: -0.12, -0.69, -0.78
Gyro: -1.95, -2.48, -5.29
Accel: -0.12, -0.69, -0.78
Gyro: -5.81, 1.04, -8.45
Accel: -0.11, -0.66, -0.77
Gyro: -9.17, 3.27, -10.89
Accel: -0.10, -0.64, -0.78
Gyro: -10.93, 4.63, -10.74
Accel: -0.10, -0.66, -0.79
Gyro: -15.05, 8.26, -11.56
Accel: -0.09, -0.68, -0.78
Gyro: -22.73, 11.62, -13.65
Accel: -0.07, -0.68, -0.78
Gyro: -31.72, 11.89, -14.60
Accel: -0.07, -0.70, -0.80
Gyro: -41.88, 13.68, -18.68
Accel: -0.05, -0.62, -0.79
Gyro: -49.19, 17.30, -24.11
Accel: -0.03, -0.57, -0.79
Gyro: -51.61, 17.06, -26.06
Accel: -0.02, -0.57, -0.81
Gyro: -54.02, 16.45, -28.39
Accel: -0.01, -0.53, -0.82
Gyro: -57.49, 18.40, -32.74
Accel: 0.02, -0.47, -0.84
Gyro: -58.70, 19.26, -34.75
Accel: 0.04, -0.44, -0.84
Gyro: -57.43, 19.94, -35.70
Accel: 0.06, -0.40, -0.85
Gyro: -58.44, 18.43, -37.70
Accel: 0.08, -0.36, -0.86
Gyro: -57.50, 15.82, -38.49
Accel: 0.09, -0.33, -0.87
Gyro: -58.55, 15.07, -41.02
Accel: 0.11, -0.29, -0.86
Gyro: -57.06, 13.57, -41.68
Accel: 0.12, -0.29, -0.87
Gyro: -56.94, 10.99, -43.99
Accel: 0.13, -0.21, -0.88
Gyro: -56.43, 7.84, -46.65
Accel: 0.14, -0.15, -0.90
Gyro: -52.99, 5.94, -45.16
Accel: 0.15, -0.13, -0.89
Gyro: -48.76, 4.81, -41.79
Accel: 0.16, -0.10, -0.90
Gyro: -46.61, 3.54, -39.64
Accel: 0.16, -0.06, -0.89
Gyro: -42.63, 1.45, -36.58
Accel: 0.17, -0.06, -0.94
Gyro: -40.86, 0.29, -34.92
Accel: 0.17, 0.00, -0.93
Gyro: -38.70, 1.48, -34.61
Accel: 0.17, -0.01, -0.94
Gyro: -33.15, 0.72, -32.30
Accel: 0.18, -0.01, -0.94
Gyro: -33.05, 0.30, -32.41
Accel: 0.17, 0.02, -0.95
Gyro: -32.84, 0.31, -31.99
Accel: 0.18, 0.04, -0.93
Gyro: -31.21, 0.79, -29.85
Accel: 0.17, 0.08, -0.94
Gyro: -29.86, 1.01, -27.04
Accel: 0.18, 0.11, -0.94
Gyro: -27.85, 0.60, -22.77
Accel: 0.18, 0.12, -0.93
Gyro: -24.72, -0.21, -18.24
Accel: 0.18, 0.14, -0.94
Gyro: -21.14, -1.10, -14.11
Accel: 0.18, 0.15, -0.95
Gyro: -17.79, -1.90, -9.48
Accel: 0.18, 0.15, -0.95
Gyro: -14.71, -1.45, -5.92
Accel: 0.18, 0.15, -0.95
Gyro: -11.48, -1.08, -2.97
Accel: 0.18, 0.15, -0.94
Gyro: -8.77, -1.52, -0.53
Accel: 0.18, 0.13, -0.95
Gyro: -6.49, -1.95, 0.47
Accel: 0.17, 0.12, -0.96
Gyro: -4.94, -1.63, 0.76
