Accel: 0.13, 0.10, -0.96
Gyro: -1.26, 0.11, -0.83
Accel: 0.12, 0.09, -0.96
Gyro: -1.33, -0.04, -0.42
Accel: 0.12, 0.08, -0.96
Gyro: -1.72, -0.34, -0.42
Accel: 0.12, 0.10, -0.96
Gyro: -1.84, -0.35, -0.96
Accel: 0.12, 0.09, -0.96
Gyro: -1.75, -0.35, -1.30
Accel: 0.12, 0.09, -0.96
Gyro: -1.86, -0.60, -1.39
Accel: 0.12, 0.10, -0.96
Gyro: -1.85, -0.27, -1.36
Accel: 0.12, 0.10, -0.97
Gyro: -1.78, -0.02, -1.40
Accel: 0.12, 0.10, -0.96
Gyro: -2.11, -0.20, -1.50
Accel: 0.13, 0.09, -0.96
Gyro: -1.99, -0.46, -1.40
Accel: 0.13, 0.10, -0.96
Gyro: -1.40, -0.14, -1.40
Accel: 0.12, 0.11, -0.95
Gyro: -0.32, 0.02, -1.21
Accel: 0.12, 0.12, -0.95
Gyro: 1.17, -0.42, -0.79
Accel: 0.13, 0.13, -0.96
Gyro: 3.73, -0.54, 0.31
Accel: 0.13, 0.13, -0.96
Gyro: 6.60, -0.28, 1.37
Accel: 0.12, 0.12, -0.95
Gyro: 9.21, 0.20, 2.65
Accel: 0.13, 0.13, -0.97
Gyro: 12.15, 0.24, 3.91
Accel: 0.13, 0.12, -0.96
Gyro: 15.74, 0.52, 5.61
Accel: 0.12, 0.11, -0.95
Gyro: 18.47, 0.28, 7.13
Accel: 0.12, 0.10, -0.95
Gyro: 20.78, 0.26, 8.67
Accel: 0.12, 0.08, -0.96
Gyro: 23.67, 0.37, 10.41
Accel: 0.12, 0.11, -0.96
Gyro: 27.49, 0.56, 13.32
Accel: 0.11, 0.08, -0.97
Gyro: 32.36, 1.57, 18.08
Accel: 0.12, 0.08, -0.94
Gyro: 36.00, 2.85, 22.00
Accel: 0.11, 0.11, -0.94
Gyro: 41.15, 1.07, 28.62
Accel: 0.11, 0.10, -0.94
Gyro: 49.94, 1.77, 38.27
Accel: 0.11, 0.06, -0.94
Gyro: 57.66, 4.71, 47.14
Accel: 0.11, 0.02, -0.88
Gyro: 67.73, 5.58, 56.08
Accel: 0.10, -0.05, -0.85
Gyro: 77.52, 4.30, 64.11
Accel: 0.09, -0.15, -0.82
Gyro: 85.73, 0.65, 70.03
Accel: 0.08, -0.26, -0.81
Gyro: 89.04, -2.72, 71.76
Accel: 0.08, -0.38, -0.82
Gyro: 87.90, -5.39, 68.74
Accel: 0.06, -0.49, -0.82
Gyro: 81.61, -7.42, 62.68
Accel: 0.04, -0.60, -0.82
Gyro: 70.24, -9.36, 53.60
Accel: 0.03, -0.64, -0.83
Gyro: 53.16, -10.70, 41.90
Accel: 0.02, -0.61, -0.82
Gyro: 37.81, -10.99, 31.72
Accel: 0.00, -0.57, -0.83
Gyro: 31.79, -13.08, 27.69
Accel: 0.00, -0.59, -0.84
Gyro: 30.94, -8.48, 20.31
Accel: -0.00, -0.60, -0.80
Gyro: 34.89, -5.39, 11.74
Accel: 0.00, -0.64, -0.76
Gyro: 40.76, -7.68, 3.73
Accel: 0.00, -0.67, -0.72
Gyro: 40.09, -9.02, -5.24
Accel: -0.01, -0.67, -0.73
Gyro: 36.39, -14.20, -8.47
Accel: -0.04, -0.67, -0.76
Gyro: 26.33, -14.85, -5.88
Accel: -0.06, -0.70, -0.78
Gyro: 16.25, -10.91, -1.88
Accel: -0.05, -0.73, -0.77
Gyro: 7.39, -5.76, -1.07
Accel: -0.05, -0.72, -0.75
Gyro: -0.43, -4.95, -2.51
Accel: -0.06, -0.71, -0.78
Gyro: -7.26, -3.14, -4.27
Accel: -0.06, -0.71, -0.77
Gyro: -12.52, 1.05, -7.06
Accel: -0.05, -0.66, -0.75
Gyro: -14.99, 2.40, -8.85
Accel: -0.05, -0.68, -0.77
Gyro: -14.16, 3.97, -8.29
Accel: -0.04, -0.71, -0.77
Gyro: -19.62, 5.98, -10.38
Accel: -0.02, -0.72, -0.75
Gyro: -27.31, 6.94, -14.06
Accel: -0.01, -0.71, -0.76
Gyro: -36.85, 6.04, -17.98
Accel: -0.02, -0.73, -0.78
Gyro: -47.52, 6.49, -22.51
Accel: 0.00, -0.67, -0.78
Gyro: -59.97, 8.32, -29.94
Accel: 0.02, -0.60, -0.77
Gyro: -64.98, 6.61, -34.01
Accel: 0.02, -0.54, -0.81
Gyro: -69.30, 5.40, -37.74
Accel: 0.05, -0.46, -0.83
Gyro: -70.05, 6.82, -40.24
Accel: 0.05, -0.42, -0.82
Gyro: -69.97, 5.31, -42.11
Accel: 0.07, -0.36, -0.86
Gyro: -66.79, 3.65, -42.61
Accel: 0.08, -0.34, -0.87
Gyro: -65.70, 4.30, -42.88
Accel: 0.09, -0.28, -0.87
Gyro: -63.67, 3.71, -42.88
Accel: 0.09, -0.24, -0.88
Gyro: -63.52, 3.60, -42.53
Accel: 0.11, -0.19, -0.90
Gyro: -64.33, 2.88, -41.62
Accel: 0.11, -0.15, -0.87
Gyro: -61.48, 0.27, -39.89
Accel: 0.12, -0.11, -0.88
Gyro: -59.46, -2.66, -38.76
Accel: 0.12, -0.10, -0.88
Gyro: -54.86, -4.60, -36.39
Accel: 0.13, -0.04, -0.92
Gyro: -45.91, -6.56, -34.87
Accel: 0.11, -0.01, -0.92
Gyro: -42.48, -8.20, -32.60
Accel: 0.11, 0.02, -0.95
Gyro: -37.82, -8.34, -29.22
Accel: 0.11, 0.04, -0.97
Gyro: -33.59, -7.00, -24.77
Accel: 0.11, 0.02, -0.97
Gyro: -30.48, -5.37, -21.64
Accel: 0.10, 0.02, -0.98
Gyro: -30.55, -2.80, -20.52
Accel: 0.10, 0.03, -0.97
Gyro: -29.24, -1.37, -18.98
Accel: 0.11, 0.04, -0.97
Gyro: -28.52, 0.17, -17.85
Accel: 0.11, 0.08, -0.95
Gyro: -27.89, 0.67, -16.56
Accel: 0.11, 0.12, -0.94
Gyro: -26.04, 0.14, -13.91
Accel: 0.11, 0.14, -0.96
Gyro: -22.40, -0.60, -9.75
Accel: 0.12, 0.15, -0.96
Gyro: -17.12, -0.40, -5.29
Accel: 0.11, 0.14, -0.95
Gyro: -12.18, -0.72, -2.19
Accel: 0.12, 0.14, -0.95
Gyro: -8.14, -1.37, -0.03
Accel: 0.11, 0.13, -0.96
Gyro: -4.84, -1.56, 0.94
Accel: 0.11, 0.11, -0.96
Gyro: -2.40, -0.84, 1.70
Accel: 0.12, 0.10, -0.96
Gyro: -1.84, -0.52, 1.83
Accel: 0.11, 0.08, -0.97
Gyro: -1.95, -0.40, 0.36
Accel: 0.11, 0.07, -0.99
Gyro: -3.07, 2.37, -1.74
Accel: 0.12, 0.07, -0.97
Gyro: -2.42, 4.81, -4.03
Accel: 0.13, 0.10, -0.94
Gyro: -0.27, 4.56, -4.28
Accel: 0.13, 0.09, -0.94
Gyro: 0.60, 2.91, -3.85
Accel: 0.13, 0.09, -0.93
Gyro: -0.64, 0.79, -3.39
Accel: 0.14, 0.10, -0.94
Gyro: -1.34, -1.16, -2.13
Accel: 0.13, 0.09, -0.96
Gyro: -2.68, -1.55, -1.45
Accel: 0.13, 0.08, -0.96
Gyro: -3.62, -1.17, -1.22
Accel: 0.13, 0.09, -0.95
Gyro: -3.22, -1.28, -1.15
Accel: 0.12, 0.10, -0.96
Gyro: -2.51, -2.02, -0.89
Accel: 0.12, 0.09, -0.97
Gyro: -1.29, -1.25, -0.76
Accel: 0.12, 0.10, -0.96
Gyro: -0.48, -0.13, -1.05
Accel: 0.13, 0.08, -0.96
Gyro: 0.12, -0.40, -0.40
Accel: 0.13, 0.09, -0.96
Gyro: -0.08, -0.95, 0.13
Accel: 0.12, 0.08, -0.97
Gyro: -0.40, -0.45, 0.85
Accel: 0.12, 0.07, -0.96
Gyro: -0.72, 0.25, 1.14
