Accel: 0.13, 0.04, -0.97
Gyro: -1.88, 0.00, -0.81
Accel: 0.13, 0.03, -0.96
Gyro: -1.56, 0.61, -0.91
Accel: 0.13, 0.03, -0.95
Gyro: -2.11, 0.29, -1.40
Accel: 0.13, 0.03, -0.95
Gyro: -2.67, -0.68, -1.50
Accel: 0.13, 0.04, -0.96
Gyro: -2.54, -0.43, -1.72
Accel: 0.13, 0.04, -0.96
Gyro: -2.35, -0.10, -1.82
Accel: 0.13, 0.04, -0.96
Gyro: -2.20, -0.08, -1.70
Accel: 0.13, 0.04, -0.97
Gyro: -2.26, -0.01, -1.52
Accel: 0.13, 0.03, -0.96
Gyro: -2.40, 0.61, -1.33
Accel: 0.14, 0.03, -0.96
Gyro: -3.07, 0.43, -1.41
Accel: 0.13, 0.04, -0.96
Gyro: -3.31, 0.34, -1.85
Accel: 0.13, 0.04, -0.95
Gyro: -3.81, 0.63, -2.22
Accel: 0.13, 0.04, -0.96
Gyro: -4.09, 0.78, -2.63
Accel: 0.13, 0.05, -0.96
Gyro: -3.57, 1.00, -2.91
Accel: 0.13, 0.06, -0.96
Gyro: -2.74, 0.76, -2.82
Accel: 0.14, 0.07, -0.96
Gyro: -1.61, 0.51, -2.47
Accel: 0.14, 0.08, -0.97
Gyro: 1.18, 1.01, -1.34
Accel: 0.14, 0.07, -0.95
Gyro: 4.38, 0.97, 0.28
Accel: 0.14, 0.06, -0.95
Gyro: 5.70, 0.31, 0.83
Accel: 0.13, 0.09, -0.95
Gyro: 6.87, -0.26, 1.67
Accel: 0.13, 0.11, -0.96
Gyro: 10.69, 0.31, 5.49
Accel: 0.14, 0.10, -0.96
Gyro: 15.11, 1.74, 10.91
Accel: 0.14, 0.11, -0.96
Gyro: 18.96, 2.38, 16.26
Accel: 0.13, 0.10, -0.95
Gyro: 23.14, 2.08, 22.65
Accel: 0.13, 0.07, -0.95
Gyro: 26.23, 2.44, 28.51
Accel: 0.14, 0.05, -0.93
Gyro: 28.83, 2.46, 33.20
Accel: 0.13, 0.04, -0.93
Gyro: 32.94, 1.91, 38.35
Accel: 0.13, 0.01, -0.94
Gyro: 38.67, 1.58, 41.89
Accel: 0.13, -0.05, -0.93
Gyro: 44.63, 2.36, 41.50
Accel: 0.13, -0.08, -0.92
Gyro: 50.06, 2.64, 39.57
Accel: 0.14, -0.14, -0.91
Gyro: 55.95, 1.94, 36.72
Accel: 0.14, -0.16, -0.88
Gyro: 63.07, -0.40, 33.91
Accel: 0.14, -0.20, -0.88
Gyro: 68.98, -2.39, 33.74
Accel: 0.12, -0.23, -0.88
Gyro: 73.01, -3.80, 34.45
Accel: 0.12, -0.26, -0.85
Gyro: 75.61, -4.59, 36.38
Accel: 0.10, -0.33, -0.84
Gyro: 77.80, -6.14, 39.20
Accel: 0.08, -0.43, -0.83
Gyro: 77.40, -7.81, 39.97
Accel: 0.06, -0.53, -0.81
Gyro: 67.57, -8.13, 37.50
Accel: 0.05, -0.62, -0.84
Gyro: 52.87, -6.91, 32.58
Accel: 0.04, -0.62, -0.82
Gyro: 36.50, -6.16, 27.34
Accel: 0.03, -0.56, -0.80
Gyro: 26.55, -8.26, 27.60
Accel: 0.02, -0.57, -0.82
Gyro: 22.99, -7.33, 27.63
Accel: 0.03, -0.54, -0.79
Gyro: 19.45, -5.74, 27.07
Accel: 0.01, -0.57, -0.75
Gyro: 24.56, -7.53, 28.80
Accel: 0.01, -0.62, -0.73
Gyro: 23.12, -11.15, 26.86
Accel: -0.02, -0.67, -0.75
Gyro: 20.48, -13.60, 24.09
Accel: -0.05, -0.68, -0.80
Gyro: 17.19, -14.06, 20.13
Accel: -0.07, -0.72, -0.80
Gyro: 13.36, -9.57, 14.01
Accel: -0.07, -0.75, -0.78
Gyro: 7.03, -5.44, 6.53
Accel: -0.08, -0.74, -0.78
Gyro: 1.63, -3.40, -0.06
Accel: -0.08, -0.75, -0.79
Gyro: -4.03, -0.56, -7.00
Accel: -0.07, -0.71, -0.78
Gyro: -12.08, 1.64, -12.92
Accel: -0.06, -0.66, -0.77
Gyro: -13.76, 3.30, -13.87
Accel: -0.05, -0.66, -0.79
Gyro: -17.50, 6.97, -14.63
Accel: -0.05, -0.70, -0.80
Gyro: -23.67, 10.13, -15.88
Accel: -0.03, -0.67, -0.77
Gyro: -32.84, 11.38, -19.07
Accel: -0.01, -0.64, -0.76
Gyro: -39.70, 8.52, -20.55
Accel: -0.01, -0.65, -0.79
Gyro: -46.65, 7.71, -24.14
Accel: -0.00, -0.60, -0.81
Gyro: -53.76, 10.77, -29.75
Accel: 0.02, -0.53, -0.82
Gyro: -56.72, 12.21, -31.11
Accel: 0.04, -0.52, -0.79
Gyro: -57.78, 11.54, -32.68
Accel: 0.05, -0.47, -0.84
Gyro: -60.49, 10.27, -36.01
Accel: 0.06, -0.44, -0.84
Gyro: -60.97, 9.71, -36.66
Accel: 0.07, -0.41, -0.85
Gyro: -61.88, 8.61, -39.09
Accel: 0.08, -0.34, -0.86
Gyro: -64.29, 8.06, -40.68
Accel: 0.10, -0.29, -0.87
Gyro: -64.17, 6.77, -39.99
Accel: 0.11, -0.26, -0.86
Gyro: -63.40, 4.83, -39.95
Accel: 0.12, -0.21, -0.89
Gyro: -62.10, 3.00, -39.61
Accel: 0.11, -0.19, -0.90
Gyro: -59.55, 2.06, -39.83
Accel: 0.12, -0.16, -0.92
Gyro: -58.39, 3.13, -41.66
Accel: 0.13, -0.09, -0.92
Gyro: -55.45, 3.72, -41.51
Accel: 0.13, -0.07, -0.93
Gyro: -49.84, 2.98, -39.18
Accel: 0.14, -0.06, -0.91
Gyro: -47.29, 3.90, -38.12
Accel: 0.15, 0.03, -0.93
Gyro: -39.44, 3.35, -34.19
Accel: 0.15, 0.04, -0.94
Gyro: -35.45, 3.07, -30.19
Accel: 0.16, 0.07, -0.93
Gyro: -31.46, 2.11, -26.66
Accel: 0.16, 0.07, -0.95
Gyro: -28.28, 1.62, -23.24
Accel: 0.17, 0.08, -0.95
Gyro: -25.42, 1.27, -19.89
Accel: 0.17, 0.09, -0.95
Gyro: -23.48, 1.53, -16.68
Accel: 0.17, 0.10, -0.94
Gyro: -21.27, 1.37, -13.09
Accel: 0.17, 0.11, -0.95
Gyro: -18.75, 0.57, -10.10
Accel: 0.17, 0.11, -0.94
Gyro: -15.76, 0.40, -8.06
Accel: 0.17, 0.13, -0.95
Gyro: -12.66, -0.18, -6.42
Accel: 0.17, 0.11, -0.94
Gyro: -9.90, -0.87, -5.00
Accel: 0.17, 0.11, -0.95
Gyro: -8.58, -1.66, -4.93
Accel: 0.17, 0.12, -0.95
Gyro: -5.96, -1.75, -4.63
Accel: 0.16, 0.11, -0.95
Gyro: -3.73, -2.05, -3.95
Accel: 0.17, 0.10, -0.97
Gyro: -2.51, -1.97, -4.12
Accel: 0.16, 0.10, -0.97
Gyro: -2.78, -1.09, -4.02
Accel: 0.17, 0.10, -0.95
Gyro: -2.06, -0.97, -3.11
Accel: 0.16, 0.09, -0.95
Gyro: -2.08, -1.17, -2.71
Accel: 0.16, 0.09, -0.96
Gyro: -1.82, -1.40, -2.90
Accel: 0.16, 0.09, -0.96
Gyro: -1.17, -1.04, -2.56
Accel: 0.16, 0.09, -0.95
Gyro: -0.78, -0.58, -2.28
Accel: 0.16, 0.09, -0.94
Gyro: -0.43, -0.72, -1.91
Accel: 0.16, 0.08, -0.95
Gyro: -0.17, -1.08, -1.21
Accel: 0.16, 0.08, -0.95
Gyro: -0.30, -1.82, -1.26
Accel: 0.16, 0.08, -0.95
Gyro: -0.46, -1.28, -1.27
Accel: 0.16, 0.07, -0.96
Gyro: -0.86, -1.29, -1.34
Accel: 0.16, 0.07, -0.96
Gyro: -0.98, -1.06, -1.17
Accel: 0.16, 0.07, -0.95
Gyro: -0.92, -0.63, -1.07
