Accel: -0.06, 0.03, -0.97
Gyro: -2.17, 0.38, -0.43
Accel: -0.06, 0.03, -0.96
Gyro: -3.14, 0.29, -1.22
Accel: -0.05, 0.05, -0.97
Gyro: -1.91, 1.49, -1.64
Accel: -0.05, 0.03, -0.96
Gyro: -0.71, 0.76, -0.92
Accel: -0.05, 0.03, -0.94
Gyro: -1.68, 0.24, -0.42
Accel: -0.05, 0.03, -0.96
Gyro: -1.88, -0.32, 0.43
Accel: -0.05, 0.02, -0.95
Gyro: -1.43, -0.84, 0.69
Accel: -0.04, 0.02, -0.95
Gyro: -1.98, -1.19, -0.61
Accel: -0.05, 0.02, -0.96
Gyro: -2.11, -1.27, -1.55
Accel: -0.04, 0.02, -0.96
Gyro: -1.95, -1.50, -2.03
Accel: -0.05, 0.03, -0.98
Gyro: -2.96, -1.53, -2.75
Accel: -0.05, 0.03, -0.96
Gyro: -1.87, -1.05, -1.59
Accel: -0.06, 0.03, -0.98
Gyro: -2.75, -0.79, -1.14
Accel: -0.06, 0.03, -0.96
Gyro: -3.40, -0.52, -1.46
Accel: -0.06, 0.03, -0.96
Gyro: -3.07, 0.06, -1.75
Accel: -0.06, 0.03, -0.96
Gyro: -2.93, 0.60, -2.19
Accel: -0.05, 0.04, -0.96
Gyro: -2.34, 1.58, -1.98
Accel: -0.05, 0.04, -0.95
Gyro: -1.63, 0.92, -0.66
Accel: -0.05, 0.03, -0.96
Gyro: -1.98, 0.10, -0.17
Accel: -0.04, 0.03, -0.96
Gyro: -2.53, -0.96, -0.89
Accel: -0.04, 0.03, -0.96
Gyro: -2.08, -1.32, -1.80
Accel: -0.05, 0.03, -0.96
Gyro: -2.04, -1.64, -2.19
Accel: -0.04, 0.03, -0.97
Gyro: -2.27, -1.97, -2.17
Accel: -0.05, 0.04, -0.96
Gyro: -2.18, -2.49, -1.08
Accel: -0.05, 0.03, -0.98
Gyro: -1.86, -2.19, -0.27
Accel: -0.06, 0.02, -0.98
Gyro: -2.85, -0.71, -0.82
Accel: -0.09, 0.03, -1.04
Gyro: -3.64, 3.65, -1.76
Accel: -0.13, 0.05, -1.13
Gyro: -3.88, 17.65, 0.65
Accel: -0.19, 0.05, -1.22
Gyro: -7.77, 39.31, 5.85
Accel: -0.28, 0.09, -1.44
Gyro: -10.64, 83.42, 13.59
Accel: -0.14, 0.05, -1.05
Gyro: -12.62, 126.91, 19.26
Accel: -0.06, 0.04, -1.10
Gyro: -9.10, 131.76, 20.30
Accel: -0.00, 0.00, -0.99
Gyro: -12.74, 158.95, 19.29
Accel: 0.25, 0.01, -0.58
Gyro: -7.16, 138.05, 13.28
Accel: 0.33, -0.01, -0.71
Gyro: -11.28, 107.71, 7.17
Accel: 0.37, 0.00, -0.77
Gyro: -13.33, 101.92, 2.94
Accel: 0.54, 0.03, -0.58
Gyro: -17.57, 80.47, 0.05
Accel: 0.57, 0.05, -0.64
Gyro: -15.27, 48.45, -0.29
Accel: 0.60, 0.05, -0.68
Gyro: -14.91, 32.75, -2.50
Accel: 0.62, 0.03, -0.65
Gyro: -15.18, 16.04, -7.93
Accel: 0.64, 0.10, -0.67
Gyro: -13.56, 0.11, -9.12
Accel: 0.64, 0.12, -0.66
Gyro: -2.90, -15.84, -9.93
Accel: 0.65, 0.10, -0.59
Gyro: 9.21, -36.71, -12.52
Accel: 0.66, 0.09, -0.44
Gyro: 24.44, -76.38, -18.27
Accel: 0.54, 0.07, -0.46
Gyro: 33.97, -124.57, -19.48
Accel: 0.36, 0.05, -0.66
Gyro: 39.23, -152.97, -16.12
Accel: 0.17, -0.01, -1.05
Gyro: 25.05, -141.00, -12.92
Accel: 0.14, 0.03, -1.19
Gyro: 5.22, -113.95, -11.00
Accel: 0.10, 0.05, -1.09
Gyro: -1.27, -85.93, -7.55
Accel: 0.06, 0.11, -1.07
Gyro: -2.82, -69.43, -0.32
Accel: 0.02, 0.10, -1.06
Gyro: -5.23, -56.76, 17.18
Accel: -0.01, 0.05, -1.01
Gyro: -2.49, -50.31, 23.59
Accel: -0.04, -0.00, -0.96
Gyro: 1.56, -47.32, 21.83
Accel: -0.08, -0.04, -1.01
Gyro: 0.85, -40.13, 14.12
Accel: -0.09, -0.01, -1.01
Gyro: -0.94, -33.07, 8.19
Accel: -0.10, 0.01, -1.01
Gyro: -1.79, -26.71, 5.20
Accel: -0.11, 0.00, -1.02
Gyro: -4.97, -21.74, 2.00
Accel: -0.11, 0.01, -1.03
Gyro: -5.52, -13.84, -2.17
Accel: -0.10, 0.02, -1.01
Gyro: -5.14, -8.45, -6.02
Accel: -0.09, 0.04, -1.00
Gyro: -5.07, -4.67, -7.58
Accel: -0.10, 0.05, -0.99
Gyro: 0.85, -1.79, -5.02
Accel: -0.08, 0.03, -0.96
Gyro: -4.33, 1.85, -3.36
Accel: -0.07, 0.03, -0.95
Gyro: -4.66, 0.76, -2.54
Accel: -0.06, 0.03, -0.95
Gyro: -5.35, 0.16, -3.29
Accel: -0.05, 0.04, -0.96
Gyro: -6.08, 0.02, -4.39
Accel: -0.05, 0.05, -0.97
Gyro: -4.36, 0.08, -4.67
Accel: -0.05, 0.05, -0.96
Gyro: -4.17, 0.17, -3.88
Accel: -0.04, 0.05, -0.96
Gyro: -4.09, 0.21, -2.65
Accel: -0.05, 0.06, -0.97
Gyro: -4.15, 0.18, -1.85
Accel: -0.05, 0.04, -0.96
Gyro: -3.91, -0.40, -1.95
Accel: -0.04, 0.05, -0.95
Gyro: -3.60, -1.53, -2.56
Accel: -0.05, 0.04, -0.96
Gyro: -3.64, -1.95, -2.98
Accel: -0.05, 0.06, -0.96
Gyro: -3.49, -2.18, -2.73
Accel: -0.06, 0.05, -0.96
Gyro: -3.43, -2.53, -2.77
Accel: -0.06, 0.07, -0.98
Gyro: -0.69, -2.43, -1.36
Accel: -0.07, 0.05, -0.96
Gyro: 0.31, -2.66, 0.13
Accel: -0.06, 0.04, -0.97
Gyro: -0.09, -2.53, 0.73
Accel: -0.08, 0.03, -0.97
Gyro: -0.40, -2.31, 1.39
Accel: -0.07, 0.02, -0.97
Gyro: -0.77, -1.06, 1.32
Accel: -0.06, 0.03, -0.97
Gyro: -1.82, -0.21, 0.03
Accel: -0.06, 0.03, -0.97
Gyro: -1.27, 0.02, -1.46
Accel: -0.06, 0.02, -0.97
Gyro: -1.80, -0.19, -1.95
Accel: -0.05, 0.04, -0.96
Gyro: -2.62, -0.56, -2.69
Accel: -0.05, 0.04, -0.97
Gyro: -2.93, -0.81, -1.87
Accel: -0.06, 0.03, -0.98
Gyro: -3.01, -0.53, -1.55
Accel: -0.06, 0.04, -0.96
Gyro: -3.52, 0.16, -1.58
Accel: -0.06, 0.04, -0.96
Gyro: -3.41, 0.29, -2.11
Accel: -0.05, 0.05, -0.96
Gyro: -2.69, 0.05, -2.49
Accel: -0.05, 0.05, -0.96
Gyro: -2.18, -0.22, -2.32
Accel: -0.05, 0.05, -0.96
Gyro: -2.03, -0.53, -1.43
Accel: -0.06, 0.04, -0.96
Gyro: -2.43, -1.19, -1.13
Accel: -0.06, 0.04, -0.96
Gyro: -2.37, -1.62, -1.06
Accel: -0.05, 0.03, -0.95
Gyro: -2.22, -1.34, -1.40
Accel: -0.06, 0.04, -0.96
Gyro: -1.95, -1.44, -1.77
Accel: -0.07, 0.04, -0.95
Gyro: -1.98, -1.28, -1.40
Accel: -0.07, 0.04, -0.97
Gyro: -1.90, -1.12, -0.83
Accel: -0.06, 0.03, -0.97
Gyro: -3.08, -0.69, -1.27
Accel: -0.07, 0.05, -0.98
Gyro: -2.64, -0.12, -2.11
Accel: -0.06, 0.05, -0.96
Gyro: -0.65, -0.22, -1.71
Accel: -0.06, 0.03, -0.96
Gyro: -1.98, -0.57, -1.53
Accel: -0.06, 0.05, -0.96
Gyro: -2.24, -0.82, -0.82
