Accel: -0.05, 0.08, -0.97
Gyro: -2.90, -0.47, -1.32
Accel: -0.04, 0.07, -0.97
Gyro: -2.26, -0.62, -0.89
Accel: -0.04, 0.06, -0.95
Gyro: -3.35, -0.66, -1.48
Accel: -0.04, 0.06, -0.95
Gyro: -3.55, -0.76, -2.08
Accel: -0.04, 0.08, -0.97
Gyro: -3.21, -0.76, -2.09
Accel: -0.03, 0.07, -0.95
Gyro: -2.85, -1.08, -2.12
Accel: -0.04, 0.09, -0.97
Gyro: -2.67, -1.53, -2.12
Accel: -0.04, 0.08, -0.97
Gyro: -2.33, -1.48, -1.48
Accel: -0.04, 0.07, -0.97
Gyro: -2.76, -1.91, -1.21
Accel: -0.04, 0.08, -0.97
Gyro: -3.30, -1.86, -1.69
Accel: -0.05, 0.07, -0.96
Gyro: -2.75, -1.51, -2.12
Accel: -0.04, 0.07, -0.95
Gyro: -2.75, -1.27, -2.49
Accel: -0.04, 0.08, -0.96
Gyro: -2.97, -1.75, -2.58
Accel: -0.05, 0.08, -0.96
Gyro: -2.88, -1.69, -2.05
Accel: -0.04, 0.08, -0.96
Gyro: -2.57, -1.55, -1.40
Accel: -0.04, 0.07, -0.96
Gyro: -3.17, -1.29, -1.86
Accel: -0.05, 0.08, -0.96
Gyro: -3.42, -1.24, -2.70
Accel: -0.05, 0.09, -0.97
Gyro: -0.72, -0.87, -1.60
Accel: -0.05, 0.08, -0.97
Gyro: -1.64, -0.67, -0.75
Accel: -0.06, 0.08, -0.97
Gyro: -2.50, 0.51, -0.21
Accel: -0.06, 0.08, -0.99
Gyro: -2.23, 1.88, 0.09
Accel: -0.10, 0.08, -1.07
Gyro: -2.67, 10.47, 0.32
Accel: -0.14, 0.10, -1.14
Gyro: -3.86, 28.66, 1.17
Accel: -0.21, 0.15, -1.33
Gyro: -2.40, 63.63, 7.21
Accel: -0.21, 0.14, -1.29
Gyro: 0.56, 105.62, 13.03
Accel: -0.18, 0.08, -1.30
Gyro: -8.54, 159.09, 18.37
Accel: 0.08, 0.05, -0.75
Gyro: -0.11, 154.05, 19.52
Accel: 0.26, 0.03, -0.61
Gyro: 0.85, 121.83, 15.66
Accel: 0.37, -0.00, -0.62
Gyro: 0.31, 92.40, 8.38
Accel: 0.46, 0.01, -0.60
Gyro: -2.49, 61.11, 1.29
Accel: 0.49, 0.04, -0.66
Gyro: -3.62, 33.74, -1.26
Accel: 0.51, 0.06, -0.73
Gyro: -5.04, 16.56, -0.63
Accel: 0.53, 0.06, -0.70
Gyro: -5.58, 0.25, -0.64
Accel: 0.53, 0.06, -0.72
Gyro: -7.03, -19.14, -1.41
Accel: 0.51, 0.06, -0.73
Gyro: -7.22, -36.46, -3.90
Accel: 0.50, 0.05, -0.66
Gyro: -2.62, -60.60, -6.71
Accel: 0.44, 0.06, -0.64
Gyro: 2.17, -91.29, -9.33
Accel: 0.33, 0.06, -0.73
Gyro: 3.59, -114.63, -10.46
Accel: 0.24, 0.06, -0.86
Gyro: 3.97, -126.23, -11.61
Accel: 0.09, 0.05, -1.16
Gyro: -1.89, -110.47, -11.97
Accel: 0.04, 0.07, -1.09
Gyro: -5.55, -84.06, -12.74
Accel: 0.02, 0.12, -1.07
Gyro: -2.99, -68.42, -9.99
Accel: -0.04, 0.09, -1.07
Gyro: 0.03, -56.34, -5.25
Accel: -0.09, 0.06, -1.05
Gyro: -1.43, -44.50, -4.01
Accel: -0.13, 0.06, -1.02
Gyro: -2.39, -35.93, -3.60
Accel: -0.14, 0.06, -1.03
Gyro: -3.01, -27.63, -3.91
Accel: -0.15, 0.06, -1.00
Gyro: 1.62, -20.29, -3.94
Accel: -0.15, 0.06, -1.00
Gyro: -3.81, -14.21, -5.59
Accel: -0.15, 0.07, -1.00
Gyro: -3.59, -9.90, -5.97
Accel: -0.12, 0.07, -0.99
Gyro: -5.48, -5.33, -7.20
Accel: -0.11, 0.10, -0.99
Gyro: -2.88, -2.27, -4.64
Accel: -0.10, 0.08, -0.98
Gyro: -2.02, 0.35, -2.07
Accel: -0.08, 0.08, -0.97
Gyro: -2.30, 2.33, -0.92
Accel: -0.07, 0.07, -0.97
Gyro: -3.40, 2.70, -0.53
Accel: -0.06, 0.07, -0.96
Gyro: -4.17, 3.01, -1.34
Accel: -0.04, 0.07, -0.97
Gyro: -4.04, 2.94, -2.42
Accel: -0.05, 0.08, -0.96
Gyro: -3.11, 2.35, -3.14
Accel: -0.04, 0.08, -0.97
Gyro: -2.53, 1.84, -3.17
Accel: -0.04, 0.09, -0.96
Gyro: -2.61, 1.18, -2.93
Accel: -0.04, 0.10, -0.96
Gyro: -2.53, 0.43, -1.75
Accel: -0.04, 0.08, -0.95
Gyro: -2.75, -0.41, -0.67
Accel: -0.05, 0.07, -0.94
Gyro: -2.65, -2.01, -0.50
Accel: -0.07, 0.08, -0.95
Gyro: -2.96, -3.07, -1.10
Accel: -0.07, 0.08, -0.96
Gyro: -2.03, -3.62, -1.26
Accel: -0.08, 0.08, -0.95
Gyro: -2.82, -3.46, -2.95
Accel: -0.09, 0.10, -0.97
Gyro: -1.79, -2.57, -3.56
Accel: -0.09, 0.09, -0.96
Gyro: 0.14, -1.72, -2.10
Accel: -0.09, 0.09, -0.98
Gyro: 0.69, -1.26, -1.08
Accel: -0.08, 0.08, -0.97
Gyro: -1.10, 0.09, 0.38
Accel: -0.08, 0.07, -0.97
Gyro: -0.27, 1.02, 1.63
Accel: -0.06, 0.06, -0.96
Gyro: -0.37, 1.64, 1.15
Accel: -0.06, 0.06, -0.96
Gyro: -1.10, 2.08, -0.21
Accel: -0.06, 0.06, -0.97
Gyro: -0.72, 1.92, -0.63
Accel: -0.05, 0.06, -0.97
Gyro: -1.85, 1.30, -1.33
Accel: -0.05, 0.08, -0.96
Gyro: -1.75, 1.22, -1.55
Accel: -0.06, 0.06, -0.97
Gyro: -1.89, 0.77, -1.31
Accel: -0.05, 0.07, -0.96
Gyro: -2.94, 0.02, -1.43
Accel: -0.06, 0.07, -0.96
Gyro: -3.23, -0.67, -1.59
Accel: -0.06, 0.07, -0.95
Gyro: -2.53, -0.84, -1.79
Accel: -0.06, 0.07, -0.96
Gyro: -2.34, -1.04, -1.85
Accel: -0.06, 0.08, -0.96
Gyro: -2.05, -1.35, -1.46
Accel: -0.06, 0.07, -0.96
Gyro: -1.81, -1.34, -0.85
Accel: -0.07, 0.06, -0.96
Gyro: -2.19, -1.34, -0.66
Accel: -0.07, 0.07, -0.97
Gyro: -2.45, -0.82, -1.02
Accel: -0.07, 0.07, -0.97
Gyro: -2.07, -0.27, -1.41
Accel: -0.06, 0.07, -0.96
Gyro: -1.90, -0.01, -1.42
Accel: -0.06, 0.07, -0.97
Gyro: -2.25, -0.24, -1.09
Accel: -0.05, 0.07, -0.96
Gyro: -2.36, 0.11, -0.46
Accel: -0.05, 0.05, -0.96
Gyro: -3.16, 0.47, -0.49
Accel: -0.06, 0.06, -0.97
Gyro: -4.00, 0.53, -1.79
Accel: -0.06, 0.08, -0.97
Gyro: -2.01, 1.03, -1.85
Accel: -0.06, 0.07, -0.96
Gyro: -2.28, 0.89, -1.29
Accel: -0.06, 0.07, -0.96
Gyro: -3.42, 0.61, -1.05
Accel: -0.06, 0.07, -0.96
Gyro: -3.24, 0.05, -0.76
Accel: -0.05, 0.06, -0.96
Gyro: -3.16, -0.08, -1.23
Accel: -0.05, 0.06, -0.96
Gyro: -4.14, -0.01, -2.39
Accel: -0.05, 0.07, -0.96
Gyro: -3.82, -0.75, -3.11
Accel: -0.05, 0.07, -0.96
Gyro: -3.63, -1.17, -2.96
Accel: -0.06, 0.08, -0.97
Gyro: -4.18, -0.89, -2.88
Accel: -0.06, 0.09, -0.97
Gyro: -2.72, -0.85, -1.77
Accel: -0.06, 0.07, -0.96
Gyro: -3.46, -1.05, -1.16
