Accel: -0.05, 0.04, -0.97
Gyro: -1.72, -0.50, 0.01
Accel: -0.06, 0.02, -0.96
Gyro: -2.24, -0.31, -0.47
Accel: -0.05, 0.03, -0.95
Gyro: -2.92, -0.31, -1.50
Accel: -0.06, 0.03, -0.96
Gyro: -2.26, -1.01, -1.73
Accel: -0.06, 0.03, -0.96
Gyro: -3.33, -1.36, -2.28
Accel: -0.06, 0.05, -0.97
Gyro: -2.50, -0.82, -2.01
Accel: -0.06, 0.04, -0.96
Gyro: -2.31, -0.72, -1.02
Accel: -0.06, 0.04, -0.96
Gyro: -3.36, -0.84, -0.92
Accel: -0.06, 0.04, -0.96
Gyro: -3.19, -0.54, -1.18
Accel: -0.06, 0.04, -0.96
Gyro: -2.68, -0.62, -1.72
Accel: -0.06, 0.05, -0.97
Gyro: -2.24, -0.36, -2.05
Accel: -0.06, 0.05, -0.96
Gyro: -2.21, -0.68, -1.50
Accel: -0.06, 0.04, -0.96
Gyro: -2.29, -0.95, -0.49
Accel: -0.06, 0.04, -0.96
Gyro: -2.68, -1.23, -0.35
Accel: -0.06, 0.04, -0.96
Gyro: -2.69, -0.92, -1.18
Accel: -0.05, 0.04, -0.96
Gyro: -2.17, -1.11, -1.99
Accel: -0.06, 0.05, -0.95
Gyro: -2.24, -1.52, -2.11
Accel: -0.07, 0.05, -0.98
Gyro: -2.49, -1.40, -1.56
Accel: -0.08, 0.05, -0.99
Gyro: -2.56, 0.68, -0.37
Accel: -0.14, 0.03, -1.12
Gyro: -4.52, 12.78, 0.25
Accel: -0.15, 0.06, -1.10
Gyro: -7.78, 27.13, 0.60
Accel: -0.21, 0.08, -1.23
Gyro: -8.67, 48.81, 3.77
Accel: -0.19, 0.10, -1.20
Gyro: -5.66, 79.76, 8.67
Accel: -0.17, 0.08, -1.18
Gyro: -5.58, 107.71, 12.07
Accel: -0.13, 0.09, -1.18
Gyro: -8.49, 134.42, 16.49
Accel: -0.07, 0.07, -1.07
Gyro: -13.24, 166.66, 22.00
Accel: 0.23, 0.03, -0.56
Gyro: -5.26, 149.01, 21.34
Accel: 0.46, -0.01, -0.42
Gyro: -0.13, 98.72, 14.00
Accel: 0.57, -0.02, -0.48
Gyro: 0.70, 50.61, 5.56
Accel: 0.59, 0.01, -0.59
Gyro: -1.78, 18.09, -0.60
Accel: 0.58, 0.04, -0.68
Gyro: -2.38, -3.92, -0.63
Accel: 0.59, 0.02, -0.64
Gyro: -3.37, -22.68, -0.51
Accel: 0.60, 0.00, -0.57
Gyro: -4.63, -53.71, -5.20
Accel: 0.53, 0.05, -0.61
Gyro: -1.40, -87.04, -9.51
Accel: 0.43, 0.05, -0.72
Gyro: 2.97, -110.09, -12.24
Accel: 0.31, 0.06, -0.93
Gyro: 4.00, -119.80, -14.40
Accel: 0.17, 0.05, -1.13
Gyro: 5.17, -100.53, -13.53
Accel: 0.14, 0.05, -1.04
Gyro: 7.22, -79.50, -13.15
Accel: 0.09, 0.04, -1.01
Gyro: 9.24, -72.49, -12.04
Accel: 0.02, 0.04, -1.02
Gyro: 9.00, -65.05, -9.12
Accel: -0.04, 0.04, -1.06
Gyro: -0.27, -55.53, -2.51
Accel: -0.08, 0.03, -1.01
Gyro: -12.92, -44.36, 5.03
Accel: -0.13, -0.00, -1.02
Gyro: -14.54, -39.73, 3.51
Accel: -0.19, 0.00, -1.06
Gyro: -12.15, -28.31, -1.90
Accel: -0.19, 0.03, -1.01
Gyro: -7.94, -18.79, -7.03
Accel: -0.19, 0.06, -1.00
Gyro: -8.06, -13.53, -10.03
Accel: -0.19, 0.09, -1.01
Gyro: -2.07, -5.71, -6.16
Accel: -0.16, 0.08, -0.99
Gyro: -5.87, 0.85, -2.24
Accel: -0.14, 0.07, -0.98
Gyro: -5.82, 3.42, -0.38
Accel: -0.10, 0.08, -0.99
Gyro: -4.46, 4.76, 0.84
Accel: -0.07, 0.07, -0.99
Gyro: -3.91, 8.05, 1.28
Accel: -0.04, 0.06, -0.98
Gyro: -1.82, 9.38, 0.66
Accel: -0.01, 0.05, -0.97
Gyro: -1.37, 9.61, -0.03
Accel: 0.01, 0.03, -0.96
Gyro: -3.99, 8.97, -2.40
Accel: 0.02, 0.03, -0.96
Gyro: -8.06, 7.81, -4.19
Accel: 0.02, 0.06, -0.95
Gyro: -9.51, 6.10, -4.41
Accel: 0.01, 0.07, -0.95
Gyro: -9.48, 4.23, -4.43
Accel: 0.01, 0.07, -0.95
Gyro: -8.70, 1.90, -5.03
Accel: 0.01, 0.08, -0.93
Gyro: -7.55, -0.47, -5.71
Accel: 0.00, 0.09, -0.94
Gyro: -6.28, -2.75, -6.13
Accel: -0.01, 0.09, -0.94
Gyro: -4.59, -5.07, -5.46
Accel: -0.03, 0.10, -0.94
Gyro: -3.68, -6.97, -4.46
Accel: -0.05, 0.10, -0.95
Gyro: -3.20, -7.59, -3.62
Accel: -0.06, 0.09, -0.96
Gyro: -2.51, -7.42, -2.92
Accel: -0.07, 0.09, -0.96
Gyro: -1.88, -6.75, -2.36
Accel: -0.08, 0.08, -0.98
Gyro: -1.56, -5.60, -1.50
Accel: -0.08, 0.08, -0.98
Gyro: -0.53, -3.71, -0.48
Accel: -0.07, 0.07, -0.98
Gyro: -0.76, -1.08, -0.12
Accel: -0.06, 0.08, -0.99
Gyro: -0.81, 1.16, -0.57
Accel: -0.04, 0.08, -0.98
Gyro: 1.01, 3.05, 0.20
Accel: -0.03, 0.06, -0.96
Gyro: 0.21, 2.98, 0.39
Accel: -0.03, 0.06, -0.96
Gyro: -1.10, 2.40, 0.19
Accel: -0.02, 0.06, -0.95
Gyro: -1.78, 1.69, 0.19
Accel: -0.02, 0.06, -0.95
Gyro: -2.49, 1.40, -0.64
Accel: -0.02, 0.06, -0.96
Gyro: -3.31, 0.66, -2.03
Accel: -0.04, 0.07, -0.96
Gyro: -3.17, -0.25, -2.84
Accel: -0.04, 0.06, -0.97
Gyro: -3.76, -0.89, -3.27
Accel: -0.03, 0.09, -0.96
Gyro: -3.80, -0.73, -3.40
Accel: -0.04, 0.08, -0.96
Gyro: -2.92, -0.92, -2.37
Accel: -0.04, 0.09, -0.96
Gyro: -3.13, -0.96, -1.77
Accel: -0.04, 0.09, -0.97
Gyro: -2.97, -1.09, -1.36
Accel: -0.05, 0.08, -0.96
Gyro: -2.17, -0.98, -0.99
Accel: -0.04, 0.08, -0.97
Gyro: -1.42, -0.12, -1.14
Accel: -0.04, 0.08, -0.96
Gyro: -1.11, 0.22, -0.66
Accel: -0.04, 0.07, -0.96
Gyro: -0.75, 0.02, 0.01
Accel: -0.03, 0.07, -0.95
Gyro: -1.10, -0.47, 0.30
Accel: -0.04, 0.07, -0.96
Gyro: -1.38, -0.45, -0.09
Accel: -0.03, 0.06, -0.97
Gyro: -1.30, -0.30, -0.79
Accel: -0.03, 0.07, -0.95
Gyro: -1.45, -0.76, -1.29
Accel: -0.03, 0.07, -0.96
Gyro: -1.92, -1.62, -1.43
Accel: -0.03, 0.07, -0.96
Gyro: -2.12, -1.79, -0.77
Accel: -0.03, 0.06, -0.96
Gyro: -3.07, -1.46, -1.21
Accel: -0.04, 0.07, -0.98
Gyro: -3.47, -1.71, -2.43
Accel: -0.04, 0.08, -0.97
Gyro: -1.34, -1.51, -2.33
Accel: -0.04, 0.07, -0.96
Gyro: -1.95, -1.56, -1.76
Accel: -0.05, 0.08, -0.96
Gyro: -3.01, -1.68, -1.13
Accel: -0.05, 0.08, -0.95
Gyro: -2.36, -1.59, -0.33
Accel: -0.05, 0.06, -0.96
Gyro: -2.14, -1.14, -0.74
Accel: -0.04, 0.07, -0.97
Gyro: -2.85, -0.92, -1.55
Accel: -0.04, 0.08, -0.97
Gyro: -2.08, -0.89, -1.29
Accel: -0.04, 0.06, -0.96
Gyro: -2.83, -1.38, -1.02
