Accel: -0.07, 0.08, -0.97
Gyro: -4.08, 0.55, -2.67
Accel: -0.07, 0.07, -0.96
Gyro: -2.36, 0.12, -1.34
Accel: -0.07, 0.06, -0.95
Gyro: -2.92, -0.50, -1.09
Accel: -0.08, 0.07, -0.95
Gyro: -2.85, -0.32, -0.51
Accel: -0.07, 0.06, -0.96
Gyro: -1.95, -0.15, -0.68
Accel: -0.07, 0.06, -0.96
Gyro: -2.19, -0.45, -1.21
Accel: -0.07, 0.07, -0.96
Gyro: -1.95, -0.63, -1.88
Accel: -0.07, 0.06, -0.97
Gyro: -1.81, -1.07, -1.51
Accel: -0.07, 0.07, -0.96
Gyro: -2.69, -1.29, -1.70
Accel: -0.07, 0.07, -0.96
Gyro: -1.59, -0.98, -0.87
Accel: -0.07, 0.06, -0.97
Gyro: -2.20, -0.70, -0.70
Accel: -0.07, 0.06, -0.97
Gyro: -2.74, -0.37, -1.34
Accel: -0.07, 0.07, -0.96
Gyro: -2.24, -0.56, -1.88
Accel: -0.08, 0.07, -0.96
Gyro: -2.05, -0.47, -1.70
Accel: -0.07, 0.07, -0.96
Gyro: -1.99, -0.68, -1.34
Accel: -0.07, 0.06, -0.96
Gyro: -1.89, -0.89, -0.61
Accel: -0.07, 0.06, -0.95
Gyro: -1.93, -1.60, -0.56
Accel: -0.07, 0.06, -0.95
Gyro: -1.73, -2.40, -1.00
Accel: -0.06, 0.06, -0.96
Gyro: -1.98, -2.75, -1.27
Accel: -0.07, 0.06, -0.96
Gyro: -2.24, -3.15, -1.17
Accel: -0.08, 0.06, -0.97
Gyro: -2.31, -2.62, -1.72
Accel: -0.09, 0.05, -0.97
Gyro: -2.04, -1.82, -1.79
Accel: -0.14, 0.06, -1.07
Gyro: -4.07, 5.71, -1.69
Accel: -0.23, 0.11, -1.28
Gyro: -7.54, 31.71, 0.55
Accel: -0.28, 0.10, -1.33
Gyro: -8.14, 72.87, 7.26
Accel: -0.20, 0.10, -1.10
Gyro: -10.32, 102.97, 12.35
Accel: -0.05, 0.07, -0.89
Gyro: -3.56, 103.26, 14.23
Accel: 0.03, 0.08, -0.93
Gyro: -1.52, 100.81, 14.20
Accel: 0.17, 0.03, -0.76
Gyro: 0.96, 87.88, 11.28
Accel: 0.28, 0.03, -0.72
Gyro: -1.85, 66.66, 6.27
Accel: 0.36, 0.03, -0.71
Gyro: -1.44, 44.43, 2.98
Accel: 0.40, 0.04, -0.72
Gyro: -3.24, 21.93, -0.40
Accel: 0.43, 0.08, -0.72
Gyro: -2.55, 0.19, -0.99
Accel: 0.44, 0.06, -0.73
Gyro: -1.98, -20.74, 0.29
Accel: 0.43, 0.04, -0.69
Gyro: -2.50, -43.32, -1.35
Accel: 0.40, 0.06, -0.65
Gyro: -1.80, -73.91, -3.90
Accel: 0.31, 0.06, -0.75
Gyro: 1.39, -98.15, -4.04
Accel: 0.19, 0.05, -0.91
Gyro: 3.18, -109.13, -5.73
Accel: 0.03, 0.04, -1.14
Gyro: 3.23, -94.99, -8.38
Accel: -0.03, 0.06, -1.08
Gyro: 4.14, -76.06, -9.75
Accel: -0.10, 0.05, -1.10
Gyro: 2.98, -63.74, -8.26
Accel: -0.18, 0.10, -1.13
Gyro: 9.59, -49.67, -4.13
Accel: -0.20, 0.04, -1.06
Gyro: 3.96, -34.41, -5.30
Accel: -0.22, 0.04, -1.02
Gyro: 3.50, -23.83, -4.18
Accel: -0.22, 0.04, -0.99
Gyro: -2.35, -16.22, -3.30
Accel: -0.20, 0.03, -0.96
Gyro: -2.40, -12.54, -2.91
Accel: -0.19, 0.03, -0.95
Gyro: -5.57, -8.84, -4.35
Accel: -0.19, 0.04, -0.97
Gyro: -3.87, -6.31, -4.48
Accel: -0.18, 0.04, -0.96
Gyro: -2.44, -4.28, -3.75
Accel: -0.16, 0.05, -0.97
Gyro: -1.95, -1.77, -2.73
Accel: -0.14, 0.05, -0.99
Gyro: -2.84, 0.01, -1.43
Accel: -0.13, 0.05, -0.99
Gyro: -3.14, 2.22, -0.09
Accel: -0.10, 0.04, -0.99
Gyro: -3.75, 4.59, 0.27
Accel: -0.08, 0.04, -0.99
Gyro: -3.03, 5.59, -0.43
Accel: -0.06, 0.04, -0.97
Gyro: -1.60, 5.42, -1.05
Accel: -0.06, 0.05, -0.97
Gyro: -2.86, 4.72, -2.18
Accel: -0.06, 0.05, -0.98
Gyro: -3.00, 4.96, -2.26
Accel: -0.07, 0.05, -0.96
Gyro: -3.64, 4.01, -1.82
Accel: -0.07, 0.05, -0.95
Gyro: -4.07, 2.20, -0.98
Accel: -0.08, 0.05, -0.94
Gyro: -4.57, -0.02, -1.02
Accel: -0.10, 0.05, -0.94
Gyro: -4.40, -1.70, -1.50
Accel: -0.12, 0.05, -0.94
Gyro: -3.75, -2.72, -2.70
Accel: -0.11, 0.06, -0.94
Gyro: -3.01, -3.86, -3.14
Accel: -0.12, 0.06, -0.94
Gyro: -2.27, -4.53, -2.91
Accel: -0.14, 0.06, -0.96
Gyro: -2.04, -3.88, -2.19
Accel: -0.14, 0.06, -0.98
Gyro: -1.50, -2.20, -1.56
Accel: -0.13, 0.05, -0.98
Gyro: -1.06, 0.07, -0.69
Accel: -0.13, 0.04, -0.99
Gyro: -0.76, 2.20, 0.11
Accel: -0.13, 0.05, -1.00
Gyro: -1.00, 4.74, 0.43
Accel: -0.10, 0.04, -0.98
Gyro: -0.40, 7.02, 1.10
Accel: -0.08, 0.03, -0.97
Gyro: -0.81, 8.12, 0.94
Accel: -0.06, 0.05, -0.97
Gyro: -0.83, 8.35, 0.38
Accel: -0.05, 0.04, -0.96
Gyro: -0.17, 7.01, 1.13
Accel: -0.06, 0.03, -0.95
Gyro: -1.29, 5.18, 1.37
Accel: -0.05, 0.03, -0.94
Gyro: -2.67, 3.37, 0.91
Accel: -0.06, 0.03, -0.95
Gyro: -2.53, 1.98, 0.34
Accel: -0.07, 0.03, -0.94
Gyro: -3.20, 0.73, -1.22
Accel: -0.07, 0.04, -0.95
Gyro: -3.83, -0.69, -2.92
Accel: -0.08, 0.04, -0.98
Gyro: -3.94, -1.17, -3.08
Accel: -0.08, 0.03, -0.97
Gyro: -4.74, 0.84, -5.32
Accel: -0.08, 0.05, -0.95
Gyro: -3.51, 0.64, -6.68
Accel: -0.08, 0.05, -0.96
Gyro: -2.49, -0.60, -6.48
Accel: -0.09, 0.06, -0.97
Gyro: -3.46, -0.42, -4.92
Accel: -0.08, 0.07, -0.97
Gyro: -3.53, 0.22, -2.91
Accel: -0.07, 0.06, -0.97
Gyro: -3.16, 0.51, -0.66
Accel: -0.07, 0.06, -0.96
Gyro: -3.38, 0.21, 0.20
Accel: -0.06, 0.05, -0.95
Gyro: -2.78, -0.34, 0.46
Accel: -0.06, 0.04, -0.96
Gyro: -2.41, -0.97, 0.53
Accel: -0.06, 0.04, -0.96
Gyro: -2.59, -1.10, 0.07
Accel: -0.07, 0.05, -0.97
Gyro: -2.73, -1.30, -0.55
Accel: -0.07, 0.05, -0.97
Gyro: -2.75, -0.51, -1.15
Accel: -0.07, 0.04, -0.96
Gyro: -2.84, -0.26, -2.18
Accel: -0.07, 0.05, -0.96
Gyro: -2.56, -1.12, -2.06
Accel: -0.07, 0.05, -0.96
Gyro: -2.19, -1.08, -1.20
Accel: -0.07, 0.05, -0.95
Gyro: -3.08, -0.94, -0.91
Accel: -0.07, 0.06, -0.96
Gyro: -3.77, -1.08, -1.59
Accel: -0.07, 0.07, -0.97
Gyro: -1.40, -1.36, -0.69
Accel: -0.08, 0.05, -0.97
Gyro: -1.75, -1.59, -0.06
Accel: -0.07, 0.05, -0.96
Gyro: -2.53, -1.15, -0.45
Accel: -0.07, 0.05, -0.97
Gyro: -2.30, -0.93, -0.29
Accel: -0.07, 0.04, -0.96
Gyro: -2.14, -0.94, -0.96
