Accel: -0.15, 0.00, -0.96
Gyro: -2.62, 0.24, -1.49
Accel: -0.14, 0.01, -0.96
Gyro: -2.30, 0.21, -2.12
Accel: -0.14, 0.01, -0.95
Gyro: -2.43, -0.02, -1.84
Accel: -0.13, 0.02, -0.96
Gyro: -2.17, -0.21, -0.94
Accel: -0.14, 0.01, -0.96
Gyro: -2.37, -0.68, -0.60
Accel: -0.14, 0.01, -0.96
Gyro: -2.47, -0.27, -0.86
Accel: -0.14, -0.00, -0.95
Gyro: -2.50, -0.43, -1.34
Accel: -0.14, 0.01, -0.96
Gyro: -2.66, -0.81, -1.59
Accel: -0.14, 0.01, -0.95
Gyro: -2.58, -0.80, -1.21
Accel: -0.15, -0.00, -0.95
Gyro: -3.75, -0.53, -1.67
Accel: -0.15, 0.01, -0.96
Gyro: -3.75, -0.13, -2.57
Accel: -0.14, 0.03, -0.96
Gyro: -1.59, -0.27, -1.97
Accel: -0.14, 0.01, -0.95
Gyro: -2.28, -0.15, -1.12
Accel: -0.14, 0.01, -0.96
Gyro: -3.06, -0.37, -0.47
Accel: -0.13, 0.01, -0.95
Gyro: -2.45, -0.53, -0.59
Accel: -0.13, 0.00, -0.96
Gyro: -2.89, -0.43, -1.67
Accel: -0.14, 0.01, -0.98
Gyro: -2.85, 0.43, -2.21
Accel: -0.18, 0.02, -1.06
Gyro: -3.62, 8.38, -1.59
Accel: -0.22, 0.00, -1.13
Gyro: -5.50, 22.93, -1.98
Accel: -0.24, 0.04, -1.17
Gyro: -4.80, 43.78, -0.78
Accel: -0.22, 0.03, -1.09
Gyro: -6.08, 67.23, 1.40
Accel: -0.16, 0.03, -1.07
Gyro: -7.14, 79.32, 3.65
Accel: -0.08, 0.04, -1.00
Gyro: -7.80, 89.58, 7.13
Accel: 0.02, 0.05, -0.90
Gyro: -9.39, 90.23, 10.62
Accel: 0.09, 0.04, -0.87
Gyro: -2.19, 78.85, 12.57
Accel: 0.14, 0.00, -0.86
Gyro: 2.96, 70.67, 9.00
Accel: 0.17, -0.01, -0.92
Gyro: 1.19, 66.49, 3.01
Accel: 0.26, 0.01, -0.80
Gyro: -0.02, 58.89, -1.01
Accel: 0.32, 0.01, -0.77
Gyro: -0.88, 39.35, -1.88
Accel: 0.34, 0.01, -0.80
Gyro: -2.90, 23.09, -0.69
Accel: 0.37, -0.00, -0.80
Gyro: -3.96, 7.19, -0.17
Accel: 0.38, 0.01, -0.79
Gyro: -3.77, -10.44, -0.91
Accel: 0.36, -0.01, -0.79
Gyro: -3.27, -23.71, -2.65
Accel: 0.35, 0.02, -0.76
Gyro: -2.24, -42.67, -5.98
Accel: 0.30, 0.02, -0.74
Gyro: 2.24, -64.67, -5.08
Accel: 0.26, 0.01, -0.73
Gyro: 2.11, -89.02, -5.55
Accel: 0.15, 0.01, -0.82
Gyro: 0.72, -105.45, -5.06
Accel: 0.04, 0.03, -0.99
Gyro: -0.15, -109.03, -2.59
Accel: -0.04, 0.03, -1.04
Gyro: -1.26, -98.32, -2.62
Accel: -0.11, 0.02, -1.10
Gyro: -0.14, -80.21, -2.63
Accel: -0.16, 0.00, -1.09
Gyro: 2.08, -63.64, -3.69
Accel: -0.19, 0.00, -1.08
Gyro: 8.48, -46.53, -5.81
Accel: -0.24, -0.01, -1.06
Gyro: 7.02, -33.04, -6.90
Accel: -0.24, -0.01, -1.03
Gyro: 3.83, -21.22, -6.07
Accel: -0.23, -0.01, -1.01
Gyro: 1.24, -14.09, -4.26
Accel: -0.22, -0.01, -0.98
Gyro: -0.57, -10.78, -1.40
Accel: -0.21, -0.01, -0.99
Gyro: -5.45, -5.83, -0.97
Accel: -0.20, -0.01, -0.97
Gyro: -4.98, -2.11, -1.05
Accel: -0.19, -0.01, -0.97
Gyro: -3.70, -0.50, -2.05
Accel: -0.17, -0.01, -0.96
Gyro: -2.91, 1.41, -1.92
Accel: -0.17, -0.00, -0.95
Gyro: -3.49, 1.69, -2.08
Accel: -0.16, 0.00, -0.94
Gyro: -4.08, 1.02, -1.96
Accel: -0.15, -0.00, -0.95
Gyro: -4.49, 0.24, -2.17
Accel: -0.15, -0.00, -0.95
Gyro: -4.07, -0.03, -2.60
Accel: -0.16, 0.00, -0.96
Gyro: -2.91, -0.08, -2.53
Accel: -0.15, 0.00, -0.96
Gyro: -3.31, 0.48, -2.33
Accel: -0.15, 0.01, -0.96
Gyro: -2.46, 1.14, -2.22
Accel: -0.14, 0.01, -0.96
Gyro: -1.24, 0.48, -0.79
Accel: -0.15, 0.01, -0.94
Gyro: -2.15, -0.44, -0.04
Accel: -0.15, 0.01, -0.94
Gyro: -2.23, -1.08, -0.16
Accel: -0.16, 0.00, -0.94
Gyro: -1.64, -1.48, -0.69
Accel: -0.15, -0.00, -0.93
Gyro: -1.86, -1.61, -1.64
Accel: -0.17, 0.01, -0.95
Gyro: -1.91, -2.08, -2.18
Accel: -0.16, -0.00, -0.95
Gyro: -1.22, -2.66, -1.68
Accel: -0.17, 0.00, -0.96
Gyro: -2.05, -2.94, -1.91
Accel: -0.17, 0.01, -0.95
Gyro: -0.37, -2.30, -0.77
Accel: -0.17, -0.01, -0.95
Gyro: -0.81, -1.83, 0.18
Accel: -0.18, -0.01, -0.95
Gyro: -1.66, -0.66, 0.47
Accel: -0.17, -0.01, -0.96
Gyro: -1.43, 0.29, 0.02
Accel: -0.16, -0.01, -0.96
Gyro: -1.53, 0.95, -0.95
Accel: -0.15, -0.01, -0.96
Gyro: -0.95, 0.98, -1.15
Accel: -0.15, -0.01, -0.95
Gyro: -1.40, 0.69, -0.40
Accel: -0.15, -0.01, -0.96
Gyro: -2.11, 0.26, -0.16
Accel: -0.15, -0.02, -0.95
Gyro: -2.20, -0.10, -0.48
Accel: -0.16, -0.02, -0.95
Gyro: -2.40, -0.01, -1.21
Accel: -0.15, -0.02, -0.95
Gyro: -2.88, -0.37, -1.72
Accel: -0.16, -0.00, -0.95
Gyro: -3.25, -0.60, -1.84
Accel: -0.17, 0.00, -0.96
Gyro: -3.03, -0.25, -1.50
Accel: -0.15, -0.01, -0.95
Gyro: -4.38, 0.10, -2.37
Accel: -0.17, 0.01, -0.97
Gyro: -3.51, 1.29, -3.52
Accel: -0.16, 0.00, -0.96
Gyro: -0.97, 1.30, -3.17
Accel: -0.16, -0.01, -0.96
Gyro: -2.08, 1.24, -3.01
Accel: -0.16, 0.01, -0.95
Gyro: -3.25, 1.10, -2.20
Accel: -0.16, 0.00, -0.95
Gyro: -2.82, 1.16, -0.60
Accel: -0.15, -0.01, -0.95
Gyro: -3.49, 1.27, -0.32
Accel: -0.15, -0.00, -0.95
Gyro: -3.67, 1.40, -0.83
Accel: -0.14, 0.00, -0.95
Gyro: -2.74, 0.74, -1.27
Accel: -0.14, -0.01, -0.95
Gyro: -3.73, 0.10, -1.92
Accel: -0.15, 0.01, -0.96
Gyro: -2.86, 0.51, -1.54
Accel: -0.15, -0.00, -0.95
Gyro: -3.20, 0.35, -0.89
Accel: -0.15, -0.01, -0.95
Gyro: -3.94, 0.21, -0.94
Accel: -0.15, 0.00, -0.94
Gyro: -3.64, -0.12, -1.26
Accel: -0.16, -0.00, -0.95
Gyro: -3.26, 0.22, -1.93
Accel: -0.15, 0.01, -0.96
Gyro: -3.01, 0.46, -2.07
Accel: -0.14, 0.01, -0.96
Gyro: -2.88, 0.40, -1.36
Accel: -0.15, 0.00, -0.96
Gyro: -2.96, 0.53, -0.68
Accel: -0.14, -0.01, -0.95
Gyro: -3.18, 0.56, -0.86
Accel: -0.15, 0.00, -0.96
Gyro: -3.04, 1.26, -1.12
Accel: -0.15, 0.00, -0.96
Gyro: -3.11, 1.59, -1.73
Accel: -0.14, 0.01, -0.95
Gyro: -3.06, 1.26, -1.46
Accel: -0.13, 0.01, -0.95
Gyro: -2.85, 1.28, -1.02
