Accel: -0.07, 0.07, -0.97
Gyro: -2.67, -0.53, -1.73
Accel: -0.06, 0.07, -0.96
Gyro: -1.80, -0.62, -1.21
Accel: -0.07, 0.06, -0.96
Gyro: -2.34, -0.80, -1.08
Accel: -0.06, 0.07, -0.96
Gyro: -3.11, -0.98, -1.36
Accel: -0.06, 0.07, -0.97
Gyro: -2.24, -0.56, -1.71
Accel: -0.06, 0.07, -0.97
Gyro: -2.18, -0.27, -1.70
Accel: -0.06, 0.07, -0.97
Gyro: -2.01, -0.04, -1.39
Accel: -0.06, 0.07, -0.96
Gyro: -1.76, -0.12, -0.63
Accel: -0.06, 0.06, -0.96
Gyro: -2.16, -0.34, -0.34
Accel: -0.06, 0.06, -0.96
Gyro: -2.40, -0.61, -0.82
Accel: -0.06, 0.06, -0.97
Gyro: -1.91, -0.62, -1.32
Accel: -0.06, 0.06, -0.96
Gyro: -2.29, -0.94, -1.72
Accel: -0.06, 0.07, -0.96
Gyro: -2.62, -1.03, -1.59
Accel: -0.06, 0.07, -0.97
Gyro: -2.73, -1.03, -1.45
Accel: -0.07, 0.06, -0.97
Gyro: -2.83, -0.65, -1.04
Accel: -0.07, 0.06, -0.97
Gyro: -3.97, -0.41, -1.75
Accel: -0.07, 0.08, -0.96
Gyro: -2.33, 0.11, -1.87
Accel: -0.05, 0.07, -0.96
Gyro: -2.01, -0.11, -1.20
Accel: -0.06, 0.07, -0.96
Gyro: -2.95, -0.54, -1.05
Accel: -0.06, 0.07, -0.96
Gyro: -3.11, -0.42, -0.55
Accel: -0.06, 0.07, -0.96
Gyro: -2.35, -0.40, -1.01
Accel: -0.05, 0.07, -0.97
Gyro: -2.50, -0.38, -1.70
Accel: -0.05, 0.07, -0.96
Gyro: -2.77, -0.60, -1.61
Accel: -0.05, 0.07, -0.95
Gyro: -2.70, -1.05, -1.04
Accel: -0.06, 0.07, -0.96
Gyro: -3.43, -1.03, -1.63
Accel: -0.06, 0.07, -0.97
Gyro: -2.20, -0.79, -1.34
Accel: -0.05, 0.07, -0.96
Gyro: -2.79, -0.63, -1.30
Accel: -0.06, 0.07, -0.96
Gyro: -3.50, -0.79, -1.57
Accel: -0.07, 0.07, -0.97
Gyro: -3.33, -0.70, -1.69
Accel: -0.06, 0.07, -0.96
Gyro: -2.78, -0.14, -1.97
Accel: -0.06, 0.08, -0.97
Gyro: -2.83, 0.63, -1.82
Accel: -0.09, 0.09, -1.05
Gyro: -3.36, 4.04, -0.70
Accel: -0.11, 0.09, -1.06
Gyro: -3.74, 17.82, 0.55
Accel: -0.16, 0.10, -1.20
Gyro: -3.36, 38.22, 4.07
Accel: -0.13, 0.09, -1.09
Gyro: 1.44, 56.31, 4.00
Accel: -0.09, 0.07, -1.05
Gyro: 0.34, 69.58, 3.70
Accel: -0.03, 0.07, -1.00
Gyro: -1.72, 79.25, 5.50
Accel: 0.03, 0.08, -0.98
Gyro: -4.37, 84.05, 8.70
Accel: 0.09, 0.07, -0.96
Gyro: -7.42, 91.55, 10.95
Accel: 0.17, 0.06, -0.85
Gyro: -6.39, 87.28, 10.37
Accel: 0.25, 0.06, -0.83
Gyro: -7.32, 79.09, 9.57
Accel: 0.32, 0.05, -0.79
Gyro: -6.23, 65.70, 8.00
Accel: 0.38, 0.04, -0.77
Gyro: -7.77, 51.89, 5.42
Accel: 0.41, 0.07, -0.78
Gyro: -6.52, 37.54, 3.99
Accel: 0.43, 0.06, -0.80
Gyro: -5.56, 26.29, 2.43
Accel: 0.43, 0.06, -0.83
Gyro: -6.77, 18.68, 0.14
Accel: 0.44, 0.08, -0.85
Gyro: -6.11, 14.40, -0.68
Accel: 0.44, 0.07, -0.85
Gyro: -4.96, 7.87, -1.91
Accel: 0.43, 0.09, -0.86
Gyro: -3.33, 3.79, -2.37
Accel: 0.44, 0.08, -0.84
Gyro: -1.17, -0.37, -1.76
Accel: 0.44, 0.08, -0.83
Gyro: -1.31, -6.41, -1.83
Accel: 0.43, 0.08, -0.83
Gyro: -1.47, -12.63, -1.82
Accel: 0.41, 0.08, -0.83
Gyro: -0.95, -18.17, -2.28
Accel: 0.42, 0.07, -0.77
Gyro: 0.20, -27.96, -4.17
Accel: 0.42, 0.06, -0.69
Gyro: 1.96, -47.71, -6.45
Accel: 0.39, 0.08, -0.68
Gyro: 3.78, -73.17, -7.76
Accel: 0.33, 0.08, -0.73
Gyro: 5.70, -94.56, -7.71
Accel: 0.25, 0.07, -0.79
Gyro: 4.34, -108.36, -7.67
Accel: 0.15, 0.07, -0.95
Gyro: 1.55, -113.37, -7.16
Accel: 0.08, 0.08, -1.05
Gyro: 2.82, -102.34, -7.16
Accel: 0.03, 0.06, -1.00
Gyro: 6.94, -91.31, -8.54
Accel: -0.02, 0.04, -1.00
Gyro: 9.57, -87.96, -10.23
Accel: -0.09, 0.03, -1.02
Gyro: 12.12, -79.58, -11.71
Accel: -0.14, 0.04, -1.08
Gyro: 13.29, -68.71, -12.78
Accel: -0.17, 0.05, -1.07
Gyro: 11.31, -56.27, -9.29
Accel: -0.22, 0.03, -1.06
Gyro: 9.49, -45.05, -5.97
Accel: -0.24, 0.02, -1.01
Gyro: 2.89, -35.06, -2.67
Accel: -0.26, 0.02, -1.03
Gyro: 3.27, -27.02, -0.41
Accel: -0.28, 0.00, -0.99
Gyro: -1.95, -18.43, 1.30
Accel: -0.28, 0.01, -0.98
Gyro: -1.87, -12.38, 1.51
Accel: -0.27, 0.00, -0.96
Gyro: -1.80, -7.90, 1.04
Accel: -0.27, -0.01, -0.97
Gyro: -2.41, -3.95, -0.52
Accel: -0.25, 0.01, -0.96
Gyro: -2.71, -0.76, -1.51
Accel: -0.25, 0.01, -0.96
Gyro: -3.60, 1.50, -2.02
Accel: -0.22, 0.02, -0.96
Gyro: -4.94, 3.72, -2.37
Accel: -0.20, 0.03, -0.96
Gyro: -4.40, 4.99, -2.27
Accel: -0.20, 0.03, -0.96
Gyro: -3.76, 6.57, -1.51
Accel: -0.17, 0.03, -0.96
Gyro: -3.58, 7.42, -0.47
Accel: -0.17, 0.03, -0.96
Gyro: -3.33, 7.58, 0.54
Accel: -0.16, 0.03, -0.96
Gyro: -4.48, 8.08, 1.23
Accel: -0.17, 0.02, -0.98
Gyro: -5.56, 8.61, 1.27
Accel: -0.17, 0.02, -0.98
Gyro: -6.93, 11.66, 1.53
Accel: -0.16, 0.03, -0.95
Gyro: -8.06, 11.85, 0.99
Accel: -0.15, 0.02, -0.94
Gyro: -7.67, 10.44, -0.11
Accel: -0.15, 0.03, -0.92
Gyro: -7.31, 7.81, -1.46
Accel: -0.14, 0.04, -0.92
Gyro: -6.75, 5.87, -2.77
Accel: -0.15, 0.04, -0.93
Gyro: -6.87, 4.39, -4.74
Accel: -0.14, 0.07, -0.93
Gyro: -4.43, 3.06, -4.00
Accel: -0.15, 0.06, -0.94
Gyro: -3.16, 1.68, -2.37
Accel: -0.14, 0.05, -0.95
Gyro: -3.21, 0.98, -1.36
Accel: -0.14, 0.05, -0.95
Gyro: -2.61, 1.07, -0.19
Accel: -0.14, 0.05, -0.97
Gyro: -1.74, 1.81, 0.13
Accel: -0.13, 0.04, -0.97
Gyro: -1.52, 2.44, -0.03
Accel: -0.13, 0.05, -0.97
Gyro: -0.61, 2.66, -0.10
Accel: -0.11, 0.04, -0.96
Gyro: -1.56, 2.68, -0.67
Accel: -0.12, 0.05, -0.96
Gyro: -1.04, 2.75, -0.53
Accel: -0.12, 0.04, -0.95
Gyro: -1.19, 1.82, -0.04
Accel: -0.12, 0.03, -0.94
Gyro: -2.33, 1.23, -0.12
Accel: -0.12, 0.03, -0.95
Gyro: -3.03, 0.17, -0.99
Accel: -0.12, 0.04, -0.94
Gyro: -3.27, -1.14, -2.11
Accel: -0.13, 0.03, -0.94
Gyro: -3.11, -1.85, -2.84
