Accel: -0.13, 0.00, -0.95
Gyro: -2.88, -0.60, -2.10
Accel: -0.13, 0.01, -0.96
Gyro: -2.83, -0.71, -2.17
Accel: -0.13, 0.01, -0.96
Gyro: -3.13, -0.53, -1.80
Accel: -0.13, 0.00, -0.97
Gyro: -2.75, -0.63, -1.30
Accel: -0.13, 0.01, -0.96
Gyro: -3.77, -0.24, -1.80
Accel: -0.13, 0.02, -0.96
Gyro: -2.87, 0.33, -2.36
Accel: -0.13, 0.02, -0.96
Gyro: -1.56, 0.42, -1.65
Accel: -0.12, 0.01, -0.96
Gyro: -1.92, 0.26, -1.21
Accel: -0.12, 0.02, -0.95
Gyro: -2.27, 0.37, -0.36
Accel: -0.13, 0.01, -0.95
Gyro: -1.56, 0.08, -0.15
Accel: -0.12, -0.00, -0.97
Gyro: -2.38, 0.02, -0.79
Accel: -0.13, 0.01, -0.95
Gyro: -2.49, 0.23, -1.25
Accel: -0.12, -0.00, -0.96
Gyro: -1.98, -0.03, -1.11
Accel: -0.12, 0.00, -0.96
Gyro: -3.19, -0.47, -1.79
Accel: -0.12, 0.02, -0.96
Gyro: -1.97, -0.25, -1.47
Accel: -0.12, 0.01, -0.95
Gyro: -2.43, -0.29, -0.81
Accel: -0.12, -0.00, -0.96
Gyro: -3.43, -0.46, -0.95
Accel: -0.12, 0.01, -0.95
Gyro: -2.82, -0.35, -1.30
Accel: -0.12, 0.00, -0.95
Gyro: -2.60, -0.10, -1.79
Accel: -0.12, 0.01, -0.96
Gyro: -2.33, -0.05, -1.77
Accel: -0.11, 0.01, -0.95
Gyro: -2.20, -0.30, -1.12
Accel: -0.12, 0.01, -0.96
Gyro: -2.41, -0.85, -0.54
Accel: -0.11, 0.01, -0.96
Gyro: -2.91, -0.85, -0.97
Accel: -0.12, 0.01, -0.96
Gyro: -2.60, -0.67, -1.69
Accel: -0.13, 0.00, -0.96
Gyro: -2.60, -0.49, -2.13
Accel: -0.12, 0.01, -0.96
Gyro: -2.78, -0.29, -2.12
Accel: -0.12, 0.02, -0.97
Gyro: -3.01, 0.16, -1.30
Accel: -0.13, 0.02, -0.99
Gyro: -3.07, 2.08, -0.86
Accel: -0.14, 0.01, -1.00
Gyro: -3.89, 7.44, -0.98
Accel: -0.18, 0.02, -1.11
Gyro: -5.95, 17.01, -0.59
Accel: -0.18, 0.02, -1.07
Gyro: -3.78, 32.62, 0.81
Accel: -0.18, 0.02, -1.07
Gyro: -3.46, 43.73, 1.77
Accel: -0.17, 0.03, -1.10
Gyro: -2.09, 58.18, 2.87
Accel: -0.14, 0.04, -1.08
Gyro: -1.98, 72.46, 4.65
Accel: -0.07, 0.03, -1.04
Gyro: -5.02, 89.03, 6.74
Accel: 0.00, 0.01, -1.02
Gyro: -2.84, 90.82, 7.64
Accel: 0.04, 0.01, -0.99
Gyro: -4.31, 104.93, 6.84
Accel: 0.17, -0.02, -0.84
Gyro: -0.52, 99.02, 3.40
Accel: 0.23, 0.00, -0.87
Gyro: -2.90, 91.71, -0.89
Accel: 0.31, 0.02, -0.80
Gyro: -1.44, 79.72, -0.86
Accel: 0.38, -0.00, -0.75
Gyro: -4.85, 65.86, -0.90
Accel: 0.40, 0.01, -0.83
Gyro: -7.50, 52.20, -0.60
Accel: 0.47, 0.02, -0.71
Gyro: -5.01, 36.57, -0.21
Accel: 0.47, 0.02, -0.78
Gyro: -4.41, 17.77, -0.54
Accel: 0.45, 0.02, -0.83
Gyro: -4.10, 10.64, -0.14
Accel: 0.48, 0.02, -0.80
Gyro: -4.20, 2.40, -0.15
Accel: 0.47, 0.01, -0.77
Gyro: -2.30, -9.97, -0.71
Accel: 0.45, 0.01, -0.79
Gyro: -1.39, -20.48, -1.81
Accel: 0.46, 0.01, -0.73
Gyro: 0.76, -34.12, -2.79
Accel: 0.44, 0.02, -0.66
Gyro: 2.78, -59.42, -3.52
Accel: 0.37, -0.00, -0.70
Gyro: 3.58, -84.50, -3.65
Accel: 0.30, 0.00, -0.72
Gyro: 3.80, -104.53, -3.17
Accel: 0.20, 0.01, -0.80
Gyro: 1.05, -123.51, -2.36
Accel: 0.11, 0.03, -0.98
Gyro: -3.92, -124.32, -1.20
Accel: 0.02, 0.02, -1.05
Gyro: -4.58, -110.63, -0.68
Accel: -0.03, 0.01, -1.09
Gyro: -3.32, -93.65, -1.27
Accel: -0.08, 0.00, -1.09
Gyro: -0.91, -76.28, -2.92
Accel: -0.13, -0.01, -1.07
Gyro: 0.29, -62.50, -5.44
Accel: -0.15, 0.00, -1.06
Gyro: 8.48, -49.27, -6.12
Accel: -0.15, -0.03, -1.03
Gyro: 2.02, -38.41, -7.70
Accel: -0.16, -0.01, -0.99
Gyro: -2.42, -32.21, -9.41
Accel: -0.18, 0.02, -1.01
Gyro: -5.06, -28.76, -8.41
Accel: -0.20, 0.02, -1.02
Gyro: -2.74, -23.00, -7.51
Accel: -0.20, 0.02, -0.99
Gyro: -4.43, -16.97, -5.22
Accel: -0.21, 0.01, -0.96
Gyro: -4.08, -13.67, -3.65
Accel: -0.22, 0.01, -0.96
Gyro: -2.60, -11.31, -2.33
Accel: -0.23, -0.00, -0.97
Gyro: -2.20, -7.68, -2.68
Accel: -0.22, -0.00, -0.96
Gyro: -4.65, -5.17, -3.78
Accel: -0.22, 0.02, -0.95
Gyro: -4.21, -3.25, -4.20
Accel: -0.21, 0.02, -0.95
Gyro: -4.14, -1.27, -3.92
Accel: -0.20, 0.02, -0.97
Gyro: -3.43, 0.18, -3.41
Accel: -0.20, 0.01, -0.97
Gyro: -2.28, 2.02, -2.74
Accel: -0.19, -0.01, -0.98
Gyro: -1.29, 4.86, -3.36
Accel: -0.17, -0.01, -0.95
Gyro: -2.72, 5.25, -5.75
Accel: -0.16, 0.00, -0.97
Gyro: -2.15, 5.51, -5.88
Accel: -0.16, -0.01, -0.94
Gyro: -4.03, 5.52, -5.98
Accel: -0.15, 0.03, -0.94
Gyro: -4.69, 4.39, -5.53
Accel: -0.16, 0.02, -0.94
Gyro: -3.36, 2.43, -3.49
Accel: -0.16, 0.02, -0.96
Gyro: -3.52, 1.30, -2.43
Accel: -0.16, 0.02, -0.94
Gyro: -3.57, 1.08, -2.14
Accel: -0.17, 0.02, -0.94
Gyro: -2.95, 0.25, -1.96
Accel: -0.17, 0.01, -0.94
Gyro: -2.47, -0.43, -1.85
Accel: -0.18, 0.02, -0.95
Gyro: -2.44, -0.49, -1.70
Accel: -0.17, 0.02, -0.96
Gyro: -1.71, 0.36, -0.91
Accel: -0.17, 0.01, -0.95
Gyro: -2.07, -0.15, -0.97
Accel: -0.17, 0.01, -0.95
Gyro: -1.11, 0.66, -0.42
Accel: -0.17, 0.01, -0.95
Gyro: -1.13, 0.71, -0.12
Accel: -0.17, 0.00, -0.95
Gyro: -1.69, 0.94, -0.08
Accel: -0.16, 0.00, -0.96
Gyro: -1.82, 1.16, -0.56
Accel: -0.16, 0.00, -0.96
Gyro: -1.59, 1.56, -0.79
Accel: -0.15, 0.01, -0.95
Gyro: -1.32, 1.24, -0.73
Accel: -0.15, 0.01, -0.95
Gyro: -1.41, 0.20, -0.31
Accel: -0.15, 0.00, -0.95
Gyro: -1.96, 0.02, 0.13
Accel: -0.15, 0.00, -0.95
Gyro: -2.04, -0.43, -0.46
Accel: -0.15, -0.00, -0.95
Gyro: -2.21, -0.34, -1.17
Accel: -0.16, 0.00, -0.94
Gyro: -2.19, -0.84, -1.64
Accel: -0.16, 0.01, -0.95
Gyro: -2.52, -1.05, -1.61
Accel: -0.16, 0.01, -0.95
Gyro: -2.39, -1.59, -1.04
Accel: -0.16, -0.00, -0.96
Gyro: -3.33, -1.43, -1.32
Accel: -0.17, 0.02, -0.96
Gyro: -2.32, -0.62, -1.82
Accel: -0.17, 0.01, -0.96
Gyro: -0.91, -0.63, -0.64
