Accel: -0.13, 0.05, -0.96
Gyro: -3.30, -2.53, -2.94
Accel: -0.14, 0.05, -0.95
Gyro: -3.07, -2.63, -2.55
Accel: -0.14, 0.05, -0.95
Gyro: -3.08, -2.67, -2.17
Accel: -0.15, 0.05, -0.95
Gyro: -2.96, -2.01, -1.68
Accel: -0.15, 0.04, -0.97
Gyro: -3.11, -0.65, -1.37
Accel: -0.14, 0.04, -0.97
Gyro: -3.12, 0.62, -1.03
Accel: -0.14, 0.05, -0.97
Gyro: -2.59, 0.85, -0.65
Accel: -0.13, 0.03, -0.96
Gyro: -3.35, 1.79, -0.93
Accel: -0.13, 0.04, -0.97
Gyro: -3.98, 2.03, -1.75
Accel: -0.12, 0.06, -0.96
Gyro: -2.11, 2.11, -1.40
Accel: -0.12, 0.04, -0.95
Gyro: -2.90, 1.78, -1.01
Accel: -0.12, 0.04, -0.95
Gyro: -3.53, 1.34, -1.24
Accel: -0.12, 0.04, -0.94
Gyro: -3.74, 0.85, -1.24
Accel: -0.12, 0.04, -0.95
Gyro: -3.65, 0.37, -1.75
Accel: -0.12, 0.05, -0.94
Gyro: -4.07, 0.05, -2.47
Accel: -0.12, 0.06, -0.96
Gyro: -3.30, -0.89, -2.76
Accel: -0.13, 0.05, -0.95
Gyro: -3.67, -1.49, -2.59
Accel: -0.13, 0.06, -0.96
Gyro: -3.15, -1.11, -2.35
Accel: -0.12, 0.06, -0.96
Gyro: -2.71, -0.86, -1.52
Accel: -0.12, 0.05, -0.95
Gyro: -2.82, -1.48, -1.07
Accel: -0.12, 0.05, -0.95
Gyro: -2.89, -1.70, -1.22
Accel: -0.13, 0.06, -0.96
Gyro: -2.20, -1.21, -1.02
Accel: -0.14, 0.06, -0.97
Gyro: -1.83, -1.02, -1.07
Accel: -0.12, 0.06, -0.96
Gyro: -1.64, -1.26, -0.79
Accel: -0.13, 0.05, -0.96
Gyro: -1.63, -0.55, -0.21
Accel: -0.13, 0.05, -0.95
Gyro: -2.00, -0.71, -0.46
Accel: -0.12, 0.05, -0.95
Gyro: -2.08, -0.86, -0.69
Accel: -0.12, 0.04, -0.96
Gyro: -2.17, -0.85, -1.16
Accel: -0.14, 0.05, -0.97
Gyro: -2.53, -0.32, -1.58
Accel: -0.17, 0.06, -1.02
Gyro: -3.10, 5.63, -0.83
Accel: -0.22, 0.06, -1.16
Gyro: -5.47, 19.97, 1.02
Accel: -0.28, 0.07, -1.25
Gyro: -6.62, 53.48, 3.11
Accel: -0.26, 0.11, -1.23
Gyro: -3.43, 80.56, 6.95
Accel: -0.22, 0.09, -1.24
Gyro: -6.17, 113.96, 12.09
Accel: -0.13, 0.06, -1.07
Gyro: -10.22, 133.95, 16.77
Accel: -0.06, 0.06, -1.02
Gyro: -18.28, 155.19, 21.39
Accel: 0.17, 0.05, -0.66
Gyro: -9.88, 136.38, 21.42
Accel: 0.35, 0.05, -0.55
Gyro: -6.98, 101.58, 16.66
Accel: 0.46, 0.02, -0.54
Gyro: 0.38, 57.88, 8.56
Accel: 0.50, 0.01, -0.61
Gyro: 2.17, 21.34, 0.09
Accel: 0.48, 0.05, -0.71
Gyro: 1.15, -2.29, -4.91
Accel: 0.47, 0.07, -0.76
Gyro: 1.47, -18.60, -4.18
Accel: 0.47, 0.02, -0.67
Gyro: 0.39, -38.93, -5.74
Accel: 0.46, 0.05, -0.56
Gyro: -2.16, -79.41, -10.50
Accel: 0.33, 0.10, -0.66
Gyro: 3.96, -116.85, -7.27
Accel: 0.19, 0.06, -0.77
Gyro: 4.35, -134.37, -5.44
Accel: 0.10, 0.08, -0.92
Gyro: 6.49, -143.69, -6.18
Accel: -0.05, 0.05, -1.12
Gyro: 9.08, -124.80, -6.77
Accel: -0.11, 0.06, -1.19
Gyro: 11.43, -95.45, -8.13
Accel: -0.15, 0.05, -1.20
Gyro: 11.96, -64.65, -6.59
Accel: -0.18, 0.04, -1.13
Gyro: 11.75, -41.13, -5.51
Accel: -0.20, 0.02, -1.04
Gyro: 8.04, -31.36, -4.84
Accel: -0.22, 0.02, -1.03
Gyro: 5.86, -22.15, -1.86
Accel: -0.22, 0.01, -1.01
Gyro: 6.19, -12.88, 0.86
Accel: -0.22, -0.01, -0.99
Gyro: -1.61, -6.40, 1.82
Accel: -0.20, -0.02, -0.98
Gyro: -4.22, -1.63, 0.47
Accel: -0.19, 0.01, -0.98
Gyro: -3.99, 3.43, 0.24
Accel: -0.18, 0.00, -0.96
Gyro: -2.69, 5.88, 0.66
Accel: -0.15, -0.02, -0.94
Gyro: -2.91, 5.54, 0.05
Accel: -0.13, -0.01, -0.94
Gyro: -5.99, 3.79, -2.03
Accel: -0.13, 0.01, -0.98
Gyro: -3.92, 5.45, -2.47
Accel: -0.11, -0.00, -0.96
Gyro: -4.19, 6.52, -3.65
Accel: -0.10, 0.01, -0.96
Gyro: -3.40, 6.39, -4.71
Accel: -0.09, 0.01, -0.95
Gyro: -3.36, 6.03, -5.42
Accel: -0.08, 0.02, -0.95
Gyro: -3.78, 4.04, -6.13
Accel: -0.09, 0.03, -0.94
Gyro: -2.58, 1.72, -4.68
Accel: -0.09, 0.03, -0.96
Gyro: -2.90, 0.85, -3.25
Accel: -0.11, 0.03, -0.94
Gyro: -4.04, 1.12, -1.59
Accel: -0.11, 0.03, -0.94
Gyro: -4.36, -0.18, -1.12
Accel: -0.11, 0.04, -0.96
Gyro: -4.17, -1.59, -1.08
Accel: -0.12, 0.03, -0.95
Gyro: -4.07, -2.49, -1.69
Accel: -0.11, 0.03, -0.95
Gyro: -2.93, -3.31, -1.43
Accel: -0.13, 0.03, -0.95
Gyro: -2.54, -4.05, -0.86
Accel: -0.14, 0.03, -0.98
Gyro: -1.90, -2.94, -0.72
Accel: -0.14, 0.03, -0.97
Gyro: -2.70, 0.60, -0.60
Accel: -0.13, 0.03, -0.96
Gyro: -1.10, 1.24, -0.17
Accel: -0.11, 0.03, -0.96
Gyro: -1.49, 1.14, -0.05
Accel: -0.12, 0.02, -0.97
Gyro: -1.49, 1.26, 0.51
Accel: -0.11, 0.01, -0.96
Gyro: -0.76, 1.53, 1.07
Accel: -0.09, 0.01, -0.95
Gyro: -2.48, 1.65, 0.42
Accel: -0.09, 0.01, -0.96
Gyro: -2.40, 0.82, -0.70
Accel: -0.09, 0.01, -0.96
Gyro: -0.88, -0.22, -0.43
Accel: -0.09, 0.01, -0.95
Gyro: -1.66, -1.86, -0.76
Accel: -0.10, 0.02, -0.95
Gyro: -2.52, -3.14, -0.82
Accel: -0.11, 0.01, -0.96
Gyro: -1.72, -2.66, -0.79
Accel: -0.11, 0.01, -0.96
Gyro: -2.18, -1.84, -1.53
Accel: -0.12, 0.02, -0.95
Gyro: -2.86, -2.11, -1.81
Accel: -0.11, 0.02, -0.96
Gyro: -2.46, -1.88, -1.50
Accel: -0.13, 0.02, -0.96
Gyro: -3.31, -1.44, -1.97
Accel: -0.12, 0.03, -0.96
Gyro: -2.69, -1.05, -1.61
Accel: -0.12, 0.02, -0.97
Gyro: -2.85, -0.34, -1.30
Accel: -0.12, 0.01, -0.97
Gyro: -3.53, -0.37, -1.30
Accel: -0.12, 0.03, -0.96
Gyro: -3.33, 0.24, -1.40
Accel: -0.11, 0.02, -0.97
Gyro: -2.59, 0.64, -1.56
Accel: -0.11, 0.03, -0.97
Gyro: -2.33, 1.21, -1.72
Accel: -0.10, 0.03, -0.96
Gyro: -2.22, 0.96, -1.17
Accel: -0.11, 0.02, -0.96
Gyro: -1.97, 0.85, -0.45
Accel: -0.11, 0.02, -0.96
Gyro: -2.18, 0.92, -0.25
Accel: -0.10, 0.02, -0.97
Gyro: -1.90, 0.71, -0.62
Accel: -0.10, 0.01, -0.96
Gyro: -2.21, 0.08, -1.14
Accel: -0.11, 0.01, -0.96
Gyro: -2.59, -0.31, -1.60
