Accel: -0.09, -0.03, -0.97
Gyro: -2.08, 1.75, -1.68
Accel: -0.09, -0.02, -0.94
Gyro: -1.61, -0.11, -0.79
Accel: -0.10, -0.03, -0.97
Gyro: -1.06, -1.48, 0.19
Accel: -0.11, -0.03, -0.97
Gyro: -0.82, -1.74, 0.60
Accel: -0.11, -0.04, -0.96
Gyro: 1.24, -2.73, 1.65
Accel: -0.12, -0.06, -0.98
Gyro: 0.20, -2.79, 1.21
Accel: -0.13, -0.05, -0.96
Gyro: -0.43, -2.58, 0.46
Accel: -0.13, -0.06, -0.98
Gyro: -0.92, -2.65, -0.21
Accel: -0.13, -0.05, -0.98
Gyro: -0.76, -2.10, -0.69
Accel: -0.14, -0.06, -0.98
Gyro: -0.68, -1.82, -0.53
Accel: -0.13, -0.06, -0.98
Gyro: -1.05, -1.16, -0.15
Accel: -0.13, -0.06, -0.98
Gyro: -1.16, -0.19, 0.18
Accel: -0.12, -0.07, -0.98
Gyro: -1.40, 0.27, -0.40
Accel: -0.12, -0.07, -0.98
Gyro: -2.15, 0.71, -1.60
Accel: -0.12, -0.06, -0.97
Gyro: -1.75, 0.67, -2.49
Accel: -0.11, -0.05, -0.97
Gyro: -1.97, 0.75, -2.23
Accel: -0.11, -0.05, -0.98
Gyro: -1.69, 1.11, -1.42
Accel: -0.11, -0.06, -0.97
Gyro: -1.63, 0.62, -1.13
Accel: -0.11, -0.06, -0.97
Gyro: -1.93, 0.27, -1.02
Accel: -0.10, -0.05, -0.98
Gyro: -1.76, 0.30, -1.49
Accel: -0.10, -0.06, -0.97
Gyro: -1.34, -0.02, -1.64
Accel: -0.11, -0.05, -0.96
Gyro: -2.75, -0.72, -2.14
Accel: -0.10, -0.03, -0.97
Gyro: -0.12, -1.30, -0.89
Accel: -0.11, -0.06, -0.97
Gyro: -0.72, -1.62, -0.69
Accel: -0.11, -0.06, -0.97
Gyro: -2.02, -1.40, -0.43
Accel: -0.12, -0.06, -0.97
Gyro: -1.65, -1.74, -0.92
Accel: -0.12, -0.06, -0.97
Gyro: -1.45, -0.85, -1.74
Accel: -0.12, -0.05, -0.97
Gyro: -1.88, -0.71, -2.00
Accel: -0.12, -0.05, -0.98
Gyro: -1.64, -0.60, -1.50
Accel: -0.13, -0.06, -0.99
Gyro: -1.94, 0.82, -1.12
Accel: -0.15, -0.04, -1.02
Gyro: -1.69, 4.36, -1.88
Accel: -0.17, -0.05, -1.07
Gyro: 0.05, 13.89, -2.19
Accel: -0.20, -0.07, -1.15
Gyro: 2.55, 30.31, -5.37
Accel: -0.21, -0.04, -1.15
Gyro: 6.17, 51.20, -8.58
Accel: -0.17, -0.04, -1.10
Gyro: 13.50, 68.92, -10.02
Accel: -0.11, -0.05, -1.07
Gyro: 18.22, 80.25, -10.03
Accel: -0.05, -0.05, -1.00
Gyro: 18.29, 89.20, -7.80
Accel: 0.02, -0.09, -0.99
Gyro: 17.11, 96.28, -5.67
Accel: 0.08, -0.10, -0.96
Gyro: 17.88, 92.67, -10.86
Accel: 0.07, -0.09, -1.05
Gyro: 13.47, 102.37, -8.92
Accel: 0.12, -0.11, -0.99
Gyro: 8.61, 122.76, -7.00
Accel: 0.26, -0.15, -0.77
Gyro: 14.82, 115.94, -8.84
Accel: 0.32, -0.16, -0.85
Gyro: 8.23, 110.14, -13.16
Accel: 0.41, -0.14, -0.72
Gyro: 0.56, 98.36, -13.28
Accel: 0.48, -0.13, -0.71
Gyro: -3.11, 85.81, -9.69
Accel: 0.56, -0.14, -0.65
Gyro: -10.03, 70.92, -5.90
Accel: 0.61, -0.13, -0.71
Gyro: -13.62, 57.27, -1.61
Accel: 0.67, -0.12, -0.60
Gyro: -14.78, 37.04, 1.01
Accel: 0.68, -0.14, -0.67
Gyro: -15.86, 23.65, -0.21
Accel: 0.68, -0.09, -0.65
Gyro: -17.03, 12.38, -0.56
Accel: 0.68, -0.10, -0.67
Gyro: -10.33, 3.62, 0.08
Accel: 0.67, -0.12, -0.65
Gyro: -6.68, -5.04, -0.89
Accel: 0.68, -0.10, -0.68
Gyro: -0.30, -14.18, -0.35
Accel: 0.67, -0.10, -0.68
Gyro: 3.65, -23.77, 1.66
Accel: 0.67, -0.13, -0.65
Gyro: 3.97, -37.04, 2.13
Accel: 0.69, -0.11, -0.55
Gyro: 2.46, -59.57, 3.22
Accel: 0.66, -0.08, -0.47
Gyro: 8.19, -96.97, 9.75
Accel: 0.49, -0.12, -0.67
Gyro: 4.43, -120.70, 12.78
Accel: 0.42, -0.15, -0.72
Gyro: -6.26, -130.88, 9.43
Accel: 0.31, -0.12, -0.71
Gyro: -12.29, -147.34, 9.41
Accel: 0.18, -0.13, -0.97
Gyro: -18.07, -148.32, 8.09
Accel: 0.06, -0.11, -1.07
Gyro: -20.27, -130.99, 5.55
Accel: 0.02, -0.11, -1.02
Gyro: -13.64, -116.14, 3.27
Accel: -0.05, -0.10, -1.04
Gyro: -9.70, -105.74, 1.63
Accel: -0.12, -0.08, -1.07
Gyro: -1.22, -91.58, 3.01
Accel: -0.15, -0.07, -1.10
Gyro: 4.64, -74.59, 6.51
Accel: -0.18, -0.10, -1.03
Gyro: 0.89, -62.52, 8.48
Accel: -0.23, -0.10, -1.03
Gyro: -3.03, -54.63, 9.41
Accel: -0.26, -0.12, -1.06
Gyro: -7.65, -42.76, 9.13
Accel: -0.26, -0.12, -1.05
Gyro: -9.97, -30.78, 5.65
Accel: -0.27, -0.11, -1.02
Gyro: -9.10, -22.22, 2.35
Accel: -0.29, -0.07, -1.00
Gyro: -2.53, -17.91, 1.04
Accel: -0.26, -0.09, -0.98
Gyro: -5.81, -9.25, -1.79
Accel: -0.24, -0.09, -0.95
Gyro: -4.46, -7.35, -2.21
Accel: -0.24, -0.08, -0.96
Gyro: -3.16, -6.31, -0.98
Accel: -0.24, -0.08, -0.97
Gyro: -8.62, -4.21, 0.24
Accel: -0.23, -0.07, -0.98
Gyro: -6.78, -2.04, 0.34
Accel: -0.22, -0.09, -0.99
Gyro: -8.67, 0.63, -0.21
Accel: -0.22, -0.08, -0.98
Gyro: -8.80, 3.11, -1.83
Accel: -0.21, -0.07, -0.96
Gyro: -8.13, 4.29, -3.38
Accel: -0.19, -0.07, -0.96
Gyro: -6.77, 4.63, -4.44
Accel: -0.18, -0.06, -0.95
Gyro: -6.85, 4.45, -5.46
Accel: -0.17, -0.05, -0.95
Gyro: -6.53, 3.68, -5.19
Accel: -0.17, -0.05, -0.96
Gyro: -6.03, 3.38, -4.03
Accel: -0.17, -0.04, -0.95
Gyro: -5.52, 2.52, -3.57
Accel: -0.16, -0.03, -0.95
Gyro: -4.10, 2.24, -2.25
Accel: -0.17, -0.05, -0.96
Gyro: -3.06, 2.04, -1.71
Accel: -0.17, -0.05, -0.95
Gyro: -2.43, 0.97, -1.37
Accel: -0.18, -0.04, -0.95
Gyro: -2.46, 0.43, -1.02
Accel: -0.18, -0.05, -0.95
Gyro: -1.56, -0.78, -0.55
Accel: -0.18, -0.05, -0.95
Gyro: -1.17, -1.55, -0.26
Accel: -0.18, -0.05, -0.96
Gyro: -1.38, -2.01, 0.60
Accel: -0.19, -0.05, -0.96
Gyro: -0.99, -1.85, 0.64
Accel: -0.19, -0.07, -0.95
Gyro: -1.24, -1.84, 0.40
Accel: -0.20, -0.07, -0.95
Gyro: -1.70, -1.83, -0.33
Accel: -0.20, -0.07, -0.96
Gyro: -2.24, -1.74, -1.26
Accel: -0.21, -0.07, -0.96
Gyro: -2.98, -1.01, -1.92
Accel: -0.20, -0.06, -0.96
Gyro: -2.79, -0.18, -1.97
Accel: -0.19, -0.05, -0.96
Gyro: -2.85, 0.37, -1.72
Accel: -0.19, -0.05, -0.96
Gyro: -2.59, 0.96, -1.46
Accel: -0.19, -0.06, -0.96
Gyro: -2.62, 1.50, -1.46
