Accel: -0.18, -0.06, -0.96
Gyro: -2.66, 1.66, -1.56
Accel: -0.17, -0.06, -0.96
Gyro: -4.26, 1.47, -2.80
Accel: -0.18, -0.05, -0.97
Gyro: -2.18, 1.74, -2.51
Accel: -0.17, -0.06, -0.96
Gyro: -2.04, 1.30, -2.36
Accel: -0.17, -0.05, -0.95
Gyro: -2.94, 0.95, -2.37
Accel: -0.17, -0.05, -0.95
Gyro: -2.98, 0.19, -2.06
Accel: -0.17, -0.05, -0.96
Gyro: -2.29, -0.50, -2.01
Accel: -0.17, -0.06, -0.95
Gyro: -2.76, -0.37, -2.24
Accel: -0.17, -0.05, -0.94
Gyro: -2.54, -1.39, -2.33
Accel: -0.18, -0.05, -0.95
Gyro: -2.30, -2.08, -1.93
Accel: -0.19, -0.05, -0.96
Gyro: -3.10, -1.48, -2.01
Accel: -0.18, -0.05, -0.96
Gyro: -1.40, -1.34, -1.55
Accel: -0.19, -0.06, -0.96
Gyro: -2.27, -0.85, -1.79
Accel: -0.18, -0.05, -0.95
Gyro: -2.26, -0.76, -1.78
Accel: -0.18, -0.05, -0.97
Gyro: -1.88, -0.86, -1.80
Accel: -0.19, -0.05, -0.96
Gyro: -1.86, -0.51, -1.75
Accel: -0.18, -0.04, -0.96
Gyro: -1.55, -0.40, -1.46
Accel: -0.18, -0.05, -0.96
Gyro: -1.12, -0.86, -0.84
Accel: -0.18, -0.06, -0.95
Gyro: -1.46, -1.14, -0.69
Accel: -0.18, -0.06, -0.96
Gyro: -2.37, -0.92, -0.82
Accel: -0.18, -0.05, -0.96
Gyro: -2.20, -0.84, -1.63
Accel: -0.18, -0.05, -0.95
Gyro: -2.01, -1.11, -1.94
Accel: -0.18, -0.05, -0.96
Gyro: -2.04, -1.16, -1.77
Accel: -0.18, -0.05, -0.95
Gyro: -1.79, -1.27, -1.38
Accel: -0.19, -0.06, -0.96
Gyro: -1.75, -0.85, -0.98
Accel: -0.18, -0.05, -0.96
Gyro: -1.98, -0.92, -1.55
Accel: -0.18, -0.06, -0.96
Gyro: -1.88, -0.76, -1.95
Accel: -0.17, -0.05, -0.95
Gyro: -0.95, -1.07, -1.63
Accel: -0.17, -0.06, -0.95
Gyro: -2.23, -1.00, -1.67
Accel: -0.18, -0.05, -0.96
Gyro: -2.31, -1.08, -1.43
Accel: -0.18, -0.05, -0.97
Gyro: -0.56, -1.67, -1.01
Accel: -0.19, -0.06, -0.96
Gyro: -1.88, -1.99, -1.51
Accel: -0.19, -0.06, -0.96
Gyro: -1.98, -1.49, -1.34
Accel: -0.19, -0.05, -0.96
Gyro: -1.52, -1.20, -1.21
Accel: -0.19, -0.06, -0.96
Gyro: -1.95, -0.39, -1.47
Accel: -0.18, -0.06, -0.96
Gyro: -2.01, -0.55, -1.82
Accel: -0.18, -0.06, -0.96
Gyro: -1.36, -0.74, -1.65
Accel: -0.19, -0.06, -0.96
Gyro: -2.08, -0.58, -1.54
Accel: -0.19, -0.04, -0.98
Gyro: -2.01, 1.56, -1.21
Accel: -0.20, -0.06, -0.98
Gyro: -0.84, 2.46, -1.28
Accel: -0.20, -0.06, -1.00
Gyro: -1.66, 5.47, -1.65
Accel: -0.21, -0.06, -1.00
Gyro: -0.96, 10.79, -2.16
Accel: -0.22, -0.07, -1.06
Gyro: 0.40, 17.05, -3.75
Accel: -0.27, -0.06, -1.17
Gyro: 1.26, 37.97, -5.10
Accel: -0.22, -0.04, -1.08
Gyro: 8.70, 50.16, -6.20
Accel: -0.24, -0.04, -1.16
Gyro: 10.99, 71.36, -5.94
Accel: -0.17, -0.04, -1.05
Gyro: 13.14, 90.86, -4.76
Accel: -0.10, -0.05, -1.00
Gyro: 18.08, 95.38, -4.74
Accel: -0.05, -0.08, -1.04
Gyro: 13.02, 110.31, -4.84
Accel: 0.06, -0.08, -0.88
Gyro: 17.50, 108.31, -5.03
Accel: 0.10, -0.11, -0.95
Gyro: 15.02, 105.70, -5.68
Accel: 0.13, -0.12, -0.97
Gyro: 7.77, 120.29, -6.47
Accel: 0.34, -0.11, -0.62
Gyro: 15.69, 97.73, -5.88
Accel: 0.44, -0.14, -0.61
Gyro: 9.70, 59.52, -5.52
Accel: 0.46, -0.14, -0.70
Gyro: 3.77, 30.38, -3.56
Accel: 0.45, -0.14, -0.78
Gyro: -0.40, 13.53, -1.18
Accel: 0.44, -0.13, -0.82
Gyro: -5.23, 3.25, 1.81
Accel: 0.43, -0.14, -0.85
Gyro: -7.37, -2.40, 5.55
Accel: 0.42, -0.13, -0.88
Gyro: -7.50, -4.87, 8.26
Accel: 0.42, -0.15, -0.84
Gyro: -6.65, -7.95, 7.28
Accel: 0.42, -0.16, -0.81
Gyro: -3.81, -15.12, 4.54
Accel: 0.43, -0.17, -0.78
Gyro: -2.19, -26.52, 1.12
Accel: 0.40, -0.15, -0.78
Gyro: -2.06, -41.24, -0.64
Accel: 0.38, -0.14, -0.75
Gyro: -0.59, -58.82, 0.43
Accel: 0.34, -0.15, -0.70
Gyro: -4.14, -82.70, 0.09
Accel: 0.24, -0.14, -0.76
Gyro: -8.09, -103.84, -0.92
Accel: 0.16, -0.09, -0.79
Gyro: -11.60, -118.84, -1.30
Accel: 0.04, -0.13, -0.95
Gyro: -12.33, -124.53, 1.34
Accel: -0.03, -0.11, -1.07
Gyro: -20.09, -112.03, 2.44
Accel: -0.11, -0.07, -1.06
Gyro: -14.09, -102.61, 4.29
Accel: -0.23, -0.08, -1.29
Gyro: -11.63, -69.25, 9.50
Accel: -0.20, -0.13, -1.09
Gyro: -10.66, -43.37, 7.43
Accel: -0.19, -0.09, -1.00
Gyro: -2.94, -38.76, 6.29
Accel: -0.22, -0.10, -1.02
Gyro: -1.46, -34.45, 4.91
Accel: -0.26, -0.09, -1.08
Gyro: -4.15, -23.17, 3.75
Accel: -0.24, -0.10, -1.04
Gyro: -5.10, -11.76, 1.83
Accel: -0.23, -0.10, -1.00
Gyro: -7.11, -5.61, -0.08
Accel: -0.21, -0.08, -0.99
Gyro: -6.90, -1.69, -1.47
Accel: -0.19, -0.08, -0.97
Gyro: -2.13, 0.51, -2.48
Accel: -0.17, -0.08, -0.96
Gyro: -3.31, 0.88, -3.34
Accel: -0.17, -0.08, -0.96
Gyro: -3.28, 1.12, -3.01
Accel: -0.17, -0.06, -0.95
Gyro: -5.11, 0.57, -2.56
Accel: -0.17, -0.06, -0.95
Gyro: -2.50, -0.52, -0.78
Accel: -0.16, -0.09, -0.95
Gyro: -3.09, -2.04, -0.82
Accel: -0.17, -0.08, -0.96
Gyro: -3.62, -2.47, -1.01
Accel: -0.17, -0.06, -0.98
Gyro: -1.84, -1.82, -0.80
Accel: -0.18, -0.08, -0.98
Gyro: -1.69, 0.28, -0.46
Accel: -0.17, -0.08, -0.97
Gyro: -2.11, 1.27, -0.86
Accel: -0.16, -0.08, -0.96
Gyro: -1.37, 1.00, -0.88
Accel: -0.16, -0.09, -0.97
Gyro: -1.34, 0.61, -1.13
Accel: -0.16, -0.07, -0.97
Gyro: -1.54, 1.29, -1.58
Accel: -0.16, -0.07, -0.95
Gyro: -0.55, 1.11, -0.28
Accel: -0.15, -0.08, -0.95
Gyro: -1.35, 0.03, 0.02
Accel: -0.17, -0.07, -0.96
Gyro: -1.95, -0.43, 0.13
Accel: -0.16, -0.08, -0.94
Gyro: -1.27, -0.75, -0.02
Accel: -0.17, -0.08, -0.95
Gyro: -1.10, -1.69, -0.59
Accel: -0.17, -0.07, -0.96
Gyro: -0.85, -1.83, -0.37
Accel: -0.18, -0.08, -0.96
Gyro: -0.95, -1.60, 0.41
Accel: -0.18, -0.09, -0.96
Gyro: -1.14, -1.50, 0.78
Accel: -0.18, -0.09, -0.96
Gyro: -2.15, -1.33, 0.11
Accel: -0.18, -0.09, -0.97
Gyro: -2.09, -0.86, -1.01
