Accel: -0.24, -0.08, -0.94
Gyro: -1.78, 0.68, 0.11
Accel: -0.24, -0.08, -0.94
Gyro: -2.04, 0.72, -0.03
Accel: -0.24, -0.08, -0.95
Gyro: -1.95, 1.04, -1.00
Accel: -0.24, -0.08, -0.94
Gyro: -1.94, 1.13, -1.85
Accel: -0.24, -0.07, -0.94
Gyro: -1.59, 1.18, -1.88
Accel: -0.23, -0.08, -0.94
Gyro: -1.65, 0.92, -1.05
Accel: -0.23, -0.08, -0.95
Gyro: -1.58, 1.31, -0.36
Accel: -0.23, -0.09, -0.94
Gyro: -1.66, 1.14, -0.50
Accel: -0.23, -0.09, -0.93
Gyro: -2.92, 1.26, -1.72
Accel: -0.23, -0.07, -0.95
Gyro: -2.29, 1.37, -2.56
Accel: -0.23, -0.09, -0.95
Gyro: -1.14, 0.93, -1.88
Accel: -0.23, -0.09, -0.95
Gyro: -2.62, 0.92, -1.63
Accel: -0.23, -0.08, -0.93
Gyro: -2.97, 0.71, -1.85
Accel: -0.23, -0.08, -0.93
Gyro: -3.01, 0.51, -1.82
Accel: -0.23, -0.08, -0.94
Gyro: -3.30, -0.64, -2.63
Accel: -0.24, -0.07, -0.95
Gyro: -3.21, -0.91, -2.43
Accel: -0.23, -0.07, -0.94
Gyro: -2.71, -1.04, -1.66
Accel: -0.24, -0.08, -0.95
Gyro: -3.78, -0.85, -1.98
Accel: -0.24, -0.07, -0.95
Gyro: -2.91, 0.16, -2.02
Accel: -0.25, -0.08, -0.93
Gyro: -3.11, 0.32, -1.98
Accel: -0.25, -0.07, -0.93
Gyro: -3.81, 0.35, -2.33
Accel: -0.26, -0.06, -0.94
Gyro: -3.64, -0.56, -2.40
Accel: -0.27, -0.06, -0.96
Gyro: -3.06, -0.40, -2.28
Accel: -0.28, -0.07, -1.00
Gyro: -2.62, 2.54, -1.48
Accel: -0.26, -0.06, -1.00
Gyro: -2.11, 7.04, -0.81
Accel: -0.25, -0.07, -0.98
Gyro: -0.24, 9.58, -0.72
Accel: -0.22, -0.08, -0.98
Gyro: -0.77, 11.54, -0.46
Accel: -0.21, -0.07, -0.97
Gyro: -0.32, 13.95, -0.43
Accel: -0.20, -0.07, -1.00
Gyro: 0.55, 15.73, -0.51
Accel: -0.25, -0.06, -1.09
Gyro: 1.50, 26.50, 0.26
Accel: -0.26, -0.08, -1.10
Gyro: 3.04, 42.52, -0.28
Accel: -0.33, -0.07, -1.29
Gyro: 3.83, 68.51, -1.88
Accel: -0.33, -0.06, -1.26
Gyro: 5.79, 109.44, -2.24
Accel: -0.16, -0.09, -0.91
Gyro: 14.95, 123.79, -0.21
Accel: -0.08, -0.10, -0.98
Gyro: 12.31, 118.42, -3.65
Accel: 0.06, -0.07, -0.76
Gyro: 12.17, 113.02, -3.42
Accel: 0.23, -0.13, -0.64
Gyro: 13.89, 80.87, -4.39
Accel: 0.33, -0.13, -0.66
Gyro: 5.90, 48.58, -5.04
Accel: 0.36, -0.08, -0.68
Gyro: 2.66, 21.73, -0.78
Accel: 0.37, -0.08, -0.73
Gyro: 3.10, -1.67, 6.42
Accel: 0.34, -0.08, -0.78
Gyro: 1.79, -16.24, 12.14
Accel: 0.34, -0.10, -0.74
Gyro: 2.44, -35.38, 19.51
Accel: 0.29, -0.17, -0.74
Gyro: -5.99, -51.09, 21.33
Accel: 0.30, -0.17, -0.61
Gyro: -14.17, -81.87, 22.28
Accel: 0.22, -0.17, -0.69
Gyro: -23.57, -112.17, 21.95
Accel: 0.09, -0.17, -0.75
Gyro: -26.10, -128.93, 17.84
Accel: -0.06, -0.13, -0.80
Gyro: -23.41, -139.45, 10.28
Accel: -0.26, -0.12, -0.98
Gyro: -17.27, -139.56, 4.09
Accel: -0.42, -0.13, -1.27
Gyro: -16.68, -110.46, -0.82
Accel: -0.44, -0.09, -1.16
Gyro: -14.89, -74.58, -6.90
Accel: -0.46, -0.09, -1.09
Gyro: -11.38, -58.24, -7.06
Accel: -0.47, -0.08, -1.11
Gyro: -14.29, -39.26, -7.18
Accel: -0.47, -0.04, -1.03
Gyro: -9.70, -24.81, -6.34
Accel: -0.47, -0.05, -1.02
Gyro: -7.93, -15.75, -4.39
Accel: -0.44, -0.04, -1.01
Gyro: -15.50, -6.32, -2.28
Accel: -0.39, -0.05, -0.99
Gyro: -8.35, 0.05, -3.36
Accel: -0.36, -0.04, -0.94
Gyro: -9.23, 3.70, -4.47
Accel: -0.35, -0.03, -0.97
Gyro: -2.78, 5.36, -4.49
Accel: -0.31, -0.04, -0.98
Gyro: -3.85, 11.33, -3.64
Accel: -0.29, -0.03, -0.96
Gyro: -2.36, 13.70, -4.46
Accel: -0.26, -0.05, -0.93
Gyro: -0.18, 11.89, -3.50
Accel: -0.25, -0.05, -0.92
Gyro: -0.74, 9.37, -3.84
Accel: -0.25, -0.05, -0.92
Gyro: -0.05, 5.01, -3.62
Accel: -0.25, -0.05, -0.94
Gyro: -0.96, 3.83, -2.79
Accel: -0.26, -0.05, -0.93
Gyro: 0.72, 1.82, -2.11
Accel: -0.26, -0.04, -0.92
Gyro: 1.05, 0.05, -0.91
Accel: -0.27, -0.06, -0.92
Gyro: 1.55, -0.86, 0.75
Accel: -0.28, -0.07, -0.92
Gyro: 0.53, -1.31, 1.27
Accel: -0.28, -0.08, -0.92
Gyro: -0.39, -1.65, 0.67
Accel: -0.29, -0.08, -0.94
Gyro: 0.13, -1.98, 0.46
Accel: -0.30, -0.09, -0.94
Gyro: -1.47, -0.39, -0.05
Accel: -0.30, -0.08, -0.93
Gyro: -2.43, -0.74, -0.76
Accel: -0.30, -0.07, -0.92
Gyro: -3.45, -1.11, -1.53
Accel: -0.31, -0.08, -0.94
Gyro: -3.43, -1.08, -2.59
Accel: -0.31, -0.07, -0.93
Gyro: -3.71, -0.76, -3.52
Accel: -0.31, -0.06, -0.93
Gyro: -3.88, -0.53, -3.23
Accel: -0.30, -0.06, -0.93
Gyro: -3.94, -0.69, -2.66
Accel: -0.30, -0.05, -0.92
Gyro: -3.89, -1.23, -2.30
Accel: -0.30, -0.06, -0.92
Gyro: -3.56, -2.01, -2.78
Accel: -0.30, -0.05, -0.93
Gyro: -2.75, -1.88, -2.74
Accel: -0.29, -0.04, -0.92
Gyro: -2.00, -0.93, -2.21
Accel: -0.29, -0.05, -0.92
Gyro: -1.79, -1.76, -1.37
Accel: -0.30, -0.06, -0.93
Gyro: -0.18, -1.18, -1.27
Accel: -0.30, -0.08, -0.92
Gyro: -1.71, -1.05, -2.84
Accel: -0.30, -0.05, -0.92
Gyro: -2.02, -1.85, -4.07
Accel: -0.31, -0.05, -0.92
Gyro: -0.48, -2.61, -3.16
Accel: -0.31, -0.05, -0.94
Gyro: -2.46, -2.70, -2.11
Accel: -0.31, -0.06, -0.94
Gyro: -3.29, -1.52, -0.99
Accel: -0.31, -0.06, -0.93
Gyro: -2.62, -1.53, -0.95
Accel: -0.32, -0.06, -0.92
Gyro: -2.17, -1.24, -1.67
Accel: -0.32, -0.07, -0.93
Gyro: -1.91, -1.16, -2.30
Accel: -0.31, -0.06, -0.91
Gyro: -1.21, -1.24, -2.17
Accel: -0.31, -0.06, -0.91
Gyro: -2.14, -2.06, -1.97
Accel: -0.31, -0.06, -0.92
Gyro: -1.63, -2.37, -1.40
Accel: -0.32, -0.08, -0.93
Gyro: -1.56, -1.56, -1.40
Accel: -0.32, -0.08, -0.92
Gyro: -2.94, -1.38, -2.27
Accel: -0.32, -0.07, -0.91
Gyro: -3.43, -1.66, -3.18
Accel: -0.32, -0.05, -0.91
Gyro: -3.46, -1.63, -3.56
Accel: -0.32, -0.04, -0.92
Gyro: -3.19, -1.66, -3.24
Accel: -0.33, -0.05, -0.92
Gyro: -2.72, -1.60, -2.17
Accel: -0.33, -0.04, -0.92
Gyro: -2.26, -1.48, -0.87
