Accel: -0.31, -0.11, -0.92
Gyro: -2.69, 3.73, -1.98
Accel: -0.31, -0.10, -0.92
Gyro: -2.75, 3.11, -2.79
Accel: -0.31, -0.09, -0.92
Gyro: -3.01, 2.50, -3.18
Accel: -0.30, -0.09, -0.93
Gyro: -3.00, 2.14, -3.07
Accel: -0.30, -0.09, -0.92
Gyro: -3.22, 1.14, -2.91
Accel: -0.31, -0.09, -0.91
Gyro: -2.94, 0.53, -2.45
Accel: -0.30, -0.09, -0.92
Gyro: -2.41, 0.12, -1.85
Accel: -0.31, -0.09, -0.92
Gyro: -3.35, 0.25, -2.13
Accel: -0.30, -0.07, -0.92
Gyro: -2.78, 0.34, -2.52
Accel: -0.30, -0.09, -0.92
Gyro: -0.94, -0.34, -2.02
Accel: -0.31, -0.09, -0.93
Gyro: -1.81, -0.60, -2.08
Accel: -0.32, -0.08, -0.93
Gyro: -1.93, 0.01, -1.69
Accel: -0.31, -0.08, -0.92
Gyro: -1.30, 0.68, -1.24
Accel: -0.31, -0.08, -0.92
Gyro: -0.75, 0.69, -1.05
Accel: -0.31, -0.09, -0.93
Gyro: -0.95, 0.08, -1.21
Accel: -0.31, -0.09, -0.92
Gyro: -0.57, -0.68, -0.81
Accel: -0.31, -0.10, -0.92
Gyro: -1.85, -0.39, -1.30
Accel: -0.30, -0.09, -0.93
Gyro: -1.19, -0.82, -1.09
Accel: -0.31, -0.10, -0.94
Gyro: -1.11, -0.41, -1.10
Accel: -0.31, -0.10, -0.92
Gyro: -1.41, 0.12, -1.35
Accel: -0.30, -0.10, -0.93
Gyro: -0.97, 0.04, -1.46
Accel: -0.31, -0.09, -0.92
Gyro: -0.78, 0.19, -1.52
Accel: -0.31, -0.09, -0.93
Gyro: -1.51, 0.50, -1.36
Accel: -0.31, -0.09, -0.93
Gyro: -1.30, 0.63, -0.96
Accel: -0.31, -0.10, -0.92
Gyro: -1.30, 0.46, -0.51
Accel: -0.30, -0.10, -0.93
Gyro: -1.85, 0.63, -0.95
Accel: -0.30, -0.10, -0.90
Gyro: -2.00, 0.24, -1.53
Accel: -0.30, -0.09, -0.91
Gyro: -1.75, -0.26, -1.91
Accel: -0.30, -0.09, -0.91
Gyro: -1.30, -1.18, -2.11
Accel: -0.30, -0.10, -0.92
Gyro: -1.03, -2.05, -1.90
Accel: -0.31, -0.09, -0.93
Gyro: -1.24, -2.90, -1.64
Accel: -0.35, -0.12, -1.02
Gyro: -1.21, 2.40, -3.09
Accel: -0.40, -0.12, -1.12
Gyro: -0.44, 20.17, -8.02
Accel: -0.46, -0.10, -1.25
Gyro: 6.00, 46.67, -11.64
Accel: -0.49, -0.09, -1.27
Gyro: 10.04, 89.14, -14.47
Accel: -0.37, -0.10, -1.05
Gyro: 21.83, 112.24, -16.43
Accel: -0.28, -0.12, -1.19
Gyro: 20.58, 133.57, -17.99
Accel: -0.17, -0.11, -0.94
Gyro: 22.32, 148.52, -17.37
Accel: -0.03, -0.16, -0.74
Gyro: 18.12, 154.37, -17.45
Accel: 0.30, -0.10, -0.30
Gyro: 19.72, 94.73, -13.45
Accel: 0.30, -0.14, -0.57
Gyro: 18.96, 29.72, -5.07
Accel: 0.26, -0.21, -0.75
Gyro: 5.10, 7.65, -3.65
Accel: 0.27, -0.21, -0.73
Gyro: -0.60, -15.76, -3.84
Accel: 0.21, -0.26, -0.79
Gyro: -12.00, -37.11, -3.94
Accel: 0.25, -0.15, -0.57
Gyro: -30.97, -67.05, -3.34
Accel: 0.20, -0.07, -0.41
Gyro: -23.87, -126.41, 9.74
Accel: -0.02, -0.09, -0.60
Gyro: -24.21, -176.31, 18.48
Accel: -0.23, -0.06, -1.02
Gyro: -28.85, -182.89, 24.19
Accel: -0.47, -0.18, -1.48
Gyro: -16.15, -145.89, 15.97
Accel: -0.46, -0.12, -1.49
Gyro: -15.04, -50.81, 3.56
Accel: -0.39, -0.13, -1.25
Gyro: 2.62, -10.70, 1.05
Accel: -0.35, -0.12, -1.00
Gyro: -0.17, 6.02, 3.78
Accel: -0.30, -0.11, -0.89
Gyro: 1.19, 5.44, 2.27
Accel: -0.28, -0.14, -0.96
Gyro: 5.10, 1.03, -0.79
Accel: -0.28, -0.13, -0.89
Gyro: -6.07, -0.15, -5.06
Accel: -0.29, -0.11, -0.90
Gyro: 0.46, -2.91, -5.41
Accel: -0.29, -0.11, -0.92
Gyro: -5.48, -1.90, -3.31
Accel: -0.30, -0.10, -0.92
Gyro: 2.15, -1.57, -0.41
Accel: -0.29, -0.13, -0.91
Gyro: -0.68, -1.60, 0.91
Accel: -0.30, -0.14, -0.91
Gyro: -2.49, -4.29, -0.24
Accel: -0.31, -0.13, -0.91
Gyro: -6.17, -4.59, -2.27
Accel: -0.32, -0.11, -0.93
Gyro: -8.03, -3.43, -2.85
Accel: -0.32, -0.11, -0.93
Gyro: -7.20, -1.19, -3.49
Accel: -0.31, -0.10, -0.94
Gyro: -4.36, -0.34, -3.22
Accel: -0.30, -0.10, -0.95
Gyro: -1.68, 0.34, -2.01
Accel: -0.30, -0.11, -0.97
Gyro: -3.36, 2.95, -1.52
Accel: -0.28, -0.11, -0.96
Gyro: -2.71, 5.92, -0.89
Accel: -0.26, -0.11, -0.93
Gyro: -2.14, 7.10, -0.32
Accel: -0.25, -0.11, -0.94
Gyro: -1.73, 7.58, -0.47
Accel: -0.25, -0.11, -0.94
Gyro: -1.17, 7.51, -0.63
Accel: -0.23, -0.11, -0.92
Gyro: -1.31, 6.26, -1.13
Accel: -0.23, -0.11, -0.92
Gyro: -2.31, 3.69, -1.08
Accel: -0.24, -0.11, -0.92
Gyro: -1.00, 0.89, -0.58
Accel: -0.25, -0.10, -0.92
Gyro: -0.72, -1.28, 0.16
Accel: -0.26, -0.11, -0.92
Gyro: -1.56, -1.93, -0.12
Accel: -0.27, -0.12, -0.94
Gyro: -1.78, -2.46, -1.04
Accel: -0.27, -0.11, -0.92
Gyro: -2.47, -2.82, -1.73
Accel: -0.28, -0.12, -0.92
Gyro: -2.70, -2.28, -1.91
Accel: -0.28, -0.11, -0.93
Gyro: -3.35, -2.55, -2.02
Accel: -0.28, -0.11, -0.94
Gyro: -3.40, -1.73, -2.08
Accel: -0.28, -0.11, -0.94
Gyro: -2.90, -0.94, -1.78
Accel: -0.28, -0.11, -0.93
Gyro: -3.89, -0.28, -2.21
Accel: -0.29, -0.10, -0.95
Gyro: -2.40, 0.85, -1.73
Accel: -0.28, -0.11, -0.93
Gyro: -2.27, 1.37, -1.57
Accel: -0.27, -0.11, -0.95
Gyro: -3.21, 2.64, -1.53
Accel: -0.27, -0.11, -0.94
Gyro: -2.72, 3.20, -1.63
Accel: -0.26, -0.11, -0.93
Gyro: -2.36, 4.00, -1.98
Accel: -0.25, -0.11, -0.93
Gyro: -2.69, 4.22, -2.65
Accel: -0.25, -0.10, -0.93
Gyro: -2.06, 2.82, -2.88
Accel: -0.25, -0.12, -0.94
Gyro: -1.88, 1.88, -2.14
Accel: -0.24, -0.10, -0.94
Gyro: -2.66, 1.61, -2.07
Accel: -0.24, -0.11, -0.94
Gyro: -1.50, 1.27, -1.25
Accel: -0.25, -0.11, -0.94
Gyro: -2.48, 0.61, -1.29
Accel: -0.25, -0.11, -0.93
Gyro: -2.72, 0.37, -1.95
Accel: -0.25, -0.11, -0.93
Gyro: -1.99, -0.10, -1.79
Accel: -0.25, -0.11, -0.94
Gyro: -1.97, -0.66, -1.76
Accel: -0.25, -0.10, -0.94
Gyro: -2.00, -0.53, -1.38
Accel: -0.25, -0.11, -0.94
Gyro: -1.89, -0.59, -0.69
Accel: -0.26, -0.11, -0.93
Gyro: -2.10, -0.76, -0.80
Accel: -0.25, -0.11, -0.93
Gyro: -2.40, -1.08, -1.49
Accel: -0.25, -0.10, -0.94
Gyro: -2.26, -1.54, -2.30
