Accel: -0.26, -0.10, -0.95
Gyro: -1.90, -1.08, -2.33
Accel: -0.26, -0.09, -0.94
Gyro: -1.96, -0.29, -1.34
Accel: -0.25, -0.10, -0.93
Gyro: -1.74, -0.46, -0.50
Accel: -0.26, -0.10, -0.94
Gyro: -1.39, 0.10, -0.31
Accel: -0.26, -0.12, -0.93
Gyro: -1.48, 0.72, -0.65
Accel: -0.26, -0.11, -0.94
Gyro: -2.69, 0.71, -1.88
Accel: -0.24, -0.09, -0.94
Gyro: -1.11, 0.90, -1.68
Accel: -0.25, -0.12, -0.93
Gyro: -1.43, 0.40, -1.52
Accel: -0.25, -0.11, -0.94
Gyro: -2.23, 0.40, -1.54
Accel: -0.24, -0.10, -0.94
Gyro: -1.60, 0.30, -1.27
Accel: -0.24, -0.11, -0.94
Gyro: -1.30, 0.05, -1.20
Accel: -0.24, -0.11, -0.93
Gyro: -1.79, -0.40, -1.47
Accel: -0.25, -0.11, -0.94
Gyro: -1.81, -1.31, -1.08
Accel: -0.24, -0.11, -0.95
Gyro: -2.06, -1.39, -1.11
Accel: -0.25, -0.10, -0.94
Gyro: -2.32, -1.11, -1.59
Accel: -0.25, -0.11, -0.94
Gyro: -1.62, -1.08, -1.79
Accel: -0.25, -0.11, -0.93
Gyro: -1.96, -1.10, -1.53
Accel: -0.26, -0.10, -0.94
Gyro: -2.29, -1.01, -1.29
Accel: -0.25, -0.11, -0.94
Gyro: -1.39, -1.08, -1.02
Accel: -0.25, -0.12, -0.95
Gyro: -1.36, -1.04, -1.41
Accel: -0.25, -0.11, -0.94
Gyro: -1.49, -0.76, -1.01
Accel: -0.25, -0.11, -0.94
Gyro: -1.31, -0.81, -0.78
Accel: -0.25, -0.12, -0.94
Gyro: -1.88, -0.79, -0.56
Accel: -0.25, -0.12, -0.94
Gyro: -2.39, -0.87, -1.01
Accel: -0.25, -0.11, -0.93
Gyro: -2.11, -1.13, -1.67
Accel: -0.26, -0.11, -0.93
Gyro: -2.04, -1.15, -1.57
Accel: -0.25, -0.10, -0.94
Gyro: -2.59, -1.04, -1.51
Accel: -0.26, -0.11, -0.94
Gyro: -2.82, -0.85, -1.30
Accel: -0.25, -0.12, -0.94
Gyro: -2.45, -0.24, -1.37
Accel: -0.26, -0.11, -0.95
Gyro: -3.46, 0.54, -2.17
Accel: -0.28, -0.10, -0.99
Gyro: -2.30, 4.14, -2.41
Accel: -0.29, -0.11, -1.01
Gyro: -0.80, 12.42, -2.70
Accel: -0.31, -0.11, -1.04
Gyro: -0.93, 24.09, -4.59
Accel: -0.35, -0.10, -1.10
Gyro: 2.76, 37.71, -6.20
Accel: -0.33, -0.10, -1.07
Gyro: 6.70, 57.53, -7.99
Accel: -0.28, -0.09, -1.03
Gyro: 17.50, 65.67, -9.64
Accel: -0.22, -0.09, -1.01
Gyro: 22.62, 70.88, -6.53
Accel: -0.15, -0.14, -0.95
Gyro: 19.95, 78.87, -4.97
Accel: -0.11, -0.18, -0.97
Gyro: 15.46, 79.13, -6.80
Accel: -0.01, -0.16, -0.85
Gyro: 8.35, 80.01, -7.23
Accel: 0.08, -0.17, -0.79
Gyro: 6.99, 63.78, -5.73
Accel: 0.12, -0.17, -0.82
Gyro: 1.91, 51.24, -4.48
Accel: 0.16, -0.16, -0.84
Gyro: -0.95, 37.67, -2.69
Accel: 0.18, -0.17, -0.87
Gyro: -1.03, 27.95, -0.55
Accel: 0.19, -0.17, -0.89
Gyro: -1.76, 21.18, 0.81
Accel: 0.21, -0.17, -0.86
Gyro: -1.35, 12.41, 1.92
Accel: 0.22, -0.17, -0.87
Gyro: -1.46, 4.67, 3.88
Accel: 0.23, -0.18, -0.86
Gyro: -2.22, -3.98, 4.72
Accel: 0.24, -0.18, -0.86
Gyro: -3.91, -13.26, 6.82
Accel: 0.25, -0.16, -0.83
Gyro: -5.62, -24.94, 10.57
Accel: 0.25, -0.15, -0.78
Gyro: -8.00, -42.47, 15.88
Accel: 0.22, -0.15, -0.79
Gyro: -11.89, -60.08, 22.21
Accel: 0.15, -0.15, -0.83
Gyro: -15.59, -74.35, 27.47
Accel: 0.08, -0.18, -0.86
Gyro: -18.44, -83.27, 27.33
Accel: 0.02, -0.19, -0.86
Gyro: -16.46, -90.20, 21.81
Accel: -0.05, -0.17, -0.89
Gyro: -15.90, -94.50, 16.76
Accel: -0.13, -0.16, -0.89
Gyro: -14.77, -97.80, 13.50
Accel: -0.23, -0.14, -0.92
Gyro: -12.21, -99.99, 10.22
Accel: -0.33, -0.15, -0.98
Gyro: -9.04, -93.89, 7.03
Accel: -0.41, -0.12, -1.01
Gyro: -7.90, -81.33, 9.31
Accel: -0.44, -0.14, -1.02
Gyro: -13.02, -67.16, 8.29
Accel: -0.51, -0.13, -1.02
Gyro: -9.56, -53.60, 3.46
Accel: -0.56, -0.12, -1.03
Gyro: -12.18, -36.99, 0.53
Accel: -0.57, -0.11, -1.00
Gyro: -8.13, -22.67, -1.81
Accel: -0.55, -0.11, -0.94
Gyro: -7.46, -11.99, -5.13
Accel: -0.54, -0.09, -0.91
Gyro: -7.67, -4.40, -6.16
Accel: -0.51, -0.08, -0.89
Gyro: -7.84, 0.19, -6.42
Accel: -0.50, -0.08, -0.89
Gyro: -8.01, 3.66, -6.35
Accel: -0.47, -0.07, -0.87
Gyro: -8.63, 6.05, -5.74
Accel: -0.45, -0.08, -0.88
Gyro: -6.74, 7.23, -4.84
Accel: -0.44, -0.07, -0.88
Gyro: -5.65, 7.66, -3.45
Accel: -0.42, -0.07, -0.88
Gyro: -4.79, 7.63, -2.50
Accel: -0.41, -0.08, -0.90
Gyro: -4.59, 8.23, -2.54
Accel: -0.40, -0.07, -0.90
Gyro: -4.14, 8.72, -2.99
Accel: -0.39, -0.07, -0.92
Gyro: -3.80, 10.64, -2.49
Accel: -0.37, -0.08, -0.92
Gyro: -4.17, 12.05, -1.81
Accel: -0.37, -0.08, -0.91
Gyro: -3.85, 12.87, -1.49
Accel: -0.34, -0.09, -0.93
Gyro: -3.28, 13.56, -2.37
Accel: -0.32, -0.08, -0.92
Gyro: -2.71, 13.44, -3.54
Accel: -0.31, -0.09, -0.91
Gyro: -2.56, 12.60, -4.26
Accel: -0.31, -0.09, -0.91
Gyro: -2.78, 12.12, -5.09
Accel: -0.30, -0.09, -0.91
Gyro: -2.51, 11.26, -5.74
Accel: -0.30, -0.09, -0.90
Gyro: -3.94, 8.45, -6.81
Accel: -0.31, -0.07, -0.90
Gyro: -3.16, 7.55, -6.16
Accel: -0.31, -0.08, -0.90
Gyro: -2.47, 5.20, -5.05
Accel: -0.32, -0.08, -0.90
Gyro: -3.53, 3.67, -4.17
Accel: -0.33, -0.07, -0.89
Gyro: -4.00, 2.95, -3.15
Accel: -0.34, -0.08, -0.92
Gyro: -3.65, 2.59, -2.20
Accel: -0.33, -0.08, -0.91
Gyro: -3.77, 2.12, -2.43
Accel: -0.33, -0.07, -0.91
Gyro: -3.14, 1.27, -2.26
Accel: -0.33, -0.08, -0.93
Gyro: -2.85, 1.03, -1.61
Accel: -0.33, -0.07, -0.92
Gyro: -2.20, 1.64, -1.81
Accel: -0.33, -0.07, -0.93
Gyro: -0.63, 2.34, -0.57
Accel: -0.32, -0.08, -0.92
Gyro: -0.45, 2.91, -0.08
Accel: -0.32, -0.08, -0.91
Gyro: 0.66, 3.17, 0.14
Accel: -0.31, -0.08, -0.94
Gyro: 1.01, 3.18, 0.50
Accel: -0.30, -0.08, -0.92
Gyro: 1.55, 2.59, 1.40
Accel: -0.30, -0.08, -0.93
Gyro: 1.95, 3.17, 3.17
Accel: -0.30, -0.08, -0.94
Gyro: 2.67, 3.05, 4.98
Accel: -0.29, -0.10, -0.92
Gyro: 2.48, 3.50, 6.28
Accel: -0.29, -0.10, -0.93
Gyro: 1.43, 3.67, 6.36
