Accel: 0.35, 0.09, -0.91
Gyro: -3.00, -1.83, -1.69
Accel: 0.34, 0.09, -0.90
Gyro: -3.13, -1.98, -1.59
Accel: 0.35, 0.10, -0.90
Gyro: -3.11, -2.52, -1.48
Accel: 0.34, 0.10, -0.91
Gyro: -3.37, -2.88, -1.19
Accel: 0.33, 0.10, -0.92
Gyro: -3.06, -2.12, -1.24
Accel: 0.33, 0.10, -0.91
Gyro: -2.89, -1.95, -1.56
Accel: 0.33, 0.10, -0.91
Gyro: -3.03, -2.20, -1.14
Accel: 0.34, 0.11, -0.92
Gyro: -2.89, -1.99, -0.71
Accel: 0.33, 0.10, -0.93
Gyro: -3.00, -1.36, -0.18
Accel: 0.32, 0.10, -0.93
Gyro: -3.36, 0.24, -0.77
Accel: 0.30, 0.09, -0.97
Gyro: -4.12, 4.04, -1.21
Accel: 0.31, 0.07, -0.96
Gyro: -4.25, 9.63, -2.79
Accel: 0.29, 0.08, -0.99
Gyro: -5.89, 17.86, -5.12
Accel: 0.31, 0.09, -0.97
Gyro: -6.26, 26.25, -6.07
Accel: 0.33, 0.08, -0.92
Gyro: -5.65, 30.65, -8.40
Accel: 0.35, 0.09, -0.92
Gyro: -6.89, 32.91, -11.43
Accel: 0.34, 0.12, -0.97
Gyro: -10.89, 43.13, -12.72
Accel: 0.38, 0.15, -0.89
Gyro: -10.46, 46.85, -9.99
Accel: 0.37, 0.11, -0.95
Gyro: -8.42, 51.06, -9.48
Accel: 0.40, 0.15, -0.93
Gyro: -13.94, 65.29, -9.57
Accel: 0.45, 0.14, -0.84
Gyro: -10.72, 69.32, -8.54
Accel: 0.44, 0.09, -0.90
Gyro: -8.45, 78.85, -14.21
Accel: 0.53, 0.11, -0.77
Gyro: -6.78, 84.92, -21.19
Accel: 0.60, 0.06, -0.67
Gyro: 9.80, 80.89, -36.63
Accel: 0.67, 0.08, -0.62
Gyro: 19.43, 71.84, -55.22
Accel: 0.73, 0.07, -0.50
Gyro: 27.05, 56.36, -73.33
Accel: 0.75, 0.12, -0.52
Gyro: 33.91, 37.38, -87.80
Accel: 0.75, 0.13, -0.52
Gyro: 33.76, 20.83, -95.94
Accel: 0.75, 0.21, -0.52
Gyro: 29.58, 8.62, -101.01
Accel: 0.74, 0.20, -0.54
Gyro: 33.29, -7.12, -103.00
Accel: 0.70, 0.29, -0.58
Gyro: 31.13, -14.93, -106.33
Accel: 0.69, 0.30, -0.58
Gyro: 34.18, -28.43, -102.58
Accel: 0.65, 0.35, -0.59
Gyro: 34.59, -38.96, -98.03
Accel: 0.60, 0.36, -0.66
Gyro: 35.25, -48.63, -90.46
Accel: 0.55, 0.40, -0.68
Gyro: 32.34, -54.62, -83.27
Accel: 0.51, 0.40, -0.70
Gyro: 30.78, -62.27, -76.03
Accel: 0.46, 0.41, -0.72
Gyro: 28.76, -71.28, -67.66
Accel: 0.41, 0.43, -0.73
Gyro: 26.15, -80.66, -55.89
Accel: 0.33, 0.40, -0.74
Gyro: 24.80, -89.59, -42.95
Accel: 0.26, 0.39, -0.83
Gyro: 19.78, -91.83, -35.61
Accel: 0.22, 0.46, -0.81
Gyro: 20.35, -97.60, -22.29
Accel: 0.15, 0.45, -0.82
Gyro: 22.63, -104.16, -5.36
Accel: 0.08, 0.45, -0.87
Gyro: 22.61, -108.96, 10.51
Accel: 0.03, 0.45, -0.84
Gyro: 41.66, -105.74, 32.24
Accel: -0.06, 0.36, -0.91
Gyro: 38.02, -108.98, 49.71
Accel: -0.16, 0.34, -0.97
Gyro: 31.71, -104.12, 62.07
Accel: -0.19, 0.32, -1.05
Gyro: 18.66, -93.48, 73.98
Accel: -0.23, 0.33, -1.05
Gyro: 7.00, -78.84, 81.61
Accel: -0.26, 0.30, -1.08
Gyro: 4.08, -65.67, 89.02
Accel: -0.26, 0.30, -1.05
Gyro: 1.75, -49.31, 89.41
Accel: -0.25, 0.34, -1.00
Gyro: 5.95, -40.40, 93.73
Accel: -0.26, 0.29, -1.02
Gyro: 7.97, -32.99, 98.08
Accel: -0.26, 0.23, -1.02
Gyro: 13.48, -21.91, 94.32
Accel: -0.24, 0.27, -0.99
Gyro: 18.18, -12.50, 89.09
Accel: -0.22, 0.25, -0.97
Gyro: 24.05, -5.99, 87.81
Accel: -0.22, 0.18, -1.00
Gyro: 27.05, 0.03, 80.83
Accel: -0.21, 0.20, -1.00
Gyro: 25.07, 10.62, 73.30
Accel: -0.17, 0.12, -0.97
Gyro: 26.27, 14.67, 65.81
Accel: -0.19, 0.10, -1.06
Gyro: 25.35, 23.79, 55.75
Accel: -0.15, 0.13, -0.98
Gyro: 24.86, 34.74, 49.75
Accel: -0.12, 0.08, -0.99
Gyro: 22.55, 37.44, 43.04
Accel: -0.09, 0.11, -1.02
Gyro: 20.20, 43.85, 39.44
Accel: -0.05, 0.02, -1.01
Gyro: 16.17, 53.85, 34.03
Accel: 0.01, 0.02, -0.89
Gyro: 11.51, 51.80, 22.36
Accel: 0.01, 0.13, -1.01
Gyro: 8.50, 49.16, 19.29
Accel: 0.01, 0.11, -1.06
Gyro: 6.42, 65.51, 21.51
Accel: 0.11, 0.05, -0.89
Gyro: 7.02, 66.33, 19.55
Accel: 0.11, 0.06, -0.99
Gyro: 6.16, 64.59, 16.20
Accel: 0.18, 0.04, -0.94
Gyro: 4.73, 68.98, 10.82
Accel: 0.24, 0.03, -0.86
Gyro: 5.62, 63.84, 4.95
Accel: 0.27, 0.04, -0.89
Gyro: 6.03, 60.20, -0.50
Accel: 0.32, 0.05, -0.85
Gyro: 9.10, 55.36, -2.91
Accel: 0.38, 0.02, -0.78
Gyro: 8.61, 42.85, -7.40
Accel: 0.42, 0.04, -0.77
Gyro: 5.94, 26.40, -11.50
Accel: 0.43, 0.07, -0.80
Gyro: 3.74, 13.45, -12.02
Accel: 0.43, 0.06, -0.82
Gyro: 2.82, 4.90, -11.27
Accel: 0.42, 0.07, -0.86
Gyro: 0.65, -0.05, -11.52
Accel: 0.39, 0.09, -0.88
Gyro: -0.49, -3.88, -9.58
Accel: 0.39, 0.09, -0.89
Gyro: -1.07, -4.36, -7.06
Accel: 0.39, 0.09, -0.88
Gyro: -2.54, -4.82, -6.26
Accel: 0.38, 0.10, -0.90
Gyro: -2.62, -5.19, -5.26
Accel: 0.37, 0.10, -0.89
Gyro: -2.53, -4.84, -3.45
Accel: 0.37, 0.09, -0.89
Gyro: -3.10, -5.46, -3.43
Accel: 0.35, 0.11, -0.91
Gyro: -3.24, -6.03, -2.82
Accel: 0.34, 0.11, -0.91
Gyro: -2.92, -4.42, -1.34
Accel: 0.34, 0.09, -0.90
Gyro: -2.74, -3.14, -0.66
Accel: 0.35, 0.08, -0.90
Gyro: -3.59, -4.10, -1.37
Accel: 0.33, 0.09, -0.90
Gyro: -3.87, -5.07, -1.56
Accel: 0.33, 0.10, -0.91
Gyro: -2.90, -4.66, -1.48
Accel: 0.33, 0.09, -0.91
Gyro: -2.33, -4.13, -1.82
Accel: 0.33, 0.10, -0.92
Gyro: -2.00, -4.14, -1.32
Accel: 0.33, 0.09, -0.92
Gyro: -2.00, -2.65, -1.30
Accel: 0.33, 0.09, -0.92
Gyro: -1.81, -1.79, -1.79
Accel: 0.34, 0.09, -0.92
Gyro: -1.63, -1.63, -1.98
Accel: 0.33, 0.08, -0.91
Gyro: -1.75, -1.34, -2.32
Accel: 0.34, 0.08, -0.90
Gyro: -2.72, -1.85, -2.79
Accel: 0.33, 0.09, -0.91
Gyro: -2.48, -1.92, -2.11
Accel: 0.34, 0.08, -0.92
Gyro: -2.37, -1.44, -1.85
Accel: 0.34, 0.08, -0.90
Gyro: -3.03, -1.43, -2.11
Accel: 0.33, 0.10, -0.91
Gyro: -3.47, -2.44, -1.90
Accel: 0.33, 0.10, -0.91
Gyro: -2.72, -2.07, -0.94
