Accel: 0.25, 0.10, -0.93
Gyro: -2.90, -0.24, 0.82
Accel: 0.25, 0.10, -0.93
Gyro: -2.80, 0.28, 0.98
Accel: 0.25, 0.10, -0.93
Gyro: -1.82, 0.88, 0.88
Accel: 0.26, 0.09, -0.93
Gyro: -1.58, -0.01, 0.00
Accel: 0.24, 0.10, -0.93
Gyro: -2.11, -1.04, -0.45
Accel: 0.24, 0.11, -0.94
Gyro: -2.05, 0.16, -0.43
Accel: 0.25, 0.10, -0.94
Gyro: -2.19, 1.69, -0.38
Accel: 0.24, 0.09, -0.97
Gyro: -2.44, 4.04, -1.07
Accel: 0.24, 0.09, -0.99
Gyro: -2.66, 10.33, -2.07
Accel: 0.24, 0.07, -0.97
Gyro: -2.29, 14.14, -4.32
Accel: 0.22, 0.04, -1.05
Gyro: -3.17, 24.59, -10.37
Accel: 0.23, 0.06, -1.06
Gyro: -3.11, 37.64, -17.01
Accel: 0.22, 0.02, -1.09
Gyro: 1.95, 52.22, -25.23
Accel: 0.27, 0.05, -0.96
Gyro: 2.51, 65.97, -39.69
Accel: 0.34, 0.09, -0.86
Gyro: 13.32, 64.47, -45.19
Accel: 0.34, 0.07, -0.93
Gyro: 16.30, 64.96, -50.87
Accel: 0.39, 0.05, -0.87
Gyro: 18.08, 67.30, -59.98
Accel: 0.43, 0.04, -0.87
Gyro: 20.56, 68.27, -69.64
Accel: 0.46, 0.03, -0.79
Gyro: 21.99, 67.30, -79.48
Accel: 0.51, -0.08, -0.73
Gyro: 28.79, 61.44, -100.36
Accel: 0.51, 0.05, -0.72
Gyro: 25.57, 50.95, -119.80
Accel: 0.51, 0.10, -0.69
Gyro: 25.85, 42.96, -132.80
Accel: 0.54, 0.24, -0.70
Gyro: 28.63, 27.37, -141.91
Accel: 0.53, 0.34, -0.70
Gyro: 38.91, 18.59, -133.28
Accel: 0.56, 0.31, -0.68
Gyro: 38.47, 7.51, -124.05
Accel: 0.58, 0.43, -0.65
Gyro: 30.79, -5.41, -108.73
Accel: 0.55, 0.37, -0.71
Gyro: 35.86, -22.06, -93.01
Accel: 0.52, 0.42, -0.72
Gyro: 31.63, -26.45, -82.54
Accel: 0.52, 0.37, -0.67
Gyro: 38.19, -41.69, -70.58
Accel: 0.48, 0.38, -0.70
Gyro: 38.26, -56.47, -58.84
Accel: 0.42, 0.34, -0.76
Gyro: 34.41, -67.54, -45.55
Accel: 0.37, 0.36, -0.78
Gyro: 27.93, -76.10, -31.48
Accel: 0.29, 0.36, -0.81
Gyro: 24.99, -88.60, -12.75
Accel: 0.21, 0.23, -0.93
Gyro: 17.59, -91.17, -6.20
Accel: 0.16, 0.36, -0.89
Gyro: 14.76, -89.04, 3.21
Accel: 0.11, 0.34, -0.87
Gyro: 21.30, -95.62, 22.80
Accel: 0.03, 0.13, -1.00
Gyro: 14.38, -95.07, 27.08
Accel: -0.02, 0.32, -1.05
Gyro: 20.58, -77.74, 35.67
Accel: -0.06, 0.30, -1.02
Gyro: 22.03, -74.27, 52.28
Accel: -0.13, 0.24, -1.04
Gyro: 21.77, -62.42, 61.74
Accel: -0.12, 0.27, -1.09
Gyro: 8.79, -51.24, 70.94
Accel: -0.14, 0.28, -1.00
Gyro: 5.76, -43.91, 85.85
Accel: -0.15, 0.23, -0.98
Gyro: 2.00, -39.53, 98.22
Accel: -0.16, 0.23, -1.01
Gyro: -4.91, -35.60, 106.45
Accel: -0.19, 0.22, -1.03
Gyro: -8.24, -28.27, 114.97
Accel: -0.20, 0.16, -1.07
Gyro: -9.38, -17.68, 116.20
Accel: -0.20, 0.18, -1.10
Gyro: -10.96, -1.65, 112.23
Accel: -0.16, 0.16, -1.03
Gyro: -8.83, 8.84, 111.11
Accel: -0.13, 0.09, -1.01
Gyro: -6.70, 16.34, 101.42
Accel: -0.09, 0.08, -1.01
Gyro: -2.69, 23.75, 85.66
Accel: -0.06, 0.09, -0.98
Gyro: -1.82, 28.18, 73.90
Accel: -0.02, 0.10, -0.95
Gyro: -3.68, 29.76, 62.29
Accel: -0.00, 0.15, -0.99
Gyro: 1.21, 29.79, 56.73
Accel: 0.00, 0.09, -1.02
Gyro: -2.00, 40.49, 52.51
Accel: 0.07, 0.08, -0.93
Gyro: -4.17, 41.47, 40.86
Accel: 0.08, 0.13, -0.98
Gyro: -0.34, 46.94, 32.65
Accel: 0.14, 0.13, -0.89
Gyro: 4.02, 45.81, 26.77
Accel: 0.16, 0.10, -0.95
Gyro: 6.17, 42.30, 18.75
Accel: 0.20, 0.10, -0.91
Gyro: 8.93, 44.17, 11.58
Accel: 0.25, 0.11, -0.84
Gyro: 10.74, 35.65, 6.68
Accel: 0.28, 0.10, -0.83
Gyro: 9.41, 23.14, 4.13
Accel: 0.29, 0.11, -0.87
Gyro: 5.85, 14.93, 1.89
Accel: 0.29, 0.10, -0.87
Gyro: 3.45, 9.93, 0.36
Accel: 0.30, 0.11, -0.88
Gyro: 0.70, 4.75, -1.28
Accel: 0.30, 0.13, -0.90
Gyro: 1.28, -0.40, -1.63
Accel: 0.28, 0.13, -0.91
Gyro: 0.90, -0.94, -1.46
Accel: 0.28, 0.11, -0.90
Gyro: 1.73, -2.37, -1.96
Accel: 0.28, 0.12, -0.91
Gyro: 1.27, -4.36, -2.60
Accel: 0.26, 0.12, -0.94
Gyro: 0.40, -4.47, -2.30
Accel: 0.26, 0.13, -0.94
Gyro: -0.51, -3.03, -1.80
Accel: 0.25, 0.11, -0.94
Gyro: -2.35, -2.55, -1.68
Accel: 0.24, 0.14, -0.94
Gyro: -3.53, -1.45, -1.15
Accel: 0.25, 0.13, -0.92
Gyro: -3.76, -1.00, -0.72
Accel: 0.25, 0.14, -0.94
Gyro: -4.06, -1.38, -0.79
Accel: 0.25, 0.13, -0.93
Gyro: -3.88, -1.57, -0.93
Accel: 0.25, 0.14, -0.93
Gyro: -3.12, -1.30, -0.98
Accel: 0.25, 0.14, -0.94
Gyro: -3.00, -0.63, -0.94
Accel: 0.25, 0.14, -0.93
Gyro: -2.50, -0.11, -0.34
Accel: 0.25, 0.14, -0.92
Gyro: -2.08, -0.37, 0.48
Accel: 0.25, 0.13, -0.93
Gyro: -2.45, -0.91, 0.24
Accel: 0.25, 0.14, -0.93
Gyro: -2.07, -0.95, -0.01
Accel: 0.25, 0.14, -0.93
Gyro: -1.78, -0.57, 0.34
Accel: 0.25, 0.12, -0.93
Gyro: -1.87, -0.34, 0.00
Accel: 0.26, 0.13, -0.93
Gyro: -2.12, -0.83, -0.87
Accel: 0.25, 0.12, -0.93
Gyro: -2.23, -0.92, -1.12
Accel: 0.25, 0.14, -0.93
Gyro: -2.16, -1.43, -1.08
Accel: 0.25, 0.13, -0.94
Gyro: -2.40, -1.12, -0.69
Accel: 0.26, 0.14, -0.93
Gyro: -2.27, -0.73, -0.18
Accel: 0.26, 0.13, -0.92
Gyro: -2.20, -1.15, -0.24
Accel: 0.25, 0.13, -0.93
Gyro: -2.60, -1.60, -0.79
Accel: 0.25, 0.14, -0.93
Gyro: -2.18, -1.25, -0.31
Accel: 0.26, 0.13, -0.93
Gyro: -1.83, -0.81, -0.59
Accel: 0.25, 0.12, -0.92
Gyro: -1.74, -0.83, -1.37
Accel: 0.25, 0.14, -0.92
Gyro: -2.47, -1.43, -1.80
Accel: 0.24, 0.13, -0.93
Gyro: -2.30, -1.10, -1.92
Accel: 0.25, 0.13, -0.93
Gyro: -3.01, -0.56, -1.95
Accel: 0.25, 0.14, -0.94
Gyro: -2.78, -0.88, -1.91
Accel: 0.24, 0.16, -0.93
Gyro: -2.43, -0.53, -1.15
Accel: 0.24, 0.14, -0.94
Gyro: -1.90, -0.10, -0.06
Accel: 0.25, 0.13, -0.93
Gyro: -2.30, 0.04, -0.42
Accel: 0.24, 0.14, -0.92
Gyro: -2.19, -0.98, -0.35
