Accel: 0.28, 0.12, -0.91
Gyro: -2.16, -0.47, -1.15
Accel: 0.28, 0.13, -0.92
Gyro: -2.30, -0.83, -0.98
Accel: 0.28, 0.11, -0.93
Gyro: -2.24, -0.63, -0.55
Accel: 0.29, 0.12, -0.92
Gyro: -2.39, -0.81, -0.65
Accel: 0.29, 0.13, -0.92
Gyro: -2.02, -1.32, -0.57
Accel: 0.28, 0.12, -0.92
Gyro: -1.93, -1.79, -0.31
Accel: 0.29, 0.12, -0.93
Gyro: -2.07, -1.17, -0.24
Accel: 0.29, 0.12, -0.92
Gyro: -2.16, -1.54, -0.46
Accel: 0.29, 0.12, -0.90
Gyro: -2.51, -2.67, -0.79
Accel: 0.29, 0.13, -0.92
Gyro: -2.72, -3.87, -0.04
Accel: 0.28, 0.13, -0.91
Gyro: -2.68, -5.28, 1.55
Accel: 0.29, 0.13, -0.89
Gyro: -3.72, -8.54, 3.67
Accel: 0.29, 0.15, -0.89
Gyro: -6.52, -13.08, 8.05
Accel: 0.28, 0.15, -0.87
Gyro: -9.45, -18.19, 13.48
Accel: 0.27, 0.12, -0.90
Gyro: -14.19, -22.74, 17.87
Accel: 0.24, 0.13, -0.96
Gyro: -19.02, -23.81, 20.28
Accel: 0.19, 0.13, -1.05
Gyro: -22.70, -15.87, 22.82
Accel: 0.14, 0.10, -1.15
Gyro: -24.22, 7.17, 20.02
Accel: 0.13, 0.04, -1.14
Gyro: -19.24, 30.06, 4.96
Accel: 0.11, 0.01, -1.17
Gyro: -7.80, 56.85, -13.05
Accel: 0.17, 0.02, -1.04
Gyro: 6.07, 73.72, -37.34
Accel: 0.18, -0.06, -1.03
Gyro: 17.94, 87.48, -69.18
Accel: 0.22, 0.07, -1.00
Gyro: 29.38, 94.52, -91.03
Accel: 0.28, 0.08, -0.88
Gyro: 28.80, 103.86, -103.78
Accel: 0.37, 0.11, -0.73
Gyro: 33.67, 91.98, -112.02
Accel: 0.36, 0.17, -0.88
Gyro: 26.63, 91.47, -118.29
Accel: 0.47, 0.22, -0.66
Gyro: 20.16, 83.89, -117.55
Accel: 0.50, 0.20, -0.62
Gyro: 23.93, 65.83, -119.32
Accel: 0.51, 0.33, -0.75
Gyro: 13.49, 60.87, -116.11
Accel: 0.58, 0.28, -0.58
Gyro: 12.56, 44.26, -110.95
Accel: 0.61, 0.40, -0.59
Gyro: 18.68, 29.17, -117.01
Accel: 0.65, 0.49, -0.53
Gyro: 26.44, 6.19, -102.84
Accel: 0.62, 0.46, -0.60
Gyro: 25.70, -11.75, -88.71
Accel: 0.59, 0.46, -0.61
Gyro: 22.98, -24.05, -78.19
Accel: 0.55, 0.43, -0.63
Gyro: 23.26, -38.98, -66.78
Accel: 0.51, 0.46, -0.65
Gyro: 20.18, -48.63, -60.64
Accel: 0.48, 0.51, -0.68
Gyro: 20.41, -60.21, -46.70
Accel: 0.42, 0.52, -0.73
Gyro: 19.17, -70.85, -33.31
Accel: 0.34, 0.52, -0.75
Gyro: 19.50, -78.65, -16.01
Accel: 0.28, 0.42, -0.83
Gyro: 21.09, -84.26, -6.58
Accel: 0.24, 0.45, -0.84
Gyro: 18.55, -85.82, 0.32
Accel: 0.18, 0.47, -0.84
Gyro: 23.13, -88.94, 14.46
Accel: 0.11, 0.44, -0.89
Gyro: 22.33, -88.90, 28.66
Accel: 0.05, 0.41, -0.83
Gyro: 25.73, -86.12, 43.55
Accel: 0.01, 0.38, -0.95
Gyro: 32.79, -85.77, 56.79
Accel: -0.03, 0.32, -0.97
Gyro: 24.80, -78.30, 64.56
Accel: -0.08, 0.32, -0.98
Gyro: 15.42, -72.91, 70.20
Accel: -0.11, 0.29, -1.00
Gyro: 15.85, -64.32, 78.97
Accel: -0.14, 0.29, -1.06
Gyro: 10.12, -53.02, 85.04
Accel: -0.16, 0.28, -1.07
Gyro: 4.36, -38.89, 93.12
Accel: -0.15, 0.27, -1.06
Gyro: 1.05, -25.31, 98.89
Accel: -0.16, 0.27, -1.04
Gyro: 2.49, -15.10, 103.81
Accel: -0.13, 0.23, -1.04
Gyro: 4.05, -4.13, 107.54
Accel: -0.11, 0.19, -1.01
Gyro: 4.01, 4.65, 104.39
Accel: -0.08, 0.19, -1.02
Gyro: 4.04, 12.10, 100.48
Accel: -0.06, 0.15, -1.04
Gyro: 3.73, 21.19, 95.97
Accel: -0.01, 0.09, -0.96
Gyro: 3.23, 26.85, 84.68
Accel: 0.01, 0.10, -0.98
Gyro: 3.03, 31.27, 71.82
Accel: 0.05, 0.08, -0.98
Gyro: 5.18, 34.47, 62.39
Accel: 0.08, 0.02, -0.94
Gyro: 7.39, 35.06, 45.63
Accel: 0.11, 0.07, -0.97
Gyro: 9.19, 35.61, 29.35
Accel: 0.11, 0.10, -1.00
Gyro: 11.22, 43.50, 21.90
Accel: 0.16, 0.06, -0.94
Gyro: 10.86, 44.24, 14.49
Accel: 0.22, 0.07, -0.90
Gyro: 9.64, 40.19, 6.85
Accel: 0.24, 0.09, -0.88
Gyro: 7.75, 35.43, 2.12
Accel: 0.27, 0.09, -0.87
Gyro: 6.29, 27.74, -1.37
Accel: 0.28, 0.09, -0.91
Gyro: 4.52, 26.19, -5.85
Accel: 0.31, 0.10, -0.86
Gyro: 5.60, 19.78, -8.10
Accel: 0.33, 0.12, -0.86
Gyro: 5.36, 12.88, -7.90
Accel: 0.32, 0.11, -0.88
Gyro: 4.03, 8.23, -7.42
Accel: 0.33, 0.12, -0.88
Gyro: 1.76, 4.90, -7.15
Accel: 0.33, 0.13, -0.87
Gyro: 1.30, 0.71, -5.79
Accel: 0.33, 0.12, -0.89
Gyro: 1.30, -4.55, -4.51
Accel: 0.32, 0.13, -0.92
Gyro: 0.05, -6.99, -3.74
Accel: 0.30, 0.13, -0.93
Gyro: -1.28, -6.03, -2.33
Accel: 0.31, 0.13, -0.92
Gyro: -1.79, -5.45, -0.60
Accel: 0.29, 0.12, -0.93
Gyro: -2.46, -5.54, -0.50
Accel: 0.28, 0.13, -0.94
Gyro: -3.64, -4.00, -0.67
Accel: 0.28, 0.13, -0.93
Gyro: -3.10, -2.86, 0.27
Accel: 0.27, 0.12, -0.93
Gyro: -3.11, -2.27, 0.27
Accel: 0.27, 0.12, -0.94
Gyro: -4.03, -1.91, -0.20
Accel: 0.27, 0.14, -0.93
Gyro: -3.97, -1.81, 0.66
Accel: 0.27, 0.13, -0.92
Gyro: -3.27, -1.28, 0.99
Accel: 0.27, 0.12, -0.92
Gyro: -2.72, -1.22, 0.27
Accel: 0.28, 0.14, -0.92
Gyro: -2.56, -1.96, -0.40
Accel: 0.27, 0.14, -0.93
Gyro: -1.21, -1.37, 0.85
Accel: 0.27, 0.12, -0.93
Gyro: -1.21, -0.58, 0.77
Accel: 0.28, 0.11, -0.93
Gyro: -1.73, -0.24, -0.09
Accel: 0.28, 0.13, -0.93
Gyro: -2.45, -0.55, -0.53
Accel: 0.28, 0.12, -0.92
Gyro: -2.66, -0.69, -0.89
Accel: 0.29, 0.12, -0.93
Gyro: -2.27, -0.06, -0.66
Accel: 0.28, 0.11, -0.94
Gyro: -2.16, 0.26, -1.38
Accel: 0.29, 0.10, -0.92
Gyro: -2.68, 0.53, -2.13
Accel: 0.29, 0.11, -0.92
Gyro: -3.51, 0.96, -4.10
Accel: 0.29, 0.13, -0.91
Gyro: -4.30, 0.17, -5.20
Accel: 0.29, 0.15, -0.91
Gyro: -3.33, -1.02, -4.20
Accel: 0.28, 0.15, -0.92
Gyro: -2.31, -1.56, -2.47
Accel: 0.28, 0.14, -0.92
Gyro: -1.83, -1.93, -1.08
Accel: 0.28, 0.13, -0.92
Gyro: -1.78, -2.55, -0.26
Accel: 0.28, 0.14, -0.94
Gyro: -2.08, -2.91, -0.21
Accel: 0.27, 0.13, -0.93
Gyro: -1.97, -2.41, -0.18
