Accel: 0.17, 0.08, -0.95
Gyro: -2.22, -0.76, -1.57
Accel: 0.18, 0.09, -0.94
Gyro: -1.58, -0.43, -1.32
Accel: 0.18, 0.07, -0.95
Gyro: -2.04, -0.43, -1.53
Accel: 0.18, 0.08, -0.95
Gyro: -2.45, -0.42, -1.21
Accel: 0.18, 0.07, -0.96
Gyro: -2.21, -0.60, -1.03
Accel: 0.18, 0.08, -0.94
Gyro: -1.94, -0.33, -1.43
Accel: 0.18, 0.08, -0.95
Gyro: -1.70, -0.48, -1.75
Accel: 0.17, 0.08, -0.95
Gyro: -1.98, -0.66, -1.52
Accel: 0.17, 0.08, -0.95
Gyro: -2.59, 0.01, -0.92
Accel: 0.18, 0.08, -0.95
Gyro: -2.67, -0.04, -0.74
Accel: 0.18, 0.08, -0.96
Gyro: -2.65, -0.26, -1.26
Accel: 0.17, 0.08, -0.96
Gyro: -2.40, 0.13, -1.59
Accel: 0.18, 0.08, -0.95
Gyro: -2.29, 0.18, -1.69
Accel: 0.18, 0.09, -0.96
Gyro: -2.35, 0.83, -1.63
Accel: 0.18, 0.08, -0.95
Gyro: -2.38, 1.51, -1.00
Accel: 0.18, 0.07, -0.96
Gyro: -2.58, 2.53, -0.98
Accel: 0.17, 0.08, -0.96
Gyro: -2.97, 3.18, -1.23
Accel: 0.17, 0.07, -0.98
Gyro: -3.43, 5.55, -1.00
Accel: 0.17, 0.08, -0.97
Gyro: -4.00, 9.41, -1.23
Accel: 0.17, 0.08, -0.98
Gyro: -4.59, 13.13, -1.52
Accel: 0.17, 0.06, -1.02
Gyro: -5.58, 18.65, -2.66
Accel: 0.17, 0.06, -1.02
Gyro: -6.42, 27.15, -5.94
Accel: 0.16, 0.04, -1.06
Gyro: -5.55, 37.22, -8.59
Accel: 0.13, 0.02, -1.15
Gyro: -8.04, 59.23, -15.85
Accel: 0.20, 0.05, -0.98
Gyro: -7.20, 70.07, -21.99
Accel: 0.17, 0.01, -1.13
Gyro: -5.43, 88.14, -33.46
Accel: 0.29, 0.07, -0.88
Gyro: -5.31, 102.46, -42.27
Accel: 0.36, 0.06, -0.80
Gyro: 9.73, 93.23, -53.05
Accel: 0.43, 0.08, -0.77
Gyro: 13.37, 86.70, -62.98
Accel: 0.48, 0.10, -0.76
Gyro: 17.81, 79.95, -74.70
Accel: 0.55, 0.08, -0.70
Gyro: 24.89, 68.66, -84.43
Accel: 0.59, 0.06, -0.67
Gyro: 30.84, 56.90, -102.09
Accel: 0.63, 0.13, -0.62
Gyro: 34.32, 36.74, -114.11
Accel: 0.63, 0.18, -0.56
Gyro: 37.25, 16.10, -121.29
Accel: 0.63, 0.20, -0.64
Gyro: 29.95, -7.10, -121.90
Accel: 0.62, 0.27, -0.64
Gyro: 34.95, -19.02, -120.51
Accel: 0.59, 0.29, -0.62
Gyro: 41.69, -38.49, -113.14
Accel: 0.54, 0.32, -0.71
Gyro: 39.70, -53.86, -105.66
Accel: 0.47, 0.34, -0.68
Gyro: 42.94, -67.40, -92.29
Accel: 0.41, 0.31, -0.76
Gyro: 38.66, -76.55, -83.17
Accel: 0.35, 0.37, -0.78
Gyro: 34.91, -85.92, -67.45
Accel: 0.27, 0.35, -0.83
Gyro: 30.37, -94.08, -49.89
Accel: 0.20, 0.33, -0.88
Gyro: 23.96, -96.69, -33.36
Accel: 0.16, 0.37, -0.88
Gyro: 20.80, -98.09, -16.45
Accel: 0.09, 0.41, -0.85
Gyro: 21.68, -104.16, 6.09
Accel: 0.03, 0.32, -0.81
Gyro: 21.79, -110.86, 26.61
Accel: -0.07, 0.35, -0.87
Gyro: 34.06, -113.43, 45.81
Accel: -0.18, 0.31, -1.06
Gyro: 31.18, -102.36, 65.38
Accel: -0.22, 0.30, -1.11
Gyro: 14.95, -85.53, 81.25
Accel: -0.27, 0.30, -1.04
Gyro: 9.68, -70.34, 96.50
Accel: -0.31, 0.29, -1.09
Gyro: -0.97, -56.01, 110.15
Accel: -0.32, 0.29, -1.09
Gyro: -12.54, -41.88, 125.53
Accel: -0.32, 0.25, -1.07
Gyro: -17.12, -27.61, 135.57
Accel: -0.31, 0.23, -1.03
Gyro: -18.02, -17.44, 138.22
Accel: -0.29, 0.21, -1.05
Gyro: -17.36, -6.95, 136.34
Accel: -0.26, 0.21, -1.03
Gyro: -14.34, 2.80, 132.45
Accel: -0.23, 0.12, -1.05
Gyro: -8.71, 14.51, 119.12
Accel: -0.18, 0.11, -1.00
Gyro: -7.34, 23.28, 98.95
Accel: -0.13, 0.12, -0.98
Gyro: -2.98, 31.08, 78.94
Accel: -0.08, 0.14, -0.95
Gyro: 3.59, 34.97, 61.94
Accel: -0.06, 0.14, -0.98
Gyro: 8.24, 38.34, 45.87
Accel: -0.03, 0.17, -0.97
Gyro: 10.07, 44.86, 32.54
Accel: 0.02, 0.17, -0.95
Gyro: 12.84, 47.25, 24.35
Accel: 0.01, 0.17, -1.04
Gyro: 11.67, 58.93, 17.65
Accel: 0.07, 0.20, -0.96
Gyro: 11.92, 63.31, 12.28
Accel: 0.09, 0.21, -0.98
Gyro: 14.90, 67.26, 10.56
Accel: 0.15, 0.17, -0.90
Gyro: 15.12, 69.55, 8.53
Accel: 0.23, 0.18, -0.83
Gyro: 16.64, 62.64, 4.39
Accel: 0.29, 0.17, -0.80
Gyro: 18.83, 48.77, 2.94
Accel: 0.32, 0.15, -0.82
Gyro: 16.85, 37.54, 1.88
Accel: 0.34, 0.14, -0.82
Gyro: 14.28, 26.04, 1.40
Accel: 0.33, 0.12, -0.88
Gyro: 11.76, 18.21, 0.34
Accel: 0.34, 0.13, -0.88
Gyro: 7.64, 17.56, -0.63
Accel: 0.36, 0.12, -0.86
Gyro: 4.83, 12.51, -0.68
Accel: 0.37, 0.10, -0.84
Gyro: 4.17, 6.90, -1.60
Accel: 0.37, 0.12, -0.85
Gyro: 3.12, 0.95, -2.82
Accel: 0.36, 0.12, -0.87
Gyro: 2.21, -4.71, -2.98
Accel: 0.35, 0.12, -0.90
Gyro: 1.63, -7.93, -3.43
Accel: 0.34, 0.13, -0.90
Gyro: 0.79, -9.14, -4.08
Accel: 0.33, 0.15, -0.92
Gyro: 1.40, -8.76, -3.69
Accel: 0.32, 0.13, -0.93
Gyro: 1.87, -6.51, -3.27
Accel: 0.31, 0.12, -0.92
Gyro: 1.19, -5.33, -3.66
Accel: 0.30, 0.14, -0.93
Gyro: 0.53, -5.26, -3.38
Accel: 0.29, 0.13, -0.92
Gyro: 0.58, -3.43, -3.24
Accel: 0.29, 0.13, -0.92
Gyro: -0.37, -2.75, -3.23
Accel: 0.30, 0.14, -0.92
Gyro: -1.66, -2.77, -2.67
Accel: 0.29, 0.15, -0.93
Gyro: -2.07, -1.91, -0.73
Accel: 0.30, 0.13, -0.91
Gyro: -2.64, -1.66, -0.11
Accel: 0.29, 0.12, -0.91
Gyro: -3.31, -2.98, -0.37
Accel: 0.29, 0.13, -0.91
Gyro: -3.02, -3.11, -0.50
Accel: 0.29, 0.13, -0.91
Gyro: -2.95, -2.48, -0.53
Accel: 0.30, 0.13, -0.92
Gyro: -2.66, -2.10, -0.76
Accel: 0.29, 0.14, -0.93
Gyro: -2.20, -2.10, -0.98
Accel: 0.30, 0.13, -0.93
Gyro: -2.07, -1.40, -1.42
Accel: 0.30, 0.13, -0.93
Gyro: -1.94, -1.39, -1.72
Accel: 0.30, 0.13, -0.91
Gyro: -2.01, -1.75, -2.07
Accel: 0.30, 0.14, -0.93
Gyro: -1.96, -1.76, -0.95
Accel: 0.29, 0.12, -0.92
Gyro: -2.19, -0.76, -0.73
Accel: 0.30, 0.13, -0.91
Gyro: -1.85, -0.59, -0.81
Accel: 0.30, 0.13, -0.91
Gyro: -1.72, -1.24, -0.84
Accel: 0.29, 0.13, -0.92
Gyro: -1.54, -1.63, -0.55
