Accel: 0.25, 0.12, -0.94
Gyro: -2.46, -0.36, -1.24
Accel: 0.25, 0.11, -0.93
Gyro: -2.42, -0.03, -1.05
Accel: 0.25, 0.11, -0.94
Gyro: -2.56, 0.14, -0.92
Accel: 0.25, 0.11, -0.92
Gyro: -2.55, 0.11, -1.37
Accel: 0.24, 0.11, -0.93
Gyro: -2.82, -0.04, -1.73
Accel: 0.26, 0.13, -0.94
Gyro: -2.11, 0.65, -1.34
Accel: 0.26, 0.11, -0.94
Gyro: -1.95, 1.03, -1.15
Accel: 0.26, 0.12, -0.92
Gyro: -2.27, 0.63, -1.41
Accel: 0.26, 0.12, -0.93
Gyro: -2.56, 0.34, -0.99
Accel: 0.25, 0.12, -0.94
Gyro: -2.20, 1.35, -1.17
Accel: 0.24, 0.11, -0.95
Gyro: -1.99, 2.53, -1.52
Accel: 0.24, 0.09, -0.99
Gyro: -2.60, 6.17, -3.46
Accel: 0.23, 0.11, -0.99
Gyro: -2.88, 13.08, -4.65
Accel: 0.22, 0.10, -1.03
Gyro: -3.94, 21.00, -6.62
Accel: 0.21, 0.11, -1.04
Gyro: -3.53, 36.18, -8.70
Accel: 0.24, 0.15, -1.01
Gyro: -3.38, 46.43, -6.59
Accel: 0.21, 0.14, -1.11
Gyro: -2.81, 62.26, -3.23
Accel: 0.25, 0.08, -1.01
Gyro: -4.91, 79.67, -7.75
Accel: 0.31, 0.06, -0.92
Gyro: 2.20, 86.27, -14.07
Accel: 0.36, -0.06, -0.87
Gyro: 9.08, 91.77, -35.55
Accel: 0.43, 0.06, -0.81
Gyro: 15.62, 89.88, -57.11
Accel: 0.50, -0.01, -0.69
Gyro: 27.22, 80.47, -73.96
Accel: 0.55, 0.04, -0.67
Gyro: 35.93, 64.31, -94.92
Accel: 0.55, 0.17, -0.73
Gyro: 28.23, 57.85, -96.05
Accel: 0.58, 0.12, -0.67
Gyro: 24.73, 51.16, -97.03
Accel: 0.62, 0.18, -0.65
Gyro: 16.56, 41.28, -97.03
Accel: 0.66, 0.19, -0.63
Gyro: 19.64, 30.18, -99.46
Accel: 0.71, 0.28, -0.57
Gyro: 15.79, 9.41, -94.60
Accel: 0.66, 0.16, -0.59
Gyro: 25.72, -10.71, -99.27
Accel: 0.62, 0.27, -0.68
Gyro: 25.33, -18.45, -107.07
Accel: 0.60, 0.34, -0.60
Gyro: 24.62, -31.01, -100.75
Accel: 0.56, 0.38, -0.70
Gyro: 25.99, -40.37, -94.19
Accel: 0.54, 0.45, -0.63
Gyro: 24.31, -50.67, -82.17
Accel: 0.51, 0.43, -0.65
Gyro: 22.32, -66.56, -69.64
Accel: 0.44, 0.43, -0.71
Gyro: 20.77, -75.36, -61.03
Accel: 0.37, 0.46, -0.77
Gyro: 20.30, -80.42, -49.93
Accel: 0.31, 0.45, -0.74
Gyro: 20.27, -90.19, -36.77
Accel: 0.21, 0.40, -0.86
Gyro: 21.81, -93.47, -28.55
Accel: 0.17, 0.46, -0.85
Gyro: 19.13, -93.16, -17.85
Accel: 0.10, 0.37, -0.87
Gyro: 25.96, -94.54, -4.27
Accel: 0.04, 0.39, -0.90
Gyro: 33.68, -95.34, 7.22
Accel: -0.01, 0.36, -0.94
Gyro: 31.23, -93.83, 18.09
Accel: -0.05, 0.38, -0.94
Gyro: 30.63, -91.19, 29.85
Accel: -0.12, 0.34, -0.96
Gyro: 29.23, -88.33, 42.48
Accel: -0.16, 0.31, -1.01
Gyro: 24.12, -78.85, 51.21
Accel: -0.19, 0.32, -1.01
Gyro: 18.38, -69.79, 59.83
Accel: -0.24, 0.30, -1.06
Gyro: 15.53, -57.40, 70.47
Accel: -0.26, 0.27, -1.06
Gyro: 11.64, -41.58, 77.06
Accel: -0.27, 0.27, -1.03
Gyro: 9.86, -28.95, 82.51
Accel: -0.25, 0.27, -1.00
Gyro: 11.69, -19.26, 88.71
Accel: -0.25, 0.22, -1.00
Gyro: 13.40, -11.80, 92.24
Accel: -0.24, 0.24, -1.00
Gyro: 12.08, -7.14, 94.33
Accel: -0.22, 0.21, -1.00
Gyro: 11.84, -1.27, 96.44
Accel: -0.20, 0.17, -0.98
Gyro: 8.28, 3.66, 93.38
Accel: -0.19, 0.18, -1.01
Gyro: 6.39, 9.34, 90.79
Accel: -0.16, 0.12, -1.03
Gyro: 5.83, 18.87, 85.82
Accel: -0.13, 0.09, -0.97
Gyro: 5.34, 24.99, 73.67
Accel: -0.12, 0.10, -0.99
Gyro: 6.93, 27.79, 62.32
Accel: -0.08, 0.08, -0.95
Gyro: 4.68, 30.68, 50.25
Accel: -0.04, 0.10, -0.93
Gyro: 1.08, 27.97, 37.34
Accel: -0.02, 0.17, -0.96
Gyro: 3.43, 28.08, 31.82
Accel: 0.00, 0.16, -0.94
Gyro: 8.07, 27.24, 31.25
Accel: 0.02, 0.11, -0.96
Gyro: 7.58, 26.72, 27.80
Accel: 0.04, 0.12, -1.00
Gyro: 6.11, 32.32, 23.50
Accel: 0.07, 0.10, -0.97
Gyro: 7.21, 36.10, 19.20
Accel: 0.11, 0.09, -0.94
Gyro: 8.27, 35.08, 13.98
Accel: 0.13, 0.08, -0.93
Gyro: 8.93, 35.32, 8.58
Accel: 0.17, 0.10, -0.89
Gyro: 7.96, 31.08, 3.12
Accel: 0.18, 0.11, -0.90
Gyro: 8.02, 26.01, 0.42
Accel: 0.20, 0.10, -0.91
Gyro: 6.68, 21.58, -2.88
Accel: 0.22, 0.13, -0.90
Gyro: 5.18, 17.04, -2.94
Accel: 0.21, 0.10, -0.93
Gyro: 4.49, 12.49, -2.85
Accel: 0.22, 0.10, -0.94
Gyro: 3.56, 11.19, -4.73
Accel: 0.24, 0.11, -0.92
Gyro: 4.17, 8.88, -6.03
Accel: 0.23, 0.11, -0.91
Gyro: 3.52, 5.26, -6.86
Accel: 0.23, 0.10, -0.94
Gyro: 3.81, 2.49, -6.87
Accel: 0.23, 0.10, -0.93
Gyro: 2.34, 2.71, -7.39
Accel: 0.23, 0.11, -0.91
Gyro: 0.27, 1.12, -7.93
Accel: 0.22, 0.13, -0.94
Gyro: -1.46, -1.73, -6.32
Accel: 0.20, 0.14, -0.94
Gyro: -1.49, -0.54, -4.65
Accel: 0.21, 0.13, -0.93
Gyro: -2.86, 1.34, -4.53
Accel: 0.20, 0.14, -0.95
Gyro: -3.24, 0.57, -3.39
Accel: 0.20, 0.13, -0.97
Gyro: -3.41, 3.17, -2.92
Accel: 0.21, 0.14, -0.94
Gyro: -2.81, 6.17, -2.85
Accel: 0.21, 0.14, -0.92
Gyro: -1.35, 5.52, -1.59
Accel: 0.23, 0.12, -0.92
Gyro: -1.11, 3.08, -0.47
Accel: 0.23, 0.12, -0.92
Gyro: -2.39, 1.54, -0.17
Accel: 0.23, 0.12, -0.93
Gyro: -3.55, 0.94, 0.34
Accel: 0.23, 0.12, -0.93
Gyro: -3.86, 0.41, 0.64
Accel: 0.24, 0.12, -0.93
Gyro: -3.49, -0.02, -0.97
Accel: 0.23, 0.13, -0.94
Gyro: -2.53, -0.11, -1.27
Accel: 0.23, 0.12, -0.94
Gyro: -1.62, 0.79, -1.24
Accel: 0.22, 0.12, -0.94
Gyro: -2.03, 0.43, -1.68
Accel: 0.22, 0.12, -0.95
Gyro: -2.43, 1.58, -1.62
Accel: 0.23, 0.13, -0.94
Gyro: -1.82, 2.53, -1.19
Accel: 0.23, 0.12, -0.95
Gyro: -1.91, 2.82, -1.46
Accel: 0.24, 0.13, -0.93
Gyro: -1.93, 1.86, -1.21
Accel: 0.24, 0.12, -0.93
Gyro: -2.05, 1.40, -0.69
Accel: 0.24, 0.12, -0.93
Gyro: -2.41, 0.83, -0.72
Accel: 0.24, 0.12, -0.93
Gyro: -2.54, -0.04, -0.41
Accel: 0.24, 0.12, -0.94
Gyro: -2.40, -0.19, -1.07
