Accel: 0.27, 0.12, -0.93
Gyro: -2.01, 0.75, -0.12
Accel: 0.27, 0.12, -0.92
Gyro: -2.25, 0.90, 0.03
Accel: 0.28, 0.12, -0.93
Gyro: -2.17, 1.32, 0.32
Accel: 0.28, 0.12, -0.93
Gyro: -2.24, 1.67, 0.36
Accel: 0.28, 0.13, -0.93
Gyro: -1.98, 1.43, 0.87
Accel: 0.28, 0.12, -0.93
Gyro: -2.05, 2.27, 1.31
Accel: 0.28, 0.11, -0.93
Gyro: -2.31, 2.75, 1.21
Accel: 0.28, 0.11, -0.95
Gyro: -2.30, 3.94, 0.52
Accel: 0.29, 0.13, -0.94
Gyro: -1.88, 6.15, 0.04
Accel: 0.28, 0.09, -0.98
Gyro: -1.74, 9.33, -1.40
Accel: 0.25, 0.08, -1.04
Gyro: -2.56, 20.68, -6.30
Accel: 0.25, 0.05, -1.06
Gyro: -1.48, 33.17, -12.31
Accel: 0.20, -0.01, -1.18
Gyro: -1.40, 61.73, -26.51
Accel: 0.29, 0.06, -0.93
Gyro: 4.01, 74.67, -43.74
Accel: 0.29, 0.06, -1.00
Gyro: 17.78, 82.44, -52.42
Accel: 0.35, 0.07, -0.87
Gyro: 18.48, 93.77, -66.67
Accel: 0.44, 0.08, -0.76
Gyro: 30.42, 89.32, -77.19
Accel: 0.48, 0.07, -0.75
Gyro: 31.78, 79.83, -88.31
Accel: 0.52, 0.10, -0.77
Gyro: 34.10, 74.37, -102.50
Accel: 0.58, 0.14, -0.69
Gyro: 37.95, 62.78, -109.17
Accel: 0.61, 0.09, -0.60
Gyro: 39.96, 50.19, -122.37
Accel: 0.61, 0.21, -0.62
Gyro: 36.53, 29.82, -130.26
Accel: 0.58, 0.15, -0.66
Gyro: 44.75, 23.36, -141.72
Accel: 0.61, 0.33, -0.68
Gyro: 40.11, 14.13, -146.07
Accel: 0.61, 0.36, -0.57
Gyro: 47.65, -2.83, -135.98
Accel: 0.62, 0.46, -0.63
Gyro: 48.42, -18.52, -122.98
Accel: 0.59, 0.42, -0.62
Gyro: 53.70, -35.12, -106.67
Accel: 0.55, 0.48, -0.65
Gyro: 50.83, -52.10, -85.81
Accel: 0.48, 0.45, -0.71
Gyro: 49.92, -64.93, -64.63
Accel: 0.42, 0.40, -0.78
Gyro: 44.28, -70.85, -45.59
Accel: 0.35, 0.36, -0.80
Gyro: 36.96, -76.48, -26.73
Accel: 0.32, 0.37, -0.82
Gyro: 28.56, -80.47, -14.32
Accel: 0.27, 0.43, -0.79
Gyro: 32.36, -88.68, 6.87
Accel: 0.21, 0.30, -0.80
Gyro: 31.13, -101.22, 26.45
Accel: 0.14, 0.33, -0.79
Gyro: 27.19, -112.42, 41.77
Accel: 0.05, 0.26, -0.81
Gyro: 30.06, -124.31, 61.50
Accel: -0.12, -0.08, -0.93
Gyro: 25.29, -118.98, 60.76
Accel: -0.14, 0.13, -1.18
Gyro: 12.04, -102.33, 52.02
Accel: -0.16, 0.28, -1.12
Gyro: -0.31, -86.04, 64.85
Accel: -0.21, 0.31, -1.10
Gyro: -3.13, -69.18, 82.80
Accel: -0.24, 0.31, -1.07
Gyro: -11.77, -54.10, 97.17
Accel: -0.25, 0.31, -1.10
Gyro: -13.90, -39.56, 111.84
Accel: -0.25, 0.30, -1.08
Gyro: -16.46, -25.54, 123.25
Accel: -0.24, 0.29, -1.07
Gyro: -14.72, -13.21, 130.97
Accel: -0.23, 0.30, -1.01
Gyro: -12.52, -5.16, 136.23
Accel: -0.21, 0.24, -1.01
Gyro: -6.76, 0.84, 138.17
Accel: -0.17, 0.19, -1.00
Gyro: -3.67, 8.01, 131.70
Accel: -0.14, 0.17, -1.01
Gyro: -1.88, 15.36, 120.23
Accel: -0.11, 0.13, -1.02
Gyro: 0.09, 25.45, 106.77
Accel: -0.07, 0.07, -0.98
Gyro: 5.17, 30.58, 87.82
Accel: -0.05, 0.10, -1.03
Gyro: 7.06, 39.48, 67.64
Accel: 0.01, 0.11, -0.95
Gyro: 10.47, 45.52, 54.21
Accel: 0.04, 0.08, -0.94
Gyro: 13.69, 44.82, 39.30
Accel: 0.06, 0.14, -0.97
Gyro: 15.07, 48.99, 26.82
Accel: 0.11, 0.15, -0.89
Gyro: 17.08, 49.06, 21.06
Accel: 0.16, 0.11, -0.88
Gyro: 17.02, 42.71, 15.53
Accel: 0.19, 0.11, -0.89
Gyro: 15.30, 37.08, 9.57
Accel: 0.22, 0.13, -0.87
Gyro: 14.34, 31.91, 6.53
Accel: 0.24, 0.12, -0.91
Gyro: 14.98, 26.18, 5.17
Accel: 0.26, 0.09, -0.89
Gyro: 12.34, 25.39, 1.95
Accel: 0.29, 0.10, -0.86
Gyro: 11.64, 17.65, 0.56
Accel: 0.29, 0.09, -0.88
Gyro: 10.28, 9.19, -0.37
Accel: 0.29, 0.08, -0.92
Gyro: 8.21, 6.74, -0.72
Accel: 0.29, 0.07, -0.91
Gyro: 5.71, 4.75, -2.21
Accel: 0.29, 0.09, -0.90
Gyro: 4.40, 1.89, -3.07
Accel: 0.30, 0.07, -0.91
Gyro: 3.74, -1.59, -3.91
Accel: 0.29, 0.08, -0.92
Gyro: 2.40, -3.63, -5.23
Accel: 0.27, 0.09, -0.90
Gyro: 1.75, -5.06, -5.56
Accel: 0.27, 0.09, -0.93
Gyro: 1.00, -5.75, -5.60
Accel: 0.26, 0.09, -0.95
Gyro: -0.85, -4.36, -4.88
Accel: 0.26, 0.11, -0.93
Gyro: -2.64, -2.83, -4.30
Accel: 0.26, 0.11, -0.93
Gyro: -2.14, -2.61, -2.98
Accel: 0.25, 0.11, -0.94
Gyro: -1.71, -3.07, -2.59
Accel: 0.25, 0.11, -0.93
Gyro: -2.08, -2.54, -2.69
Accel: 0.25, 0.11, -0.94
Gyro: -1.85, -2.30, -1.79
Accel: 0.24, 0.10, -0.94
Gyro: -2.00, -1.93, -1.76
Accel: 0.25, 0.11, -0.95
Gyro: -2.47, -0.85, -1.93
Accel: 0.25, 0.11, -0.94
Gyro: -2.89, -0.47, -1.47
Accel: 0.26, 0.11, -0.93
Gyro: -3.10, -0.05, -1.21
Accel: 0.26, 0.11, -0.93
Gyro: -2.79, -0.65, -1.68
Accel: 0.26, 0.11, -0.93
Gyro: -2.37, -0.67, -1.82
Accel: 0.26, 0.11, -0.93
Gyro: -1.53, -0.47, -1.37
Accel: 0.26, 0.10, -0.93
Gyro: -1.70, -0.40, -1.91
Accel: 0.26, 0.10, -0.93
Gyro: -0.94, -0.15, -3.05
Accel: 0.26, 0.11, -0.94
Gyro: -0.92, -0.19, -3.75
Accel: 0.26, 0.11, -0.92
Gyro: -1.05, -0.13, -3.72
Accel: 0.26, 0.11, -0.93
Gyro: -1.11, -0.39, -3.19
Accel: 0.26, 0.12, -0.92
Gyro: -1.34, -1.11, -2.13
Accel: 0.25, 0.11, -0.92
Gyro: -1.39, -1.79, -0.79
Accel: 0.26, 0.09, -0.93
Gyro: -1.56, -1.95, -0.38
Accel: 0.26, 0.10, -0.93
Gyro: -2.23, -2.59, -0.96
Accel: 0.25, 0.10, -0.94
Gyro: -1.95, -3.06, -1.24
Accel: 0.24, 0.09, -0.94
Gyro: -1.61, -2.35, -1.99
Accel: 0.25, 0.10, -0.94
Gyro: -1.82, -2.13, -2.66
Accel: 0.25, 0.10, -0.93
Gyro: -1.97, -2.20, -2.72
Accel: 0.25, 0.11, -0.94
Gyro: -1.82, -1.41, -1.91
Accel: 0.25, 0.11, -0.94
Gyro: -1.69, -0.43, -0.95
Accel: 0.25, 0.11, -0.95
Gyro: -1.90, -0.02, -0.76
Accel: 0.25, 0.10, -0.94
Gyro: -2.07, 0.08, -0.02
Accel: 0.25, 0.11, -0.94
Gyro: -2.20, 0.42, 0.98
Accel: 0.25, 0.10, -0.93
Gyro: -2.52, 0.44, 1.02
