Accel: 0.24, 0.13, -0.93
Gyro: -1.86, -0.23, -0.99
Accel: 0.24, 0.12, -0.94
Gyro: -1.80, -0.10, -0.99
Accel: 0.23, 0.13, -0.94
Gyro: -2.27, 0.14, -1.00
Accel: 0.23, 0.12, -0.94
Gyro: -2.54, 0.66, -1.30
Accel: 0.24, 0.13, -0.93
Gyro: -2.40, 0.43, -1.17
Accel: 0.24, 0.12, -0.93
Gyro: -1.67, 0.76, -0.67
Accel: 0.24, 0.12, -0.94
Gyro: -2.05, 1.11, -0.47
Accel: 0.24, 0.12, -0.94
Gyro: -2.34, 1.25, -0.31
Accel: 0.24, 0.13, -0.92
Gyro: -2.33, 0.60, -0.10
Accel: 0.25, 0.13, -0.94
Gyro: -2.44, 0.08, -0.30
Accel: 0.24, 0.13, -0.94
Gyro: -2.42, 0.76, -0.43
Accel: 0.24, 0.13, -0.95
Gyro: -2.48, 1.63, 0.08
Accel: 0.22, 0.14, -1.00
Gyro: -3.70, 6.32, 1.18
Accel: 0.20, 0.15, -1.04
Gyro: -5.19, 17.78, 3.88
Accel: 0.18, 0.15, -1.09
Gyro: -6.22, 33.39, 7.38
Accel: 0.17, 0.14, -1.08
Gyro: -6.20, 52.31, 8.16
Accel: 0.20, 0.12, -1.08
Gyro: -4.17, 69.81, 6.21
Accel: 0.26, 0.12, -0.96
Gyro: -2.97, 80.80, 4.45
Accel: 0.27, 0.05, -1.01
Gyro: 0.05, 92.93, -1.05
Accel: 0.34, 0.06, -0.90
Gyro: -1.63, 102.34, -9.71
Accel: 0.45, 0.01, -0.73
Gyro: 4.13, 94.33, -19.88
Accel: 0.47, 0.03, -0.78
Gyro: 2.93, 90.55, -32.26
Accel: 0.56, 0.10, -0.65
Gyro: 2.46, 77.16, -38.88
Accel: 0.58, -0.00, -0.69
Gyro: 12.51, 64.20, -51.64
Accel: 0.64, 0.07, -0.68
Gyro: 10.67, 60.44, -71.20
Accel: 0.71, 0.16, -0.50
Gyro: 15.37, 42.97, -74.71
Accel: 0.72, 0.10, -0.61
Gyro: 23.82, 29.08, -84.18
Accel: 0.74, 0.19, -0.56
Gyro: 20.76, 15.05, -91.06
Accel: 0.69, 0.20, -0.58
Gyro: 25.17, 3.17, -91.45
Accel: 0.68, 0.22, -0.66
Gyro: 24.09, -2.17, -96.19
Accel: 0.68, 0.29, -0.60
Gyro: 26.17, -11.13, -96.41
Accel: 0.66, 0.26, -0.63
Gyro: 28.69, -21.72, -93.57
Accel: 0.61, 0.29, -0.65
Gyro: 29.14, -29.31, -99.48
Accel: 0.60, 0.35, -0.62
Gyro: 27.89, -40.93, -94.17
Accel: 0.53, 0.28, -0.65
Gyro: 24.11, -56.40, -95.26
Accel: 0.48, 0.40, -0.68
Gyro: 23.50, -66.32, -93.67
Accel: 0.42, 0.44, -0.67
Gyro: 21.97, -78.73, -81.90
Accel: 0.33, 0.47, -0.75
Gyro: 18.39, -86.68, -68.69
Accel: 0.27, 0.52, -0.77
Gyro: 15.20, -90.62, -50.98
Accel: 0.20, 0.51, -0.78
Gyro: 15.53, -100.31, -30.72
Accel: 0.10, 0.56, -0.86
Gyro: 21.71, -106.40, -12.28
Accel: 0.07, 0.49, -0.81
Gyro: 28.47, -107.80, 2.59
Accel: 0.00, 0.49, -0.83
Gyro: 31.64, -113.67, 20.97
Accel: -0.08, 0.39, -0.90
Gyro: 27.39, -117.42, 37.20
Accel: -0.13, 0.36, -0.98
Gyro: 16.67, -112.65, 45.70
Accel: -0.19, 0.37, -0.97
Gyro: 6.47, -107.70, 56.98
Accel: -0.24, 0.33, -1.08
Gyro: -2.95, -92.00, 61.26
Accel: -0.28, 0.42, -1.06
Gyro: -5.01, -72.41, 67.00
Accel: -0.29, 0.46, -1.05
Gyro: -2.27, -55.66, 80.18
Accel: -0.30, 0.43, -1.05
Gyro: 2.65, -38.21, 90.56
Accel: -0.29, 0.42, -0.99
Gyro: 9.32, -26.07, 96.28
Accel: -0.28, 0.38, -0.96
Gyro: 18.84, -16.23, 100.23
Accel: -0.26, 0.34, -0.97
Gyro: 18.90, -10.91, 99.73
Accel: -0.23, 0.31, -0.93
Gyro: 17.85, -6.81, 96.74
Accel: -0.20, 0.28, -0.91
Gyro: 19.45, -4.88, 91.06
Accel: -0.19, 0.28, -0.93
Gyro: 23.74, -1.25, 83.79
Accel: -0.17, 0.28, -0.93
Gyro: 31.23, 1.17, 77.75
Accel: -0.14, 0.22, -0.92
Gyro: 36.49, 3.47, 71.45
Accel: -0.15, 0.17, -0.99
Gyro: 36.76, 8.54, 62.03
Accel: -0.14, 0.14, -1.01
Gyro: 32.49, 23.90, 52.29
Accel: -0.10, 0.11, -0.98
Gyro: 30.16, 28.05, 41.55
Accel: -0.09, 0.11, -1.03
Gyro: 27.17, 36.95, 33.48
Accel: -0.06, 0.09, -0.99
Gyro: 24.58, 45.78, 24.36
Accel: -0.04, 0.10, -1.03
Gyro: 23.87, 53.45, 15.80
Accel: 0.00, 0.10, -1.00
Gyro: 22.62, 62.23, 9.76
Accel: 0.07, 0.07, -0.91
Gyro: 22.93, 61.32, 5.59
Accel: 0.11, 0.06, -0.94
Gyro: 18.02, 60.01, 0.37
Accel: 0.16, 0.09, -0.87
Gyro: 13.34, 55.34, -2.69
Accel: 0.19, 0.08, -0.90
Gyro: 12.25, 48.38, -3.33
Accel: 0.23, 0.06, -0.87
Gyro: 11.15, 41.93, -5.23
Accel: 0.26, 0.07, -0.87
Gyro: 9.26, 35.03, -8.99
Accel: 0.28, 0.09, -0.89
Gyro: 9.86, 29.60, -10.39
Accel: 0.30, 0.09, -0.86
Gyro: 9.51, 24.12, -9.87
Accel: 0.31, 0.08, -0.87
Gyro: 7.38, 16.31, -9.01
Accel: 0.31, 0.08, -0.90
Gyro: 5.07, 12.17, -7.51
Accel: 0.32, 0.06, -0.88
Gyro: 3.50, 7.23, -6.52
Accel: 0.33, 0.08, -0.88
Gyro: 0.88, 1.85, -5.60
Accel: 0.32, 0.09, -0.90
Gyro: -0.55, -1.69, -3.11
Accel: 0.32, 0.08, -0.92
Gyro: -1.75, -1.95, -2.11
Accel: 0.31, 0.08, -0.91
Gyro: -3.22, -3.41, -2.08
Accel: 0.30, 0.10, -0.92
Gyro: -3.77, -4.29, -1.45
Accel: 0.30, 0.10, -0.92
Gyro: -3.46, -3.68, -0.73
Accel: 0.29, 0.09, -0.92
Gyro: -3.78, -3.06, -1.43
Accel: 0.28, 0.09, -0.92
Gyro: -3.51, -3.56, -1.92
Accel: 0.27, 0.09, -0.93
Gyro: -3.20, -4.18, -1.72
Accel: 0.27, 0.09, -0.93
Gyro: -4.02, -4.17, -1.85
Accel: 0.27, 0.09, -0.93
Gyro: -4.43, -3.96, -1.92
Accel: 0.26, 0.09, -0.94
Gyro: -5.04, -3.51, -2.05
Accel: 0.26, 0.10, -0.93
Gyro: -5.45, -2.48, -2.32
Accel: 0.27, 0.12, -0.93
Gyro: -4.33, -2.44, -2.25
Accel: 0.27, 0.11, -0.93
Gyro: -2.79, -2.82, -1.47
Accel: 0.27, 0.10, -0.93
Gyro: -1.72, -2.10, -1.83
Accel: 0.27, 0.11, -0.94
Gyro: -1.30, -1.49, -2.21
Accel: 0.27, 0.10, -0.93
Gyro: -0.87, -1.62, -1.74
Accel: 0.28, 0.10, -0.93
Gyro: -1.30, -1.74, -1.12
Accel: 0.28, 0.09, -0.93
Gyro: -2.03, -1.66, -0.80
Accel: 0.27, 0.09, -0.93
Gyro: -2.73, -2.03, -1.16
Accel: 0.27, 0.09, -0.93
Gyro: -2.94, -2.19, -1.24
Accel: 0.27, 0.08, -0.93
Gyro: -3.32, -2.12, -1.69
Accel: 0.26, 0.11, -0.93
Gyro: -3.12, -2.59, -2.06
Accel: 0.27, 0.11, -0.93
Gyro: -2.12, -2.68, -1.31
