Accel: 0.33, 0.09, -0.92
Gyro: -2.93, -2.46, -1.08
Accel: 0.33, 0.10, -0.91
Gyro: -2.89, -2.37, -1.13
Accel: 0.31, 0.10, -0.92
Gyro: -2.20, -1.14, -0.70
Accel: 0.32, 0.09, -0.92
Gyro: -2.14, -0.66, -1.60
Accel: 0.32, 0.09, -0.92
Gyro: -2.35, -0.15, -2.14
Accel: 0.32, 0.10, -0.92
Gyro: -2.49, 0.56, -2.17
Accel: 0.33, 0.10, -0.92
Gyro: -2.56, 1.12, -1.79
Accel: 0.33, 0.10, -0.91
Gyro: -2.80, 0.54, -1.76
Accel: 0.33, 0.10, -0.92
Gyro: -3.01, -0.10, -1.98
Accel: 0.33, 0.10, -0.92
Gyro: -2.64, 1.15, -0.98
Accel: 0.33, 0.08, -0.93
Gyro: -2.59, 2.46, -1.40
Accel: 0.33, 0.08, -0.93
Gyro: -3.18, 3.83, -2.09
Accel: 0.31, 0.06, -0.98
Gyro: -4.69, 8.18, -3.74
Accel: 0.30, 0.06, -1.01
Gyro: -6.45, 17.54, -7.13
Accel: 0.28, 0.03, -1.05
Gyro: -7.87, 33.79, -11.57
Accel: 0.24, 0.02, -1.11
Gyro: -11.83, 56.74, -19.70
Accel: 0.26, 0.03, -1.02
Gyro: -20.02, 81.05, -29.28
Accel: 0.32, 0.13, -0.96
Gyro: -14.76, 89.42, -36.01
Accel: 0.40, 0.14, -0.82
Gyro: -4.45, 90.35, -40.47
Accel: 0.46, 0.15, -0.76
Gyro: 10.38, 82.73, -47.10
Accel: 0.50, 0.08, -0.72
Gyro: 17.90, 77.81, -56.69
Accel: 0.59, 0.10, -0.67
Gyro: 22.71, 65.07, -73.52
Accel: 0.59, 0.18, -0.69
Gyro: 25.10, 58.67, -78.28
Accel: 0.65, 0.21, -0.63
Gyro: 13.95, 50.88, -74.58
Accel: 0.66, 0.24, -0.61
Gyro: 16.36, 40.79, -74.41
Accel: 0.69, 0.22, -0.62
Gyro: 19.98, 30.85, -72.65
Accel: 0.73, 0.24, -0.61
Gyro: 20.21, 18.81, -81.88
Accel: 0.71, 0.31, -0.57
Gyro: 27.52, 7.58, -83.19
Accel: 0.72, 0.31, -0.58
Gyro: 26.86, -3.13, -80.63
Accel: 0.69, 0.31, -0.61
Gyro: 32.67, -13.57, -82.68
Accel: 0.68, 0.30, -0.60
Gyro: 37.12, -20.10, -85.76
Accel: 0.64, 0.27, -0.61
Gyro: 46.27, -34.48, -90.05
Accel: 0.60, 0.36, -0.64
Gyro: 46.48, -42.37, -94.17
Accel: 0.58, 0.42, -0.62
Gyro: 45.13, -56.05, -83.22
Accel: 0.53, 0.43, -0.62
Gyro: 39.76, -72.59, -68.55
Accel: 0.46, 0.43, -0.64
Gyro: 34.36, -90.35, -53.28
Accel: 0.35, 0.36, -0.74
Gyro: 32.75, -100.62, -41.39
Accel: 0.26, 0.37, -0.81
Gyro: 28.94, -103.42, -33.87
Accel: 0.20, 0.42, -0.76
Gyro: 33.67, -111.44, -18.44
Accel: 0.09, 0.35, -0.90
Gyro: 32.63, -116.40, -4.48
Accel: 0.04, 0.35, -0.90
Gyro: 27.76, -111.91, 10.38
Accel: -0.03, 0.37, -0.88
Gyro: 39.70, -115.25, 29.98
Accel: -0.11, 0.25, -1.00
Gyro: 43.05, -110.13, 43.08
Accel: -0.15, 0.27, -1.05
Gyro: 26.90, -98.61, 49.71
Accel: -0.21, 0.33, -0.99
Gyro: 19.08, -92.23, 64.06
Accel: -0.26, 0.30, -1.05
Gyro: 17.89, -81.54, 81.03
Accel: -0.29, 0.29, -1.06
Gyro: 6.58, -67.45, 92.01
Accel: -0.32, 0.30, -1.03
Gyro: 2.39, -56.23, 102.60
Accel: -0.34, 0.29, -1.05
Gyro: -0.11, -44.21, 113.45
Accel: -0.32, 0.25, -1.02
Gyro: 0.05, -31.81, 119.66
Accel: -0.33, 0.27, -1.00
Gyro: 0.98, -22.68, 121.57
Accel: -0.31, 0.24, -0.98
Gyro: 3.91, -15.46, 122.13
Accel: -0.30, 0.19, -1.02
Gyro: 4.52, -6.48, 117.66
Accel: -0.28, 0.20, -1.03
Gyro: 2.11, 3.18, 110.57
Accel: -0.25, 0.16, -1.01
Gyro: 3.18, 12.45, 100.97
Accel: -0.22, 0.13, -0.99
Gyro: 6.16, 21.71, 86.17
Accel: -0.18, 0.12, -0.97
Gyro: 11.40, 25.77, 69.95
Accel: -0.15, 0.14, -0.96
Gyro: 15.60, 32.21, 56.16
Accel: -0.12, 0.13, -0.97
Gyro: 18.92, 34.33, 43.98
Accel: -0.09, 0.11, -1.00
Gyro: 20.43, 39.23, 31.28
Accel: -0.06, 0.14, -1.00
Gyro: 21.03, 45.29, 21.93
Accel: -0.04, 0.12, -1.00
Gyro: 21.64, 52.95, 15.98
Accel: -0.00, 0.12, -0.99
Gyro: 20.77, 58.19, 9.17
Accel: 0.02, 0.13, -1.00
Gyro: 19.50, 68.24, 4.34
Accel: 0.10, 0.13, -0.87
Gyro: 23.32, 61.25, 1.40
Accel: 0.12, 0.08, -0.95
Gyro: 21.62, 62.20, -1.21
Accel: 0.17, 0.11, -0.92
Gyro: 19.79, 59.70, -4.20
Accel: 0.22, 0.09, -0.88
Gyro: 16.88, 55.44, -5.04
Accel: 0.26, 0.10, -0.86
Gyro: 13.85, 48.62, -5.21
Accel: 0.30, 0.09, -0.84
Gyro: 11.80, 41.15, -4.11
Accel: 0.34, 0.07, -0.82
Gyro: 9.27, 29.88, -3.68
Accel: 0.36, 0.07, -0.81
Gyro: 4.50, 17.65, -3.58
Accel: 0.37, 0.08, -0.83
Gyro: 1.63, 7.33, -2.66
Accel: 0.36, 0.07, -0.85
Gyro: -0.02, -0.16, -2.30
Accel: 0.35, 0.09, -0.89
Gyro: -1.21, -3.20, -2.19
Accel: 0.34, 0.08, -0.91
Gyro: -1.26, -3.30, -1.98
Accel: 0.33, 0.07, -0.90
Gyro: -0.86, -4.48, -3.65
Accel: 0.32, 0.09, -0.92
Gyro: -0.69, -5.54, -4.74
Accel: 0.31, 0.10, -0.92
Gyro: -0.43, -4.95, -3.97
Accel: 0.30, 0.09, -0.93
Gyro: -1.21, -3.88, -3.36
Accel: 0.29, 0.09, -0.92
Gyro: -2.24, -3.21, -3.39
Accel: 0.28, 0.12, -0.93
Gyro: -2.90, -2.56, -2.23
Accel: 0.29, 0.09, -0.93
Gyro: -2.68, -1.32, -0.79
Accel: 0.29, 0.09, -0.92
Gyro: -2.35, -0.76, -0.69
Accel: 0.28, 0.10, -0.91
Gyro: -2.87, -1.79, -0.62
Accel: 0.28, 0.10, -0.92
Gyro: -2.62, -2.35, -0.03
Accel: 0.28, 0.09, -0.93
Gyro: -2.94, -1.85, 0.04
Accel: 0.28, 0.09, -0.93
Gyro: -2.65, -1.17, -0.68
Accel: 0.28, 0.09, -0.93
Gyro: -2.78, -0.95, -1.09
Accel: 0.28, 0.09, -0.93
Gyro: -3.04, -0.34, -1.18
Accel: 0.29, 0.10, -0.93
Gyro: -2.92, 0.69, -1.06
Accel: 0.29, 0.10, -0.92
Gyro: -2.17, 1.12, -0.69
Accel: 0.30, 0.09, -0.92
Gyro: -1.89, 0.27, -0.67
Accel: 0.30, 0.08, -0.91
Gyro: -2.39, -0.37, -1.35
Accel: 0.29, 0.09, -0.91
Gyro: -2.84, -0.90, -1.73
Accel: 0.29, 0.09, -0.93
Gyro: -2.76, -1.13, -2.02
Accel: 0.30, 0.10, -0.92
Gyro: -3.08, -0.81, -2.04
Accel: 0.29, 0.11, -0.92
Gyro: -3.02, -0.78, -1.59
Accel: 0.29, 0.09, -0.92
Gyro: -2.90, -0.82, -1.30
Accel: 0.29, 0.09, -0.92
Gyro: -2.59, -0.74, -1.21
Accel: 0.29, 0.09, -0.92
Gyro: -3.06, -1.40, -1.62
