Accel: 0.24, 0.11, -0.94
Gyro: -3.11, -3.07, 1.62
Accel: 0.24, 0.11, -0.95
Gyro: -3.30, -1.22, 2.67
Accel: 0.25, 0.09, -0.94
Gyro: -2.91, 0.60, 2.90
Accel: 0.25, 0.09, -0.93
Gyro: -2.49, 0.44, 2.17
Accel: 0.26, 0.08, -0.93
Gyro: -1.59, -0.02, 1.63
Accel: 0.25, 0.08, -0.93
Gyro: -1.29, -0.14, -0.19
Accel: 0.25, 0.08, -0.94
Gyro: -0.98, -0.09, -1.00
Accel: 0.25, 0.09, -0.95
Gyro: -1.37, 0.87, -0.91
Accel: 0.26, 0.10, -0.93
Gyro: -1.84, 1.43, 0.34
Accel: 0.25, 0.09, -0.94
Gyro: -3.01, 1.05, 0.92
Accel: 0.24, 0.09, -0.98
Gyro: -4.18, 2.56, 2.17
Accel: 0.21, 0.09, -1.05
Gyro: -7.47, 12.77, 4.46
Accel: 0.16, 0.09, -1.20
Gyro: -14.80, 35.42, 8.52
Accel: 0.17, 0.10, -1.16
Gyro: -19.40, 65.90, 13.38
Accel: 0.18, 0.07, -1.12
Gyro: -24.10, 97.50, 13.35
Accel: 0.31, 0.01, -0.87
Gyro: -12.15, 99.66, 4.88
Accel: 0.35, -0.05, -0.88
Gyro: -5.26, 102.37, -14.06
Accel: 0.45, -0.12, -0.69
Gyro: 9.51, 93.96, -46.68
Accel: 0.47, 0.01, -0.74
Gyro: 23.46, 78.96, -78.46
Accel: 0.52, 0.10, -0.70
Gyro: 32.57, 69.76, -90.97
Accel: 0.55, 0.11, -0.74
Gyro: 41.08, 62.08, -102.67
Accel: 0.60, 0.15, -0.65
Gyro: 38.27, 54.34, -106.36
Accel: 0.63, 0.17, -0.62
Gyro: 41.95, 37.17, -109.34
Accel: 0.64, 0.08, -0.67
Gyro: 44.36, 23.19, -121.45
Accel: 0.65, 0.27, -0.62
Gyro: 39.12, 10.80, -129.26
Accel: 0.63, 0.23, -0.61
Gyro: 51.55, -5.33, -122.70
Accel: 0.62, 0.30, -0.68
Gyro: 42.70, -14.29, -119.06
Accel: 0.61, 0.29, -0.62
Gyro: 41.51, -29.23, -107.62
Accel: 0.53, 0.29, -0.77
Gyro: 38.42, -39.12, -105.83
Accel: 0.52, 0.37, -0.70
Gyro: 33.18, -42.30, -96.43
Accel: 0.49, 0.34, -0.72
Gyro: 31.54, -56.12, -84.06
Accel: 0.42, 0.42, -0.78
Gyro: 25.53, -62.87, -70.88
Accel: 0.32, 0.39, -0.88
Gyro: 24.35, -61.74, -54.25
Accel: 0.29, 0.34, -0.89
Gyro: 17.78, -52.92, -48.69
Accel: 0.31, 0.42, -0.81
Gyro: 17.75, -59.10, -40.61
Accel: 0.28, 0.44, -0.80
Gyro: 20.93, -66.87, -26.57
Accel: 0.23, 0.39, -0.79
Gyro: 24.04, -78.83, -9.74
Accel: 0.16, 0.39, -0.82
Gyro: 24.38, -86.76, 2.26
Accel: 0.11, 0.37, -0.88
Gyro: 26.62, -93.69, 17.43
Accel: 0.05, 0.34, -0.88
Gyro: 20.73, -95.48, 31.20
Accel: -0.01, 0.36, -0.90
Gyro: 31.73, -96.57, 47.30
Accel: -0.09, 0.30, -1.02
Gyro: 28.12, -92.96, 63.45
Accel: -0.14, 0.24, -1.10
Gyro: 16.98, -77.35, 70.32
Accel: -0.18, 0.29, -1.02
Gyro: 5.58, -68.07, 76.61
Accel: -0.21, 0.27, -1.04
Gyro: 8.19, -59.23, 87.20
Accel: -0.22, 0.24, -1.05
Gyro: 5.73, -47.07, 93.12
Accel: -0.22, 0.25, -1.03
Gyro: 3.21, -37.96, 96.76
Accel: -0.24, 0.26, -1.01
Gyro: 2.14, -30.27, 102.50
Accel: -0.23, 0.25, -1.01
Gyro: 2.12, -22.75, 108.43
Accel: -0.22, 0.24, -1.00
Gyro: -1.50, -16.10, 113.19
Accel: -0.23, 0.24, -1.04
Gyro: -4.05, -7.10, 119.38
Accel: -0.23, 0.15, -1.04
Gyro: -7.97, 5.24, 115.29
Accel: -0.18, 0.18, -0.95
Gyro: -5.84, 9.56, 104.48
Accel: -0.14, 0.18, -0.90
Gyro: 2.32, 7.37, 97.79
Accel: -0.12, 0.10, -0.95
Gyro: 8.55, 4.37, 85.45
Accel: -0.13, 0.09, -1.06
Gyro: 8.33, 16.50, 68.43
Accel: -0.09, 0.17, -0.95
Gyro: 9.89, 21.78, 57.85
Accel: -0.06, 0.13, -0.96
Gyro: 13.14, 20.98, 49.92
Accel: -0.05, 0.08, -1.04
Gyro: 13.42, 32.17, 36.46
Accel: -0.02, 0.12, -1.00
Gyro: 15.88, 38.82, 24.74
Accel: 0.00, 0.12, -0.99
Gyro: 16.98, 48.32, 17.58
Accel: 0.05, 0.10, -0.96
Gyro: 19.71, 49.39, 10.50
Accel: 0.08, 0.11, -0.97
Gyro: 19.49, 54.14, 4.61
Accel: 0.15, 0.10, -0.90
Gyro: 20.82, 49.56, 1.18
Accel: 0.17, 0.07, -0.92
Gyro: 18.34, 47.61, -5.36
Accel: 0.19, 0.09, -0.89
Gyro: 16.04, 44.60, -8.94
Accel: 0.21, 0.08, -0.92
Gyro: 16.69, 39.43, -10.04
Accel: 0.25, 0.05, -0.87
Gyro: 11.99, 35.77, -12.48
Accel: 0.27, 0.09, -0.89
Gyro: 9.15, 31.51, -14.60
Accel: 0.30, 0.10, -0.85
Gyro: 8.31, 23.64, -13.35
Accel: 0.30, 0.07, -0.86
Gyro: 6.64, 15.25, -12.25
Accel: 0.32, 0.10, -0.85
Gyro: 2.90, 6.74, -10.82
Accel: 0.31, 0.10, -0.88
Gyro: 1.83, -1.04, -6.91
Accel: 0.30, 0.09, -0.91
Gyro: -0.70, -3.65, -4.18
Accel: 0.30, 0.09, -0.93
Gyro: -3.55, -3.93, -3.07
Accel: 0.28, 0.11, -0.92
Gyro: -4.47, -4.88, -1.65
Accel: 0.28, 0.09, -0.92
Gyro: -4.26, -4.94, -1.30
Accel: 0.28, 0.10, -0.93
Gyro: -4.26, -5.17, -2.62
Accel: 0.27, 0.10, -0.94
Gyro: -3.05, -4.26, -2.82
Accel: 0.27, 0.10, -0.94
Gyro: -1.80, -3.94, -2.81
Accel: 0.26, 0.10, -0.94
Gyro: -2.49, -4.12, -3.71
Accel: 0.26, 0.13, -0.94
Gyro: -2.36, -2.46, -2.97
Accel: 0.25, 0.12, -0.94
Gyro: -1.57, -1.90, -1.15
Accel: 0.26, 0.09, -0.93
Gyro: -1.55, -1.87, -0.80
Accel: 0.25, 0.09, -0.93
Gyro: -2.63, -2.53, -1.52
Accel: 0.25, 0.09, -0.94
Gyro: -3.40, -1.77, -2.27
Accel: 0.26, 0.10, -0.93
Gyro: -2.46, -1.21, -2.59
Accel: 0.25, 0.10, -0.91
Gyro: -2.46, -2.30, -3.59
Accel: 0.25, 0.12, -0.94
Gyro: -2.33, -2.46, -3.26
Accel: 0.25, 0.12, -0.95
Gyro: -1.69, -1.17, -1.42
Accel: 0.25, 0.10, -0.93
Gyro: -1.04, -1.57, -0.89
Accel: 0.25, 0.09, -0.92
Gyro: -1.37, -1.98, -0.86
Accel: 0.22, 0.11, -0.97
Gyro: -3.33, -1.86, -0.95
Accel: 0.28, 0.10, -0.92
Gyro: -3.40, -4.94, -1.50
Accel: 0.26, 0.11, -0.92
Gyro: -3.01, -1.90, -0.56
Accel: 0.25, 0.10, -0.95
Gyro: -2.78, -3.17, -0.93
Accel: 0.25, 0.11, -0.94
Gyro: -1.98, -2.59, -0.14
Accel: 0.25, 0.10, -0.95
Gyro: -2.17, -1.44, 0.04
Accel: 0.25, 0.10, -0.94
Gyro: -2.08, -1.47, 0.16
Accel: 0.24, 0.10, -0.93
Gyro: -2.63, -1.98, 0.21
Accel: 0.24, 0.11, -0.94
Gyro: -2.58, -2.30, 0.41
