Accel: 0.03, 0.01, -0.97
Gyro: -0.07, 0.13, 0.48
Accel: 0.03, 0.00, -0.97
Gyro: -0.55, 0.37, 0.22
Accel: 0.03, 0.00, -0.98
Gyro: -0.50, 0.26, -0.37
Accel: 0.04, 0.01, -0.99
Gyro: -0.49, 0.50, -0.62
Accel: 0.04, 0.00, -0.98
Gyro: -0.75, 0.58, -0.55
Accel: 0.04, 0.00, -0.98
Gyro: -1.24, 0.82, -0.49
Accel: 0.03, 0.01, -0.98
Gyro: -0.56, 1.13, 0.21
Accel: 0.04, 0.00, -0.98
Gyro: -2.08, 1.72, -0.43
Accel: 0.04, 0.04, -0.99
Gyro: -1.42, 1.88, -0.46
Accel: 0.04, 0.03, -0.98
Gyro: 1.93, 1.74, 1.78
Accel: 0.04, 0.03, -0.98
Gyro: 2.60, 2.40, 3.14
Accel: 0.03, 0.04, -0.99
Gyro: 3.96, 3.43, 5.19
Accel: 0.03, 0.05, -1.00
Gyro: 7.18, 5.71, 7.21
Accel: 0.03, 0.05, -1.00
Gyro: 12.36, 8.22, 9.27
Accel: 0.04, 0.07, -1.02
Gyro: 18.94, 10.67, 10.97
Accel: 0.03, 0.07, -1.03
Gyro: 30.24, 16.79, 10.71
Accel: 0.05, 0.05, -1.02
Gyro: 49.48, 22.91, 6.35
Accel: 0.07, 0.03, -0.92
Gyro: 71.66, 26.15, -3.36
Accel: 0.10, -0.02, -0.91
Gyro: 87.20, 19.49, -9.45
Accel: 0.09, -0.06, -1.02
Gyro: 85.43, 22.83, -5.46
Accel: 0.10, -0.06, -0.97
Gyro: 89.55, 35.20, -0.32
Accel: 0.14, -0.10, -0.84
Gyro: 101.07, 35.25, 6.28
Accel: 0.15, -0.22, -0.83
Gyro: 109.85, 34.45, 7.73
Accel: 0.17, -0.27, -0.85
Gyro: 123.82, 36.40, -2.95
Accel: 0.23, -0.43, -0.79
Gyro: 145.58, 40.62, -26.37
Accel: 0.31, -0.55, -0.58
Gyro: 135.04, 22.45, -39.67
Accel: 0.29, -0.60, -0.69
Gyro: 110.14, 5.71, -38.40
Accel: 0.28, -0.56, -0.75
Gyro: 102.49, 13.06, -22.71
Accel: 0.29, -0.56, -0.61
Gyro: 94.83, 15.87, -1.94
Accel: 0.30, -0.69, -0.57
Gyro: 82.26, 13.96, 12.75
Accel: 0.30, -0.72, -0.47
Gyro: 76.65, 5.39, 22.61
Accel: 0.27, -0.77, -0.50
Gyro: 71.15, 0.73, 29.71
Accel: 0.23, -0.85, -0.52
Gyro: 65.35, 2.91, 32.87
Accel: 0.24, -0.96, -0.50
Gyro: 58.55, 5.58, 29.44
Accel: 0.21, -0.96, -0.45
Gyro: 46.55, 3.02, 25.70
Accel: 0.21, -0.98, -0.46
Gyro: 37.77, 2.59, 20.29
Accel: 0.21, -0.99, -0.40
Gyro: 28.03, -1.32, 16.74
Accel: 0.17, -1.02, -0.42
Gyro: 12.82, -8.24, 14.81
Accel: 0.14, -1.01, -0.48
Gyro: 6.07, -2.86, 6.59
Accel: 0.14, -0.90, -0.43
Gyro: -9.17, -3.62, 9.91
Accel: 0.11, -0.95, -0.50
Gyro: -12.99, 1.53, 9.75
Accel: 0.16, -0.90, -0.42
Gyro: -16.59, 0.53, 4.35
Accel: 0.15, -0.93, -0.47
Gyro: -22.14, -2.76, 5.97
Accel: 0.15, -1.01, -0.48
Gyro: -29.52, -4.27, -2.33
Accel: 0.15, -1.05, -0.48
Gyro: -41.73, -7.79, -9.25
Accel: 0.12, -1.05, -0.53
Gyro: -64.21, -8.82, -13.15
Accel: 0.12, -0.99, -0.55
Gyro: -83.85, -6.81, -14.82
Accel: 0.12, -0.91, -0.52
Gyro: -102.42, -7.64, -15.57
Accel: 0.12, -0.83, -0.57
Gyro: -119.23, -9.09, -15.14
Accel: 0.14, -0.72, -0.62
Gyro: -131.91, -5.94, -15.45
Accel: 0.15, -0.62, -0.66
Gyro: -135.38, -2.69, -11.92
Accel: 0.17, -0.53, -0.66
Gyro: -138.26, -2.10, -6.48
Accel: 0.18, -0.45, -0.69
Gyro: -140.11, -4.18, -4.53
Accel: 0.18, -0.35, -0.78
Gyro: -135.09, -5.86, -1.69
Accel: 0.19, -0.27, -0.85
Gyro: -126.98, -3.27, 0.33
Accel: 0.18, -0.17, -0.90
Gyro: -113.38, 1.82, 4.49
Accel: 0.19, -0.17, -0.93
Gyro: -99.98, 9.96, 5.84
Accel: 0.22, -0.16, -0.86
Gyro: -88.64, 9.37, 2.49
Accel: 0.23, -0.11, -0.88
Gyro: -81.82, 3.93, -1.66
Accel: 0.24, -0.06, -0.89
Gyro: -73.62, 0.74, -4.73
Accel: 0.23, -0.03, -0.91
Gyro: -62.77, -2.49, -8.13
Accel: 0.23, -0.04, -0.91
Gyro: -56.12, -6.45, -13.53
Accel: 0.22, 0.01, -0.93
Gyro: -51.20, -8.83, -21.26
Accel: 0.22, 0.08, -0.96
Gyro: -39.32, -9.57, -22.78
Accel: 0.20, 0.03, -0.97
Gyro: -34.78, -5.87, -25.02
Accel: 0.20, 0.11, -0.94
Gyro: -34.08, -5.70, -27.63
Accel: 0.19, 0.16, -0.95
Gyro: -22.46, -7.52, -26.89
Accel: 0.19, 0.13, -0.94
Gyro: -11.34, -10.33, -25.71
Accel: 0.18, 0.12, -0.94
Gyro: -9.86, -12.88, -25.70
Accel: 0.17, 0.14, -0.95
Gyro: -8.62, -14.75, -23.88
Accel: 0.15, 0.15, -0.96
Gyro: -5.89, -15.59, -20.03
Accel: 0.13, 0.13, -0.98
Gyro: -2.49, -14.72, -16.49
Accel: 0.11, 0.14, -1.00
Gyro: -2.57, -10.92, -13.32
Accel: 0.12, 0.14, -0.96
Gyro: -0.67, -9.09, -8.19
Accel: 0.12, 0.13, -0.95
Gyro: 1.56, -11.29, -1.43
Accel: 0.11, 0.09, -0.95
Gyro: 1.14, -12.98, 1.79
Accel: 0.10, 0.07, -0.97
Gyro: 1.63, -13.13, 2.27
Accel: 0.08, 0.06, -0.98
Gyro: 2.58, -12.15, 1.79
Accel: 0.07, 0.04, -0.99
Gyro: 1.73, -10.04, 0.94
Accel: 0.07, 0.04, -0.99
Gyro: 0.24, -7.40, 0.38
Accel: 0.08, 0.03, -0.98
Gyro: -0.14, -6.37, 0.31
Accel: 0.09, 0.04, -0.97
Gyro: -0.96, -6.74, -1.02
Accel: 0.07, 0.05, -0.98
Gyro: 0.15, -6.07, -1.60
Accel: 0.08, 0.05, -0.98
Gyro: 0.99, -6.63, -2.57
Accel: 0.07, 0.06, -0.98
Gyro: 1.04, -5.62, -3.14
Accel: 0.08, 0.06, -0.98
Gyro: 1.90, -4.88, -2.98
Accel: 0.07, 0.06, -0.98
Gyro: 1.31, -3.99, -2.49
Accel: 0.07, 0.06, -0.99
Gyro: 0.40, -3.05, -1.53
Accel: 0.08, 0.07, -0.99
Gyro: -0.15, -2.98, -0.04
Accel: 0.06, 0.05, -0.98
Gyro: -1.15, -2.55, 0.79
Accel: 0.06, 0.05, -0.98
Gyro: -1.96, -1.21, 0.30
Accel: 0.06, 0.05, -0.98
Gyro: -1.34, -1.24, -0.53
Accel: 0.06, 0.05, -0.98
Gyro: -2.63, -0.85, -2.11
Accel: 0.07, 0.07, -0.98
Gyro: -2.51, -0.93, -2.85
Accel: 0.07, 0.07, -0.97
Gyro: -2.19, -1.00, -3.01
Accel: 0.07, 0.07, -0.98
Gyro: -1.67, -0.74, -2.13
Accel: 0.07, 0.07, -0.98
Gyro: -0.85, -0.82, -0.92
Accel: 0.06, 0.07, -0.98
Gyro: -0.05, -0.69, 0.37
Accel: 0.06, 0.06, -0.98
Gyro: 0.17, -0.38, 1.31
Accel: 0.07, 0.06, -0.97
Gyro: 0.57, -0.56, 1.71
Accel: 0.07, 0.05, -0.98
Gyro: 1.30, -0.75, 1.88
