Accel: -0.18, -0.17, -0.98
Gyro: 3.94, 17.65, 0.72
Accel: -0.15, -0.14, -0.97
Gyro: 1.63, 17.31, -1.98
Accel: -0.15, -0.12, -0.92
Gyro: -1.36, 14.25, -4.82
Accel: -0.16, -0.13, -0.92
Gyro: -3.46, 11.26, -4.99
Accel: -0.16, -0.11, -0.95
Gyro: -5.24, 11.16, -5.61
Accel: -0.15, -0.10, -0.96
Gyro: -4.83, 13.77, -4.33
Accel: -0.13, -0.10, -0.95
Gyro: -3.41, 13.82, -2.61
Accel: -0.13, -0.13, -0.92
Gyro: -3.19, 12.12, -1.42
Accel: -0.12, -0.15, -0.93
Gyro: -5.91, 9.81, -2.49
Accel: -0.13, -0.13, -0.94
Gyro: -8.38, 7.58, -5.29
Accel: -0.14, -0.12, -0.94
Gyro: -9.41, 6.00, -6.18
Accel: -0.14, -0.10, -0.96
Gyro: -11.15, 5.23, -7.49
Accel: -0.14, -0.09, -0.98
Gyro: -11.40, 4.98, -7.57
Accel: -0.14, -0.06, -0.99
Gyro: -10.09, 5.70, -6.39
Accel: -0.12, -0.05, -0.99
Gyro: -8.39, 7.96, -4.38
Accel: -0.11, -0.07, -0.99
Gyro: -6.72, 10.41, -2.54
Accel: -0.10, -0.07, -0.99
Gyro: -5.15, 12.05, -2.43
Accel: -0.08, -0.07, -0.97
Gyro: -3.97, 13.31, -2.17
Accel: -0.07, -0.07, -0.97
Gyro: -3.09, 12.91, -2.69
Accel: -0.07, -0.07, -0.96
Gyro: -2.40, 12.47, -2.57
Accel: -0.06, -0.07, -0.95
Gyro: -2.26, 12.02, -2.17
Accel: -0.05, -0.07, -0.96
Gyro: -2.18, 10.94, -1.34
Accel: -0.05, -0.07, -0.98
Gyro: -2.69, 10.84, -1.60
Accel: -0.04, -0.07, -0.96
Gyro: -1.91, 10.80, -2.42
Accel: -0.04, -0.08, -0.96
Gyro: -2.97, 9.88, -4.11
Accel: -0.02, -0.05, -0.95
Gyro: -1.52, 8.05, -4.21
Accel: -0.02, -0.06, -0.95
Gyro: -1.19, 5.24, -3.53
Accel: -0.02, -0.06, -0.95
Gyro: -1.75, 2.83, -2.72
Accel: -0.03, -0.06, -0.96
Gyro: -1.58, 1.22, -1.62
Accel: -0.01, -0.06, -0.95
Gyro: -0.47, -0.50, -0.02
Accel: -0.02, -0.08, -0.97
Gyro: -0.91, -0.87, 1.01
Accel: -0.03, -0.08, -0.98
Gyro: -1.52, -1.15, 1.51
Accel: -0.03, -0.09, -0.98
Gyro: -1.93, -0.99, 1.08
Accel: -0.03, -0.08, -0.99
Gyro: -2.28, -0.50, -0.27
Accel: -0.03, -0.08, -0.98
Gyro: -1.21, -0.46, -0.59
Accel: -0.03, -0.07, -0.99
Gyro: -1.40, -0.57, -0.59
Accel: -0.03, -0.07, -0.98
Gyro: -1.72, -0.04, 0.04
Accel: -0.03, -0.07, -0.97
Gyro: -0.69, -0.14, 0.80
Accel: -0.03, -0.08, -0.96
Gyro: -0.28, -0.18, 1.05
Accel: -0.03, -0.08, -0.98
Gyro: -0.10, -0.68, 0.95
Accel: -0.03, -0.08, -0.97
Gyro: 0.50, -0.69, 0.85
Accel: -0.04, -0.08, -0.98
Gyro: 0.01, -0.74, 0.79
Accel: -0.04, -0.08, -0.97
Gyro: -0.37, -1.02, 0.49
Accel: -0.04, -0.07, -0.98
Gyro: 0.21, -1.11, 1.06
Accel: -0.04, -0.08, -0.97
Gyro: 0.60, -1.00, 1.68
Accel: -0.04, -0.08, -0.98
Gyro: 0.84, -0.76, 2.24
Accel: -0.04, -0.08, -0.98
Gyro: 1.75, -0.16, 2.87
Accel: -0.04, -0.08, -0.98
Gyro: 0.79, 0.89, 2.75
Accel: -0.03, -0.07, -0.99
Gyro: 2.20, 1.71, 2.91
Accel: -0.04, -0.07, -0.98
Gyro: 4.30, 2.67, 3.79
Accel: -0.04, -0.05, -0.97
Gyro: 6.44, 3.36, 5.04
Accel: -0.04, -0.03, -0.99
Gyro: 9.45, 4.96, 8.27
Accel: -0.03, -0.02, -1.00
Gyro: 17.37, 7.90, 11.19
Accel: -0.05, -0.02, -1.03
Gyro: 28.21, 15.73, 12.65
Accel: -0.04, -0.03, -1.00
Gyro: 41.78, 21.39, 12.99
Accel: -0.01, -0.07, -0.95
Gyro: 53.38, 22.61, 12.86
Accel: -0.01, -0.15, -0.96
Gyro: 62.71, 22.35, 7.76
Accel: 0.01, -0.15, -0.91
Gyro: 73.84, 23.23, -1.24
Accel: 0.03, -0.18, -0.90
Gyro: 84.88, 18.65, -3.86
Accel: 0.04, -0.22, -0.88
Gyro: 91.42, 18.74, -4.85
Accel: 0.06, -0.26, -0.86
Gyro: 98.94, 17.01, -3.17
Accel: 0.08, -0.32, -0.82
Gyro: 100.72, 18.14, -2.90
Accel: 0.12, -0.32, -0.76
Gyro: 102.69, 14.18, -1.75
Accel: 0.15, -0.35, -0.70
Gyro: 108.36, 5.20, 0.94
Accel: 0.17, -0.42, -0.63
Gyro: 124.37, -5.36, -0.91
Accel: 0.11, -0.58, -0.59
Gyro: 134.60, -18.17, -1.31
Accel: 0.07, -0.73, -0.69
Gyro: 127.40, -18.34, -1.70
Accel: 0.03, -0.83, -0.67
Gyro: 113.95, -11.62, 2.36
Accel: 0.03, -0.94, -0.63
Gyro: 95.73, -1.05, 4.87
Accel: 0.04, -0.98, -0.53
Gyro: 75.23, 2.66, 8.44
Accel: 0.05, -1.08, -0.50
Gyro: 60.93, 3.85, 8.41
Accel: 0.02, -1.09, -0.46
Gyro: 43.27, 2.33, 0.70
Accel: 0.04, -1.03, -0.43
Gyro: 31.86, -1.46, -4.38
Accel: 0.04, -0.99, -0.43
Gyro: 16.81, -3.46, -3.17
Accel: 0.04, -0.99, -0.45
Gyro: 8.74, -2.79, -5.10
Accel: 0.03, -0.95, -0.43
Gyro: -5.82, -5.24, -4.11
Accel: 0.02, -0.97, -0.48
Gyro: -14.51, -3.64, -3.19
Accel: 0.01, -1.11, -0.47
Gyro: -26.81, -0.95, -8.99
Accel: 0.01, -1.19, -0.47
Gyro: -47.52, -0.67, -25.99
Accel: -0.01, -1.10, -0.50
Gyro: -77.43, 0.94, -36.74
Accel: -0.05, -0.98, -0.62
Gyro: -102.72, 11.81, -32.95
Accel: 0.01, -0.89, -0.61
Gyro: -120.90, 29.70, -24.89
Accel: 0.12, -0.80, -0.46
Gyro: -131.84, 22.89, -22.37
Accel: 0.16, -0.68, -0.45
Gyro: -137.70, 4.49, -19.67
Accel: 0.15, -0.51, -0.57
Gyro: -141.26, -10.28, -10.19
Accel: 0.11, -0.45, -0.73
Gyro: -136.93, -10.92, 2.49
Accel: 0.11, -0.48, -0.81
Gyro: -137.57, -3.33, 1.05
Accel: 0.14, -0.40, -0.77
Gyro: -135.37, -2.34, -6.97
Accel: 0.14, -0.33, -0.80
Gyro: -132.62, -4.81, -11.18
Accel: 0.15, -0.21, -0.85
Gyro: -125.66, -4.74, -12.50
Accel: 0.15, -0.16, -0.89
Gyro: -113.53, -2.75, -12.36
Accel: 0.15, -0.10, -0.88
Gyro: -104.42, -2.63, -14.32
Accel: 0.16, -0.04, -0.88
Gyro: -98.10, -3.89, -16.78
Accel: 0.16, 0.00, -0.90
Gyro: -90.16, -7.06, -18.67
Accel: 0.15, 0.05, -0.92
Gyro: -82.37, -9.85, -22.77
Accel: 0.15, 0.09, -0.96
Gyro: -71.45, -9.53, -29.50
Accel: 0.13, 0.22, -0.96
Gyro: -60.03, -8.09, -34.78
Accel: 0.12, 0.29, -0.94
Gyro: -38.14, -8.82, -31.91
Accel: 0.09, 0.25, -0.99
Gyro: -19.04, -6.65, -30.00
Accel: 0.10, 0.23, -0.98
Gyro: -11.61, -1.45, -30.49
Accel: 0.11, 0.25, -0.93
Gyro: -6.65, -3.50, -25.02
