Accel: 0.05, 0.10, -0.96
Gyro: -1.77, -0.40, -1.26
Accel: 0.05, 0.10, -0.96
Gyro: -2.70, -0.33, -1.11
Accel: 0.05, 0.10, -0.96
Gyro: -2.62, -0.31, -1.34
Accel: 0.06, 0.10, -0.96
Gyro: -3.72, 0.26, -2.41
Accel: 0.05, 0.12, -0.97
Gyro: -3.75, 0.48, -2.69
Accel: 0.06, 0.11, -0.97
Gyro: -2.29, 0.01, -2.00
Accel: 0.06, 0.11, -0.97
Gyro: -2.99, 0.01, -2.53
Accel: 0.06, 0.11, -0.96
Gyro: -3.15, 0.47, -2.27
Accel: 0.06, 0.11, -0.97
Gyro: -2.43, 1.17, -1.80
Accel: 0.07, 0.11, -0.96
Gyro: -2.43, 0.93, -1.71
Accel: 0.07, 0.11, -0.96
Gyro: -2.61, 0.67, -1.54
Accel: 0.06, 0.11, -0.97
Gyro: -2.09, 0.62, -1.06
Accel: 0.06, 0.12, -0.97
Gyro: -2.41, 0.70, -1.24
Accel: 0.06, 0.12, -0.96
Gyro: -0.80, 0.09, -0.14
Accel: 0.07, 0.12, -0.95
Gyro: -0.51, -0.08, 0.33
Accel: 0.07, 0.12, -0.96
Gyro: -0.34, 0.35, 0.67
Accel: 0.06, 0.12, -0.98
Gyro: 1.53, 1.47, 1.62
Accel: 0.07, 0.12, -0.98
Gyro: 4.04, 2.30, 1.46
Accel: 0.07, 0.11, -0.97
Gyro: 6.31, 2.59, 0.43
Accel: 0.07, 0.12, -0.97
Gyro: 7.62, 2.31, 0.21
Accel: 0.07, 0.11, -0.96
Gyro: 7.93, 2.38, 1.73
Accel: 0.07, 0.12, -0.97
Gyro: 8.93, 2.37, 4.17
Accel: 0.08, 0.13, -0.96
Gyro: 10.79, 2.30, 6.90
Accel: 0.08, 0.15, -0.98
Gyro: 16.47, 3.39, 9.78
Accel: 0.08, 0.17, -0.99
Gyro: 28.30, 6.35, 13.63
Accel: 0.08, 0.15, -0.95
Gyro: 38.05, 6.34, 17.53
Accel: 0.09, 0.15, -0.94
Gyro: 46.99, 6.44, 22.25
Accel: 0.10, 0.16, -0.96
Gyro: 57.98, 5.60, 29.27
Accel: 0.10, 0.07, -0.94
Gyro: 70.02, 4.99, 33.92
Accel: 0.09, 0.01, -0.95
Gyro: 79.09, 7.60, 33.59
Accel: 0.08, -0.04, -0.98
Gyro: 90.90, 15.88, 31.25
Accel: 0.09, -0.10, -0.92
Gyro: 103.71, 22.03, 28.18
Accel: 0.12, -0.14, -0.80
Gyro: 109.86, 15.74, 28.37
Accel: 0.12, -0.25, -0.81
Gyro: 107.56, 10.73, 29.75
Accel: 0.12, -0.28, -0.83
Gyro: 100.52, 5.58, 33.95
Accel: 0.11, -0.32, -0.75
Gyro: 99.93, 2.96, 40.10
Accel: 0.11, -0.38, -0.73
Gyro: 102.12, -4.26, 44.89
Accel: 0.08, -0.48, -0.67
Gyro: 107.41, -11.20, 45.53
Accel: 0.06, -0.59, -0.67
Gyro: 111.11, -17.04, 44.58
Accel: 0.03, -0.74, -0.63
Gyro: 99.69, -20.73, 38.80
Accel: -0.03, -0.84, -0.69
Gyro: 86.08, -20.87, 34.70
Accel: -0.05, -0.88, -0.63
Gyro: 68.27, -15.66, 33.18
Accel: -0.03, -0.92, -0.60
Gyro: 52.77, -12.49, 28.64
Accel: -0.05, -0.92, -0.58
Gyro: 37.77, -15.19, 26.09
Accel: -0.09, -0.89, -0.61
Gyro: 24.48, -16.16, 26.84
Accel: -0.12, -0.91, -0.63
Gyro: 18.20, -6.43, 18.20
Accel: -0.09, -0.88, -0.57
Gyro: 14.55, -6.66, 10.20
Accel: -0.12, -0.81, -0.62
Gyro: 4.88, -5.58, 9.74
Accel: -0.11, -0.85, -0.59
Gyro: 5.99, 1.66, 5.65
Accel: -0.12, -0.83, -0.61
Gyro: 1.68, -2.07, 3.61
Accel: -0.12, -0.83, -0.63
Gyro: -0.93, 4.97, -0.25
Accel: -0.11, -0.85, -0.60
Gyro: -0.89, 6.25, -3.14
Accel: -0.11, -0.90, -0.58
Gyro: -10.32, 6.31, -7.19
Accel: -0.10, -0.92, -0.57
Gyro: -17.43, 6.03, -14.60
Accel: -0.08, -0.98, -0.56
Gyro: -29.33, 1.75, -23.55
Accel: -0.10, -0.98, -0.61
Gyro: -46.50, 0.67, -32.65
Accel: -0.12, -0.98, -0.65
Gyro: -67.54, 4.06, -38.41
Accel: -0.10, -0.86, -0.62
Gyro: -89.45, 8.13, -41.89
Accel: -0.05, -0.79, -0.63
Gyro: -105.26, 5.82, -38.96
Accel: -0.02, -0.75, -0.64
Gyro: -125.36, 2.60, -40.40
Accel: -0.01, -0.64, -0.69
Gyro: -138.34, 0.42, -39.58
Accel: -0.02, -0.55, -0.72
Gyro: -143.32, 2.82, -40.70
Accel: -0.03, -0.53, -0.86
Gyro: -140.45, 11.99, -49.08
Accel: 0.02, -0.42, -0.76
Gyro: -140.63, 19.93, -64.09
Accel: 0.07, -0.19, -0.76
Gyro: -131.49, 18.59, -63.69
Accel: 0.13, -0.07, -0.78
Gyro: -120.30, 14.30, -51.03
Accel: 0.15, -0.06, -0.77
Gyro: -109.82, 5.78, -39.09
Accel: 0.17, -0.00, -0.81
Gyro: -109.54, -2.96, -37.21
Accel: 0.15, 0.14, -0.83
Gyro: -98.80, -12.31, -32.42
Accel: 0.12, 0.15, -0.93
Gyro: -79.09, -15.44, -25.92
Accel: 0.12, 0.15, -0.97
Gyro: -69.35, -12.83, -25.88
Accel: 0.11, 0.21, -0.95
Gyro: -55.87, -11.51, -25.77
Accel: 0.11, 0.21, -0.96
Gyro: -44.42, -9.86, -24.81
Accel: 0.10, 0.21, -0.97
Gyro: -35.58, -8.52, -26.08
Accel: 0.09, 0.24, -0.96
Gyro: -25.79, -7.67, -25.05
Accel: 0.09, 0.24, -0.96
Gyro: -18.63, -5.60, -22.25
Accel: 0.09, 0.24, -0.94
Gyro: -15.11, -4.28, -18.13
Accel: 0.08, 0.26, -0.94
Gyro: -13.68, -4.56, -13.61
Accel: 0.09, 0.25, -0.94
Gyro: -10.73, -6.03, -8.63
Accel: 0.07, 0.24, -0.95
Gyro: -9.28, -6.77, -5.68
Accel: 0.06, 0.23, -0.95
Gyro: -8.63, -7.42, -3.98
Accel: 0.05, 0.24, -0.97
Gyro: -6.82, -6.39, -3.24
Accel: 0.05, 0.25, -0.96
Gyro: -2.85, -5.89, -1.42
Accel: 0.04, 0.22, -0.96
Gyro: -0.09, -5.61, -0.32
Accel: 0.03, 0.21, -0.96
Gyro: 1.82, -4.59, 1.01
Accel: 0.04, 0.20, -0.97
Gyro: 2.44, -3.23, 2.33
Accel: 0.03, 0.19, -0.96
Gyro: 3.53, -2.88, 4.01
Accel: 0.03, 0.18, -0.96
Gyro: 4.07, -2.29, 5.10
Accel: 0.04, 0.18, -0.96
Gyro: 4.91, -1.85, 6.21
Accel: 0.04, 0.16, -0.96
Gyro: 5.64, -1.82, 7.17
Accel: 0.04, 0.14, -0.96
Gyro: 5.68, -1.57, 7.49
Accel: 0.04, 0.13, -0.96
Gyro: 5.57, -1.26, 7.47
Accel: 0.05, 0.12, -0.96
Gyro: 5.48, -0.59, 7.27
Accel: 0.05, 0.12, -0.97
Gyro: 4.71, 0.34, 6.59
Accel: 0.05, 0.11, -0.96
Gyro: 4.08, 0.80, 5.79
Accel: 0.05, 0.11, -0.96
Gyro: 2.40, 1.28, 4.11
Accel: 0.07, 0.12, -0.97
Gyro: 3.28, 1.06, 3.46
Accel: 0.07, 0.11, -0.95
Gyro: 3.62, -0.47, 2.44
Accel: 0.06, 0.10, -0.96
Gyro: 1.29, -0.10, 0.37
Accel: 0.06, 0.12, -0.96
Gyro: 0.18, 1.01, -0.26
Accel: 0.07, 0.12, -0.95
Gyro: -0.16, 1.16, -0.27
