Accel: 0.02, 0.09, -0.97
Gyro: -0.21, -0.19, 1.17
Accel: 0.02, 0.09, -0.96
Gyro: 0.31, -0.23, 1.68
Accel: 0.02, 0.09, -0.97
Gyro: 1.46, 0.19, 2.18
Accel: 0.02, 0.10, -0.96
Gyro: 2.16, 0.55, 2.69
Accel: 0.02, 0.10, -0.96
Gyro: 2.47, -0.15, 3.30
Accel: 0.01, 0.13, -0.97
Gyro: 4.54, -1.05, 5.74
Accel: 0.02, 0.14, -0.98
Gyro: 9.14, -0.26, 7.06
Accel: 0.02, 0.14, -0.96
Gyro: 16.71, 0.24, 9.33
Accel: 0.03, 0.17, -0.96
Gyro: 24.73, 0.07, 9.38
Accel: 0.03, 0.27, -0.95
Gyro: 45.70, 0.13, 13.49
Accel: 0.03, 0.22, -0.93
Gyro: 73.95, -1.64, 20.48
Accel: 0.04, 0.13, -0.91
Gyro: 90.13, -2.64, 20.79
Accel: 0.03, 0.12, -0.91
Gyro: 109.89, -2.07, 24.16
Accel: 0.04, 0.04, -0.87
Gyro: 124.56, -2.54, 31.10
Accel: 0.03, -0.05, -0.81
Gyro: 133.38, -3.64, 40.65
Accel: 0.01, -0.16, -0.78
Gyro: 137.88, -4.68, 46.01
Accel: 0.00, -0.23, -0.74
Gyro: 147.78, -6.26, 47.16
Accel: 0.00, -0.35, -0.66
Gyro: 154.52, -11.72, 47.29
Accel: -0.03, -0.51, -0.65
Gyro: 154.79, -17.62, 46.04
Accel: -0.07, -0.66, -0.63
Gyro: 143.77, -21.92, 47.71
Accel: -0.15, -0.89, -0.67
Gyro: 123.45, -18.60, 44.91
Accel: -0.19, -0.99, -0.62
Gyro: 97.66, -13.20, 40.05
Accel: -0.21, -1.08, -0.60
Gyro: 64.43, -12.82, 37.03
Accel: -0.25, -1.12, -0.62
Gyro: 30.72, -8.16, 28.91
Accel: -0.26, -1.02, -0.56
Gyro: 10.41, -5.78, 19.42
Accel: -0.26, -0.98, -0.61
Gyro: 3.14, -1.48, 9.74
Accel: -0.23, -0.93, -0.58
Gyro: -5.88, 2.10, -2.45
Accel: -0.22, -0.85, -0.56
Gyro: -12.47, 0.83, -7.87
Accel: -0.24, -0.90, -0.61
Gyro: -19.23, 2.82, -13.05
Accel: -0.22, -0.93, -0.61
Gyro: -30.59, 7.28, -22.59
Accel: -0.20, -0.99, -0.58
Gyro: -45.72, 7.13, -31.04
Accel: -0.22, -1.02, -0.63
Gyro: -67.99, 7.42, -43.23
Accel: -0.23, -0.96, -0.65
Gyro: -91.79, 13.00, -53.42
Accel: -0.16, -0.78, -0.62
Gyro: -111.37, 14.57, -52.49
Accel: -0.12, -0.69, -0.61
Gyro: -129.46, 11.60, -48.46
Accel: -0.08, -0.62, -0.65
Gyro: -145.47, 8.12, -48.91
Accel: -0.05, -0.44, -0.70
Gyro: -147.53, 7.81, -47.12
Accel: -0.02, -0.37, -0.71
Gyro: -143.78, 5.31, -44.51
Accel: 0.01, -0.31, -0.75
Gyro: -147.54, 1.44, -49.51
Accel: 0.02, -0.11, -0.77
Gyro: -139.57, -4.69, -47.58
Accel: 0.01, 0.02, -0.88
Gyro: -122.55, -4.54, -39.92
Accel: 0.02, -0.00, -0.88
Gyro: -106.10, -4.43, -34.74
Accel: 0.03, 0.01, -0.89
Gyro: -101.69, -6.53, -36.49
Accel: 0.02, 0.11, -0.91
Gyro: -92.57, -8.00, -36.43
Accel: 0.01, 0.16, -0.96
Gyro: -75.75, -6.63, -34.03
Accel: -0.01, 0.22, -0.96
Gyro: -65.09, -4.19, -34.66
Accel: -0.00, 0.29, -0.97
Gyro: -49.93, -2.54, -30.69
Accel: 0.00, 0.29, -0.97
Gyro: -36.16, -0.70, -24.56
Accel: 0.00, 0.28, -0.96
Gyro: -26.99, 0.68, -18.98
Accel: 0.01, 0.26, -0.95
Gyro: -20.35, 0.99, -13.43
Accel: 0.02, 0.25, -0.94
Gyro: -15.53, 0.14, -8.72
Accel: 0.01, 0.24, -0.95
Gyro: -11.96, -1.63, -3.90
Accel: -0.00, 0.22, -0.96
Gyro: -12.05, -1.59, 1.21
Accel: -0.01, 0.28, -0.97
Gyro: -11.08, -0.43, 10.73
Accel: -0.02, 0.24, -0.96
Gyro: -6.05, 0.19, 20.16
Accel: -0.01, 0.16, -0.96
Gyro: -3.04, -0.72, 20.23
Accel: -0.01, 0.12, -0.96
Gyro: -2.46, -1.27, 14.52
Accel: -0.00, 0.14, -0.96
Gyro: -0.31, -1.72, 7.43
Accel: -0.01, 0.15, -0.96
Gyro: 2.37, -1.33, 2.57
Accel: -0.00, 0.16, -0.96
Gyro: 3.47, -0.80, -0.20
Accel: -0.01, 0.16, -0.96
Gyro: 3.88, -0.34, -1.01
Accel: 0.01, 0.17, -0.97
Gyro: 4.89, -0.18, 0.36
Accel: 0.00, 0.16, -0.96
Gyro: 5.62, 0.31, 2.11
Accel: 0.01, 0.16, -0.95
Gyro: 6.26, 0.40, 3.76
Accel: 0.00, 0.14, -0.97
Gyro: 6.72, 0.34, 4.49
Accel: 0.00, 0.13, -0.97
Gyro: 6.97, 1.24, 4.31
Accel: 0.01, 0.12, -0.96
Gyro: 7.64, 1.91, 4.13
Accel: 0.01, 0.11, -0.97
Gyro: 5.97, 2.04, 2.72
Accel: 0.02, 0.13, -0.97
Gyro: 6.58, 2.46, 2.88
Accel: 0.02, 0.12, -0.97
Gyro: 6.57, 1.88, 2.75
Accel: 0.01, 0.12, -0.96
Gyro: 6.49, 1.96, 2.40
Accel: 0.02, 0.12, -0.96
Gyro: 6.54, 2.25, 2.33
Accel: 0.02, 0.10, -0.96
Gyro: 6.38, 2.30, 2.70
Accel: 0.03, 0.09, -0.95
Gyro: 5.10, 1.96, 2.20
Accel: 0.03, 0.09, -0.95
Gyro: 3.90, 1.27, 1.97
Accel: 0.04, 0.08, -0.97
Gyro: 2.27, 0.90, 1.98
Accel: 0.03, 0.09, -0.96
Gyro: 1.70, 0.86, 1.66
Accel: 0.03, 0.08, -0.96
Gyro: 1.95, 0.15, 1.83
Accel: 0.02, 0.07, -0.96
Gyro: 1.24, -0.62, 1.12
Accel: 0.02, 0.07, -0.96
Gyro: 0.30, 0.05, 0.66
Accel: 0.02, 0.08, -0.96
Gyro: 0.22, 0.59, 0.48
Accel: 0.03, 0.08, -0.97
Gyro: 0.72, 1.04, 0.09
Accel: 0.02, 0.08, -0.96
Gyro: 1.09, 0.77, 0.59
Accel: 0.03, 0.08, -0.97
Gyro: 1.34, 0.85, 0.92
Accel: 0.03, 0.08, -0.96
Gyro: 1.21, 1.01, 1.48
Accel: 0.03, 0.07, -0.97
Gyro: 1.15, 0.92, 1.44
Accel: 0.04, 0.07, -0.96
Gyro: 1.33, 0.77, 1.50
Accel: 0.04, 0.07, -0.97
Gyro: 1.01, 0.31, 1.46
Accel: 0.03, 0.05, -0.97
Gyro: -0.18, -0.05, 0.70
Accel: 0.04, 0.05, -0.97
Gyro: -0.82, 0.07, -0.08
Accel: 0.04, 0.05, -0.96
Gyro: -2.27, 0.22, -1.24
Accel: 0.04, 0.07, -0.97
Gyro: -2.42, 0.25, -1.99
Accel: 0.03, 0.05, -0.97
Gyro: -1.95, -0.61, -2.11
Accel: 0.03, 0.06, -0.97
Gyro: -3.02, -0.98, -3.07
Accel: 0.03, 0.07, -0.97
Gyro: -2.89, -0.96, -3.20
Accel: 0.03, 0.07, -0.96
Gyro: -2.24, -0.63, -2.98
Accel: 0.04, 0.07, -0.97
Gyro: -2.90, -0.24, -3.17
Accel: 0.04, 0.08, -0.96
Gyro: -2.54, -0.81, -2.66
Accel: 0.04, 0.07, -0.97
Gyro: -2.29, -1.34, -1.90
Accel: 0.04, 0.08, -0.97
Gyro: -2.75, -0.82, -1.90
Accel: 0.03, 0.08, -0.97
Gyro: -1.40, -1.04, -0.54
