Accel: 0.04, 0.08, -0.96
Gyro: 2.85, -0.38, 0.49
Accel: 0.05, 0.06, -0.96
Gyro: 2.01, -1.29, 2.68
Accel: 0.04, 0.06, -0.97
Gyro: 0.82, -1.38, 3.68
Accel: 0.04, 0.04, -0.98
Gyro: -0.53, 0.27, 3.56
Accel: 0.03, 0.03, -1.00
Gyro: -0.77, 3.88, 2.45
Accel: 0.05, 0.04, -0.96
Gyro: 1.28, 5.41, 0.72
Accel: 0.07, 0.04, -0.94
Gyro: 2.83, 2.96, -0.56
Accel: 0.06, 0.04, -0.95
Gyro: 1.17, -0.11, -1.75
Accel: 0.06, 0.04, -0.96
Gyro: 0.04, -1.34, -0.63
Accel: 0.05, 0.04, -0.96
Gyro: -0.92, -1.67, 0.83
Accel: 0.04, 0.03, -0.97
Gyro: -2.41, -1.69, 0.94
Accel: 0.05, 0.03, -0.98
Gyro: -2.45, -1.50, 0.86
Accel: 0.05, 0.04, -0.96
Gyro: -2.05, -1.29, 0.34
Accel: 0.05, 0.04, -0.97
Gyro: -1.72, -0.78, -0.32
Accel: 0.05, 0.04, -0.98
Gyro: -1.54, -0.67, -0.67
Accel: 0.05, 0.04, -0.97
Gyro: -1.11, -0.45, -0.77
Accel: 0.05, 0.04, -0.97
Gyro: -1.27, -0.31, -0.68
Accel: 0.05, 0.04, -0.97
Gyro: -1.23, -0.56, -0.66
Accel: 0.05, 0.04, -0.96
Gyro: -1.88, -0.79, -0.66
Accel: 0.05, 0.05, -0.96
Gyro: -1.99, -0.98, -0.44
Accel: 0.05, 0.04, -0.97
Gyro: -1.53, -0.59, -0.47
Accel: 0.04, 0.05, -0.97
Gyro: -2.40, -0.43, -1.11
Accel: 0.05, 0.11, -0.98
Gyro: 1.65, 0.57, 0.45
Accel: 0.05, 0.09, -0.98
Gyro: 9.59, 1.76, 2.32
Accel: 0.04, 0.09, -0.97
Gyro: 19.25, 2.19, -0.84
Accel: 0.05, 0.16, -0.98
Gyro: 34.23, 3.64, -1.68
Accel: 0.06, 0.24, -0.95
Gyro: 51.84, 3.54, 5.04
Accel: 0.06, 0.21, -0.94
Gyro: 74.92, 3.20, 16.20
Accel: 0.08, 0.17, -0.88
Gyro: 91.21, -0.31, 24.61
Accel: 0.05, 0.19, -0.86
Gyro: 100.42, -3.37, 43.79
Accel: 0.03, 0.08, -0.88
Gyro: 111.14, -2.59, 68.23
Accel: 0.02, -0.09, -0.80
Gyro: 120.96, -0.31, 80.17
Accel: 0.01, -0.28, -0.74
Gyro: 125.53, -1.93, 78.93
Accel: 0.00, -0.43, -0.69
Gyro: 126.42, -10.46, 68.64
Accel: -0.05, -0.53, -0.74
Gyro: 125.95, -13.73, 59.83
Accel: -0.06, -0.64, -0.77
Gyro: 120.52, -11.27, 50.08
Accel: -0.06, -0.69, -0.68
Gyro: 111.62, -7.68, 41.85
Accel: -0.07, -0.79, -0.60
Gyro: 99.97, -14.43, 38.62
Accel: -0.12, -0.91, -0.65
Gyro: 82.29, -19.28, 35.68
Accel: -0.15, -1.01, -0.69
Gyro: 54.41, -15.69, 28.96
Accel: -0.19, -1.03, -0.66
Gyro: 29.16, -11.50, 15.94
Accel: -0.18, -0.97, -0.63
Gyro: 12.49, -11.82, 5.46
Accel: -0.20, -0.90, -0.67
Gyro: -1.09, -10.78, -2.77
Accel: -0.19, -0.86, -0.66
Gyro: -10.51, -6.26, -9.28
Accel: -0.18, -0.85, -0.67
Gyro: -18.77, -3.59, -15.91
Accel: -0.19, -0.87, -0.68
Gyro: -28.39, -0.77, -23.16
Accel: -0.19, -0.92, -0.70
Gyro: -44.30, 4.01, -31.91
Accel: -0.17, -0.91, -0.67
Gyro: -64.74, 6.44, -37.77
Accel: -0.15, -0.87, -0.68
Gyro: -88.34, 6.55, -43.68
Accel: -0.14, -0.80, -0.70
Gyro: -108.53, 6.63, -51.59
Accel: -0.13, -0.70, -0.71
Gyro: -121.76, 8.04, -57.01
Accel: -0.09, -0.54, -0.71
Gyro: -131.29, 8.45, -60.36
Accel: -0.06, -0.45, -0.74
Gyro: -134.87, 9.02, -59.64
Accel: -0.02, -0.30, -0.74
Gyro: -134.38, 5.81, -55.18
Accel: -0.01, -0.19, -0.80
Gyro: -124.90, 3.11, -48.13
Accel: 0.01, -0.13, -0.84
Gyro: -118.74, 3.85, -43.77
Accel: 0.02, -0.06, -0.86
Gyro: -109.02, 1.66, -40.10
Accel: 0.02, -0.01, -0.92
Gyro: -93.52, 2.56, -40.33
Accel: 0.03, 0.02, -0.92
Gyro: -79.60, 1.84, -44.33
Accel: 0.05, 0.09, -0.93
Gyro: -69.40, -0.28, -45.62
Accel: 0.05, 0.15, -0.94
Gyro: -56.69, -2.98, -38.34
Accel: 0.05, 0.19, -0.97
Gyro: -47.28, -2.56, -30.10
Accel: 0.06, 0.19, -0.97
Gyro: -39.68, -0.49, -21.27
Accel: 0.06, 0.19, -0.95
Gyro: -32.97, -0.15, -13.93
Accel: 0.07, 0.18, -0.96
Gyro: -26.78, -0.49, -7.50
Accel: 0.07, 0.16, -0.95
Gyro: -22.04, -0.64, -3.91
Accel: 0.07, 0.17, -0.94
Gyro: -17.20, -2.78, -2.19
Accel: 0.06, 0.15, -0.94
Gyro: -12.99, -4.53, -1.40
Accel: 0.06, 0.13, -0.94
Gyro: -10.13, -6.74, -1.37
Accel: 0.05, 0.15, -0.96
Gyro: -9.11, -8.19, -2.01
Accel: 0.03, 0.16, -0.96
Gyro: -7.67, -8.21, 1.56
Accel: 0.02, 0.13, -0.97
Gyro: -8.16, -7.90, 2.49
Accel: 0.02, 0.14, -0.98
Gyro: -7.25, -6.68, 2.35
Accel: 0.02, 0.16, -0.98
Gyro: -2.86, -4.41, 3.15
Accel: 0.02, 0.15, -0.96
Gyro: 1.26, -3.27, 3.88
Accel: 0.02, 0.13, -0.96
Gyro: 3.52, -3.50, 4.59
Accel: 0.02, 0.11, -0.95
Gyro: 4.68, -4.11, 5.64
Accel: 0.01, 0.11, -0.97
Gyro: 3.46, -3.41, 5.82
Accel: 0.02, 0.10, -0.97
Gyro: 3.72, -2.58, 7.24
Accel: 0.01, 0.08, -0.97
Gyro: 2.87, -2.21, 6.77
Accel: 0.01, 0.09, -0.98
Gyro: 2.07, -1.52, 5.45
Accel: 0.01, 0.09, -0.98
Gyro: 2.67, -0.66, 5.18
Accel: 0.01, 0.08, -0.97
Gyro: 3.02, -0.04, 4.94
Accel: 0.01, 0.08, -0.96
Gyro: 2.67, 0.64, 4.65
Accel: 0.02, 0.08, -0.97
Gyro: 2.62, 1.27, 4.59
Accel: 0.02, 0.07, -0.96
Gyro: 2.29, 1.30, 4.10
Accel: 0.03, 0.07, -0.97
Gyro: 1.30, 1.57, 3.53
Accel: 0.03, 0.06, -0.96
Gyro: 0.12, 1.47, 2.52
Accel: 0.03, 0.07, -0.96
Gyro: -0.46, 1.11, 1.52
Accel: 0.03, 0.07, -0.96
Gyro: -1.09, 0.60, 0.75
Accel: 0.04, 0.07, -0.97
Gyro: -1.65, 0.47, -0.31
Accel: 0.04, 0.07, -0.96
Gyro: -1.84, 0.53, -0.70
Accel: 0.03, 0.08, -0.98
Gyro: -2.75, 0.22, -1.57
Accel: 0.04, 0.10, -0.97
Gyro: -0.84, 0.17, -0.68
Accel: 0.04, 0.07, -0.96
Gyro: -0.65, -0.59, -0.46
Accel: 0.02, 0.08, -0.97
Gyro: -0.98, -0.96, -0.72
Accel: 0.03, 0.08, -0.97
Gyro: -0.76, -0.33, -0.05
Accel: 0.03, 0.08, -0.97
Gyro: -0.77, 0.40, 0.20
Accel: 0.03, 0.08, -0.97
Gyro: -0.87, 0.22, -0.28
Accel: 0.04, 0.08, -0.97
Gyro: -0.40, -0.28, 0.10
Accel: 0.04, 0.06, -0.96
Gyro: -1.05, -0.32, 0.07
