Accel: 0.03, 0.08, -0.97
Gyro: -2.59, 0.56, -2.33
Accel: 0.03, 0.09, -0.97
Gyro: -1.97, 0.25, -1.77
Accel: 0.03, 0.09, -0.96
Gyro: 0.12, -0.05, 0.46
Accel: 0.03, 0.07, -0.97
Gyro: 0.50, 0.02, 1.27
Accel: 0.04, 0.07, -0.97
Gyro: -0.32, 0.47, 1.51
Accel: 0.03, 0.06, -0.97
Gyro: 0.37, 0.68, 2.07
Accel: 0.04, 0.05, -0.98
Gyro: -0.08, 1.27, 1.45
Accel: 0.03, 0.05, -0.97
Gyro: -0.47, 1.43, 0.37
Accel: 0.04, 0.05, -0.97
Gyro: -0.21, 1.34, 0.18
Accel: 0.04, 0.05, -0.97
Gyro: -0.71, 1.56, -0.24
Accel: 0.04, 0.06, -0.98
Gyro: -0.51, 2.40, -0.47
Accel: 0.04, 0.05, -0.97
Gyro: -0.49, 2.53, -0.08
Accel: 0.04, 0.05, -0.96
Gyro: -1.52, 2.09, -0.95
Accel: 0.05, 0.06, -0.96
Gyro: -1.81, 1.98, -0.85
Accel: 0.05, 0.06, -0.97
Gyro: -1.56, 1.83, -0.72
Accel: 0.05, 0.07, -0.96
Gyro: -0.55, 1.52, -0.22
Accel: 0.05, 0.08, -0.97
Gyro: 1.11, 1.02, 0.68
Accel: 0.05, 0.10, -0.98
Gyro: 3.77, 1.98, 2.23
Accel: 0.03, 0.14, -1.02
Gyro: 13.50, 8.11, 4.72
Accel: 0.06, 0.20, -0.95
Gyro: 26.82, 8.45, 6.81
Accel: 0.06, 0.27, -0.97
Gyro: 46.75, 6.61, 15.24
Accel: 0.04, 0.31, -1.01
Gyro: 74.33, 15.79, 28.27
Accel: 0.07, 0.23, -0.89
Gyro: 100.14, 19.11, 42.14
Accel: 0.11, 0.06, -0.77
Gyro: 113.88, 7.45, 52.54
Accel: 0.09, -0.02, -0.78
Gyro: 115.17, -4.50, 60.69
Accel: 0.04, -0.06, -0.76
Gyro: 124.82, -12.38, 74.61
Accel: -0.03, -0.19, -0.74
Gyro: 126.89, -19.58, 89.44
Accel: -0.12, -0.31, -0.76
Gyro: 123.08, -21.50, 100.87
Accel: -0.21, -0.47, -0.88
Gyro: 113.14, -14.42, 110.71
Accel: -0.22, -0.68, -0.92
Gyro: 94.57, 5.42, 105.36
Accel: -0.14, -0.85, -0.78
Gyro: 80.06, 17.98, 80.64
Accel: -0.06, -0.89, -0.67
Gyro: 70.94, 11.70, 50.03
Accel: -0.05, -0.89, -0.67
Gyro: 57.66, -1.56, 26.64
Accel: -0.06, -0.82, -0.66
Gyro: 43.37, -9.07, 14.25
Accel: -0.10, -0.83, -0.69
Gyro: 32.78, -13.39, 5.93
Accel: -0.14, -0.81, -0.71
Gyro: 26.05, -10.06, -3.93
Accel: -0.14, -0.77, -0.68
Gyro: 18.76, -10.46, -8.29
Accel: -0.15, -0.80, -0.70
Gyro: 7.93, -10.57, -9.80
Accel: -0.18, -0.85, -0.72
Gyro: -4.45, -6.22, -13.08
Accel: -0.17, -0.95, -0.74
Gyro: -19.62, -1.34, -22.46
Accel: -0.18, -1.04, -0.74
Gyro: -42.74, 3.11, -39.10
Accel: -0.18, -1.01, -0.74
Gyro: -70.51, 11.41, -60.57
Accel: -0.16, -0.98, -0.73
Gyro: -90.00, 15.30, -76.52
Accel: -0.12, -0.79, -0.67
Gyro: -110.92, 16.51, -92.03
Accel: -0.07, -0.65, -0.65
Gyro: -123.47, 11.68, -96.43
Accel: -0.04, -0.45, -0.68
Gyro: -131.54, 7.32, -96.07
Accel: -0.01, -0.37, -0.72
Gyro: -129.21, 5.59, -90.57
Accel: 0.03, -0.21, -0.74
Gyro: -126.89, 4.55, -83.53
Accel: 0.04, -0.31, -0.83
Gyro: -122.96, 3.94, -85.71
Accel: 0.06, -0.19, -0.77
Gyro: -125.69, 4.62, -98.59
Accel: 0.09, 0.04, -0.70
Gyro: -106.94, -11.96, -103.67
Accel: 0.06, 0.14, -0.86
Gyro: -84.85, -22.71, -96.10
Accel: 0.04, 0.21, -0.99
Gyro: -72.20, -17.66, -82.28
Accel: 0.05, 0.27, -0.96
Gyro: -66.12, -10.41, -63.93
Accel: 0.07, 0.33, -0.95
Gyro: -55.67, -9.45, -42.32
Accel: 0.06, 0.34, -1.04
Gyro: -41.16, -4.88, -22.19
Accel: 0.03, 0.33, -1.10
Gyro: -32.22, 14.92, -11.31
Accel: 0.12, 0.31, -0.92
Gyro: -19.07, 15.74, -2.41
Accel: 0.14, 0.27, -0.88
Gyro: -12.44, 6.64, 7.82
Accel: 0.13, 0.22, -0.92
Gyro: -9.78, 0.49, 13.92
Accel: 0.12, 0.18, -0.96
Gyro: -9.19, 0.92, 16.17
Accel: 0.12, 0.16, -0.95
Gyro: -8.29, 1.25, 16.13
Accel: 0.13, 0.14, -0.93
Gyro: -6.07, 0.27, 15.12
Accel: 0.14, 0.12, -0.94
Gyro: -5.39, -1.37, 12.76
Accel: 0.13, 0.13, -0.92
Gyro: -5.31, -3.17, 9.67
Accel: 0.13, 0.13, -0.94
Gyro: -4.13, -5.97, 7.40
Accel: 0.12, 0.14, -0.95
Gyro: -3.27, -7.45, 5.42
Accel: 0.11, 0.15, -0.95
Gyro: -1.81, -8.23, 4.58
Accel: 0.11, 0.15, -0.98
Gyro: -1.19, -6.43, 4.56
Accel: 0.10, 0.15, -0.97
Gyro: -0.76, -4.53, 5.74
Accel: 0.10, 0.13, -0.97
Gyro: -1.97, -3.34, 5.47
Accel: 0.10, 0.14, -0.97
Gyro: -0.65, -2.94, 6.15
Accel: 0.09, 0.13, -0.96
Gyro: 1.07, -2.89, 6.65
Accel: 0.09, 0.12, -0.95
Gyro: 2.51, -2.59, 7.14
Accel: 0.09, 0.12, -0.97
Gyro: 2.87, -1.30, 7.52
Accel: 0.10, 0.10, -0.96
Gyro: 2.67, -0.23, 7.77
Accel: 0.10, 0.10, -0.96
Gyro: 2.63, -0.22, 7.73
Accel: 0.10, 0.10, -0.95
Gyro: 2.64, -0.03, 7.80
Accel: 0.11, 0.08, -0.95
Gyro: 1.35, -0.55, 7.14
Accel: 0.11, 0.10, -0.94
Gyro: 1.09, -1.20, 6.99
Accel: 0.11, 0.09, -0.96
Gyro: 1.47, -1.08, 7.16
Accel: 0.11, 0.09, -0.94
Gyro: 0.21, -1.69, 6.77
Accel: 0.11, 0.10, -0.96
Gyro: -1.18, -2.30, 6.11
Accel: 0.11, 0.10, -0.96
Gyro: -1.19, -1.86, 5.22
Accel: 0.11, 0.10, -0.96
Gyro: -0.99, -1.32, 4.14
Accel: 0.11, 0.10, -0.96
Gyro: -0.95, -1.56, 2.94
Accel: 0.11, 0.10, -0.96
Gyro: -1.14, -1.53, 1.74
Accel: 0.10, 0.10, -0.97
Gyro: -1.37, -0.88, 0.59
Accel: 0.11, 0.11, -0.97
Gyro: -1.29, -0.61, 0.30
Accel: 0.11, 0.12, -0.96
Gyro: -0.98, -0.02, 1.41
Accel: 0.11, 0.11, -0.96
Gyro: -0.07, 0.02, 2.31
Accel: 0.11, 0.10, -0.97
Gyro: -0.23, -0.23, 1.84
Accel: 0.11, 0.09, -0.95
Gyro: -0.30, -0.69, 1.21
Accel: 0.10, 0.09, -0.96
Gyro: -1.12, -0.55, 0.50
Accel: 0.10, 0.11, -0.96
Gyro: 0.81, -0.85, 1.59
Accel: 0.11, 0.08, -0.96
Gyro: 1.04, -1.85, 2.21
Accel: 0.11, 0.09, -0.96
Gyro: 0.66, -2.32, 2.20
Accel: 0.11, 0.08, -0.95
Gyro: 0.79, -2.28, 2.43
Accel: 0.11, 0.07, -0.96
Gyro: 0.63, -1.68, 1.89
Accel: 0.11, 0.07, -0.96
Gyro: -0.02, -1.55, 1.05
Accel: 0.11, 0.06, -0.96
Gyro: -0.15, -1.72, 0.44
