Accel: 0.07, 0.06, -0.96
Gyro: -1.04, -1.23, 1.54
Accel: 0.06, 0.05, -0.97
Gyro: -0.60, -1.34, 1.45
Accel: 0.07, 0.05, -0.96
Gyro: -0.63, -1.13, 0.85
Accel: 0.07, 0.05, -0.97
Gyro: -0.60, -0.96, 0.56
Accel: 0.06, 0.05, -0.96
Gyro: -0.37, -1.11, 0.56
Accel: 0.07, 0.05, -0.97
Gyro: -0.50, -0.72, 0.60
Accel: 0.06, 0.05, -0.95
Gyro: -1.05, -0.50, 0.43
Accel: 0.06, 0.05, -0.97
Gyro: -1.41, -0.43, 0.02
Accel: 0.06, 0.05, -0.97
Gyro: -1.53, -0.68, -0.42
Accel: 0.07, 0.05, -0.97
Gyro: -1.86, 0.23, -0.60
Accel: 0.07, 0.05, -0.98
Gyro: -3.24, 0.32, -1.56
Accel: 0.07, 0.07, -0.96
Gyro: -1.42, 0.13, -1.17
Accel: 0.07, 0.05, -0.97
Gyro: -0.68, -0.90, -0.73
Accel: 0.06, 0.05, -0.98
Gyro: -1.90, -1.11, -1.11
Accel: 0.07, 0.06, -0.97
Gyro: -1.64, -0.31, -0.53
Accel: 0.07, 0.06, -0.96
Gyro: -1.34, -0.08, -0.36
Accel: 0.07, 0.05, -0.97
Gyro: -1.62, -0.39, -0.68
Accel: 0.07, 0.05, -0.97
Gyro: -1.31, -0.76, -0.47
Accel: 0.06, 0.04, -0.97
Gyro: -2.46, -0.32, -0.89
Accel: 0.07, 0.06, -0.97
Gyro: -1.70, 0.27, -0.70
Accel: 0.07, 0.05, -0.97
Gyro: -1.50, 0.14, -0.20
Accel: 0.06, 0.05, -0.96
Gyro: -2.05, 0.11, -0.46
Accel: 0.07, 0.06, -0.97
Gyro: -1.64, 0.86, -0.25
Accel: 0.07, 0.06, -0.98
Gyro: -0.80, 1.17, 0.01
Accel: 0.07, 0.06, -0.97
Gyro: -0.37, 0.95, 0.19
Accel: 0.08, 0.08, -0.97
Gyro: 0.86, 0.67, 1.22
Accel: 0.07, 0.08, -1.00
Gyro: 5.16, 2.59, 2.08
Accel: 0.05, 0.07, -0.98
Gyro: 12.98, 5.65, -2.72
Accel: 0.07, 0.14, -1.01
Gyro: 26.73, 8.19, -4.20
Accel: 0.08, 0.16, -0.98
Gyro: 47.45, 10.98, -5.57
Accel: 0.09, 0.26, -0.92
Gyro: 78.09, 9.08, -1.69
Accel: 0.11, 0.15, -0.92
Gyro: 106.16, 6.55, 5.73
Accel: 0.11, 0.05, -0.88
Gyro: 119.16, 4.27, 9.96
Accel: 0.10, -0.05, -0.85
Gyro: 128.46, 2.75, 21.01
Accel: 0.10, -0.19, -0.83
Gyro: 123.80, 3.18, 30.95
Accel: 0.08, -0.32, -0.83
Gyro: 114.96, 4.46, 38.33
Accel: 0.09, -0.37, -0.80
Gyro: 108.89, 6.02, 37.36
Accel: 0.10, -0.39, -0.69
Gyro: 110.51, -0.80, 39.21
Accel: 0.07, -0.51, -0.76
Gyro: 114.56, -3.37, 40.47
Accel: 0.08, -0.65, -0.69
Gyro: 118.51, 4.00, 28.88
Accel: 0.11, -0.77, -0.50
Gyro: 106.06, -14.15, 22.48
Accel: -0.05, -1.05, -0.81
Gyro: 63.08, -24.40, 24.88
Accel: -0.10, -1.06, -0.87
Gyro: 28.34, 3.66, 14.82
Accel: -0.03, -0.95, -0.67
Gyro: 4.94, 5.49, 9.41
Accel: 0.00, -0.82, -0.66
Gyro: -9.75, 6.21, 0.55
Accel: 0.01, -0.75, -0.67
Gyro: -10.35, -0.14, -4.93
Accel: 0.01, -0.71, -0.71
Gyro: -10.38, -0.05, -9.20
Accel: 0.03, -0.68, -0.70
Gyro: -8.42, 3.01, -12.29
Accel: 0.05, -0.79, -0.67
Gyro: -12.13, -1.52, -13.83
Accel: 0.04, -0.88, -0.70
Gyro: -32.65, -4.91, -18.68
Accel: 0.03, -0.84, -0.73
Gyro: -56.52, -2.98, -24.10
Accel: 0.01, -0.82, -0.77
Gyro: -81.14, 1.17, -30.27
Accel: 0.03, -0.69, -0.73
Gyro: -104.39, 1.86, -32.46
Accel: 0.04, -0.69, -0.72
Gyro: -127.75, -4.65, -31.34
Accel: 0.06, -0.52, -0.73
Gyro: -150.09, -7.24, -32.74
Accel: 0.04, -0.34, -0.81
Gyro: -153.75, -3.85, -29.11
Accel: 0.07, -0.21, -0.81
Gyro: -143.06, 2.48, -25.66
Accel: 0.08, -0.29, -0.80
Gyro: -135.51, -0.24, -30.17
Accel: 0.10, -0.15, -0.79
Gyro: -142.94, -3.72, -41.08
Accel: 0.11, 0.09, -0.78
Gyro: -127.48, -13.79, -38.79
Accel: 0.10, 0.18, -0.88
Gyro: -103.61, -19.66, -27.86
Accel: 0.08, 0.19, -0.98
Gyro: -85.17, -17.13, -22.57
Accel: 0.07, 0.26, -1.02
Gyro: -68.37, -10.56, -17.58
Accel: 0.06, 0.28, -1.00
Gyro: -46.20, -4.19, -12.62
Accel: 0.06, 0.27, -0.97
Gyro: -25.60, -1.91, -9.76
Accel: 0.07, 0.24, -0.96
Gyro: -11.05, -1.82, -7.24
Accel: 0.07, 0.22, -0.95
Gyro: -6.23, -2.56, -5.40
Accel: 0.07, 0.20, -0.95
Gyro: -3.46, -3.61, -3.03
Accel: 0.06, 0.18, -0.96
Gyro: -2.25, -3.56, -1.89
Accel: 0.06, 0.16, -0.97
Gyro: -0.18, -4.08, -1.53
Accel: 0.04, 0.17, -0.97
Gyro: 0.43, -3.88, -1.55
Accel: 0.03, 0.15, -0.96
Gyro: 2.69, -4.04, -0.06
Accel: 0.03, 0.12, -0.97
Gyro: 2.05, -2.80, -0.81
Accel: 0.06, 0.15, -0.97
Gyro: 3.96, -0.84, 0.95
Accel: 0.06, 0.13, -0.96
Gyro: 6.07, -1.78, 3.20
Accel: 0.05, 0.11, -0.96
Gyro: 5.52, -2.26, 4.62
Accel: 0.06, 0.10, -0.96
Gyro: 4.64, -1.98, 5.05
Accel: 0.06, 0.10, -0.95
Gyro: 3.10, -2.82, 4.65
Accel: 0.06, 0.10, -0.96
Gyro: 2.88, -4.16, 4.33
Accel: 0.05, 0.09, -0.96
Gyro: 3.54, -5.23, 5.06
Accel: 0.04, 0.09, -0.97
Gyro: 2.36, -5.89, 4.48
Accel: 0.04, 0.09, -0.96
Gyro: 2.23, -5.48, 4.96
Accel: 0.02, 0.07, -0.98
Gyro: 1.50, -3.83, 4.80
Accel: 0.03, 0.08, -0.98
Gyro: 0.76, -2.17, 3.94
Accel: 0.03, 0.07, -0.98
Gyro: 0.79, -1.33, 3.22
Accel: 0.03, 0.07, -0.98
Gyro: 0.09, -0.37, 1.98
Accel: 0.04, 0.08, -0.97
Gyro: 0.37, 0.74, 1.21
Accel: 0.04, 0.08, -0.97
Gyro: 1.63, 0.89, 1.95
Accel: 0.04, 0.06, -0.97
Gyro: 0.63, 1.02, 1.52
Accel: 0.05, 0.07, -0.97
Gyro: -0.31, 1.50, 0.84
Accel: 0.05, 0.07, -0.95
Gyro: 0.11, 1.02, 0.90
Accel: 0.06, 0.07, -0.96
Gyro: 0.28, 0.70, 0.80
Accel: 0.05, 0.07, -0.97
Gyro: 0.05, 0.08, 0.96
Accel: 0.05, 0.07, -0.96
Gyro: -0.50, -0.43, 0.73
Accel: 0.05, 0.06, -0.97
Gyro: -1.17, -0.75, 0.31
Accel: 0.05, 0.07, -0.96
Gyro: -1.95, -0.73, -0.02
Accel: 0.05, 0.07, -0.96
Gyro: -1.70, -1.22, -0.12
Accel: 0.06, 0.10, -0.95
Gyro: 0.48, -1.59, 0.34
Accel: 0.05, 0.08, -0.95
Gyro: 3.92, -2.59, 0.25
Accel: 0.05, 0.07, -0.97
Gyro: 4.30, -1.90, -0.51
Accel: 0.04, 0.07, -0.97
Gyro: 2.43, -0.62, -1.53
