Accel: -0.04, 0.04, -0.97
Gyro: -2.02, 1.37, 7.28
Accel: -0.04, 0.03, -0.97
Gyro: -2.83, 1.40, 6.87
Accel: -0.04, 0.03, -0.96
Gyro: -3.43, 1.50, 6.37
Accel: -0.04, 0.03, -0.99
Gyro: -4.26, 2.81, 4.84
Accel: -0.03, 0.03, -0.98
Gyro: -4.01, 3.63, 2.47
Accel: -0.01, 0.03, -0.97
Gyro: -3.07, 4.32, -0.13
Accel: 0.00, 0.05, -0.94
Gyro: -1.20, 3.92, -2.52
Accel: 0.02, 0.07, -0.94
Gyro: 1.47, 0.77, -1.63
Accel: 0.03, 0.07, -0.94
Gyro: 2.51, -3.28, 1.29
Accel: 0.03, 0.06, -0.94
Gyro: 1.65, -6.15, 4.33
Accel: 0.04, 0.05, -0.91
Gyro: 2.05, -10.21, 7.66
Accel: 0.00, 0.04, -0.92
Gyro: 3.24, -12.41, 9.67
Accel: -0.00, 0.02, -0.94
Gyro: 3.52, -10.41, 10.72
Accel: -0.00, 0.02, -0.92
Gyro: 4.60, -10.59, 10.03
Accel: -0.01, 0.02, -0.96
Gyro: 5.10, -11.54, 8.87
Accel: -0.03, 0.02, -0.96
Gyro: 5.23, -10.94, 7.71
Accel: -0.03, 0.00, -0.98
Gyro: 5.17, -9.91, 6.37
Accel: -0.04, 0.00, -1.01
Gyro: 5.45, -10.94, 5.38
Accel: -0.05, 0.00, -1.03
Gyro: 5.34, -10.86, 4.84
Accel: -0.07, -0.01, -1.05
Gyro: 4.84, -8.19, 4.78
Accel: -0.06, -0.01, -1.06
Gyro: 3.97, -2.40, 3.97
Accel: -0.04, -0.01, -1.02
Gyro: 5.67, 1.53, 4.08
Accel: -0.03, -0.04, -0.98
Gyro: 5.84, 2.11, 3.22
Accel: -0.03, -0.04, -0.98
Gyro: 4.00, 3.04, 1.45
Accel: -0.04, -0.01, -0.98
Gyro: 3.16, 4.43, 1.17
Accel: -0.03, 0.01, -0.97
Gyro: 4.00, 4.96, 2.94
Accel: -0.04, 0.03, -0.96
Gyro: 6.12, 5.14, 5.68
Accel: -0.04, 0.08, -0.95
Gyro: 10.04, 5.66, 9.19
Accel: -0.04, 0.13, -0.97
Gyro: 21.40, 6.52, 16.88
Accel: -0.02, 0.10, -0.95
Gyro: 34.93, 8.80, 24.30
Accel: -0.01, 0.07, -0.89
Gyro: 48.48, 5.60, 32.36
Accel: -0.02, 0.02, -0.91
Gyro: 58.50, 3.98, 38.93
Accel: -0.03, -0.01, -0.91
Gyro: 67.63, 4.54, 46.46
Accel: -0.04, -0.05, -0.86
Gyro: 80.25, 0.66, 54.87
Accel: -0.07, -0.08, -0.84
Gyro: 95.66, -2.44, 57.64
Accel: -0.08, -0.11, -0.77
Gyro: 114.09, -5.84, 60.55
Accel: -0.10, -0.24, -0.77
Gyro: 127.03, -10.98, 63.10
Accel: -0.12, -0.33, -0.75
Gyro: 127.36, -12.05, 59.61
Accel: -0.14, -0.46, -0.75
Gyro: 126.20, -10.94, 58.72
Accel: -0.14, -0.57, -0.76
Gyro: 114.19, -9.80, 50.74
Accel: -0.13, -0.58, -0.69
Gyro: 109.32, -10.97, 45.46
Accel: -0.13, -0.71, -0.61
Gyro: 106.95, -17.80, 40.47
Accel: -0.16, -0.85, -0.66
Gyro: 94.67, -25.51, 27.84
Accel: -0.21, -0.88, -0.67
Gyro: 79.80, -25.57, 17.06
Accel: -0.24, -0.91, -0.62
Gyro: 65.35, -24.81, 8.73
Accel: -0.27, -0.92, -0.58
Gyro: 51.08, -25.28, 4.90
Accel: -0.30, -0.96, -0.64
Gyro: 34.23, -21.89, -0.33
Accel: -0.32, -0.88, -0.63
Gyro: 20.47, -11.70, -2.42
Accel: -0.29, -0.85, -0.59
Gyro: 11.02, -4.71, -1.56
Accel: -0.27, -0.83, -0.56
Gyro: 3.75, -0.79, -3.14
Accel: -0.27, -0.84, -0.58
Gyro: 0.14, 0.53, -6.20
Accel: -0.27, -0.89, -0.59
Gyro: -7.48, 1.40, -11.18
Accel: -0.31, -0.95, -0.59
Gyro: -17.65, 1.76, -15.78
Accel: -0.38, -1.14, -0.75
Gyro: -42.34, 10.05, -26.67
Accel: -0.35, -0.96, -0.71
Gyro: -73.76, 31.33, -36.43
Accel: -0.21, -0.89, -0.56
Gyro: -86.91, 34.84, -40.15
Accel: -0.19, -0.95, -0.57
Gyro: -102.65, 27.47, -57.61
Accel: -0.16, -0.70, -0.60
Gyro: -114.85, 24.91, -68.54
Accel: -0.11, -0.60, -0.65
Gyro: -115.91, 22.77, -64.00
Accel: -0.07, -0.52, -0.66
Gyro: -119.13, 22.75, -59.89
Accel: -0.03, -0.46, -0.64
Gyro: -120.00, 16.70, -53.93
Accel: -0.01, -0.44, -0.70
Gyro: -117.88, 8.42, -50.70
Accel: 0.01, -0.36, -0.75
Gyro: -119.86, 3.74, -50.77
Accel: 0.02, -0.27, -0.80
Gyro: -108.47, -1.86, -46.38
Accel: 0.01, -0.29, -0.82
Gyro: -98.37, -6.10, -41.62
Accel: 0.01, -0.23, -0.89
Gyro: -103.19, -7.90, -46.22
Accel: -0.01, -0.05, -0.96
Gyro: -100.46, 0.41, -49.29
Accel: 0.01, 0.04, -0.92
Gyro: -83.16, 3.65, -44.72
Accel: 0.04, 0.05, -0.92
Gyro: -71.89, 2.82, -42.53
Accel: 0.02, 0.08, -0.92
Gyro: -68.95, 3.56, -42.08
Accel: 0.03, 0.16, -0.93
Gyro: -58.94, 3.68, -35.84
Accel: 0.05, 0.14, -0.93
Gyro: -47.42, 1.48, -28.77
Accel: 0.06, 0.15, -0.93
Gyro: -42.07, -1.14, -25.28
Accel: 0.08, 0.19, -0.96
Gyro: -34.77, -1.56, -20.28
Accel: 0.07, 0.21, -0.96
Gyro: -24.77, -2.37, -13.08
Accel: 0.07, 0.19, -0.95
Gyro: -16.44, -3.96, -6.19
Accel: 0.07, 0.16, -0.96
Gyro: -11.56, -4.74, -1.53
Accel: 0.06, 0.16, -0.98
Gyro: -7.22, -4.67, 1.66
Accel: 0.05, 0.14, -0.97
Gyro: -1.63, -4.61, 5.25
Accel: 0.05, 0.11, -0.95
Gyro: 1.85, -5.81, 7.13
Accel: 0.03, 0.08, -0.97
Gyro: 2.17, -7.65, 6.84
Accel: 0.03, 0.11, -0.99
Gyro: 0.11, -5.01, 7.69
Accel: 0.04, 0.11, -0.97
Gyro: 2.49, -4.07, 10.97
Accel: 0.04, 0.10, -0.96
Gyro: 3.91, -4.57, 12.68
Accel: 0.02, 0.07, -0.97
Gyro: 3.64, -3.57, 12.14
Accel: 0.03, 0.06, -0.97
Gyro: 4.14, -2.06, 10.73
Accel: 0.02, 0.06, -0.97
Gyro: 5.36, -1.46, 9.33
Accel: 0.03, 0.04, -0.95
Gyro: 6.23, -1.72, 7.28
Accel: 0.02, 0.03, -0.96
Gyro: 4.83, -1.70, 4.14
Accel: 0.03, 0.04, -0.97
Gyro: 3.64, -1.77, 2.85
Accel: 0.03, 0.05, -0.96
Gyro: 2.74, -2.46, 2.82
Accel: 0.02, 0.04, -0.97
Gyro: 1.39, -2.65, 3.11
Accel: 0.01, 0.03, -0.97
Gyro: -0.50, -1.87, 2.52
Accel: 0.01, 0.03, -0.97
Gyro: -1.66, -1.45, 1.21
Accel: 0.02, 0.04, -0.97
Gyro: -2.27, -1.08, -0.41
Accel: 0.02, 0.05, -0.97
Gyro: -1.94, -1.19, -1.34
Accel: 0.02, 0.05, -0.98
Gyro: -2.51, -0.67, -2.40
Accel: 0.02, 0.07, -0.98
Gyro: -1.91, -0.34, -2.13
Accel: 0.02, 0.06, -0.98
Gyro: -1.02, -0.43, -1.09
Accel: 0.02, 0.06, -0.97
Gyro: -1.79, -0.27, -0.76
Accel: 0.03, 0.06, -0.97
Gyro: -2.70, 0.27, -0.48
