Accel: 0.03, 0.05, -0.97
Gyro: -2.46, -0.29, -0.47
Accel: 0.03, 0.05, -0.95
Gyro: -2.24, -0.90, -0.53
Accel: 0.04, 0.05, -0.96
Gyro: -1.66, -1.21, -0.30
Accel: 0.03, 0.05, -0.98
Gyro: -1.23, -1.31, -0.18
Accel: 0.03, 0.05, -0.96
Gyro: -0.95, -0.42, 0.19
Accel: 0.03, 0.04, -0.96
Gyro: -0.99, -0.69, 0.59
Accel: 0.02, 0.04, -0.96
Gyro: -1.17, -0.88, 0.31
Accel: 0.02, 0.04, -0.97
Gyro: -1.19, -1.06, 0.25
Accel: 0.02, 0.05, -0.97
Gyro: -0.82, -0.98, 0.27
Accel: 0.03, 0.03, -0.97
Gyro: -1.07, -1.21, 0.22
Accel: 0.02, 0.04, -0.97
Gyro: -1.47, -1.36, -0.47
Accel: 0.02, 0.05, -0.97
Gyro: -0.08, -1.04, 0.48
Accel: 0.02, 0.03, -0.97
Gyro: -0.53, -1.05, 0.40
Accel: 0.02, 0.03, -0.97
Gyro: -1.58, -1.01, 0.42
Accel: 0.01, 0.03, -0.98
Gyro: -1.77, -0.27, 0.35
Accel: 0.02, 0.03, -0.97
Gyro: -2.01, 0.66, -0.23
Accel: 0.02, 0.04, -0.96
Gyro: -2.24, 0.31, -1.32
Accel: 0.02, 0.04, -0.97
Gyro: -1.91, -0.21, -1.69
Accel: 0.02, 0.04, -0.97
Gyro: -2.59, 0.28, -2.25
Accel: 0.03, 0.05, -0.97
Gyro: -1.57, 0.47, -1.69
Accel: 0.03, 0.04, -0.96
Gyro: -1.59, 0.35, -1.09
Accel: 0.03, 0.04, -0.97
Gyro: -2.50, 0.56, -1.43
Accel: 0.02, 0.05, -0.97
Gyro: -2.37, 0.15, -1.53
Accel: 0.03, 0.04, -0.97
Gyro: -1.90, 0.20, -1.40
Accel: 0.03, 0.05, -0.97
Gyro: -1.64, 0.51, -0.85
Accel: 0.03, 0.05, -0.96
Gyro: -1.17, 0.48, -0.53
Accel: 0.04, 0.05, -0.97
Gyro: 0.44, 0.65, -0.59
Accel: 0.03, 0.05, -0.96
Gyro: 1.91, 0.47, -1.23
Accel: 0.02, 0.05, -0.97
Gyro: 3.82, 0.63, -1.43
Accel: 0.03, 0.06, -0.97
Gyro: 7.16, 0.35, -2.01
Accel: 0.03, 0.05, -0.98
Gyro: 9.12, 0.31, -1.59
Accel: 0.02, 0.08, -0.99
Gyro: 9.47, 1.44, -0.25
Accel: 0.02, 0.11, -0.99
Gyro: 16.77, 3.86, 3.15
Accel: 0.02, 0.11, -0.99
Gyro: 29.43, 7.09, 1.89
Accel: 0.04, 0.17, -0.96
Gyro: 52.38, 7.32, -1.24
Accel: 0.04, 0.14, -0.95
Gyro: 75.55, 6.13, 1.16
Accel: 0.05, 0.05, -0.89
Gyro: 89.28, 4.84, 4.62
Accel: 0.06, -0.02, -0.87
Gyro: 96.31, 1.88, 9.33
Accel: 0.05, -0.10, -0.87
Gyro: 96.55, -0.66, 17.49
Accel: 0.05, -0.19, -0.92
Gyro: 92.58, 4.65, 26.26
Accel: 0.07, -0.17, -0.83
Gyro: 91.43, 8.04, 34.09
Accel: 0.05, -0.19, -0.77
Gyro: 101.49, 4.73, 43.06
Accel: 0.05, -0.25, -0.70
Gyro: 119.53, 1.06, 46.10
Accel: 0.05, -0.32, -0.65
Gyro: 133.98, -8.28, 48.01
Accel: 0.02, -0.45, -0.62
Gyro: 140.64, -15.50, 45.40
Accel: -0.00, -0.55, -0.57
Gyro: 145.98, -23.57, 44.08
Accel: -0.07, -0.71, -0.52
Gyro: 145.57, -27.36, 41.48
Accel: -0.14, -0.85, -0.49
Gyro: 139.81, -32.79, 43.38
Accel: -0.21, -1.15, -0.55
Gyro: 115.56, -31.99, 40.59
Accel: -0.29, -1.25, -0.66
Gyro: 72.40, -18.25, 33.04
Accel: -0.27, -1.20, -0.59
Gyro: 32.53, -3.04, 27.87
Accel: -0.24, -1.06, -0.53
Gyro: 8.21, 1.70, 21.06
Accel: -0.22, -1.00, -0.54
Gyro: -3.12, 3.41, 10.90
Accel: -0.20, -0.88, -0.52
Gyro: -5.11, 6.00, 1.18
Accel: -0.19, -0.84, -0.53
Gyro: -4.47, 7.51, 0.21
Accel: -0.14, -0.85, -0.52
Gyro: -5.20, 9.82, -5.57
Accel: -0.13, -0.86, -0.51
Gyro: -6.96, 7.47, -10.34
Accel: -0.12, -0.89, -0.50
Gyro: -9.44, 5.09, -14.20
Accel: -0.14, -0.97, -0.55
Gyro: -17.88, 3.65, -20.47
Accel: -0.18, -0.99, -0.61
Gyro: -31.54, 8.14, -25.28
Accel: -0.19, -0.96, -0.66
Gyro: -56.44, 20.85, -20.71
Accel: -0.15, -0.93, -0.63
Gyro: -83.93, 34.69, -14.92
Accel: -0.11, -0.95, -0.56
Gyro: -96.25, 34.65, -20.37
Accel: -0.08, -0.95, -0.58
Gyro: -106.48, 32.19, -34.74
Accel: -0.05, -0.89, -0.58
Gyro: -126.92, 27.75, -49.35
Accel: -0.02, -0.75, -0.54
Gyro: -142.72, 17.71, -54.48
Accel: -0.00, -0.60, -0.63
Gyro: -153.62, 12.89, -55.10
Accel: 0.04, -0.43, -0.61
Gyro: -153.06, 7.60, -52.06
Accel: 0.05, -0.39, -0.71
Gyro: -152.46, 3.21, -51.78
Accel: 0.06, -0.24, -0.71
Gyro: -148.34, -1.30, -51.11
Accel: 0.10, -0.13, -0.75
Gyro: -139.21, -7.68, -45.24
Accel: 0.09, -0.07, -0.82
Gyro: -133.83, -12.47, -39.73
Accel: 0.08, 0.02, -0.84
Gyro: -123.43, -16.15, -38.18
Accel: 0.07, 0.11, -0.88
Gyro: -108.61, -19.06, -36.19
Accel: 0.04, 0.19, -0.97
Gyro: -86.75, -17.90, -33.58
Accel: 0.01, 0.23, -1.03
Gyro: -63.59, -8.99, -31.73
Accel: 0.03, 0.24, -0.99
Gyro: -41.07, -2.46, -29.53
Accel: 0.04, 0.24, -0.96
Gyro: -26.17, -1.56, -27.48
Accel: 0.04, 0.24, -0.95
Gyro: -16.62, -3.46, -23.16
Accel: 0.03, 0.25, -0.98
Gyro: -9.34, -3.01, -16.73
Accel: 0.04, 0.22, -0.98
Gyro: -5.07, -2.23, -10.41
Accel: 0.04, 0.21, -0.99
Gyro: -2.11, -0.16, -5.33
Accel: 0.02, 0.20, -1.01
Gyro: 2.85, 4.33, -0.18
Accel: 0.05, 0.14, -0.96
Gyro: 6.53, 7.57, 2.26
Accel: 0.05, 0.12, -0.93
Gyro: 6.17, 6.93, 2.01
Accel: 0.06, 0.09, -0.93
Gyro: 5.91, 3.56, 1.48
Accel: 0.05, 0.08, -0.95
Gyro: 5.64, 0.32, 0.19
Accel: 0.06, 0.11, -0.95
Gyro: 4.49, -1.21, -0.48
Accel: 0.06, 0.10, -0.95
Gyro: 4.48, -2.92, 2.14
Accel: 0.05, 0.07, -0.96
Gyro: 1.63, -4.20, 2.83
Accel: 0.04, 0.08, -0.97
Gyro: -2.82, -4.06, 2.66
Accel: 0.04, 0.09, -0.96
Gyro: -2.27, -4.18, 2.88
Accel: 0.04, 0.09, -0.98
Gyro: -0.35, -3.77, 2.85
Accel: 0.03, 0.08, -0.98
Gyro: 1.18, -2.81, 1.84
Accel: 0.04, 0.09, -0.99
Gyro: 3.36, -0.98, 1.59
Accel: 0.03, 0.10, -1.03
Gyro: 6.33, 4.24, 3.65
Accel: 0.04, 0.06, -0.96
Gyro: 8.42, 7.55, 6.11
Accel: 0.05, 0.02, -0.93
Gyro: 5.52, 4.52, 4.68
Accel: 0.05, 0.02, -0.95
Gyro: 2.72, 0.77, 1.85
Accel: 0.05, 0.02, -0.96
Gyro: 1.50, -0.27, -0.18
Accel: 0.05, 0.03, -0.95
Gyro: -0.50, -1.16, -1.95
