Accel: 0.04, 0.05, -0.96
Gyro: -1.98, 0.22, -1.34
Accel: 0.04, 0.06, -0.97
Gyro: -1.53, -0.11, -1.11
Accel: 0.04, 0.05, -0.97
Gyro: -1.48, 0.63, -0.81
Accel: 0.04, 0.06, -0.97
Gyro: -1.49, 0.91, -0.85
Accel: 0.04, 0.05, -0.96
Gyro: -0.89, 0.56, -0.18
Accel: 0.05, 0.05, -0.96
Gyro: -0.87, 0.09, -0.24
Accel: 0.03, 0.05, -0.97
Gyro: -1.24, -0.09, -0.36
Accel: 0.04, 0.04, -0.96
Gyro: -1.29, -0.37, -0.83
Accel: 0.04, 0.05, -0.97
Gyro: -1.50, -0.64, -1.01
Accel: 0.04, 0.05, -0.96
Gyro: -1.59, -0.68, -1.02
Accel: 0.04, 0.05, -0.97
Gyro: -1.30, -0.50, -0.77
Accel: 0.04, 0.05, -0.97
Gyro: -2.15, 0.10, -1.07
Accel: 0.05, 0.07, -0.97
Gyro: -0.19, 0.11, 0.05
Accel: 0.04, 0.04, -0.96
Gyro: -0.52, -0.34, 0.33
Accel: 0.03, 0.05, -0.97
Gyro: -1.01, -0.40, -0.19
Accel: 0.04, 0.05, -0.97
Gyro: -1.12, -0.36, -0.05
Accel: 0.04, 0.03, -0.97
Gyro: -1.58, 0.35, -0.50
Accel: 0.04, 0.05, -0.97
Gyro: -1.97, 0.39, -0.65
Accel: 0.05, 0.05, -0.96
Gyro: -0.58, -0.60, -0.24
Accel: 0.04, 0.05, -0.98
Gyro: -0.37, -0.62, 0.24
Accel: 0.04, 0.09, -0.97
Gyro: 0.93, 0.02, 1.71
Accel: 0.04, 0.12, -0.98
Gyro: 5.63, 0.66, 6.50
Accel: 0.03, 0.17, -0.99
Gyro: 13.82, 2.17, 10.66
Accel: 0.04, 0.17, -0.98
Gyro: 27.86, 4.81, 14.81
Accel: 0.04, 0.16, -0.96
Gyro: 39.85, 6.03, 17.43
Accel: 0.04, 0.16, -0.98
Gyro: 48.74, 7.48, 23.11
Accel: 0.04, 0.13, -0.98
Gyro: 52.57, 12.52, 32.90
Accel: 0.06, 0.14, -0.92
Gyro: 59.27, 13.13, 46.14
Accel: 0.07, 0.08, -0.88
Gyro: 71.17, 11.59, 58.00
Accel: 0.09, 0.00, -0.83
Gyro: 85.08, 5.84, 62.00
Accel: 0.06, -0.00, -0.78
Gyro: 104.13, -3.20, 67.92
Accel: 0.03, -0.16, -0.80
Gyro: 119.26, -7.51, 73.62
Accel: 0.02, -0.31, -0.76
Gyro: 126.63, -9.54, 71.09
Accel: -0.00, -0.43, -0.72
Gyro: 127.75, -12.71, 64.41
Accel: -0.04, -0.56, -0.71
Gyro: 123.37, -17.46, 57.86
Accel: -0.04, -0.65, -0.66
Gyro: 119.41, -21.99, 49.48
Accel: -0.08, -0.77, -0.67
Gyro: 113.23, -25.35, 42.59
Accel: -0.11, -0.90, -0.71
Gyro: 95.28, -22.59, 31.79
Accel: -0.10, -0.87, -0.58
Gyro: 75.42, -23.45, 23.50
Accel: -0.13, -0.92, -0.60
Gyro: 64.02, -29.34, 15.37
Accel: -0.15, -0.98, -0.63
Gyro: 50.45, -28.05, 1.37
Accel: -0.16, -0.87, -0.58
Gyro: 43.88, -24.87, -11.93
Accel: -0.18, -0.86, -0.64
Gyro: 36.80, -27.10, -9.74
Accel: -0.21, -0.91, -0.68
Gyro: 20.89, -16.55, -11.44
Accel: -0.20, -0.81, -0.59
Gyro: 14.85, -10.98, -11.92
Accel: -0.20, -0.86, -0.61
Gyro: 5.47, -9.50, -10.32
Accel: -0.20, -0.85, -0.59
Gyro: -0.08, -4.40, -14.46
Accel: -0.19, -0.79, -0.59
Gyro: -3.78, -5.49, -12.90
Accel: -0.19, -0.79, -0.64
Gyro: -11.43, 0.85, -7.66
Accel: -0.15, -0.85, -0.57
Gyro: -14.01, 6.16, -10.83
Accel: -0.14, -0.93, -0.55
Gyro: -21.68, 0.69, -15.54
Accel: -0.17, -0.93, -0.61
Gyro: -38.26, -1.12, -20.50
Accel: -0.19, -1.01, -0.65
Gyro: -53.44, 4.68, -26.86
Accel: -0.20, -1.07, -0.61
Gyro: -78.42, 11.08, -42.05
Accel: -0.15, -0.88, -0.61
Gyro: -100.96, 9.27, -47.03
Accel: -0.12, -0.80, -0.64
Gyro: -122.44, 7.73, -44.65
Accel: -0.10, -0.70, -0.68
Gyro: -141.78, 11.50, -44.63
Accel: -0.07, -0.52, -0.70
Gyro: -148.82, 15.10, -39.63
Accel: -0.02, -0.40, -0.73
Gyro: -143.34, 20.16, -33.28
Accel: 0.01, -0.45, -0.74
Gyro: -139.45, 19.07, -32.39
Accel: 0.04, -0.28, -0.77
Gyro: -137.55, 16.51, -36.57
Accel: 0.06, -0.16, -0.80
Gyro: -129.98, 14.97, -35.61
Accel: 0.10, -0.10, -0.79
Gyro: -115.71, 9.27, -33.59
Accel: 0.11, -0.02, -0.81
Gyro: -102.71, 1.04, -38.15
Accel: 0.09, 0.09, -0.88
Gyro: -86.21, -4.33, -39.31
Accel: 0.08, 0.13, -0.94
Gyro: -69.02, -5.61, -35.32
Accel: 0.08, 0.13, -0.95
Gyro: -55.73, -4.36, -32.26
Accel: 0.08, 0.17, -0.96
Gyro: -43.47, -4.01, -28.45
Accel: 0.08, 0.16, -0.96
Gyro: -32.09, -4.83, -24.09
Accel: 0.07, 0.13, -0.97
Gyro: -27.05, -4.10, -22.77
Accel: 0.08, 0.11, -0.95
Gyro: -24.06, -4.96, -22.52
Accel: 0.06, 0.16, -0.96
Gyro: -20.91, -6.90, -20.94
Accel: 0.04, 0.11, -1.01
Gyro: -17.44, -4.72, -18.14
Accel: 0.04, 0.14, -0.99
Gyro: -17.55, 0.53, -18.51
Accel: 0.06, 0.19, -0.96
Gyro: -12.63, 1.32, -14.48
Accel: 0.07, 0.16, -0.94
Gyro: -9.18, -0.71, -9.73
Accel: 0.06, 0.14, -0.94
Gyro: -8.91, -2.90, -7.45
Accel: 0.06, 0.15, -0.98
Gyro: -7.74, -3.61, -5.74
Accel: 0.05, 0.13, -0.97
Gyro: -6.38, -1.56, -4.30
Accel: 0.04, 0.12, -0.96
Gyro: -5.61, -0.96, -4.53
Accel: 0.05, 0.14, -0.94
Gyro: -3.93, -2.59, -4.75
Accel: 0.04, 0.15, -0.93
Gyro: -1.21, -6.69, -3.31
Accel: 0.03, 0.14, -0.95
Gyro: 1.14, -10.06, -1.26
Accel: 0.01, 0.14, -0.98
Gyro: 1.84, -9.06, 1.08
Accel: 0.01, 0.13, -0.99
Gyro: 3.07, -6.36, 4.29
Accel: 0.01, 0.12, -0.99
Gyro: 4.33, -3.95, 6.71
Accel: 0.02, 0.11, -0.97
Gyro: 5.59, -3.62, 8.61
Accel: 0.03, 0.10, -0.96
Gyro: 7.40, -4.63, 9.45
Accel: 0.04, 0.09, -0.96
Gyro: 9.34, -5.23, 10.19
Accel: 0.02, 0.04, -0.98
Gyro: 7.18, -4.26, 9.67
Accel: 0.02, 0.04, -0.97
Gyro: 2.01, -3.29, 7.39
Accel: 0.01, 0.05, -0.96
Gyro: 1.85, -3.23, 5.81
Accel: 0.01, 0.04, -0.99
Gyro: 2.08, -1.37, 3.30
Accel: 0.01, 0.04, -0.99
Gyro: 1.60, 1.17, 1.05
Accel: 0.03, 0.06, -0.97
Gyro: 0.66, 2.50, 0.10
Accel: 0.02, 0.06, -0.97
Gyro: 0.14, 2.14, 0.44
Accel: 0.03, 0.06, -0.96
Gyro: -0.72, 0.90, 0.61
Accel: 0.02, 0.06, -0.98
Gyro: -1.74, 1.26, 0.22
Accel: 0.03, 0.06, -0.97
Gyro: -1.86, 1.74, -0.34
Accel: 0.03, 0.06, -0.96
Gyro: -2.58, 1.62, -1.40
Accel: 0.04, 0.07, -0.97
Gyro: -3.14, 0.88, -2.60
