Accel: 0.04, 0.11, -0.95
Gyro: -1.85, 0.34, -1.90
Accel: 0.05, 0.12, -0.96
Gyro: -3.34, -0.17, -2.26
Accel: 0.04, 0.13, -0.96
Gyro: -2.26, 0.12, -1.27
Accel: 0.05, 0.12, -0.96
Gyro: -1.93, 0.42, -1.08
Accel: 0.05, 0.12, -0.96
Gyro: -1.88, -0.06, -0.89
Accel: 0.04, 0.12, -0.98
Gyro: -1.38, -0.04, -0.61
Accel: 0.04, 0.12, -0.97
Gyro: -1.84, 1.19, -0.72
Accel: 0.05, 0.13, -0.96
Gyro: -0.78, 1.20, -0.27
Accel: 0.05, 0.12, -0.96
Gyro: -0.99, 1.21, -0.49
Accel: 0.05, 0.12, -0.96
Gyro: -1.42, 1.39, -0.66
Accel: 0.06, 0.12, -0.97
Gyro: -1.11, 1.82, -0.12
Accel: 0.06, 0.12, -0.96
Gyro: -1.34, 1.54, -0.13
Accel: 0.07, 0.13, -0.95
Gyro: -1.13, 1.44, -0.31
Accel: 0.06, 0.14, -0.97
Gyro: -0.28, 0.92, 0.22
Accel: 0.06, 0.13, -0.96
Gyro: 0.30, 0.77, 0.62
Accel: 0.06, 0.12, -0.95
Gyro: 0.63, 0.78, 0.94
Accel: 0.06, 0.12, -0.95
Gyro: 0.34, 0.89, 0.73
Accel: 0.06, 0.12, -0.96
Gyro: 0.57, 0.37, 0.60
Accel: 0.06, 0.12, -0.97
Gyro: 0.60, 0.18, 0.90
Accel: 0.06, 0.13, -0.96
Gyro: 1.34, 0.41, 1.57
Accel: 0.06, 0.15, -0.96
Gyro: 1.81, 0.35, 2.46
Accel: 0.07, 0.22, -0.97
Gyro: 7.41, 0.71, 6.39
Accel: 0.05, 0.27, -0.99
Gyro: 18.43, 1.27, 12.94
Accel: 0.05, 0.25, -1.00
Gyro: 42.55, 6.16, 13.94
Accel: 0.09, 0.16, -0.91
Gyro: 65.89, 3.49, 4.44
Accel: 0.09, 0.16, -0.92
Gyro: 79.26, 0.23, -0.02
Accel: 0.09, 0.10, -0.93
Gyro: 87.10, -0.49, 5.52
Accel: 0.08, 0.08, -0.92
Gyro: 93.54, -0.88, 12.17
Accel: 0.08, 0.01, -0.89
Gyro: 101.35, -1.33, 21.12
Accel: 0.07, -0.04, -0.86
Gyro: 106.12, -2.31, 30.14
Accel: 0.06, -0.10, -0.86
Gyro: 112.98, -1.72, 41.65
Accel: 0.03, -0.20, -0.83
Gyro: 118.80, -2.49, 52.16
Accel: 0.04, -0.34, -0.80
Gyro: 118.79, 0.21, 50.40
Accel: 0.03, -0.47, -0.73
Gyro: 119.98, -3.36, 43.11
Accel: 0.02, -0.58, -0.70
Gyro: 116.75, -10.95, 35.41
Accel: -0.03, -0.71, -0.77
Gyro: 100.76, -12.59, 32.19
Accel: -0.04, -0.76, -0.77
Gyro: 80.22, -6.05, 29.82
Accel: -0.03, -0.80, -0.67
Gyro: 65.35, -4.33, 27.15
Accel: -0.04, -0.88, -0.66
Gyro: 49.72, -8.94, 21.33
Accel: -0.04, -0.92, -0.70
Gyro: 33.75, -9.43, 7.44
Accel: -0.04, -0.90, -0.63
Gyro: 27.92, -11.32, -10.39
Accel: -0.10, -0.86, -0.70
Gyro: 6.00, -15.40, -12.75
Accel: -0.13, -0.82, -0.73
Gyro: -11.42, -4.21, -7.84
Accel: -0.10, -0.85, -0.68
Gyro: -22.30, 2.19, -8.01
Accel: -0.09, -0.90, -0.66
Gyro: -36.27, 1.22, -15.42
Accel: -0.10, -0.92, -0.68
Gyro: -50.32, 0.21, -25.96
Accel: -0.09, -0.91, -0.70
Gyro: -67.23, 4.36, -36.90
Accel: -0.06, -0.83, -0.66
Gyro: -86.57, 4.94, -46.31
Accel: -0.04, -0.69, -0.68
Gyro: -104.42, 2.15, -44.22
Accel: -0.02, -0.59, -0.70
Gyro: -126.59, -0.50, -36.86
Accel: -0.01, -0.52, -0.77
Gyro: -142.11, 2.47, -30.84
Accel: 0.01, -0.36, -0.81
Gyro: -149.84, 8.26, -28.24
Accel: 0.05, -0.24, -0.76
Gyro: -144.00, 5.57, -21.46
Accel: 0.05, -0.14, -0.82
Gyro: -137.96, 2.98, -18.23
Accel: 0.07, -0.04, -0.84
Gyro: -127.75, 0.47, -17.63
Accel: 0.08, -0.01, -0.85
Gyro: -115.06, -3.30, -19.14
Accel: 0.06, 0.07, -0.98
Gyro: -114.51, 1.17, -20.94
Accel: 0.08, 0.27, -0.89
Gyro: -101.17, 3.36, -18.17
Accel: 0.07, 0.34, -0.94
Gyro: -62.28, -0.72, -9.72
Accel: 0.06, 0.24, -0.99
Gyro: -41.94, 2.33, -9.30
Accel: 0.08, 0.23, -0.95
Gyro: -32.82, 3.97, -14.25
Accel: 0.08, 0.28, -0.96
Gyro: -21.86, 2.51, -14.56
Accel: 0.09, 0.26, -0.94
Gyro: -12.16, 1.52, -11.72
Accel: 0.08, 0.22, -0.95
Gyro: -8.12, 1.30, -11.07
Accel: 0.09, 0.21, -0.94
Gyro: -6.81, 0.07, -11.32
Accel: 0.08, 0.20, -0.93
Gyro: -4.04, -1.77, -10.00
Accel: 0.08, 0.17, -0.94
Gyro: -3.84, -3.69, -10.07
Accel: 0.08, 0.18, -0.94
Gyro: -2.26, -4.88, -8.80
Accel: 0.05, 0.15, -0.95
Gyro: -2.41, -6.29, -7.64
Accel: 0.04, 0.15, -0.96
Gyro: -2.78, -6.50, -8.03
Accel: 0.04, 0.16, -0.96
Gyro: -1.70, -5.56, -7.23
Accel: 0.04, 0.16, -0.96
Gyro: 0.98, -5.00, -4.89
Accel: 0.04, 0.16, -0.96
Gyro: 1.65, -5.11, -2.95
Accel: 0.04, 0.15, -0.97
Gyro: 1.51, -5.34, -1.24
Accel: 0.03, 0.15, -0.97
Gyro: 1.77, -5.18, 0.14
Accel: 0.03, 0.15, -0.96
Gyro: 2.66, -4.33, 0.98
Accel: 0.03, 0.14, -0.97
Gyro: 4.34, -3.72, 2.85
Accel: 0.03, 0.13, -0.97
Gyro: 4.81, -2.74, 3.73
Accel: 0.03, 0.13, -0.96
Gyro: 5.22, -2.24, 5.33
Accel: 0.03, 0.11, -0.96
Gyro: 5.15, -2.19, 6.36
Accel: 0.03, 0.09, -0.96
Gyro: 4.28, -1.69, 5.71
Accel: 0.03, 0.09, -0.96
Gyro: 3.67, -1.55, 4.37
Accel: 0.03, 0.09, -0.97
Gyro: 2.83, -1.35, 3.04
Accel: 0.03, 0.10, -0.97
Gyro: 2.04, -0.65, 1.76
Accel: 0.04, 0.10, -0.96
Gyro: 1.19, -0.21, 1.35
Accel: 0.04, 0.11, -0.96
Gyro: 0.66, -0.64, 0.92
Accel: 0.04, 0.12, -0.97
Gyro: 0.22, -0.89, 0.81
Accel: 0.04, 0.11, -0.96
Gyro: 0.24, -0.40, 1.02
Accel: 0.04, 0.10, -0.97
Gyro: -0.60, -0.35, 0.45
Accel: 0.04, 0.11, -0.98
Gyro: -1.37, -0.14, -0.70
Accel: 0.04, 0.11, -0.97
Gyro: -0.18, -0.30, -0.47
Accel: 0.04, 0.11, -0.96
Gyro: -0.68, -0.85, -1.10
Accel: 0.04, 0.11, -0.96
Gyro: -0.22, -0.80, -0.82
Accel: 0.04, 0.11, -0.96
Gyro: 0.53, -0.53, 0.27
Accel: 0.04, 0.10, -0.97
Gyro: 0.72, -0.79, 0.89
Accel: 0.04, 0.09, -0.97
Gyro: 0.98, -1.03, 0.91
Accel: 0.04, 0.09, -0.97
Gyro: 1.64, -0.75, 1.06
Accel: 0.03, 0.10, -0.97
Gyro: 1.44, -0.23, 1.34
Accel: 0.03, 0.09, -0.97
Gyro: 2.37, -0.27, 2.34
Accel: 0.03, 0.08, -0.97
Gyro: 1.75, 0.23, 2.70
Accel: 0.04, 0.07, -0.96
Gyro: 0.95, 0.60, 2.37
