Accel: 0.02, 0.11, -0.97
Gyro: 1.17, -1.71, 1.96
Accel: 0.01, 0.11, -0.97
Gyro: 1.13, -1.07, 1.86
Accel: 0.03, 0.10, -0.99
Gyro: 1.17, -1.04, 1.75
Accel: 0.02, 0.11, -0.97
Gyro: 1.83, -0.46, 1.75
Accel: 0.02, 0.09, -0.98
Gyro: 1.43, -0.42, 0.94
Accel: 0.01, 0.11, -0.99
Gyro: 1.64, -0.34, 0.45
Accel: 0.02, 0.10, -0.97
Gyro: 3.30, -0.32, 1.20
Accel: 0.01, 0.07, -0.98
Gyro: 0.55, -0.34, -1.51
Accel: 0.00, 0.09, -0.98
Gyro: -0.25, 1.01, -4.32
Accel: 0.01, 0.11, -0.98
Gyro: 2.83, 1.92, -4.62
Accel: 0.02, 0.10, -0.97
Gyro: 4.74, 1.83, -3.98
Accel: 0.01, 0.10, -0.97
Gyro: 4.05, 1.42, -2.46
Accel: 0.02, 0.10, -0.97
Gyro: 2.86, 0.87, -0.25
Accel: 0.02, 0.10, -0.97
Gyro: 1.62, 0.59, 1.63
Accel: 0.02, 0.09, -0.98
Gyro: 1.58, 1.30, 4.07
Accel: 0.03, 0.07, -0.97
Gyro: 1.48, 1.38, 4.20
Accel: 0.03, 0.06, -0.97
Gyro: 0.50, 1.75, 3.33
Accel: 0.03, 0.06, -0.98
Gyro: 0.37, 1.69, 2.16
Accel: 0.04, 0.07, -0.97
Gyro: 0.27, 1.80, 1.06
Accel: 0.04, 0.07, -0.97
Gyro: 0.30, 2.05, 0.69
Accel: 0.04, 0.07, -0.98
Gyro: -0.01, 2.11, 0.45
Accel: 0.04, 0.07, -0.97
Gyro: 0.21, 1.94, 0.60
Accel: 0.05, 0.07, -0.96
Gyro: 0.09, 1.75, 0.72
Accel: 0.05, 0.07, -0.97
Gyro: -0.40, 1.10, 0.37
Accel: 0.04, 0.07, -0.96
Gyro: 0.11, 0.73, 0.34
Accel: 0.04, 0.08, -0.98
Gyro: 1.04, 0.63, 1.05
Accel: 0.03, 0.09, -0.98
Gyro: 2.23, 0.39, 2.76
Accel: 0.04, 0.08, -0.97
Gyro: 4.16, 0.50, 4.99
Accel: 0.03, 0.08, -0.99
Gyro: 4.30, 0.59, 6.02
Accel: 0.02, 0.12, -1.00
Gyro: 7.56, 1.51, 7.16
Accel: 0.02, 0.09, -0.99
Gyro: 12.04, 3.33, 9.82
Accel: 0.02, 0.09, -0.98
Gyro: 14.26, 4.17, 11.32
Accel: 0.02, 0.08, -0.98
Gyro: 15.35, 6.73, 12.68
Accel: 0.01, 0.07, -1.01
Gyro: 17.78, 9.36, 13.64
Accel: 0.03, 0.06, -0.97
Gyro: 17.62, 11.73, 12.64
Accel: 0.03, 0.11, -1.00
Gyro: 20.56, 12.56, 12.54
Accel: 0.02, 0.16, -1.03
Gyro: 35.63, 17.36, 16.48
Accel: 0.04, 0.15, -1.00
Gyro: 56.31, 25.33, 19.01
Accel: 0.07, 0.09, -0.96
Gyro: 75.40, 28.14, 20.90
Accel: 0.10, 0.03, -0.93
Gyro: 86.95, 30.16, 21.48
Accel: 0.13, -0.03, -0.89
Gyro: 100.64, 30.14, 19.00
Accel: 0.15, -0.06, -0.86
Gyro: 109.18, 30.33, 21.44
Accel: 0.15, -0.15, -0.81
Gyro: 118.03, 27.53, 24.38
Accel: 0.15, -0.24, -0.79
Gyro: 123.72, 23.93, 28.23
Accel: 0.17, -0.40, -0.76
Gyro: 117.85, 22.09, 30.46
Accel: 0.19, -0.49, -0.72
Gyro: 106.89, 15.13, 30.70
Accel: 0.17, -0.56, -0.75
Gyro: 97.87, 10.99, 33.16
Accel: 0.18, -0.63, -0.74
Gyro: 89.23, 14.37, 31.72
Accel: 0.20, -0.72, -0.61
Gyro: 88.02, 15.69, 23.04
Accel: 0.19, -0.69, -0.48
Gyro: 89.61, -4.65, 18.32
Accel: 0.19, -0.84, -0.56
Gyro: 76.75, -16.66, 13.63
Accel: 0.16, -0.86, -0.63
Gyro: 67.75, -12.42, 9.70
Accel: 0.18, -0.84, -0.51
Gyro: 60.78, -14.44, 8.93
Accel: 0.12, -0.88, -0.53
Gyro: 55.11, -21.72, 12.47
Accel: 0.09, -0.98, -0.57
Gyro: 41.34, -20.35, 12.05
Accel: 0.04, -0.98, -0.55
Gyro: 24.28, -20.39, 13.13
Accel: -0.01, -1.04, -0.62
Gyro: 0.60, -13.37, 13.38
Accel: -0.01, -1.00, -0.60
Gyro: -10.79, -1.91, 6.39
Accel: 0.02, -0.97, -0.56
Gyro: -18.88, 0.42, -1.21
Accel: 0.02, -0.90, -0.58
Gyro: -30.98, 2.62, -1.08
Accel: 0.03, -0.97, -0.59
Gyro: -43.01, 5.55, -3.48
Accel: 0.03, -0.99, -0.60
Gyro: -53.72, 9.16, -14.31
Accel: 0.08, -0.95, -0.57
Gyro: -62.77, 5.23, -24.77
Accel: 0.08, -0.89, -0.57
Gyro: -80.68, -0.76, -31.71
Accel: 0.08, -0.84, -0.64
Gyro: -97.79, -2.04, -36.46
Accel: 0.11, -0.71, -0.65
Gyro: -109.09, -1.22, -40.99
Accel: 0.11, -0.61, -0.67
Gyro: -116.53, -3.54, -38.84
Accel: 0.13, -0.47, -0.71
Gyro: -119.89, -6.86, -27.31
Accel: 0.13, -0.42, -0.78
Gyro: -119.62, -4.75, -20.96
Accel: 0.15, -0.32, -0.78
Gyro: -111.28, -4.84, -18.65
Accel: 0.15, -0.24, -0.84
Gyro: -100.95, -5.31, -11.95
Accel: 0.15, -0.17, -0.88
Gyro: -94.02, -1.08, -3.52
Accel: 0.17, -0.17, -0.91
Gyro: -87.30, 2.56, 3.39
Accel: 0.18, -0.19, -0.89
Gyro: -82.76, 1.92, 3.14
Accel: 0.18, -0.22, -0.90
Gyro: -88.28, 1.44, -2.64
Accel: 0.17, -0.20, -0.90
Gyro: -101.41, 1.67, -13.46
Accel: 0.20, 0.09, -0.84
Gyro: -103.53, -5.15, -17.49
Accel: 0.18, 0.21, -0.91
Gyro: -68.50, -12.54, -3.75
Accel: 0.15, 0.07, -1.00
Gyro: -54.76, -8.05, -6.00
Accel: 0.15, 0.09, -0.93
Gyro: -42.24, -7.89, -12.83
Accel: 0.14, 0.13, -0.95
Gyro: -28.76, -10.35, -19.51
Accel: 0.13, 0.13, -0.97
Gyro: -16.36, -11.43, -22.95
Accel: 0.13, 0.13, -0.96
Gyro: -12.50, -12.54, -24.70
Accel: 0.12, 0.14, -0.97
Gyro: -11.51, -14.08, -23.02
Accel: 0.10, 0.15, -0.97
Gyro: -11.26, -14.17, -19.73
Accel: 0.09, 0.13, -0.97
Gyro: -8.74, -13.82, -16.52
Accel: 0.09, 0.10, -0.97
Gyro: -8.36, -13.73, -16.20
Accel: 0.07, 0.14, -0.98
Gyro: -6.30, -12.86, -14.69
Accel: 0.07, 0.12, -0.99
Gyro: -1.10, -10.93, -12.08
Accel: 0.07, 0.10, -0.98
Gyro: -1.59, -9.77, -11.06
Accel: 0.06, 0.11, -0.98
Gyro: -2.83, -9.10, -10.18
Accel: 0.07, 0.11, -0.98
Gyro: -0.57, -9.03, -8.77
Accel: 0.06, 0.09, -0.98
Gyro: 1.34, -9.28, -7.33
Accel: 0.05, 0.07, -0.98
Gyro: -0.47, -7.94, -7.42
Accel: 0.06, 0.07, -0.98
Gyro: -2.37, -6.55, -7.16
Accel: 0.05, 0.09, -0.97
Gyro: -1.21, -7.01, -6.53
Accel: 0.05, 0.08, -0.97
Gyro: 0.36, -8.27, -6.32
Accel: 0.04, 0.06, -0.98
Gyro: -0.96, -7.51, -6.88
Accel: 0.03, 0.07, -0.99
Gyro: -2.10, -5.94, -7.34
Accel: 0.02, 0.08, -0.98
Gyro: -1.93, -5.55, -7.87
Accel: 0.04, 0.08, -0.98
Gyro: 0.31, -5.67, -7.09
