Accel: -0.12, -0.11, -0.95
Gyro: -0.89, 0.42, 3.19
Accel: -0.12, -0.11, -0.96
Gyro: -1.69, -0.02, 3.21
Accel: -0.11, -0.11, -0.96
Gyro: -2.59, -0.26, 3.16
Accel: -0.12, -0.11, -0.96
Gyro: -3.26, -0.48, 2.86
Accel: -0.13, -0.11, -0.96
Gyro: -3.95, -0.72, 2.63
Accel: -0.12, -0.11, -0.97
Gyro: -3.91, -0.72, 2.43
Accel: -0.13, -0.10, -0.97
Gyro: -4.26, -0.70, 2.23
Accel: -0.13, -0.10, -0.97
Gyro: -4.14, -0.02, 2.01
Accel: -0.13, -0.11, -0.96
Gyro: -3.85, 0.65, 2.17
Accel: -0.13, -0.10, -0.96
Gyro: -5.23, 0.82, 1.33
Accel: -0.13, -0.09, -0.96
Gyro: -4.88, 1.39, 1.53
Accel: -0.13, -0.09, -0.96
Gyro: -3.11, 1.17, 2.61
Accel: -0.13, -0.10, -0.96
Gyro: -4.76, 1.50, 2.94
Accel: -0.13, -0.10, -0.96
Gyro: -5.33, 1.84, 3.30
Accel: -0.12, -0.09, -0.97
Gyro: -5.17, 2.22, 3.47
Accel: -0.13, -0.10, -0.96
Gyro: -6.38, 2.88, 2.80
Accel: -0.12, -0.11, -0.96
Gyro: -7.18, 3.20, 1.32
Accel: -0.12, -0.13, -0.97
Gyro: -8.31, 3.03, -0.42
Accel: -0.12, -0.14, -0.98
Gyro: -12.29, 4.23, -3.93
Accel: -0.13, -0.14, -0.98
Gyro: -15.48, 5.47, -7.68
Accel: -0.13, -0.17, -0.98
Gyro: -20.10, 6.40, -13.18
Accel: -0.14, -0.20, -0.97
Gyro: -26.57, 7.90, -21.19
Accel: -0.15, -0.37, -1.00
Gyro: -40.66, 11.15, -45.53
Accel: -0.14, -0.29, -0.94
Gyro: -45.88, 14.66, -79.20
Accel: -0.16, -0.36, -0.94
Gyro: -41.77, 13.03, -114.44
Accel: -0.21, -0.34, -0.94
Gyro: -47.93, 14.47, -154.91
Accel: -0.26, -0.28, -0.94
Gyro: -52.94, 17.55, -193.56
Accel: -0.30, -0.13, -0.93
Gyro: -53.83, 20.48, -220.65
Accel: -0.30, -0.01, -0.89
Gyro: -51.22, 19.44, -233.98
Accel: -0.25, 0.23, -0.86
Gyro: -42.71, 15.15, -229.81
Accel: -0.22, 0.35, -0.86
Gyro: -27.25, 6.55, -207.98
Accel: -0.23, 0.35, -0.97
Gyro: -22.01, 2.12, -185.49
Accel: -0.19, 0.52, -0.97
Gyro: -15.40, 4.65, -150.13
Accel: -0.13, 0.59, -0.94
Gyro: -3.77, 2.14, -100.62
Accel: -0.10, 0.54, -0.94
Gyro: -1.88, -1.55, -51.49
Accel: -0.12, 0.48, -0.95
Gyro: -5.17, -3.95, -10.44
Accel: -0.11, 0.46, -0.97
Gyro: -7.06, -7.38, 22.99
Accel: -0.11, 0.48, -0.95
Gyro: -3.86, -10.54, 54.64
Accel: -0.10, 0.58, -0.93
Gyro: 3.72, -16.37, 94.49
Accel: -0.16, 0.50, -0.95
Gyro: 9.71, -20.84, 137.13
Accel: -0.21, 0.39, -0.98
Gyro: 9.89, -18.40, 166.85
Accel: -0.23, 0.26, -0.99
Gyro: 12.61, -13.37, 179.67
Accel: -0.22, 0.15, -0.95
Gyro: 13.75, -9.91, 177.60
Accel: -0.21, 0.07, -1.01
Gyro: 14.31, -5.30, 167.22
Accel: -0.18, 0.06, -0.94
Gyro: 17.06, -2.56, 151.73
Accel: -0.15, 0.03, -0.94
Gyro: 20.65, -3.76, 137.76
Accel: -0.14, -0.01, -0.95
Gyro: 17.42, -5.08, 121.90
Accel: -0.13, -0.01, -0.97
Gyro: 18.30, -5.09, 103.51
Accel: -0.11, -0.03, -0.96
Gyro: 23.48, -2.02, 87.42
Accel: -0.12, -0.01, -0.97
Gyro: 27.52, -2.63, 73.87
Accel: -0.10, -0.03, -0.92
Gyro: 33.64, -6.62, 60.10
Accel: -0.12, -0.05, -0.96
Gyro: 35.84, -8.45, 48.72
Accel: -0.12, -0.07, -0.96
Gyro: 32.88, -7.26, 38.87
Accel: -0.11, -0.10, -0.97
Gyro: 29.35, -6.45, 29.33
Accel: -0.11, -0.11, -0.96
Gyro: 22.87, -5.60, 20.84
Accel: -0.11, -0.09, -0.95
Gyro: 16.25, -6.45, 14.99
Accel: -0.11, -0.09, -0.97
Gyro: 15.85, -7.39, 11.33
Accel: -0.11, -0.11, -1.00
Gyro: 11.53, -5.03, 8.54
Accel: -0.10, -0.11, -1.00
Gyro: 6.42, -2.24, 5.80
Accel: -0.10, -0.11, -1.00
Gyro: 1.99, 0.37, 2.76
Accel: -0.08, -0.10, -1.00
Gyro: -1.14, 2.23, -0.17
Accel: -0.07, -0.10, -0.98
Gyro: -2.40, 3.81, -2.99
Accel: -0.06, -0.07, -0.98
Gyro: -4.69, 4.13, -5.98
Accel: -0.05, -0.05, -0.97
Gyro: -3.40, 3.95, -6.84
Accel: -0.05, -0.06, -0.96
Gyro: -3.28, 1.92, -7.00
Accel: -0.05, -0.05, -0.96
Gyro: -5.25, 0.53, -7.68
Accel: -0.05, -0.03, -0.97
Gyro: -5.15, -0.13, -7.64
Accel: -0.05, -0.03, -0.97
Gyro: -4.21, -0.93, -7.86
Accel: -0.05, -0.03, -0.97
Gyro: -4.40, -1.84, -8.85
Accel: -0.06, -0.02, -0.97
Gyro: -3.95, -3.10, -8.89
Accel: -0.07, -0.03, -0.98
Gyro: -3.77, -3.62, -8.83
Accel: -0.07, -0.02, -0.97
Gyro: -4.43, -2.99, -9.07
Accel: -0.09, -0.01, -0.97
Gyro: -3.33, -3.52, -8.16
Accel: -0.10, -0.01, -0.97
Gyro: -3.04, -3.67, -7.60
Accel: -0.10, -0.02, -0.97
Gyro: -3.01, -2.94, -7.49
Accel: -0.10, -0.02, -0.99
Gyro: -2.73, -1.85, -8.22
Accel: -0.10, -0.03, -0.98
Gyro: -2.56, -0.27, -8.74
Accel: -0.09, -0.02, -0.99
Gyro: -1.70, 0.81, -8.76
Accel: -0.08, -0.03, -0.98
Gyro: -1.43, 1.75, -8.36
Accel: -0.08, -0.03, -0.98
Gyro: -1.94, 2.21, -8.42
Accel: -0.08, -0.03, -0.97
Gyro: -1.81, 1.82, -8.26
Accel: -0.06, -0.03, -0.97
Gyro: -1.59, 2.40, -8.03
Accel: -0.06, -0.03, -0.97
Gyro: -1.27, 1.76, -7.91
Accel: -0.06, -0.02, -0.96
Gyro: -0.99, 1.37, -7.64
Accel: -0.06, -0.03, -0.97
Gyro: -0.26, 0.58, -7.02
Accel: -0.06, -0.04, -0.97
Gyro: 0.02, -0.04, -6.79
Accel: -0.06, -0.06, -0.98
Gyro: 0.24, 0.29, -7.03
Accel: -0.06, -0.06, -0.99
Gyro: -1.98, 0.66, -9.28
Accel: -0.06, -0.03, -0.98
Gyro: -0.92, 1.54, -9.74
Accel: -0.05, -0.04, -0.97
Gyro: 1.23, 0.51, -8.50
Accel: -0.05, -0.04, -0.97
Gyro: -0.73, -0.02, -8.06
Accel: -0.06, -0.04, -0.97
Gyro: -1.75, -0.08, -6.80
Accel: -0.06, -0.04, -0.97
Gyro: -1.79, -0.46, -5.94
Accel: -0.05, -0.04, -0.97
Gyro: -2.88, -1.20, -5.87
Accel: -0.06, -0.05, -0.97
Gyro: -3.63, -2.17, -6.76
Accel: -0.06, -0.05, -0.98
Gyro: -3.28, -2.20, -7.30
Accel: -0.07, -0.05, -0.99
Gyro: -4.21, -1.48, -8.57
Accel: -0.07, -0.03, -0.98
Gyro: -2.98, -0.63, -8.17
Accel: -0.07, -0.04, -0.97
Gyro: -2.36, 0.03, -8.09
Accel: -0.06, -0.05, -0.99
Gyro: -3.47, 0.23, -8.62
Accel: -0.06, -0.04, -0.97
Gyro: -3.95, 0.65, -9.48
