Accel: -0.13, -0.11, -0.96
Gyro: -3.76, -0.05, -3.00
Accel: -0.14, -0.09, -0.97
Gyro: -3.30, 0.02, -3.44
Accel: -0.14, -0.10, -0.96
Gyro: -1.82, -0.79, -3.55
Accel: -0.14, -0.10, -0.96
Gyro: -3.96, -0.58, -3.91
Accel: -0.14, -0.09, -0.97
Gyro: -3.89, -0.02, -4.07
Accel: -0.14, -0.09, -0.96
Gyro: -3.85, 0.12, -4.12
Accel: -0.14, -0.10, -0.97
Gyro: -4.59, 0.58, -4.86
Accel: -0.14, -0.10, -0.96
Gyro: -4.75, 0.32, -5.51
Accel: -0.15, -0.11, -0.97
Gyro: -5.36, 0.62, -7.11
Accel: -0.16, -0.13, -0.98
Gyro: -8.06, 2.09, -11.24
Accel: -0.14, -0.13, -0.96
Gyro: -7.87, 3.46, -15.88
Accel: -0.15, -0.16, -0.97
Gyro: -7.79, 4.13, -22.71
Accel: -0.15, -0.24, -0.98
Gyro: -10.09, 6.36, -37.28
Accel: -0.14, -0.22, -0.98
Gyro: -10.54, 7.26, -56.94
Accel: -0.14, -0.23, -0.97
Gyro: -8.06, 7.10, -74.48
Accel: -0.17, -0.30, -0.99
Gyro: -8.82, 8.91, -96.34
Accel: -0.16, -0.24, -0.98
Gyro: -11.39, 12.39, -121.09
Accel: -0.15, -0.22, -0.95
Gyro: -8.79, 10.59, -134.60
Accel: -0.17, -0.26, -0.95
Gyro: -11.36, 9.51, -150.09
Accel: -0.17, -0.22, -0.96
Gyro: -15.01, 11.58, -169.62
Accel: -0.14, -0.12, -0.93
Gyro: -10.41, 8.52, -173.47
Accel: -0.15, -0.13, -0.94
Gyro: -16.53, 7.49, -174.20
Accel: -0.12, -0.05, -0.96
Gyro: -23.74, 9.00, -170.52
Accel: -0.09, 0.01, -0.94
Gyro: -25.71, 10.09, -155.89
Accel: -0.06, 0.03, -0.90
Gyro: -35.51, 7.03, -142.81
Accel: -0.03, 0.12, -0.93
Gyro: -36.17, 1.37, -127.87
Accel: -0.03, 0.13, -0.92
Gyro: -27.69, -4.14, -110.67
Accel: -0.04, 0.21, -0.97
Gyro: -21.82, -7.97, -93.21
Accel: -0.05, 0.26, -1.01
Gyro: -16.59, -5.70, -75.26
Accel: -0.05, 0.17, -0.95
Gyro: -14.24, -4.83, -53.95
Accel: -0.05, 0.20, -0.98
Gyro: -7.82, -4.62, -36.46
Accel: -0.04, 0.18, -0.99
Gyro: -5.53, -4.17, -23.19
Accel: -0.04, 0.14, -0.99
Gyro: -1.48, -2.83, -13.96
Accel: -0.03, 0.13, -0.99
Gyro: 0.55, -3.50, -6.84
Accel: -0.03, 0.13, -1.01
Gyro: 0.05, -2.30, 2.17
Accel: -0.02, 0.14, -1.00
Gyro: 1.22, -1.12, 11.92
Accel: -0.02, 0.15, -1.01
Gyro: 0.11, 0.82, 24.24
Accel: -0.01, 0.20, -0.97
Gyro: -2.46, 1.40, 43.43
Accel: 0.02, 0.29, -0.93
Gyro: -0.39, -5.08, 72.53
Accel: -0.01, 0.30, -0.89
Gyro: -1.27, -14.43, 108.30
Accel: -0.06, 0.16, -0.95
Gyro: -2.45, -20.80, 134.98
Accel: -0.08, 0.13, -0.94
Gyro: -8.06, -24.45, 153.33
Accel: -0.14, 0.14, -0.95
Gyro: -12.84, -28.18, 168.27
Accel: -0.18, 0.10, -0.97
Gyro: -19.63, -25.70, 179.16
Accel: -0.21, 0.07, -1.01
Gyro: -20.73, -22.64, 177.38
Accel: -0.21, 0.06, -0.99
Gyro: -12.03, -18.36, 169.49
Accel: -0.19, -0.00, -0.99
Gyro: -2.70, -16.10, 154.00
Accel: -0.16, -0.01, -0.97
Gyro: 3.24, -14.82, 135.36
Accel: -0.14, -0.01, -0.97
Gyro: 7.87, -15.56, 116.71
Accel: -0.13, -0.02, -0.95
Gyro: 9.58, -17.43, 99.97
Accel: -0.13, -0.01, -0.96
Gyro: 11.69, -18.94, 84.26
Accel: -0.15, -0.01, -0.99
Gyro: 16.07, -17.66, 72.06
Accel: -0.14, -0.01, -0.97
Gyro: 16.11, -14.62, 61.40
Accel: -0.13, -0.01, -1.00
Gyro: 18.48, -11.48, 50.43
Accel: -0.13, -0.01, -0.98
Gyro: 19.60, -8.48, 42.09
Accel: -0.13, -0.03, -0.96
Gyro: 18.02, -9.24, 35.27
Accel: -0.14, -0.03, -0.97
Gyro: 12.92, -8.41, 27.96
Accel: -0.14, -0.03, -0.97
Gyro: 10.92, -7.26, 21.17
Accel: -0.14, -0.02, -0.97
Gyro: 7.54, -6.03, 16.08
Accel: -0.14, -0.02, -0.97
Gyro: 7.16, -5.60, 10.86
Accel: -0.13, -0.01, -0.98
Gyro: 4.58, -5.08, 7.03
Accel: -0.13, -0.01, -0.98
Gyro: 6.23, -4.78, 4.81
Accel: -0.13, -0.01, -0.98
Gyro: 3.97, -2.78, 3.56
Accel: -0.13, 0.00, -0.97
Gyro: 3.07, -1.66, 3.11
Accel: -0.14, -0.01, -0.97
Gyro: 4.98, -2.09, 2.23
Accel: -0.13, -0.02, -0.97
Gyro: 1.63, -1.08, 1.14
Accel: -0.13, -0.01, -0.98
Gyro: 1.77, -0.41, -0.15
Accel: -0.13, -0.01, -0.97
Gyro: 2.04, -0.01, -1.07
Accel: -0.13, -0.00, -0.97
Gyro: 2.08, 0.34, -0.79
Accel: -0.13, -0.00, -0.96
Gyro: 2.50, -0.34, -0.63
Accel: -0.13, -0.02, -0.97
Gyro: 2.08, -0.42, -0.64
Accel: -0.13, -0.02, -0.96
Gyro: 0.24, 0.06, -1.21
Accel: -0.13, -0.00, -0.96
Gyro: -0.46, -0.05, -1.97
Accel: -0.13, -0.01, -0.96
Gyro: -0.24, -0.45, -2.55
Accel: -0.14, -0.02, -0.97
Gyro: -1.08, -0.76, -3.01
Accel: -0.13, -0.01, -0.97
Gyro: -1.98, -0.77, -4.00
Accel: -0.13, -0.00, -0.97
Gyro: -2.78, 0.15, -4.17
Accel: -0.13, -0.00, -0.98
Gyro: -3.06, 0.17, -4.27
Accel: -0.13, -0.01, -0.97
Gyro: -2.91, 0.64, -4.04
Accel: -0.13, 0.01, -0.97
Gyro: -3.35, 0.61, -4.52
Accel: -0.13, 0.02, -0.98
Gyro: -1.14, 1.28, -3.72
Accel: -0.12, -0.00, -0.97
Gyro: -0.27, 0.17, -3.40
Accel: -0.13, 0.01, -0.97
Gyro: -1.33, 0.59, -2.73
Accel: -0.12, 0.01, -0.97
Gyro: -0.76, 1.34, -1.82
Accel: -0.12, -0.00, -0.96
Gyro: 0.23, 1.56, -0.94
Accel: -0.12, -0.01, -0.97
Gyro: 0.24, 1.47, -0.34
Accel: -0.12, -0.01, -0.96
Gyro: 0.27, 1.25, -0.05
Accel: -0.11, -0.02, -0.97
Gyro: 0.19, 0.63, 0.05
Accel: -0.11, -0.01, -0.98
Gyro: -1.08, 1.08, -0.44
Accel: -0.12, -0.02, -0.97
Gyro: 0.21, 0.49, -0.79
Accel: -0.11, -0.02, -0.97
Gyro: -0.18, 0.21, -1.42
Accel: -0.13, -0.02, -0.97
Gyro: -0.68, 0.60, -1.77
Accel: -0.12, -0.01, -0.97
Gyro: -0.74, 0.78, -1.76
Accel: -0.12, -0.02, -0.97
Gyro: -0.37, 1.11, -1.88
Accel: -0.12, -0.02, -0.97
Gyro: -0.88, 1.05, -2.17
Accel: -0.12, -0.01, -0.97
Gyro: -0.93, 1.53, -1.98
Accel: -0.11, -0.03, -0.98
Gyro: -1.12, 1.78, -2.03
Accel: -0.11, -0.03, -0.97
Gyro: -2.12, 1.73, -2.83
Accel: -0.11, -0.02, -0.97
Gyro: -2.43, 1.59, -3.23
Accel: -0.11, -0.02, -0.97
Gyro: -2.72, 1.40, -3.59
Accel: -0.10, -0.01, -0.97
Gyro: -2.79, 1.24, -3.68
