Accel: 0.04, -0.05, -0.96
Gyro: -0.83, 0.19, 0.22
Accel: 0.04, -0.06, -0.95
Gyro: -1.02, 0.47, 1.05
Accel: 0.05, -0.06, -0.95
Gyro: -1.17, 0.15, 1.30
Accel: 0.05, -0.07, -0.96
Gyro: -0.87, -0.60, 1.24
Accel: 0.04, -0.08, -0.96
Gyro: -1.44, -0.53, 0.40
Accel: 0.04, -0.07, -0.95
Gyro: -1.68, -0.56, -0.46
Accel: 0.04, -0.08, -0.95
Gyro: -1.63, -1.66, -0.95
Accel: 0.04, -0.07, -0.96
Gyro: -2.16, -2.10, -2.01
Accel: 0.04, -0.06, -0.96
Gyro: -2.04, -1.64, -1.78
Accel: 0.03, -0.07, -0.96
Gyro: -1.82, -1.29, -1.50
Accel: 0.03, -0.06, -0.96
Gyro: -2.24, -1.12, -1.67
Accel: 0.03, -0.06, -0.96
Gyro: -2.39, -1.12, -1.66
Accel: 0.04, -0.07, -0.95
Gyro: -2.56, -0.85, -1.76
Accel: 0.04, -0.06, -0.96
Gyro: -2.82, -0.65, -2.28
Accel: 0.04, -0.06, -0.97
Gyro: -3.14, -0.78, -2.72
Accel: 0.04, -0.06, -0.95
Gyro: -3.42, -1.09, -3.48
Accel: 0.03, -0.06, -0.97
Gyro: -3.81, -0.89, -3.75
Accel: 0.04, -0.07, -0.95
Gyro: -3.68, -0.64, -4.26
Accel: 0.04, -0.10, -0.96
Gyro: -4.80, -0.63, -7.64
Accel: 0.04, -0.14, -0.96
Gyro: -4.04, 0.69, -16.39
Accel: 0.04, -0.14, -0.97
Gyro: -2.05, 0.41, -27.33
Accel: 0.03, -0.19, -0.96
Gyro: -0.95, 1.08, -40.16
Accel: 0.01, -0.24, -0.99
Gyro: -1.40, 5.04, -61.80
Accel: 0.02, -0.21, -0.97
Gyro: 1.72, 9.12, -83.56
Accel: 0.02, -0.23, -0.97
Gyro: 4.54, 10.61, -102.49
Accel: 0.01, -0.27, -0.99
Gyro: 0.43, 13.67, -124.89
Accel: 0.01, -0.22, -0.98
Gyro: 0.93, 16.57, -145.69
Accel: 0.01, -0.16, -0.92
Gyro: -4.93, 17.46, -156.27
Accel: 0.03, -0.13, -0.96
Gyro: -10.98, 18.20, -162.93
Accel: 0.05, -0.04, -0.97
Gyro: -15.51, 19.81, -163.84
Accel: 0.05, -0.03, -0.97
Gyro: -21.32, 17.72, -160.73
Accel: 0.10, 0.09, -0.93
Gyro: -20.60, 16.51, -147.58
Accel: 0.10, 0.19, -0.86
Gyro: -21.74, 11.25, -133.18
Accel: 0.13, 0.26, -0.87
Gyro: -19.04, 5.51, -110.34
Accel: 0.13, 0.34, -0.93
Gyro: -12.76, -1.95, -85.34
Accel: 0.12, 0.28, -0.89
Gyro: -6.78, -7.15, -57.06
Accel: 0.10, 0.24, -0.95
Gyro: -13.92, -7.89, -42.69
Accel: 0.07, 0.31, -0.98
Gyro: -6.94, -7.61, -23.60
Accel: 0.09, 0.22, -0.99
Gyro: -7.00, -3.39, -13.17
Accel: 0.10, 0.23, -0.97
Gyro: -3.94, -1.97, -2.63
Accel: 0.10, 0.21, -0.95
Gyro: 0.61, -0.86, 7.45
Accel: 0.11, 0.17, -0.93
Gyro: -0.40, -2.57, 11.85
Accel: 0.13, 0.21, -0.95
Gyro: -2.43, -3.93, 19.83
Accel: 0.12, 0.20, -0.94
Gyro: -2.46, -7.08, 31.11
Accel: 0.12, 0.27, -0.93
Gyro: -3.70, -9.02, 44.94
Accel: 0.13, 0.39, -0.89
Gyro: 0.70, -15.19, 73.37
Accel: 0.10, 0.31, -0.85
Gyro: 10.10, -23.09, 105.86
Accel: 0.07, 0.28, -0.90
Gyro: 11.39, -31.04, 126.48
Accel: 0.01, 0.29, -0.92
Gyro: 17.31, -35.27, 155.88
Accel: -0.05, 0.02, -0.93
Gyro: 10.10, -35.48, 166.33
Accel: -0.07, 0.01, -1.01
Gyro: 3.00, -30.88, 159.39
Accel: -0.07, -0.04, -0.95
Gyro: 4.36, -27.24, 154.72
Accel: -0.07, -0.19, -1.01
Gyro: 4.54, -23.89, 136.50
Accel: -0.06, -0.15, -1.08
Gyro: 2.27, -11.43, 107.90
Accel: -0.04, -0.07, -0.99
Gyro: 12.64, -6.62, 94.67
Accel: -0.02, -0.11, -0.95
Gyro: 16.14, -6.54, 86.58
Accel: -0.03, -0.10, -0.97
Gyro: 11.76, -5.10, 77.01
Accel: -0.01, -0.08, -0.98
Gyro: 11.18, -2.30, 71.34
Accel: 0.00, -0.06, -0.95
Gyro: 10.92, -1.26, 65.66
Accel: 0.01, -0.10, -0.96
Gyro: 12.89, -1.77, 60.88
Accel: 0.01, -0.16, -0.97
Gyro: 11.34, -1.72, 50.96
Accel: 0.01, -0.16, -0.96
Gyro: 5.12, -2.31, 37.72
Accel: 0.01, -0.14, -0.96
Gyro: 3.56, -3.02, 26.10
Accel: -0.01, -0.13, -0.96
Gyro: 5.68, -2.49, 17.81
Accel: 0.00, -0.15, -0.97
Gyro: 5.96, -1.72, 10.12
Accel: 0.00, -0.13, -0.96
Gyro: 5.11, -0.52, 3.68
Accel: 0.00, -0.15, -0.97
Gyro: 3.46, -0.66, -1.11
Accel: 0.00, -0.14, -0.97
Gyro: -0.85, 0.39, -6.07
Accel: 0.00, -0.12, -0.95
Gyro: -3.59, 0.53, -9.68
Accel: 0.01, -0.10, -0.96
Gyro: -4.04, 1.05, -11.16
Accel: 0.01, -0.10, -0.95
Gyro: -4.39, 1.24, -11.26
Accel: 0.02, -0.08, -0.94
Gyro: -4.75, 1.27, -10.48
Accel: 0.01, -0.07, -0.95
Gyro: -4.12, 0.46, -8.96
Accel: 0.00, -0.07, -0.96
Gyro: -4.00, 0.80, -7.61
Accel: 0.01, -0.07, -0.96
Gyro: -2.86, 0.72, -5.71
Accel: 0.01, -0.09, -0.96
Gyro: -3.70, 0.27, -5.13
Accel: 0.01, -0.08, -0.97
Gyro: -5.29, 0.52, -5.26
Accel: 0.01, -0.07, -0.96
Gyro: -5.59, 1.18, -4.92
Accel: 0.01, -0.08, -0.96
Gyro: -5.74, 1.38, -5.00
Accel: 0.01, -0.07, -0.96
Gyro: -6.20, 1.84, -5.55
Accel: 0.02, -0.06, -0.96
Gyro: -6.32, 2.14, -6.10
Accel: 0.02, -0.05, -0.95
Gyro: -6.07, 1.94, -6.28
Accel: 0.03, -0.06, -0.95
Gyro: -5.98, 1.79, -6.45
Accel: 0.04, -0.05, -0.94
Gyro: -6.13, 0.91, -6.30
Accel: 0.03, -0.04, -0.95
Gyro: -6.10, -0.63, -5.83
Accel: 0.02, -0.03, -0.97
Gyro: -5.54, -0.68, -4.64
Accel: 0.02, -0.02, -0.97
Gyro: -3.71, 0.69, -2.78
Accel: 0.02, -0.04, -0.96
Gyro: -3.02, 1.34, -1.77
Accel: 0.02, -0.04, -0.97
Gyro: -2.46, 1.27, -0.95
Accel: 0.03, -0.05, -0.96
Gyro: -0.79, 0.77, 0.17
Accel: 0.03, -0.05, -0.96
Gyro: -1.03, 0.43, -0.18
Accel: 0.03, -0.06, -0.96
Gyro: -1.64, 0.78, -0.61
Accel: 0.03, -0.05, -0.95
Gyro: -0.98, 0.86, -0.43
Accel: 0.04, -0.07, -0.95
Gyro: -1.21, 0.63, -0.41
Accel: 0.04, -0.06, -0.96
Gyro: -1.91, 0.16, -0.92
Accel: 0.03, -0.06, -0.95
Gyro: -2.01, -0.24, -1.09
Accel: 0.03, -0.06, -0.95
Gyro: -2.48, -0.17, -1.50
Accel: 0.04, -0.05, -0.96
Gyro: -2.29, 0.31, -1.92
Accel: 0.03, -0.06, -0.96
Gyro: -2.33, -0.42, -2.62
Accel: 0.03, -0.07, -0.96
Gyro: -3.18, -0.33, -3.88
Accel: 0.04, -0.06, -0.96
Gyro: -2.70, -0.11, -4.47
