Accel: -0.11, -0.10, -0.96
Gyro: -4.26, 0.40, -4.16
Accel: -0.10, -0.08, -0.97
Gyro: -2.87, 1.24, -3.04
Accel: -0.10, -0.10, -0.97
Gyro: -2.62, 0.23, -2.95
Accel: -0.10, -0.10, -0.97
Gyro: -4.35, 0.19, -2.85
Accel: -0.10, -0.08, -0.96
Gyro: -2.98, 0.14, -2.25
Accel: -0.10, -0.09, -0.96
Gyro: -2.79, 0.18, -1.85
Accel: -0.10, -0.09, -0.95
Gyro: -2.93, -0.37, -1.70
Accel: -0.10, -0.09, -0.96
Gyro: -2.18, -1.12, -1.57
Accel: -0.11, -0.10, -0.97
Gyro: -2.14, -1.43, -1.34
Accel: -0.11, -0.09, -0.96
Gyro: -1.91, -0.84, -1.37
Accel: -0.11, -0.09, -0.97
Gyro: -0.96, -1.03, -0.93
Accel: -0.11, -0.10, -0.97
Gyro: -1.66, -0.98, -1.32
Accel: -0.10, -0.09, -0.96
Gyro: -1.56, -0.42, -1.28
Accel: -0.10, -0.10, -0.98
Gyro: -0.93, -0.01, -1.44
Accel: -0.11, -0.09, -0.97
Gyro: -0.29, 0.31, -1.21
Accel: -0.10, -0.10, -0.97
Gyro: -0.50, 0.38, -0.80
Accel: -0.11, -0.11, -0.97
Gyro: -0.91, 0.57, -0.68
Accel: -0.10, -0.12, -0.97
Gyro: -2.08, 0.60, -1.44
Accel: -0.10, -0.11, -0.96
Gyro: -2.94, 0.72, -2.40
Accel: -0.10, -0.11, -0.96
Gyro: -3.27, 0.66, -3.27
Accel: -0.10, -0.11, -0.97
Gyro: -3.49, 0.56, -3.49
Accel: -0.10, -0.10, -0.96
Gyro: -3.72, 0.86, -3.57
Accel: -0.10, -0.11, -0.97
Gyro: -3.96, 0.88, -3.66
Accel: -0.10, -0.11, -0.98
Gyro: -4.75, 1.17, -4.85
Accel: -0.11, -0.15, -0.97
Gyro: -6.34, 2.08, -8.19
Accel: -0.11, -0.19, -1.00
Gyro: -7.68, 3.81, -18.22
Accel: -0.12, -0.28, -0.99
Gyro: -3.29, 6.71, -40.36
Accel: -0.11, -0.25, -0.97
Gyro: 0.66, 6.99, -65.40
Accel: -0.12, -0.28, -0.98
Gyro: -0.49, 7.27, -83.38
Accel: -0.14, -0.35, -1.03
Gyro: -6.66, 12.08, -111.57
Accel: -0.12, -0.23, -0.94
Gyro: -4.81, 15.75, -131.04
Accel: -0.12, -0.34, -0.95
Gyro: -5.86, 13.18, -150.16
Accel: -0.12, -0.27, -0.93
Gyro: -14.72, 13.57, -172.21
Accel: -0.12, -0.23, -0.93
Gyro: -15.50, 11.22, -188.19
Accel: -0.12, -0.16, -0.92
Gyro: -17.10, 9.98, -197.49
Accel: -0.08, -0.05, -0.93
Gyro: -17.35, 7.42, -196.20
Accel: -0.08, -0.01, -0.91
Gyro: -17.10, 4.15, -185.65
Accel: -0.06, 0.09, -0.98
Gyro: -26.86, 6.05, -172.04
Accel: 0.01, 0.28, -0.96
Gyro: -16.20, 5.03, -140.25
Accel: 0.03, 0.23, -0.94
Gyro: -9.79, -0.59, -104.97
Accel: 0.02, 0.20, -0.98
Gyro: -12.16, -2.56, -75.74
Accel: -0.01, 0.20, -0.97
Gyro: -13.53, -7.93, -54.54
Accel: 0.05, 0.20, -0.94
Gyro: -4.51, -5.78, -37.53
Accel: 0.03, 0.16, -0.97
Gyro: -1.29, -7.78, -20.20
Accel: 0.02, 0.09, -0.99
Gyro: -2.90, -7.19, -10.12
Accel: 0.02, 0.12, -1.01
Gyro: -2.67, -5.34, -1.02
Accel: 0.01, 0.14, -1.05
Gyro: 1.57, -1.02, 10.67
Accel: 0.01, 0.11, -1.03
Gyro: 1.02, 6.94, 24.02
Accel: 0.05, 0.16, -0.98
Gyro: -4.79, 7.70, 41.36
Accel: 0.05, 0.26, -0.95
Gyro: -7.20, 2.56, 69.26
Accel: 0.04, 0.32, -0.93
Gyro: -3.22, -4.60, 106.86
Accel: -0.01, 0.22, -0.91
Gyro: -0.36, -13.74, 143.49
Accel: -0.05, 0.13, -0.92
Gyro: -4.14, -19.56, 161.48
Accel: -0.10, 0.08, -0.93
Gyro: -1.93, -25.38, 173.90
Accel: -0.13, -0.03, -0.97
Gyro: -7.19, -24.66, 174.77
Accel: -0.15, -0.05, -0.95
Gyro: -13.73, -22.36, 165.29
Accel: -0.13, -0.07, -0.97
Gyro: -7.90, -21.33, 153.19
Accel: -0.11, -0.15, -0.97
Gyro: -3.41, -18.90, 129.65
Accel: -0.08, -0.07, -0.97
Gyro: 3.30, -20.22, 105.46
Accel: -0.09, -0.01, -0.97
Gyro: 15.77, -24.08, 95.40
Accel: -0.11, -0.07, -0.97
Gyro: 23.17, -24.09, 91.08
Accel: -0.13, -0.11, -1.00
Gyro: 19.01, -20.38, 83.31
Accel: -0.14, -0.12, -0.99
Gyro: 14.63, -16.64, 75.55
Accel: -0.14, -0.10, -0.98
Gyro: 14.56, -14.39, 69.24
Accel: -0.15, -0.12, -0.98
Gyro: 16.30, -12.78, 63.70
Accel: -0.15, -0.14, -0.99
Gyro: 15.78, -10.73, 55.32
Accel: -0.15, -0.15, -0.97
Gyro: 15.37, -10.16, 46.20
Accel: -0.16, -0.16, -0.99
Gyro: 14.06, -8.16, 36.11
Accel: -0.15, -0.16, -0.98
Gyro: 10.99, -5.91, 26.30
Accel: -0.15, -0.15, -0.97
Gyro: 10.43, -4.38, 17.96
Accel: -0.15, -0.14, -0.96
Gyro: 9.23, -3.82, 11.19
Accel: -0.15, -0.12, -0.96
Gyro: 8.24, -3.76, 7.32
Accel: -0.15, -0.12, -0.96
Gyro: 5.43, -3.66, 4.84
Accel: -0.15, -0.12, -0.97
Gyro: 2.55, -2.96, 3.86
Accel: -0.16, -0.11, -0.97
Gyro: 1.31, -2.88, 2.97
Accel: -0.15, -0.13, -0.97
Gyro: 0.24, -2.16, 2.27
Accel: -0.15, -0.10, -0.97
Gyro: -1.34, -1.72, 0.15
Accel: -0.15, -0.09, -0.97
Gyro: 0.18, -0.66, 0.25
Accel: -0.15, -0.10, -0.96
Gyro: -0.32, -0.47, -0.37
Accel: -0.15, -0.10, -0.97
Gyro: -1.40, 0.08, -0.51
Accel: -0.15, -0.09, -0.96
Gyro: -0.60, 0.35, -0.09
Accel: -0.15, -0.10, -0.95
Gyro: -0.54, 0.11, 0.07
Accel: -0.15, -0.10, -0.97
Gyro: -1.56, 0.14, -0.39
Accel: -0.15, -0.09, -0.97
Gyro: -1.37, 0.31, -0.41
Accel: -0.14, -0.10, -0.96
Gyro: -1.88, 0.31, -1.07
Accel: -0.14, -0.09, -0.96
Gyro: -2.62, 0.43, -1.48
Accel: -0.15, -0.10, -0.96
Gyro: -1.94, -0.20, -1.57
Accel: -0.14, -0.10, -0.96
Gyro: -3.12, -0.05, -2.24
Accel: -0.15, -0.09, -0.96
Gyro: -3.65, -0.18, -2.98
Accel: -0.14, -0.08, -0.96
Gyro: -3.02, 0.05, -3.20
Accel: -0.14, -0.08, -0.97
Gyro: -2.56, 0.03, -3.04
Accel: -0.14, -0.08, -0.96
Gyro: -2.41, 0.12, -2.59
Accel: -0.15, -0.08, -0.96
Gyro: -1.85, 0.06, -1.50
Accel: -0.14, -0.09, -0.96
Gyro: -1.63, -0.12, -1.19
Accel: -0.14, -0.09, -0.96
Gyro: -1.98, -0.31, -0.94
Accel: -0.14, -0.09, -0.96
Gyro: -1.91, -0.46, -1.43
Accel: -0.14, -0.09, -0.95
Gyro: -1.24, -0.40, -1.49
Accel: -0.13, -0.10, -0.97
Gyro: -1.10, -0.40, -1.35
Accel: -0.13, -0.10, -0.96
Gyro: -1.13, -0.46, -1.62
Accel: -0.15, -0.10, -0.97
Gyro: -1.83, -0.29, -1.64
Accel: -0.14, -0.11, -0.96
Gyro: -2.01, -0.20, -1.67
