Accel: -0.03, -0.11, -0.96
Gyro: -4.23, 1.24, -5.33
Accel: -0.03, -0.11, -0.97
Gyro: -4.60, 0.63, -6.13
Accel: -0.03, -0.10, -0.97
Gyro: -4.46, 0.94, -7.19
Accel: -0.03, -0.09, -0.97
Gyro: -4.01, 1.35, -7.55
Accel: -0.03, -0.09, -0.98
Gyro: -3.07, 1.57, -6.99
Accel: -0.03, -0.09, -0.96
Gyro: -3.05, 1.81, -5.92
Accel: -0.03, -0.09, -0.98
Gyro: -3.85, 2.02, -4.84
Accel: -0.03, -0.08, -0.97
Gyro: -3.75, 2.01, -3.88
Accel: -0.02, -0.08, -0.97
Gyro: -3.23, 1.88, -3.11
Accel: -0.03, -0.08, -0.96
Gyro: -2.68, 1.84, -2.46
Accel: -0.02, -0.08, -0.97
Gyro: -1.59, 1.74, -2.08
Accel: -0.01, -0.10, -0.98
Gyro: -1.44, 2.11, -1.85
Accel: -0.02, -0.07, -0.98
Gyro: -2.18, 2.24, -2.11
Accel: -0.01, -0.07, -0.97
Gyro: 0.02, 2.17, -0.90
Accel: -0.02, -0.09, -0.97
Gyro: 0.15, 2.00, -0.29
Accel: -0.02, -0.10, -0.97
Gyro: -0.80, 2.43, 0.24
Accel: -0.01, -0.10, -0.97
Gyro: -0.64, 2.27, 0.47
Accel: -0.01, -0.11, -0.98
Gyro: -1.57, 2.19, -0.03
Accel: -0.01, -0.11, -0.98
Gyro: -2.10, 2.59, -1.05
Accel: -0.00, -0.11, -0.97
Gyro: -1.60, 2.78, -1.33
Accel: -0.00, -0.11, -0.99
Gyro: -2.75, 2.82, -1.98
Accel: -0.01, -0.10, -0.97
Gyro: -2.81, 3.56, -2.53
Accel: 0.00, -0.11, -0.97
Gyro: -2.50, 3.04, -2.60
Accel: 0.00, -0.10, -0.98
Gyro: -3.53, 3.11, -3.26
Accel: 0.01, -0.10, -0.97
Gyro: -4.08, 3.17, -3.59
Accel: 0.01, -0.09, -0.97
Gyro: -3.68, 3.04, -3.47
Accel: 0.01, -0.08, -0.97
Gyro: -3.17, 3.16, -3.20
Accel: 0.01, -0.09, -0.97
Gyro: -2.91, 3.11, -2.78
Accel: 0.01, -0.10, -0.98
Gyro: -3.47, 3.05, -2.56
Accel: 0.01, -0.11, -0.97
Gyro: -4.35, 3.45, -4.04
Accel: 0.00, -0.15, -1.00
Gyro: -5.79, 4.99, -8.58
Accel: -0.00, -0.26, -1.00
Gyro: -6.84, 8.62, -25.24
Accel: -0.00, -0.31, -0.98
Gyro: -2.65, 10.59, -55.43
Accel: -0.03, -0.35, -1.01
Gyro: 1.43, 11.22, -89.82
Accel: -0.06, -0.41, -1.06
Gyro: 0.22, 18.28, -128.23
Accel: -0.07, -0.28, -1.01
Gyro: 1.96, 25.98, -163.06
Accel: -0.07, -0.28, -0.96
Gyro: 3.55, 27.05, -183.70
Accel: -0.08, -0.26, -0.96
Gyro: -8.24, 30.43, -205.04
Accel: -0.05, -0.10, -0.93
Gyro: -15.23, 32.62, -217.60
Accel: 0.01, 0.03, -0.91
Gyro: -10.10, 31.05, -214.06
Accel: 0.06, 0.12, -0.90
Gyro: -6.33, 25.19, -201.46
Accel: 0.11, 0.23, -0.88
Gyro: -7.38, 20.55, -177.99
Accel: 0.15, 0.30, -0.90
Gyro: -7.99, 15.11, -145.95
Accel: 0.17, 0.38, -0.90
Gyro: -3.68, 7.29, -106.97
Accel: 0.21, 0.38, -0.88
Gyro: -3.63, -1.24, -73.26
Accel: 0.20, 0.35, -0.92
Gyro: -4.00, -7.93, -44.11
Accel: 0.20, 0.32, -0.96
Gyro: -1.53, -10.43, -17.05
Accel: 0.17, 0.25, -0.97
Gyro: -2.11, -11.86, 1.99
Accel: 0.15, 0.21, -0.99
Gyro: -2.03, -9.16, 12.33
Accel: 0.15, 0.21, -0.99
Gyro: -0.30, -6.30, 22.42
Accel: 0.17, 0.25, -0.97
Gyro: 1.47, -5.46, 36.37
Accel: 0.20, 0.33, -0.91
Gyro: 3.66, -12.58, 61.99
Accel: 0.17, 0.37, -0.91
Gyro: 1.76, -22.21, 96.44
Accel: 0.11, 0.37, -0.89
Gyro: 4.89, -27.02, 136.55
Accel: 0.05, 0.24, -0.90
Gyro: -0.88, -33.04, 166.61
Accel: -0.00, 0.14, -0.92
Gyro: -4.04, -35.92, 178.92
Accel: -0.01, 0.01, -0.92
Gyro: -0.86, -38.61, 174.07
Accel: -0.03, -0.07, -0.98
Gyro: 2.90, -39.53, 156.78
Accel: -0.04, -0.13, -0.99
Gyro: 6.45, -37.22, 133.06
Accel: -0.04, -0.13, -0.98
Gyro: 16.12, -33.87, 106.96
Accel: -0.03, -0.11, -0.93
Gyro: 19.56, -34.00, 95.21
Accel: -0.06, -0.12, -0.97
Gyro: 14.21, -36.92, 86.23
Accel: -0.10, -0.11, -1.05
Gyro: 11.64, -27.34, 78.41
Accel: -0.10, -0.12, -0.98
Gyro: 17.45, -23.23, 72.59
Accel: -0.11, -0.14, -0.97
Gyro: 19.59, -21.99, 67.63
Accel: -0.12, -0.17, -0.99
Gyro: 15.64, -19.71, 61.81
Accel: -0.13, -0.18, -0.99
Gyro: 11.58, -14.89, 54.36
Accel: -0.13, -0.17, -0.97
Gyro: 12.49, -12.43, 46.94
Accel: -0.13, -0.19, -0.97
Gyro: 11.43, -10.41, 39.72
Accel: -0.14, -0.20, -0.97
Gyro: 9.35, -8.25, 31.27
Accel: -0.13, -0.18, -0.97
Gyro: 10.19, -6.85, 23.74
Accel: -0.12, -0.18, -0.96
Gyro: 10.57, -6.13, 17.49
Accel: -0.12, -0.19, -0.97
Gyro: 9.90, -5.00, 12.73
Accel: -0.11, -0.17, -0.97
Gyro: 6.95, -3.84, 9.18
Accel: -0.13, -0.16, -0.97
Gyro: 4.44, -2.97, 7.16
Accel: -0.13, -0.15, -0.96
Gyro: 2.11, -1.91, 6.30
Accel: -0.11, -0.15, -0.97
Gyro: -0.48, -1.55, 6.38
Accel: -0.11, -0.15, -0.96
Gyro: -2.94, -1.33, 5.90
Accel: -0.11, -0.15, -0.96
Gyro: -5.15, -0.91, 4.84
Accel: -0.11, -0.13, -0.96
Gyro: -7.16, -0.81, 3.79
Accel: -0.11, -0.13, -0.97
Gyro: -7.03, -1.12, 2.96
Accel: -0.11, -0.12, -0.96
Gyro: -6.97, -1.03, 1.49
Accel: -0.11, -0.12, -0.96
Gyro: -7.26, -1.34, -0.12
Accel: -0.11, -0.12, -0.95
Gyro: -5.85, -2.60, -1.40
Accel: -0.14, -0.11, -0.97
Gyro: -7.24, -2.93, -3.30
Accel: -0.13, -0.10, -0.97
Gyro: -5.29, -2.04, -3.27
Accel: -0.12, -0.10, -0.95
Gyro: -4.15, -2.62, -3.18
Accel: -0.14, -0.08, -0.97
Gyro: -4.47, -3.18, -2.61
Accel: -0.14, -0.09, -0.96
Gyro: -3.07, -2.69, -1.43
Accel: -0.14, -0.10, -0.97
Gyro: -2.34, -2.56, -0.48
Accel: -0.14, -0.09, -0.97
Gyro: -2.34, -1.79, -0.50
Accel: -0.13, -0.10, -0.96
Gyro: -1.50, -1.65, -0.53
Accel: -0.13, -0.10, -0.96
Gyro: -1.31, -0.99, -0.79
Accel: -0.14, -0.10, -0.98
Gyro: -1.21, -0.21, -0.72
Accel: -0.13, -0.11, -0.97
Gyro: -0.14, 0.47, -0.34
Accel: -0.14, -0.10, -0.95
Gyro: -0.79, 0.94, -0.38
Accel: -0.13, -0.10, -0.95
Gyro: -1.38, 1.40, -0.22
Accel: -0.12, -0.11, -0.96
Gyro: -1.14, 1.63, -0.08
Accel: -0.13, -0.11, -0.96
Gyro: -1.15, 1.66, -0.31
Accel: -0.12, -0.11, -0.97
Gyro: -1.06, 1.58, -0.16
Accel: -0.13, -0.12, -0.95
Gyro: -0.62, 1.53, 0.01
