Accel: -0.02, 0.03, -0.95
Gyro: -2.47, 4.46, -1.84
Accel: -0.03, 0.03, -0.95
Gyro: -3.19, 3.75, -2.22
Accel: -0.01, 0.04, -0.95
Gyro: -2.83, 3.50, -2.19
Accel: -0.01, 0.03, -0.95
Gyro: -1.98, 2.56, -2.49
Accel: -0.02, 0.03, -0.95
Gyro: -2.19, 1.30, -3.11
Accel: -0.01, 0.04, -0.96
Gyro: -1.66, 0.56, -3.52
Accel: -0.02, 0.04, -0.96
Gyro: -1.37, -0.53, -3.47
Accel: -0.01, 0.03, -0.95
Gyro: -1.46, -0.97, -3.53
Accel: -0.02, 0.04, -0.97
Gyro: -2.09, -1.08, -3.78
Accel: -0.02, 0.04, -0.96
Gyro: -2.08, -1.02, -3.37
Accel: -0.01, 0.04, -0.96
Gyro: -2.54, -0.82, -3.15
Accel: -0.03, 0.04, -0.96
Gyro: -2.45, -0.62, -2.82
Accel: -0.03, 0.04, -0.97
Gyro: -2.30, -0.27, -2.09
Accel: -0.03, 0.04, -0.96
Gyro: -1.72, 0.43, -1.54
Accel: -0.01, 0.03, -0.96
Gyro: -2.30, 0.76, -1.82
Accel: -0.01, 0.05, -0.96
Gyro: -1.61, 0.93, -1.54
Accel: -0.02, 0.03, -0.96
Gyro: -1.21, 0.01, -1.76
Accel: -0.02, 0.03, -0.96
Gyro: -1.52, -0.30, -2.80
Accel: -0.02, 0.03, -0.96
Gyro: -1.30, 0.27, -2.71
Accel: -0.02, 0.03, -0.95
Gyro: -0.85, 0.14, -2.10
Accel: -0.02, 0.03, -0.96
Gyro: -1.61, -0.03, -2.04
Accel: -0.02, 0.03, -0.96
Gyro: -2.05, -0.24, -1.95
Accel: -0.01, 0.02, -0.97
Gyro: -2.51, -0.58, -2.06
Accel: -0.03, 0.03, -0.97
Gyro: -3.27, 0.08, -2.53
Accel: -0.02, 0.02, -0.96
Gyro: -2.66, 0.21, -2.46
Accel: -0.01, 0.02, -0.96
Gyro: -2.91, 0.14, -2.94
Accel: -0.02, 0.04, -0.96
Gyro: -3.20, 0.17, -2.77
Accel: -0.01, 0.04, -0.96
Gyro: -2.46, 0.63, -2.24
Accel: -0.01, 0.03, -0.95
Gyro: -2.22, 0.61, -2.23
Accel: -0.01, 0.03, -0.96
Gyro: -2.62, 0.15, -2.46
Accel: -0.02, 0.02, -0.97
Gyro: -3.22, -0.17, -3.46
Accel: -0.01, -0.04, -0.96
Gyro: -4.10, -0.01, -7.72
Accel: -0.02, -0.08, -0.96
Gyro: -4.06, 1.27, -21.17
Accel: -0.02, -0.10, -0.98
Gyro: -1.43, 2.75, -39.02
Accel: -0.05, -0.12, -1.05
Gyro: 2.18, 8.97, -60.51
Accel: -0.07, -0.08, -1.05
Gyro: 5.58, 23.31, -76.10
Accel: -0.04, -0.22, -0.99
Gyro: 10.59, 25.27, -97.14
Accel: -0.07, -0.30, -1.03
Gyro: 7.71, 30.73, -139.88
Accel: -0.08, -0.25, -1.01
Gyro: 14.11, 36.97, -176.88
Accel: -0.08, -0.19, -0.99
Gyro: 12.70, 39.48, -202.12
Accel: -0.07, -0.15, -0.97
Gyro: 8.51, 41.88, -221.66
Accel: -0.04, -0.04, -0.95
Gyro: -1.21, 39.19, -227.71
Accel: -0.02, 0.06, -0.85
Gyro: -7.42, 32.29, -219.90
Accel: 0.08, 0.20, -0.82
Gyro: -24.45, 18.72, -203.21
Accel: 0.14, 0.48, -0.79
Gyro: -25.70, 1.72, -156.23
Accel: 0.08, 0.49, -0.85
Gyro: -6.98, -9.74, -94.39
Accel: 0.07, 0.37, -0.90
Gyro: -17.49, -11.81, -56.92
Accel: 0.08, 0.36, -0.89
Gyro: -16.52, -18.77, -31.30
Accel: 0.02, 0.35, -1.01
Gyro: -12.52, -18.15, -11.80
Accel: 0.02, 0.23, -1.00
Gyro: -4.78, -4.30, -4.82
Accel: 0.05, 0.23, -0.97
Gyro: -5.68, -4.54, -3.15
Accel: 0.05, 0.24, -0.99
Gyro: -1.80, -0.34, 3.11
Accel: 0.07, 0.21, -0.94
Gyro: -0.92, -0.13, 7.99
Accel: 0.07, 0.26, -0.96
Gyro: -3.48, -3.56, 18.39
Accel: 0.07, 0.31, -0.93
Gyro: -8.09, -6.10, 38.52
Accel: 0.08, 0.37, -0.91
Gyro: -15.38, -10.89, 65.35
Accel: 0.06, 0.47, -0.91
Gyro: -15.60, -18.45, 105.83
Accel: 0.02, 0.41, -0.86
Gyro: -18.39, -27.23, 144.74
Accel: -0.03, 0.36, -0.88
Gyro: -19.81, -33.68, 173.34
Accel: -0.04, 0.31, -0.92
Gyro: -20.22, -36.44, 195.44
Accel: -0.09, 0.21, -0.86
Gyro: -19.15, -41.37, 204.85
Accel: -0.10, 0.10, -0.93
Gyro: -14.66, -44.25, 197.40
Accel: -0.08, 0.06, -0.99
Gyro: -9.20, -41.52, 180.02
Accel: -0.06, 0.05, -0.98
Gyro: -0.16, -37.06, 159.46
Accel: -0.03, -0.01, -0.93
Gyro: 11.05, -37.38, 138.45
Accel: -0.00, -0.11, -0.96
Gyro: 18.85, -38.28, 107.57
Accel: -0.05, -0.05, -1.07
Gyro: 27.03, -28.75, 81.70
Accel: -0.02, -0.19, -0.95
Gyro: 18.49, -22.83, 57.82
Accel: -0.04, -0.10, -1.01
Gyro: 7.16, -19.65, 36.16
Accel: -0.05, -0.04, -1.03
Gyro: 4.78, -11.20, 24.18
Accel: -0.04, 0.00, -1.01
Gyro: 4.63, -4.12, 14.76
Accel: -0.01, 0.02, -0.96
Gyro: 6.17, -1.57, 8.51
Accel: -0.01, 0.04, -0.95
Gyro: 5.33, -2.69, 3.98
Accel: -0.01, 0.05, -0.96
Gyro: 4.97, -3.05, 2.83
Accel: -0.01, 0.05, -0.96
Gyro: 3.65, -3.27, 2.00
Accel: -0.03, 0.05, -0.96
Gyro: 4.07, -2.37, 1.58
Accel: -0.02, 0.06, -0.96
Gyro: 3.39, -2.40, 1.14
Accel: -0.03, 0.05, -0.96
Gyro: 3.78, -2.18, 0.79
Accel: -0.03, 0.05, -0.96
Gyro: 3.47, -2.56, 0.43
Accel: -0.02, 0.04, -0.96
Gyro: 3.27, -2.60, 0.30
Accel: -0.02, 0.04, -0.97
Gyro: 1.95, -1.72, 0.45
Accel: -0.02, 0.04, -0.96
Gyro: 0.47, -1.30, 0.47
Accel: -0.01, 0.03, -0.96
Gyro: -0.66, -0.86, -0.37
Accel: -0.03, 0.03, -0.96
Gyro: -1.41, -0.42, -0.95
Accel: -0.02, 0.03, -0.97
Gyro: -2.90, 0.27, -2.30
Accel: -0.02, 0.04, -0.98
Gyro: -2.63, 0.50, -3.20
Accel: -0.01, 0.05, -0.97
Gyro: -2.23, 1.65, -3.22
Accel: -0.00, 0.04, -0.95
Gyro: -1.32, 2.18, -2.89
Accel: -0.00, 0.04, -0.96
Gyro: -1.50, 1.45, -3.01
Accel: -0.01, 0.04, -0.96
Gyro: -0.11, 0.79, -2.17
Accel: -0.00, 0.03, -0.95
Gyro: -0.83, -0.60, -2.33
Accel: -0.01, 0.02, -0.96
Gyro: -1.59, -1.04, -2.68
Accel: -0.01, 0.04, -0.96
Gyro: -2.48, -0.74, -3.41
Accel: -0.01, 0.03, -0.96
Gyro: -2.15, -0.94, -4.04
Accel: -0.02, 0.03, -0.96
Gyro: -2.33, -0.85, -4.68
Accel: -0.02, 0.04, -0.97
Gyro: -1.67, -0.94, -4.24
Accel: -0.01, 0.04, -0.97
Gyro: -2.06, -0.31, -4.17
Accel: -0.02, 0.04, -0.96
Gyro: -2.61, 0.24, -3.52
Accel: -0.01, 0.04, -0.96
Gyro: -2.61, 0.29, -2.92
Accel: -0.01, 0.03, -0.96
Gyro: -3.86, 0.46, -3.33
Accel: -0.01, 0.05, -0.96
Gyro: -3.80, 1.16, -3.35
