Accel: 0.04, -0.03, -0.96
Gyro: -0.53, -2.15, 0.18
Accel: 0.03, -0.04, -0.97
Gyro: -0.40, -1.70, -0.37
Accel: 0.03, -0.03, -0.96
Gyro: -0.96, -0.82, -0.66
Accel: 0.04, -0.03, -0.97
Gyro: -1.40, 0.10, -0.92
Accel: 0.04, -0.04, -0.97
Gyro: -2.25, 0.50, -1.11
Accel: 0.04, -0.03, -0.96
Gyro: -2.72, 0.70, -1.19
Accel: 0.04, -0.03, -0.96
Gyro: -2.88, 0.72, -1.42
Accel: 0.04, -0.02, -0.96
Gyro: -2.92, 0.27, -1.38
Accel: 0.04, -0.02, -0.96
Gyro: -2.45, 0.09, -1.38
Accel: 0.04, -0.03, -0.96
Gyro: -1.75, 0.11, -1.18
Accel: 0.05, -0.03, -0.96
Gyro: -2.14, -0.21, -1.32
Accel: 0.04, -0.02, -0.96
Gyro: -1.47, -0.52, -1.26
Accel: 0.04, -0.04, -0.96
Gyro: -1.43, -1.15, -1.47
Accel: 0.05, -0.04, -0.96
Gyro: -2.76, -1.14, -2.08
Accel: 0.04, -0.02, -0.96
Gyro: -2.46, -0.25, -2.13
Accel: 0.04, -0.03, -0.96
Gyro: -1.94, -0.11, -1.87
Accel: 0.04, -0.03, -0.96
Gyro: -2.54, -0.08, -1.87
Accel: 0.04, -0.03, -0.96
Gyro: -3.21, -0.31, -1.71
Accel: 0.04, -0.04, -0.97
Gyro: -3.36, -0.13, -1.98
Accel: 0.04, -0.02, -0.96
Gyro: -3.72, 0.26, -2.60
Accel: 0.04, -0.02, -0.96
Gyro: -2.46, -0.18, -2.48
Accel: 0.05, -0.03, -0.96
Gyro: -2.40, -0.47, -2.40
Accel: 0.05, -0.02, -0.96
Gyro: -2.43, -0.28, -2.16
Accel: 0.04, -0.02, -0.96
Gyro: -1.81, -0.40, -1.75
Accel: 0.04, -0.04, -0.96
Gyro: -1.87, -0.61, -1.82
Accel: 0.04, -0.04, -0.96
Gyro: -2.43, -0.37, -2.71
Accel: 0.05, -0.06, -0.96
Gyro: -2.73, -0.50, -4.42
Accel: 0.04, -0.17, -0.97
Gyro: -4.04, 0.44, -15.79
Accel: 0.05, -0.17, -0.96
Gyro: -1.10, 1.06, -39.70
Accel: 0.04, -0.23, -0.95
Gyro: 1.34, 0.09, -59.46
Accel: 0.02, -0.35, -0.99
Gyro: -4.07, 0.88, -91.58
Accel: -0.01, -0.43, -1.01
Gyro: -6.39, 6.55, -134.02
Accel: -0.04, -0.31, -0.96
Gyro: -0.72, 10.43, -183.49
Accel: -0.12, -0.43, -1.00
Gyro: 2.49, 14.76, -226.54
Accel: -0.15, -0.11, -1.03
Gyro: 5.00, 22.64, -250.00
Accel: -0.10, 0.15, -0.89
Gyro: 15.52, 23.41, -249.42
Accel: -0.04, 0.25, -0.86
Gyro: 10.99, 14.25, -214.94
Accel: 0.04, 0.46, -0.87
Gyro: 0.21, 5.95, -162.43
Accel: 0.09, 0.54, -0.86
Gyro: -5.00, -7.64, -92.11
Accel: 0.09, 0.56, -0.87
Gyro: -15.01, -19.66, -19.95
Accel: 0.03, 0.53, -0.98
Gyro: -20.63, -26.40, 44.27
Accel: -0.02, 0.51, -0.99
Gyro: -22.95, -25.16, 97.14
Accel: -0.05, 0.50, -0.94
Gyro: -20.59, -27.02, 146.60
Accel: -0.11, 0.51, -0.89
Gyro: -16.61, -33.20, 193.97
Accel: -0.19, 0.36, -0.91
Gyro: -15.77, -39.47, 238.69
Accel: -0.22, 0.12, -0.95
Gyro: -19.23, -40.66, 249.99
Accel: -0.23, 0.04, -1.01
Gyro: -15.42, -39.07, 244.95
Accel: -0.23, -0.07, -1.05
Gyro: -6.39, -30.41, 221.62
Accel: -0.19, -0.18, -1.03
Gyro: 2.88, -19.69, 187.19
Accel: -0.12, -0.31, -1.04
Gyro: 4.94, -11.11, 137.86
Accel: -0.08, -0.30, -1.02
Gyro: 4.91, -3.76, 85.53
Accel: -0.04, -0.21, -1.00
Gyro: 9.41, 1.51, 43.52
Accel: -0.01, -0.17, -0.96
Gyro: 11.65, 4.42, 11.90
Accel: -0.00, -0.11, -0.95
Gyro: 9.51, 5.04, -8.87
Accel: 0.00, -0.04, -0.95
Gyro: 9.73, 3.62, -18.37
Accel: 0.01, -0.00, -0.95
Gyro: 8.44, 2.35, -18.07
Accel: 0.01, 0.01, -0.94
Gyro: 6.36, 0.82, -14.02
Accel: 0.02, 0.02, -0.95
Gyro: 3.33, -0.29, -8.01
Accel: 0.02, 0.02, -0.95
Gyro: 1.34, -1.56, -2.33
Accel: 0.01, 0.00, -0.96
Gyro: -0.10, -2.84, -0.06
Accel: 0.00, 0.00, -0.96
Gyro: -0.20, -2.55, 0.41
Accel: 0.01, -0.00, -0.98
Gyro: 1.76, -1.75, 0.50
Accel: 0.01, -0.02, -0.97
Gyro: 3.41, -0.73, -0.63
Accel: 0.01, -0.02, -0.96
Gyro: 1.75, 0.34, -3.01
Accel: 0.01, -0.01, -0.97
Gyro: -0.47, 1.08, -4.46
Accel: 0.02, -0.00, -0.97
Gyro: -3.03, 1.09, -5.20
Accel: 0.02, 0.01, -0.97
Gyro: -5.42, 1.67, -6.16
Accel: 0.02, 0.02, -0.96
Gyro: -6.85, 1.01, -6.85
Accel: 0.02, 0.02, -0.95
Gyro: -7.77, 0.18, -8.12
Accel: 0.01, 0.05, -0.95
Gyro: -6.75, -0.39, -8.34
Accel: 0.01, 0.05, -0.97
Gyro: -4.28, -0.66, -7.99
Accel: 0.01, 0.03, -0.94
Gyro: -3.08, -2.07, -8.71
Accel: 0.00, 0.07, -0.95
Gyro: -2.15, -4.80, -6.95
Accel: -0.00, 0.06, -0.97
Gyro: -1.17, -4.57, -2.14
Accel: -0.00, 0.02, -0.97
Gyro: -1.82, -2.85, -0.35
Accel: -0.00, 0.01, -0.97
Gyro: -0.84, -1.42, -1.13
Accel: 0.00, 0.01, -0.97
Gyro: 0.92, -0.51, -2.24
Accel: -0.00, 0.01, -0.97
Gyro: 2.04, 0.01, -3.03
Accel: -0.00, -0.01, -0.96
Gyro: 2.80, 0.92, -3.23
Accel: 0.00, -0.01, -0.96
Gyro: 2.37, 1.59, -3.24
Accel: 0.01, -0.02, -0.97
Gyro: 1.09, 2.30, -3.41
Accel: 0.01, -0.00, -0.97
Gyro: 0.34, 2.66, -4.12
Accel: 0.02, -0.01, -0.97
Gyro: 0.05, 2.11, -3.49
Accel: 0.02, -0.02, -0.95
Gyro: -1.43, 2.07, -3.90
Accel: 0.02, -0.00, -0.96
Gyro: -2.51, 1.78, -3.55
Accel: 0.03, -0.00, -0.95
Gyro: -2.61, 1.31, -3.34
Accel: 0.03, -0.00, -0.96
Gyro: -2.78, 0.69, -3.60
Accel: 0.03, 0.01, -0.97
Gyro: -3.43, 0.16, -4.00
Accel: 0.02, 0.01, -0.96
Gyro: -3.62, -0.21, -4.36
Accel: 0.03, 0.01, -0.97
Gyro: -4.07, -0.53, -5.33
Accel: 0.03, 0.01, -0.96
Gyro: -2.68, -0.25, -5.98
Accel: 0.03, 0.01, -0.96
Gyro: -2.04, -0.90, -6.92
Accel: 0.02, 0.01, -0.95
Gyro: -1.74, -1.05, -7.50
Accel: 0.01, 0.01, -0.97
Gyro: -0.82, -0.94, -7.96
Accel: 0.02, -0.00, -0.97
Gyro: -0.08, -0.69, -8.52
Accel: 0.01, 0.00, -0.96
Gyro: 0.06, -0.46, -8.51
Accel: 0.02, 0.01, -0.96
Gyro: 0.36, -0.50, -7.13
Accel: 0.02, 0.00, -0.97
Gyro: -0.30, -0.67, -4.26
Accel: 0.02, 0.01, -0.96
Gyro: -1.58, -0.67, -2.31
Accel: 0.02, -0.00, -0.96
Gyro: -2.11, -1.14, -0.72
Accel: 0.02, -0.01, -0.96
Gyro: -2.35, -1.24, -0.50
