Accel: -0.17, -0.09, -0.95
Gyro: -2.40, 0.54, -2.17
Accel: -0.18, -0.09, -0.96
Gyro: -1.66, -0.37, -2.07
Accel: -0.17, -0.08, -0.96
Gyro: -3.27, -0.13, -2.39
Accel: -0.17, -0.08, -0.96
Gyro: -1.98, 0.25, -2.05
Accel: -0.17, -0.09, -0.97
Gyro: -2.55, 1.03, -1.75
Accel: -0.17, -0.09, -0.96
Gyro: -1.30, 1.37, -1.59
Accel: -0.16, -0.10, -0.96
Gyro: -2.37, 1.72, -2.40
Accel: -0.17, -0.08, -0.97
Gyro: -2.24, 1.89, -3.18
Accel: -0.16, -0.08, -0.95
Gyro: -0.85, 1.47, -2.76
Accel: -0.17, -0.10, -0.96
Gyro: -2.26, 1.31, -2.94
Accel: -0.16, -0.09, -0.97
Gyro: -3.07, 2.44, -3.21
Accel: -0.16, -0.08, -0.96
Gyro: -1.96, 2.48, -2.87
Accel: -0.16, -0.10, -0.96
Gyro: -2.84, 2.21, -3.05
Accel: -0.16, -0.10, -0.97
Gyro: -3.22, 2.34, -3.42
Accel: -0.16, -0.10, -0.97
Gyro: -3.59, 2.46, -3.55
Accel: -0.16, -0.10, -0.97
Gyro: -5.01, 3.27, -4.82
Accel: -0.15, -0.08, -0.96
Gyro: -4.36, 3.60, -4.96
Accel: -0.15, -0.10, -0.96
Gyro: -4.47, 3.61, -5.15
Accel: -0.15, -0.09, -0.96
Gyro: -5.89, 3.40, -5.74
Accel: -0.14, -0.10, -0.96
Gyro: -6.38, 3.81, -6.34
Accel: -0.15, -0.13, -0.97
Gyro: -8.90, 4.14, -9.21
Accel: -0.16, -0.18, -0.98
Gyro: -13.18, 5.90, -16.11
Accel: -0.16, -0.29, -0.97
Gyro: -13.12, 8.24, -35.61
Accel: -0.15, -0.32, -0.97
Gyro: -8.50, 8.42, -67.54
Accel: -0.18, -0.33, -1.00
Gyro: -7.20, 11.85, -97.89
Accel: -0.20, -0.36, -1.01
Gyro: -10.03, 17.67, -131.21
Accel: -0.21, -0.34, -0.95
Gyro: -9.55, 21.32, -161.87
Accel: -0.21, -0.27, -0.91
Gyro: -9.46, 18.17, -186.44
Accel: -0.21, -0.24, -0.92
Gyro: -14.14, 15.54, -201.44
Accel: -0.19, -0.12, -0.93
Gyro: -21.71, 15.09, -205.46
Accel: -0.19, -0.15, -0.91
Gyro: -27.97, 15.09, -203.29
Accel: -0.14, 0.05, -0.93
Gyro: -37.63, 15.67, -198.97
Accel: -0.08, 0.15, -0.90
Gyro: -28.31, 9.45, -173.86
Accel: -0.05, 0.26, -0.94
Gyro: -27.82, 5.04, -145.92
Accel: -0.04, 0.25, -0.93
Gyro: -20.95, 0.34, -112.52
Accel: -0.05, 0.27, -0.98
Gyro: -18.97, -1.43, -87.96
Accel: -0.03, 0.26, -0.98
Gyro: -14.69, -3.46, -64.12
Accel: -0.07, 0.25, -1.00
Gyro: -11.46, -6.99, -40.96
Accel: -0.03, 0.22, -0.98
Gyro: -5.19, -1.34, -24.19
Accel: -0.02, 0.20, -1.00
Gyro: -3.91, -0.27, -11.25
Accel: -0.00, 0.20, -0.99
Gyro: 1.15, 1.81, 2.08
Accel: 0.01, 0.16, -0.98
Gyro: 1.84, 0.98, 15.15
Accel: 0.00, 0.15, -1.01
Gyro: -1.25, 3.72, 27.82
Accel: 0.04, 0.18, -0.96
Gyro: -2.20, 1.99, 42.59
Accel: 0.06, 0.38, -0.95
Gyro: -1.11, -5.84, 69.96
Accel: 0.01, 0.51, -0.93
Gyro: 6.18, -11.09, 125.47
Accel: -0.06, 0.39, -0.92
Gyro: 6.39, -17.49, 174.75
Accel: -0.16, 0.29, -0.93
Gyro: 8.10, -21.48, 210.01
Accel: -0.23, 0.06, -0.90
Gyro: 11.60, -24.04, 221.65
Accel: -0.22, -0.06, -0.98
Gyro: 7.24, -23.15, 210.66
Accel: -0.24, -0.11, -0.99
Gyro: -1.50, -17.01, 200.05
Accel: -0.23, -0.14, -1.06
Gyro: 1.73, -10.77, 175.90
Accel: -0.19, -0.23, -0.95
Gyro: 6.48, -4.02, 153.82
Accel: -0.15, -0.19, -0.95
Gyro: 8.98, -7.12, 120.16
Accel: -0.11, -0.12, -0.92
Gyro: 11.68, -12.11, 100.93
Accel: -0.12, -0.07, -0.94
Gyro: 15.53, -16.94, 89.48
Accel: -0.14, -0.09, -0.96
Gyro: 20.18, -17.50, 81.53
Accel: -0.16, -0.17, -1.00
Gyro: 18.30, -14.61, 69.30
Accel: -0.15, -0.16, -0.97
Gyro: 13.46, -10.83, 54.46
Accel: -0.13, -0.14, -0.97
Gyro: 17.50, -10.62, 41.81
Accel: -0.13, -0.14, -0.96
Gyro: 21.55, -10.79, 30.12
Accel: -0.14, -0.14, -0.96
Gyro: 23.27, -11.41, 20.58
Accel: -0.14, -0.14, -0.96
Gyro: 21.90, -11.86, 13.89
Accel: -0.15, -0.15, -1.00
Gyro: 18.51, -10.49, 9.07
Accel: -0.16, -0.15, -0.98
Gyro: 15.31, -7.41, 5.64
Accel: -0.15, -0.16, -0.98
Gyro: 12.97, -4.85, 2.91
Accel: -0.15, -0.16, -0.98
Gyro: 10.31, -2.09, 0.64
Accel: -0.14, -0.16, -0.98
Gyro: 8.46, -0.34, -1.45
Accel: -0.13, -0.15, -0.97
Gyro: 7.24, 0.69, -2.40
Accel: -0.13, -0.14, -0.96
Gyro: 6.08, 1.59, -2.30
Accel: -0.13, -0.14, -0.96
Gyro: 4.76, 1.62, -2.21
Accel: -0.12, -0.13, -0.95
Gyro: 2.84, 1.64, -1.17
Accel: -0.12, -0.14, -0.96
Gyro: 1.17, 1.16, -0.53
Accel: -0.12, -0.14, -0.95
Gyro: -0.21, 0.47, -0.53
Accel: -0.12, -0.14, -0.95
Gyro: -0.10, -0.56, -0.37
Accel: -0.13, -0.13, -0.95
Gyro: 0.12, -1.13, -0.33
Accel: -0.13, -0.14, -0.96
Gyro: 0.01, -1.57, -0.50
Accel: -0.13, -0.14, -0.95
Gyro: 0.09, -1.63, -0.55
Accel: -0.13, -0.14, -0.96
Gyro: -0.55, -1.37, -1.24
Accel: -0.14, -0.14, -0.98
Gyro: -0.26, -1.47, -2.01
Accel: -0.14, -0.14, -0.95
Gyro: 1.89, -1.56, -1.34
Accel: -0.14, -0.15, -0.97
Gyro: 1.38, -1.82, -1.13
Accel: -0.14, -0.14, -0.97
Gyro: 0.11, -1.03, -1.50
Accel: -0.13, -0.14, -0.96
Gyro: -0.02, -0.43, -1.42
Accel: -0.13, -0.14, -0.96
Gyro: -0.20, -0.11, -1.14
Accel: -0.13, -0.14, -0.96
Gyro: -0.33, -0.24, -1.11
Accel: -0.13, -0.15, -0.96
Gyro: 0.54, -0.50, -1.09
Accel: -0.13, -0.16, -0.96
Gyro: -1.61, 0.04, -2.35
Accel: -0.12, -0.15, -0.96
Gyro: -1.08, 0.79, -2.37
Accel: -0.13, -0.16, -0.96
Gyro: -1.24, 0.93, -2.58
Accel: -0.12, -0.15, -0.95
Gyro: -2.66, 1.17, -3.07
Accel: -0.12, -0.15, -0.95
Gyro: -2.88, 0.62, -2.66
Accel: -0.12, -0.15, -0.95
Gyro: -2.22, -0.24, -1.86
Accel: -0.12, -0.15, -0.97
Gyro: -2.34, -0.32, -1.34
Accel: -0.13, -0.14, -0.96
Gyro: -2.17, -0.05, -0.28
Accel: -0.12, -0.15, -0.96
Gyro: -2.24, 0.22, 0.07
Accel: -0.12, -0.16, -0.96
Gyro: -2.66, 0.16, -0.47
Accel: -0.12, -0.15, -0.95
Gyro: -2.37, -0.35, -1.41
Accel: -0.12, -0.15, -0.95
Gyro: -1.50, -0.76, -1.94
Accel: -0.12, -0.15, -0.95
Gyro: -1.38, -0.92, -2.07
Accel: -0.12, -0.14, -0.96
Gyro: -1.16, -1.06, -1.63
