Accel: 0.00, -0.00, -0.97
Gyro: -1.10, -0.60, -2.75
Accel: 0.00, -0.02, -0.96
Gyro: -0.74, -1.17, -1.05
Accel: 0.00, -0.02, -0.96
Gyro: -2.03, -1.10, -0.44
Accel: 0.00, -0.02, -0.96
Gyro: -2.66, -0.66, 0.00
Accel: 0.01, -0.02, -0.96
Gyro: -2.22, -0.48, 0.06
Accel: 0.01, -0.03, -0.95
Gyro: -2.25, -0.40, -0.62
Accel: 0.01, -0.02, -0.96
Gyro: -2.14, -0.93, -0.91
Accel: 0.01, -0.03, -0.96
Gyro: -1.58, -1.36, -0.80
Accel: 0.01, -0.03, -0.96
Gyro: -2.65, -1.05, -1.52
Accel: 0.01, -0.02, -0.96
Gyro: -1.82, -1.09, -1.34
Accel: 0.01, -0.03, -0.97
Gyro: -2.49, -1.37, -2.09
Accel: -0.00, -0.02, -0.97
Gyro: -2.75, -0.85, -2.82
Accel: 0.00, -0.02, -0.97
Gyro: -2.35, -0.18, -3.00
Accel: 0.01, -0.03, -0.96
Gyro: -2.33, -0.08, -3.02
Accel: 0.01, -0.02, -0.96
Gyro: -2.84, -0.14, -3.33
Accel: 0.00, -0.01, -0.96
Gyro: -3.16, -0.07, -2.81
Accel: 0.01, -0.02, -0.97
Gyro: -2.78, 0.11, -2.29
Accel: 0.00, -0.02, -0.95
Gyro: -3.56, 0.09, -2.19
Accel: 0.00, -0.02, -0.95
Gyro: -3.55, -0.05, -2.26
Accel: 0.01, -0.02, -0.97
Gyro: -3.54, -0.01, -2.62
Accel: 0.01, -0.01, -0.97
Gyro: -2.54, -0.08, -2.59
Accel: 0.01, -0.01, -0.96
Gyro: -2.67, 0.40, -2.46
Accel: 0.01, -0.00, -0.96
Gyro: -2.42, 0.34, -2.28
Accel: 0.01, -0.00, -0.96
Gyro: -0.87, -0.50, -1.22
Accel: 0.01, -0.01, -0.96
Gyro: -1.02, -0.75, -1.27
Accel: 0.01, -0.01, -0.96
Gyro: -0.98, -0.34, -1.09
Accel: 0.01, -0.03, -0.95
Gyro: -0.88, -0.10, -0.75
Accel: 0.00, -0.03, -0.97
Gyro: -1.01, 0.04, -1.16
Accel: 0.01, -0.03, -0.96
Gyro: -2.20, 0.18, -1.52
Accel: 0.02, -0.03, -0.96
Gyro: -2.42, 0.31, -1.79
Accel: 0.02, -0.03, -0.96
Gyro: -3.39, 0.23, -2.76
Accel: 0.01, -0.01, -0.96
Gyro: -2.78, 0.50, -3.20
Accel: 0.02, -0.03, -0.96
Gyro: -2.59, 0.05, -3.49
Accel: 0.01, -0.03, -0.96
Gyro: -3.41, -0.23, -4.62
Accel: 0.02, -0.06, -0.96
Gyro: -3.84, 0.17, -7.14
Accel: 0.01, -0.14, -0.96
Gyro: -3.78, 0.79, -17.76
Accel: 0.01, -0.20, -0.97
Gyro: -2.82, 1.87, -38.27
Accel: -0.01, -0.28, -0.98
Gyro: -2.43, 2.49, -67.18
Accel: -0.05, -0.34, -0.99
Gyro: -7.13, 5.20, -98.91
Accel: -0.09, -0.46, -1.01
Gyro: -19.25, 8.82, -135.68
Accel: -0.11, -0.26, -1.04
Gyro: -34.11, 21.21, -167.19
Accel: -0.09, -0.09, -0.93
Gyro: -34.58, 28.18, -176.87
Accel: -0.06, 0.06, -0.87
Gyro: -30.43, 27.57, -176.17
Accel: -0.04, 0.13, -0.89
Gyro: -27.07, 22.19, -170.91
Accel: -0.00, 0.26, -0.89
Gyro: -21.98, 17.88, -156.52
Accel: 0.01, 0.30, -0.93
Gyro: -16.94, 14.48, -136.74
Accel: 0.03, 0.30, -0.91
Gyro: -13.00, 11.58, -118.39
Accel: 0.03, 0.31, -0.95
Gyro: -9.77, 8.19, -101.59
Accel: 0.06, 0.33, -0.98
Gyro: -11.86, 4.05, -85.04
Accel: 0.05, 0.33, -0.90
Gyro: -10.06, 4.91, -65.37
Accel: 0.05, 0.37, -0.88
Gyro: -14.35, 0.46, -42.12
Accel: 0.03, 0.33, -0.91
Gyro: -11.92, -0.95, -18.50
Accel: 0.04, 0.28, -0.92
Gyro: -11.29, -1.75, -1.95
Accel: 0.04, 0.29, -0.97
Gyro: -9.57, -3.19, 8.49
Accel: 0.04, 0.23, -0.94
Gyro: -4.82, -3.22, 14.23
Accel: 0.02, 0.22, -0.99
Gyro: -4.32, -1.40, 17.69
Accel: 0.05, 0.23, -0.94
Gyro: -3.11, -0.75, 21.71
Accel: 0.05, 0.35, -0.93
Gyro: -3.09, -3.94, 35.96
Accel: 0.05, 0.41, -0.91
Gyro: -0.66, -8.58, 65.41
Accel: 0.05, 0.42, -0.88
Gyro: 0.96, -15.39, 98.84
Accel: 0.03, 0.37, -0.88
Gyro: 1.96, -24.43, 130.68
Accel: -0.00, 0.27, -0.92
Gyro: -4.09, -30.29, 149.78
Accel: -0.05, 0.25, -0.92
Gyro: -3.65, -32.49, 162.51
Accel: -0.07, 0.15, -0.91
Gyro: -4.27, -32.37, 167.59
Accel: -0.08, 0.07, -0.96
Gyro: -0.79, -32.23, 160.30
Accel: -0.06, 0.04, -0.99
Gyro: 0.15, -27.95, 147.06
Accel: -0.06, 0.00, -1.08
Gyro: 2.69, -18.49, 132.72
Accel: -0.03, -0.03, -1.00
Gyro: 0.57, -8.77, 119.14
Accel: 0.00, -0.07, -0.95
Gyro: 5.35, -8.21, 98.86
Accel: 0.02, -0.06, -0.96
Gyro: 10.07, -8.58, 77.19
Accel: 0.03, -0.05, -0.95
Gyro: 14.01, -7.62, 57.92
Accel: 0.04, -0.05, -0.96
Gyro: 14.79, -6.51, 40.02
Accel: 0.05, -0.03, -0.97
Gyro: 12.70, -5.81, 25.15
Accel: 0.05, -0.02, -0.95
Gyro: 9.67, -5.46, 14.43
Accel: 0.05, -0.01, -0.94
Gyro: 7.77, -7.42, 5.62
Accel: 0.05, 0.01, -0.95
Gyro: 6.52, -9.05, 0.08
Accel: 0.04, 0.03, -0.96
Gyro: 5.82, -9.67, -2.33
Accel: 0.03, 0.03, -0.95
Gyro: 4.20, -10.72, -3.29
Accel: 0.03, 0.02, -0.93
Gyro: 2.71, -12.54, -4.23
Accel: 0.03, 0.03, -0.93
Gyro: 1.32, -15.19, -3.90
Accel: 0.02, 0.05, -0.92
Gyro: -1.53, -18.45, -1.77
Accel: -0.02, 0.04, -0.98
Gyro: -3.18, -16.96, 0.21
Accel: -0.03, 0.02, -0.99
Gyro: -5.36, -12.70, -0.42
Accel: -0.04, 0.04, -0.99
Gyro: -3.88, -10.07, -2.48
Accel: -0.04, 0.05, -0.97
Gyro: -1.49, -8.81, -3.33
Accel: -0.04, 0.06, -0.98
Gyro: -1.09, -7.23, -3.33
Accel: -0.05, 0.06, -0.97
Gyro: 0.14, -6.13, -2.22
Accel: -0.06, 0.04, -0.97
Gyro: -0.57, -5.20, -2.04
Accel: -0.06, 0.05, -0.98
Gyro: -0.45, -3.80, -2.09
Accel: -0.06, 0.05, -0.97
Gyro: -0.20, -2.66, -1.85
Accel: -0.05, 0.04, -0.96
Gyro: -0.67, -1.77, -1.33
Accel: -0.05, 0.05, -0.96
Gyro: -1.17, -1.43, -1.83
Accel: -0.04, 0.03, -0.95
Gyro: -0.76, -2.01, -2.26
Accel: -0.05, 0.03, -0.96
Gyro: -1.76, -2.57, -3.91
Accel: -0.05, 0.04, -0.96
Gyro: -1.13, -2.40, -4.40
Accel: -0.06, 0.04, -0.97
Gyro: -0.39, -1.37, -4.11
Accel: -0.06, 0.03, -0.96
Gyro: -0.79, -0.15, -3.99
Accel: -0.06, 0.03, -0.98
Gyro: -1.32, 1.26, -3.41
Accel: -0.06, 0.03, -0.99
Gyro: -2.53, 4.32, -2.25
Accel: -0.04, 0.03, -0.97
Gyro: -3.46, 6.43, -1.91
Accel: -0.03, 0.04, -0.94
Gyro: -2.66, 6.14, -1.80
