Accel: -0.03, -0.03, -0.96
Gyro: -2.42, -0.85, -1.91
Accel: -0.02, -0.03, -0.97
Gyro: -1.95, -1.56, -1.74
Accel: -0.03, -0.03, -0.96
Gyro: -2.64, -1.02, -2.31
Accel: -0.04, -0.02, -0.96
Gyro: -1.71, -0.94, -1.80
Accel: -0.03, -0.04, -0.96
Gyro: -2.59, -0.98, -1.89
Accel: -0.04, -0.03, -0.96
Gyro: -3.08, -0.63, -2.20
Accel: -0.03, -0.03, -0.96
Gyro: -2.75, -0.37, -2.17
Accel: -0.04, -0.03, -0.96
Gyro: -2.60, 0.02, -2.05
Accel: -0.04, -0.03, -0.96
Gyro: -3.12, -0.26, -2.38
Accel: -0.04, -0.02, -0.96
Gyro: -3.27, -0.08, -2.53
Accel: -0.03, -0.03, -0.96
Gyro: -3.29, 0.11, -2.79
Accel: -0.03, -0.03, -0.96
Gyro: -3.52, 0.08, -3.58
Accel: -0.03, -0.02, -0.96
Gyro: -3.30, -0.06, -3.75
Accel: -0.03, -0.02, -0.95
Gyro: -3.23, -0.17, -3.55
Accel: -0.03, -0.01, -0.96
Gyro: -2.88, -0.65, -3.24
Accel: -0.02, -0.02, -0.96
Gyro: -2.37, -0.92, -2.66
Accel: -0.03, -0.03, -0.96
Gyro: -2.12, -0.43, -2.13
Accel: -0.03, -0.03, -0.97
Gyro: -2.78, -0.59, -2.40
Accel: -0.02, -0.02, -0.96
Gyro: -1.58, -0.66, -1.97
Accel: -0.04, -0.04, -0.96
Gyro: -2.30, -0.89, -2.33
Accel: -0.03, -0.03, -0.96
Gyro: -2.62, -0.54, -2.85
Accel: -0.03, -0.02, -0.96
Gyro: -2.47, -0.02, -2.59
Accel: -0.02, -0.04, -0.95
Gyro: -2.46, -0.13, -2.91
Accel: -0.03, -0.03, -0.96
Gyro: -3.20, -0.38, -3.29
Accel: -0.03, -0.02, -0.96
Gyro: -3.42, -0.24, -3.30
Accel: -0.02, -0.03, -0.97
Gyro: -3.99, 0.15, -3.66
Accel: -0.03, -0.02, -0.95
Gyro: -3.72, 0.43, -3.85
Accel: -0.02, -0.02, -0.96
Gyro: -3.07, 0.06, -3.88
Accel: -0.02, -0.03, -0.96
Gyro: -3.65, 0.15, -4.44
Accel: -0.02, -0.03, -0.96
Gyro: -3.48, 0.28, -5.12
Accel: -0.03, -0.03, -0.96
Gyro: -3.21, 0.31, -6.10
Accel: -0.03, -0.04, -0.96
Gyro: -3.73, 0.21, -7.73
Accel: -0.03, -0.08, -0.98
Gyro: -4.26, 0.69, -11.31
Accel: -0.04, -0.16, -0.98
Gyro: -4.68, 3.03, -25.54
Accel: -0.04, -0.24, -0.99
Gyro: -1.74, 4.71, -48.61
Accel: -0.07, -0.45, -1.02
Gyro: -0.97, 8.80, -93.31
Accel: -0.14, -0.59, -1.04
Gyro: 2.99, 17.90, -158.10
Accel: -0.26, -0.61, -1.10
Gyro: -0.53, 34.22, -244.54
Accel: -0.27, -0.28, -1.03
Gyro: 2.68, 41.16, -250.00
Accel: -0.26, -0.03, -0.98
Gyro: 11.31, 44.04, -250.00
Accel: -0.15, 0.36, -0.95
Gyro: -2.27, 47.07, -250.00
Accel: 0.02, 0.54, -0.78
Gyro: -1.78, 33.95, -184.45
Accel: 0.11, 0.53, -0.76
Gyro: -16.08, 15.40, -108.64
Accel: 0.13, 0.47, -0.83
Gyro: -26.39, -0.72, -46.36
Accel: 0.11, 0.32, -0.89
Gyro: -26.19, -12.29, -8.26
Accel: 0.10, 0.27, -0.95
Gyro: -23.48, -18.55, 9.81
Accel: 0.09, 0.28, -0.98
Gyro: -19.45, -17.05, 26.19
Accel: 0.08, 0.29, -0.93
Gyro: -24.07, -15.04, 45.52
Accel: 0.09, 0.41, -0.92
Gyro: -14.51, -19.65, 76.93
Accel: 0.05, 0.53, -0.91
Gyro: -9.04, -28.04, 125.98
Accel: -0.03, 0.41, -0.86
Gyro: -3.04, -35.74, 174.82
Accel: -0.10, 0.30, -0.93
Gyro: -7.11, -37.41, 204.00
Accel: -0.16, 0.24, -0.97
Gyro: -8.19, -32.94, 222.63
Accel: -0.19, 0.09, -1.01
Gyro: -6.49, -27.86, 229.01
Accel: -0.15, -0.06, -1.16
Gyro: -14.17, -13.42, 205.99
Accel: -0.08, -0.08, -0.95
Gyro: 1.08, -8.89, 184.11
Accel: -0.03, -0.24, -0.89
Gyro: 5.95, -15.34, 150.38
Accel: -0.02, -0.24, -0.97
Gyro: 5.25, -18.11, 109.42
Accel: -0.03, -0.15, -1.00
Gyro: 12.38, -12.60, 80.94
Accel: -0.02, -0.15, -0.97
Gyro: 19.42, -5.45, 58.36
Accel: -0.00, -0.17, -0.94
Gyro: 18.46, -4.10, 35.15
Accel: -0.01, -0.18, -0.96
Gyro: 16.27, -5.42, 15.08
Accel: -0.00, -0.13, -0.98
Gyro: 10.84, -4.64, 0.69
Accel: -0.01, -0.13, -1.00
Gyro: 8.35, -3.34, -10.57
Accel: -0.01, -0.09, -1.00
Gyro: 8.24, 0.28, -17.85
Accel: 0.00, -0.06, -0.99
Gyro: 9.99, 3.55, -19.64
Accel: 0.02, -0.05, -0.96
Gyro: 8.58, 3.97, -18.75
Accel: 0.03, -0.05, -0.94
Gyro: 5.58, 3.27, -15.75
Accel: 0.04, -0.04, -0.95
Gyro: 1.42, 2.72, -12.17
Accel: 0.05, -0.06, -0.94
Gyro: -1.99, 1.60, -9.21
Accel: 0.05, -0.06, -0.95
Gyro: -5.81, 1.22, -8.85
Accel: 0.06, -0.06, -0.95
Gyro: -7.06, -0.18, -9.55
Accel: 0.04, -0.04, -0.96
Gyro: -6.97, -0.50, -10.68
Accel: 0.04, -0.01, -0.97
Gyro: -7.74, -0.05, -11.41
Accel: 0.04, 0.00, -0.96
Gyro: -7.59, 0.23, -10.30
Accel: 0.04, 0.01, -0.97
Gyro: -9.64, 0.47, -8.41
Accel: 0.03, 0.03, -0.96
Gyro: -9.70, 0.31, -5.81
Accel: 0.04, 0.03, -0.96
Gyro: -7.84, 0.37, -3.14
Accel: 0.03, 0.01, -0.96
Gyro: -3.93, -0.11, -1.64
Accel: 0.03, -0.00, -0.96
Gyro: -0.97, -0.54, -1.66
Accel: 0.04, -0.01, -0.96
Gyro: 1.47, -1.04, -1.68
Accel: 0.04, -0.03, -0.95
Gyro: 2.72, -1.78, -1.52
Accel: 0.03, -0.02, -0.95
Gyro: 2.13, -2.50, -1.17
Accel: 0.03, -0.03, -0.95
Gyro: 0.51, -2.73, -0.46
Accel: 0.02, -0.03, -0.96
Gyro: -0.89, -2.66, 0.44
Accel: 0.03, -0.04, -0.97
Gyro: -2.37, -2.82, 0.40
Accel: 0.03, -0.04, -0.97
Gyro: -2.53, -1.78, -0.40
Accel: 0.03, -0.05, -0.98
Gyro: -2.95, -0.30, -2.19
Accel: 0.03, -0.03, -0.96
Gyro: -3.20, 0.72, -4.15
Accel: 0.05, -0.02, -0.97
Gyro: -1.85, 0.33, -4.46
Accel: 0.03, -0.04, -0.97
Gyro: -3.38, 0.72, -6.55
Accel: 0.03, -0.04, -0.97
Gyro: -4.24, 1.75, -9.22
Accel: 0.04, -0.02, -0.97
Gyro: -4.31, 2.07, -11.22
Accel: 0.04, -0.01, -0.96
Gyro: -2.47, 1.82, -11.57
Accel: 0.04, -0.00, -0.96
Gyro: -1.31, 1.22, -10.80
Accel: 0.04, 0.00, -0.96
Gyro: -0.91, -0.05, -8.67
Accel: 0.04, -0.00, -0.96
Gyro: -1.11, -0.81, -6.53
Accel: 0.05, -0.01, -0.96
Gyro: -0.89, -1.46, -4.37
Accel: 0.04, -0.02, -0.96
Gyro: -0.79, -1.80, -2.40
Accel: 0.04, -0.02, -0.95
Gyro: -1.30, -2.14, -0.94
Accel: 0.04, -0.02, -0.95
Gyro: -1.06, -2.14, -0.04
