Accel: 0.06, -0.06, -0.95
Gyro: -3.11, -1.59, -2.81
Accel: 0.05, -0.06, -0.96
Gyro: -3.35, -1.78, -3.78
Accel: 0.05, -0.06, -0.96
Gyro: -2.52, -1.78, -4.24
Accel: 0.05, -0.06, -0.95
Gyro: -1.84, -2.36, -3.89
Accel: 0.05, -0.05, -0.96
Gyro: -2.33, -2.27, -3.75
Accel: 0.05, -0.06, -0.96
Gyro: -2.48, -2.64, -3.23
Accel: 0.05, -0.06, -0.95
Gyro: -3.08, -2.48, -3.31
Accel: 0.05, -0.05, -0.96
Gyro: -3.68, -2.64, -3.38
Accel: 0.04, -0.06, -0.96
Gyro: -4.17, -3.14, -3.58
Accel: 0.04, -0.06, -0.96
Gyro: -3.93, -2.85, -3.44
Accel: 0.03, -0.04, -0.96
Gyro: -3.83, -1.89, -3.47
Accel: 0.03, -0.05, -0.96
Gyro: -3.13, -1.21, -2.87
Accel: 0.03, -0.05, -0.96
Gyro: -3.58, -0.81, -2.97
Accel: 0.04, -0.03, -0.96
Gyro: -2.55, -0.21, -2.17
Accel: 0.03, -0.05, -0.96
Gyro: -2.10, -0.51, -1.17
Accel: 0.04, -0.04, -0.95
Gyro: -2.66, -0.50, -1.51
Accel: 0.04, -0.04, -0.95
Gyro: -2.12, -0.62, -0.92
Accel: 0.04, -0.04, -0.96
Gyro: -1.59, -0.73, -0.80
Accel: 0.04, -0.05, -0.95
Gyro: -1.89, -0.63, -0.76
Accel: 0.04, -0.04, -0.96
Gyro: -1.94, -0.37, -0.57
Accel: 0.04, -0.05, -0.96
Gyro: -2.11, -0.56, -0.80
Accel: 0.04, -0.04, -0.97
Gyro: -2.66, 0.39, -1.30
Accel: 0.04, -0.04, -0.96
Gyro: -1.61, 0.09, -0.92
Accel: 0.04, -0.06, -0.96
Gyro: -2.30, -0.19, -1.34
Accel: 0.04, -0.05, -0.97
Gyro: -2.59, 0.57, -1.40
Accel: 0.05, -0.04, -0.96
Gyro: -1.86, 0.84, -1.14
Accel: 0.04, -0.05, -0.96
Gyro: -1.63, 0.59, -1.10
Accel: 0.06, -0.05, -0.96
Gyro: -2.13, 0.44, -1.38
Accel: 0.06, -0.05, -0.95
Gyro: -2.31, 0.19, -1.34
Accel: 0.05, -0.07, -0.95
Gyro: -2.56, 0.12, -1.96
Accel: 0.05, -0.06, -0.95
Gyro: -2.96, -0.47, -2.88
Accel: 0.05, -0.07, -0.96
Gyro: -3.34, -0.63, -3.80
Accel: 0.05, -0.08, -0.96
Gyro: -3.67, -0.84, -6.36
Accel: 0.04, -0.16, -0.97
Gyro: -4.43, -0.41, -15.53
Accel: 0.04, -0.18, -0.97
Gyro: -2.29, 1.45, -34.16
Accel: 0.03, -0.23, -0.98
Gyro: -0.40, 2.96, -55.82
Accel: 0.01, -0.31, -1.02
Gyro: -0.63, 8.00, -89.48
Accel: 0.00, -0.28, -1.01
Gyro: 8.03, 15.08, -121.22
Accel: -0.02, -0.28, -1.02
Gyro: 13.05, 20.88, -150.81
Accel: -0.04, -0.24, -1.05
Gyro: 12.36, 31.06, -182.02
Accel: 0.01, 0.03, -0.94
Gyro: 21.31, 40.56, -195.47
Accel: 0.08, 0.06, -0.87
Gyro: 32.46, 35.80, -180.33
Accel: 0.14, 0.13, -0.88
Gyro: 14.14, 28.35, -157.59
Accel: 0.17, 0.19, -0.88
Gyro: 7.29, 21.32, -123.01
Accel: 0.21, 0.12, -0.90
Gyro: -3.00, 9.12, -94.35
Accel: 0.20, 0.09, -0.86
Gyro: -6.54, 3.02, -79.03
Accel: 0.23, 0.12, -0.81
Gyro: -4.94, -11.28, -63.57
Accel: 0.18, 0.15, -0.92
Gyro: -9.95, -19.27, -45.58
Accel: 0.16, 0.09, -0.97
Gyro: -13.15, -12.28, -32.07
Accel: 0.15, 0.08, -0.93
Gyro: -7.53, -13.66, -22.04
Accel: 0.13, 0.10, -0.99
Gyro: -9.50, -10.90, -14.13
Accel: 0.14, 0.08, -0.98
Gyro: -3.97, -4.14, -10.97
Accel: 0.15, 0.07, -0.93
Gyro: -1.17, -5.28, -9.54
Accel: 0.14, 0.09, -0.97
Gyro: 1.09, -4.28, -5.52
Accel: 0.14, 0.07, -0.95
Gyro: 0.24, -5.38, -0.74
Accel: 0.15, 0.07, -0.95
Gyro: -2.18, -7.53, 4.28
Accel: 0.13, 0.09, -0.98
Gyro: -6.67, -7.49, 13.35
Accel: 0.13, 0.16, -0.97
Gyro: -12.44, -6.68, 31.59
Accel: 0.14, 0.29, -0.94
Gyro: -15.91, -10.39, 61.47
Accel: 0.11, 0.32, -0.89
Gyro: -18.13, -19.03, 103.42
Accel: 0.06, 0.20, -0.94
Gyro: -23.29, -23.87, 133.13
Accel: 0.03, 0.12, -0.96
Gyro: -30.17, -24.56, 147.96
Accel: 0.01, 0.02, -0.92
Gyro: -34.74, -25.60, 149.02
Accel: 0.03, 0.05, -0.99
Gyro: -33.52, -23.97, 139.74
Accel: 0.04, 0.06, -0.93
Gyro: -23.16, -23.78, 132.74
Accel: 0.03, 0.04, -0.95
Gyro: -9.32, -25.44, 126.54
Accel: 0.02, -0.02, -0.98
Gyro: 0.35, -24.48, 114.52
Accel: 0.02, 0.01, -0.98
Gyro: 6.76, -21.35, 102.97
Accel: 0.02, -0.04, -0.99
Gyro: 12.23, -17.49, 92.03
Accel: 0.02, -0.05, -0.98
Gyro: 15.32, -13.46, 80.88
Accel: 0.01, -0.09, -0.97
Gyro: 17.59, -10.13, 70.07
Accel: 0.02, -0.09, -0.97
Gyro: 15.02, -7.82, 57.86
Accel: 0.03, -0.09, -0.96
Gyro: 13.49, -7.35, 48.35
Accel: 0.04, -0.09, -0.95
Gyro: 11.99, -8.72, 40.82
Accel: 0.04, -0.11, -0.92
Gyro: 10.65, -10.18, 33.23
Accel: 0.04, -0.12, -0.93
Gyro: 8.95, -13.53, 25.38
Accel: 0.02, -0.12, -0.94
Gyro: 7.01, -15.50, 18.92
Accel: 0.00, -0.10, -0.95
Gyro: 5.53, -16.26, 14.59
Accel: -0.01, -0.10, -0.96
Gyro: 6.79, -14.34, 11.14
Accel: -0.02, -0.11, -0.98
Gyro: 2.22, -11.09, 6.02
Accel: -0.03, -0.10, -0.99
Gyro: 1.40, -9.17, 1.91
Accel: -0.03, -0.09, -0.98
Gyro: 0.29, -6.66, -0.46
Accel: -0.03, -0.08, -0.97
Gyro: -0.27, -4.01, -1.27
Accel: -0.03, -0.06, -0.97
Gyro: -1.14, -2.35, -2.08
Accel: -0.03, -0.06, -0.96
Gyro: -0.90, -0.96, -1.01
Accel: -0.03, -0.07, -0.97
Gyro: -2.40, -0.64, -1.10
Accel: -0.02, -0.06, -0.96
Gyro: -3.81, -0.01, -1.50
Accel: -0.01, -0.06, -0.96
Gyro: -4.33, 1.08, -2.42
Accel: -0.02, -0.07, -0.95
Gyro: -5.41, 0.35, -3.40
Accel: -0.02, -0.06, -0.96
Gyro: -5.72, 0.28, -4.57
Accel: -0.02, -0.06, -0.96
Gyro: -5.97, -0.34, -5.39
Accel: -0.02, -0.06, -0.97
Gyro: -6.39, -0.40, -6.76
Accel: -0.02, -0.06, -0.96
Gyro: -5.85, -0.14, -8.43
Accel: -0.02, -0.05, -0.95
Gyro: -4.88, -0.76, -9.25
Accel: -0.02, -0.04, -0.96
Gyro: -4.78, -0.32, -9.97
Accel: -0.02, -0.03, -0.96
Gyro: -4.45, 0.16, -9.58
Accel: -0.02, -0.03, -0.96
Gyro: -3.65, 0.36, -8.42
Accel: -0.01, -0.04, -0.96
Gyro: -3.59, 0.40, -7.78
Accel: -0.01, -0.04, -0.95
Gyro: -3.14, -0.01, -7.65
Accel: -0.01, -0.03, -0.96
Gyro: -3.01, 0.24, -7.13
Accel: -0.01, -0.04, -0.96
Gyro: -3.22, 0.26, -6.37
