Accel: -0.13, -0.16, -0.96
Gyro: -1.40, -1.02, -1.57
Accel: -0.13, -0.14, -0.96
Gyro: -2.35, -1.09, -2.39
Accel: -0.13, -0.14, -0.96
Gyro: -0.02, -0.97, -1.96
Accel: -0.13, -0.16, -0.95
Gyro: -0.17, -1.68, -2.13
Accel: -0.13, -0.15, -0.95
Gyro: -1.75, -0.62, -2.60
Accel: -0.13, -0.15, -0.95
Gyro: -1.52, -0.24, -2.53
Accel: -0.13, -0.15, -0.95
Gyro: -1.40, -0.13, -2.11
Accel: -0.13, -0.16, -0.96
Gyro: -3.06, -0.39, -2.29
Accel: -0.13, -0.15, -0.95
Gyro: -3.31, -1.06, -2.60
Accel: -0.13, -0.16, -0.97
Gyro: -3.95, -0.60, -3.30
Accel: -0.13, -0.14, -0.96
Gyro: -4.07, 0.13, -3.59
Accel: -0.12, -0.15, -0.96
Gyro: -3.20, 0.50, -3.23
Accel: -0.13, -0.15, -0.96
Gyro: -3.46, 0.80, -3.18
Accel: -0.13, -0.14, -0.97
Gyro: -3.88, 0.69, -2.95
Accel: -0.12, -0.14, -0.96
Gyro: -2.72, 0.53, -2.53
Accel: -0.12, -0.13, -0.95
Gyro: -2.20, 0.26, -2.29
Accel: -0.12, -0.14, -0.96
Gyro: -1.73, -0.25, -1.75
Accel: -0.12, -0.14, -0.96
Gyro: -1.05, -0.32, -1.46
Accel: -0.12, -0.15, -0.96
Gyro: -1.11, -0.54, -1.01
Accel: -0.12, -0.16, -0.96
Gyro: -1.86, -0.60, -0.82
Accel: -0.13, -0.16, -0.96
Gyro: -2.16, -0.79, -1.59
Accel: -0.13, -0.17, -0.96
Gyro: -3.04, -0.60, -2.68
Accel: -0.12, -0.16, -0.96
Gyro: -3.14, -0.07, -2.76
Accel: -0.13, -0.16, -0.96
Gyro: -4.52, -0.16, -3.94
Accel: -0.12, -0.15, -0.96
Gyro: -5.37, 0.79, -4.65
Accel: -0.13, -0.15, -0.95
Gyro: -3.93, 0.05, -4.53
Accel: -0.12, -0.15, -0.96
Gyro: -5.61, 0.13, -5.60
Accel: -0.13, -0.14, -0.94
Gyro: -6.60, 0.51, -5.52
Accel: -0.12, -0.15, -0.97
Gyro: -6.03, 0.69, -6.19
Accel: -0.12, -0.17, -0.96
Gyro: -8.23, 1.11, -8.19
Accel: -0.13, -0.22, -0.97
Gyro: -10.49, 1.55, -12.04
Accel: -0.14, -0.34, -0.97
Gyro: -12.15, 2.74, -28.51
Accel: -0.14, -0.43, -0.95
Gyro: -9.73, 2.28, -62.88
Accel: -0.17, -0.42, -0.98
Gyro: -9.28, 4.22, -98.39
Accel: -0.18, -0.44, -1.01
Gyro: -7.68, 8.02, -139.76
Accel: -0.20, -0.35, -0.95
Gyro: -0.45, 11.87, -168.55
Accel: -0.23, -0.44, -0.98
Gyro: -3.36, 12.41, -201.43
Accel: -0.24, -0.30, -0.99
Gyro: -7.10, 18.10, -228.49
Accel: -0.22, -0.24, -0.94
Gyro: -5.25, 21.00, -237.99
Accel: -0.16, -0.11, -0.90
Gyro: -16.91, 17.48, -237.60
Accel: -0.09, 0.08, -0.88
Gyro: -17.88, 11.84, -216.12
Accel: -0.02, 0.24, -0.86
Gyro: -14.60, 4.51, -179.33
Accel: 0.02, 0.22, -0.93
Gyro: -13.18, -4.36, -138.45
Accel: 0.03, 0.25, -0.99
Gyro: -16.04, -5.18, -98.27
Accel: 0.04, 0.24, -0.97
Gyro: -12.19, -5.80, -61.84
Accel: 0.06, 0.17, -0.98
Gyro: -11.28, -7.98, -38.11
Accel: 0.03, 0.13, -0.99
Gyro: -6.55, -11.03, -13.05
Accel: 0.01, 0.09, -1.08
Gyro: -6.22, -2.25, -2.47
Accel: 0.06, 0.10, -0.96
Gyro: 1.99, -0.41, 9.10
Accel: 0.05, 0.12, -1.02
Gyro: -1.37, -3.77, 23.86
Accel: 0.04, 0.09, -1.06
Gyro: -3.05, 8.97, 42.34
Accel: 0.12, 0.17, -0.92
Gyro: -5.60, 5.85, 61.68
Accel: 0.10, 0.32, -0.90
Gyro: -2.77, -9.87, 101.54
Accel: 0.02, 0.28, -0.90
Gyro: 2.11, -15.43, 151.10
Accel: -0.05, 0.15, -0.90
Gyro: -6.03, -20.91, 182.21
Accel: -0.11, 0.07, -0.93
Gyro: -7.48, -27.94, 200.28
Accel: -0.18, -0.07, -0.97
Gyro: -8.58, -26.24, 203.29
Accel: -0.20, -0.15, -0.97
Gyro: -14.52, -26.15, 190.55
Accel: -0.20, -0.18, -1.01
Gyro: -14.30, -21.36, 169.82
Accel: -0.17, -0.18, -0.95
Gyro: -2.36, -21.57, 145.42
Accel: -0.17, -0.21, -1.02
Gyro: 6.27, -19.43, 117.65
Accel: -0.16, -0.19, -0.97
Gyro: 11.69, -15.17, 91.82
Accel: -0.13, -0.16, -0.99
Gyro: 17.42, -14.27, 71.62
Accel: -0.16, -0.18, -1.03
Gyro: 11.85, -7.51, 59.86
Accel: -0.15, -0.16, -0.96
Gyro: 7.61, -3.70, 51.43
Accel: -0.14, -0.15, -0.97
Gyro: 8.89, -4.06, 43.05
Accel: -0.17, -0.17, -0.96
Gyro: 15.15, -3.65, 33.74
Accel: -0.11, -0.14, -0.96
Gyro: 13.71, -4.71, 27.02
Accel: -0.12, -0.14, -0.99
Gyro: 15.19, -5.91, 21.39
Accel: -0.13, -0.14, -0.96
Gyro: 10.76, -4.86, 19.00
Accel: -0.14, -0.16, -0.96
Gyro: 9.57, -5.89, 14.53
Accel: -0.14, -0.14, -0.97
Gyro: 7.56, -5.42, 11.30
Accel: -0.14, -0.15, -0.98
Gyro: 6.84, -5.89, 8.93
Accel: -0.14, -0.14, -0.96
Gyro: 6.96, -3.92, 6.86
Accel: -0.14, -0.14, -0.97
Gyro: 6.13, -3.30, 5.75
Accel: -0.14, -0.14, -0.96
Gyro: 4.83, -1.76, 5.74
Accel: -0.13, -0.14, -0.97
Gyro: 3.21, -1.79, 4.23
Accel: -0.13, -0.14, -0.96
Gyro: 2.37, -1.94, 3.22
Accel: -0.14, -0.15, -0.97
Gyro: 1.41, -1.85, 1.74
Accel: -0.14, -0.13, -0.96
Gyro: 1.33, -1.24, -0.05
Accel: -0.14, -0.14, -0.96
Gyro: 1.80, -1.54, -0.37
Accel: -0.14, -0.14, -0.96
Gyro: 0.40, -1.24, -1.60
Accel: -0.14, -0.13, -0.95
Gyro: 0.00, -0.44, -1.78
Accel: -0.14, -0.12, -0.95
Gyro: 0.63, -0.50, -0.83
Accel: -0.14, -0.13, -0.95
Gyro: 1.67, -1.53, 0.25
Accel: -0.14, -0.14, -0.96
Gyro: 1.02, -1.44, 1.10
Accel: -0.15, -0.14, -0.96
Gyro: 0.98, -0.94, 2.01
Accel: -0.14, -0.16, -0.96
Gyro: 0.03, -0.89, 1.44
Accel: -0.15, -0.16, -0.96
Gyro: -1.43, -0.26, 0.43
Accel: -0.15, -0.15, -0.96
Gyro: -1.23, 0.08, -0.65
Accel: -0.15, -0.16, -0.96
Gyro: -1.83, 0.96, -1.94
Accel: -0.15, -0.15, -0.96
Gyro: -2.18, 0.79, -2.68
Accel: -0.15, -0.14, -0.96
Gyro: -2.70, 1.30, -3.19
Accel: -0.13, -0.16, -0.96
Gyro: -4.39, 2.33, -4.13
Accel: -0.14, -0.15, -0.97
Gyro: -5.22, 2.18, -5.66
Accel: -0.14, -0.13, -0.96
Gyro: -3.93, 2.88, -5.70
Accel: -0.15, -0.15, -0.96
Gyro: -4.83, 4.27, -7.49
Accel: -0.13, -0.13, -0.95
Gyro: -6.10, 3.87, -9.60
Accel: -0.13, -0.12, -0.96
Gyro: -6.61, 3.61, -10.05
Accel: -0.12, -0.10, -0.95
Gyro: -6.26, 3.04, -9.25
Accel: -0.12, -0.10, -0.95
Gyro: -6.40, 1.83, -7.80
