Accel: 0.02, -0.01, -0.97
Gyro: -2.37, -1.03, -0.66
Accel: 0.02, -0.01, -0.97
Gyro: -1.88, -0.63, -1.48
Accel: 0.03, -0.01, -0.96
Gyro: -2.69, 0.02, -2.30
Accel: 0.02, -0.00, -0.96
Gyro: -2.63, 0.11, -2.80
Accel: 0.03, 0.00, -0.96
Gyro: -1.61, -0.76, -2.88
Accel: 0.02, -0.00, -0.96
Gyro: -2.56, -1.13, -3.17
Accel: 0.02, 0.01, -0.96
Gyro: -2.79, -0.92, -3.06
Accel: 0.03, 0.00, -0.96
Gyro: -2.59, -0.90, -2.46
Accel: 0.02, 0.00, -0.95
Gyro: -2.43, -1.16, -1.98
Accel: 0.02, 0.00, -0.97
Gyro: -2.78, -1.52, -1.98
Accel: 0.02, -0.01, -0.96
Gyro: -2.43, -1.24, -1.82
Accel: 0.02, -0.01, -0.97
Gyro: -2.89, -1.17, -2.48
Accel: 0.01, 0.00, -0.95
Gyro: -2.04, -0.47, -2.69
Accel: 0.02, -0.01, -0.96
Gyro: -2.01, -0.72, -3.14
Accel: 0.02, -0.02, -0.97
Gyro: -2.99, -0.50, -4.33
Accel: 0.02, -0.01, -0.95
Gyro: -3.46, 0.02, -5.31
Accel: 0.02, -0.01, -0.97
Gyro: -3.59, 0.02, -6.00
Accel: 0.03, -0.01, -0.95
Gyro: -3.94, -0.16, -6.60
Accel: 0.03, -0.01, -0.96
Gyro: -3.74, -0.38, -6.55
Accel: 0.03, -0.01, -0.96
Gyro: -3.88, -0.47, -6.50
Accel: 0.02, -0.02, -0.95
Gyro: -4.79, -0.47, -8.22
Accel: 0.02, -0.07, -0.97
Gyro: -5.91, -0.69, -13.69
Accel: 0.02, -0.10, -0.96
Gyro: -5.04, -0.89, -26.12
Accel: 0.02, -0.13, -0.97
Gyro: -4.07, -0.37, -42.40
Accel: -0.01, -0.17, -0.98
Gyro: -3.32, 1.46, -63.13
Accel: -0.01, -0.16, -0.98
Gyro: -2.44, 5.26, -85.68
Accel: -0.02, -0.14, -0.98
Gyro: -2.49, 6.41, -105.14
Accel: -0.03, -0.19, -0.97
Gyro: -0.40, 9.45, -125.12
Accel: -0.05, -0.15, -0.99
Gyro: -5.55, 12.92, -142.29
Accel: -0.05, -0.10, -0.97
Gyro: -10.51, 17.10, -156.60
Accel: -0.04, -0.09, -0.93
Gyro: -4.80, 16.08, -165.17
Accel: -0.05, -0.01, -0.96
Gyro: -8.88, 17.83, -174.52
Accel: -0.03, 0.05, -0.99
Gyro: -10.04, 19.80, -173.38
Accel: 0.01, 0.21, -0.97
Gyro: -8.77, 19.97, -159.36
Accel: 0.03, 0.26, -0.89
Gyro: -7.16, 14.27, -134.43
Accel: 0.05, 0.30, -0.91
Gyro: -8.64, 8.08, -107.96
Accel: 0.08, 0.33, -0.90
Gyro: -11.15, 0.66, -77.02
Accel: 0.04, 0.34, -0.94
Gyro: -10.97, -3.36, -48.61
Accel: -0.04, 0.34, -1.17
Gyro: -6.49, 10.22, -17.56
Accel: 0.06, 0.19, -0.90
Gyro: -17.58, 20.58, 0.04
Accel: 0.10, 0.23, -0.86
Gyro: -17.01, 4.84, 11.95
Accel: 0.09, 0.28, -0.92
Gyro: -9.05, -3.46, 29.82
Accel: 0.08, 0.27, -0.93
Gyro: -8.22, -7.79, 45.85
Accel: 0.08, 0.35, -0.94
Gyro: -7.69, -9.85, 67.36
Accel: 0.05, 0.39, -0.89
Gyro: -3.66, -14.64, 101.09
Accel: 0.04, 0.36, -0.90
Gyro: -5.37, -23.14, 132.61
Accel: -0.01, 0.31, -0.88
Gyro: -8.06, -30.95, 158.98
Accel: -0.04, 0.24, -0.91
Gyro: -6.38, -35.21, 176.90
Accel: -0.07, 0.13, -1.01
Gyro: -9.06, -32.17, 178.17
Accel: -0.06, 0.09, -1.01
Gyro: -8.74, -26.04, 169.93
Accel: -0.05, 0.02, -0.96
Gyro: 0.25, -24.41, 155.94
Accel: -0.03, -0.04, -0.95
Gyro: 8.72, -24.12, 135.68
Accel: -0.02, -0.03, -0.95
Gyro: 15.94, -23.13, 117.26
Accel: -0.02, -0.07, -0.96
Gyro: 20.52, -21.29, 101.27
Accel: -0.02, -0.10, -0.99
Gyro: 20.42, -17.45, 84.64
Accel: -0.03, -0.08, -0.98
Gyro: 20.13, -12.36, 71.24
Accel: -0.02, -0.06, -0.98
Gyro: 20.87, -9.53, 62.48
Accel: -0.01, -0.11, -0.96
Gyro: 21.09, -9.21, 54.79
Accel: -0.01, -0.16, -0.96
Gyro: 15.59, -9.13, 42.79
Accel: -0.02, -0.14, -0.97
Gyro: 10.06, -7.19, 30.22
Accel: -0.02, -0.15, -0.99
Gyro: 8.36, -5.24, 19.45
Accel: -0.02, -0.15, -0.98
Gyro: 6.51, -2.53, 7.26
Accel: -0.02, -0.13, -0.97
Gyro: 4.87, -1.04, -1.79
Accel: -0.02, -0.10, -0.97
Gyro: 2.69, -0.11, -6.32
Accel: -0.01, -0.08, -0.96
Gyro: -0.30, 0.31, -8.16
Accel: -0.00, -0.07, -0.96
Gyro: -2.98, 0.33, -8.29
Accel: -0.01, -0.05, -0.96
Gyro: -6.32, 0.64, -8.46
Accel: -0.00, -0.04, -0.96
Gyro: -8.13, 0.72, -8.86
Accel: -0.00, -0.02, -0.96
Gyro: -8.28, 0.74, -8.96
Accel: -0.00, -0.01, -0.96
Gyro: -7.52, 1.21, -8.45
Accel: 0.00, -0.00, -0.96
Gyro: -6.98, 2.02, -8.09
Accel: 0.00, -0.01, -0.96
Gyro: -5.52, 1.66, -7.65
Accel: 0.01, -0.01, -0.96
Gyro: -3.96, 1.49, -7.30
Accel: 0.01, -0.02, -0.96
Gyro: -3.51, 1.24, -7.45
Accel: 0.01, -0.03, -0.97
Gyro: -4.39, 1.47, -8.76
Accel: 0.01, -0.02, -0.96
Gyro: -2.94, 1.56, -8.42
Accel: 0.01, -0.02, -0.96
Gyro: -3.76, 1.41, -9.09
Accel: 0.00, -0.01, -0.95
Gyro: -3.95, 0.61, -9.28
Accel: 0.01, 0.00, -0.95
Gyro: -4.00, 0.38, -7.64
Accel: 0.01, 0.00, -0.96
Gyro: -4.07, -0.05, -5.68
Accel: 0.01, -0.01, -0.96
Gyro: -4.12, -1.14, -4.34
Accel: 0.01, -0.00, -0.96
Gyro: -3.66, -1.78, -3.26
Accel: 0.01, -0.00, -0.95
Gyro: -3.81, -1.96, -2.70
Accel: 0.01, 0.00, -0.96
Gyro: -2.63, -1.53, -2.10
Accel: 0.01, -0.01, -0.97
Gyro: -2.27, -1.36, -1.59
Accel: 0.01, -0.01, -0.97
Gyro: -2.27, -1.11, -1.88
Accel: 0.01, -0.01, -0.96
Gyro: -1.40, -0.73, -1.50
Accel: 0.01, -0.01, -0.97
Gyro: -0.60, -0.27, -1.03
Accel: 0.01, -0.02, -0.96
Gyro: -1.28, -0.21, -1.06
Accel: 0.01, -0.02, -0.96
Gyro: -1.90, 0.16, -0.96
Accel: 0.01, -0.03, -0.97
Gyro: -2.30, 0.27, -1.28
Accel: 0.01, -0.03, -0.97
Gyro: -2.89, -0.21, -2.30
Accel: 0.01, -0.02, -0.96
Gyro: -2.79, 0.08, -3.46
Accel: 0.01, -0.01, -0.96
Gyro: -2.94, -0.02, -4.34
Accel: 0.01, -0.01, -0.95
Gyro: -2.48, -0.37, -4.58
Accel: 0.01, -0.01, -0.96
Gyro: -2.53, -0.66, -4.54
Accel: 0.01, -0.00, -0.96
Gyro: -1.91, -0.76, -3.62
Accel: 0.02, -0.01, -0.96
Gyro: -2.46, -0.15, -2.86
Accel: 0.01, -0.00, -0.96
Gyro: -2.30, -0.24, -2.43
Accel: 0.01, -0.01, -0.96
Gyro: -1.94, -0.45, -2.53
Accel: 0.01, -0.02, -0.96
Gyro: -2.33, -0.15, -3.16
