Accel: -0.00, -0.01, -0.96
Gyro: -2.46, 1.01, -3.00
Accel: -0.00, -0.01, -0.96
Gyro: -3.15, 0.59, -3.27
Accel: -0.00, -0.01, -0.96
Gyro: -3.65, 0.19, -3.90
Accel: -0.00, -0.00, -0.96
Gyro: -3.57, -0.34, -4.49
Accel: 0.01, -0.01, -0.95
Gyro: -3.19, -0.61, -4.91
Accel: -0.01, -0.00, -0.97
Gyro: -3.39, -0.27, -5.11
Accel: -0.00, -0.00, -0.97
Gyro: -2.53, -0.25, -4.59
Accel: -0.00, -0.00, -0.96
Gyro: -2.88, -0.21, -4.89
Accel: 0.00, 0.01, -0.96
Gyro: -1.95, -0.13, -4.49
Accel: -0.00, -0.00, -0.97
Gyro: -1.29, -0.63, -3.95
Accel: -0.01, -0.00, -0.96
Gyro: -2.24, -0.74, -3.94
Accel: -0.01, 0.00, -0.96
Gyro: -2.53, -0.60, -3.32
Accel: -0.01, -0.00, -0.96
Gyro: -2.43, -0.16, -2.89
Accel: 0.00, -0.01, -0.96
Gyro: -2.25, 0.14, -2.92
Accel: -0.01, -0.00, -0.97
Gyro: -2.54, 0.60, -3.44
Accel: -0.00, -0.00, -0.97
Gyro: -2.27, 0.76, -3.70
Accel: -0.01, -0.01, -0.96
Gyro: -2.50, 1.27, -4.04
Accel: 0.01, -0.00, -0.95
Gyro: -2.70, 1.73, -3.89
Accel: 0.01, -0.00, -0.96
Gyro: -2.97, 1.21, -3.48
Accel: 0.01, 0.00, -0.96
Gyro: -3.72, 0.65, -3.56
Accel: 0.00, 0.01, -0.95
Gyro: -3.28, 0.64, -2.99
Accel: 0.01, 0.01, -0.96
Gyro: -2.36, 0.34, -2.17
Accel: 0.01, -0.00, -0.95
Gyro: -2.63, -0.05, -2.32
Accel: 0.01, 0.00, -0.96
Gyro: -2.27, -0.18, -2.24
Accel: 0.00, -0.01, -0.96
Gyro: -2.37, -0.24, -2.45
Accel: 0.01, -0.01, -0.96
Gyro: -2.46, -0.34, -3.00
Accel: 0.00, -0.01, -0.97
Gyro: -2.75, -0.39, -3.21
Accel: 0.01, -0.00, -0.96
Gyro: -2.98, -0.24, -3.59
Accel: 0.01, -0.00, -0.96
Gyro: -2.97, -0.19, -4.38
Accel: 0.01, -0.01, -0.96
Gyro: -3.07, -0.50, -5.03
Accel: 0.01, -0.02, -0.97
Gyro: -3.34, -0.29, -6.32
Accel: 0.00, -0.08, -0.96
Gyro: -3.87, -0.14, -10.25
Accel: 0.01, -0.15, -0.97
Gyro: -4.81, 1.71, -27.24
Accel: 0.01, -0.10, -0.96
Gyro: -2.01, 3.17, -44.00
Accel: 0.00, -0.22, -0.97
Gyro: 0.54, 2.27, -60.97
Accel: -0.00, -0.27, -1.00
Gyro: -2.85, 5.27, -96.37
Accel: 0.00, -0.17, -0.93
Gyro: 1.83, 4.39, -118.81
Accel: -0.04, -0.23, -0.98
Gyro: 2.30, 3.86, -142.89
Accel: -0.07, -0.19, -1.04
Gyro: 0.27, 11.93, -166.34
Accel: -0.12, -0.18, -1.04
Gyro: 7.46, 21.14, -188.04
Accel: -0.10, -0.02, -0.99
Gyro: 1.61, 28.43, -202.47
Accel: -0.07, 0.06, -0.95
Gyro: 12.07, 28.38, -197.44
Accel: -0.02, 0.15, -0.92
Gyro: 9.14, 26.88, -184.32
Accel: 0.05, 0.26, -0.87
Gyro: 10.07, 17.52, -154.37
Accel: 0.08, 0.28, -0.83
Gyro: 1.99, 6.61, -115.99
Accel: 0.09, 0.32, -0.91
Gyro: -4.14, -4.33, -74.55
Accel: 0.10, 0.26, -0.88
Gyro: -4.53, -14.50, -38.07
Accel: 0.05, 0.17, -0.99
Gyro: -6.00, -19.15, -14.90
Accel: 0.02, 0.15, -1.01
Gyro: -6.77, -15.34, -3.40
Accel: 0.03, 0.12, -0.96
Gyro: -2.49, -13.35, 4.31
Accel: 0.01, 0.12, -0.99
Gyro: 0.72, -13.30, 14.02
Accel: 0.00, 0.14, -1.02
Gyro: -3.96, -8.45, 30.56
Accel: -0.01, 0.23, -0.98
Gyro: -9.15, -6.08, 58.35
Accel: 0.01, 0.27, -0.90
Gyro: -11.83, -11.09, 93.67
Accel: -0.02, 0.29, -0.90
Gyro: -13.12, -20.41, 129.52
Accel: -0.08, 0.24, -0.93
Gyro: -16.01, -25.08, 163.18
Accel: -0.12, 0.19, -0.98
Gyro: -26.97, -25.65, 182.56
Accel: -0.15, 0.16, -0.98
Gyro: -32.61, -22.54, 194.05
Accel: -0.14, 0.16, -0.95
Gyro: -30.32, -24.28, 199.13
Accel: -0.13, 0.08, -0.95
Gyro: -17.78, -26.69, 196.91
Accel: -0.13, 0.05, -0.95
Gyro: -7.32, -26.50, 188.13
Accel: -0.12, -0.09, -0.95
Gyro: 8.40, -24.33, 168.94
Accel: -0.09, -0.29, -0.98
Gyro: 6.81, -22.27, 128.82
Accel: -0.08, -0.23, -1.02
Gyro: 0.47, -17.33, 84.66
Accel: -0.08, -0.18, -1.03
Gyro: 6.13, -8.81, 51.87
Accel: -0.05, -0.15, -1.00
Gyro: 7.19, -2.14, 24.89
Accel: -0.03, -0.07, -1.00
Gyro: 6.97, 3.14, 7.46
Accel: -0.02, -0.02, -0.96
Gyro: 7.20, 4.71, -0.74
Accel: -0.01, 0.02, -0.96
Gyro: 7.10, 5.00, -3.56
Accel: -0.01, 0.02, -0.94
Gyro: 7.61, 4.14, -3.21
Accel: -0.00, 0.02, -0.94
Gyro: 7.05, 2.41, -3.65
Accel: -0.00, 0.03, -0.95
Gyro: 6.61, 0.05, -3.33
Accel: -0.01, 0.03, -0.97
Gyro: 4.73, -0.78, -1.98
Accel: -0.01, 0.02, -0.95
Gyro: 3.74, -1.43, -1.61
Accel: -0.02, 0.01, -0.96
Gyro: 3.36, -1.30, -2.86
Accel: -0.01, 0.00, -0.96
Gyro: 4.78, -1.95, -4.88
Accel: -0.03, 0.00, -0.97
Gyro: 4.55, -1.56, -6.85
Accel: -0.03, 0.02, -0.97
Gyro: 3.07, -0.31, -7.20
Accel: -0.03, 0.01, -0.98
Gyro: 0.54, 0.81, -6.68
Accel: -0.02, 0.01, -0.98
Gyro: -3.04, 1.69, -6.79
Accel: -0.01, 0.04, -0.96
Gyro: -5.08, 2.46, -5.26
Accel: -0.02, 0.02, -0.98
Gyro: -5.59, 2.55, -4.09
Accel: -0.01, 0.04, -0.95
Gyro: -4.11, 2.50, -2.53
Accel: -0.01, 0.03, -0.95
Gyro: -1.26, 1.86, -1.00
Accel: -0.00, 0.03, -0.95
Gyro: 0.37, 0.95, 0.28
Accel: 0.01, 0.01, -0.96
Gyro: 1.97, 0.41, 0.80
Accel: 0.00, 0.00, -0.95
Gyro: 1.48, -0.25, 0.37
Accel: 0.01, -0.01, -0.95
Gyro: 0.10, -1.33, -0.47
Accel: 0.00, -0.00, -0.96
Gyro: -1.87, -1.77, -1.92
Accel: -0.01, -0.00, -0.97
Gyro: -1.59, -1.85, -2.70
Accel: -0.01, -0.00, -0.96
Gyro: -1.89, -1.52, -3.08
Accel: -0.01, 0.00, -0.97
Gyro: -1.82, -0.65, -3.17
Accel: -0.01, 0.00, -0.96
Gyro: -0.17, -0.30, -2.72
Accel: -0.01, 0.00, -0.96
Gyro: -1.21, 0.16, -2.83
Accel: -0.00, -0.00, -0.96
Gyro: -2.30, 0.47, -2.88
Accel: -0.01, 0.00, -0.96
Gyro: -2.87, 0.50, -2.74
Accel: 0.00, -0.00, -0.96
Gyro: -4.78, 0.18, -2.85
Accel: -0.00, 0.01, -0.95
Gyro: -4.98, -0.26, -2.94
Accel: 0.00, 0.01, -0.95
Gyro: -4.92, -0.79, -2.92
Accel: -0.00, 0.02, -0.96
Gyro: -4.24, -1.24, -2.98
Accel: -0.00, 0.02, -0.96
Gyro: -3.47, -1.30, -3.33
