Accel: -0.03, -0.03, -0.98
Gyro: -4.63, 1.24, -4.68
Accel: -0.02, -0.02, -0.97
Gyro: -5.82, 1.59, -5.52
Accel: -0.03, -0.00, -0.96
Gyro: -7.25, 1.54, -6.55
Accel: -0.02, 0.00, -0.96
Gyro: -6.45, 0.24, -6.58
Accel: -0.02, 0.00, -0.96
Gyro: -6.43, -0.89, -7.59
Accel: -0.03, 0.01, -0.96
Gyro: -4.89, -0.92, -7.62
Accel: -0.03, 0.02, -0.96
Gyro: -3.78, -0.87, -7.22
Accel: -0.03, 0.02, -0.96
Gyro: -3.11, -1.15, -6.97
Accel: -0.03, 0.02, -0.95
Gyro: -2.48, -1.97, -6.05
Accel: -0.04, 0.02, -0.96
Gyro: -2.33, -2.21, -4.30
Accel: -0.05, 0.01, -0.96
Gyro: -2.57, -2.27, -2.56
Accel: -0.05, 0.01, -0.96
Gyro: -2.09, -2.39, -0.96
Accel: -0.05, -0.00, -0.96
Gyro: -1.35, -3.14, 0.22
Accel: -0.05, -0.01, -0.96
Gyro: -1.32, -3.20, -0.26
Accel: -0.06, -0.01, -0.97
Gyro: -0.36, -2.60, -0.53
Accel: -0.05, -0.01, -0.96
Gyro: 0.14, -1.82, -0.58
Accel: -0.05, -0.03, -0.96
Gyro: -0.48, -1.27, -0.53
Accel: -0.05, -0.03, -0.96
Gyro: -1.53, -0.69, -0.74
Accel: -0.05, -0.03, -0.96
Gyro: -2.61, 0.32, -1.88
Accel: -0.05, -0.04, -0.96
Gyro: -3.61, 0.31, -4.22
Accel: -0.04, -0.03, -0.97
Gyro: -3.99, 1.08, -6.80
Accel: -0.04, -0.05, -0.96
Gyro: -4.57, 1.84, -9.71
Accel: -0.04, -0.14, -0.97
Gyro: -6.55, 2.48, -18.79
Accel: -0.05, -0.18, -0.98
Gyro: -6.51, 5.31, -42.09
Accel: -0.04, -0.14, -0.98
Gyro: -3.65, 7.55, -63.67
Accel: -0.06, -0.19, -0.99
Gyro: 0.34, 10.19, -82.05
Accel: -0.08, -0.23, -1.02
Gyro: -1.50, 16.36, -111.62
Accel: -0.07, -0.20, -0.96
Gyro: 4.10, 20.28, -137.19
Accel: -0.08, -0.21, -0.98
Gyro: 1.11, 20.63, -167.30
Accel: -0.10, -0.18, -0.94
Gyro: 6.42, 20.62, -185.36
Accel: -0.09, -0.03, -0.97
Gyro: -0.95, 22.74, -194.84
Accel: -0.08, 0.03, -0.97
Gyro: -0.40, 21.69, -188.42
Accel: -0.05, 0.09, -0.96
Gyro: -3.11, 23.93, -176.30
Accel: 0.01, 0.21, -0.94
Gyro: -4.33, 22.92, -152.79
Accel: 0.03, 0.18, -0.98
Gyro: -8.02, 20.32, -125.50
Accel: 0.04, 0.26, -0.96
Gyro: -25.41, 21.16, -102.96
Accel: 0.09, 0.33, -0.89
Gyro: -19.47, 10.69, -69.54
Accel: 0.10, 0.40, -0.95
Gyro: -16.50, -0.27, -28.50
Accel: 0.08, 0.38, -0.83
Gyro: -0.54, -4.47, 15.11
Accel: 0.09, 0.28, -0.92
Gyro: -12.15, -13.30, 43.95
Accel: 0.07, 0.37, -0.93
Gyro: -12.76, -17.31, 76.97
Accel: 0.06, 0.41, -0.89
Gyro: -6.59, -23.31, 117.99
Accel: 0.00, 0.35, -0.87
Gyro: 1.38, -31.15, 159.26
Accel: -0.06, 0.27, -0.88
Gyro: -2.27, -37.08, 188.59
Accel: -0.10, 0.14, -0.90
Gyro: -3.99, -43.45, 202.06
Accel: -0.15, 0.05, -0.99
Gyro: -7.75, -41.31, 201.19
Accel: -0.15, 0.01, -1.02
Gyro: -7.61, -35.85, 191.58
Accel: -0.15, -0.08, -1.02
Gyro: -0.40, -28.81, 174.36
Accel: -0.13, -0.19, -1.01
Gyro: 4.28, -22.78, 145.53
Accel: -0.09, -0.17, -1.00
Gyro: 7.21, -18.20, 114.57
Accel: -0.08, -0.21, -1.00
Gyro: 8.82, -13.76, 90.24
Accel: -0.07, -0.28, -1.02
Gyro: -5.83, -8.19, 59.76
Accel: -0.07, -0.15, -1.02
Gyro: -11.39, -1.39, 35.08
Accel: -0.06, -0.09, -0.97
Gyro: -3.78, 1.40, 19.32
Accel: -0.04, -0.07, -0.95
Gyro: 2.38, 0.92, 5.72
Accel: -0.04, -0.02, -0.94
Gyro: 7.45, -0.20, -2.39
Accel: -0.03, 0.02, -0.94
Gyro: 12.38, -1.46, -4.67
Accel: -0.04, -0.01, -0.96
Gyro: 13.83, -2.95, -4.43
Accel: -0.04, -0.01, -0.95
Gyro: 8.84, -2.63, -4.04
Accel: -0.04, -0.01, -0.96
Gyro: 5.36, -3.77, -2.04
Accel: -0.05, -0.02, -0.97
Gyro: 1.59, -3.60, -1.11
Accel: -0.04, -0.03, -0.97
Gyro: 0.40, -2.85, -0.82
Accel: -0.05, -0.04, -0.98
Gyro: -0.77, -1.95, -2.01
Accel: -0.04, -0.03, -0.96
Gyro: -0.43, -0.22, -3.44
Accel: -0.05, -0.02, -0.99
Gyro: -0.08, 1.43, -4.94
Accel: -0.05, -0.02, -0.96
Gyro: -1.18, 2.40, -5.33
Accel: -0.04, -0.01, -0.95
Gyro: -2.83, 2.11, -5.65
Accel: -0.04, -0.00, -0.98
Gyro: -5.04, 2.60, -4.23
Accel: -0.03, 0.00, -0.96
Gyro: -6.18, 3.40, -2.85
Accel: -0.03, -0.00, -0.96
Gyro: -7.41, 3.51, -1.69
Accel: -0.02, 0.00, -0.96
Gyro: -6.17, 3.20, -0.80
Accel: -0.02, 0.01, -0.96
Gyro: -4.53, 2.59, -0.56
Accel: -0.02, 0.01, -0.96
Gyro: -3.74, 1.88, -1.05
Accel: -0.02, 0.00, -0.95
Gyro: -2.18, 1.63, -1.44
Accel: -0.02, -0.00, -0.96
Gyro: -2.61, 1.67, -2.14
Accel: -0.02, -0.01, -0.96
Gyro: -3.30, 1.56, -2.87
Accel: -0.01, -0.00, -0.96
Gyro: -4.27, 1.75, -3.47
Accel: -0.01, 0.02, -0.97
Gyro: -3.73, 1.87, -3.67
Accel: -0.01, 0.00, -0.96
Gyro: -2.58, 1.11, -3.75
Accel: -0.01, 0.01, -0.96
Gyro: -2.44, 0.89, -4.05
Accel: -0.01, 0.00, -0.96
Gyro: -1.75, 0.98, -3.75
Accel: -0.01, 0.01, -0.95
Gyro: -1.98, 1.17, -3.07
Accel: -0.01, 0.00, -0.96
Gyro: -2.27, 1.16, -2.75
Accel: -0.00, 0.00, -0.96
Gyro: -2.97, 0.34, -2.84
Accel: -0.00, -0.00, -0.96
Gyro: -3.82, -0.32, -3.14
Accel: -0.01, -0.01, -0.95
Gyro: -4.10, -0.67, -3.62
Accel: -0.01, 0.01, -0.96
Gyro: -2.81, -0.93, -3.50
Accel: -0.01, 0.00, -0.95
Gyro: -2.40, -1.88, -3.74
Accel: -0.01, 0.01, -0.96
Gyro: -2.33, -2.27, -3.89
Accel: -0.01, 0.01, -0.96
Gyro: -2.04, -2.40, -3.72
Accel: -0.02, 0.01, -0.96
Gyro: -1.37, -2.57, -3.23
Accel: -0.01, 0.01, -0.96
Gyro: -1.75, -2.49, -2.97
Accel: -0.02, 0.01, -0.98
Gyro: -1.82, -1.78, -2.55
Accel: -0.02, 0.00, -0.97
Gyro: -1.33, -1.42, -1.77
Accel: -0.01, 0.01, -0.96
Gyro: -1.34, -1.11, -1.69
Accel: -0.02, -0.00, -0.96
Gyro: -1.79, -0.90, -1.89
Accel: -0.02, 0.00, -0.97
Gyro: -2.27, -0.63, -1.90
Accel: -0.02, -0.01, -0.95
Gyro: -2.68, -0.79, -2.09
Accel: -0.02, -0.00, -0.95
Gyro: -2.90, -0.96, -2.12
Accel: -0.01, 0.01, -0.98
Gyro: -2.85, -0.71, -2.24
Accel: -0.02, 0.00, -0.97
Gyro: -2.78, -1.14, -2.06
