Accel: 0.04, 0.11, -0.95
Gyro: -2.45, -1.00, -1.58
Accel: 0.03, 0.12, -0.96
Gyro: -2.62, -0.56, -1.50
Accel: 0.04, 0.12, -0.96
Gyro: -2.68, -0.01, -1.27
Accel: 0.05, 0.12, -0.95
Gyro: -2.41, 0.07, -0.91
Accel: 0.04, 0.11, -0.95
Gyro: -2.46, -0.08, -0.79
Accel: 0.04, 0.12, -0.96
Gyro: -2.70, -0.39, -0.88
Accel: 0.04, 0.11, -0.94
Gyro: -2.26, 0.15, -0.92
Accel: 0.05, 0.11, -0.95
Gyro: -2.49, -0.05, -1.15
Accel: 0.04, 0.12, -0.96
Gyro: -2.74, 0.16, -1.45
Accel: 0.05, 0.12, -0.95
Gyro: -1.95, 0.21, -1.34
Accel: 0.04, 0.11, -0.95
Gyro: -2.31, -0.04, -1.28
Accel: 0.03, 0.12, -1.00
Gyro: -3.35, 1.27, -1.15
Accel: 0.00, 0.13, -1.03
Gyro: -4.79, 9.86, 0.50
Accel: 0.02, 0.14, -0.99
Gyro: -4.97, 16.65, 3.07
Accel: 0.01, 0.13, -1.06
Gyro: -5.68, 21.86, 4.66
Accel: -0.01, 0.16, -1.11
Gyro: -6.39, 39.18, 7.35
Accel: 0.02, 0.16, -1.07
Gyro: -5.80, 50.98, 9.84
Accel: -0.01, 0.15, -1.12
Gyro: -6.61, 76.86, 12.41
Accel: 0.07, 0.15, -0.97
Gyro: -4.58, 87.27, 12.35
Accel: 0.11, 0.14, -1.02
Gyro: -0.60, 97.22, 12.95
Accel: 0.16, 0.11, -0.97
Gyro: -4.13, 120.56, 12.44
Accel: 0.29, 0.08, -0.84
Gyro: 0.14, 117.56, 9.74
Accel: 0.34, 0.10, -0.80
Gyro: -3.71, 114.50, 6.72
Accel: 0.49, 0.09, -0.61
Gyro: -0.99, 96.18, 4.51
Accel: 0.57, 0.09, -0.62
Gyro: 2.69, 68.70, 2.28
Accel: 0.59, 0.09, -0.67
Gyro: -1.88, 51.22, -0.43
Accel: 0.62, 0.10, -0.65
Gyro: -4.83, 35.80, -0.57
Accel: 0.63, 0.09, -0.67
Gyro: -5.22, 22.22, -0.71
Accel: 0.63, 0.11, -0.69
Gyro: -7.77, 13.93, -0.62
Accel: 0.64, 0.12, -0.69
Gyro: -8.15, 7.81, 1.01
Accel: 0.65, 0.12, -0.67
Gyro: -5.47, 1.30, 2.33
Accel: 0.66, 0.13, -0.67
Gyro: -3.89, -6.08, 3.07
Accel: 0.66, 0.12, -0.68
Gyro: -2.18, -15.82, 3.47
Accel: 0.63, 0.11, -0.72
Gyro: -1.38, -22.45, 2.71
Accel: 0.60, 0.11, -0.76
Gyro: -0.90, -25.38, 2.01
Accel: 0.57, 0.09, -0.81
Gyro: -1.27, -23.53, 1.45
Accel: 0.54, 0.09, -0.81
Gyro: -1.91, -20.34, 0.15
Accel: 0.54, 0.10, -0.79
Gyro: -2.75, -19.60, -1.30
Accel: 0.53, 0.11, -0.79
Gyro: -2.29, -20.06, -1.75
Accel: 0.52, 0.11, -0.80
Gyro: -1.20, -20.71, -1.99
Accel: 0.51, 0.10, -0.77
Gyro: 0.84, -23.08, -2.68
Accel: 0.51, 0.10, -0.77
Gyro: 0.98, -28.79, -3.96
Accel: 0.50, 0.10, -0.75
Gyro: 1.45, -36.77, -5.62
Accel: 0.48, 0.11, -0.75
Gyro: 0.18, -46.96, -7.03
Accel: 0.47, 0.13, -0.73
Gyro: 1.43, -60.45, -7.06
Accel: 0.43, 0.11, -0.75
Gyro: 3.46, -75.20, -6.31
Accel: 0.36, 0.13, -0.79
Gyro: 3.31, -86.51, -6.30
Accel: 0.31, 0.09, -0.83
Gyro: 4.48, -95.10, -5.22
Accel: 0.22, 0.08, -0.90
Gyro: 0.89, -95.52, -7.40
Accel: 0.16, 0.07, -0.95
Gyro: -1.91, -91.53, -9.51
Accel: 0.10, 0.08, -1.05
Gyro: 0.08, -84.10, -10.93
Accel: 0.05, 0.09, -1.06
Gyro: 4.16, -70.30, -12.61
Accel: 0.01, 0.09, -1.12
Gyro: -1.42, -51.25, -14.57
Accel: 0.00, 0.10, -1.11
Gyro: -3.23, -33.33, -14.98
Accel: -0.01, 0.13, -1.07
Gyro: -4.65, -17.99, -14.41
Accel: 0.00, 0.14, -1.02
Gyro: -3.68, -7.21, -11.90
Accel: 0.01, 0.14, -0.99
Gyro: -3.79, -2.53, -8.60
Accel: 0.02, 0.14, -0.94
Gyro: -3.99, -1.49, -5.51
Accel: 0.02, 0.13, -0.94
Gyro: -2.21, -2.57, -2.94
Accel: 0.02, 0.13, -0.96
Gyro: -2.35, -1.62, -1.60
Accel: 0.03, 0.12, -0.95
Gyro: -3.43, -0.89, -1.36
Accel: 0.03, 0.12, -0.94
Gyro: -3.33, -1.15, -1.26
Accel: 0.03, 0.12, -0.94
Gyro: -2.65, -1.51, -1.56
Accel: 0.04, 0.11, -0.95
Gyro: -2.37, -1.58, -1.79
Accel: 0.04, 0.12, -0.96
Gyro: -1.82, -1.49, -1.76
Accel: 0.03, 0.12, -0.96
Gyro: -1.63, -1.59, -1.72
Accel: 0.05, 0.12, -0.96
Gyro: -1.98, -0.75, -1.45
Accel: 0.04, 0.12, -0.97
Gyro: -2.10, 0.10, -1.27
Accel: 0.05, 0.11, -0.97
Gyro: -2.01, 1.31, -1.30
Accel: 0.05, 0.11, -0.96
Gyro: -1.97, 1.66, -1.13
Accel: 0.06, 0.11, -0.95
Gyro: -2.20, 1.94, -0.74
Accel: 0.06, 0.11, -0.94
Gyro: -2.03, 1.69, -0.36
Accel: 0.06, 0.11, -0.95
Gyro: -2.14, 0.68, -0.32
Accel: 0.06, 0.11, -0.94
Gyro: -1.88, 0.34, -0.48
Accel: 0.06, 0.10, -0.95
Gyro: -2.21, 0.05, -0.55
Accel: 0.04, 0.12, -0.95
Gyro: -3.05, -0.63, -0.72
Accel: 0.05, 0.12, -0.95
Gyro: -3.17, -0.60, -0.75
Accel: 0.05, 0.12, -0.94
Gyro: -2.83, -0.42, -1.01
Accel: 0.05, 0.12, -0.95
Gyro: -1.71, -0.86, -0.38
Accel: 0.05, 0.11, -0.95
Gyro: -1.81, -0.86, -0.85
Accel: 0.05, 0.12, -0.96
Gyro: -1.57, -0.86, -1.24
Accel: 0.05, 0.13, -0.96
Gyro: -1.17, -1.21, -1.53
Accel: 0.05, 0.12, -0.95
Gyro: -1.03, -0.72, -1.09
Accel: 0.05, 0.12, -0.96
Gyro: -1.30, 0.17, -1.17
Accel: 0.06, 0.11, -0.95
Gyro: -1.63, 0.56, -0.95
Accel: 0.05, 0.11, -0.95
Gyro: -1.00, 0.43, -0.63
Accel: 0.06, 0.11, -0.94
Gyro: -1.43, -0.14, -0.52
Accel: 0.06, 0.10, -0.95
Gyro: -1.56, 0.03, -0.57
Accel: 0.06, 0.10, -0.95
Gyro: -1.93, 0.05, -1.24
Accel: 0.06, 0.11, -0.95
Gyro: -2.16, -0.41, -1.46
Accel: 0.06, 0.11, -0.95
Gyro: -2.03, -0.11, -1.03
Accel: 0.06, 0.11, -0.96
Gyro: -2.11, -0.32, -0.77
Accel: 0.06, 0.11, -0.95
Gyro: -2.05, -0.27, -1.01
Accel: 0.05, 0.11, -0.95
Gyro: -1.66, -0.23, -0.76
Accel: 0.06, 0.10, -0.95
Gyro: -1.78, -0.11, -0.94
Accel: 0.06, 0.10, -0.95
Gyro: -2.49, 0.08, -0.95
Accel: 0.06, 0.11, -0.95
Gyro: -2.08, 0.46, -0.72
Accel: 0.06, 0.10, -0.95
Gyro: -1.90, 0.34, -0.78
Accel: 0.05, 0.11, -0.95
Gyro: -2.47, 0.18, -1.11
Accel: 0.06, 0.11, -0.96
Gyro: -2.39, -0.29, -1.05
Accel: 0.06, 0.11, -0.95
Gyro: -2.15, 0.50, -1.21
