Accel: -0.00, 0.10, -0.96
Gyro: -1.69, -0.79, -1.05
Accel: 0.00, 0.10, -0.95
Gyro: -2.20, -0.14, -1.30
Accel: 0.01, 0.10, -0.95
Gyro: -2.16, -0.38, -0.79
Accel: 0.01, 0.09, -0.96
Gyro: -2.35, -0.41, -0.43
Accel: 0.01, 0.10, -0.95
Gyro: -2.48, 0.41, -0.85
Accel: 0.01, 0.10, -0.95
Gyro: -2.46, 0.86, -1.47
Accel: 0.02, 0.10, -0.95
Gyro: -1.49, 0.36, -1.42
Accel: 0.02, 0.10, -0.95
Gyro: -1.79, 0.30, -1.64
Accel: 0.01, 0.10, -0.96
Gyro: -2.44, 0.02, -1.30
Accel: 0.02, 0.10, -0.96
Gyro: -2.59, 0.26, -0.77
Accel: 0.01, 0.10, -0.96
Gyro: -2.49, 0.59, -0.66
Accel: -0.01, 0.11, -1.03
Gyro: -3.43, 4.27, -0.03
Accel: -0.02, 0.12, -1.01
Gyro: -4.50, 13.82, 2.31
Accel: -0.00, 0.11, -0.99
Gyro: -4.22, 17.68, 4.10
Accel: -0.04, 0.11, -1.11
Gyro: -6.23, 30.29, 6.11
Accel: -0.06, 0.13, -1.11
Gyro: -7.85, 52.89, 8.71
Accel: -0.08, 0.14, -1.21
Gyro: -9.08, 73.25, 11.92
Accel: -0.07, 0.14, -1.13
Gyro: -12.21, 105.71, 15.06
Accel: 0.03, 0.11, -1.01
Gyro: -8.64, 117.17, 16.69
Accel: 0.11, 0.10, -0.93
Gyro: -8.58, 131.47, 15.33
Accel: 0.32, 0.07, -0.67
Gyro: -3.09, 117.24, 11.54
Accel: 0.41, 0.10, -0.71
Gyro: -0.53, 91.45, 6.71
Accel: 0.47, 0.09, -0.69
Gyro: -3.05, 76.94, 4.38
Accel: 0.51, 0.10, -0.68
Gyro: -3.00, 56.87, 3.02
Accel: 0.47, 0.11, -0.84
Gyro: -4.20, 50.54, 3.08
Accel: 0.51, 0.10, -0.79
Gyro: -13.13, 55.67, 4.06
Accel: 0.58, 0.09, -0.68
Gyro: -8.15, 43.51, 2.05
Accel: 0.56, 0.09, -0.78
Gyro: -9.40, 39.15, -0.53
Accel: 0.62, 0.11, -0.75
Gyro: -10.54, 38.22, -0.90
Accel: 0.68, 0.13, -0.64
Gyro: -6.76, 26.77, -0.60
Accel: 0.69, 0.11, -0.62
Gyro: -2.28, 12.96, -1.43
Accel: 0.69, 0.12, -0.66
Gyro: 0.68, 0.62, -1.91
Accel: 0.67, 0.11, -0.68
Gyro: 1.52, -7.80, -1.43
Accel: 0.67, 0.10, -0.69
Gyro: 1.20, -12.25, -2.35
Accel: 0.65, 0.11, -0.69
Gyro: 0.37, -15.93, -2.94
Accel: 0.63, 0.11, -0.70
Gyro: -1.11, -20.32, -3.38
Accel: 0.61, 0.11, -0.74
Gyro: -2.53, -22.53, -3.16
Accel: 0.60, 0.12, -0.74
Gyro: -3.44, -24.67, -3.45
Accel: 0.58, 0.12, -0.75
Gyro: -3.32, -27.39, -4.33
Accel: 0.57, 0.12, -0.74
Gyro: -2.01, -31.82, -5.65
Accel: 0.55, 0.11, -0.76
Gyro: 1.45, -37.91, -6.83
Accel: 0.53, 0.12, -0.75
Gyro: 1.58, -43.40, -9.21
Accel: 0.50, 0.12, -0.77
Gyro: 3.05, -49.58, -10.99
Accel: 0.48, 0.12, -0.76
Gyro: 6.37, -57.82, -12.76
Accel: 0.44, 0.11, -0.75
Gyro: 8.54, -67.62, -14.82
Accel: 0.40, 0.11, -0.78
Gyro: 8.71, -78.46, -16.09
Accel: 0.33, 0.12, -0.83
Gyro: 7.73, -85.22, -14.83
Accel: 0.27, 0.11, -0.89
Gyro: 4.62, -88.43, -13.11
Accel: 0.20, 0.11, -0.92
Gyro: 0.01, -87.42, -11.03
Accel: 0.15, 0.12, -0.98
Gyro: -3.34, -82.57, -8.27
Accel: 0.10, 0.12, -1.02
Gyro: -6.49, -73.36, -5.42
Accel: 0.08, 0.13, -0.99
Gyro: -1.99, -61.87, -1.70
Accel: 0.06, 0.15, -1.05
Gyro: -1.24, -50.32, 1.13
Accel: 0.04, 0.13, -1.06
Gyro: -4.65, -37.40, 1.82
Accel: 0.03, 0.14, -0.99
Gyro: -5.00, -28.37, 1.82
Accel: 0.03, 0.12, -0.99
Gyro: -3.00, -24.77, 1.72
Accel: 0.03, 0.11, -1.00
Gyro: -2.76, -19.00, -0.29
Accel: 0.02, 0.12, -1.01
Gyro: -0.95, -12.86, -2.33
Accel: 0.01, 0.11, -0.99
Gyro: -0.09, -7.29, -4.14
Accel: 0.00, 0.12, -0.98
Gyro: 0.65, -3.24, -4.59
Accel: 0.02, 0.13, -0.95
Gyro: 1.24, -1.34, -4.57
Accel: 0.02, 0.12, -0.95
Gyro: 1.47, -1.36, -4.33
Accel: 0.02, 0.12, -0.96
Gyro: 1.16, -2.03, -3.69
Accel: 0.02, 0.11, -0.97
Gyro: -0.31, -1.23, -3.65
Accel: 0.02, 0.11, -0.97
Gyro: -1.46, -0.39, -4.14
Accel: 0.03, 0.11, -0.97
Gyro: -1.66, 0.34, -3.99
Accel: 0.03, 0.12, -0.97
Gyro: -1.90, 2.33, -3.52
Accel: 0.04, 0.11, -0.95
Gyro: -2.28, 2.69, -3.49
Accel: 0.04, 0.13, -0.94
Gyro: -2.56, 2.17, -3.25
Accel: 0.04, 0.12, -0.94
Gyro: -2.21, 1.51, -2.56
Accel: 0.05, 0.12, -0.93
Gyro: -2.19, 0.90, -2.29
Accel: 0.04, 0.13, -0.94
Gyro: -1.42, -0.47, -1.55
Accel: 0.04, 0.11, -0.97
Gyro: -1.08, -0.08, -0.77
Accel: 0.05, 0.11, -0.95
Gyro: -1.38, 0.50, -0.66
Accel: 0.04, 0.11, -0.95
Gyro: -1.42, -0.53, -0.85
Accel: 0.03, 0.11, -0.96
Gyro: -1.32, -0.88, -1.25
Accel: 0.04, 0.10, -0.96
Gyro: -1.63, -0.26, -1.77
Accel: 0.04, 0.12, -0.95
Gyro: -2.24, -0.08, -2.11
Accel: 0.04, 0.11, -0.97
Gyro: -2.37, -0.03, -2.01
Accel: 0.04, 0.12, -0.95
Gyro: -2.49, 0.76, -1.82
Accel: 0.04, 0.11, -0.96
Gyro: -2.56, 1.03, -1.67
Accel: 0.05, 0.12, -0.95
Gyro: -2.44, 1.12, -1.37
Accel: 0.05, 0.11, -0.95
Gyro: -2.39, 0.85, -1.56
Accel: 0.05, 0.12, -0.95
Gyro: -1.88, 0.53, -1.50
Accel: 0.05, 0.12, -0.95
Gyro: -2.04, 0.49, -1.53
Accel: 0.05, 0.12, -0.95
Gyro: -2.29, -0.08, -1.11
Accel: 0.05, 0.11, -0.96
Gyro: -2.70, 0.84, -1.09
Accel: 0.05, 0.11, -0.93
Gyro: -2.43, 0.39, -1.46
Accel: 0.05, 0.11, -0.95
Gyro: -2.73, -0.71, -1.56
Accel: 0.04, 0.12, -0.94
Gyro: -2.39, -0.62, -1.46
Accel: 0.05, 0.12, -0.96
Gyro: -2.08, 0.18, -1.37
Accel: 0.05, 0.11, -0.95
Gyro: -2.19, 0.18, -1.59
Accel: 0.05, 0.11, -0.95
Gyro: -2.35, 0.34, -1.65
Accel: 0.06, 0.12, -0.95
Gyro: -2.79, 0.17, -1.52
Accel: 0.06, 0.11, -0.95
Gyro: -2.82, -0.24, -1.54
Accel: 0.05, 0.11, -0.95
Gyro: -3.07, -0.75, -1.58
Accel: 0.05, 0.13, -0.96
Gyro: -2.04, -0.31, -1.50
Accel: 0.06, 0.12, -0.95
Gyro: -1.93, -0.74, -1.07
Accel: 0.06, 0.12, -0.95
Gyro: -2.10, -0.64, -0.95
Accel: 0.05, 0.12, -0.95
Gyro: -2.32, -0.56, -0.71
Accel: 0.05, 0.12, -0.95
Gyro: -2.18, -0.07, -0.77
