Accel: 0.01, 0.11, -0.95
Gyro: -2.37, 1.02, -0.93
Accel: 0.01, 0.12, -0.95
Gyro: -2.35, 1.49, -0.69
Accel: 0.02, 0.12, -0.94
Gyro: -2.41, 1.50, -0.52
Accel: 0.03, 0.11, -0.94
Gyro: -2.42, 1.11, -0.45
Accel: 0.02, 0.11, -0.96
Gyro: -2.33, 0.91, -0.34
Accel: 0.03, 0.11, -0.96
Gyro: -2.41, 1.12, -0.60
Accel: 0.03, 0.11, -0.95
Gyro: -2.03, 0.72, -0.59
Accel: 0.02, 0.11, -0.94
Gyro: -2.18, -0.40, -0.96
Accel: 0.02, 0.11, -0.95
Gyro: -2.15, -0.18, -1.13
Accel: 0.03, 0.11, -0.96
Gyro: -2.18, 0.39, -1.29
Accel: 0.02, 0.11, -0.95
Gyro: -2.41, 0.38, -1.11
Accel: 0.03, 0.12, -0.95
Gyro: -2.30, 0.37, -0.60
Accel: 0.03, 0.12, -0.95
Gyro: -2.25, 0.27, -0.27
Accel: 0.02, 0.12, -0.95
Gyro: -2.14, 0.05, -0.38
Accel: 0.02, 0.11, -0.94
Gyro: -2.42, -0.04, -0.54
Accel: 0.03, 0.12, -0.96
Gyro: -1.92, 0.48, -0.24
Accel: 0.02, 0.11, -0.96
Gyro: -1.89, 0.43, -0.34
Accel: 0.03, 0.12, -0.95
Gyro: -1.96, 0.57, -0.24
Accel: 0.03, 0.12, -0.96
Gyro: -1.84, 0.85, 0.09
Accel: 0.03, 0.11, -0.95
Gyro: -2.11, 0.95, -0.02
Accel: 0.01, 0.12, -1.01
Gyro: -2.53, 4.84, 0.98
Accel: 0.02, 0.12, -0.99
Gyro: -3.04, 8.96, 2.56
Accel: -0.03, 0.14, -1.12
Gyro: -6.15, 22.61, 5.44
Accel: 0.01, 0.14, -1.00
Gyro: -6.64, 34.77, 9.23
Accel: 0.05, 0.13, -0.95
Gyro: -4.36, 36.45, 11.33
Accel: 0.05, 0.12, -1.00
Gyro: -3.25, 37.97, 9.67
Accel: 0.08, 0.11, -0.99
Gyro: -1.71, 41.78, 7.82
Accel: 0.03, 0.11, -1.15
Gyro: -2.05, 60.05, 5.94
Accel: 0.06, 0.12, -1.05
Gyro: -4.84, 87.27, 3.97
Accel: 0.10, 0.11, -1.04
Gyro: 3.40, 97.08, 2.98
Accel: 0.18, 0.11, -0.96
Gyro: -0.46, 116.78, 1.17
Accel: 0.28, 0.12, -0.80
Gyro: -2.17, 117.82, 0.42
Accel: 0.41, 0.09, -0.64
Gyro: 2.76, 98.98, 0.07
Accel: 0.48, 0.09, -0.66
Gyro: 2.51, 79.06, -1.91
Accel: 0.55, 0.10, -0.64
Gyro: 1.23, 55.98, -2.03
Accel: 0.58, 0.11, -0.68
Gyro: -0.53, 36.72, -1.01
Accel: 0.58, 0.09, -0.69
Gyro: -4.26, 23.91, -0.02
Accel: 0.58, 0.09, -0.73
Gyro: -8.43, 15.81, -0.60
Accel: 0.59, 0.11, -0.71
Gyro: -9.41, 7.51, -0.16
Accel: 0.59, 0.10, -0.72
Gyro: -8.61, 0.28, 0.15
Accel: 0.59, 0.10, -0.76
Gyro: -6.73, -3.79, -0.08
Accel: 0.59, 0.11, -0.77
Gyro: -3.82, -4.89, -0.08
Accel: 0.58, 0.12, -0.75
Gyro: -0.86, -8.07, -0.40
Accel: 0.57, 0.11, -0.76
Gyro: 0.28, -12.28, -1.01
Accel: 0.57, 0.10, -0.76
Gyro: 0.93, -17.18, -2.20
Accel: 0.55, 0.10, -0.77
Gyro: 1.21, -21.16, -2.86
Accel: 0.53, 0.10, -0.79
Gyro: -0.47, -23.26, -3.20
Accel: 0.52, 0.10, -0.80
Gyro: -3.35, -25.14, -3.30
Accel: 0.50, 0.11, -0.79
Gyro: -4.23, -29.13, -3.36
Accel: 0.49, 0.11, -0.78
Gyro: -3.42, -33.59, -3.29
Accel: 0.47, 0.11, -0.79
Gyro: -2.20, -38.58, -3.81
Accel: 0.46, 0.10, -0.80
Gyro: -0.22, -44.84, -5.02
Accel: 0.43, 0.10, -0.81
Gyro: 0.37, -50.12, -7.26
Accel: 0.41, 0.10, -0.79
Gyro: 3.52, -58.53, -8.22
Accel: 0.34, 0.08, -0.84
Gyro: 3.59, -66.42, -10.88
Accel: 0.29, 0.10, -0.90
Gyro: 1.51, -67.23, -13.28
Accel: 0.25, 0.11, -0.90
Gyro: 0.27, -66.30, -13.81
Accel: 0.22, 0.12, -0.91
Gyro: -0.57, -68.66, -12.21
Accel: 0.17, 0.11, -0.94
Gyro: -0.89, -68.16, -9.90
Accel: 0.13, 0.09, -0.93
Gyro: -1.82, -62.66, -8.60
Accel: 0.11, 0.12, -1.00
Gyro: 1.66, -58.78, -6.39
Accel: 0.07, 0.12, -1.02
Gyro: -0.92, -51.11, -4.74
Accel: 0.04, 0.12, -1.02
Gyro: -2.01, -41.07, -3.76
Accel: 0.04, 0.11, -1.03
Gyro: -4.18, -32.85, -3.36
Accel: 0.02, 0.12, -0.99
Gyro: -4.79, -26.20, -3.78
Accel: 0.02, 0.13, -0.98
Gyro: -3.65, -22.64, -3.67
Accel: 0.01, 0.13, -0.99
Gyro: -1.67, -18.51, -3.04
Accel: -0.00, 0.12, -0.97
Gyro: -1.45, -14.35, -3.15
Accel: -0.01, 0.13, -0.97
Gyro: -0.50, -12.95, -2.76
Accel: -0.01, 0.12, -0.99
Gyro: 1.00, -10.39, -1.68
Accel: -0.02, 0.11, -0.98
Gyro: 0.76, -6.06, -1.99
Accel: -0.02, 0.11, -0.98
Gyro: -0.59, -3.33, -2.82
Accel: -0.01, 0.12, -0.97
Gyro: -0.46, -1.17, -3.25
Accel: -0.02, 0.12, -0.98
Gyro: -1.26, 0.51, -2.91
Accel: 0.00, 0.11, -0.96
Gyro: -1.60, 1.86, -2.37
Accel: 0.00, 0.12, -0.96
Gyro: -1.21, 2.98, -2.30
Accel: 0.01, 0.12, -0.95
Gyro: -0.63, 2.88, -1.58
Accel: 0.01, 0.11, -0.94
Gyro: -1.14, 2.36, -1.43
Accel: 0.02, 0.10, -0.95
Gyro: -1.58, 2.24, -1.08
Accel: 0.02, 0.11, -0.96
Gyro: -1.92, 2.26, -0.87
Accel: 0.02, 0.11, -0.95
Gyro: -1.42, 2.15, -0.93
Accel: 0.01, 0.10, -0.94
Gyro: -1.27, 1.19, -0.82
Accel: 0.02, 0.10, -0.95
Gyro: -1.53, 0.81, -1.02
Accel: 0.02, 0.10, -0.95
Gyro: -1.95, 1.20, -1.25
Accel: 0.02, 0.11, -0.96
Gyro: -1.91, 1.34, -1.42
Accel: 0.02, 0.10, -0.95
Gyro: -1.57, 2.03, -1.64
Accel: 0.03, 0.10, -0.95
Gyro: -1.85, 2.40, -2.28
Accel: 0.02, 0.11, -0.95
Gyro: -2.20, 1.75, -2.53
Accel: 0.03, 0.10, -0.94
Gyro: -2.27, 0.79, -2.31
Accel: 0.03, 0.11, -0.96
Gyro: -2.67, 0.58, -2.10
Accel: 0.03, 0.12, -0.95
Gyro: -2.57, 0.34, -1.51
Accel: 0.03, 0.11, -0.95
Gyro: -2.44, 0.03, -0.93
Accel: 0.03, 0.11, -0.95
Gyro: -2.83, 0.06, -0.69
Accel: 0.04, 0.10, -0.95
Gyro: -3.17, 0.10, -1.00
Accel: 0.03, 0.11, -0.96
Gyro: -2.81, 0.12, -1.01
Accel: 0.04, 0.11, -0.94
Gyro: -2.36, -0.21, -1.11
Accel: 0.04, 0.11, -0.95
Gyro: -2.14, -1.59, -0.85
Accel: 0.03, 0.10, -0.96
Gyro: -2.11, -1.89, -1.12
Accel: 0.03, 0.10, -0.96
Gyro: -2.56, -1.61, -1.36
Accel: 0.03, 0.11, -0.96
Gyro: -2.21, -1.23, -1.14
Accel: 0.02, 0.11, -0.96
Gyro: -2.12, -0.41, -0.95
