Accel: 0.14, 0.13, -0.95
Gyro: -1.95, 2.86, 0.07
Accel: 0.15, 0.12, -0.94
Gyro: -2.10, 2.55, 0.08
Accel: 0.15, 0.13, -0.93
Gyro: -2.45, 1.81, -0.31
Accel: 0.15, 0.12, -0.94
Gyro: -2.01, 1.88, -0.23
Accel: 0.15, 0.13, -0.94
Gyro: -2.65, 1.47, -1.14
Accel: 0.16, 0.12, -0.94
Gyro: -2.37, 0.90, -0.83
Accel: 0.15, 0.12, -0.94
Gyro: -2.20, 0.86, -0.79
Accel: 0.15, 0.12, -0.94
Gyro: -2.21, 0.40, -0.78
Accel: 0.15, 0.12, -0.94
Gyro: -2.39, 0.62, -0.90
Accel: 0.15, 0.12, -0.95
Gyro: -2.38, 0.70, -0.85
Accel: 0.15, 0.13, -0.96
Gyro: -2.96, 2.32, -0.46
Accel: 0.13, 0.13, -1.00
Gyro: -3.98, 6.30, 0.40
Accel: 0.12, 0.13, -1.01
Gyro: -5.09, 15.05, 2.11
Accel: 0.12, 0.13, -1.03
Gyro: -6.08, 23.06, 3.58
Accel: 0.11, 0.14, -1.05
Gyro: -6.44, 35.38, 5.00
Accel: 0.11, 0.14, -1.05
Gyro: -4.96, 52.08, 5.71
Accel: 0.12, 0.13, -1.06
Gyro: -4.13, 65.16, 3.58
Accel: 0.13, 0.14, -1.05
Gyro: -3.97, 84.23, 3.49
Accel: 0.22, 0.12, -0.94
Gyro: -1.85, 98.37, 3.00
Accel: 0.32, 0.12, -0.88
Gyro: 0.44, 97.16, 1.95
Accel: 0.36, 0.13, -0.84
Gyro: -4.24, 100.33, 1.62
Accel: 0.39, 0.13, -0.85
Gyro: -6.79, 103.94, 1.92
Accel: 0.47, 0.15, -0.74
Gyro: -6.68, 97.81, 2.47
Accel: 0.52, 0.13, -0.69
Gyro: -10.85, 95.69, 3.88
Accel: 0.67, 0.13, -0.54
Gyro: -8.42, 77.33, 4.52
Accel: 0.67, 0.11, -0.62
Gyro: -7.13, 57.59, 4.82
Accel: 0.73, 0.10, -0.56
Gyro: -13.08, 41.87, 1.74
Accel: 0.76, 0.14, -0.55
Gyro: -11.51, 24.03, 0.92
Accel: 0.77, 0.13, -0.58
Gyro: -9.14, 10.38, -0.42
Accel: 0.75, 0.14, -0.60
Gyro: -5.42, 2.72, -2.37
Accel: 0.74, 0.13, -0.65
Gyro: -5.46, -0.82, -3.19
Accel: 0.72, 0.16, -0.65
Gyro: -2.27, -1.82, -2.40
Accel: 0.70, 0.14, -0.68
Gyro: -1.71, -0.98, -1.25
Accel: 0.71, 0.14, -0.66
Gyro: -2.65, -0.09, -0.98
Accel: 0.71, 0.14, -0.66
Gyro: -3.07, -2.49, -1.03
Accel: 0.70, 0.14, -0.67
Gyro: -3.56, -4.09, -1.35
Accel: 0.70, 0.15, -0.67
Gyro: -3.62, -5.68, -1.63
Accel: 0.70, 0.15, -0.66
Gyro: -3.31, -8.09, -1.32
Accel: 0.70, 0.14, -0.65
Gyro: -3.17, -10.89, -1.75
Accel: 0.70, 0.14, -0.64
Gyro: -2.61, -14.85, -2.85
Accel: 0.70, 0.14, -0.64
Gyro: -1.59, -20.81, -3.76
Accel: 0.69, 0.15, -0.61
Gyro: -0.64, -28.93, -4.30
Accel: 0.68, 0.16, -0.63
Gyro: 1.04, -38.15, -4.10
Accel: 0.68, 0.14, -0.67
Gyro: 1.01, -47.39, -4.32
Accel: 0.63, 0.17, -0.65
Gyro: 1.69, -54.99, -4.82
Accel: 0.60, 0.16, -0.66
Gyro: 3.46, -62.26, -4.53
Accel: 0.57, 0.14, -0.71
Gyro: 3.29, -70.39, -5.84
Accel: 0.53, 0.16, -0.72
Gyro: 4.87, -80.41, -5.76
Accel: 0.46, 0.13, -0.77
Gyro: 6.65, -90.06, -5.33
Accel: 0.38, 0.11, -0.86
Gyro: 4.16, -91.58, -7.66
Accel: 0.31, 0.12, -0.98
Gyro: 2.60, -82.79, -10.13
Accel: 0.26, 0.13, -1.00
Gyro: 0.31, -69.05, -11.14
Accel: 0.24, 0.13, -0.99
Gyro: -0.11, -55.95, -11.75
Accel: 0.23, 0.16, -1.02
Gyro: 3.07, -45.56, -10.79
Accel: 0.22, 0.12, -0.96
Gyro: 6.65, -34.48, -9.68
Accel: 0.22, 0.14, -0.94
Gyro: 0.94, -28.19, -10.22
Accel: 0.22, 0.14, -0.88
Gyro: 0.43, -29.14, -8.91
Accel: 0.19, 0.15, -0.91
Gyro: -0.72, -33.39, -7.23
Accel: 0.17, 0.14, -0.94
Gyro: -0.52, -33.86, -5.79
Accel: 0.14, 0.14, -0.98
Gyro: -2.30, -29.82, -5.16
Accel: 0.13, 0.16, -0.99
Gyro: -3.66, -24.20, -3.83
Accel: 0.10, 0.15, -1.02
Gyro: -2.94, -17.16, -1.99
Accel: 0.10, 0.15, -1.02
Gyro: -2.11, -8.74, -1.18
Accel: 0.11, 0.15, -0.98
Gyro: -1.10, -2.68, -0.59
Accel: 0.13, 0.14, -0.96
Gyro: -0.56, -0.58, -0.30
Accel: 0.13, 0.14, -0.95
Gyro: 1.00, 0.82, -0.14
Accel: 0.15, 0.12, -0.95
Gyro: 0.14, 2.31, -0.92
Accel: 0.15, 0.14, -0.95
Gyro: -1.43, 2.61, -1.53
Accel: 0.15, 0.13, -0.94
Gyro: -2.12, 2.99, -1.50
Accel: 0.16, 0.13, -0.93
Gyro: -2.56, 3.68, -1.50
Accel: 0.17, 0.14, -0.93
Gyro: -2.57, 3.28, -1.33
Accel: 0.17, 0.14, -0.92
Gyro: -2.27, 2.31, -0.69
Accel: 0.17, 0.13, -0.92
Gyro: -1.96, 1.42, -0.31
Accel: 0.17, 0.13, -0.92
Gyro: -1.97, 0.09, -0.73
Accel: 0.17, 0.14, -0.93
Gyro: -1.48, -0.89, -0.85
Accel: 0.16, 0.14, -0.95
Gyro: -2.16, -0.05, -0.84
Accel: 0.17, 0.13, -0.95
Gyro: -2.43, 1.33, -0.90
Accel: 0.17, 0.14, -0.94
Gyro: -2.13, 1.70, -0.25
Accel: 0.17, 0.13, -0.93
Gyro: -1.73, 1.34, 0.52
Accel: 0.17, 0.12, -0.94
Gyro: -1.91, 1.57, 0.55
Accel: 0.17, 0.12, -0.93
Gyro: -2.14, 1.21, 0.16
Accel: 0.18, 0.13, -0.93
Gyro: -2.24, 0.56, 0.12
Accel: 0.17, 0.12, -0.93
Gyro: -2.75, 0.38, -0.41
Accel: 0.17, 0.13, -0.94
Gyro: -2.94, 0.21, -0.92
Accel: 0.18, 0.13, -0.94
Gyro: -2.66, 0.80, -1.17
Accel: 0.17, 0.13, -0.92
Gyro: -2.14, 0.08, -1.14
Accel: 0.18, 0.13, -0.93
Gyro: -2.41, -0.53, -1.00
Accel: 0.17, 0.13, -0.94
Gyro: -2.04, -0.67, -0.93
Accel: 0.17, 0.13, -0.94
Gyro: -2.10, -0.01, -1.30
Accel: 0.18, 0.14, -0.94
Gyro: -2.33, 0.60, -1.27
Accel: 0.18, 0.14, -0.94
Gyro: -2.10, 0.78, -0.98
Accel: 0.18, 0.14, -0.93
Gyro: -2.06, 0.85, -0.66
Accel: 0.18, 0.13, -0.93
Gyro: -1.91, 0.35, -0.63
Accel: 0.18, 0.13, -0.93
Gyro: -2.17, 1.14, -1.04
Accel: 0.18, 0.14, -0.93
Gyro: -1.41, 1.27, -0.69
Accel: 0.19, 0.12, -0.93
Gyro: -2.07, 0.44, -1.12
Accel: 0.18, 0.14, -0.93
Gyro: -2.40, -0.43, -1.15
Accel: 0.18, 0.13, -0.94
Gyro: -2.59, -0.24, -0.92
Accel: 0.18, 0.13, -0.95
Gyro: -2.45, 0.21, -0.94
Accel: 0.18, 0.13, -0.93
Gyro: -2.34, 0.17, -0.98
Accel: 0.18, 0.13, -0.93
Gyro: -2.10, -0.13, -0.93
