Accel: 0.08, 0.10, -0.95
Gyro: -1.95, 0.21, -0.88
Accel: 0.09, 0.11, -0.95
Gyro: -2.37, 0.30, -1.08
Accel: 0.09, 0.11, -0.96
Gyro: -1.57, 0.31, -0.62
Accel: 0.08, 0.11, -0.96
Gyro: -2.45, -0.04, -1.14
Accel: 0.09, 0.11, -0.95
Gyro: -2.39, -0.03, -0.91
Accel: 0.09, 0.11, -0.96
Gyro: -2.19, 0.28, -0.73
Accel: 0.09, 0.11, -0.95
Gyro: -1.91, 0.39, -0.89
Accel: 0.10, 0.11, -0.95
Gyro: -2.04, 0.27, -0.56
Accel: 0.09, 0.11, -0.95
Gyro: -2.00, 0.53, -0.27
Accel: 0.09, 0.11, -0.95
Gyro: -2.46, 0.54, -0.09
Accel: 0.09, 0.11, -0.96
Gyro: -2.65, 0.50, -0.17
Accel: 0.08, 0.11, -0.96
Gyro: -2.70, 1.56, -0.34
Accel: 0.07, 0.11, -0.99
Gyro: -3.18, 4.05, -0.21
Accel: 0.06, 0.11, -1.01
Gyro: -3.81, 8.53, 0.43
Accel: 0.04, 0.12, -1.03
Gyro: -4.83, 15.42, 1.24
Accel: 0.02, 0.11, -1.06
Gyro: -5.13, 26.77, 1.94
Accel: 0.05, 0.10, -1.04
Gyro: -4.75, 37.83, 0.57
Accel: 0.06, 0.13, -1.06
Gyro: -3.53, 49.19, 0.09
Accel: 0.06, 0.15, -1.08
Gyro: -4.43, 69.02, 2.80
Accel: 0.13, 0.13, -0.97
Gyro: -2.89, 79.37, 5.22
Accel: 0.16, 0.12, -1.04
Gyro: -4.08, 92.96, 5.26
Accel: 0.24, 0.13, -0.89
Gyro: -5.59, 105.84, 6.80
Accel: 0.32, 0.10, -0.86
Gyro: -4.67, 104.35, 7.20
Accel: 0.37, 0.10, -0.83
Gyro: -6.41, 102.94, 7.03
Accel: 0.44, 0.12, -0.71
Gyro: -8.36, 96.08, 8.81
Accel: 0.55, 0.10, -0.65
Gyro: -8.13, 79.12, 9.16
Accel: 0.58, 0.10, -0.69
Gyro: -12.24, 65.09, 7.96
Accel: 0.64, 0.11, -0.67
Gyro: -13.94, 51.70, 8.09
Accel: 0.67, 0.10, -0.60
Gyro: -10.34, 37.57, 6.80
Accel: 0.67, 0.11, -0.62
Gyro: -9.66, 23.80, 4.58
Accel: 0.69, 0.13, -0.65
Gyro: -8.39, 16.62, 3.59
Accel: 0.69, 0.10, -0.65
Gyro: -7.67, 9.59, 2.48
Accel: 0.69, 0.11, -0.66
Gyro: -4.54, 4.81, 1.37
Accel: 0.70, 0.12, -0.67
Gyro: -2.03, -0.40, 0.95
Accel: 0.69, 0.11, -0.67
Gyro: -1.46, -5.59, 0.26
Accel: 0.69, 0.11, -0.69
Gyro: -1.52, -9.60, -0.85
Accel: 0.67, 0.11, -0.69
Gyro: -1.95, -13.16, -1.54
Accel: 0.67, 0.11, -0.70
Gyro: -2.51, -16.74, -2.83
Accel: 0.66, 0.12, -0.68
Gyro: -2.62, -22.19, -2.73
Accel: 0.65, 0.12, -0.70
Gyro: -2.75, -27.75, -3.36
Accel: 0.65, 0.13, -0.67
Gyro: -1.71, -35.55, -3.33
Accel: 0.63, 0.13, -0.69
Gyro: -1.03, -45.29, -2.69
Accel: 0.61, 0.14, -0.65
Gyro: 1.59, -56.79, -1.37
Accel: 0.57, 0.12, -0.68
Gyro: 3.30, -73.80, -1.71
Accel: 0.50, 0.10, -0.73
Gyro: 2.30, -82.52, -3.56
Accel: 0.43, 0.09, -0.76
Gyro: 2.89, -88.86, -6.55
Accel: 0.34, 0.10, -0.81
Gyro: 1.77, -97.54, -10.67
Accel: 0.26, 0.12, -0.92
Gyro: 0.30, -94.22, -12.30
Accel: 0.21, 0.11, -0.99
Gyro: 0.71, -84.24, -13.60
Accel: 0.18, 0.12, -1.00
Gyro: 1.03, -72.95, -14.60
Accel: 0.13, 0.08, -1.01
Gyro: 2.95, -61.89, -14.54
Accel: 0.12, 0.11, -1.10
Gyro: 5.53, -45.48, -13.57
Accel: 0.10, 0.13, -1.07
Gyro: 2.60, -27.40, -12.66
Accel: 0.11, 0.14, -1.03
Gyro: 1.43, -15.29, -10.29
Accel: 0.12, 0.13, -0.96
Gyro: 0.69, -9.54, -6.94
Accel: 0.13, 0.12, -0.95
Gyro: -0.72, -8.61, -4.65
Accel: 0.13, 0.12, -0.96
Gyro: -2.73, -6.81, -3.00
Accel: 0.15, 0.12, -0.92
Gyro: -2.43, -8.38, -1.88
Accel: 0.14, 0.11, -0.92
Gyro: -2.17, -11.51, -1.91
Accel: 0.13, 0.11, -0.95
Gyro: -2.51, -11.83, -1.92
Accel: 0.14, 0.11, -0.95
Gyro: -2.20, -10.84, -2.14
Accel: 0.12, 0.11, -0.96
Gyro: -2.08, -9.80, -2.36
Accel: 0.11, 0.12, -0.97
Gyro: -1.86, -7.05, -2.54
Accel: 0.12, 0.11, -0.96
Gyro: -1.17, -4.58, -2.60
Accel: 0.12, 0.12, -0.97
Gyro: -0.67, -2.52, -1.81
Accel: 0.12, 0.11, -0.97
Gyro: -1.09, -0.03, -0.89
Accel: 0.13, 0.11, -0.95
Gyro: -2.08, 1.48, -0.62
Accel: 0.13, 0.10, -0.95
Gyro: -2.56, 1.16, -0.85
Accel: 0.13, 0.11, -0.94
Gyro: -3.05, 0.94, -1.22
Accel: 0.13, 0.10, -0.94
Gyro: -3.35, 0.98, -1.83
Accel: 0.13, 0.12, -0.95
Gyro: -3.35, 0.20, -2.20
Accel: 0.13, 0.11, -0.94
Gyro: -2.71, 0.20, -2.33
Accel: 0.13, 0.11, -0.94
Gyro: -2.35, 0.24, -2.69
Accel: 0.12, 0.12, -0.94
Gyro: -1.80, -1.17, -2.56
Accel: 0.12, 0.12, -0.95
Gyro: -1.35, -0.95, -1.60
Accel: 0.12, 0.12, -0.95
Gyro: -1.50, -0.71, -1.40
Accel: 0.12, 0.12, -0.94
Gyro: -2.17, -0.70, -1.03
Accel: 0.13, 0.11, -0.95
Gyro: -1.98, -0.55, -0.45
Accel: 0.13, 0.12, -0.95
Gyro: -2.29, 0.15, -0.26
Accel: 0.13, 0.11, -0.95
Gyro: -2.32, 0.37, -0.37
Accel: 0.13, 0.12, -0.95
Gyro: -1.53, 0.92, -0.32
Accel: 0.12, 0.10, -0.94
Gyro: -1.44, 1.40, -0.35
Accel: 0.13, 0.11, -0.94
Gyro: -2.09, 0.49, -1.16
Accel: 0.13, 0.11, -0.95
Gyro: -1.88, 0.02, -1.21
Accel: 0.13, 0.11, -0.94
Gyro: -1.78, 0.02, -1.56
Accel: 0.13, 0.11, -0.94
Gyro: -2.05, 0.56, -1.87
Accel: 0.14, 0.12, -0.94
Gyro: -1.90, 0.02, -1.66
Accel: 0.13, 0.11, -0.95
Gyro: -1.74, -0.28, -1.11
Accel: 0.13, 0.11, -0.95
Gyro: -1.82, -0.40, -0.95
Accel: 0.13, 0.10, -0.93
Gyro: -2.33, -0.21, -1.30
Accel: 0.14, 0.12, -0.96
Gyro: -1.69, -0.31, -1.27
Accel: 0.13, 0.11, -0.95
Gyro: -2.19, 0.07, -1.53
Accel: 0.13, 0.12, -0.94
Gyro: -2.82, 0.24, -1.61
Accel: 0.14, 0.12, -0.95
Gyro: -2.65, 0.01, -1.26
Accel: 0.14, 0.11, -0.95
Gyro: -2.17, -0.23, -0.80
Accel: 0.14, 0.11, -0.95
Gyro: -2.46, 0.35, -0.57
Accel: 0.14, 0.11, -0.94
Gyro: -2.59, 0.37, -0.84
Accel: 0.14, 0.12, -0.94
Gyro: -2.57, -0.05, -0.88
Accel: 0.14, 0.11, -0.94
Gyro: -2.49, -0.62, -0.88
Accel: 0.14, 0.11, -0.94
Gyro: -2.64, -0.57, -1.21
Accel: 0.14, 0.11, -0.95
Gyro: -2.84, -0.29, -1.49
