Accel: 0.09, 0.10, -0.96
Gyro: -2.53, -0.40, -1.79
Accel: 0.08, 0.10, -0.95
Gyro: -2.62, -0.27, -1.53
Accel: 0.08, 0.10, -0.95
Gyro: -2.50, -0.37, -1.34
Accel: 0.09, 0.10, -0.95
Gyro: -2.42, -0.25, -1.01
Accel: 0.09, 0.10, -0.95
Gyro: -2.22, -0.02, -0.81
Accel: 0.09, 0.10, -0.95
Gyro: -2.26, 0.26, -1.07
Accel: 0.10, 0.10, -0.95
Gyro: -2.28, 0.30, -1.10
Accel: 0.09, 0.09, -0.94
Gyro: -1.83, -0.12, -0.57
Accel: 0.09, 0.09, -0.94
Gyro: -2.22, -1.08, -0.93
Accel: 0.09, 0.10, -0.95
Gyro: -2.23, -1.78, -1.17
Accel: 0.08, 0.10, -0.97
Gyro: -2.31, -0.58, -1.16
Accel: 0.07, 0.10, -1.01
Gyro: -3.14, 2.57, -0.89
Accel: 0.06, 0.11, -1.02
Gyro: -4.76, 11.85, 1.19
Accel: 0.07, 0.11, -1.00
Gyro: -5.12, 16.33, 3.65
Accel: 0.06, 0.12, -1.04
Gyro: -6.25, 26.81, 6.16
Accel: 0.09, 0.11, -0.99
Gyro: -6.20, 34.39, 7.97
Accel: 0.09, 0.11, -1.00
Gyro: -6.65, 38.04, 8.57
Accel: 0.10, 0.10, -1.04
Gyro: -6.74, 49.15, 9.08
Accel: 0.15, 0.10, -0.95
Gyro: -7.90, 53.33, 8.43
Accel: 0.14, 0.12, -1.07
Gyro: -8.03, 61.20, 8.32
Accel: 0.16, 0.12, -1.04
Gyro: -8.49, 80.31, 8.58
Accel: 0.22, 0.12, -0.97
Gyro: -5.08, 87.10, 7.97
Accel: 0.18, 0.12, -1.11
Gyro: -9.56, 112.66, 9.36
Accel: 0.33, 0.09, -0.73
Gyro: -10.08, 122.23, 10.95
Accel: 0.48, 0.09, -0.63
Gyro: -3.98, 101.43, 8.33
Accel: 0.57, 0.09, -0.59
Gyro: -1.59, 74.65, 5.87
Accel: 0.62, 0.07, -0.60
Gyro: -1.80, 49.55, 3.26
Accel: 0.62, 0.08, -0.66
Gyro: -6.00, 33.60, -0.30
Accel: 0.64, 0.11, -0.67
Gyro: -6.29, 24.22, -1.59
Accel: 0.63, 0.10, -0.69
Gyro: -6.41, 16.84, -2.56
Accel: 0.63, 0.12, -0.70
Gyro: -7.74, 12.06, -2.59
Accel: 0.65, 0.13, -0.74
Gyro: -9.81, 8.56, -1.75
Accel: 0.64, 0.11, -0.73
Gyro: -7.98, 8.01, -0.77
Accel: 0.65, 0.13, -0.71
Gyro: -5.85, 7.77, -0.61
Accel: 0.66, 0.15, -0.71
Gyro: -2.57, 5.18, 0.12
Accel: 0.66, 0.13, -0.72
Gyro: -0.51, 1.83, 0.60
Accel: 0.66, 0.11, -0.72
Gyro: -0.42, -1.34, -0.27
Accel: 0.65, 0.12, -0.71
Gyro: -0.60, -4.53, -0.56
Accel: 0.65, 0.11, -0.70
Gyro: -0.85, -7.56, -0.79
Accel: 0.66, 0.11, -0.69
Gyro: -0.97, -11.36, -1.45
Accel: 0.66, 0.10, -0.68
Gyro: -1.32, -17.05, -2.55
Accel: 0.66, 0.10, -0.65
Gyro: -1.46, -25.54, -3.68
Accel: 0.65, 0.11, -0.64
Gyro: -0.25, -37.08, -4.10
Accel: 0.62, 0.12, -0.66
Gyro: 2.16, -48.75, -4.87
Accel: 0.59, 0.12, -0.67
Gyro: 3.27, -62.30, -5.22
Accel: 0.54, 0.10, -0.69
Gyro: 4.36, -75.84, -6.55
Accel: 0.48, 0.10, -0.76
Gyro: 5.21, -85.96, -8.51
Accel: 0.43, 0.09, -0.78
Gyro: 2.78, -92.45, -12.20
Accel: 0.35, 0.08, -0.79
Gyro: 5.17, -99.01, -13.74
Accel: 0.28, 0.09, -0.81
Gyro: 2.15, -107.04, -16.30
Accel: 0.20, 0.10, -0.89
Gyro: 3.40, -109.93, -16.46
Accel: 0.11, 0.08, -0.98
Gyro: -0.55, -103.60, -17.15
Accel: 0.03, 0.13, -1.08
Gyro: 8.45, -86.62, -16.78
Accel: 0.02, 0.11, -1.16
Gyro: 3.39, -57.92, -17.64
Accel: 0.01, 0.13, -1.11
Gyro: 0.85, -35.73, -16.32
Accel: 0.01, 0.14, -1.05
Gyro: -0.70, -21.96, -13.78
Accel: 0.02, 0.13, -1.02
Gyro: -0.60, -12.97, -9.64
Accel: 0.02, 0.13, -0.99
Gyro: -1.63, -7.64, -6.00
Accel: 0.03, 0.12, -0.97
Gyro: -2.75, -4.77, -2.75
Accel: 0.04, 0.13, -0.97
Gyro: -2.77, -3.55, -1.29
Accel: 0.04, 0.12, -0.95
Gyro: -2.30, -2.72, -0.66
Accel: 0.04, 0.12, -0.95
Gyro: -2.61, -1.61, -0.68
Accel: 0.04, 0.11, -0.96
Gyro: -2.66, -0.86, -0.98
Accel: 0.05, 0.12, -0.97
Gyro: -1.69, 0.76, -0.91
Accel: 0.06, 0.11, -0.94
Gyro: -1.15, 0.40, -0.56
Accel: 0.06, 0.11, -0.94
Gyro: -1.95, -0.87, -1.01
Accel: 0.05, 0.11, -0.95
Gyro: -0.82, -1.57, -1.03
Accel: 0.06, 0.10, -0.96
Gyro: -1.63, -0.66, -1.47
Accel: 0.06, 0.11, -0.97
Gyro: -2.82, 0.98, -1.67
Accel: 0.07, 0.11, -0.98
Gyro: -2.68, 2.88, -1.77
Accel: 0.08, 0.12, -0.96
Gyro: -2.36, 3.20, -1.43
Accel: 0.08, 0.11, -0.94
Gyro: -1.78, 2.22, -1.22
Accel: 0.09, 0.12, -0.95
Gyro: -1.62, 1.39, -0.87
Accel: 0.09, 0.11, -0.94
Gyro: -0.69, 0.79, -0.66
Accel: 0.09, 0.11, -0.93
Gyro: -0.68, -0.46, -0.69
Accel: 0.07, 0.11, -0.94
Gyro: -1.64, -1.37, -0.64
Accel: 0.07, 0.11, -0.94
Gyro: -2.43, -1.93, -0.18
Accel: 0.08, 0.11, -0.95
Gyro: -2.16, -1.84, -0.08
Accel: 0.07, 0.11, -0.95
Gyro: -2.08, -2.05, -0.19
Accel: 0.06, 0.11, -0.96
Gyro: -2.15, -1.43, 0.23
Accel: 0.06, 0.11, -0.96
Gyro: -2.01, 0.31, 0.44
Accel: 0.06, 0.10, -0.96
Gyro: -2.40, 1.64, -0.12
Accel: 0.07, 0.10, -0.95
Gyro: -2.76, 2.14, -0.75
Accel: 0.07, 0.10, -0.95
Gyro: -2.85, 2.37, -1.21
Accel: 0.08, 0.12, -0.95
Gyro: -2.91, 2.01, -1.46
Accel: 0.08, 0.11, -0.93
Gyro: -2.55, 0.68, -1.60
Accel: 0.08, 0.12, -0.94
Gyro: -2.26, -1.01, -1.48
Accel: 0.08, 0.12, -0.96
Gyro: -2.10, -0.77, -0.95
Accel: 0.08, 0.11, -0.95
Gyro: -2.11, -0.08, -1.00
Accel: 0.07, 0.11, -0.95
Gyro: -2.20, 0.09, -0.93
Accel: 0.08, 0.11, -0.96
Gyro: -1.98, 0.08, -0.67
Accel: 0.08, 0.11, -0.94
Gyro: -2.14, 0.32, -0.77
Accel: 0.09, 0.11, -0.95
Gyro: -2.46, 0.74, -0.86
Accel: 0.08, 0.11, -0.94
Gyro: -1.80, 0.24, -0.98
Accel: 0.08, 0.10, -0.96
Gyro: -1.50, 0.19, -0.99
Accel: 0.08, 0.10, -0.94
Gyro: -2.31, 0.55, -1.20
Accel: 0.08, 0.11, -0.96
Gyro: -2.20, 0.18, -1.14
Accel: 0.08, 0.11, -0.95
Gyro: -2.05, -0.21, -1.05
Accel: 0.08, 0.11, -0.96
Gyro: -2.11, 0.50, -0.92
Accel: 0.08, 0.10, -0.95
Gyro: -2.05, 0.79, -0.98
Accel: 0.09, 0.11, -0.95
Gyro: -1.92, 0.25, -0.86
