Accel: 0.10, 0.09, -0.95
Gyro: -1.72, -0.32, -1.11
Accel: 0.09, 0.11, -0.95
Gyro: -2.16, -0.51, -0.96
Accel: 0.09, 0.10, -0.95
Gyro: -1.86, -0.24, -0.52
Accel: 0.10, 0.10, -0.94
Gyro: -1.74, -0.18, -0.43
Accel: 0.10, 0.10, -0.95
Gyro: -2.00, -0.41, -0.50
Accel: 0.10, 0.09, -0.95
Gyro: -2.10, -0.13, -0.50
Accel: 0.10, 0.10, -0.95
Gyro: -2.33, -0.20, -0.59
Accel: 0.11, 0.09, -0.94
Gyro: -2.58, -0.64, -0.81
Accel: 0.10, 0.10, -0.94
Gyro: -2.96, -0.50, -1.09
Accel: 0.10, 0.10, -0.94
Gyro: -2.92, -0.88, -1.08
Accel: 0.09, 0.10, -0.96
Gyro: -3.27, 0.06, -0.83
Accel: 0.08, 0.10, -0.98
Gyro: -4.12, 3.56, -0.04
Accel: 0.07, 0.11, -1.00
Gyro: -4.95, 8.06, 1.58
Accel: 0.06, 0.11, -1.02
Gyro: -6.07, 14.17, 3.56
Accel: 0.05, 0.12, -1.08
Gyro: -7.57, 25.00, 6.03
Accel: 0.07, 0.13, -1.05
Gyro: -7.06, 39.68, 8.90
Accel: 0.05, 0.14, -1.10
Gyro: -6.32, 50.80, 11.03
Accel: 0.08, 0.12, -1.03
Gyro: -5.49, 70.71, 13.83
Accel: 0.10, 0.10, -1.09
Gyro: -5.70, 83.56, 11.79
Accel: 0.12, 0.10, -1.12
Gyro: -8.31, 113.49, 11.33
Accel: 0.20, 0.11, -0.93
Gyro: -10.19, 130.17, 12.04
Accel: 0.28, 0.08, -0.86
Gyro: -10.42, 137.18, 11.88
Accel: 0.47, 0.10, -0.56
Gyro: -5.75, 118.96, 10.08
Accel: 0.60, 0.08, -0.54
Gyro: 0.59, 79.48, 6.87
Accel: 0.57, 0.08, -0.72
Gyro: -1.34, 60.21, 3.30
Accel: 0.64, 0.10, -0.64
Gyro: -7.99, 54.57, 1.14
Accel: 0.68, 0.09, -0.59
Gyro: -4.82, 33.51, 0.46
Accel: 0.66, 0.08, -0.66
Gyro: -3.63, 22.16, -2.61
Accel: 0.68, 0.11, -0.65
Gyro: -7.97, 17.15, -4.55
Accel: 0.71, 0.11, -0.62
Gyro: -6.59, 7.38, -4.03
Accel: 0.70, 0.10, -0.65
Gyro: -2.93, -1.11, -4.34
Accel: 0.67, 0.11, -0.71
Gyro: -1.59, -2.95, -3.63
Accel: 0.67, 0.12, -0.71
Gyro: -3.22, -2.27, -1.29
Accel: 0.68, 0.11, -0.69
Gyro: -3.20, -5.74, 0.34
Accel: 0.67, 0.11, -0.70
Gyro: -4.27, -10.21, 0.53
Accel: 0.65, 0.12, -0.74
Gyro: -5.01, -11.86, 0.49
Accel: 0.65, 0.11, -0.73
Gyro: -4.24, -10.68, 0.02
Accel: 0.64, 0.10, -0.72
Gyro: -3.16, -12.53, -1.63
Accel: 0.65, 0.11, -0.70
Gyro: -2.15, -16.73, -2.93
Accel: 0.63, 0.11, -0.68
Gyro: -0.70, -22.61, -3.89
Accel: 0.63, 0.10, -0.67
Gyro: 0.92, -29.94, -5.26
Accel: 0.62, 0.12, -0.68
Gyro: 2.88, -39.54, -6.16
Accel: 0.60, 0.12, -0.68
Gyro: 4.94, -52.93, -6.38
Accel: 0.56, 0.11, -0.70
Gyro: 5.76, -65.03, -7.64
Accel: 0.52, 0.10, -0.73
Gyro: 6.23, -78.03, -8.35
Accel: 0.47, 0.11, -0.75
Gyro: 6.34, -88.94, -10.31
Accel: 0.41, 0.09, -0.76
Gyro: 4.06, -98.19, -11.79
Accel: 0.33, 0.10, -0.84
Gyro: 3.54, -103.33, -13.29
Accel: 0.24, 0.14, -0.96
Gyro: 4.92, -99.45, -9.91
Accel: 0.18, 0.10, -1.02
Gyro: 3.52, -86.68, -7.92
Accel: 0.15, 0.10, -1.05
Gyro: 0.60, -69.04, -7.77
Accel: 0.13, 0.11, -1.02
Gyro: 6.32, -55.57, -6.38
Accel: 0.10, 0.10, -1.03
Gyro: 4.01, -43.92, -6.79
Accel: 0.09, 0.09, -1.03
Gyro: 3.17, -34.33, -6.72
Accel: 0.08, 0.08, -1.00
Gyro: 0.03, -27.18, -7.27
Accel: 0.06, 0.09, -1.00
Gyro: -3.04, -21.87, -7.36
Accel: 0.06, 0.10, -0.99
Gyro: -3.70, -15.66, -6.94
Accel: 0.07, 0.12, -0.96
Gyro: -3.68, -12.72, -6.11
Accel: 0.06, 0.12, -0.96
Gyro: -3.35, -11.48, -5.27
Accel: 0.05, 0.10, -0.98
Gyro: -2.18, -8.04, -4.55
Accel: 0.06, 0.11, -0.95
Gyro: -1.87, -6.11, -4.06
Accel: 0.05, 0.11, -0.95
Gyro: -1.27, -6.52, -3.49
Accel: 0.04, 0.10, -0.97
Gyro: -0.47, -6.29, -2.92
Accel: 0.05, 0.10, -0.98
Gyro: -0.88, -4.03, -2.53
Accel: 0.05, 0.11, -0.98
Gyro: -1.37, -1.66, -1.47
Accel: 0.06, 0.11, -0.96
Gyro: -0.89, -0.54, -0.57
Accel: 0.07, 0.10, -0.96
Gyro: -0.96, 0.83, 0.47
Accel: 0.07, 0.10, -0.96
Gyro: -0.96, 2.30, 1.01
Accel: 0.08, 0.09, -0.95
Gyro: -1.32, 2.40, 1.18
Accel: 0.08, 0.08, -0.95
Gyro: -1.82, 2.09, 0.53
Accel: 0.08, 0.08, -0.95
Gyro: -2.24, 2.04, -0.34
Accel: 0.09, 0.09, -0.94
Gyro: -2.88, 1.98, -1.13
Accel: 0.09, 0.09, -0.94
Gyro: -2.94, 1.30, -2.02
Accel: 0.10, 0.08, -0.95
Gyro: -2.86, 0.63, -2.33
Accel: 0.08, 0.10, -0.95
Gyro: -2.77, 0.05, -2.78
Accel: 0.08, 0.10, -0.95
Gyro: -2.76, -0.92, -2.68
Accel: 0.08, 0.10, -0.95
Gyro: -2.59, -0.91, -2.28
Accel: 0.08, 0.10, -0.95
Gyro: -3.06, -0.98, -2.02
Accel: 0.07, 0.10, -0.96
Gyro: -3.24, -0.86, -1.69
Accel: 0.08, 0.11, -0.97
Gyro: -3.01, -0.07, -1.24
Accel: 0.08, 0.11, -0.96
Gyro: -1.93, 0.50, -0.80
Accel: 0.08, 0.09, -0.95
Gyro: -1.93, 0.06, -0.73
Accel: 0.08, 0.10, -0.94
Gyro: -2.08, -0.56, -0.96
Accel: 0.08, 0.10, -0.96
Gyro: -1.62, -0.91, -1.05
Accel: 0.07, 0.10, -0.95
Gyro: -1.91, -0.52, -1.66
Accel: 0.08, 0.10, -0.96
Gyro: -2.51, -0.24, -1.69
Accel: 0.08, 0.10, -0.95
Gyro: -2.41, 0.18, -1.08
Accel: 0.08, 0.10, -0.95
Gyro: -2.13, 0.25, -0.97
Accel: 0.08, 0.09, -0.96
Gyro: -2.43, -0.01, -0.87
Accel: 0.08, 0.11, -0.97
Gyro: -2.49, 0.34, -1.30
Accel: 0.09, 0.10, -0.95
Gyro: -1.67, 0.76, -0.86
Accel: 0.09, 0.10, -0.94
Gyro: -2.01, 0.23, -0.86
Accel: 0.09, 0.10, -0.95
Gyro: -1.66, -0.01, -0.40
Accel: 0.09, 0.10, -0.95
Gyro: -1.79, 0.21, -0.44
Accel: 0.09, 0.10, -0.95
Gyro: -1.75, 0.24, -0.68
Accel: 0.09, 0.09, -0.94
Gyro: -1.63, 0.07, -0.58
Accel: 0.08, 0.10, -0.94
Gyro: -1.72, -0.03, -0.57
Accel: 0.09, 0.09, -0.95
Gyro: -1.80, -0.53, -0.18
Accel: 0.09, 0.09, -0.95
Gyro: -2.00, -0.82, -0.43
Accel: 0.08, 0.08, -0.95
Gyro: -2.65, -0.70, -1.04
Accel: 0.08, 0.09, -0.95
Gyro: -2.83, -0.73, -1.74
