Accel: 0.17, 0.13, -0.94
Gyro: -2.82, 0.18, -0.98
Accel: 0.18, 0.14, -0.93
Gyro: -2.89, -0.13, -1.35
Accel: 0.17, 0.13, -0.94
Gyro: -2.70, -0.08, -1.17
Accel: 0.18, 0.14, -0.94
Gyro: -2.67, 0.19, -1.08
Accel: 0.17, 0.14, -0.94
Gyro: -2.51, 0.43, -0.98
Accel: 0.18, 0.14, -0.95
Gyro: -2.55, 0.63, -1.24
Accel: 0.17, 0.14, -0.94
Gyro: -2.34, 0.54, -0.93
Accel: 0.17, 0.14, -0.93
Gyro: -2.51, 0.20, -0.69
Accel: 0.17, 0.15, -0.94
Gyro: -2.38, 0.26, -0.34
Accel: 0.17, 0.14, -0.94
Gyro: -2.75, 1.51, -0.22
Accel: 0.15, 0.15, -0.99
Gyro: -3.51, 4.33, 0.21
Accel: 0.15, 0.16, -1.01
Gyro: -4.85, 12.33, 2.65
Accel: 0.15, 0.16, -1.00
Gyro: -5.00, 20.09, 5.55
Accel: 0.14, 0.16, -1.03
Gyro: -6.42, 29.30, 8.06
Accel: 0.14, 0.18, -1.03
Gyro: -6.43, 43.50, 11.76
Accel: 0.19, 0.15, -0.94
Gyro: -5.21, 49.45, 13.42
Accel: 0.21, 0.13, -0.99
Gyro: -5.87, 51.89, 12.86
Accel: 0.21, 0.14, -0.99
Gyro: -6.65, 68.02, 12.27
Accel: 0.31, 0.12, -0.87
Gyro: -6.22, 67.69, 10.35
Accel: 0.30, 0.13, -0.96
Gyro: -6.79, 71.12, 7.57
Accel: 0.34, 0.13, -0.88
Gyro: -11.74, 85.85, 6.87
Accel: 0.36, 0.12, -0.89
Gyro: -6.69, 86.03, 5.42
Accel: 0.42, 0.13, -0.83
Gyro: -9.88, 94.88, 2.84
Accel: 0.50, 0.13, -0.75
Gyro: -5.00, 92.19, 0.40
Accel: 0.59, 0.15, -0.67
Gyro: -5.97, 86.21, -4.25
Accel: 0.67, 0.17, -0.54
Gyro: -2.29, 68.76, -1.24
Accel: 0.73, 0.14, -0.54
Gyro: -1.89, 45.69, -0.17
Accel: 0.75, 0.15, -0.56
Gyro: -4.61, 27.92, 1.32
Accel: 0.74, 0.14, -0.57
Gyro: -7.93, 15.08, 2.54
Accel: 0.73, 0.15, -0.63
Gyro: -9.69, 6.90, 1.72
Accel: 0.71, 0.15, -0.65
Gyro: -8.92, 5.36, 0.50
Accel: 0.73, 0.13, -0.66
Gyro: -5.28, 2.98, -1.74
Accel: 0.72, 0.15, -0.64
Gyro: -3.81, 1.08, -3.54
Accel: 0.72, 0.15, -0.65
Gyro: -1.96, -0.69, -3.99
Accel: 0.72, 0.14, -0.65
Gyro: 1.15, -2.98, -6.65
Accel: 0.73, 0.14, -0.64
Gyro: 1.66, -7.24, -8.97
Accel: 0.72, 0.16, -0.64
Gyro: 1.65, -11.31, -9.06
Accel: 0.71, 0.17, -0.65
Gyro: 1.00, -15.00, -7.66
Accel: 0.70, 0.17, -0.63
Gyro: 1.30, -18.75, -5.91
Accel: 0.69, 0.17, -0.63
Gyro: -1.96, -23.83, -5.17
Accel: 0.69, 0.18, -0.62
Gyro: -1.30, -31.56, -4.03
Accel: 0.68, 0.18, -0.64
Gyro: -0.94, -39.87, -3.27
Accel: 0.65, 0.17, -0.63
Gyro: 0.21, -49.25, -3.52
Accel: 0.63, 0.17, -0.66
Gyro: 0.49, -61.39, -4.29
Accel: 0.59, 0.16, -0.67
Gyro: 3.56, -72.46, -5.26
Accel: 0.53, 0.15, -0.72
Gyro: 4.99, -82.89, -7.00
Accel: 0.46, 0.14, -0.77
Gyro: 6.20, -90.96, -9.60
Accel: 0.39, 0.13, -0.83
Gyro: 6.49, -93.51, -12.60
Accel: 0.32, 0.15, -0.92
Gyro: 4.76, -88.49, -14.41
Accel: 0.27, 0.16, -0.94
Gyro: 3.32, -81.38, -14.70
Accel: 0.23, 0.16, -0.97
Gyro: 2.78, -70.47, -13.80
Accel: 0.20, 0.18, -0.97
Gyro: 11.41, -59.96, -11.49
Accel: 0.19, 0.16, -1.02
Gyro: 7.45, -47.84, -10.54
Accel: 0.16, 0.17, -1.01
Gyro: 4.16, -36.95, -8.65
Accel: 0.15, 0.16, -1.01
Gyro: 2.61, -27.37, -6.26
Accel: 0.15, 0.16, -0.99
Gyro: 0.24, -19.02, -3.93
Accel: 0.15, 0.15, -0.97
Gyro: -0.69, -15.22, -1.77
Accel: 0.16, 0.14, -0.95
Gyro: -2.13, -12.77, -1.24
Accel: 0.16, 0.16, -0.94
Gyro: -1.80, -11.53, -0.21
Accel: 0.16, 0.15, -0.94
Gyro: -1.27, -11.15, 0.06
Accel: 0.15, 0.14, -0.94
Gyro: -0.36, -9.68, 0.19
Accel: 0.15, 0.14, -0.96
Gyro: -0.20, -7.18, -0.27
Accel: 0.15, 0.13, -0.95
Gyro: -0.60, -4.91, -1.34
Accel: 0.15, 0.13, -0.94
Gyro: -1.03, -4.26, -2.44
Accel: 0.15, 0.13, -0.96
Gyro: -1.19, -3.09, -2.85
Accel: 0.14, 0.13, -0.97
Gyro: -1.75, -0.53, -2.37
Accel: 0.15, 0.15, -0.95
Gyro: -2.19, 1.01, -1.49
Accel: 0.16, 0.15, -0.94
Gyro: -2.25, 0.97, -0.67
Accel: 0.16, 0.13, -0.94
Gyro: -1.95, 1.07, -0.40
Accel: 0.16, 0.14, -0.94
Gyro: -2.02, 1.24, -0.77
Accel: 0.16, 0.14, -0.94
Gyro: -2.01, 1.68, -0.84
Accel: 0.17, 0.14, -0.93
Gyro: -1.29, 1.56, -0.92
Accel: 0.17, 0.13, -0.93
Gyro: -1.11, 1.09, -1.27
Accel: 0.17, 0.14, -0.94
Gyro: -1.82, 0.18, -1.56
Accel: 0.16, 0.14, -0.93
Gyro: -1.88, -0.11, -1.24
Accel: 0.16, 0.14, -0.93
Gyro: -2.01, -0.26, -1.10
Accel: 0.16, 0.13, -0.94
Gyro: -2.56, -0.36, -1.24
Accel: 0.15, 0.15, -0.94
Gyro: -2.64, 0.16, -1.06
Accel: 0.16, 0.14, -0.94
Gyro: -2.82, 0.88, -0.67
Accel: 0.17, 0.15, -0.93
Gyro: -2.33, 0.48, -0.61
Accel: 0.17, 0.14, -0.94
Gyro: -2.12, 0.11, -0.37
Accel: 0.17, 0.14, -0.94
Gyro: -1.30, 1.48, 0.10
Accel: 0.18, 0.13, -0.94
Gyro: -1.84, 1.98, -0.59
Accel: 0.17, 0.14, -0.93
Gyro: -2.17, 1.43, -0.98
Accel: 0.18, 0.14, -0.93
Gyro: -2.31, 1.33, -0.87
Accel: 0.18, 0.14, -0.93
Gyro: -2.20, 0.57, -1.08
Accel: 0.18, 0.14, -0.93
Gyro: -2.17, -0.07, -1.26
Accel: 0.18, 0.14, -0.94
Gyro: -2.33, 0.14, -1.20
Accel: 0.18, 0.14, -0.94
Gyro: -2.39, 0.31, -1.26
Accel: 0.18, 0.14, -0.93
Gyro: -2.46, -0.07, -1.11
Accel: 0.17, 0.13, -0.94
Gyro: -2.47, -0.23, -0.98
Accel: 0.17, 0.13, -0.94
Gyro: -2.48, 0.24, -0.85
Accel: 0.17, 0.14, -0.94
Gyro: -2.53, 0.02, -1.01
Accel: 0.17, 0.14, -0.94
Gyro: -2.29, 0.40, -1.06
Accel: 0.17, 0.14, -0.94
Gyro: -2.56, 0.82, -0.81
Accel: 0.18, 0.14, -0.92
Gyro: -2.61, 0.95, -0.86
Accel: 0.18, 0.14, -0.93
Gyro: -2.08, 0.65, -0.54
Accel: 0.18, 0.14, -0.93
Gyro: -2.36, 0.48, -0.71
Accel: 0.18, 0.13, -0.93
Gyro: -2.35, 0.60, -0.63
Accel: 0.18, 0.14, -0.93
Gyro: -2.37, 0.73, -0.88
Accel: 0.18, 0.13, -0.93
Gyro: -2.38, 0.30, -0.90
