Accel: 0.10, 0.13, -0.95
Gyro: -1.91, 0.48, -0.96
Accel: 0.10, 0.13, -0.94
Gyro: -2.20, 0.00, -1.11
Accel: 0.10, 0.12, -0.95
Gyro: -2.64, 0.02, -1.45
Accel: 0.11, 0.14, -0.96
Gyro: -2.21, 0.03, -1.60
Accel: 0.10, 0.13, -0.95
Gyro: -2.24, -0.14, -1.41
Accel: 0.11, 0.13, -0.95
Gyro: -2.53, -0.08, -1.34
Accel: 0.11, 0.14, -0.94
Gyro: -2.62, 0.17, -1.02
Accel: 0.11, 0.13, -0.95
Gyro: -2.67, 0.44, -1.17
Accel: 0.11, 0.14, -0.95
Gyro: -2.33, 0.27, -1.09
Accel: 0.11, 0.13, -0.94
Gyro: -2.36, -0.10, -1.06
Accel: 0.11, 0.13, -0.95
Gyro: -2.46, 0.01, -0.91
Accel: 0.11, 0.13, -0.94
Gyro: -2.33, -0.19, -0.60
Accel: 0.09, 0.14, -0.98
Gyro: -2.83, 1.37, -0.13
Accel: 0.10, 0.14, -0.96
Gyro: -3.15, 3.27, 0.54
Accel: 0.09, 0.14, -0.97
Gyro: -3.30, 5.08, 1.46
Accel: 0.10, 0.15, -0.99
Gyro: -3.78, 10.24, 2.98
Accel: 0.09, 0.16, -1.00
Gyro: -4.18, 14.90, 5.26
Accel: 0.09, 0.16, -1.00
Gyro: -4.13, 20.61, 7.88
Accel: 0.10, 0.14, -1.01
Gyro: -4.46, 27.73, 9.57
Accel: 0.10, 0.15, -1.03
Gyro: -4.75, 37.57, 10.85
Accel: 0.11, 0.15, -1.06
Gyro: -5.04, 50.08, 12.17
Accel: 0.15, 0.14, -0.99
Gyro: -5.26, 62.43, 13.14
Accel: 0.19, 0.13, -0.99
Gyro: -4.89, 71.88, 12.58
Accel: 0.24, 0.11, -0.90
Gyro: -3.94, 77.44, 10.89
Accel: 0.31, 0.12, -0.87
Gyro: -2.47, 74.50, 8.55
Accel: 0.33, 0.12, -0.88
Gyro: -2.33, 70.73, 7.55
Accel: 0.37, 0.10, -0.85
Gyro: -6.97, 76.42, 6.29
Accel: 0.39, 0.11, -0.87
Gyro: -4.70, 74.20, 5.13
Accel: 0.39, 0.12, -0.90
Gyro: -6.29, 82.15, 4.48
Accel: 0.47, 0.12, -0.77
Gyro: -8.29, 84.58, 3.65
Accel: 0.52, 0.10, -0.72
Gyro: -5.02, 79.61, 2.46
Accel: 0.58, 0.10, -0.67
Gyro: -9.53, 75.65, -1.20
Accel: 0.67, 0.14, -0.62
Gyro: -10.09, 64.95, -1.75
Accel: 0.73, 0.14, -0.56
Gyro: -7.59, 49.70, -2.34
Accel: 0.76, 0.15, -0.58
Gyro: -4.48, 34.98, -2.77
Accel: 0.76, 0.17, -0.55
Gyro: -5.11, 21.77, -2.17
Accel: 0.77, 0.15, -0.57
Gyro: -3.33, 9.31, -1.59
Accel: 0.73, 0.15, -0.63
Gyro: -4.71, 3.17, -1.72
Accel: 0.73, 0.15, -0.61
Gyro: -4.18, 1.50, -1.30
Accel: 0.73, 0.14, -0.63
Gyro: -4.08, -3.25, -1.21
Accel: 0.72, 0.14, -0.66
Gyro: -3.07, -5.17, -1.46
Accel: 0.71, 0.15, -0.66
Gyro: -3.00, -5.29, -1.61
Accel: 0.72, 0.16, -0.67
Gyro: -2.24, -6.41, -1.29
Accel: 0.72, 0.16, -0.66
Gyro: -1.40, -8.22, -0.43
Accel: 0.72, 0.15, -0.65
Gyro: -0.74, -11.95, -0.72
Accel: 0.72, 0.15, -0.63
Gyro: -0.65, -17.93, -0.79
Accel: 0.71, 0.14, -0.62
Gyro: -0.57, -24.59, -1.10
Accel: 0.70, 0.15, -0.63
Gyro: 0.27, -32.25, -1.48
Accel: 0.68, 0.15, -0.64
Gyro: 0.60, -42.18, -1.27
Accel: 0.65, 0.16, -0.67
Gyro: 1.19, -50.34, -0.76
Accel: 0.62, 0.13, -0.69
Gyro: 2.84, -59.48, -0.66
Accel: 0.55, 0.11, -0.73
Gyro: 0.90, -65.55, -3.28
Accel: 0.50, 0.11, -0.84
Gyro: 0.56, -64.15, -6.25
Accel: 0.47, 0.13, -0.88
Gyro: 0.54, -53.91, -8.76
Accel: 0.45, 0.14, -0.86
Gyro: 1.90, -47.06, -10.80
Accel: 0.43, 0.14, -0.84
Gyro: 4.87, -45.69, -11.09
Accel: 0.41, 0.14, -0.89
Gyro: 5.41, -43.14, -11.57
Accel: 0.40, 0.14, -0.90
Gyro: 3.85, -38.15, -11.83
Accel: 0.39, 0.14, -0.89
Gyro: 2.46, -33.48, -11.17
Accel: 0.38, 0.12, -0.87
Gyro: 2.30, -31.78, -11.09
Accel: 0.38, 0.13, -0.85
Gyro: 1.25, -32.85, -11.24
Accel: 0.37, 0.14, -0.86
Gyro: 1.88, -36.45, -10.22
Accel: 0.34, 0.14, -0.87
Gyro: -0.66, -37.50, -10.15
Accel: 0.32, 0.14, -0.89
Gyro: -0.85, -38.38, -9.45
Accel: 0.31, 0.14, -0.90
Gyro: -1.37, -39.20, -9.57
Accel: 0.26, 0.15, -0.93
Gyro: -1.31, -36.75, -9.10
Accel: 0.26, 0.15, -0.93
Gyro: -1.23, -32.72, -8.51
Accel: 0.23, 0.15, -0.95
Gyro: 1.29, -28.84, -7.67
Accel: 0.22, 0.15, -0.98
Gyro: 1.43, -22.38, -6.96
Accel: 0.21, 0.14, -0.98
Gyro: 0.60, -16.04, -6.47
Accel: 0.20, 0.16, -0.95
Gyro: 0.15, -11.58, -4.83
Accel: 0.20, 0.15, -0.95
Gyro: -0.41, -8.25, -3.01
Accel: 0.20, 0.14, -0.95
Gyro: -1.80, -5.33, -2.22
Accel: 0.20, 0.14, -0.93
Gyro: -2.63, -3.96, -1.72
Accel: 0.20, 0.15, -0.92
Gyro: -2.65, -3.88, -2.04
Accel: 0.20, 0.14, -0.93
Gyro: -2.25, -3.47, -2.02
Accel: 0.19, 0.14, -0.94
Gyro: -2.33, -2.09, -2.16
Accel: 0.19, 0.15, -0.94
Gyro: -1.86, -1.22, -2.11
Accel: 0.20, 0.14, -0.93
Gyro: -1.97, -0.80, -1.74
Accel: 0.19, 0.15, -0.94
Gyro: -1.37, -0.71, -1.40
Accel: 0.19, 0.15, -0.93
Gyro: -1.28, -1.18, -1.05
Accel: 0.19, 0.14, -0.94
Gyro: -1.44, -0.72, -0.82
Accel: 0.20, 0.13, -0.94
Gyro: -2.03, 0.43, -0.65
Accel: 0.21, 0.14, -0.93
Gyro: -2.71, 0.40, -0.95
Accel: 0.20, 0.15, -0.93
Gyro: -2.36, 0.66, -0.81
Accel: 0.21, 0.14, -0.94
Gyro: -1.34, 1.67, -0.11
Accel: 0.22, 0.13, -0.93
Gyro: -1.88, 1.51, -0.70
Accel: 0.22, 0.15, -0.91
Gyro: -1.91, -0.11, -0.92
Accel: 0.21, 0.14, -0.93
Gyro: -1.66, -0.92, -0.76
Accel: 0.21, 0.13, -0.94
Gyro: -1.77, 0.06, -1.05
Accel: 0.21, 0.14, -0.93
Gyro: -2.49, 0.19, -1.57
Accel: 0.21, 0.14, -0.93
Gyro: -2.05, -0.27, -0.77
Accel: 0.21, 0.13, -0.92
Gyro: -2.11, 0.16, -0.36
Accel: 0.21, 0.13, -0.93
Gyro: -2.41, 0.58, -0.50
Accel: 0.22, 0.15, -0.92
Gyro: -2.35, 0.24, -0.66
Accel: 0.22, 0.14, -0.93
Gyro: -1.36, -0.39, -0.09
Accel: 0.21, 0.13, -0.93
Gyro: -2.20, -0.31, -0.59
Accel: 0.21, 0.14, -0.93
Gyro: -2.77, -0.58, -0.97
Accel: 0.22, 0.14, -0.93
Gyro: -3.02, -0.47, -1.17
Accel: 0.21, 0.14, -0.94
Gyro: -2.67, -0.38, -0.99
Accel: 0.21, 0.14, -0.93
Gyro: -2.68, -0.05, -1.16
