Accel: 0.19, 0.13, -0.94
Gyro: -2.42, 0.31, -1.14
Accel: 0.19, 0.13, -0.93
Gyro: -2.37, 0.89, -1.23
Accel: 0.20, 0.13, -0.93
Gyro: -2.14, 0.55, -1.27
Accel: 0.19, 0.14, -0.94
Gyro: -2.16, 0.42, -0.84
Accel: 0.20, 0.13, -0.93
Gyro: -2.27, 1.02, -0.89
Accel: 0.20, 0.14, -0.93
Gyro: -2.63, 1.00, -0.92
Accel: 0.20, 0.14, -0.92
Gyro: -2.67, 0.53, -0.93
Accel: 0.19, 0.15, -0.93
Gyro: -2.68, 0.53, -1.03
Accel: 0.19, 0.14, -0.94
Gyro: -2.49, 0.65, -1.22
Accel: 0.19, 0.14, -0.94
Gyro: -2.35, 0.91, -1.25
Accel: 0.18, 0.14, -0.97
Gyro: -2.72, 2.24, -0.85
Accel: 0.17, 0.15, -1.00
Gyro: -4.20, 8.17, 0.34
Accel: 0.16, 0.16, -1.02
Gyro: -4.71, 17.09, 2.54
Accel: 0.14, 0.18, -1.07
Gyro: -5.40, 32.84, 6.29
Accel: 0.14, 0.17, -1.05
Gyro: -6.13, 47.13, 9.38
Accel: 0.16, 0.14, -1.02
Gyro: -6.48, 65.37, 11.47
Accel: 0.22, 0.13, -0.93
Gyro: -5.04, 71.50, 10.70
Accel: 0.25, 0.09, -0.96
Gyro: -6.52, 77.23, 5.80
Accel: 0.32, 0.11, -0.87
Gyro: -10.38, 84.06, 0.69
Accel: 0.36, 0.13, -0.88
Gyro: -9.91, 82.96, -1.72
Accel: 0.37, 0.17, -0.90
Gyro: -12.43, 93.99, -2.40
Accel: 0.40, 0.20, -0.83
Gyro: -7.59, 99.01, 2.10
Accel: 0.45, 0.20, -0.75
Gyro: -7.35, 100.11, 7.50
Accel: 0.54, 0.15, -0.70
Gyro: -8.68, 99.30, 10.85
Accel: 0.66, 0.14, -0.57
Gyro: -11.16, 89.81, 10.57
Accel: 0.75, 0.14, -0.50
Gyro: -8.36, 69.66, 10.48
Accel: 0.79, 0.12, -0.50
Gyro: -6.60, 49.05, 8.79
Accel: 0.82, 0.12, -0.54
Gyro: -7.63, 33.90, 5.47
Accel: 0.82, 0.13, -0.50
Gyro: -10.71, 22.28, 1.73
Accel: 0.81, 0.14, -0.52
Gyro: -8.10, 11.52, -0.24
Accel: 0.80, 0.16, -0.55
Gyro: -6.85, 4.84, -1.10
Accel: 0.79, 0.16, -0.56
Gyro: -3.10, 0.85, -0.37
Accel: 0.79, 0.14, -0.58
Gyro: -2.72, -0.94, -1.37
Accel: 0.79, 0.15, -0.57
Gyro: -2.38, -3.31, -2.14
Accel: 0.80, 0.15, -0.58
Gyro: -1.99, -6.90, -2.69
Accel: 0.79, 0.16, -0.59
Gyro: -2.29, -9.57, -3.18
Accel: 0.79, 0.16, -0.57
Gyro: -1.81, -12.70, -2.60
Accel: 0.79, 0.16, -0.55
Gyro: -1.20, -17.67, -2.98
Accel: 0.80, 0.17, -0.54
Gyro: -0.31, -26.78, -2.43
Accel: 0.78, 0.16, -0.55
Gyro: 1.18, -37.44, -2.14
Accel: 0.74, 0.15, -0.58
Gyro: 1.34, -44.03, -3.52
Accel: 0.72, 0.15, -0.60
Gyro: 2.32, -50.22, -4.60
Accel: 0.69, 0.15, -0.65
Gyro: 3.92, -55.84, -5.43
Accel: 0.66, 0.13, -0.65
Gyro: 3.78, -60.19, -8.08
Accel: 0.63, 0.14, -0.67
Gyro: 5.84, -67.84, -10.48
Accel: 0.58, 0.14, -0.71
Gyro: 6.10, -77.12, -12.11
Accel: 0.53, 0.15, -0.74
Gyro: 6.77, -84.07, -13.35
Accel: 0.46, 0.14, -0.80
Gyro: 7.52, -87.91, -14.22
Accel: 0.39, 0.13, -0.83
Gyro: 7.63, -88.05, -15.59
Accel: 0.34, 0.16, -0.88
Gyro: 6.30, -85.40, -15.62
Accel: 0.30, 0.16, -0.88
Gyro: 6.20, -82.21, -14.64
Accel: 0.24, 0.15, -0.94
Gyro: 7.00, -78.74, -13.40
Accel: 0.19, 0.17, -0.93
Gyro: 13.99, -72.46, -11.17
Accel: 0.19, 0.15, -0.97
Gyro: 11.20, -64.47, -9.63
Accel: 0.16, 0.15, -0.96
Gyro: 8.85, -59.50, -5.87
Accel: 0.13, 0.12, -1.01
Gyro: 3.93, -52.09, -4.24
Accel: 0.11, 0.13, -0.99
Gyro: 2.09, -46.14, -3.94
Accel: 0.08, 0.12, -1.03
Gyro: 1.60, -37.76, -3.83
Accel: 0.07, 0.11, -1.05
Gyro: 0.45, -26.50, -5.04
Accel: 0.06, 0.11, -1.04
Gyro: -0.18, -15.08, -6.39
Accel: 0.06, 0.12, -1.00
Gyro: -0.68, -8.58, -6.65
Accel: 0.07, 0.12, -0.99
Gyro: -0.62, -3.82, -5.69
Accel: 0.09, 0.13, -0.98
Gyro: -0.14, 0.24, -5.11
Accel: 0.10, 0.14, -0.96
Gyro: -0.57, 1.42, -3.59
Accel: 0.09, 0.13, -0.97
Gyro: 0.15, 2.14, -1.21
Accel: 0.10, 0.11, -0.97
Gyro: -1.24, 5.55, -1.10
Accel: 0.12, 0.13, -0.94
Gyro: -1.05, 6.17, -0.87
Accel: 0.13, 0.12, -0.93
Gyro: -1.00, 4.59, -0.94
Accel: 0.13, 0.11, -0.93
Gyro: -1.63, 3.14, -0.82
Accel: 0.14, 0.10, -0.92
Gyro: -2.31, 1.59, -1.47
Accel: 0.13, 0.11, -0.93
Gyro: -3.14, -0.21, -2.29
Accel: 0.12, 0.12, -0.95
Gyro: -3.33, -0.37, -2.26
Accel: 0.13, 0.12, -0.95
Gyro: -3.43, -0.14, -1.87
Accel: 0.12, 0.12, -0.95
Gyro: -3.36, 0.06, -1.26
Accel: 0.12, 0.12, -0.96
Gyro: -3.17, 0.49, -0.89
Accel: 0.13, 0.12, -0.96
Gyro: -3.10, 1.50, -0.18
Accel: 0.13, 0.12, -0.94
Gyro: -3.75, 2.04, -0.42
Accel: 0.13, 0.12, -0.95
Gyro: -3.82, 2.80, -0.53
Accel: 0.14, 0.13, -0.94
Gyro: -2.95, 3.16, -0.50
Accel: 0.14, 0.12, -0.92
Gyro: -2.42, 1.56, -0.65
Accel: 0.14, 0.12, -0.93
Gyro: -2.05, 0.04, -0.79
Accel: 0.13, 0.12, -0.94
Gyro: -1.27, -0.55, -0.91
Accel: 0.13, 0.12, -0.94
Gyro: -1.53, -0.72, -1.30
Accel: 0.13, 0.11, -0.94
Gyro: -2.11, -0.33, -1.46
Accel: 0.14, 0.12, -0.93
Gyro: -2.73, 0.73, -1.37
Accel: 0.14, 0.12, -0.94
Gyro: -3.07, 0.60, -1.43
Accel: 0.14, 0.13, -0.94
Gyro: -3.09, -0.01, -1.01
Accel: 0.14, 0.13, -0.95
Gyro: -3.37, 0.42, -0.73
Accel: 0.14, 0.13, -0.94
Gyro: -2.55, 1.27, -0.31
Accel: 0.14, 0.12, -0.94
Gyro: -3.49, 1.39, -0.64
Accel: 0.14, 0.12, -0.95
Gyro: -3.02, 1.38, -0.45
Accel: 0.15, 0.12, -0.94
Gyro: -2.75, 1.55, -0.53
Accel: 0.15, 0.14, -0.94
Gyro: -2.27, 1.12, -0.53
Accel: 0.15, 0.13, -0.93
Gyro: -2.14, -0.02, -0.18
Accel: 0.15, 0.13, -0.94
Gyro: -1.94, -0.28, 0.13
Accel: 0.15, 0.12, -0.95
Gyro: -2.23, -0.30, 0.27
Accel: 0.14, 0.12, -0.94
Gyro: -2.33, -0.43, -0.34
Accel: 0.15, 0.12, -0.94
Gyro: -2.59, -0.76, -0.81
Accel: 0.15, 0.12, -0.94
Gyro: -2.56, -0.98, -1.21
Accel: 0.15, 0.13, -0.95
Gyro: -2.66, -0.54, -1.34
Accel: 0.14, 0.13, -0.94
Gyro: -2.52, -0.31, -1.14
