Accel: 0.19, 0.13, -0.93
Gyro: -1.98, 0.05, -0.08
Accel: 0.20, 0.13, -0.93
Gyro: -2.37, 0.52, -0.27
Accel: 0.20, 0.14, -0.93
Gyro: -2.63, 0.76, -0.66
Accel: 0.20, 0.13, -0.93
Gyro: -2.58, 0.18, -0.97
Accel: 0.20, 0.14, -0.93
Gyro: -2.56, -0.05, -1.01
Accel: 0.19, 0.13, -0.93
Gyro: -2.46, 0.09, -1.15
Accel: 0.20, 0.14, -0.93
Gyro: -2.66, 0.53, -1.48
Accel: 0.20, 0.14, -0.93
Gyro: -2.44, 0.09, -1.37
Accel: 0.20, 0.14, -0.93
Gyro: -2.66, 0.07, -1.03
Accel: 0.20, 0.14, -0.95
Gyro: -2.57, 0.26, -0.69
Accel: 0.18, 0.13, -0.97
Gyro: -3.32, 2.57, -0.33
Accel: 0.17, 0.15, -1.02
Gyro: -4.89, 10.41, 1.38
Accel: 0.18, 0.16, -0.99
Gyro: -5.28, 18.52, 4.36
Accel: 0.13, 0.16, -1.08
Gyro: -6.82, 28.79, 7.02
Accel: 0.14, 0.16, -1.04
Gyro: -6.90, 51.31, 9.25
Accel: 0.19, 0.13, -0.95
Gyro: -4.57, 53.36, 8.42
Accel: 0.16, 0.14, -1.10
Gyro: -5.81, 69.85, 6.63
Accel: 0.25, 0.13, -0.92
Gyro: -5.00, 82.65, 5.18
Accel: 0.29, 0.14, -0.93
Gyro: -3.18, 87.07, 2.75
Accel: 0.35, 0.19, -0.85
Gyro: -4.75, 95.90, 3.94
Accel: 0.43, 0.16, -0.78
Gyro: 0.94, 89.56, 8.03
Accel: 0.42, 0.13, -0.90
Gyro: -3.39, 94.73, 9.52
Accel: 0.48, 0.16, -0.75
Gyro: -9.24, 100.84, 11.58
Accel: 0.57, 0.12, -0.67
Gyro: -8.61, 93.31, 14.15
Accel: 0.65, 0.07, -0.62
Gyro: -10.30, 81.66, 9.36
Accel: 0.74, 0.11, -0.53
Gyro: -12.05, 66.53, 5.18
Accel: 0.80, 0.13, -0.51
Gyro: -9.25, 45.00, 3.16
Accel: 0.80, 0.11, -0.55
Gyro: -7.34, 30.57, 2.18
Accel: 0.81, 0.09, -0.53
Gyro: -7.10, 20.75, -2.27
Accel: 0.81, 0.13, -0.51
Gyro: -7.45, 13.01, -5.34
Accel: 0.80, 0.15, -0.56
Gyro: -3.10, 6.20, -5.05
Accel: 0.79, 0.17, -0.55
Gyro: -2.88, 3.41, -3.86
Accel: 0.79, 0.17, -0.57
Gyro: -0.34, -0.60, -1.39
Accel: 0.79, 0.15, -0.59
Gyro: 0.11, -2.80, 0.04
Accel: 0.79, 0.14, -0.59
Gyro: 0.06, -5.42, 0.23
Accel: 0.78, 0.14, -0.59
Gyro: -0.81, -8.13, 0.31
Accel: 0.79, 0.13, -0.58
Gyro: -0.87, -11.12, 0.47
Accel: 0.78, 0.12, -0.58
Gyro: -1.08, -15.17, 0.11
Accel: 0.78, 0.13, -0.56
Gyro: -1.40, -20.00, -0.61
Accel: 0.78, 0.11, -0.59
Gyro: -1.72, -27.66, -1.66
Accel: 0.73, 0.10, -0.62
Gyro: -0.63, -27.57, -7.82
Accel: 0.74, 0.11, -0.60
Gyro: 3.43, -32.82, -11.44
Accel: 0.71, 0.12, -0.60
Gyro: 4.91, -41.66, -13.92
Accel: 0.70, 0.16, -0.63
Gyro: 3.07, -49.76, -13.89
Accel: 0.67, 0.17, -0.63
Gyro: 3.70, -58.59, -10.35
Accel: 0.63, 0.16, -0.63
Gyro: 2.55, -69.47, -7.86
Accel: 0.58, 0.16, -0.66
Gyro: 1.56, -80.13, -6.39
Accel: 0.50, 0.15, -0.75
Gyro: 0.35, -89.10, -5.91
Accel: 0.45, 0.15, -0.80
Gyro: 0.08, -92.37, -5.59
Accel: 0.39, 0.13, -0.87
Gyro: -1.03, -86.33, -6.21
Accel: 0.33, 0.14, -0.90
Gyro: -0.63, -81.08, -8.54
Accel: 0.28, 0.15, -0.94
Gyro: -1.07, -73.49, -8.79
Accel: 0.27, 0.13, -0.95
Gyro: -0.74, -64.09, -9.54
Accel: 0.24, 0.17, -1.00
Gyro: -0.18, -55.54, -10.35
Accel: 0.22, 0.17, -0.96
Gyro: 5.75, -46.89, -8.35
Accel: 0.21, 0.16, -0.96
Gyro: 3.49, -39.31, -7.85
Accel: 0.21, 0.16, -0.94
Gyro: 2.43, -35.96, -7.33
Accel: 0.18, 0.16, -0.95
Gyro: 3.49, -35.71, -5.72
Accel: 0.16, 0.14, -0.99
Gyro: 3.33, -30.91, -5.05
Accel: 0.14, 0.13, -1.00
Gyro: 0.62, -22.12, -5.55
Accel: 0.15, 0.15, -0.99
Gyro: -0.40, -14.84, -4.81
Accel: 0.15, 0.15, -0.98
Gyro: -0.78, -9.59, -4.14
Accel: 0.15, 0.14, -0.97
Gyro: -1.08, -4.89, -3.27
Accel: 0.15, 0.14, -0.97
Gyro: -1.72, -1.50, -2.89
Accel: 0.16, 0.14, -0.95
Gyro: -1.11, 0.34, -2.69
Accel: 0.17, 0.15, -0.95
Gyro: -0.30, 1.02, -1.90
Accel: 0.17, 0.13, -0.94
Gyro: -1.24, 1.82, -1.66
Accel: 0.18, 0.14, -0.95
Gyro: -1.69, 2.69, -1.91
Accel: 0.18, 0.14, -0.95
Gyro: -1.81, 3.28, -1.63
Accel: 0.19, 0.14, -0.93
Gyro: -1.81, 3.28, -1.03
Accel: 0.20, 0.13, -0.93
Gyro: -1.91, 2.67, -1.02
Accel: 0.19, 0.14, -0.92
Gyro: -1.99, 1.72, -0.98
Accel: 0.19, 0.13, -0.93
Gyro: -2.30, 1.28, -1.05
Accel: 0.19, 0.14, -0.93
Gyro: -2.45, 0.99, -1.16
Accel: 0.20, 0.14, -0.94
Gyro: -2.78, 0.75, -1.41
Accel: 0.20, 0.14, -0.93
Gyro: -2.09, 0.34, -1.12
Accel: 0.20, 0.13, -0.93
Gyro: -2.26, -0.85, -1.08
Accel: 0.18, 0.14, -0.94
Gyro: -2.74, -1.53, -1.02
Accel: 0.18, 0.14, -0.94
Gyro: -2.53, -0.99, -0.96
Accel: 0.18, 0.13, -0.94
Gyro: -3.04, 0.11, -1.32
Accel: 0.18, 0.15, -0.94
Gyro: -3.43, 0.57, -1.47
Accel: 0.19, 0.15, -0.93
Gyro: -3.43, 0.77, -1.03
Accel: 0.19, 0.15, -0.94
Gyro: -3.07, 1.08, -0.87
Accel: 0.19, 0.14, -0.94
Gyro: -2.72, 1.26, -1.03
Accel: 0.20, 0.15, -0.93
Gyro: -2.36, 1.51, -1.26
Accel: 0.20, 0.14, -0.93
Gyro: -2.14, 0.72, -0.85
Accel: 0.19, 0.14, -0.93
Gyro: -2.18, 0.97, -0.98
Accel: 0.20, 0.14, -0.92
Gyro: -2.24, 0.92, -1.26
Accel: 0.21, 0.15, -0.93
Gyro: -2.27, 0.43, -1.30
Accel: 0.20, 0.15, -0.93
Gyro: -1.88, 0.08, -0.69
Accel: 0.20, 0.14, -0.94
Gyro: -1.82, 0.34, -0.47
Accel: 0.20, 0.14, -0.92
Gyro: -2.08, 0.47, -0.81
Accel: 0.21, 0.14, -0.93
Gyro: -2.11, 0.16, -0.70
Accel: 0.20, 0.15, -0.93
Gyro: -2.03, 0.65, -0.63
Accel: 0.20, 0.14, -0.92
Gyro: -2.22, 0.37, -0.79
Accel: 0.21, 0.14, -0.93
Gyro: -2.49, -0.05, -0.76
Accel: 0.20, 0.14, -0.94
Gyro: -2.36, -0.21, -0.67
Accel: 0.21, 0.14, -0.94
Gyro: -2.05, 0.52, -0.85
Accel: 0.20, 0.14, -0.93
Gyro: -2.06, 0.23, -1.08
Accel: 0.21, 0.15, -0.93
Gyro: -2.11, -0.58, -0.97
Accel: 0.20, 0.15, -0.94
Gyro: -2.08, -0.47, -0.41
