Accel: 0.11, 0.14, -0.95
Gyro: -2.04, 0.85, -0.63
Accel: 0.12, 0.14, -0.95
Gyro: -2.04, 1.42, -0.46
Accel: 0.12, 0.13, -0.95
Gyro: -1.79, 1.03, -0.29
Accel: 0.12, 0.14, -0.94
Gyro: -2.05, 0.69, -0.40
Accel: 0.12, 0.14, -0.95
Gyro: -2.61, 0.69, -0.48
Accel: 0.12, 0.14, -0.94
Gyro: -1.67, 1.05, -0.15
Accel: 0.13, 0.13, -0.94
Gyro: -2.32, 0.56, -0.21
Accel: 0.12, 0.14, -0.95
Gyro: -2.46, 0.58, -0.44
Accel: 0.12, 0.13, -0.95
Gyro: -2.16, 1.11, -0.53
Accel: 0.12, 0.13, -0.95
Gyro: -2.11, 0.88, -0.89
Accel: 0.12, 0.13, -0.95
Gyro: -1.86, 0.76, -0.54
Accel: 0.13, 0.13, -0.94
Gyro: -2.16, 1.19, -0.35
Accel: 0.13, 0.14, -0.95
Gyro: -2.23, 1.32, -0.42
Accel: 0.13, 0.14, -0.94
Gyro: -2.26, 1.13, 0.08
Accel: 0.13, 0.14, -0.95
Gyro: -2.04, 1.40, 0.93
Accel: 0.13, 0.14, -0.96
Gyro: -2.08, 2.04, 1.53
Accel: 0.12, 0.14, -0.99
Gyro: -2.37, 4.99, 2.53
Accel: 0.10, 0.16, -1.03
Gyro: -3.86, 13.24, 4.57
Accel: 0.11, 0.15, -1.01
Gyro: -4.23, 21.00, 7.27
Accel: 0.11, 0.14, -1.02
Gyro: -4.95, 28.55, 8.97
Accel: 0.10, 0.12, -1.05
Gyro: -6.18, 39.38, 8.43
Accel: 0.14, 0.12, -0.98
Gyro: -5.02, 50.10, 6.80
Accel: 0.16, 0.13, -1.01
Gyro: -3.57, 55.81, 5.70
Accel: 0.17, 0.14, -1.03
Gyro: -5.33, 71.71, 5.49
Accel: 0.26, 0.14, -0.88
Gyro: -4.31, 76.43, 5.36
Accel: 0.23, 0.16, -1.05
Gyro: -4.45, 86.77, 7.73
Accel: 0.29, 0.13, -0.95
Gyro: -12.26, 114.54, 9.72
Accel: 0.40, 0.15, -0.76
Gyro: -6.41, 109.02, 12.02
Accel: 0.50, 0.09, -0.65
Gyro: -4.52, 98.50, 11.38
Accel: 0.63, 0.09, -0.55
Gyro: -3.51, 70.67, 6.63
Accel: 0.65, 0.12, -0.61
Gyro: -5.88, 42.31, 3.51
Accel: 0.63, 0.13, -0.71
Gyro: -7.32, 29.85, 2.41
Accel: 0.64, 0.12, -0.67
Gyro: -8.15, 22.64, 1.36
Accel: 0.64, 0.13, -0.70
Gyro: -6.36, 14.16, -0.43
Accel: 0.64, 0.16, -0.70
Gyro: -5.60, 10.64, -0.60
Accel: 0.65, 0.13, -0.68
Gyro: -6.20, 6.45, -1.44
Accel: 0.65, 0.14, -0.67
Gyro: -3.28, 1.98, -2.50
Accel: 0.67, 0.15, -0.69
Gyro: -1.49, -2.88, -2.26
Accel: 0.66, 0.14, -0.70
Gyro: -0.62, -7.93, -1.91
Accel: 0.66, 0.14, -0.69
Gyro: -0.18, -12.60, -2.13
Accel: 0.66, 0.14, -0.69
Gyro: 0.21, -17.51, -2.88
Accel: 0.64, 0.14, -0.70
Gyro: -0.28, -23.03, -3.43
Accel: 0.64, 0.14, -0.70
Gyro: -0.71, -28.69, -3.46
Accel: 0.62, 0.13, -0.72
Gyro: -1.07, -34.31, -4.57
Accel: 0.59, 0.14, -0.72
Gyro: -0.95, -39.02, -5.46
Accel: 0.57, 0.14, -0.72
Gyro: 1.40, -45.39, -5.81
Accel: 0.55, 0.12, -0.75
Gyro: 1.81, -50.31, -6.90
Accel: 0.52, 0.13, -0.76
Gyro: 3.63, -56.42, -8.68
Accel: 0.46, 0.13, -0.79
Gyro: 5.07, -63.17, -9.90
Accel: 0.41, 0.11, -0.85
Gyro: 4.26, -64.99, -11.64
Accel: 0.35, 0.12, -0.87
Gyro: 2.56, -64.28, -13.28
Accel: 0.32, 0.13, -0.88
Gyro: 1.36, -64.44, -13.49
Accel: 0.29, 0.13, -0.93
Gyro: 2.11, -62.52, -14.64
Accel: 0.27, 0.14, -0.93
Gyro: 2.98, -57.47, -15.39
Accel: 0.24, 0.15, -0.93
Gyro: 3.17, -54.41, -15.70
Accel: 0.21, 0.16, -0.92
Gyro: 9.38, -51.16, -13.05
Accel: 0.18, 0.15, -1.00
Gyro: 8.50, -42.56, -10.63
Accel: 0.17, 0.15, -0.98
Gyro: 5.41, -33.47, -7.44
Accel: 0.17, 0.16, -0.94
Gyro: 3.85, -29.21, -4.16
Accel: 0.17, 0.15, -0.96
Gyro: 2.75, -28.19, -0.72
Accel: 0.16, 0.13, -0.96
Gyro: 0.11, -25.63, 1.56
Accel: 0.13, 0.11, -0.98
Gyro: -1.37, -23.26, 2.53
Accel: 0.11, 0.11, -1.03
Gyro: -3.23, -16.14, 2.27
Accel: 0.11, 0.11, -0.99
Gyro: -4.26, -7.67, 0.42
Accel: 0.12, 0.11, -0.96
Gyro: -4.10, -4.81, -0.42
Accel: 0.12, 0.12, -0.95
Gyro: -2.60, -4.71, -2.06
Accel: 0.12, 0.12, -0.96
Gyro: -0.99, -4.88, -2.51
Accel: 0.12, 0.13, -0.96
Gyro: 0.53, -3.51, -2.11
Accel: 0.11, 0.14, -0.96
Gyro: -0.32, -1.85, -1.39
Accel: 0.11, 0.13, -0.96
Gyro: -0.89, -1.11, -0.20
Accel: 0.12, 0.12, -0.95
Gyro: -1.46, -0.14, 0.03
Accel: 0.11, 0.12, -0.96
Gyro: -1.42, 0.23, 0.02
Accel: 0.12, 0.11, -0.95
Gyro: -1.72, 0.46, 0.07
Accel: 0.12, 0.11, -0.94
Gyro: -1.65, 0.07, -0.50
Accel: 0.12, 0.11, -0.95
Gyro: -1.97, 0.12, -0.94
Accel: 0.12, 0.11, -0.96
Gyro: -2.33, 0.89, -1.07
Accel: 0.12, 0.12, -0.95
Gyro: -2.68, 1.42, -1.02
Accel: 0.13, 0.12, -0.95
Gyro: -2.91, 1.85, -0.92
Accel: 0.13, 0.12, -0.94
Gyro: -2.82, 1.56, -0.38
Accel: 0.13, 0.13, -0.95
Gyro: -2.33, 1.29, -0.05
Accel: 0.13, 0.13, -0.95
Gyro: -1.98, 1.51, 0.42
Accel: 0.14, 0.12, -0.95
Gyro: -1.81, 1.69, 0.67
Accel: 0.14, 0.13, -0.94
Gyro: -1.75, 1.48, 0.77
Accel: 0.14, 0.11, -0.95
Gyro: -2.12, 1.20, 0.85
Accel: 0.14, 0.11, -0.95
Gyro: -2.42, 1.21, 0.41
Accel: 0.14, 0.12, -0.94
Gyro: -2.53, 1.05, 0.40
Accel: 0.15, 0.13, -0.93
Gyro: -1.63, 0.31, 0.59
Accel: 0.14, 0.11, -0.94
Gyro: -1.72, -1.10, 0.41
Accel: 0.13, 0.11, -0.94
Gyro: -2.45, -0.82, -0.38
Accel: 0.14, 0.11, -0.94
Gyro: -2.54, -0.25, -0.95
Accel: 0.14, 0.11, -0.95
Gyro: -3.20, -0.21, -1.64
Accel: 0.14, 0.12, -0.95
Gyro: -3.13, 0.02, -1.33
Accel: 0.13, 0.12, -0.95
Gyro: -2.57, 0.86, -1.30
Accel: 0.14, 0.13, -0.95
Gyro: -2.30, 0.64, -0.85
Accel: 0.14, 0.13, -0.94
Gyro: -2.11, -0.04, -0.42
Accel: 0.14, 0.12, -0.95
Gyro: -2.37, 0.60, -0.39
Accel: 0.15, 0.12, -0.94
Gyro: -1.79, 1.15, -0.35
Accel: 0.15, 0.12, -0.95
Gyro: -2.11, 0.92, -0.85
Accel: 0.15, 0.11, -0.94
Gyro: -2.43, 0.20, -0.88
Accel: 0.15, 0.11, -0.95
Gyro: -2.51, -0.24, -1.34
Accel: 0.15, 0.12, -0.94
Gyro: -2.22, -0.32, -1.42
