Accel: 0.24, 0.10, -0.94
Gyro: -2.14, -0.98, -1.31
Accel: 0.24, 0.10, -0.95
Gyro: -2.34, -0.40, -1.12
Accel: 0.25, 0.10, -0.94
Gyro: -2.40, -0.03, -0.89
Accel: 0.25, 0.09, -0.93
Gyro: -1.70, -0.43, -0.56
Accel: 0.25, 0.10, -0.93
Gyro: -1.32, -0.99, -0.75
Accel: 0.25, 0.09, -0.93
Gyro: -1.95, -1.28, -1.42
Accel: 0.24, 0.09, -0.93
Gyro: -1.87, -1.84, -0.99
Accel: 0.24, 0.10, -0.93
Gyro: -2.53, -1.91, -1.21
Accel: 0.25, 0.10, -0.93
Gyro: -2.69, -1.91, -1.30
Accel: 0.23, 0.10, -0.94
Gyro: -2.57, -2.13, -1.74
Accel: 0.24, 0.10, -0.95
Gyro: -2.49, -2.05, -1.67
Accel: 0.24, 0.10, -0.94
Gyro: -2.20, -1.64, -1.26
Accel: 0.23, 0.10, -0.94
Gyro: -2.56, -0.64, -1.18
Accel: 0.23, 0.09, -0.96
Gyro: -3.00, 1.36, -0.85
Accel: 0.23, 0.08, -0.96
Gyro: -3.92, 3.57, -1.59
Accel: 0.21, 0.06, -1.01
Gyro: -6.05, 7.71, -3.06
Accel: 0.17, 0.00, -1.07
Gyro: -12.57, 22.74, -10.80
Accel: 0.20, 0.10, -1.01
Gyro: -12.17, 35.26, -18.83
Accel: 0.15, 0.20, -1.14
Gyro: -9.96, 50.13, -15.06
Accel: 0.16, 0.25, -1.16
Gyro: -18.39, 86.69, 0.33
Accel: 0.24, 0.27, -0.96
Gyro: -17.13, 96.46, 16.23
Accel: 0.31, 0.26, -0.89
Gyro: -21.11, 106.35, 33.85
Accel: 0.45, 0.24, -0.68
Gyro: -23.23, 93.39, 53.91
Accel: 0.50, 0.21, -0.71
Gyro: -33.73, 74.68, 71.29
Accel: 0.58, 0.17, -0.64
Gyro: -46.71, 61.69, 87.07
Accel: 0.65, 0.16, -0.58
Gyro: -53.88, 38.00, 98.55
Accel: 0.65, 0.16, -0.62
Gyro: -56.34, 16.97, 109.14
Accel: 0.65, 0.14, -0.66
Gyro: -59.75, 4.85, 115.56
Accel: 0.66, 0.11, -0.65
Gyro: -60.79, -8.38, 120.67
Accel: 0.66, 0.07, -0.63
Gyro: -58.46, -24.38, 124.40
Accel: 0.66, 0.04, -0.63
Gyro: -56.79, -41.35, 125.53
Accel: 0.63, 0.01, -0.65
Gyro: -56.02, -57.41, 124.13
Accel: 0.60, -0.08, -0.70
Gyro: -53.91, -70.70, 113.62
Accel: 0.56, -0.14, -0.74
Gyro: -43.26, -82.76, 92.19
Accel: 0.52, -0.16, -0.76
Gyro: -25.74, -90.07, 62.54
Accel: 0.44, -0.21, -0.79
Gyro: -14.43, -94.06, 31.66
Accel: 0.39, -0.23, -0.77
Gyro: -9.41, -103.05, 0.34
Accel: 0.27, -0.17, -0.90
Gyro: -7.07, -108.11, -23.83
Accel: 0.18, -0.17, -0.98
Gyro: -7.94, -96.61, -42.82
Accel: 0.15, -0.20, -0.89
Gyro: -13.73, -93.10, -66.59
Accel: 0.11, -0.13, -0.85
Gyro: -20.47, -98.84, -84.95
Accel: -0.01, -0.03, -0.95
Gyro: -24.85, -102.78, -97.75
Accel: -0.09, 0.07, -1.04
Gyro: -28.59, -92.38, -104.08
Accel: -0.14, 0.09, -1.07
Gyro: -15.29, -74.77, -104.81
Accel: -0.19, 0.14, -1.08
Gyro: -19.60, -62.85, -107.44
Accel: -0.22, 0.20, -1.12
Gyro: -9.12, -47.10, -103.66
Accel: -0.24, 0.11, -1.10
Gyro: -3.87, -29.61, -100.23
Accel: -0.24, 0.13, -1.04
Gyro: 0.71, -18.04, -105.80
Accel: -0.24, 0.12, -1.05
Gyro: 8.18, -9.38, -103.29
Accel: -0.24, 0.08, -1.05
Gyro: 12.41, 1.93, -108.54
Accel: -0.24, 0.04, -1.04
Gyro: 13.01, 11.48, -114.28
Accel: -0.21, 0.08, -1.02
Gyro: 14.31, 16.69, -112.30
Accel: -0.19, 0.04, -1.04
Gyro: 14.09, 22.99, -111.86
Accel: -0.15, 0.18, -0.95
Gyro: 9.15, 28.05, -101.69
Accel: -0.12, 0.21, -0.97
Gyro: 10.35, 21.31, -78.07
Accel: -0.16, 0.15, -1.10
Gyro: 0.76, 34.94, -59.39
Accel: -0.09, 0.20, -0.99
Gyro: -2.72, 40.44, -36.04
Accel: -0.10, 0.06, -1.11
Gyro: -8.78, 51.76, -22.48
Accel: -0.06, 0.09, -1.03
Gyro: -16.64, 65.29, -14.38
Accel: -0.00, 0.06, -0.99
Gyro: -16.80, 68.55, -5.56
Accel: 0.03, 0.10, -1.01
Gyro: -20.65, 73.97, 1.97
Accel: 0.10, 0.05, -0.92
Gyro: -21.75, 76.47, 4.10
Accel: 0.20, 0.09, -0.81
Gyro: -14.90, 65.55, 3.07
Accel: 0.23, 0.13, -0.84
Gyro: -9.61, 50.97, 6.68
Accel: 0.26, 0.10, -0.87
Gyro: -9.49, 43.99, 11.51
Accel: 0.29, 0.08, -0.83
Gyro: -13.62, 35.39, 14.20
Accel: 0.33, 0.10, -0.81
Gyro: -11.87, 22.42, 16.55
Accel: 0.33, 0.06, -0.86
Gyro: -9.31, 12.51, 16.88
Accel: 0.32, 0.04, -0.87
Gyro: -8.76, 5.62, 13.34
Accel: 0.31, 0.05, -0.89
Gyro: -7.08, 1.18, 9.95
Accel: 0.31, 0.06, -0.90
Gyro: -5.32, -2.22, 8.53
Accel: 0.29, 0.04, -0.93
Gyro: -4.05, -2.88, 5.32
Accel: 0.29, 0.04, -0.93
Gyro: -3.17, -2.20, 1.42
Accel: 0.29, 0.06, -0.93
Gyro: -2.40, -2.89, 0.04
Accel: 0.28, 0.07, -0.94
Gyro: -2.99, -2.59, 0.34
Accel: 0.27, 0.06, -0.93
Gyro: -3.56, -0.69, -1.11
Accel: 0.28, 0.07, -0.92
Gyro: -3.62, -1.11, -1.75
Accel: 0.27, 0.09, -0.92
Gyro: -3.43, -3.19, -0.85
Accel: 0.27, 0.07, -0.94
Gyro: -3.42, -3.56, -0.08
Accel: 0.26, 0.08, -0.93
Gyro: -3.33, -3.33, -0.37
Accel: 0.26, 0.09, -0.92
Gyro: -2.62, -4.46, 0.19
Accel: 0.26, 0.08, -0.94
Gyro: -2.38, -5.09, 0.14
Accel: 0.26, 0.08, -0.94
Gyro: -2.66, -3.91, -0.02
Accel: 0.26, 0.08, -0.94
Gyro: -2.27, -3.42, 0.50
Accel: 0.26, 0.08, -0.95
Gyro: -2.15, -3.97, 0.77
Accel: 0.25, 0.06, -0.96
Gyro: -2.66, -2.62, 0.41
Accel: 0.25, 0.07, -0.95
Gyro: -2.84, -0.24, -0.12
Accel: 0.26, 0.06, -0.93
Gyro: -2.97, 0.32, -0.79
Accel: 0.26, 0.08, -0.94
Gyro: -3.83, 0.12, -1.29
Accel: 0.27, 0.09, -0.94
Gyro: -3.61, 0.56, -0.32
Accel: 0.27, 0.07, -0.93
Gyro: -3.73, 0.39, -0.25
Accel: 0.27, 0.08, -0.93
Gyro: -3.43, -0.87, -0.41
Accel: 0.27, 0.09, -0.93
Gyro: -2.94, -1.50, -0.03
Accel: 0.26, 0.08, -0.93
Gyro: -2.74, -2.20, 0.40
Accel: 0.27, 0.08, -0.94
Gyro: -2.78, -2.56, 0.20
Accel: 0.26, 0.08, -0.94
Gyro: -3.01, -2.51, 0.35
Accel: 0.26, 0.08, -0.94
Gyro: -3.21, -2.40, -0.29
Accel: 0.25, 0.07, -0.92
Gyro: -3.46, -2.80, -0.81
Accel: 0.25, 0.08, -0.94
Gyro: -4.04, -2.98, -1.36
Accel: 0.25, 0.09, -0.94
Gyro: -3.14, -2.11, -0.97
Accel: 0.26, 0.08, -0.94
Gyro: -3.01, -1.53, -1.47
