Accel: 0.20, 0.13, -0.94
Gyro: -4.13, -0.89, -1.85
Accel: 0.20, 0.13, -0.95
Gyro: -4.07, -0.65, -1.95
Accel: 0.20, 0.13, -0.94
Gyro: -3.83, -0.29, -1.97
Accel: 0.21, 0.12, -0.94
Gyro: -3.87, -0.65, -1.89
Accel: 0.20, 0.13, -0.94
Gyro: -3.72, -0.58, -1.69
Accel: 0.20, 0.13, -0.95
Gyro: -3.77, 0.02, -1.45
Accel: 0.20, 0.12, -0.96
Gyro: -3.80, 0.27, -1.64
Accel: 0.20, 0.13, -0.95
Gyro: -3.65, 0.96, -1.31
Accel: 0.20, 0.13, -0.95
Gyro: -3.51, 1.74, -1.53
Accel: 0.20, 0.12, -0.96
Gyro: -3.59, 2.69, -1.92
Accel: 0.19, 0.13, -0.97
Gyro: -4.23, 4.65, -1.76
Accel: 0.17, 0.11, -1.02
Gyro: -5.65, 10.64, -2.11
Accel: 0.16, 0.11, -1.04
Gyro: -7.63, 21.77, -3.46
Accel: 0.18, 0.09, -0.99
Gyro: -8.90, 30.57, -6.75
Accel: 0.18, 0.09, -0.99
Gyro: -11.15, 37.42, -12.75
Accel: 0.22, 0.16, -0.99
Gyro: -10.08, 44.98, -17.65
Accel: 0.23, 0.23, -0.99
Gyro: -4.60, 52.42, -14.08
Accel: 0.25, 0.21, -0.98
Gyro: -4.21, 62.35, -7.74
Accel: 0.28, 0.23, -0.96
Gyro: -5.81, 70.63, -0.29
Accel: 0.31, 0.23, -0.96
Gyro: -7.79, 78.95, 9.80
Accel: 0.35, 0.21, -0.90
Gyro: -9.47, 85.93, 18.07
Accel: 0.39, 0.19, -0.89
Gyro: -14.53, 96.43, 23.89
Accel: 0.47, 0.21, -0.74
Gyro: -15.54, 93.47, 31.51
Accel: 0.56, 0.21, -0.69
Gyro: -18.64, 83.94, 40.94
Accel: 0.62, 0.23, -0.63
Gyro: -26.85, 72.01, 53.97
Accel: 0.69, 0.25, -0.58
Gyro: -35.55, 56.19, 69.68
Accel: 0.73, 0.24, -0.57
Gyro: -42.43, 37.61, 89.65
Accel: 0.74, 0.18, -0.56
Gyro: -47.29, 21.91, 106.50
Accel: 0.76, 0.09, -0.56
Gyro: -50.54, 7.91, 113.82
Accel: 0.76, 0.03, -0.53
Gyro: -48.54, -10.36, 115.81
Accel: 0.73, -0.02, -0.58
Gyro: -46.99, -23.83, 110.10
Accel: 0.71, -0.08, -0.64
Gyro: -45.24, -32.81, 104.12
Accel: 0.69, -0.11, -0.68
Gyro: -44.33, -37.57, 90.66
Accel: 0.68, -0.08, -0.67
Gyro: -40.25, -44.17, 80.59
Accel: 0.66, -0.11, -0.68
Gyro: -36.77, -51.81, 72.11
Accel: 0.65, -0.10, -0.69
Gyro: -34.69, -60.13, 62.96
Accel: 0.60, -0.10, -0.74
Gyro: -33.59, -66.02, 54.85
Accel: 0.56, -0.11, -0.77
Gyro: -31.97, -67.93, 44.46
Accel: 0.54, -0.09, -0.79
Gyro: -27.09, -70.83, 36.16
Accel: 0.48, -0.14, -0.85
Gyro: -29.50, -64.70, 24.72
Accel: 0.46, -0.06, -0.75
Gyro: -31.63, -68.76, 17.20
Accel: 0.41, -0.06, -0.80
Gyro: -30.54, -74.68, 15.04
Accel: 0.36, -0.05, -0.81
Gyro: -34.10, -79.55, 7.86
Accel: 0.31, -0.03, -0.85
Gyro: -31.67, -84.05, -0.25
Accel: 0.25, -0.08, -0.89
Gyro: -30.41, -85.04, -11.37
Accel: 0.19, -0.09, -0.86
Gyro: -34.42, -89.13, -30.25
Accel: 0.09, -0.01, -0.99
Gyro: -28.79, -90.68, -44.55
Accel: 0.03, -0.07, -1.03
Gyro: -27.01, -81.34, -63.75
Accel: -0.01, -0.00, -0.97
Gyro: -24.70, -74.78, -84.15
Accel: -0.09, 0.12, -1.07
Gyro: -18.31, -68.55, -92.89
Accel: -0.11, 0.08, -1.07
Gyro: -11.96, -54.35, -95.57
Accel: -0.13, 0.06, -1.04
Gyro: -8.57, -43.96, -105.57
Accel: -0.15, 0.11, -1.01
Gyro: -3.50, -36.79, -114.58
Accel: -0.17, 0.11, -1.01
Gyro: 3.52, -31.68, -116.88
Accel: -0.20, 0.14, -1.04
Gyro: 7.09, -24.01, -120.80
Accel: -0.20, 0.16, -1.06
Gyro: 10.04, -14.20, -117.69
Accel: -0.22, 0.17, -1.06
Gyro: 11.21, -4.03, -110.43
Accel: -0.21, 0.15, -1.04
Gyro: 9.80, 5.03, -102.79
Accel: -0.19, 0.16, -1.05
Gyro: 7.33, 13.36, -90.93
Accel: -0.19, 0.15, -1.06
Gyro: 4.48, 25.19, -81.40
Accel: -0.16, 0.17, -1.03
Gyro: 2.12, 33.94, -69.32
Accel: -0.13, 0.14, -1.01
Gyro: -0.30, 39.49, -55.95
Accel: -0.09, 0.17, -0.98
Gyro: -3.91, 44.37, -44.51
Accel: -0.05, 0.18, -0.95
Gyro: -4.55, 45.06, -29.39
Accel: -0.02, 0.13, -0.96
Gyro: -7.58, 44.72, -17.72
Accel: 0.02, 0.14, -0.93
Gyro: -9.72, 43.82, -9.43
Accel: 0.05, 0.13, -0.93
Gyro: -11.24, 39.85, -1.19
Accel: 0.07, 0.09, -0.95
Gyro: -12.89, 36.54, 3.23
Accel: 0.08, 0.08, -0.99
Gyro: -15.46, 40.80, 2.57
Accel: 0.12, 0.10, -0.92
Gyro: -13.05, 38.29, 2.48
Accel: 0.12, 0.09, -1.00
Gyro: -10.58, 39.81, 1.11
Accel: 0.16, 0.11, -0.92
Gyro: -7.07, 40.76, -0.48
Accel: 0.20, 0.12, -0.90
Gyro: -3.79, 34.86, 0.41
Accel: 0.21, 0.09, -0.92
Gyro: -3.42, 30.75, 0.31
Accel: 0.25, 0.09, -0.89
Gyro: -3.43, 27.48, -2.30
Accel: 0.26, 0.10, -0.88
Gyro: -2.36, 20.23, -1.63
Accel: 0.27, 0.10, -0.90
Gyro: -1.96, 13.83, -0.63
Accel: 0.26, 0.08, -0.94
Gyro: -2.86, 13.11, -0.79
Accel: 0.28, 0.10, -0.92
Gyro: -3.75, 11.33, -0.99
Accel: 0.28, 0.10, -0.90
Gyro: -2.53, 7.98, -0.02
Accel: 0.28, 0.10, -0.91
Gyro: -2.62, 5.28, 0.80
Accel: 0.28, 0.10, -0.91
Gyro: -2.88, 2.62, 0.27
Accel: 0.28, 0.10, -0.93
Gyro: -2.98, -0.39, 0.11
Accel: 0.26, 0.09, -0.93
Gyro: -3.56, -1.88, 0.00
Accel: 0.26, 0.08, -0.92
Gyro: -3.27, -2.14, -1.37
Accel: 0.27, 0.10, -0.93
Gyro: -2.85, -2.76, -2.20
Accel: 0.26, 0.10, -0.94
Gyro: -2.40, -3.91, -2.08
Accel: 0.25, 0.10, -0.94
Gyro: -2.33, -2.98, -1.35
Accel: 0.25, 0.09, -0.94
Gyro: -2.48, -1.95, -1.59
Accel: 0.25, 0.10, -0.93
Gyro: -2.77, -2.01, -2.25
Accel: 0.25, 0.10, -0.94
Gyro: -3.33, -1.66, -2.18
Accel: 0.25, 0.12, -0.94
Gyro: -2.98, -0.97, -1.66
Accel: 0.25, 0.11, -0.94
Gyro: -1.78, -1.59, -0.76
Accel: 0.24, 0.10, -0.94
Gyro: -2.20, -1.48, -1.21
Accel: 0.25, 0.10, -0.95
Gyro: -2.87, -0.61, -0.79
Accel: 0.25, 0.10, -0.93
Gyro: -2.91, -0.14, -0.90
Accel: 0.25, 0.10, -0.94
Gyro: -3.38, -0.02, -1.12
Accel: 0.25, 0.09, -0.92
Gyro: -3.72, -0.32, -1.10
Accel: 0.26, 0.10, -0.93
Gyro: -3.80, -0.95, -0.95
Accel: 0.26, 0.10, -0.93
Gyro: -4.17, -1.40, -0.97
Accel: 0.26, 0.10, -0.94
Gyro: -4.32, -1.80, -1.27
