Accel: 0.27, 0.11, -0.93
Gyro: -2.57, -0.08, -1.01
Accel: 0.26, 0.11, -0.92
Gyro: -2.87, -0.21, -0.89
Accel: 0.26, 0.10, -0.93
Gyro: -2.94, -0.15, -0.85
Accel: 0.26, 0.11, -0.93
Gyro: -2.92, -0.28, -1.08
Accel: 0.26, 0.11, -0.94
Gyro: -2.87, -0.21, -1.11
Accel: 0.27, 0.11, -0.93
Gyro: -3.10, 0.33, -1.56
Accel: 0.27, 0.11, -0.92
Gyro: -3.13, 0.24, -1.72
Accel: 0.27, 0.11, -0.92
Gyro: -3.32, -0.23, -2.26
Accel: 0.27, 0.12, -0.93
Gyro: -2.71, -0.06, -1.98
Accel: 0.28, 0.12, -0.94
Gyro: -2.72, 0.18, -1.60
Accel: 0.27, 0.12, -0.92
Gyro: -3.49, 0.31, -1.03
Accel: 0.26, 0.11, -0.95
Gyro: -5.04, 1.86, -0.80
Accel: 0.24, 0.12, -0.99
Gyro: -7.11, 6.33, -0.49
Accel: 0.19, 0.13, -1.09
Gyro: -10.48, 19.91, 1.32
Accel: 0.18, 0.11, -1.12
Gyro: -12.25, 41.53, 2.01
Accel: 0.21, 0.14, -1.04
Gyro: -14.27, 60.93, -0.72
Accel: 0.25, 0.19, -1.01
Gyro: -10.44, 73.42, 4.68
Accel: 0.31, 0.20, -0.93
Gyro: -10.56, 84.50, 9.20
Accel: 0.36, 0.21, -0.89
Gyro: -11.21, 92.00, 14.89
Accel: 0.46, 0.27, -0.74
Gyro: -12.95, 86.13, 27.98
Accel: 0.52, 0.23, -0.70
Gyro: -19.38, 73.01, 44.37
Accel: 0.57, 0.22, -0.68
Gyro: -27.43, 61.26, 58.88
Accel: 0.61, 0.22, -0.65
Gyro: -36.08, 47.26, 75.50
Accel: 0.60, 0.15, -0.71
Gyro: -42.61, 38.28, 89.85
Accel: 0.64, 0.17, -0.69
Gyro: -50.54, 32.55, 98.73
Accel: 0.67, 0.15, -0.63
Gyro: -53.08, 18.84, 112.82
Accel: 0.68, 0.05, -0.63
Gyro: -55.89, 5.55, 114.84
Accel: 0.69, 0.06, -0.63
Gyro: -50.90, -8.51, 113.95
Accel: 0.70, -0.01, -0.65
Gyro: -45.88, -19.96, 110.97
Accel: 0.68, -0.01, -0.63
Gyro: -42.34, -32.74, 103.03
Accel: 0.66, 0.02, -0.68
Gyro: -34.96, -42.53, 105.11
Accel: 0.64, -0.12, -0.70
Gyro: -36.22, -48.26, 99.08
Accel: 0.62, -0.15, -0.68
Gyro: -34.32, -56.64, 88.29
Accel: 0.58, -0.21, -0.71
Gyro: -29.95, -64.32, 68.27
Accel: 0.54, -0.20, -0.77
Gyro: -21.79, -69.60, 45.98
Accel: 0.48, -0.20, -0.81
Gyro: -17.52, -71.72, 27.28
Accel: 0.44, -0.14, -0.83
Gyro: -16.37, -72.57, 15.85
Accel: 0.39, -0.13, -0.88
Gyro: -18.46, -71.09, 8.53
Accel: 0.35, -0.11, -0.88
Gyro: -20.69, -69.54, 1.71
Accel: 0.31, -0.13, -0.90
Gyro: -19.06, -69.11, -6.43
Accel: 0.29, -0.18, -0.88
Gyro: -21.45, -68.20, -23.80
Accel: 0.22, 0.00, -0.93
Gyro: -13.92, -70.63, -32.71
Accel: 0.20, -0.14, -0.93
Gyro: -20.04, -67.12, -41.64
Accel: 0.15, -0.01, -0.91
Gyro: -22.82, -71.46, -57.13
Accel: 0.09, 0.03, -1.03
Gyro: -13.31, -65.78, -54.63
Accel: 0.06, -0.10, -0.98
Gyro: -18.30, -59.32, -65.22
Accel: 0.05, -0.08, -0.91
Gyro: -20.58, -60.83, -83.17
Accel: -0.03, -0.07, -0.95
Gyro: -13.32, -61.86, -96.43
Accel: -0.07, -0.08, -1.00
Gyro: -20.01, -60.59, -111.17
Accel: -0.14, 0.01, -1.02
Gyro: -20.73, -53.86, -124.36
Accel: -0.17, 0.07, -1.04
Gyro: -14.04, -46.15, -128.27
Accel: -0.21, 0.08, -1.06
Gyro: -10.69, -35.79, -130.74
Accel: -0.21, 0.19, -1.06
Gyro: -4.55, -23.94, -126.86
Accel: -0.22, 0.15, -1.06
Gyro: -0.18, -14.05, -118.94
Accel: -0.23, 0.14, -1.07
Gyro: -2.13, -1.25, -115.22
Accel: -0.21, 0.23, -1.06
Gyro: -0.37, 8.00, -99.85
Accel: -0.21, 0.14, -1.05
Gyro: -3.23, 21.05, -87.54
Accel: -0.16, 0.20, -0.98
Gyro: -5.10, 26.79, -78.06
Accel: -0.14, 0.20, -0.99
Gyro: -4.68, 29.31, -60.66
Accel: -0.13, 0.18, -1.03
Gyro: -8.69, 38.92, -46.77
Accel: -0.08, 0.20, -0.99
Gyro: -11.16, 43.07, -33.81
Accel: -0.07, 0.18, -1.00
Gyro: -12.68, 48.65, -20.54
Accel: -0.03, 0.16, -0.98
Gyro: -11.85, 51.50, -13.45
Accel: 0.01, 0.15, -0.94
Gyro: -8.39, 53.47, -9.64
Accel: 0.06, 0.14, -0.91
Gyro: -2.82, 48.79, -7.98
Accel: 0.05, 0.14, -0.99
Gyro: -3.01, 47.38, -5.14
Accel: 0.10, 0.15, -0.91
Gyro: -4.99, 46.85, -1.33
Accel: 0.15, 0.13, -0.88
Gyro: -4.17, 37.84, 4.15
Accel: 0.16, 0.09, -0.92
Gyro: -5.81, 33.53, 4.59
Accel: 0.21, 0.11, -0.89
Gyro: -6.19, 29.95, 4.13
Accel: 0.23, 0.12, -0.88
Gyro: -6.11, 21.86, 5.78
Accel: 0.22, 0.10, -0.93
Gyro: -6.16, 18.17, 7.37
Accel: 0.24, 0.08, -0.92
Gyro: -6.92, 16.33, 5.97
Accel: 0.25, 0.10, -0.90
Gyro: -4.31, 13.12, 4.65
Accel: 0.25, 0.09, -0.93
Gyro: -3.11, 11.26, 4.90
Accel: 0.25, 0.09, -0.91
Gyro: -2.73, 10.22, 3.45
Accel: 0.26, 0.08, -0.91
Gyro: -2.88, 8.03, 0.78
Accel: 0.27, 0.10, -0.90
Gyro: -2.27, 3.89, 1.06
Accel: 0.27, 0.10, -0.91
Gyro: -2.35, 0.57, 1.61
Accel: 0.25, 0.09, -0.93
Gyro: -3.33, -0.42, 1.64
Accel: 0.25, 0.09, -0.93
Gyro: -4.01, -1.25, 1.37
Accel: 0.25, 0.09, -0.93
Gyro: -4.16, -2.27, 0.85
Accel: 0.24, 0.09, -0.94
Gyro: -4.45, -2.02, -0.95
Accel: 0.24, 0.10, -0.94
Gyro: -4.36, -1.17, -2.11
Accel: 0.24, 0.12, -0.93
Gyro: -3.88, -1.51, -1.79
Accel: 0.22, 0.12, -0.95
Gyro: -3.36, -1.53, -1.08
Accel: 0.23, 0.11, -0.95
Gyro: -2.92, -0.04, -1.47
Accel: 0.24, 0.12, -0.94
Gyro: -2.12, 0.54, -1.27
Accel: 0.24, 0.11, -0.92
Gyro: -2.46, 0.48, -0.82
Accel: 0.24, 0.10, -0.93
Gyro: -3.23, -0.57, -0.67
Accel: 0.24, 0.10, -0.94
Gyro: -3.72, -0.76, -1.18
Accel: 0.24, 0.10, -0.93
Gyro: -3.68, -0.02, -1.98
Accel: 0.25, 0.11, -0.93
Gyro: -3.40, -0.31, -2.35
Accel: 0.25, 0.12, -0.93
Gyro: -3.40, -1.05, -2.34
Accel: 0.25, 0.11, -0.93
Gyro: -3.07, -1.30, -1.71
Accel: 0.24, 0.11, -0.94
Gyro: -2.96, -1.30, -1.10
Accel: 0.24, 0.11, -0.93
Gyro: -3.18, -1.23, -1.01
Accel: 0.24, 0.12, -0.93
Gyro: -3.24, -1.52, -1.27
Accel: 0.25, 0.12, -0.94
Gyro: -2.91, -1.51, -1.11
Accel: 0.24, 0.11, -0.94
Gyro: -2.41, -0.88, -1.03
Accel: 0.24, 0.11, -0.93
Gyro: -2.97, -0.68, -1.27
