Accel: 0.25, 0.10, -0.94
Gyro: -3.91, -1.13, -1.82
Accel: 0.25, 0.10, -0.94
Gyro: -3.59, -0.79, -0.75
Accel: 0.25, 0.09, -0.94
Gyro: -4.50, -0.56, -1.27
Accel: 0.25, 0.09, -0.93
Gyro: -4.06, -0.06, -2.06
Accel: 0.25, 0.10, -0.93
Gyro: -3.56, -0.09, -2.66
Accel: 0.25, 0.10, -0.93
Gyro: -2.90, -0.21, -2.49
Accel: 0.26, 0.10, -0.93
Gyro: -2.66, -0.32, -2.19
Accel: 0.25, 0.10, -0.94
Gyro: -2.81, -0.31, -2.08
Accel: 0.25, 0.08, -0.94
Gyro: -2.93, 0.01, -2.89
Accel: 0.25, 0.09, -0.94
Gyro: -4.01, 0.67, -4.50
Accel: 0.24, 0.10, -0.97
Gyro: -4.86, 2.68, -4.25
Accel: 0.21, 0.11, -1.03
Gyro: -6.70, 11.46, -2.98
Accel: 0.18, 0.14, -1.10
Gyro: -8.35, 26.25, -0.50
Accel: 0.17, 0.14, -1.12
Gyro: -10.76, 48.24, 4.78
Accel: 0.19, 0.15, -1.06
Gyro: -12.03, 67.30, 8.64
Accel: 0.23, 0.16, -1.02
Gyro: -12.61, 84.21, 13.37
Accel: 0.28, 0.16, -0.97
Gyro: -15.11, 101.42, 18.55
Accel: 0.37, 0.19, -0.80
Gyro: -12.38, 100.34, 23.63
Accel: 0.45, 0.18, -0.76
Gyro: -11.87, 93.15, 31.03
Accel: 0.52, 0.16, -0.69
Gyro: -16.51, 83.53, 38.38
Accel: 0.59, 0.18, -0.64
Gyro: -22.54, 67.96, 47.85
Accel: 0.63, 0.18, -0.64
Gyro: -30.99, 53.36, 64.87
Accel: 0.68, 0.17, -0.63
Gyro: -41.43, 41.02, 77.87
Accel: 0.69, 0.18, -0.59
Gyro: -47.32, 23.54, 95.37
Accel: 0.68, 0.13, -0.66
Gyro: -57.55, 14.26, 111.19
Accel: 0.70, 0.08, -0.61
Gyro: -60.05, 1.37, 120.28
Accel: 0.71, 0.03, -0.63
Gyro: -56.56, -10.12, 122.97
Accel: 0.71, -0.06, -0.63
Gyro: -53.69, -23.06, 119.37
Accel: 0.70, -0.03, -0.63
Gyro: -51.45, -37.08, 115.49
Accel: 0.66, -0.11, -0.68
Gyro: -49.18, -46.94, 107.78
Accel: 0.65, -0.08, -0.65
Gyro: -44.77, -60.29, 99.87
Accel: 0.60, -0.14, -0.71
Gyro: -41.02, -69.19, 88.87
Accel: 0.53, -0.20, -0.77
Gyro: -33.08, -73.49, 71.79
Accel: 0.50, -0.22, -0.78
Gyro: -25.68, -75.61, 52.14
Accel: 0.46, -0.25, -0.85
Gyro: -23.46, -76.16, 30.08
Accel: 0.41, -0.18, -0.84
Gyro: -22.83, -74.98, 11.79
Accel: 0.35, -0.13, -0.88
Gyro: -20.19, -72.85, 4.77
Accel: 0.35, -0.22, -0.82
Gyro: -21.69, -74.27, -8.13
Accel: 0.29, -0.07, -0.87
Gyro: -21.59, -79.36, -21.32
Accel: 0.24, -0.16, -0.93
Gyro: -20.07, -76.77, -29.24
Accel: 0.21, -0.14, -0.81
Gyro: -25.83, -84.59, -49.14
Accel: 0.12, -0.08, -0.96
Gyro: -15.53, -87.75, -58.01
Accel: 0.06, -0.16, -0.98
Gyro: -18.26, -81.78, -74.46
Accel: 0.00, -0.16, -0.93
Gyro: -20.39, -81.54, -95.41
Accel: -0.10, -0.05, -1.01
Gyro: -19.87, -78.77, -108.37
Accel: -0.13, 0.05, -1.06
Gyro: -21.50, -69.50, -111.03
Accel: -0.15, 0.02, -1.03
Gyro: -18.91, -58.96, -114.84
Accel: -0.17, 0.09, -1.00
Gyro: -15.52, -51.99, -116.67
Accel: -0.20, 0.06, -1.02
Gyro: -10.23, -47.97, -115.98
Accel: -0.25, 0.06, -1.05
Gyro: -7.47, -39.16, -122.25
Accel: -0.27, 0.09, -1.03
Gyro: -3.48, -30.24, -121.35
Accel: -0.28, 0.15, -1.03
Gyro: -2.00, -20.56, -116.17
Accel: -0.27, 0.14, -1.04
Gyro: -1.22, -9.21, -106.46
Accel: -0.27, 0.06, -1.05
Gyro: -3.67, 1.43, -100.91
Accel: -0.25, 0.16, -0.97
Gyro: -5.97, 10.16, -94.96
Accel: -0.26, 0.16, -1.06
Gyro: -5.17, 14.68, -78.64
Accel: -0.23, 0.10, -1.02
Gyro: -8.79, 26.50, -69.32
Accel: -0.19, 0.19, -0.96
Gyro: -7.26, 28.28, -54.92
Accel: -0.19, 0.15, -1.04
Gyro: -7.59, 32.08, -39.26
Accel: -0.16, 0.10, -1.03
Gyro: -10.99, 42.42, -29.28
Accel: -0.14, 0.15, -1.04
Gyro: -12.38, 48.53, -18.84
Accel: -0.10, 0.11, -1.01
Gyro: -13.01, 58.71, -8.69
Accel: -0.05, 0.10, -0.96
Gyro: -13.38, 58.83, -2.67
Accel: -0.02, 0.11, -0.96
Gyro: -14.26, 61.70, 2.44
Accel: 0.03, 0.10, -0.91
Gyro: -11.33, 59.31, 6.73
Accel: 0.08, 0.08, -0.90
Gyro: -9.26, 53.59, 5.74
Accel: 0.12, 0.10, -0.91
Gyro: -7.16, 47.33, 7.47
Accel: 0.15, 0.09, -0.90
Gyro: -7.31, 43.95, 10.08
Accel: 0.18, 0.08, -0.89
Gyro: -7.57, 38.28, 10.95
Accel: 0.21, 0.09, -0.90
Gyro: -7.94, 33.07, 11.41
Accel: 0.24, 0.06, -0.87
Gyro: -7.11, 25.59, 12.00
Accel: 0.25, 0.06, -0.89
Gyro: -7.05, 18.55, 9.91
Accel: 0.25, 0.06, -0.90
Gyro: -5.10, 12.96, 7.64
Accel: 0.26, 0.05, -0.91
Gyro: -4.34, 9.99, 5.36
Accel: 0.27, 0.06, -0.93
Gyro: -3.97, 8.28, 3.44
Accel: 0.27, 0.06, -0.91
Gyro: -3.33, 5.85, 2.24
Accel: 0.26, 0.06, -0.92
Gyro: -3.27, 3.40, 1.10
Accel: 0.26, 0.07, -0.93
Gyro: -4.43, 1.69, 0.63
Accel: 0.26, 0.07, -0.94
Gyro: -5.31, 0.83, 0.24
Accel: 0.26, 0.07, -0.93
Gyro: -5.65, -0.17, -0.35
Accel: 0.25, 0.08, -0.92
Gyro: -5.13, -0.93, -0.99
Accel: 0.25, 0.09, -0.92
Gyro: -4.21, -1.84, -1.14
Accel: 0.24, 0.08, -0.92
Gyro: -3.49, -2.33, -1.90
Accel: 0.24, 0.08, -0.93
Gyro: -3.68, -2.34, -2.33
Accel: 0.23, 0.08, -0.95
Gyro: -4.15, -2.08, -2.88
Accel: 0.23, 0.09, -0.93
Gyro: -4.75, -1.50, -2.94
Accel: 0.22, 0.10, -0.94
Gyro: -4.98, -2.09, -2.41
Accel: 0.22, 0.10, -0.95
Gyro: -4.78, -1.04, -2.88
Accel: 0.23, 0.09, -0.94
Gyro: -3.94, -0.35, -2.63
Accel: 0.23, 0.10, -0.93
Gyro: -4.14, -0.55, -3.34
Accel: 0.22, 0.11, -0.94
Gyro: -3.61, -0.70, -2.91
Accel: 0.22, 0.11, -0.94
Gyro: -3.14, -0.23, -1.59
Accel: 0.23, 0.11, -0.95
Gyro: -3.24, 0.64, -0.54
Accel: 0.24, 0.11, -0.94
Gyro: -3.23, 0.63, 0.28
Accel: 0.25, 0.10, -0.93
Gyro: -3.16, 0.18, 0.51
Accel: 0.24, 0.09, -0.94
Gyro: -3.56, -0.21, 0.01
Accel: 0.24, 0.09, -0.94
Gyro: -3.47, -0.15, -0.28
Accel: 0.24, 0.10, -0.94
Gyro: -3.36, -0.44, -0.27
Accel: 0.24, 0.09, -0.94
Gyro: -2.66, -0.47, -0.15
Accel: 0.24, 0.09, -0.94
Gyro: -2.86, -0.66, -0.59
Accel: 0.24, 0.09, -0.94
Gyro: -2.89, -0.61, -0.89
