Accel: 0.26, 0.12, -0.92
Gyro: -3.15, -1.33, -1.25
Accel: 0.26, 0.13, -0.92
Gyro: -3.25, -0.68, -1.04
Accel: 0.27, 0.13, -0.93
Gyro: -3.33, -0.66, -0.62
Accel: 0.26, 0.12, -0.93
Gyro: -3.85, 0.10, -0.50
Accel: 0.27, 0.12, -0.93
Gyro: -4.41, 0.71, -0.91
Accel: 0.27, 0.12, -0.94
Gyro: -4.94, 1.85, -1.21
Accel: 0.27, 0.15, -0.95
Gyro: -4.93, 4.11, -1.04
Accel: 0.27, 0.13, -0.93
Gyro: -4.41, 4.44, -0.71
Accel: 0.26, 0.14, -0.95
Gyro: -5.52, 6.87, -0.60
Accel: 0.28, 0.13, -0.95
Gyro: -5.97, 8.71, 0.43
Accel: 0.24, 0.14, -1.01
Gyro: -7.68, 15.50, 1.24
Accel: 0.25, 0.18, -1.00
Gyro: -8.88, 27.21, 4.55
Accel: 0.23, 0.19, -1.07
Gyro: -10.57, 40.76, 10.24
Accel: 0.27, 0.22, -1.00
Gyro: -14.17, 54.51, 20.00
Accel: 0.29, 0.20, -0.98
Gyro: -16.24, 63.37, 29.50
Accel: 0.34, 0.22, -0.91
Gyro: -22.21, 73.72, 39.50
Accel: 0.39, 0.23, -0.86
Gyro: -29.17, 72.58, 53.91
Accel: 0.43, 0.16, -0.84
Gyro: -30.59, 76.06, 60.08
Accel: 0.50, 0.19, -0.72
Gyro: -34.33, 68.70, 65.03
Accel: 0.52, 0.15, -0.77
Gyro: -36.92, 64.21, 71.81
Accel: 0.58, 0.13, -0.70
Gyro: -40.00, 57.61, 73.89
Accel: 0.62, 0.16, -0.69
Gyro: -41.19, 47.28, 79.18
Accel: 0.70, 0.15, -0.61
Gyro: -46.45, 33.92, 86.85
Accel: 0.74, 0.18, -0.53
Gyro: -45.54, 10.93, 96.78
Accel: 0.73, 0.17, -0.56
Gyro: -42.81, -13.38, 107.49
Accel: 0.65, 0.07, -0.73
Gyro: -41.43, -21.81, 114.93
Accel: 0.67, -0.00, -0.66
Gyro: -44.41, -17.76, 108.41
Accel: 0.68, 0.01, -0.61
Gyro: -38.76, -35.75, 113.18
Accel: 0.64, -0.15, -0.72
Gyro: -44.02, -42.52, 101.94
Accel: 0.64, -0.13, -0.69
Gyro: -37.29, -48.19, 86.71
Accel: 0.62, -0.20, -0.73
Gyro: -30.35, -52.86, 63.91
Accel: 0.58, -0.12, -0.76
Gyro: -19.85, -58.80, 46.81
Accel: 0.52, -0.12, -0.81
Gyro: -16.83, -56.41, 36.10
Accel: 0.52, -0.16, -0.77
Gyro: -13.52, -61.88, 23.56
Accel: 0.47, -0.15, -0.83
Gyro: -14.37, -66.45, 8.74
Accel: 0.43, -0.13, -0.82
Gyro: -12.11, -68.04, -0.05
Accel: 0.40, -0.12, -0.82
Gyro: -14.03, -72.17, -9.30
Accel: 0.35, -0.07, -0.82
Gyro: -16.93, -78.20, -17.03
Accel: 0.32, -0.12, -0.87
Gyro: -19.84, -78.78, -23.32
Accel: 0.28, -0.12, -0.80
Gyro: -27.76, -85.85, -39.24
Accel: 0.17, 0.08, -0.97
Gyro: -19.69, -90.12, -42.72
Accel: 0.14, -0.03, -0.99
Gyro: -24.71, -78.14, -42.29
Accel: 0.09, -0.05, -0.93
Gyro: -28.13, -78.57, -54.13
Accel: 0.02, 0.11, -1.00
Gyro: -16.74, -79.35, -60.36
Accel: -0.03, -0.01, -1.11
Gyro: -16.73, -64.25, -63.13
Accel: -0.06, -0.00, -1.02
Gyro: -20.53, -54.42, -72.90
Accel: -0.09, 0.04, -1.01
Gyro: -17.85, -50.57, -81.21
Accel: -0.14, 0.04, -1.05
Gyro: -15.79, -40.92, -90.04
Accel: -0.14, 0.09, -1.00
Gyro: -12.25, -34.74, -97.47
Accel: -0.17, 0.13, -1.01
Gyro: -7.99, -29.80, -100.36
Accel: -0.18, 0.17, -1.01
Gyro: -0.70, -23.54, -98.76
Accel: -0.19, 0.18, -1.02
Gyro: 3.14, -18.29, -93.29
Accel: -0.21, 0.12, -1.02
Gyro: 3.03, -11.41, -91.42
Accel: -0.19, 0.22, -0.99
Gyro: 5.10, -3.38, -84.83
Accel: -0.18, 0.17, -1.02
Gyro: 4.21, 1.37, -73.36
Accel: -0.21, 0.12, -1.05
Gyro: 1.71, 11.87, -68.02
Accel: -0.16, 0.17, -0.97
Gyro: 2.82, 18.00, -62.16
Accel: -0.15, 0.11, -1.01
Gyro: 3.41, 20.44, -51.38
Accel: -0.14, 0.06, -1.02
Gyro: 0.85, 28.43, -50.06
Accel: -0.10, 0.17, -0.96
Gyro: 2.43, 30.04, -43.43
Accel: -0.10, 0.15, -1.02
Gyro: -0.71, 34.52, -30.10
Accel: -0.10, 0.09, -1.06
Gyro: -5.04, 48.29, -21.84
Accel: -0.07, 0.12, -1.06
Gyro: -8.35, 57.69, -15.65
Accel: -0.03, 0.13, -0.98
Gyro: -9.93, 63.84, -7.06
Accel: 0.00, 0.07, -1.00
Gyro: -10.25, 66.90, -1.69
Accel: 0.07, 0.11, -0.90
Gyro: -12.79, 69.20, -3.02
Accel: 0.11, 0.12, -0.91
Gyro: -5.80, 59.39, 2.81
Accel: 0.16, 0.07, -0.89
Gyro: -6.64, 56.80, 3.68
Accel: 0.22, 0.07, -0.85
Gyro: -5.55, 47.45, 1.80
Accel: 0.23, 0.04, -0.87
Gyro: -5.08, 37.48, -2.16
Accel: 0.27, 0.08, -0.83
Gyro: -7.55, 30.76, -7.41
Accel: 0.29, 0.10, -0.83
Gyro: -1.14, 16.87, -5.22
Accel: 0.28, 0.06, -0.90
Gyro: -0.53, 8.85, -6.00
Accel: 0.28, 0.08, -0.90
Gyro: -2.37, 6.14, -7.56
Accel: 0.28, 0.10, -0.90
Gyro: -1.81, 1.40, -4.49
Accel: 0.27, 0.06, -0.93
Gyro: -2.75, -0.37, -1.98
Accel: 0.27, 0.07, -0.94
Gyro: -4.48, 0.57, -2.41
Accel: 0.27, 0.08, -0.94
Gyro: -5.78, 0.75, -1.70
Accel: 0.27, 0.08, -0.93
Gyro: -6.05, -0.03, -0.63
Accel: 0.27, 0.09, -0.93
Gyro: -5.92, -0.43, -1.25
Accel: 0.26, 0.11, -0.92
Gyro: -5.10, -1.29, -1.38
Accel: 0.26, 0.10, -0.95
Gyro: -3.11, -1.20, -0.39
Accel: 0.25, 0.12, -0.94
Gyro: 1.30, 1.17, -2.42
Accel: 0.25, 0.10, -0.91
Gyro: 4.15, -0.78, -1.77
Accel: 0.25, 0.09, -0.92
Gyro: 1.72, -2.67, -0.17
Accel: 0.24, 0.07, -0.94
Gyro: -2.26, -2.40, 2.07
Accel: 0.24, 0.07, -0.93
Gyro: -5.37, -2.63, 3.00
Accel: 0.25, 0.07, -0.94
Gyro: -6.29, -2.66, 1.87
Accel: 0.24, 0.07, -0.94
Gyro: -5.25, -2.18, -0.44
Accel: 0.24, 0.08, -0.95
Gyro: -4.07, -0.79, -2.33
Accel: 0.25, 0.09, -0.94
Gyro: -3.36, -0.35, -2.94
Accel: 0.24, 0.09, -0.94
Gyro: -2.75, -0.18, -2.24
Accel: 0.25, 0.09, -0.95
Gyro: -2.51, 1.01, -1.97
Accel: 0.26, 0.09, -0.94
Gyro: -3.17, 1.65, -2.31
Accel: 0.26, 0.10, -0.93
Gyro: -3.19, 1.01, -1.10
Accel: 0.26, 0.10, -0.93
Gyro: -3.27, 0.21, -0.10
Accel: 0.26, 0.09, -0.93
Gyro: -3.22, 0.79, -0.57
Accel: 0.26, 0.09, -0.93
Gyro: -2.35, 0.83, -0.85
Accel: 0.26, 0.09, -0.92
Gyro: -2.33, -0.64, -0.98
Accel: 0.25, 0.08, -0.93
Gyro: -2.90, -1.50, -1.59
Accel: 0.25, 0.09, -0.94
Gyro: -3.30, -1.24, -1.84
