Accel: 0.23, 0.10, -0.94
Gyro: -2.98, -1.55, -1.43
Accel: 0.23, 0.10, -0.95
Gyro: -3.18, -0.39, -1.27
Accel: 0.24, 0.11, -0.94
Gyro: -3.25, -0.27, -0.65
Accel: 0.24, 0.10, -0.93
Gyro: -3.53, -0.56, -0.65
Accel: 0.24, 0.09, -0.94
Gyro: -3.65, -0.59, -0.87
Accel: 0.24, 0.10, -0.93
Gyro: -3.79, -0.31, -1.55
Accel: 0.24, 0.10, -0.94
Gyro: -2.85, -0.05, -1.20
Accel: 0.24, 0.10, -0.94
Gyro: -3.17, 0.33, -1.90
Accel: 0.24, 0.10, -0.94
Gyro: -3.11, 0.94, -2.25
Accel: 0.24, 0.10, -0.94
Gyro: -3.33, 0.75, -2.35
Accel: 0.24, 0.10, -0.94
Gyro: -3.44, 0.89, -2.60
Accel: 0.23, 0.11, -0.97
Gyro: -4.10, 3.09, -2.62
Accel: 0.22, 0.09, -0.99
Gyro: -5.38, 8.26, -2.20
Accel: 0.19, 0.10, -1.08
Gyro: -7.94, 20.37, -3.20
Accel: 0.19, 0.12, -1.07
Gyro: -9.13, 38.23, -2.18
Accel: 0.20, 0.14, -1.06
Gyro: -7.79, 50.96, -2.05
Accel: 0.22, 0.19, -1.05
Gyro: -8.26, 69.08, 2.91
Accel: 0.25, 0.21, -1.00
Gyro: -7.99, 80.25, 11.88
Accel: 0.27, 0.18, -1.00
Gyro: -10.40, 96.75, 19.70
Accel: 0.38, 0.23, -0.80
Gyro: -16.06, 99.37, 32.37
Accel: 0.48, 0.14, -0.67
Gyro: -19.29, 86.96, 47.28
Accel: 0.53, 0.12, -0.69
Gyro: -25.33, 66.73, 49.67
Accel: 0.58, 0.15, -0.70
Gyro: -31.78, 59.28, 57.62
Accel: 0.64, 0.15, -0.63
Gyro: -40.63, 44.53, 67.77
Accel: 0.67, 0.18, -0.63
Gyro: -45.78, 29.50, 81.11
Accel: 0.69, 0.16, -0.61
Gyro: -51.48, 14.70, 97.28
Accel: 0.70, 0.08, -0.61
Gyro: -55.98, -0.07, 103.81
Accel: 0.70, 0.02, -0.63
Gyro: -55.73, -13.42, 102.20
Accel: 0.69, -0.02, -0.67
Gyro: -52.46, -23.31, 95.59
Accel: 0.69, -0.03, -0.65
Gyro: -48.81, -33.16, 89.17
Accel: 0.67, -0.06, -0.68
Gyro: -44.20, -42.23, 78.91
Accel: 0.66, -0.03, -0.68
Gyro: -40.41, -52.03, 68.46
Accel: 0.60, -0.07, -0.75
Gyro: -37.80, -59.11, 60.59
Accel: 0.57, -0.06, -0.74
Gyro: -35.34, -63.58, 47.74
Accel: 0.53, -0.04, -0.76
Gyro: -31.59, -72.26, 38.76
Accel: 0.48, -0.07, -0.82
Gyro: -30.30, -76.71, 28.11
Accel: 0.43, -0.06, -0.81
Gyro: -29.94, -78.39, 13.76
Accel: 0.38, -0.06, -0.83
Gyro: -24.86, -81.86, -0.95
Accel: 0.32, -0.00, -0.87
Gyro: -21.55, -84.93, -15.80
Accel: 0.27, -0.04, -0.88
Gyro: -19.96, -83.89, -28.09
Accel: 0.24, -0.03, -0.84
Gyro: -20.27, -88.95, -45.44
Accel: 0.14, 0.05, -0.92
Gyro: -16.27, -95.41, -58.55
Accel: 0.06, 0.06, -0.99
Gyro: -11.34, -90.55, -67.09
Accel: 0.02, 0.06, -0.99
Gyro: -15.08, -83.49, -74.58
Accel: -0.05, 0.17, -1.05
Gyro: -15.44, -76.89, -78.77
Accel: -0.11, 0.17, -1.11
Gyro: -10.45, -61.32, -77.65
Accel: -0.12, 0.13, -1.08
Gyro: -5.04, -45.68, -81.03
Accel: -0.14, 0.16, -1.07
Gyro: 0.53, -33.83, -83.34
Accel: -0.15, 0.14, -1.06
Gyro: 5.49, -24.57, -84.65
Accel: -0.17, 0.13, -1.05
Gyro: 9.39, -14.61, -88.49
Accel: -0.17, 0.12, -1.04
Gyro: 12.38, -5.87, -92.41
Accel: -0.17, 0.09, -1.01
Gyro: 13.53, 1.20, -94.01
Accel: -0.16, 0.11, -0.99
Gyro: 12.88, 6.95, -95.35
Accel: -0.17, 0.10, -1.01
Gyro: 12.31, 13.24, -94.35
Accel: -0.15, 0.12, -1.01
Gyro: 11.38, 19.62, -92.61
Accel: -0.14, 0.11, -1.01
Gyro: 8.52, 25.10, -88.71
Accel: -0.14, 0.18, -1.01
Gyro: 7.42, 31.62, -77.13
Accel: -0.10, 0.16, -0.97
Gyro: 4.90, 34.42, -64.43
Accel: -0.07, 0.16, -1.02
Gyro: 0.87, 37.73, -50.09
Accel: -0.05, 0.18, -1.01
Gyro: -3.82, 45.40, -34.81
Accel: 0.00, 0.14, -0.96
Gyro: -5.97, 45.79, -20.65
Accel: 0.02, 0.15, -1.01
Gyro: -9.90, 48.68, -9.16
Accel: 0.07, 0.12, -0.98
Gyro: -13.84, 50.71, 0.43
Accel: 0.10, 0.13, -0.94
Gyro: -18.35, 53.24, 7.71
Accel: 0.16, 0.11, -0.84
Gyro: -15.96, 44.09, 13.01
Accel: 0.18, 0.08, -0.88
Gyro: -14.52, 33.35, 13.17
Accel: 0.19, 0.09, -0.89
Gyro: -11.78, 27.74, 11.45
Accel: 0.21, 0.10, -0.90
Gyro: -10.63, 23.28, 11.12
Accel: 0.21, 0.11, -0.92
Gyro: -10.07, 19.02, 10.86
Accel: 0.22, 0.10, -0.94
Gyro: -9.13, 16.98, 9.34
Accel: 0.24, 0.10, -0.92
Gyro: -7.87, 14.72, 8.29
Accel: 0.23, 0.07, -0.93
Gyro: -5.17, 12.83, 5.59
Accel: 0.24, 0.07, -0.94
Gyro: -2.22, 12.97, -1.76
Accel: 0.26, 0.10, -0.92
Gyro: 1.01, 11.02, -3.15
Accel: 0.26, 0.09, -0.90
Gyro: 0.43, 8.04, -3.00
Accel: 0.27, 0.11, -0.90
Gyro: -1.30, 3.52, -3.49
Accel: 0.27, 0.11, -0.90
Gyro: -1.73, -0.57, -1.82
Accel: 0.26, 0.10, -0.93
Gyro: -2.35, -1.82, -1.19
Accel: 0.26, 0.10, -0.93
Gyro: -2.28, -2.30, -0.94
Accel: 0.25, 0.12, -0.93
Gyro: -2.07, -3.83, 0.49
Accel: 0.24, 0.10, -0.95
Gyro: -2.80, -2.63, 1.11
Accel: 0.24, 0.10, -0.95
Gyro: -2.75, 0.86, 0.53
Accel: 0.25, 0.11, -0.93
Gyro: -1.37, 0.50, 1.63
Accel: 0.24, 0.09, -0.95
Gyro: -1.57, -0.11, 1.14
Accel: 0.24, 0.09, -0.94
Gyro: -2.32, 0.27, -0.27
Accel: 0.24, 0.10, -0.91
Gyro: -3.16, -0.68, 0.34
Accel: 0.24, 0.10, -0.93
Gyro: -4.00, -2.21, 1.14
Accel: 0.24, 0.10, -0.94
Gyro: -3.97, -2.49, 0.40
Accel: 0.24, 0.10, -0.92
Gyro: -3.72, -2.39, 0.51
Accel: 0.25, 0.10, -0.94
Gyro: -3.75, -3.17, 1.98
Accel: 0.23, 0.10, -0.95
Gyro: -2.22, -1.92, 0.21
Accel: 0.24, 0.10, -0.95
Gyro: -1.05, -1.10, -1.59
Accel: 0.24, 0.10, -0.93
Gyro: -1.50, -0.93, -1.21
Accel: 0.24, 0.11, -0.94
Gyro: -2.55, -1.59, -0.08
Accel: 0.23, 0.10, -0.94
Gyro: -3.75, -1.01, 0.05
Accel: 0.24, 0.10, -0.94
Gyro: -3.36, -0.40, 0.85
Accel: 0.24, 0.09, -0.94
Gyro: -3.40, -0.29, 1.01
Accel: 0.24, 0.09, -0.92
Gyro: -3.56, -1.01, -0.29
Accel: 0.23, 0.11, -0.94
Gyro: -3.19, -1.44, -1.20
Accel: 0.24, 0.10, -0.95
Gyro: -3.04, -1.24, -1.07
Accel: 0.23, 0.10, -0.94
Gyro: -2.79, -0.95, -0.95
