Accel: 0.25, 0.10, -0.93
Gyro: -3.36, 1.44, -1.72
Accel: 0.25, 0.09, -0.94
Gyro: -3.62, 1.84, -2.12
Accel: 0.24, 0.09, -0.95
Gyro: -4.00, 2.77, -2.93
Accel: 0.24, 0.11, -0.96
Gyro: -4.61, 5.36, -3.40
Accel: 0.24, 0.10, -0.94
Gyro: -4.62, 6.64, -3.13
Accel: 0.25, 0.08, -0.94
Gyro: -4.37, 6.79, -5.69
Accel: 0.26, 0.12, -0.93
Gyro: -3.17, 7.01, -8.60
Accel: 0.26, 0.13, -0.92
Gyro: -2.28, 4.84, -7.58
Accel: 0.25, 0.13, -0.98
Gyro: -3.15, 7.42, -6.23
Accel: 0.26, 0.13, -0.96
Gyro: -3.68, 12.78, -4.25
Accel: 0.24, 0.12, -1.01
Gyro: -5.53, 17.94, -3.27
Accel: 0.22, 0.13, -1.06
Gyro: -8.07, 32.46, -2.19
Accel: 0.23, 0.15, -1.02
Gyro: -9.18, 47.10, 0.18
Accel: 0.26, 0.16, -1.00
Gyro: -11.15, 59.62, 5.07
Accel: 0.31, 0.15, -0.91
Gyro: -14.14, 67.70, 9.64
Accel: 0.36, 0.16, -0.88
Gyro: -15.05, 67.17, 13.98
Accel: 0.42, 0.23, -0.80
Gyro: -20.90, 71.44, 23.36
Accel: 0.50, 0.23, -0.73
Gyro: -23.57, 57.85, 39.17
Accel: 0.51, 0.20, -0.78
Gyro: -28.93, 50.48, 50.55
Accel: 0.57, 0.22, -0.70
Gyro: -34.73, 41.50, 65.71
Accel: 0.58, 0.16, -0.72
Gyro: -42.31, 28.14, 76.23
Accel: 0.58, 0.17, -0.73
Gyro: -46.58, 22.00, 81.51
Accel: 0.61, 0.16, -0.71
Gyro: -49.85, 12.74, 92.09
Accel: 0.62, 0.10, -0.71
Gyro: -51.40, 4.13, 92.58
Accel: 0.63, 0.10, -0.71
Gyro: -48.03, -5.43, 91.93
Accel: 0.64, 0.04, -0.71
Gyro: -44.92, -12.92, 87.11
Accel: 0.64, 0.02, -0.69
Gyro: -41.66, -23.09, 78.86
Accel: 0.62, 0.05, -0.71
Gyro: -41.33, -33.79, 75.36
Accel: 0.61, 0.03, -0.73
Gyro: -44.58, -39.72, 70.14
Accel: 0.60, 0.03, -0.74
Gyro: -45.33, -48.19, 65.40
Accel: 0.55, 0.01, -0.79
Gyro: -41.44, -53.00, 56.67
Accel: 0.54, -0.02, -0.77
Gyro: -32.90, -55.15, 39.98
Accel: 0.52, -0.05, -0.75
Gyro: -20.68, -63.12, 19.17
Accel: 0.46, -0.01, -0.81
Gyro: -14.24, -68.82, 0.07
Accel: 0.42, 0.02, -0.82
Gyro: -10.29, -72.91, -9.71
Accel: 0.36, 0.02, -0.84
Gyro: -13.61, -75.76, -20.11
Accel: 0.31, 0.09, -0.88
Gyro: -15.41, -78.12, -28.59
Accel: 0.27, 0.02, -0.90
Gyro: -15.27, -76.22, -35.26
Accel: 0.22, 0.05, -0.87
Gyro: -16.79, -78.93, -48.60
Accel: 0.16, 0.04, -0.93
Gyro: -14.85, -78.59, -56.49
Accel: 0.11, 0.06, -0.94
Gyro: -9.16, -80.15, -67.73
Accel: 0.02, 0.13, -1.03
Gyro: -9.57, -75.52, -78.16
Accel: -0.03, 0.19, -1.06
Gyro: -5.23, -63.23, -79.22
Accel: -0.06, 0.17, -1.06
Gyro: -4.13, -51.68, -79.09
Accel: -0.09, 0.19, -1.07
Gyro: 1.97, -40.60, -81.41
Accel: -0.13, 0.18, -1.06
Gyro: 8.29, -27.02, -81.23
Accel: -0.12, 0.16, -1.03
Gyro: 11.34, -17.93, -83.56
Accel: -0.12, 0.15, -1.01
Gyro: 15.07, -11.28, -87.20
Accel: -0.13, 0.14, -1.01
Gyro: 16.69, -5.45, -91.51
Accel: -0.13, 0.12, -1.01
Gyro: 17.11, -0.17, -91.41
Accel: -0.14, 0.13, -0.99
Gyro: 17.15, 6.40, -92.28
Accel: -0.14, 0.17, -1.03
Gyro: 17.30, 11.22, -86.82
Accel: -0.12, 0.13, -1.02
Gyro: 16.02, 17.89, -81.00
Accel: -0.12, 0.16, -1.04
Gyro: 13.50, 23.99, -76.19
Accel: -0.10, 0.24, -1.01
Gyro: 10.93, 31.16, -60.00
Accel: -0.07, 0.17, -1.02
Gyro: 6.45, 36.47, -43.24
Accel: -0.05, 0.16, -1.03
Gyro: 0.45, 44.94, -31.55
Accel: -0.00, 0.18, -0.98
Gyro: -2.53, 49.19, -17.38
Accel: 0.03, 0.15, -0.94
Gyro: -4.81, 50.46, -5.77
Accel: 0.07, 0.09, -0.93
Gyro: -7.33, 47.50, 0.07
Accel: 0.11, 0.13, -0.90
Gyro: -10.44, 45.21, 4.46
Accel: 0.15, 0.12, -0.87
Gyro: -7.96, 35.07, 9.90
Accel: 0.15, 0.09, -0.92
Gyro: -8.17, 29.92, 11.07
Accel: 0.19, 0.07, -0.89
Gyro: -6.68, 24.06, 8.41
Accel: 0.20, 0.10, -0.89
Gyro: -4.75, 17.42, 7.71
Accel: 0.20, 0.09, -0.93
Gyro: -5.29, 12.78, 8.79
Accel: 0.19, 0.07, -0.98
Gyro: -6.51, 13.78, 6.90
Accel: 0.21, 0.08, -0.93
Gyro: -6.34, 14.93, 4.30
Accel: 0.22, 0.09, -0.92
Gyro: -3.01, 11.29, 3.75
Accel: 0.22, 0.06, -0.93
Gyro: -2.71, 7.85, 3.07
Accel: 0.22, 0.07, -0.92
Gyro: -2.82, 6.53, 0.11
Accel: 0.23, 0.09, -0.91
Gyro: -1.82, 3.77, -0.34
Accel: 0.22, 0.08, -0.95
Gyro: -1.92, 2.45, 0.52
Accel: 0.22, 0.07, -0.94
Gyro: -2.66, 2.88, 0.31
Accel: 0.23, 0.08, -0.93
Gyro: -3.28, 1.48, -0.26
Accel: 0.22, 0.08, -0.94
Gyro: -3.92, -0.14, 0.19
Accel: 0.22, 0.10, -0.94
Gyro: -4.31, -0.80, 1.18
Accel: 0.22, 0.10, -0.93
Gyro: -5.10, -2.68, 4.49
Accel: 0.21, 0.09, -0.95
Gyro: -6.31, -2.24, 5.89
Accel: 0.21, 0.09, -0.96
Gyro: -6.09, -0.37, 5.08
Accel: 0.21, 0.09, -0.94
Gyro: -5.23, -0.28, 3.52
Accel: 0.22, 0.08, -0.94
Gyro: -4.89, -0.36, 1.22
Accel: 0.22, 0.09, -0.94
Gyro: -3.56, 0.00, -0.21
Accel: 0.22, 0.08, -0.95
Gyro: -3.09, 0.58, -2.40
Accel: 0.22, 0.11, -0.94
Gyro: -2.53, 0.71, -2.98
Accel: 0.22, 0.11, -0.93
Gyro: -2.96, -0.38, -2.13
Accel: 0.22, 0.10, -0.94
Gyro: -3.11, -0.51, -2.13
Accel: 0.22, 0.11, -0.94
Gyro: -3.17, -0.27, -1.55
Accel: 0.22, 0.10, -0.94
Gyro: -3.29, -0.95, -0.24
Accel: 0.22, 0.11, -0.95
Gyro: -3.85, -0.76, 0.31
Accel: 0.22, 0.10, -0.95
Gyro: -3.53, -0.31, -0.26
Accel: 0.23, 0.10, -0.94
Gyro: -3.01, -0.25, -0.58
Accel: 0.21, 0.09, -0.96
Gyro: -2.82, -0.43, -1.42
Accel: 0.21, 0.10, -0.95
Gyro: -2.53, 0.20, -2.20
Accel: 0.21, 0.10, -0.94
Gyro: -2.33, 0.45, -2.42
Accel: 0.22, 0.10, -0.94
Gyro: -2.49, 0.27, -1.75
Accel: 0.22, 0.10, -0.93
Gyro: -2.56, -0.11, -1.59
Accel: 0.22, 0.11, -0.94
Gyro: -2.43, -0.18, -1.24
Accel: 0.21, 0.10, -0.94
Gyro: -2.63, 0.68, -1.40
Accel: 0.22, 0.10, -0.94
Gyro: -2.96, 0.79, -1.85
Accel: 0.23, 0.11, -0.94
Gyro: -2.90, 0.08, -1.54
