Accel: 0.28, 0.12, -0.93
Gyro: -3.11, 0.58, -1.35
Accel: 0.28, 0.14, -0.92
Gyro: -2.72, 0.95, -1.27
Accel: 0.28, 0.13, -0.92
Gyro: -2.57, 0.27, -1.42
Accel: 0.29, 0.12, -0.93
Gyro: -2.59, 0.08, -2.05
Accel: 0.29, 0.13, -0.93
Gyro: -2.34, 0.50, -2.56
Accel: 0.29, 0.13, -0.92
Gyro: -2.56, 0.48, -2.90
Accel: 0.29, 0.13, -0.92
Gyro: -2.63, 0.17, -2.93
Accel: 0.29, 0.14, -0.92
Gyro: -3.10, -0.27, -2.41
Accel: 0.28, 0.13, -0.92
Gyro: -3.31, 0.00, -2.12
Accel: 0.28, 0.11, -0.92
Gyro: -3.68, 0.56, -2.72
Accel: 0.27, 0.12, -0.94
Gyro: -4.36, 2.03, -4.10
Accel: 0.27, 0.12, -0.96
Gyro: -5.01, 5.36, -4.83
Accel: 0.25, 0.12, -1.00
Gyro: -6.77, 11.51, -5.92
Accel: 0.24, 0.14, -1.05
Gyro: -12.08, 28.16, -4.21
Accel: 0.26, 0.13, -1.02
Gyro: -15.10, 39.64, -3.73
Accel: 0.24, 0.17, -1.06
Gyro: -16.23, 56.96, -4.81
Accel: 0.28, 0.22, -0.98
Gyro: -15.16, 70.48, -2.30
Accel: 0.32, 0.25, -0.96
Gyro: -12.89, 79.63, 4.14
Accel: 0.36, 0.23, -0.88
Gyro: -11.63, 88.36, 9.96
Accel: 0.42, 0.25, -0.82
Gyro: -12.45, 92.83, 18.30
Accel: 0.52, 0.24, -0.68
Gyro: -14.34, 83.67, 27.38
Accel: 0.56, 0.28, -0.71
Gyro: -18.23, 68.56, 40.54
Accel: 0.58, 0.22, -0.73
Gyro: -23.11, 68.18, 52.59
Accel: 0.68, 0.23, -0.58
Gyro: -31.39, 55.99, 61.90
Accel: 0.71, 0.26, -0.57
Gyro: -38.95, 35.95, 79.67
Accel: 0.73, 0.20, -0.58
Gyro: -41.26, 24.75, 90.76
Accel: 0.77, 0.21, -0.51
Gyro: -46.20, 4.08, 102.61
Accel: 0.73, 0.15, -0.58
Gyro: -51.35, -12.69, 117.23
Accel: 0.69, 0.08, -0.62
Gyro: -53.95, -19.34, 124.53
Accel: 0.71, 0.04, -0.61
Gyro: -55.30, -31.48, 127.92
Accel: 0.65, -0.10, -0.72
Gyro: -54.37, -34.96, 122.17
Accel: 0.69, -0.16, -0.64
Gyro: -49.61, -39.67, 101.34
Accel: 0.66, -0.03, -0.65
Gyro: -40.41, -59.09, 90.58
Accel: 0.58, -0.16, -0.82
Gyro: -43.61, -50.35, 80.27
Accel: 0.64, -0.03, -0.64
Gyro: -36.41, -61.33, 69.19
Accel: 0.57, -0.10, -0.74
Gyro: -34.84, -75.16, 67.54
Accel: 0.49, -0.11, -0.86
Gyro: -41.81, -73.68, 64.90
Accel: 0.46, -0.16, -0.85
Gyro: -50.62, -66.89, 57.68
Accel: 0.42, -0.16, -0.88
Gyro: -46.06, -64.84, 45.51
Accel: 0.40, -0.15, -0.86
Gyro: -44.92, -59.88, 28.24
Accel: 0.39, -0.14, -0.83
Gyro: -36.84, -59.14, 13.09
Accel: 0.37, -0.13, -0.81
Gyro: -31.61, -67.29, -4.75
Accel: 0.32, -0.01, -0.86
Gyro: -32.68, -72.52, -15.69
Accel: 0.29, -0.09, -0.83
Gyro: -35.16, -77.57, -21.95
Accel: 0.21, 0.05, -0.84
Gyro: -41.56, -87.49, -38.38
Accel: 0.12, 0.03, -1.00
Gyro: -28.50, -80.96, -39.88
Accel: 0.12, -0.05, -0.85
Gyro: -38.10, -80.89, -58.44
Accel: 0.02, 0.28, -1.01
Gyro: -28.09, -85.66, -60.16
Accel: -0.01, 0.10, -1.05
Gyro: -21.71, -67.88, -53.78
Accel: -0.04, 0.03, -0.91
Gyro: -32.10, -70.96, -65.94
Accel: -0.12, 0.14, -0.99
Gyro: -24.76, -71.32, -79.65
Accel: -0.19, 0.16, -1.07
Gyro: -21.71, -58.89, -79.66
Accel: -0.21, 0.09, -0.99
Gyro: -24.51, -49.87, -89.86
Accel: -0.26, 0.13, -1.00
Gyro: -17.58, -46.83, -100.84
Accel: -0.29, 0.12, -1.01
Gyro: -12.54, -36.85, -111.21
Accel: -0.30, 0.20, -0.98
Gyro: -10.28, -30.23, -116.43
Accel: -0.33, 0.18, -0.97
Gyro: -5.94, -25.31, -116.21
Accel: -0.35, 0.23, -0.98
Gyro: -2.26, -19.39, -116.42
Accel: -0.36, 0.22, -0.99
Gyro: -0.62, -13.20, -111.53
Accel: -0.36, 0.22, -1.02
Gyro: 1.64, -4.83, -103.29
Accel: -0.38, 0.21, -1.05
Gyro: -0.01, 7.90, -96.15
Accel: -0.38, 0.18, -1.06
Gyro: -1.66, 20.35, -87.79
Accel: -0.37, 0.20, -1.05
Gyro: -3.36, 37.47, -76.46
Accel: -0.32, 0.14, -0.96
Gyro: -3.17, 42.99, -69.06
Accel: -0.24, 0.22, -0.91
Gyro: -1.52, 41.53, -59.50
Accel: -0.26, 0.18, -1.02
Gyro: -4.41, 45.72, -46.49
Accel: -0.22, 0.20, -0.96
Gyro: -5.81, 54.87, -33.76
Accel: -0.18, 0.16, -0.95
Gyro: -8.03, 55.47, -23.22
Accel: -0.15, 0.15, -0.98
Gyro: -9.02, 57.44, -13.44
Accel: -0.14, 0.15, -1.03
Gyro: -11.52, 66.15, -6.39
Accel: -0.07, 0.18, -0.92
Gyro: -11.29, 67.07, 1.57
Accel: -0.03, 0.14, -0.92
Gyro: -11.07, 67.38, 7.74
Accel: 0.00, 0.10, -0.95
Gyro: -9.91, 66.07, 8.96
Accel: 0.07, 0.14, -0.90
Gyro: -8.22, 61.55, 7.01
Accel: 0.06, 0.15, -0.98
Gyro: -6.13, 64.54, 12.34
Accel: 0.13, 0.10, -0.92
Gyro: -6.66, 59.65, 13.41
Accel: 0.15, 0.09, -0.92
Gyro: -7.68, 60.17, 10.21
Accel: 0.20, 0.11, -0.89
Gyro: -5.23, 54.77, 10.22
Accel: 0.24, 0.09, -0.88
Gyro: -7.10, 51.06, 9.61
Accel: 0.30, 0.09, -0.82
Gyro: -5.27, 39.37, 6.93
Accel: 0.33, 0.10, -0.82
Gyro: -2.27, 27.42, 5.81
Accel: 0.33, 0.09, -0.85
Gyro: -2.27, 18.14, 4.71
Accel: 0.33, 0.09, -0.86
Gyro: -2.85, 11.89, 3.48
Accel: 0.34, 0.09, -0.87
Gyro: -2.35, 5.96, 2.48
Accel: 0.34, 0.09, -0.89
Gyro: -2.33, 2.39, 1.87
Accel: 0.32, 0.09, -0.91
Gyro: -3.74, 1.24, 1.02
Accel: 0.32, 0.09, -0.91
Gyro: -4.14, 0.53, -0.07
Accel: 0.33, 0.09, -0.91
Gyro: -3.61, -1.69, -1.34
Accel: 0.32, 0.11, -0.91
Gyro: -2.60, -3.88, -1.90
Accel: 0.31, 0.11, -0.94
Gyro: -2.95, -3.35, -1.24
Accel: 0.29, 0.10, -0.93
Gyro: -3.24, -1.11, -0.09
Accel: 0.30, 0.10, -0.92
Gyro: -3.88, -0.90, -0.05
Accel: 0.29, 0.11, -0.92
Gyro: -4.39, -1.59, -0.43
Accel: 0.29, 0.11, -0.91
Gyro: -4.66, -2.46, -0.17
Accel: 0.30, 0.11, -0.91
Gyro: -4.42, -3.45, -0.05
Accel: 0.28, 0.12, -0.93
Gyro: -3.79, -4.23, -0.22
Accel: 0.28, 0.13, -0.93
Gyro: -3.13, -2.74, 0.05
Accel: 0.28, 0.12, -0.92
Gyro: -2.60, -2.04, 0.63
Accel: 0.28, 0.12, -0.93
Gyro: -2.91, -2.03, 0.79
Accel: 0.28, 0.11, -0.94
Gyro: -3.27, -1.35, 0.26
Accel: 0.28, 0.11, -0.93
Gyro: -3.64, -0.89, 0.20
