Accel: 0.24, 0.09, -0.94
Gyro: -3.49, -0.59, -2.24
Accel: 0.24, 0.10, -0.94
Gyro: -3.43, -1.01, -2.00
Accel: 0.24, 0.09, -0.94
Gyro: -3.05, -1.65, -2.17
Accel: 0.23, 0.09, -0.94
Gyro: -2.90, -1.38, -2.35
Accel: 0.23, 0.09, -0.94
Gyro: -2.99, -1.14, -2.27
Accel: 0.23, 0.10, -0.94
Gyro: -3.03, -0.82, -1.71
Accel: 0.23, 0.09, -0.94
Gyro: -3.14, -0.81, -1.35
Accel: 0.24, 0.09, -0.94
Gyro: -3.37, -0.40, -1.75
Accel: 0.24, 0.10, -0.94
Gyro: -3.26, -0.22, -1.94
Accel: 0.24, 0.09, -0.94
Gyro: -3.26, -0.56, -1.77
Accel: 0.24, 0.09, -0.95
Gyro: -3.37, -0.35, -1.40
Accel: 0.23, 0.09, -0.95
Gyro: -3.93, 0.98, -0.98
Accel: 0.22, 0.10, -0.98
Gyro: -4.75, 3.54, -0.60
Accel: 0.21, 0.11, -1.02
Gyro: -7.22, 11.73, 1.11
Accel: 0.19, 0.12, -1.08
Gyro: -10.49, 23.89, 4.66
Accel: 0.17, 0.12, -1.09
Gyro: -13.08, 42.59, 8.26
Accel: 0.19, 0.16, -1.06
Gyro: -15.38, 58.70, 13.53
Accel: 0.26, 0.17, -0.95
Gyro: -15.12, 67.51, 20.75
Accel: 0.31, 0.17, -0.92
Gyro: -15.33, 69.04, 28.01
Accel: 0.35, 0.17, -0.90
Gyro: -16.23, 76.43, 35.77
Accel: 0.40, 0.19, -0.83
Gyro: -18.25, 74.23, 44.80
Accel: 0.47, 0.18, -0.75
Gyro: -22.88, 64.55, 55.60
Accel: 0.51, 0.17, -0.74
Gyro: -27.44, 55.72, 67.70
Accel: 0.56, 0.17, -0.70
Gyro: -37.28, 44.15, 83.53
Accel: 0.58, 0.16, -0.68
Gyro: -45.27, 29.99, 96.47
Accel: 0.60, 0.12, -0.71
Gyro: -49.95, 19.84, 108.89
Accel: 0.61, 0.02, -0.71
Gyro: -49.75, 10.91, 108.25
Accel: 0.65, 0.03, -0.67
Gyro: -47.23, -1.71, 106.47
Accel: 0.64, -0.07, -0.70
Gyro: -43.75, -14.59, 97.54
Accel: 0.65, -0.07, -0.69
Gyro: -38.58, -26.51, 82.95
Accel: 0.64, -0.13, -0.69
Gyro: -36.38, -38.46, 70.25
Accel: 0.61, -0.14, -0.72
Gyro: -35.87, -49.80, 53.23
Accel: 0.57, -0.11, -0.75
Gyro: -38.47, -55.55, 39.63
Accel: 0.55, -0.04, -0.75
Gyro: -35.49, -62.88, 29.23
Accel: 0.50, -0.04, -0.79
Gyro: -30.90, -69.95, 22.57
Accel: 0.46, -0.04, -0.80
Gyro: -29.45, -74.38, 12.10
Accel: 0.42, -0.04, -0.79
Gyro: -26.25, -83.45, 0.47
Accel: 0.33, -0.00, -0.85
Gyro: -23.15, -89.31, -10.27
Accel: 0.28, -0.04, -0.88
Gyro: -22.00, -88.46, -21.72
Accel: 0.22, -0.07, -0.85
Gyro: -24.18, -92.71, -40.79
Accel: 0.15, -0.05, -0.89
Gyro: -25.35, -94.99, -58.05
Accel: 0.07, -0.04, -0.92
Gyro: -28.47, -89.89, -78.77
Accel: -0.00, 0.08, -1.00
Gyro: -24.78, -86.72, -88.74
Accel: -0.06, 0.19, -1.01
Gyro: -23.00, -80.96, -87.33
Accel: -0.12, 0.20, -1.04
Gyro: -22.23, -72.10, -85.56
Accel: -0.17, 0.22, -1.07
Gyro: -16.38, -59.55, -85.78
Accel: -0.20, 0.23, -1.08
Gyro: -8.65, -45.69, -82.34
Accel: -0.21, 0.22, -1.05
Gyro: -4.17, -32.26, -80.77
Accel: -0.23, 0.21, -1.05
Gyro: 1.24, -21.99, -78.52
Accel: -0.25, 0.15, -1.06
Gyro: 6.08, -10.42, -82.38
Accel: -0.25, 0.17, -1.04
Gyro: 10.93, 0.79, -87.75
Accel: -0.23, 0.14, -1.02
Gyro: 14.28, 8.56, -87.90
Accel: -0.24, 0.11, -1.01
Gyro: 14.99, 16.95, -92.77
Accel: -0.21, 0.17, -0.97
Gyro: 14.69, 20.43, -92.31
Accel: -0.21, 0.19, -1.03
Gyro: 14.02, 26.82, -81.73
Accel: -0.20, 0.18, -1.02
Gyro: 10.01, 36.03, -71.43
Accel: -0.18, 0.21, -1.04
Gyro: 6.71, 41.75, -58.59
Accel: -0.16, 0.20, -1.04
Gyro: 2.13, 55.26, -41.07
Accel: -0.10, 0.16, -0.95
Gyro: -0.97, 56.85, -28.87
Accel: -0.06, 0.16, -0.99
Gyro: -3.95, 59.01, -18.01
Accel: -0.03, 0.15, -0.95
Gyro: -7.48, 61.15, -6.16
Accel: 0.03, 0.12, -0.92
Gyro: -9.51, 56.21, 0.72
Accel: 0.08, 0.13, -0.92
Gyro: -10.92, 53.16, 4.01
Accel: 0.11, 0.12, -0.93
Gyro: -10.24, 50.71, 7.93
Accel: 0.13, 0.11, -0.92
Gyro: -11.28, 48.97, 9.10
Accel: 0.18, 0.11, -0.89
Gyro: -8.38, 43.79, 9.77
Accel: 0.20, 0.11, -0.89
Gyro: -5.02, 35.45, 9.89
Accel: 0.22, 0.09, -0.90
Gyro: -4.49, 33.91, 8.24
Accel: 0.26, 0.09, -0.86
Gyro: -4.44, 25.39, 7.36
Accel: 0.26, 0.10, -0.90
Gyro: -3.65, 19.66, 7.22
Accel: 0.27, 0.09, -0.89
Gyro: -3.54, 16.43, 7.45
Accel: 0.29, 0.08, -0.89
Gyro: -3.52, 11.87, 6.62
Accel: 0.29, 0.08, -0.89
Gyro: -3.48, 6.87, 5.34
Accel: 0.29, 0.08, -0.91
Gyro: -3.62, 3.64, 3.91
Accel: 0.28, 0.07, -0.91
Gyro: -3.51, 3.20, 1.39
Accel: 0.29, 0.08, -0.91
Gyro: -3.61, 1.68, -0.79
Accel: 0.28, 0.08, -0.91
Gyro: -3.39, -1.68, -1.07
Accel: 0.27, 0.08, -0.93
Gyro: -3.66, -0.95, -2.30
Accel: 0.27, 0.10, -0.92
Gyro: -3.49, -0.69, -2.92
Accel: 0.26, 0.11, -0.92
Gyro: -3.16, -2.66, -2.29
Accel: 0.25, 0.11, -0.94
Gyro: -3.23, -3.00, -1.39
Accel: 0.25, 0.10, -0.94
Gyro: -3.04, -2.41, -2.14
Accel: 0.25, 0.10, -0.92
Gyro: -2.85, -2.50, -2.24
Accel: 0.24, 0.11, -0.94
Gyro: -2.91, -2.04, -1.31
Accel: 0.25, 0.10, -0.94
Gyro: -3.81, -0.98, -1.01
Accel: 0.25, 0.11, -0.93
Gyro: -3.81, -0.80, -0.71
Accel: 0.24, 0.11, -0.93
Gyro: -3.81, -0.49, 0.07
Accel: 0.24, 0.11, -0.94
Gyro: -3.07, -0.31, 0.29
Accel: 0.24, 0.10, -0.94
Gyro: -3.43, -0.25, -0.43
Accel: 0.25, 0.11, -0.94
Gyro: -3.33, 0.60, -0.93
Accel: 0.25, 0.11, -0.94
Gyro: -2.93, 0.85, -1.08
Accel: 0.26, 0.11, -0.93
Gyro: -2.76, 0.27, -1.69
Accel: 0.25, 0.11, -0.93
Gyro: -2.38, 0.08, -1.90
Accel: 0.26, 0.11, -0.94
Gyro: -2.14, 0.62, -1.33
Accel: 0.27, 0.10, -0.93
Gyro: -2.32, 0.40, -1.63
Accel: 0.26, 0.10, -0.93
Gyro: -2.49, -1.12, -1.69
Accel: 0.26, 0.12, -0.94
Gyro: -2.94, -0.97, -1.61
Accel: 0.26, 0.11, -0.94
Gyro: -2.43, -0.22, -0.79
Accel: 0.25, 0.10, -0.93
Gyro: -2.40, -0.51, -1.77
Accel: 0.25, 0.10, -0.93
Gyro: -2.69, -1.41, -2.27
Accel: 0.26, 0.11, -0.94
Gyro: -2.96, -1.26, -2.01
