Accel: 0.29, 0.11, -0.92
Gyro: -3.77, -1.06, -1.64
Accel: 0.29, 0.11, -0.93
Gyro: -4.30, -0.78, -1.24
Accel: 0.29, 0.11, -0.93
Gyro: -4.07, -0.36, -1.26
Accel: 0.30, 0.11, -0.92
Gyro: -3.87, 0.22, -1.64
Accel: 0.30, 0.12, -0.92
Gyro: -3.55, 0.14, -1.78
Accel: 0.30, 0.12, -0.93
Gyro: -3.14, 0.29, -1.28
Accel: 0.30, 0.11, -0.93
Gyro: -3.04, 1.01, -1.00
Accel: 0.30, 0.11, -0.91
Gyro: -2.94, 0.90, -0.84
Accel: 0.30, 0.11, -0.92
Gyro: -3.48, 1.18, -1.33
Accel: 0.30, 0.11, -0.93
Gyro: -3.98, 2.39, -2.17
Accel: 0.30, 0.12, -0.93
Gyro: -3.93, 3.36, -2.67
Accel: 0.29, 0.11, -0.96
Gyro: -4.36, 5.69, -2.27
Accel: 0.26, 0.13, -1.03
Gyro: -7.36, 16.46, -1.08
Accel: 0.25, 0.12, -1.05
Gyro: -10.99, 30.09, 0.56
Accel: 0.24, 0.14, -1.05
Gyro: -15.20, 50.42, 3.29
Accel: 0.27, 0.16, -1.04
Gyro: -17.94, 69.76, 6.15
Accel: 0.30, 0.21, -0.94
Gyro: -20.77, 83.18, 13.27
Accel: 0.36, 0.24, -0.90
Gyro: -15.66, 86.64, 23.06
Accel: 0.41, 0.19, -0.85
Gyro: -19.31, 95.54, 30.77
Accel: 0.52, 0.23, -0.68
Gyro: -21.21, 83.93, 41.82
Accel: 0.57, 0.20, -0.68
Gyro: -25.52, 72.07, 54.67
Accel: 0.62, 0.20, -0.64
Gyro: -34.61, 58.31, 69.12
Accel: 0.68, 0.22, -0.59
Gyro: -42.76, 42.36, 82.70
Accel: 0.70, 0.20, -0.59
Gyro: -50.42, 26.35, 101.52
Accel: 0.72, 0.16, -0.60
Gyro: -57.26, 12.03, 116.00
Accel: 0.72, 0.10, -0.58
Gyro: -60.39, -4.85, 126.49
Accel: 0.70, -0.01, -0.61
Gyro: -60.94, -19.48, 126.98
Accel: 0.71, -0.04, -0.61
Gyro: -57.94, -27.64, 118.15
Accel: 0.71, -0.11, -0.61
Gyro: -51.83, -42.91, 109.47
Accel: 0.67, -0.12, -0.67
Gyro: -50.22, -51.45, 93.36
Accel: 0.64, -0.08, -0.71
Gyro: -47.07, -57.20, 80.17
Accel: 0.61, -0.13, -0.76
Gyro: -44.17, -62.19, 71.30
Accel: 0.58, -0.14, -0.79
Gyro: -49.99, -60.22, 57.66
Accel: 0.57, -0.14, -0.75
Gyro: -41.84, -67.70, 39.82
Accel: 0.52, -0.18, -0.77
Gyro: -27.89, -74.97, 17.25
Accel: 0.47, -0.17, -0.79
Gyro: -20.27, -77.81, -7.39
Accel: 0.42, -0.13, -0.76
Gyro: -18.84, -84.64, -26.30
Accel: 0.35, -0.15, -0.78
Gyro: -18.53, -94.57, -41.18
Accel: 0.24, -0.08, -0.90
Gyro: -23.01, -98.66, -60.13
Accel: 0.17, -0.03, -0.95
Gyro: -25.73, -88.40, -69.47
Accel: 0.12, -0.01, -0.90
Gyro: -25.22, -88.55, -81.38
Accel: 0.04, 0.09, -1.00
Gyro: -21.61, -86.68, -90.84
Accel: -0.01, 0.17, -1.09
Gyro: -17.76, -75.07, -88.49
Accel: -0.03, 0.11, -1.02
Gyro: -15.71, -61.86, -91.12
Accel: -0.08, 0.17, -1.05
Gyro: -10.18, -54.15, -94.96
Accel: -0.11, 0.17, -1.07
Gyro: -2.72, -43.40, -96.59
Accel: -0.13, 0.18, -1.06
Gyro: 5.17, -33.58, -99.79
Accel: -0.15, 0.13, -1.05
Gyro: 12.87, -24.18, -101.04
Accel: -0.16, 0.12, -1.07
Gyro: 16.82, -14.30, -108.15
Accel: -0.16, 0.12, -1.04
Gyro: 20.43, -6.23, -106.73
Accel: -0.16, 0.09, -1.06
Gyro: 19.92, 3.23, -111.25
Accel: -0.14, 0.17, -1.03
Gyro: 19.74, 8.70, -104.83
Accel: -0.15, 0.13, -1.06
Gyro: 17.78, 17.84, -96.92
Accel: -0.14, 0.18, -1.08
Gyro: 13.57, 30.97, -86.12
Accel: -0.09, 0.21, -1.04
Gyro: 9.79, 39.64, -68.82
Accel: -0.09, 0.16, -1.08
Gyro: 5.97, 51.14, -50.54
Accel: -0.05, 0.14, -1.03
Gyro: -0.40, 60.44, -37.83
Accel: -0.01, 0.03, -1.00
Gyro: -1.71, 68.45, -33.78
Accel: 0.06, 0.13, -0.95
Gyro: -3.20, 71.29, -33.03
Accel: 0.11, 0.13, -0.91
Gyro: -1.77, 67.33, -21.41
Accel: 0.19, 0.11, -0.86
Gyro: -7.14, 61.00, -14.63
Accel: 0.24, 0.14, -0.81
Gyro: -8.04, 46.40, -4.80
Accel: 0.27, 0.11, -0.84
Gyro: -9.22, 31.38, 5.10
Accel: 0.27, 0.01, -0.87
Gyro: -9.69, 21.87, 0.86
Accel: 0.29, 0.09, -0.86
Gyro: -11.10, 13.44, -2.17
Accel: 0.28, 0.11, -0.87
Gyro: -8.67, 5.11, 1.05
Accel: 0.27, 0.10, -0.90
Gyro: -9.28, 0.24, 5.44
Accel: 0.26, 0.06, -0.94
Gyro: -10.83, 2.09, 6.81
Accel: 0.26, 0.06, -0.94
Gyro: -13.57, 2.43, 5.15
Accel: 0.25, 0.12, -0.94
Gyro: -12.85, 1.55, 7.55
Accel: 0.25, 0.09, -0.95
Gyro: -10.03, 2.14, 8.37
Accel: 0.25, 0.08, -0.94
Gyro: -8.65, 4.28, 6.07
Accel: 0.27, 0.10, -0.92
Gyro: -6.64, 3.56, 5.21
Accel: 0.27, 0.09, -0.91
Gyro: -4.23, 0.50, 5.02
Accel: 0.27, 0.07, -0.92
Gyro: -3.88, -1.73, 3.24
Accel: 0.26, 0.09, -0.92
Gyro: -3.65, -2.37, 2.68
Accel: 0.26, 0.09, -0.92
Gyro: -3.17, -2.82, 2.43
Accel: 0.25, 0.08, -0.92
Gyro: -3.07, -2.91, 0.89
Accel: 0.25, 0.10, -0.92
Gyro: -2.99, -3.85, 0.45
Accel: 0.25, 0.09, -0.94
Gyro: -2.91, -4.83, 0.48
Accel: 0.23, 0.09, -0.96
Gyro: -3.15, -4.10, 0.05
Accel: 0.22, 0.09, -0.95
Gyro: -3.59, -2.40, 0.29
Accel: 0.24, 0.10, -0.95
Gyro: -4.10, -1.30, 0.49
Accel: 0.23, 0.10, -0.96
Gyro: -4.21, 0.35, 1.79
Accel: 0.24, 0.09, -0.95
Gyro: -4.72, 2.06, 0.97
Accel: 0.26, 0.09, -0.93
Gyro: -4.23, 2.22, 0.56
Accel: 0.26, 0.10, -0.92
Gyro: -3.63, 1.08, 0.13
Accel: 0.25, 0.11, -0.93
Gyro: -3.39, 0.56, -0.26
Accel: 0.26, 0.10, -0.92
Gyro: -3.46, 0.13, -0.34
Accel: 0.26, 0.10, -0.93
Gyro: -3.33, -0.34, -0.69
Accel: 0.26, 0.11, -0.92
Gyro: -3.33, -1.74, -0.98
Accel: 0.25, 0.10, -0.93
Gyro: -3.16, -2.46, -1.18
Accel: 0.25, 0.09, -0.93
Gyro: -3.62, -2.56, -2.24
Accel: 0.25, 0.11, -0.93
Gyro: -3.09, -3.13, -2.00
Accel: 0.25, 0.10, -0.94
Gyro: -2.98, -2.79, -1.69
Accel: 0.24, 0.11, -0.94
Gyro: -3.26, -1.46, -1.62
Accel: 0.24, 0.11, -0.93
Gyro: -3.04, -0.24, -1.39
Accel: 0.24, 0.11, -0.94
Gyro: -2.82, -0.60, -0.34
Accel: 0.25, 0.11, -0.92
Gyro: -2.94, -1.04, -0.18
Accel: 0.24, 0.10, -0.94
Gyro: -3.07, -0.95, -0.65
Accel: 0.24, 0.12, -0.92
Gyro: -3.18, -1.02, -1.19
