Accel: 0.23, 0.11, -0.94
Gyro: -3.19, 0.10, -1.49
Accel: 0.22, 0.10, -0.94
Gyro: -3.07, 0.31, -1.22
Accel: 0.22, 0.10, -0.95
Gyro: -3.46, 0.78, -1.52
Accel: 0.22, 0.10, -0.94
Gyro: -3.52, 0.51, -1.60
Accel: 0.22, 0.10, -0.95
Gyro: -3.75, 0.59, -1.99
Accel: 0.22, 0.10, -0.95
Gyro: -3.68, 1.25, -2.26
Accel: 0.23, 0.11, -0.93
Gyro: -3.62, 1.67, -2.39
Accel: 0.23, 0.11, -0.94
Gyro: -2.96, 1.45, -2.07
Accel: 0.23, 0.10, -0.94
Gyro: -3.42, 1.52, -2.82
Accel: 0.22, 0.11, -0.95
Gyro: -4.13, 2.56, -3.17
Accel: 0.21, 0.10, -0.96
Gyro: -4.23, 3.86, -3.74
Accel: 0.20, 0.12, -1.01
Gyro: -4.93, 9.84, -3.65
Accel: 0.19, 0.14, -1.05
Gyro: -6.05, 21.31, -1.02
Accel: 0.19, 0.20, -1.05
Gyro: -6.83, 34.13, 2.91
Accel: 0.22, 0.20, -1.02
Gyro: -3.26, 43.98, 12.89
Accel: 0.23, 0.22, -1.01
Gyro: -0.73, 56.69, 19.14
Accel: 0.26, 0.17, -0.97
Gyro: -0.10, 62.99, 28.33
Accel: 0.28, 0.19, -0.96
Gyro: -7.92, 75.13, 40.77
Accel: 0.34, 0.14, -0.90
Gyro: -16.73, 80.14, 53.83
Accel: 0.40, 0.13, -0.80
Gyro: -25.23, 80.60, 61.28
Accel: 0.49, 0.18, -0.72
Gyro: -31.86, 67.85, 76.11
Accel: 0.53, 0.11, -0.72
Gyro: -38.06, 55.06, 85.79
Accel: 0.57, 0.16, -0.69
Gyro: -44.84, 40.27, 95.99
Accel: 0.58, 0.10, -0.70
Gyro: -47.97, 26.42, 109.31
Accel: 0.60, -0.01, -0.70
Gyro: -50.80, 16.99, 107.58
Accel: 0.64, 0.02, -0.66
Gyro: -46.66, 1.45, 103.74
Accel: 0.62, -0.09, -0.71
Gyro: -43.05, -9.35, 96.61
Accel: 0.64, -0.09, -0.69
Gyro: -40.30, -19.05, 81.49
Accel: 0.63, -0.04, -0.67
Gyro: -35.63, -33.24, 73.78
Accel: 0.60, -0.08, -0.74
Gyro: -34.39, -40.89, 65.13
Accel: 0.59, -0.08, -0.74
Gyro: -29.40, -49.14, 54.53
Accel: 0.57, -0.06, -0.71
Gyro: -23.10, -60.36, 44.19
Accel: 0.52, -0.12, -0.79
Gyro: -18.09, -68.76, 34.57
Accel: 0.47, -0.16, -0.80
Gyro: -19.58, -71.37, 18.07
Accel: 0.44, -0.11, -0.76
Gyro: -17.03, -79.97, 1.81
Accel: 0.36, -0.16, -0.85
Gyro: -14.80, -87.91, -12.81
Accel: 0.29, -0.13, -0.88
Gyro: -19.23, -87.87, -32.79
Accel: 0.23, -0.09, -0.88
Gyro: -20.36, -89.49, -47.48
Accel: 0.17, -0.05, -0.94
Gyro: -19.40, -87.55, -58.45
Accel: 0.10, -0.06, -0.96
Gyro: -22.74, -81.67, -69.31
Accel: 0.05, 0.04, -0.97
Gyro: -25.70, -76.92, -76.48
Accel: 0.01, 0.08, -0.98
Gyro: -15.60, -72.78, -79.86
Accel: -0.04, 0.12, -1.00
Gyro: -21.06, -68.48, -81.63
Accel: -0.06, 0.15, -0.99
Gyro: -15.62, -65.08, -81.10
Accel: -0.12, 0.11, -1.01
Gyro: -11.15, -60.45, -84.87
Accel: -0.16, 0.13, -1.04
Gyro: -7.26, -52.38, -89.52
Accel: -0.20, 0.15, -1.04
Gyro: -1.09, -42.45, -89.45
Accel: -0.23, 0.06, -1.04
Gyro: 0.97, -32.60, -95.67
Accel: -0.22, 0.17, -1.01
Gyro: 6.52, -26.55, -95.59
Accel: -0.24, 0.09, -1.03
Gyro: 7.51, -19.26, -99.14
Accel: -0.26, 0.16, -1.04
Gyro: 7.78, -10.28, -94.33
Accel: -0.27, 0.10, -1.06
Gyro: 4.80, 0.41, -89.21
Accel: -0.25, 0.15, -1.01
Gyro: 3.29, 8.76, -80.48
Accel: -0.24, 0.12, -1.05
Gyro: 0.33, 16.73, -69.76
Accel: -0.24, 0.11, -1.02
Gyro: -4.85, 29.82, -65.26
Accel: -0.19, 0.18, -0.99
Gyro: -2.37, 30.68, -52.89
Accel: -0.19, 0.11, -1.05
Gyro: -0.24, 39.47, -42.54
Accel: -0.15, 0.05, -0.97
Gyro: -0.17, 46.72, -48.45
Accel: -0.09, 0.14, -0.92
Gyro: 4.91, 40.49, -42.08
Accel: -0.09, 0.13, -1.05
Gyro: -0.69, 42.72, -28.27
Accel: -0.06, 0.07, -0.99
Gyro: -6.77, 54.50, -22.07
Accel: -0.02, 0.15, -0.96
Gyro: -8.10, 50.54, -12.69
Accel: 0.02, 0.14, -0.95
Gyro: -11.52, 51.69, 1.38
Accel: 0.03, 0.11, -0.99
Gyro: -16.14, 54.75, 10.35
Accel: 0.07, 0.13, -0.95
Gyro: -17.04, 54.83, 19.39
Accel: 0.09, 0.05, -0.98
Gyro: -19.06, 56.34, 22.24
Accel: 0.14, 0.05, -0.93
Gyro: -19.20, 56.90, 15.59
Accel: 0.20, 0.14, -0.89
Gyro: -16.08, 53.80, 17.82
Accel: 0.25, 0.08, -0.83
Gyro: -10.64, 41.96, 20.29
Accel: 0.26, 0.05, -0.88
Gyro: -8.16, 32.55, 13.63
Accel: 0.28, 0.10, -0.87
Gyro: -6.58, 25.68, 12.66
Accel: 0.29, 0.10, -0.87
Gyro: -7.42, 18.47, 15.97
Accel: 0.31, 0.06, -0.87
Gyro: -8.09, 10.45, 15.17
Accel: 0.29, 0.08, -0.92
Gyro: -7.15, 7.05, 11.98
Accel: 0.30, 0.08, -0.91
Gyro: -5.71, 5.95, 12.15
Accel: 0.30, 0.05, -0.89
Gyro: -4.66, 2.74, 9.06
Accel: 0.30, 0.05, -0.90
Gyro: -3.79, -1.14, 4.10
Accel: 0.31, 0.07, -0.91
Gyro: -2.91, -3.91, 1.86
Accel: 0.29, 0.06, -0.92
Gyro: -3.15, -4.81, 0.33
Accel: 0.28, 0.08, -0.94
Gyro: -3.15, -3.59, -2.75
Accel: 0.28, 0.09, -0.93
Gyro: -2.76, -3.24, -3.36
Accel: 0.28, 0.09, -0.93
Gyro: -3.48, -3.37, -2.42
Accel: 0.28, 0.09, -0.93
Gyro: -4.10, -3.94, -2.37
Accel: 0.27, 0.10, -0.93
Gyro: -4.34, -4.56, -2.38
Accel: 0.26, 0.11, -0.93
Gyro: -3.56, -4.16, -1.08
Accel: 0.26, 0.10, -0.95
Gyro: -2.76, -3.33, -0.10
Accel: 0.26, 0.09, -0.94
Gyro: -1.63, -2.03, -0.40
Accel: 0.27, 0.09, -0.93
Gyro: -1.72, -2.18, -1.21
Accel: 0.26, 0.10, -0.93
Gyro: -2.40, -2.08, -1.50
Accel: 0.26, 0.10, -0.94
Gyro: -2.58, -1.42, -1.50
Accel: 0.26, 0.10, -0.92
Gyro: -3.14, -1.24, -0.95
Accel: 0.27, 0.09, -0.92
Gyro: -3.83, -2.17, -0.80
Accel: 0.26, 0.10, -0.93
Gyro: -4.43, -2.64, -0.76
Accel: 0.26, 0.10, -0.95
Gyro: -4.33, -2.03, -0.70
Accel: 0.26, 0.10, -0.93
Gyro: -4.05, -0.81, -1.08
Accel: 0.26, 0.11, -0.92
Gyro: -3.47, -1.04, -1.11
Accel: 0.26, 0.10, -0.94
Gyro: -3.19, -1.66, -1.37
Accel: 0.26, 0.10, -0.94
Gyro: -2.62, -1.34, -1.63
Accel: 0.25, 0.09, -0.95
Gyro: -2.47, -0.58, -1.60
Accel: 0.26, 0.09, -0.93
Gyro: -3.04, -0.62, -2.20
Accel: 0.26, 0.10, -0.93
Gyro: -3.03, -0.66, -2.10
