Accel: 0.25, 0.08, -0.94
Gyro: -2.95, -1.23, -1.72
Accel: 0.25, 0.08, -0.94
Gyro: -3.04, -1.40, -1.84
Accel: 0.25, 0.08, -0.94
Gyro: -2.80, -1.00, -2.17
Accel: 0.25, 0.09, -0.94
Gyro: -2.40, -0.67, -1.98
Accel: 0.26, 0.08, -0.94
Gyro: -2.39, -0.76, -1.69
Accel: 0.26, 0.08, -0.93
Gyro: -2.93, -0.79, -1.53
Accel: 0.25, 0.08, -0.93
Gyro: -2.98, -1.33, -1.40
Accel: 0.25, 0.08, -0.94
Gyro: -3.20, -1.68, -1.25
Accel: 0.25, 0.09, -0.93
Gyro: -3.39, -1.81, -1.30
Accel: 0.25, 0.08, -0.95
Gyro: -3.71, -1.41, -1.15
Accel: 0.25, 0.08, -0.94
Gyro: -4.10, -0.51, -1.64
Accel: 0.23, 0.07, -0.97
Gyro: -4.53, 0.94, -2.40
Accel: 0.21, 0.09, -1.02
Gyro: -6.76, 8.23, -2.71
Accel: 0.18, 0.07, -1.06
Gyro: -11.43, 20.45, -3.15
Accel: 0.18, 0.10, -1.10
Gyro: -17.32, 39.86, -2.08
Accel: 0.18, 0.10, -1.09
Gyro: -17.94, 57.59, -2.87
Accel: 0.17, 0.18, -1.12
Gyro: -19.49, 79.88, -0.50
Accel: 0.13, 0.18, -1.22
Gyro: -20.35, 116.64, 8.34
Accel: 0.22, 0.18, -0.97
Gyro: -29.88, 148.33, 13.72
Accel: 0.41, 0.21, -0.59
Gyro: -13.35, 135.33, 23.10
Accel: 0.55, 0.18, -0.57
Gyro: -8.51, 113.98, 29.18
Accel: 0.63, 0.22, -0.58
Gyro: -22.09, 94.78, 43.56
Accel: 0.71, 0.20, -0.55
Gyro: -33.54, 82.73, 63.23
Accel: 0.84, 0.23, -0.36
Gyro: -49.99, 50.67, 85.36
Accel: 0.82, 0.16, -0.46
Gyro: -60.77, 16.15, 107.99
Accel: 0.80, 0.11, -0.49
Gyro: -66.03, 1.69, 113.99
Accel: 0.78, 0.10, -0.54
Gyro: -71.92, -17.88, 128.27
Accel: 0.74, -0.03, -0.63
Gyro: -72.43, -25.22, 126.47
Accel: 0.74, -0.03, -0.59
Gyro: -62.97, -32.39, 116.75
Accel: 0.73, -0.06, -0.61
Gyro: -58.46, -44.91, 114.85
Accel: 0.74, -0.14, -0.63
Gyro: -52.96, -54.63, 99.97
Accel: 0.72, -0.09, -0.59
Gyro: -45.24, -71.52, 90.25
Accel: 0.68, -0.17, -0.61
Gyro: -40.97, -89.26, 78.69
Accel: 0.58, -0.16, -0.68
Gyro: -38.35, -107.83, 63.32
Accel: 0.47, -0.20, -0.85
Gyro: -39.57, -105.66, 46.38
Accel: 0.42, -0.22, -0.87
Gyro: -41.71, -94.66, 24.81
Accel: 0.39, -0.17, -0.79
Gyro: -39.56, -91.85, 2.35
Accel: 0.33, -0.11, -0.82
Gyro: -33.14, -99.04, -11.27
Accel: 0.29, -0.18, -0.79
Gyro: -37.52, -99.24, -27.93
Accel: 0.20, 0.02, -0.83
Gyro: -37.15, -110.40, -46.30
Accel: 0.10, -0.05, -0.98
Gyro: -26.57, -107.14, -49.84
Accel: 0.06, -0.05, -0.89
Gyro: -34.44, -100.77, -68.62
Accel: -0.03, 0.03, -0.92
Gyro: -29.24, -103.31, -79.57
Accel: -0.16, 0.07, -1.02
Gyro: -16.38, -96.73, -90.81
Accel: -0.21, 0.12, -1.16
Gyro: -21.77, -80.42, -94.58
Accel: -0.25, 0.11, -1.13
Gyro: -18.80, -58.33, -98.07
Accel: -0.24, 0.18, -1.07
Gyro: -13.40, -44.01, -99.36
Accel: -0.27, 0.13, -1.07
Gyro: -6.58, -33.31, -96.57
Accel: -0.28, 0.14, -1.06
Gyro: 3.01, -21.14, -101.46
Accel: -0.28, 0.11, -1.04
Gyro: 12.06, -11.16, -103.72
Accel: -0.28, 0.06, -1.02
Gyro: 15.43, -3.34, -110.40
Accel: -0.26, 0.12, -1.00
Gyro: 17.63, 2.75, -110.69
Accel: -0.26, 0.05, -1.00
Gyro: 16.69, 7.29, -107.97
Accel: -0.25, 0.12, -0.99
Gyro: 13.69, 10.55, -104.03
Accel: -0.22, 0.16, -1.03
Gyro: 8.83, 15.68, -87.62
Accel: -0.24, 0.09, -1.12
Gyro: 1.15, 28.62, -73.69
Accel: -0.20, 0.14, -1.02
Gyro: -6.77, 45.62, -60.38
Accel: -0.15, 0.10, -0.96
Gyro: -7.36, 44.65, -42.67
Accel: -0.15, 0.08, -1.09
Gyro: -14.40, 56.11, -32.41
Accel: -0.06, 0.12, -0.93
Gyro: -16.25, 60.71, -19.52
Accel: -0.01, 0.03, -0.96
Gyro: -16.99, 54.44, -11.21
Accel: -0.02, 0.02, -1.03
Gyro: -23.40, 67.03, -10.39
Accel: 0.07, 0.11, -0.89
Gyro: -27.36, 66.00, -5.06
Accel: 0.12, 0.12, -0.87
Gyro: -25.00, 53.11, 3.33
Accel: 0.14, 0.09, -0.90
Gyro: -21.83, 49.47, 5.39
Accel: 0.19, 0.12, -0.87
Gyro: -17.94, 41.24, 4.01
Accel: 0.21, 0.14, -0.84
Gyro: -11.57, 30.31, 6.19
Accel: 0.22, 0.12, -0.90
Gyro: -7.00, 19.58, 7.17
Accel: 0.20, 0.10, -0.98
Gyro: -5.42, 22.54, 6.71
Accel: 0.24, 0.10, -0.87
Gyro: -4.27, 20.16, 5.77
Accel: 0.24, 0.10, -0.93
Gyro: -2.27, 13.26, 5.87
Accel: 0.24, 0.09, -0.95
Gyro: -2.27, 14.79, 7.16
Accel: 0.25, 0.10, -0.95
Gyro: -1.30, 15.29, 8.38
Accel: 0.25, 0.08, -0.93
Gyro: -0.74, 15.69, 10.72
Accel: 0.25, 0.05, -0.92
Gyro: -3.95, 13.50, 9.28
Accel: 0.28, 0.04, -0.89
Gyro: -6.10, 9.91, 4.55
Accel: 0.28, 0.07, -0.88
Gyro: -4.94, 4.09, 1.33
Accel: 0.28, 0.09, -0.91
Gyro: -4.07, -0.17, 0.28
Accel: 0.26, 0.09, -0.93
Gyro: -3.86, -0.85, -0.54
Accel: 0.26, 0.10, -0.91
Gyro: -4.01, -0.66, -0.98
Accel: 0.26, 0.11, -0.93
Gyro: -2.63, -2.18, -0.29
Accel: 0.25, 0.09, -0.95
Gyro: -0.99, -1.10, 0.53
Accel: 0.25, 0.07, -0.94
Gyro: -0.69, -0.91, -0.66
Accel: 0.25, 0.09, -0.93
Gyro: -0.69, -1.56, -2.11
Accel: 0.25, 0.10, -0.94
Gyro: -0.88, -2.17, -1.96
Accel: 0.25, 0.09, -0.95
Gyro: -0.60, -0.69, -0.56
Accel: 0.26, 0.08, -0.94
Gyro: -1.73, -0.34, -0.18
Accel: 0.26, 0.08, -0.94
Gyro: -3.16, -0.60, -0.40
Accel: 0.26, 0.08, -0.94
Gyro: -3.78, -0.69, -0.20
Accel: 0.25, 0.08, -0.94
Gyro: -3.83, -0.01, -0.46
Accel: 0.27, 0.09, -0.93
Gyro: -3.59, -0.38, -0.10
Accel: 0.26, 0.09, -0.93
Gyro: -3.78, -0.94, 0.05
Accel: 0.25, 0.09, -0.93
Gyro: -3.88, -1.14, -0.58
Accel: 0.26, 0.09, -0.92
Gyro: -3.38, -1.05, -1.62
Accel: 0.26, 0.09, -0.92
Gyro: -3.37, -1.85, -2.62
Accel: 0.26, 0.10, -0.94
Gyro: -2.78, -2.26, -2.03
Accel: 0.26, 0.09, -0.93
Gyro: -2.66, -1.79, -1.98
Accel: 0.26, 0.10, -0.92
Gyro: -2.83, -1.42, -1.80
Accel: 0.26, 0.10, -0.93
Gyro: -2.47, -2.27, -1.69
Accel: 0.25, 0.10, -0.94
Gyro: -2.11, -2.83, -1.33
Accel: 0.25, 0.09, -0.93
Gyro: -2.20, -2.28, -1.54
