Accel: 0.04, 0.08, -0.96
Gyro: -2.06, -1.87, -0.46
Accel: 0.04, 0.08, -0.96
Gyro: -2.38, -1.63, -1.19
Accel: 0.03, 0.09, -0.96
Gyro: -2.16, -1.93, -1.46
Accel: 0.04, 0.09, -0.96
Gyro: -2.14, -0.91, -1.48
Accel: 0.04, 0.09, -0.96
Gyro: -2.04, -0.52, -1.62
Accel: 0.05, 0.09, -0.95
Gyro: -2.17, -1.56, -1.44
Accel: 0.04, 0.09, -0.98
Gyro: -1.85, -1.05, -0.96
Accel: 0.04, 0.08, -0.96
Gyro: -2.30, -0.32, -0.85
Accel: 0.04, 0.09, -0.96
Gyro: -2.69, -0.90, -1.22
Accel: 0.04, 0.08, -0.96
Gyro: -2.56, -1.31, -1.14
Accel: 0.04, 0.08, -0.95
Gyro: -2.66, -1.75, -1.27
Accel: 0.04, 0.09, -0.95
Gyro: -2.63, -1.59, -1.39
Accel: 0.04, 0.09, -0.94
Gyro: -2.41, -2.75, -1.32
Accel: 0.04, 0.10, -0.95
Gyro: -2.39, -3.86, -0.62
Accel: 0.04, 0.09, -0.94
Gyro: -2.18, -5.54, -0.10
Accel: 0.05, 0.09, -0.92
Gyro: -2.95, -7.80, -0.31
Accel: 0.04, 0.08, -0.92
Gyro: -2.71, -10.68, -0.23
Accel: 0.04, 0.09, -0.92
Gyro: -1.94, -14.47, -0.37
Accel: 0.05, 0.08, -0.89
Gyro: -0.88, -19.10, -0.85
Accel: 0.04, 0.07, -0.89
Gyro: -1.53, -25.32, -2.46
Accel: 0.03, 0.08, -0.87
Gyro: -1.80, -33.19, -3.94
Accel: 0.02, 0.08, -0.86
Gyro: -1.45, -41.31, -4.56
Accel: -0.02, 0.08, -0.86
Gyro: -0.86, -50.21, -5.31
Accel: -0.06, 0.09, -0.90
Gyro: -0.72, -57.33, -5.53
Accel: -0.09, 0.08, -0.91
Gyro: -0.79, -61.20, -5.75
Accel: -0.15, 0.08, -0.91
Gyro: -2.43, -63.52, -6.96
Accel: -0.19, 0.09, -0.94
Gyro: -2.91, -63.97, -7.84
Accel: -0.24, 0.09, -0.97
Gyro: -1.82, -60.18, -7.45
Accel: -0.29, 0.08, -0.99
Gyro: -2.38, -53.70, -8.09
Accel: -0.32, 0.11, -0.97
Gyro: -2.43, -47.22, -7.43
Accel: -0.33, 0.07, -0.94
Gyro: -3.03, -42.21, -5.82
Accel: -0.34, 0.08, -0.90
Gyro: -2.59, -39.67, -6.45
Accel: -0.36, 0.09, -0.90
Gyro: -1.70, -40.17, -4.87
Accel: -0.38, 0.06, -0.88
Gyro: -7.05, -38.44, -4.81
Accel: -0.41, 0.08, -0.92
Gyro: -8.18, -38.93, -4.06
Accel: -0.46, 0.07, -0.97
Gyro: -9.06, -30.81, -5.23
Accel: -0.48, 0.11, -0.99
Gyro: -5.76, -18.97, -6.67
Accel: -0.46, 0.11, -0.91
Gyro: -3.34, -8.98, -5.70
Accel: -0.48, 0.13, -0.93
Gyro: -2.15, -4.80, -3.45
Accel: -0.46, 0.09, -0.91
Gyro: -0.98, -0.11, -1.79
Accel: -0.44, 0.10, -0.90
Gyro: -1.37, 5.38, -1.59
Accel: -0.42, 0.10, -0.87
Gyro: -1.99, 3.81, -0.72
Accel: -0.43, 0.11, -0.90
Gyro: -1.85, 5.42, 0.50
Accel: -0.41, 0.09, -0.89
Gyro: -2.44, 7.03, 1.13
Accel: -0.40, 0.08, -0.88
Gyro: -2.08, 9.00, 0.61
Accel: -0.40, 0.10, -0.93
Gyro: -1.81, 10.98, -0.15
Accel: -0.39, 0.11, -0.94
Gyro: -0.92, 17.16, 0.99
Accel: -0.40, 0.10, -0.91
Gyro: -0.83, 21.79, 1.63
Accel: -0.40, 0.11, -0.94
Gyro: -0.76, 24.54, 2.62
Accel: -0.39, 0.10, -0.92
Gyro: -1.46, 30.01, 4.23
Accel: -0.36, 0.10, -0.90
Gyro: -2.28, 30.94, 3.95
Accel: -0.35, 0.12, -0.92
Gyro: -1.34, 32.20, 4.36
Accel: -0.33, 0.10, -0.90
Gyro: -1.36, 33.63, 4.83
Accel: -0.31, 0.10, -0.93
Gyro: -0.33, 34.71, 5.03
Accel: -0.31, 0.10, -0.98
Gyro: -0.49, 43.24, 5.00
Accel: -0.28, 0.09, -0.94
Gyro: 0.27, 48.93, 5.02
Accel: -0.23, 0.08, -0.93
Gyro: 0.24, 49.34, 3.84
Accel: -0.21, 0.08, -0.95
Gyro: 0.50, 53.98, 3.01
Accel: -0.16, 0.06, -0.88
Gyro: 1.11, 52.21, 1.39
Accel: -0.12, 0.06, -0.88
Gyro: 1.24, 47.52, -1.37
Accel: -0.10, 0.07, -0.90
Gyro: 0.76, 42.32, -3.67
Accel: -0.06, 0.08, -0.87
Gyro: 0.40, 35.05, -3.80
Accel: -0.05, 0.08, -0.92
Gyro: -1.47, 28.23, -3.40
Accel: -0.06, 0.09, -1.00
Gyro: -3.49, 31.87, -1.54
Accel: -0.02, 0.08, -0.90
Gyro: -7.97, 32.61, 0.05
Accel: 0.00, 0.09, -0.94
Gyro: -4.65, 26.47, 0.98
Accel: 0.01, 0.08, -0.92
Gyro: -3.86, 24.84, 0.56
Accel: 0.04, 0.08, -0.89
Gyro: -2.72, 19.38, -0.72
Accel: 0.05, 0.09, -0.90
Gyro: -2.39, 11.31, -1.44
Accel: 0.05, 0.10, -0.93
Gyro: -2.17, 6.90, -0.42
Accel: 0.05, 0.08, -0.92
Gyro: -2.87, 3.73, 0.35
Accel: 0.06, 0.08, -0.92
Gyro: -4.03, -0.40, 0.13
Accel: 0.05, 0.09, -0.95
Gyro: -4.10, -2.62, -0.63
Accel: 0.03, 0.09, -0.95
Gyro: -4.14, -1.35, -0.76
Accel: 0.04, 0.09, -0.94
Gyro: -4.52, -2.06, -0.85
Accel: 0.03, 0.10, -0.96
Gyro: -3.14, -2.87, -0.60
Accel: 0.03, 0.10, -0.96
Gyro: -2.42, -1.22, -1.08
Accel: 0.03, 0.09, -0.96
Gyro: -2.37, -1.36, -1.82
Accel: 0.02, 0.10, -0.96
Gyro: -1.84, -1.18, -1.70
Accel: 0.02, 0.09, -0.96
Gyro: -1.98, -1.16, -1.17
Accel: 0.02, 0.09, -0.95
Gyro: -2.32, -1.43, -1.83
Accel: 0.02, 0.10, -0.95
Gyro: -1.85, -1.17, -1.57
Accel: 0.02, 0.09, -0.96
Gyro: -1.66, -0.69, -1.61
Accel: 0.02, 0.09, -0.96
Gyro: -1.82, -0.32, -1.43
Accel: 0.01, 0.10, -0.96
Gyro: -1.57, -0.48, -0.77
Accel: 0.03, 0.09, -0.95
Gyro: -1.67, -0.01, -0.66
Accel: 0.02, 0.08, -0.96
Gyro: -2.18, -0.56, -0.99
Accel: 0.02, 0.10, -0.96
Gyro: -2.09, -0.31, -0.98
Accel: 0.03, 0.09, -0.96
Gyro: -1.53, 0.22, -0.43
Accel: 0.03, 0.09, -0.94
Gyro: -2.09, -0.31, -1.06
Accel: 0.03, 0.10, -0.96
Gyro: -1.85, -1.35, -0.82
Accel: 0.02, 0.09, -0.96
Gyro: -1.00, -0.47, -0.49
Accel: 0.03, 0.09, -0.96
Gyro: -0.78, -0.05, -0.32
Accel: 0.02, 0.09, -0.96
Gyro: -0.91, -0.78, -0.43
Accel: 0.03, 0.09, -0.97
Gyro: -1.27, -0.20, 0.07
Accel: 0.03, 0.08, -0.95
Gyro: -1.63, 0.10, -0.16
Accel: 0.03, 0.09, -0.96
Gyro: -1.99, -0.40, -0.56
Accel: 0.03, 0.10, -0.96
Gyro: -1.66, -0.08, -0.72
Accel: 0.03, 0.09, -0.95
Gyro: -1.61, 0.11, -0.93
Accel: 0.03, 0.09, -0.95
Gyro: -1.63, -0.68, -1.01
Accel: 0.02, 0.09, -0.96
Gyro: -1.59, -0.92, -0.89
