Accel: 0.09, 0.11, -0.95
Gyro: -2.27, -1.24, -1.81
Accel: 0.10, 0.11, -0.96
Gyro: -2.48, -0.24, -1.54
Accel: 0.09, 0.11, -0.95
Gyro: -2.25, -0.29, -1.66
Accel: 0.10, 0.11, -0.96
Gyro: -2.14, -0.64, -1.64
Accel: 0.10, 0.11, -0.95
Gyro: -1.97, -0.49, -1.10
Accel: 0.09, 0.11, -0.94
Gyro: -2.63, -0.60, -1.65
Accel: 0.10, 0.12, -0.95
Gyro: -1.54, -1.50, -1.31
Accel: 0.09, 0.11, -0.96
Gyro: -1.79, -1.52, -1.03
Accel: 0.09, 0.11, -0.96
Gyro: -2.02, -1.18, -1.06
Accel: 0.10, 0.10, -0.95
Gyro: -2.24, -1.58, -1.54
Accel: 0.10, 0.10, -0.95
Gyro: -2.30, -1.86, -1.91
Accel: 0.11, 0.10, -0.94
Gyro: -2.24, -2.90, -2.46
Accel: 0.10, 0.11, -0.93
Gyro: -2.14, -4.94, -3.07
Accel: 0.10, 0.11, -0.93
Gyro: -2.09, -7.03, -3.69
Accel: 0.10, 0.10, -0.93
Gyro: -1.83, -9.97, -4.12
Accel: 0.10, 0.09, -0.93
Gyro: -1.79, -13.60, -5.91
Accel: 0.09, 0.09, -0.92
Gyro: -1.29, -15.88, -8.46
Accel: 0.09, 0.11, -0.90
Gyro: -0.40, -19.93, -9.80
Accel: 0.09, 0.11, -0.91
Gyro: 0.48, -25.31, -10.07
Accel: 0.07, 0.11, -0.91
Gyro: 2.53, -31.18, -9.87
Accel: 0.04, 0.11, -0.89
Gyro: 1.21, -36.61, -8.84
Accel: 0.02, 0.11, -0.91
Gyro: 1.55, -42.09, -7.28
Accel: -0.02, 0.12, -0.94
Gyro: 0.79, -45.58, -5.53
Accel: -0.03, 0.11, -0.94
Gyro: 0.23, -47.10, -3.81
Accel: -0.08, 0.10, -0.94
Gyro: -1.14, -47.56, -3.51
Accel: -0.10, 0.10, -0.95
Gyro: -1.37, -47.44, -3.07
Accel: -0.13, 0.09, -0.95
Gyro: -0.91, -46.20, -2.92
Accel: -0.16, 0.07, -0.93
Gyro: -1.43, -46.97, -4.68
Accel: -0.19, 0.09, -0.95
Gyro: -1.84, -45.43, -5.87
Accel: -0.21, 0.08, -0.92
Gyro: -3.29, -44.75, -6.71
Accel: -0.24, 0.10, -0.92
Gyro: -3.53, -44.96, -5.57
Accel: -0.27, 0.09, -0.91
Gyro: -5.15, -45.02, -4.81
Accel: -0.29, 0.07, -0.91
Gyro: -7.52, -43.50, -5.68
Accel: -0.31, 0.08, -0.90
Gyro: -9.16, -42.17, -7.45
Accel: -0.38, 0.11, -0.98
Gyro: -6.01, -41.17, -7.44
Accel: -0.45, 0.14, -1.10
Gyro: -5.42, -20.97, -5.63
Accel: -0.42, 0.15, -1.00
Gyro: -3.60, -7.46, -3.28
Accel: -0.37, 0.11, -0.91
Gyro: -1.79, -2.06, -0.16
Accel: -0.34, 0.06, -0.90
Gyro: -2.92, -2.10, -2.57
Accel: -0.33, 0.10, -0.89
Gyro: -2.21, -2.12, -4.91
Accel: -0.35, 0.12, -0.93
Gyro: -2.42, -3.04, -3.78
Accel: -0.35, 0.11, -0.93
Gyro: -3.41, -0.41, -2.69
Accel: -0.34, 0.13, -0.91
Gyro: -3.58, 2.24, -1.34
Accel: -0.33, 0.11, -0.92
Gyro: -2.67, 2.12, 0.14
Accel: -0.33, 0.11, -0.92
Gyro: -2.83, 3.75, 0.37
Accel: -0.34, 0.11, -0.93
Gyro: -2.74, 5.51, 0.38
Accel: -0.35, 0.13, -0.96
Gyro: -2.74, 10.11, 1.01
Accel: -0.34, 0.12, -0.95
Gyro: -2.00, 14.66, 2.28
Accel: -0.35, 0.15, -0.98
Gyro: -1.26, 20.31, 4.14
Accel: -0.33, 0.13, -0.95
Gyro: 0.18, 26.41, 6.49
Accel: -0.30, 0.13, -0.89
Gyro: 1.56, 26.63, 7.58
Accel: -0.33, 0.13, -0.97
Gyro: 2.26, 28.86, 9.20
Accel: -0.29, 0.07, -0.92
Gyro: -0.18, 30.18, 7.38
Accel: -0.26, 0.07, -0.91
Gyro: -0.58, 30.91, 3.52
Accel: -0.26, 0.11, -0.96
Gyro: -0.09, 32.55, 0.40
Accel: -0.23, 0.13, -0.95
Gyro: 2.11, 36.84, 1.56
Accel: -0.22, 0.11, -0.96
Gyro: 2.53, 40.28, 2.43
Accel: -0.18, 0.10, -0.96
Gyro: 2.59, 43.40, 3.27
Accel: -0.15, 0.11, -0.95
Gyro: 2.19, 46.46, 4.65
Accel: -0.12, 0.09, -0.93
Gyro: 1.64, 47.46, 6.09
Accel: -0.10, 0.09, -0.95
Gyro: 0.17, 45.49, 5.62
Accel: -0.06, 0.10, -0.94
Gyro: -0.77, 46.33, 6.16
Accel: -0.04, 0.09, -0.92
Gyro: -0.02, 42.73, 6.87
Accel: -0.02, 0.09, -0.98
Gyro: -0.07, 40.79, 7.23
Accel: 0.03, 0.07, -0.90
Gyro: -1.93, 38.77, 5.78
Accel: 0.06, 0.06, -0.89
Gyro: -0.55, 33.37, 3.15
Accel: 0.07, 0.08, -0.92
Gyro: -0.53, 29.66, 1.86
Accel: 0.08, 0.08, -0.92
Gyro: -0.85, 26.87, 1.30
Accel: 0.11, 0.07, -0.90
Gyro: -1.37, 23.54, 0.75
Accel: 0.13, 0.07, -0.89
Gyro: -2.01, 16.78, -1.05
Accel: 0.12, 0.08, -0.92
Gyro: -2.48, 12.44, -2.09
Accel: 0.12, 0.09, -0.92
Gyro: -2.74, 10.09, -2.07
Accel: 0.13, 0.07, -0.91
Gyro: -3.22, 5.40, -2.98
Accel: 0.13, 0.10, -0.94
Gyro: -3.04, 1.41, -3.17
Accel: 0.11, 0.10, -0.95
Gyro: -2.49, 0.76, -2.40
Accel: 0.12, 0.09, -0.95
Gyro: -2.57, 1.22, -1.34
Accel: 0.12, 0.10, -0.95
Gyro: -2.24, 0.66, -0.94
Accel: 0.11, 0.10, -0.96
Gyro: -1.81, 1.55, 0.04
Accel: 0.12, 0.09, -0.95
Gyro: -2.04, 1.41, 0.25
Accel: 0.12, 0.09, -0.94
Gyro: -2.58, 0.21, -0.42
Accel: 0.12, 0.09, -0.95
Gyro: -2.27, -0.82, -0.79
Accel: 0.12, 0.09, -0.95
Gyro: -2.35, -0.17, -0.97
Accel: 0.12, 0.08, -0.94
Gyro: -2.68, -0.73, -1.67
Accel: 0.12, 0.09, -0.93
Gyro: -2.62, -2.21, -2.32
Accel: 0.11, 0.09, -0.95
Gyro: -2.16, -2.20, -2.66
Accel: 0.11, 0.09, -0.95
Gyro: -2.00, -2.07, -2.18
Accel: 0.12, 0.09, -0.93
Gyro: -2.15, -2.98, -1.89
Accel: 0.11, 0.10, -0.95
Gyro: -2.40, -3.91, -1.50
Accel: 0.10, 0.10, -0.96
Gyro: -2.75, -3.06, -1.18
Accel: 0.11, 0.10, -0.95
Gyro: -3.23, -2.31, -1.27
Accel: 0.11, 0.09, -0.96
Gyro: -3.09, -1.86, -1.43
Accel: 0.10, 0.11, -0.96
Gyro: -2.44, -1.17, -0.93
Accel: 0.10, 0.09, -0.95
Gyro: -2.07, -0.32, -0.82
Accel: 0.11, 0.09, -0.95
Gyro: -2.37, -1.02, -1.46
Accel: 0.11, 0.10, -0.95
Gyro: -2.04, -1.24, -1.43
Accel: 0.10, 0.09, -0.95
Gyro: -2.07, -0.68, -1.34
Accel: 0.10, 0.10, -0.96
Gyro: -2.15, -0.03, -1.05
Accel: 0.11, 0.09, -0.95
Gyro: -2.00, -0.40, -1.34
Accel: 0.11, 0.09, -0.95
Gyro: -2.19, -0.86, -1.49
Accel: 0.10, 0.09, -0.96
Gyro: -2.37, -1.21, -1.37
Accel: 0.11, 0.09, -0.94
Gyro: -2.74, -1.08, -1.46
