Accel: 0.09, 0.11, -0.94
Gyro: -2.24, -1.11, -1.33
Accel: 0.08, 0.11, -0.94
Gyro: -2.03, -2.78, -1.70
Accel: 0.09, 0.12, -0.95
Gyro: -2.20, -3.06, -1.85
Accel: 0.08, 0.12, -0.95
Gyro: -1.72, -2.75, -1.30
Accel: 0.08, 0.11, -0.95
Gyro: -1.95, -2.88, -1.50
Accel: 0.09, 0.12, -0.95
Gyro: -2.04, -3.58, -1.46
Accel: 0.09, 0.12, -0.94
Gyro: -2.17, -4.38, -1.60
Accel: 0.08, 0.12, -0.96
Gyro: -2.26, -4.97, -1.50
Accel: 0.07, 0.11, -0.96
Gyro: -1.89, -4.36, -1.26
Accel: 0.07, 0.11, -0.96
Gyro: -1.82, -4.16, -1.14
Accel: 0.07, 0.10, -0.94
Gyro: -2.06, -4.71, -1.46
Accel: 0.08, 0.10, -0.92
Gyro: -2.62, -6.74, -2.27
Accel: 0.08, 0.09, -0.89
Gyro: -2.70, -11.07, -3.79
Accel: 0.10, 0.08, -0.84
Gyro: -3.11, -20.93, -6.97
Accel: 0.10, 0.11, -0.83
Gyro: -2.82, -34.72, -9.67
Accel: 0.07, 0.12, -0.85
Gyro: -1.52, -45.41, -10.15
Accel: 0.03, 0.12, -0.89
Gyro: -0.81, -53.53, -11.01
Accel: -0.00, 0.12, -0.89
Gyro: -0.20, -58.93, -11.52
Accel: -0.05, 0.12, -0.91
Gyro: 1.44, -64.17, -12.20
Accel: -0.09, 0.12, -0.92
Gyro: 2.41, -66.44, -12.34
Accel: -0.14, 0.12, -0.96
Gyro: 2.53, -65.36, -10.93
Accel: -0.19, 0.12, -1.00
Gyro: 1.94, -60.20, -7.90
Accel: -0.23, 0.10, -1.02
Gyro: -0.63, -51.71, -5.47
Accel: -0.27, 0.10, -1.03
Gyro: -2.28, -41.27, -4.15
Accel: -0.30, 0.11, -1.01
Gyro: -3.26, -31.95, -3.20
Accel: -0.30, 0.11, -0.97
Gyro: -2.49, -25.73, -3.94
Accel: -0.30, 0.09, -0.93
Gyro: -1.31, -22.59, -4.81
Accel: -0.30, 0.10, -0.87
Gyro: -3.19, -23.85, -5.71
Accel: -0.31, 0.10, -0.85
Gyro: -2.74, -28.98, -4.09
Accel: -0.34, 0.09, -0.92
Gyro: -4.16, -29.43, -4.04
Accel: -0.37, 0.11, -0.94
Gyro: -7.24, -25.46, -4.37
Accel: -0.40, 0.12, -0.96
Gyro: -5.42, -19.73, -2.48
Accel: -0.40, 0.11, -0.94
Gyro: -5.58, -13.22, -2.29
Accel: -0.39, 0.11, -0.90
Gyro: -3.25, -7.61, -2.37
Accel: -0.40, 0.11, -0.90
Gyro: -2.82, -7.11, -3.52
Accel: -0.39, 0.12, -0.92
Gyro: -1.46, -4.55, -2.98
Accel: -0.40, 0.13, -0.91
Gyro: -1.73, -1.69, -1.74
Accel: -0.39, 0.12, -0.92
Gyro: -1.53, 1.45, -0.01
Accel: -0.38, 0.12, -0.95
Gyro: -1.42, 5.17, 0.80
Accel: -0.37, 0.11, -0.93
Gyro: -1.29, 10.44, 0.94
Accel: -0.34, 0.11, -0.89
Gyro: -0.89, 11.51, 1.13
Accel: -0.33, 0.10, -0.88
Gyro: -0.63, 10.30, 1.53
Accel: -0.33, 0.11, -0.90
Gyro: -1.16, 10.09, 1.91
Accel: -0.34, 0.12, -0.92
Gyro: -2.33, 10.87, 2.85
Accel: -0.34, 0.13, -0.94
Gyro: -2.90, 14.68, 4.67
Accel: -0.33, 0.13, -0.94
Gyro: -3.36, 19.00, 6.12
Accel: -0.33, 0.13, -0.93
Gyro: -3.05, 22.52, 7.59
Accel: -0.32, 0.12, -0.95
Gyro: -2.46, 25.28, 8.63
Accel: -0.31, 0.13, -0.97
Gyro: -2.66, 31.07, 9.54
Accel: -0.29, 0.13, -0.95
Gyro: -0.85, 35.98, 10.25
Accel: -0.27, 0.12, -0.94
Gyro: 0.69, 39.31, 9.80
Accel: -0.24, 0.10, -0.92
Gyro: 1.75, 38.83, 8.62
Accel: -0.21, 0.10, -0.91
Gyro: 2.40, 38.57, 6.84
Accel: -0.19, 0.10, -0.94
Gyro: 2.01, 40.01, 5.17
Accel: -0.16, 0.10, -0.92
Gyro: 1.63, 38.74, 4.56
Accel: -0.13, 0.10, -0.93
Gyro: 1.21, 36.44, 4.33
Accel: -0.12, 0.10, -0.95
Gyro: 0.66, 38.57, 4.50
Accel: -0.08, 0.09, -0.92
Gyro: 0.41, 35.78, 3.13
Accel: -0.09, 0.10, -0.98
Gyro: -0.35, 35.69, 2.17
Accel: -0.05, 0.09, -0.93
Gyro: -0.98, 37.09, 2.34
Accel: -0.03, 0.09, -0.92
Gyro: -0.25, 33.07, 1.35
Accel: -0.03, 0.10, -0.98
Gyro: -2.15, 34.50, 0.40
Accel: 0.02, 0.10, -0.93
Gyro: -1.90, 33.17, 0.21
Accel: 0.04, 0.08, -0.89
Gyro: -1.31, 28.16, -0.37
Accel: 0.05, 0.09, -0.94
Gyro: -2.20, 22.94, -1.61
Accel: 0.06, 0.11, -0.94
Gyro: -2.85, 22.29, -1.08
Accel: 0.09, 0.10, -0.92
Gyro: -2.79, 19.11, -0.07
Accel: 0.10, 0.09, -0.91
Gyro: -2.71, 13.11, -0.50
Accel: 0.10, 0.11, -0.93
Gyro: -3.23, 9.70, -0.89
Accel: 0.10, 0.10, -0.93
Gyro: -3.04, 8.22, -0.38
Accel: 0.11, 0.10, -0.92
Gyro: -3.34, 5.49, -0.26
Accel: 0.11, 0.10, -0.93
Gyro: -3.04, 4.01, -0.77
Accel: 0.11, 0.11, -0.94
Gyro: -3.00, 3.07, -0.85
Accel: 0.10, 0.11, -0.95
Gyro: -3.20, 2.33, -0.79
Accel: 0.10, 0.11, -0.94
Gyro: -2.70, 1.37, -0.53
Accel: 0.10, 0.10, -0.94
Gyro: -2.30, 0.37, -0.69
Accel: 0.10, 0.10, -0.95
Gyro: -2.44, 0.01, -0.75
Accel: 0.10, 0.11, -0.96
Gyro: -2.85, -0.31, -1.10
Accel: 0.10, 0.11, -0.95
Gyro: -2.62, -0.25, -1.14
Accel: 0.10, 0.11, -0.95
Gyro: -2.55, -0.31, -1.52
Accel: 0.10, 0.11, -0.94
Gyro: -2.35, -1.00, -1.77
Accel: 0.10, 0.11, -0.95
Gyro: -2.33, -1.22, -1.80
Accel: 0.09, 0.11, -0.95
Gyro: -2.15, -1.72, -1.79
Accel: 0.09, 0.12, -0.96
Gyro: -2.00, -1.82, -1.40
Accel: 0.09, 0.11, -0.96
Gyro: -1.95, -1.10, -0.70
Accel: 0.09, 0.11, -0.96
Gyro: -2.27, -1.11, -0.85
Accel: 0.09, 0.11, -0.94
Gyro: -2.60, -1.64, -1.09
Accel: 0.09, 0.11, -0.97
Gyro: -2.56, -1.59, -1.03
Accel: 0.09, 0.11, -0.97
Gyro: -2.42, -1.05, -0.57
Accel: 0.09, 0.10, -0.96
Gyro: -2.24, -0.63, -0.48
Accel: 0.09, 0.11, -0.95
Gyro: -2.81, -0.53, -0.95
Accel: 0.10, 0.11, -0.96
Gyro: -2.76, -0.33, -0.72
Accel: 0.09, 0.11, -0.95
Gyro: -2.30, -0.11, -0.69
Accel: 0.10, 0.11, -0.95
Gyro: -1.91, -0.96, -1.16
Accel: 0.09, 0.11, -0.95
Gyro: -2.14, -1.16, -1.82
Accel: 0.10, 0.11, -0.95
Gyro: -2.08, -1.35, -2.05
Accel: 0.09, 0.11, -0.95
Gyro: -2.21, -1.69, -2.20
Accel: 0.09, 0.11, -0.96
Gyro: -2.69, -1.63, -2.01
Accel: 0.09, 0.12, -0.96
Gyro: -3.10, -1.26, -1.95
Accel: 0.10, 0.12, -0.95
Gyro: -2.83, -1.09, -1.78
Accel: 0.09, 0.11, -0.95
Gyro: -2.48, -1.44, -1.39
