Accel: 0.13, 0.11, -0.96
Gyro: -2.82, 0.14, -1.89
Accel: 0.14, 0.09, -0.95
Gyro: -2.35, 0.24, -1.69
Accel: 0.13, 0.10, -0.94
Gyro: -2.46, -0.50, -1.91
Accel: 0.13, 0.10, -0.97
Gyro: -2.53, -0.20, -1.81
Accel: 0.14, 0.11, -0.95
Gyro: -2.45, -0.08, -1.52
Accel: 0.13, 0.09, -0.94
Gyro: -2.18, -0.43, -1.42
Accel: 0.13, 0.10, -0.94
Gyro: -2.47, -0.60, -1.59
Accel: 0.13, 0.10, -0.95
Gyro: -2.52, -0.36, -1.43
Accel: 0.13, 0.11, -0.96
Gyro: -2.15, -0.30, -1.53
Accel: 0.13, 0.10, -0.95
Gyro: -1.42, -0.60, -1.02
Accel: 0.13, 0.09, -0.95
Gyro: -2.40, -0.56, -1.28
Accel: 0.13, 0.10, -0.94
Gyro: -2.56, -0.92, -1.14
Accel: 0.13, 0.10, -0.95
Gyro: -2.47, -1.34, -1.26
Accel: 0.14, 0.10, -0.94
Gyro: -2.32, -1.38, -1.00
Accel: 0.14, 0.10, -0.93
Gyro: -2.47, -2.42, -1.03
Accel: 0.14, 0.09, -0.93
Gyro: -2.51, -4.23, -1.22
Accel: 0.15, 0.08, -0.91
Gyro: -3.04, -6.58, -1.83
Accel: 0.16, 0.07, -0.89
Gyro: -3.41, -10.87, -3.45
Accel: 0.16, 0.08, -0.87
Gyro: -3.06, -17.30, -5.17
Accel: 0.16, 0.06, -0.86
Gyro: -3.67, -25.39, -8.31
Accel: 0.14, 0.09, -0.86
Gyro: -3.79, -35.84, -10.68
Accel: 0.11, 0.11, -0.88
Gyro: -2.60, -44.55, -11.19
Accel: 0.08, 0.09, -0.89
Gyro: -1.82, -49.00, -12.32
Accel: 0.04, 0.11, -0.89
Gyro: 0.51, -55.02, -11.24
Accel: -0.01, 0.10, -0.95
Gyro: 0.50, -56.21, -10.44
Accel: -0.05, 0.08, -0.95
Gyro: -2.09, -55.62, -10.73
Accel: -0.07, 0.09, -0.93
Gyro: -3.43, -55.11, -10.22
Accel: -0.10, 0.09, -0.93
Gyro: -4.34, -55.69, -10.79
Accel: -0.14, 0.09, -0.93
Gyro: -4.94, -56.14, -11.68
Accel: -0.16, 0.10, -0.94
Gyro: -5.39, -55.55, -12.00
Accel: -0.21, 0.11, -0.95
Gyro: -5.71, -53.25, -11.25
Accel: -0.24, 0.10, -0.96
Gyro: -6.32, -49.19, -9.90
Accel: -0.27, 0.11, -0.94
Gyro: -7.57, -45.17, -8.89
Accel: -0.30, 0.11, -0.93
Gyro: -8.53, -42.54, -8.13
Accel: -0.32, 0.13, -0.90
Gyro: -8.89, -42.00, -6.68
Accel: -0.35, 0.12, -0.92
Gyro: -8.03, -40.54, -5.17
Accel: -0.39, 0.14, -0.93
Gyro: -8.58, -37.57, -5.13
Accel: -0.42, 0.14, -0.99
Gyro: -6.88, -29.98, -3.49
Accel: -0.42, 0.12, -0.96
Gyro: -6.13, -21.35, -2.83
Accel: -0.43, 0.13, -0.93
Gyro: -5.13, -14.47, -2.82
Accel: -0.43, 0.15, -0.92
Gyro: -3.37, -9.85, -1.97
Accel: -0.42, 0.13, -0.90
Gyro: -2.49, -5.98, -1.10
Accel: -0.41, 0.12, -0.89
Gyro: -2.83, -3.33, -1.24
Accel: -0.41, 0.13, -0.91
Gyro: -2.81, -0.63, -1.69
Accel: -0.39, 0.13, -0.89
Gyro: -2.77, 0.92, -2.19
Accel: -0.40, 0.15, -0.90
Gyro: -1.72, 3.33, -1.17
Accel: -0.39, 0.14, -0.91
Gyro: -1.26, 5.69, -0.21
Accel: -0.39, 0.14, -0.93
Gyro: -0.27, 10.48, 1.01
Accel: -0.39, 0.12, -0.95
Gyro: -0.36, 15.58, 1.27
Accel: -0.39, 0.15, -0.95
Gyro: -0.98, 23.77, 2.96
Accel: -0.37, 0.15, -0.93
Gyro: -0.33, 26.25, 5.08
Accel: -0.37, 0.15, -0.98
Gyro: 0.05, 29.95, 5.42
Accel: -0.34, 0.17, -0.93
Gyro: 2.04, 37.27, 7.83
Accel: -0.33, 0.16, -0.97
Gyro: 4.71, 37.84, 10.49
Accel: -0.31, 0.15, -0.97
Gyro: 5.85, 45.52, 13.21
Accel: -0.26, 0.10, -0.90
Gyro: 5.33, 46.47, 13.42
Accel: -0.23, 0.10, -0.92
Gyro: 4.81, 44.69, 11.90
Accel: -0.22, 0.10, -0.94
Gyro: 4.01, 47.34, 10.48
Accel: -0.17, 0.09, -0.89
Gyro: 3.51, 43.75, 8.44
Accel: -0.15, 0.09, -0.92
Gyro: 3.00, 40.74, 6.16
Accel: -0.14, 0.11, -0.94
Gyro: 2.15, 43.62, 5.76
Accel: -0.09, 0.08, -0.90
Gyro: 0.98, 39.83, 5.82
Accel: -0.07, 0.08, -0.94
Gyro: -0.95, 35.38, 4.49
Accel: -0.07, 0.09, -0.96
Gyro: -3.87, 42.05, 4.71
Accel: -0.02, 0.09, -0.90
Gyro: -4.75, 37.32, 4.23
Accel: 0.01, 0.08, -0.94
Gyro: -3.75, 33.52, 2.85
Accel: 0.02, 0.11, -0.95
Gyro: -4.30, 36.69, 2.08
Accel: 0.06, 0.11, -0.89
Gyro: -1.74, 30.76, 2.73
Accel: 0.07, 0.10, -0.94
Gyro: -0.28, 23.80, 2.35
Accel: 0.06, 0.09, -0.94
Gyro: -0.49, 25.18, 2.42
Accel: 0.09, 0.09, -0.91
Gyro: -0.76, 21.90, 1.87
Accel: 0.11, 0.08, -0.90
Gyro: -2.05, 15.62, 0.24
Accel: 0.10, 0.07, -0.92
Gyro: -4.36, 12.60, -1.85
Accel: 0.12, 0.09, -0.90
Gyro: -5.40, 8.77, -3.60
Accel: 0.13, 0.10, -0.90
Gyro: -5.30, 3.52, -4.48
Accel: 0.12, 0.12, -0.95
Gyro: -4.65, 0.40, -3.74
Accel: 0.12, 0.11, -0.94
Gyro: -3.51, -0.44, -2.59
Accel: 0.12, 0.11, -0.94
Gyro: -3.24, -1.39, -3.11
Accel: 0.10, 0.12, -0.95
Gyro: -2.20, -1.10, -2.72
Accel: 0.10, 0.12, -0.95
Gyro: -1.74, -0.60, -1.79
Accel: 0.10, 0.11, -0.94
Gyro: -1.75, -1.59, -1.34
Accel: 0.09, 0.12, -0.96
Gyro: -2.29, -1.91, -1.66
Accel: 0.09, 0.12, -0.96
Gyro: -1.70, -1.05, -1.02
Accel: 0.09, 0.11, -0.95
Gyro: -1.34, -0.63, -0.72
Accel: 0.10, 0.11, -0.95
Gyro: -1.32, -0.82, -1.17
Accel: 0.10, 0.11, -0.95
Gyro: -1.35, -0.61, -1.36
Accel: 0.10, 0.10, -0.95
Gyro: -1.33, -0.63, -1.81
Accel: 0.09, 0.10, -0.95
Gyro: -1.00, -0.99, -2.08
Accel: 0.09, 0.11, -0.95
Gyro: -1.43, -1.27, -2.25
Accel: 0.09, 0.11, -0.95
Gyro: -1.75, -0.89, -2.28
Accel: 0.09, 0.11, -0.95
Gyro: -2.11, -1.49, -2.11
Accel: 0.08, 0.12, -0.96
Gyro: -2.26, -1.14, -1.91
Accel: 0.09, 0.12, -0.96
Gyro: -2.04, -0.79, -1.05
Accel: 0.09, 0.12, -0.95
Gyro: -1.88, -0.43, -0.51
Accel: 0.09, 0.11, -0.96
Gyro: -1.88, -1.15, -0.61
Accel: 0.08, 0.11, -0.96
Gyro: -1.98, 0.18, -0.85
Accel: 0.10, 0.11, -0.95
Gyro: -1.46, 0.84, -0.98
Accel: 0.10, 0.11, -0.95
Gyro: -1.46, 0.33, -1.70
Accel: 0.10, 0.10, -0.95
Gyro: -1.00, -0.06, -1.65
Accel: 0.09, 0.10, -0.93
Gyro: -1.91, -0.43, -2.03
Accel: 0.10, 0.11, -0.95
Gyro: -2.37, -1.04, -2.08
