Accel: 0.11, 0.12, -0.96
Gyro: -2.36, -1.16, -1.30
Accel: 0.10, 0.12, -0.96
Gyro: -2.53, -0.78, -1.26
Accel: 0.11, 0.12, -0.95
Gyro: -2.24, -0.43, -1.19
Accel: 0.11, 0.12, -0.95
Gyro: -2.70, -0.21, -1.50
Accel: 0.12, 0.12, -0.95
Gyro: -2.62, -0.40, -1.65
Accel: 0.12, 0.13, -0.95
Gyro: -2.08, -0.15, -1.66
Accel: 0.12, 0.12, -0.94
Gyro: -1.54, -0.50, -1.25
Accel: 0.11, 0.13, -0.96
Gyro: -1.95, -1.01, -1.02
Accel: 0.11, 0.13, -0.95
Gyro: -1.98, -0.64, -0.63
Accel: 0.11, 0.11, -0.95
Gyro: -2.00, -0.39, -1.10
Accel: 0.12, 0.12, -0.95
Gyro: -2.01, -0.47, -1.69
Accel: 0.12, 0.12, -0.94
Gyro: -2.01, -0.39, -1.66
Accel: 0.13, 0.12, -0.95
Gyro: -2.22, -0.55, -1.56
Accel: 0.12, 0.11, -0.93
Gyro: -2.11, -2.20, -1.75
Accel: 0.13, 0.11, -0.93
Gyro: -2.28, -4.39, -2.38
Accel: 0.13, 0.13, -0.93
Gyro: -1.65, -5.80, -2.19
Accel: 0.12, 0.11, -0.93
Gyro: -2.03, -7.44, -2.11
Accel: 0.13, 0.11, -0.92
Gyro: -2.30, -10.49, -2.88
Accel: 0.13, 0.11, -0.90
Gyro: -1.96, -14.28, -4.63
Accel: 0.13, 0.10, -0.88
Gyro: -1.44, -19.94, -6.30
Accel: 0.12, 0.11, -0.88
Gyro: -0.76, -27.71, -7.91
Accel: 0.11, 0.11, -0.89
Gyro: 0.47, -34.65, -8.57
Accel: 0.08, 0.11, -0.88
Gyro: 3.15, -40.91, -7.80
Accel: 0.07, 0.11, -0.88
Gyro: 1.64, -46.26, -9.52
Accel: 0.03, 0.09, -0.87
Gyro: 2.40, -54.87, -10.60
Accel: -0.01, 0.09, -0.88
Gyro: 1.14, -64.13, -12.21
Accel: -0.06, 0.09, -0.89
Gyro: -0.63, -70.46, -13.78
Accel: -0.11, 0.09, -0.90
Gyro: -1.72, -74.04, -15.24
Accel: -0.16, 0.10, -0.93
Gyro: -2.94, -75.61, -15.75
Accel: -0.22, 0.12, -0.95
Gyro: -4.03, -71.87, -14.47
Accel: -0.26, 0.12, -0.97
Gyro: -4.04, -63.54, -12.66
Accel: -0.29, 0.11, -0.92
Gyro: -5.88, -59.72, -11.38
Accel: -0.36, 0.18, -0.93
Gyro: -3.82, -59.69, -9.40
Accel: -0.40, 0.18, -0.99
Gyro: 1.85, -51.57, -2.43
Accel: -0.41, 0.13, -0.98
Gyro: 1.14, -41.37, 1.98
Accel: -0.42, 0.11, -0.94
Gyro: -0.36, -32.75, 5.46
Accel: -0.43, 0.06, -0.95
Gyro: -1.43, -27.05, 4.64
Accel: -0.43, 0.06, -0.91
Gyro: -4.52, -20.68, 1.53
Accel: -0.45, 0.09, -0.91
Gyro: -4.88, -16.26, -0.04
Accel: -0.46, 0.10, -0.92
Gyro: -5.70, -12.85, -1.85
Accel: -0.46, 0.11, -0.92
Gyro: -4.10, -6.60, -3.20
Accel: -0.46, 0.12, -0.89
Gyro: -2.29, -3.82, -2.61
Accel: -0.47, 0.14, -0.89
Gyro: -1.21, -0.41, -1.42
Accel: -0.45, 0.10, -0.89
Gyro: -1.38, 1.21, -1.57
Accel: -0.44, 0.12, -0.89
Gyro: -2.32, 4.35, -1.82
Accel: -0.43, 0.14, -0.90
Gyro: -1.28, 6.79, 0.13
Accel: -0.43, 0.13, -0.91
Gyro: 0.08, 9.40, 2.14
Accel: -0.42, 0.12, -0.93
Gyro: 0.46, 13.79, 2.28
Accel: -0.43, 0.13, -0.96
Gyro: 1.81, 21.78, 3.77
Accel: -0.43, 0.15, -0.97
Gyro: 2.20, 28.46, 6.77
Accel: -0.41, 0.11, -0.95
Gyro: 0.83, 34.36, 8.66
Accel: -0.41, 0.12, -0.97
Gyro: 0.36, 42.00, 9.19
Accel: -0.38, 0.14, -0.96
Gyro: 0.90, 50.67, 10.67
Accel: -0.33, 0.11, -0.91
Gyro: 1.30, 53.67, 11.34
Accel: -0.29, 0.11, -0.91
Gyro: 2.74, 55.24, 11.04
Accel: -0.25, 0.11, -0.95
Gyro: 5.59, 57.98, 10.09
Accel: -0.23, 0.09, -0.97
Gyro: 7.42, 63.10, 9.07
Accel: -0.17, 0.07, -0.88
Gyro: 6.72, 62.16, 6.38
Accel: -0.16, 0.08, -0.97
Gyro: 4.40, 59.02, 4.36
Accel: -0.16, 0.10, -1.01
Gyro: 0.93, 72.15, 4.97
Accel: -0.08, 0.09, -0.89
Gyro: 0.79, 69.08, 7.03
Accel: -0.05, 0.06, -0.98
Gyro: -0.02, 65.21, 6.65
Accel: 0.01, 0.07, -0.88
Gyro: -3.31, 64.61, 4.81
Accel: 0.07, 0.06, -0.86
Gyro: -1.42, 54.76, 3.38
Accel: 0.12, 0.05, -0.86
Gyro: -0.11, 44.48, -0.88
Accel: 0.14, 0.07, -0.88
Gyro: 1.72, 38.27, -4.98
Accel: 0.16, 0.06, -0.89
Gyro: 2.72, 30.66, -8.16
Accel: 0.16, 0.08, -0.92
Gyro: 1.11, 26.73, -9.32
Accel: 0.18, 0.09, -0.91
Gyro: -0.69, 24.28, -8.17
Accel: 0.20, 0.09, -0.88
Gyro: -1.26, 19.11, -6.25
Accel: 0.21, 0.09, -0.90
Gyro: -1.71, 13.24, -4.81
Accel: 0.21, 0.09, -0.91
Gyro: -2.94, 8.35, -3.01
Accel: 0.21, 0.09, -0.91
Gyro: -3.59, 4.79, -1.31
Accel: 0.22, 0.08, -0.91
Gyro: -4.31, 1.93, -1.26
Accel: 0.20, 0.08, -0.93
Gyro: -3.93, 0.04, -1.24
Accel: 0.20, 0.10, -0.94
Gyro: -4.14, 1.10, -0.67
Accel: 0.20, 0.09, -0.93
Gyro: -4.20, 0.63, -0.45
Accel: 0.19, 0.08, -0.93
Gyro: -4.62, -0.72, -0.89
Accel: 0.18, 0.09, -0.94
Gyro: -4.40, -0.58, -0.81
Accel: 0.18, 0.10, -0.93
Gyro: -3.94, -0.72, -0.42
Accel: 0.18, 0.09, -0.93
Gyro: -3.33, -1.76, -0.89
Accel: 0.17, 0.09, -0.95
Gyro: -3.07, -2.31, -1.38
Accel: 0.18, 0.09, -0.94
Gyro: -2.50, -1.72, -1.28
Accel: 0.18, 0.09, -0.95
Gyro: -2.30, -1.61, -0.92
Accel: 0.17, 0.10, -0.95
Gyro: -2.21, -1.30, -0.69
Accel: 0.18, 0.09, -0.94
Gyro: -2.40, -1.37, 0.08
Accel: 0.17, 0.09, -0.94
Gyro: -2.73, -1.24, 0.80
Accel: 0.18, 0.09, -0.95
Gyro: -2.82, -1.34, 0.72
Accel: 0.18, 0.09, -0.95
Gyro: -3.05, -1.50, 0.07
Accel: 0.18, 0.10, -0.95
Gyro: -2.44, -1.79, -0.04
Accel: 0.18, 0.10, -0.94
Gyro: -1.19, -1.79, 0.06
Accel: 0.18, 0.09, -0.94
Gyro: -0.24, -1.88, -0.10
Accel: 0.18, 0.09, -0.94
Gyro: 0.00, -1.43, -0.40
Accel: 0.18, 0.08, -0.95
Gyro: -0.57, 0.34, -0.32
Accel: 0.18, 0.08, -0.94
Gyro: -1.73, 0.44, -0.38
Accel: 0.19, 0.08, -0.95
Gyro: -2.49, -0.48, -0.53
Accel: 0.19, 0.08, -0.94
Gyro: -2.62, -0.73, -0.75
Accel: 0.18, 0.08, -0.94
Gyro: -2.37, -1.08, -1.14
Accel: 0.19, 0.09, -0.94
Gyro: -2.53, -1.83, -1.59
Accel: 0.18, 0.10, -0.94
Gyro: -2.21, -1.93, -1.04
Accel: 0.18, 0.08, -0.94
Gyro: -2.60, -2.04, -0.92
