Accel: 0.15, 0.10, -0.94
Gyro: -2.68, -1.91, -1.21
Accel: 0.15, 0.10, -0.95
Gyro: -2.33, -1.79, -0.79
Accel: 0.16, 0.10, -0.94
Gyro: -2.34, -1.72, -1.03
Accel: 0.16, 0.10, -0.95
Gyro: -2.02, -2.07, -0.90
Accel: 0.15, 0.10, -0.94
Gyro: -2.50, -2.24, -1.30
Accel: 0.15, 0.10, -0.94
Gyro: -2.60, -2.24, -1.21
Accel: 0.15, 0.10, -0.95
Gyro: -2.25, -2.08, -1.20
Accel: 0.16, 0.10, -0.94
Gyro: -1.95, -2.58, -1.19
Accel: 0.15, 0.10, -0.94
Gyro: -1.83, -3.23, -1.12
Accel: 0.15, 0.10, -0.93
Gyro: -1.83, -4.41, -1.06
Accel: 0.16, 0.08, -0.89
Gyro: -2.14, -7.94, -1.54
Accel: 0.18, 0.08, -0.82
Gyro: -2.54, -17.80, -2.40
Accel: 0.20, 0.10, -0.79
Gyro: -2.65, -34.89, -3.38
Accel: 0.17, 0.07, -0.80
Gyro: -2.45, -50.87, -4.86
Accel: 0.12, 0.08, -0.85
Gyro: -3.37, -63.70, -7.82
Accel: 0.08, 0.10, -0.90
Gyro: -3.75, -69.44, -8.90
Accel: 0.03, 0.09, -0.94
Gyro: 0.94, -72.87, -10.66
Accel: -0.04, 0.10, -0.97
Gyro: -3.90, -70.43, -10.94
Accel: -0.09, 0.12, -0.95
Gyro: -2.77, -66.80, -10.79
Accel: -0.14, 0.13, -0.97
Gyro: -2.42, -66.28, -9.19
Accel: -0.20, 0.13, -1.02
Gyro: -1.66, -59.50, -6.45
Accel: -0.24, 0.13, -1.04
Gyro: -2.69, -48.00, -3.97
Accel: -0.27, 0.10, -1.05
Gyro: -4.44, -36.42, -1.92
Accel: -0.27, 0.10, -1.02
Gyro: -5.59, -26.69, -1.85
Accel: -0.28, 0.10, -1.01
Gyro: -4.57, -19.22, -2.20
Accel: -0.28, 0.11, -0.97
Gyro: -3.94, -11.38, -2.87
Accel: -0.27, 0.12, -0.96
Gyro: -3.59, -9.03, -3.33
Accel: -0.27, 0.13, -0.95
Gyro: -2.03, -6.04, -2.08
Accel: -0.27, 0.09, -0.93
Gyro: -2.54, -2.24, -2.15
Accel: -0.27, 0.11, -0.94
Gyro: -3.46, -0.53, -3.78
Accel: -0.27, 0.14, -0.94
Gyro: -1.77, 2.00, -2.53
Accel: -0.27, 0.13, -0.96
Gyro: 0.54, 4.81, -1.20
Accel: -0.26, 0.11, -0.95
Gyro: -0.13, 8.02, -0.58
Accel: -0.26, 0.11, -0.97
Gyro: -0.28, 11.63, -0.20
Accel: -0.24, 0.11, -0.95
Gyro: -0.24, 13.10, 0.47
Accel: -0.23, 0.10, -0.98
Gyro: -0.83, 15.82, 0.37
Accel: -0.24, 0.11, -1.00
Gyro: -1.59, 23.31, 1.34
Accel: -0.21, 0.11, -1.00
Gyro: -1.99, 27.22, 1.66
Accel: -0.21, 0.13, -1.05
Gyro: -1.95, 37.97, 3.61
Accel: -0.18, 0.12, -0.99
Gyro: -1.34, 47.02, 5.81
Accel: -0.13, 0.10, -0.91
Gyro: -1.34, 46.26, 6.07
Accel: -0.11, 0.10, -0.91
Gyro: -0.86, 42.30, 6.02
Accel: -0.07, 0.08, -0.90
Gyro: -1.36, 37.19, 4.52
Accel: -0.05, 0.09, -0.91
Gyro: -2.31, 31.89, 1.98
Accel: -0.05, 0.11, -0.96
Gyro: -2.82, 31.23, 0.90
Accel: -0.03, 0.11, -0.97
Gyro: -2.05, 32.01, 1.51
Accel: -0.04, 0.10, -1.04
Gyro: -3.44, 38.96, 1.53
Accel: -0.01, 0.11, -0.97
Gyro: -7.39, 48.29, 0.93
Accel: 0.04, 0.11, -0.89
Gyro: -5.26, 44.65, 0.58
Accel: 0.06, 0.10, -0.90
Gyro: -2.03, 37.80, 1.14
Accel: 0.10, 0.11, -0.90
Gyro: -2.62, 32.68, 1.48
Accel: 0.12, 0.11, -0.90
Gyro: -3.38, 25.12, 1.56
Accel: 0.13, 0.11, -0.93
Gyro: -3.49, 19.85, 1.69
Accel: 0.13, 0.11, -0.93
Gyro: -4.13, 18.46, 1.72
Accel: 0.15, 0.12, -0.92
Gyro: -3.52, 16.14, 2.24
Accel: 0.17, 0.11, -0.92
Gyro: -3.86, 12.85, 1.83
Accel: 0.17, 0.11, -0.92
Gyro: -3.33, 11.25, 1.05
Accel: 0.18, 0.13, -0.92
Gyro: -2.55, 9.58, 0.64
Accel: 0.19, 0.11, -0.90
Gyro: -0.55, 5.98, 0.34
Accel: 0.18, 0.10, -0.90
Gyro: -0.05, 2.17, -0.89
Accel: 0.18, 0.11, -0.93
Gyro: -0.63, -1.00, -2.06
Accel: 0.18, 0.12, -0.94
Gyro: -0.74, -0.85, -1.81
Accel: 0.17, 0.10, -0.94
Gyro: -0.92, -1.78, -1.50
Accel: 0.17, 0.11, -0.93
Gyro: -1.73, -3.12, -1.67
Accel: 0.16, 0.11, -0.97
Gyro: -2.17, -2.24, -1.17
Accel: 0.16, 0.10, -0.94
Gyro: -3.36, -0.19, -1.24
Accel: 0.16, 0.12, -0.94
Gyro: -1.75, -1.23, -0.95
Accel: 0.16, 0.11, -0.96
Gyro: -1.46, -0.80, -0.77
Accel: 0.16, 0.10, -0.95
Gyro: -1.62, 0.60, -0.90
Accel: 0.16, 0.11, -0.93
Gyro: -1.82, -0.45, -1.24
Accel: 0.16, 0.11, -0.93
Gyro: -1.75, -1.64, -1.21
Accel: 0.16, 0.10, -0.94
Gyro: -2.29, -1.60, -1.04
Accel: 0.16, 0.10, -0.93
Gyro: -2.88, -1.66, -1.52
Accel: 0.16, 0.11, -0.94
Gyro: -2.66, -2.29, -1.50
Accel: 0.15, 0.11, -0.96
Gyro: -2.26, -2.40, -1.08
Accel: 0.15, 0.11, -0.95
Gyro: -2.03, -1.48, -0.43
Accel: 0.15, 0.11, -0.94
Gyro: -1.66, -1.75, -0.41
Accel: 0.16, 0.11, -0.95
Gyro: -1.34, -1.68, -0.41
Accel: 0.15, 0.10, -0.95
Gyro: -1.75, -1.05, -0.40
Accel: 0.15, 0.10, -0.96
Gyro: -2.43, -0.40, -0.36
Accel: 0.16, 0.09, -0.94
Gyro: -2.46, 0.20, -0.56
Accel: 0.16, 0.11, -0.95
Gyro: -2.62, -0.42, -1.16
Accel: 0.16, 0.12, -0.95
Gyro: -2.84, -0.30, -1.47
Accel: 0.16, 0.11, -0.94
Gyro: -1.88, 0.37, -1.05
Accel: 0.16, 0.10, -0.94
Gyro: -1.76, -0.59, -0.75
Accel: 0.16, 0.10, -0.95
Gyro: -2.12, -1.63, -0.81
Accel: 0.15, 0.10, -0.94
Gyro: -2.19, -1.12, -1.05
Accel: 0.15, 0.11, -0.95
Gyro: -2.17, -0.76, -1.36
Accel: 0.16, 0.11, -0.94
Gyro: -2.00, -0.72, -1.47
Accel: 0.16, 0.12, -0.95
Gyro: -2.00, -1.19, -1.34
Accel: 0.16, 0.10, -0.94
Gyro: -2.03, -1.02, -1.01
Accel: 0.16, 0.11, -0.95
Gyro: -2.20, -1.06, -0.63
Accel: 0.15, 0.11, -0.95
Gyro: -1.73, -0.66, -0.53
Accel: 0.16, 0.10, -0.94
Gyro: -1.74, -0.60, -0.89
Accel: 0.15, 0.11, -0.95
Gyro: -2.16, -0.52, -1.34
Accel: 0.16, 0.10, -0.95
Gyro: -1.98, -0.56, -1.33
Accel: 0.16, 0.11, -0.93
Gyro: -2.05, -1.09, -1.39
Accel: 0.16, 0.11, -0.95
Gyro: -2.12, -1.21, -1.34
Accel: 0.17, 0.11, -0.95
Gyro: -1.99, -0.80, -1.05
Accel: 0.16, 0.10, -0.94
Gyro: -1.82, -1.17, -1.02
Accel: 0.16, 0.10, -0.93
Gyro: -1.91, -1.88, -1.07
