Accel: 0.13, 0.10, -0.95
Gyro: -2.04, -1.18, -0.79
Accel: 0.13, 0.10, -0.95
Gyro: -2.58, -1.36, -1.15
Accel: 0.13, 0.10, -0.96
Gyro: -2.54, -1.61, -1.11
Accel: 0.12, 0.11, -0.95
Gyro: -2.42, -1.58, -1.04
Accel: 0.12, 0.11, -0.96
Gyro: -2.70, -1.49, -1.14
Accel: 0.12, 0.11, -0.95
Gyro: -2.75, -1.42, -1.05
Accel: 0.12, 0.10, -0.94
Gyro: -2.83, -1.14, -1.06
Accel: 0.13, 0.10, -0.95
Gyro: -2.53, -1.86, -1.14
Accel: 0.12, 0.10, -0.94
Gyro: -3.01, -2.56, -1.68
Accel: 0.12, 0.12, -0.95
Gyro: -2.47, -2.65, -1.05
Accel: 0.12, 0.10, -0.94
Gyro: -2.62, -3.24, -1.27
Accel: 0.13, 0.10, -0.93
Gyro: -2.75, -4.76, -1.95
Accel: 0.13, 0.10, -0.93
Gyro: -2.83, -6.94, -2.78
Accel: 0.13, 0.10, -0.91
Gyro: -3.17, -9.13, -3.96
Accel: 0.12, 0.10, -0.93
Gyro: -1.86, -13.73, -5.01
Accel: 0.11, 0.09, -0.94
Gyro: -1.19, -15.11, -7.10
Accel: 0.12, 0.10, -0.92
Gyro: -0.71, -16.46, -9.11
Accel: 0.12, 0.10, -0.90
Gyro: -0.46, -20.71, -10.18
Accel: 0.11, 0.10, -0.87
Gyro: -0.53, -28.21, -10.13
Accel: 0.11, 0.10, -0.84
Gyro: -0.74, -38.49, -10.25
Accel: 0.08, 0.10, -0.85
Gyro: -0.25, -49.64, -9.32
Accel: 0.04, 0.11, -0.88
Gyro: 0.69, -57.07, -9.10
Accel: -0.00, 0.11, -0.91
Gyro: 0.08, -61.74, -9.11
Accel: -0.05, 0.11, -0.92
Gyro: -0.68, -63.21, -8.59
Accel: -0.10, 0.09, -0.93
Gyro: -1.11, -63.28, -8.61
Accel: -0.13, 0.11, -0.93
Gyro: -1.17, -62.78, -7.98
Accel: -0.18, 0.11, -0.95
Gyro: -1.68, -61.58, -7.24
Accel: -0.23, 0.12, -0.96
Gyro: -1.55, -58.69, -5.17
Accel: -0.28, 0.11, -0.99
Gyro: -2.09, -53.40, -2.78
Accel: -0.33, 0.11, -1.02
Gyro: -3.01, -45.20, -1.69
Accel: -0.34, 0.11, -0.99
Gyro: -4.48, -36.46, -0.85
Accel: -0.33, 0.09, -0.94
Gyro: -5.07, -31.43, 0.05
Accel: -0.34, 0.06, -0.87
Gyro: -7.58, -31.39, -0.52
Accel: -0.35, 0.08, -0.88
Gyro: -8.73, -33.89, -3.43
Accel: -0.37, 0.11, -0.92
Gyro: -8.12, -32.30, -3.61
Accel: -0.40, 0.13, -0.95
Gyro: -11.32, -25.35, -3.19
Accel: -0.41, 0.14, -0.93
Gyro: -10.85, -18.35, -0.95
Accel: -0.41, 0.11, -0.92
Gyro: -8.60, -13.37, -1.23
Accel: -0.42, 0.14, -0.92
Gyro: -5.68, -9.90, -2.60
Accel: -0.42, 0.15, -0.89
Gyro: -3.42, -8.03, -1.88
Accel: -0.43, 0.14, -0.93
Gyro: -0.85, -4.59, -1.79
Accel: -0.43, 0.12, -0.92
Gyro: -0.71, -0.64, -1.90
Accel: -0.42, 0.13, -0.91
Gyro: -1.40, 3.73, -1.56
Accel: -0.40, 0.12, -0.89
Gyro: -2.27, 5.47, -0.78
Accel: -0.40, 0.14, -0.92
Gyro: -1.97, 7.14, -0.18
Accel: -0.39, 0.14, -0.93
Gyro: -1.46, 10.83, 1.08
Accel: -0.39, 0.15, -0.94
Gyro: -0.76, 15.08, 2.47
Accel: -0.39, 0.13, -0.94
Gyro: 0.32, 22.27, 4.54
Accel: -0.36, 0.11, -0.90
Gyro: -0.73, 23.64, 2.36
Accel: -0.35, 0.12, -0.94
Gyro: -0.66, 24.48, 0.85
Accel: -0.34, 0.11, -0.88
Gyro: -1.45, 27.51, 0.28
Accel: -0.32, 0.11, -0.90
Gyro: -2.31, 25.83, -1.04
Accel: -0.32, 0.12, -0.95
Gyro: -3.93, 31.06, -1.14
Accel: -0.28, 0.12, -0.88
Gyro: -5.94, 30.47, -2.63
Accel: -0.27, 0.12, -0.95
Gyro: -5.47, 28.47, -3.49
Accel: -0.27, 0.16, -0.94
Gyro: -5.21, 33.75, -0.54
Accel: -0.24, 0.17, -0.94
Gyro: -3.43, 34.58, 3.30
Accel: -0.24, 0.16, -0.99
Gyro: -1.88, 38.54, 5.84
Accel: -0.23, 0.14, -0.96
Gyro: -1.68, 45.12, 8.19
Accel: -0.19, 0.12, -0.96
Gyro: -1.53, 47.10, 8.01
Accel: -0.14, 0.09, -0.94
Gyro: -1.58, 49.10, 5.06
Accel: -0.09, 0.10, -0.89
Gyro: -1.43, 45.91, 0.29
Accel: -0.05, 0.15, -0.91
Gyro: 0.99, 40.19, -1.21
Accel: -0.04, 0.12, -0.92
Gyro: 1.49, 38.89, 0.39
Accel: -0.02, 0.12, -0.89
Gyro: 0.20, 33.68, 0.63
Accel: -0.03, 0.14, -1.00
Gyro: -0.89, 33.44, 1.41
Accel: 0.00, 0.12, -0.92
Gyro: -2.67, 34.17, 3.21
Accel: 0.03, 0.12, -0.91
Gyro: -2.97, 28.50, 3.39
Accel: 0.03, 0.13, -0.95
Gyro: -3.01, 27.67, 3.43
Accel: 0.06, 0.11, -0.92
Gyro: -1.95, 25.60, 3.21
Accel: 0.09, 0.11, -0.90
Gyro: -0.39, 20.90, 0.83
Accel: 0.09, 0.12, -0.92
Gyro: 1.23, 15.98, -0.21
Accel: 0.10, 0.12, -0.92
Gyro: 1.01, 13.05, -0.54
Accel: 0.11, 0.11, -0.91
Gyro: 0.42, 8.88, -0.67
Accel: 0.12, 0.12, -0.90
Gyro: -0.13, 3.13, -0.56
Accel: 0.10, 0.11, -0.95
Gyro: -1.79, 0.67, -0.69
Accel: 0.10, 0.13, -0.95
Gyro: -2.43, 1.71, -0.10
Accel: 0.10, 0.12, -0.94
Gyro: -2.07, 0.24, 0.33
Accel: 0.10, 0.12, -0.94
Gyro: -1.76, -1.65, 0.63
Accel: 0.10, 0.12, -0.96
Gyro: -1.71, -1.83, 1.34
Accel: 0.10, 0.12, -0.94
Gyro: -1.70, -2.67, 1.53
Accel: 0.09, 0.11, -0.96
Gyro: -1.46, -2.84, 1.56
Accel: 0.08, 0.11, -0.97
Gyro: -2.11, -1.94, 1.16
Accel: 0.09, 0.10, -0.96
Gyro: -2.27, -1.17, 0.61
Accel: 0.08, 0.10, -0.96
Gyro: -2.02, -0.56, -0.66
Accel: 0.09, 0.11, -0.95
Gyro: -2.15, 0.05, -1.73
Accel: 0.09, 0.11, -0.94
Gyro: -2.01, -0.69, -1.75
Accel: 0.09, 0.12, -0.96
Gyro: -1.53, -1.28, -1.52
Accel: 0.08, 0.12, -0.95
Gyro: -1.32, -0.85, -2.04
Accel: 0.09, 0.12, -0.96
Gyro: -1.12, -0.98, -1.70
Accel: 0.09, 0.12, -0.95
Gyro: -1.25, -1.99, -1.42
Accel: 0.08, 0.11, -0.96
Gyro: -1.77, -2.04, -1.23
Accel: 0.08, 0.11, -0.95
Gyro: -2.69, -1.52, -1.50
Accel: 0.09, 0.11, -0.97
Gyro: -2.72, -0.74, -1.26
Accel: 0.09, 0.12, -0.95
Gyro: -2.08, -0.62, -0.98
Accel: 0.09, 0.11, -0.95
Gyro: -1.92, -1.49, -0.82
Accel: 0.08, 0.12, -0.96
Gyro: -2.08, -1.68, -0.83
Accel: 0.09, 0.12, -0.96
Gyro: -1.98, -0.66, -0.57
Accel: 0.09, 0.11, -0.94
Gyro: -1.99, -1.15, -0.95
Accel: 0.08, 0.12, -0.96
Gyro: -2.40, -1.24, -1.26
Accel: 0.09, 0.13, -0.95
Gyro: -2.28, -0.69, -1.33
