Accel: 0.12, 0.11, -0.95
Gyro: -2.79, -2.04, -1.15
Accel: 0.11, 0.12, -0.95
Gyro: -2.49, -2.18, -1.46
Accel: 0.10, 0.12, -0.95
Gyro: -1.88, -1.69, -1.34
Accel: 0.11, 0.12, -0.96
Gyro: -1.88, -0.76, -1.28
Accel: 0.12, 0.11, -0.95
Gyro: -1.88, -0.64, -1.43
Accel: 0.12, 0.12, -0.95
Gyro: -1.70, -1.39, -1.20
Accel: 0.12, 0.11, -0.95
Gyro: -2.11, -0.53, -1.13
Accel: 0.12, 0.11, -0.95
Gyro: -2.17, -0.56, -1.31
Accel: 0.12, 0.12, -0.94
Gyro: -2.08, -1.79, -1.58
Accel: 0.11, 0.11, -0.95
Gyro: -1.53, -2.05, -1.17
Accel: 0.11, 0.11, -0.94
Gyro: -2.17, -2.08, -1.32
Accel: 0.12, 0.11, -0.95
Gyro: -2.41, -2.51, -1.32
Accel: 0.11, 0.12, -0.95
Gyro: -2.53, -3.25, -1.33
Accel: 0.11, 0.12, -0.95
Gyro: -2.48, -3.54, -0.92
Accel: 0.12, 0.12, -0.93
Gyro: -2.37, -4.38, -1.04
Accel: 0.12, 0.11, -0.93
Gyro: -2.24, -6.65, -1.66
Accel: 0.13, 0.11, -0.91
Gyro: -2.23, -9.86, -2.30
Accel: 0.12, 0.11, -0.91
Gyro: -2.42, -14.37, -3.27
Accel: 0.12, 0.12, -0.90
Gyro: -0.79, -19.55, -3.96
Accel: 0.11, 0.11, -0.90
Gyro: -0.21, -24.59, -4.69
Accel: 0.09, 0.11, -0.92
Gyro: -0.54, -27.36, -6.13
Accel: 0.07, 0.12, -0.91
Gyro: 2.66, -31.82, -6.10
Accel: 0.05, 0.10, -0.92
Gyro: 0.63, -33.66, -8.03
Accel: 0.03, 0.10, -0.93
Gyro: 0.51, -36.87, -8.58
Accel: 0.01, 0.10, -0.94
Gyro: 0.63, -39.25, -8.73
Accel: -0.03, 0.10, -0.94
Gyro: -0.01, -39.50, -8.67
Accel: -0.04, 0.11, -0.94
Gyro: -0.05, -40.66, -8.21
Accel: -0.07, 0.10, -0.93
Gyro: -0.81, -42.01, -8.35
Accel: -0.09, 0.09, -0.92
Gyro: -1.28, -43.82, -8.95
Accel: -0.12, 0.09, -0.91
Gyro: -2.20, -46.26, -9.75
Accel: -0.15, 0.08, -0.91
Gyro: -3.60, -48.36, -11.00
Accel: -0.18, 0.09, -0.92
Gyro: -4.56, -48.69, -11.63
Accel: -0.19, 0.09, -0.90
Gyro: -6.90, -51.43, -12.55
Accel: -0.24, 0.14, -0.93
Gyro: -6.26, -52.40, -9.96
Accel: -0.28, 0.11, -0.93
Gyro: -7.57, -49.26, -7.13
Accel: -0.30, 0.14, -0.95
Gyro: -7.65, -45.17, -5.39
Accel: -0.34, 0.12, -0.97
Gyro: -6.28, -39.75, -3.03
Accel: -0.36, 0.12, -0.98
Gyro: -7.00, -32.46, -3.56
Accel: -0.39, 0.15, -1.00
Gyro: -3.92, -24.93, -3.75
Accel: -0.39, 0.15, -0.97
Gyro: -1.82, -14.78, -0.27
Accel: -0.38, 0.09, -0.89
Gyro: -2.08, -11.37, -1.19
Accel: -0.38, 0.12, -0.92
Gyro: 0.05, -10.13, -1.46
Accel: -0.39, 0.12, -0.91
Gyro: -1.77, -7.59, -1.14
Accel: -0.38, 0.11, -0.93
Gyro: -2.33, -4.66, -1.43
Accel: -0.38, 0.11, -0.90
Gyro: -1.95, -1.91, -1.63
Accel: -0.37, 0.11, -0.91
Gyro: -2.00, -1.01, -1.53
Accel: -0.37, 0.11, -0.89
Gyro: -2.17, 1.58, -1.55
Accel: -0.36, 0.12, -0.89
Gyro: -2.24, 1.31, -2.00
Accel: -0.37, 0.14, -0.91
Gyro: -0.63, 2.98, -0.37
Accel: -0.38, 0.13, -0.91
Gyro: -0.29, 5.78, 2.06
Accel: -0.36, 0.11, -0.92
Gyro: -0.59, 6.75, 1.52
Accel: -0.37, 0.12, -0.96
Gyro: -0.11, 10.00, 1.01
Accel: -0.37, 0.14, -0.95
Gyro: 0.88, 17.71, 3.01
Accel: -0.35, 0.13, -0.93
Gyro: 1.18, 21.32, 4.49
Accel: -0.35, 0.14, -0.95
Gyro: 2.17, 25.28, 6.94
Accel: -0.32, 0.10, -0.92
Gyro: 1.53, 29.61, 8.94
Accel: -0.30, 0.12, -0.91
Gyro: -0.53, 29.35, 9.07
Accel: -0.29, 0.11, -0.94
Gyro: -1.09, 31.37, 10.38
Accel: -0.27, 0.12, -0.94
Gyro: -1.59, 32.08, 11.05
Accel: -0.26, 0.11, -0.95
Gyro: -1.16, 35.48, 10.98
Accel: -0.24, 0.10, -0.96
Gyro: -0.66, 39.60, 9.85
Accel: -0.20, 0.09, -0.91
Gyro: 0.63, 38.83, 7.64
Accel: -0.19, 0.10, -0.95
Gyro: 0.37, 37.48, 5.09
Accel: -0.17, 0.10, -0.95
Gyro: 0.60, 40.83, 3.86
Accel: -0.15, 0.10, -0.95
Gyro: 0.60, 40.15, 2.97
Accel: -0.14, 0.11, -0.98
Gyro: 1.00, 44.09, 3.09
Accel: -0.10, 0.10, -0.93
Gyro: 0.41, 44.57, 2.65
Accel: -0.06, 0.10, -0.94
Gyro: -0.29, 42.61, 1.33
Accel: -0.04, 0.11, -0.95
Gyro: -1.28, 44.69, 0.72
Accel: -0.00, 0.10, -0.92
Gyro: -0.56, 42.98, 0.39
Accel: 0.00, 0.11, -0.94
Gyro: -0.02, 39.64, 0.51
Accel: 0.05, 0.10, -0.91
Gyro: -0.05, 37.29, 1.53
Accel: 0.08, 0.09, -0.89
Gyro: 0.58, 31.64, 1.74
Accel: 0.09, 0.10, -0.92
Gyro: 0.25, 26.90, 2.27
Accel: 0.11, 0.11, -0.94
Gyro: -0.49, 25.10, 3.82
Accel: 0.12, 0.07, -0.90
Gyro: -1.90, 21.48, 4.14
Accel: 0.14, 0.09, -0.89
Gyro: -3.74, 15.04, 1.88
Accel: 0.15, 0.08, -0.93
Gyro: -3.36, 11.51, 0.94
Accel: 0.15, 0.09, -0.93
Gyro: -3.07, 9.41, 0.21
Accel: 0.16, 0.08, -0.90
Gyro: -2.85, 6.20, -1.40
Accel: 0.15, 0.10, -0.92
Gyro: -2.49, 2.94, -2.53
Accel: 0.15, 0.10, -0.93
Gyro: -2.04, 1.88, -3.16
Accel: 0.15, 0.09, -0.94
Gyro: -2.37, 0.66, -3.43
Accel: 0.14, 0.11, -0.95
Gyro: -2.26, -0.72, -3.27
Accel: 0.14, 0.10, -0.95
Gyro: -2.19, -0.11, -2.33
Accel: 0.15, 0.10, -0.94
Gyro: -2.82, -0.37, -2.18
Accel: 0.14, 0.11, -0.94
Gyro: -2.91, -1.50, -1.86
Accel: 0.13, 0.10, -0.95
Gyro: -2.98, -0.85, -1.28
Accel: 0.14, 0.10, -0.94
Gyro: -3.45, -1.34, -1.76
Accel: 0.13, 0.10, -0.95
Gyro: -3.36, -2.38, -1.87
Accel: 0.12, 0.11, -0.95
Gyro: -3.14, -2.55, -1.74
Accel: 0.12, 0.11, -0.94
Gyro: -2.68, -1.79, -1.79
Accel: 0.13, 0.10, -0.95
Gyro: -2.25, -2.08, -1.90
Accel: 0.12, 0.11, -0.97
Gyro: -2.11, -2.47, -1.54
Accel: 0.12, 0.10, -0.96
Gyro: -2.22, -1.85, -1.03
Accel: 0.12, 0.11, -0.95
Gyro: -2.29, -1.80, -1.07
Accel: 0.12, 0.10, -0.94
Gyro: -2.08, -1.88, -0.96
Accel: 0.12, 0.10, -0.96
Gyro: -2.22, -1.50, -0.80
Accel: 0.12, 0.10, -0.95
Gyro: -2.87, -1.08, -1.00
Accel: 0.13, 0.10, -0.96
Gyro: -3.18, -1.04, -1.11
Accel: 0.12, 0.11, -0.95
Gyro: -2.61, -0.92, -0.88
