Accel: 0.14, 0.09, -0.95
Gyro: -1.86, -0.02, -0.70
Accel: 0.15, 0.09, -0.93
Gyro: -2.14, -0.53, -1.01
Accel: 0.14, 0.10, -0.95
Gyro: -2.37, -1.08, -1.24
Accel: 0.14, 0.09, -0.95
Gyro: -2.08, -0.43, -1.28
Accel: 0.14, 0.09, -0.94
Gyro: -2.14, -0.76, -1.30
Accel: 0.14, 0.10, -0.94
Gyro: -2.37, -1.53, -1.35
Accel: 0.14, 0.11, -0.95
Gyro: -2.27, -1.87, -0.59
Accel: 0.13, 0.10, -0.96
Gyro: -1.98, -0.60, -0.43
Accel: 0.15, 0.10, -0.94
Gyro: -1.95, -0.37, -0.67
Accel: 0.15, 0.09, -0.93
Gyro: -1.90, -1.13, -0.98
Accel: 0.15, 0.09, -0.94
Gyro: -2.46, -2.67, -1.38
Accel: 0.15, 0.09, -0.92
Gyro: -2.53, -5.52, -1.03
Accel: 0.16, 0.09, -0.91
Gyro: -3.06, -9.40, -1.47
Accel: 0.16, 0.09, -0.89
Gyro: -2.37, -15.88, -1.59
Accel: 0.16, 0.08, -0.85
Gyro: -2.24, -24.89, -3.14
Accel: 0.16, 0.07, -0.83
Gyro: -2.42, -35.52, -5.35
Accel: 0.14, 0.07, -0.83
Gyro: -2.39, -47.94, -8.25
Accel: 0.10, 0.06, -0.84
Gyro: -2.77, -60.06, -11.64
Accel: 0.03, 0.00, -0.86
Gyro: -5.46, -68.17, -18.65
Accel: -0.02, 0.05, -0.90
Gyro: -5.27, -72.46, -23.48
Accel: -0.07, 0.08, -0.91
Gyro: -4.50, -74.37, -24.11
Accel: -0.13, 0.14, -0.91
Gyro: -7.39, -78.30, -22.76
Accel: -0.19, 0.16, -1.00
Gyro: -5.50, -75.75, -14.34
Accel: -0.25, 0.19, -1.09
Gyro: -9.75, -61.35, -7.36
Accel: -0.29, 0.19, -1.08
Gyro: -9.07, -47.05, 1.79
Accel: -0.32, 0.15, -1.11
Gyro: -8.16, -28.85, 7.13
Accel: -0.31, 0.12, -1.02
Gyro: -6.61, -15.85, 6.87
Accel: -0.29, 0.10, -0.99
Gyro: -2.89, -8.66, 4.30
Accel: -0.28, 0.11, -0.96
Gyro: -0.35, -5.45, 0.71
Accel: -0.28, 0.11, -0.94
Gyro: 0.00, -3.30, -1.73
Accel: -0.27, 0.12, -0.95
Gyro: -0.56, -0.93, -1.80
Accel: -0.27, 0.12, -0.95
Gyro: -1.56, 1.96, -1.92
Accel: -0.26, 0.11, -0.91
Gyro: -1.40, 3.96, -1.77
Accel: -0.25, 0.12, -0.94
Gyro: -2.04, 2.98, -1.58
Accel: -0.25, 0.13, -0.93
Gyro: -1.72, 4.10, -1.08
Accel: -0.25, 0.12, -0.94
Gyro: -1.65, 6.58, -0.56
Accel: -0.25, 0.14, -0.97
Gyro: -1.36, 9.62, -0.36
Accel: -0.24, 0.13, -0.96
Gyro: -0.69, 12.05, 0.43
Accel: -0.24, 0.13, -1.01
Gyro: -0.44, 16.26, 1.34
Accel: -0.24, 0.13, -0.99
Gyro: -1.17, 24.92, 2.61
Accel: -0.23, 0.14, -1.00
Gyro: -0.22, 28.14, 4.21
Accel: -0.23, 0.17, -1.04
Gyro: 1.36, 37.68, 7.57
Accel: -0.20, 0.13, -0.98
Gyro: 2.56, 43.13, 10.47
Accel: -0.18, 0.11, -0.97
Gyro: 2.32, 47.20, 11.65
Accel: -0.14, 0.08, -0.93
Gyro: 1.07, 48.36, 10.86
Accel: -0.10, 0.08, -0.94
Gyro: 0.43, 47.35, 8.59
Accel: -0.07, 0.08, -0.93
Gyro: -0.13, 45.72, 5.86
Accel: -0.04, 0.08, -0.92
Gyro: -0.37, 43.75, 3.88
Accel: -0.01, 0.09, -0.94
Gyro: -1.06, 43.75, 2.21
Accel: 0.02, 0.09, -0.91
Gyro: -1.69, 41.79, 0.34
Accel: 0.04, 0.10, -0.91
Gyro: -1.14, 37.30, -0.24
Accel: 0.08, 0.09, -0.91
Gyro: -0.40, 33.69, -1.63
Accel: 0.09, 0.10, -0.92
Gyro: 1.31, 29.14, -2.59
Accel: 0.09, 0.10, -0.97
Gyro: 0.68, 29.71, -3.40
Accel: 0.11, 0.10, -0.93
Gyro: 0.00, 29.04, -2.28
Accel: 0.15, 0.10, -0.90
Gyro: 0.05, 23.10, -1.11
Accel: 0.16, 0.10, -0.92
Gyro: -0.37, 18.53, -0.54
Accel: 0.18, 0.09, -0.91
Gyro: -1.34, 15.43, -0.11
Accel: 0.19, 0.09, -0.90
Gyro: -2.43, 10.79, -0.60
Accel: 0.18, 0.10, -0.92
Gyro: -2.88, 7.44, -0.42
Accel: 0.18, 0.09, -0.94
Gyro: -3.18, 6.95, -0.18
Accel: 0.19, 0.10, -0.92
Gyro: -3.07, 5.55, -0.94
Accel: 0.19, 0.11, -0.93
Gyro: -3.44, 4.71, -1.28
Accel: 0.19, 0.10, -0.92
Gyro: -2.30, 3.04, -0.37
Accel: 0.19, 0.10, -0.93
Gyro: -2.59, -0.02, -0.28
Accel: 0.18, 0.10, -0.93
Gyro: -2.20, -2.63, -0.05
Accel: 0.17, 0.10, -0.94
Gyro: -2.23, -3.37, 0.28
Accel: 0.17, 0.10, -0.95
Gyro: -2.64, -3.53, -0.04
Accel: 0.17, 0.10, -0.95
Gyro: -2.08, -3.45, 0.52
Accel: 0.16, 0.09, -0.96
Gyro: -2.37, -2.40, 0.36
Accel: 0.16, 0.09, -0.94
Gyro: -2.49, -1.91, -0.45
Accel: 0.16, 0.09, -0.94
Gyro: -2.41, -2.46, -0.93
Accel: 0.15, 0.11, -0.96
Gyro: -1.93, -1.70, -1.08
Accel: 0.17, 0.10, -0.94
Gyro: -1.61, -0.84, -0.98
Accel: 0.17, 0.10, -0.95
Gyro: -2.33, -0.71, -1.01
Accel: 0.17, 0.11, -0.94
Gyro: -2.08, -1.01, -0.25
Accel: 0.17, 0.09, -0.94
Gyro: -1.95, -1.36, 0.05
Accel: 0.17, 0.09, -0.94
Gyro: -2.03, -1.61, -0.32
Accel: 0.16, 0.10, -0.94
Gyro: -2.44, -2.08, -0.52
Accel: 0.16, 0.09, -0.95
Gyro: -2.27, -1.82, -0.50
Accel: 0.16, 0.09, -0.94
Gyro: -2.24, -1.82, -0.97
Accel: 0.17, 0.10, -0.93
Gyro: -2.61, -2.82, -1.46
Accel: 0.15, 0.11, -0.96
Gyro: -2.58, -2.50, -0.88
Accel: 0.15, 0.10, -0.96
Gyro: -2.49, -1.15, -0.40
Accel: 0.16, 0.09, -0.94
Gyro: -2.30, -0.92, -0.63
Accel: 0.16, 0.09, -0.95
Gyro: -2.98, -1.53, -1.41
Accel: 0.15, 0.10, -0.96
Gyro: -3.33, -0.50, -1.55
Accel: 0.16, 0.10, -0.94
Gyro: -3.14, -0.02, -1.73
Accel: 0.17, 0.10, -0.94
Gyro: -2.39, -0.57, -1.63
Accel: 0.16, 0.11, -0.94
Gyro: -2.46, -1.15, -1.29
Accel: 0.16, 0.10, -0.95
Gyro: -2.33, -0.38, -0.79
Accel: 0.16, 0.09, -0.94
Gyro: -2.41, -0.97, -0.82
Accel: 0.17, 0.10, -0.93
Gyro: -2.41, -1.27, -1.54
Accel: 0.16, 0.11, -0.95
Gyro: -3.01, -1.28, -1.90
Accel: 0.17, 0.11, -0.94
Gyro: -2.15, -1.23, -1.97
Accel: 0.16, 0.10, -0.93
Gyro: -2.17, -2.51, -1.67
Accel: 0.15, 0.11, -0.95
Gyro: -2.14, -2.71, -1.16
Accel: 0.15, 0.10, -0.96
Gyro: -2.13, -1.56, -0.97
Accel: 0.16, 0.10, -0.95
Gyro: -1.95, -1.30, -1.07
Accel: 0.15, 0.10, -0.95
Gyro: -1.55, -1.27, -1.17
Accel: 0.15, 0.10, -0.94
Gyro: -1.99, -1.13, -1.27
