Accel: 0.15, 0.10, -0.94
Gyro: -2.69, -1.06, -1.15
Accel: 0.16, 0.10, -0.95
Gyro: -2.24, -1.92, -1.01
Accel: 0.14, 0.10, -0.96
Gyro: -2.43, -1.81, -1.39
Accel: 0.15, 0.10, -0.94
Gyro: -2.60, -0.78, -1.50
Accel: 0.15, 0.11, -0.93
Gyro: -2.53, -1.30, -1.76
Accel: 0.15, 0.11, -0.95
Gyro: -2.11, -0.79, -1.39
Accel: 0.16, 0.10, -0.94
Gyro: -1.99, -0.59, -1.01
Accel: 0.16, 0.10, -0.93
Gyro: -2.13, -0.85, -1.38
Accel: 0.16, 0.10, -0.94
Gyro: -2.30, -2.21, -1.57
Accel: 0.15, 0.10, -0.95
Gyro: -2.74, -2.23, -1.68
Accel: 0.17, 0.10, -0.93
Gyro: -2.09, -3.00, -1.83
Accel: 0.17, 0.09, -0.91
Gyro: -2.82, -6.45, -3.85
Accel: 0.18, 0.08, -0.87
Gyro: -3.57, -12.92, -5.16
Accel: 0.19, 0.08, -0.84
Gyro: -4.87, -22.54, -7.68
Accel: 0.19, 0.08, -0.84
Gyro: -4.87, -34.73, -10.19
Accel: 0.16, 0.07, -0.82
Gyro: -4.68, -47.53, -13.15
Accel: 0.13, 0.09, -0.84
Gyro: -4.34, -59.31, -16.56
Accel: 0.08, 0.10, -0.83
Gyro: -1.78, -68.24, -19.38
Accel: 0.01, 0.11, -0.91
Gyro: 0.16, -74.74, -19.85
Accel: -0.06, 0.12, -0.94
Gyro: 0.05, -75.97, -18.86
Accel: -0.10, 0.11, -0.98
Gyro: -0.47, -72.15, -16.83
Accel: -0.15, 0.11, -1.00
Gyro: -2.39, -66.61, -15.02
Accel: -0.20, 0.13, -1.03
Gyro: -3.05, -57.78, -13.12
Accel: -0.23, 0.09, -1.01
Gyro: -4.71, -46.76, -11.02
Accel: -0.25, 0.08, -1.00
Gyro: -7.35, -39.91, -12.87
Accel: -0.28, 0.13, -0.97
Gyro: -5.17, -34.39, -12.53
Accel: -0.28, 0.10, -0.95
Gyro: -4.95, -30.35, -13.10
Accel: -0.28, 0.14, -0.91
Gyro: -5.71, -29.32, -12.18
Accel: -0.32, 0.14, -0.97
Gyro: -3.78, -25.58, -7.39
Accel: -0.32, 0.14, -0.95
Gyro: -8.52, -18.41, -6.09
Accel: -0.33, 0.17, -0.94
Gyro: -7.06, -15.76, -3.95
Accel: -0.34, 0.15, -0.97
Gyro: -2.52, -9.46, -1.52
Accel: -0.33, 0.14, -0.93
Gyro: 0.50, -7.58, -0.58
Accel: -0.35, 0.12, -0.93
Gyro: 0.53, -4.85, 0.66
Accel: -0.34, 0.11, -0.95
Gyro: 0.34, -0.86, 1.36
Accel: -0.33, 0.11, -0.94
Gyro: -0.50, 2.15, 1.63
Accel: -0.34, 0.13, -0.96
Gyro: -0.40, 5.02, 2.22
Accel: -0.32, 0.10, -0.94
Gyro: -1.45, 8.21, 2.60
Accel: -0.31, 0.13, -0.97
Gyro: -1.20, 11.27, 3.03
Accel: -0.31, 0.13, -0.94
Gyro: -0.27, 16.84, 5.73
Accel: -0.28, 0.13, -0.92
Gyro: -0.52, 18.49, 6.98
Accel: -0.28, 0.14, -0.97
Gyro: 0.58, 21.33, 9.67
Accel: -0.27, 0.12, -0.95
Gyro: 0.14, 24.57, 10.82
Accel: -0.26, 0.14, -0.95
Gyro: 0.82, 27.78, 12.37
Accel: -0.27, 0.16, -0.99
Gyro: 2.08, 32.88, 15.30
Accel: -0.24, 0.12, -0.96
Gyro: 2.74, 39.02, 18.43
Accel: -0.21, 0.10, -0.94
Gyro: 2.86, 39.17, 18.16
Accel: -0.18, 0.09, -0.96
Gyro: 2.66, 41.87, 16.80
Accel: -0.15, 0.08, -0.93
Gyro: 1.60, 43.14, 14.80
Accel: -0.13, 0.08, -0.93
Gyro: 0.30, 41.08, 12.93
Accel: -0.11, 0.07, -0.97
Gyro: -1.35, 43.05, 11.15
Accel: -0.08, 0.07, -0.93
Gyro: -2.31, 44.02, 8.19
Accel: -0.05, 0.07, -0.93
Gyro: -3.65, 41.43, 4.41
Accel: -0.04, 0.10, -0.95
Gyro: -4.49, 42.60, 2.62
Accel: 0.00, 0.10, -0.92
Gyro: -4.14, 40.32, 1.11
Accel: 0.02, 0.11, -0.94
Gyro: -2.01, 37.26, 0.40
Accel: 0.04, 0.13, -0.97
Gyro: -0.70, 39.56, 1.46
Accel: 0.08, 0.11, -0.92
Gyro: 0.60, 38.31, 2.85
Accel: 0.10, 0.10, -0.93
Gyro: 0.50, 34.86, 2.23
Accel: 0.13, 0.11, -0.91
Gyro: 0.46, 32.17, 1.83
Accel: 0.16, 0.08, -0.89
Gyro: -0.63, 26.86, 1.61
Accel: 0.16, 0.08, -0.91
Gyro: -2.30, 20.43, -0.40
Accel: 0.16, 0.12, -0.95
Gyro: -2.78, 21.43, 0.01
Accel: 0.19, 0.09, -0.91
Gyro: -1.99, 18.68, 0.95
Accel: 0.19, 0.09, -0.90
Gyro: -2.01, 14.05, -0.27
Accel: 0.19, 0.10, -0.93
Gyro: -2.38, 11.01, -1.39
Accel: 0.21, 0.09, -0.90
Gyro: -1.68, 8.62, -1.43
Accel: 0.21, 0.09, -0.89
Gyro: -2.23, 4.62, -2.78
Accel: 0.22, 0.11, -0.92
Gyro: -2.11, 0.72, -2.99
Accel: 0.21, 0.11, -0.94
Gyro: -2.03, -0.46, -2.70
Accel: 0.20, 0.11, -0.93
Gyro: -2.38, -0.81, -2.49
Accel: 0.20, 0.11, -0.93
Gyro: -2.53, -2.03, -2.09
Accel: 0.20, 0.11, -0.94
Gyro: -2.02, -2.16, -0.87
Accel: 0.19, 0.11, -0.94
Gyro: -2.07, -1.55, -0.73
Accel: 0.19, 0.11, -0.93
Gyro: -2.07, -1.95, -0.79
Accel: 0.18, 0.11, -0.94
Gyro: -1.63, -2.62, -0.21
Accel: 0.19, 0.11, -0.95
Gyro: -1.32, -1.89, -0.08
Accel: 0.19, 0.10, -0.93
Gyro: -1.50, -1.93, -1.08
Accel: 0.18, 0.11, -0.95
Gyro: -1.95, -2.30, -1.49
Accel: 0.18, 0.11, -0.94
Gyro: -1.83, -2.52, -1.13
Accel: 0.18, 0.09, -0.93
Gyro: -2.11, -2.70, -0.66
Accel: 0.18, 0.09, -0.93
Gyro: -2.56, -3.46, -0.95
Accel: 0.17, 0.11, -0.94
Gyro: -2.56, -3.94, -0.91
Accel: 0.17, 0.11, -0.95
Gyro: -2.41, -2.87, -0.37
Accel: 0.17, 0.10, -0.95
Gyro: -2.18, -2.08, -0.43
Accel: 0.17, 0.10, -0.94
Gyro: -2.32, -2.41, -0.66
Accel: 0.16, 0.11, -0.96
Gyro: -2.04, -1.14, -0.18
Accel: 0.18, 0.10, -0.95
Gyro: -1.87, 0.39, -0.15
Accel: 0.18, 0.09, -0.94
Gyro: -1.93, -0.04, -0.97
Accel: 0.18, 0.11, -0.94
Gyro: -2.17, -0.68, -1.46
Accel: 0.18, 0.09, -0.95
Gyro: -2.88, -0.63, -1.43
Accel: 0.18, 0.10, -0.95
Gyro: -2.80, -0.55, -1.17
Accel: 0.18, 0.11, -0.94
Gyro: -2.70, -1.20, -1.28
Accel: 0.17, 0.11, -0.94
Gyro: -2.15, -1.69, -1.21
Accel: 0.17, 0.11, -0.94
Gyro: -2.27, -1.95, -1.24
Accel: 0.17, 0.11, -0.94
Gyro: -2.09, -2.18, -1.11
Accel: 0.17, 0.10, -0.94
Gyro: -1.93, -2.56, -0.95
Accel: 0.16, 0.10, -0.95
Gyro: -2.16, -1.41, -0.66
Accel: 0.17, 0.10, -0.95
Gyro: -2.23, -0.24, -0.89
Accel: 0.17, 0.09, -0.94
Gyro: -2.01, -0.24, -1.40
Accel: 0.18, 0.11, -0.93
Gyro: -2.30, -0.93, -1.86
