Accel: -0.25, -0.15, -0.92
Gyro: -1.81, -0.24, -1.82
Accel: -0.25, -0.17, -0.92
Gyro: -0.93, -1.21, -1.02
Accel: -0.25, -0.17, -0.92
Gyro: -2.24, -0.92, -1.73
Accel: -0.26, -0.16, -0.92
Gyro: -2.32, -0.34, -1.67
Accel: -0.25, -0.16, -0.93
Gyro: -2.38, -0.07, -1.41
Accel: -0.25, -0.17, -0.93
Gyro: -3.36, -0.16, -1.89
Accel: -0.26, -0.16, -0.93
Gyro: -3.40, -0.39, -2.14
Accel: -0.25, -0.16, -0.93
Gyro: -3.11, -0.60, -2.17
Accel: -0.26, -0.16, -0.94
Gyro: -4.20, -0.59, -2.47
Accel: -0.26, -0.15, -0.93
Gyro: -3.36, 0.34, -2.60
Accel: -0.26, -0.16, -0.93
Gyro: -3.27, -0.17, -2.30
Accel: -0.25, -0.15, -0.94
Gyro: -4.37, -0.34, -2.32
Accel: -0.25, -0.15, -0.93
Gyro: -3.81, -0.34, -2.37
Accel: -0.25, -0.15, -0.93
Gyro: -3.18, -0.73, -2.30
Accel: -0.25, -0.15, -0.94
Gyro: -3.42, -0.73, -2.27
Accel: -0.24, -0.15, -0.92
Gyro: -2.99, -0.91, -2.13
Accel: -0.25, -0.16, -0.93
Gyro: -3.36, -0.71, -1.91
Accel: -0.26, -0.16, -0.94
Gyro: -4.02, -0.79, -2.40
Accel: -0.25, -0.15, -0.93
Gyro: -4.83, -0.63, -3.24
Accel: -0.25, -0.16, -0.93
Gyro: -5.43, -1.34, -3.94
Accel: -0.25, -0.17, -0.92
Gyro: -6.80, -1.50, -4.89
Accel: -0.25, -0.16, -0.93
Gyro: -7.92, -1.59, -5.53
Accel: -0.26, -0.16, -0.93
Gyro: -8.96, -1.59, -6.46
Accel: -0.25, -0.16, -0.93
Gyro: -9.99, -1.52, -7.63
Accel: -0.26, -0.15, -0.94
Gyro: -10.58, -1.35, -8.04
Accel: -0.25, -0.14, -0.94
Gyro: -10.48, -1.40, -8.33
Accel: -0.25, -0.15, -0.93
Gyro: -11.33, -1.59, -8.43
Accel: -0.25, -0.14, -0.94
Gyro: -13.03, -1.17, -9.96
Accel: -0.26, -0.12, -0.93
Gyro: -11.63, -0.93, -9.66
Accel: -0.26, -0.12, -0.93
Gyro: -11.60, -0.98, -9.43
Accel: -0.25, -0.12, -0.93
Gyro: -12.47, -0.72, -9.20
Accel: -0.25, -0.12, -0.93
Gyro: -12.47, -0.30, -9.16
Accel: -0.26, -0.12, -0.94
Gyro: -12.89, -0.24, -9.15
Accel: -0.25, -0.11, -0.94
Gyro: -14.11, 0.02, -9.80
Accel: -0.25, -0.13, -0.95
Gyro: -15.37, 0.31, -10.50
Accel: -0.25, -0.12, -0.95
Gyro: -17.46, 0.39, -11.22
Accel: -0.26, -0.11, -0.94
Gyro: -19.36, 0.79, -12.99
Accel: -0.25, -0.09, -0.94
Gyro: -19.67, 1.45, -14.17
Accel: -0.24, -0.08, -0.93
Gyro: -20.20, 0.44, -14.11
Accel: -0.24, -0.06, -0.93
Gyro: -21.59, 0.08, -13.98
Accel: -0.24, -0.05, -0.94
Gyro: -21.68, 0.05, -13.48
Accel: -0.23, -0.03, -0.94
Gyro: -20.71, -0.69, -12.72
Accel: -0.24, -0.01, -0.94
Gyro: -19.68, -0.69, -12.05
Accel: -0.24, -0.00, -0.94
Gyro: -17.69, -1.24, -10.99
Accel: -0.24, 0.00, -0.93
Gyro: -15.37, -1.62, -9.28
Accel: -0.24, 0.01, -0.94
Gyro: -14.03, -1.89, -7.87
Accel: -0.24, 0.02, -0.94
Gyro: -12.76, -2.10, -6.95
Accel: -0.24, 0.02, -0.94
Gyro: -11.25, -1.97, -6.20
Accel: -0.25, 0.02, -0.94
Gyro: -9.66, -1.89, -5.34
Accel: -0.25, 0.02, -0.95
Gyro: -8.51, -1.88, -4.88
Accel: -0.24, 0.03, -0.95
Gyro: -7.28, -2.11, -3.92
Accel: -0.25, 0.02, -0.96
Gyro: -6.19, -1.63, -3.15
Accel: -0.25, 0.03, -0.95
Gyro: -5.61, -1.26, -2.43
Accel: -0.25, 0.02, -0.95
Gyro: -4.47, -1.52, -1.62
Accel: -0.25, 0.03, -0.95
Gyro: -3.75, -1.35, -1.17
Accel: -0.24, 0.01, -0.94
Gyro: -2.80, -1.17, -0.74
Accel: -0.25, 0.00, -0.94
Gyro: -3.17, -1.50, -0.75
Accel: -0.25, 0.02, -0.95
Gyro: -2.53, -1.05, -1.06
Accel: -0.25, 0.00, -0.94
Gyro: -0.84, -1.62, -0.42
Accel: -0.25, 0.01, -0.95
Gyro: -2.22, -1.42, -0.56
Accel: -0.25, 0.02, -0.94
Gyro: -2.11, -1.30, -0.23
Accel: -0.25, 0.00, -0.95
Gyro: -1.53, -1.16, -0.07
Accel: -0.26, 0.00, -0.95
Gyro: -2.66, -0.85, -1.00
Accel: -0.25, 0.01, -0.95
Gyro: -2.73, -0.79, -1.57
Accel: -0.25, 0.01, -0.95
Gyro: -2.20, -1.07, -1.42
Accel: -0.25, 0.00, -0.95
Gyro: -3.11, -0.80, -1.32
Accel: -0.25, 0.02, -0.96
Gyro: -2.80, -0.61, -1.40
Accel: -0.26, 0.01, -0.94
Gyro: -2.05, -0.47, -0.60
Accel: -0.26, 0.01, -0.95
Gyro: -3.30, 0.15, -1.14
Accel: -0.26, 0.02, -0.96
Gyro: -2.33, 0.98, -0.94
Accel: -0.25, 0.02, -0.96
Gyro: -1.15, 1.59, -0.97
Accel: -0.25, 0.02, -0.94
Gyro: -1.20, 1.69, -0.72
Accel: -0.24, 0.01, -0.94
Gyro: -0.82, 1.84, -0.34
Accel: -0.23, 0.01, -0.93
Gyro: -0.86, 1.53, 0.14
Accel: -0.24, 0.01, -0.94
Gyro: -1.56, 1.58, 0.24
Accel: -0.24, 0.01, -0.94
Gyro: -1.92, 0.99, -0.43
Accel: -0.25, 0.00, -0.95
Gyro: -1.57, 0.59, -1.07
Accel: -0.24, 0.01, -0.95
Gyro: -1.95, 0.20, -1.24
Accel: -0.24, 0.02, -0.95
Gyro: -1.83, -0.17, -1.24
Accel: -0.24, 0.01, -0.94
Gyro: -1.88, 0.05, -0.88
Accel: -0.24, 0.01, -0.95
Gyro: -1.79, -0.02, -1.16
Accel: -0.24, 0.01, -0.95
Gyro: -1.83, 0.07, -0.92
Accel: -0.24, 0.01, -0.95
Gyro: -1.40, 0.22, -0.93
Accel: -0.24, 0.00, -0.94
Gyro: -1.47, 0.52, -0.54
Accel: -0.23, 0.01, -0.95
Gyro: -1.60, 0.56, -0.22
Accel: -0.24, 0.00, -0.95
Gyro: -2.04, 0.56, -0.62
Accel: -0.23, -0.01, -0.95
Gyro: -3.20, 0.28, -1.95
Accel: -0.23, 0.02, -0.95
Gyro: -1.74, 0.49, -2.18
Accel: -0.24, -0.00, -0.95
Gyro: -2.16, -0.41, -1.67
Accel: -0.24, 0.00, -0.94
Gyro: -3.91, -0.39, -1.72
Accel: -0.24, 0.00, -0.95
Gyro: -3.75, 0.03, -1.82
Accel: -0.24, 0.00, -0.95
Gyro: -4.52, 0.39, -2.49
Accel: -0.24, 0.01, -0.95
Gyro: -5.53, 0.72, -3.46
Accel: -0.23, 0.01, -0.95
Gyro: -5.30, 0.84, -3.67
Accel: -0.24, 0.01, -0.96
Gyro: -5.26, 0.92, -3.33
Accel: -0.24, 0.01, -0.95
Gyro: -6.21, 1.21, -3.80
Accel: -0.23, 0.03, -0.97
Gyro: -5.39, 2.40, -3.49
Accel: -0.23, 0.02, -0.95
Gyro: -4.57, 1.87, -3.20
Accel: -0.23, 0.03, -0.95
Gyro: -5.19, 2.03, -3.11
Accel: -0.23, 0.04, -0.95
Gyro: -4.14, 1.88, -2.78
Accel: -0.22, 0.03, -0.94
Gyro: -3.40, 1.96, -2.31
