Accel: -0.16, -0.12, -0.95
Gyro: -5.91, 2.67, -5.29
Accel: -0.16, -0.11, -0.95
Gyro: -5.50, 3.12, -5.04
Accel: -0.16, -0.12, -0.95
Gyro: -4.68, 3.08, -4.63
Accel: -0.16, -0.12, -0.95
Gyro: -5.30, 2.56, -4.72
Accel: -0.15, -0.10, -0.95
Gyro: -5.07, 2.49, -4.40
Accel: -0.15, -0.10, -0.96
Gyro: -3.85, 1.66, -3.52
Accel: -0.16, -0.11, -0.96
Gyro: -3.36, 1.04, -2.97
Accel: -0.15, -0.10, -0.95
Gyro: -2.88, 0.75, -2.42
Accel: -0.15, -0.10, -0.96
Gyro: -2.24, 0.71, -1.28
Accel: -0.15, -0.11, -0.95
Gyro: -2.35, 0.39, -1.05
Accel: -0.15, -0.11, -0.96
Gyro: -2.65, -0.08, -1.31
Accel: -0.16, -0.11, -0.96
Gyro: -2.10, -0.56, -1.53
Accel: -0.16, -0.11, -0.96
Gyro: -2.21, -0.28, -1.53
Accel: -0.16, -0.11, -0.96
Gyro: -2.09, -0.25, -1.25
Accel: -0.16, -0.11, -0.96
Gyro: -2.30, -0.37, -1.11
Accel: -0.16, -0.11, -0.96
Gyro: -1.95, 0.11, -0.91
Accel: -0.16, -0.11, -0.96
Gyro: -1.89, 0.15, -0.92
Accel: -0.15, -0.11, -0.96
Gyro: -1.72, 0.30, -1.01
Accel: -0.16, -0.12, -0.96
Gyro: -1.38, 0.34, -0.97
Accel: -0.15, -0.11, -0.96
Gyro: -1.69, 0.71, -0.94
Accel: -0.15, -0.12, -0.95
Gyro: -1.79, 0.72, -0.81
Accel: -0.14, -0.12, -0.95
Gyro: -2.95, -0.06, -1.72
Accel: -0.15, -0.10, -0.96
Gyro: -1.82, 0.36, -2.01
Accel: -0.15, -0.11, -0.96
Gyro: -0.43, -0.29, -1.53
Accel: -0.16, -0.12, -0.96
Gyro: -2.14, 0.11, -1.57
Accel: -0.16, -0.11, -0.96
Gyro: -2.18, 0.82, -1.27
Accel: -0.15, -0.12, -0.96
Gyro: -1.88, 0.82, -1.50
Accel: -0.15, -0.12, -0.95
Gyro: -2.74, 1.13, -2.00
Accel: -0.16, -0.12, -0.97
Gyro: -2.74, 1.26, -2.43
Accel: -0.15, -0.13, -0.97
Gyro: -3.47, 2.13, -2.82
Accel: -0.15, -0.14, -0.97
Gyro: -4.81, 2.91, -4.00
Accel: -0.16, -0.13, -0.97
Gyro: -5.58, 4.71, -5.87
Accel: -0.15, -0.14, -0.96
Gyro: -5.96, 5.31, -7.42
Accel: -0.14, -0.13, -0.96
Gyro: -7.93, 5.21, -8.74
Accel: -0.14, -0.15, -0.97
Gyro: -9.32, 5.43, -10.96
Accel: -0.14, -0.15, -0.95
Gyro: -10.85, 5.17, -15.41
Accel: -0.13, -0.12, -0.95
Gyro: -11.78, 3.75, -17.94
Accel: -0.13, -0.11, -0.97
Gyro: -12.42, 3.75, -18.65
Accel: -0.12, -0.09, -0.98
Gyro: -13.61, 5.69, -18.01
Accel: -0.12, -0.08, -0.96
Gyro: -14.38, 5.90, -16.48
Accel: -0.11, -0.07, -0.96
Gyro: -15.49, 5.67, -14.56
Accel: -0.10, -0.07, -0.96
Gyro: -15.94, 5.42, -12.97
Accel: -0.10, -0.07, -0.97
Gyro: -16.27, 5.65, -12.43
Accel: -0.10, -0.04, -0.96
Gyro: -15.88, 5.20, -11.35
Accel: -0.10, -0.04, -0.98
Gyro: -14.40, 4.69, -10.79
Accel: -0.09, -0.05, -0.97
Gyro: -13.89, 4.63, -10.56
Accel: -0.08, -0.04, -0.97
Gyro: -13.98, 4.37, -10.89
Accel: -0.08, -0.04, -0.97
Gyro: -13.71, 3.72, -11.03
Accel: -0.08, -0.04, -0.97
Gyro: -14.29, 2.81, -11.49
Accel: -0.08, -0.02, -0.97
Gyro: -14.53, 2.09, -11.59
Accel: -0.08, -0.04, -0.96
Gyro: -15.93, 1.49, -13.34
Accel: -0.07, -0.00, -0.96
Gyro: -17.56, -0.19, -15.46
Accel: -0.07, 0.03, -0.97
Gyro: -14.80, -1.66, -14.64
Accel: -0.08, 0.01, -0.97
Gyro: -13.14, -1.66, -13.51
Accel: -0.09, 0.02, -0.98
Gyro: -12.85, -1.21, -13.31
Accel: -0.08, 0.03, -0.98
Gyro: -10.99, -0.92, -11.98
Accel: -0.09, 0.03, -0.97
Gyro: -9.66, -1.14, -10.96
Accel: -0.07, 0.04, -0.97
Gyro: -9.36, -1.41, -10.03
Accel: -0.08, 0.04, -0.97
Gyro: -8.42, -1.98, -8.63
Accel: -0.08, 0.04, -0.98
Gyro: -7.74, -2.37, -7.61
Accel: -0.09, 0.04, -0.98
Gyro: -8.15, -1.87, -7.94
Accel: -0.08, 0.06, -0.98
Gyro: -5.42, -1.30, -6.98
Accel: -0.09, 0.05, -0.97
Gyro: -4.30, -1.49, -6.03
Accel: -0.09, 0.06, -0.98
Gyro: -4.17, -1.14, -5.32
Accel: -0.08, 0.06, -0.98
Gyro: -2.52, -0.76, -3.81
Accel: -0.09, 0.06, -0.97
Gyro: -1.34, -0.85, -2.18
Accel: -0.08, 0.05, -0.97
Gyro: 0.14, -1.19, -0.63
Accel: -0.08, 0.04, -0.96
Gyro: 1.27, -1.64, 0.50
Accel: -0.09, 0.02, -0.97
Gyro: 0.42, -1.51, 0.34
Accel: -0.09, 0.03, -0.97
Gyro: 0.14, -1.34, -0.12
Accel: -0.09, 0.03, -0.98
Gyro: 0.14, -1.87, -0.36
Accel: -0.09, 0.03, -0.97
Gyro: 0.05, -1.80, -0.34
Accel: -0.09, 0.02, -0.98
Gyro: -0.58, -1.91, -0.53
Accel: -0.10, 0.03, -0.98
Gyro: -0.71, -1.46, -0.46
Accel: -0.10, 0.03, -0.97
Gyro: -0.34, -1.27, -0.33
Accel: -0.10, 0.02, -0.98
Gyro: -0.58, -0.98, -0.11
Accel: -0.10, 0.02, -0.98
Gyro: -0.22, -0.31, 0.28
Accel: -0.09, 0.02, -0.98
Gyro: -0.47, 0.75, 0.56
Accel: -0.09, 0.02, -0.99
Gyro: -1.41, 0.89, -0.18
Accel: -0.09, 0.02, -0.98
Gyro: 0.78, 0.69, 0.29
Accel: -0.09, 0.01, -0.98
Gyro: 0.24, 0.23, -0.02
Accel: -0.09, 0.02, -0.98
Gyro: -0.95, 0.20, -0.20
Accel: -0.09, 0.02, -0.97
Gyro: -0.49, 0.27, 0.29
Accel: -0.09, 0.01, -0.96
Gyro: -1.11, 0.44, 0.00
Accel: -0.09, 0.02, -0.98
Gyro: -1.30, 0.18, -0.50
Accel: -0.09, 0.02, -0.97
Gyro: -1.37, 0.07, -0.53
Accel: -0.09, 0.00, -0.98
Gyro: -1.82, 0.18, -0.78
Accel: -0.08, 0.03, -0.97
Gyro: -2.58, 0.24, -1.30
Accel: -0.08, 0.02, -0.97
Gyro: -1.02, 0.39, -0.53
Accel: -0.09, 0.01, -0.97
Gyro: -1.86, 0.12, -1.05
Accel: -0.08, 0.02, -0.97
Gyro: -2.13, 0.26, -0.90
Accel: -0.08, 0.02, -0.97
Gyro: -1.34, 0.28, -0.40
Accel: -0.08, 0.02, -0.97
Gyro: -1.14, -0.07, -0.38
Accel: -0.08, 0.02, -0.98
Gyro: -0.97, 0.15, 0.00
Accel: -0.09, 0.01, -0.96
Gyro: -0.55, -0.05, 0.41
Accel: -0.08, 0.01, -0.97
Gyro: -1.01, -0.17, 0.33
Accel: -0.08, 0.01, -0.96
Gyro: -1.30, -0.47, 0.08
Accel: -0.08, 0.01, -0.97
Gyro: -1.09, -0.37, -0.18
Accel: -0.09, 0.01, -0.97
Gyro: -1.42, -0.32, -0.75
Accel: -0.09, 0.01, -0.98
Gyro: -1.43, -0.55, -0.52
Accel: -0.09, 0.01, -0.98
Gyro: -1.41, -0.52, -0.50
