Accel: -0.09, -0.15, -0.95
Gyro: 0.43, -2.26, -1.79
Accel: -0.11, -0.15, -0.95
Gyro: 0.02, -2.81, -1.39
Accel: -0.11, -0.16, -0.96
Gyro: 0.23, -1.75, -1.40
Accel: -0.11, -0.16, -0.95
Gyro: -0.60, -1.48, -1.05
Accel: -0.10, -0.16, -0.96
Gyro: -0.97, -2.64, -0.62
Accel: -0.11, -0.15, -0.96
Gyro: -1.69, -2.17, -0.05
Accel: -0.11, -0.17, -0.95
Gyro: -0.91, -3.35, 1.83
Accel: -0.11, -0.17, -0.96
Gyro: -2.72, -2.43, 1.65
Accel: -0.12, -0.16, -0.97
Gyro: -2.78, -1.48, 1.39
Accel: -0.12, -0.16, -0.94
Gyro: -2.10, -1.01, 0.74
Accel: -0.11, -0.16, -0.96
Gyro: -0.87, -0.95, -0.05
Accel: -0.11, -0.15, -0.95
Gyro: -0.36, -1.82, 0.51
Accel: -0.11, -0.16, -0.97
Gyro: -0.58, -2.27, 1.47
Accel: -0.12, -0.16, -0.97
Gyro: -0.43, 1.31, 1.59
Accel: -0.12, -0.17, -0.95
Gyro: -0.46, 0.75, 1.20
Accel: -0.12, -0.16, -0.95
Gyro: -0.85, 0.60, 0.77
Accel: -0.11, -0.17, -0.95
Gyro: -0.28, 0.45, 0.51
Accel: -0.11, -0.17, -0.96
Gyro: -0.60, 0.56, 0.96
Accel: -0.10, -0.17, -0.96
Gyro: -0.65, 0.34, 0.80
Accel: -0.10, -0.15, -0.96
Gyro: -1.30, 0.10, 0.60
Accel: -0.10, -0.16, -0.95
Gyro: 0.73, -0.82, 1.66
Accel: -0.10, -0.17, -0.93
Gyro: -0.08, -2.03, 1.75
Accel: -0.09, -0.16, -0.92
Gyro: -0.41, -4.00, 1.96
Accel: -0.09, -0.16, -0.91
Gyro: 0.49, -7.10, 3.18
Accel: -0.10, -0.14, -0.92
Gyro: 0.31, -10.75, 5.29
Accel: -0.10, -0.15, -0.93
Gyro: 0.14, -14.40, 7.42
Accel: -0.12, -0.15, -0.93
Gyro: 0.14, -16.54, 9.86
Accel: -0.14, -0.17, -0.93
Gyro: -1.06, -17.88, 12.18
Accel: -0.15, -0.16, -0.96
Gyro: -1.47, -17.39, 14.34
Accel: -0.18, -0.18, -0.96
Gyro: -1.14, -16.04, 15.62
Accel: -0.19, -0.18, -0.97
Gyro: -1.85, -13.73, 15.26
Accel: -0.21, -0.18, -0.98
Gyro: -2.61, -10.32, 14.46
Accel: -0.20, -0.16, -0.95
Gyro: -1.89, -7.78, 13.30
Accel: -0.21, -0.17, -0.95
Gyro: -0.59, -6.65, 13.15
Accel: -0.21, -0.18, -0.96
Gyro: -0.24, -6.23, 13.03
Accel: -0.21, -0.18, -0.95
Gyro: -1.33, -5.20, 11.86
Accel: -0.20, -0.17, -0.94
Gyro: -1.34, -5.17, 10.22
Accel: -0.22, -0.17, -0.95
Gyro: -1.53, -4.64, 9.08
Accel: -0.21, -0.17, -0.93
Gyro: -1.75, -4.13, 8.12
Accel: -0.21, -0.16, -0.92
Gyro: -1.10, -4.38, 7.74
Accel: -0.22, -0.17, -0.93
Gyro: -2.20, -4.13, 6.52
Accel: -0.22, -0.16, -0.94
Gyro: -2.31, -4.28, 5.28
Accel: -0.22, -0.16, -0.93
Gyro: -0.37, -5.28, 5.39
Accel: -0.22, -0.17, -0.94
Gyro: -1.72, -5.43, 4.53
Accel: -0.23, -0.16, -0.94
Gyro: -2.40, -4.70, 3.76
Accel: -0.23, -0.16, -0.96
Gyro: -1.67, -3.44, 3.31
Accel: -0.23, -0.16, -0.95
Gyro: -2.13, -1.41, 2.26
Accel: -0.23, -0.17, -0.94
Gyro: -1.88, -0.60, 0.92
Accel: -0.23, -0.17, -0.95
Gyro: -1.48, -0.72, -0.47
Accel: -0.23, -0.17, -0.95
Gyro: -1.88, 2.06, -2.14
Accel: -0.22, -0.14, -0.92
Gyro: -1.01, 1.43, -1.85
Accel: -0.23, -0.16, -0.94
Gyro: -2.14, -0.31, -0.73
Accel: -0.23, -0.16, -0.94
Gyro: -3.54, 0.54, -0.60
Accel: -0.22, -0.16, -0.94
Gyro: -3.33, 0.69, -0.70
Accel: -0.23, -0.16, -0.93
Gyro: -3.24, 0.32, -1.40
Accel: -0.24, -0.16, -0.95
Gyro: -3.47, 1.32, -2.53
Accel: -0.23, -0.16, -0.93
Gyro: -2.91, 1.79, -3.01
Accel: -0.23, -0.16, -0.94
Gyro: -3.17, 1.53, -3.31
Accel: -0.23, -0.16, -0.93
Gyro: -3.65, 1.36, -3.14
Accel: -0.23, -0.15, -0.94
Gyro: -3.78, 0.68, -3.01
Accel: -0.22, -0.15, -0.93
Gyro: -4.22, 1.09, -2.70
Accel: -0.22, -0.16, -0.94
Gyro: -4.27, 1.03, -2.69
Accel: -0.21, -0.15, -0.94
Gyro: -4.33, 0.55, -2.93
Accel: -0.22, -0.15, -0.94
Gyro: -4.23, -0.06, -2.62
Accel: -0.21, -0.16, -0.95
Gyro: -3.72, 0.42, -2.59
Accel: -0.21, -0.15, -0.94
Gyro: -4.49, 0.32, -3.20
Accel: -0.21, -0.14, -0.95
Gyro: -4.39, 1.08, -3.85
Accel: -0.21, -0.16, -0.95
Gyro: -2.78, 1.00, -3.60
Accel: -0.21, -0.15, -0.95
Gyro: -3.82, 0.76, -4.23
Accel: -0.22, -0.14, -0.94
Gyro: -3.75, 1.99, -4.07
Accel: -0.21, -0.15, -0.95
Gyro: -3.25, 2.89, -3.70
Accel: -0.20, -0.15, -0.94
Gyro: -3.88, 2.64, -3.80
Accel: -0.21, -0.14, -0.94
Gyro: -3.62, 1.51, -3.33
Accel: -0.21, -0.14, -0.95
Gyro: -3.65, 1.31, -2.91
Accel: -0.21, -0.14, -0.94
Gyro: -4.66, 1.72, -3.54
Accel: -0.20, -0.14, -0.93
Gyro: -3.00, 1.37, -3.08
Accel: -0.20, -0.15, -0.94
Gyro: -3.07, 0.31, -3.19
Accel: -0.20, -0.13, -0.95
Gyro: -3.48, 0.76, -3.36
Accel: -0.20, -0.13, -0.93
Gyro: -3.04, 0.32, -2.77
Accel: -0.20, -0.13, -0.94
Gyro: -2.79, 0.17, -2.34
Accel: -0.20, -0.13, -0.94
Gyro: -2.73, 0.62, -2.09
Accel: -0.19, -0.14, -0.94
Gyro: -2.56, 0.34, -1.75
Accel: -0.20, -0.14, -0.94
Gyro: -2.79, 0.50, -1.27
Accel: -0.20, -0.14, -0.94
Gyro: -2.96, 0.72, -1.95
Accel: -0.20, -0.14, -0.95
Gyro: -3.22, 0.79, -2.59
Accel: -0.19, -0.14, -0.94
Gyro: -2.87, 0.16, -3.20
Accel: -0.19, -0.14, -0.94
Gyro: -3.42, 0.03, -3.65
Accel: -0.20, -0.14, -0.95
Gyro: -4.11, 0.52, -4.34
Accel: -0.19, -0.15, -0.94
Gyro: -4.19, 1.06, -4.84
Accel: -0.20, -0.14, -0.95
Gyro: -4.58, 1.18, -5.25
Accel: -0.20, -0.14, -0.95
Gyro: -4.76, 1.35, -5.68
Accel: -0.19, -0.15, -0.95
Gyro: -4.77, 1.71, -6.09
Accel: -0.19, -0.15, -0.95
Gyro: -6.34, 2.70, -7.03
Accel: -0.20, -0.12, -0.96
Gyro: -6.10, 3.74, -7.57
Accel: -0.18, -0.13, -0.94
Gyro: -4.20, 2.80, -6.87
Accel: -0.19, -0.13, -0.96
Gyro: -5.43, 2.14, -6.59
Accel: -0.19, -0.12, -0.95
Gyro: -5.34, 2.85, -5.97
Accel: -0.18, -0.13, -0.95
Gyro: -5.39, 2.87, -5.29
Accel: -0.17, -0.12, -0.94
Gyro: -6.40, 3.03, -5.52
Accel: -0.17, -0.12, -0.95
Gyro: -6.11, 2.69, -5.14
Accel: -0.18, -0.12, -0.96
Gyro: -5.66, 2.73, -4.84
