Accel: -0.39, -0.04, -0.91
Gyro: 0.19, -1.24, -1.43
Accel: -0.39, -0.04, -0.88
Gyro: 1.42, -1.36, -0.83
Accel: -0.39, -0.05, -0.89
Gyro: 0.27, -1.34, -0.62
Accel: -0.40, -0.05, -0.91
Gyro: -0.09, -0.59, -1.03
Accel: -0.39, -0.05, -0.89
Gyro: 0.05, -0.26, -1.51
Accel: -0.39, -0.05, -0.90
Gyro: -0.39, 0.05, -1.75
Accel: -0.38, -0.05, -0.91
Gyro: -0.60, 0.77, -1.63
Accel: -0.39, -0.04, -0.90
Gyro: -0.19, 0.54, -1.49
Accel: -0.39, -0.04, -0.90
Gyro: 0.20, 0.56, -0.76
Accel: -0.39, -0.04, -0.90
Gyro: -0.18, 0.38, -0.23
Accel: -0.38, -0.05, -0.90
Gyro: 0.08, 0.34, 0.03
Accel: -0.39, -0.05, -0.90
Gyro: 0.02, 0.89, -0.95
Accel: -0.38, -0.05, -0.90
Gyro: 0.29, 1.20, -0.83
Accel: -0.39, -0.05, -0.90
Gyro: -0.24, 1.37, -1.19
Accel: -0.39, -0.05, -0.90
Gyro: -1.21, 0.71, -1.79
Accel: -0.39, -0.07, -0.92
Gyro: -3.24, 0.60, -4.52
Accel: -0.39, -0.04, -0.92
Gyro: -3.81, 1.68, -6.68
Accel: -0.39, -0.05, -0.91
Gyro: -4.11, 2.60, -9.49
Accel: -0.38, -0.02, -0.90
Gyro: -4.04, 2.83, -11.76
Accel: -0.37, -0.02, -0.91
Gyro: -1.38, 4.21, -12.03
Accel: -0.36, -0.02, -0.91
Gyro: 0.19, 3.86, -10.45
Accel: -0.36, -0.04, -0.90
Gyro: -1.08, 3.84, -9.79
Accel: -0.36, -0.05, -0.91
Gyro: -1.67, 3.20, -9.25
Accel: -0.37, -0.06, -0.91
Gyro: -1.65, 2.69, -9.00
Accel: -0.37, -0.06, -0.92
Gyro: -1.58, 3.40, -9.49
Accel: -0.37, -0.07, -0.92
Gyro: -2.10, 4.88, -10.16
Accel: -0.36, -0.08, -0.93
Gyro: -3.36, 5.88, -12.67
Accel: -0.35, -0.05, -0.92
Gyro: -2.91, 7.71, -13.60
Accel: -0.32, -0.05, -0.93
Gyro: -0.08, 9.29, -11.73
Accel: -0.33, -0.07, -0.89
Gyro: -0.85, 9.51, -9.78
Accel: -0.33, -0.09, -0.88
Gyro: -2.36, 6.27, -9.19
Accel: -0.34, -0.10, -0.90
Gyro: -2.24, 3.01, -11.30
Accel: -0.37, -0.10, -0.92
Gyro: -4.14, 4.65, -14.36
Accel: -0.38, -0.05, -0.95
Gyro: 1.93, 8.03, -11.59
Accel: -0.38, -0.11, -0.97
Gyro: 2.75, 16.09, -6.94
Accel: -0.34, -0.13, -0.93
Gyro: -0.60, 21.45, -5.74
Accel: -0.31, -0.10, -0.95
Gyro: -0.60, 25.51, -2.04
Accel: -0.29, -0.12, -0.94
Gyro: 3.00, 24.90, 2.62
Accel: -0.28, -0.17, -0.94
Gyro: 2.20, 24.77, 4.80
Accel: -0.28, -0.18, -0.95
Gyro: -0.19, 25.29, 3.52
Accel: -0.28, -0.19, -0.93
Gyro: 1.38, 23.99, 0.44
Accel: -0.27, -0.18, -0.91
Gyro: -0.42, 23.31, -4.10
Accel: -0.24, -0.15, -0.92
Gyro: -2.77, 23.07, -5.67
Accel: -0.22, -0.11, -0.92
Gyro: -4.00, 22.42, -4.52
Accel: -0.21, -0.10, -0.94
Gyro: -3.58, 21.84, 0.37
Accel: -0.20, -0.11, -0.94
Gyro: -8.03, 23.17, 2.87
Accel: -0.20, -0.10, -0.95
Gyro: -8.30, 22.99, 5.62
Accel: -0.18, -0.14, -0.96
Gyro: -8.90, 22.44, 6.43
Accel: -0.17, -0.15, -0.98
Gyro: -16.10, 22.40, 1.05
Accel: -0.15, -0.08, -1.02
Gyro: -19.62, 25.20, -4.91
Accel: -0.11, -0.03, -0.98
Gyro: -16.65, 29.66, -5.97
Accel: -0.08, -0.03, -0.95
Gyro: -14.23, 29.34, -5.30
Accel: -0.05, -0.02, -0.94
Gyro: -15.55, 26.80, -5.02
Accel: -0.03, -0.01, -0.94
Gyro: -15.78, 23.79, -4.44
Accel: -0.02, 0.01, -0.94
Gyro: -14.66, 20.57, -4.78
Accel: 0.00, 0.02, -0.93
Gyro: -11.63, 16.08, -4.17
Accel: -0.00, 0.02, -0.97
Gyro: -9.56, 12.32, -4.58
Accel: -0.00, 0.03, -0.99
Gyro: -9.82, 13.18, -5.05
Accel: 0.01, 0.05, -0.96
Gyro: -8.94, 13.18, -3.33
Accel: 0.01, 0.04, -0.93
Gyro: -6.87, 8.83, -1.01
Accel: 0.01, 0.02, -0.94
Gyro: -6.10, 4.35, -0.01
Accel: -0.01, 0.00, -0.98
Gyro: -4.76, 2.52, -1.49
Accel: -0.02, -0.01, -0.99
Gyro: -3.23, 1.82, -3.97
Accel: -0.02, -0.00, -0.99
Gyro: -3.00, 2.89, -6.48
Accel: -0.02, 0.01, -0.98
Gyro: -2.76, 3.37, -8.03
Accel: -0.02, 0.03, -0.97
Gyro: -2.08, 3.41, -7.01
Accel: -0.00, 0.03, -0.96
Gyro: -2.37, 2.77, -5.40
Accel: -0.01, 0.02, -0.97
Gyro: -0.75, 1.35, -3.56
Accel: -0.01, 0.01, -0.97
Gyro: 1.98, -0.65, -3.20
Accel: -0.01, -0.01, -0.99
Gyro: 5.10, -1.48, -2.97
Accel: -0.02, -0.01, -0.98
Gyro: 4.74, -0.76, -1.77
Accel: -0.02, -0.03, -1.00
Gyro: 3.84, 0.15, 0.30
Accel: -0.02, -0.05, -0.96
Gyro: 3.12, 0.04, 1.85
Accel: -0.01, -0.07, -0.98
Gyro: 0.33, 0.24, 0.62
Accel: -0.00, -0.05, -0.98
Gyro: -1.56, 0.33, -1.21
Accel: -0.01, -0.03, -0.98
Gyro: -1.95, -0.45, -1.81
Accel: -0.00, -0.03, -0.97
Gyro: -2.92, -0.38, -1.21
Accel: 0.00, -0.04, -0.97
Gyro: -4.27, -0.32, 0.52
Accel: 0.01, -0.05, -0.96
Gyro: -4.61, -1.63, 0.89
Accel: 0.00, -0.05, -0.96
Gyro: -5.52, -3.17, -0.47
Accel: -0.00, -0.03, -0.97
Gyro: -3.76, -3.78, -1.32
Accel: -0.01, -0.05, -0.99
Gyro: -3.49, -3.15, -2.88
Accel: -0.00, -0.03, -0.97
Gyro: -4.75, -2.98, -4.62
Accel: -0.00, -0.01, -0.98
Gyro: -4.24, -2.99, -4.46
Accel: -0.01, -0.01, -0.98
Gyro: -3.54, -3.54, -3.94
Accel: -0.02, 0.00, -0.98
Gyro: -3.77, -4.43, -3.76
Accel: -0.02, 0.01, -0.98
Gyro: -2.93, -4.62, -3.05
Accel: -0.03, -0.00, -0.98
Gyro: -1.90, -4.68, -1.85
Accel: -0.03, -0.01, -0.98
Gyro: -2.24, -4.39, -1.56
Accel: -0.04, -0.01, -0.99
Gyro: -2.20, -4.13, -1.21
Accel: -0.04, -0.01, -0.97
Gyro: -1.37, -3.87, -0.96
Accel: -0.04, -0.01, -0.98
Gyro: -0.98, -3.56, -0.95
Accel: -0.04, -0.01, -0.97
Gyro: -1.23, -3.53, -1.11
Accel: -0.04, -0.03, -0.99
Gyro: -0.88, -4.03, -1.30
Accel: -0.05, -0.01, -0.99
Gyro: -2.11, -2.98, -1.98
Accel: -0.05, -0.00, -0.99
Gyro: -2.10, -1.66, -1.13
Accel: -0.04, -0.02, -0.99
Gyro: -1.84, -1.10, -0.08
Accel: -0.04, -0.03, -0.99
Gyro: -3.08, -0.62, -0.34
Accel: -0.04, -0.01, -0.98
Gyro: -3.06, -0.77, -1.01
Accel: -0.04, -0.02, -0.99
Gyro: -2.73, -0.63, -1.37
Accel: -0.03, -0.01, -0.97
Gyro: -3.54, -0.12, -1.73
