Accel: -0.16, -0.02, -0.97
Gyro: -3.10, -0.56, -2.06
Accel: -0.16, -0.02, -0.97
Gyro: -2.90, -0.27, -1.77
Accel: -0.17, -0.02, -0.96
Gyro: -2.54, -0.47, -1.56
Accel: -0.15, -0.03, -0.96
Gyro: -2.75, -0.28, -1.76
Accel: -0.16, -0.01, -0.98
Gyro: -3.54, -0.55, -2.61
Accel: -0.15, -0.00, -0.96
Gyro: -1.30, -0.58, -1.75
Accel: -0.16, -0.02, -0.98
Gyro: -1.60, -0.56, -1.15
Accel: -0.16, -0.02, -0.96
Gyro: -2.28, -0.53, -0.41
Accel: -0.16, -0.02, -0.97
Gyro: -1.75, -0.50, -0.34
Accel: -0.15, -0.03, -0.97
Gyro: -2.22, -0.56, -1.47
Accel: -0.15, -0.02, -0.96
Gyro: -2.60, -0.85, -2.39
Accel: -0.16, -0.02, -0.97
Gyro: -2.75, -1.24, -2.34
Accel: -0.16, -0.02, -0.97
Gyro: -3.17, -1.64, -1.66
Accel: -0.15, -0.01, -0.97
Gyro: -3.70, -1.11, -1.82
Accel: -0.15, -0.01, -0.96
Gyro: -1.78, -1.14, -0.95
Accel: -0.16, -0.02, -0.96
Gyro: -2.11, -1.08, -0.30
Accel: -0.15, -0.03, -0.95
Gyro: -2.54, -1.56, 0.41
Accel: -0.15, -0.02, -0.97
Gyro: -2.00, -0.94, -0.06
Accel: -0.15, -0.04, -0.96
Gyro: -0.18, -1.03, 0.91
Accel: -0.15, -0.05, -0.95
Gyro: -0.85, -1.53, 1.76
Accel: -0.15, -0.05, -0.97
Gyro: -2.59, -2.65, 1.50
Accel: -0.15, -0.05, -0.97
Gyro: -2.03, -2.00, 1.06
Accel: -0.15, -0.05, -0.95
Gyro: -2.71, -2.94, -0.72
Accel: -0.16, -0.02, -0.96
Gyro: -1.67, -4.40, -1.70
Accel: -0.16, -0.01, -0.97
Gyro: 0.61, -4.69, -0.93
Accel: -0.15, -0.04, -0.97
Gyro: 1.71, -4.91, -1.20
Accel: -0.15, -0.02, -0.96
Gyro: 1.21, -5.38, -3.39
Accel: -0.16, 0.00, -0.96
Gyro: 3.59, -6.32, -2.24
Accel: -0.15, -0.00, -0.96
Gyro: 5.23, -6.73, 1.61
Accel: -0.15, -0.02, -0.94
Gyro: 6.18, -8.35, 4.65
Accel: -0.16, -0.02, -0.94
Gyro: 5.69, -10.25, 6.45
Accel: -0.17, -0.04, -0.90
Gyro: 9.35, -14.24, 7.27
Accel: -0.18, -0.05, -0.88
Gyro: 13.93, -19.55, 6.12
Accel: -0.22, -0.04, -0.97
Gyro: 20.78, -19.31, 10.77
Accel: -0.25, -0.12, -0.94
Gyro: 15.64, -15.66, 17.85
Accel: -0.25, -0.13, -0.91
Gyro: 5.81, -16.31, 19.21
Accel: -0.26, -0.12, -0.89
Gyro: 4.48, -19.20, 20.40
Accel: -0.29, -0.13, -0.93
Gyro: 1.85, -21.92, 19.62
Accel: -0.32, -0.12, -0.98
Gyro: -5.05, -20.10, 15.77
Accel: -0.34, -0.10, -0.97
Gyro: -6.11, -12.95, 11.89
Accel: -0.33, -0.07, -0.93
Gyro: -8.74, -8.21, 9.00
Accel: -0.33, -0.03, -0.91
Gyro: -11.50, -7.77, 7.94
Accel: -0.32, 0.00, -0.90
Gyro: -9.31, -7.74, 9.19
Accel: -0.33, -0.00, -0.96
Gyro: -8.56, -7.41, 9.93
Accel: -0.33, -0.01, -0.96
Gyro: -9.16, -4.10, 9.17
Accel: -0.31, -0.03, -0.97
Gyro: -10.42, -2.25, 6.40
Accel: -0.28, -0.04, -0.96
Gyro: -11.26, -0.63, 0.56
Accel: -0.26, -0.03, -0.93
Gyro: -5.13, -2.94, -4.73
Accel: -0.28, 0.00, -0.99
Gyro: -1.66, -3.38, -6.52
Accel: -0.28, -0.02, -0.99
Gyro: -2.91, -0.57, -4.01
Accel: -0.29, -0.03, -0.98
Gyro: -10.37, 3.53, -3.27
Accel: -0.27, -0.01, -0.97
Gyro: -16.97, 6.47, -3.20
Accel: -0.25, 0.03, -0.94
Gyro: -19.19, 6.93, -2.93
Accel: -0.24, 0.04, -0.92
Gyro: -17.51, 6.71, -2.96
Accel: -0.22, 0.05, -0.92
Gyro: -16.49, 5.03, -5.14
Accel: -0.22, 0.08, -0.90
Gyro: -13.72, -0.49, -4.78
Accel: -0.24, 0.09, -0.92
Gyro: -10.64, -6.03, -2.01
Accel: -0.25, 0.05, -0.89
Gyro: -6.00, -11.70, 2.08
Accel: -0.26, -0.03, -0.94
Gyro: -10.67, -14.46, 1.28
Accel: -0.30, -0.02, -0.96
Gyro: -21.77, -11.10, -8.06
Accel: -0.29, 0.05, -0.90
Gyro: -21.39, -8.35, -15.43
Accel: -0.30, 0.08, -0.89
Gyro: -18.66, -11.34, -20.32
Accel: -0.35, 0.10, -0.92
Gyro: -14.85, -12.00, -22.96
Accel: -0.37, 0.14, -0.94
Gyro: -6.59, -10.78, -20.90
Accel: -0.39, 0.13, -0.96
Gyro: -0.55, -9.30, -13.09
Accel: -0.39, 0.08, -0.97
Gyro: -0.15, -5.17, -5.71
Accel: -0.38, 0.04, -0.96
Gyro: -2.69, 1.15, -0.92
Accel: -0.35, 0.01, -0.94
Gyro: -4.03, 4.03, 0.12
Accel: -0.32, 0.02, -0.91
Gyro: -4.10, 5.36, -1.14
Accel: -0.31, 0.01, -0.91
Gyro: -3.31, 4.23, -2.65
Accel: -0.30, 0.03, -0.90
Gyro: -3.91, 2.30, -3.80
Accel: -0.30, 0.02, -0.90
Gyro: -3.53, -0.04, -3.20
Accel: -0.32, 0.03, -0.93
Gyro: -4.30, 0.00, -2.28
Accel: -0.33, 0.04, -0.93
Gyro: -4.13, 0.43, -2.64
Accel: -0.33, 0.05, -0.93
Gyro: -3.64, 0.31, -2.91
Accel: -0.33, 0.07, -0.94
Gyro: -2.24, -0.28, -2.32
Accel: -0.34, 0.06, -0.96
Gyro: -2.50, 1.92, -0.69
Accel: -0.33, 0.05, -0.94
Gyro: -2.75, 3.98, 0.43
Accel: -0.32, 0.05, -0.93
Gyro: -3.50, 5.21, 0.89
Accel: -0.31, 0.05, -0.93
Gyro: -3.23, 5.26, -0.31
Accel: -0.30, 0.04, -0.94
Gyro: -2.92, 5.59, -1.85
Accel: -0.29, 0.05, -0.92
Gyro: -2.62, 5.55, -2.30
Accel: -0.27, 0.06, -0.91
Gyro: -4.76, 4.67, -2.72
Accel: -0.27, 0.05, -0.92
Gyro: -4.61, 2.85, -2.56
Accel: -0.27, 0.05, -0.91
Gyro: -5.18, 1.07, -2.82
Accel: -0.28, 0.06, -0.93
Gyro: -7.23, -0.79, -2.77
Accel: -0.29, 0.07, -0.93
Gyro: -7.97, -0.85, -2.56
Accel: -0.29, 0.07, -0.92
Gyro: -7.06, -0.88, -3.09
Accel: -0.30, 0.08, -0.94
Gyro: -5.97, -0.93, -4.24
Accel: -0.30, 0.09, -0.93
Gyro: -3.99, -1.18, -4.43
Accel: -0.29, 0.09, -0.93
Gyro: -3.06, -0.75, -3.36
Accel: -0.30, 0.09, -0.93
Gyro: -2.86, -1.24, -2.29
Accel: -0.30, 0.08, -0.93
Gyro: -1.96, -0.91, -0.99
Accel: -0.30, 0.07, -0.92
Gyro: -1.47, -0.17, -1.68
Accel: -0.30, 0.07, -0.93
Gyro: -1.56, -0.64, -2.03
Accel: -0.30, 0.08, -0.94
Gyro: -1.22, -0.36, -1.72
Accel: -0.30, 0.08, -0.94
Gyro: -1.56, -0.21, -1.15
Accel: -0.30, 0.08, -0.94
Gyro: -0.96, -0.08, 0.34
Accel: -0.30, 0.07, -0.94
Gyro: -0.21, 0.06, 0.56
Accel: -0.29, 0.06, -0.92
Gyro: 0.27, -0.11, -0.16
Accel: -0.29, 0.06, -0.92
Gyro: 0.36, -0.60, -0.82
