Accel: -0.13, -0.01, -0.97
Gyro: -2.30, -1.59, -1.65
Accel: -0.14, -0.02, -0.97
Gyro: -2.08, -1.37, -1.41
Accel: -0.14, -0.02, -0.98
Gyro: -2.21, -1.20, -1.30
Accel: -0.13, -0.02, -0.98
Gyro: -2.30, -0.66, -0.82
Accel: -0.13, -0.02, -0.97
Gyro: -1.87, -0.43, -0.61
Accel: -0.13, -0.02, -0.97
Gyro: -2.47, -0.41, -1.10
Accel: -0.13, -0.01, -0.98
Gyro: -1.69, 0.24, -1.16
Accel: -0.13, -0.01, -0.97
Gyro: -0.20, -0.23, -0.67
Accel: -0.13, -0.02, -0.97
Gyro: -1.36, -0.45, -0.45
Accel: -0.12, -0.01, -0.96
Gyro: -1.59, -0.30, -0.21
Accel: -0.13, -0.03, -0.97
Gyro: -0.92, -0.85, 0.02
Accel: -0.12, -0.03, -0.97
Gyro: -1.71, -0.70, -0.88
Accel: -0.12, -0.03, -0.97
Gyro: -1.62, -0.83, -1.31
Accel: -0.13, -0.03, -0.96
Gyro: -1.55, -1.31, -1.46
Accel: -0.13, -0.02, -0.98
Gyro: -2.49, -1.27, -1.57
Accel: -0.14, -0.01, -0.97
Gyro: -2.33, -0.87, -1.58
Accel: -0.13, -0.02, -0.97
Gyro: -1.43, -1.42, -0.91
Accel: -0.14, -0.03, -0.97
Gyro: -2.74, -0.91, -1.02
Accel: -0.13, -0.02, -0.97
Gyro: -2.50, -0.63, -0.96
Accel: -0.13, -0.02, -0.98
Gyro: -1.35, -0.77, -0.98
Accel: -0.13, -0.02, -0.97
Gyro: -1.51, -0.80, -1.22
Accel: -0.14, -0.02, -0.97
Gyro: -1.11, -0.79, -0.67
Accel: -0.12, -0.02, -0.97
Gyro: -1.07, -0.76, 0.01
Accel: -0.13, -0.03, -0.97
Gyro: -1.37, -0.63, 0.11
Accel: -0.13, -0.03, -0.97
Gyro: -1.53, -1.06, -0.20
Accel: -0.13, -0.03, -0.97
Gyro: -1.47, -1.49, -0.51
Accel: -0.13, -0.03, -0.97
Gyro: -1.53, -1.07, -0.90
Accel: -0.13, -0.03, -0.96
Gyro: -1.69, -1.10, -0.84
Accel: -0.13, -0.02, -0.97
Gyro: -1.64, -1.33, -0.83
Accel: -0.13, -0.02, -0.97
Gyro: -1.98, -1.17, -0.60
Accel: -0.14, -0.02, -0.98
Gyro: -1.62, -0.83, -0.36
Accel: -0.13, -0.03, -0.95
Gyro: -1.96, -0.64, -0.99
Accel: -0.14, -0.02, -0.98
Gyro: -2.62, -1.07, -1.25
Accel: -0.13, -0.02, -0.96
Gyro: -0.87, -0.71, -0.62
Accel: -0.13, -0.03, -0.97
Gyro: -1.53, -0.85, -0.86
Accel: -0.13, -0.03, -0.98
Gyro: -2.15, -0.97, -0.79
Accel: -0.13, -0.03, -0.97
Gyro: -1.72, -1.24, -0.56
Accel: -0.14, -0.03, -0.97
Gyro: -2.24, -1.27, -0.81
Accel: -0.14, -0.03, -0.97
Gyro: -2.33, -1.09, -1.17
Accel: -0.13, -0.03, -0.96
Gyro: -2.27, -1.43, -1.17
Accel: -0.13, -0.03, -0.98
Gyro: -2.36, -1.75, -1.18
Accel: -0.14, -0.03, -0.97
Gyro: -3.05, -0.98, -1.53
Accel: -0.14, -0.03, -0.97
Gyro: -1.60, -1.60, -0.70
Accel: -0.14, -0.03, -0.97
Gyro: -2.77, -1.65, -1.27
Accel: -0.14, -0.02, -0.97
Gyro: -3.28, -1.03, -1.14
Accel: -0.14, -0.02, -0.96
Gyro: -2.25, -1.01, -1.20
Accel: -0.14, -0.03, -0.97
Gyro: -2.01, -0.72, -1.34
Accel: -0.14, -0.02, -0.97
Gyro: -1.63, -0.97, -0.93
Accel: -0.14, -0.03, -0.97
Gyro: -1.61, -0.53, -0.50
Accel: -0.13, -0.02, -0.98
Gyro: -1.64, -0.26, -0.23
Accel: -0.14, -0.03, -0.97
Gyro: -2.02, -0.28, -0.52
Accel: -0.14, -0.02, -0.97
Gyro: -2.04, -0.37, -1.00
Accel: -0.14, -0.03, -0.96
Gyro: -2.01, -0.49, -1.39
Accel: -0.14, -0.03, -0.97
Gyro: -2.10, -0.60, -1.05
Accel: -0.13, -0.02, -0.96
Gyro: -2.08, -0.72, -1.19
Accel: -0.13, -0.02, -0.96
Gyro: -2.01, -1.10, -1.31
Accel: -0.14, -0.02, -0.97
Gyro: -1.30, -2.06, -1.46
Accel: -0.13, -0.03, -0.97
Gyro: -0.45, -1.95, -0.97
Accel: -0.14, -0.02, -0.96
Gyro: -1.81, -1.75, -1.08
Accel: -0.14, -0.02, -0.98
Gyro: -1.69, -1.82, -0.44
Accel: -0.14, -0.02, -0.97
Gyro: -0.12, -1.76, -0.09
Accel: -0.15, -0.03, -0.98
Gyro: -1.34, -1.57, -0.38
Accel: -0.15, -0.02, -0.96
Gyro: -0.97, -1.23, -0.14
Accel: -0.15, -0.03, -0.97
Gyro: 0.01, -0.89, 0.50
Accel: -0.15, -0.03, -0.97
Gyro: -0.39, -0.80, 0.50
Accel: -0.15, -0.04, -0.98
Gyro: -0.14, -0.81, 0.11
Accel: -0.14, -0.04, -0.97
Gyro: 0.02, -0.82, -0.13
Accel: -0.14, -0.03, -0.97
Gyro: -0.79, -0.68, -0.51
Accel: -0.13, -0.03, -0.97
Gyro: -0.42, -0.42, -0.49
Accel: -0.15, -0.03, -0.97
Gyro: -0.09, -0.88, -0.14
Accel: -0.14, -0.04, -0.97
Gyro: -1.13, -1.06, -0.19
Accel: -0.14, -0.03, -0.96
Gyro: -0.75, -0.76, -0.14
Accel: -0.14, -0.05, -0.97
Gyro: -0.37, -1.17, -0.50
Accel: -0.15, -0.04, -0.97
Gyro: -0.59, -0.82, -0.94
Accel: -0.15, -0.04, -0.97
Gyro: -0.37, -0.72, -0.63
Accel: -0.15, -0.04, -0.98
Gyro: -0.47, -0.31, -0.31
Accel: -0.14, -0.04, -0.97
Gyro: -0.75, -0.42, 0.01
Accel: -0.15, -0.04, -0.97
Gyro: -1.27, -0.47, -0.33
Accel: -0.15, -0.04, -0.96
Gyro: -1.42, -0.66, -1.06
Accel: -0.14, -0.04, -0.97
Gyro: -1.40, -0.74, -1.03
Accel: -0.14, -0.03, -0.96
Gyro: -1.42, -0.91, -1.20
Accel: -0.14, -0.03, -0.96
Gyro: -0.98, -1.21, -0.53
Accel: -0.14, -0.03, -0.98
Gyro: -0.88, -1.44, -0.40
Accel: -0.15, -0.04, -0.96
Gyro: -0.03, -1.22, -0.16
Accel: -0.14, -0.04, -0.96
Gyro: -1.04, -1.11, -0.26
Accel: -0.15, -0.02, -0.97
Gyro: -0.27, -0.52, -0.18
Accel: -0.14, -0.04, -0.97
Gyro: 2.11, -0.67, 0.81
Accel: -0.15, -0.04, -0.96
Gyro: 1.70, -0.78, 0.37
Accel: -0.15, -0.04, -0.96
Gyro: 2.24, -1.33, 0.29
Accel: -0.15, -0.05, -0.96
Gyro: 3.59, -1.56, 0.89
Accel: -0.15, -0.05, -0.97
Gyro: 2.70, -1.60, 1.21
Accel: -0.14, -0.05, -0.97
Gyro: 2.67, -1.17, 2.10
Accel: -0.14, -0.06, -0.96
Gyro: 2.89, -1.50, 2.59
Accel: -0.15, -0.07, -0.96
Gyro: 2.27, -1.59, 2.45
Accel: -0.14, -0.05, -0.96
Gyro: 2.46, -1.08, 2.42
Accel: -0.14, -0.07, -0.97
Gyro: 3.18, -1.42, 3.23
Accel: -0.15, -0.08, -0.96
Gyro: 2.30, -1.66, 2.86
Accel: -0.14, -0.07, -0.96
Gyro: 2.04, -2.19, 2.56
Accel: -0.15, -0.08, -0.96
Gyro: 2.21, -2.70, 2.36
Accel: -0.15, -0.08, -0.96
Gyro: 1.63, -2.91, 2.12
Accel: -0.15, -0.09, -0.96
Gyro: 1.53, -2.89, 1.78
