Accel: -0.08, 0.01, -0.98
Gyro: 1.82, 1.06, 1.43
Accel: -0.07, 0.00, -0.97
Gyro: 1.11, 0.53, 0.22
Accel: -0.08, -0.00, -0.98
Gyro: -0.52, 0.28, 0.04
Accel: -0.07, 0.02, -0.98
Gyro: -1.95, 0.90, -0.43
Accel: -0.08, 0.01, -0.97
Gyro: -1.22, 0.19, -0.15
Accel: -0.08, 0.01, -0.97
Gyro: -2.28, 0.40, -0.34
Accel: -0.07, 0.02, -0.96
Gyro: -2.27, -0.25, -0.14
Accel: -0.06, 0.02, -0.97
Gyro: -2.00, -0.61, -0.14
Accel: -0.07, 0.01, -0.98
Gyro: -2.01, -0.77, -0.64
Accel: -0.07, 0.01, -0.97
Gyro: -2.12, -1.44, -1.52
Accel: -0.07, 0.01, -0.98
Gyro: -2.80, -1.79, -1.27
Accel: -0.07, 0.01, -0.98
Gyro: -3.65, -1.36, -1.50
Accel: -0.08, 0.01, -0.97
Gyro: -4.48, -1.39, -2.14
Accel: -0.08, 0.02, -0.97
Gyro: -4.52, -2.22, -2.61
Accel: -0.08, 0.02, -0.96
Gyro: -4.48, -2.26, -2.77
Accel: -0.08, 0.02, -0.97
Gyro: -4.43, -2.81, -2.70
Accel: -0.08, 0.01, -0.96
Gyro: -4.65, -2.84, -3.26
Accel: -0.08, 0.03, -0.96
Gyro: -5.52, -3.38, -2.81
Accel: -0.07, 0.03, -0.97
Gyro: -6.19, -4.40, -1.83
Accel: -0.08, 0.01, -0.96
Gyro: -6.34, -4.21, -3.16
Accel: -0.09, 0.03, -0.99
Gyro: -6.22, -3.88, -5.90
Accel: -0.09, 0.04, -0.97
Gyro: -4.67, -4.26, -5.38
Accel: -0.09, 0.05, -0.98
Gyro: -5.81, -3.77, -4.52
Accel: -0.10, 0.05, -0.97
Gyro: -6.04, -3.24, -3.52
Accel: -0.11, 0.04, -0.98
Gyro: -5.46, -2.37, -4.07
Accel: -0.09, 0.04, -0.97
Gyro: -5.64, -1.74, -5.33
Accel: -0.09, 0.04, -0.96
Gyro: -5.87, -2.67, -5.79
Accel: -0.09, 0.04, -0.97
Gyro: -6.44, -3.47, -5.36
Accel: -0.09, 0.04, -0.96
Gyro: -7.71, -3.69, -5.90
Accel: -0.08, 0.06, -0.97
Gyro: -7.33, -3.70, -6.21
Accel: -0.09, 0.07, -0.96
Gyro: -5.84, -5.36, -5.30
Accel: -0.09, 0.06, -0.96
Gyro: -5.71, -6.06, -4.79
Accel: -0.10, 0.07, -0.97
Gyro: -5.39, -5.97, -4.28
Accel: -0.11, 0.06, -0.96
Gyro: -5.42, -5.90, -4.08
Accel: -0.11, 0.07, -0.96
Gyro: -5.31, -6.43, -4.09
Accel: -0.12, 0.07, -0.98
Gyro: -4.92, -6.70, -3.30
Accel: -0.13, 0.06, -0.97
Gyro: -4.94, -5.55, -2.99
Accel: -0.13, 0.06, -0.97
Gyro: -5.07, -5.46, -3.68
Accel: -0.12, 0.07, -0.96
Gyro: -5.31, -5.25, -4.45
Accel: -0.13, 0.08, -0.97
Gyro: -4.39, -4.46, -4.67
Accel: -0.13, 0.08, -0.97
Gyro: -3.76, -4.78, -4.39
Accel: -0.13, 0.08, -0.99
Gyro: -3.43, -4.19, -4.07
Accel: -0.14, 0.08, -0.97
Gyro: -2.74, -3.25, -3.42
Accel: -0.14, 0.09, -0.97
Gyro: -2.40, -2.78, -2.72
Accel: -0.14, 0.09, -0.97
Gyro: -2.14, -2.27, -2.06
Accel: -0.13, 0.07, -0.97
Gyro: -1.56, -2.26, -1.37
Accel: -0.14, 0.07, -0.97
Gyro: -2.24, -1.85, -1.79
Accel: -0.13, 0.08, -0.96
Gyro: -2.30, -2.21, -2.22
Accel: -0.14, 0.08, -0.96
Gyro: -0.05, -2.76, -1.07
Accel: -0.14, 0.08, -0.96
Gyro: -0.67, -2.14, -0.49
Accel: -0.15, 0.07, -0.97
Gyro: -1.02, -1.72, -0.50
Accel: -0.15, 0.07, -0.97
Gyro: -0.24, -1.36, -0.70
Accel: -0.15, 0.06, -0.98
Gyro: -0.48, -1.13, -1.24
Accel: -0.14, 0.07, -0.96
Gyro: -0.92, -0.69, -1.43
Accel: -0.14, 0.06, -0.97
Gyro: -0.41, -1.34, -0.88
Accel: -0.13, 0.05, -0.97
Gyro: -1.11, -1.14, -1.07
Accel: -0.14, 0.07, -0.97
Gyro: -0.92, -0.86, -1.42
Accel: -0.14, 0.06, -0.97
Gyro: -0.60, -0.50, -0.80
Accel: -0.15, 0.05, -0.96
Gyro: -1.63, -0.51, -1.36
Accel: -0.14, 0.05, -0.96
Gyro: -1.74, -0.48, -1.59
Accel: -0.14, 0.05, -0.96
Gyro: -1.50, -0.59, -2.32
Accel: -0.14, 0.05, -0.97
Gyro: -1.82, -0.43, -2.72
Accel: -0.15, 0.06, -0.97
Gyro: -1.98, -0.55, -2.62
Accel: -0.16, 0.05, -0.98
Gyro: -2.14, 0.25, -1.91
Accel: -0.14, 0.05, -0.97
Gyro: -2.80, 1.09, -1.19
Accel: -0.14, 0.05, -0.96
Gyro: -4.05, 1.14, -0.36
Accel: -0.14, 0.06, -0.96
Gyro: -4.79, 0.43, 0.96
Accel: -0.13, 0.06, -0.95
Gyro: -5.46, 0.31, 2.22
Accel: -0.12, 0.06, -0.96
Gyro: -5.26, -1.07, 2.65
Accel: -0.13, 0.06, -0.97
Gyro: -5.04, -1.36, 2.82
Accel: -0.13, 0.06, -0.96
Gyro: -5.23, -1.27, 3.84
Accel: -0.14, 0.07, -0.96
Gyro: -5.19, -0.89, 5.19
Accel: -0.14, 0.06, -0.97
Gyro: -5.18, -0.45, 5.56
Accel: -0.14, 0.07, -0.97
Gyro: -5.42, -0.60, 4.71
Accel: -0.13, 0.08, -0.95
Gyro: -4.58, -0.82, 6.21
Accel: -0.13, 0.07, -0.95
Gyro: -6.56, -1.72, 6.70
Accel: -0.13, 0.07, -0.95
Gyro: -8.19, -2.27, 7.12
Accel: -0.13, 0.07, -0.96
Gyro: -7.32, -3.31, 5.24
Accel: -0.14, 0.08, -0.95
Gyro: -6.79, -3.11, 3.35
Accel: -0.14, 0.09, -0.96
Gyro: -6.45, -3.82, 2.63
Accel: -0.15, 0.10, -0.97
Gyro: -6.49, -3.23, 3.61
Accel: -0.15, 0.09, -0.97
Gyro: -7.12, -2.77, 4.59
Accel: -0.15, 0.11, -0.96
Gyro: -8.03, -2.04, 5.20
Accel: -0.15, 0.10, -0.97
Gyro: -6.87, -1.85, 5.88
Accel: -0.14, 0.11, -0.97
Gyro: -7.39, -1.65, 5.88
Accel: -0.14, 0.11, -0.96
Gyro: -7.28, -1.78, 6.11
Accel: -0.15, 0.12, -0.97
Gyro: -6.74, -1.91, 6.19
Accel: -0.15, 0.12, -0.95
Gyro: -7.13, -1.70, 5.55
Accel: -0.14, 0.12, -0.95
Gyro: -6.70, -1.88, 5.20
Accel: -0.14, 0.13, -0.95
Gyro: -6.00, -2.46, 4.68
Accel: -0.15, 0.13, -0.96
Gyro: -5.50, -2.01, 4.42
Accel: -0.14, 0.14, -0.96
Gyro: -5.30, -2.56, 4.11
Accel: -0.15, 0.16, -0.95
Gyro: -4.66, -2.91, 4.78
Accel: -0.15, 0.18, -0.96
Gyro: -4.07, -2.64, 6.46
Accel: -0.16, 0.18, -0.97
Gyro: -2.04, -2.00, 9.22
Accel: -0.16, 0.17, -0.96
Gyro: -0.85, -1.25, 10.92
Accel: -0.15, 0.15, -0.95
Gyro: 0.38, -1.00, 10.37
Accel: -0.15, 0.13, -0.96
Gyro: 1.30, -1.28, 8.06
Accel: -0.14, 0.14, -0.95
Gyro: 0.98, -1.36, 6.26
Accel: -0.15, 0.18, -0.96
Gyro: 1.81, -2.00, 6.28
Accel: -0.15, 0.16, -0.94
Gyro: 5.39, -2.72, 8.00
