Accel: -0.14, -0.09, -1.01
Gyro: -1.34, 12.00, 2.38
Accel: -0.14, -0.09, -1.01
Gyro: 1.62, 17.43, 3.04
Accel: -0.12, -0.09, -0.97
Gyro: 2.53, 20.59, 3.40
Accel: -0.10, -0.09, -0.93
Gyro: 1.90, 18.97, 4.94
Accel: -0.08, -0.09, -0.94
Gyro: 1.18, 16.78, 6.51
Accel: -0.08, -0.09, -0.96
Gyro: 1.20, 14.56, 8.12
Accel: -0.07, -0.10, -0.94
Gyro: 0.29, 13.07, 8.61
Accel: -0.06, -0.10, -0.94
Gyro: 0.02, 11.04, 9.05
Accel: -0.08, -0.09, -0.96
Gyro: -0.60, 8.13, 9.62
Accel: -0.07, -0.08, -0.98
Gyro: -0.70, 8.74, 10.89
Accel: -0.06, -0.08, -0.98
Gyro: 0.77, 10.45, 12.91
Accel: -0.05, -0.09, -0.96
Gyro: 2.37, 10.25, 14.37
Accel: -0.05, -0.10, -0.96
Gyro: 3.42, 9.89, 15.26
Accel: -0.04, -0.10, -0.97
Gyro: 4.30, 10.19, 14.80
Accel: -0.03, -0.10, -0.96
Gyro: 7.16, 10.92, 14.20
Accel: -0.02, -0.11, -0.96
Gyro: 7.74, 10.70, 12.93
Accel: -0.00, -0.10, -0.95
Gyro: 8.61, 10.21, 10.57
Accel: -0.01, -0.08, -0.95
Gyro: 10.12, 9.71, 11.36
Accel: 0.01, -0.07, -0.97
Gyro: 10.94, 10.35, 14.11
Accel: 0.02, -0.07, -0.95
Gyro: 14.28, 11.73, 19.94
Accel: 0.03, -0.12, -0.92
Gyro: 16.91, 10.45, 24.15
Accel: 0.03, -0.16, -0.90
Gyro: 20.25, 4.88, 27.54
Accel: 0.02, -0.21, -0.91
Gyro: 22.83, -0.58, 29.62
Accel: -0.00, -0.30, -0.91
Gyro: 23.45, -5.39, 29.59
Accel: -0.02, -0.38, -0.95
Gyro: 16.49, -5.96, 24.25
Accel: -0.03, -0.38, -0.94
Gyro: 10.00, -4.55, 19.25
Accel: -0.01, -0.40, -0.95
Gyro: 2.38, -5.16, 14.63
Accel: -0.00, -0.38, -0.95
Gyro: -6.70, -6.26, 8.91
Accel: 0.01, -0.32, -0.95
Gyro: -13.71, -7.14, 4.59
Accel: -0.00, -0.27, -0.96
Gyro: -16.82, -7.54, 1.35
Accel: -0.00, -0.24, -0.97
Gyro: -18.77, -6.72, -1.60
Accel: 0.01, -0.22, -0.95
Gyro: -19.93, -6.58, -4.00
Accel: 0.02, -0.18, -0.93
Gyro: -20.20, -6.68, -5.66
Accel: 0.01, -0.15, -0.91
Gyro: -19.57, -8.82, -3.48
Accel: 0.01, -0.13, -0.91
Gyro: -18.05, -12.37, 1.55
Accel: -0.01, -0.16, -0.90
Gyro: -19.01, -15.20, 5.36
Accel: -0.03, -0.16, -0.91
Gyro: -19.15, -19.59, 6.52
Accel: -0.05, -0.23, -0.95
Gyro: -20.55, -18.08, 5.70
Accel: -0.07, -0.23, -0.92
Gyro: -24.59, -21.54, -6.66
Accel: -0.09, -0.16, -0.94
Gyro: -29.62, -25.60, -15.99
Accel: -0.12, -0.08, -0.99
Gyro: -32.28, -23.39, -18.59
Accel: -0.15, -0.01, -0.98
Gyro: -28.64, -20.37, -15.62
Accel: -0.17, -0.02, -0.98
Gyro: -25.71, -16.37, -9.66
Accel: -0.20, -0.07, -0.97
Gyro: -24.14, -14.87, -10.68
Accel: -0.21, -0.06, -1.00
Gyro: -19.04, -14.01, -19.85
Accel: -0.21, 0.02, -1.00
Gyro: -10.57, -10.32, -24.93
Accel: -0.20, 0.07, -0.99
Gyro: -6.23, -8.51, -21.33
Accel: -0.20, 0.05, -0.98
Gyro: -0.52, -7.89, -16.12
Accel: -0.18, 0.05, -1.01
Gyro: -1.76, -6.53, -11.92
Accel: -0.18, 0.05, -0.99
Gyro: -0.17, -6.06, -7.65
Accel: -0.19, 0.03, -0.98
Gyro: -0.12, -4.84, -3.84
Accel: -0.18, -0.01, -0.97
Gyro: 2.34, -4.94, -2.43
Accel: -0.18, -0.04, -0.98
Gyro: 3.57, -3.74, -4.59
Accel: -0.19, -0.03, -0.96
Gyro: 2.69, -2.10, -4.41
Accel: -0.17, -0.01, -0.97
Gyro: 2.82, -1.30, -0.49
Accel: -0.18, -0.02, -0.97
Gyro: 3.02, -0.98, 3.34
Accel: -0.18, -0.04, -0.95
Gyro: 2.96, -1.54, 4.98
Accel: -0.18, -0.08, -0.97
Gyro: 3.00, -1.47, 4.78
Accel: -0.18, -0.08, -0.97
Gyro: 3.04, -1.23, 2.73
Accel: -0.17, -0.08, -0.99
Gyro: 2.13, 1.69, 2.25
Accel: -0.17, -0.10, -0.97
Gyro: 1.67, 2.55, 1.41
Accel: -0.16, -0.09, -0.96
Gyro: 0.47, 3.62, 0.35
Accel: -0.15, -0.09, -0.95
Gyro: -0.01, 1.59, -0.82
Accel: -0.13, -0.07, -0.94
Gyro: -0.34, -0.44, 0.40
Accel: -0.15, -0.06, -0.94
Gyro: 0.51, -2.65, 3.91
Accel: -0.15, -0.11, -0.96
Gyro: 1.61, -1.49, 3.76
Accel: -0.16, -0.11, -0.96
Gyro: 1.33, -1.33, -0.45
Accel: -0.16, -0.07, -0.95
Gyro: 2.88, -1.45, 0.11
Accel: -0.16, -0.09, -0.93
Gyro: 2.83, -3.75, 2.82
Accel: -0.19, -0.11, -0.97
Gyro: 1.10, -3.24, 2.94
Accel: -0.18, -0.10, -0.96
Gyro: 0.50, -2.77, 1.45
Accel: -0.18, -0.11, -0.94
Gyro: -1.27, -3.77, 0.27
Accel: -0.19, -0.10, -0.95
Gyro: -1.69, -4.28, -1.08
Accel: -0.19, -0.10, -0.96
Gyro: -2.19, -3.49, -1.51
Accel: -0.20, -0.10, -0.98
Gyro: -2.42, -2.34, -1.77
Accel: -0.19, -0.10, -0.98
Gyro: -3.58, -0.92, -2.59
Accel: -0.19, -0.08, -0.96
Gyro: -4.50, 0.30, -2.04
Accel: -0.18, -0.08, -0.97
Gyro: -5.29, 1.15, -1.55
Accel: -0.18, -0.07, -0.97
Gyro: -5.66, 2.17, -1.82
Accel: -0.18, -0.07, -0.96
Gyro: -5.05, 1.89, -2.14
Accel: -0.16, -0.06, -0.95
Gyro: -3.62, 1.85, -1.99
Accel: -0.16, -0.06, -0.95
Gyro: -2.62, 1.21, -1.39
Accel: -0.16, -0.05, -0.96
Gyro: -2.05, 0.27, 0.20
Accel: -0.16, -0.06, -0.95
Gyro: -1.48, -1.20, 1.79
Accel: -0.16, -0.07, -0.97
Gyro: -1.19, -2.44, 2.76
Accel: -0.17, -0.08, -0.97
Gyro: 0.18, -1.69, 2.15
Accel: -0.17, -0.10, -0.96
Gyro: 1.40, -1.35, 0.16
Accel: -0.17, -0.09, -0.95
Gyro: 1.69, -1.58, -0.92
Accel: -0.19, -0.10, -0.96
Gyro: 1.11, -1.51, -0.89
Accel: -0.18, -0.10, -0.96
Gyro: -0.52, -1.15, -0.14
Accel: -0.18, -0.10, -0.96
Gyro: -0.91, -0.69, 0.04
Accel: -0.18, -0.11, -0.95
Gyro: -2.10, 0.12, -0.66
Accel: -0.18, -0.10, -0.97
Gyro: -2.26, -0.24, -2.44
Accel: -0.18, -0.10, -0.94
Gyro: -0.66, 0.44, -2.17
Accel: -0.18, -0.10, -0.95
Gyro: -2.27, -0.01, -2.01
Accel: -0.18, -0.09, -0.96
Gyro: -2.78, 0.26, -2.17
Accel: -0.18, -0.10, -0.94
Gyro: -2.82, 1.04, -2.12
Accel: -0.18, -0.10, -0.95
Gyro: -2.63, 0.31, -2.91
Accel: -0.17, -0.08, -0.95
Gyro: -3.24, -0.24, -2.66
Accel: -0.17, -0.08, -0.96
Gyro: -2.49, -0.49, -1.94
Accel: -0.17, -0.09, -0.96
Gyro: -3.01, -0.58, -2.11
