Accel: -0.28, -0.08, -0.91
Gyro: -8.25, -9.57, -1.11
Accel: -0.28, -0.10, -0.90
Gyro: -10.96, -11.38, -3.26
Accel: -0.27, -0.11, -0.88
Gyro: -14.21, -14.68, -6.94
Accel: -0.29, -0.09, -0.89
Gyro: -17.61, -18.60, -10.08
Accel: -0.29, -0.05, -0.90
Gyro: -19.10, -21.46, -11.09
Accel: -0.30, -0.05, -0.88
Gyro: -19.75, -25.70, -11.05
Accel: -0.34, -0.03, -0.96
Gyro: -23.21, -23.17, -12.55
Accel: -0.35, -0.01, -0.91
Gyro: -21.35, -20.94, -12.51
Accel: -0.35, -0.01, -0.89
Gyro: -20.59, -22.40, -13.12
Accel: -0.37, 0.01, -0.91
Gyro: -21.32, -22.35, -13.80
Accel: -0.38, 0.02, -0.90
Gyro: -19.85, -23.22, -13.23
Accel: -0.41, 0.02, -0.92
Gyro: -19.64, -21.75, -13.24
Accel: -0.44, 0.05, -0.93
Gyro: -19.45, -17.50, -12.74
Accel: -0.44, 0.06, -0.90
Gyro: -16.88, -15.27, -11.51
Accel: -0.45, 0.08, -0.91
Gyro: -14.34, -11.76, -9.51
Accel: -0.45, 0.10, -0.89
Gyro: -11.65, -9.31, -6.71
Accel: -0.46, 0.08, -0.89
Gyro: -10.70, -8.26, -4.48
Accel: -0.46, 0.08, -0.92
Gyro: -8.11, -4.63, -4.14
Accel: -0.45, 0.07, -0.87
Gyro: -5.56, -2.80, -4.15
Accel: -0.45, 0.07, -0.86
Gyro: -5.52, -4.21, -4.25
Accel: -0.45, 0.05, -0.89
Gyro: -4.79, -3.40, -4.50
Accel: -0.44, 0.07, -0.88
Gyro: -4.30, -1.68, -4.47
Accel: -0.43, 0.05, -0.86
Gyro: -5.10, -1.46, -4.71
Accel: -0.45, 0.06, -0.88
Gyro: -5.49, -2.29, -4.54
Accel: -0.44, 0.08, -0.88
Gyro: -3.59, -1.90, -2.79
Accel: -0.44, 0.06, -0.90
Gyro: -3.53, -0.64, -2.69
Accel: -0.44, 0.04, -0.88
Gyro: -2.06, -0.37, -4.78
Accel: -0.43, 0.04, -0.88
Gyro: -0.11, -0.39, -7.93
Accel: -0.43, 0.04, -0.87
Gyro: 0.35, -1.12, -10.50
Accel: -0.42, 0.04, -0.87
Gyro: -0.34, -1.02, -10.33
Accel: -0.43, 0.07, -0.87
Gyro: -1.19, -1.32, -7.82
Accel: -0.42, 0.06, -0.86
Gyro: -1.74, -3.78, -3.77
Accel: -0.43, 0.04, -0.89
Gyro: -1.84, -3.65, -3.20
Accel: -0.43, 0.01, -0.85
Gyro: 2.56, -2.92, -6.72
Accel: -0.43, -0.01, -0.86
Gyro: 4.96, -3.99, -12.62
Accel: -0.45, 0.01, -0.87
Gyro: 4.39, -4.25, -16.41
Accel: -0.45, 0.05, -0.87
Gyro: 3.04, -4.63, -13.96
Accel: -0.46, 0.05, -0.87
Gyro: 2.24, -4.50, -8.76
Accel: -0.46, 0.04, -0.86
Gyro: 1.56, -3.65, -4.39
Accel: -0.47, 0.03, -0.88
Gyro: 0.80, -3.44, -1.72
Accel: -0.47, 0.01, -0.86
Gyro: -0.52, -2.73, 0.41
Accel: -0.46, -0.00, -0.88
Gyro: -1.67, -1.36, 0.95
Accel: -0.45, -0.00, -0.87
Gyro: -1.88, -0.71, -0.14
Accel: -0.45, 0.01, -0.87
Gyro: -2.52, -1.17, -1.41
Accel: -0.45, 0.01, -0.87
Gyro: -2.48, -0.91, -1.94
Accel: -0.46, 0.02, -0.86
Gyro: -2.14, -0.06, -1.72
Accel: -0.46, 0.02, -0.86
Gyro: -1.70, -0.19, -1.00
Accel: -0.46, 0.02, -0.88
Gyro: -1.65, 0.18, -0.56
Accel: -0.46, 0.02, -0.88
Gyro: -0.84, 0.59, -0.42
Accel: -0.46, 0.01, -0.88
Gyro: -0.69, 1.25, -0.41
Accel: -0.46, 0.02, -0.86
Gyro: -1.16, 1.56, -1.01
Accel: -0.46, 0.03, -0.88
Gyro: 0.39, 2.42, -0.43
Accel: -0.44, 0.01, -0.86
Gyro: 2.27, 0.39, -0.07
Accel: -0.46, 0.01, -0.88
Gyro: 0.95, 1.99, 0.41
Accel: -0.45, 0.01, -0.87
Gyro: 1.69, 2.88, 0.66
Accel: -0.44, 0.00, -0.85
Gyro: 1.46, 2.22, 1.24
Accel: -0.45, -0.01, -0.88
Gyro: 1.90, 2.46, 0.25
Accel: -0.43, -0.01, -0.86
Gyro: 1.43, 0.30, -0.71
Accel: -0.43, -0.01, -0.86
Gyro: -0.09, 0.76, 0.02
Accel: -0.44, -0.01, -0.87
Gyro: -1.24, -0.66, -0.53
Accel: -0.44, -0.00, -0.88
Gyro: -0.28, 0.84, -1.12
Accel: -0.45, -0.02, -0.90
Gyro: 0.63, 0.43, -1.46
Accel: -0.45, -0.00, -0.88
Gyro: -0.19, 1.43, -2.01
Accel: -0.45, -0.00, -0.87
Gyro: -0.08, 1.90, -2.53
Accel: -0.44, 0.01, -0.87
Gyro: -0.27, 1.28, -1.62
Accel: -0.44, -0.00, -0.88
Gyro: -2.08, 2.91, -0.31
Accel: -0.43, -0.03, -0.87
Gyro: -2.87, 2.75, -1.30
Accel: -0.43, -0.03, -0.87
Gyro: -2.78, 2.39, -3.44
Accel: -0.43, -0.02, -0.87
Gyro: -3.26, 2.58, -4.66
Accel: -0.42, -0.00, -0.87
Gyro: -3.15, 1.59, -4.32
Accel: -0.43, 0.00, -0.88
Gyro: -3.35, 0.73, -3.04
Accel: -0.42, -0.01, -0.88
Gyro: -3.81, 0.35, -2.04
Accel: -0.43, -0.00, -0.88
Gyro: -3.16, 0.49, -2.59
Accel: -0.43, -0.00, -0.89
Gyro: -1.91, -0.53, -3.20
Accel: -0.42, -0.01, -0.89
Gyro: -1.71, 0.75, -3.36
Accel: -0.42, -0.01, -0.89
Gyro: -1.48, 0.47, -4.08
Accel: -0.42, -0.01, -0.87
Gyro: -2.47, 0.82, -5.21
Accel: -0.43, 0.01, -0.89
Gyro: -1.85, 1.49, -4.77
Accel: -0.42, 0.01, -0.86
Gyro: 0.03, -0.22, -2.40
Accel: -0.43, -0.01, -0.88
Gyro: -1.11, -0.47, -0.82
Accel: -0.43, -0.01, -0.88
Gyro: -2.24, -0.93, -0.53
Accel: -0.41, -0.01, -0.87
Gyro: -2.12, 0.41, -0.65
Accel: -0.42, -0.06, -0.88
Gyro: -0.76, -0.10, -5.02
Accel: -0.43, -0.00, -0.88
Gyro: -1.77, -0.72, -5.76
Accel: -0.43, 0.03, -0.89
Gyro: -0.29, -0.72, -1.13
Accel: -0.44, -0.00, -0.89
Gyro: -2.10, 1.32, 1.41
Accel: -0.44, 0.01, -0.89
Gyro: -0.01, 3.33, 1.73
Accel: -0.43, -0.01, -0.88
Gyro: 1.58, 2.94, 0.63
Accel: -0.42, -0.01, -0.86
Gyro: 1.46, 2.68, 0.60
Accel: -0.41, -0.01, -0.88
Gyro: 0.67, 1.66, 0.78
Accel: -0.41, -0.02, -0.87
Gyro: 0.56, 0.41, 1.00
Accel: -0.42, -0.02, -0.89
Gyro: 0.34, 0.70, 0.14
Accel: -0.42, -0.01, -0.89
Gyro: 1.10, 1.91, 0.92
Accel: -0.43, -0.00, -0.90
Gyro: 1.82, 3.65, 2.87
Accel: -0.42, -0.01, -0.90
Gyro: 2.37, 3.98, 4.04
Accel: -0.43, 0.01, -0.90
Gyro: 3.14, 5.38, 5.96
Accel: -0.43, 0.03, -0.93
Gyro: 4.78, 7.86, 8.59
Accel: -0.43, 0.05, -0.90
Gyro: 2.60, 11.54, 15.21
Accel: -0.43, 0.03, -0.93
Gyro: 2.33, 12.91, 20.93
Accel: -0.41, 0.01, -0.92
Gyro: 3.37, 15.18, 21.99
Accel: -0.40, -0.02, -0.89
Gyro: 5.96, 16.01, 19.91
