Accel: -0.24, -0.12, -1.01
Gyro: 2.24, -4.14, -6.62
Accel: -0.23, -0.14, -0.95
Gyro: 4.71, -2.72, -6.39
Accel: -0.23, -0.15, -0.96
Gyro: 1.86, -5.42, -9.19
Accel: -0.25, -0.05, -1.00
Gyro: 1.88, -5.30, -8.08
Accel: -0.24, -0.06, -0.99
Gyro: 8.30, -1.73, 0.37
Accel: -0.23, -0.12, -0.94
Gyro: 9.57, -0.19, 4.79
Accel: -0.22, -0.13, -0.95
Gyro: 9.25, -0.12, 4.92
Accel: -0.22, -0.13, -0.96
Gyro: 10.35, 1.30, 5.06
Accel: -0.21, -0.15, -0.91
Gyro: 12.04, 1.24, 5.83
Accel: -0.22, -0.16, -0.90
Gyro: 10.76, 0.06, 5.49
Accel: -0.22, -0.17, -0.91
Gyro: 10.09, 0.03, 5.48
Accel: -0.25, -0.18, -0.92
Gyro: 8.89, -0.62, 5.33
Accel: -0.26, -0.19, -0.92
Gyro: 6.78, -0.12, 5.07
Accel: -0.26, -0.19, -0.94
Gyro: 4.04, -0.49, 6.09
Accel: -0.27, -0.21, -0.93
Gyro: 0.14, -0.79, 5.65
Accel: -0.26, -0.20, -0.94
Gyro: -3.53, 0.31, 3.32
Accel: -0.27, -0.19, -0.94
Gyro: -5.04, 0.60, 0.53
Accel: -0.26, -0.18, -0.94
Gyro: -5.57, 1.12, -1.42
Accel: -0.26, -0.16, -0.96
Gyro: -5.92, 2.59, -3.34
Accel: -0.25, -0.14, -0.95
Gyro: -6.20, 3.75, -4.37
Accel: -0.23, -0.12, -0.94
Gyro: -5.46, 4.40, -3.83
Accel: -0.22, -0.11, -0.95
Gyro: -4.84, 4.23, -1.37
Accel: -0.20, -0.12, -0.95
Gyro: -3.47, 5.13, 0.58
Accel: -0.19, -0.13, -0.94
Gyro: -2.53, 4.62, 1.97
Accel: -0.20, -0.14, -0.94
Gyro: -2.51, 3.57, 2.02
Accel: -0.19, -0.15, -0.94
Gyro: -2.56, 2.69, 1.59
Accel: -0.20, -0.16, -0.94
Gyro: -2.08, 1.58, 1.03
Accel: -0.20, -0.15, -0.93
Gyro: -2.42, 0.52, -0.12
Accel: -0.20, -0.14, -0.93
Gyro: -2.72, -0.02, 1.37
Accel: -0.21, -0.13, -0.94
Gyro: -2.94, 0.03, 6.24
Accel: -0.20, -0.13, -0.94
Gyro: -4.82, 0.08, 10.24
Accel: -0.21, -0.11, -0.94
Gyro: -3.92, -0.79, 15.96
Accel: -0.23, -0.13, -0.95
Gyro: -4.43, -0.74, 22.17
Accel: -0.23, -0.14, -0.95
Gyro: -5.76, -0.31, 25.12
Accel: -0.22, -0.13, -0.95
Gyro: -6.58, -0.02, 27.48
Accel: -0.22, -0.11, -0.93
Gyro: -7.22, -0.36, 30.59
Accel: -0.22, -0.10, -0.93
Gyro: -8.38, -1.13, 34.26
Accel: -0.22, -0.13, -0.92
Gyro: -15.30, -3.05, 38.76
Accel: -0.25, -0.09, -0.96
Gyro: -21.97, -3.83, 41.82
Accel: -0.26, -0.10, -0.96
Gyro: -16.75, -1.28, 41.92
Accel: -0.25, -0.12, -0.95
Gyro: -11.18, -0.31, 33.93
Accel: -0.24, -0.11, -0.96
Gyro: -5.67, 1.13, 26.51
Accel: -0.24, -0.08, -0.95
Gyro: -0.99, 0.85, 20.45
Accel: -0.24, -0.09, -0.94
Gyro: 2.59, 0.70, 15.33
Accel: -0.24, -0.06, -0.94
Gyro: 2.31, 1.59, 12.60
Accel: -0.23, -0.05, -0.93
Gyro: 1.56, 1.38, 13.31
Accel: -0.24, -0.04, -0.93
Gyro: -0.06, -0.24, 14.68
Accel: -0.24, -0.03, -0.95
Gyro: 0.89, -0.18, 15.70
Accel: -0.24, -0.05, -0.95
Gyro: 3.20, -0.04, 14.80
Accel: -0.24, -0.03, -0.93
Gyro: 3.92, -0.78, 14.08
Accel: -0.24, 0.01, -0.94
Gyro: 6.60, -1.05, 15.61
Accel: -0.25, 0.01, -0.94
Gyro: 11.97, -1.21, 19.74
Accel: -0.24, -0.04, -0.94
Gyro: 12.09, -0.37, 22.22
Accel: -0.24, -0.08, -0.94
Gyro: 10.33, -0.66, 21.25
Accel: -0.24, -0.09, -0.94
Gyro: 9.51, -0.63, 18.88
Accel: -0.24, -0.10, -0.95
Gyro: 9.12, -0.28, 14.85
Accel: -0.24, -0.10, -0.96
Gyro: 9.13, 0.29, 11.34
Accel: -0.23, -0.09, -0.94
Gyro: 8.71, -0.06, 8.51
Accel: -0.23, -0.10, -0.94
Gyro: 8.63, -1.05, 5.78
Accel: -0.23, -0.10, -0.94
Gyro: 8.61, -1.15, 3.56
Accel: -0.23, -0.11, -0.94
Gyro: 9.22, -0.94, 1.07
Accel: -0.22, -0.10, -0.94
Gyro: 10.11, -1.84, -0.62
Accel: -0.23, -0.10, -0.94
Gyro: 11.24, -2.71, -1.11
Accel: -0.23, -0.10, -0.94
Gyro: 11.11, -2.27, -0.74
Accel: -0.23, -0.11, -0.94
Gyro: 11.19, -2.46, 0.67
Accel: -0.24, -0.12, -0.94
Gyro: 11.94, -2.68, 1.88
Accel: -0.25, -0.16, -0.93
Gyro: 11.30, -2.40, 2.41
Accel: -0.25, -0.17, -0.93
Gyro: 8.68, -3.49, 1.73
Accel: -0.27, -0.17, -0.92
Gyro: 6.45, -3.22, 0.57
Accel: -0.26, -0.18, -0.93
Gyro: 5.29, -2.71, -0.60
Accel: -0.27, -0.19, -0.93
Gyro: 4.40, -2.61, -2.59
Accel: -0.27, -0.19, -0.93
Gyro: 2.14, -1.52, -4.69
Accel: -0.27, -0.18, -0.94
Gyro: 2.11, -1.32, -6.36
Accel: -0.27, -0.18, -0.93
Gyro: 2.73, -0.92, -5.87
Accel: -0.26, -0.20, -0.93
Gyro: 1.11, -0.63, -6.22
Accel: -0.26, -0.19, -0.92
Gyro: -0.72, -0.16, -6.71
Accel: -0.26, -0.20, -0.93
Gyro: -1.32, -0.74, -6.40
Accel: -0.25, -0.19, -0.93
Gyro: -2.70, -0.03, -6.39
Accel: -0.25, -0.18, -0.92
Gyro: -3.56, -0.37, -6.27
Accel: -0.25, -0.18, -0.93
Gyro: -3.98, -0.69, -5.89
Accel: -0.25, -0.18, -0.92
Gyro: -4.94, -0.63, -5.71
Accel: -0.25, -0.16, -0.92
Gyro: -4.26, -0.69, -5.27
Accel: -0.25, -0.17, -0.94
Gyro: -4.26, -0.56, -4.48
Accel: -0.25, -0.16, -0.92
Gyro: -4.39, -0.51, -3.86
Accel: -0.24, -0.16, -0.93
Gyro: -4.03, -1.00, -3.23
Accel: -0.25, -0.16, -0.94
Gyro: -3.74, -0.58, -2.92
Accel: -0.25, -0.16, -0.93
Gyro: -3.72, -0.27, -2.43
Accel: -0.24, -0.16, -0.94
Gyro: -3.36, -0.69, -1.82
Accel: -0.25, -0.16, -0.93
Gyro: -3.75, -0.02, -0.81
Accel: -0.25, -0.17, -0.93
Gyro: -3.99, -0.07, -1.08
Accel: -0.25, -0.18, -0.92
Gyro: -4.14, 0.50, -2.86
Accel: -0.25, -0.17, -0.94
Gyro: -4.23, 0.37, -3.96
Accel: -0.25, -0.15, -0.92
Gyro: -4.33, -0.17, -2.67
Accel: -0.25, -0.15, -0.93
Gyro: -4.28, -0.42, -1.39
Accel: -0.25, -0.16, -0.93
Gyro: -4.20, -0.37, -1.64
Accel: -0.25, -0.17, -0.93
Gyro: -3.88, -0.19, -2.64
Accel: -0.25, -0.16, -0.93
Gyro: -4.32, -0.18, -3.27
Accel: -0.24, -0.14, -0.92
Gyro: -2.84, -0.23, -1.88
Accel: -0.26, -0.15, -0.93
Gyro: -2.64, -1.10, 0.06
Accel: -0.25, -0.17, -0.94
Gyro: -3.63, -0.06, 0.02
Accel: -0.25, -0.17, -0.93
Gyro: -3.05, 0.02, -1.11
