Accel: -0.29, -0.03, -0.93
Gyro: -1.44, 2.08, -1.05
Accel: -0.29, -0.03, -0.93
Gyro: -2.27, 2.33, -0.85
Accel: -0.29, -0.03, -0.93
Gyro: -0.49, 1.88, 0.03
Accel: -0.29, -0.04, -0.92
Gyro: -1.85, 1.88, 0.31
Accel: -0.29, -0.02, -0.94
Gyro: -2.77, 1.87, -0.28
Accel: -0.30, -0.04, -0.94
Gyro: -1.02, 1.92, 0.27
Accel: -0.30, -0.04, -0.93
Gyro: -1.06, 2.43, -0.55
Accel: -0.29, -0.03, -0.94
Gyro: -0.94, 2.49, -0.80
Accel: -0.29, -0.03, -0.93
Gyro: -0.53, 2.62, -0.18
Accel: -0.29, -0.03, -0.93
Gyro: -0.66, 3.59, 0.19
Accel: -0.28, -0.03, -0.94
Gyro: -0.19, 3.78, 0.64
Accel: -0.29, -0.04, -0.95
Gyro: -0.05, 4.03, 0.74
Accel: -0.28, -0.04, -0.96
Gyro: -1.46, 4.81, 0.18
Accel: -0.27, -0.03, -0.94
Gyro: -0.16, 5.74, 0.49
Accel: -0.27, -0.05, -0.96
Gyro: -0.44, 6.40, 0.04
Accel: -0.27, -0.04, -0.95
Gyro: -1.54, 7.32, -0.31
Accel: -0.26, -0.04, -0.94
Gyro: -2.00, 7.64, 0.22
Accel: -0.25, -0.05, -0.94
Gyro: -1.72, 7.45, 0.32
Accel: -0.24, -0.05, -0.94
Gyro: -2.18, 7.40, 0.38
Accel: -0.24, -0.04, -0.95
Gyro: -1.96, 6.79, 0.18
Accel: -0.24, -0.04, -0.95
Gyro: -0.85, 6.94, 0.14
Accel: -0.25, -0.06, -0.96
Gyro: -0.79, 7.66, -1.64
Accel: -0.25, -0.04, -0.95
Gyro: -1.11, 8.12, -2.11
Accel: -0.24, -0.04, -0.95
Gyro: -2.27, 8.70, -1.02
Accel: -0.24, -0.04, -0.94
Gyro: -3.44, 8.77, 0.19
Accel: -0.25, -0.05, -0.96
Gyro: -5.40, 8.19, 0.50
Accel: -0.25, -0.04, -0.98
Gyro: -6.26, 9.52, 0.85
Accel: -0.24, -0.03, -0.97
Gyro: -5.13, 11.18, 0.87
Accel: -0.23, -0.04, -0.98
Gyro: -4.81, 14.22, 0.86
Accel: -0.21, -0.02, -0.97
Gyro: -4.33, 15.39, -0.10
Accel: -0.19, -0.02, -0.94
Gyro: -1.46, 14.79, 0.43
Accel: -0.17, -0.03, -0.95
Gyro: -1.96, 13.84, 0.03
Accel: -0.16, -0.02, -0.94
Gyro: -1.86, 12.50, -0.24
Accel: -0.15, -0.02, -0.94
Gyro: -1.66, 11.60, 0.36
Accel: -0.14, -0.02, -0.94
Gyro: -1.03, 10.21, 0.67
Accel: -0.12, -0.01, -0.95
Gyro: -0.96, 8.13, 1.62
Accel: -0.12, -0.01, -0.95
Gyro: 0.35, 6.50, 3.60
Accel: -0.12, -0.03, -0.96
Gyro: -0.41, 5.36, 3.92
Accel: -0.12, -0.02, -0.95
Gyro: 0.40, 4.23, 4.17
Accel: -0.13, -0.03, -0.96
Gyro: 1.43, 2.52, 4.15
Accel: -0.13, -0.04, -0.98
Gyro: 1.03, 3.64, 3.92
Accel: -0.13, -0.04, -0.96
Gyro: 1.82, 3.23, 3.36
Accel: -0.13, -0.04, -0.97
Gyro: 1.73, 2.87, 3.13
Accel: -0.13, -0.05, -0.97
Gyro: 1.50, 3.59, 2.48
Accel: -0.13, -0.04, -0.96
Gyro: 1.64, 4.11, 2.97
Accel: -0.13, -0.05, -0.96
Gyro: 1.81, 3.36, 3.17
Accel: -0.12, -0.06, -0.95
Gyro: 0.70, 3.30, 2.60
Accel: -0.12, -0.05, -0.95
Gyro: 0.27, 2.30, 1.59
Accel: -0.12, -0.05, -0.96
Gyro: 0.45, 1.56, 1.80
Accel: -0.13, -0.05, -0.95
Gyro: 0.06, 0.76, 1.07
Accel: -0.12, -0.05, -0.96
Gyro: 0.06, 0.36, 1.01
Accel: -0.14, -0.05, -0.98
Gyro: 1.10, 1.53, 0.93
Accel: -0.14, -0.06, -0.98
Gyro: 0.82, 2.84, 0.72
Accel: -0.13, -0.06, -0.99
Gyro: 0.00, 2.86, -0.33
Accel: -0.13, -0.05, -0.98
Gyro: 1.15, 4.32, 0.02
Accel: -0.12, -0.07, -0.98
Gyro: 0.95, 4.79, -0.49
Accel: -0.11, -0.07, -0.96
Gyro: -0.09, 5.33, -0.63
Accel: -0.11, -0.07, -0.97
Gyro: -0.02, 5.04, -0.62
Accel: -0.09, -0.07, -0.96
Gyro: -0.50, 4.30, -0.69
Accel: -0.09, -0.08, -0.94
Gyro: -1.69, 2.98, -1.37
Accel: -0.09, -0.07, -0.97
Gyro: -2.52, 1.40, -1.93
Accel: -0.09, -0.08, -0.97
Gyro: -3.07, 0.72, -2.11
Accel: -0.10, -0.05, -0.97
Gyro: -3.84, 0.53, -2.61
Accel: -0.09, -0.06, -0.96
Gyro: -2.59, -0.36, -2.40
Accel: -0.10, -0.07, -0.97
Gyro: -2.79, 0.10, -3.42
Accel: -0.10, -0.06, -0.97
Gyro: -4.04, 0.73, -4.48
Accel: -0.09, -0.06, -0.96
Gyro: -3.82, -0.10, -3.78
Accel: -0.11, -0.06, -0.97
Gyro: -4.17, 0.21, -3.59
Accel: -0.10, -0.07, -0.98
Gyro: -4.37, 0.11, -3.82
Accel: -0.10, -0.06, -0.98
Gyro: -5.14, 0.43, -3.65
Accel: -0.10, -0.06, -0.97
Gyro: -5.42, 0.85, -3.88
Accel: -0.10, -0.06, -0.97
Gyro: -5.09, 0.34, -4.73
Accel: -0.11, -0.06, -0.98
Gyro: -6.01, -0.13, -5.24
Accel: -0.11, -0.06, -0.98
Gyro: -6.78, 1.01, -5.49
Accel: -0.10, -0.05, -0.97
Gyro: -6.66, 0.82, -5.07
Accel: -0.10, -0.06, -0.97
Gyro: -7.39, 0.34, -5.53
Accel: -0.10, -0.06, -0.99
Gyro: -8.02, 1.96, -5.71
Accel: -0.09, -0.06, -0.97
Gyro: -9.32, 3.30, -7.23
Accel: -0.09, -0.04, -0.97
Gyro: -10.15, 2.98, -8.58
Accel: -0.09, -0.04, -0.98
Gyro: -9.04, 3.05, -7.87
Accel: -0.09, -0.04, -0.97
Gyro: -10.23, 3.00, -7.55
Accel: -0.08, -0.02, -0.98
Gyro: -11.04, 3.31, -7.28
Accel: -0.08, -0.02, -0.98
Gyro: -10.86, 3.68, -7.25
Accel: -0.07, -0.01, -0.97
Gyro: -10.68, 3.90, -7.71
Accel: -0.08, -0.01, -0.97
Gyro: -9.99, 3.30, -7.86
Accel: -0.08, 0.00, -0.99
Gyro: -9.48, 2.68, -7.29
Accel: -0.07, 0.00, -0.97
Gyro: -9.84, 2.68, -6.81
Accel: -0.07, 0.02, -0.97
Gyro: -8.73, 2.26, -5.84
Accel: -0.07, 0.02, -0.98
Gyro: -7.97, 2.21, -5.16
Accel: -0.06, 0.02, -0.98
Gyro: -8.35, 2.59, -4.64
Accel: -0.06, 0.02, -0.97
Gyro: -7.49, 2.30, -4.33
Accel: -0.06, 0.03, -0.98
Gyro: -6.47, 1.75, -3.94
Accel: -0.06, 0.03, -0.98
Gyro: -5.77, 1.82, -3.52
Accel: -0.07, 0.03, -0.98
Gyro: -5.00, 2.00, -2.83
Accel: -0.06, 0.02, -0.98
Gyro: -4.64, 2.10, -2.30
Accel: -0.06, 0.03, -0.99
Gyro: -4.83, 2.66, -2.19
Accel: -0.05, 0.02, -0.97
Gyro: -4.21, 2.52, -2.48
Accel: -0.05, 0.03, -0.98
Gyro: -4.09, 1.91, -2.98
Accel: -0.05, 0.03, -0.99
Gyro: -3.53, 1.87, -2.84
Accel: -0.05, 0.04, -0.97
Gyro: -3.00, 2.05, -2.42
Accel: -0.06, 0.04, -0.98
Gyro: -3.23, 2.23, -1.70
