Accel: -0.06, 0.03, -0.98
Gyro: -2.57, 2.67, -0.84
Accel: -0.04, 0.03, -0.97
Gyro: -2.75, 3.45, -0.96
Accel: -0.05, 0.04, -0.98
Gyro: -2.20, 2.93, -1.42
Accel: -0.05, 0.03, -0.99
Gyro: 0.01, 3.38, -0.38
Accel: -0.04, 0.03, -0.98
Gyro: -0.25, 3.48, 0.50
Accel: -0.04, 0.02, -0.97
Gyro: -0.34, 3.13, 1.30
Accel: -0.04, 0.02, -0.97
Gyro: -0.11, 2.55, 1.56
Accel: -0.04, 0.01, -0.97
Gyro: -0.62, 2.66, 0.48
Accel: -0.03, 0.01, -0.98
Gyro: -0.94, 2.76, -0.44
Accel: -0.03, 0.01, -0.98
Gyro: -0.46, 2.19, -0.37
Accel: -0.04, 0.01, -0.99
Gyro: -1.97, 3.14, -0.90
Accel: -0.03, 0.02, -0.98
Gyro: -1.40, 3.73, -0.11
Accel: -0.03, 0.01, -0.98
Gyro: -1.50, 3.84, 0.15
Accel: -0.03, 0.01, -0.98
Gyro: -2.24, 4.24, -0.14
Accel: -0.03, 0.02, -0.98
Gyro: -1.88, 4.73, -0.54
Accel: -0.02, 0.02, -1.00
Gyro: -1.37, 6.40, -0.64
Accel: -0.02, 0.02, -0.98
Gyro: -0.84, 7.98, -0.91
Accel: -0.00, 0.02, -0.96
Gyro: 0.35, 6.74, -1.14
Accel: -0.01, 0.01, -0.98
Gyro: -0.01, 5.03, -1.79
Accel: -0.00, 0.01, -0.98
Gyro: -1.08, 4.67, -2.08
Accel: -0.00, 0.01, -0.98
Gyro: -1.40, 4.97, -1.22
Accel: 0.01, 0.01, -0.97
Gyro: -2.09, 3.86, -0.60
Accel: 0.00, 0.01, -0.98
Gyro: -2.74, 2.88, 0.05
Accel: 0.01, 0.01, -0.97
Gyro: -3.02, 1.87, 0.26
Accel: 0.02, 0.01, -0.98
Gyro: -2.79, 0.91, 0.80
Accel: 0.01, 0.00, -0.97
Gyro: -3.48, 0.29, 0.28
Accel: 0.02, 0.02, -0.98
Gyro: -3.15, -0.69, 0.33
Accel: 0.02, 0.02, -0.98
Gyro: -0.79, -0.80, 2.67
Accel: 0.02, -0.00, -0.98
Gyro: -1.30, -0.87, 3.90
Accel: 0.01, -0.00, -1.00
Gyro: -2.59, 1.88, 4.94
Accel: 0.02, -0.02, -0.98
Gyro: -3.01, 2.23, 5.08
Accel: 0.01, -0.02, -0.96
Gyro: -5.27, 0.63, 3.62
Accel: 0.03, 0.00, -0.95
Gyro: -8.32, 1.06, 6.77
Accel: 0.03, -0.02, -0.95
Gyro: -7.03, -4.58, 5.50
Accel: 0.02, -0.02, -0.96
Gyro: -10.10, -5.81, 3.18
Accel: 0.02, 0.00, -0.97
Gyro: -8.77, -6.70, 2.97
Accel: 0.02, -0.00, -0.98
Gyro: -7.84, -8.16, 2.13
Accel: 0.02, 0.01, -0.97
Gyro: -7.71, -8.96, 0.08
Accel: 0.01, 0.04, -0.97
Gyro: -5.85, -9.64, -0.13
Accel: -0.01, 0.05, -0.98
Gyro: -2.78, -9.06, 0.92
Accel: -0.01, 0.05, -0.96
Gyro: 0.42, -8.96, 0.91
Accel: -0.02, 0.04, -0.96
Gyro: 3.22, -10.44, 1.99
Accel: -0.05, 0.05, -0.97
Gyro: 3.47, -11.38, 3.78
Accel: -0.05, 0.04, -0.98
Gyro: 3.09, -10.95, 6.57
Accel: -0.06, 0.04, -0.98
Gyro: 3.17, -10.20, 9.41
Accel: -0.07, 0.01, -0.99
Gyro: 3.16, -8.85, 9.71
Accel: -0.07, 0.01, -0.99
Gyro: 2.62, -7.68, 7.16
Accel: -0.07, 0.02, -0.98
Gyro: 4.37, -7.64, 5.76
Accel: -0.08, 0.01, -1.00
Gyro: 4.97, -8.25, 5.39
Accel: -0.09, 0.01, -0.99
Gyro: 3.60, -6.14, 5.33
Accel: -0.09, 0.01, -0.99
Gyro: 1.73, -4.50, 5.00
Accel: -0.07, 0.03, -0.99
Gyro: 1.40, -3.08, 5.90
Accel: -0.06, 0.02, -0.98
Gyro: 2.61, -3.49, 6.96
Accel: -0.05, 0.04, -0.96
Gyro: 2.00, -5.63, 7.61
Accel: -0.05, 0.03, -0.98
Gyro: 1.70, -6.00, 9.09
Accel: -0.07, 0.02, -1.01
Gyro: 0.00, -3.80, 9.99
Accel: -0.06, -0.00, -0.98
Gyro: -2.16, -2.87, 8.64
Accel: -0.06, 0.00, -0.97
Gyro: -1.90, -3.02, 6.03
Accel: -0.06, 0.01, -0.97
Gyro: -1.01, -4.04, 4.43
Accel: -0.05, 0.04, -0.97
Gyro: -1.12, -3.95, 4.99
Accel: -0.05, 0.04, -0.96
Gyro: 0.32, -4.51, 9.00
Accel: -0.04, 0.02, -0.97
Gyro: 0.77, -5.41, 12.25
Accel: -0.05, 0.01, -0.95
Gyro: 0.12, -7.55, 14.66
Accel: -0.07, -0.00, -0.93
Gyro: 0.20, -10.98, 15.13
Accel: -0.08, -0.02, -0.94
Gyro: 1.22, -14.99, 13.57
Accel: -0.10, -0.02, -0.97
Gyro: 2.18, -17.23, 10.55
Accel: -0.13, -0.03, -0.97
Gyro: 1.49, -16.65, 6.47
Accel: -0.14, -0.02, -0.96
Gyro: 0.62, -15.20, 2.66
Accel: -0.15, -0.01, -0.98
Gyro: -1.24, -13.48, 0.31
Accel: -0.15, 0.00, -0.98
Gyro: -2.05, -11.84, -0.39
Accel: -0.15, 0.01, -0.98
Gyro: -2.42, -10.36, 0.46
Accel: -0.17, 0.02, -0.98
Gyro: -2.08, -9.63, 0.39
Accel: -0.17, 0.03, -0.98
Gyro: -1.39, -8.50, 1.16
Accel: -0.17, 0.02, -0.97
Gyro: 0.13, -7.41, 1.92
Accel: -0.17, 0.01, -0.98
Gyro: 0.08, -5.68, 1.38
Accel: -0.18, 0.00, -0.97
Gyro: -1.21, -5.73, -0.69
Accel: -0.18, 0.01, -0.97
Gyro: -0.79, -5.55, -1.63
Accel: -0.19, 0.00, -0.98
Gyro: -0.35, -4.41, -1.92
Accel: -0.19, 0.00, -0.99
Gyro: -0.44, -1.60, -0.38
Accel: -0.18, 0.01, -0.97
Gyro: -0.05, -0.09, 1.86
Accel: -0.17, -0.02, -0.96
Gyro: -0.39, 0.64, 2.82
Accel: -0.16, -0.03, -0.95
Gyro: -1.71, 0.14, 1.29
Accel: -0.17, -0.03, -0.96
Gyro: -1.43, -0.49, -0.10
Accel: -0.17, -0.02, -0.98
Gyro: -1.63, 0.38, -1.46
Accel: -0.17, -0.01, -0.95
Gyro: -2.21, 1.30, -1.49
Accel: -0.16, -0.02, -0.96
Gyro: -2.58, -0.18, -1.15
Accel: -0.16, -0.01, -0.99
Gyro: -5.01, 1.46, -2.31
Accel: -0.15, 0.01, -0.98
Gyro: -3.78, 2.72, -2.50
Accel: -0.14, 0.01, -0.97
Gyro: -0.74, 2.50, -1.26
Accel: -0.15, 0.01, -0.96
Gyro: 1.56, 1.65, 0.32
Accel: -0.14, -0.01, -0.96
Gyro: 2.88, 0.53, 1.66
Accel: -0.14, -0.02, -0.95
Gyro: 2.50, -0.14, 1.66
Accel: -0.14, -0.04, -0.95
Gyro: 1.99, -0.77, 0.60
Accel: -0.14, -0.04, -0.95
Gyro: 0.76, -1.51, -0.58
Accel: -0.15, -0.03, -0.95
Gyro: -0.61, -2.37, -1.25
Accel: -0.16, -0.04, -0.96
Gyro: -1.24, -3.50, -0.93
Accel: -0.17, -0.03, -0.96
Gyro: -2.36, -4.13, -0.82
Accel: -0.16, -0.02, -0.97
Gyro: -3.40, -3.95, -1.30
Accel: -0.18, -0.03, -0.97
Gyro: -2.91, -3.54, -1.74
Accel: -0.18, -0.03, -0.97
Gyro: -4.14, -3.10, -3.42
Accel: -0.18, 0.00, -0.98
Gyro: -3.85, -1.79, -4.20
