Accel: -0.25, -0.17, -0.94
Gyro: -2.82, 0.51, -2.12
Accel: -0.24, -0.16, -0.93
Gyro: -3.11, 0.41, -3.03
Accel: -0.24, -0.16, -0.93
Gyro: -3.24, -0.03, -3.59
Accel: -0.25, -0.18, -0.94
Gyro: -4.07, -0.16, -3.28
Accel: -0.24, -0.15, -0.93
Gyro: -4.59, -0.43, -3.54
Accel: -0.24, -0.15, -0.94
Gyro: -3.50, -1.11, -2.97
Accel: -0.25, -0.16, -0.94
Gyro: -3.24, -0.92, -3.04
Accel: -0.24, -0.14, -0.93
Gyro: -4.10, -0.61, -2.64
Accel: -0.24, -0.14, -0.92
Gyro: -3.18, -0.28, -2.41
Accel: -0.24, -0.15, -0.93
Gyro: -2.69, 0.10, -2.03
Accel: -0.25, -0.15, -0.93
Gyro: -2.02, -0.45, -1.65
Accel: -0.24, -0.15, -0.93
Gyro: -2.08, -0.79, -0.89
Accel: -0.25, -0.15, -0.93
Gyro: -2.69, -0.46, -1.40
Accel: -0.25, -0.15, -0.94
Gyro: -3.42, 0.53, -1.06
Accel: -0.24, -0.16, -0.93
Gyro: -3.11, 0.83, -1.48
Accel: -0.25, -0.16, -0.93
Gyro: -2.72, 0.68, -2.22
Accel: -0.25, -0.17, -0.93
Gyro: -3.05, 1.34, -2.78
Accel: -0.24, -0.15, -0.93
Gyro: -3.28, 1.26, -2.69
Accel: -0.24, -0.16, -0.94
Gyro: -4.29, 1.93, -2.44
Accel: -0.24, -0.16, -0.94
Gyro: -4.72, 1.81, -2.33
Accel: -0.23, -0.13, -0.92
Gyro: -3.59, 1.49, -2.66
Accel: -0.23, -0.15, -0.93
Gyro: -3.48, 1.04, -2.16
Accel: -0.23, -0.14, -0.92
Gyro: -4.07, 0.21, -1.35
Accel: -0.23, -0.15, -0.95
Gyro: -3.75, 1.22, -0.76
Accel: -0.23, -0.14, -0.93
Gyro: -2.85, 1.63, -1.24
Accel: -0.23, -0.15, -0.94
Gyro: -3.94, 1.76, -1.39
Accel: -0.23, -0.15, -0.95
Gyro: -4.07, 2.40, -1.29
Accel: -0.23, -0.15, -0.95
Gyro: -4.63, 1.96, -1.02
Accel: -0.24, -0.14, -0.98
Gyro: -7.75, 5.97, 0.08
Accel: -0.23, -0.15, -0.92
Gyro: -7.19, 7.13, 1.62
Accel: -0.23, -0.16, -0.94
Gyro: -8.85, 5.44, -0.01
Accel: -0.23, -0.15, -0.96
Gyro: -10.12, 6.35, -1.38
Accel: -0.22, -0.17, -0.94
Gyro: -11.05, 7.38, -3.27
Accel: -0.21, -0.16, -0.94
Gyro: -12.87, 8.00, -5.87
Accel: -0.22, -0.15, -0.95
Gyro: -12.99, 7.56, -9.24
Accel: -0.20, -0.14, -0.96
Gyro: -12.52, 7.51, -12.56
Accel: -0.20, -0.16, -0.93
Gyro: -12.81, 7.06, -16.91
Accel: -0.21, -0.16, -0.98
Gyro: -14.58, 7.19, -21.74
Accel: -0.20, -0.12, -0.97
Gyro: -16.11, 10.61, -23.42
Accel: -0.19, -0.10, -0.96
Gyro: -17.14, 11.62, -22.42
Accel: -0.18, -0.10, -0.95
Gyro: -19.04, 11.42, -21.74
Accel: -0.17, -0.08, -0.96
Gyro: -19.62, 11.65, -21.74
Accel: -0.17, -0.10, -0.97
Gyro: -20.03, 12.14, -22.09
Accel: -0.16, -0.07, -0.95
Gyro: -20.68, 12.57, -23.61
Accel: -0.13, -0.05, -0.95
Gyro: -19.31, 10.65, -23.51
Accel: -0.12, -0.03, -0.96
Gyro: -19.34, 11.25, -22.87
Accel: -0.12, -0.02, -0.94
Gyro: -17.70, 10.34, -20.48
Accel: -0.11, -0.02, -0.94
Gyro: -18.03, 8.77, -18.97
Accel: -0.11, -0.02, -0.95
Gyro: -18.63, 7.42, -17.85
Accel: -0.09, 0.00, -0.95
Gyro: -17.76, 6.08, -16.57
Accel: -0.09, -0.00, -0.96
Gyro: -17.62, 4.06, -15.61
Accel: -0.09, 0.02, -0.96
Gyro: -17.59, 3.39, -15.24
Accel: -0.09, 0.02, -0.96
Gyro: -16.52, 2.73, -14.27
Accel: -0.09, 0.03, -0.96
Gyro: -16.53, 1.95, -14.11
Accel: -0.08, 0.05, -0.96
Gyro: -13.84, 0.92, -12.47
Accel: -0.09, 0.05, -0.98
Gyro: -12.78, -0.28, -11.41
Accel: -0.08, 0.05, -0.97
Gyro: -12.06, -0.24, -10.52
Accel: -0.09, 0.06, -0.96
Gyro: -10.67, -0.42, -9.96
Accel: -0.09, 0.05, -0.97
Gyro: -9.28, -0.04, -9.64
Accel: -0.08, 0.07, -0.97
Gyro: -8.23, -0.66, -8.99
Accel: -0.09, 0.07, -0.97
Gyro: -7.61, -1.22, -7.62
Accel: -0.09, 0.07, -0.97
Gyro: -7.51, -2.01, -5.66
Accel: -0.11, 0.07, -0.98
Gyro: -7.70, -1.85, -4.26
Accel: -0.11, 0.07, -0.99
Gyro: -7.23, 0.47, -2.66
Accel: -0.09, 0.06, -0.95
Gyro: -6.68, -0.68, -2.83
Accel: -0.10, 0.07, -0.97
Gyro: -5.65, -0.69, -3.14
Accel: -0.12, 0.07, -0.98
Gyro: -3.76, -0.60, -2.44
Accel: -0.10, 0.07, -0.98
Gyro: -3.15, -0.32, -1.88
Accel: -0.10, 0.07, -0.97
Gyro: -2.74, 0.02, -0.47
Accel: -0.10, 0.06, -0.97
Gyro: -2.41, 0.35, 0.89
Accel: -0.10, 0.05, -0.98
Gyro: -2.91, -0.44, 0.54
Accel: -0.10, 0.07, -0.98
Gyro: -1.01, 0.13, 0.02
Accel: -0.09, 0.04, -0.98
Gyro: 0.89, -0.39, -1.72
Accel: -0.10, 0.04, -0.97
Gyro: 0.31, -0.47, -3.87
Accel: -0.10, 0.06, -0.98
Gyro: -0.46, 0.24, -4.00
Accel: -0.12, 0.09, -1.04
Gyro: -0.60, 6.28, 1.91
Accel: -0.09, 0.01, -0.96
Gyro: -1.43, 9.06, 0.51
Accel: -0.08, 0.05, -0.95
Gyro: 1.00, 4.49, -3.69
Accel: -0.08, 0.05, -0.97
Gyro: 1.77, 4.86, -2.46
Accel: -0.07, 0.06, -0.95
Gyro: -0.18, 3.07, -0.22
Accel: -0.07, 0.06, -0.95
Gyro: -1.34, 0.68, 2.80
Accel: -0.07, 0.04, -0.97
Gyro: -2.30, -0.05, 3.50
Accel: -0.08, 0.03, -0.97
Gyro: -3.33, -0.04, 2.07
Accel: -0.07, 0.04, -0.96
Gyro: -2.15, -0.18, 0.49
Accel: -0.07, 0.05, -0.97
Gyro: -1.44, -0.14, -0.69
Accel: -0.07, 0.06, -0.97
Gyro: -1.15, -0.31, -0.08
Accel: -0.07, 0.06, -0.96
Gyro: -1.18, -1.18, 1.37
Accel: -0.08, 0.05, -0.97
Gyro: -1.10, -1.84, 1.99
Accel: -0.08, 0.05, -0.98
Gyro: -1.05, -1.95, 2.46
Accel: -0.08, 0.04, -0.97
Gyro: -0.83, -1.67, 2.40
Accel: -0.08, 0.05, -0.97
Gyro: -0.35, -1.66, 1.63
Accel: -0.08, 0.05, -0.97
Gyro: 0.17, -2.04, 1.18
Accel: -0.08, 0.05, -0.99
Gyro: 0.55, -1.29, 1.72
Accel: -0.08, 0.05, -0.98
Gyro: 0.90, -0.31, 2.43
Accel: -0.08, 0.05, -0.98
Gyro: 0.51, 0.72, 2.66
Accel: -0.08, 0.05, -0.97
Gyro: 0.15, -0.23, 2.56
Accel: -0.07, 0.07, -0.97
Gyro: 1.85, -0.45, 4.41
Accel: -0.10, 0.04, -0.99
Gyro: 2.35, -0.99, 6.50
Accel: -0.10, 0.02, -0.98
Gyro: 2.94, 0.76, 6.18
Accel: -0.09, 0.02, -0.97
Gyro: 3.06, 1.53, 5.23
Accel: -0.08, -0.00, -0.96
Gyro: 3.04, 0.96, 3.24
