Accel: -0.20, -0.01, -0.99
Gyro: -4.89, 7.32, -12.24
Accel: -0.18, -0.02, -0.97
Gyro: -3.41, 8.71, -10.25
Accel: -0.17, -0.04, -0.96
Gyro: -2.73, 10.03, -9.10
Accel: -0.15, -0.05, -0.96
Gyro: -2.85, 10.34, -8.90
Accel: -0.14, -0.04, -0.95
Gyro: -4.18, 10.08, -9.45
Accel: -0.13, -0.03, -0.92
Gyro: -4.75, 8.98, -9.26
Accel: -0.12, -0.02, -0.92
Gyro: -4.33, 7.33, -8.35
Accel: -0.13, -0.02, -0.93
Gyro: -4.16, 5.85, -7.52
Accel: -0.13, -0.02, -0.94
Gyro: -4.33, 4.62, -7.05
Accel: -0.13, -0.01, -0.94
Gyro: -4.11, 4.35, -6.07
Accel: -0.13, -0.00, -0.94
Gyro: -3.76, 3.97, -4.62
Accel: -0.13, -0.00, -0.93
Gyro: -3.33, 2.08, -2.71
Accel: -0.13, -0.02, -0.92
Gyro: -3.81, 0.39, -2.12
Accel: -0.14, -0.01, -0.94
Gyro: -3.98, -1.58, -1.49
Accel: -0.14, -0.00, -0.94
Gyro: -3.52, -2.71, -0.80
Accel: -0.14, -0.01, -0.95
Gyro: -3.27, -3.75, -0.23
Accel: -0.15, -0.02, -0.95
Gyro: -3.08, -4.36, -0.34
Accel: -0.17, -0.02, -0.97
Gyro: -2.49, -4.30, -0.79
Accel: -0.17, -0.02, -0.97
Gyro: -1.40, -3.27, -0.94
Accel: -0.17, -0.02, -0.97
Gyro: -0.57, -2.44, -0.75
Accel: -0.18, -0.02, -0.97
Gyro: 0.16, -1.87, -0.44
Accel: -0.17, -0.02, -0.97
Gyro: 0.11, -0.96, -0.10
Accel: -0.17, -0.03, -0.97
Gyro: 0.24, -0.57, 0.72
Accel: -0.17, -0.03, -0.96
Gyro: -0.10, -0.08, 1.27
Accel: -0.16, -0.04, -0.96
Gyro: -0.56, 0.31, 1.83
Accel: -0.16, -0.04, -0.95
Gyro: -1.21, 0.23, 1.57
Accel: -0.15, -0.05, -0.96
Gyro: -1.52, 0.34, 0.87
Accel: -0.16, -0.05, -0.95
Gyro: -2.19, 0.32, 0.11
Accel: -0.16, -0.04, -0.95
Gyro: -2.17, 0.37, -0.82
Accel: -0.15, -0.04, -0.95
Gyro: -2.31, 0.32, -1.58
Accel: -0.14, -0.03, -0.95
Gyro: -2.62, 0.10, -1.65
Accel: -0.15, -0.03, -0.96
Gyro: -2.62, -0.76, -1.79
Accel: -0.15, -0.03, -0.95
Gyro: -2.05, -0.91, -1.66
Accel: -0.16, -0.04, -0.96
Gyro: -2.35, -1.30, -1.44
Accel: -0.15, -0.03, -0.95
Gyro: -2.79, -1.34, -1.69
Accel: -0.16, -0.02, -0.98
Gyro: -2.95, -1.01, -1.98
Accel: -0.16, -0.02, -0.97
Gyro: -1.63, -0.22, -1.25
Accel: -0.15, -0.03, -0.96
Gyro: -0.97, -1.37, -0.74
Accel: -0.16, -0.04, -0.96
Gyro: -1.69, -0.97, -1.17
Accel: -0.16, -0.03, -0.95
Gyro: -1.72, -1.00, -1.46
Accel: -0.15, -0.02, -0.96
Gyro: -1.63, -0.86, -1.20
Accel: -0.15, -0.02, -0.97
Gyro: -1.46, -0.34, -0.84
Accel: -0.16, -0.03, -0.96
Gyro: -1.34, -0.02, -0.78
Accel: -0.16, -0.04, -0.96
Gyro: -1.85, -0.05, -0.95
Accel: -0.15, -0.03, -0.96
Gyro: -2.14, -0.37, -1.44
Accel: -0.15, -0.03, -0.96
Gyro: -2.00, -0.40, -1.57
Accel: -0.15, -0.03, -0.95
Gyro: -1.81, -0.77, -1.40
Accel: -0.16, -0.03, -0.95
Gyro: -2.27, -0.35, -1.66
Accel: -0.15, -0.03, -0.95
Gyro: -2.52, -0.18, -1.91
Accel: -0.15, -0.02, -0.95
Gyro: -1.85, -0.42, -1.53
Accel: -0.15, -0.03, -0.96
Gyro: -1.78, -0.95, -1.57
Accel: -0.16, -0.04, -0.95
Gyro: -2.61, -0.98, -1.77
Accel: -0.16, -0.03, -0.96
Gyro: -2.94, -1.30, -2.17
Accel: -0.16, -0.03, -0.97
Gyro: -2.95, -0.90, -2.01
Accel: -0.16, -0.02, -0.96
Gyro: -2.21, -0.68, -1.94
Accel: -0.15, -0.02, -0.95
Gyro: -1.72, -1.01, -1.82
Accel: -0.16, -0.03, -0.96
Gyro: -1.62, -1.17, -1.75
Accel: -0.16, -0.02, -0.96
Gyro: -1.30, -1.40, -1.25
Accel: -0.16, -0.02, -0.97
Gyro: -1.17, -0.76, -0.56
Accel: -0.15, -0.03, -0.96
Gyro: -1.24, -0.53, -0.16
Accel: -0.15, -0.04, -0.95
Gyro: -1.43, -1.14, -0.22
Accel: -0.16, -0.04, -0.95
Gyro: -1.98, -1.29, -0.82
Accel: -0.16, -0.04, -0.95
Gyro: -1.97, -1.22, -1.11
Accel: -0.16, -0.03, -0.96
Gyro: -1.75, -1.18, -1.58
Accel: -0.15, -0.03, -0.96
Gyro: -1.72, -1.52, -1.78
Accel: -0.16, -0.03, -0.96
Gyro: -1.76, -1.66, -1.78
Accel: -0.16, -0.03, -0.95
Gyro: -2.08, -1.70, -1.86
Accel: -0.16, -0.03, -0.96
Gyro: -2.37, -1.45, -1.60
Accel: -0.16, -0.03, -0.96
Gyro: -2.11, -1.34, -1.35
Accel: -0.16, -0.03, -0.97
Gyro: -2.49, -0.95, -1.86
Accel: -0.16, -0.03, -0.96
Gyro: -2.91, -1.26, -2.23
Accel: -0.16, -0.01, -0.97
Gyro: -2.51, -0.78, -2.69
Accel: -0.16, -0.01, -0.95
Gyro: -1.27, -0.37, -1.92
Accel: -0.16, -0.03, -0.96
Gyro: -1.30, -0.92, -1.66
Accel: -0.16, -0.03, -0.95
Gyro: -1.91, -0.79, -1.60
Accel: -0.16, -0.02, -0.95
Gyro: -2.10, -1.11, -1.17
Accel: -0.16, -0.02, -0.96
Gyro: -1.70, -1.01, -0.69
Accel: -0.16, -0.03, -0.95
Gyro: -1.40, -0.81, -0.60
Accel: -0.15, -0.04, -0.95
Gyro: -1.56, -0.42, -0.90
Accel: -0.15, -0.04, -0.94
Gyro: -2.17, -0.91, -1.39
Accel: -0.16, -0.03, -0.95
Gyro: -2.05, -1.01, -1.39
Accel: -0.16, -0.03, -0.96
Gyro: -1.94, -1.01, -1.55
Accel: -0.16, -0.03, -0.95
Gyro: -1.60, -0.91, -1.40
Accel: -0.17, -0.03, -0.96
Gyro: -2.42, -0.84, -1.92
Accel: -0.16, -0.02, -0.96
Gyro: -2.11, -0.95, -2.03
Accel: -0.16, -0.02, -0.95
Gyro: -1.14, -0.96, -1.33
Accel: -0.15, -0.03, -0.96
Gyro: -1.32, -1.50, -1.10
Accel: -0.16, -0.03, -0.95
Gyro: -1.92, -1.49, -1.43
Accel: -0.16, -0.03, -0.95
Gyro: -2.40, -1.05, -1.37
Accel: -0.16, -0.02, -0.95
Gyro: -2.14, -1.10, -1.31
Accel: -0.16, -0.03, -0.95
Gyro: -1.53, -1.34, -1.12
Accel: -0.16, -0.03, -0.96
Gyro: -1.82, -1.24, -1.40
Accel: -0.16, -0.02, -0.95
Gyro: -1.82, -0.81, -1.47
Accel: -0.16, -0.03, -0.96
Gyro: -1.71, -0.67, -1.14
Accel: -0.16, -0.03, -0.95
Gyro: -1.30, -0.95, -0.83
Accel: -0.16, -0.03, -0.96
Gyro: -1.59, -0.74, -0.74
Accel: -0.17, -0.03, -0.95
Gyro: -2.10, -0.38, -1.02
Accel: -0.17, -0.03, -0.97
Gyro: -1.98, -0.05, -1.18
Accel: -0.16, -0.03, -0.96
Gyro: -1.85, 0.72, -1.47
Accel: -0.17, -0.03, -0.96
Gyro: -1.83, 0.43, -1.72
Accel: -0.16, -0.03, -0.96
Gyro: -1.67, 0.57, -1.93
Accel: -0.17, -0.02, -0.95
Gyro: -2.04, 0.67, -2.14
Accel: -0.19, -0.03, -1.00
Gyro: -2.10, 2.13, -1.81
Accel: -0.20, -0.02, -1.01
Gyro: -2.04, 5.22, -1.27
Accel: -0.20, -0.02, -1.03
Gyro: -2.03, 10.38, -0.85
Accel: -0.23, -0.01, -1.07
Gyro: -1.90, 16.82, -0.49
Accel: -0.21, -0.02, -1.07
Gyro: -2.22, 26.61, -0.08
Accel: -0.18, -0.02, -0.97
Gyro: 0.43, 27.34, -0.25
Accel: -0.17, -0.01, -1.01
Gyro: 0.95, 30.42, -1.25
Accel: -0.19, -0.00, -1.11
Gyro: 3.07, 36.46, -0.93
Accel: -0.24, 0.01, -1.24
Gyro: 5.19, 55.19, -0.21
Accel: -0.20, 0.00, -1.15
Gyro: 5.89, 74.87, 1.79
Accel: -0.16, -0.02, -1.01
Gyro: 13.14, 79.42, 1.85
Accel: -0.15, -0.03, -1.07
Gyro: 13.40, 88.62, 1.01
Accel: -0.18, -0.02, -1.22
Gyro: 15.09, 104.34, -0.25
Accel: -0.10, -0.03, -1.09
Gyro: 10.50, 123.99, 0.52
Accel: 0.07, -0.05, -0.71
Gyro: 13.44, 115.07, 0.00
Accel: 0.22, -0.07, -0.58
Gyro: 17.23, 88.20, -1.30
Accel: 0.31, -0.09, -0.56
Gyro: 14.56, 57.50, -2.84
Accel: 0.33, -0.07, -0.65
Gyro: 10.09, 32.07, -3.14
Accel: 0.32, -0.09, -0.73
Gyro: 5.06, 15.51, -2.07
Accel: 0.31, -0.07, -0.77
Gyro: 0.11, 4.46, -0.22
Accel: 0.32, -0.07, -0.75
Gyro: -0.75, -6.77, 2.71
Accel: 0.31, -0.11, -0.72
Gyro: -3.55, -21.22, 4.53
Accel: 0.32, -0.14, -0.70
Gyro: -9.03, -38.38, 3.55
Accel: 0.32, -0.11, -0.64
Gyro: -14.43, -62.21, 2.33
Accel: 0.25, -0.06, -0.66
Gyro: -13.45, -86.37, 2.07
Accel: 0.15, -0.08, -0.87
Gyro: -10.93, -97.33, 2.29
Accel: 0.09, -0.08, -0.96
Gyro: -16.91, -94.18, 0.34
Accel: 0.07, -0.08, -0.90
Gyro: -17.49, -94.79, -1.37
Accel: 0.06, -0.04, -0.87
Gyro: -17.32, -100.33, -2.17
Accel: -0.01, -0.04, -0.99
Gyro: -16.75, -103.23, -2.16
Accel: -0.07, -0.03, -0.97
Gyro: -15.21, -102.23, -2.18
Accel: -0.10, -0.02, -0.95
Gyro: -12.54, -102.01, -2.04
Accel: -0.14, -0.01, -1.01
Gyro: -10.10, -96.29, -1.46
Accel: -0.18, -0.03, -1.01
Gyro: -7.77, -89.16, -1.85
Accel: -0.24, -0.02, -1.07
Gyro: -1.82, -78.95, -1.86
Accel: -0.28, 0.00, -1.05
Gyro: 10.05, -68.08, 0.65
Accel: -0.32, -0.01, -1.07
Gyro: -7.34, -52.69, 0.75
Accel: -0.34, -0.03, -1.05
Gyro: 4.10, -42.50, 1.88
Accel: -0.38, -0.05, -1.07
Gyro: -0.07, -30.24, 1.86
Accel: -0.38, -0.04, -1.08
Gyro: -3.53, -18.03, 0.41
Accel: -0.40, -0.03, -1.02
Gyro: -3.43, -8.62, 2.01
Accel: -0.36, -0.06, -0.99
Gyro: -4.99, -1.96, -0.69
Accel: -0.34, -0.03, -0.92
Gyro: 0.13, -4.05, 0.24
Accel: -0.34, -0.04, -0.93
Gyro: -3.87, -2.21, 1.23
Accel: -0.33, -0.04, -0.91
Gyro: -4.91, -1.26, 1.46
Accel: -0.34, -0.02, -0.91
Gyro: -4.62, -1.78, 1.13
Accel: -0.33, -0.03, -0.89
Gyro: -4.34, -2.30, 1.22
Accel: -0.33, -0.04, -0.90
Gyro: -5.20, -3.96, 0.55
Accel: -0.33, -0.03, -0.93
Gyro: -4.67, -4.54, -0.68
