Accel: 0.07, -0.03, -0.87
Gyro: -22.25, -144.20, 6.88
Accel: -0.08, -0.06, -1.11
Gyro: -23.17, -136.13, 8.46
Accel: -0.11, -0.09, -1.00
Gyro: -20.18, -128.30, 6.42
Accel: -0.17, -0.08, -1.05
Gyro: -20.50, -121.30, 3.11
Accel: -0.24, -0.01, -1.19
Gyro: -16.14, -104.66, 4.30
Accel: -0.29, -0.04, -1.28
Gyro: -13.12, -78.83, 6.06
Accel: -0.33, -0.09, -1.18
Gyro: -8.87, -55.02, 4.26
Accel: -0.30, -0.16, -1.20
Gyro: 3.23, -42.58, -3.68
Accel: -0.28, -0.06, -0.99
Gyro: 2.59, -30.40, -6.20
Accel: -0.26, -0.07, -0.99
Gyro: 2.87, -22.16, -8.44
Accel: -0.25, -0.06, -0.92
Gyro: -2.07, -20.72, -7.61
Accel: -0.25, -0.03, -0.88
Gyro: -4.88, -23.73, -5.77
Accel: -0.28, 0.01, -0.92
Gyro: -4.69, -25.82, -1.01
Accel: -0.30, 0.05, -0.95
Gyro: -4.96, -24.73, 6.23
Accel: -0.32, 0.02, -0.96
Gyro: -13.27, -20.45, 15.00
Accel: -0.33, -0.06, -0.93
Gyro: -11.76, -20.20, 17.01
Accel: -0.36, -0.07, -0.97
Gyro: -11.59, -16.51, 12.40
Accel: -0.36, -0.06, -0.99
Gyro: -12.65, -10.67, 7.46
Accel: -0.37, -0.06, -0.98
Gyro: -12.15, -5.79, 2.26
Accel: -0.36, -0.03, -0.94
Gyro: -9.15, -2.56, -0.90
Accel: -0.36, 0.00, -0.93
Gyro: -5.94, -1.29, -1.98
Accel: -0.35, 0.01, -0.92
Gyro: -4.00, -0.09, -0.91
Accel: -0.33, 0.00, -0.92
Gyro: -1.40, 0.43, -0.05
Accel: -0.34, -0.00, -0.93
Gyro: -1.66, 2.18, -0.53
Accel: -0.34, -0.02, -0.93
Gyro: -1.97, 3.92, -2.00
Accel: -0.33, -0.03, -0.93
Gyro: -1.17, 5.08, -4.01
Accel: -0.31, -0.03, -0.92
Gyro: -1.69, 6.33, -6.46
Accel: -0.31, -0.01, -0.96
Gyro: -1.08, 6.94, -7.13
Accel: -0.30, 0.00, -0.95
Gyro: -2.69, 9.03, -6.09
Accel: -0.28, -0.00, -0.94
Gyro: -1.53, 9.19, -4.56
Accel: -0.28, -0.02, -0.93
Gyro: -2.30, 9.50, -4.52
Accel: -0.27, -0.03, -0.93
Gyro: -2.32, 8.83, -5.15
Accel: -0.27, -0.00, -0.94
Gyro: -4.49, 9.81, -2.96
Accel: -0.28, -0.01, -0.94
Gyro: -8.42, 11.38, 0.20
Accel: -0.26, -0.03, -0.93
Gyro: -12.83, 11.92, 1.50
Accel: -0.26, -0.01, -0.93
Gyro: -14.27, 11.86, 1.39
Accel: -0.26, 0.00, -0.93
Gyro: -11.48, 11.63, 0.71
Accel: -0.24, -0.01, -0.94
Gyro: -7.98, 10.40, -0.98
Accel: -0.25, -0.01, -0.95
Gyro: -6.81, 11.32, -3.11
Accel: -0.24, 0.01, -0.93
Gyro: -5.04, 10.43, -4.20
Accel: -0.23, 0.00, -0.93
Gyro: -3.82, 8.96, -4.29
Accel: -0.23, 0.02, -0.93
Gyro: -3.55, 7.24, -4.02
Accel: -0.22, -0.00, -0.92
Gyro: -3.51, 5.84, -3.49
Accel: -0.23, 0.00, -0.93
Gyro: -3.51, 4.48, -3.95
Accel: -0.24, -0.01, -0.93
Gyro: -3.14, 4.36, -5.12
Accel: -0.23, 0.00, -0.93
Gyro: -3.40, 3.82, -6.16
Accel: -0.23, 0.01, -0.93
Gyro: -3.45, 2.59, -6.54
Accel: -0.23, 0.02, -0.92
Gyro: -3.36, 1.40, -6.36
Accel: -0.24, 0.02, -0.93
Gyro: -2.90, 1.25, -5.38
Accel: -0.24, 0.01, -0.93
Gyro: -3.50, 0.78, -4.89
Accel: -0.24, 0.03, -0.93
Gyro: -3.51, 0.50, -4.55
Accel: -0.23, 0.03, -0.94
Gyro: -2.23, 0.39, -3.74
Accel: -0.23, 0.03, -0.94
Gyro: -1.03, -0.07, -3.32
Accel: -0.24, 0.02, -0.94
Gyro: 0.18, -0.50, -3.75
Accel: -0.24, 0.02, -0.94
Gyro: 1.14, -0.72, -4.17
Accel: -0.23, 0.02, -0.94
Gyro: 1.92, -0.56, -4.04
Accel: -0.23, 0.01, -0.95
Gyro: 2.02, -0.05, -2.91
Accel: -0.23, 0.01, -0.94
Gyro: 1.85, 0.26, -1.41
Accel: -0.24, -0.00, -0.94
Gyro: 0.98, 0.50, -0.59
Accel: -0.23, -0.00, -0.95
Gyro: 0.09, 0.01, -0.16
Accel: -0.22, -0.01, -0.95
Gyro: -0.29, -0.38, -0.29
Accel: -0.24, -0.02, -0.96
Gyro: -0.81, -0.13, -0.73
Accel: -0.23, -0.02, -0.96
Gyro: -1.86, 1.01, -1.69
Accel: -0.24, -0.01, -0.96
Gyro: -1.17, 1.83, -2.59
Accel: -0.22, -0.01, -0.95
Gyro: -0.83, 2.59, -2.49
Accel: -0.23, -0.01, -0.93
Gyro: -0.83, 2.06, -2.50
Accel: -0.23, -0.02, -0.95
Gyro: -1.82, 2.12, -2.69
Accel: -0.22, -0.00, -0.95
Gyro: -2.21, 1.92, -2.71
Accel: -0.22, -0.01, -0.95
Gyro: -2.17, 2.07, -2.78
Accel: -0.22, -0.02, -0.94
Gyro: -2.29, 1.95, -3.26
Accel: -0.22, -0.01, -0.95
Gyro: -2.30, 2.06, -3.61
Accel: -0.21, -0.00, -0.94
Gyro: -2.53, 1.72, -4.15
Accel: -0.22, -0.00, -0.93
Gyro: -2.52, 1.55, -4.39
Accel: -0.21, 0.01, -0.92
Gyro: -1.41, 0.96, -4.61
Accel: -0.21, 0.01, -0.94
Gyro: -0.45, 0.03, -3.96
Accel: -0.21, 0.01, -0.93
Gyro: 0.34, -1.06, -3.10
Accel: -0.22, 0.02, -0.94
Gyro: 0.67, -1.23, -1.95
Accel: -0.22, 0.00, -0.94
Gyro: 0.24, -1.17, -0.57
Accel: -0.23, -0.01, -0.95
Gyro: -0.56, -1.13, -0.14
Accel: -0.24, -0.02, -0.95
Gyro: -1.00, -0.08, 0.14
Accel: -0.23, -0.03, -0.95
Gyro: -1.91, 0.96, -0.57
Accel: -0.22, -0.02, -0.94
Gyro: -2.63, 0.63, -2.05
Accel: -0.23, -0.00, -0.96
Gyro: -1.93, 0.78, -2.40
Accel: -0.22, -0.01, -0.95
Gyro: -1.01, 0.76, -2.21
Accel: -0.22, -0.01, -0.95
Gyro: -0.78, 0.24, -2.17
Accel: -0.22, -0.01, -0.94
Gyro: -1.17, 0.03, -2.09
Accel: -0.22, -0.01, -0.95
Gyro: -1.58, 0.13, -1.67
Accel: -0.22, 0.00, -0.94
Gyro: -1.82, 0.63, -1.14
Accel: -0.22, -0.01, -0.94
Gyro: -1.99, 0.85, -0.69
Accel: -0.21, -0.00, -0.93
Gyro: -2.32, 1.03, -0.73
Accel: -0.21, -0.01, -0.94
Gyro: -2.54, 0.53, -1.11
Accel: -0.21, -0.01, -0.94
Gyro: -2.40, 0.26, -1.17
Accel: -0.22, 0.00, -0.94
Gyro: -1.91, -0.43, -1.08
Accel: -0.21, -0.01, -0.94
Gyro: -1.74, -0.59, -1.12
Accel: -0.21, -0.01, -0.94
Gyro: -2.36, -0.98, -1.66
Accel: -0.21, 0.00, -0.96
Gyro: -1.52, -0.54, -1.43
Accel: -0.21, 0.00, -0.94
Gyro: -1.02, -0.69, -0.69
Accel: -0.22, -0.00, -0.95
Gyro: -1.30, -0.95, -0.89
Accel: -0.22, -0.01, -0.95
Gyro: -2.06, -0.35, -1.26
Accel: -0.21, -0.00, -0.94
Gyro: -2.07, -0.53, -1.13
Accel: -0.21, -0.00, -0.95
Gyro: -1.66, -0.90, -1.25
Accel: -0.22, -0.01, -0.94
Gyro: -1.46, -1.02, -1.29
Accel: -0.21, 0.00, -0.93
Gyro: -1.32, -1.51, -1.22
Accel: -0.21, -0.01, -0.94
Gyro: -1.10, -2.13, -1.14
Accel: -0.21, -0.00, -0.95
Gyro: -1.18, -2.15, -0.90
Accel: -0.21, -0.00, -0.95
Gyro: -1.56, -2.01, -0.76
Accel: -0.21, -0.01, -0.94
Gyro: -1.36, -1.99, -0.49
Accel: -0.22, -0.02, -0.95
Gyro: -1.86, -1.56, -0.56
Accel: -0.22, -0.01, -0.94
Gyro: -2.13, -1.78, -0.81
Accel: -0.22, -0.01, -0.94
Gyro: -2.03, -1.97, -0.95
Accel: -0.22, -0.01, -0.95
Gyro: -2.57, -1.94, -1.24
Accel: -0.22, -0.00, -0.95
Gyro: -2.17, -1.50, -1.25
Accel: -0.22, -0.01, -0.95
Gyro: -2.08, -1.55, -1.76
Accel: -0.22, -0.01, -0.94
Gyro: -2.62, -1.68, -2.37
Accel: -0.22, -0.00, -0.95
Gyro: -2.62, -1.88, -2.80
Accel: -0.23, 0.00, -0.95
Gyro: -1.59, -1.59, -2.07
Accel: -0.22, -0.00, -0.94
Gyro: -1.51, -1.52, -1.57
Accel: -0.23, -0.01, -0.96
Gyro: -1.92, -0.84, -1.56
Accel: -0.23, -0.00, -0.94
Gyro: -2.20, -0.20, -1.25
Accel: -0.22, 0.00, -0.94
Gyro: -1.82, -0.52, -0.76
Accel: -0.22, -0.01, -0.94
Gyro: -1.36, -0.70, -0.56
Accel: -0.22, -0.02, -0.94
Gyro: -1.64, -0.79, -1.11
Accel: -0.22, -0.01, -0.94
Gyro: -1.94, -0.79, -1.39
Accel: -0.22, -0.00, -0.95
Gyro: -2.28, -0.40, -1.56
Accel: -0.22, -0.01, -0.94
Gyro: -2.10, -0.66, -1.75
Accel: -0.22, -0.00, -0.95
Gyro: -1.98, -0.65, -1.62
Accel: -0.23, -0.01, -0.97
Gyro: -2.46, -0.07, -1.87
Accel: -0.24, 0.00, -0.97
Gyro: -2.18, 1.08, -2.36
Accel: -0.23, 0.01, -0.96
Gyro: -1.34, 3.59, -0.89
Accel: -0.24, -0.00, -0.97
Gyro: -1.21, 4.66, -0.18
Accel: -0.26, 0.00, -1.02
Gyro: -0.40, 9.29, -0.69
Accel: -0.29, 0.01, -1.05
Gyro: 1.56, 16.58, -2.01
Accel: -0.29, 0.01, -1.06
Gyro: 5.50, 26.39, -3.68
Accel: -0.30, 0.03, -1.09
Gyro: 9.93, 35.30, -5.64
Accel: -0.35, 0.04, -1.19
Gyro: 17.92, 49.94, -8.18
Accel: -0.37, 0.04, -1.23
Gyro: 23.03, 71.64, -11.12
Accel: -0.39, 0.06, -1.26
Gyro: 31.30, 93.70, -11.10
Accel: -0.40, 0.07, -1.33
Gyro: 33.82, 123.80, -9.41
Accel: -0.32, 0.07, -1.10
Gyro: 40.66, 142.81, -5.26
Accel: -0.26, 0.02, -1.06
Gyro: 45.01, 154.70, -0.68
Accel: -0.11, -0.05, -0.89
Gyro: 40.27, 159.12, 2.46
Accel: 0.02, -0.11, -0.74
Gyro: 34.32, 150.05, 4.07
Accel: 0.13, -0.14, -0.68
Gyro: 28.50, 134.41, 5.34
Accel: 0.25, -0.18, -0.61
Gyro: 20.78, 114.90, 5.33
Accel: 0.33, -0.20, -0.59
Gyro: 12.68, 92.54, 4.11
Accel: 0.39, -0.18, -0.61
Gyro: 6.16, 70.68, 2.79
Accel: 0.37, -0.18, -0.75
Gyro: 1.56, 58.30, 3.43
Accel: 0.40, -0.19, -0.76
Gyro: -1.58, 51.43, 3.11
Accel: 0.43, -0.18, -0.76
Gyro: -3.64, 41.33, 2.85
Accel: 0.44, -0.19, -0.80
Gyro: -6.97, 32.98, 1.63
Accel: 0.45, -0.16, -0.76
Gyro: -7.90, 24.29, -0.61
