Accel: -0.23, -0.00, -0.96
Gyro: -7.60, -82.75, -0.63
Accel: -0.27, -0.05, -1.11
Gyro: -30.22, -73.89, -2.71
Accel: -0.33, 0.03, -0.97
Gyro: 5.84, -74.17, -1.69
Accel: -0.40, -0.02, -1.05
Gyro: -5.58, -60.87, -0.27
Accel: -0.41, -0.04, -1.03
Gyro: -1.95, -48.16, -0.23
Accel: -0.41, -0.04, -1.01
Gyro: -4.80, -39.56, -4.31
Accel: -0.41, -0.02, -0.97
Gyro: -3.65, -33.03, -5.23
Accel: -0.42, -0.00, -0.96
Gyro: -5.91, -27.38, -3.83
Accel: -0.42, -0.01, -0.94
Gyro: -3.43, -24.28, -1.34
Accel: -0.44, -0.01, -0.97
Gyro: -6.59, -19.39, -1.34
Accel: -0.45, -0.03, -0.98
Gyro: -7.48, -15.51, -3.48
Accel: -0.44, -0.03, -0.94
Gyro: -5.49, -11.12, -5.04
Accel: -0.44, -0.01, -0.93
Gyro: -9.61, -6.51, -6.20
Accel: -0.42, 0.01, -0.93
Gyro: -5.62, -3.56, -5.27
Accel: -0.43, 0.02, -0.92
Gyro: -4.07, -1.26, -3.53
Accel: -0.42, 0.01, -0.91
Gyro: -2.72, -0.90, -1.97
Accel: -0.41, -0.00, -0.93
Gyro: -2.82, 1.20, -1.59
Accel: -0.41, 0.01, -0.95
Gyro: -0.23, 4.00, -1.92
Accel: -0.41, -0.02, -0.92
Gyro: -1.07, 7.30, -2.96
Accel: -0.38, -0.02, -0.91
Gyro: -1.73, 8.35, -4.80
Accel: -0.37, -0.02, -0.92
Gyro: -2.37, 8.99, -6.64
Accel: -0.37, 0.00, -0.96
Gyro: 0.08, 11.91, -8.28
Accel: -0.38, -0.01, -0.97
Gyro: 2.59, 16.91, -10.20
Accel: -0.35, -0.02, -0.90
Gyro: 2.06, 19.58, -10.91
Accel: -0.31, -0.01, -0.85
Gyro: 1.27, 16.56, -10.09
Accel: -0.30, 0.01, -0.86
Gyro: 1.89, 11.29, -8.22
Accel: -0.31, -0.01, -0.90
Gyro: 2.97, 10.65, -6.17
Accel: -0.31, -0.02, -0.91
Gyro: 0.85, 10.63, -4.76
Accel: -0.30, -0.02, -0.90
Gyro: 1.17, 9.38, -3.48
Accel: -0.30, -0.02, -0.91
Gyro: 1.05, 8.74, -2.93
Accel: -0.30, -0.02, -0.93
Gyro: 0.94, 8.48, -2.08
Accel: -0.30, -0.03, -0.92
Gyro: -1.12, 10.07, -1.20
Accel: -0.28, -0.04, -0.88
Gyro: -0.78, 7.57, -1.59
Accel: -0.29, -0.03, -0.88
Gyro: -1.80, 4.30, -1.93
Accel: -0.30, -0.03, -0.89
Gyro: -1.66, 1.89, -2.01
Accel: -0.30, -0.04, -0.92
Gyro: -2.30, 1.15, -2.25
Accel: -0.31, -0.04, -0.92
Gyro: -2.98, 1.12, -2.33
Accel: -0.30, -0.02, -0.91
Gyro: -4.22, 0.56, -2.48
Accel: -0.30, -0.00, -0.90
Gyro: -6.20, 0.24, -1.37
Accel: -0.30, 0.01, -0.91
Gyro: -6.40, -1.43, 1.60
Accel: -0.29, 0.02, -0.90
Gyro: -6.88, -2.82, 5.11
Accel: -0.30, 0.00, -0.91
Gyro: -7.05, -3.81, 7.64
Accel: -0.30, -0.01, -0.91
Gyro: -6.40, -4.41, 8.76
Accel: -0.30, -0.01, -0.92
Gyro: -6.10, -4.51, 8.97
Accel: -0.31, -0.02, -0.92
Gyro: -5.69, -4.15, 8.28
Accel: -0.32, -0.03, -0.93
Gyro: -4.91, -3.36, 6.90
Accel: -0.32, -0.03, -0.93
Gyro: -4.58, -2.40, 4.91
Accel: -0.32, -0.03, -0.93
Gyro: -3.68, -1.93, 2.82
Accel: -0.33, -0.03, -0.91
Gyro: -3.34, -1.98, 0.70
Accel: -0.33, -0.02, -0.92
Gyro: -2.85, -2.09, -1.14
Accel: -0.33, -0.02, -0.93
Gyro: -2.56, -1.53, -2.69
Accel: -0.33, -0.01, -0.94
Gyro: -2.35, -0.67, -3.14
Accel: -0.32, -0.01, -0.93
Gyro: -2.52, 0.63, -3.20
Accel: -0.32, -0.00, -0.92
Gyro: -2.43, 0.51, -3.04
Accel: -0.31, -0.00, -0.93
Gyro: -2.26, 0.81, -2.34
Accel: -0.31, -0.01, -0.92
Gyro: -2.71, 0.97, -2.50
Accel: -0.31, -0.00, -0.92
Gyro: -2.88, 1.04, -3.17
Accel: -0.31, -0.00, -0.93
Gyro: -2.46, 2.14, -3.69
Accel: -0.31, 0.00, -0.92
Gyro: -1.55, 1.87, -3.63
Accel: -0.31, -0.00, -0.93
Gyro: -2.24, 1.89, -3.65
Accel: -0.30, 0.00, -0.91
Gyro: -2.08, 1.17, -3.56
Accel: -0.30, 0.01, -0.91
Gyro: -1.96, 0.26, -3.08
Accel: -0.30, 0.00, -0.92
Gyro: -1.42, -0.27, -2.11
Accel: -0.31, 0.00, -0.92
Gyro: -1.22, -0.36, -1.15
Accel: -0.30, -0.00, -0.92
Gyro: -1.52, -0.11, -0.37
Accel: -0.30, 0.00, -0.92
Gyro: -1.82, -0.21, 0.11
Accel: -0.31, -0.01, -0.92
Gyro: -2.08, -0.18, 0.52
Accel: -0.31, -0.01, -0.94
Gyro: -1.05, -0.16, 0.65
Accel: -0.32, -0.01, -0.98
Gyro: -1.23, 2.12, -0.43
Accel: -0.33, -0.03, -0.96
Gyro: 0.53, 6.57, -2.50
Accel: -0.31, -0.01, -0.91
Gyro: 1.15, 8.31, -4.48
Accel: -0.30, -0.00, -0.88
Gyro: 1.60, 5.69, -4.14
Accel: -0.30, 0.01, -0.90
Gyro: 0.41, 2.39, -2.45
Accel: -0.29, -0.00, -0.92
Gyro: -1.49, 1.97, -1.02
Accel: -0.30, 0.00, -0.92
Gyro: -1.53, 2.12, 0.22
Accel: -0.29, -0.00, -0.90
Gyro: -1.88, 1.08, 0.28
Accel: -0.29, -0.01, -0.91
Gyro: -1.35, 0.42, 0.09
Accel: -0.29, -0.01, -0.91
Gyro: -1.19, -0.43, 0.34
Accel: -0.29, -0.01, -0.92
Gyro: -1.36, -0.74, 0.34
Accel: -0.29, -0.01, -0.94
Gyro: -0.15, -0.14, 0.18
Accel: -0.29, -0.03, -0.92
Gyro: 0.01, 0.16, -0.38
Accel: -0.29, -0.03, -0.91
Gyro: -0.14, -0.09, -1.02
Accel: -0.29, -0.02, -0.92
Gyro: -0.57, -1.08, -1.98
Accel: -0.29, -0.02, -0.91
Gyro: -2.00, -1.30, -2.15
Accel: -0.29, -0.01, -0.93
Gyro: -2.45, -2.03, -2.69
Accel: -0.29, -0.01, -0.93
Gyro: -2.94, -1.58, -2.67
Accel: -0.29, -0.01, -0.94
Gyro: -3.28, -1.51, -2.66
Accel: -0.30, -0.01, -0.93
Gyro: -2.98, -1.33, -2.84
Accel: -0.29, -0.01, -0.94
Gyro: -2.41, -1.00, -2.44
Accel: -0.29, -0.00, -0.92
Gyro: -2.40, -0.48, -2.08
Accel: -0.30, -0.01, -0.93
Gyro: -2.77, 0.04, -2.10
Accel: -0.30, -0.00, -0.93
Gyro: -3.04, 0.45, -2.20
Accel: -0.30, -0.00, -0.93
Gyro: -2.30, 1.23, -2.08
Accel: -0.29, -0.00, -0.91
Gyro: -1.79, 0.60, -1.24
Accel: -0.30, -0.01, -0.93
Gyro: -1.81, 0.38, -0.95
Accel: -0.30, -0.00, -0.93
Gyro: -1.63, 1.02, -1.14
Accel: -0.31, -0.00, -0.94
Gyro: -1.55, 1.83, -1.31
Accel: -0.34, 0.00, -0.99
Gyro: -1.09, 4.46, -1.43
Accel: -0.36, -0.00, -1.03
Gyro: -0.56, 13.15, -1.46
Accel: -0.37, -0.01, -1.04
Gyro: 0.11, 21.84, -2.17
Accel: -0.41, 0.00, -1.12
Gyro: 1.30, 33.89, -3.57
Accel: -0.43, 0.01, -1.18
Gyro: 3.32, 51.60, -4.25
Accel: -0.43, 0.03, -1.19
Gyro: 8.44, 70.88, -4.24
Accel: -0.38, 0.01, -1.08
Gyro: 12.15, 86.43, -3.37
Accel: -0.32, -0.00, -1.01
Gyro: 16.54, 90.74, -4.17
Accel: -0.35, 0.01, -1.20
Gyro: 17.41, 104.91, -4.10
Accel: -0.26, -0.01, -1.04
Gyro: 12.70, 121.45, -2.66
Accel: -0.17, -0.03, -0.88
Gyro: 21.07, 116.48, -1.16
Accel: -0.13, -0.06, -0.96
Gyro: 20.49, 117.36, -1.44
Accel: -0.03, -0.07, -0.85
Gyro: 16.61, 116.38, -3.56
Accel: 0.03, -0.05, -0.84
Gyro: 17.06, 107.21, -3.93
Accel: 0.09, -0.07, -0.84
Gyro: 14.61, 104.33, -3.76
Accel: 0.16, -0.09, -0.76
Gyro: 11.57, 91.26, -4.40
Accel: 0.18, -0.07, -0.84
Gyro: 10.87, 83.83, -3.57
Accel: 0.24, -0.10, -0.77
Gyro: 9.03, 74.78, -2.50
Accel: 0.29, -0.11, -0.76
Gyro: 7.39, 63.44, -2.03
Accel: 0.31, -0.12, -0.84
Gyro: 5.47, 56.81, -2.07
Accel: 0.35, -0.12, -0.75
Gyro: -1.05, 45.92, -2.83
Accel: 0.39, -0.11, -0.72
Gyro: -1.75, 30.21, -2.16
Accel: 0.38, -0.10, -0.79
Gyro: -2.78, 18.78, -1.36
Accel: 0.37, -0.11, -0.85
Gyro: -6.32, 14.26, -0.60
Accel: 0.38, -0.11, -0.82
Gyro: -9.18, 8.56, -0.45
Accel: 0.40, -0.11, -0.81
Gyro: -8.90, 0.33, -1.16
Accel: 0.39, -0.09, -0.80
Gyro: -6.44, -7.71, -1.75
Accel: 0.37, -0.09, -0.84
Gyro: -4.38, -12.99, -1.82
Accel: 0.36, -0.10, -0.86
Gyro: -3.88, -15.41, -2.59
Accel: 0.36, -0.08, -0.86
Gyro: -3.18, -18.79, -2.93
Accel: 0.38, -0.07, -0.78
Gyro: -0.98, -26.61, -1.62
Accel: 0.42, -0.09, -0.65
Gyro: 0.41, -44.36, -0.05
Accel: 0.42, -0.07, -0.55
Gyro: 0.76, -72.75, 1.50
Accel: 0.30, -0.06, -0.75
Gyro: 5.43, -91.35, 4.33
Accel: 0.24, -0.12, -0.81
Gyro: -2.23, -95.55, 3.46
Accel: 0.22, -0.11, -0.72
Gyro: -6.57, -106.51, 1.85
Accel: 0.15, -0.09, -0.74
Gyro: -7.52, -120.93, 2.26
Accel: 0.06, -0.11, -0.86
Gyro: -10.77, -127.24, 1.50
Accel: 0.00, -0.07, -0.83
Gyro: -16.52, -130.99, -0.64
Accel: -0.05, -0.02, -0.82
Gyro: -17.02, -139.37, 1.96
Accel: -0.12, -0.02, -0.89
Gyro: -15.30, -145.42, 6.64
Accel: -0.19, -0.07, -0.91
Gyro: -18.51, -147.42, 7.58
Accel: -0.30, -0.07, -1.00
Gyro: -19.70, -143.07, 3.68
Accel: -0.44, -0.03, -1.25
Gyro: -17.62, -122.44, 1.91
Accel: -0.47, 0.06, -1.41
Gyro: -13.46, -81.30, -2.14
Accel: -0.52, -0.07, -1.19
Gyro: 5.47, -61.58, 3.81
Accel: -0.48, -0.02, -0.91
Gyro: -21.64, -42.20, -2.78
Accel: -0.43, -0.06, -1.07
Gyro: 13.25, -42.55, -4.52
Accel: -0.41, -0.03, -0.91
Gyro: -1.35, -30.45, -0.53
Accel: -0.44, -0.02, -0.94
Gyro: 6.91, -31.67, -0.27
Accel: -0.50, -0.05, -1.07
Gyro: 2.82, -23.21, -1.29
Accel: -0.47, -0.04, -0.99
Gyro: -5.19, -11.54, -0.61
Accel: -0.46, -0.05, -0.95
Gyro: -3.38, -5.76, -0.18
Accel: -0.43, -0.05, -0.93
Gyro: -8.49, -1.75, -0.69
