Accel: -0.35, -0.05, -1.05
Gyro: -8.73, -57.11, -10.01
Accel: -0.37, 0.07, -0.95
Gyro: -2.49, -50.96, -7.65
Accel: -0.40, 0.04, -1.08
Gyro: -1.46, -38.69, -5.91
Accel: -0.39, 0.02, -1.05
Gyro: -2.05, -25.25, -1.62
Accel: -0.39, 0.03, -1.02
Gyro: -1.21, -17.78, -2.27
Accel: -0.43, 0.03, -1.07
Gyro: 4.97, -6.16, -1.80
Accel: -0.39, -0.00, -0.95
Gyro: 3.02, 2.14, -1.73
Accel: -0.33, -0.01, -0.86
Gyro: 0.95, -0.52, -1.63
Accel: -0.32, 0.01, -0.85
Gyro: -0.62, -7.33, -2.40
Accel: -0.35, 0.00, -0.92
Gyro: 1.44, -9.62, -1.41
Accel: -0.36, 0.00, -0.95
Gyro: -0.28, -6.87, -1.66
Accel: -0.35, -0.02, -0.92
Gyro: -1.04, -4.64, -1.51
Accel: -0.34, -0.01, -0.89
Gyro: -2.30, -4.73, -1.60
Accel: -0.33, -0.00, -0.89
Gyro: -2.59, -6.09, -0.43
Accel: -0.33, -0.02, -0.91
Gyro: -3.43, -6.59, 0.34
Accel: -0.33, -0.02, -0.92
Gyro: -3.85, -5.67, 0.58
Accel: -0.32, -0.02, -0.92
Gyro: -5.30, -5.04, 0.24
Accel: -0.30, -0.02, -0.91
Gyro: -6.40, -5.25, 0.82
Accel: -0.33, -0.01, -0.99
Gyro: -7.13, -2.35, 2.29
Accel: -0.30, -0.05, -0.95
Gyro: -9.58, 3.50, 1.87
Accel: -0.28, -0.09, -0.91
Gyro: -12.47, 3.30, -2.05
Accel: -0.27, -0.05, -0.92
Gyro: -14.31, 1.54, -7.56
Accel: -0.29, -0.00, -0.97
Gyro: -12.44, 2.20, -9.99
Accel: -0.30, 0.02, -0.97
Gyro: -11.53, 5.62, -10.17
Accel: -0.27, 0.02, -0.94
Gyro: -11.20, 6.27, -9.00
Accel: -0.26, 0.03, -0.92
Gyro: -11.57, 5.11, -8.12
Accel: -0.26, 0.05, -0.91
Gyro: -10.08, 3.57, -6.34
Accel: -0.26, 0.06, -0.93
Gyro: -7.46, 2.28, -5.20
Accel: -0.26, 0.05, -0.92
Gyro: -5.29, 1.44, -4.26
Accel: -0.26, 0.04, -0.93
Gyro: -5.29, 0.53, -4.52
Accel: -0.26, 0.04, -0.94
Gyro: -4.11, -0.20, -5.11
Accel: -0.26, 0.05, -0.95
Gyro: -1.60, 0.77, -5.13
Accel: -0.27, 0.05, -0.94
Gyro: 0.18, 1.72, -3.99
Accel: -0.27, 0.05, -0.92
Gyro: 1.51, 0.31, -2.51
Accel: -0.27, 0.04, -0.91
Gyro: 1.98, -0.14, -1.09
Accel: -0.27, 0.04, -0.92
Gyro: 1.91, -1.24, 0.19
Accel: -0.28, 0.04, -0.92
Gyro: 2.21, -1.04, 1.58
Accel: -0.28, 0.02, -0.90
Gyro: 2.54, -1.82, 2.30
Accel: -0.29, 0.01, -0.91
Gyro: 2.13, -2.46, 2.15
Accel: -0.29, 0.00, -0.91
Gyro: 1.46, -2.81, 1.69
Accel: -0.30, 0.01, -0.94
Gyro: 1.46, -2.46, 1.50
Accel: -0.30, 0.01, -0.93
Gyro: 2.07, -2.46, 0.79
Accel: -0.31, 0.01, -0.93
Gyro: 3.07, -2.03, 0.47
Accel: -0.30, 0.03, -0.91
Gyro: 4.70, -1.95, -0.26
Accel: -0.30, 0.03, -0.92
Gyro: 6.33, -2.75, -0.82
Accel: -0.30, 0.02, -0.92
Gyro: 6.69, -2.17, -0.31
Accel: -0.29, 0.02, -0.92
Gyro: 6.04, -2.53, 0.77
Accel: -0.30, 0.01, -0.93
Gyro: 5.69, -2.14, 2.27
Accel: -0.30, 0.01, -0.93
Gyro: 5.18, -2.15, 3.36
Accel: -0.30, 0.01, -0.93
Gyro: 5.42, -1.63, 4.24
Accel: -0.30, -0.00, -0.93
Gyro: 6.01, -1.11, 5.14
Accel: -0.30, -0.01, -0.95
Gyro: 6.39, -0.08, 5.63
Accel: -0.30, -0.02, -0.94
Gyro: 6.57, 0.37, 5.28
Accel: -0.28, -0.04, -0.94
Gyro: 5.77, 0.66, 4.26
Accel: -0.30, -0.05, -0.94
Gyro: 5.10, 0.89, 3.50
Accel: -0.29, -0.06, -0.92
Gyro: 3.76, 0.92, 2.04
Accel: -0.29, -0.05, -0.92
Gyro: 2.49, 0.85, 0.88
Accel: -0.28, -0.05, -0.92
Gyro: 1.37, 0.71, 0.08
Accel: -0.28, -0.04, -0.92
Gyro: 0.37, 0.60, -0.30
Accel: -0.27, -0.04, -0.92
Gyro: -0.73, 0.52, -0.53
Accel: -0.28, -0.04, -0.93
Gyro: -2.11, 0.24, -0.89
Accel: -0.28, -0.03, -0.91
Gyro: -2.94, 0.30, -1.36
Accel: -0.28, -0.03, -0.92
Gyro: -3.58, -0.94, -1.91
Accel: -0.28, -0.02, -0.93
Gyro: -3.79, -1.24, -2.28
Accel: -0.29, -0.01, -0.95
Gyro: -3.04, -0.12, -2.50
Accel: -0.29, -0.01, -0.95
Gyro: -2.81, 1.51, -2.75
Accel: -0.28, -0.00, -0.93
Gyro: -2.59, 1.75, -2.62
Accel: -0.28, 0.01, -0.94
Gyro: -2.37, 3.11, -1.55
Accel: -0.28, 0.01, -0.94
Gyro: -1.21, 3.37, -0.27
Accel: -0.27, -0.00, -0.93
Gyro: -1.88, 4.05, 1.08
Accel: -0.28, 0.01, -0.92
Gyro: -2.21, 4.07, 2.49
Accel: -0.27, 0.01, -0.90
Gyro: -1.51, 1.83, 4.10
Accel: -0.30, -0.01, -0.96
Gyro: -0.62, 1.68, 5.81
Accel: -0.29, -0.03, -0.95
Gyro: -1.16, 4.06, 6.42
Accel: -0.28, -0.04, -0.92
Gyro: -0.99, 4.30, 5.68
Accel: -0.27, -0.04, -0.91
Gyro: -0.95, 3.30, 3.95
Accel: -0.29, -0.04, -0.94
Gyro: -0.79, 2.87, 2.10
Accel: -0.29, -0.04, -0.95
Gyro: -0.55, 3.46, 0.40
Accel: -0.28, -0.04, -0.93
Gyro: -0.41, 3.90, -0.97
Accel: -0.27, -0.05, -0.91
Gyro: -1.33, 2.53, -2.91
Accel: -0.27, -0.02, -0.92
Gyro: -1.59, 0.86, -4.14
Accel: -0.27, -0.01, -0.95
Gyro: -0.97, 1.82, -3.52
Accel: -0.27, -0.02, -0.95
Gyro: -0.77, 2.34, -3.70
Accel: -0.27, -0.02, -0.94
Gyro: -1.85, 3.68, -3.88
Accel: -0.27, -0.03, -0.93
Gyro: -1.59, 3.20, -4.23
Accel: -0.26, -0.02, -0.93
Gyro: -2.67, 3.49, -4.45
Accel: -0.27, -0.02, -0.94
Gyro: -3.08, 4.66, -5.08
Accel: -0.27, -0.03, -0.93
Gyro: -3.63, 5.17, -5.99
Accel: -0.26, -0.03, -0.93
Gyro: -4.14, 5.04, -7.13
Accel: -0.25, -0.01, -0.93
Gyro: -4.52, 4.13, -8.29
Accel: -0.25, -0.00, -0.94
Gyro: -3.20, 4.02, -8.29
Accel: -0.25, -0.01, -0.95
Gyro: -1.87, 4.37, -8.07
Accel: -0.25, 0.00, -0.94
Gyro: -1.61, 4.36, -7.32
Accel: -0.24, -0.01, -0.93
Gyro: -1.37, 4.81, -6.19
Accel: -0.24, -0.01, -0.92
Gyro: -0.56, 3.14, -5.18
Accel: -0.24, -0.02, -0.93
Gyro: -0.17, 2.50, -4.44
Accel: -0.24, -0.01, -0.92
Gyro: -0.76, 1.82, -4.10
Accel: -0.24, -0.01, -0.92
Gyro: -1.88, 0.98, -2.94
Accel: -0.23, -0.02, -0.91
Gyro: -2.18, 0.21, -1.39
Accel: -0.23, -0.03, -0.94
Gyro: -2.72, -1.62, -0.08
Accel: -0.24, -0.03, -0.95
Gyro: -3.09, -1.85, 0.24
Accel: -0.23, -0.03, -0.93
Gyro: -4.11, -0.79, 0.00
Accel: -0.25, -0.03, -0.94
Gyro: -4.49, -1.65, -1.06
Accel: -0.24, -0.01, -0.94
Gyro: -3.22, -0.99, -1.48
Accel: -0.25, -0.02, -0.94
Gyro: -2.41, -1.72, -1.53
Accel: -0.24, -0.01, -0.94
Gyro: -2.14, -1.28, -1.69
Accel: -0.25, -0.01, -0.94
Gyro: -2.30, -1.88, -1.25
Accel: -0.25, -0.00, -0.94
Gyro: -2.32, -1.68, -0.92
Accel: -0.25, -0.01, -0.93
Gyro: -2.10, -1.88, -0.16
Accel: -0.25, -0.02, -0.94
Gyro: -2.25, -2.12, -0.18
Accel: -0.25, -0.02, -0.94
Gyro: -2.54, -2.17, -0.57
Accel: -0.25, -0.02, -0.95
Gyro: -2.29, -1.96, -1.17
Accel: -0.25, -0.01, -0.95
Gyro: -2.18, -0.84, -1.11
Accel: -0.25, -0.02, -0.93
Gyro: -1.87, -0.57, -0.95
Accel: -0.24, -0.02, -0.93
Gyro: -1.82, -0.56, -1.14
Accel: -0.24, -0.01, -0.93
Gyro: -1.82, -1.01, -1.12
Accel: -0.24, -0.00, -0.94
Gyro: -1.14, -0.79, -0.93
Accel: -0.25, -0.01, -0.94
Gyro: -1.14, -0.35, -0.04
Accel: -0.25, -0.02, -0.95
Gyro: -1.39, -1.07, -0.10
Accel: -0.24, -0.03, -0.92
Gyro: -1.50, -0.92, -0.11
Accel: -0.25, -0.02, -0.94
Gyro: -2.36, -1.48, 0.05
Accel: -0.25, -0.02, -0.94
Gyro: -2.19, -0.80, -0.21
Accel: -0.25, -0.01, -0.94
Gyro: -1.78, -0.60, -0.16
Accel: -0.25, -0.01, -0.94
Gyro: -1.50, 0.08, -0.14
Accel: -0.25, -0.00, -0.95
Gyro: -1.52, 0.98, 0.05
Accel: -0.27, -0.01, -0.98
Gyro: -1.08, 2.61, 0.49
Accel: -0.31, -0.00, -1.06
Gyro: -0.27, 9.44, 1.05
Accel: -0.32, 0.01, -1.05
Gyro: 0.05, 19.04, 1.80
Accel: -0.34, 0.01, -1.11
Gyro: 1.63, 29.02, 2.61
Accel: -0.38, 0.01, -1.20
Gyro: 3.33, 47.44, 3.07
Accel: -0.39, 0.02, -1.19
Gyro: 8.71, 66.90, 2.72
Accel: -0.38, 0.02, -1.21
Gyro: 14.25, 85.79, 2.94
Accel: -0.34, 0.00, -1.15
Gyro: 15.08, 103.72, 3.02
Accel: -0.28, -0.00, -1.05
Gyro: 18.13, 111.20, 2.69
Accel: -0.25, -0.01, -1.10
Gyro: 20.69, 122.98, 3.05
Accel: -0.15, -0.04, -0.94
Gyro: 20.48, 130.68, 2.33
Accel: -0.06, -0.07, -0.89
Gyro: 26.50, 127.88, -0.56
Accel: 0.02, -0.08, -0.84
Gyro: 26.07, 123.48, -3.55
Accel: 0.13, -0.10, -0.70
Gyro: 24.11, 111.83, -4.94
Accel: 0.29, -0.14, -0.52
Gyro: 21.84, 85.01, -7.25
Accel: 0.33, -0.12, -0.57
Gyro: 16.17, 54.32, -8.03
Accel: 0.34, -0.11, -0.65
Gyro: 10.10, 31.42, -6.58
Accel: 0.34, -0.10, -0.71
Gyro: 5.07, 15.30, -3.40
Accel: 0.34, -0.11, -0.75
Gyro: 1.56, 2.18, -0.56
Accel: 0.33, -0.13, -0.76
Gyro: -2.27, -9.21, 0.99
Accel: 0.32, -0.12, -0.77
Gyro: -6.35, -20.46, 2.10
Accel: 0.31, -0.11, -0.75
Gyro: -9.07, -33.48, 3.74
Accel: 0.32, -0.12, -0.65
Gyro: -11.83, -53.28, 5.34
Accel: 0.30, -0.12, -0.58
Gyro: -16.62, -81.67, 4.98
Accel: 0.24, -0.07, -0.61
Gyro: -19.46, -111.08, 5.32
Accel: 0.12, -0.07, -0.69
Gyro: -22.13, -131.54, 5.88
