Accel: -0.36, -0.04, -0.90
Gyro: -4.33, 9.20, 0.76
Accel: -0.38, -0.04, -0.95
Gyro: -4.52, 10.07, 0.03
Accel: -0.36, -0.05, -0.94
Gyro: -3.68, 12.94, -1.27
Accel: -0.34, -0.04, -0.92
Gyro: -2.90, 14.06, -1.77
Accel: -0.32, -0.04, -0.90
Gyro: -2.47, 13.29, -1.99
Accel: -0.31, -0.04, -0.90
Gyro: -2.98, 11.31, -2.56
Accel: -0.29, -0.03, -0.90
Gyro: -3.17, 9.11, -3.20
Accel: -0.29, -0.03, -0.92
Gyro: -3.15, 8.81, -3.12
Accel: -0.28, -0.03, -0.92
Gyro: -2.72, 8.74, -2.92
Accel: -0.27, -0.03, -0.91
Gyro: -2.01, 8.56, -2.57
Accel: -0.27, -0.04, -0.90
Gyro: -2.63, 7.20, -2.58
Accel: -0.27, -0.04, -0.90
Gyro: -2.46, 5.33, -2.33
Accel: -0.28, -0.04, -0.91
Gyro: -2.72, 4.29, -2.12
Accel: -0.28, -0.04, -0.90
Gyro: -2.93, 3.84, -2.08
Accel: -0.28, -0.04, -0.90
Gyro: -3.14, 2.24, -2.05
Accel: -0.30, -0.03, -0.89
Gyro: -3.75, 1.18, -2.34
Accel: -0.31, -0.02, -0.90
Gyro: -3.52, 0.03, -2.34
Accel: -0.32, -0.03, -0.90
Gyro: -4.03, -1.14, -2.65
Accel: -0.32, -0.03, -0.89
Gyro: -3.62, -1.96, -3.06
Accel: -0.34, -0.02, -0.92
Gyro: -3.70, -2.43, -3.01
Accel: -0.34, -0.02, -0.91
Gyro: -3.45, -2.54, -3.54
Accel: -0.35, -0.01, -0.91
Gyro: -2.34, -2.37, -3.51
Accel: -0.35, -0.03, -0.91
Gyro: -2.37, -1.82, -3.41
Accel: -0.35, -0.03, -0.90
Gyro: -2.96, -1.98, -3.43
Accel: -0.35, -0.01, -0.91
Gyro: -2.16, -2.36, -3.38
Accel: -0.35, -0.01, -0.90
Gyro: -1.25, -2.43, -2.30
Accel: -0.36, -0.02, -0.91
Gyro: -1.15, -1.96, -1.24
Accel: -0.36, -0.02, -0.91
Gyro: -1.57, -1.22, -1.09
Accel: -0.35, -0.02, -0.91
Gyro: -1.74, -1.34, -0.90
Accel: -0.35, -0.02, -0.91
Gyro: -1.56, -1.51, -0.51
Accel: -0.35, -0.03, -0.91
Gyro: -1.30, -1.29, 0.13
Accel: -0.35, -0.02, -0.93
Gyro: -1.10, -0.01, 0.17
Accel: -0.35, -0.03, -0.92
Gyro: -1.49, 0.86, 0.21
Accel: -0.34, -0.03, -0.92
Gyro: -1.59, 1.43, 0.46
Accel: -0.35, -0.04, -0.93
Gyro: -1.64, 1.69, 0.30
Accel: -0.33, -0.04, -0.94
Gyro: -2.08, 3.62, -0.60
Accel: -0.32, -0.03, -0.93
Gyro: -3.34, 4.25, -1.61
Accel: -0.32, -0.03, -0.92
Gyro: -2.80, 5.11, -1.63
Accel: -0.30, -0.02, -0.91
Gyro: -1.86, 4.80, -1.53
Accel: -0.30, -0.03, -0.91
Gyro: -2.05, 3.36, -2.02
Accel: -0.30, -0.03, -0.92
Gyro: -2.51, 2.95, -2.62
Accel: -0.30, -0.03, -0.92
Gyro: -2.99, 3.72, -2.93
Accel: -0.29, -0.02, -0.92
Gyro: -2.76, 3.60, -2.93
Accel: -0.29, -0.02, -0.92
Gyro: -2.75, 3.29, -2.29
Accel: -0.30, -0.02, -0.92
Gyro: -2.31, 2.84, -1.74
Accel: -0.29, -0.03, -0.90
Gyro: -1.79, 2.04, -1.81
Accel: -0.30, -0.02, -0.92
Gyro: -1.56, 1.91, -1.93
Accel: -0.29, -0.02, -0.92
Gyro: -1.95, 2.43, -1.62
Accel: -0.30, -0.04, -0.93
Gyro: -1.90, 2.30, -1.87
Accel: -0.30, -0.04, -0.92
Gyro: -1.14, 1.77, -2.31
Accel: -0.31, -0.03, -0.92
Gyro: -2.01, 1.75, -2.81
Accel: -0.31, -0.03, -0.92
Gyro: -2.30, 1.66, -2.42
Accel: -0.31, -0.02, -0.89
Gyro: -2.20, 0.72, -2.60
Accel: -0.31, -0.02, -0.91
Gyro: -2.34, -0.31, -2.53
Accel: -0.30, -0.03, -0.92
Gyro: -2.24, -0.56, -2.49
Accel: -0.31, -0.02, -0.91
Gyro: -2.21, -1.08, -2.27
Accel: -0.30, -0.01, -0.91
Gyro: -2.15, -1.41, -1.75
Accel: -0.31, -0.01, -0.93
Gyro: -2.24, -0.60, -0.63
Accel: -0.31, -0.02, -0.92
Gyro: -1.95, -1.12, -0.65
Accel: -0.31, -0.02, -0.93
Gyro: -1.81, -0.66, -0.66
Accel: -0.32, -0.01, -0.92
Gyro: -0.63, -0.64, -0.50
Accel: -0.31, -0.02, -0.91
Gyro: 0.40, -1.01, -0.40
Accel: -0.31, -0.03, -0.93
Gyro: -0.56, -1.65, -0.18
Accel: -0.32, -0.03, -0.93
Gyro: -1.63, 0.16, 0.12
Accel: -0.32, -0.02, -0.93
Gyro: -1.80, 0.66, 0.50
Accel: -0.31, -0.03, -0.93
Gyro: -1.49, 1.59, 0.77
Accel: -0.31, -0.04, -0.93
Gyro: -1.59, 1.82, 0.67
Accel: -0.30, -0.04, -0.92
Gyro: -2.30, 2.66, -0.51
Accel: -0.31, -0.04, -0.93
Gyro: -2.67, 2.46, -1.30
Accel: -0.30, -0.03, -0.94
Gyro: -2.96, 3.08, -1.59
Accel: -0.29, -0.03, -0.92
Gyro: -2.89, 3.21, -1.56
Accel: -0.29, -0.03, -0.92
Gyro: -3.26, 2.37, -1.46
Accel: -0.29, -0.03, -0.92
Gyro: -3.91, 2.01, -1.59
Accel: -0.29, -0.02, -0.92
Gyro: -3.25, 1.97, -1.75
Accel: -0.29, -0.02, -0.93
Gyro: -2.75, 1.00, -1.21
Accel: -0.29, -0.02, -0.93
Gyro: -3.13, 1.50, -1.25
Accel: -0.28, -0.03, -0.92
Gyro: -3.51, 0.84, -1.68
Accel: -0.29, -0.01, -0.93
Gyro: -3.30, 0.49, -1.98
Accel: -0.29, -0.01, -0.92
Gyro: -2.73, -0.18, -1.99
Accel: -0.28, -0.02, -0.92
Gyro: -2.34, -0.28, -2.08
Accel: -0.28, -0.02, -0.92
Gyro: -2.27, -1.11, -2.22
Accel: -0.29, -0.01, -0.92
Gyro: -2.40, -1.25, -2.23
Accel: -0.29, -0.02, -0.92
Gyro: -2.30, -0.79, -1.50
Accel: -0.29, -0.01, -0.92
Gyro: -2.10, -1.44, -1.28
Accel: -0.29, -0.02, -0.93
Gyro: -2.09, -1.07, -0.95
Accel: -0.29, -0.02, -0.92
Gyro: -1.85, -1.54, -0.71
Accel: -0.29, -0.02, -0.92
Gyro: -1.96, -1.22, -0.81
Accel: -0.29, -0.02, -0.92
Gyro: -1.98, -1.46, -1.09
Accel: -0.29, -0.02, -0.93
Gyro: -1.84, -1.49, -1.02
Accel: -0.30, -0.02, -0.92
Gyro: -1.95, -1.47, -1.30
Accel: -0.29, -0.02, -0.91
Gyro: -1.91, -1.90, -1.13
Accel: -0.30, -0.02, -0.93
Gyro: -2.54, -1.66, -1.09
Accel: -0.30, -0.01, -0.93
Gyro: -2.56, -1.79, -1.40
Accel: -0.30, -0.02, -0.93
Gyro: -1.92, -1.22, -1.37
Accel: -0.30, -0.02, -0.93
Gyro: -2.62, -0.74, -1.56
Accel: -0.30, -0.02, -0.92
Gyro: -2.85, -0.79, -2.07
Accel: -0.30, -0.00, -0.93
Gyro: -1.97, 0.08, -2.31
Accel: -0.29, -0.01, -0.92
Gyro: -1.10, -0.48, -1.74
Accel: -0.29, -0.02, -0.92
Gyro: -1.00, -0.85, -1.13
Accel: -0.30, -0.02, -0.93
Gyro: -1.48, -0.89, -0.79
Accel: -0.30, -0.01, -0.93
Gyro: -1.53, -0.06, -0.15
Accel: -0.29, -0.01, -0.92
Gyro: -0.85, -0.06, 0.09
Accel: -0.30, -0.03, -0.92
Gyro: -1.15, -0.26, -0.26
Accel: -0.29, -0.03, -0.91
Gyro: -1.14, -0.49, -0.74
Accel: -0.29, -0.02, -0.92
Gyro: -1.19, -0.47, -1.11
Accel: -0.30, -0.03, -0.93
Gyro: -1.27, 0.21, -1.21
Accel: -0.30, -0.01, -0.92
Gyro: -1.01, 0.52, -1.05
Accel: -0.30, -0.02, -0.94
Gyro: -1.31, 0.10, -0.95
Accel: -0.30, -0.02, -0.94
Gyro: -2.23, 0.73, -1.18
Accel: -0.32, 0.00, -0.98
Gyro: -1.55, 4.08, -1.10
Accel: -0.34, -0.00, -1.00
Gyro: -0.53, 8.45, -0.20
Accel: -0.38, 0.01, -1.13
Gyro: -0.69, 18.90, 0.95
Accel: -0.43, 0.01, -1.21
Gyro: -0.36, 40.94, 3.04
Accel: -0.40, -0.00, -1.06
Gyro: 1.98, 56.14, 3.56
Accel: -0.40, 0.00, -1.11
Gyro: 7.97, 66.88, 3.22
Accel: -0.37, 0.00, -1.10
Gyro: 9.83, 79.60, 2.18
Accel: -0.31, -0.01, -1.02
Gyro: 12.23, 88.19, 1.82
Accel: -0.24, -0.03, -0.94
Gyro: 13.08, 89.29, 1.77
Accel: -0.22, -0.03, -1.01
Gyro: 11.76, 91.51, 1.46
Accel: -0.19, -0.01, -1.03
Gyro: 11.70, 98.18, 1.53
Accel: -0.19, -0.01, -1.11
Gyro: 17.55, 108.18, 1.31
Accel: -0.14, -0.05, -1.03
Gyro: 16.80, 123.28, 1.08
Accel: -0.03, -0.05, -0.82
Gyro: 20.47, 119.73, -0.91
Accel: 0.04, -0.04, -0.80
Gyro: 22.53, 110.77, -1.23
Accel: 0.07, -0.05, -0.86
Gyro: 19.58, 103.08, 1.25
Accel: 0.13, -0.09, -0.83
Gyro: 13.10, 98.37, 2.56
Accel: 0.21, -0.10, -0.77
Gyro: 8.11, 86.82, 2.21
Accel: 0.26, -0.09, -0.77
Gyro: 6.58, 72.01, 1.74
Accel: 0.28, -0.12, -0.79
Gyro: 3.17, 61.66, 1.26
Accel: 0.32, -0.11, -0.80
Gyro: 0.51, 51.20, 1.00
Accel: 0.37, -0.11, -0.72
Gyro: -0.95, 38.57, 0.32
Accel: 0.37, -0.12, -0.77
Gyro: -0.65, 24.91, 0.43
Accel: 0.37, -0.13, -0.80
Gyro: -2.72, 17.05, 0.98
Accel: 0.38, -0.12, -0.82
Gyro: -6.32, 9.71, 1.08
Accel: 0.40, -0.10, -0.77
Gyro: -7.48, 0.30, 1.74
Accel: 0.40, -0.09, -0.80
Gyro: -7.25, -8.87, 3.49
Accel: 0.38, -0.12, -0.82
Gyro: -7.51, -15.24, 4.31
Accel: 0.39, -0.14, -0.76
Gyro: -8.47, -23.75, 2.94
Accel: 0.42, -0.12, -0.67
Gyro: -7.54, -39.29, 1.99
Accel: 0.44, -0.10, -0.58
Gyro: -8.22, -64.13, 2.87
Accel: 0.38, -0.05, -0.59
Gyro: -8.61, -90.91, 6.32
Accel: 0.30, -0.08, -0.75
Gyro: -7.98, -103.65, 13.08
Accel: 0.25, -0.15, -0.72
Gyro: -17.11, -115.01, 12.48
Accel: 0.20, -0.16, -0.65
Gyro: -22.48, -131.73, 5.91
Accel: 0.08, -0.08, -0.69
Gyro: -24.44, -151.54, 1.36
Accel: -0.08, -0.01, -1.02
Gyro: -17.84, -152.90, 2.42
Accel: -0.18, -0.06, -1.37
Gyro: -24.37, -130.44, 3.10
Accel: -0.18, -0.06, -1.17
Gyro: -29.24, -102.27, -0.65
Accel: -0.19, -0.01, -0.98
Gyro: -16.76, -95.82, -1.44
Accel: -0.23, -0.00, -1.05
Gyro: -14.69, -89.58, 0.58
Accel: -0.25, -0.02, -1.00
Gyro: -14.42, -83.61, 1.89
