Accel: -0.38, 0.04, -1.26
Gyro: 6.13, 54.79, 0.37
Accel: -0.39, 0.06, -1.25
Gyro: 7.16, 80.30, 0.89
Accel: -0.32, 0.06, -1.10
Gyro: 15.95, 94.50, 2.44
Accel: -0.26, 0.04, -1.06
Gyro: 18.52, 103.31, 3.46
Accel: -0.24, 0.03, -1.11
Gyro: 21.90, 112.63, 4.15
Accel: -0.21, 0.01, -1.10
Gyro: 18.98, 127.07, 5.99
Accel: -0.11, -0.01, -0.95
Gyro: 20.11, 132.29, 6.87
Accel: -0.02, -0.04, -0.85
Gyro: 21.78, 129.08, 5.82
Accel: -0.01, -0.04, -0.97
Gyro: 22.58, 131.45, 3.99
Accel: 0.07, -0.05, -0.89
Gyro: 16.56, 135.78, 1.40
Accel: 0.12, -0.05, -0.86
Gyro: 16.99, 134.41, 1.81
Accel: 0.25, -0.06, -0.68
Gyro: 11.91, 125.33, 1.63
Accel: 0.39, -0.10, -0.55
Gyro: 12.00, 100.56, 1.21
Accel: 0.46, -0.11, -0.57
Gyro: 11.17, 74.04, -0.53
Accel: 0.49, -0.10, -0.64
Gyro: 6.81, 53.42, -1.89
Accel: 0.52, -0.10, -0.64
Gyro: 6.20, 34.53, -2.01
Accel: 0.52, -0.10, -0.63
Gyro: 3.62, 15.90, -2.67
Accel: 0.53, -0.12, -0.67
Gyro: 0.78, 0.24, -3.49
Accel: 0.51, -0.11, -0.67
Gyro: -7.02, -15.91, -4.00
Accel: 0.49, -0.09, -0.73
Gyro: -3.91, -29.54, -3.41
Accel: 0.47, -0.11, -0.77
Gyro: -6.77, -39.90, -2.81
Accel: 0.49, -0.18, -0.59
Gyro: -6.63, -58.09, -5.90
Accel: 0.50, -0.18, -0.46
Gyro: -11.61, -89.16, -12.86
Accel: 0.47, -0.08, -0.46
Gyro: -15.85, -125.83, -14.61
Accel: 0.35, 0.02, -0.58
Gyro: -14.46, -152.20, -8.06
Accel: 0.21, -0.00, -0.72
Gyro: -7.34, -165.73, 0.54
Accel: 0.13, -0.08, -0.80
Gyro: -9.92, -172.52, 0.33
Accel: 0.05, -0.05, -0.89
Gyro: -13.74, -176.51, -2.72
Accel: -0.06, 0.02, -1.04
Gyro: -15.05, -170.56, 1.92
Accel: -0.14, -0.02, -1.02
Gyro: -16.66, -160.16, 5.76
Accel: -0.22, -0.07, -1.07
Gyro: -16.09, -147.16, 5.42
Accel: -0.29, -0.06, -1.17
Gyro: -17.12, -129.35, 2.36
Accel: -0.35, -0.03, -1.20
Gyro: -15.32, -105.82, -0.65
Accel: -0.34, -0.00, -1.19
Gyro: -11.65, -82.11, -4.16
Accel: -0.40, 0.01, -1.10
Gyro: -8.56, -69.34, -1.28
Accel: -0.44, -0.01, -1.11
Gyro: -1.42, -62.14, -0.44
Accel: -0.48, 0.03, -1.08
Gyro: 1.54, -49.10, 1.43
Accel: -0.49, -0.01, -1.10
Gyro: 7.42, -31.43, 1.24
Accel: -0.47, -0.04, -1.04
Gyro: 5.01, -16.76, 1.43
Accel: -0.46, -0.02, -1.00
Gyro: 2.40, -9.40, 0.40
Accel: -0.45, -0.02, -0.97
Gyro: 0.98, -3.91, 0.33
Accel: -0.44, -0.02, -0.97
Gyro: 0.74, 1.63, 1.59
Accel: -0.42, -0.03, -0.92
Gyro: -5.32, 6.08, 1.36
Accel: -0.39, -0.03, -0.90
Gyro: -3.79, 5.73, -0.15
Accel: -0.38, -0.03, -0.91
Gyro: -5.98, 5.95, -1.86
Accel: -0.37, -0.03, -0.92
Gyro: -3.85, 7.87, -2.98
Accel: -0.37, -0.03, -0.93
Gyro: -4.24, 11.89, -3.84
Accel: -0.35, -0.03, -0.89
Gyro: -0.89, 13.08, -4.68
Accel: -0.34, -0.02, -0.89
Gyro: -0.85, 11.81, -4.26
Accel: -0.33, -0.03, -0.88
Gyro: -0.97, 9.09, -4.36
Accel: -0.32, -0.02, -0.88
Gyro: -0.98, 5.99, -4.57
Accel: -0.32, -0.02, -0.92
Gyro: -2.27, 5.06, -3.44
Accel: -0.33, -0.02, -0.91
Gyro: -3.21, 4.89, -2.04
Accel: -0.32, -0.03, -0.94
Gyro: -4.68, 6.24, -1.08
Accel: -0.31, -0.02, -0.94
Gyro: -5.71, 7.29, -0.03
Accel: -0.31, -0.02, -0.95
Gyro: -6.41, 9.32, 1.15
Accel: -0.30, -0.01, -0.94
Gyro: -6.91, 10.30, 2.21
Accel: -0.29, -0.01, -0.96
Gyro: -7.23, 12.22, 3.53
Accel: -0.28, -0.01, -0.93
Gyro: -6.96, 12.71, 5.29
Accel: -0.25, -0.02, -0.94
Gyro: -7.19, 13.01, 6.50
Accel: -0.24, -0.03, -0.93
Gyro: -7.08, 12.68, 6.03
Accel: -0.24, -0.02, -0.94
Gyro: -5.18, 12.52, 5.29
Accel: -0.24, -0.03, -0.93
Gyro: -4.39, 11.97, 4.43
Accel: -0.23, -0.03, -0.91
Gyro: -5.32, 10.27, 2.46
Accel: -0.23, -0.02, -0.90
Gyro: -5.79, 7.77, 1.65
Accel: -0.23, -0.01, -0.90
Gyro: -6.31, 4.97, 0.91
Accel: -0.23, 0.01, -0.92
Gyro: -6.04, 3.41, 1.13
Accel: -0.23, -0.00, -0.92
Gyro: -5.61, 2.10, 1.04
Accel: -0.24, 0.00, -0.91
Gyro: -5.55, 1.07, 0.67
Accel: -0.24, 0.00, -0.91
Gyro: -5.21, -0.08, -0.12
Accel: -0.25, 0.01, -0.92
Gyro: -4.48, -1.27, -1.27
Accel: -0.26, 0.01, -0.92
Gyro: -3.61, -2.56, -1.88
Accel: -0.26, 0.01, -0.95
Gyro: -3.49, -2.40, -2.69
Accel: -0.27, 0.01, -0.94
Gyro: -3.43, -1.60, -3.50
Accel: -0.27, 0.03, -0.94
Gyro: -2.41, -0.59, -3.39
Accel: -0.27, 0.02, -0.93
Gyro: -1.76, -0.10, -2.62
Accel: -0.28, 0.02, -0.94
Gyro: -1.73, 0.27, -2.67
Accel: -0.28, 0.01, -0.93
Gyro: -2.20, 0.72, -2.53
Accel: -0.28, 0.02, -0.94
Gyro: -2.08, 1.05, -2.36
Accel: -0.27, 0.01, -0.94
Gyro: -1.84, 0.70, -2.59
Accel: -0.26, 0.01, -0.93
Gyro: -1.53, 0.57, -2.56
Accel: -0.27, 0.01, -0.94
Gyro: -1.32, 0.43, -2.49
Accel: -0.26, 0.01, -0.94
Gyro: -1.32, 0.82, -1.44
Accel: -0.27, 0.01, -0.94
Gyro: -0.88, 1.37, -0.93
Accel: -0.26, 0.01, -0.94
Gyro: -0.87, 1.91, -0.79
Accel: -0.25, 0.00, -0.93
Gyro: -0.95, 2.12, -1.04
Accel: -0.25, 0.00, -0.93
Gyro: -1.54, 1.57, -1.37
Accel: -0.26, 0.02, -0.92
Gyro: -2.19, 0.59, -2.26
Accel: -0.25, 0.02, -0.93
Gyro: -1.75, 0.54, -1.93
Accel: -0.25, 0.02, -0.94
Gyro: -1.17, 0.42, -1.42
Accel: -0.24, 0.02, -0.94
Gyro: -0.98, 1.14, -0.84
Accel: -0.25, 0.01, -0.95
Gyro: -0.63, 1.46, -0.11
Accel: -0.24, 0.00, -0.95
Gyro: -0.09, 1.55, 0.04
Accel: -0.23, 0.00, -0.94
Gyro: 0.00, 1.85, 0.17
Accel: -0.23, 0.00, -0.94
Gyro: -0.18, 1.61, -0.09
Accel: -0.23, 0.01, -0.95
Gyro: 0.04, 1.47, -0.06
Accel: -0.23, 0.00, -0.94
Gyro: 0.87, 1.56, 0.79
Accel: -0.23, -0.01, -0.94
Gyro: 0.44, 0.99, 0.90
Accel: -0.23, -0.01, -0.93
Gyro: -0.38, 0.26, 0.59
Accel: -0.23, -0.01, -0.94
Gyro: -1.22, 0.05, -0.08
Accel: -0.23, -0.00, -0.94
Gyro: -1.05, 0.28, -0.18
Accel: -0.24, -0.01, -0.94
Gyro: -0.94, 0.47, -0.51
Accel: -0.24, -0.01, -0.94
Gyro: -1.28, 0.57, -0.91
Accel: -0.25, -0.01, -0.94
Gyro: -1.99, 0.72, -1.41
Accel: -0.24, -0.01, -0.93
Gyro: -2.08, 0.17, -1.79
Accel: -0.24, 0.00, -0.93
Gyro: -2.08, -0.33, -1.85
Accel: -0.26, -0.01, -0.95
Gyro: -2.31, 0.02, -1.95
Accel: -0.25, -0.01, -0.93
Gyro: -3.11, -0.11, -2.65
Accel: -0.25, 0.01, -0.95
Gyro: -2.86, 0.14, -2.78
Accel: -0.25, 0.01, -0.94
Gyro: -2.13, -0.37, -2.41
Accel: -0.24, 0.01, -0.94
Gyro: -2.62, -0.75, -2.38
Accel: -0.25, 0.00, -0.94
Gyro: -2.82, -0.39, -2.22
Accel: -0.24, 0.01, -0.94
Gyro: -3.04, -0.39, -2.16
Accel: -0.25, 0.01, -0.94
Gyro: -2.50, 0.22, -1.96
Accel: -0.25, 0.01, -0.94
Gyro: -2.21, 0.24, -1.88
Accel: -0.24, 0.01, -0.95
Gyro: -1.82, 0.37, -1.72
Accel: -0.24, 0.01, -0.94
Gyro: -1.50, 0.79, -1.32
Accel: -0.24, 0.01, -0.94
Gyro: -0.91, 0.51, -0.61
Accel: -0.25, 0.01, -0.95
Gyro: -1.06, 0.98, -0.17
Accel: -0.24, 0.01, -0.94
Gyro: -1.01, 0.71, 0.01
Accel: -0.23, -0.00, -0.94
Gyro: -1.13, 0.50, -0.13
Accel: -0.23, -0.01, -0.94
Gyro: -1.64, 0.39, -0.40
Accel: -0.23, -0.01, -0.94
Gyro: -1.55, 0.34, -0.84
Accel: -0.23, -0.00, -0.93
Gyro: -1.46, -0.17, -1.27
Accel: -0.23, -0.00, -0.94
Gyro: -2.05, -0.11, -1.70
Accel: -0.23, -0.00, -0.95
Gyro: -2.56, -0.51, -1.79
Accel: -0.23, 0.01, -0.95
Gyro: -2.30, -0.04, -1.58
Accel: -0.23, 0.00, -0.95
Gyro: -2.11, -0.02, -1.74
Accel: -0.23, 0.00, -0.93
Gyro: -2.72, 0.03, -2.24
Accel: -0.23, 0.01, -0.95
Gyro: -2.79, -0.60, -2.84
Accel: -0.23, 0.01, -0.94
Gyro: -1.63, -0.85, -2.79
Accel: -0.22, 0.01, -0.93
Gyro: -1.62, -1.48, -2.56
Accel: -0.22, 0.01, -0.92
Gyro: -1.50, -2.78, -2.43
Accel: -0.23, 0.01, -0.93
Gyro: -1.68, -4.23, -2.13
Accel: -0.24, 0.01, -0.95
Gyro: -1.56, -3.97, -1.98
Accel: -0.25, 0.02, -0.95
Gyro: -1.34, -3.61, -0.98
Accel: -0.25, 0.00, -0.96
Gyro: -1.71, -2.47, -0.85
Accel: -0.24, 0.00, -0.95
Gyro: -1.62, -1.27, -1.04
Accel: -0.23, -0.00, -0.93
Gyro: -1.36, -1.34, -1.58
Accel: -0.24, -0.00, -0.93
Gyro: -1.24, -2.54, -1.97
Accel: -0.25, -0.01, -0.95
Gyro: -1.42, -2.92, -2.20
Accel: -0.24, 0.00, -0.94
Gyro: -2.47, -2.95, -2.61
Accel: -0.24, 0.02, -0.94
Gyro: -2.41, -2.27, -2.75
Accel: -0.24, 0.01, -0.94
Gyro: -1.53, -1.96, -1.95
Accel: -0.24, 0.00, -0.94
Gyro: -2.06, -2.07, -1.28
Accel: -0.25, 0.00, -0.93
Gyro: -2.47, -1.75, -1.35
Accel: -0.25, 0.00, -0.94
Gyro: -2.43, -1.51, -1.60
Accel: -0.25, 0.00, -0.95
Gyro: -2.08, -1.21, -1.51
Accel: -0.25, 0.01, -0.95
Gyro: -1.52, -0.87, -1.49
Accel: -0.24, 0.01, -0.94
Gyro: -1.16, -0.53, -1.60
Accel: -0.24, 0.01, -0.94
Gyro: -1.13, -0.89, -1.17
