Accel: -0.37, 0.00, -1.18
Gyro: 7.82, 48.19, 0.68
Accel: -0.31, 0.00, -1.01
Gyro: 12.02, 56.61, 0.75
Accel: -0.34, -0.02, -1.14
Gyro: 14.94, 67.67, 0.54
Accel: -0.35, -0.02, -1.20
Gyro: 16.57, 87.59, -0.89
Accel: -0.38, -0.01, -1.27
Gyro: 20.23, 107.76, -1.13
Accel: -0.35, -0.06, -1.26
Gyro: 15.99, 138.53, -1.75
Accel: -0.23, -0.08, -0.95
Gyro: 18.77, 146.16, -4.53
Accel: -0.18, -0.10, -1.05
Gyro: 22.15, 151.28, -9.54
Accel: -0.06, -0.09, -0.93
Gyro: 15.08, 159.57, -14.50
Accel: 0.08, -0.06, -0.72
Gyro: 21.80, 151.02, -15.36
Accel: 0.21, -0.08, -0.64
Gyro: 24.05, 135.72, -14.37
Accel: 0.30, -0.09, -0.59
Gyro: 24.17, 112.11, -12.83
Accel: 0.34, -0.11, -0.67
Gyro: 20.86, 94.34, -10.96
Accel: 0.38, -0.11, -0.69
Gyro: 14.98, 77.16, -9.77
Accel: 0.40, -0.11, -0.73
Gyro: 11.94, 67.91, -7.46
Accel: 0.46, -0.14, -0.65
Gyro: 4.78, 54.25, -7.48
Accel: 0.49, -0.14, -0.75
Gyro: -0.34, 36.48, -7.00
Accel: 0.49, -0.13, -0.74
Gyro: 1.21, 28.24, -5.04
Accel: 0.51, -0.14, -0.65
Gyro: -7.74, 15.23, -3.86
Accel: 0.56, -0.14, -0.64
Gyro: -10.22, -3.92, -1.27
Accel: 0.55, -0.13, -0.62
Gyro: -12.35, -23.29, 0.11
Accel: 0.55, -0.14, -0.65
Gyro: -16.24, -40.89, 1.91
Accel: 0.54, -0.13, -0.54
Gyro: -17.60, -63.44, 3.07
Accel: 0.54, -0.11, -0.47
Gyro: -15.34, -95.62, 4.17
Accel: 0.44, -0.09, -0.51
Gyro: -14.00, -127.94, 6.67
Accel: 0.31, -0.08, -0.57
Gyro: -10.48, -147.00, 9.87
Accel: 0.25, -0.12, -0.66
Gyro: -11.78, -162.99, 12.47
Accel: 0.16, -0.10, -0.80
Gyro: -19.30, -172.42, 11.80
Accel: 0.04, -0.07, -1.08
Gyro: -18.32, -166.68, 12.37
Accel: -0.01, -0.13, -0.98
Gyro: -31.75, -155.88, 9.80
Accel: -0.08, -0.17, -0.93
Gyro: -29.71, -151.50, 3.87
Accel: -0.16, -0.23, -1.04
Gyro: -35.66, -143.24, -4.28
Accel: -0.22, -0.20, -1.11
Gyro: -49.46, -127.53, -17.99
Accel: -0.28, -0.08, -1.10
Gyro: -43.29, -111.08, -29.13
Accel: -0.32, 0.03, -1.03
Gyro: -32.11, -98.75, -32.18
Accel: -0.37, 0.09, -1.05
Gyro: -13.98, -94.06, -29.75
Accel: -0.41, 0.05, -1.30
Gyro: -41.72, -73.75, -27.54
Accel: -0.45, 0.14, -1.00
Gyro: -0.14, -59.16, -17.17
Accel: -0.51, 0.09, -1.04
Gyro: -8.71, -44.12, -9.80
Accel: -0.48, 0.05, -1.00
Gyro: 0.38, -36.02, -6.33
Accel: -0.49, 0.03, -1.05
Gyro: 1.20, -27.09, -5.71
Accel: -0.49, 0.02, -1.02
Gyro: -2.76, -17.34, -5.49
Accel: -0.48, 0.02, -0.96
Gyro: -4.39, -10.54, -4.43
Accel: -0.47, 0.03, -0.95
Gyro: -4.52, -4.80, -1.70
Accel: -0.47, 0.03, -0.96
Gyro: -6.90, 1.39, 0.95
Accel: -0.47, 0.02, -0.99
Gyro: -9.23, 8.77, 2.20
Accel: -0.47, 0.03, -1.02
Gyro: -7.98, 17.65, 4.01
Accel: -0.44, -0.01, -0.94
Gyro: -9.09, 25.69, 4.84
Accel: -0.38, -0.03, -0.86
Gyro: -7.92, 25.23, 2.71
Accel: -0.35, 0.00, -0.87
Gyro: -6.11, 21.93, 0.02
Accel: -0.36, 0.04, -0.91
Gyro: -5.07, 21.75, 1.18
Accel: -0.33, 0.03, -0.86
Gyro: -2.74, 18.42, 3.40
Accel: -0.31, 0.01, -0.86
Gyro: -3.20, 14.78, 4.24
Accel: -0.29, 0.01, -0.88
Gyro: -4.58, 11.18, 3.74
Accel: -0.28, 0.01, -0.89
Gyro: -5.58, 8.16, 2.40
Accel: -0.28, 0.03, -0.93
Gyro: -4.36, 6.62, 1.99
Accel: -0.29, 0.02, -0.92
Gyro: -4.35, 6.80, 1.52
Accel: -0.27, 0.01, -0.92
Gyro: -3.53, 6.39, 0.98
Accel: -0.26, 0.02, -0.93
Gyro: -3.88, 5.74, -0.64
Accel: -0.25, 0.03, -0.94
Gyro: -3.73, 5.58, -1.60
Accel: -0.25, 0.04, -0.94
Gyro: -1.56, 5.44, -1.95
Accel: -0.24, 0.04, -0.94
Gyro: -0.36, 5.78, -1.27
Accel: -0.23, 0.04, -0.91
Gyro: -0.08, 4.75, -0.77
Accel: -0.22, 0.03, -0.94
Gyro: -0.07, 3.30, 0.21
Accel: -0.23, 0.03, -0.93
Gyro: -0.43, 2.59, 0.88
Accel: -0.24, 0.03, -0.95
Gyro: -0.72, 3.17, 1.43
Accel: -0.25, 0.03, -0.93
Gyro: -0.67, 3.41, 1.80
Accel: -0.23, 0.01, -0.93
Gyro: -0.89, 2.24, 1.16
Accel: -0.24, 0.01, -0.92
Gyro: -1.47, 0.79, 0.37
Accel: -0.26, 0.02, -0.95
Gyro: 0.17, 1.08, 0.56
Accel: -0.26, 0.01, -0.93
Gyro: 1.08, 1.88, 0.61
Accel: -0.27, 0.01, -0.92
Gyro: 0.79, 1.34, 0.31
Accel: -0.26, 0.01, -0.92
Gyro: 0.52, 0.34, -0.02
Accel: -0.28, 0.01, -0.92
Gyro: 0.50, -0.41, 0.40
Accel: -0.28, 0.02, -0.93
Gyro: 0.81, -0.19, 0.93
Accel: -0.29, 0.01, -0.93
Gyro: 0.00, 0.73, 1.14
Accel: -0.29, 0.02, -0.93
Gyro: -0.18, 2.01, 1.62
Accel: -0.28, 0.02, -0.91
Gyro: -0.40, 1.68, 2.60
Accel: -0.28, 0.01, -0.91
Gyro: -0.54, -0.01, 3.22
Accel: -0.29, 0.01, -0.93
Gyro: -0.60, -1.01, 2.77
Accel: -0.30, 0.01, -0.94
Gyro: -0.43, -0.56, 2.44
Accel: -0.29, 0.00, -0.94
Gyro: -0.55, 0.14, 1.59
Accel: -0.29, 0.00, -0.94
Gyro: -0.02, 1.32, 0.96
Accel: -0.29, 0.00, -0.94
Gyro: -0.13, 1.26, 0.56
Accel: -0.28, 0.01, -0.95
Gyro: -0.52, 1.84, 0.37
Accel: -0.28, 0.02, -0.96
Gyro: -0.26, 2.83, 0.85
Accel: -0.29, 0.03, -0.97
Gyro: -0.01, 6.08, 3.03
Accel: -0.27, 0.02, -0.94
Gyro: -0.18, 7.87, 4.97
Accel: -0.26, -0.00, -0.94
Gyro: -1.11, 7.55, 5.30
Accel: -0.25, -0.01, -0.95
Gyro: -2.08, 6.71, 4.42
Accel: -0.25, -0.01, -0.94
Gyro: -3.11, 7.59, 3.20
Accel: -0.24, -0.01, -0.94
Gyro: -2.88, 6.93, 1.81
Accel: -0.23, -0.01, -0.94
Gyro: -2.54, 6.89, 0.27
Accel: -0.23, -0.00, -0.92
Gyro: -2.90, 6.24, -1.05
Accel: -0.22, 0.01, -0.93
Gyro: -2.72, 5.36, -2.11
Accel: -0.21, 0.01, -0.91
Gyro: -2.99, 3.93, -2.73
Accel: -0.21, 0.01, -0.93
Gyro: -3.13, 1.82, -3.18
Accel: -0.21, 0.02, -0.93
Gyro: -3.30, 0.78, -3.08
Accel: -0.22, 0.02, -0.93
Gyro: -3.58, 0.53, -3.19
Accel: -0.22, 0.02, -0.93
Gyro: -3.20, -0.60, -2.72
Accel: -0.22, 0.03, -0.93
Gyro: -3.85, -1.03, -2.36
Accel: -0.23, 0.03, -0.94
Gyro: -3.56, -1.21, -2.25
Accel: -0.22, 0.03, -0.94
Gyro: -2.82, -1.66, -1.95
Accel: -0.24, 0.02, -0.94
Gyro: -2.81, -0.82, -1.77
Accel: -0.24, 0.03, -0.93
Gyro: -2.98, -1.20, -2.38
Accel: -0.24, 0.04, -0.96
Gyro: -1.41, -0.99, -2.24
Accel: -0.24, 0.04, -0.94
Gyro: -0.87, -1.33, -1.50
Accel: -0.25, 0.03, -0.94
Gyro: -0.63, -1.86, -0.82
Accel: -0.26, 0.02, -0.95
Gyro: -0.24, -1.24, -0.71
Accel: -0.26, 0.02, -0.95
Gyro: -0.02, -0.67, -1.35
Accel: -0.25, 0.02, -0.94
Gyro: 0.76, 1.21, -1.86
Accel: -0.24, 0.02, -0.93
Gyro: 0.98, 1.53, -2.11
Accel: -0.23, 0.02, -0.93
Gyro: 1.25, 0.74, -1.99
Accel: -0.23, 0.02, -0.93
Gyro: 0.91, -0.45, -1.27
Accel: -0.24, 0.03, -0.94
Gyro: 0.84, -0.59, -0.19
Accel: -0.24, 0.02, -0.95
Gyro: 0.05, -0.53, 0.98
Accel: -0.24, 0.01, -0.95
Gyro: -1.36, 0.54, 1.95
Accel: -0.23, 0.01, -0.94
Gyro: -1.72, 0.25, 1.47
Accel: -0.23, 0.02, -0.94
Gyro: -0.86, 0.82, 1.01
Accel: -0.23, 0.01, -0.94
Gyro: -0.83, 0.38, 0.58
Accel: -0.23, 0.00, -0.95
Gyro: -1.29, 0.44, 0.14
Accel: -0.23, 0.01, -0.94
Gyro: -1.34, 0.96, -0.18
Accel: -0.22, 0.01, -0.93
Gyro: -1.60, 0.44, -0.60
Accel: -0.22, 0.01, -0.94
Gyro: -1.08, 0.25, -0.33
Accel: -0.21, 0.01, -0.94
Gyro: -1.32, -0.26, -0.11
Accel: -0.22, 0.01, -0.94
Gyro: -1.49, -0.48, -0.19
Accel: -0.22, 0.01, -0.94
Gyro: -1.93, -0.33, 0.06
Accel: -0.22, 0.01, -0.95
Gyro: -2.08, 0.00, -0.15
Accel: -0.22, 0.01, -0.94
Gyro: -2.15, -0.18, -0.34
Accel: -0.23, 0.01, -0.94
Gyro: -2.14, -0.24, -0.81
Accel: -0.22, 0.01, -0.93
Gyro: -1.94, -0.47, -1.50
Accel: -0.22, 0.01, -0.94
Gyro: -1.88, -0.34, -1.71
Accel: -0.23, 0.01, -0.93
Gyro: -1.63, -0.81, -1.78
Accel: -0.22, 0.02, -0.94
Gyro: -2.24, -1.71, -1.98
Accel: -0.23, 0.01, -0.93
Gyro: -2.46, -2.15, -2.04
Accel: -0.23, 0.02, -0.94
Gyro: -2.66, -2.24, -1.74
Accel: -0.24, 0.03, -0.94
Gyro: -2.37, -2.30, -1.46
Accel: -0.24, 0.03, -0.94
Gyro: -1.54, -1.79, -1.09
Accel: -0.24, 0.02, -0.94
Gyro: -2.30, -1.05, -1.33
Accel: -0.24, 0.02, -0.94
Gyro: -2.13, -1.18, -1.71
Accel: -0.24, 0.02, -0.95
Gyro: -1.86, -0.95, -1.98
Accel: -0.24, 0.03, -0.94
Gyro: -0.84, -0.47, -1.40
Accel: -0.25, 0.02, -0.95
Gyro: -0.92, -0.30, -1.06
Accel: -0.25, 0.02, -0.94
Gyro: -1.27, 0.31, -0.76
Accel: -0.24, 0.02, -0.94
Gyro: -0.68, 0.66, -0.41
Accel: -0.25, 0.01, -0.95
Gyro: -0.64, 1.58, 0.09
Accel: -0.24, 0.01, -0.96
Gyro: -0.37, 2.34, 0.27
Accel: -0.27, 0.02, -1.01
Gyro: -0.53, 5.28, 0.27
Accel: -0.31, 0.03, -1.09
Gyro: 0.41, 14.33, 0.31
Accel: -0.30, 0.03, -1.06
Gyro: 1.69, 24.99, 0.17
Accel: -0.33, 0.03, -1.12
Gyro: 4.17, 34.47, 0.24
