Accel: -0.22, 0.02, -0.94
Gyro: -2.17, -2.71, -1.63
Accel: -0.21, 0.02, -0.95
Gyro: -2.37, -2.91, -1.69
Accel: -0.22, 0.02, -0.95
Gyro: -2.26, -2.60, -1.56
Accel: -0.22, 0.02, -0.95
Gyro: -2.09, -2.31, -1.42
Accel: -0.23, 0.02, -0.95
Gyro: -2.17, -1.86, -1.29
Accel: -0.22, 0.01, -0.95
Gyro: -1.92, -1.21, -1.11
Accel: -0.22, 0.01, -0.96
Gyro: -1.92, -0.59, -1.22
Accel: -0.23, 0.02, -0.96
Gyro: -1.89, -0.27, -1.32
Accel: -0.22, 0.01, -0.94
Gyro: -1.40, 0.08, -1.14
Accel: -0.22, 0.00, -0.95
Gyro: -2.13, 0.77, -1.37
Accel: -0.21, 0.01, -0.95
Gyro: -2.82, 0.50, -2.04
Accel: -0.21, 0.02, -0.96
Gyro: -2.15, 0.75, -1.96
Accel: -0.21, 0.02, -0.95
Gyro: -1.22, 0.61, -1.61
Accel: -0.20, 0.02, -0.94
Gyro: -0.96, 0.23, -1.42
Accel: -0.21, 0.01, -0.94
Gyro: -1.23, -0.02, -1.46
Accel: -0.21, 0.01, -0.95
Gyro: -1.63, 0.03, -1.21
Accel: -0.21, 0.02, -0.95
Gyro: -1.23, 0.19, -0.94
Accel: -0.20, 0.01, -0.95
Gyro: -0.78, 0.21, -0.55
Accel: -0.21, 0.01, -0.95
Gyro: -1.15, 1.16, -0.66
Accel: -0.21, 0.01, -0.96
Gyro: -1.21, 1.87, -1.08
Accel: -0.22, 0.01, -1.00
Gyro: -1.18, 3.86, -1.12
Accel: -0.25, 0.03, -1.03
Gyro: -0.27, 9.18, -1.01
Accel: -0.26, 0.02, -1.05
Gyro: 0.98, 16.91, -0.86
Accel: -0.27, 0.03, -1.07
Gyro: 1.32, 24.64, -1.37
Accel: -0.27, 0.03, -1.09
Gyro: 2.27, 36.23, -0.87
Accel: -0.27, 0.04, -1.08
Gyro: 6.08, 45.31, -0.05
Accel: -0.27, 0.03, -1.12
Gyro: 9.53, 56.18, 0.75
Accel: -0.29, 0.03, -1.18
Gyro: 11.44, 71.59, 1.27
Accel: -0.29, 0.05, -1.21
Gyro: 11.61, 92.75, 1.61
Accel: -0.21, 0.05, -1.09
Gyro: 16.05, 105.85, 2.72
Accel: -0.18, 0.02, -1.11
Gyro: 19.61, 116.92, 4.46
Accel: -0.18, -0.00, -1.16
Gyro: 20.32, 132.62, 5.26
Accel: -0.12, -0.03, -1.06
Gyro: 17.26, 148.74, 4.43
Accel: -0.05, -0.04, -1.00
Gyro: 17.46, 158.71, 3.55
Accel: 0.10, -0.07, -0.70
Gyro: 14.19, 156.64, 1.78
Accel: 0.28, -0.08, -0.48
Gyro: 20.20, 126.72, -0.37
Accel: 0.34, -0.09, -0.58
Gyro: 17.88, 94.61, -3.34
Accel: 0.37, -0.07, -0.71
Gyro: 12.09, 79.42, -3.91
Accel: 0.41, -0.07, -0.70
Gyro: 7.08, 65.57, -2.58
Accel: 0.44, -0.06, -0.70
Gyro: 5.69, 51.78, -0.06
Accel: 0.45, -0.09, -0.72
Gyro: 0.47, 39.61, 1.53
Accel: 0.46, -0.09, -0.77
Gyro: -2.42, 29.87, 3.16
Accel: 0.46, -0.09, -0.79
Gyro: -8.10, 23.00, 3.82
Accel: 0.49, -0.09, -0.77
Gyro: -7.24, 11.75, 3.65
Accel: 0.46, -0.09, -0.86
Gyro: -13.40, 6.10, 2.29
Accel: 0.48, -0.09, -0.84
Gyro: -9.11, 1.45, 2.25
Accel: 0.48, -0.10, -0.82
Gyro: -11.53, -2.37, -0.02
Accel: 0.47, -0.08, -0.83
Gyro: -13.83, -7.61, -2.17
Accel: 0.45, -0.04, -0.87
Gyro: -8.58, -10.78, -1.97
Accel: 0.43, -0.07, -0.83
Gyro: -3.69, -10.20, -2.22
Accel: 0.44, -0.07, -0.84
Gyro: 0.22, -13.65, -2.60
Accel: 0.44, -0.07, -0.82
Gyro: 1.21, -17.39, -2.86
Accel: 0.45, -0.07, -0.75
Gyro: 1.66, -25.60, -2.62
Accel: 0.48, -0.07, -0.65
Gyro: 0.78, -41.56, -1.72
Accel: 0.48, -0.06, -0.58
Gyro: 2.88, -65.86, 0.77
Accel: 0.41, -0.06, -0.62
Gyro: 0.76, -90.97, 2.71
Accel: 0.32, -0.07, -0.79
Gyro: -2.90, -104.00, 3.61
Accel: 0.30, -0.08, -0.71
Gyro: -10.38, -113.55, 2.73
Accel: 0.25, -0.06, -0.62
Gyro: -14.26, -132.83, 2.66
Accel: 0.16, -0.04, -0.65
Gyro: -18.26, -154.56, 3.24
Accel: 0.05, -0.06, -0.79
Gyro: -23.77, -168.03, 3.56
Accel: -0.02, -0.03, -1.01
Gyro: -26.95, -170.42, 2.69
Accel: -0.12, 0.03, -1.01
Gyro: -37.77, -157.72, 6.20
Accel: -0.18, 0.04, -1.04
Gyro: -38.73, -146.59, 11.89
Accel: -0.25, 0.04, -1.07
Gyro: -40.27, -133.84, 14.57
Accel: -0.32, 0.06, -1.13
Gyro: -35.55, -119.06, 14.53
Accel: -0.39, 0.06, -1.23
Gyro: -22.10, -96.54, 12.46
Accel: -0.38, -0.10, -1.48
Gyro: -28.49, -68.73, -0.08
Accel: -0.44, 0.09, -0.83
Gyro: 3.88, -52.27, -1.79
Accel: -0.44, 0.00, -1.08
Gyro: 2.67, -42.63, -7.64
Accel: -0.39, 0.06, -0.99
Gyro: 4.60, -35.43, -6.42
Accel: -0.41, 0.07, -1.08
Gyro: 9.08, -25.52, -4.79
Accel: -0.42, 0.04, -1.08
Gyro: 1.21, -15.40, -4.28
Accel: -0.40, 0.01, -1.02
Gyro: -1.30, -6.43, -4.92
Accel: -0.36, -0.01, -0.97
Gyro: -4.12, 0.11, -7.58
Accel: -0.34, 0.02, -0.93
Gyro: -2.31, 3.12, -9.24
Accel: -0.33, 0.03, -0.92
Gyro: -0.45, 3.55, -10.17
Accel: -0.32, 0.03, -0.92
Gyro: -0.53, 4.24, -9.67
Accel: -0.31, 0.04, -0.91
Gyro: -1.28, 4.75, -8.83
Accel: -0.30, 0.02, -0.91
Gyro: -2.44, 4.25, -7.26
Accel: -0.30, 0.03, -0.89
Gyro: -2.10, 3.09, -6.71
Accel: -0.29, 0.02, -0.89
Gyro: -1.08, 0.99, -5.87
Accel: -0.29, 0.02, -0.90
Gyro: -2.57, 0.22, -5.31
Accel: -0.31, 0.06, -0.93
Gyro: -3.20, 0.53, -3.17
Accel: -0.32, 0.08, -0.98
Gyro: -2.08, 2.62, 1.80
Accel: -0.32, 0.06, -0.96
Gyro: -4.14, 6.59, 6.65
Accel: -0.31, 0.01, -0.94
Gyro: -3.63, 7.27, 8.09
Accel: -0.32, 0.01, -0.93
Gyro: -5.46, 8.12, 6.40
Accel: -0.31, 0.03, -0.94
Gyro: -5.01, 8.15, 4.20
Accel: -0.30, 0.02, -0.94
Gyro: -4.24, 7.98, 2.45
Accel: -0.29, 0.02, -0.95
Gyro: -4.49, 9.37, 1.45
Accel: -0.28, 0.02, -0.94
Gyro: -2.18, 9.30, 1.01
Accel: -0.27, 0.02, -0.94
Gyro: -1.91, 9.35, 0.37
Accel: -0.26, 0.03, -0.93
Gyro: -1.09, 8.88, -0.02
Accel: -0.25, 0.02, -0.92
Gyro: -0.47, 8.03, -0.44
Accel: -0.24, 0.01, -0.92
Gyro: -0.84, 6.86, -1.49
Accel: -0.24, 0.01, -0.91
Gyro: -1.90, 5.69, -2.98
Accel: -0.24, 0.03, -0.91
Gyro: -1.69, 4.17, -3.79
Accel: -0.24, 0.02, -0.91
Gyro: -0.82, 1.85, -4.04
Accel: -0.24, 0.02, -0.92
Gyro: -0.82, 0.69, -4.68
Accel: -0.26, -0.00, -0.95
Gyro: -2.13, 1.25, -5.36
Accel: -0.26, 0.01, -0.94
Gyro: -3.45, 2.28, -6.00
Accel: -0.27, 0.02, -0.93
Gyro: -2.86, 2.58, -6.81
Accel: -0.27, 0.03, -0.93
Gyro: -0.89, 2.81, -6.41
Accel: -0.27, 0.01, -0.93
Gyro: -2.07, 3.23, -7.04
Accel: -0.27, 0.03, -0.94
Gyro: -2.83, 3.42, -7.03
Accel: -0.27, 0.04, -0.94
Gyro: -2.88, 3.97, -5.97
Accel: -0.26, 0.04, -0.94
Gyro: -2.46, 4.38, -5.14
Accel: -0.26, 0.05, -0.93
Gyro: -2.27, 4.55, -4.17
Accel: -0.25, 0.04, -0.93
Gyro: -1.75, 3.65, -3.19
Accel: -0.24, 0.04, -0.92
Gyro: -1.75, 3.20, -2.29
Accel: -0.24, 0.04, -0.93
Gyro: -2.01, 2.88, -1.51
Accel: -0.23, 0.04, -0.93
Gyro: -0.81, 2.33, -0.62
Accel: -0.23, 0.04, -0.92
Gyro: -0.35, 1.63, 0.40
Accel: -0.23, 0.03, -0.93
Gyro: -0.06, 0.34, 1.33
Accel: -0.23, 0.02, -0.94
Gyro: -0.28, 0.69, 1.28
Accel: -0.23, 0.02, -0.93
Gyro: -0.66, -0.36, 1.36
Accel: -0.23, 0.01, -0.94
Gyro: -0.99, -0.98, 1.13
Accel: -0.23, 0.01, -0.95
Gyro: -1.74, -1.11, 0.29
Accel: -0.25, 0.02, -0.97
Gyro: -1.63, -0.51, -0.60
Accel: -0.24, 0.02, -0.96
Gyro: -0.85, 1.12, -1.55
Accel: -0.24, 0.02, -0.94
Gyro: -0.79, 1.38, -2.37
Accel: -0.24, 0.00, -0.93
Gyro: -1.57, 1.64, -3.10
Accel: -0.24, -0.00, -0.95
Gyro: -3.04, 2.24, -4.38
Accel: -0.24, 0.02, -0.95
Gyro: -2.75, 3.29, -4.96
Accel: -0.24, 0.02, -0.95
Gyro: -2.23, 3.78, -5.37
Accel: -0.24, 0.02, -0.94
Gyro: -2.25, 4.21, -5.28
Accel: -0.23, 0.02, -0.94
Gyro: -2.44, 3.84, -5.67
Accel: -0.22, 0.03, -0.94
Gyro: -2.27, 3.00, -5.22
Accel: -0.22, 0.03, -0.94
Gyro: -1.98, 2.43, -4.59
Accel: -0.22, 0.03, -0.94
Gyro: -1.47, 1.73, -3.45
Accel: -0.22, 0.03, -0.94
Gyro: -1.43, 1.56, -2.68
Accel: -0.23, 0.04, -0.95
Gyro: -0.97, 2.21, -1.86
Accel: -0.23, 0.03, -0.93
Gyro: -0.18, 1.93, -0.98
Accel: -0.23, 0.02, -0.93
Gyro: -0.70, 1.18, -0.94
Accel: -0.22, 0.02, -0.93
Gyro: -1.05, 0.50, -0.89
Accel: -0.22, 0.02, -0.94
Gyro: -1.17, -0.51, -0.96
Accel: -0.22, 0.02, -0.94
Gyro: -0.85, -0.69, -0.70
Accel: -0.22, 0.01, -0.94
Gyro: -0.63, -0.79, -0.54
Accel: -0.23, 0.02, -0.94
Gyro: -0.85, -1.08, -0.66
Accel: -0.23, 0.01, -0.94
Gyro: -1.23, -1.07, -0.94
Accel: -0.22, 0.01, -0.94
Gyro: -0.82, -1.11, -1.06
Accel: -0.23, 0.01, -0.94
Gyro: -0.99, -1.49, -0.76
Accel: -0.22, 0.00, -0.95
Gyro: -1.36, -0.67, -0.82
Accel: -0.22, 0.01, -0.94
Gyro: -1.85, -0.66, -0.93
Accel: -0.22, 0.01, -0.94
Gyro: -2.35, -0.87, -1.07
Accel: -0.22, 0.01, -0.94
Gyro: -2.49, -1.06, -1.22
Accel: -0.22, 0.01, -0.93
Gyro: -2.86, -1.14, -1.90
Accel: -0.22, 0.02, -0.94
Gyro: -2.85, -1.01, -2.40
Accel: -0.22, 0.02, -0.94
Gyro: -2.70, -0.80, -2.56
Accel: -0.22, 0.02, -0.95
Gyro: -2.56, -0.62, -2.69
