Accel: 0.39, -0.10, -0.88
Gyro: 0.34, -0.84, 1.39
Accel: 0.40, -0.11, -0.86
Gyro: 2.26, -2.30, 2.24
Accel: 0.40, -0.11, -0.86
Gyro: 2.61, -4.88, 2.22
Accel: 0.39, -0.11, -0.89
Gyro: 3.75, -4.29, 2.03
Accel: 0.39, -0.12, -0.87
Gyro: 3.44, -5.42, 1.11
Accel: 0.39, -0.13, -0.85
Gyro: 1.35, -7.50, 0.21
Accel: 0.38, -0.12, -0.83
Gyro: 0.66, -11.83, -0.61
Accel: 0.38, -0.12, -0.84
Gyro: -0.08, -16.96, -1.37
Accel: 0.37, -0.12, -0.84
Gyro: -1.75, -21.57, -2.49
Accel: 0.37, -0.12, -0.80
Gyro: -3.43, -28.27, -3.52
Accel: 0.40, -0.11, -0.72
Gyro: -4.11, -41.54, -3.27
Accel: 0.42, -0.10, -0.59
Gyro: -6.03, -65.43, -1.43
Accel: 0.39, -0.10, -0.48
Gyro: -8.80, -98.63, 0.96
Accel: 0.32, -0.08, -0.49
Gyro: -11.04, -131.14, 4.75
Accel: 0.20, -0.08, -0.57
Gyro: -15.90, -159.14, 8.53
Accel: 0.10, -0.09, -0.62
Gyro: -20.42, -179.44, 8.26
Accel: 0.02, -0.08, -0.73
Gyro: -19.82, -193.66, 6.94
Accel: -0.10, -0.06, -1.04
Gyro: -19.95, -193.40, 6.60
Accel: -0.20, -0.08, -1.06
Gyro: -30.01, -177.96, 5.97
Accel: -0.29, -0.02, -1.10
Gyro: -28.74, -161.79, 5.00
Accel: -0.38, -0.01, -1.24
Gyro: -24.54, -137.14, 9.74
Accel: -0.49, 0.06, -1.36
Gyro: -19.04, -105.30, 14.81
Accel: -0.48, -0.10, -1.42
Gyro: -12.69, -75.03, 10.80
Accel: -0.48, 0.02, -0.97
Gyro: -7.23, -52.86, 11.89
Accel: -0.41, -0.02, -1.10
Gyro: 2.20, -37.98, 10.60
Accel: -0.42, -0.06, -1.07
Gyro: 1.56, -31.43, 5.69
Accel: -0.42, -0.02, -1.00
Gyro: 4.97, -25.41, 3.50
Accel: -0.44, -0.03, -1.07
Gyro: 5.72, -15.60, 3.46
Accel: -0.43, -0.04, -1.04
Gyro: -0.89, -3.77, 5.51
Accel: -0.40, -0.05, -1.00
Gyro: 0.49, 3.57, 5.64
Accel: -0.36, -0.07, -0.93
Gyro: -5.62, 7.93, 3.64
Accel: -0.33, -0.06, -0.91
Gyro: -6.70, 7.93, 0.43
Accel: -0.32, -0.05, -0.87
Gyro: -6.54, 5.95, -1.77
Accel: -0.31, -0.04, -0.88
Gyro: -5.97, 3.97, -3.17
Accel: -0.31, -0.03, -0.89
Gyro: -5.21, 3.31, -3.26
Accel: -0.30, -0.03, -0.89
Gyro: -3.91, 1.68, -3.59
Accel: -0.31, -0.03, -0.89
Gyro: -3.52, 0.92, -4.26
Accel: -0.33, -0.02, -0.91
Gyro: -2.25, 0.37, -4.62
Accel: -0.34, -0.04, -0.93
Gyro: -3.97, 3.30, -5.32
Accel: -0.33, -0.03, -0.87
Gyro: -3.75, 2.55, -6.37
Accel: -0.34, -0.04, -0.90
Gyro: -3.48, 0.79, -7.00
Accel: -0.35, -0.03, -0.92
Gyro: -3.74, 1.66, -8.40
Accel: -0.35, -0.02, -0.93
Gyro: -3.86, 2.71, -9.35
Accel: -0.34, -0.01, -0.93
Gyro: -3.82, 3.17, -9.26
Accel: -0.33, 0.00, -0.91
Gyro: -3.31, 2.38, -7.62
Accel: -0.33, -0.01, -0.95
Gyro: -1.82, 2.23, -5.67
Accel: -0.33, -0.04, -0.96
Gyro: -2.50, 4.96, -5.33
Accel: -0.31, -0.04, -0.97
Gyro: -3.31, 8.40, -5.81
Accel: -0.29, -0.03, -0.95
Gyro: -3.59, 10.73, -5.50
Accel: -0.28, -0.03, -0.93
Gyro: -3.41, 11.34, -5.38
Accel: -0.27, -0.03, -0.93
Gyro: -3.65, 11.28, -4.97
Accel: -0.26, -0.02, -0.94
Gyro: -3.36, 10.99, -4.47
Accel: -0.25, -0.02, -0.92
Gyro: -2.85, 10.43, -4.18
Accel: -0.24, -0.03, -0.92
Gyro: -3.06, 9.92, -3.48
Accel: -0.25, -0.03, -0.91
Gyro: -3.81, 8.49, -3.36
Accel: -0.25, -0.02, -0.91
Gyro: -3.80, 7.11, -3.01
Accel: -0.25, -0.02, -0.91
Gyro: -3.31, 5.62, -2.48
Accel: -0.25, -0.02, -0.92
Gyro: -3.30, 3.99, -2.03
Accel: -0.25, -0.03, -0.90
Gyro: -3.99, 1.95, -2.21
Accel: -0.25, -0.02, -0.90
Gyro: -3.20, -0.16, -2.65
Accel: -0.26, -0.03, -0.91
Gyro: -2.79, -1.59, -3.51
Accel: -0.26, -0.05, -0.93
Gyro: -2.71, -2.10, -4.77
Accel: -0.27, -0.03, -0.94
Gyro: -2.61, -1.34, -5.67
Accel: -0.28, -0.02, -0.94
Gyro: -2.62, -0.91, -5.78
Accel: -0.28, -0.01, -0.95
Gyro: -2.52, -0.02, -5.07
Accel: -0.28, -0.00, -0.94
Gyro: -2.28, 0.24, -3.41
Accel: -0.27, -0.01, -0.94
Gyro: -2.30, 0.59, -2.04
Accel: -0.28, -0.01, -0.93
Gyro: -2.17, 0.54, -0.97
Accel: -0.29, -0.02, -0.94
Gyro: -2.49, 0.43, -0.61
Accel: -0.28, -0.03, -0.93
Gyro: -2.33, 1.21, -1.11
Accel: -0.28, -0.02, -0.93
Gyro: -2.57, 1.68, -1.53
Accel: -0.27, -0.02, -0.94
Gyro: -2.35, 0.95, -1.69
Accel: -0.27, -0.02, -0.94
Gyro: -2.00, 1.40, -1.74
Accel: -0.27, -0.01, -0.94
Gyro: -1.24, 1.76, -1.55
Accel: -0.26, -0.02, -0.94
Gyro: -1.27, 2.41, -1.14
Accel: -0.26, -0.02, -0.94
Gyro: -1.86, 1.82, -1.14
Accel: -0.26, -0.01, -0.95
Gyro: -1.30, 2.46, -0.94
Accel: -0.26, -0.02, -0.92
Gyro: -0.30, 2.03, -0.55
Accel: -0.25, -0.02, -0.93
Gyro: -0.43, 2.11, -0.90
Accel: -0.25, -0.03, -0.92
Gyro: -1.11, 1.72, -1.17
Accel: -0.25, -0.02, -0.93
Gyro: -1.17, 1.30, -1.24
Accel: -0.25, -0.01, -0.92
Gyro: -0.46, 1.41, -0.80
Accel: -0.24, -0.02, -0.93
Gyro: -0.24, 0.97, -0.07
Accel: -0.25, -0.03, -0.94
Gyro: -0.50, 0.95, 0.34
Accel: -0.25, -0.03, -0.94
Gyro: -0.85, 0.69, 0.63
Accel: -0.25, -0.02, -0.94
Gyro: -0.95, 1.08, 0.53
Accel: -0.25, -0.03, -0.94
Gyro: -0.85, 0.99, 0.21
Accel: -0.25, -0.04, -0.94
Gyro: -1.52, 1.10, 0.02
Accel: -0.25, -0.03, -0.94
Gyro: -1.79, 1.05, -0.38
Accel: -0.25, -0.03, -0.95
Gyro: -1.11, 1.79, -0.23
Accel: -0.25, -0.04, -0.93
Gyro: -0.81, 1.81, 0.02
Accel: -0.25, -0.04, -0.93
Gyro: -1.33, 1.29, -0.43
Accel: -0.24, -0.03, -0.92
Gyro: -1.72, 1.20, -0.93
Accel: -0.24, -0.03, -0.93
Gyro: -1.96, 0.82, -1.29
Accel: -0.24, -0.03, -0.93
Gyro: -1.72, 0.55, -1.08
Accel: -0.25, -0.03, -0.94
Gyro: -1.66, 0.36, -1.05
Accel: -0.25, -0.03, -0.93
Gyro: -1.68, 0.02, -0.98
Accel: -0.25, -0.02, -0.94
Gyro: -1.30, 0.14, -0.91
Accel: -0.25, -0.02, -0.93
Gyro: -1.29, 0.01, -0.88
Accel: -0.25, -0.03, -0.94
Gyro: -1.12, -0.14, -0.46
Accel: -0.25, -0.03, -0.94
Gyro: -1.73, -0.06, -0.74
Accel: -0.24, -0.03, -0.93
Gyro: -1.64, -0.04, -0.71
Accel: -0.25, -0.03, -0.94
Gyro: -1.63, -0.51, -1.17
Accel: -0.25, -0.03, -0.93
Gyro: -1.83, -0.16, -1.27
Accel: -0.25, -0.03, -0.94
Gyro: -1.83, -0.31, -1.43
Accel: -0.25, -0.03, -0.94
Gyro: -1.97, -0.36, -1.18
Accel: -0.25, -0.03, -0.93
Gyro: -2.72, -0.44, -1.38
Accel: -0.24, -0.03, -0.93
Gyro: -2.80, -0.70, -1.61
Accel: -0.23, -0.04, -0.92
Gyro: -3.07, -2.20, -1.70
Accel: -0.24, -0.04, -0.92
Gyro: -4.51, -3.37, -2.43
Accel: -0.24, -0.02, -0.93
Gyro: -5.67, -4.97, -3.20
Accel: -0.25, -0.01, -0.96
Gyro: -5.00, -4.24, -3.07
Accel: -0.25, -0.01, -0.96
Gyro: -3.80, -2.31, -2.46
Accel: -0.25, -0.02, -0.94
Gyro: -3.50, -1.34, -2.12
Accel: -0.25, -0.01, -0.94
Gyro: -2.68, -1.14, -2.14
Accel: -0.24, -0.01, -0.93
Gyro: -2.61, -1.05, -1.86
Accel: -0.25, -0.01, -0.93
Gyro: -1.91, -1.63, -1.10
Accel: -0.25, -0.02, -0.94
Gyro: -2.04, -1.88, -0.57
Accel: -0.24, -0.01, -0.94
Gyro: -2.36, -1.40, -0.56
Accel: -0.25, -0.02, -0.94
Gyro: -2.20, -0.94, -0.79
Accel: -0.25, -0.02, -0.93
Gyro: -2.40, -0.76, -0.85
Accel: -0.26, -0.01, -0.95
Gyro: -2.17, -0.78, -1.08
Accel: -0.25, -0.02, -0.95
Gyro: -2.40, -0.39, -1.40
Accel: -0.25, -0.02, -0.95
Gyro: -1.92, 0.26, -1.61
Accel: -0.25, -0.01, -0.94
Gyro: -1.09, 0.81, -1.29
Accel: -0.25, -0.01, -0.93
Gyro: -0.24, 0.32, -0.56
Accel: -0.25, -0.02, -0.93
Gyro: -1.01, 0.14, -0.55
Accel: -0.25, -0.02, -0.94
Gyro: -1.53, -0.02, -0.70
Accel: -0.25, -0.01, -0.94
Gyro: -1.50, 0.27, -0.72
Accel: -0.25, -0.01, -0.94
Gyro: -1.27, 0.11, -0.47
Accel: -0.25, -0.02, -0.93
Gyro: -0.81, 0.06, -0.37
Accel: -0.25, -0.02, -0.94
Gyro: -0.65, 0.14, -0.57
Accel: -0.25, -0.02, -0.93
Gyro: -0.66, 0.05, -0.65
Accel: -0.25, -0.02, -0.94
Gyro: -0.71, 0.26, -0.45
Accel: -0.25, -0.02, -0.93
Gyro: -0.90, 0.56, -0.40
Accel: -0.24, -0.03, -0.94
Gyro: -1.09, 0.41, -0.20
Accel: -0.25, -0.03, -0.94
Gyro: -1.62, 0.39, -0.74
Accel: -0.25, -0.03, -0.93
Gyro: -2.06, 0.33, -1.11
Accel: -0.25, -0.02, -0.94
Gyro: -2.38, 0.30, -1.37
Accel: -0.25, -0.03, -0.94
Gyro: -1.97, 0.11, -1.55
Accel: -0.25, -0.03, -0.95
Gyro: -2.37, 0.25, -1.75
Accel: -0.24, -0.02, -0.93
Gyro: -2.26, 0.33, -1.80
Accel: -0.24, -0.03, -0.92
Gyro: -2.07, 0.11, -2.03
Accel: -0.24, -0.02, -0.93
Gyro: -2.18, -0.21, -1.95
Accel: -0.24, -0.01, -0.94
Gyro: -1.82, -0.10, -1.80
Accel: -0.24, -0.01, -0.95
Gyro: -1.43, -0.27, -1.12
Accel: -0.25, -0.01, -0.96
Gyro: -2.20, 1.69, -1.24
Accel: -0.28, 0.02, -1.02
Gyro: -1.39, 5.26, -1.03
Accel: -0.27, 0.04, -0.98
Gyro: 3.27, 9.35, -0.05
Accel: -0.29, 0.02, -1.01
Gyro: 5.89, 12.25, 0.79
Accel: -0.36, 0.00, -1.17
Gyro: 7.10, 26.84, 0.98
