Accel: -0.23, 0.03, -0.95
Gyro: -2.08, -0.34, -2.49
Accel: -0.23, 0.02, -0.96
Gyro: -2.56, 0.29, -2.17
Accel: -0.22, 0.02, -0.93
Gyro: -3.16, -0.02, -2.43
Accel: -0.22, 0.03, -0.95
Gyro: -2.39, -0.77, -2.58
Accel: -0.22, 0.03, -0.94
Gyro: -1.57, -0.70, -2.20
Accel: -0.23, 0.01, -0.94
Gyro: -1.78, -1.50, -2.44
Accel: -0.22, 0.02, -0.94
Gyro: -2.11, -1.16, -2.91
Accel: -0.23, 0.03, -0.94
Gyro: -2.23, -1.41, -2.67
Accel: -0.22, 0.03, -0.95
Gyro: -1.72, -1.35, -2.04
Accel: -0.23, 0.03, -0.94
Gyro: -1.69, -1.06, -2.08
Accel: -0.23, 0.02, -0.94
Gyro: -1.98, -0.60, -1.78
Accel: -0.22, 0.02, -0.94
Gyro: -1.95, -0.72, -1.38
Accel: -0.23, 0.02, -0.94
Gyro: -2.04, -0.84, -1.33
Accel: -0.24, 0.03, -0.95
Gyro: -1.75, -1.08, -1.36
Accel: -0.24, 0.02, -0.94
Gyro: -2.10, -0.79, -1.24
Accel: -0.23, 0.02, -0.93
Gyro: -2.66, -0.54, -1.71
Accel: -0.22, 0.04, -0.95
Gyro: -1.80, -0.10, -1.79
Accel: -0.22, 0.03, -0.93
Gyro: -1.12, -0.14, -1.29
Accel: -0.23, 0.01, -0.94
Gyro: -1.60, -0.54, -1.46
Accel: -0.22, 0.02, -0.95
Gyro: -2.29, -0.24, -1.66
Accel: -0.22, 0.02, -0.93
Gyro: -2.13, 0.03, -1.80
Accel: -0.23, 0.03, -0.94
Gyro: -1.88, -0.19, -1.82
Accel: -0.22, 0.02, -0.94
Gyro: -1.53, -0.12, -1.66
Accel: -0.22, 0.01, -0.94
Gyro: -1.49, -0.32, -1.89
Accel: -0.22, 0.02, -0.95
Gyro: -1.32, -0.39, -2.17
Accel: -0.23, 0.02, -0.94
Gyro: -1.04, -0.64, -1.84
Accel: -0.22, 0.02, -0.95
Gyro: -1.46, -0.56, -1.45
Accel: -0.22, 0.02, -0.95
Gyro: -1.42, -0.14, -1.08
Accel: -0.22, 0.02, -0.94
Gyro: -1.95, -0.45, -0.95
Accel: -0.22, 0.01, -0.94
Gyro: -1.93, -0.30, -1.15
Accel: -0.22, 0.02, -0.95
Gyro: -2.43, -0.54, -1.50
Accel: -0.23, 0.02, -0.95
Gyro: -2.43, -0.76, -1.67
Accel: -0.22, 0.02, -0.95
Gyro: -2.75, -0.66, -1.69
Accel: -0.23, 0.02, -0.94
Gyro: -2.38, -0.53, -1.75
Accel: -0.22, 0.02, -0.94
Gyro: -1.96, -0.51, -1.68
Accel: -0.22, 0.02, -0.94
Gyro: -2.54, -0.10, -1.88
Accel: -0.21, 0.03, -0.94
Gyro: -2.72, -0.85, -2.17
Accel: -0.23, 0.04, -0.94
Gyro: -1.85, -0.52, -1.91
Accel: -0.23, 0.03, -0.94
Gyro: -1.20, -0.79, -1.43
Accel: -0.23, 0.03, -0.94
Gyro: -1.04, -1.33, -1.20
Accel: -0.22, 0.02, -0.94
Gyro: -1.72, -1.41, -1.13
Accel: -0.23, 0.03, -0.95
Gyro: -1.45, -1.37, -0.93
Accel: -0.23, 0.03, -0.94
Gyro: -1.05, -1.05, -0.37
Accel: -0.23, 0.02, -0.94
Gyro: -1.05, -1.20, -0.64
Accel: -0.23, 0.01, -0.94
Gyro: -1.54, -0.92, -1.11
Accel: -0.22, 0.02, -0.95
Gyro: -1.97, -0.69, -1.30
Accel: -0.22, 0.02, -0.95
Gyro: -1.64, -0.71, -1.46
Accel: -0.23, 0.02, -0.94
Gyro: -1.57, -0.74, -1.47
Accel: -0.22, 0.02, -0.94
Gyro: -2.19, -0.62, -1.72
Accel: -0.23, 0.03, -0.95
Gyro: -2.33, -0.34, -1.81
Accel: -0.23, 0.02, -0.94
Gyro: -1.47, 0.25, -1.29
Accel: -0.22, 0.02, -0.95
Gyro: -1.56, 0.63, -1.33
Accel: -0.24, 0.02, -0.95
Gyro: -2.13, 1.09, -1.13
Accel: -0.24, 0.03, -0.98
Gyro: -1.95, 3.35, -1.04
Accel: -0.26, 0.03, -1.00
Gyro: -0.90, 7.47, -0.97
Accel: -0.27, 0.03, -1.02
Gyro: 0.47, 13.36, -0.78
Accel: -0.28, 0.03, -1.03
Gyro: 2.10, 19.97, -1.29
Accel: -0.29, 0.03, -1.05
Gyro: 2.24, 26.73, -2.91
Accel: -0.30, 0.03, -1.08
Gyro: 3.13, 37.09, -3.27
Accel: -0.32, 0.04, -1.12
Gyro: 4.66, 48.97, -3.50
Accel: -0.33, 0.06, -1.17
Gyro: 5.61, 63.89, -1.99
Accel: -0.37, 0.07, -1.29
Gyro: 7.06, 86.42, 0.75
Accel: -0.32, 0.07, -1.17
Gyro: 8.68, 110.40, 3.62
Accel: -0.28, 0.08, -1.17
Gyro: 18.48, 120.41, 5.89
Accel: -0.27, 0.09, -1.30
Gyro: 22.32, 144.30, 8.04
Accel: -0.35, 0.01, -1.39
Gyro: 24.45, 183.82, 11.52
Accel: -0.08, -0.08, -0.67
Gyro: 16.30, 192.29, 8.44
Accel: 0.17, -0.13, -0.49
Gyro: 26.66, 163.32, 1.98
Accel: 0.33, -0.09, -0.43
Gyro: 23.38, 123.67, -3.91
Accel: 0.42, -0.07, -0.49
Gyro: 18.94, 89.23, -5.94
Accel: 0.43, -0.07, -0.60
Gyro: 12.53, 63.55, -6.34
Accel: 0.43, -0.04, -0.69
Gyro: 8.05, 48.06, -3.97
Accel: 0.45, -0.06, -0.72
Gyro: 4.98, 36.62, -1.01
Accel: 0.47, -0.08, -0.69
Gyro: 1.56, 23.75, 0.77
Accel: 0.46, -0.07, -0.76
Gyro: -2.59, 12.15, 2.54
Accel: 0.47, -0.08, -0.75
Gyro: -5.39, 2.97, 4.39
Accel: 0.49, -0.11, -0.70
Gyro: -8.96, -12.10, 3.67
Accel: 0.50, -0.11, -0.67
Gyro: -8.22, -32.61, 2.11
Accel: 0.49, -0.10, -0.64
Gyro: -11.19, -51.26, -0.18
Accel: 0.50, -0.08, -0.50
Gyro: -15.44, -78.22, -1.80
Accel: 0.47, -0.06, -0.47
Gyro: -14.31, -113.20, -2.27
Accel: 0.35, -0.04, -0.54
Gyro: -16.39, -143.36, -0.56
Accel: 0.24, -0.06, -0.63
Gyro: -19.91, -163.08, 0.81
Accel: 0.14, -0.05, -0.79
Gyro: -21.36, -173.36, -0.25
Accel: 0.03, -0.01, -1.04
Gyro: -20.39, -171.65, -1.95
Accel: -0.07, -0.00, -1.13
Gyro: -24.25, -154.70, -2.56
Accel: -0.11, 0.03, -1.08
Gyro: -22.03, -139.98, 0.50
Accel: -0.18, -0.00, -1.04
Gyro: -20.11, -128.49, 3.55
Accel: -0.23, -0.06, -1.12
Gyro: -20.32, -115.49, -1.05
Accel: -0.29, -0.02, -1.14
Gyro: -19.45, -99.62, -8.24
Accel: -0.33, 0.02, -1.12
Gyro: -12.07, -82.75, -10.62
Accel: -0.37, 0.08, -1.09
Gyro: -5.05, -70.05, -8.01
Accel: -0.39, 0.01, -1.09
Gyro: -0.40, -58.44, -10.38
Accel: -0.41, 0.06, -1.06
Gyro: 0.27, -46.78, -8.15
Accel: -0.41, 0.04, -1.02
Gyro: 1.91, -33.19, -6.90
Accel: -0.42, 0.01, -1.00
Gyro: -1.56, -24.76, -5.97
Accel: -0.41, 0.03, -0.96
Gyro: 1.79, -19.83, -6.00
Accel: -0.41, 0.02, -0.98
Gyro: 0.03, -14.05, -5.77
Accel: -0.41, 0.04, -0.97
Gyro: -0.95, -8.75, -4.32
Accel: -0.40, 0.03, -0.95
Gyro: -0.54, -5.48, -2.72
Accel: -0.38, 0.02, -0.90
Gyro: -3.49, -3.97, -1.14
Accel: -0.36, 0.01, -0.90
Gyro: -4.81, -3.73, -0.40
Accel: -0.37, 0.01, -0.90
Gyro: -4.52, -3.23, -0.45
Accel: -0.37, 0.00, -0.90
Gyro: -3.42, -2.91, -1.13
Accel: -0.35, -0.00, -0.88
Gyro: -4.58, -3.17, -2.00
Accel: -0.34, 0.02, -0.88
Gyro: -3.58, -5.56, -3.06
Accel: -0.32, 0.02, -0.88
Gyro: -2.49, -7.67, -3.13
Accel: -0.33, 0.02, -0.90
Gyro: -1.93, -9.12, -3.50
Accel: -0.36, 0.03, -0.95
Gyro: -1.43, -7.89, -2.56
Accel: -0.37, 0.02, -0.96
Gyro: -2.01, -5.20, -1.27
Accel: -0.36, 0.02, -0.94
Gyro: -2.16, -3.22, -0.89
Accel: -0.35, 0.01, -0.93
Gyro: -1.75, -0.93, -0.29
Accel: -0.36, 0.01, -0.93
Gyro: -2.44, 0.49, -0.53
Accel: -0.34, 0.01, -0.96
Gyro: -2.54, 1.72, -1.11
Accel: -0.33, 0.01, -0.95
Gyro: -2.56, 3.14, -1.80
Accel: -0.32, 0.02, -0.94
Gyro: -1.93, 4.68, -1.41
Accel: -0.31, 0.01, -0.94
Gyro: -1.46, 5.05, -1.11
Accel: -0.29, 0.01, -0.91
Gyro: -1.13, 4.28, -0.95
Accel: -0.29, 0.02, -0.90
Gyro: -0.73, 3.52, -0.83
Accel: -0.29, 0.02, -0.91
Gyro: -0.36, 2.37, -0.19
Accel: -0.30, 0.01, -0.92
Gyro: -0.75, 2.33, 0.09
Accel: -0.30, 0.00, -0.93
Gyro: -2.21, 3.35, -0.21
Accel: -0.31, 0.02, -0.92
Gyro: -2.53, 3.20, -0.37
Accel: -0.30, 0.02, -0.90
Gyro: -2.27, 3.17, -0.08
Accel: -0.30, 0.01, -0.89
Gyro: -1.41, 1.47, -0.58
Accel: -0.31, 0.01, -0.91
Gyro: -1.09, 0.30, -0.71
Accel: -0.33, 0.02, -0.92
Gyro: -0.45, 0.92, -0.67
Accel: -0.33, 0.02, -0.90
Gyro: -0.39, 1.88, -0.14
Accel: -0.34, 0.01, -0.90
Gyro: -0.50, 1.50, 0.14
Accel: -0.33, 0.01, -0.90
Gyro: -0.90, 1.06, 0.24
Accel: -0.34, 0.01, -0.92
Gyro: -1.16, 1.36, 0.29
Accel: -0.35, 0.00, -0.93
Gyro: -1.85, 3.11, 0.02
Accel: -0.35, 0.01, -0.92
Gyro: -1.51, 3.57, -0.18
Accel: -0.34, 0.01, -0.92
Gyro: -1.68, 4.42, -0.43
Accel: -0.34, 0.00, -0.91
Gyro: -1.80, 4.34, -0.86
Accel: -0.34, 0.01, -0.93
Gyro: -1.82, 3.81, -1.24
Accel: -0.33, 0.01, -0.92
Gyro: -1.98, 4.92, -1.14
Accel: -0.33, 0.01, -0.91
Gyro: -2.04, 5.20, -1.08
Accel: -0.32, 0.01, -0.92
Gyro: -1.34, 5.10, -0.72
Accel: -0.31, 0.00, -0.93
Gyro: -3.06, 5.95, -0.60
Accel: -0.31, 0.02, -0.93
Gyro: -3.23, 5.55, -1.16
Accel: -0.30, 0.02, -0.93
Gyro: -2.66, 6.52, -0.89
Accel: -0.29, 0.01, -0.92
Gyro: -2.31, 6.03, -0.79
Accel: -0.29, 0.01, -0.91
Gyro: -2.79, 5.37, -0.92
Accel: -0.29, 0.01, -0.92
Gyro: -2.58, 4.39, -1.36
Accel: -0.28, 0.02, -0.92
Gyro: -2.66, 3.91, -1.59
Accel: -0.28, 0.02, -0.94
Gyro: -2.30, 4.15, -1.24
Accel: -0.28, 0.01, -0.93
Gyro: -2.23, 5.20, -1.05
Accel: -0.27, 0.01, -0.92
Gyro: -2.66, 5.17, -1.12
Accel: -0.27, 0.02, -0.93
Gyro: -3.04, 4.94, -1.33
Accel: -0.27, 0.02, -0.94
Gyro: -2.98, 5.13, -1.28
