Accel: -0.23, 0.03, -0.95
Gyro: -2.98, 2.89, -3.10
Accel: -0.22, 0.03, -0.95
Gyro: -2.92, 2.76, -3.15
Accel: -0.22, 0.03, -0.95
Gyro: -2.94, 2.70, -3.56
Accel: -0.23, 0.04, -0.95
Gyro: -2.53, 3.36, -3.16
Accel: -0.22, 0.04, -0.94
Gyro: -2.71, 3.80, -2.56
Accel: -0.22, 0.04, -0.94
Gyro: -2.52, 3.33, -2.33
Accel: -0.21, 0.04, -0.95
Gyro: -1.53, 3.69, -2.01
Accel: -0.21, 0.03, -0.93
Gyro: -1.10, 3.22, -1.53
Accel: -0.21, 0.03, -0.93
Gyro: -1.29, 2.46, -1.61
Accel: -0.21, 0.04, -0.95
Gyro: -1.40, 2.08, -1.49
Accel: -0.21, 0.05, -0.93
Gyro: -1.37, 1.50, -0.96
Accel: -0.20, 0.04, -0.92
Gyro: -0.92, 0.79, -0.57
Accel: -0.20, 0.04, -0.94
Gyro: -0.92, -0.09, -0.46
Accel: -0.21, 0.03, -0.94
Gyro: -1.32, -0.49, -0.38
Accel: -0.21, 0.03, -0.95
Gyro: -1.38, -0.28, -0.47
Accel: -0.21, 0.03, -0.95
Gyro: -1.11, -0.20, -0.11
Accel: -0.21, 0.03, -0.95
Gyro: -1.08, 0.05, -0.38
Accel: -0.22, 0.02, -0.94
Gyro: -1.64, 0.38, -0.81
Accel: -0.22, 0.03, -0.94
Gyro: -1.87, 0.30, -1.53
Accel: -0.21, 0.04, -0.94
Gyro: -1.28, 0.63, -1.47
Accel: -0.21, 0.03, -0.94
Gyro: -0.77, 0.02, -1.02
Accel: -0.21, 0.03, -0.94
Gyro: -1.24, -0.34, -1.21
Accel: -0.21, 0.03, -0.95
Gyro: -1.79, -0.22, -0.92
Accel: -0.22, 0.03, -0.94
Gyro: -1.69, -0.05, -0.74
Accel: -0.21, 0.03, -0.94
Gyro: -1.40, -0.14, -0.79
Accel: -0.22, 0.02, -0.96
Gyro: -1.47, 0.21, -1.04
Accel: -0.21, 0.03, -0.94
Gyro: -1.34, 0.35, -0.99
Accel: -0.21, 0.02, -0.94
Gyro: -1.45, 0.06, -1.18
Accel: -0.21, 0.03, -0.95
Gyro: -1.46, 0.09, -1.30
Accel: -0.21, 0.02, -0.95
Gyro: -1.37, -0.11, -1.18
Accel: -0.21, 0.03, -0.94
Gyro: -1.58, -0.08, -1.34
Accel: -0.21, 0.03, -0.95
Gyro: -1.62, -0.04, -1.30
Accel: -0.21, 0.03, -0.95
Gyro: -2.00, -0.08, -1.11
Accel: -0.21, 0.02, -0.96
Gyro: -2.23, -0.08, -1.08
Accel: -0.21, 0.03, -0.94
Gyro: -2.27, 0.01, -1.46
Accel: -0.21, 0.02, -0.95
Gyro: -2.28, 0.47, -1.50
Accel: -0.21, 0.03, -0.94
Gyro: -1.85, -0.27, -1.85
Accel: -0.21, 0.03, -0.93
Gyro: -2.14, -0.65, -1.46
Accel: -0.21, 0.02, -0.95
Gyro: -2.24, -0.60, -1.25
Accel: -0.20, 0.03, -0.94
Gyro: -2.20, -0.82, -1.33
Accel: -0.21, 0.02, -0.94
Gyro: -2.37, -0.59, -1.32
Accel: -0.21, 0.02, -0.94
Gyro: -3.07, -0.43, -1.92
Accel: -0.20, 0.04, -0.95
Gyro: -2.75, -0.40, -2.69
Accel: -0.20, 0.04, -0.95
Gyro: -1.59, -1.05, -2.23
Accel: -0.20, 0.03, -0.94
Gyro: -1.94, -1.42, -2.04
Accel: -0.20, 0.03, -0.94
Gyro: -2.37, -1.85, -1.74
Accel: -0.21, 0.05, -0.94
Gyro: -2.20, -1.84, -1.17
Accel: -0.22, 0.04, -0.96
Gyro: -1.78, -1.87, -0.48
Accel: -0.22, 0.03, -0.95
Gyro: -1.75, -1.41, -0.41
Accel: -0.21, 0.03, -0.95
Gyro: -1.85, -0.75, -0.92
Accel: -0.21, 0.03, -0.95
Gyro: -2.08, -0.56, -1.57
Accel: -0.21, 0.03, -0.95
Gyro: -2.05, -0.46, -1.44
Accel: -0.21, 0.03, -0.95
Gyro: -1.55, -0.76, -1.65
Accel: -0.22, 0.03, -0.95
Gyro: -1.63, -1.17, -1.31
Accel: -0.21, 0.03, -0.94
Gyro: -2.23, -0.89, -1.16
Accel: -0.21, 0.04, -0.95
Gyro: -1.88, -1.00, -1.13
Accel: -0.21, 0.04, -0.94
Gyro: -1.21, -1.03, -1.04
Accel: -0.21, 0.02, -0.94
Gyro: -1.68, -1.58, -1.26
Accel: -0.21, 0.03, -0.95
Gyro: -2.63, -1.61, -1.52
Accel: -0.22, 0.04, -0.95
Gyro: -2.37, -1.37, -1.68
Accel: -0.21, 0.03, -0.95
Gyro: -2.11, -1.38, -1.48
Accel: -0.22, 0.03, -0.95
Gyro: -1.72, -1.27, -1.38
Accel: -0.22, 0.03, -0.95
Gyro: -1.75, -1.24, -1.25
Accel: -0.22, 0.03, -0.95
Gyro: -1.57, -1.40, -1.27
Accel: -0.21, 0.03, -0.93
Gyro: -1.87, -1.39, -1.18
Accel: -0.21, 0.02, -0.95
Gyro: -1.82, -0.98, -1.06
Accel: -0.21, 0.03, -0.94
Gyro: -1.95, -1.04, -1.09
Accel: -0.21, 0.03, -0.94
Gyro: -2.43, -0.22, -1.27
Accel: -0.22, 0.03, -0.94
Gyro: -2.46, -0.10, -1.59
Accel: -0.21, 0.03, -0.94
Gyro: -2.37, -0.09, -1.88
Accel: -0.22, 0.04, -0.93
Gyro: -2.18, -0.72, -1.91
Accel: -0.21, 0.04, -0.94
Gyro: -2.17, -0.76, -2.14
Accel: -0.22, 0.04, -0.95
Gyro: -1.98, -0.66, -1.85
Accel: -0.23, 0.04, -0.98
Gyro: -1.55, 0.64, -1.34
Accel: -0.26, 0.04, -1.04
Gyro: -1.47, 4.84, -0.74
Accel: -0.30, 0.06, -1.10
Gyro: -0.34, 15.63, -0.47
Accel: -0.34, 0.06, -1.15
Gyro: 1.08, 28.72, 0.04
Accel: -0.39, 0.07, -1.25
Gyro: 1.85, 51.22, 0.44
Accel: -0.36, 0.09, -1.18
Gyro: 6.70, 70.54, 1.00
Accel: -0.36, 0.09, -1.24
Gyro: 14.41, 90.19, 2.71
Accel: -0.35, 0.07, -1.23
Gyro: 18.42, 112.92, 2.75
Accel: -0.30, 0.08, -1.19
Gyro: 22.65, 131.64, 4.33
Accel: -0.25, 0.09, -1.17
Gyro: 24.98, 150.09, 8.03
Accel: -0.16, 0.04, -0.98
Gyro: 26.92, 162.86, 10.74
Accel: -0.05, -0.01, -0.81
Gyro: 32.97, 161.93, 10.59
Accel: 0.12, -0.08, -0.64
Gyro: 32.36, 146.50, 7.51
Accel: 0.28, -0.11, -0.51
Gyro: 26.70, 117.77, 3.03
Accel: 0.37, -0.10, -0.57
Gyro: 17.70, 87.32, -0.18
Accel: 0.38, -0.08, -0.67
Gyro: 9.59, 68.98, -0.77
Accel: 0.43, -0.08, -0.67
Gyro: 3.38, 54.57, 0.21
Accel: 0.46, -0.06, -0.67
Gyro: 0.38, 37.48, 2.55
Accel: 0.46, -0.07, -0.71
Gyro: -2.32, 22.96, 4.99
Accel: 0.47, -0.08, -0.72
Gyro: -5.10, 10.12, 5.97
Accel: 0.47, -0.09, -0.73
Gyro: -7.25, -2.98, 5.55
Accel: 0.46, -0.09, -0.74
Gyro: -9.39, -16.61, 4.62
Accel: 0.44, -0.09, -0.76
Gyro: -11.63, -28.01, 3.44
Accel: 0.43, -0.12, -0.74
Gyro: -13.16, -39.51, 1.40
Accel: 0.42, -0.11, -0.72
Gyro: -17.80, -53.96, -0.58
Accel: 0.42, -0.12, -0.64
Gyro: -20.00, -74.00, -2.18
Accel: 0.38, -0.10, -0.62
Gyro: -23.59, -96.15, -4.20
Accel: 0.34, -0.11, -0.61
Gyro: -25.95, -119.08, -5.28
Accel: 0.25, -0.05, -0.67
Gyro: -26.57, -139.63, -6.91
Accel: 0.16, -0.04, -0.71
Gyro: -26.89, -151.59, -5.00
Accel: 0.14, -0.04, -0.87
Gyro: -30.61, -163.77, -6.71
Accel: -0.04, 0.06, -1.00
Gyro: -33.68, -156.74, -1.67
Accel: -0.13, 0.00, -0.90
Gyro: -35.75, -152.17, 0.89
Accel: -0.24, 0.05, -1.09
Gyro: -31.96, -143.49, -3.28
Accel: -0.33, 0.10, -1.23
Gyro: -25.97, -122.23, -5.87
Accel: -0.36, 0.09, -1.21
Gyro: -17.05, -95.38, -7.35
Accel: -0.37, 0.03, -1.10
Gyro: -9.89, -76.01, -10.44
Accel: -0.44, 0.12, -1.05
Gyro: 11.77, -64.48, -12.09
Accel: -0.43, 0.13, -1.20
Gyro: -30.80, -42.08, -14.85
Accel: -0.41, 0.15, -1.10
Gyro: 12.63, -30.65, -12.71
Accel: -0.45, 0.12, -1.07
Gyro: -1.34, -14.92, -4.63
Accel: -0.43, 0.10, -0.99
Gyro: 5.98, -11.75, -3.94
Accel: -0.39, 0.07, -0.95
Gyro: 3.08, -7.26, -2.69
Accel: -0.37, 0.05, -0.93
Gyro: 6.32, -5.97, -1.71
Accel: -0.38, 0.06, -0.94
Gyro: 0.40, -2.35, -0.40
Accel: -0.36, 0.05, -0.92
Gyro: -1.08, -1.23, -0.29
Accel: -0.35, 0.03, -0.91
Gyro: -3.65, -0.35, -1.16
Accel: -0.35, 0.04, -0.90
Gyro: -7.64, -0.65, -3.10
Accel: -0.34, 0.05, -0.92
Gyro: -4.78, 0.08, -3.07
Accel: -0.34, 0.05, -0.91
Gyro: -4.01, 0.95, -2.96
Accel: -0.33, 0.05, -0.91
Gyro: -3.17, 1.85, -3.20
Accel: -0.33, 0.05, -0.90
Gyro: -2.61, 0.92, -3.98
Accel: -0.33, 0.06, -0.91
Gyro: -1.63, 0.66, -3.63
Accel: -0.32, 0.06, -0.92
Gyro: 0.57, 0.39, -2.82
Accel: -0.32, 0.05, -0.93
Gyro: -1.36, 1.03, -2.64
Accel: -0.32, 0.05, -0.94
Gyro: -2.62, 2.08, -2.66
Accel: -0.31, 0.06, -0.95
Gyro: -3.46, 3.81, -2.37
Accel: -0.31, 0.06, -0.94
Gyro: -3.36, 5.00, -2.30
Accel: -0.29, 0.07, -0.95
Gyro: -3.25, 6.25, -1.72
Accel: -0.29, 0.06, -0.96
Gyro: -3.11, 7.97, -0.87
Accel: -0.28, 0.06, -0.96
Gyro: -2.78, 9.13, -0.31
Accel: -0.27, 0.06, -0.95
Gyro: -1.22, 9.90, 0.44
Accel: -0.27, 0.05, -0.94
Gyro: -1.08, 10.44, 0.95
Accel: -0.26, 0.04, -0.93
Gyro: -0.63, 10.41, 0.63
Accel: -0.25, 0.03, -0.92
Gyro: -0.72, 9.76, 0.21
Accel: -0.25, 0.03, -0.93
Gyro: -1.31, 9.25, -0.45
Accel: -0.24, 0.03, -0.92
Gyro: -1.60, 8.62, -1.24
Accel: -0.24, 0.03, -0.92
Gyro: -1.59, 6.76, -2.28
Accel: -0.24, 0.04, -0.93
Gyro: -1.11, 6.14, -2.56
Accel: -0.24, 0.04, -0.92
Gyro: -0.75, 5.63, -2.33
Accel: -0.25, 0.04, -0.92
Gyro: -0.83, 4.00, -2.18
Accel: -0.25, 0.04, -0.92
Gyro: -1.11, 3.14, -1.79
Accel: -0.26, 0.04, -0.93
Gyro: -1.73, 2.60, -1.49
Accel: -0.26, 0.04, -0.92
Gyro: -2.18, 2.48, -1.36
Accel: -0.26, 0.04, -0.92
Gyro: -2.08, 1.57, -1.56
Accel: -0.26, 0.05, -0.92
Gyro: -2.44, 1.10, -1.91
Accel: -0.26, 0.04, -0.92
Gyro: -2.79, 0.62, -2.62
Accel: -0.26, 0.05, -0.92
Gyro: -2.78, 0.61, -3.01
