Accel: -0.27, 0.03, -0.93
Gyro: -2.12, 4.34, -1.46
Accel: -0.27, 0.02, -0.93
Gyro: -2.57, 4.46, -1.67
Accel: -0.26, 0.02, -0.92
Gyro: -2.76, 3.95, -2.17
Accel: -0.27, 0.03, -0.93
Gyro: -1.90, 3.81, -1.69
Accel: -0.27, 0.02, -0.92
Gyro: -1.67, 3.57, -1.27
Accel: -0.27, 0.02, -0.92
Gyro: -1.86, 3.31, -1.50
Accel: -0.27, 0.02, -0.94
Gyro: -2.08, 3.36, -1.70
Accel: -0.27, 0.02, -0.93
Gyro: -2.37, 3.18, -1.77
Accel: -0.27, 0.02, -0.94
Gyro: -1.91, 3.08, -1.76
Accel: -0.28, 0.02, -0.94
Gyro: -1.62, 3.57, -1.66
Accel: -0.27, 0.02, -0.93
Gyro: -1.53, 3.48, -1.49
Accel: -0.27, 0.02, -0.93
Gyro: -1.01, 3.93, -1.12
Accel: -0.26, 0.02, -0.94
Gyro: -0.68, 3.58, -0.80
Accel: -0.27, 0.02, -0.94
Gyro: -0.47, 3.59, -0.65
Accel: -0.27, 0.02, -0.93
Gyro: -0.79, 3.48, -0.43
Accel: -0.26, 0.01, -0.93
Gyro: -0.71, 3.16, -0.65
Accel: -0.26, 0.02, -0.93
Gyro: -0.84, 3.11, -0.67
Accel: -0.25, 0.02, -0.94
Gyro: -0.57, 2.86, -0.30
Accel: -0.26, 0.01, -0.93
Gyro: -1.07, 2.60, -0.53
Accel: -0.26, 0.01, -0.93
Gyro: -1.32, 2.67, -0.66
Accel: -0.25, 0.02, -0.94
Gyro: -1.33, 2.16, -0.18
Accel: -0.25, 0.01, -0.93
Gyro: -1.64, 2.30, -0.18
Accel: -0.26, 0.01, -0.94
Gyro: -1.59, 2.76, -0.30
Accel: -0.26, 0.00, -0.95
Gyro: -1.99, 4.01, -0.33
Accel: -0.24, 0.01, -0.94
Gyro: -2.88, 4.32, -1.13
Accel: -0.24, 0.02, -0.93
Gyro: -2.81, 4.33, -1.49
Accel: -0.24, 0.02, -0.94
Gyro: -1.62, 3.90, -1.41
Accel: -0.24, 0.02, -0.94
Gyro: -1.66, 3.05, -1.64
Accel: -0.24, 0.01, -0.94
Gyro: -1.87, 3.14, -1.75
Accel: -0.23, 0.02, -0.93
Gyro: -2.35, 2.94, -1.55
Accel: -0.23, 0.02, -0.94
Gyro: -2.13, 3.23, -0.83
Accel: -0.23, 0.02, -0.93
Gyro: -1.66, 2.85, -0.53
Accel: -0.23, 0.02, -0.94
Gyro: -1.86, 2.22, -0.56
Accel: -0.22, 0.02, -0.93
Gyro: -2.06, 1.64, -0.90
Accel: -0.23, 0.02, -0.95
Gyro: -1.82, 1.35, -0.47
Accel: -0.23, 0.02, -0.94
Gyro: -1.34, 0.69, -0.69
Accel: -0.23, 0.01, -0.94
Gyro: -1.70, 1.13, -0.64
Accel: -0.22, 0.02, -0.94
Gyro: -1.91, 0.77, -1.05
Accel: -0.23, 0.03, -0.94
Gyro: -1.12, 0.81, -1.08
Accel: -0.22, 0.02, -0.93
Gyro: -1.01, 0.13, -0.74
Accel: -0.23, 0.01, -0.95
Gyro: -0.96, -0.02, -1.07
Accel: -0.23, 0.01, -0.94
Gyro: -1.24, 0.21, -1.06
Accel: -0.23, 0.02, -0.94
Gyro: -0.86, 0.68, -0.77
Accel: -0.23, 0.02, -0.95
Gyro: -0.61, 0.46, -0.47
Accel: -0.23, 0.01, -0.94
Gyro: -0.88, 0.60, -0.36
Accel: -0.22, 0.01, -0.93
Gyro: -0.73, 0.60, -0.40
Accel: -0.23, 0.01, -0.94
Gyro: -0.82, 0.63, -0.36
Accel: -0.23, 0.01, -0.94
Gyro: -0.69, 0.75, -0.29
Accel: -0.23, 0.01, -0.94
Gyro: -0.67, 0.50, -0.47
Accel: -0.22, -0.00, -0.94
Gyro: -1.17, 0.82, -0.82
Accel: -0.23, 0.01, -0.94
Gyro: -1.50, 0.44, -0.98
Accel: -0.23, 0.01, -0.95
Gyro: -1.72, 0.72, -1.30
Accel: -0.22, 0.01, -0.94
Gyro: -2.06, 0.93, -1.62
Accel: -0.22, 0.01, -0.94
Gyro: -2.12, 0.38, -1.85
Accel: -0.22, 0.01, -0.95
Gyro: -2.26, 0.49, -2.28
Accel: -0.22, 0.01, -0.94
Gyro: -2.59, 0.50, -2.05
Accel: -0.22, 0.03, -0.95
Gyro: -2.17, 0.38, -1.72
Accel: -0.23, 0.01, -0.95
Gyro: -2.67, 0.54, -1.91
Accel: -0.22, 0.01, -0.94
Gyro: -3.13, 0.50, -2.58
Accel: -0.23, 0.03, -0.95
Gyro: -2.36, 0.80, -2.62
Accel: -0.21, 0.03, -0.93
Gyro: -1.14, 0.43, -1.82
Accel: -0.22, 0.01, -0.94
Gyro: -1.17, -0.12, -1.91
Accel: -0.21, 0.02, -0.94
Gyro: -1.53, -0.63, -2.23
Accel: -0.22, 0.02, -0.93
Gyro: -1.57, -0.82, -1.82
Accel: -0.22, 0.03, -0.95
Gyro: -1.57, -0.60, -1.34
Accel: -0.22, 0.02, -0.95
Gyro: -1.48, -0.36, -0.69
Accel: -0.22, 0.01, -0.94
Gyro: -1.60, 0.33, -0.81
Accel: -0.22, 0.01, -0.95
Gyro: -1.94, 0.08, -1.14
Accel: -0.22, 0.01, -0.95
Gyro: -1.68, 0.39, -1.30
Accel: -0.21, 0.02, -0.95
Gyro: -1.02, -0.52, -1.24
Accel: -0.22, 0.01, -0.95
Gyro: -1.45, -0.24, -1.35
Accel: -0.24, 0.02, -0.97
Gyro: -2.01, 0.59, -1.54
Accel: -0.24, 0.02, -0.97
Gyro: -0.60, 2.69, -1.25
Accel: -0.27, 0.03, -1.05
Gyro: 0.14, 7.29, -0.68
Accel: -0.33, 0.03, -1.14
Gyro: 1.09, 19.62, -0.65
Accel: -0.35, 0.04, -1.19
Gyro: 1.05, 37.67, -0.34
Accel: -0.38, 0.08, -1.24
Gyro: 6.23, 56.83, 0.97
Accel: -0.37, 0.08, -1.18
Gyro: 9.44, 78.39, 2.89
Accel: -0.38, 0.07, -1.23
Gyro: 18.39, 96.84, 4.73
Accel: -0.31, 0.05, -1.13
Gyro: 17.43, 119.51, 5.79
Accel: -0.13, 0.02, -0.91
Gyro: 27.40, 114.15, 7.43
Accel: -0.17, -0.02, -1.13
Gyro: 23.90, 121.70, 7.35
Accel: -0.04, -0.05, -0.91
Gyro: 18.68, 131.00, 6.50
Accel: 0.10, -0.08, -0.64
Gyro: 20.26, 114.72, 5.65
Accel: 0.21, -0.08, -0.60
Gyro: 17.55, 88.52, 2.76
Accel: 0.23, -0.08, -0.71
Gyro: 11.92, 69.50, 1.38
Accel: 0.26, -0.08, -0.73
Gyro: 8.88, 56.42, 0.71
Accel: 0.28, -0.09, -0.76
Gyro: 5.22, 45.24, 0.79
Accel: 0.29, -0.09, -0.78
Gyro: 2.73, 34.52, 0.56
Accel: 0.30, -0.09, -0.80
Gyro: 0.20, 25.00, 0.31
Accel: 0.31, -0.09, -0.81
Gyro: -1.96, 15.53, -0.43
Accel: 0.33, -0.11, -0.80
Gyro: -4.86, 5.19, -1.63
Accel: 0.34, -0.10, -0.77
Gyro: -8.35, -7.48, -3.28
Accel: 0.33, -0.08, -0.80
Gyro: -9.68, -21.68, -4.26
Accel: 0.29, -0.07, -0.84
Gyro: -12.23, -30.72, -4.97
Accel: 0.31, -0.07, -0.75
Gyro: -14.97, -43.33, -5.13
Accel: 0.31, -0.05, -0.67
Gyro: -14.37, -64.65, -4.10
Accel: 0.27, -0.04, -0.68
Gyro: -15.37, -86.88, -2.69
Accel: 0.19, -0.04, -0.76
Gyro: -17.83, -104.37, -1.60
Accel: 0.13, -0.02, -0.77
Gyro: -17.50, -113.20, -1.07
Accel: 0.08, -0.02, -0.81
Gyro: -17.03, -124.95, -0.29
Accel: 0.00, -0.01, -0.95
Gyro: -14.68, -130.58, 1.00
Accel: -0.07, -0.04, -0.95
Gyro: -17.74, -127.89, 0.31
Accel: -0.13, -0.05, -1.00
Gyro: -19.04, -123.12, -2.48
Accel: -0.19, -0.03, -1.08
Gyro: -19.33, -112.28, -4.73
Accel: -0.25, 0.00, -1.10
Gyro: -17.59, -98.60, -6.65
Accel: -0.31, 0.02, -1.16
Gyro: -13.33, -82.59, -6.53
Accel: -0.37, -0.02, -1.18
Gyro: -12.61, -62.45, -7.51
Accel: -0.37, -0.01, -1.14
Gyro: -13.16, -43.56, -8.45
Accel: -0.39, 0.01, -1.05
Gyro: 1.34, -30.78, -9.72
Accel: -0.39, 0.04, -1.05
Gyro: -7.50, -20.31, -9.25
Accel: -0.40, 0.05, -1.04
Gyro: -5.62, -11.02, -8.77
Accel: -0.37, 0.05, -1.02
Gyro: -4.02, -2.84, -8.13
Accel: -0.36, 0.05, -0.98
Gyro: -2.37, 1.02, -7.05
Accel: -0.34, 0.05, -0.96
Gyro: -2.18, 4.76, -5.73
Accel: -0.32, 0.04, -0.95
Gyro: -1.24, 5.81, -4.66
Accel: -0.30, 0.04, -0.93
Gyro: -2.20, 6.56, -3.59
Accel: -0.29, 0.04, -0.93
Gyro: -3.07, 7.55, -2.44
Accel: -0.28, 0.04, -0.93
Gyro: -3.30, 7.93, -1.46
Accel: -0.27, 0.04, -0.92
Gyro: -3.18, 8.47, -0.37
Accel: -0.27, 0.03, -0.91
Gyro: -2.96, 7.72, 0.47
Accel: -0.26, 0.03, -0.91
Gyro: -2.48, 6.79, 1.10
Accel: -0.25, 0.02, -0.91
Gyro: -1.81, 4.52, 1.48
Accel: -0.25, 0.02, -0.90
Gyro: -1.46, 2.80, 1.40
Accel: -0.26, 0.02, -0.92
Gyro: -1.66, 1.51, 1.20
Accel: -0.26, 0.01, -0.92
Gyro: -1.86, 0.81, 1.08
Accel: -0.27, 0.01, -0.93
Gyro: -2.44, 0.43, 0.46
Accel: -0.26, 0.01, -0.94
Gyro: -3.07, 0.44, -0.53
Accel: -0.25, 0.02, -0.95
Gyro: -3.47, 0.44, -1.30
Accel: -0.25, 0.02, -0.95
Gyro: -4.07, 1.62, -1.75
Accel: -0.26, 0.03, -0.98
Gyro: -3.36, 3.08, -2.37
Accel: -0.26, 0.04, -0.97
Gyro: -1.93, 5.12, -1.98
Accel: -0.24, 0.03, -0.95
Gyro: -0.81, 5.33, -1.39
Accel: -0.23, 0.03, -0.94
Gyro: -0.47, 5.04, -1.01
Accel: -0.23, 0.03, -0.93
Gyro: -0.82, 4.71, -1.16
Accel: -0.24, 0.03, -0.94
Gyro: -0.82, 4.70, -0.82
Accel: -0.22, 0.03, -0.95
Gyro: -0.59, 4.76, -0.43
Accel: -0.23, 0.02, -0.93
Gyro: -0.76, 4.86, 0.22
Accel: -0.22, 0.02, -0.92
Gyro: -0.94, 4.07, 0.45
Accel: -0.22, 0.01, -0.92
Gyro: -1.03, 2.33, 0.53
Accel: -0.23, 0.02, -0.93
Gyro: -1.02, 0.88, 0.53
Accel: -0.23, 0.01, -0.95
Gyro: -0.87, 0.67, 0.31
Accel: -0.23, 0.01, -0.93
Gyro: -1.56, 1.54, 0.11
Accel: -0.23, 0.02, -0.94
Gyro: -1.56, 1.58, -0.75
Accel: -0.23, 0.02, -0.93
Gyro: -0.78, 0.80, -0.47
Accel: -0.23, 0.01, -0.94
Gyro: -1.51, -0.19, -0.89
Accel: -0.24, 0.01, -0.93
Gyro: -1.75, -0.47, -1.25
Accel: -0.25, 0.02, -0.94
Gyro: -2.17, -0.08, -1.48
Accel: -0.24, 0.02, -0.94
Gyro: -1.88, 0.35, -1.28
Accel: -0.24, 0.02, -0.93
Gyro: -1.36, 0.17, -1.43
Accel: -0.25, 0.02, -0.94
Gyro: -1.61, 0.33, -1.28
