Accel: -0.26, 0.01, -0.93
Gyro: -2.04, 0.29, -0.89
Accel: -0.26, 0.00, -0.93
Gyro: -1.88, -0.28, -0.61
Accel: -0.26, 0.00, -0.93
Gyro: -1.53, -0.51, -0.54
Accel: -0.26, -0.00, -0.93
Gyro: -1.69, -0.76, -0.76
Accel: -0.26, -0.00, -0.91
Gyro: -2.53, -0.64, -0.91
Accel: -0.27, 0.01, -0.93
Gyro: -2.62, -1.22, -1.58
Accel: -0.26, 0.02, -0.92
Gyro: -0.82, -1.08, -1.01
Accel: -0.27, 0.00, -0.94
Gyro: -0.56, -1.98, -0.36
Accel: -0.28, -0.00, -0.94
Gyro: -0.75, -2.01, -0.70
Accel: -0.27, 0.00, -0.95
Gyro: -1.34, -1.46, -0.89
Accel: -0.27, 0.01, -0.93
Gyro: -0.91, -0.66, -0.43
Accel: -0.27, 0.00, -0.94
Gyro: -0.56, -1.01, 0.05
Accel: -0.27, -0.01, -0.92
Gyro: -1.14, -0.70, -0.31
Accel: -0.28, -0.01, -0.94
Gyro: -1.59, -1.16, -0.51
Accel: -0.28, -0.01, -0.94
Gyro: -1.61, -1.01, -0.97
Accel: -0.27, -0.00, -0.95
Gyro: -2.08, -0.76, -1.18
Accel: -0.27, -0.00, -0.94
Gyro: -1.98, -0.64, -1.34
Accel: -0.28, -0.01, -0.94
Gyro: -2.24, 0.00, -1.56
Accel: -0.28, 0.01, -0.93
Gyro: -2.33, 0.12, -1.71
Accel: -0.27, 0.01, -0.93
Gyro: -1.28, 0.66, -1.34
Accel: -0.26, -0.01, -0.93
Gyro: -1.74, -0.02, -1.11
Accel: -0.27, -0.00, -0.93
Gyro: -2.31, -0.33, -1.32
Accel: -0.27, -0.00, -0.92
Gyro: -2.78, -0.18, -1.58
Accel: -0.27, 0.00, -0.94
Gyro: -2.55, -0.50, -1.66
Accel: -0.27, 0.00, -0.93
Gyro: -2.35, -0.31, -1.54
Accel: -0.27, 0.00, -0.94
Gyro: -2.19, -0.04, -1.53
Accel: -0.27, 0.01, -0.93
Gyro: -1.94, 0.50, -1.40
Accel: -0.27, 0.01, -0.93
Gyro: -1.85, 0.49, -1.22
Accel: -0.27, 0.00, -0.94
Gyro: -1.91, 0.50, -1.24
Accel: -0.26, 0.00, -0.94
Gyro: -1.87, 0.27, -1.04
Accel: -0.26, 0.00, -0.94
Gyro: -2.08, 0.42, -0.99
Accel: -0.26, 0.00, -0.93
Gyro: -2.43, 0.15, -1.26
Accel: -0.27, 0.00, -0.93
Gyro: -2.33, 0.37, -1.50
Accel: -0.27, 0.00, -0.93
Gyro: -2.26, 0.05, -1.58
Accel: -0.26, 0.01, -0.93
Gyro: -2.24, -0.12, -1.71
Accel: -0.27, 0.01, -0.93
Gyro: -2.13, -0.49, -1.73
Accel: -0.26, 0.01, -0.94
Gyro: -2.04, -0.15, -1.87
Accel: -0.26, 0.01, -0.94
Gyro: -1.63, -0.11, -1.26
Accel: -0.26, 0.01, -0.93
Gyro: -1.53, -0.50, -1.31
Accel: -0.26, 0.01, -0.93
Gyro: -1.52, -0.89, -1.11
Accel: -0.27, 0.01, -0.93
Gyro: -1.52, -0.52, -0.72
Accel: -0.27, 0.00, -0.94
Gyro: -1.71, -0.54, -0.51
Accel: -0.26, 0.01, -0.94
Gyro: -1.56, 0.04, -0.19
Accel: -0.27, -0.00, -0.93
Gyro: -1.48, 0.29, -0.48
Accel: -0.27, -0.01, -0.93
Gyro: -2.27, 0.34, -1.22
Accel: -0.27, -0.00, -0.94
Gyro: -2.65, 0.48, -2.15
Accel: -0.27, 0.01, -0.94
Gyro: -1.17, 1.26, -2.21
Accel: -0.27, 0.01, -0.94
Gyro: -0.49, 2.01, -1.53
Accel: -0.30, 0.01, -0.97
Gyro: -0.89, 3.52, -1.50
Accel: -0.31, 0.00, -1.02
Gyro: -0.69, 7.75, -1.31
Accel: -0.33, 0.02, -1.05
Gyro: -0.14, 16.11, -0.74
Accel: -0.39, 0.02, -1.16
Gyro: 1.15, 29.71, -0.48
Accel: -0.40, 0.03, -1.20
Gyro: 0.82, 50.09, 0.47
Accel: -0.39, 0.04, -1.20
Gyro: 4.68, 69.05, 1.18
Accel: -0.40, 0.06, -1.21
Gyro: 9.92, 89.16, 2.64
Accel: -0.37, 0.06, -1.21
Gyro: 15.16, 108.71, 4.76
Accel: -0.42, 0.08, -1.42
Gyro: 17.52, 139.71, 8.48
Accel: -0.28, 0.01, -0.92
Gyro: 11.95, 163.09, 13.19
Accel: -0.07, -0.04, -0.67
Gyro: 23.61, 148.38, 13.40
Accel: 0.04, -0.05, -0.71
Gyro: 21.08, 129.44, 11.43
Accel: 0.10, -0.08, -0.75
Gyro: 20.12, 116.52, 8.69
Accel: 0.17, -0.11, -0.73
Gyro: 18.11, 102.88, 4.58
Accel: 0.23, -0.12, -0.70
Gyro: 13.28, 89.44, 0.42
Accel: 0.30, -0.10, -0.66
Gyro: 8.32, 69.34, -1.63
Accel: 0.31, -0.08, -0.73
Gyro: 2.37, 53.82, -0.98
Accel: 0.35, -0.08, -0.74
Gyro: -1.44, 40.05, 0.29
Accel: 0.35, -0.07, -0.77
Gyro: -4.06, 26.33, 2.10
Accel: 0.36, -0.08, -0.80
Gyro: -4.92, 16.75, 2.37
Accel: 0.37, -0.08, -0.78
Gyro: -7.16, 6.04, 1.32
Accel: 0.37, -0.07, -0.76
Gyro: -7.39, -6.74, 0.69
Accel: 0.36, -0.06, -0.78
Gyro: -7.23, -19.42, 0.61
Accel: 0.33, -0.06, -0.83
Gyro: -7.81, -28.84, 1.00
Accel: 0.34, -0.08, -0.77
Gyro: -10.50, -37.90, 0.75
Accel: 0.36, -0.07, -0.66
Gyro: -12.54, -57.95, 0.27
Accel: 0.34, -0.03, -0.60
Gyro: -12.70, -84.46, 2.75
Accel: 0.28, -0.02, -0.66
Gyro: -14.93, -108.73, 6.40
Accel: 0.18, -0.04, -0.80
Gyro: -12.60, -121.69, 8.56
Accel: 0.10, -0.08, -0.90
Gyro: -19.37, -123.84, 4.04
Accel: 0.07, -0.02, -0.85
Gyro: -15.45, -128.40, 1.74
Accel: 0.01, 0.02, -0.92
Gyro: -13.98, -133.29, 4.99
Accel: -0.06, -0.03, -0.94
Gyro: -18.18, -133.21, 8.42
Accel: -0.14, -0.06, -0.94
Gyro: -18.78, -131.84, 5.97
Accel: -0.21, -0.01, -1.03
Gyro: -18.47, -124.35, 2.84
Accel: -0.29, 0.03, -1.08
Gyro: -14.52, -110.94, 3.35
Accel: -0.39, -0.00, -1.24
Gyro: -13.63, -90.44, 3.56
Accel: -0.46, 0.04, -1.22
Gyro: -13.05, -64.35, 3.98
Accel: -0.44, 0.02, -1.21
Gyro: -4.89, -44.53, 1.56
Accel: -0.45, 0.09, -0.97
Gyro: -4.66, -30.10, 3.62
Accel: -0.43, -0.01, -1.09
Gyro: -0.52, -18.14, 0.20
Accel: -0.42, 0.00, -1.01
Gyro: 3.61, -8.99, -2.01
Accel: -0.41, 0.02, -1.00
Gyro: 2.52, -2.39, -4.24
Accel: -0.38, 0.02, -0.94
Gyro: 3.07, 1.71, -3.56
Accel: -0.34, 0.02, -0.93
Gyro: 2.49, 3.01, -2.45
Accel: -0.34, 0.01, -0.93
Gyro: -0.13, 4.26, -0.83
Accel: -0.33, 0.01, -0.92
Gyro: -2.14, 5.22, -0.04
Accel: -0.33, -0.00, -0.93
Gyro: -3.34, 5.81, -0.63
Accel: -0.32, -0.00, -0.92
Gyro: -3.33, 6.94, -1.23
Accel: -0.31, -0.02, -0.92
Gyro: -2.84, 6.80, -2.88
Accel: -0.29, -0.01, -0.91
Gyro: -3.44, 7.59, -4.79
Accel: -0.30, -0.01, -0.95
Gyro: -1.69, 8.26, -6.10
Accel: -0.30, -0.01, -0.98
Gyro: -0.70, 11.45, -7.19
Accel: -0.30, -0.04, -0.96
Gyro: -1.61, 15.18, -9.39
Accel: -0.28, -0.05, -0.93
Gyro: -3.76, 15.43, -12.43
Accel: -0.28, -0.03, -0.92
Gyro: -6.10, 14.78, -14.36
Accel: -0.25, -0.01, -0.91
Gyro: -6.68, 13.40, -15.05
Accel: -0.24, 0.01, -0.91
Gyro: -7.55, 11.18, -14.51
Accel: -0.23, 0.03, -0.92
Gyro: -8.28, 8.82, -11.82
Accel: -0.23, 0.05, -0.94
Gyro: -8.82, 7.09, -7.83
Accel: -0.23, 0.05, -0.96
Gyro: -8.22, 6.62, -4.50
Accel: -0.23, 0.04, -0.95
Gyro: -7.00, 6.97, -2.17
Accel: -0.21, 0.04, -0.95
Gyro: -6.15, 7.64, -0.96
Accel: -0.21, 0.03, -0.95
Gyro: -4.64, 7.29, -0.37
Accel: -0.21, 0.02, -0.94
Gyro: -3.36, 7.38, 0.11
Accel: -0.20, 0.03, -0.92
Gyro: -2.76, 5.83, 0.27
Accel: -0.20, 0.02, -0.93
Gyro: -2.04, 4.52, 0.31
Accel: -0.22, 0.02, -0.93
Gyro: -1.79, 3.43, 0.52
Accel: -0.23, 0.04, -0.94
Gyro: -1.24, 2.65, 1.08
Accel: -0.25, 0.03, -0.97
Gyro: -1.08, 4.57, 2.11
Accel: -0.25, 0.03, -0.95
Gyro: -0.63, 6.23, 2.74
Accel: -0.23, 0.03, -0.94
Gyro: -0.42, 6.42, 3.06
Accel: -0.22, 0.01, -0.92
Gyro: 0.21, 5.92, 3.32
Accel: -0.21, 0.01, -0.92
Gyro: 1.24, 3.61, 3.14
Accel: -0.21, -0.00, -0.92
Gyro: 0.11, 2.11, 2.38
Accel: -0.22, -0.01, -0.94
Gyro: -1.82, 1.37, 0.72
Accel: -0.22, 0.00, -0.93
Gyro: -2.19, 1.37, -0.65
Accel: -0.23, 0.02, -0.94
Gyro: -1.02, 1.86, -0.99
Accel: -0.21, 0.01, -0.92
Gyro: -0.73, 0.56, -0.98
Accel: -0.21, 0.01, -0.93
Gyro: -1.19, -0.49, -1.68
Accel: -0.21, 0.02, -0.94
Gyro: -1.55, -1.16, -2.01
Accel: -0.22, 0.02, -0.94
Gyro: -1.14, -1.50, -1.50
Accel: -0.21, 0.02, -0.94
Gyro: -0.75, -1.68, -0.78
Accel: -0.21, 0.01, -0.95
Gyro: -0.15, -1.58, -0.30
Accel: -0.21, 0.00, -0.96
Gyro: -0.74, -1.95, -0.51
Accel: -0.22, 0.00, -0.96
Gyro: -1.21, -0.95, -1.02
Accel: -0.21, 0.01, -0.97
Gyro: -1.02, -0.45, -0.90
Accel: -0.21, 0.00, -0.95
Gyro: -1.16, 0.15, -0.85
Accel: -0.21, -0.01, -0.96
Gyro: -1.54, 0.62, -0.85
Accel: -0.21, 0.00, -0.96
Gyro: -2.01, 1.31, -1.01
Accel: -0.20, 0.01, -0.96
Gyro: -1.22, 2.11, -1.21
Accel: -0.20, 0.01, -0.94
Gyro: -0.58, 1.85, -0.74
Accel: -0.19, -0.00, -0.95
Gyro: -1.63, 1.49, -0.86
Accel: -0.19, -0.00, -0.94
Gyro: -2.28, 0.53, -1.45
Accel: -0.20, 0.01, -0.94
Gyro: -2.80, -0.40, -1.70
Accel: -0.20, 0.01, -0.94
Gyro: -2.85, -0.47, -1.79
Accel: -0.20, 0.01, -0.94
Gyro: -2.94, -0.70, -1.86
Accel: -0.21, 0.01, -0.94
Gyro: -2.87, -0.46, -2.24
Accel: -0.20, 0.02, -0.93
Gyro: -2.52, -1.21, -2.46
Accel: -0.20, 0.02, -0.94
Gyro: -2.30, -1.69, -2.14
Accel: -0.21, 0.02, -0.94
Gyro: -2.00, -2.26, -1.90
Accel: -0.22, 0.02, -0.94
Gyro: -2.12, -2.61, -1.46
Accel: -0.21, 0.01, -0.94
Gyro: -2.23, -2.79, -1.53
