Accel: -0.26, 0.06, -0.93
Gyro: -2.81, 0.14, -3.07
Accel: -0.26, 0.06, -0.94
Gyro: -2.20, -0.22, -3.01
Accel: -0.27, 0.06, -0.94
Gyro: -1.87, -0.11, -2.23
Accel: -0.27, 0.06, -0.95
Gyro: -1.39, 0.31, -1.66
Accel: -0.27, 0.06, -0.94
Gyro: -1.37, 0.83, -0.88
Accel: -0.27, 0.06, -0.94
Gyro: -1.79, 1.38, -0.56
Accel: -0.26, 0.06, -0.94
Gyro: -1.26, 2.11, -0.29
Accel: -0.26, 0.05, -0.95
Gyro: -1.43, 2.49, -0.31
Accel: -0.25, 0.05, -0.94
Gyro: -2.00, 2.55, -1.13
Accel: -0.25, 0.05, -0.94
Gyro: -1.64, 2.91, -1.44
Accel: -0.24, 0.05, -0.94
Gyro: -0.35, 2.32, -1.23
Accel: -0.23, 0.04, -0.94
Gyro: -0.16, 1.98, -1.14
Accel: -0.23, 0.04, -0.93
Gyro: -1.05, 1.68, -1.36
Accel: -0.24, 0.05, -0.94
Gyro: -1.17, 1.82, -1.31
Accel: -0.23, 0.06, -0.94
Gyro: -0.91, 1.11, -0.93
Accel: -0.23, 0.05, -0.93
Gyro: -0.71, 1.08, -1.01
Accel: -0.23, 0.04, -0.94
Gyro: -1.37, 0.95, -0.95
Accel: -0.23, 0.04, -0.93
Gyro: -1.46, 0.28, -1.29
Accel: -0.23, 0.04, -0.94
Gyro: -1.72, -0.05, -1.69
Accel: -0.23, 0.05, -0.94
Gyro: -1.37, -0.82, -2.08
Accel: -0.23, 0.03, -0.94
Gyro: -1.37, -0.92, -2.24
Accel: -0.23, 0.04, -0.93
Gyro: -1.50, -1.18, -2.79
Accel: -0.24, 0.05, -0.95
Gyro: -1.31, -1.17, -2.83
Accel: -0.24, 0.05, -0.93
Gyro: -0.51, -1.24, -1.94
Accel: -0.24, 0.04, -0.93
Gyro: -1.13, -1.72, -1.74
Accel: -0.25, 0.04, -0.94
Gyro: -2.02, -1.58, -1.59
Accel: -0.25, 0.05, -0.94
Gyro: -2.27, -0.98, -1.37
Accel: -0.25, 0.05, -0.94
Gyro: -1.84, -0.67, -1.19
Accel: -0.25, 0.05, -0.94
Gyro: -1.23, 0.00, -1.14
Accel: -0.25, 0.03, -0.93
Gyro: -1.16, 0.14, -1.28
Accel: -0.25, 0.05, -0.94
Gyro: -1.16, -0.34, -1.19
Accel: -0.25, 0.05, -0.94
Gyro: -1.14, 0.26, -1.17
Accel: -0.24, 0.04, -0.94
Gyro: -1.19, 0.11, -0.89
Accel: -0.24, 0.04, -0.93
Gyro: -1.59, 0.63, -0.53
Accel: -0.24, 0.03, -0.93
Gyro: -2.50, 0.18, -0.98
Accel: -0.24, 0.03, -0.94
Gyro: -2.86, 0.24, -1.53
Accel: -0.24, 0.04, -0.94
Gyro: -2.79, 0.04, -1.94
Accel: -0.24, 0.04, -0.95
Gyro: -2.35, 0.03, -1.87
Accel: -0.24, 0.04, -0.94
Gyro: -2.66, 0.18, -1.86
Accel: -0.24, 0.05, -0.94
Gyro: -2.55, 0.17, -1.85
Accel: -0.24, 0.05, -0.94
Gyro: -2.67, 0.14, -2.20
Accel: -0.24, 0.05, -0.94
Gyro: -2.43, 0.38, -2.04
Accel: -0.24, 0.05, -0.94
Gyro: -2.33, 0.28, -1.73
Accel: -0.23, 0.05, -0.94
Gyro: -2.44, 0.31, -1.59
Accel: -0.24, 0.05, -0.93
Gyro: -2.31, 0.47, -1.37
Accel: -0.24, 0.05, -0.95
Gyro: -2.17, 0.73, -1.02
Accel: -0.23, 0.06, -0.94
Gyro: -1.47, 0.69, -0.52
Accel: -0.23, 0.05, -0.94
Gyro: -1.41, 0.95, 0.27
Accel: -0.23, 0.05, -0.94
Gyro: -1.24, 0.24, 0.65
Accel: -0.24, 0.05, -0.94
Gyro: -0.50, 0.53, 1.12
Accel: -0.23, 0.04, -0.94
Gyro: 0.33, 0.97, 1.06
Accel: -0.23, 0.02, -0.95
Gyro: 1.00, 2.34, 1.03
Accel: -0.23, 0.00, -0.95
Gyro: 1.11, 2.85, 0.30
Accel: -0.22, 0.00, -0.94
Gyro: -0.64, 4.07, -0.99
Accel: -0.20, -0.01, -0.94
Gyro: -1.98, 5.85, -3.03
Accel: -0.18, -0.00, -0.93
Gyro: -3.36, 6.03, -5.94
Accel: -0.17, 0.02, -0.90
Gyro: -4.15, 3.78, -8.61
Accel: -0.18, 0.03, -0.90
Gyro: -5.23, -0.43, -10.95
Accel: -0.18, 0.05, -0.91
Gyro: -6.00, -4.01, -12.63
Accel: -0.20, 0.07, -0.90
Gyro: -5.51, -7.99, -12.84
Accel: -0.23, 0.09, -0.93
Gyro: -4.86, -9.71, -11.85
Accel: -0.24, 0.08, -0.95
Gyro: -5.79, -8.96, -11.99
Accel: -0.25, 0.09, -0.97
Gyro: -0.97, -7.70, -10.39
Accel: -0.25, 0.09, -0.94
Gyro: 1.15, -6.42, -8.68
Accel: -0.24, 0.08, -0.95
Gyro: 2.82, -6.51, -7.28
Accel: -0.26, 0.06, -0.95
Gyro: 2.99, -5.48, -6.25
Accel: -0.27, 0.06, -0.97
Gyro: 3.59, -3.87, -5.74
Accel: -0.27, 0.06, -0.99
Gyro: 3.99, -0.77, -5.05
Accel: -0.27, 0.04, -0.97
Gyro: 3.75, 3.70, -4.84
Accel: -0.25, 0.04, -0.95
Gyro: 3.81, 4.84, -5.39
Accel: -0.25, 0.05, -0.96
Gyro: 4.14, 6.85, -5.14
Accel: -0.24, 0.05, -0.92
Gyro: 5.41, 6.71, -3.70
Accel: -0.23, 0.05, -0.92
Gyro: 6.69, 5.34, -2.37
Accel: -0.23, 0.03, -0.91
Gyro: 7.50, 2.67, -1.32
Accel: -0.22, 0.01, -0.93
Gyro: 7.58, 1.82, -1.07
Accel: -0.23, 0.02, -0.93
Gyro: 8.05, 0.90, -1.43
Accel: -0.21, 0.00, -0.92
Gyro: 7.52, 0.05, -1.88
Accel: -0.21, 0.02, -0.92
Gyro: 7.50, -2.62, -2.66
Accel: -0.22, 0.04, -0.90
Gyro: 8.61, -4.63, -1.01
Accel: -0.23, 0.01, -0.92
Gyro: 8.79, -5.94, -0.26
Accel: -0.25, -0.01, -0.98
Gyro: 11.22, -8.09, 1.29
Accel: -0.37, -0.07, -1.20
Gyro: 9.74, 3.94, 0.16
Accel: -0.42, -0.06, -1.30
Gyro: 1.54, 32.30, -0.99
Accel: -0.34, -0.03, -1.06
Gyro: -1.30, 49.36, -2.24
Accel: -0.36, 0.04, -1.23
Gyro: 8.97, 58.68, -2.17
Accel: -0.51, 0.06, -1.60
Gyro: 16.17, 100.17, 0.68
Accel: -0.36, 0.04, -1.14
Gyro: 7.00, 138.59, 2.94
Accel: -0.20, 0.06, -0.90
Gyro: 29.36, 135.03, 4.83
Accel: -0.19, 0.06, -1.06
Gyro: 33.85, 141.56, 6.52
Accel: -0.16, 0.01, -1.09
Gyro: 37.09, 154.83, 6.45
Accel: -0.01, -0.02, -0.83
Gyro: 29.90, 160.96, 6.24
Accel: 0.19, -0.01, -0.37
Gyro: 31.76, 127.98, 10.13
Accel: 0.20, -0.11, -0.67
Gyro: 33.55, 100.84, 12.99
Accel: 0.31, -0.18, -0.54
Gyro: 22.14, 80.34, 9.15
Accel: 0.40, -0.18, -0.55
Gyro: 15.57, 46.88, 6.77
Accel: 0.41, -0.21, -0.61
Gyro: 9.75, 21.21, 3.33
Accel: 0.38, -0.21, -0.75
Gyro: 4.20, 7.48, 0.31
Accel: 0.35, -0.18, -0.81
Gyro: 0.13, 2.23, -1.21
Accel: 0.36, -0.16, -0.74
Gyro: -0.50, -8.51, -2.01
Accel: 0.33, -0.16, -0.80
Gyro: -5.02, -18.14, -1.46
Accel: 0.33, -0.14, -0.77
Gyro: -6.41, -30.51, -0.98
Accel: 0.32, -0.13, -0.76
Gyro: -9.51, -42.92, 0.56
Accel: 0.35, -0.16, -0.59
Gyro: -12.78, -68.15, 0.08
Accel: 0.31, -0.18, -0.53
Gyro: -18.04, -100.89, -1.81
Accel: 0.21, -0.17, -0.59
Gyro: -24.82, -132.32, -4.03
Accel: 0.01, -0.19, -0.91
Gyro: -32.85, -140.01, -8.60
Accel: -0.03, -0.14, -0.96
Gyro: -39.79, -130.29, -16.41
Accel: -0.04, -0.07, -0.84
Gyro: -37.30, -132.15, -18.58
Accel: -0.12, -0.03, -0.97
Gyro: -36.65, -133.90, -18.83
Accel: -0.19, -0.01, -1.11
Gyro: -31.83, -121.59, -16.46
Accel: -0.33, 0.00, -1.38
Gyro: -31.12, -96.05, -14.02
Accel: -0.38, -0.02, -1.34
Gyro: -23.03, -62.05, -13.21
Accel: -0.32, -0.03, -1.12
Gyro: -14.67, -40.70, -14.76
Accel: -0.31, 0.06, -1.03
Gyro: -21.48, -30.04, -12.73
Accel: -0.29, 0.11, -1.01
Gyro: -11.56, -26.07, -5.71
Accel: -0.30, 0.10, -1.03
Gyro: -11.56, -19.28, 3.76
Accel: -0.34, 0.03, -1.12
Gyro: -19.05, -10.18, 6.39
Accel: -0.31, -0.01, -1.03
Gyro: -17.56, 1.49, 6.76
Accel: -0.32, -0.01, -1.00
Gyro: -17.74, 5.78, 2.42
Accel: -0.28, 0.07, -0.96
Gyro: -16.19, 6.20, 2.14
Accel: -0.23, 0.09, -0.92
Gyro: -11.02, 6.58, 3.21
Accel: -0.22, 0.05, -0.93
Gyro: -4.26, 4.43, 3.87
Accel: -0.21, 0.03, -0.93
Gyro: -2.82, 4.33, 1.50
Accel: -0.21, 0.06, -0.94
Gyro: 0.94, 2.49, 0.31
Accel: -0.21, 0.06, -0.99
Gyro: 2.82, 2.93, 1.95
Accel: -0.21, 0.02, -1.02
Gyro: 3.61, 6.90, 5.06
Accel: -0.18, 0.01, -0.93
Gyro: 3.04, 9.52, 5.42
Accel: -0.19, 0.11, -0.94
Gyro: 0.79, 6.71, 11.07
Accel: -0.17, 0.10, -0.85
Gyro: 0.18, 2.82, 21.66
Accel: -0.17, 0.03, -0.88
Gyro: 1.50, -1.94, 26.73
Accel: -0.18, -0.03, -0.93
Gyro: 0.62, -3.56, 21.52
Accel: -0.17, -0.01, -0.97
Gyro: 3.30, -2.89, 14.42
Accel: -0.16, -0.00, -0.89
Gyro: 3.17, -3.88, 7.99
Accel: -0.18, -0.02, -0.94
Gyro: 5.87, -9.05, 3.69
Accel: -0.21, -0.08, -0.98
Gyro: 3.10, -7.93, -0.50
Accel: -0.23, -0.12, -0.98
Gyro: -1.85, -6.42, -6.70
Accel: -0.23, -0.07, -1.02
Gyro: -5.09, -2.40, -11.79
Accel: -0.22, -0.00, -0.96
Gyro: -8.48, 1.19, -12.25
Accel: -0.20, 0.07, -0.89
Gyro: -5.07, -1.06, -8.96
Accel: -0.23, 0.06, -0.91
Gyro: -3.76, -5.04, -2.70
Accel: -0.23, 0.01, -0.99
Gyro: -4.53, -3.53, -1.08
Accel: -0.22, 0.02, -0.99
Gyro: -7.03, 2.33, -3.24
Accel: -0.20, 0.04, -0.93
Gyro: -5.14, 3.62, -3.84
Accel: -0.20, 0.06, -0.90
Gyro: -5.13, 0.50, -3.40
Accel: -0.21, 0.07, -0.93
Gyro: -3.60, -3.30, -1.77
Accel: -0.23, 0.05, -0.97
Gyro: -2.66, -1.83, -0.37
Accel: -0.22, 0.04, -0.98
Gyro: -2.67, -0.14, -0.99
Accel: -0.22, 0.04, -0.96
Gyro: -3.35, 2.80, -1.51
Accel: -0.22, 0.05, -0.92
Gyro: -1.95, 2.63, -1.08
Accel: -0.21, 0.06, -0.96
Gyro: -2.50, 1.59, 0.53
Accel: -0.23, 0.04, -0.97
Gyro: -3.25, 3.63, 1.47
