Accel: -0.21, 0.04, -0.95
Gyro: -1.94, 0.49, 0.31
Accel: -0.21, 0.04, -0.95
Gyro: -1.12, 0.11, -0.08
Accel: -0.20, 0.03, -0.95
Gyro: -1.63, -0.14, -0.54
Accel: -0.21, 0.04, -0.94
Gyro: -3.14, 0.37, -1.65
Accel: -0.21, 0.05, -0.95
Gyro: -2.89, 0.09, -1.93
Accel: -0.21, 0.06, -0.93
Gyro: -2.36, -0.56, -2.37
Accel: -0.21, 0.06, -0.95
Gyro: -0.74, -0.03, -1.79
Accel: -0.21, 0.05, -0.96
Gyro: -0.34, 0.71, -0.50
Accel: -0.21, 0.03, -0.95
Gyro: -2.99, 0.37, 0.49
Accel: -0.21, 0.05, -0.94
Gyro: -4.29, -0.85, 0.11
Accel: -0.22, 0.06, -0.96
Gyro: -3.76, -1.30, 0.09
Accel: -0.26, 0.05, -1.00
Gyro: -2.27, 2.42, -1.11
Accel: -0.28, 0.05, -1.02
Gyro: 0.02, 10.80, -1.47
Accel: -0.28, 0.05, -1.04
Gyro: 1.82, 22.63, -1.75
Accel: -0.27, 0.04, -1.05
Gyro: 1.17, 36.10, -2.60
Accel: -0.22, 0.04, -0.97
Gyro: 2.02, 44.53, -3.61
Accel: -0.19, 0.05, -1.00
Gyro: 3.28, 46.69, -5.32
Accel: -0.19, 0.09, -1.06
Gyro: -0.40, 60.53, -2.04
Accel: -0.12, 0.06, -0.95
Gyro: 5.72, 65.88, 1.88
Accel: -0.10, 0.06, -0.99
Gyro: 6.29, 70.21, 2.34
Accel: -0.05, 0.05, -0.94
Gyro: 5.70, 76.13, 4.18
Accel: 0.01, 0.02, -0.95
Gyro: 9.14, 77.41, 4.71
Accel: 0.04, 0.02, -0.96
Gyro: 7.35, 79.48, 4.85
Accel: 0.10, 0.00, -0.93
Gyro: 6.70, 78.75, 4.76
Accel: 0.16, -0.00, -0.90
Gyro: 5.78, 75.15, 3.74
Accel: 0.20, -0.01, -0.91
Gyro: 5.33, 68.98, 2.60
Accel: 0.24, -0.02, -0.89
Gyro: 3.16, 63.23, 0.84
Accel: 0.27, 0.01, -0.88
Gyro: 1.37, 58.97, -0.08
Accel: 0.29, 0.03, -0.86
Gyro: 5.53, 54.18, 1.15
Accel: 0.30, -0.01, -0.91
Gyro: 8.49, 52.25, 1.49
Accel: 0.33, -0.02, -0.94
Gyro: 6.28, 56.65, 0.80
Accel: 0.38, -0.03, -0.89
Gyro: 6.12, 59.90, 1.75
Accel: 0.43, -0.05, -0.84
Gyro: 1.72, 59.17, 3.21
Accel: 0.42, -0.04, -0.85
Gyro: -9.10, 53.32, 4.80
Accel: 0.48, -0.04, -0.83
Gyro: -7.59, 48.94, 1.91
Accel: 0.53, -0.03, -0.81
Gyro: -8.55, 47.91, 3.11
Accel: 0.57, -0.02, -0.75
Gyro: -7.84, 39.56, 2.25
Accel: 0.56, -0.01, -0.77
Gyro: -4.87, 28.12, 0.55
Accel: 0.58, -0.00, -0.77
Gyro: -1.34, 20.52, -1.79
Accel: 0.60, -0.02, -0.77
Gyro: 0.02, 16.03, -2.54
Accel: 0.61, -0.02, -0.79
Gyro: -1.51, 13.75, -1.52
Accel: 0.62, -0.01, -0.76
Gyro: -2.31, 8.46, -0.41
Accel: 0.62, -0.01, -0.75
Gyro: -2.18, 1.46, 0.67
Accel: 0.61, -0.02, -0.77
Gyro: -1.43, -2.74, 1.73
Accel: 0.60, -0.03, -0.78
Gyro: -1.22, -5.04, 1.43
Accel: 0.58, -0.04, -0.78
Gyro: -2.68, -6.84, 0.52
Accel: 0.57, -0.04, -0.81
Gyro: -3.78, -8.45, -1.40
Accel: 0.58, -0.04, -0.79
Gyro: -4.65, -8.29, -2.53
Accel: 0.59, -0.06, -0.77
Gyro: -6.23, -12.28, -3.89
Accel: 0.61, -0.05, -0.76
Gyro: -10.50, -17.64, -6.17
Accel: 0.62, -0.04, -0.74
Gyro: -12.98, -27.26, -8.19
Accel: 0.60, 0.02, -0.74
Gyro: -12.32, -38.72, -8.25
Accel: 0.60, 0.02, -0.76
Gyro: -10.40, -48.78, -4.91
Accel: 0.53, -0.02, -0.79
Gyro: -14.06, -58.32, -6.48
Accel: 0.54, -0.00, -0.79
Gyro: -12.27, -66.52, -9.55
Accel: 0.47, 0.01, -0.80
Gyro: -10.70, -74.61, -12.68
Accel: 0.41, 0.03, -0.85
Gyro: -9.15, -80.04, -13.91
Accel: 0.35, 0.05, -0.88
Gyro: -8.09, -81.44, -13.47
Accel: 0.28, 0.06, -0.90
Gyro: -5.63, -81.73, -11.80
Accel: 0.21, 0.06, -0.94
Gyro: -3.73, -81.07, -10.47
Accel: 0.16, 0.01, -0.94
Gyro: -2.45, -79.90, -10.68
Accel: 0.11, 0.03, -0.98
Gyro: -4.74, -76.35, -12.60
Accel: 0.08, 0.04, -0.93
Gyro: -5.33, -72.64, -13.51
Accel: 0.06, 0.05, -0.94
Gyro: -4.94, -74.19, -13.31
Accel: 0.02, 0.05, -0.95
Gyro: -7.26, -75.64, -12.19
Accel: -0.03, 0.06, -0.96
Gyro: -10.25, -74.70, -10.38
Accel: -0.09, 0.07, -0.98
Gyro: -10.75, -71.65, -8.17
Accel: -0.12, 0.06, -0.98
Gyro: -12.15, -65.70, -7.31
Accel: -0.14, 0.09, -0.97
Gyro: -10.63, -60.78, -6.09
Accel: -0.17, 0.10, -0.96
Gyro: -8.30, -56.83, -4.92
Accel: -0.22, 0.11, -0.99
Gyro: -5.79, -50.64, -3.65
Accel: -0.26, 0.11, -1.00
Gyro: -3.91, -42.83, -1.58
Accel: -0.27, 0.10, -0.99
Gyro: -1.78, -35.22, 0.02
Accel: -0.27, 0.09, -0.98
Gyro: -1.16, -28.53, 0.65
Accel: -0.28, 0.09, -0.94
Gyro: -0.01, -25.29, 0.79
Accel: -0.31, 0.09, -1.01
Gyro: 0.78, -20.60, 1.59
Accel: -0.32, 0.09, -1.02
Gyro: -0.07, -11.63, 1.85
Accel: -0.30, 0.08, -0.99
Gyro: 1.79, -2.98, 1.50
Accel: -0.28, 0.07, -0.95
Gyro: 3.15, 1.26, 1.11
Accel: -0.27, 0.06, -0.93
Gyro: 1.55, 2.40, 0.00
Accel: -0.26, 0.07, -0.93
Gyro: -0.31, 2.24, 0.03
Accel: -0.25, 0.07, -0.93
Gyro: -1.56, 1.72, 0.11
Accel: -0.25, 0.07, -0.93
Gyro: -1.14, 1.22, 0.41
Accel: -0.25, 0.08, -0.94
Gyro: -0.56, 1.38, 0.56
Accel: -0.25, 0.07, -0.95
Gyro: -0.96, 1.76, 1.51
Accel: -0.25, 0.07, -0.94
Gyro: -1.53, 2.26, 2.05
Accel: -0.25, 0.07, -0.94
Gyro: -1.62, 2.39, 1.93
Accel: -0.24, 0.08, -0.94
Gyro: -0.39, 3.23, 1.71
Accel: -0.24, 0.06, -0.93
Gyro: 0.14, 3.66, 1.46
Accel: -0.24, 0.07, -0.94
Gyro: -0.34, 2.96, 1.11
Accel: -0.23, 0.07, -0.94
Gyro: -0.67, 2.84, 0.53
Accel: -0.23, 0.06, -0.93
Gyro: -0.44, 1.85, 0.00
Accel: -0.22, 0.06, -0.93
Gyro: -0.65, 0.57, -0.27
Accel: -0.22, 0.06, -0.94
Gyro: -1.79, -0.21, -0.69
Accel: -0.22, 0.07, -0.94
Gyro: -2.69, -0.42, -1.42
Accel: -0.23, 0.07, -0.94
Gyro: -2.05, -1.01, -1.17
Accel: -0.22, 0.07, -0.93
Gyro: -2.15, -1.40, -1.36
Accel: -0.22, 0.07, -0.93
Gyro: -1.82, -1.78, -0.73
Accel: -0.23, 0.07, -0.93
Gyro: -1.78, -3.22, -0.59
Accel: -0.25, 0.07, -0.96
Gyro: -1.90, -2.98, -0.56
Accel: -0.25, 0.07, -0.96
Gyro: -2.12, -0.05, -0.56
