Accel: -0.25, 0.10, -0.92
Gyro: -2.48, 1.05, -0.88
Accel: -0.25, 0.09, -0.94
Gyro: -2.47, 0.12, -0.69
Accel: -0.25, 0.09, -0.92
Gyro: -2.68, 0.60, -1.01
Accel: -0.25, 0.09, -0.93
Gyro: -2.69, 0.02, -1.14
Accel: -0.25, 0.10, -0.93
Gyro: -2.28, -1.03, -1.63
Accel: -0.25, 0.09, -0.94
Gyro: -3.73, -0.49, -2.05
Accel: -0.26, 0.11, -0.93
Gyro: -2.88, -0.34, -2.06
Accel: -0.26, 0.10, -0.93
Gyro: -1.64, -0.80, -1.21
Accel: -0.26, 0.10, -0.94
Gyro: -2.03, -0.38, -1.08
Accel: -0.25, 0.11, -0.94
Gyro: -1.80, -0.47, -0.63
Accel: -0.25, 0.10, -0.94
Gyro: -0.94, -1.25, -0.25
Accel: -0.26, 0.09, -0.95
Gyro: -1.62, -0.89, -0.27
Accel: -0.26, 0.10, -0.94
Gyro: -1.21, -0.08, -0.50
Accel: -0.26, 0.10, -0.93
Gyro: -1.26, 0.08, -0.47
Accel: -0.26, 0.10, -0.94
Gyro: -1.44, 0.17, -0.61
Accel: -0.28, 0.10, -0.95
Gyro: -1.34, 1.44, -0.86
Accel: -0.32, 0.08, -0.97
Gyro: -1.21, 5.24, -0.34
Accel: -0.32, 0.09, -1.00
Gyro: -3.23, 14.36, 0.17
Accel: -0.30, 0.08, -0.99
Gyro: -3.00, 22.12, -0.70
Accel: -0.28, 0.09, -1.00
Gyro: -2.88, 29.07, -1.07
Accel: -0.28, 0.10, -1.00
Gyro: -2.78, 35.40, -1.52
Accel: -0.31, 0.12, -1.07
Gyro: -2.38, 48.35, 0.48
Accel: -0.28, 0.13, -1.01
Gyro: -0.47, 63.15, 2.38
Accel: -0.21, 0.11, -0.99
Gyro: 2.95, 72.74, 3.09
Accel: -0.16, 0.11, -0.98
Gyro: 2.94, 81.65, 3.14
Accel: -0.12, 0.11, -0.96
Gyro: 5.36, 88.50, 3.72
Accel: -0.07, 0.09, -0.98
Gyro: 7.96, 94.16, 4.47
Accel: -0.02, 0.07, -0.97
Gyro: 6.56, 100.23, 4.72
Accel: 0.05, 0.06, -0.94
Gyro: 4.85, 104.36, 4.26
Accel: 0.12, 0.07, -0.91
Gyro: 4.97, 104.31, 3.68
Accel: 0.20, 0.08, -0.88
Gyro: 4.36, 101.25, 4.21
Accel: 0.26, 0.07, -0.87
Gyro: 5.06, 97.36, 6.12
Accel: 0.31, 0.06, -0.86
Gyro: 3.43, 94.93, 8.84
Accel: 0.37, 0.03, -0.85
Gyro: 0.44, 92.45, 11.44
Accel: 0.42, 0.03, -0.80
Gyro: -4.57, 89.44, 11.88
Accel: 0.44, 0.04, -0.74
Gyro: -18.89, 86.21, 14.60
Accel: 0.55, 0.04, -0.73
Gyro: -8.41, 68.90, 7.04
Accel: 0.62, 0.05, -0.75
Gyro: -10.19, 62.61, 9.46
Accel: 0.66, 0.07, -0.76
Gyro: -8.87, 51.09, 9.62
Accel: 0.70, 0.04, -0.69
Gyro: 0.25, 39.06, 8.03
Accel: 0.68, 0.07, -0.74
Gyro: 0.35, 26.41, 3.73
Accel: 0.69, 0.07, -0.69
Gyro: 0.65, 17.34, 2.84
Accel: 0.67, 0.09, -0.72
Gyro: 3.22, 13.80, 5.43
Accel: 0.68, 0.04, -0.69
Gyro: 3.92, 7.74, 6.14
Accel: 0.69, -0.01, -0.71
Gyro: 3.43, 1.89, 6.55
Accel: 0.69, -0.03, -0.69
Gyro: -2.43, -3.89, 4.33
Accel: 0.71, -0.03, -0.69
Gyro: -4.09, -12.33, 1.61
Accel: 0.73, -0.02, -0.67
Gyro: -8.93, -23.12, -2.72
Accel: 0.73, 0.01, -0.66
Gyro: -6.59, -35.79, -6.65
Accel: 0.73, 0.03, -0.65
Gyro: -7.69, -51.18, -8.93
Accel: 0.68, 0.03, -0.64
Gyro: -6.04, -69.41, -9.46
Accel: 0.64, 0.02, -0.74
Gyro: -5.21, -82.03, -9.80
Accel: 0.52, 0.01, -0.77
Gyro: -7.51, -95.87, -12.96
Accel: 0.49, 0.03, -0.73
Gyro: -9.90, -105.06, -19.05
Accel: 0.41, 0.06, -0.79
Gyro: -10.35, -114.32, -20.84
Accel: 0.33, 0.14, -0.75
Gyro: -0.11, -129.75, -22.85
Accel: 0.17, 0.05, -0.90
Gyro: 18.23, -137.41, -23.35
Accel: 0.06, 0.03, -0.99
Gyro: 3.50, -126.26, -31.11
Accel: -0.03, 0.12, -0.99
Gyro: 6.74, -115.55, -28.36
Accel: -0.11, 0.12, -1.03
Gyro: 6.82, -98.71, -15.38
Accel: -0.13, 0.08, -1.00
Gyro: -2.30, -83.46, -2.28
Accel: -0.15, 0.04, -1.02
Gyro: -7.22, -72.18, 3.07
Accel: -0.16, 0.03, -1.02
Gyro: -12.06, -62.04, 1.99
Accel: -0.17, 0.02, -0.99
Gyro: -13.78, -55.24, -1.95
Accel: -0.18, 0.07, -0.98
Gyro: -14.30, -49.96, -5.03
Accel: -0.19, 0.11, -0.97
Gyro: -11.68, -45.37, -4.00
Accel: -0.22, 0.09, -0.97
Gyro: -7.36, -40.07, 0.54
Accel: -0.22, 0.06, -0.97
Gyro: -13.19, -33.94, 2.43
Accel: -0.23, 0.09, -0.95
Gyro: -19.14, -33.65, 1.10
Accel: -0.25, 0.11, -0.97
Gyro: -17.20, -31.98, -0.93
Accel: -0.27, 0.15, -0.98
Gyro: -12.23, -25.63, -2.74
Accel: -0.28, 0.17, -0.97
Gyro: -4.75, -18.41, -0.92
Accel: -0.28, 0.15, -0.94
Gyro: 0.38, -15.34, 0.37
Accel: -0.29, 0.14, -0.93
Gyro: 1.98, -14.55, 1.01
Accel: -0.31, 0.11, -0.97
Gyro: 1.05, -12.12, 1.62
Accel: -0.31, 0.10, -0.96
Gyro: -0.43, -7.80, 1.03
Accel: -0.30, 0.10, -0.93
Gyro: 0.89, -5.87, -0.56
Accel: -0.31, 0.10, -0.93
Gyro: 1.16, -4.72, -1.50
Accel: -0.30, 0.11, -0.95
Gyro: 0.68, -2.34, -2.00
Accel: -0.31, 0.10, -0.95
Gyro: 0.05, 1.41, -1.11
Accel: -0.28, 0.11, -0.92
Gyro: 0.80, 2.91, -0.66
Accel: -0.28, 0.10, -0.91
Gyro: 0.53, 2.21, -0.66
Accel: -0.29, 0.10, -0.94
Gyro: -1.30, 2.51, -0.57
Accel: -0.28, 0.10, -0.93
Gyro: -2.08, 3.29, -0.55
Accel: -0.27, 0.09, -0.92
Gyro: -0.85, 1.89, -0.73
Accel: -0.27, 0.09, -0.92
Gyro: -1.47, 0.42, -1.46
Accel: -0.27, 0.09, -0.95
Gyro: -2.02, 0.59, -2.07
Accel: -0.27, 0.11, -0.93
Gyro: -2.37, 1.75, -2.08
Accel: -0.27, 0.10, -0.92
Gyro: -1.40, 1.60, -1.88
Accel: -0.27, 0.09, -0.92
Gyro: -1.06, 1.49, -1.71
Accel: -0.27, 0.10, -0.93
Gyro: -1.82, 1.59, -1.90
Accel: -0.26, 0.09, -0.93
Gyro: -2.15, 1.91, -1.24
Accel: -0.26, 0.10, -0.92
Gyro: -1.17, 0.99, -1.40
Accel: -0.26, 0.10, -0.92
Gyro: -1.42, 0.33, -1.20
Accel: -0.25, 0.10, -0.92
Gyro: -2.25, -0.66, -1.53
Accel: -0.27, 0.11, -0.93
Gyro: -0.90, -2.98, -1.47
Accel: -0.29, 0.10, -0.97
Gyro: -1.24, -2.31, -1.31
Accel: -0.28, 0.09, -0.97
Gyro: -3.07, 2.58, -1.28
Accel: -0.26, 0.09, -0.93
Gyro: -2.84, 4.37, -1.64
Accel: -0.25, 0.10, -0.90
Gyro: -2.95, 2.76, -2.23
Accel: -0.26, 0.11, -0.94
Gyro: -3.08, 0.73, -2.31
