Accel: -0.21, 0.06, -0.96
Gyro: -2.79, 1.90, -1.96
Accel: -0.21, 0.07, -0.94
Gyro: -3.01, 2.24, -2.95
Accel: -0.20, 0.06, -0.94
Gyro: -1.63, 1.37, -2.45
Accel: -0.22, 0.07, -0.96
Gyro: -2.02, 1.17, -1.12
Accel: -0.22, 0.08, -0.97
Gyro: -2.95, 3.56, 0.10
Accel: -0.22, 0.07, -0.97
Gyro: -0.96, 5.95, 0.27
Accel: -0.21, 0.07, -0.97
Gyro: 0.31, 7.52, -0.25
Accel: -0.21, 0.05, -0.95
Gyro: 0.79, 8.79, -0.67
Accel: -0.20, 0.05, -0.97
Gyro: -1.01, 9.20, -1.50
Accel: -0.22, 0.07, -0.98
Gyro: -1.95, 10.73, -1.89
Accel: -0.28, 0.08, -1.09
Gyro: -1.64, 23.92, -0.37
Accel: -0.26, 0.08, -1.06
Gyro: -0.11, 42.04, 0.92
Accel: -0.27, 0.08, -1.15
Gyro: 2.30, 58.75, -0.07
Accel: -0.21, 0.10, -1.00
Gyro: -0.11, 79.63, 3.16
Accel: -0.11, 0.07, -0.95
Gyro: 6.92, 81.63, 4.09
Accel: -0.06, 0.06, -0.95
Gyro: 5.89, 83.65, 4.45
Accel: 0.01, 0.04, -0.89
Gyro: 5.29, 81.56, 4.06
Accel: 0.05, 0.04, -0.92
Gyro: 8.92, 76.48, 1.91
Accel: 0.11, 0.01, -0.90
Gyro: 10.59, 72.24, 1.14
Accel: 0.16, -0.01, -0.90
Gyro: 10.79, 66.46, 0.32
Accel: 0.20, -0.01, -0.92
Gyro: 5.96, 62.22, -0.40
Accel: 0.21, -0.00, -0.97
Gyro: -0.37, 64.01, -1.17
Accel: 0.25, 0.02, -0.94
Gyro: -4.25, 67.83, -0.69
Accel: 0.30, 0.03, -0.88
Gyro: -1.37, 66.31, 1.80
Accel: 0.34, 0.02, -0.88
Gyro: -1.36, 61.93, 3.49
Accel: 0.38, 0.02, -0.86
Gyro: -4.71, 57.04, 3.91
Accel: 0.40, 0.03, -0.86
Gyro: -6.29, 52.99, 4.96
Accel: 0.51, 0.02, -0.82
Gyro: -5.01, 47.29, 2.04
Accel: 0.49, 0.03, -0.81
Gyro: -12.12, 46.81, 6.28
Accel: 0.50, 0.02, -0.84
Gyro: -7.93, 44.31, 5.08
Accel: 0.52, 0.04, -0.81
Gyro: -8.21, 38.34, 3.74
Accel: 0.50, 0.04, -0.83
Gyro: -5.08, 32.94, 3.25
Accel: 0.53, 0.05, -0.80
Gyro: -2.40, 31.31, 0.76
Accel: 0.55, 0.03, -0.78
Gyro: -3.07, 30.02, 1.24
Accel: 0.59, 0.03, -0.76
Gyro: -2.99, 26.26, 1.42
Accel: 0.61, 0.02, -0.75
Gyro: -2.86, 17.57, 1.27
Accel: 0.61, 0.04, -0.76
Gyro: -3.26, 12.04, 1.71
Accel: 0.61, 0.02, -0.79
Gyro: -1.78, 8.41, 2.08
Accel: 0.61, 0.01, -0.76
Gyro: -1.94, 5.30, 1.59
Accel: 0.60, 0.01, -0.77
Gyro: -3.07, 1.59, -0.22
Accel: 0.61, 0.00, -0.76
Gyro: -3.61, -0.63, -1.46
Accel: 0.63, -0.00, -0.75
Gyro: -4.68, -5.56, -3.06
Accel: 0.64, 0.00, -0.73
Gyro: -7.42, -11.77, -4.32
Accel: 0.67, 0.01, -0.71
Gyro: -7.39, -22.99, -7.10
Accel: 0.68, 0.04, -0.71
Gyro: -6.26, -36.85, -10.31
Accel: 0.64, 0.04, -0.73
Gyro: -6.94, -50.78, -10.87
Accel: 0.57, 0.04, -0.75
Gyro: -8.89, -61.65, -10.25
Accel: 0.54, 0.05, -0.78
Gyro: -9.01, -64.85, -9.32
Accel: 0.46, 0.03, -0.83
Gyro: -1.37, -73.10, -12.79
Accel: 0.42, 0.06, -0.85
Gyro: -6.62, -73.54, -12.78
Accel: 0.37, 0.07, -0.84
Gyro: -5.59, -75.53, -11.34
Accel: 0.32, 0.05, -0.88
Gyro: -4.52, -82.03, -13.73
Accel: 0.25, 0.07, -0.93
Gyro: -8.40, -80.93, -14.35
Accel: 0.22, 0.08, -0.92
Gyro: -8.04, -79.47, -13.72
Accel: 0.17, 0.10, -0.92
Gyro: -6.99, -79.45, -12.09
Accel: 0.12, 0.11, -0.94
Gyro: -6.30, -76.97, -11.05
Accel: 0.08, 0.13, -0.95
Gyro: -2.83, -76.74, -10.16
Accel: 0.06, 0.16, -0.87
Gyro: 6.89, -81.44, -8.20
Accel: 0.00, 0.11, -0.95
Gyro: 11.57, -84.28, -4.62
Accel: -0.06, 0.10, -1.00
Gyro: 6.52, -79.86, -1.82
Accel: -0.10, 0.06, -0.93
Gyro: 4.89, -77.61, 1.17
Accel: -0.17, 0.04, -1.01
Gyro: 1.05, -72.17, 3.23
Accel: -0.21, 0.06, -1.02
Gyro: -7.97, -60.83, 3.68
Accel: -0.22, 0.05, -0.99
Gyro: -7.31, -51.10, 4.49
Accel: -0.24, 0.04, -0.96
Gyro: -5.58, -45.68, 2.36
Accel: -0.27, 0.04, -0.99
Gyro: -6.74, -39.97, -1.03
Accel: -0.30, 0.06, -1.04
Gyro: -8.77, -30.48, -4.37
Accel: -0.30, 0.08, -1.00
Gyro: -8.32, -20.11, -6.28
Accel: -0.31, 0.08, -0.99
Gyro: -5.76, -13.00, -7.70
Accel: -0.32, 0.09, -1.01
Gyro: -7.27, -1.75, -6.71
Accel: -0.28, 0.09, -0.95
Gyro: -5.42, 3.45, -6.63
Accel: -0.27, 0.10, -0.93
Gyro: -3.75, 2.82, -6.80
Accel: -0.26, 0.11, -0.94
Gyro: -4.01, 2.47, -6.48
Accel: -0.25, 0.11, -0.95
Gyro: -1.77, 2.87, -4.78
Accel: -0.25, 0.11, -0.97
Gyro: -1.63, 6.29, -2.70
Accel: -0.24, 0.11, -0.94
Gyro: 0.46, 7.43, -0.88
Accel: -0.23, 0.11, -0.92
Gyro: 1.40, 6.86, 0.10
Accel: -0.22, 0.10, -0.92
Gyro: 1.97, 4.75, 1.11
Accel: -0.22, 0.09, -0.92
Gyro: 1.60, 3.01, 1.99
Accel: -0.22, 0.08, -0.93
Gyro: 0.92, 1.40, 2.33
Accel: -0.23, 0.07, -0.94
Gyro: -0.22, 0.89, 2.86
Accel: -0.23, 0.08, -0.95
Gyro: -0.89, 0.63, 2.82
Accel: -0.23, 0.07, -0.95
Gyro: -1.95, 1.39, 2.04
Accel: -0.22, 0.07, -0.94
Gyro: -1.74, 2.67, 1.06
Accel: -0.21, 0.07, -0.94
Gyro: -1.85, 2.71, -0.32
Accel: -0.21, 0.07, -0.94
Gyro: -2.14, 2.10, -1.82
Accel: -0.21, 0.08, -0.95
Gyro: -1.66, 1.65, -2.27
Accel: -0.21, 0.09, -0.95
Gyro: -1.52, 1.34, -2.15
Accel: -0.21, 0.08, -0.94
Gyro: -1.34, 0.57, -1.60
Accel: -0.21, 0.08, -0.96
Gyro: -1.57, 0.53, -0.99
Accel: -0.21, 0.08, -0.96
Gyro: -2.38, 1.75, -0.56
Accel: -0.21, 0.08, -0.95
Gyro: -2.12, 1.94, -0.88
Accel: -0.21, 0.07, -0.95
Gyro: -1.89, 1.58, -1.59
Accel: -0.21, 0.08, -0.95
Gyro: -1.79, 2.39, -1.59
Accel: -0.21, 0.09, -0.94
Gyro: -1.14, 1.85, -1.27
Accel: -0.21, 0.08, -0.95
Gyro: -0.60, 1.54, -1.03
Accel: -0.22, 0.07, -0.96
Gyro: -1.05, 2.47, -0.64
Accel: -0.21, 0.08, -0.96
Gyro: -1.58, 4.43, -0.54
Accel: -0.20, 0.07, -0.94
Gyro: -1.42, 4.82, -1.28
Accel: -0.20, 0.07, -0.96
Gyro: -1.75, 5.91, -2.43
Accel: -0.21, 0.07, -0.97
Gyro: -1.58, 7.98, -3.00
