Accel: -0.34, 0.11, -0.92
Gyro: -1.79, 1.46, -1.21
Accel: -0.34, 0.11, -0.91
Gyro: -1.75, 3.35, -1.01
Accel: -0.33, 0.11, -0.90
Gyro: -1.36, 3.51, -0.50
Accel: -0.34, 0.11, -0.92
Gyro: -1.56, 3.08, -0.81
Accel: -0.35, 0.11, -0.94
Gyro: -2.40, 5.97, -0.17
Accel: -0.34, 0.10, -0.93
Gyro: -1.35, 8.72, 0.01
Accel: -0.33, 0.11, -0.92
Gyro: -0.14, 10.33, -0.11
Accel: -0.33, 0.10, -0.91
Gyro: -1.67, 10.89, -0.55
Accel: -0.33, 0.11, -0.95
Gyro: -2.19, 13.10, -1.11
Accel: -0.35, 0.13, -0.99
Gyro: -0.69, 19.69, -1.01
Accel: -0.38, 0.13, -1.04
Gyro: 3.80, 32.14, 0.16
Accel: -0.33, 0.11, -1.00
Gyro: 6.79, 44.41, 2.32
Accel: -0.33, 0.10, -1.04
Gyro: 6.35, 54.77, 2.60
Accel: -0.27, 0.10, -0.95
Gyro: 4.47, 64.00, 3.56
Accel: -0.20, 0.08, -0.92
Gyro: 8.05, 64.03, 2.87
Accel: -0.17, 0.07, -0.94
Gyro: 7.10, 63.42, 0.90
Accel: -0.12, 0.06, -0.94
Gyro: 4.18, 64.58, -1.41
Accel: -0.09, 0.05, -0.95
Gyro: 4.74, 64.81, -3.46
Accel: -0.05, 0.06, -0.96
Gyro: 4.04, 65.20, -5.37
Accel: -0.03, 0.07, -0.99
Gyro: 2.57, 69.98, -6.87
Accel: 0.02, 0.08, -0.95
Gyro: 5.32, 72.58, -7.00
Accel: 0.06, 0.07, -0.94
Gyro: 6.87, 71.16, -6.00
Accel: 0.11, 0.08, -0.92
Gyro: 6.21, 66.65, -3.65
Accel: 0.14, 0.08, -0.91
Gyro: 5.80, 60.89, -0.09
Accel: 0.17, 0.06, -0.94
Gyro: 4.73, 57.55, 3.93
Accel: 0.19, 0.04, -0.96
Gyro: 0.78, 58.23, 7.19
Accel: 0.22, 0.03, -0.94
Gyro: -1.56, 59.52, 9.55
Accel: 0.26, 0.03, -0.92
Gyro: -3.49, 60.17, 10.25
Accel: 0.30, 0.03, -0.91
Gyro: -3.51, 60.11, 10.34
Accel: 0.33, 0.03, -0.89
Gyro: -3.60, 59.81, 9.74
Accel: 0.36, 0.05, -0.96
Gyro: -10.70, 58.79, 9.67
Accel: 0.38, 0.04, -0.86
Gyro: -5.26, 62.84, 14.11
Accel: 0.38, 0.02, -0.86
Gyro: -5.68, 61.30, 11.07
Accel: 0.44, 0.02, -0.84
Gyro: -6.13, 57.40, 8.70
Accel: 0.53, 0.03, -0.80
Gyro: -1.05, 53.05, 6.91
Accel: 0.56, 0.01, -0.78
Gyro: -2.71, 48.50, 7.03
Accel: 0.57, 0.00, -0.77
Gyro: -8.22, 43.48, 6.66
Accel: 0.59, 0.01, -0.76
Gyro: -3.19, 34.98, 3.70
Accel: 0.64, 0.02, -0.74
Gyro: -6.14, 29.41, 1.76
Accel: 0.64, 0.02, -0.72
Gyro: -4.82, 20.11, -0.86
Accel: 0.64, 0.03, -0.73
Gyro: -5.33, 12.01, -3.46
Accel: 0.65, 0.04, -0.74
Gyro: -3.47, 6.39, -4.93
Accel: 0.64, 0.04, -0.74
Gyro: -2.10, 0.92, -5.42
Accel: 0.65, 0.03, -0.74
Gyro: -2.08, -4.56, -5.14
Accel: 0.64, 0.03, -0.74
Gyro: -4.31, -11.38, -6.42
Accel: 0.63, 0.03, -0.75
Gyro: -6.66, -16.13, -6.73
Accel: 0.63, 0.05, -0.75
Gyro: -5.70, -22.25, -7.10
Accel: 0.61, 0.08, -0.76
Gyro: -4.45, -27.14, -6.26
Accel: 0.62, 0.05, -0.75
Gyro: 3.91, -36.86, -7.10
Accel: 0.57, 0.04, -0.78
Gyro: -2.32, -40.95, -5.72
Accel: 0.53, 0.04, -0.79
Gyro: -3.15, -45.43, -5.49
Accel: 0.46, 0.04, -0.82
Gyro: -0.98, -49.41, -5.80
Accel: 0.46, 0.04, -0.84
Gyro: -7.78, -50.55, -6.22
Accel: 0.44, 0.07, -0.86
Gyro: -6.45, -52.92, -6.45
Accel: 0.42, 0.07, -0.86
Gyro: -7.80, -52.12, -5.04
Accel: 0.39, 0.08, -0.89
Gyro: -4.08, -53.41, -6.30
Accel: 0.37, 0.07, -0.90
Gyro: -6.14, -54.28, -6.37
Accel: 0.35, 0.07, -0.86
Gyro: -6.66, -56.52, -6.52
Accel: 0.33, 0.08, -0.85
Gyro: -4.78, -63.96, -7.60
Accel: 0.28, 0.08, -0.92
Gyro: -5.94, -68.04, -7.87
Accel: 0.22, 0.08, -0.95
Gyro: -6.71, -66.06, -8.35
Accel: 0.19, 0.07, -0.94
Gyro: -6.44, -63.58, -8.25
Accel: 0.15, 0.08, -0.95
Gyro: -6.84, -62.70, -8.78
Accel: 0.10, 0.08, -0.94
Gyro: -7.61, -61.85, -9.59
Accel: 0.07, 0.10, -0.96
Gyro: -7.71, -60.93, -9.64
Accel: 0.04, 0.11, -0.97
Gyro: -6.98, -60.36, -9.30
Accel: 0.00, 0.11, -0.98
Gyro: -6.74, -59.12, -8.03
Accel: -0.03, 0.11, -0.96
Gyro: -6.30, -57.19, -6.89
Accel: -0.08, 0.13, -0.99
Gyro: -6.13, -52.47, -6.14
Accel: -0.10, 0.14, -1.00
Gyro: -5.38, -47.13, -5.20
Accel: -0.12, 0.13, -0.99
Gyro: -0.80, -41.85, -3.97
Accel: -0.14, 0.11, -0.99
Gyro: 1.17, -36.42, -2.93
Accel: -0.14, 0.11, -1.00
Gyro: -0.13, -30.49, -2.45
Accel: -0.15, 0.10, -1.00
Gyro: -0.91, -25.62, -2.14
Accel: -0.17, 0.11, -0.98
Gyro: -0.06, -21.65, -2.06
Accel: -0.16, 0.10, -0.96
Gyro: 0.64, -19.23, -1.66
Accel: -0.17, 0.10, -0.95
Gyro: 0.91, -17.97, -1.90
Accel: -0.18, 0.10, -0.94
Gyro: 2.01, -18.78, -1.64
Accel: -0.18, 0.10, -0.96
Gyro: 1.27, -17.93, -1.14
Accel: -0.20, 0.09, -0.98
Gyro: 0.02, -14.66, -0.53
Accel: -0.20, 0.09, -0.97
Gyro: -0.53, -11.28, -0.23
Accel: -0.20, 0.10, -0.96
Gyro: -0.05, -9.48, 0.63
Accel: -0.20, 0.09, -0.95
Gyro: -0.05, -8.24, 1.07
Accel: -0.22, 0.09, -0.97
Gyro: -0.56, -6.45, 1.14
Accel: -0.22, 0.09, -0.96
Gyro: -1.97, -3.23, 1.85
Accel: -0.22, 0.09, -0.96
Gyro: -1.88, -1.64, 1.63
Accel: -0.21, 0.08, -0.95
Gyro: -2.34, -0.86, 0.39
Accel: -0.21, 0.09, -0.95
Gyro: -2.53, -0.36, -0.73
Accel: -0.21, 0.09, -0.95
Gyro: -2.01, -0.39, -1.37
Accel: -0.21, 0.09, -0.96
Gyro: -2.09, 0.94, -1.54
Accel: -0.20, 0.09, -0.96
Gyro: -1.74, 1.93, -1.38
Accel: -0.19, 0.09, -0.93
Gyro: -2.21, 0.80, -1.12
Accel: -0.19, 0.09, -0.93
Gyro: -2.85, -1.52, -1.26
Accel: -0.20, 0.09, -0.95
Gyro: -2.86, -2.65, -1.15
Accel: -0.22, 0.10, -0.95
Gyro: -2.23, -1.27, -0.98
Accel: -0.20, 0.09, -0.95
Gyro: -1.94, -0.36, -0.76
Accel: -0.21, 0.09, -0.93
Gyro: -1.63, -1.08, -0.43
Accel: -0.22, 0.09, -0.96
Gyro: -3.19, -1.07, -0.68
Accel: -0.21, 0.09, -0.96
Gyro: -2.42, -0.05, -0.88
Accel: -0.20, 0.10, -0.96
Gyro: -1.27, 0.30, -0.75
Accel: -0.21, 0.10, -0.95
Gyro: -1.51, 1.91, -0.74
