Accel: -0.22, 0.10, -0.96
Gyro: -1.91, 4.16, -1.32
Accel: -0.21, 0.10, -0.94
Gyro: 0.63, 4.36, -1.36
Accel: -0.20, 0.10, -0.93
Gyro: -0.08, 3.27, -1.17
Accel: -0.20, 0.10, -0.94
Gyro: -0.62, 1.49, -0.66
Accel: -0.21, 0.10, -0.93
Gyro: -0.92, 1.42, -0.42
Accel: -0.21, 0.08, -0.95
Gyro: -0.66, 1.63, -0.06
Accel: -0.21, 0.09, -0.95
Gyro: -1.16, 1.04, -0.56
Accel: -0.20, 0.08, -0.96
Gyro: -2.53, 1.69, -0.82
Accel: -0.21, 0.09, -0.95
Gyro: -2.85, 1.94, -1.85
Accel: -0.21, 0.09, -0.95
Gyro: -2.01, 2.20, -2.24
Accel: -0.21, 0.10, -0.95
Gyro: -2.40, 2.88, -2.61
Accel: -0.22, 0.11, -0.96
Gyro: -2.48, 4.23, -1.67
Accel: -0.26, 0.11, -1.03
Gyro: -2.58, 9.62, -0.71
Accel: -0.26, 0.11, -1.03
Gyro: -2.92, 21.20, 0.94
Accel: -0.23, 0.10, -1.00
Gyro: -0.08, 28.62, 1.26
Accel: -0.24, 0.10, -1.03
Gyro: -0.02, 36.48, 1.37
Accel: -0.23, 0.11, -1.02
Gyro: 1.21, 46.21, 1.11
Accel: -0.22, 0.11, -1.03
Gyro: 3.07, 59.92, 0.60
Accel: -0.17, 0.10, -0.97
Gyro: 7.45, 69.22, 0.07
Accel: -0.11, 0.09, -0.96
Gyro: 10.65, 73.85, -1.44
Accel: -0.07, 0.07, -1.01
Gyro: 9.99, 80.63, -1.89
Accel: -0.02, 0.06, -0.97
Gyro: 6.63, 87.60, -1.16
Accel: 0.03, 0.07, -0.95
Gyro: 5.97, 91.06, 0.07
Accel: 0.10, 0.05, -0.95
Gyro: 3.88, 93.36, 1.90
Accel: 0.17, 0.04, -0.89
Gyro: 1.06, 91.48, 4.09
Accel: 0.23, 0.04, -0.89
Gyro: -3.48, 86.59, 5.02
Accel: 0.29, 0.07, -0.87
Gyro: -6.40, 80.80, 6.53
Accel: 0.32, 0.08, -0.90
Gyro: -1.42, 76.79, 9.55
Accel: 0.36, 0.06, -0.88
Gyro: -0.47, 75.69, 11.84
Accel: 0.44, 0.02, -0.81
Gyro: -4.76, 67.76, 4.26
Accel: 0.46, 0.06, -0.78
Gyro: -7.31, 76.41, 19.42
Accel: 0.40, 0.04, -0.89
Gyro: 0.77, 74.98, 13.57
Accel: 0.49, 0.05, -0.79
Gyro: -3.85, 69.97, 9.28
Accel: 0.55, 0.05, -0.78
Gyro: 4.41, 68.30, 10.09
Accel: 0.56, 0.09, -0.81
Gyro: 3.69, 63.54, 11.25
Accel: 0.67, 0.10, -0.75
Gyro: 2.15, 57.79, 15.14
Accel: 0.72, 0.04, -0.69
Gyro: 6.97, 48.41, 18.75
Accel: 0.74, -0.03, -0.66
Gyro: -1.71, 39.37, 17.17
Accel: 0.72, -0.04, -0.69
Gyro: -1.48, 33.49, 11.69
Accel: 0.75, -0.06, -0.64
Gyro: -4.67, 27.60, 4.36
Accel: 0.76, -0.03, -0.65
Gyro: -4.91, 18.40, -1.10
Accel: 0.75, -0.00, -0.67
Gyro: -2.16, 13.59, -2.96
Accel: 0.75, -0.01, -0.67
Gyro: -2.79, 9.89, -4.36
Accel: 0.76, -0.01, -0.64
Gyro: -4.62, 5.39, -4.75
Accel: 0.76, 0.01, -0.65
Gyro: -4.43, -0.07, -4.57
Accel: 0.74, 0.00, -0.66
Gyro: -4.70, -3.90, -4.01
Accel: 0.74, 0.01, -0.66
Gyro: -6.04, -7.87, -4.84
Accel: 0.73, 0.01, -0.68
Gyro: -6.87, -11.29, -5.17
Accel: 0.73, 0.02, -0.68
Gyro: -6.68, -15.76, -6.32
Accel: 0.69, 0.03, -0.72
Gyro: -6.06, -18.59, -6.98
Accel: 0.68, 0.02, -0.72
Gyro: -7.95, -17.97, -5.16
Accel: 0.70, 0.01, -0.71
Gyro: -9.29, -21.87, -6.22
Accel: 0.70, 0.03, -0.69
Gyro: -8.00, -24.70, -6.96
Accel: 0.71, 0.02, -0.69
Gyro: -7.16, -33.77, -8.89
Accel: 0.70, 0.02, -0.67
Gyro: -5.97, -44.67, -12.78
Accel: 0.66, 0.00, -0.68
Gyro: -9.72, -55.18, -12.44
Accel: 0.65, 0.02, -0.73
Gyro: -8.59, -61.66, -13.54
Accel: 0.64, 0.04, -0.73
Gyro: -8.67, -72.44, -18.33
Accel: 0.58, 0.04, -0.78
Gyro: -13.91, -74.35, -17.87
Accel: 0.48, 0.06, -0.80
Gyro: -11.75, -79.25, -18.60
Accel: 0.44, 0.09, -0.80
Gyro: -8.27, -86.91, -21.13
Accel: 0.37, 0.10, -0.85
Gyro: -8.52, -87.16, -22.09
Accel: 0.32, 0.12, -0.86
Gyro: -5.69, -89.05, -22.94
Accel: 0.26, 0.14, -0.89
Gyro: -4.10, -88.81, -21.48
Accel: 0.20, 0.14, -0.92
Gyro: -4.07, -86.85, -19.58
Accel: 0.15, 0.16, -0.96
Gyro: -4.91, -81.47, -17.34
Accel: 0.13, 0.15, -0.95
Gyro: -2.57, -77.13, -14.38
Accel: 0.11, 0.16, -0.95
Gyro: -1.51, -74.71, -11.56
Accel: 0.05, 0.16, -0.96
Gyro: 1.28, -72.43, -8.37
Accel: 0.00, 0.17, -0.98
Gyro: 3.11, -68.41, -5.00
Accel: -0.03, 0.15, -0.99
Gyro: 8.54, -62.93, -2.20
Accel: -0.08, 0.13, -1.00
Gyro: 5.36, -56.12, 0.00
Accel: -0.08, 0.12, -1.01
Gyro: 5.98, -50.05, 2.20
Accel: -0.11, 0.11, -0.98
Gyro: 5.29, -43.95, 3.97
Accel: -0.14, 0.08, -1.03
Gyro: 3.20, -36.71, 4.59
Accel: -0.14, 0.08, -1.02
Gyro: 0.04, -29.92, 3.62
Accel: -0.16, 0.08, -1.03
Gyro: 1.53, -21.12, 1.56
Accel: -0.15, 0.08, -0.99
Gyro: 1.86, -14.77, -1.05
Accel: -0.15, 0.07, -0.96
Gyro: -1.59, -11.51, -3.43
Accel: -0.14, 0.08, -0.95
Gyro: -1.46, -10.99, -5.01
Accel: -0.15, 0.10, -0.98
Gyro: -2.27, -8.89, -5.26
Accel: -0.14, 0.10, -0.95
Gyro: -1.84, -9.23, -4.39
Accel: -0.15, 0.11, -0.97
Gyro: -2.16, -8.93, -3.53
Accel: -0.16, 0.11, -0.99
Gyro: -1.20, -8.02, -2.36
Accel: -0.16, 0.09, -0.97
Gyro: -0.95, -7.01, -1.90
Accel: -0.16, 0.09, -0.96
Gyro: -1.43, -6.45, -1.93
Accel: -0.17, 0.09, -0.96
Gyro: -0.97, -6.48, -1.85
Accel: -0.17, 0.08, -0.97
Gyro: -0.99, -5.46, -2.53
Accel: -0.17, 0.09, -0.95
Gyro: -0.85, -6.55, -3.09
Accel: -0.17, 0.10, -0.96
Gyro: 0.23, -6.50, -3.30
Accel: -0.17, 0.10, -0.95
Gyro: 2.42, -6.88, -2.66
Accel: -0.18, 0.10, -0.94
Gyro: 3.99, -7.77, -0.99
Accel: -0.19, 0.10, -0.94
Gyro: 3.86, -8.93, 1.96
Accel: -0.20, 0.09, -0.95
Gyro: 2.78, -9.15, 4.51
Accel: -0.20, 0.08, -0.96
Gyro: 3.30, -8.80, 6.07
Accel: -0.21, 0.07, -0.96
Gyro: 2.88, -8.08, 6.50
Accel: -0.21, 0.06, -0.95
Gyro: 2.49, -7.90, 5.57
Accel: -0.21, 0.05, -0.97
Gyro: 1.67, -5.59, 4.63
Accel: -0.21, 0.05, -0.97
Gyro: -0.43, -2.70, 2.84
Accel: -0.20, 0.04, -0.97
Gyro: -2.52, -0.75, 0.78
Accel: -0.20, 0.06, -0.94
Gyro: -3.12, -0.22, -1.24
