Accel: -0.30, 0.09, -0.92
Gyro: -1.31, -0.16, -0.97
Accel: -0.30, 0.09, -0.93
Gyro: -1.87, 0.01, -0.72
Accel: -0.30, 0.10, -0.92
Gyro: -1.34, 1.19, -0.70
Accel: -0.30, 0.09, -0.90
Gyro: 0.42, 0.00, -1.16
Accel: -0.30, 0.09, -0.93
Gyro: -0.99, -0.58, -0.70
Accel: -0.31, 0.09, -0.93
Gyro: -1.70, -0.59, 0.12
Accel: -0.31, 0.09, -0.93
Gyro: -1.80, 0.34, 0.00
Accel: -0.30, 0.08, -0.93
Gyro: -1.82, 1.65, -0.88
Accel: -0.31, 0.08, -0.93
Gyro: -2.01, 2.46, -1.89
Accel: -0.33, 0.09, -0.96
Gyro: -3.99, 5.33, -2.30
Accel: -0.33, 0.09, -0.96
Gyro: -3.63, 10.00, -2.24
Accel: -0.37, 0.10, -1.02
Gyro: -1.50, 18.35, -1.08
Accel: -0.36, 0.10, -1.02
Gyro: -1.63, 33.87, -0.69
Accel: -0.33, 0.10, -0.99
Gyro: 2.04, 42.37, -1.14
Accel: -0.32, 0.10, -1.04
Gyro: 0.59, 54.96, -1.50
Accel: -0.27, 0.10, -0.95
Gyro: 1.14, 65.19, -0.86
Accel: -0.21, 0.09, -0.96
Gyro: 5.04, 67.76, -1.17
Accel: -0.18, 0.10, -0.96
Gyro: 1.43, 76.42, 0.11
Accel: -0.12, 0.10, -0.92
Gyro: 6.84, 77.61, 0.19
Accel: -0.07, 0.09, -0.94
Gyro: 11.20, 77.74, -0.41
Accel: -0.03, 0.07, -0.95
Gyro: 11.92, 80.75, -0.72
Accel: 0.02, 0.06, -0.94
Gyro: 14.98, 81.57, -1.22
Accel: 0.07, 0.05, -0.94
Gyro: 13.97, 80.96, -1.05
Accel: 0.12, 0.05, -0.94
Gyro: 13.15, 78.06, 0.15
Accel: 0.15, 0.04, -0.93
Gyro: 13.48, 74.42, 2.23
Accel: 0.19, 0.02, -0.95
Gyro: 11.41, 72.25, 4.65
Accel: 0.22, 0.01, -0.93
Gyro: 5.79, 73.11, 6.77
Accel: 0.26, -0.02, -0.95
Gyro: 4.60, 73.07, 7.06
Accel: 0.28, -0.01, -0.97
Gyro: 2.39, 83.14, 5.65
Accel: 0.33, -0.01, -0.88
Gyro: 1.92, 89.72, 3.05
Accel: 0.40, 0.01, -0.80
Gyro: 2.98, 85.51, 3.30
Accel: 0.52, -0.02, -0.77
Gyro: 1.58, 73.08, 3.40
Accel: 0.56, -0.01, -0.77
Gyro: -0.40, 64.70, 7.75
Accel: 0.57, -0.03, -0.72
Gyro: 1.63, 53.50, 6.84
Accel: 0.55, -0.02, -0.79
Gyro: -3.14, 40.60, 5.24
Accel: 0.58, -0.02, -0.76
Gyro: -1.88, 33.16, 4.46
Accel: 0.63, -0.04, -0.75
Gyro: -3.27, 27.93, 2.60
Accel: 0.64, -0.01, -0.76
Gyro: -3.39, 21.00, 0.60
Accel: 0.65, -0.02, -0.73
Gyro: -4.00, 14.22, -0.46
Accel: 0.66, -0.01, -0.73
Gyro: -4.45, 7.09, -0.12
Accel: 0.65, -0.03, -0.74
Gyro: -5.23, 0.92, -0.38
Accel: 0.65, -0.02, -0.73
Gyro: -6.42, -5.39, -0.59
Accel: 0.64, -0.03, -0.75
Gyro: -4.15, -11.41, -0.79
Accel: 0.62, -0.03, -0.75
Gyro: -5.24, -15.56, -2.35
Accel: 0.61, -0.02, -0.76
Gyro: -5.85, -18.81, -3.68
Accel: 0.61, -0.02, -0.78
Gyro: -6.64, -22.61, -4.30
Accel: 0.61, -0.02, -0.79
Gyro: -10.31, -23.79, -5.35
Accel: 0.59, -0.02, -0.78
Gyro: -7.54, -26.91, -5.81
Accel: 0.56, -0.03, -0.77
Gyro: -10.87, -29.00, -6.37
Accel: 0.57, -0.02, -0.76
Gyro: -13.00, -36.71, -9.73
Accel: 0.58, 0.02, -0.75
Gyro: -12.53, -45.44, -11.60
Accel: 0.53, 0.02, -0.78
Gyro: -18.30, -51.63, -9.94
Accel: 0.50, 0.03, -0.80
Gyro: -19.75, -58.53, -9.47
Accel: 0.45, 0.04, -0.84
Gyro: -21.79, -64.67, -10.64
Accel: 0.42, 0.06, -0.85
Gyro: -20.45, -65.41, -10.69
Accel: 0.37, 0.08, -0.88
Gyro: -19.12, -67.48, -11.57
Accel: 0.34, 0.10, -0.89
Gyro: -20.19, -68.02, -12.53
Accel: 0.32, 0.11, -0.86
Gyro: -18.76, -71.99, -13.37
Accel: 0.26, 0.13, -0.88
Gyro: -16.03, -77.95, -14.40
Accel: 0.22, 0.14, -0.90
Gyro: -13.79, -81.09, -15.79
Accel: 0.16, 0.17, -0.92
Gyro: -10.37, -81.79, -16.43
Accel: 0.11, 0.18, -0.90
Gyro: -4.13, -83.51, -16.11
Accel: 0.05, 0.18, -0.92
Gyro: 1.55, -86.58, -15.04
Accel: -0.01, 0.16, -0.90
Gyro: 7.10, -89.68, -12.92
Accel: -0.07, 0.15, -0.95
Gyro: 9.72, -88.90, -10.27
Accel: -0.13, 0.14, -0.97
Gyro: 9.98, -85.59, -6.40
Accel: -0.18, 0.13, -1.00
Gyro: 8.48, -78.23, -1.15
Accel: -0.22, 0.11, -1.02
Gyro: 4.51, -66.12, 4.48
Accel: -0.23, 0.10, -0.97
Gyro: 1.41, -57.53, 8.31
Accel: -0.25, 0.09, -0.93
Gyro: 1.69, -55.31, 8.80
Accel: -0.30, 0.09, -0.98
Gyro: -0.28, -48.85, 9.51
Accel: -0.32, 0.07, -1.01
Gyro: -3.34, -40.65, 8.44
Accel: -0.33, 0.09, -0.96
Gyro: -4.77, -34.45, 5.47
Accel: -0.36, 0.10, -0.98
Gyro: -3.01, -28.43, 3.37
Accel: -0.36, 0.08, -0.98
Gyro: -5.58, -20.08, 1.80
Accel: -0.35, 0.09, -0.94
Gyro: -7.76, -13.44, -1.02
Accel: -0.35, 0.09, -0.90
Gyro: -4.41, -12.83, -3.56
Accel: -0.36, 0.10, -0.93
Gyro: -7.71, -11.92, -6.70
Accel: -0.34, 0.11, -0.92
Gyro: -9.44, -9.34, -8.15
Accel: -0.34, 0.11, -0.90
Gyro: -7.28, -7.53, -8.22
Accel: -0.35, 0.13, -0.93
Gyro: -4.92, -7.35, -8.42
Accel: -0.37, 0.13, -0.93
Gyro: -5.94, -3.01, -7.32
Accel: -0.35, 0.14, -0.92
Gyro: -4.04, -1.15, -6.23
Accel: -0.35, 0.14, -0.92
Gyro: -3.97, -0.33, -4.90
Accel: -0.34, 0.14, -0.90
Gyro: -2.29, -0.17, -3.69
Accel: -0.35, 0.14, -0.90
Gyro: -0.77, -0.68, -1.75
Accel: -0.35, 0.13, -0.89
Gyro: -0.66, -1.91, -0.11
Accel: -0.35, 0.13, -0.91
Gyro: -1.30, -1.33, 1.53
Accel: -0.35, 0.12, -0.91
Gyro: -1.25, 0.17, 1.58
Accel: -0.34, 0.12, -0.91
Gyro: -0.93, 0.85, 0.85
Accel: -0.34, 0.11, -0.90
Gyro: -0.39, 0.18, -0.10
Accel: -0.34, 0.11, -0.91
Gyro: -1.77, -0.62, -1.03
Accel: -0.33, 0.11, -0.91
Gyro: -1.42, -0.22, -1.73
Accel: -0.34, 0.11, -0.90
Gyro: -2.06, 0.21, -1.91
Accel: -0.34, 0.12, -0.91
Gyro: -2.11, -0.34, -1.66
Accel: -0.34, 0.12, -0.91
Gyro: -1.64, -0.38, -1.57
Accel: -0.34, 0.12, -0.92
Gyro: -2.11, 0.93, -1.17
Accel: -0.34, 0.12, -0.91
Gyro: -1.90, 2.08, -0.89
Accel: -0.34, 0.12, -0.90
Gyro: -0.80, 1.82, -0.74
Accel: -0.33, 0.12, -0.91
Gyro: -0.87, 1.79, -0.48
Accel: -0.33, 0.11, -0.91
Gyro: -1.68, 2.46, -0.11
