Accel: -0.32, 0.12, -0.91
Gyro: -0.63, 0.98, -0.62
Accel: -0.32, 0.12, -0.92
Gyro: -0.27, 1.27, -0.77
Accel: -0.32, 0.12, -0.91
Gyro: -0.07, 2.01, -1.00
Accel: -0.32, 0.12, -0.91
Gyro: -0.17, 2.12, -0.92
Accel: -0.31, 0.12, -0.92
Gyro: -0.37, 2.13, -0.71
Accel: -0.30, 0.11, -0.91
Gyro: -0.71, 2.56, -0.82
Accel: -0.31, 0.12, -0.92
Gyro: 0.08, 2.59, -0.92
Accel: -0.31, 0.13, -0.92
Gyro: -0.04, 2.13, -0.47
Accel: -0.32, 0.12, -0.92
Gyro: -0.08, 2.75, 0.18
Accel: -0.36, 0.13, -0.97
Gyro: 0.51, 6.18, 1.00
Accel: -0.40, 0.12, -1.02
Gyro: 1.21, 16.88, 1.62
Accel: -0.40, 0.13, -1.03
Gyro: 3.92, 30.20, 1.58
Accel: -0.36, 0.12, -1.00
Gyro: 4.78, 44.65, 1.90
Accel: -0.33, 0.13, -1.01
Gyro: 7.46, 53.18, 1.43
Accel: -0.32, 0.12, -1.06
Gyro: 7.13, 66.59, 2.19
Accel: -0.24, 0.11, -0.92
Gyro: 6.73, 77.32, 2.86
Accel: -0.20, 0.09, -0.98
Gyro: 10.23, 80.15, 1.43
Accel: -0.14, 0.09, -0.93
Gyro: 7.19, 87.24, 1.23
Accel: -0.08, 0.08, -0.93
Gyro: 11.92, 86.72, 0.29
Accel: -0.07, 0.08, -1.00
Gyro: 11.16, 92.04, 0.15
Accel: -0.00, 0.06, -0.92
Gyro: 6.53, 96.67, 0.50
Accel: 0.07, 0.05, -0.91
Gyro: 8.45, 95.06, -1.70
Accel: 0.13, 0.05, -0.90
Gyro: 8.69, 90.79, -3.09
Accel: 0.19, 0.04, -0.87
Gyro: 6.62, 84.69, -3.56
Accel: 0.25, 0.04, -0.87
Gyro: 3.68, 77.26, -2.66
Accel: 0.29, 0.05, -0.88
Gyro: -0.29, 71.32, -0.48
Accel: 0.32, 0.06, -0.89
Gyro: -1.62, 67.36, 2.13
Accel: 0.35, 0.04, -0.86
Gyro: -1.03, 64.99, 4.57
Accel: 0.39, 0.05, -0.85
Gyro: 2.66, 62.08, 5.52
Accel: 0.44, 0.04, -0.94
Gyro: -10.23, 58.85, 6.71
Accel: 0.47, 0.04, -0.83
Gyro: -2.67, 58.66, 9.36
Accel: 0.49, 0.03, -0.81
Gyro: 2.81, 54.05, 6.53
Accel: 0.57, 0.03, -0.79
Gyro: -0.13, 48.38, 5.16
Accel: 0.57, 0.02, -0.78
Gyro: 2.33, 41.88, 4.59
Accel: 0.56, 0.02, -0.81
Gyro: 1.95, 36.29, 2.25
Accel: 0.58, 0.03, -0.81
Gyro: 0.76, 30.94, 3.46
Accel: 0.63, 0.01, -0.76
Gyro: -3.36, 29.39, 3.91
Accel: 0.64, 0.00, -0.73
Gyro: -4.40, 21.38, 1.98
Accel: 0.65, -0.01, -0.73
Gyro: -4.75, 12.92, 0.30
Accel: 0.66, 0.00, -0.72
Gyro: -6.52, 6.39, -1.86
Accel: 0.67, -0.00, -0.72
Gyro: -4.27, -2.28, -4.16
Accel: 0.66, 0.01, -0.71
Gyro: -6.65, -9.64, -5.73
Accel: 0.65, 0.02, -0.72
Gyro: -7.55, -16.90, -6.36
Accel: 0.64, 0.03, -0.73
Gyro: -7.21, -24.31, -6.94
Accel: 0.61, 0.03, -0.74
Gyro: -7.80, -30.36, -8.51
Accel: 0.56, 0.04, -0.75
Gyro: -11.87, -35.78, -7.19
Accel: 0.59, 0.09, -0.75
Gyro: -9.71, -40.44, -3.61
Accel: 0.56, 0.06, -0.79
Gyro: -11.05, -48.37, 0.10
Accel: 0.58, 0.06, -0.79
Gyro: -9.55, -53.60, 0.34
Accel: 0.52, 0.05, -0.74
Gyro: -2.84, -61.31, -3.20
Accel: 0.50, 0.05, -0.78
Gyro: -8.51, -71.78, -4.80
Accel: 0.40, 0.05, -0.88
Gyro: -9.64, -74.42, -4.09
Accel: 0.37, 0.07, -0.88
Gyro: -5.84, -77.08, -8.19
Accel: 0.33, 0.07, -0.87
Gyro: -6.55, -77.23, -8.18
Accel: 0.27, 0.05, -0.91
Gyro: -4.23, -79.52, -8.88
Accel: 0.23, 0.05, -0.93
Gyro: -9.90, -80.01, -11.47
Accel: 0.17, 0.06, -0.95
Gyro: -11.59, -79.89, -13.94
Accel: 0.12, 0.05, -0.95
Gyro: -12.97, -79.78, -17.48
Accel: 0.06, 0.04, -0.94
Gyro: -13.53, -79.91, -23.07
Accel: 0.01, 0.08, -0.96
Gyro: -12.02, -79.25, -27.89
Accel: -0.04, 0.13, -0.99
Gyro: -13.38, -74.42, -28.95
Accel: -0.08, 0.17, -0.99
Gyro: -11.96, -68.26, -24.80
Accel: -0.10, 0.20, -0.94
Gyro: -7.65, -64.03, -17.82
Accel: -0.13, 0.20, -0.96
Gyro: -2.68, -60.39, -10.60
Accel: -0.15, 0.17, -0.95
Gyro: 0.47, -57.91, -4.33
Accel: -0.17, 0.16, -0.99
Gyro: -0.63, -53.92, 0.34
Accel: -0.19, 0.16, -0.94
Gyro: -0.14, -52.53, 3.97
Accel: -0.22, 0.14, -0.94
Gyro: 4.96, -51.17, 6.74
Accel: -0.27, 0.13, -0.97
Gyro: 3.26, -45.60, 8.44
Accel: -0.29, 0.11, -0.97
Gyro: 1.20, -39.89, 7.75
Accel: -0.30, 0.11, -0.93
Gyro: 3.75, -37.57, 6.48
Accel: -0.33, 0.10, -0.99
Gyro: 2.12, -31.39, 4.85
Accel: -0.33, 0.10, -0.99
Gyro: 1.04, -23.61, 3.14
Accel: -0.33, 0.10, -0.92
Gyro: 1.98, -19.67, 1.17
Accel: -0.36, 0.11, -0.95
Gyro: 3.40, -17.43, 0.37
Accel: -0.37, 0.11, -0.95
Gyro: 0.16, -11.63, 0.07
Accel: -0.35, 0.10, -0.93
Gyro: -0.14, -7.70, -0.52
Accel: -0.34, 0.10, -0.91
Gyro: 1.14, -5.14, -1.24
Accel: -0.34, 0.10, -0.92
Gyro: 0.31, -5.39, -1.14
Accel: -0.35, 0.10, -0.93
Gyro: -0.99, -2.66, 0.11
Accel: -0.34, 0.10, -0.91
Gyro: -1.36, -1.89, 1.03
Accel: -0.34, 0.10, -0.90
Gyro: -1.31, -3.00, 0.74
Accel: -0.34, 0.10, -0.92
Gyro: -2.44, -2.40, -0.12
Accel: -0.34, 0.10, -0.92
Gyro: -3.11, -0.11, -0.78
Accel: -0.33, 0.10, -0.90
Gyro: -2.76, 0.42, -1.26
Accel: -0.33, 0.10, -0.91
Gyro: -2.80, -0.53, -2.01
Accel: -0.33, 0.11, -0.92
Gyro: -2.72, -0.62, -2.18
Accel: -0.33, 0.11, -0.92
Gyro: -2.33, 0.22, -2.13
Accel: -0.32, 0.11, -0.90
Gyro: -1.75, 0.29, -1.88
Accel: -0.33, 0.11, -0.90
Gyro: -1.56, -1.01, -1.14
Accel: -0.34, 0.11, -0.92
Gyro: -1.40, -1.37, -0.59
Accel: -0.33, 0.11, -0.91
Gyro: -1.98, -1.25, -0.40
Accel: -0.33, 0.10, -0.91
Gyro: -2.28, -0.88, -1.00
Accel: -0.33, 0.11, -0.90
Gyro: -0.53, -1.50, -1.43
Accel: -0.34, 0.11, -0.92
Gyro: -1.03, -0.69, -0.72
Accel: -0.34, 0.10, -0.91
Gyro: -1.49, -0.88, -0.57
Accel: -0.33, 0.11, -0.91
Gyro: -1.82, -1.43, -0.13
Accel: -0.34, 0.10, -0.92
Gyro: -1.96, -0.56, -0.14
Accel: -0.34, 0.10, -0.91
Gyro: -2.60, 0.09, -1.24
Accel: -0.34, 0.10, -0.92
Gyro: -1.97, 0.13, -1.62
Accel: -0.34, 0.12, -0.90
Gyro: -2.48, 0.13, -1.63
