Accel: -0.28, 0.10, -0.93
Gyro: -2.36, 2.43, -0.26
Accel: -0.28, 0.10, -0.93
Gyro: -2.01, 2.30, -0.16
Accel: -0.27, 0.09, -0.93
Gyro: -2.09, 3.04, -0.59
Accel: -0.27, 0.09, -0.93
Gyro: -1.62, 3.48, -0.99
Accel: -0.27, 0.09, -0.93
Gyro: -0.97, 3.07, -0.92
Accel: -0.26, 0.09, -0.94
Gyro: -1.17, 3.35, -0.66
Accel: -0.26, 0.09, -0.92
Gyro: -1.11, 3.92, -0.31
Accel: -0.26, 0.09, -0.91
Gyro: -1.08, 2.41, -0.01
Accel: -0.29, 0.09, -0.94
Gyro: -2.22, 1.78, 0.15
Accel: -0.33, 0.10, -1.01
Gyro: -2.77, 7.10, 0.26
Accel: -0.35, 0.10, -1.04
Gyro: -2.30, 19.98, 1.06
Accel: -0.39, 0.12, -1.11
Gyro: -0.96, 39.48, 2.19
Accel: -0.32, 0.10, -1.01
Gyro: 2.53, 54.57, 3.15
Accel: -0.31, 0.10, -1.07
Gyro: 0.54, 69.12, 3.23
Accel: -0.22, 0.10, -0.94
Gyro: 0.54, 78.45, 4.13
Accel: -0.17, 0.09, -0.95
Gyro: 1.58, 82.15, 2.93
Accel: -0.12, 0.09, -0.94
Gyro: 2.53, 84.74, 1.59
Accel: -0.06, 0.09, -0.94
Gyro: 5.96, 86.18, 1.19
Accel: -0.02, 0.08, -0.93
Gyro: 6.97, 88.42, 1.08
Accel: 0.03, 0.09, -0.95
Gyro: 7.80, 89.54, 0.58
Accel: 0.07, 0.08, -0.94
Gyro: 7.70, 91.80, 0.62
Accel: 0.14, 0.07, -0.92
Gyro: 7.86, 92.74, 1.37
Accel: 0.19, 0.06, -0.89
Gyro: 8.07, 91.32, 2.37
Accel: 0.26, 0.05, -0.88
Gyro: 6.84, 87.41, 4.38
Accel: 0.30, 0.03, -0.88
Gyro: 2.59, 83.02, 5.51
Accel: 0.36, 0.03, -0.83
Gyro: -1.56, 77.42, 6.86
Accel: 0.42, 0.01, -0.83
Gyro: -3.81, 72.20, 8.19
Accel: 0.44, -0.01, -0.84
Gyro: -8.38, 65.33, -1.16
Accel: 0.58, 0.03, -0.79
Gyro: -11.89, 62.58, 6.18
Accel: 0.55, 0.03, -0.79
Gyro: -4.54, 58.40, 5.97
Accel: 0.57, 0.03, -0.78
Gyro: -9.38, 54.57, 2.55
Accel: 0.61, 0.04, -0.75
Gyro: -4.55, 48.97, 2.17
Accel: 0.65, 0.06, -0.71
Gyro: -8.09, 39.29, 2.18
Accel: 0.66, 0.05, -0.71
Gyro: -0.21, 26.50, 0.96
Accel: 0.66, 0.05, -0.72
Gyro: -6.37, 18.01, -0.24
Accel: 0.67, 0.03, -0.71
Gyro: -2.48, 8.71, -1.59
Accel: 0.68, 0.05, -0.70
Gyro: -6.08, 1.60, -3.38
Accel: 0.67, 0.04, -0.72
Gyro: -3.03, -6.39, -4.27
Accel: 0.67, 0.05, -0.72
Gyro: -6.87, -12.79, -5.42
Accel: 0.66, 0.06, -0.74
Gyro: -3.81, -18.74, -5.21
Accel: 0.65, 0.05, -0.74
Gyro: -3.10, -24.82, -6.16
Accel: 0.64, 0.04, -0.73
Gyro: -2.73, -32.10, -7.17
Accel: 0.62, 0.03, -0.74
Gyro: -3.80, -42.33, -9.41
Accel: 0.59, 0.05, -0.76
Gyro: -6.90, -50.48, -11.49
Accel: 0.56, 0.06, -0.74
Gyro: -4.32, -59.07, -14.04
Accel: 0.53, 0.08, -0.77
Gyro: -9.74, -67.84, -14.42
Accel: 0.44, 0.10, -0.83
Gyro: -8.40, -75.78, -13.44
Accel: 0.42, 0.10, -0.82
Gyro: -4.06, -80.06, -14.53
Accel: 0.38, 0.11, -0.83
Gyro: -6.22, -80.89, -11.99
Accel: 0.31, 0.10, -0.88
Gyro: -4.01, -86.20, -12.75
Accel: 0.25, 0.11, -0.90
Gyro: -6.78, -86.33, -12.85
Accel: 0.19, 0.11, -0.94
Gyro: -7.52, -85.15, -14.35
Accel: 0.14, 0.12, -0.94
Gyro: -7.50, -84.17, -15.66
Accel: 0.07, 0.13, -0.95
Gyro: -2.41, -83.03, -16.49
Accel: 0.02, 0.12, -0.97
Gyro: -0.47, -78.80, -15.32
Accel: -0.03, 0.13, -1.00
Gyro: -1.53, -71.20, -14.30
Accel: -0.05, 0.15, -0.99
Gyro: -4.08, -64.77, -12.66
Accel: -0.07, 0.16, -0.98
Gyro: -0.82, -59.78, -9.94
Accel: -0.11, 0.15, -0.99
Gyro: 0.72, -53.92, -6.42
Accel: -0.11, 0.15, -0.98
Gyro: 1.82, -48.28, -3.67
Accel: -0.13, 0.15, -0.97
Gyro: 2.85, -45.63, -1.08
Accel: -0.14, 0.14, -0.92
Gyro: 3.47, -45.45, 1.71
Accel: -0.16, 0.13, -0.95
Gyro: 7.31, -44.27, 4.50
Accel: -0.19, 0.11, -0.97
Gyro: 6.07, -41.08, 5.94
Accel: -0.20, 0.12, -0.95
Gyro: 5.20, -37.67, 7.20
Accel: -0.23, 0.10, -0.94
Gyro: 7.98, -36.13, 8.20
Accel: -0.25, 0.08, -0.99
Gyro: 7.88, -30.97, 7.66
Accel: -0.27, 0.07, -0.99
Gyro: 1.24, -23.66, 6.50
Accel: -0.26, 0.06, -0.96
Gyro: -0.29, -18.88, 4.49
Accel: -0.27, 0.06, -0.94
Gyro: -0.14, -17.68, 2.15
Accel: -0.29, 0.07, -0.97
Gyro: -0.85, -14.50, 0.28
Accel: -0.29, 0.07, -0.97
Gyro: -1.99, -10.67, -1.21
Accel: -0.28, 0.07, -0.95
Gyro: -2.19, -7.08, -2.82
Accel: -0.30, 0.08, -0.97
Gyro: -3.19, -3.78, -2.68
Accel: -0.30, 0.09, -0.96
Gyro: -3.69, -0.10, -2.40
Accel: -0.28, 0.09, -0.93
Gyro: -3.73, 1.42, -2.20
Accel: -0.27, 0.09, -0.94
Gyro: -3.56, 1.37, -2.37
Accel: -0.27, 0.10, -0.93
Gyro: -3.30, 0.78, -2.19
Accel: -0.26, 0.10, -0.93
Gyro: -3.14, 0.56, -2.01
Accel: -0.27, 0.09, -0.93
Gyro: -3.64, 0.63, -1.63
Accel: -0.26, 0.09, -0.92
Gyro: -3.36, 0.18, -1.59
Accel: -0.26, 0.10, -0.93
Gyro: -2.70, -1.07, -1.82
Accel: -0.26, 0.09, -0.93
Gyro: -2.46, -0.92, -2.28
Accel: -0.27, 0.10, -0.93
Gyro: -2.33, -0.20, -2.18
Accel: -0.26, 0.10, -0.92
Gyro: -2.31, -0.80, -1.62
Accel: -0.27, 0.09, -0.92
Gyro: -1.68, -1.10, -1.56
Accel: -0.27, 0.09, -0.92
Gyro: -1.50, -1.25, -1.33
Accel: -0.27, 0.10, -0.94
Gyro: -0.33, -1.06, -1.46
Accel: -0.28, 0.10, -0.94
Gyro: 0.41, -1.17, -0.95
Accel: -0.27, 0.09, -0.93
Gyro: -0.56, -0.72, 0.00
Accel: -0.28, 0.08, -0.93
Gyro: -0.31, -1.00, 0.34
Accel: -0.28, 0.09, -0.93
Gyro: -0.16, -0.46, 0.56
Accel: -0.28, 0.09, -0.93
Gyro: -0.66, 0.31, 0.42
Accel: -0.27, 0.08, -0.95
Gyro: -0.31, 0.57, -0.11
Accel: -0.28, 0.08, -0.94
Gyro: -1.72, 1.30, -0.60
Accel: -0.27, 0.08, -0.94
Gyro: -1.85, 1.30, -0.84
Accel: -0.26, 0.08, -0.93
Gyro: -2.55, 1.84, -1.27
Accel: -0.26, 0.09, -0.92
Gyro: -2.59, 1.00, -1.52
Accel: -0.26, 0.09, -0.94
Gyro: -2.07, 1.71, -1.60
Accel: -0.27, 0.09, -0.95
Gyro: -1.97, 3.52, -1.26
Accel: -0.26, 0.09, -0.93
Gyro: -1.66, 4.26, -0.54
