Accel: -0.26, 0.09, -0.92
Gyro: -1.16, 1.77, -1.84
Accel: -0.27, 0.09, -0.92
Gyro: -1.63, 1.40, -1.75
Accel: -0.27, 0.10, -0.93
Gyro: -2.47, 1.31, -1.29
Accel: -0.27, 0.10, -0.93
Gyro: -2.34, 2.40, -0.84
Accel: -0.27, 0.09, -0.94
Gyro: -2.21, 2.48, -0.89
Accel: -0.26, 0.09, -0.93
Gyro: -2.14, 2.80, -0.93
Accel: -0.27, 0.09, -0.94
Gyro: -2.31, 3.41, -1.55
Accel: -0.28, 0.09, -0.95
Gyro: -2.03, 4.25, -1.13
Accel: -0.30, 0.09, -0.97
Gyro: -1.60, 8.07, 0.25
Accel: -0.34, 0.10, -1.05
Gyro: -0.85, 17.33, 1.45
Accel: -0.33, 0.10, -1.02
Gyro: -2.77, 32.08, 1.47
Accel: -0.28, 0.09, -0.98
Gyro: -0.62, 40.02, 1.08
Accel: -0.25, 0.10, -1.01
Gyro: -0.79, 47.05, 0.63
Accel: -0.22, 0.10, -0.99
Gyro: -0.68, 54.35, -0.27
Accel: -0.18, 0.09, -0.94
Gyro: 1.91, 58.18, -1.08
Accel: -0.15, 0.10, -0.96
Gyro: 2.34, 60.71, -2.19
Accel: -0.12, 0.10, -0.96
Gyro: 2.53, 64.83, -1.83
Accel: -0.07, 0.11, -0.95
Gyro: 5.52, 67.43, -1.36
Accel: -0.04, 0.10, -0.98
Gyro: 7.77, 70.36, -0.17
Accel: -0.01, 0.10, -1.01
Gyro: 7.18, 76.19, 2.86
Accel: 0.05, 0.09, -0.97
Gyro: 8.48, 78.14, 6.64
Accel: 0.10, 0.07, -0.92
Gyro: 5.39, 77.01, 11.27
Accel: 0.15, 0.05, -0.90
Gyro: 2.28, 70.82, 13.79
Accel: 0.18, 0.04, -0.93
Gyro: 0.01, 66.20, 14.72
Accel: 0.21, 0.02, -0.94
Gyro: -4.46, 67.70, 14.32
Accel: 0.26, 0.00, -0.90
Gyro: -5.28, 66.34, 11.63
Accel: 0.30, 0.02, -0.88
Gyro: -7.00, 63.25, 8.16
Accel: 0.34, 0.04, -0.87
Gyro: -7.09, 59.05, 5.02
Accel: 0.38, 0.04, -0.86
Gyro: -4.99, 54.66, 2.96
Accel: 0.41, 0.05, -0.84
Gyro: -4.96, 49.64, 0.95
Accel: 0.44, 0.05, -0.85
Gyro: -4.82, 43.88, -0.90
Accel: 0.46, 0.06, -0.87
Gyro: -5.41, 40.58, -1.29
Accel: 0.46, -0.00, -0.85
Gyro: -12.83, 36.23, -0.14
Accel: 0.54, 0.07, -0.80
Gyro: -10.15, 34.93, 1.24
Accel: 0.53, 0.09, -0.81
Gyro: -5.65, 28.73, -1.08
Accel: 0.54, 0.09, -0.79
Gyro: -3.48, 23.25, -1.34
Accel: 0.54, 0.09, -0.81
Gyro: 1.05, 20.35, -0.31
Accel: 0.56, 0.07, -0.79
Gyro: 1.44, 16.90, 0.76
Accel: 0.53, 0.07, -0.79
Gyro: -0.47, 11.00, 1.32
Accel: 0.56, 0.06, -0.78
Gyro: 0.68, 5.87, 0.13
Accel: 0.58, 0.07, -0.79
Gyro: -1.39, 1.87, 0.27
Accel: 0.58, 0.05, -0.80
Gyro: -1.30, -1.56, 0.33
Accel: 0.58, 0.04, -0.78
Gyro: -1.65, -5.94, -1.34
Accel: 0.59, 0.05, -0.78
Gyro: -2.02, -10.72, -2.72
Accel: 0.58, 0.05, -0.78
Gyro: -1.35, -14.68, -3.94
Accel: 0.57, 0.04, -0.78
Gyro: -2.47, -19.58, -5.17
Accel: 0.56, 0.04, -0.78
Gyro: -3.20, -25.20, -5.65
Accel: 0.56, 0.04, -0.80
Gyro: -4.56, -29.94, -5.35
Accel: 0.56, 0.04, -0.77
Gyro: -6.53, -36.09, -6.84
Accel: 0.54, 0.08, -0.77
Gyro: -8.59, -44.56, -7.50
Accel: 0.50, 0.09, -0.80
Gyro: -5.52, -54.11, -7.42
Accel: 0.45, 0.08, -0.84
Gyro: -3.90, -60.06, -7.26
Accel: 0.39, 0.08, -0.85
Gyro: -4.82, -62.82, -7.35
Accel: 0.35, 0.07, -0.88
Gyro: -3.33, -66.25, -7.28
Accel: 0.31, 0.07, -0.90
Gyro: -6.99, -66.46, -7.72
Accel: 0.29, 0.08, -0.89
Gyro: -8.44, -67.89, -8.49
Accel: 0.24, 0.09, -0.92
Gyro: -8.74, -69.21, -10.36
Accel: 0.19, 0.10, -0.96
Gyro: -8.59, -66.94, -12.12
Accel: 0.15, 0.12, -0.94
Gyro: -4.04, -64.35, -12.90
Accel: 0.10, 0.11, -0.94
Gyro: -0.63, -61.82, -12.93
Accel: 0.08, 0.10, -0.95
Gyro: -1.04, -59.30, -12.34
Accel: 0.05, 0.10, -0.97
Gyro: -3.54, -57.79, -11.25
Accel: 0.01, 0.11, -0.97
Gyro: -4.24, -57.60, -9.82
Accel: -0.02, 0.13, -0.98
Gyro: -4.86, -55.51, -8.26
Accel: -0.04, 0.13, -0.97
Gyro: -3.68, -52.88, -7.34
Accel: -0.08, 0.13, -0.96
Gyro: -0.71, -51.87, -6.42
Accel: -0.10, 0.12, -0.93
Gyro: 2.13, -52.25, -5.25
Accel: -0.13, 0.10, -0.96
Gyro: 1.70, -51.43, -3.87
Accel: -0.16, 0.10, -1.01
Gyro: -2.18, -46.81, -3.47
Accel: -0.17, 0.12, -0.98
Gyro: -2.69, -40.35, -0.94
Accel: -0.18, 0.11, -0.94
Gyro: -0.88, -38.62, 1.59
Accel: -0.19, 0.11, -0.93
Gyro: 0.71, -39.17, 2.01
Accel: -0.22, 0.11, -0.94
Gyro: 0.66, -39.59, 2.31
Accel: -0.25, 0.10, -0.96
Gyro: -0.06, -37.68, 2.85
Accel: -0.27, 0.09, -0.95
Gyro: -1.39, -33.75, 3.04
Accel: -0.29, 0.09, -0.96
Gyro: -1.63, -30.01, 2.27
Accel: -0.32, 0.09, -1.01
Gyro: -1.84, -21.73, 2.72
Accel: -0.31, 0.09, -0.96
Gyro: -2.93, -14.83, 1.02
Accel: -0.32, 0.09, -0.94
Gyro: -1.80, -12.34, -1.00
Accel: -0.34, 0.10, -0.94
Gyro: -2.79, -8.74, -1.94
Accel: -0.33, 0.10, -0.94
Gyro: -2.66, -5.29, -2.39
Accel: -0.33, 0.09, -0.94
Gyro: -2.64, -2.96, -2.81
Accel: -0.32, 0.10, -0.93
Gyro: -3.18, -1.49, -3.36
Accel: -0.32, 0.11, -0.93
Gyro: -3.03, -0.15, -3.47
Accel: -0.31, 0.11, -0.92
Gyro: -3.67, 1.27, -3.09
Accel: -0.30, 0.11, -0.92
Gyro: -2.84, 0.91, -2.83
Accel: -0.29, 0.11, -0.92
Gyro: -2.93, 0.47, -2.82
Accel: -0.29, 0.11, -0.92
Gyro: -2.71, 0.73, -2.11
Accel: -0.29, 0.11, -0.91
Gyro: -2.04, 0.37, -1.82
Accel: -0.29, 0.11, -0.91
Gyro: -1.21, -1.16, -1.78
Accel: -0.30, 0.11, -0.92
Gyro: -1.54, -2.22, -1.68
Accel: -0.30, 0.11, -0.94
Gyro: -1.66, -1.29, -0.75
Accel: -0.30, 0.10, -0.93
Gyro: -1.42, -0.69, -0.31
Accel: -0.30, 0.09, -0.93
Gyro: -1.29, -0.57, -0.80
Accel: -0.30, 0.09, -0.91
Gyro: -2.08, -1.22, -1.54
Accel: -0.30, 0.09, -0.92
Gyro: -3.23, -0.53, -1.85
Accel: -0.30, 0.11, -0.94
Gyro: -2.93, 0.51, -2.23
Accel: -0.30, 0.11, -0.93
Gyro: -1.94, 1.53, -2.20
Accel: -0.29, 0.11, -0.92
Gyro: -1.66, 2.12, -1.63
Accel: -0.29, 0.11, -0.91
Gyro: -1.40, 1.82, -0.73
Accel: -0.28, 0.10, -0.93
Gyro: -1.03, 1.78, -0.63
