Accel: -0.32, 0.12, -0.90
Gyro: -2.04, 1.68, -0.48
Accel: -0.33, 0.11, -0.91
Gyro: -2.06, 1.53, -0.53
Accel: -0.33, 0.11, -0.92
Gyro: -1.95, 2.56, -1.08
Accel: -0.33, 0.12, -0.91
Gyro: -2.12, 3.27, -1.62
Accel: -0.33, 0.12, -0.91
Gyro: -1.93, 3.64, -1.43
Accel: -0.33, 0.12, -0.92
Gyro: -1.83, 4.40, -0.72
Accel: -0.32, 0.12, -0.91
Gyro: -1.44, 4.37, -0.46
Accel: -0.33, 0.12, -0.93
Gyro: -1.49, 4.65, -0.46
Accel: -0.34, 0.11, -0.95
Gyro: -1.59, 7.20, -0.27
Accel: -0.35, 0.12, -0.95
Gyro: -1.54, 11.16, -0.14
Accel: -0.36, 0.13, -0.96
Gyro: -0.82, 16.30, -0.43
Accel: -0.38, 0.13, -1.00
Gyro: 0.74, 25.09, -0.08
Accel: -0.38, 0.13, -1.02
Gyro: 1.85, 37.15, 0.51
Accel: -0.35, 0.12, -0.98
Gyro: 3.11, 47.75, 0.24
Accel: -0.31, 0.12, -0.98
Gyro: 4.43, 56.59, 0.11
Accel: -0.26, 0.11, -0.97
Gyro: 4.63, 63.94, 0.08
Accel: -0.20, 0.10, -0.93
Gyro: 3.85, 68.31, -0.66
Accel: -0.16, 0.10, -0.94
Gyro: 4.16, 70.96, -1.38
Accel: -0.12, 0.10, -0.95
Gyro: 4.65, 73.71, -1.91
Accel: -0.08, 0.10, -0.95
Gyro: 7.34, 75.65, -2.75
Accel: -0.04, 0.10, -0.96
Gyro: 9.54, 78.16, -2.63
Accel: 0.01, 0.11, -0.95
Gyro: 10.48, 80.29, -2.06
Accel: 0.06, 0.10, -0.93
Gyro: 12.57, 79.35, -0.30
Accel: 0.11, 0.08, -0.91
Gyro: 12.38, 75.49, 1.94
Accel: 0.15, 0.05, -0.90
Gyro: 10.94, 70.43, 4.87
Accel: 0.19, 0.05, -0.91
Gyro: 5.62, 65.83, 7.51
Accel: 0.22, 0.05, -0.93
Gyro: 2.47, 63.14, 10.65
Accel: 0.25, 0.04, -0.92
Gyro: -0.07, 62.97, 12.62
Accel: 0.29, 0.02, -0.91
Gyro: -1.21, 62.86, 13.80
Accel: 0.33, 0.02, -0.88
Gyro: -2.33, 63.11, 14.47
Accel: 0.38, 0.03, -0.87
Gyro: -0.95, 60.06, 13.08
Accel: 0.46, 0.02, -0.82
Gyro: 1.68, 55.25, 9.28
Accel: 0.46, 0.03, -0.82
Gyro: -3.48, 53.58, 13.47
Accel: 0.48, 0.01, -0.82
Gyro: 5.18, 49.40, 10.60
Accel: 0.51, 0.01, -0.80
Gyro: 4.74, 43.82, 10.07
Accel: 0.50, -0.00, -0.79
Gyro: 4.49, 40.84, 11.22
Accel: 0.57, 0.01, -0.76
Gyro: 10.90, 32.59, 7.10
Accel: 0.58, -0.03, -0.78
Gyro: 3.92, 30.58, 6.60
Accel: 0.60, -0.06, -0.72
Gyro: 2.69, 23.90, 3.35
Accel: 0.62, -0.06, -0.75
Gyro: -1.16, 16.05, 1.18
Accel: 0.62, -0.04, -0.77
Gyro: -1.44, 10.71, 0.06
Accel: 0.60, -0.03, -0.77
Gyro: -3.26, 8.09, -1.05
Accel: 0.61, -0.03, -0.76
Gyro: -3.79, 3.40, -2.18
Accel: 0.61, -0.04, -0.76
Gyro: -2.58, -2.14, -3.55
Accel: 0.60, -0.04, -0.80
Gyro: -5.23, -4.54, -5.81
Accel: 0.59, -0.04, -0.77
Gyro: -6.81, -6.94, -7.87
Accel: 0.59, -0.02, -0.78
Gyro: -8.58, -9.92, -9.16
Accel: 0.59, -0.00, -0.77
Gyro: -9.24, -12.76, -10.08
Accel: 0.59, 0.00, -0.79
Gyro: -9.19, -16.71, -9.96
Accel: 0.58, 0.01, -0.79
Gyro: -11.82, -20.29, -10.43
Accel: 0.57, 0.02, -0.77
Gyro: -11.77, -26.31, -10.84
Accel: 0.56, 0.03, -0.78
Gyro: -11.26, -32.25, -11.04
Accel: 0.53, 0.04, -0.82
Gyro: -11.15, -36.61, -9.40
Accel: 0.52, 0.06, -0.80
Gyro: -9.44, -41.44, -10.29
Accel: 0.49, 0.06, -0.81
Gyro: -7.56, -46.79, -10.21
Accel: 0.44, 0.06, -0.85
Gyro: -6.87, -51.25, -10.44
Accel: 0.43, 0.05, -0.86
Gyro: -6.06, -52.93, -10.42
Accel: 0.39, 0.06, -0.88
Gyro: -8.44, -53.23, -9.48
Accel: 0.36, 0.07, -0.87
Gyro: -8.67, -57.65, -10.73
Accel: 0.32, 0.07, -0.91
Gyro: -7.31, -58.38, -10.82
Accel: 0.30, 0.08, -0.90
Gyro: -8.41, -58.38, -11.10
Accel: 0.27, 0.08, -0.89
Gyro: -6.87, -62.42, -11.44
Accel: 0.23, 0.08, -0.92
Gyro: -8.01, -65.55, -12.42
Accel: 0.18, 0.09, -0.95
Gyro: -8.69, -65.86, -13.07
Accel: 0.14, 0.08, -0.96
Gyro: -9.07, -66.22, -13.74
Accel: 0.07, 0.07, -0.93
Gyro: -12.00, -70.36, -13.98
Accel: -0.00, 0.07, -0.96
Gyro: -14.82, -71.33, -11.98
Accel: -0.03, 0.11, -0.99
Gyro: -25.00, -64.19, -9.00
Accel: -0.04, 0.18, -0.98
Gyro: -28.10, -57.32, -6.54
Accel: -0.06, 0.19, -0.99
Gyro: -21.63, -52.09, -6.12
Accel: -0.07, 0.19, -0.96
Gyro: -15.42, -46.55, -7.35
Accel: -0.09, 0.18, -0.95
Gyro: -7.69, -43.81, -9.25
Accel: -0.11, 0.17, -0.96
Gyro: -2.57, -40.99, -11.54
Accel: -0.14, 0.16, -0.99
Gyro: -2.72, -36.85, -14.08
Accel: -0.15, 0.16, -0.98
Gyro: -1.84, -32.20, -15.71
Accel: -0.16, 0.17, -0.96
Gyro: 1.34, -30.46, -16.22
Accel: -0.17, 0.17, -0.93
Gyro: 4.19, -29.44, -15.60
Accel: -0.18, 0.17, -0.96
Gyro: 7.54, -28.85, -13.23
Accel: -0.21, 0.16, -0.99
Gyro: 6.59, -24.14, -10.68
Accel: -0.22, 0.16, -0.99
Gyro: 4.69, -17.40, -6.66
Accel: -0.22, 0.17, -0.97
Gyro: 4.24, -13.00, -2.42
Accel: -0.23, 0.18, -0.98
Gyro: 3.72, -8.71, 4.02
Accel: -0.22, 0.17, -0.94
Gyro: 4.20, -5.93, 10.83
Accel: -0.21, 0.15, -0.92
Gyro: 6.03, -8.27, 14.66
Accel: -0.22, 0.14, -0.95
Gyro: 5.36, -8.35, 17.36
Accel: -0.22, 0.12, -0.94
Gyro: 5.68, -7.36, 17.23
Accel: -0.23, 0.10, -0.93
Gyro: 5.71, -6.18, 15.43
Accel: -0.22, 0.08, -0.95
Gyro: 5.68, -6.37, 12.46
Accel: -0.23, 0.07, -0.95
Gyro: 3.92, -5.65, 7.63
Accel: -0.23, 0.07, -0.94
Gyro: 2.62, -5.06, 2.98
Accel: -0.24, 0.07, -0.93
Gyro: 1.27, -4.26, -0.62
Accel: -0.23, 0.08, -0.95
Gyro: -0.40, -3.62, -3.65
Accel: -0.25, 0.09, -0.96
Gyro: -2.63, -2.29, -5.42
Accel: -0.24, 0.09, -0.95
Gyro: -4.68, -0.05, -5.95
Accel: -0.23, 0.10, -0.91
Gyro: -4.14, -0.90, -7.35
Accel: -0.23, 0.11, -0.93
Gyro: -4.81, -2.94, -7.67
Accel: -0.25, 0.12, -0.93
Gyro: -4.39, -3.84, -7.03
Accel: -0.26, 0.13, -0.94
Gyro: -3.62, -3.74, -5.20
Accel: -0.25, 0.12, -0.94
Gyro: -2.98, -2.75, -3.33
Accel: -0.26, 0.13, -0.94
Gyro: -2.03, -2.29, -1.66
Accel: -0.26, 0.12, -0.94
Gyro: -2.16, -2.10, 0.08
