Accel: -0.28, 0.08, -0.93
Gyro: -0.76, 1.51, -0.83
Accel: -0.27, 0.08, -0.93
Gyro: -0.68, 1.30, -0.56
Accel: -0.27, 0.07, -0.93
Gyro: -0.82, 0.80, -0.28
Accel: -0.28, 0.08, -0.92
Gyro: -1.17, 0.52, -0.17
Accel: -0.27, 0.07, -0.94
Gyro: -1.17, 0.33, 0.05
Accel: -0.28, 0.08, -0.93
Gyro: -1.14, 0.85, -0.43
Accel: -0.28, 0.07, -0.93
Gyro: -1.59, 1.43, -1.00
Accel: -0.29, 0.08, -0.94
Gyro: -2.24, 3.15, -1.29
Accel: -0.32, 0.08, -0.95
Gyro: -1.87, 5.89, -1.05
Accel: -0.35, 0.09, -1.02
Gyro: -1.40, 14.62, 0.39
Accel: -0.37, 0.09, -1.06
Gyro: 0.34, 27.13, 1.27
Accel: -0.37, 0.09, -1.10
Gyro: 1.04, 44.19, 2.58
Accel: -0.36, 0.09, -1.09
Gyro: -0.56, 68.53, 3.58
Accel: -0.25, 0.08, -0.95
Gyro: 6.41, 79.19, 3.97
Accel: -0.19, 0.07, -0.96
Gyro: 8.11, 81.25, 2.40
Accel: -0.16, 0.06, -0.97
Gyro: 3.17, 87.23, 2.39
Accel: -0.08, 0.05, -0.90
Gyro: 2.99, 88.71, 2.91
Accel: -0.02, 0.06, -0.91
Gyro: 2.77, 86.40, 1.71
Accel: 0.02, 0.06, -0.94
Gyro: 2.32, 87.05, 1.69
Accel: 0.08, 0.07, -0.92
Gyro: 5.94, 86.65, 1.71
Accel: 0.13, 0.07, -0.94
Gyro: 8.13, 84.50, 1.75
Accel: 0.18, 0.06, -0.91
Gyro: 8.16, 81.64, 3.70
Accel: 0.24, 0.03, -0.88
Gyro: 9.81, 75.78, 5.49
Accel: 0.26, 0.00, -0.91
Gyro: 6.95, 71.88, 5.34
Accel: 0.32, -0.00, -0.88
Gyro: 1.52, 67.78, 5.20
Accel: 0.36, -0.01, -0.87
Gyro: -2.69, 63.16, 5.32
Accel: 0.39, -0.01, -0.87
Gyro: -3.50, 59.23, 4.78
Accel: 0.43, 0.00, -0.85
Gyro: -4.55, 55.16, 4.04
Accel: 0.47, 0.00, -0.83
Gyro: -5.73, 49.42, 2.13
Accel: 0.50, 0.01, -0.81
Gyro: -5.77, 43.03, 0.63
Accel: 0.52, 0.01, -0.81
Gyro: -5.39, 36.18, -1.19
Accel: 0.59, 0.02, -0.75
Gyro: -3.00, 27.99, -4.39
Accel: 0.60, 0.03, -0.75
Gyro: -5.92, 20.51, -3.32
Accel: 0.60, 0.03, -0.77
Gyro: -5.81, 11.32, -2.86
Accel: 0.59, 0.02, -0.78
Gyro: -5.06, 3.49, -3.67
Accel: 0.60, 0.01, -0.78
Gyro: -6.10, -2.72, -4.83
Accel: 0.60, 0.02, -0.75
Gyro: -7.72, -12.47, -7.32
Accel: 0.60, 0.03, -0.74
Gyro: -7.84, -24.68, -9.63
Accel: 0.59, 0.05, -0.72
Gyro: -7.63, -37.80, -10.65
Accel: 0.57, 0.06, -0.76
Gyro: -5.78, -51.75, -10.91
Accel: 0.51, 0.06, -0.81
Gyro: -7.99, -61.10, -10.67
Accel: 0.45, 0.05, -0.84
Gyro: -6.04, -65.03, -10.82
Accel: 0.41, 0.06, -0.84
Gyro: -8.05, -68.10, -11.52
Accel: 0.36, 0.07, -0.83
Gyro: -5.61, -73.30, -11.32
Accel: 0.31, 0.07, -0.89
Gyro: -5.94, -78.93, -11.96
Accel: 0.24, 0.08, -0.95
Gyro: -7.48, -79.35, -12.34
Accel: 0.20, 0.09, -0.93
Gyro: -7.35, -76.57, -11.57
Accel: 0.16, 0.10, -0.94
Gyro: -6.15, -75.64, -11.61
Accel: 0.10, 0.11, -0.99
Gyro: -5.39, -72.67, -10.90
Accel: 0.04, 0.11, -0.96
Gyro: -4.17, -69.33, -10.02
Accel: 0.01, 0.10, -0.97
Gyro: -3.56, -64.17, -8.94
Accel: -0.02, 0.10, -1.00
Gyro: -4.73, -57.62, -8.12
Accel: -0.04, 0.11, -1.02
Gyro: -4.43, -50.59, -7.58
Accel: -0.06, 0.10, -0.99
Gyro: -2.88, -45.05, -6.68
Accel: -0.07, 0.10, -0.98
Gyro: -1.77, -40.81, -5.53
Accel: -0.08, 0.09, -0.97
Gyro: -2.53, -38.88, -4.96
Accel: -0.09, 0.11, -0.96
Gyro: -3.86, -38.78, -4.65
Accel: -0.11, 0.11, -0.95
Gyro: -2.54, -39.28, -3.68
Accel: -0.13, 0.11, -0.96
Gyro: -0.25, -38.81, -2.14
Accel: -0.17, 0.11, -0.99
Gyro: 0.43, -34.69, -0.36
Accel: -0.17, 0.10, -0.96
Gyro: 0.24, -30.69, 1.88
Accel: -0.18, 0.08, -0.93
Gyro: -0.53, -31.09, 2.82
Accel: -0.19, 0.09, -0.95
Gyro: -2.61, -31.60, 2.90
Accel: -0.23, 0.09, -0.98
Gyro: -2.55, -29.65, 3.01
Accel: -0.25, 0.08, -0.96
Gyro: -2.62, -25.11, 2.83
Accel: -0.24, 0.08, -0.93
Gyro: -2.49, -23.71, 1.40
Accel: -0.26, 0.09, -0.94
Gyro: -1.78, -23.45, 0.26
Accel: -0.30, 0.10, -0.98
Gyro: -3.68, -18.71, 0.24
Accel: -0.29, 0.09, -0.97
Gyro: -3.85, -13.46, -0.41
Accel: -0.29, 0.09, -0.93
Gyro: -3.14, -10.81, -1.57
Accel: -0.31, 0.10, -0.96
Gyro: -1.58, -9.50, -1.77
Accel: -0.31, 0.09, -0.96
Gyro: -4.52, -5.74, -1.40
Accel: -0.30, 0.10, -0.95
Gyro: -4.62, -2.76, -2.01
Accel: -0.29, 0.10, -0.93
Gyro: -3.93, -1.24, -2.76
Accel: -0.29, 0.11, -0.93
Gyro: -3.16, -0.72, -2.95
Accel: -0.29, 0.11, -0.95
Gyro: -2.79, 1.42, -1.85
Accel: -0.28, 0.11, -0.93
Gyro: -1.45, 1.74, -1.35
Accel: -0.27, 0.11, -0.92
Gyro: -0.37, 0.74, -0.82
Accel: -0.28, 0.10, -0.91
Gyro: -0.33, 0.05, 0.11
Accel: -0.28, 0.10, -0.93
Gyro: -1.01, -0.32, 0.54
Accel: -0.27, 0.10, -0.93
Gyro: -1.63, -0.23, 0.25
Accel: -0.28, 0.09, -0.93
Gyro: -1.79, -0.37, -0.21
Accel: -0.28, 0.09, -0.92
Gyro: -1.67, -0.37, -0.63
Accel: -0.28, 0.10, -0.93
Gyro: -2.46, -0.15, -1.63
Accel: -0.28, 0.09, -0.93
Gyro: -2.37, -0.13, -2.32
Accel: -0.28, 0.10, -0.92
Gyro: -2.22, -0.56, -2.08
Accel: -0.28, 0.10, -0.93
Gyro: -2.65, 0.37, -1.50
Accel: -0.28, 0.10, -0.95
Gyro: -2.78, 0.80, -1.46
Accel: -0.27, 0.10, -0.93
Gyro: -1.85, 1.35, -2.04
Accel: -0.26, 0.10, -0.92
Gyro: -1.00, 1.66, -1.33
Accel: -0.26, 0.10, -0.92
Gyro: -1.98, 0.60, -1.21
Accel: -0.27, 0.10, -0.92
Gyro: -2.06, -0.33, -0.81
Accel: -0.28, 0.09, -0.94
Gyro: -2.13, 0.25, -0.99
Accel: -0.28, 0.09, -0.93
Gyro: -1.98, 0.85, -1.04
Accel: -0.28, 0.10, -0.95
Gyro: -1.65, 1.56, -1.56
Accel: -0.28, 0.11, -0.93
Gyro: -2.07, 3.42, -1.34
Accel: -0.27, 0.10, -0.94
Gyro: -0.92, 3.97, -0.87
Accel: -0.27, 0.10, -0.94
Gyro: -1.79, 5.39, -0.19
Accel: -0.27, 0.10, -0.94
Gyro: -1.88, 6.79, -0.25
Accel: -0.26, 0.10, -0.93
Gyro: -1.36, 7.26, -0.95
Accel: -0.26, 0.10, -0.93
Gyro: -1.32, 7.36, -0.69
