Accel: -0.41, 0.26, -0.94
Gyro: -4.25, -0.66, -1.70
Accel: -0.39, 0.22, -0.91
Gyro: 0.02, 6.19, 2.41
Accel: -0.35, 0.17, -0.84
Gyro: 0.85, 1.91, 0.07
Accel: -0.36, 0.17, -0.87
Gyro: 0.19, -0.10, -1.21
Accel: -0.38, 0.20, -0.90
Gyro: 0.66, 0.95, -2.43
Accel: -0.39, 0.20, -0.93
Gyro: -2.12, 5.23, -2.07
Accel: -0.36, 0.21, -0.86
Gyro: 1.55, 6.77, -3.49
Accel: -0.36, 0.20, -0.89
Gyro: 3.47, 5.73, -4.33
Accel: -0.37, 0.23, -0.90
Gyro: 4.07, 6.75, -3.25
Accel: -0.37, 0.23, -0.91
Gyro: 5.94, 10.70, 0.38
Accel: -0.36, 0.16, -0.85
Gyro: 7.82, 7.11, 1.08
Accel: -0.40, 0.20, -0.96
Gyro: 5.01, 8.74, 0.79
Accel: -0.39, 0.20, -0.97
Gyro: 3.02, 19.04, 2.55
Accel: -0.40, 0.17, -0.94
Gyro: 10.96, 26.43, 2.06
Accel: -0.43, 0.17, -1.04
Gyro: 10.32, 37.36, 1.75
Accel: -0.41, 0.20, -1.07
Gyro: 9.19, 56.30, 2.90
Accel: -0.34, 0.17, -0.96
Gyro: 15.53, 69.03, 3.51
Accel: -0.37, 0.16, -1.09
Gyro: 14.41, 86.51, 4.07
Accel: -0.27, 0.14, -0.96
Gyro: 10.86, 100.76, 6.85
Accel: -0.15, 0.12, -0.89
Gyro: 12.79, 99.05, 8.21
Accel: -0.15, 0.14, -0.97
Gyro: 6.07, 104.06, 11.03
Accel: -0.03, 0.10, -0.83
Gyro: 6.32, 100.46, 14.61
Accel: 0.01, 0.08, -0.91
Gyro: 6.97, 95.95, 11.77
Accel: 0.06, 0.09, -0.92
Gyro: 2.91, 98.67, 12.11
Accel: 0.12, 0.10, -0.89
Gyro: 2.98, 96.82, 11.76
Accel: 0.19, 0.11, -0.88
Gyro: 9.65, 91.68, 12.24
Accel: 0.23, 0.07, -0.91
Gyro: 6.78, 91.06, 12.94
Accel: 0.30, 0.07, -0.87
Gyro: 3.30, 87.10, 11.04
Accel: 0.35, 0.06, -0.83
Gyro: 5.13, 79.46, 10.64
Accel: 0.39, 0.04, -0.85
Gyro: 3.17, 75.78, 10.46
Accel: 0.44, 0.03, -0.82
Gyro: -1.66, 74.34, 7.74
Accel: 0.48, 0.05, -0.80
Gyro: 3.06, 68.74, 5.59
Accel: 0.54, 0.04, -0.77
Gyro: 0.95, 62.81, 4.75
Accel: 0.66, 0.10, -0.76
Gyro: -0.79, 55.78, -0.78
Accel: 0.64, 0.08, -0.76
Gyro: -3.49, 50.74, 5.29
Accel: 0.65, 0.05, -0.74
Gyro: -0.44, 46.78, 6.78
Accel: 0.67, 0.05, -0.67
Gyro: -4.15, 35.31, 5.31
Accel: 0.66, 0.05, -0.73
Gyro: -0.59, 25.91, 5.86
Accel: 0.62, 0.07, -0.76
Gyro: -1.66, 20.77, 6.48
Accel: 0.64, 0.04, -0.72
Gyro: -2.27, 16.76, 4.88
Accel: 0.65, 0.04, -0.72
Gyro: -2.85, 13.40, 4.33
Accel: 0.66, 0.02, -0.74
Gyro: -1.95, 10.73, 4.84
Accel: 0.69, 0.03, -0.69
Gyro: -9.79, 7.45, 4.82
Accel: 0.69, 0.05, -0.71
Gyro: -6.87, 0.05, 5.09
Accel: 0.68, 0.03, -0.72
Gyro: -5.50, -3.66, 4.41
Accel: 0.67, 0.04, -0.72
Gyro: -7.21, -5.88, 2.04
Accel: 0.68, 0.05, -0.69
Gyro: -6.86, -9.92, 0.83
Accel: 0.67, 0.04, -0.72
Gyro: -6.18, -15.14, -0.84
Accel: 0.68, 0.01, -0.69
Gyro: -8.17, -20.91, -3.51
Accel: 0.69, 0.05, -0.71
Gyro: -10.57, -28.16, -5.83
Accel: 0.63, 0.07, -0.73
Gyro: -4.08, -34.37, -7.67
Accel: 0.65, 0.07, -0.70
Gyro: -7.54, -41.92, -8.77
Accel: 0.63, 0.08, -0.70
Gyro: -4.94, -55.05, -9.93
Accel: 0.59, 0.08, -0.76
Gyro: -5.30, -64.06, -8.83
Accel: 0.56, 0.09, -0.73
Gyro: -5.80, -75.58, -9.41
Accel: 0.49, 0.09, -0.80
Gyro: -4.24, -83.85, -8.19
Accel: 0.42, 0.10, -0.85
Gyro: -1.82, -88.04, -9.88
Accel: 0.38, 0.08, -0.84
Gyro: -1.18, -87.38, -8.74
Accel: 0.32, 0.09, -0.86
Gyro: -3.66, -90.93, -9.23
Accel: 0.26, 0.09, -0.90
Gyro: -3.38, -94.18, -8.12
Accel: 0.20, 0.08, -0.94
Gyro: -4.99, -93.07, -7.69
Accel: 0.14, 0.09, -0.95
Gyro: -6.09, -90.15, -7.55
Accel: 0.08, 0.09, -0.95
Gyro: -5.96, -87.61, -7.45
Accel: 0.04, 0.09, -0.96
Gyro: -4.69, -85.06, -6.98
Accel: -0.02, 0.10, -0.99
Gyro: -5.92, -80.23, -7.10
Accel: -0.06, 0.10, -0.99
Gyro: -6.87, -73.37, -6.24
Accel: -0.09, 0.09, -1.00
Gyro: -7.47, -66.35, -5.32
Accel: -0.12, 0.10, -0.98
Gyro: -9.43, -60.52, -5.18
Accel: -0.14, 0.11, -0.99
Gyro: -10.22, -54.14, -5.07
Accel: -0.15, 0.12, -0.98
Gyro: -10.38, -48.95, -5.53
Accel: -0.16, 0.14, -0.95
Gyro: -9.28, -46.56, -5.68
Accel: -0.19, 0.16, -0.93
Gyro: -6.29, -45.78, -5.01
Accel: -0.22, 0.15, -1.00
Gyro: -2.17, -42.29, -3.79
Accel: -0.26, 0.14, -1.03
Gyro: -3.80, -32.42, -3.20
Accel: -0.25, 0.12, -0.97
Gyro: -4.65, -23.61, -2.40
Accel: -0.26, 0.13, -0.94
Gyro: -2.66, -21.23, -3.12
Accel: -0.28, 0.15, -0.99
Gyro: -3.23, -16.33, -1.11
Accel: -0.28, 0.13, -0.96
Gyro: -3.52, -11.41, 0.94
Accel: -0.26, 0.13, -0.93
Gyro: -2.33, -10.09, 0.40
Accel: -0.27, 0.13, -0.93
Gyro: -2.14, -10.70, -0.81
Accel: -0.29, 0.13, -0.96
Gyro: -1.90, -8.80, -1.69
Accel: -0.29, 0.13, -0.95
Gyro: -1.91, -4.11, -2.34
Accel: -0.28, 0.13, -0.94
Gyro: -2.01, -2.37, -3.97
Accel: -0.28, 0.13, -0.93
Gyro: -0.94, -3.59, -4.25
Accel: -0.29, 0.14, -0.95
Gyro: -0.77, -2.30, -2.72
Accel: -0.28, 0.13, -0.92
Gyro: -0.64, -0.76, -1.40
Accel: -0.27, 0.13, -0.91
Gyro: -0.40, -1.42, -1.08
Accel: -0.27, 0.12, -0.94
Gyro: -0.80, -1.95, -1.24
Accel: -0.28, 0.13, -0.94
Gyro: -1.30, -0.15, -2.17
Accel: -0.28, 0.12, -0.93
Gyro: 0.18, 1.34, -2.15
Accel: -0.27, 0.12, -0.91
Gyro: -0.09, 0.80, -2.26
Accel: -0.27, 0.12, -0.92
Gyro: 0.28, -1.40, -2.36
Accel: -0.28, 0.12, -0.94
Gyro: -0.87, 0.09, -1.57
Accel: -0.27, 0.12, -0.92
Gyro: -0.95, 0.98, -1.75
Accel: -0.26, 0.12, -0.91
Gyro: -0.47, -0.29, -1.68
Accel: -0.27, 0.11, -0.94
Gyro: -1.77, -0.05, -2.06
Accel: -0.26, 0.11, -0.93
Gyro: -1.98, 0.40, -2.17
Accel: -0.27, 0.12, -0.91
Gyro: -0.67, -0.47, -1.55
Accel: -0.26, 0.12, -0.93
Gyro: -0.82, -1.38, -1.72
Accel: -0.27, 0.12, -0.93
Gyro: -1.01, -0.50, -1.50
Accel: -0.27, 0.12, -0.94
Gyro: -1.11, -0.24, -1.15
