Accel: -0.29, 0.09, -0.95
Gyro: -2.69, 2.18, -0.54
Accel: -0.28, 0.10, -0.93
Gyro: -1.49, 3.18, -1.08
Accel: -0.28, 0.09, -0.93
Gyro: -0.93, 3.07, -1.18
Accel: -0.28, 0.10, -0.93
Gyro: -1.65, 2.74, -0.88
Accel: -0.29, 0.10, -0.94
Gyro: -2.09, 4.01, -0.49
Accel: -0.29, 0.10, -0.95
Gyro: -1.63, 6.18, -0.14
Accel: -0.29, 0.10, -0.95
Gyro: -1.51, 9.10, -0.09
Accel: -0.28, 0.09, -0.95
Gyro: -0.57, 10.37, -0.77
Accel: -0.30, 0.10, -0.99
Gyro: -1.30, 13.76, -0.66
Accel: -0.30, 0.11, -0.99
Gyro: -1.28, 21.19, 0.09
Accel: -0.28, 0.10, -0.97
Gyro: 1.74, 26.53, 0.79
Accel: -0.29, 0.11, -1.05
Gyro: 1.95, 35.16, 0.85
Accel: -0.29, 0.11, -1.04
Gyro: 0.65, 50.98, 1.76
Accel: -0.23, 0.09, -0.97
Gyro: 5.91, 57.53, 1.58
Accel: -0.19, 0.09, -0.95
Gyro: 6.00, 61.58, 1.80
Accel: -0.15, 0.09, -0.97
Gyro: 6.41, 64.14, 1.38
Accel: -0.11, 0.09, -0.97
Gyro: 5.85, 69.43, 1.53
Accel: -0.07, 0.09, -0.94
Gyro: 7.24, 73.25, 2.27
Accel: -0.04, 0.09, -0.95
Gyro: 10.73, 76.38, 2.53
Accel: -0.02, 0.13, -1.03
Gyro: 14.02, 84.57, 5.69
Accel: 0.04, 0.11, -0.94
Gyro: 14.08, 93.03, 15.05
Accel: 0.14, 0.04, -0.83
Gyro: 18.40, 86.39, 19.70
Accel: 0.21, -0.02, -0.84
Gyro: 15.08, 71.94, 18.61
Accel: 0.24, -0.03, -0.89
Gyro: 10.83, 62.23, 14.59
Accel: 0.25, -0.01, -0.96
Gyro: 8.56, 60.40, 11.59
Accel: 0.28, -0.04, -0.93
Gyro: 3.88, 62.10, 10.65
Accel: 0.34, -0.04, -0.87
Gyro: 6.31, 61.17, 9.86
Accel: 0.37, -0.02, -0.89
Gyro: 3.70, 60.16, 8.32
Accel: 0.39, -0.02, -0.88
Gyro: 2.20, 58.98, 7.58
Accel: 0.44, -0.03, -0.84
Gyro: 1.72, 57.86, 6.99
Accel: 0.47, -0.04, -0.83
Gyro: 0.65, 54.48, 5.84
Accel: 0.47, -0.05, -0.77
Gyro: -5.33, 50.32, 6.16
Accel: 0.52, -0.08, -0.78
Gyro: -6.84, 37.38, 1.48
Accel: 0.58, -0.03, -0.79
Gyro: -2.64, 30.72, 0.95
Accel: 0.59, -0.04, -0.78
Gyro: -0.89, 24.20, 0.91
Accel: 0.62, -0.05, -0.72
Gyro: -1.81, 13.59, -2.78
Accel: 0.60, -0.03, -0.76
Gyro: -3.30, 8.07, -3.07
Accel: 0.60, -0.02, -0.78
Gyro: -2.52, 3.85, -2.82
Accel: 0.59, -0.02, -0.77
Gyro: -1.39, -0.06, -2.37
Accel: 0.57, -0.03, -0.79
Gyro: -2.58, -3.13, -2.59
Accel: 0.56, -0.03, -0.80
Gyro: -2.13, -5.01, -3.06
Accel: 0.56, -0.04, -0.81
Gyro: -3.29, -5.73, -3.07
Accel: 0.55, -0.04, -0.81
Gyro: -5.29, -6.22, -3.71
Accel: 0.55, -0.04, -0.82
Gyro: -5.26, -6.65, -3.84
Accel: 0.54, -0.03, -0.81
Gyro: -7.09, -7.10, -4.64
Accel: 0.55, -0.02, -0.80
Gyro: -6.67, -9.45, -5.60
Accel: 0.55, -0.02, -0.81
Gyro: -6.51, -11.78, -5.56
Accel: 0.56, -0.02, -0.79
Gyro: -8.30, -13.22, -6.90
Accel: 0.56, -0.00, -0.78
Gyro: -8.77, -18.91, -7.64
Accel: 0.55, 0.01, -0.79
Gyro: -6.15, -26.16, -7.21
Accel: 0.55, 0.00, -0.80
Gyro: -4.36, -29.52, -7.27
Accel: 0.51, -0.01, -0.81
Gyro: -9.00, -31.72, -5.74
Accel: 0.51, -0.01, -0.80
Gyro: -9.67, -38.42, -8.07
Accel: 0.49, 0.02, -0.80
Gyro: -11.59, -44.06, -8.81
Accel: 0.47, 0.01, -0.83
Gyro: -10.04, -51.22, -8.59
Accel: 0.43, 0.04, -0.86
Gyro: -12.42, -56.12, -10.01
Accel: 0.40, 0.04, -0.84
Gyro: -10.53, -61.55, -10.76
Accel: 0.36, 0.04, -0.87
Gyro: -9.80, -66.47, -10.32
Accel: 0.32, 0.04, -0.89
Gyro: -11.37, -71.68, -11.63
Accel: 0.26, 0.05, -0.89
Gyro: -11.70, -75.36, -12.22
Accel: 0.21, 0.05, -0.93
Gyro: -12.60, -76.86, -13.74
Accel: 0.16, 0.05, -0.94
Gyro: -12.97, -76.84, -14.61
Accel: 0.10, 0.06, -0.95
Gyro: -13.64, -77.22, -14.60
Accel: 0.05, 0.09, -0.96
Gyro: -16.01, -76.10, -13.61
Accel: -0.00, 0.10, -0.97
Gyro: -18.77, -72.37, -12.36
Accel: -0.04, 0.12, -0.98
Gyro: -16.86, -67.41, -10.35
Accel: -0.08, 0.12, -0.99
Gyro: -15.29, -61.36, -8.03
Accel: -0.09, 0.12, -0.98
Gyro: -16.57, -56.60, -6.90
Accel: -0.11, 0.13, -0.96
Gyro: -15.35, -54.01, -5.87
Accel: -0.14, 0.13, -0.97
Gyro: -12.13, -51.45, -4.75
Accel: -0.17, 0.13, -0.98
Gyro: -11.05, -47.11, -3.77
Accel: -0.19, 0.13, -0.96
Gyro: -12.46, -42.86, -2.77
Accel: -0.21, 0.13, -0.93
Gyro: -11.51, -42.22, -3.65
Accel: -0.24, 0.14, -0.95
Gyro: -8.35, -42.60, -5.28
Accel: -0.27, 0.16, -0.98
Gyro: -10.33, -38.31, -5.84
Accel: -0.28, 0.17, -0.97
Gyro: -8.31, -33.29, -5.45
Accel: -0.30, 0.18, -0.93
Gyro: -4.62, -29.64, -4.38
Accel: -0.31, 0.16, -0.93
Gyro: -3.42, -26.63, -3.79
Accel: -0.31, 0.15, -0.91
Gyro: -4.46, -25.95, -6.46
Accel: -0.34, 0.16, -0.93
Gyro: -3.31, -24.51, -7.55
Accel: -0.35, 0.14, -0.96
Gyro: -3.76, -18.22, -6.71
Accel: -0.33, 0.11, -0.94
Gyro: -5.55, -13.02, -7.94
Accel: -0.32, 0.13, -0.85
Gyro: -9.47, -14.37, -9.12
Accel: -0.37, 0.17, -0.93
Gyro: -7.25, -17.53, -6.62
Accel: -0.37, 0.17, -0.93
Gyro: -15.82, -12.76, -5.55
Accel: -0.35, 0.19, -0.91
Gyro: -16.49, -10.07, -5.36
Accel: -0.34, 0.21, -0.92
Gyro: -14.37, -6.48, -5.68
Accel: -0.33, 0.21, -0.93
Gyro: -11.44, -1.63, -5.13
Accel: -0.32, 0.20, -0.85
Gyro: -11.19, -2.12, -7.91
Accel: -0.34, 0.23, -0.89
Gyro: -5.87, -6.19, -9.45
Accel: -0.35, 0.24, -0.91
Gyro: -7.00, -0.08, -7.89
Accel: -0.33, 0.22, -0.85
Gyro: -3.67, -2.21, -6.41
Accel: -0.34, 0.22, -0.86
Gyro: -0.95, -7.00, -4.04
Accel: -0.36, 0.19, -0.88
Gyro: 1.42, -7.97, -1.80
Accel: -0.42, 0.20, -0.84
Gyro: -15.59, -6.37, 3.11
Accel: -0.40, 0.19, -0.88
Gyro: -3.11, -11.09, 0.81
Accel: -0.46, 0.21, -0.95
Gyro: 0.09, -6.59, 3.05
Accel: -0.44, 0.17, -0.91
Gyro: -2.88, 1.66, 2.31
Accel: -0.41, 0.18, -0.92
Gyro: -5.46, 5.74, 2.46
Accel: -0.36, 0.16, -0.82
Gyro: -2.06, 2.47, -0.90
Accel: -0.36, 0.22, -0.86
Gyro: -6.97, -3.88, -4.44
