Accel: -0.27, 0.11, -0.93
Gyro: -1.21, -0.04, -1.19
Accel: -0.28, 0.11, -0.93
Gyro: -1.79, 0.34, -1.42
Accel: -0.27, 0.12, -0.93
Gyro: -2.24, 0.72, -1.69
Accel: -0.27, 0.12, -0.94
Gyro: -2.17, 0.85, -1.72
Accel: -0.27, 0.11, -0.92
Gyro: -2.44, 1.50, -1.39
Accel: -0.26, 0.11, -0.91
Gyro: -2.31, 1.82, -1.66
Accel: -0.26, 0.12, -0.93
Gyro: -2.22, 1.13, -1.90
Accel: -0.26, 0.12, -0.93
Gyro: -1.68, 0.87, -1.37
Accel: -0.27, 0.11, -0.93
Gyro: -1.98, 1.31, -0.81
Accel: -0.27, 0.11, -0.94
Gyro: -2.31, 1.33, -1.12
Accel: -0.30, 0.12, -0.98
Gyro: -1.91, 3.58, -1.30
Accel: -0.33, 0.12, -1.03
Gyro: -1.94, 15.47, -0.86
Accel: -0.31, 0.12, -0.99
Gyro: 0.92, 25.13, -1.28
Accel: -0.31, 0.12, -1.02
Gyro: 2.25, 33.42, -2.40
Accel: -0.30, 0.13, -1.05
Gyro: 2.05, 47.30, -1.50
Accel: -0.23, 0.11, -0.96
Gyro: 4.14, 55.24, -1.09
Accel: -0.18, 0.10, -0.94
Gyro: 4.78, 55.42, -1.98
Accel: -0.16, 0.10, -0.97
Gyro: 4.32, 56.30, -2.30
Accel: -0.14, 0.10, -0.98
Gyro: 0.02, 65.05, -1.27
Accel: -0.10, 0.11, -0.94
Gyro: 2.62, 66.47, -1.34
Accel: -0.06, 0.11, -0.98
Gyro: 3.38, 70.13, -0.12
Accel: -0.03, 0.10, -0.97
Gyro: 5.20, 74.57, 1.05
Accel: 0.03, 0.10, -0.95
Gyro: 6.99, 77.00, 1.11
Accel: 0.07, 0.09, -0.94
Gyro: 7.34, 76.38, 0.51
Accel: 0.12, 0.11, -0.94
Gyro: 8.34, 74.76, 1.62
Accel: 0.16, 0.10, -0.93
Gyro: 9.41, 74.55, 4.33
Accel: 0.21, 0.08, -0.88
Gyro: 10.71, 70.50, 7.46
Accel: 0.25, 0.05, -0.90
Gyro: 9.59, 65.10, 8.87
Accel: 0.28, 0.03, -0.90
Gyro: 6.71, 61.59, 9.24
Accel: 0.31, 0.02, -0.88
Gyro: 3.56, 58.62, 9.09
Accel: 0.35, 0.02, -0.87
Gyro: 2.30, 56.99, 9.44
Accel: 0.37, 0.02, -0.89
Gyro: 0.91, 55.80, 8.34
Accel: 0.40, 0.02, -0.89
Gyro: 0.37, 55.55, 7.04
Accel: 0.43, 0.01, -0.87
Gyro: -0.21, 56.14, 5.39
Accel: 0.47, 0.01, -0.82
Gyro: -1.75, 54.87, 4.09
Accel: 0.50, 0.02, -0.81
Gyro: -0.50, 51.54, 4.10
Accel: 0.55, 0.01, -0.78
Gyro: -0.44, 48.14, 2.57
Accel: 0.58, 0.01, -0.78
Gyro: -1.47, 44.65, 3.85
Accel: 0.58, 0.01, -0.78
Gyro: -3.88, 42.62, 5.71
Accel: 0.62, 0.02, -0.74
Gyro: -3.23, 36.91, 5.68
Accel: 0.65, 0.01, -0.73
Gyro: -1.01, 29.83, 5.59
Accel: 0.65, 0.00, -0.72
Gyro: -4.10, 23.22, 5.23
Accel: 0.67, 0.00, -0.72
Gyro: -3.01, 15.14, 3.29
Accel: 0.67, -0.01, -0.73
Gyro: -3.64, 10.38, 1.45
Accel: 0.67, -0.01, -0.69
Gyro: -4.34, 4.88, -0.08
Accel: 0.67, -0.01, -0.73
Gyro: -5.13, -0.70, -1.62
Accel: 0.67, -0.01, -0.74
Gyro: -7.03, -3.71, -3.03
Accel: 0.67, -0.01, -0.72
Gyro: -8.85, -8.61, -4.40
Accel: 0.66, 0.01, -0.72
Gyro: -8.94, -14.58, -5.75
Accel: 0.67, 0.03, -0.71
Gyro: -8.60, -20.92, -7.32
Accel: 0.67, 0.04, -0.72
Gyro: -6.96, -27.97, -7.62
Accel: 0.66, 0.03, -0.72
Gyro: -6.28, -36.42, -7.63
Accel: 0.65, 0.04, -0.71
Gyro: -6.26, -46.79, -8.16
Accel: 0.61, 0.05, -0.73
Gyro: -5.56, -57.85, -7.84
Accel: 0.58, 0.04, -0.73
Gyro: -7.21, -67.84, -7.26
Accel: 0.52, 0.05, -0.79
Gyro: -6.98, -78.30, -8.28
Accel: 0.45, 0.05, -0.81
Gyro: -8.13, -80.89, -8.49
Accel: 0.40, 0.06, -0.82
Gyro: -5.57, -85.20, -8.88
Accel: 0.34, 0.06, -0.88
Gyro: -4.71, -86.91, -8.47
Accel: 0.29, 0.07, -0.92
Gyro: -6.85, -85.64, -8.87
Accel: 0.24, 0.06, -0.91
Gyro: -7.74, -85.11, -9.21
Accel: 0.20, 0.05, -0.93
Gyro: -9.29, -84.66, -10.28
Accel: 0.13, 0.07, -0.94
Gyro: -10.31, -83.79, -11.84
Accel: 0.09, 0.08, -0.95
Gyro: -7.49, -82.11, -12.41
Accel: 0.04, 0.09, -0.98
Gyro: -6.87, -77.48, -11.92
Accel: -0.02, 0.09, -1.00
Gyro: -8.08, -71.91, -11.50
Accel: -0.04, 0.10, -0.98
Gyro: -7.16, -65.55, -10.96
Accel: -0.08, 0.10, -0.99
Gyro: -6.46, -59.77, -9.90
Accel: -0.10, 0.09, -0.97
Gyro: -7.99, -55.38, -9.45
Accel: -0.11, 0.12, -0.96
Gyro: -8.74, -54.21, -8.95
Accel: -0.14, 0.12, -0.97
Gyro: -7.68, -51.79, -8.07
Accel: -0.16, 0.13, -0.99
Gyro: -7.91, -47.37, -6.61
Accel: -0.18, 0.13, -0.95
Gyro: -7.01, -43.62, -5.40
Accel: -0.21, 0.14, -0.94
Gyro: -3.53, -41.96, -3.81
Accel: -0.23, 0.15, -0.95
Gyro: -1.97, -40.12, -0.89
Accel: -0.25, 0.13, -0.97
Gyro: -0.74, -37.00, 1.08
Accel: -0.29, 0.13, -1.02
Gyro: 0.64, -30.56, 2.30
Accel: -0.30, 0.12, -1.01
Gyro: -0.10, -19.52, 4.07
Accel: -0.29, 0.09, -0.95
Gyro: 0.47, -13.89, 3.26
Accel: -0.29, 0.10, -0.93
Gyro: 0.60, -12.62, 1.53
Accel: -0.31, 0.10, -0.99
Gyro: -0.73, -9.02, 0.12
Accel: -0.31, 0.11, -0.97
Gyro: -0.98, -3.20, -0.61
Accel: -0.29, 0.09, -0.94
Gyro: 0.55, -0.27, -1.39
Accel: -0.28, 0.09, -0.94
Gyro: -0.27, 1.31, -2.16
Accel: -0.27, 0.10, -0.93
Gyro: -1.21, 1.96, -2.88
Accel: -0.27, 0.11, -0.95
Gyro: -1.78, 3.59, -2.25
Accel: -0.26, 0.10, -0.93
Gyro: -0.62, 4.18, -1.27
Accel: -0.26, 0.10, -0.92
Gyro: -0.65, 3.25, -1.07
Accel: -0.26, 0.10, -0.93
Gyro: -1.33, 2.34, -1.15
Accel: -0.25, 0.09, -0.93
Gyro: -1.34, 2.62, -1.04
Accel: -0.25, 0.10, -0.92
Gyro: -0.94, 1.59, -1.35
Accel: -0.25, 0.10, -0.93
Gyro: -0.65, 0.75, -2.51
Accel: -0.25, 0.10, -0.93
Gyro: -2.20, 0.52, -3.09
Accel: -0.25, 0.11, -0.93
Gyro: -1.08, -0.95, -3.17
Accel: -0.26, 0.09, -0.93
Gyro: -1.11, 0.00, -2.07
Accel: -0.26, 0.10, -0.93
Gyro: -1.66, 0.11, -1.77
Accel: -0.25, 0.09, -0.92
Gyro: -3.01, -1.21, -1.71
Accel: -0.27, 0.10, -0.95
Gyro: -3.68, -0.71, -1.65
Accel: -0.27, 0.10, -0.96
Gyro: -3.17, 1.80, -1.77
Accel: -0.25, 0.10, -0.94
Gyro: -1.79, 3.02, -2.04
Accel: -0.24, 0.11, -0.92
Gyro: -2.02, 1.90, -2.23
