Accel: -0.24, 0.10, -0.93
Gyro: -1.05, 1.21, -0.18
Accel: -0.24, 0.10, -0.92
Gyro: -0.82, 0.95, -0.43
Accel: -0.24, 0.09, -0.94
Gyro: -0.91, 0.98, -1.25
Accel: -0.24, 0.09, -0.92
Gyro: -1.04, 0.03, -1.60
Accel: -0.25, 0.10, -0.93
Gyro: -1.65, -0.96, -1.11
Accel: -0.25, 0.10, -0.95
Gyro: -2.44, -0.18, -0.14
Accel: -0.25, 0.10, -0.95
Gyro: -2.05, 1.39, -0.14
Accel: -0.25, 0.09, -0.95
Gyro: -1.71, 3.19, -0.76
Accel: -0.26, 0.10, -0.97
Gyro: -1.36, 4.76, -0.82
Accel: -0.28, 0.11, -0.99
Gyro: -0.89, 9.81, 0.23
Accel: -0.33, 0.11, -1.07
Gyro: 1.23, 20.51, 1.52
Accel: -0.32, 0.11, -1.07
Gyro: 0.23, 39.47, 3.61
Accel: -0.30, 0.10, -1.05
Gyro: 4.25, 51.32, 4.39
Accel: -0.25, 0.11, -1.00
Gyro: 2.20, 65.80, 5.97
Accel: -0.17, 0.09, -0.93
Gyro: 4.97, 69.99, 5.39
Accel: -0.13, 0.09, -0.95
Gyro: 4.61, 72.50, 5.17
Accel: -0.08, 0.09, -0.94
Gyro: 2.88, 75.37, 4.95
Accel: -0.04, 0.11, -0.95
Gyro: 5.23, 75.49, 5.29
Accel: 0.01, 0.09, -0.95
Gyro: 8.52, 76.51, 6.61
Accel: 0.07, 0.07, -0.91
Gyro: 11.28, 75.95, 7.13
Accel: 0.13, 0.04, -0.90
Gyro: 10.45, 70.69, 6.15
Accel: 0.17, 0.04, -0.92
Gyro: 7.61, 64.61, 4.78
Accel: 0.19, 0.04, -0.93
Gyro: 6.05, 60.46, 4.17
Accel: 0.23, 0.04, -0.93
Gyro: 5.43, 58.33, 5.23
Accel: 0.24, 0.02, -0.94
Gyro: 3.92, 57.81, 5.40
Accel: 0.27, 0.01, -0.92
Gyro: 2.44, 58.33, 4.56
Accel: 0.31, -0.03, -0.88
Gyro: 0.82, 56.27, 1.00
Accel: 0.36, -0.01, -0.86
Gyro: -2.30, 50.35, -4.89
Accel: 0.37, 0.05, -0.88
Gyro: -3.43, 46.07, -5.49
Accel: 0.40, 0.07, -0.90
Gyro: -2.17, 45.36, -1.79
Accel: 0.42, 0.06, -0.88
Gyro: -1.94, 44.75, 2.24
Accel: 0.44, 0.08, -0.85
Gyro: 0.07, 42.96, 6.87
Accel: 0.49, 0.05, -0.81
Gyro: 1.26, 37.99, 12.57
Accel: 0.53, -0.02, -0.78
Gyro: 2.09, 28.51, 10.90
Accel: 0.53, -0.04, -0.82
Gyro: -3.68, 25.53, 4.87
Accel: 0.54, -0.03, -0.79
Gyro: -3.53, 21.88, -1.37
Accel: 0.56, -0.00, -0.81
Gyro: -5.46, 17.35, -6.07
Accel: 0.58, 0.01, -0.78
Gyro: -5.64, 10.85, -7.71
Accel: 0.59, 0.03, -0.77
Gyro: -6.63, 2.25, -8.14
Accel: 0.58, 0.03, -0.77
Gyro: -7.00, -5.65, -6.66
Accel: 0.59, 0.04, -0.75
Gyro: -7.30, -13.68, -5.26
Accel: 0.59, 0.04, -0.75
Gyro: -8.68, -24.48, -5.17
Accel: 0.58, 0.06, -0.75
Gyro: -5.90, -35.31, -5.61
Accel: 0.55, 0.06, -0.78
Gyro: -8.54, -42.58, -4.57
Accel: 0.51, 0.06, -0.77
Gyro: -9.09, -50.75, -3.93
Accel: 0.46, 0.05, -0.81
Gyro: -8.17, -57.86, -2.72
Accel: 0.42, 0.05, -0.87
Gyro: -10.16, -60.68, -2.86
Accel: 0.39, 0.06, -0.88
Gyro: -11.07, -62.19, -3.40
Accel: 0.34, 0.05, -0.89
Gyro: -10.12, -63.56, -5.16
Accel: 0.30, 0.07, -0.92
Gyro: -9.36, -64.13, -7.90
Accel: 0.26, 0.08, -0.93
Gyro: -8.17, -63.00, -9.80
Accel: 0.24, 0.09, -0.95
Gyro: -5.31, -61.47, -11.34
Accel: 0.21, 0.12, -0.92
Gyro: -2.50, -59.44, -12.38
Accel: 0.19, 0.15, -0.92
Gyro: 4.98, -63.32, -9.44
Accel: 0.13, 0.10, -0.96
Gyro: 8.17, -64.19, -5.06
Accel: 0.09, 0.03, -0.93
Gyro: 5.89, -63.62, -4.77
Accel: 0.05, 0.04, -0.93
Gyro: 1.11, -65.32, -6.10
Accel: -0.01, 0.05, -0.98
Gyro: -4.64, -64.06, -7.53
Accel: -0.06, 0.06, -1.00
Gyro: -7.65, -59.99, -8.40
Accel: -0.08, 0.07, -0.98
Gyro: -10.54, -54.91, -7.94
Accel: -0.11, 0.08, -0.98
Gyro: -11.50, -50.71, -6.70
Accel: -0.12, 0.10, -0.99
Gyro: -12.16, -46.91, -5.45
Accel: -0.13, 0.11, -0.97
Gyro: -11.15, -44.46, -4.36
Accel: -0.16, 0.12, -1.00
Gyro: -10.41, -40.34, -3.75
Accel: -0.18, 0.12, -0.98
Gyro: -9.16, -35.16, -2.76
Accel: -0.19, 0.12, -0.95
Gyro: -6.69, -33.71, -2.69
Accel: -0.22, 0.12, -0.94
Gyro: -2.76, -32.86, -2.74
Accel: -0.24, 0.12, -0.98
Gyro: -3.70, -27.57, -2.16
Accel: -0.25, 0.11, -0.98
Gyro: -4.20, -21.94, -2.65
Accel: -0.25, 0.11, -0.95
Gyro: -1.74, -18.96, -3.23
Accel: -0.25, 0.12, -0.97
Gyro: -0.28, -15.80, -2.94
Accel: -0.26, 0.11, -0.95
Gyro: -0.44, -13.44, -3.04
Accel: -0.28, 0.12, -0.97
Gyro: -1.44, -9.38, -1.45
Accel: -0.28, 0.10, -0.96
Gyro: -3.73, -4.63, -0.44
Accel: -0.27, 0.10, -0.96
Gyro: -3.44, -1.65, -1.09
Accel: -0.27, 0.10, -0.94
Gyro: -3.05, 0.11, -1.65
Accel: -0.27, 0.11, -0.95
Gyro: -3.47, 1.59, -2.03
Accel: -0.26, 0.11, -0.94
Gyro: -2.89, 2.40, -2.29
Accel: -0.25, 0.11, -0.94
Gyro: -1.93, 2.81, -2.36
Accel: -0.24, 0.11, -0.93
Gyro: -1.80, 2.89, -1.81
Accel: -0.25, 0.11, -0.94
Gyro: -2.91, 2.87, -1.27
Accel: -0.24, 0.11, -0.93
Gyro: -3.20, 3.23, -1.53
Accel: -0.24, 0.11, -0.93
Gyro: -3.10, 3.12, -2.20
Accel: -0.23, 0.10, -0.93
Gyro: -2.91, 2.05, -2.80
Accel: -0.23, 0.11, -0.93
Gyro: -2.91, 1.11, -3.22
Accel: -0.23, 0.11, -0.94
Gyro: -2.47, 0.07, -3.02
Accel: -0.23, 0.11, -0.94
Gyro: -1.34, -0.84, -2.55
Accel: -0.24, 0.11, -0.96
Gyro: -2.33, 0.22, -1.46
Accel: -0.24, 0.11, -0.94
Gyro: -3.10, 2.11, -0.75
Accel: -0.22, 0.11, -0.94
Gyro: -2.65, 2.12, -0.80
Accel: -0.22, 0.11, -0.93
Gyro: -2.43, 1.36, -1.39
Accel: -0.22, 0.11, -0.94
Gyro: -1.12, 0.47, -1.49
Accel: -0.22, 0.11, -0.94
Gyro: -2.72, 1.27, -0.63
Accel: -0.22, 0.11, -0.92
Gyro: -2.40, 0.83, -0.02
Accel: -0.22, 0.11, -0.93
Gyro: -1.37, -0.25, -0.24
Accel: -0.23, 0.10, -0.95
Gyro: -3.00, 0.56, -0.34
Accel: -0.22, 0.10, -0.94
Gyro: -3.48, 1.76, -1.69
Accel: -0.22, 0.11, -0.93
Gyro: -3.01, 0.85, -2.50
Accel: -0.22, 0.11, -0.92
Gyro: -2.55, -0.36, -3.30
Accel: -0.23, 0.11, -0.95
Gyro: -2.59, -0.22, -2.60
Accel: -0.23, 0.12, -0.94
Gyro: -3.55, 0.57, -2.49
