Accel: -0.18, 0.12, -0.95
Gyro: -2.56, -1.20, -2.11
Accel: -0.19, 0.12, -0.96
Gyro: -2.13, -0.38, -1.52
Accel: -0.19, 0.12, -0.97
Gyro: -1.38, 2.09, -0.70
Accel: -0.21, 0.12, -0.96
Gyro: -0.92, 4.44, 0.04
Accel: -0.24, 0.13, -1.01
Gyro: -1.00, 8.77, 0.89
Accel: -0.26, 0.12, -1.03
Gyro: -1.09, 19.31, 2.72
Accel: -0.23, 0.11, -1.03
Gyro: -1.16, 31.71, 2.71
Accel: -0.18, 0.11, -0.99
Gyro: 0.03, 39.14, 1.77
Accel: -0.17, 0.11, -0.98
Gyro: 1.37, 43.90, 0.01
Accel: -0.23, 0.13, -1.11
Gyro: 0.35, 57.75, 0.96
Accel: -0.22, 0.14, -1.10
Gyro: -4.03, 85.53, 5.05
Accel: -0.15, 0.12, -1.00
Gyro: 4.26, 103.29, 5.70
Accel: -0.08, 0.11, -1.02
Gyro: 6.28, 117.07, 5.59
Accel: -0.01, 0.10, -0.95
Gyro: 0.56, 129.37, 6.47
Accel: 0.10, 0.11, -0.86
Gyro: 2.01, 131.00, 7.52
Accel: 0.20, 0.11, -0.84
Gyro: 3.61, 125.56, 9.00
Accel: 0.30, 0.10, -0.85
Gyro: 5.79, 119.48, 11.20
Accel: 0.38, 0.06, -0.86
Gyro: 2.79, 116.33, 13.63
Accel: 0.48, 0.04, -0.78
Gyro: -4.03, 111.22, 15.47
Accel: 0.55, 0.03, -0.65
Gyro: -30.90, 95.37, 14.35
Accel: 0.71, 0.09, -0.54
Gyro: -7.23, 72.04, 12.69
Accel: 0.69, 0.10, -0.72
Gyro: -3.60, 57.14, 11.95
Accel: 0.70, 0.10, -0.69
Gyro: 3.43, 44.04, 12.39
Accel: 0.79, 0.03, -0.53
Gyro: 10.18, 29.26, 9.65
Accel: 0.73, -0.04, -0.69
Gyro: -1.29, 17.24, 9.23
Accel: 0.69, 0.02, -0.73
Gyro: 3.22, 11.60, 8.24
Accel: 0.68, 0.00, -0.73
Gyro: -0.66, 8.90, 5.77
Accel: 0.67, -0.01, -0.71
Gyro: -5.12, 5.29, 3.48
Accel: 0.67, 0.02, -0.73
Gyro: -7.96, 0.60, -0.08
Accel: 0.69, 0.04, -0.70
Gyro: -9.28, -3.75, -3.09
Accel: 0.69, 0.06, -0.72
Gyro: -4.01, -11.54, -5.65
Accel: 0.67, 0.03, -0.75
Gyro: -3.61, -12.45, -6.97
Accel: 0.69, 0.03, -0.70
Gyro: -4.53, -17.16, -9.86
Accel: 0.68, 0.04, -0.69
Gyro: -3.58, -25.03, -11.93
Accel: 0.68, 0.05, -0.72
Gyro: -7.10, -34.28, -13.31
Accel: 0.64, 0.06, -0.73
Gyro: -7.48, -42.21, -15.48
Accel: 0.65, 0.09, -0.67
Gyro: -8.82, -51.54, -13.53
Accel: 0.61, 0.10, -0.73
Gyro: -5.79, -67.01, -15.10
Accel: 0.54, 0.08, -0.80
Gyro: -9.10, -71.40, -13.18
Accel: 0.50, 0.08, -0.74
Gyro: -3.64, -83.41, -16.08
Accel: 0.45, 0.10, -0.82
Gyro: -7.17, -85.44, -14.88
Accel: 0.37, 0.11, -0.84
Gyro: -4.65, -89.58, -17.07
Accel: 0.34, 0.11, -0.88
Gyro: -1.49, -89.42, -15.48
Accel: 0.26, 0.12, -0.89
Gyro: -6.93, -90.62, -15.14
Accel: 0.20, 0.12, -0.92
Gyro: -5.97, -88.83, -14.61
Accel: 0.16, 0.13, -0.94
Gyro: -8.68, -86.47, -14.94
Accel: 0.11, 0.15, -0.95
Gyro: -6.45, -85.60, -14.09
Accel: 0.05, 0.15, -0.95
Gyro: -3.72, -82.70, -13.11
Accel: 0.02, 0.16, -0.96
Gyro: 0.24, -79.31, -12.12
Accel: -0.04, 0.16, -0.96
Gyro: 2.46, -77.85, -9.40
Accel: -0.10, 0.14, -0.96
Gyro: 4.03, -73.76, -5.38
Accel: -0.14, 0.12, -0.98
Gyro: 0.27, -66.88, -2.11
Accel: -0.16, 0.12, -1.00
Gyro: -3.70, -60.84, -1.03
Accel: -0.19, 0.13, -0.99
Gyro: -4.20, -54.74, -1.60
Accel: -0.20, 0.12, -1.00
Gyro: -4.23, -46.56, -2.05
Accel: -0.21, 0.13, -0.96
Gyro: -1.85, -41.33, -2.96
Accel: -0.25, 0.14, -1.01
Gyro: 1.34, -35.32, -3.25
Accel: -0.28, 0.14, -1.02
Gyro: -0.14, -23.89, -1.65
Accel: -0.26, 0.12, -0.96
Gyro: -0.38, -15.63, -1.00
Accel: -0.25, 0.12, -0.96
Gyro: 0.26, -13.40, -0.92
Accel: -0.25, 0.12, -0.96
Gyro: 0.03, -11.37, -1.16
Accel: -0.26, 0.11, -0.98
Gyro: -0.71, -7.50, -1.17
Accel: -0.25, 0.12, -0.95
Gyro: -1.27, -3.49, -1.69
Accel: -0.24, 0.12, -0.93
Gyro: 0.00, -4.35, -2.43
Accel: -0.25, 0.11, -0.92
Gyro: -0.75, -5.81, -2.54
Accel: -0.25, 0.12, -0.95
Gyro: -2.74, -4.70, -2.53
Accel: -0.25, 0.12, -0.94
Gyro: -2.92, -2.20, -1.85
Accel: -0.24, 0.12, -0.92
Gyro: -1.61, -1.70, -1.58
Accel: -0.24, 0.12, -0.92
Gyro: -1.77, -2.68, -1.75
Accel: -0.25, 0.12, -0.93
Gyro: -2.74, -2.46, -1.43
Accel: -0.25, 0.13, -0.93
Gyro: -2.55, -2.16, -1.70
Accel: -0.24, 0.12, -0.92
Gyro: -0.52, -3.05, -1.46
Accel: -0.25, 0.12, -0.94
Gyro: -0.62, -4.02, -1.12
Accel: -0.26, 0.12, -0.94
Gyro: -1.56, -3.44, -0.44
Accel: -0.27, 0.11, -0.95
Gyro: -1.83, -2.24, -0.18
Accel: -0.26, 0.11, -0.94
Gyro: -1.97, -0.74, -0.92
Accel: -0.25, 0.11, -0.92
Gyro: -1.11, -0.63, -1.92
Accel: -0.26, 0.12, -0.94
Gyro: -1.07, -1.02, -1.85
Accel: -0.25, 0.12, -0.93
Gyro: -1.41, -1.46, -1.38
Accel: -0.26, 0.12, -0.93
Gyro: -1.18, -1.37, -1.15
Accel: -0.26, 0.11, -0.93
Gyro: -0.69, -1.55, -0.74
Accel: -0.26, 0.11, -0.94
Gyro: -1.43, -1.08, -0.89
Accel: -0.26, 0.11, -0.94
Gyro: -1.80, 0.32, -0.73
Accel: -0.25, 0.11, -0.94
Gyro: -1.63, 1.72, -1.02
Accel: -0.25, 0.11, -0.93
Gyro: -1.70, 1.28, -1.47
Accel: -0.25, 0.11, -0.93
Gyro: -2.43, 0.71, -1.51
Accel: -0.24, 0.11, -0.94
Gyro: -2.87, -0.02, -1.55
Accel: -0.24, 0.11, -0.94
Gyro: -2.29, 0.53, -1.71
Accel: -0.24, 0.12, -0.93
Gyro: -0.92, -0.56, -1.63
Accel: -0.25, 0.11, -0.94
Gyro: -2.34, -0.92, -1.21
Accel: -0.25, 0.12, -0.93
Gyro: -2.91, -1.40, -0.63
Accel: -0.25, 0.12, -0.93
Gyro: -2.88, -1.78, -0.63
Accel: -0.26, 0.11, -0.95
Gyro: -3.29, -1.11, -1.27
Accel: -0.25, 0.11, -0.94
Gyro: -2.44, -0.13, -2.14
Accel: -0.25, 0.11, -0.93
Gyro: -3.24, -0.25, -2.72
Accel: -0.25, 0.13, -0.92
Gyro: -2.59, -1.98, -2.72
Accel: -0.26, 0.13, -0.94
Gyro: -2.54, -1.41, -1.49
Accel: -0.26, 0.12, -0.94
Gyro: -2.86, 0.83, -1.01
Accel: -0.25, 0.12, -0.92
Gyro: -1.85, 1.09, -0.89
Accel: -0.25, 0.12, -0.93
Gyro: -1.30, -0.25, -1.52
Accel: -0.24, 0.11, -0.94
Gyro: -1.79, 0.04, -1.36
