Accel: -0.22, 0.10, -0.93
Gyro: -2.37, 1.49, -2.01
Accel: -0.22, 0.11, -0.93
Gyro: -1.67, 1.16, -1.93
Accel: -0.23, 0.10, -0.94
Gyro: -1.50, 1.00, -1.61
Accel: -0.23, 0.11, -0.94
Gyro: -1.88, 1.93, -0.97
Accel: -0.22, 0.10, -0.93
Gyro: -1.24, 2.33, -0.92
Accel: -0.23, 0.10, -0.94
Gyro: -1.12, 1.91, -1.27
Accel: -0.22, 0.09, -0.94
Gyro: -1.79, 1.88, -1.61
Accel: -0.22, 0.09, -0.93
Gyro: -2.58, 1.56, -2.23
Accel: -0.23, 0.10, -0.95
Gyro: -2.40, 1.00, -1.72
Accel: -0.25, 0.10, -0.98
Gyro: -2.80, 2.76, -1.03
Accel: -0.31, 0.12, -1.05
Gyro: -2.72, 12.71, 0.69
Accel: -0.31, 0.12, -1.05
Gyro: -2.93, 29.70, 2.72
Accel: -0.29, 0.13, -1.04
Gyro: -0.27, 42.69, 3.83
Accel: -0.24, 0.11, -1.00
Gyro: 1.14, 53.98, 4.78
Accel: -0.22, 0.11, -1.03
Gyro: 0.50, 64.84, 5.46
Accel: -0.16, 0.10, -0.94
Gyro: 1.50, 72.14, 6.28
Accel: -0.11, 0.10, -0.93
Gyro: 5.80, 73.34, 5.87
Accel: -0.06, 0.09, -0.97
Gyro: 6.58, 76.12, 4.54
Accel: -0.02, 0.09, -0.98
Gyro: 6.41, 80.74, 3.17
Accel: 0.04, 0.08, -0.93
Gyro: 5.77, 83.78, 2.19
Accel: 0.10, 0.08, -0.92
Gyro: 6.44, 82.21, 0.75
Accel: 0.15, 0.08, -0.92
Gyro: 9.44, 77.85, 0.74
Accel: 0.19, 0.08, -0.90
Gyro: 8.08, 74.92, 1.59
Accel: 0.24, 0.07, -0.91
Gyro: 6.90, 71.33, 3.23
Accel: 0.29, 0.06, -0.89
Gyro: 4.82, 67.71, 5.84
Accel: 0.32, 0.06, -0.87
Gyro: 3.26, 63.22, 7.72
Accel: 0.36, 0.04, -0.88
Gyro: 2.30, 58.29, 9.01
Accel: 0.39, 0.04, -0.88
Gyro: 0.34, 54.38, 9.18
Accel: 0.42, 0.04, -0.85
Gyro: 1.38, 50.94, 10.12
Accel: 0.45, 0.03, -0.84
Gyro: 0.18, 47.36, 10.38
Accel: 0.52, -0.00, -0.77
Gyro: 0.27, 39.31, 6.37
Accel: 0.56, -0.02, -0.80
Gyro: -6.80, 36.62, 6.64
Accel: 0.54, -0.01, -0.82
Gyro: -8.08, 37.40, 5.47
Accel: 0.56, 0.01, -0.78
Gyro: -9.46, 30.92, 2.64
Accel: 0.56, 0.03, -0.78
Gyro: -4.45, 23.05, 0.35
Accel: 0.54, 0.04, -0.83
Gyro: -5.36, 19.26, -3.96
Accel: 0.58, 0.05, -0.78
Gyro: -3.09, 15.73, -4.56
Accel: 0.60, 0.03, -0.75
Gyro: -4.63, 9.74, -4.33
Accel: 0.60, 0.04, -0.76
Gyro: -4.87, 0.00, -4.76
Accel: 0.59, 0.04, -0.80
Gyro: -4.81, -5.56, -5.28
Accel: 0.58, 0.01, -0.79
Gyro: -4.95, -12.15, -7.52
Accel: 0.56, 0.04, -0.77
Gyro: -7.68, -17.75, -11.17
Accel: 0.56, 0.07, -0.79
Gyro: -5.26, -24.78, -12.11
Accel: 0.54, 0.06, -0.78
Gyro: -2.72, -30.11, -12.37
Accel: 0.55, 0.05, -0.79
Gyro: -10.64, -34.29, -11.78
Accel: 0.54, 0.06, -0.77
Gyro: -6.62, -43.62, -12.22
Accel: 0.52, 0.07, -0.79
Gyro: -9.55, -51.94, -13.17
Accel: 0.46, 0.09, -0.82
Gyro: -7.36, -60.14, -13.83
Accel: 0.44, 0.10, -0.83
Gyro: -7.90, -63.70, -14.27
Accel: 0.39, 0.11, -0.84
Gyro: -6.16, -68.88, -13.85
Accel: 0.33, 0.11, -0.90
Gyro: -3.91, -73.52, -12.70
Accel: 0.29, 0.11, -0.91
Gyro: -5.58, -72.91, -10.60
Accel: 0.24, 0.11, -0.92
Gyro: -4.75, -73.55, -8.73
Accel: 0.20, 0.10, -0.94
Gyro: -5.29, -74.97, -8.64
Accel: 0.16, 0.10, -0.95
Gyro: -5.50, -75.88, -9.81
Accel: 0.08, 0.10, -0.93
Gyro: -7.78, -78.53, -11.01
Accel: 0.02, 0.09, -0.91
Gyro: -7.17, -82.47, -10.51
Accel: -0.05, 0.13, -1.06
Gyro: -12.26, -71.37, -8.75
Accel: -0.07, 0.17, -1.07
Gyro: -13.92, -53.76, -5.84
Accel: -0.04, 0.18, -0.97
Gyro: -7.82, -44.27, -2.40
Accel: -0.05, 0.16, -0.95
Gyro: -3.65, -42.03, 0.50
Accel: -0.07, 0.16, -0.98
Gyro: -1.43, -39.26, 1.94
Accel: -0.10, 0.15, -0.98
Gyro: -0.95, -36.07, 2.75
Accel: -0.11, 0.15, -0.98
Gyro: -0.12, -31.63, 2.95
Accel: -0.13, 0.14, -0.96
Gyro: 2.66, -29.98, 2.51
Accel: -0.15, 0.13, -0.98
Gyro: 5.10, -27.97, 1.93
Accel: -0.16, 0.13, -0.95
Gyro: 5.65, -25.58, 0.81
Accel: -0.17, 0.10, -0.98
Gyro: 3.49, -21.84, -0.02
Accel: -0.19, 0.10, -0.98
Gyro: 1.44, -17.70, -1.32
Accel: -0.19, 0.10, -0.98
Gyro: 1.37, -11.89, -2.55
Accel: -0.18, 0.10, -0.98
Gyro: 0.25, -6.88, -3.49
Accel: -0.18, 0.11, -0.96
Gyro: -1.06, -5.04, -4.88
Accel: -0.18, 0.12, -0.95
Gyro: -1.43, -3.38, -5.31
Accel: -0.18, 0.13, -0.96
Gyro: -0.98, -2.62, -5.02
Accel: -0.18, 0.12, -0.95
Gyro: -0.78, -3.03, -4.09
Accel: -0.17, 0.12, -0.95
Gyro: -0.67, -3.46, -2.75
Accel: -0.17, 0.12, -0.94
Gyro: -0.82, -3.99, -1.39
Accel: -0.19, 0.12, -0.97
Gyro: -0.92, -3.14, 0.07
Accel: -0.18, 0.11, -0.96
Gyro: -0.74, -1.78, 0.84
Accel: -0.18, 0.09, -0.95
Gyro: -2.03, -1.60, 0.31
Accel: -0.18, 0.09, -0.95
Gyro: -2.68, -1.38, -0.79
Accel: -0.18, 0.10, -0.95
Gyro: -3.40, -0.86, -2.08
Accel: -0.17, 0.11, -0.95
Gyro: -3.43, -1.51, -3.55
Accel: -0.18, 0.11, -0.94
Gyro: -3.01, -2.00, -4.05
Accel: -0.19, 0.12, -0.93
Gyro: -2.20, -2.91, -3.61
Accel: -0.20, 0.13, -0.96
Gyro: -2.37, -2.94, -2.16
Accel: -0.19, 0.12, -0.97
Gyro: -2.55, -1.32, -0.84
Accel: -0.19, 0.11, -0.97
Gyro: -1.90, 0.30, -0.32
Accel: -0.19, 0.12, -0.96
Gyro: -1.30, 1.34, -0.18
Accel: -0.19, 0.11, -0.95
Gyro: 0.15, 1.90, 0.07
Accel: -0.19, 0.10, -0.96
Gyro: -0.31, 1.98, -0.40
Accel: -0.19, 0.10, -0.95
Gyro: -2.04, 1.89, -1.20
Accel: -0.19, 0.10, -0.94
Gyro: -2.85, 2.21, -1.67
Accel: -0.19, 0.10, -0.96
Gyro: -2.79, 1.66, -2.62
Accel: -0.18, 0.11, -0.95
Gyro: -2.88, 1.43, -3.13
Accel: -0.18, 0.11, -0.94
Gyro: -2.42, 0.40, -3.07
Accel: -0.17, 0.12, -0.94
Gyro: -2.48, -0.96, -2.85
Accel: -0.19, 0.11, -0.96
Gyro: -2.53, -0.47, -1.92
Accel: -0.17, 0.11, -0.95
Gyro: -2.87, 0.45, -1.32
Accel: -0.17, 0.11, -0.94
Gyro: -3.09, 0.15, -1.34
Accel: -0.18, 0.11, -0.94
Gyro: -2.82, -1.09, -1.80
