Accel: -0.25, 0.12, -0.94
Gyro: -1.59, 1.54, -0.89
Accel: -0.24, 0.11, -0.92
Gyro: -0.62, 1.04, -0.93
Accel: -0.25, 0.12, -0.92
Gyro: -0.31, -0.58, -1.05
Accel: -0.25, 0.11, -0.94
Gyro: -1.85, 0.66, -0.76
Accel: -0.24, 0.11, -0.93
Gyro: -2.17, 1.11, -1.05
Accel: -0.24, 0.12, -0.93
Gyro: -1.19, 0.20, -1.57
Accel: -0.24, 0.12, -0.93
Gyro: -1.34, -0.26, -1.50
Accel: -0.24, 0.12, -0.93
Gyro: -2.02, -0.95, -1.17
Accel: -0.24, 0.11, -0.93
Gyro: -1.69, -1.39, -0.97
Accel: -0.25, 0.12, -0.94
Gyro: -1.31, -1.29, -0.57
Accel: -0.24, 0.11, -0.93
Gyro: -2.27, -0.68, -0.95
Accel: -0.29, 0.12, -0.97
Gyro: -2.01, 0.85, -0.61
Accel: -0.33, 0.13, -1.04
Gyro: -0.98, 9.98, 0.50
Accel: -0.33, 0.13, -1.02
Gyro: 0.09, 24.99, 2.41
Accel: -0.30, 0.12, -0.99
Gyro: 0.72, 34.98, 2.61
Accel: -0.27, 0.12, -0.99
Gyro: 1.21, 42.21, 1.93
Accel: -0.25, 0.12, -1.01
Gyro: 1.18, 50.23, 1.27
Accel: -0.21, 0.11, -0.95
Gyro: 1.35, 57.46, 1.30
Accel: -0.15, 0.11, -0.93
Gyro: 3.01, 59.78, -0.24
Accel: -0.11, 0.12, -0.94
Gyro: 3.56, 60.30, -2.33
Accel: -0.11, 0.15, -1.01
Gyro: 5.81, 63.99, -2.94
Accel: -0.11, 0.15, -1.06
Gyro: 9.28, 76.40, 0.43
Accel: -0.05, 0.11, -0.95
Gyro: 13.82, 86.27, 5.05
Accel: 0.02, 0.08, -0.93
Gyro: 14.58, 88.91, 7.37
Accel: 0.07, 0.06, -0.91
Gyro: 11.56, 88.08, 8.17
Accel: 0.13, 0.05, -0.92
Gyro: 9.52, 86.27, 8.77
Accel: 0.18, 0.03, -0.94
Gyro: 3.91, 85.55, 10.01
Accel: 0.23, 0.03, -0.90
Gyro: -1.41, 85.49, 11.15
Accel: 0.29, 0.03, -0.89
Gyro: -1.84, 83.79, 12.99
Accel: 0.36, 0.02, -0.86
Gyro: -5.62, 79.90, 12.95
Accel: 0.42, 0.01, -0.82
Gyro: -8.43, 72.97, 10.84
Accel: 0.47, 0.04, -0.82
Gyro: -10.45, 64.96, 8.35
Accel: 0.45, 0.07, -0.90
Gyro: -23.09, 59.14, 7.61
Accel: 0.55, 0.10, -0.75
Gyro: -0.79, 48.74, 5.17
Accel: 0.57, 0.06, -0.77
Gyro: -0.13, 45.39, 7.75
Accel: 0.59, 0.04, -0.72
Gyro: 3.27, 33.45, 6.68
Accel: 0.63, 0.01, -0.73
Gyro: 3.01, 23.09, 1.57
Accel: 0.64, 0.02, -0.76
Gyro: -2.69, 19.27, 2.80
Accel: 0.63, 0.04, -0.77
Gyro: 3.33, 12.05, 2.67
Accel: 0.62, 0.02, -0.76
Gyro: -2.11, 7.61, 0.09
Accel: 0.62, 0.01, -0.77
Gyro: -0.91, -0.23, -2.73
Accel: 0.61, 0.01, -0.76
Gyro: -3.26, -6.34, -4.23
Accel: 0.60, 0.02, -0.78
Gyro: -5.98, -10.51, -6.19
Accel: 0.59, 0.03, -0.78
Gyro: -8.87, -12.71, -6.23
Accel: 0.61, 0.05, -0.75
Gyro: -13.85, -15.99, -4.84
Accel: 0.60, 0.08, -0.74
Gyro: -12.97, -25.02, -4.52
Accel: 0.60, 0.09, -0.79
Gyro: -11.44, -31.44, -4.41
Accel: 0.61, 0.05, -0.75
Gyro: -6.20, -37.68, -8.60
Accel: 0.59, 0.08, -0.71
Gyro: -6.15, -46.18, -11.01
Accel: 0.55, 0.07, -0.74
Gyro: 0.19, -62.76, -13.22
Accel: 0.50, 0.06, -0.82
Gyro: -4.49, -71.69, -13.43
Accel: 0.42, 0.07, -0.83
Gyro: -7.46, -75.86, -13.02
Accel: 0.38, 0.08, -0.82
Gyro: -7.10, -80.92, -13.47
Accel: 0.33, 0.05, -0.87
Gyro: -8.56, -85.89, -14.40
Accel: 0.27, 0.05, -0.89
Gyro: -12.02, -89.65, -16.99
Accel: 0.21, 0.07, -0.93
Gyro: -16.98, -90.04, -19.13
Accel: 0.14, 0.11, -0.93
Gyro: -18.76, -89.55, -20.88
Accel: 0.08, 0.15, -0.92
Gyro: -16.61, -88.86, -20.43
Accel: 0.00, 0.18, -0.96
Gyro: -9.13, -85.69, -17.43
Accel: -0.07, 0.17, -1.02
Gyro: -6.61, -77.11, -13.74
Accel: -0.09, 0.17, -0.99
Gyro: -5.81, -68.08, -11.22
Accel: -0.10, 0.16, -0.99
Gyro: -4.82, -61.23, -9.06
Accel: -0.13, 0.17, -0.97
Gyro: -3.77, -56.95, -7.43
Accel: -0.16, 0.17, -0.99
Gyro: -0.95, -52.55, -5.65
Accel: -0.17, 0.17, -0.97
Gyro: 1.24, -46.95, -3.72
Accel: -0.20, 0.16, -0.99
Gyro: 3.79, -40.41, -1.42
Accel: -0.20, 0.12, -0.98
Gyro: 1.50, -32.87, -0.08
Accel: -0.21, 0.12, -0.99
Gyro: -2.01, -26.76, -0.34
Accel: -0.24, 0.14, -0.99
Gyro: -3.08, -20.36, 0.18
Accel: -0.24, 0.14, -0.96
Gyro: -2.42, -14.83, 1.39
Accel: -0.23, 0.14, -0.96
Gyro: -2.01, -11.13, 0.74
Accel: -0.23, 0.15, -0.95
Gyro: -0.95, -9.96, -0.52
Accel: -0.24, 0.15, -0.94
Gyro: 0.79, -8.45, 0.54
Accel: -0.23, 0.14, -0.94
Gyro: -1.29, -7.20, 0.47
Accel: -0.23, 0.14, -0.94
Gyro: -2.92, -5.51, -0.24
Accel: -0.24, 0.14, -0.95
Gyro: -2.76, -4.78, -1.06
Accel: -0.24, 0.14, -0.95
Gyro: -3.57, -2.91, -0.77
Accel: -0.23, 0.14, -0.94
Gyro: -4.43, -1.62, -1.05
Accel: -0.23, 0.15, -0.94
Gyro: -4.36, -0.73, -1.55
Accel: -0.24, 0.16, -0.94
Gyro: -3.02, -1.50, -1.90
Accel: -0.24, 0.15, -0.93
Gyro: -1.96, -1.24, -1.03
Accel: -0.24, 0.15, -0.95
Gyro: -1.49, -0.04, 0.14
Accel: -0.24, 0.14, -0.94
Gyro: -1.03, 0.72, 0.14
Accel: -0.23, 0.14, -0.94
Gyro: -0.20, -0.26, -0.53
Accel: -0.24, 0.13, -0.96
Gyro: -0.70, 1.46, -1.15
Accel: -0.23, 0.14, -0.93
Gyro: -0.35, 2.56, -1.36
Accel: -0.22, 0.13, -0.93
Gyro: -0.82, 1.47, -1.27
Accel: -0.21, 0.13, -0.94
Gyro: -1.69, 1.16, -1.76
Accel: -0.21, 0.14, -0.92
Gyro: -0.83, 0.35, -2.04
Accel: -0.22, 0.14, -0.93
Gyro: -2.53, 0.21, -2.10
Accel: -0.22, 0.14, -0.93
Gyro: -3.17, -0.31, -1.85
Accel: -0.21, 0.13, -0.94
Gyro: -3.53, -0.32, -2.48
Accel: -0.22, 0.14, -0.94
Gyro: -4.15, -1.21, -4.06
Accel: -0.23, 0.15, -0.93
Gyro: -2.43, -1.69, -4.18
Accel: -0.22, 0.15, -0.95
Gyro: -2.05, -0.60, -2.50
Accel: -0.23, 0.16, -0.94
Gyro: -1.75, -0.62, -1.40
Accel: -0.23, 0.14, -0.94
Gyro: -1.15, -0.29, -0.81
Accel: -0.22, 0.14, -0.92
Gyro: -0.76, 0.40, -0.92
Accel: -0.23, 0.14, -0.93
Gyro: -0.50, -1.17, -0.91
Accel: -0.23, 0.14, -0.95
Gyro: -0.75, -1.43, -0.97
Accel: -0.23, 0.14, -0.94
Gyro: -0.43, 0.10, -0.66
