Accel: -0.29, 0.06, -0.92
Gyro: -1.43, -2.51, 3.27
Accel: -0.28, 0.08, -0.92
Gyro: -2.31, -2.91, 3.36
Accel: -0.29, 0.12, -0.92
Gyro: -0.43, -3.42, 8.71
Accel: -0.28, 0.10, -0.91
Gyro: 0.66, -5.25, 13.58
Accel: -0.28, 0.11, -0.90
Gyro: 1.67, -6.62, 17.86
Accel: -0.29, 0.18, -0.91
Gyro: 3.58, -9.30, 26.21
Accel: -0.30, 0.20, -0.90
Gyro: 4.73, -10.35, 42.24
Accel: -0.32, 0.27, -0.93
Gyro: 8.32, -12.54, 56.46
Accel: -0.38, 0.51, -0.98
Gyro: 14.24, -7.58, 92.37
Accel: -0.41, 0.50, -0.92
Gyro: 20.29, -1.18, 147.38
Accel: -0.44, 0.40, -0.87
Gyro: 25.91, -3.29, 182.80
Accel: -0.49, 0.45, -0.87
Gyro: 39.88, -6.35, 214.17
Accel: -0.56, 0.33, -0.93
Gyro: 52.24, -1.48, 241.64
Accel: -0.55, 0.16, -0.88
Gyro: 59.99, 2.14, 248.68
Accel: -0.51, 0.06, -0.80
Gyro: 62.32, 1.32, 235.98
Accel: -0.50, 0.03, -0.89
Gyro: 67.44, 2.64, 223.05
Accel: -0.43, -0.18, -0.85
Gyro: 51.38, 3.46, 205.54
Accel: -0.39, -0.21, -0.78
Gyro: 29.77, -5.89, 172.32
Accel: -0.42, -0.14, -1.03
Gyro: 35.89, -7.57, 142.72
Accel: -0.31, -0.30, -1.02
Gyro: 21.02, 6.41, 105.88
Accel: -0.18, -0.15, -0.84
Gyro: 13.60, 3.54, 69.40
Accel: -0.17, -0.06, -0.88
Gyro: 20.99, -8.21, 45.86
Accel: -0.24, -0.07, -1.09
Gyro: 8.00, -2.89, 31.70
Accel: -0.19, -0.06, -0.89
Gyro: -4.82, -0.98, 16.69
Accel: -0.19, -0.08, -0.95
Gyro: -3.98, -4.46, 2.01
Accel: -0.20, -0.09, -0.94
Gyro: -15.95, -4.23, -16.17
Accel: -0.22, -0.03, -0.94
Gyro: -4.55, -5.65, -38.29
Accel: -0.26, 0.00, -1.02
Gyro: -7.64, 1.43, -51.34
Accel: -0.22, -0.06, -0.86
Gyro: -4.98, -2.26, -67.20
Accel: -0.29, -0.14, -1.01
Gyro: -1.79, -1.62, -95.21
Accel: -0.29, -0.04, -0.97
Gyro: -16.17, 7.71, -106.28
Accel: -0.24, -0.09, -0.83
Gyro: -16.94, 1.63, -117.09
Accel: -0.29, -0.15, -0.87
Gyro: -18.96, -10.13, -143.36
Accel: -0.35, -0.03, -0.96
Gyro: -33.49, -8.26, -158.90
Accel: -0.35, 0.02, -0.89
Gyro: -35.58, -9.91, -163.22
Accel: -0.40, 0.08, -0.97
Gyro: -38.31, -9.50, -164.47
Accel: -0.39, 0.08, -0.94
Gyro: -46.26, -0.08, -157.60
Accel: -0.38, 0.13, -0.88
Gyro: -29.85, 1.48, -154.95
Accel: -0.39, 0.24, -0.93
Gyro: -41.79, -0.55, -142.98
Accel: -0.38, 0.19, -0.94
Gyro: -34.85, 3.84, -126.67
Accel: -0.33, 0.12, -0.88
Gyro: -45.23, 2.49, -121.30
Accel: -0.33, 0.16, -0.87
Gyro: -29.94, -0.46, -115.84
Accel: -0.32, 0.18, -0.94
Gyro: -22.03, 0.13, -106.17
Accel: -0.31, 0.12, -0.95
Gyro: -19.51, 1.43, -97.39
Accel: -0.31, 0.07, -0.94
Gyro: -27.49, 4.62, -94.77
Accel: -0.31, 0.16, -0.90
Gyro: -28.08, 3.63, -91.00
Accel: -0.30, 0.16, -0.93
Gyro: -21.29, 3.21, -80.60
Accel: -0.29, 0.15, -0.93
Gyro: -16.80, 4.79, -70.93
Accel: -0.28, 0.15, -0.92
Gyro: -12.99, 4.10, -60.94
Accel: -0.27, 0.15, -0.93
Gyro: -12.36, 2.61, -52.25
Accel: -0.28, 0.14, -0.92
Gyro: -11.23, 1.80, -42.02
Accel: -0.28, 0.12, -0.93
Gyro: -10.95, 2.75, -33.80
Accel: -0.27, 0.12, -0.94
Gyro: -10.42, 2.69, -26.41
Accel: -0.27, 0.13, -0.93
Gyro: -9.70, 2.20, -18.84
Accel: -0.26, 0.12, -0.92
Gyro: -6.74, 1.14, -11.76
Accel: -0.27, 0.10, -0.94
Gyro: -6.48, 1.06, -6.96
Accel: -0.25, 0.10, -0.91
Gyro: -5.84, 0.56, -2.56
Accel: -0.26, 0.11, -0.92
Gyro: -2.30, -1.50, 2.13
Accel: -0.26, 0.08, -0.94
Gyro: -0.56, -0.98, 3.88
Accel: -0.26, 0.08, -0.92
Gyro: 2.07, -1.04, 4.63
Accel: -0.27, 0.06, -0.94
Gyro: 3.60, -2.66, 5.17
Accel: -0.28, 0.04, -0.97
Gyro: 2.18, -0.49, 3.36
Accel: -0.27, 0.05, -0.93
Gyro: 0.92, 1.21, 1.67
Accel: -0.26, 0.04, -0.91
Gyro: -0.32, 0.91, 1.22
Accel: -0.25, 0.06, -0.92
Gyro: -0.64, -0.50, 2.08
Accel: -0.25, 0.04, -0.95
Gyro: -0.16, -0.76, 2.16
Accel: -0.26, 0.05, -0.94
Gyro: -0.49, -0.40, 2.02
Accel: -0.25, 0.05, -0.93
Gyro: 0.00, -1.37, 2.55
Accel: -0.26, 0.06, -0.94
Gyro: -0.47, -1.92, 3.72
Accel: -0.26, 0.04, -0.94
Gyro: -1.22, -1.33, 3.11
Accel: -0.26, 0.04, -0.94
Gyro: -1.20, -1.21, 2.85
Accel: -0.25, 0.04, -0.93
Gyro: -1.70, -1.77, 2.55
Accel: -0.26, 0.04, -0.94
Gyro: -2.34, -1.95, 2.50
Accel: -0.26, 0.04, -0.94
Gyro: -2.73, -1.50, 1.04
Accel: -0.26, 0.05, -0.92
Gyro: -2.37, -1.61, -0.22
Accel: -0.26, 0.05, -0.94
Gyro: -1.66, -2.24, -0.33
Accel: -0.26, 0.05, -0.94
Gyro: -1.69, -1.98, -0.11
Accel: -0.26, 0.05, -0.94
Gyro: -2.15, -1.85, 0.38
Accel: -0.26, 0.05, -0.94
Gyro: -2.94, -1.82, 0.63
Accel: -0.26, 0.06, -0.92
Gyro: -3.15, -1.77, 0.69
Accel: -0.27, 0.04, -0.94
Gyro: -3.74, -1.16, 0.18
Accel: -0.26, 0.05, -0.92
Gyro: -2.45, -1.48, -0.66
Accel: -0.26, 0.05, -0.93
Gyro: -1.68, -1.68, -0.76
Accel: -0.27, 0.06, -0.93
Gyro: -2.32, -1.70, -1.28
Accel: -0.27, 0.06, -0.92
Gyro: -2.25, -1.81, -0.43
Accel: -0.27, 0.05, -0.92
Gyro: -2.14, -2.20, -0.47
Accel: -0.28, 0.05, -0.92
Gyro: -2.94, -1.79, -0.50
Accel: -0.28, 0.06, -0.93
Gyro: -2.76, -1.79, -0.24
Accel: -0.28, 0.05, -0.92
Gyro: -3.11, -1.41, 0.11
Accel: -0.28, 0.06, -0.94
Gyro: -1.82, -1.30, -0.08
Accel: -0.28, 0.05, -0.94
Gyro: -2.23, -0.47, 0.02
Accel: -0.27, 0.05, -0.94
Gyro: -3.00, 0.23, -0.65
Accel: -0.27, 0.06, -0.93
Gyro: -2.39, -0.47, -0.24
Accel: -0.27, 0.07, -0.93
Gyro: -2.17, -0.01, -0.02
Accel: -0.27, 0.07, -0.93
Gyro: -1.71, -0.16, 0.93
Accel: -0.27, 0.07, -0.93
Gyro: -1.01, -0.74, 1.66
Accel: -0.26, 0.09, -0.92
Gyro: -0.18, -2.28, 3.56
Accel: -0.26, 0.09, -0.93
Gyro: 0.64, -3.78, 6.39
Accel: -0.27, 0.11, -0.94
Gyro: 0.89, -3.09, 9.03
Accel: -0.29, 0.20, -0.93
Gyro: 5.26, -3.48, 21.00
Accel: -0.28, 0.15, -0.91
Gyro: 8.98, -4.48, 34.57
