Accel: -0.30, 0.05, -0.91
Gyro: -1.69, -0.98, 0.07
Accel: -0.30, 0.05, -0.93
Gyro: -1.80, -0.38, 0.14
Accel: -0.30, 0.05, -0.92
Gyro: -2.21, -0.05, 0.05
Accel: -0.29, 0.05, -0.92
Gyro: -2.58, 0.13, -0.12
Accel: -0.28, 0.04, -0.92
Gyro: -1.95, -0.47, -0.94
Accel: -0.30, 0.05, -0.93
Gyro: -2.65, -0.12, -1.34
Accel: -0.28, 0.07, -0.91
Gyro: -2.46, -0.23, -0.39
Accel: -0.28, 0.08, -0.92
Gyro: -2.56, -0.69, 1.27
Accel: -0.27, 0.09, -0.91
Gyro: -1.28, -2.97, 2.74
Accel: -0.28, 0.18, -0.93
Gyro: 0.30, -4.23, 8.93
Accel: -0.31, 0.33, -0.94
Gyro: 3.29, -3.46, 34.96
Accel: -0.30, 0.37, -0.91
Gyro: 7.73, -5.16, 70.16
Accel: -0.35, 0.49, -0.95
Gyro: 9.25, -3.58, 115.28
Accel: -0.38, 0.41, -0.85
Gyro: 4.94, -4.26, 168.87
Accel: -0.39, 0.35, -0.79
Gyro: 8.06, -16.67, 199.10
Accel: -0.48, 0.44, -0.86
Gyro: 15.91, -24.27, 224.63
Accel: -0.53, 0.39, -0.89
Gyro: 30.59, -23.77, 249.18
Accel: -0.55, 0.23, -0.89
Gyro: 45.98, -22.42, 249.99
Accel: -0.56, 0.26, -0.91
Gyro: 53.63, -16.63, 249.41
Accel: -0.53, 0.02, -0.86
Gyro: 53.83, -11.29, 243.19
Accel: -0.47, -0.16, -0.91
Gyro: 35.10, -8.19, 212.30
Accel: -0.35, -0.26, -0.80
Gyro: 16.43, -12.92, 164.02
Accel: -0.33, -0.26, -1.03
Gyro: 13.99, -13.73, 100.17
Accel: -0.24, -0.19, -0.92
Gyro: 7.88, -5.68, 47.02
Accel: -0.22, -0.01, -0.93
Gyro: 6.65, -8.42, 10.64
Accel: -0.24, 0.17, -0.96
Gyro: 0.60, -4.83, 1.27
Accel: -0.24, 0.11, -0.97
Gyro: -0.11, -2.77, 1.01
Accel: -0.23, 0.07, -0.94
Gyro: -9.22, 0.46, -10.71
Accel: -0.23, 0.06, -0.92
Gyro: -2.48, 0.50, -29.04
Accel: -0.24, 0.05, -0.92
Gyro: -1.96, -0.29, -47.22
Accel: -0.27, 0.05, -0.95
Gyro: 1.30, -1.35, -65.93
Accel: -0.29, -0.01, -0.94
Gyro: -5.42, 2.93, -84.86
Accel: -0.28, -0.10, -0.84
Gyro: -4.23, -0.61, -110.52
Accel: -0.34, -0.10, -0.96
Gyro: -9.26, -2.33, -142.59
Accel: -0.37, -0.03, -0.92
Gyro: -14.34, 1.36, -166.07
Accel: -0.41, 0.02, -0.91
Gyro: -12.36, -2.46, -185.30
Accel: -0.45, 0.11, -0.97
Gyro: -25.57, 3.68, -185.03
Accel: -0.40, 0.07, -0.85
Gyro: -34.03, 4.19, -177.23
Accel: -0.42, 0.18, -0.97
Gyro: -19.84, -0.67, -173.54
Accel: -0.41, 0.20, -0.93
Gyro: -31.46, 5.97, -155.68
Accel: -0.37, 0.14, -0.87
Gyro: -39.78, 5.81, -138.74
Accel: -0.37, 0.13, -0.85
Gyro: -44.41, -0.90, -132.46
Accel: -0.37, 0.19, -0.94
Gyro: -34.87, 1.05, -122.85
Accel: -0.35, 0.19, -0.90
Gyro: -26.57, 2.78, -109.99
Accel: -0.35, 0.15, -0.92
Gyro: -23.70, 3.15, -99.54
Accel: -0.34, 0.16, -0.92
Gyro: -28.22, 5.13, -91.11
Accel: -0.33, 0.18, -0.92
Gyro: -24.15, 5.70, -78.16
Accel: -0.34, 0.09, -0.95
Gyro: -24.77, 7.56, -70.11
Accel: -0.31, 0.14, -0.94
Gyro: -33.08, 12.49, -70.22
Accel: -0.30, 0.24, -0.90
Gyro: -22.03, 11.65, -58.05
Accel: -0.28, 0.19, -0.85
Gyro: -3.11, 4.29, -41.37
Accel: -0.28, 0.13, -0.94
Gyro: -8.93, 5.09, -31.30
Accel: -0.27, 0.16, -0.91
Gyro: -10.29, 3.28, -19.62
Accel: -0.27, 0.15, -0.91
Gyro: -5.71, 0.43, -7.88
Accel: -0.27, 0.12, -0.92
Gyro: -2.74, -0.99, 1.44
Accel: -0.28, 0.09, -0.93
Gyro: -3.75, -0.53, 6.40
Accel: -0.27, 0.08, -0.93
Gyro: -3.16, -1.06, 8.61
Accel: -0.28, 0.07, -0.93
Gyro: -2.49, -1.45, 9.67
Accel: -0.26, 0.08, -0.93
Gyro: -1.67, -1.24, 9.90
Accel: -0.27, 0.08, -0.92
Gyro: -0.03, -1.95, 9.68
Accel: -0.27, 0.06, -0.91
Gyro: 0.76, -3.76, 8.97
Accel: -0.27, 0.06, -0.92
Gyro: 0.24, -3.79, 7.56
Accel: -0.28, 0.05, -0.94
Gyro: 0.14, -3.30, 5.81
Accel: -0.28, 0.06, -0.93
Gyro: 0.69, -3.65, 4.30
Accel: -0.29, 0.06, -0.93
Gyro: 0.13, -3.92, 3.86
Accel: -0.29, 0.06, -0.92
Gyro: 0.11, -3.87, 2.58
Accel: -0.29, 0.06, -0.92
Gyro: 0.53, -4.14, 2.14
Accel: -0.29, 0.06, -0.93
Gyro: -0.11, -3.51, 1.36
Accel: -0.30, 0.07, -0.93
Gyro: -0.08, -3.03, 1.24
Accel: -0.30, 0.06, -0.93
Gyro: -0.45, -3.30, 1.68
Accel: -0.30, 0.07, -0.93
Gyro: -0.82, -3.37, 2.20
Accel: -0.30, 0.07, -0.94
Gyro: -0.25, -1.00, 2.93
Accel: -0.30, 0.06, -0.94
Gyro: -0.79, -0.71, 2.14
Accel: -0.29, 0.06, -0.92
Gyro: -1.37, -0.66, 1.40
Accel: -0.30, 0.07, -0.93
Gyro: -1.02, -0.36, 0.85
Accel: -0.30, 0.06, -0.93
Gyro: -0.46, -0.02, 0.00
Accel: -0.29, 0.06, -0.91
Gyro: -0.31, -0.57, -0.18
Accel: -0.30, 0.05, -0.92
Gyro: -1.25, -1.46, -0.82
Accel: -0.29, 0.06, -0.92
Gyro: -2.51, -1.46, -0.94
Accel: -0.29, 0.05, -0.92
Gyro: -2.42, -1.77, -1.11
Accel: -0.29, 0.06, -0.92
Gyro: -2.71, -2.44, -0.98
Accel: -0.30, 0.07, -0.93
Gyro: -2.36, -2.62, -0.45
Accel: -0.30, 0.07, -0.93
Gyro: -1.76, -2.29, 0.04
Accel: -0.30, 0.06, -0.93
Gyro: -1.47, -1.67, 0.43
Accel: -0.30, 0.06, -0.93
Gyro: -0.88, -2.07, 0.37
Accel: -0.30, 0.06, -0.92
Gyro: -1.50, -2.27, 0.47
Accel: -0.30, 0.06, -0.94
Gyro: -1.69, -2.79, 0.50
Accel: -0.29, 0.06, -0.93
Gyro: -2.09, -1.48, 0.38
Accel: -0.30, 0.06, -0.93
Gyro: -1.31, -1.42, 0.15
Accel: -0.30, 0.06, -0.92
Gyro: -2.17, -1.72, -0.05
Accel: -0.31, 0.05, -0.92
Gyro: -2.17, -1.89, -0.25
Accel: -0.30, 0.05, -0.92
Gyro: -2.64, -1.55, -0.68
Accel: -0.30, 0.05, -0.92
Gyro: -3.14, -1.47, -0.98
Accel: -0.31, 0.06, -0.92
Gyro: -2.82, -1.76, -1.20
Accel: -0.31, 0.06, -0.93
Gyro: -2.86, -1.95, -1.05
Accel: -0.32, 0.07, -0.94
Gyro: -2.77, -1.08, -1.29
Accel: -0.31, 0.06, -0.93
Gyro: -2.11, 0.13, -0.85
Accel: -0.30, 0.06, -0.92
Gyro: -2.56, -0.06, -1.07
Accel: -0.31, 0.06, -0.93
Gyro: -2.52, -0.30, -0.72
Accel: -0.30, 0.06, -0.93
Gyro: -2.39, 0.21, -1.04
Accel: -0.30, 0.07, -0.92
Gyro: -1.80, 0.05, -1.16
