Accel: -0.30, 0.07, -0.91
Gyro: -2.77, -0.47, -0.97
Accel: -0.30, 0.07, -0.92
Gyro: -1.29, -0.97, -0.18
Accel: -0.29, 0.07, -0.92
Gyro: -0.40, -1.21, 0.98
Accel: -0.31, 0.06, -0.92
Gyro: -0.99, -1.53, 1.72
Accel: -0.32, 0.03, -0.94
Gyro: -2.50, -0.13, 0.47
Accel: -0.31, 0.03, -0.92
Gyro: -3.34, 0.82, -2.04
Accel: -0.31, 0.05, -0.92
Gyro: -4.28, 0.71, -2.89
Accel: -0.30, 0.08, -0.91
Gyro: -6.20, 0.39, -1.72
Accel: -0.30, 0.11, -0.94
Gyro: -5.55, 0.83, 0.76
Accel: -0.28, 0.15, -0.92
Gyro: -0.78, -0.05, 4.55
Accel: -0.29, 0.28, -0.91
Gyro: 4.12, -1.03, 19.37
Accel: -0.29, 0.30, -0.89
Gyro: 8.60, -3.21, 48.19
Accel: -0.30, 0.28, -0.90
Gyro: 11.80, -6.79, 70.72
Accel: -0.34, 0.37, -0.93
Gyro: 13.44, -6.45, 100.62
Accel: -0.38, 0.39, -0.91
Gyro: 17.72, -5.17, 135.72
Accel: -0.42, 0.34, -0.90
Gyro: 20.90, -4.81, 168.53
Accel: -0.49, 0.37, -0.93
Gyro: 20.68, -4.20, 199.15
Accel: -0.56, 0.36, -1.04
Gyro: 15.19, 5.27, 234.39
Accel: -0.54, 0.21, -0.96
Gyro: 10.06, 16.91, 249.99
Accel: -0.45, 0.13, -0.85
Gyro: 32.03, 14.36, 241.23
Accel: -0.36, 0.11, -0.82
Gyro: 41.21, 7.74, 224.48
Accel: -0.34, -0.01, -0.87
Gyro: 36.82, 2.55, 207.82
Accel: -0.26, -0.26, -0.79
Gyro: 33.00, -7.25, 169.80
Accel: -0.21, -0.34, -0.91
Gyro: 24.91, -13.99, 106.51
Accel: -0.18, -0.25, -0.93
Gyro: 19.17, -11.23, 47.69
Accel: -0.17, -0.14, -0.92
Gyro: 18.68, -16.11, 6.24
Accel: -0.24, 0.02, -1.09
Gyro: 10.10, -6.65, -15.24
Accel: -0.17, 0.03, -0.93
Gyro: 1.75, 2.86, -19.54
Accel: -0.16, -0.04, -0.92
Gyro: 3.38, -4.41, -34.99
Accel: -0.20, -0.05, -0.95
Gyro: -0.38, -3.68, -57.27
Accel: -0.21, -0.10, -0.94
Gyro: 5.10, -3.22, -83.34
Accel: -0.25, -0.17, -0.94
Gyro: -1.44, -2.73, -111.66
Accel: -0.27, -0.22, -0.89
Gyro: -10.41, -6.41, -147.22
Accel: -0.30, -0.21, -0.88
Gyro: -12.53, -13.69, -183.92
Accel: -0.39, -0.15, -0.96
Gyro: -19.78, -15.40, -213.46
Accel: -0.45, -0.06, -0.91
Gyro: -27.18, -14.19, -231.27
Accel: -0.49, 0.03, -0.94
Gyro: -25.29, -14.15, -239.15
Accel: -0.50, 0.12, -1.00
Gyro: -26.52, -5.78, -229.80
Accel: -0.45, 0.15, -0.96
Gyro: -30.69, 3.26, -209.82
Accel: -0.41, 0.15, -0.90
Gyro: -33.91, 5.00, -189.58
Accel: -0.35, 0.21, -0.89
Gyro: -42.20, 2.52, -163.96
Accel: -0.31, 0.26, -0.88
Gyro: -41.21, -2.35, -132.71
Accel: -0.28, 0.29, -0.91
Gyro: -36.64, -6.32, -99.04
Accel: -0.26, 0.29, -0.92
Gyro: -34.69, -6.10, -64.65
Accel: -0.25, 0.27, -0.92
Gyro: -27.70, -7.21, -35.41
Accel: -0.26, 0.25, -0.95
Gyro: -20.34, -6.41, -11.93
Accel: -0.27, 0.20, -0.93
Gyro: -13.15, -6.55, 5.56
Accel: -0.26, 0.15, -0.93
Gyro: -8.83, -6.74, 17.22
Accel: -0.25, 0.12, -0.93
Gyro: -4.54, -5.86, 24.16
Accel: -0.26, 0.06, -0.94
Gyro: -0.34, -6.71, 26.08
Accel: -0.27, 0.04, -0.92
Gyro: -1.82, -6.70, 20.90
Accel: -0.28, 0.07, -0.95
Gyro: -2.15, -6.74, 15.99
Accel: -0.29, 0.08, -0.97
Gyro: 1.23, -3.16, 13.27
Accel: -0.27, 0.07, -0.92
Gyro: 9.27, -1.77, 11.55
Accel: -0.28, 0.04, -0.92
Gyro: 8.35, -2.91, 10.29
Accel: -0.28, 0.04, -0.93
Gyro: 3.17, -1.98, 6.85
Accel: -0.29, 0.03, -0.93
Gyro: 3.40, -1.26, 5.27
Accel: -0.28, 0.03, -0.93
Gyro: 3.97, -2.55, 4.05
Accel: -0.28, 0.02, -0.93
Gyro: 1.21, -2.98, 2.72
Accel: -0.28, 0.03, -0.92
Gyro: -1.23, -3.34, 1.12
Accel: -0.27, 0.04, -0.92
Gyro: -2.11, -4.75, 0.91
Accel: -0.29, 0.04, -0.94
Gyro: -2.17, -4.77, 1.06
Accel: -0.29, 0.04, -0.93
Gyro: -2.32, -4.06, 0.21
Accel: -0.28, 0.04, -0.93
Gyro: -2.91, -3.48, -0.31
Accel: -0.28, 0.04, -0.94
Gyro: -3.10, -4.08, -0.92
Accel: -0.29, 0.06, -0.93
Gyro: -1.61, -3.51, -1.49
Accel: -0.30, 0.06, -0.93
Gyro: -0.81, -2.94, -1.03
Accel: -0.30, 0.06, -0.93
Gyro: -1.31, -2.66, -0.92
Accel: -0.29, 0.06, -0.92
Gyro: -1.90, -2.57, -0.20
Accel: -0.30, 0.05, -0.92
Gyro: -1.79, -2.18, 0.08
Accel: -0.30, 0.05, -0.93
Gyro: -2.49, -1.46, -0.09
Accel: -0.30, 0.06, -0.93
Gyro: -2.18, -1.00, -0.18
Accel: -0.29, 0.05, -0.93
Gyro: -2.46, -0.88, -0.36
Accel: -0.29, 0.05, -0.93
Gyro: -2.92, -0.52, -0.07
Accel: -0.29, 0.05, -0.93
Gyro: -2.75, 0.08, -0.31
Accel: -0.29, 0.06, -0.92
Gyro: -2.17, -0.25, -0.22
Accel: -0.28, 0.05, -0.91
Gyro: -2.24, -0.19, -0.26
Accel: -0.29, 0.04, -0.93
Gyro: -1.69, -0.91, -0.41
Accel: -0.29, 0.05, -0.92
Gyro: -2.39, -1.01, -0.53
Accel: -0.30, 0.05, -0.93
Gyro: -2.27, -1.21, -1.03
Accel: -0.28, 0.05, -0.92
Gyro: -2.34, -1.38, -1.21
Accel: -0.28, 0.05, -0.93
Gyro: -2.75, -1.44, -1.35
Accel: -0.29, 0.05, -0.93
Gyro: -2.77, -1.04, -1.26
Accel: -0.29, 0.05, -0.93
Gyro: -2.43, -0.98, -1.34
Accel: -0.30, 0.06, -0.93
Gyro: -2.16, -1.05, -1.14
Accel: -0.29, 0.05, -0.93
Gyro: -2.30, -0.13, -1.10
Accel: -0.29, 0.05, -0.92
Gyro: -2.56, 0.14, -1.37
Accel: -0.29, 0.06, -0.93
Gyro: -3.39, 0.45, -0.97
Accel: -0.29, 0.06, -0.93
Gyro: -2.94, -0.05, -1.15
Accel: -0.29, 0.07, -0.93
Gyro: -3.08, 0.08, -1.53
Accel: -0.28, 0.06, -0.92
Gyro: -1.88, -0.35, -0.77
Accel: -0.29, 0.05, -0.92
Gyro: -2.49, -0.63, -0.33
Accel: -0.29, 0.06, -0.92
Gyro: -2.58, -1.19, -0.14
Accel: -0.29, 0.05, -0.92
Gyro: -1.84, -1.95, -0.46
Accel: -0.29, 0.06, -0.93
Gyro: -1.64, -2.06, -1.04
Accel: -0.29, 0.06, -0.92
Gyro: -1.72, -2.47, -1.19
Accel: -0.30, 0.05, -0.93
Gyro: -2.01, -2.41, -1.04
Accel: -0.30, 0.06, -0.92
Gyro: -1.21, -2.59, -1.01
Accel: -0.30, 0.05, -0.93
Gyro: -1.38, -1.46, -0.97
Accel: -0.30, 0.05, -0.93
Gyro: -2.13, -0.48, -1.28
Accel: -0.30, 0.05, -0.95
Gyro: -2.15, 0.08, -1.22
