Accel: -0.27, 0.07, -0.93
Gyro: -2.74, -0.77, -0.88
Accel: -0.27, 0.06, -0.93
Gyro: -0.63, -0.98, -0.99
Accel: -0.27, 0.07, -0.92
Gyro: -2.19, -1.50, -0.91
Accel: -0.28, 0.07, -0.93
Gyro: -2.23, -1.85, 0.17
Accel: -0.28, 0.07, -0.93
Gyro: -1.37, -2.17, 0.93
Accel: -0.28, 0.07, -0.92
Gyro: -0.88, -3.06, 1.25
Accel: -0.28, 0.07, -0.92
Gyro: -0.92, -2.94, 1.51
Accel: -0.28, 0.06, -0.94
Gyro: -1.98, -1.64, 1.89
Accel: -0.28, 0.08, -0.93
Gyro: -1.38, -0.79, 1.66
Accel: -0.28, 0.08, -0.93
Gyro: 0.80, -1.04, 3.26
Accel: -0.28, 0.06, -0.94
Gyro: 0.40, -0.57, 3.59
Accel: -0.27, 0.05, -0.92
Gyro: -0.21, -0.03, 2.72
Accel: -0.28, 0.08, -0.93
Gyro: -0.29, -0.22, 2.45
Accel: -0.26, 0.10, -0.91
Gyro: 0.79, -1.73, 6.45
Accel: -0.27, 0.11, -0.92
Gyro: 1.82, -3.85, 10.39
Accel: -0.27, 0.17, -0.91
Gyro: 2.91, -5.67, 17.27
Accel: -0.30, 0.36, -0.94
Gyro: 8.16, -6.58, 42.52
Accel: -0.30, 0.34, -0.89
Gyro: 11.59, -6.20, 81.25
Accel: -0.32, 0.32, -0.88
Gyro: 14.65, -11.73, 107.52
Accel: -0.37, 0.39, -0.93
Gyro: 21.04, -13.37, 137.73
Accel: -0.43, 0.37, -0.93
Gyro: 28.04, -11.19, 174.03
Accel: -0.43, 0.23, -0.86
Gyro: 31.96, -10.67, 193.23
Accel: -0.47, 0.29, -0.89
Gyro: 36.68, -11.05, 205.80
Accel: -0.50, 0.26, -0.94
Gyro: 47.10, -7.41, 216.74
Accel: -0.51, 0.14, -0.95
Gyro: 51.32, 0.97, 223.10
Accel: -0.45, 0.08, -0.83
Gyro: 51.86, 0.92, 212.24
Accel: -0.47, 0.07, -0.89
Gyro: 48.55, 2.03, 206.33
Accel: -0.47, 0.11, -0.94
Gyro: 48.36, 1.80, 201.61
Accel: -0.34, -0.22, -0.79
Gyro: 28.11, 3.82, 183.78
Accel: -0.29, -0.27, -0.96
Gyro: 36.54, -2.88, 131.27
Accel: -0.19, -0.34, -0.87
Gyro: 17.53, 0.11, 87.10
Accel: -0.23, -0.09, -1.01
Gyro: 17.14, -8.31, 41.50
Accel: -0.22, 0.10, -0.93
Gyro: 14.64, -1.27, 37.79
Accel: -0.21, -0.03, -0.97
Gyro: 3.36, -3.78, 37.83
Accel: -0.19, -0.10, -0.99
Gyro: -4.39, 0.15, 23.03
Accel: -0.19, -0.01, -0.87
Gyro: -9.45, -3.40, 0.64
Accel: -0.20, -0.02, -0.95
Gyro: 1.34, -6.61, -9.90
Accel: -0.18, -0.10, -0.89
Gyro: -21.99, -7.29, -28.68
Accel: -0.26, 0.10, -1.02
Gyro: -5.14, -10.56, -48.33
Accel: -0.23, 0.04, -0.92
Gyro: -7.26, -3.49, -49.00
Accel: -0.20, -0.30, -0.82
Gyro: 9.23, -14.34, -79.54
Accel: -0.28, -0.29, -0.98
Gyro: -29.93, -10.93, -112.84
Accel: -0.32, -0.20, -0.80
Gyro: -55.01, -19.15, -140.76
Accel: -0.40, 0.05, -0.88
Gyro: -31.20, -25.34, -173.84
Accel: -0.47, -0.09, -1.01
Gyro: -15.29, -20.86, -197.27
Accel: -0.51, -0.07, -0.92
Gyro: -40.12, -13.56, -211.96
Accel: -0.54, 0.01, -0.84
Gyro: -57.26, -9.21, -214.04
Accel: -0.53, 0.31, -1.06
Gyro: -34.28, -6.00, -191.13
Accel: -0.46, 0.24, -0.99
Gyro: -48.59, 6.62, -157.37
Accel: -0.39, 0.14, -0.87
Gyro: -53.89, 8.61, -139.74
Accel: -0.37, 0.16, -0.78
Gyro: -54.81, -1.31, -133.17
Accel: -0.38, 0.21, -0.91
Gyro: -35.34, -3.89, -118.48
Accel: -0.37, 0.16, -0.94
Gyro: -30.30, -0.40, -102.11
Accel: -0.35, 0.15, -0.89
Gyro: -31.57, 1.85, -91.42
Accel: -0.36, 0.07, -0.90
Gyro: -33.98, -0.14, -80.79
Accel: -0.38, 0.10, -0.94
Gyro: -42.04, 2.56, -77.84
Accel: -0.35, 0.14, -0.89
Gyro: -35.62, 3.40, -69.98
Accel: -0.34, 0.14, -0.89
Gyro: -31.37, 1.56, -63.01
Accel: -0.34, 0.18, -0.89
Gyro: -27.50, -0.37, -55.19
Accel: -0.34, 0.17, -0.90
Gyro: -22.30, -1.31, -46.91
Accel: -0.34, 0.18, -0.91
Gyro: -18.45, -1.39, -39.10
Accel: -0.34, 0.15, -0.90
Gyro: -15.37, -1.07, -31.72
Accel: -0.33, 0.16, -0.92
Gyro: -12.12, -0.69, -24.51
Accel: -0.34, 0.16, -0.91
Gyro: -8.58, -1.29, -17.59
Accel: -0.33, 0.16, -0.89
Gyro: -5.91, -2.65, -11.18
Accel: -0.35, 0.13, -0.93
Gyro: -2.57, -3.82, -6.52
Accel: -0.35, 0.12, -0.93
Gyro: -1.73, -1.21, -1.83
Accel: -0.34, 0.13, -0.91
Gyro: 1.19, -1.13, 1.83
Accel: -0.35, 0.11, -0.91
Gyro: 2.17, -0.63, 4.40
Accel: -0.35, 0.10, -0.91
Gyro: 4.23, -1.37, 6.24
Accel: -0.35, 0.09, -0.91
Gyro: 4.03, -0.30, 8.26
Accel: -0.34, 0.07, -0.90
Gyro: 4.55, 0.21, 8.37
Accel: -0.34, 0.06, -0.90
Gyro: 3.91, -0.68, 7.71
Accel: -0.33, 0.06, -0.91
Gyro: 2.01, -1.18, 7.26
Accel: -0.33, 0.05, -0.91
Gyro: 1.53, -1.70, 6.86
Accel: -0.33, 0.06, -0.91
Gyro: 1.79, -1.33, 5.65
Accel: -0.34, 0.06, -0.92
Gyro: 1.30, -0.15, 5.17
Accel: -0.33, 0.06, -0.92
Gyro: 1.21, -0.40, 5.18
Accel: -0.33, 0.04, -0.91
Gyro: -0.14, -0.82, 4.06
Accel: -0.33, 0.04, -0.92
Gyro: -1.22, -0.17, 1.74
Accel: -0.32, 0.05, -0.91
Gyro: -1.52, -0.45, 0.02
Accel: -0.32, 0.07, -0.90
Gyro: -1.99, -1.24, 0.39
Accel: -0.32, 0.08, -0.91
Gyro: -2.27, -2.46, 1.10
Accel: -0.33, 0.06, -0.92
Gyro: -2.06, -2.09, 1.40
Accel: -0.33, 0.07, -0.92
Gyro: -1.84, -1.85, 2.01
Accel: -0.33, 0.07, -0.91
Gyro: -1.94, -1.76, 1.74
Accel: -0.33, 0.07, -0.90
Gyro: -1.93, -2.85, 1.75
Accel: -0.34, 0.06, -0.91
Gyro: -2.11, -2.10, 0.27
Accel: -0.34, 0.06, -0.92
Gyro: -2.18, -1.20, -1.02
Accel: -0.33, 0.06, -0.91
Gyro: -1.50, -1.38, -1.62
Accel: -0.33, 0.07, -0.91
Gyro: -1.95, -1.61, -1.21
Accel: -0.34, 0.07, -0.91
Gyro: -1.94, -1.34, -0.61
Accel: -0.34, 0.08, -0.90
Gyro: -1.98, -1.65, 0.20
Accel: -0.34, 0.07, -0.92
Gyro: -1.46, -2.24, 0.36
Accel: -0.34, 0.06, -0.91
Gyro: -0.57, -1.53, -0.12
Accel: -0.34, 0.06, -0.91
Gyro: -0.98, -1.88, -0.83
Accel: -0.34, 0.06, -0.91
Gyro: -1.18, -2.60, -0.69
Accel: -0.34, 0.06, -0.91
Gyro: -1.28, -2.33, -0.83
Accel: -0.35, 0.07, -0.91
Gyro: -2.42, -2.02, -0.73
Accel: -0.35, 0.07, -0.90
Gyro: -1.71, -1.69, -0.79
Accel: -0.36, 0.07, -0.91
Gyro: -1.76, -1.06, -1.05
