Accel: -0.28, 0.05, -0.93
Gyro: -2.32, 0.17, -0.97
Accel: -0.28, 0.06, -0.92
Gyro: -2.01, -0.08, -0.83
Accel: -0.28, 0.05, -0.92
Gyro: -1.57, -0.93, -0.37
Accel: -0.28, 0.05, -0.94
Gyro: -2.26, -0.99, -0.35
Accel: -0.28, 0.05, -0.92
Gyro: -2.08, -1.01, -0.63
Accel: -0.28, 0.05, -0.93
Gyro: -2.58, -0.64, -1.19
Accel: -0.28, 0.06, -0.91
Gyro: -0.98, -1.38, -1.22
Accel: -0.28, 0.05, -0.92
Gyro: -1.55, -1.85, -0.71
Accel: -0.28, 0.05, -0.93
Gyro: -2.01, -2.31, 0.18
Accel: -0.28, 0.06, -0.91
Gyro: -1.38, -3.19, 0.24
Accel: -0.29, 0.10, -0.93
Gyro: -1.74, -4.00, 2.00
Accel: -0.30, 0.26, -0.94
Gyro: -0.56, -3.53, 15.31
Accel: -0.30, 0.36, -0.93
Gyro: 3.24, -2.42, 49.26
Accel: -0.31, 0.37, -0.90
Gyro: 4.97, -5.16, 84.94
Accel: -0.33, 0.34, -0.88
Gyro: 10.89, -8.05, 117.75
Accel: -0.34, 0.32, -0.90
Gyro: 18.04, -10.90, 140.01
Accel: -0.37, 0.27, -0.91
Gyro: 27.42, -9.78, 158.62
Accel: -0.37, 0.23, -0.88
Gyro: 38.33, -11.33, 168.50
Accel: -0.42, 0.21, -0.91
Gyro: 44.67, -10.19, 177.79
Accel: -0.43, 0.18, -0.85
Gyro: 44.82, -11.28, 182.72
Accel: -0.45, 0.16, -0.86
Gyro: 46.35, -13.31, 185.65
Accel: -0.48, 0.13, -0.90
Gyro: 47.81, -11.76, 189.63
Accel: -0.44, -0.01, -0.88
Gyro: 43.57, -10.84, 183.42
Accel: -0.41, -0.10, -0.89
Gyro: 40.99, -11.28, 163.25
Accel: -0.38, -0.20, -0.93
Gyro: 31.59, -8.16, 129.68
Accel: -0.31, -0.23, -0.91
Gyro: 23.06, -7.17, 91.17
Accel: -0.32, -0.19, -0.96
Gyro: 16.62, -5.60, 55.12
Accel: -0.30, -0.10, -0.97
Gyro: 8.63, -1.62, 27.10
Accel: -0.27, -0.04, -0.92
Gyro: 4.04, 1.00, 9.98
Accel: -0.28, -0.04, -0.94
Gyro: 1.00, 0.34, -2.57
Accel: -0.28, -0.02, -0.95
Gyro: -3.89, 1.37, -16.99
Accel: -0.27, 0.01, -0.93
Gyro: -3.78, 3.28, -26.99
Accel: -0.27, -0.02, -0.94
Gyro: -6.23, 4.78, -36.51
Accel: -0.27, -0.03, -0.91
Gyro: -12.52, 4.99, -47.57
Accel: -0.28, -0.06, -0.89
Gyro: -10.55, 1.92, -63.98
Accel: -0.31, -0.02, -0.98
Gyro: -12.99, 5.68, -79.11
Accel: -0.30, -0.05, -0.91
Gyro: -13.54, 7.55, -89.58
Accel: -0.30, -0.13, -0.87
Gyro: -13.43, 2.75, -111.37
Accel: -0.34, -0.08, -0.93
Gyro: -17.30, -0.49, -136.63
Accel: -0.36, -0.04, -0.93
Gyro: -22.09, -0.02, -148.80
Accel: -0.37, -0.03, -0.91
Gyro: -27.78, -1.34, -157.67
Accel: -0.38, 0.04, -0.93
Gyro: -30.36, -1.38, -162.74
Accel: -0.39, 0.10, -0.97
Gyro: -15.18, 3.31, -157.21
Accel: -0.35, 0.07, -0.89
Gyro: -33.43, 5.32, -150.05
Accel: -0.36, 0.10, -0.88
Gyro: -31.36, -0.26, -144.05
Accel: -0.35, 0.14, -0.94
Gyro: -31.80, -2.07, -135.28
Accel: -0.32, 0.16, -0.91
Gyro: -24.15, 1.23, -116.55
Accel: -0.31, 0.14, -0.91
Gyro: -18.42, -0.64, -102.54
Accel: -0.30, 0.10, -0.94
Gyro: -21.57, -1.23, -86.85
Accel: -0.29, 0.12, -0.93
Gyro: -27.04, -0.52, -73.52
Accel: -0.29, 0.10, -0.95
Gyro: -26.65, 2.09, -60.05
Accel: -0.28, 0.12, -0.91
Gyro: -23.71, 2.52, -48.15
Accel: -0.27, 0.11, -0.92
Gyro: -21.45, 1.45, -36.89
Accel: -0.27, 0.10, -0.92
Gyro: -19.79, 0.55, -28.29
Accel: -0.26, 0.10, -0.92
Gyro: -17.17, 0.03, -20.77
Accel: -0.26, 0.10, -0.92
Gyro: -14.63, -1.49, -13.24
Accel: -0.25, 0.09, -0.94
Gyro: -12.37, -1.86, -7.34
Accel: -0.26, 0.08, -0.94
Gyro: -11.42, -0.98, -4.26
Accel: -0.26, 0.08, -0.91
Gyro: -9.80, -1.49, -2.27
Accel: -0.26, 0.08, -0.93
Gyro: -9.05, -2.85, -0.78
Accel: -0.27, 0.08, -0.94
Gyro: -7.13, -2.86, 0.66
Accel: -0.27, 0.08, -0.93
Gyro: -4.78, -2.37, 1.52
Accel: -0.27, 0.07, -0.93
Gyro: -2.84, -2.79, 2.38
Accel: -0.26, 0.07, -0.92
Gyro: -1.15, -3.38, 2.86
Accel: -0.28, 0.07, -0.93
Gyro: 0.31, -3.73, 3.66
Accel: -0.27, 0.06, -0.94
Gyro: 0.02, -3.51, 3.84
Accel: -0.28, 0.05, -0.94
Gyro: 0.33, -3.20, 3.36
Accel: -0.28, 0.05, -0.93
Gyro: 0.82, -2.80, 2.88
Accel: -0.28, 0.05, -0.93
Gyro: 0.22, -2.75, 2.26
Accel: -0.28, 0.06, -0.94
Gyro: 0.74, -2.40, 2.07
Accel: -0.28, 0.05, -0.94
Gyro: 0.72, -1.88, 2.27
Accel: -0.28, 0.05, -0.92
Gyro: 0.15, -1.69, 1.59
Accel: -0.28, 0.04, -0.93
Gyro: -0.34, -1.66, 1.47
Accel: -0.28, 0.04, -0.93
Gyro: -0.74, -1.40, 1.21
Accel: -0.27, 0.05, -0.93
Gyro: -0.84, -0.93, 0.80
Accel: -0.28, 0.04, -0.94
Gyro: -0.56, -1.59, 0.98
Accel: -0.28, 0.04, -0.93
Gyro: -1.34, -1.05, 0.41
Accel: -0.28, 0.04, -0.93
Gyro: -1.76, -0.60, -0.23
Accel: -0.27, 0.05, -0.93
Gyro: -1.96, -0.78, -0.28
Accel: -0.27, 0.04, -0.93
Gyro: -1.56, -1.13, -0.71
Accel: -0.28, 0.06, -0.94
Gyro: -1.47, -1.68, -0.53
Accel: -0.28, 0.05, -0.93
Gyro: -1.62, -1.72, -0.36
Accel: -0.28, 0.04, -0.94
Gyro: -1.43, -1.35, -0.17
Accel: -0.28, 0.05, -0.92
Gyro: -1.59, -1.16, -0.19
Accel: -0.28, 0.04, -0.93
Gyro: -1.64, -1.16, -0.24
Accel: -0.28, 0.04, -0.93
Gyro: -1.79, -1.31, -0.40
Accel: -0.29, 0.04, -0.93
Gyro: -1.79, -1.43, -0.35
Accel: -0.27, 0.05, -0.94
Gyro: -2.44, -1.32, -0.53
Accel: -0.28, 0.04, -0.93
Gyro: -3.25, -0.34, -1.08
Accel: -0.28, 0.05, -0.93
Gyro: -2.24, -0.21, -1.40
Accel: -0.28, 0.04, -0.90
Gyro: -2.37, -0.98, -1.19
Accel: -0.28, 0.05, -0.92
Gyro: -2.34, -2.18, -1.12
Accel: -0.28, 0.04, -0.93
Gyro: -3.09, -2.04, -0.82
Accel: -0.28, 0.05, -0.93
Gyro: -3.32, -1.56, -0.78
Accel: -0.29, 0.06, -0.92
Gyro: -2.43, -2.25, -0.97
Accel: -0.29, 0.05, -0.94
Gyro: -2.08, -1.95, -1.02
Accel: -0.29, 0.05, -0.94
Gyro: -2.78, -1.38, -1.24
Accel: -0.29, 0.05, -0.93
Gyro: -1.91, -0.37, -0.84
Accel: -0.29, 0.05, -0.93
Gyro: -2.50, 0.25, -0.93
Accel: -0.28, 0.05, -0.93
Gyro: -2.77, 0.27, -0.80
Accel: -0.28, 0.05, -0.93
Gyro: -2.23, 0.43, -1.00
