Accel: -0.27, 0.04, -0.93
Gyro: -1.73, -0.60, -0.76
Accel: -0.27, 0.05, -0.93
Gyro: -1.89, -0.20, -0.59
Accel: -0.27, 0.04, -0.93
Gyro: -1.94, -0.19, -0.39
Accel: -0.27, 0.04, -0.93
Gyro: -2.32, -0.48, -0.34
Accel: -0.27, 0.05, -0.94
Gyro: -2.43, -0.77, -0.86
Accel: -0.27, 0.05, -0.93
Gyro: -1.93, -0.24, -1.34
Accel: -0.26, 0.04, -0.91
Gyro: -1.21, -0.95, -1.08
Accel: -0.27, 0.05, -0.92
Gyro: -1.88, -2.45, -0.59
Accel: -0.28, 0.04, -0.93
Gyro: -1.90, -2.62, -0.29
Accel: -0.28, 0.05, -0.92
Gyro: -2.33, -2.31, -0.50
Accel: -0.28, 0.05, -0.91
Gyro: -2.25, -2.76, -0.29
Accel: -0.28, 0.09, -0.92
Gyro: -0.90, -3.97, 1.69
Accel: -0.28, 0.21, -0.94
Gyro: -0.35, -3.85, 11.44
Accel: -0.29, 0.32, -0.93
Gyro: 3.20, -2.49, 39.88
Accel: -0.30, 0.35, -0.90
Gyro: 6.08, -4.63, 72.54
Accel: -0.33, 0.46, -0.92
Gyro: 8.94, -6.65, 113.14
Accel: -0.39, 0.44, -0.91
Gyro: 13.29, -5.50, 159.76
Accel: -0.43, 0.41, -0.86
Gyro: 19.40, -8.07, 194.33
Accel: -0.50, 0.43, -0.88
Gyro: 23.28, -13.39, 230.42
Accel: -0.53, 0.23, -0.85
Gyro: 29.46, -17.07, 249.99
Accel: -0.55, 0.09, -0.97
Gyro: 47.50, -14.88, 241.11
Accel: -0.49, -0.06, -0.90
Gyro: 53.68, -2.51, 215.88
Accel: -0.42, -0.12, -0.92
Gyro: 50.08, 3.38, 180.96
Accel: -0.34, -0.10, -0.86
Gyro: 44.38, -0.05, 151.75
Accel: -0.28, -0.21, -0.84
Gyro: 35.72, -7.33, 119.73
Accel: -0.24, -0.22, -0.93
Gyro: 24.96, -9.70, 80.41
Accel: -0.21, -0.15, -0.89
Gyro: 15.59, -11.43, 49.53
Accel: -0.21, -0.08, -0.93
Gyro: 10.77, -15.88, 26.97
Accel: -0.25, -0.08, -0.98
Gyro: 9.93, -15.73, 5.92
Accel: -0.29, -0.04, -1.01
Gyro: 3.19, -7.10, -12.57
Accel: -0.26, -0.07, -0.96
Gyro: -0.21, -0.43, -27.69
Accel: -0.26, -0.13, -0.95
Gyro: -0.09, 0.46, -49.12
Accel: -0.27, -0.19, -0.96
Gyro: -9.20, 2.76, -76.45
Accel: -0.27, -0.19, -0.86
Gyro: -18.78, -0.24, -106.10
Accel: -0.31, -0.14, -0.86
Gyro: -20.39, -8.85, -131.83
Accel: -0.36, -0.04, -0.94
Gyro: -27.54, -11.13, -148.57
Accel: -0.38, 0.03, -0.95
Gyro: -36.13, -6.48, -149.67
Accel: -0.39, 0.02, -0.89
Gyro: -37.20, -6.46, -151.17
Accel: -0.40, 0.10, -0.96
Gyro: -37.54, -3.56, -152.16
Accel: -0.39, 0.14, -0.94
Gyro: -41.28, 6.63, -140.24
Accel: -0.36, 0.11, -0.86
Gyro: -39.63, 5.46, -132.65
Accel: -0.35, 0.14, -0.90
Gyro: -36.22, 1.91, -127.27
Accel: -0.35, 0.16, -0.94
Gyro: -32.74, 0.92, -120.59
Accel: -0.33, 0.16, -0.94
Gyro: -28.47, 3.48, -109.25
Accel: -0.33, 0.16, -0.90
Gyro: -18.36, 5.59, -99.92
Accel: -0.32, 0.15, -0.92
Gyro: -14.74, 5.62, -89.90
Accel: -0.30, 0.15, -0.92
Gyro: -15.90, 5.24, -77.58
Accel: -0.29, 0.14, -0.92
Gyro: -16.21, 4.02, -66.42
Accel: -0.29, 0.12, -0.90
Gyro: -14.11, 2.82, -56.08
Accel: -0.29, 0.11, -0.93
Gyro: -13.47, 1.10, -47.79
Accel: -0.29, 0.11, -0.92
Gyro: -12.88, 0.74, -39.83
Accel: -0.29, 0.09, -0.94
Gyro: -12.53, 1.46, -33.39
Accel: -0.28, 0.08, -0.93
Gyro: -12.05, 2.05, -29.27
Accel: -0.28, 0.08, -0.91
Gyro: -9.93, 1.76, -24.92
Accel: -0.29, 0.08, -0.92
Gyro: -9.00, 1.64, -21.72
Accel: -0.27, 0.08, -0.92
Gyro: -9.27, 1.72, -17.86
Accel: -0.28, 0.08, -0.93
Gyro: -8.03, 1.17, -14.02
Accel: -0.28, 0.08, -0.92
Gyro: -7.13, 0.47, -9.69
Accel: -0.27, 0.08, -0.93
Gyro: -7.66, -0.73, -5.80
Accel: -0.27, 0.09, -0.93
Gyro: -7.39, -1.68, -2.51
Accel: -0.27, 0.08, -0.94
Gyro: -6.40, -1.35, 0.69
Accel: -0.27, 0.07, -0.93
Gyro: -4.29, -0.89, 2.65
Accel: -0.27, 0.06, -0.93
Gyro: -3.06, -1.37, 3.36
Accel: -0.27, 0.06, -0.93
Gyro: -2.83, -1.42, 2.89
Accel: -0.27, 0.06, -0.92
Gyro: -1.77, -1.18, 3.07
Accel: -0.28, 0.06, -0.93
Gyro: -1.30, -1.34, 2.78
Accel: -0.27, 0.06, -0.93
Gyro: -0.64, -2.07, 3.14
Accel: -0.27, 0.05, -0.94
Gyro: -0.17, -2.64, 3.78
Accel: -0.27, 0.06, -0.93
Gyro: -0.69, -1.56, 3.36
Accel: -0.27, 0.06, -0.92
Gyro: -0.15, -1.39, 3.33
Accel: -0.27, 0.05, -0.93
Gyro: 0.56, -2.30, 3.63
Accel: -0.27, 0.05, -0.93
Gyro: -0.56, -2.53, 3.12
Accel: -0.28, 0.04, -0.93
Gyro: -1.50, -1.75, 1.89
Accel: -0.27, 0.05, -0.93
Gyro: -2.08, -1.92, 1.14
Accel: -0.28, 0.04, -0.93
Gyro: -1.85, -1.78, 0.72
Accel: -0.28, 0.05, -0.94
Gyro: -1.88, -1.92, 0.34
Accel: -0.29, 0.05, -0.94
Gyro: -1.75, -1.27, 0.47
Accel: -0.29, 0.05, -0.94
Gyro: -1.61, -1.03, 0.00
Accel: -0.27, 0.05, -0.93
Gyro: -1.65, -0.39, -0.25
Accel: -0.28, 0.05, -0.94
Gyro: -1.98, -0.95, -0.45
Accel: -0.27, 0.06, -0.93
Gyro: -1.62, -0.76, -0.56
Accel: -0.28, 0.05, -0.92
Gyro: -0.37, -1.07, -0.18
Accel: -0.27, 0.05, -0.92
Gyro: -1.32, -2.10, -0.23
Accel: -0.29, 0.05, -0.93
Gyro: -1.51, -2.58, 0.07
Accel: -0.28, 0.05, -0.93
Gyro: -1.43, -2.27, -0.35
Accel: -0.28, 0.04, -0.92
Gyro: -1.36, -2.05, -0.45
Accel: -0.29, 0.05, -0.93
Gyro: -0.89, -2.51, -0.53
Accel: -0.29, 0.05, -0.94
Gyro: -1.87, -1.79, -0.66
Accel: -0.28, 0.05, -0.93
Gyro: -1.38, -1.37, -0.21
Accel: -0.29, 0.05, -0.93
Gyro: -1.43, -0.82, 0.15
Accel: -0.29, 0.05, -0.93
Gyro: -1.98, -0.19, -0.02
Accel: -0.29, 0.04, -0.94
Gyro: -1.81, 0.22, -0.11
Accel: -0.28, 0.05, -0.93
Gyro: -1.61, 0.27, -0.39
Accel: -0.29, 0.05, -0.92
Gyro: -1.63, 0.07, -0.44
Accel: -0.29, 0.04, -0.93
Gyro: -1.54, -0.55, -0.52
Accel: -0.28, 0.05, -0.94
Gyro: -1.77, -0.99, -0.76
Accel: -0.29, 0.05, -0.93
Gyro: -2.03, -1.12, -0.58
Accel: -0.28, 0.04, -0.93
Gyro: -2.71, -1.02, -0.61
Accel: -0.29, 0.05, -0.93
Gyro: -3.06, -0.59, -1.03
Accel: -0.28, 0.05, -0.93
Gyro: -2.66, 0.02, -1.31
Accel: -0.28, 0.05, -0.93
Gyro: -2.39, -0.37, -1.19
