Accel: -0.27, 0.05, -0.94
Gyro: -1.03, -2.33, -1.35
Accel: -0.28, 0.05, -0.93
Gyro: -1.11, -2.68, -1.43
Accel: -0.29, 0.05, -0.93
Gyro: -1.89, -2.80, -1.19
Accel: -0.28, 0.06, -0.93
Gyro: -2.27, -2.11, -0.92
Accel: -0.29, 0.06, -0.92
Gyro: -2.91, -1.34, -1.27
Accel: -0.28, 0.05, -0.93
Gyro: -2.21, -1.25, -1.37
Accel: -0.28, 0.06, -0.93
Gyro: -2.38, -1.16, -1.74
Accel: -0.29, 0.05, -0.93
Gyro: -3.05, -0.62, -1.47
Accel: -0.29, 0.07, -0.93
Gyro: -2.13, -0.03, -0.98
Accel: -0.28, 0.05, -0.92
Gyro: -1.71, 0.14, -0.85
Accel: -0.28, 0.06, -0.92
Gyro: -2.13, -0.25, -0.29
Accel: -0.27, 0.07, -0.92
Gyro: -2.29, -0.91, 0.08
Accel: -0.28, 0.11, -0.92
Gyro: -1.00, -1.81, 2.69
Accel: -0.29, 0.24, -0.95
Gyro: 1.57, -1.59, 14.99
Accel: -0.29, 0.31, -0.92
Gyro: 4.52, 0.02, 45.49
Accel: -0.30, 0.36, -0.89
Gyro: 4.88, -2.98, 77.28
Accel: -0.34, 0.47, -0.93
Gyro: 10.31, -4.84, 116.37
Accel: -0.39, 0.42, -0.92
Gyro: 18.73, -3.72, 157.26
Accel: -0.43, 0.38, -0.91
Gyro: 29.17, -3.07, 188.76
Accel: -0.45, 0.29, -0.88
Gyro: 39.52, -2.85, 208.49
Accel: -0.48, 0.22, -0.90
Gyro: 49.24, -2.53, 220.73
Accel: -0.47, 0.10, -0.87
Gyro: 52.15, -1.18, 221.04
Accel: -0.45, 0.01, -0.86
Gyro: 55.49, -1.23, 207.05
Accel: -0.41, -0.02, -0.82
Gyro: 51.67, -0.64, 186.20
Accel: -0.38, -0.08, -0.92
Gyro: 65.63, -3.49, 164.25
Accel: -0.35, -0.35, -1.00
Gyro: 49.48, 8.61, 131.56
Accel: -0.23, -0.36, -0.89
Gyro: 33.20, 9.52, 83.09
Accel: -0.18, -0.28, -0.91
Gyro: 23.64, 4.33, 43.98
Accel: -0.17, -0.21, -0.93
Gyro: 15.69, -1.43, 15.08
Accel: -0.21, -0.13, -0.99
Gyro: 9.34, -2.56, -5.62
Accel: -0.21, -0.12, -0.96
Gyro: -0.31, 0.59, -17.30
Accel: -0.21, -0.12, -0.96
Gyro: -6.16, 0.71, -31.72
Accel: -0.21, -0.13, -0.91
Gyro: -4.85, -0.72, -50.11
Accel: -0.22, -0.16, -0.95
Gyro: -6.07, -1.07, -68.89
Accel: -0.22, -0.18, -0.91
Gyro: -13.28, -3.94, -88.45
Accel: -0.25, -0.21, -0.91
Gyro: -19.63, -8.83, -112.50
Accel: -0.28, -0.17, -0.92
Gyro: -24.99, -12.17, -135.07
Accel: -0.31, -0.11, -0.90
Gyro: -29.08, -13.69, -150.94
Accel: -0.35, -0.05, -0.97
Gyro: -32.65, -12.99, -159.23
Accel: -0.35, 0.01, -0.94
Gyro: -41.15, -5.79, -157.01
Accel: -0.34, 0.03, -0.89
Gyro: -40.41, -6.16, -155.09
Accel: -0.35, 0.10, -0.95
Gyro: -34.71, -6.77, -149.22
Accel: -0.34, 0.11, -0.95
Gyro: -35.84, -1.15, -136.38
Accel: -0.30, 0.11, -0.91
Gyro: -26.83, -2.62, -124.80
Accel: -0.29, 0.12, -0.92
Gyro: -34.89, -4.52, -112.95
Accel: -0.29, 0.14, -0.93
Gyro: -26.60, -5.08, -99.46
Accel: -0.28, 0.13, -0.94
Gyro: -20.43, -4.88, -88.75
Accel: -0.27, 0.10, -0.94
Gyro: -16.23, -3.95, -78.03
Accel: -0.28, 0.09, -0.95
Gyro: -17.61, -2.53, -69.82
Accel: -0.27, 0.10, -0.94
Gyro: -15.66, -2.26, -59.81
Accel: -0.27, 0.09, -0.93
Gyro: -14.33, -1.82, -50.30
Accel: -0.27, 0.07, -0.95
Gyro: -13.69, -0.47, -42.05
Accel: -0.26, 0.08, -0.94
Gyro: -13.74, 0.63, -35.31
Accel: -0.25, 0.07, -0.92
Gyro: -12.72, 0.87, -28.44
Accel: -0.24, 0.07, -0.93
Gyro: -12.60, 0.04, -23.16
Accel: -0.26, 0.06, -0.95
Gyro: -11.80, -0.08, -19.01
Accel: -0.25, 0.07, -0.92
Gyro: -10.41, 0.78, -16.53
Accel: -0.24, 0.07, -0.92
Gyro: -8.74, 0.28, -12.66
Accel: -0.24, 0.08, -0.92
Gyro: -8.38, -1.38, -8.63
Accel: -0.25, 0.08, -0.95
Gyro: -7.59, -1.92, -4.08
Accel: -0.25, 0.07, -0.92
Gyro: -6.65, -1.68, -0.72
Accel: -0.25, 0.07, -0.93
Gyro: -4.97, -1.98, 2.30
Accel: -0.25, 0.07, -0.94
Gyro: -3.07, -2.36, 4.29
Accel: -0.25, 0.06, -0.95
Gyro: -2.91, -1.77, 5.03
Accel: -0.26, 0.04, -0.95
Gyro: -1.50, -1.85, 5.02
Accel: -0.26, 0.04, -0.94
Gyro: -1.39, -0.89, 4.13
Accel: -0.25, 0.05, -0.94
Gyro: -1.28, -1.15, 3.72
Accel: -0.25, 0.04, -0.93
Gyro: -1.84, -1.17, 3.52
Accel: -0.24, 0.05, -0.93
Gyro: -0.99, -1.16, 3.01
Accel: -0.24, 0.04, -0.93
Gyro: 0.07, -1.65, 3.04
Accel: -0.25, 0.04, -0.94
Gyro: 0.34, -2.56, 2.75
Accel: -0.25, 0.04, -0.94
Gyro: -0.29, -2.66, 2.58
Accel: -0.25, 0.04, -0.94
Gyro: -0.56, -2.05, 2.66
Accel: -0.25, 0.04, -0.94
Gyro: -0.50, -1.37, 2.50
Accel: -0.25, 0.04, -0.94
Gyro: -0.78, -1.32, 2.02
Accel: -0.26, 0.03, -0.94
Gyro: -1.21, -1.19, 1.34
Accel: -0.25, 0.03, -0.95
Gyro: -1.37, -0.95, 0.40
Accel: -0.25, 0.04, -0.93
Gyro: -1.04, -0.40, 0.03
Accel: -0.24, 0.04, -0.93
Gyro: -0.98, -0.94, -0.02
Accel: -0.25, 0.04, -0.93
Gyro: -1.21, -1.80, 0.02
Accel: -0.25, 0.04, -0.94
Gyro: -1.49, -2.93, -0.04
Accel: -0.25, 0.04, -0.94
Gyro: -1.95, -3.04, -0.03
Accel: -0.27, 0.04, -0.95
Gyro: -2.42, -2.60, -0.31
Accel: -0.25, 0.04, -0.94
Gyro: -1.24, -1.66, -0.51
Accel: -0.26, 0.04, -0.93
Gyro: -1.23, -1.61, -0.29
Accel: -0.26, 0.04, -0.93
Gyro: -1.95, -2.07, -0.56
Accel: -0.26, 0.04, -0.93
Gyro: -1.56, -2.60, -0.44
Accel: -0.26, 0.04, -0.94
Gyro: -2.35, -2.44, -0.82
Accel: -0.27, 0.03, -0.93
Gyro: -2.30, -2.55, -1.03
Accel: -0.27, 0.04, -0.94
Gyro: -1.75, -1.88, -1.08
Accel: -0.26, 0.04, -0.93
Gyro: -2.40, -1.72, -1.10
Accel: -0.26, 0.05, -0.93
Gyro: -1.45, -1.08, -1.02
Accel: -0.26, 0.04, -0.94
Gyro: -1.65, -0.49, -0.55
Accel: -0.27, 0.05, -0.94
Gyro: -1.69, -0.33, -0.22
Accel: -0.27, 0.04, -0.94
Gyro: -1.27, -0.16, -0.12
Accel: -0.26, 0.03, -0.95
Gyro: -1.48, 0.25, -0.34
Accel: -0.26, 0.04, -0.93
Gyro: -1.70, 0.56, -0.32
Accel: -0.26, 0.04, -0.94
Gyro: -1.37, 0.33, -0.25
Accel: -0.26, 0.03, -0.93
Gyro: -1.50, -0.56, -0.51
Accel: -0.26, 0.03, -0.94
Gyro: -1.92, -0.19, -0.47
Accel: -0.26, 0.04, -0.94
Gyro: -2.22, -0.11, -0.67
