Accel: -0.28, 0.06, -0.93
Gyro: -1.85, -0.21, -0.69
Accel: -0.28, 0.06, -0.93
Gyro: -1.35, -0.79, -0.98
Accel: -0.28, 0.06, -0.92
Gyro: -2.11, -1.09, -0.80
Accel: -0.28, 0.05, -0.94
Gyro: -2.56, -0.70, -1.00
Accel: -0.28, 0.06, -0.92
Gyro: -1.63, -0.03, -1.50
Accel: -0.28, 0.05, -0.92
Gyro: -1.62, -0.75, -1.00
Accel: -0.28, 0.06, -0.93
Gyro: -2.82, -2.07, -0.73
Accel: -0.28, 0.05, -0.93
Gyro: -3.23, -2.25, -0.72
Accel: -0.28, 0.05, -0.92
Gyro: -2.85, -2.75, -1.66
Accel: -0.29, 0.06, -0.93
Gyro: -2.85, -3.22, -1.54
Accel: -0.29, 0.07, -0.94
Gyro: -2.74, -2.48, -1.08
Accel: -0.29, 0.14, -0.93
Gyro: -2.28, -2.43, 2.43
Accel: -0.28, 0.18, -0.92
Gyro: 0.29, -2.26, 14.68
Accel: -0.28, 0.25, -0.92
Gyro: 4.73, -4.00, 30.42
Accel: -0.30, 0.36, -0.92
Gyro: 3.19, -4.01, 62.07
Accel: -0.32, 0.44, -0.91
Gyro: 0.85, -4.59, 105.90
Accel: -0.35, 0.43, -0.86
Gyro: 5.90, -9.38, 145.36
Accel: -0.44, 0.54, -0.90
Gyro: 18.95, -13.67, 184.62
Accel: -0.54, 0.50, -0.97
Gyro: 29.24, -8.12, 230.46
Accel: -0.55, 0.32, -0.91
Gyro: 35.13, -1.67, 249.99
Accel: -0.56, 0.27, -0.90
Gyro: 50.30, -0.03, 249.99
Accel: -0.54, 0.15, -0.86
Gyro: 57.67, 3.92, 249.99
Accel: -0.50, -0.01, -0.88
Gyro: 58.62, 6.21, 249.99
Accel: -0.39, -0.16, -0.78
Gyro: 46.13, -0.53, 220.31
Accel: -0.31, -0.30, -0.86
Gyro: 38.31, -7.28, 174.52
Accel: -0.24, -0.43, -0.92
Gyro: 27.48, -11.31, 115.40
Accel: -0.19, -0.25, -0.93
Gyro: 15.46, -11.58, 55.90
Accel: -0.19, -0.11, -0.97
Gyro: 16.59, -13.04, 23.58
Accel: -0.22, -0.03, -1.01
Gyro: 5.86, -7.55, 7.50
Accel: -0.20, -0.03, -1.00
Gyro: -1.96, -0.62, -0.69
Accel: -0.17, -0.03, -0.94
Gyro: -10.80, -2.07, -17.37
Accel: -0.20, 0.08, -0.97
Gyro: -1.43, -2.17, -32.80
Accel: -0.20, 0.01, -0.95
Gyro: 8.76, -1.01, -46.32
Accel: -0.20, -0.04, -0.91
Gyro: 6.45, -3.11, -62.70
Accel: -0.24, -0.23, -0.97
Gyro: 1.02, -3.75, -89.39
Accel: -0.23, -0.26, -0.86
Gyro: -15.79, -7.06, -123.09
Accel: -0.28, -0.22, -0.86
Gyro: -15.97, -17.44, -159.55
Accel: -0.37, -0.12, -0.94
Gyro: -15.30, -19.62, -187.63
Accel: -0.40, -0.07, -0.93
Gyro: -17.91, -17.22, -203.04
Accel: -0.44, -0.02, -0.92
Gyro: -26.80, -17.46, -211.60
Accel: -0.48, 0.13, -1.00
Gyro: -39.02, -11.47, -203.04
Accel: -0.44, 0.14, -0.97
Gyro: -46.85, 0.95, -182.06
Accel: -0.39, 0.14, -0.82
Gyro: -29.24, 0.38, -167.18
Accel: -0.36, 0.16, -0.91
Gyro: -42.97, -4.17, -150.70
Accel: -0.36, 0.16, -0.94
Gyro: -42.42, -1.99, -131.36
Accel: -0.32, 0.18, -0.91
Gyro: -39.99, -2.60, -117.10
Accel: -0.31, 0.17, -0.91
Gyro: -28.75, -0.02, -97.01
Accel: -0.29, 0.18, -0.92
Gyro: -26.77, -1.13, -81.44
Accel: -0.28, 0.19, -0.93
Gyro: -26.28, -2.01, -63.72
Accel: -0.28, 0.16, -0.93
Gyro: -22.66, -2.27, -48.93
Accel: -0.27, 0.14, -0.93
Gyro: -17.03, -2.23, -36.67
Accel: -0.28, 0.13, -0.94
Gyro: -14.31, -2.19, -26.80
Accel: -0.27, 0.13, -0.93
Gyro: -11.98, -2.55, -18.53
Accel: -0.28, 0.12, -0.93
Gyro: -7.58, -2.47, -11.27
Accel: -0.28, 0.10, -0.94
Gyro: -5.33, -2.25, -5.84
Accel: -0.27, 0.08, -0.94
Gyro: -4.77, -0.33, -2.43
Accel: -0.26, 0.06, -0.92
Gyro: -3.30, -0.82, -0.95
Accel: -0.27, 0.06, -0.94
Gyro: -3.51, -1.64, 0.36
Accel: -0.27, 0.05, -0.93
Gyro: -3.20, -2.18, 0.44
Accel: -0.27, 0.04, -0.93
Gyro: -3.15, -2.40, 0.34
Accel: -0.27, 0.05, -0.93
Gyro: -2.38, -2.72, 0.05
Accel: -0.28, 0.05, -0.92
Gyro: -1.37, -2.85, 0.50
Accel: -0.28, 0.05, -0.93
Gyro: -1.12, -3.33, 0.77
Accel: -0.29, 0.04, -0.93
Gyro: -1.61, -2.67, 1.45
Accel: -0.29, 0.04, -0.93
Gyro: -1.74, -2.18, 1.04
Accel: -0.29, 0.04, -0.93
Gyro: -1.60, -2.45, 0.24
Accel: -0.28, 0.05, -0.94
Gyro: -1.98, -2.12, 0.27
Accel: -0.29, 0.04, -0.92
Gyro: -1.96, -1.36, 0.24
Accel: -0.28, 0.05, -0.93
Gyro: -1.19, -1.42, 0.52
Accel: -0.28, 0.04, -0.94
Gyro: -1.48, -1.07, 0.18
Accel: -0.29, 0.05, -0.93
Gyro: -1.52, -0.90, -0.41
Accel: -0.28, 0.05, -0.93
Gyro: -1.95, -0.71, -0.24
Accel: -0.28, 0.05, -0.93
Gyro: -1.59, -1.06, 0.06
Accel: -0.28, 0.04, -0.92
Gyro: -2.44, -1.68, 0.08
Accel: -0.28, 0.04, -0.92
Gyro: -3.34, -1.58, 0.08
Accel: -0.28, 0.04, -0.92
Gyro: -3.33, -1.26, -0.28
Accel: -0.28, 0.05, -0.92
Gyro: -3.57, -1.63, -0.31
Accel: -0.29, 0.05, -0.92
Gyro: -3.74, -1.63, -0.55
Accel: -0.28, 0.05, -0.92
Gyro: -3.24, -1.34, -0.49
Accel: -0.28, 0.05, -0.93
Gyro: -2.72, -1.53, -0.37
Accel: -0.28, 0.06, -0.93
Gyro: -3.20, -1.40, -0.21
Accel: -0.28, 0.05, -0.93
Gyro: -3.03, -1.49, 0.08
Accel: -0.29, 0.05, -0.93
Gyro: -3.14, -1.58, -0.22
Accel: -0.28, 0.06, -0.93
Gyro: -2.71, -1.31, -0.58
Accel: -0.28, 0.06, -0.92
Gyro: -1.81, -1.35, -0.74
Accel: -0.29, 0.05, -0.92
Gyro: -2.06, -1.94, -0.98
Accel: -0.29, 0.06, -0.93
Gyro: -2.57, -2.11, -1.24
Accel: -0.29, 0.05, -0.92
Gyro: -1.91, -2.37, -1.14
Accel: -0.29, 0.05, -0.93
Gyro: -2.11, -2.38, -1.36
Accel: -0.29, 0.06, -0.93
Gyro: -2.01, -2.43, -1.06
Accel: -0.29, 0.06, -0.93
Gyro: -2.84, -1.56, -0.43
Accel: -0.29, 0.06, -0.93
Gyro: -2.20, -1.40, -0.46
Accel: -0.30, 0.06, -0.93
Gyro: -1.71, -0.43, 0.09
Accel: -0.30, 0.06, -0.94
Gyro: -2.01, -0.05, -0.05
Accel: -0.28, 0.06, -0.93
Gyro: -2.26, 0.66, 0.30
Accel: -0.28, 0.05, -0.92
Gyro: -1.72, 0.60, -0.17
Accel: -0.28, 0.06, -0.92
Gyro: -1.43, 0.04, -0.60
Accel: -0.29, 0.05, -0.93
Gyro: -1.46, -0.33, -0.70
Accel: -0.29, 0.05, -0.92
Gyro: -1.80, -0.60, -0.81
Accel: -0.29, 0.05, -0.92
Gyro: -2.33, -1.15, -0.76
Accel: -0.29, 0.06, -0.92
Gyro: -2.17, -1.75, -0.81
