Accel: -0.28, 0.05, -0.93
Gyro: -1.86, 0.27, -1.42
Accel: -0.27, 0.06, -0.92
Gyro: -1.50, -0.60, -0.77
Accel: -0.28, 0.06, -0.92
Gyro: -1.46, -1.30, -0.43
Accel: -0.28, 0.05, -0.93
Gyro: -1.72, -1.79, 0.09
Accel: -0.29, 0.05, -0.93
Gyro: -1.72, -1.72, -0.40
Accel: -0.29, 0.05, -0.93
Gyro: -1.85, -1.10, -0.68
Accel: -0.29, 0.05, -0.93
Gyro: -2.21, -0.64, -1.05
Accel: -0.28, 0.05, -0.94
Gyro: -1.95, -0.47, -0.73
Accel: -0.29, 0.05, -0.93
Gyro: -2.11, -0.40, -0.66
Accel: -0.29, 0.05, -0.93
Gyro: -2.29, -0.63, -0.40
Accel: -0.28, 0.06, -0.93
Gyro: -2.31, -1.11, -0.11
Accel: -0.27, 0.08, -0.92
Gyro: -2.16, -2.14, 1.12
Accel: -0.28, 0.16, -0.93
Gyro: 0.24, -2.80, 7.51
Accel: -0.29, 0.25, -0.93
Gyro: 2.88, -2.19, 25.96
Accel: -0.29, 0.30, -0.91
Gyro: 3.32, -3.00, 54.37
Accel: -0.30, 0.34, -0.91
Gyro: 4.22, -5.59, 85.93
Accel: -0.35, 0.39, -0.93
Gyro: 7.54, -6.27, 119.54
Accel: -0.38, 0.39, -0.92
Gyro: 15.31, -5.09, 153.72
Accel: -0.42, 0.35, -0.90
Gyro: 21.60, -4.47, 181.71
Accel: -0.51, 0.42, -0.99
Gyro: 31.72, -0.86, 213.65
Accel: -0.57, 0.22, -0.99
Gyro: 31.60, 14.41, 243.69
Accel: -0.49, -0.01, -0.91
Gyro: 35.10, 19.50, 237.68
Accel: -0.34, -0.14, -0.80
Gyro: 29.70, 15.66, 202.98
Accel: -0.28, -0.12, -0.90
Gyro: 27.22, 8.08, 164.60
Accel: -0.22, -0.10, -0.81
Gyro: 18.49, 0.34, 135.96
Accel: -0.20, -0.14, -0.92
Gyro: 13.43, -7.67, 104.43
Accel: -0.19, -0.15, -0.97
Gyro: 14.24, -7.53, 67.38
Accel: -0.17, -0.14, -0.95
Gyro: 15.38, -3.77, 30.83
Accel: -0.18, -0.02, -0.97
Gyro: 13.66, -2.30, 4.82
Accel: -0.17, 0.01, -0.99
Gyro: 8.16, 0.40, -5.36
Accel: -0.15, -0.01, -0.92
Gyro: 0.55, -0.82, -18.35
Accel: -0.18, -0.00, -0.98
Gyro: -0.42, -2.43, -33.74
Accel: -0.19, 0.05, -1.00
Gyro: -6.65, 2.72, -43.90
Accel: -0.18, 0.10, -0.92
Gyro: -2.19, 2.43, -48.83
Accel: -0.19, 0.01, -0.97
Gyro: 3.13, 1.86, -55.27
Accel: -0.18, 0.02, -0.93
Gyro: -9.80, 4.01, -63.13
Accel: -0.18, -0.08, -0.88
Gyro: -9.10, -2.43, -77.85
Accel: -0.21, -0.10, -0.92
Gyro: -8.81, -9.35, -102.81
Accel: -0.25, -0.07, -0.97
Gyro: -13.31, -7.53, -123.47
Accel: -0.25, -0.02, -0.90
Gyro: -18.37, -7.58, -139.98
Accel: -0.31, 0.06, -0.99
Gyro: -18.42, -9.22, -145.29
Accel: -0.32, 0.10, -0.99
Gyro: -28.05, 0.63, -138.44
Accel: -0.27, 0.09, -0.89
Gyro: -28.96, -0.22, -134.85
Accel: -0.31, 0.17, -0.99
Gyro: -27.53, -0.43, -128.33
Accel: -0.28, 0.17, -0.95
Gyro: -23.73, 2.20, -114.48
Accel: -0.24, 0.17, -0.87
Gyro: -26.23, -2.51, -106.92
Accel: -0.25, 0.17, -0.92
Gyro: -19.04, -6.91, -96.45
Accel: -0.28, 0.15, -0.94
Gyro: -16.12, -7.02, -87.63
Accel: -0.27, 0.14, -0.93
Gyro: -14.27, -5.42, -78.60
Accel: -0.27, 0.14, -0.92
Gyro: -13.28, -5.71, -70.77
Accel: -0.27, 0.14, -0.94
Gyro: -12.41, -5.79, -62.60
Accel: -0.27, 0.14, -0.93
Gyro: -10.82, -5.75, -53.77
Accel: -0.27, 0.13, -0.96
Gyro: -9.94, -4.16, -45.02
Accel: -0.28, 0.14, -0.95
Gyro: -9.47, -2.58, -37.15
Accel: -0.27, 0.13, -0.92
Gyro: -7.95, -1.33, -28.72
Accel: -0.27, 0.12, -0.93
Gyro: -6.26, -1.53, -20.90
Accel: -0.27, 0.10, -0.94
Gyro: -5.30, -0.76, -14.64
Accel: -0.26, 0.11, -0.93
Gyro: -4.84, -0.69, -9.11
Accel: -0.27, 0.10, -0.93
Gyro: -3.49, -1.05, -3.96
Accel: -0.27, 0.09, -0.93
Gyro: -2.93, -1.50, -0.24
Accel: -0.27, 0.08, -0.93
Gyro: -2.17, -1.85, 2.10
Accel: -0.27, 0.07, -0.94
Gyro: -2.44, -1.46, 3.08
Accel: -0.27, 0.07, -0.93
Gyro: -1.93, -1.07, 3.15
Accel: -0.27, 0.06, -0.93
Gyro: -0.76, -1.25, 2.97
Accel: -0.27, 0.05, -0.95
Gyro: -1.03, -0.55, 2.45
Accel: -0.26, 0.06, -0.93
Gyro: -1.38, -0.72, 1.71
Accel: -0.27, 0.06, -0.93
Gyro: -1.08, -0.56, 1.09
Accel: -0.27, 0.05, -0.93
Gyro: -1.21, -1.03, 0.16
Accel: -0.26, 0.06, -0.93
Gyro: -1.22, -1.05, -0.33
Accel: -0.26, 0.06, -0.93
Gyro: -1.14, -1.63, -0.08
Accel: -0.26, 0.06, -0.93
Gyro: -1.12, -1.86, 0.42
Accel: -0.27, 0.06, -0.94
Gyro: -0.92, -1.96, 0.76
Accel: -0.27, 0.05, -0.94
Gyro: -1.59, -1.17, 0.35
Accel: -0.27, 0.05, -0.93
Gyro: -0.58, -1.30, 0.04
Accel: -0.26, 0.05, -0.93
Gyro: -1.17, -1.40, -0.09
Accel: -0.26, 0.06, -0.92
Gyro: -1.63, -1.46, -0.48
Accel: -0.27, 0.05, -0.93
Gyro: -1.59, -1.56, -0.73
Accel: -0.27, 0.06, -0.93
Gyro: -2.01, -1.12, -0.76
Accel: -0.26, 0.05, -0.93
Gyro: -2.37, -0.98, -0.95
Accel: -0.27, 0.06, -0.93
Gyro: -2.65, -1.23, -0.69
Accel: -0.27, 0.06, -0.93
Gyro: -2.78, -1.09, -0.84
Accel: -0.27, 0.05, -0.94
Gyro: -1.92, -0.40, -0.82
Accel: -0.27, 0.05, -0.93
Gyro: -1.96, -0.61, -0.88
Accel: -0.27, 0.06, -0.93
Gyro: -2.28, -0.43, -0.81
Accel: -0.27, 0.06, -0.94
Gyro: -1.88, -0.37, -0.60
Accel: -0.27, 0.06, -0.94
Gyro: -1.66, -0.07, -0.66
Accel: -0.27, 0.06, -0.93
Gyro: -1.57, -0.31, -1.01
Accel: -0.26, 0.06, -0.93
Gyro: -1.69, -1.11, -0.72
Accel: -0.27, 0.06, -0.92
Gyro: -1.79, -1.59, -0.76
Accel: -0.26, 0.06, -0.93
Gyro: -2.00, -2.11, -0.54
Accel: -0.27, 0.06, -0.93
Gyro: -1.79, -2.47, -1.08
Accel: -0.27, 0.06, -0.93
Gyro: -1.70, -2.20, -1.21
Accel: -0.27, 0.06, -0.93
Gyro: -1.98, -2.08, -1.04
Accel: -0.27, 0.06, -0.94
Gyro: -1.62, -1.63, -0.74
Accel: -0.27, 0.06, -0.94
Gyro: -1.63, -1.21, -0.53
Accel: -0.26, 0.06, -0.93
Gyro: -1.28, -1.21, -0.60
Accel: -0.27, 0.06, -0.93
Gyro: -1.58, -1.29, -0.56
Accel: -0.27, 0.05, -0.93
Gyro: -1.53, -1.49, -0.15
Accel: -0.28, 0.05, -0.93
Gyro: -1.29, -2.41, -0.50
Accel: -0.28, 0.05, -0.93
Gyro: -1.56, -3.27, -0.53
Accel: -0.28, 0.05, -0.94
Gyro: -2.27, -2.91, -1.05
