Accel: -0.26, 0.05, -0.93
Gyro: -2.21, -2.04, -0.84
Accel: -0.26, 0.06, -0.94
Gyro: -2.40, -2.29, -1.09
Accel: -0.27, 0.06, -0.94
Gyro: -2.74, -1.58, -1.17
Accel: -0.27, 0.05, -0.93
Gyro: -1.44, -1.98, -1.39
Accel: -0.27, 0.05, -0.93
Gyro: -2.11, -1.96, -1.23
Accel: -0.27, 0.06, -0.94
Gyro: -3.03, -1.93, -1.11
Accel: -0.27, 0.05, -0.93
Gyro: -2.70, -1.43, -1.01
Accel: -0.28, 0.05, -0.93
Gyro: -2.71, -1.74, -1.42
Accel: -0.28, 0.05, -0.94
Gyro: -3.33, -1.27, -1.83
Accel: -0.28, 0.05, -0.94
Gyro: -3.13, -0.85, -1.98
Accel: -0.27, 0.06, -0.93
Gyro: -2.98, -1.59, -1.82
Accel: -0.28, 0.06, -0.93
Gyro: -1.76, -1.77, -1.46
Accel: -0.28, 0.07, -0.94
Gyro: -2.98, -1.02, -1.12
Accel: -0.28, 0.11, -0.94
Gyro: -2.49, -0.74, 2.73
Accel: -0.26, 0.18, -0.93
Gyro: -1.49, -0.44, 11.72
Accel: -0.27, 0.29, -0.94
Gyro: 0.08, -1.31, 35.60
Accel: -0.29, 0.42, -0.94
Gyro: -0.16, -2.58, 68.68
Accel: -0.35, 0.66, -0.93
Gyro: -0.51, 1.35, 128.36
Accel: -0.39, 0.75, -0.82
Gyro: 16.65, -7.72, 197.40
Accel: -0.57, 0.85, -0.94
Gyro: 37.34, -12.62, 249.99
Accel: -0.75, 0.64, -0.90
Gyro: 55.95, -4.14, 249.99
Accel: -0.81, 0.25, -0.81
Gyro: 88.25, -2.07, 249.99
Accel: -0.73, -0.22, -0.69
Gyro: 90.70, -1.65, 249.99
Accel: -0.57, -0.58, -0.81
Gyro: 71.91, -6.16, 249.99
Accel: -0.36, -0.69, -0.82
Gyro: 37.58, -12.41, 183.06
Accel: -0.29, -0.64, -0.96
Gyro: 30.33, -17.69, 83.29
Accel: -0.26, -0.42, -0.93
Gyro: 14.89, -18.14, 16.05
Accel: -0.26, -0.26, -1.01
Gyro: 7.73, -14.53, -22.45
Accel: -0.28, -0.12, -1.01
Gyro: -2.61, -4.07, -38.82
Accel: -0.24, -0.17, -0.94
Gyro: -6.60, -2.37, -55.08
Accel: -0.25, -0.32, -0.92
Gyro: -9.16, -6.35, -96.70
Accel: -0.29, -0.33, -0.90
Gyro: -20.22, -8.61, -140.82
Accel: -0.35, -0.32, -0.86
Gyro: -30.73, -14.57, -179.76
Accel: -0.43, -0.23, -0.85
Gyro: -39.77, -23.90, -212.24
Accel: -0.52, -0.14, -0.96
Gyro: -50.69, -22.57, -231.54
Accel: -0.56, -0.10, -0.94
Gyro: -61.35, -13.98, -243.97
Accel: -0.59, -0.01, -0.91
Gyro: -67.34, -3.72, -250.00
Accel: -0.59, 0.15, -0.88
Gyro: -61.50, 3.56, -248.60
Accel: -0.53, 0.30, -0.93
Gyro: -44.61, 6.33, -222.56
Accel: -0.44, 0.24, -0.91
Gyro: -45.22, 11.12, -191.21
Accel: -0.37, 0.26, -0.85
Gyro: -54.05, 8.81, -164.83
Accel: -0.34, 0.35, -0.86
Gyro: -50.87, 0.00, -133.29
Accel: -0.30, 0.36, -0.89
Gyro: -37.40, -3.65, -93.51
Accel: -0.28, 0.31, -0.93
Gyro: -28.80, -5.07, -61.40
Accel: -0.27, 0.27, -0.92
Gyro: -26.26, -5.26, -34.72
Accel: -0.27, 0.26, -0.91
Gyro: -20.45, -7.07, -12.15
Accel: -0.28, 0.22, -0.92
Gyro: -9.71, -8.37, 5.55
Accel: -0.30, 0.16, -0.95
Gyro: -3.08, -6.70, 17.03
Accel: -0.30, 0.10, -0.93
Gyro: -0.42, -4.41, 20.41
Accel: -0.30, 0.09, -0.93
Gyro: 2.57, -3.12, 18.06
Accel: -0.30, 0.08, -0.91
Gyro: 7.09, -3.85, 16.49
Accel: -0.31, 0.06, -0.96
Gyro: 6.55, -2.94, 15.45
Accel: -0.31, 0.05, -0.93
Gyro: 1.18, 0.48, 12.55
Accel: -0.29, 0.05, -0.91
Gyro: 2.49, 0.49, 11.18
Accel: -0.30, 0.06, -0.92
Gyro: 2.71, -0.45, 11.45
Accel: -0.29, 0.04, -0.94
Gyro: 1.05, 0.51, 9.99
Accel: -0.29, 0.03, -0.90
Gyro: 1.11, 0.60, 7.13
Accel: -0.29, 0.04, -0.92
Gyro: 1.31, -1.41, 4.78
Accel: -0.29, 0.04, -0.93
Gyro: -0.87, -2.17, 3.35
Accel: -0.29, 0.04, -0.94
Gyro: -3.03, -1.01, 1.27
Accel: -0.28, 0.05, -0.91
Gyro: -2.00, -1.12, 0.11
Accel: -0.28, 0.07, -0.91
Gyro: -1.16, -2.88, 1.01
Accel: -0.30, 0.06, -0.94
Gyro: -2.10, -3.49, 1.85
Accel: -0.29, 0.05, -0.93
Gyro: -2.53, -1.59, 1.31
Accel: -0.29, 0.06, -0.91
Gyro: -1.21, -1.43, 0.50
Accel: -0.28, 0.06, -0.92
Gyro: -0.11, -2.29, 0.24
Accel: -0.29, 0.05, -0.94
Gyro: -1.30, -1.31, -0.47
Accel: -0.28, 0.05, -0.93
Gyro: -2.07, -0.87, -1.40
Accel: -0.29, 0.07, -0.93
Gyro: -1.94, -0.47, -1.14
Accel: -0.29, 0.06, -0.93
Gyro: -1.35, -0.74, -0.66
Accel: -0.29, 0.06, -0.92
Gyro: -2.01, 0.15, 0.06
Accel: -0.29, 0.06, -0.93
Gyro: -2.09, 0.34, 0.90
Accel: -0.29, 0.06, -0.92
Gyro: -2.01, 0.20, 0.97
Accel: -0.28, 0.06, -0.92
Gyro: -1.91, -0.65, 0.62
Accel: -0.28, 0.06, -0.93
Gyro: -1.68, -1.28, 0.27
Accel: -0.28, 0.05, -0.93
Gyro: -2.29, -1.21, 0.35
Accel: -0.28, 0.06, -0.92
Gyro: -2.21, -1.66, -0.28
Accel: -0.29, 0.05, -0.92
Gyro: -2.08, -2.49, -1.24
Accel: -0.29, 0.06, -0.93
Gyro: -2.44, -2.33, -1.47
Accel: -0.29, 0.06, -0.94
Gyro: -2.08, -0.90, -1.36
Accel: -0.29, 0.07, -0.91
Gyro: -1.18, -1.57, -0.96
Accel: -0.29, 0.06, -0.94
Gyro: -1.37, -2.01, -0.43
Accel: -0.30, 0.06, -0.93
Gyro: -1.78, -1.17, -0.37
Accel: -0.30, 0.06, -0.92
Gyro: -1.03, -1.35, -0.30
Accel: -0.30, 0.06, -0.92
Gyro: -1.14, -1.95, 0.19
Accel: -0.30, 0.05, -0.93
Gyro: -1.50, -1.56, -0.53
Accel: -0.29, 0.06, -0.93
Gyro: -2.43, -1.06, -0.84
Accel: -0.29, 0.05, -0.93
Gyro: -2.94, -0.63, -1.21
Accel: -0.29, 0.06, -0.92
Gyro: -1.17, -0.85, -1.56
Accel: -0.30, 0.06, -0.92
Gyro: -1.66, -1.15, -0.98
Accel: -0.30, 0.06, -0.92
Gyro: -2.63, -1.40, -0.63
Accel: -0.30, 0.05, -0.92
Gyro: -2.06, -1.82, -0.34
Accel: -0.30, 0.05, -0.92
Gyro: -2.78, -1.72, -0.75
Accel: -0.30, 0.06, -0.92
Gyro: -3.04, -1.86, -1.43
Accel: -0.30, 0.06, -0.93
Gyro: -2.19, -2.12, -1.69
Accel: -0.30, 0.07, -0.93
Gyro: -2.85, -1.70, -1.75
Accel: -0.30, 0.07, -0.92
Gyro: -2.17, -1.21, -1.43
Accel: -0.29, 0.07, -0.91
Gyro: -1.48, -1.16, -1.66
Accel: -0.30, 0.06, -0.92
Gyro: -1.74, -1.54, -1.24
Accel: -0.30, 0.06, -0.94
Gyro: -2.55, -0.90, -0.62
Accel: -0.30, 0.06, -0.92
Gyro: -2.46, -0.23, -0.79
