Accel: -0.31, 0.04, -0.93
Gyro: -1.80, 0.80, -0.06
Accel: -0.28, 0.05, -0.91
Gyro: -1.49, 0.47, -2.09
Accel: -0.29, 0.07, -0.90
Gyro: -2.07, -1.13, -2.07
Accel: -0.30, 0.07, -0.92
Gyro: -1.24, -2.14, -0.71
Accel: -0.31, 0.06, -0.93
Gyro: -1.82, -0.79, -0.06
Accel: -0.30, 0.06, -0.92
Gyro: -1.99, -0.42, 0.75
Accel: -0.30, 0.06, -0.91
Gyro: -2.33, -0.95, 0.98
Accel: -0.29, 0.06, -0.92
Gyro: -2.72, -2.46, 1.27
Accel: -0.30, 0.07, -0.91
Gyro: -1.97, -1.97, 0.92
Accel: -0.30, 0.10, -0.92
Gyro: -1.43, -1.95, 2.94
Accel: -0.30, 0.23, -0.93
Gyro: -0.34, -1.36, 14.06
Accel: -0.30, 0.29, -0.91
Gyro: 1.00, -1.61, 40.75
Accel: -0.32, 0.35, -0.90
Gyro: 1.86, -4.24, 70.98
Accel: -0.36, 0.57, -0.93
Gyro: 6.32, -5.27, 114.23
Accel: -0.42, 0.49, -0.90
Gyro: 14.91, -3.06, 169.21
Accel: -0.45, 0.37, -0.89
Gyro: 24.67, -5.10, 200.21
Accel: -0.51, 0.43, -0.90
Gyro: 38.29, -5.31, 223.10
Accel: -0.57, 0.33, -0.95
Gyro: 53.61, 2.86, 248.90
Accel: -0.58, 0.15, -0.95
Gyro: 61.26, 12.35, 249.99
Accel: -0.54, 0.13, -0.91
Gyro: 58.98, 22.58, 246.22
Accel: -0.43, -0.06, -0.82
Gyro: 55.05, 26.03, 237.97
Accel: -0.25, -0.36, -0.59
Gyro: 43.02, 3.62, 202.05
Accel: -0.23, -0.41, -0.93
Gyro: 35.62, -17.45, 134.19
Accel: -0.22, -0.37, -1.00
Gyro: 16.44, -8.62, 74.74
Accel: -0.21, -0.25, -0.92
Gyro: 16.63, -11.83, 28.26
Accel: -0.25, -0.10, -1.06
Gyro: 4.61, -5.10, 1.59
Accel: -0.19, -0.10, -0.95
Gyro: -6.16, 2.88, -8.67
Accel: -0.16, -0.05, -0.93
Gyro: -9.16, -1.62, -28.43
Accel: -0.18, 0.02, -0.96
Gyro: -6.99, -1.76, -41.05
Accel: -0.19, -0.06, -0.93
Gyro: -7.28, -3.22, -57.46
Accel: -0.20, -0.15, -0.92
Gyro: -3.38, -5.39, -84.78
Accel: -0.24, -0.19, -0.92
Gyro: -20.03, -6.26, -109.78
Accel: -0.26, -0.19, -0.87
Gyro: -27.55, -12.89, -135.07
Accel: -0.32, -0.09, -0.90
Gyro: -25.88, -18.26, -163.44
Accel: -0.38, -0.05, -1.01
Gyro: -26.28, -14.34, -179.71
Accel: -0.40, 0.02, -0.94
Gyro: -43.13, -3.52, -184.20
Accel: -0.39, 0.08, -0.84
Gyro: -45.01, -5.81, -185.94
Accel: -0.41, 0.20, -0.96
Gyro: -32.15, -7.67, -178.31
Accel: -0.41, 0.20, -0.90
Gyro: -21.93, -0.90, -163.57
Accel: -0.34, 0.14, -0.88
Gyro: -40.29, -0.43, -155.08
Accel: -0.35, 0.18, -0.88
Gyro: -35.48, -7.47, -146.80
Accel: -0.36, 0.22, -0.95
Gyro: -31.99, -6.37, -132.18
Accel: -0.33, 0.23, -0.88
Gyro: -15.23, -2.94, -113.32
Accel: -0.35, 0.27, -0.97
Gyro: -5.60, -2.66, -94.64
Accel: -0.33, 0.27, -0.96
Gyro: -3.35, 3.23, -68.24
Accel: -0.31, 0.23, -0.96
Gyro: -0.40, 6.47, -42.21
Accel: -0.29, 0.14, -0.95
Gyro: -0.21, 9.58, -23.27
Accel: -0.26, 0.09, -0.91
Gyro: -3.00, 9.40, -10.05
Accel: -0.25, 0.06, -0.89
Gyro: -8.06, 5.29, -0.89
Accel: -0.24, 0.04, -0.92
Gyro: -9.78, 2.51, 3.55
Accel: -0.25, 0.03, -0.93
Gyro: -8.25, 1.13, 5.62
Accel: -0.25, 0.02, -0.92
Gyro: -7.36, 0.89, 4.78
Accel: -0.25, 0.02, -0.92
Gyro: -4.99, -0.92, 2.72
Accel: -0.26, 0.02, -0.94
Gyro: -5.89, -2.17, 0.43
Accel: -0.25, 0.02, -0.93
Gyro: -7.76, -2.73, -1.58
Accel: -0.26, 0.03, -0.93
Gyro: -6.26, -3.75, -2.29
Accel: -0.27, 0.03, -0.94
Gyro: -5.33, -4.53, -2.66
Accel: -0.26, 0.04, -0.93
Gyro: -5.47, -4.43, -2.40
Accel: -0.27, 0.05, -0.94
Gyro: -5.46, -3.46, -2.13
Accel: -0.27, 0.05, -0.94
Gyro: -3.65, -3.20, -1.60
Accel: -0.28, 0.05, -0.95
Gyro: -2.11, -2.70, -1.13
Accel: -0.28, 0.04, -0.94
Gyro: -1.72, -1.83, -0.68
Accel: -0.27, 0.04, -0.93
Gyro: -1.82, -1.61, -0.28
Accel: -0.27, 0.04, -0.93
Gyro: -0.93, -1.76, 0.11
Accel: -0.27, 0.03, -0.94
Gyro: -0.75, -1.90, 0.28
Accel: -0.27, 0.03, -0.94
Gyro: -2.05, -2.22, 0.16
Accel: -0.27, 0.03, -0.93
Gyro: -2.28, -1.88, -0.19
Accel: -0.28, 0.04, -0.95
Gyro: -2.42, -0.63, -1.02
Accel: -0.27, 0.04, -0.93
Gyro: -2.41, -0.03, -1.35
Accel: -0.26, 0.04, -0.93
Gyro: -2.69, -0.69, -1.48
Accel: -0.27, 0.04, -0.94
Gyro: -2.64, -1.50, -1.35
Accel: -0.28, 0.04, -0.93
Gyro: -3.43, -1.16, -0.95
Accel: -0.27, 0.04, -0.94
Gyro: -3.98, -0.55, -0.84
Accel: -0.27, 0.05, -0.93
Gyro: -2.41, -0.69, -0.66
Accel: -0.27, 0.04, -0.93
Gyro: -2.09, -1.63, -0.33
Accel: -0.28, 0.05, -0.93
Gyro: -2.71, -2.03, -0.18
Accel: -0.28, 0.04, -0.92
Gyro: -2.75, -2.12, -0.02
Accel: -0.28, 0.04, -0.93
Gyro: -2.76, -2.30, -0.82
Accel: -0.28, 0.05, -0.93
Gyro: -2.91, -2.22, -1.48
Accel: -0.29, 0.05, -0.93
Gyro: -2.56, -1.77, -1.60
Accel: -0.28, 0.05, -0.93
Gyro: -2.47, -1.63, -1.51
Accel: -0.28, 0.04, -0.93
Gyro: -2.08, -0.89, -1.09
Accel: -0.28, 0.04, -0.94
Gyro: -2.87, -0.34, -1.24
Accel: -0.29, 0.05, -0.94
Gyro: -3.27, 0.20, -0.80
Accel: -0.28, 0.05, -0.93
Gyro: -2.69, 0.22, -0.68
Accel: -0.27, 0.04, -0.93
Gyro: -2.62, 0.12, -0.79
Accel: -0.28, 0.04, -0.93
Gyro: -3.23, -0.16, -1.05
Accel: -0.27, 0.05, -0.93
Gyro: -3.12, -0.34, -1.05
Accel: -0.27, 0.05, -0.92
Gyro: -2.90, -0.89, -0.87
Accel: -0.28, 0.04, -0.94
Gyro: -2.66, -0.70, -1.13
Accel: -0.28, 0.05, -0.93
Gyro: -2.81, -0.61, -1.17
Accel: -0.28, 0.05, -0.94
Gyro: -2.49, -0.95, -1.12
Accel: -0.28, 0.05, -0.93
Gyro: -2.05, -0.14, -1.25
Accel: -0.28, 0.05, -0.94
Gyro: -1.12, -0.29, -1.81
Accel: -0.26, 0.06, -0.91
Gyro: -1.35, -1.36, -1.49
Accel: -0.27, 0.04, -0.91
Gyro: -1.72, -3.16, -1.96
Accel: -0.29, 0.05, -0.96
Gyro: -1.12, -3.23, -2.18
Accel: -0.28, 0.05, -0.94
Gyro: -0.22, -0.37, -1.79
Accel: -0.28, 0.04, -0.92
Gyro: 0.82, 0.55, -1.45
Accel: -0.28, 0.04, -0.91
Gyro: -0.79, -2.03, -0.80
Accel: -0.29, 0.04, -0.94
Gyro: -1.76, -1.70, 0.04
