Accel: -0.26, 0.03, -0.94
Gyro: -1.98, -0.75, -1.08
Accel: -0.25, 0.04, -0.95
Gyro: -2.04, -0.31, -1.03
Accel: -0.25, 0.04, -0.94
Gyro: -2.05, -0.69, -0.64
Accel: -0.25, 0.04, -0.93
Gyro: -1.99, -0.91, -0.72
Accel: -0.25, 0.03, -0.95
Gyro: -2.52, -1.13, -0.72
Accel: -0.25, 0.04, -0.94
Gyro: -1.98, -0.10, -1.04
Accel: -0.25, 0.03, -0.94
Gyro: -1.58, -0.27, -0.69
Accel: -0.25, 0.03, -0.94
Gyro: -2.53, -1.22, -0.74
Accel: -0.26, 0.04, -0.94
Gyro: -2.41, -1.69, -0.32
Accel: -0.25, 0.03, -0.93
Gyro: -2.36, -1.71, -0.82
Accel: -0.25, 0.03, -0.94
Gyro: -2.16, -1.92, -1.46
Accel: -0.26, 0.03, -0.94
Gyro: -2.46, -2.05, -1.85
Accel: -0.26, 0.05, -0.94
Gyro: -3.63, -1.26, -1.40
Accel: -0.26, 0.10, -0.94
Gyro: -2.26, -1.49, 1.98
Accel: -0.25, 0.20, -0.94
Gyro: 0.37, -0.25, 15.72
Accel: -0.26, 0.26, -0.91
Gyro: 0.00, -1.46, 39.89
Accel: -0.28, 0.43, -0.93
Gyro: 1.08, -3.70, 75.94
Accel: -0.31, 0.45, -0.91
Gyro: 5.59, -4.38, 124.56
Accel: -0.35, 0.37, -0.89
Gyro: 14.93, -7.44, 160.28
Accel: -0.41, 0.34, -0.93
Gyro: 27.95, -8.34, 187.96
Accel: -0.44, 0.22, -0.92
Gyro: 32.99, -4.90, 208.21
Accel: -0.43, 0.10, -0.87
Gyro: 38.90, -6.08, 209.14
Accel: -0.44, 0.05, -0.94
Gyro: 44.14, -4.47, 201.04
Accel: -0.39, -0.06, -0.92
Gyro: 39.73, -0.14, 184.51
Accel: -0.35, -0.04, -0.91
Gyro: 39.51, -0.11, 161.83
Accel: -0.31, 0.01, -0.90
Gyro: 29.75, 2.94, 153.40
Accel: -0.26, -0.13, -0.82
Gyro: 34.65, -10.05, 136.69
Accel: -0.31, -0.13, -1.02
Gyro: 25.97, -7.00, 109.91
Accel: -0.23, -0.20, -0.89
Gyro: 22.51, -6.25, 80.47
Accel: -0.24, -0.17, -0.97
Gyro: 11.80, -6.07, 51.10
Accel: -0.23, -0.13, -0.94
Gyro: 3.86, -7.16, 28.11
Accel: -0.23, -0.07, -0.97
Gyro: -0.32, -6.37, 8.97
Accel: -0.22, -0.08, -0.97
Gyro: -3.23, -4.20, -9.40
Accel: -0.24, 0.00, -0.94
Gyro: -5.62, -3.11, -23.01
Accel: -0.23, 0.04, -0.95
Gyro: -1.36, -2.44, -28.36
Accel: -0.24, -0.00, -0.96
Gyro: -4.67, -0.35, -34.52
Accel: -0.24, -0.04, -0.94
Gyro: -3.97, -0.38, -47.44
Accel: -0.25, -0.05, -0.97
Gyro: -7.87, 2.89, -59.54
Accel: -0.25, -0.12, -0.91
Gyro: -10.06, 2.26, -74.11
Accel: -0.27, -0.17, -0.92
Gyro: -11.74, -0.97, -99.46
Accel: -0.28, -0.13, -0.92
Gyro: -21.84, -0.55, -121.80
Accel: -0.29, -0.07, -0.89
Gyro: -27.60, -3.73, -136.41
Accel: -0.34, 0.05, -0.95
Gyro: -26.41, -8.83, -145.94
Accel: -0.36, 0.14, -1.04
Gyro: -28.79, 2.55, -137.54
Accel: -0.31, 0.09, -0.92
Gyro: -28.04, 10.48, -129.51
Accel: -0.27, 0.08, -0.86
Gyro: -25.57, 5.18, -127.78
Accel: -0.32, 0.12, -0.93
Gyro: -16.53, 0.97, -122.25
Accel: -0.28, 0.10, -0.94
Gyro: -22.88, 2.95, -112.93
Accel: -0.27, 0.06, -0.93
Gyro: -21.19, 1.62, -107.93
Accel: -0.27, 0.06, -0.93
Gyro: -19.68, 0.85, -103.96
Accel: -0.26, 0.07, -0.93
Gyro: -17.75, 0.51, -97.80
Accel: -0.26, 0.07, -0.94
Gyro: -17.52, -1.36, -92.60
Accel: -0.26, 0.07, -0.94
Gyro: -19.48, -1.66, -85.55
Accel: -0.25, 0.08, -0.94
Gyro: -19.73, -2.11, -77.37
Accel: -0.25, 0.09, -0.94
Gyro: -20.80, -0.58, -68.54
Accel: -0.24, 0.10, -0.94
Gyro: -17.86, 0.35, -58.17
Accel: -0.24, 0.11, -0.93
Gyro: -17.19, -0.08, -47.13
Accel: -0.24, 0.11, -0.91
Gyro: -16.87, -1.59, -36.98
Accel: -0.24, 0.11, -0.92
Gyro: -15.88, -3.82, -27.28
Accel: -0.24, 0.12, -0.94
Gyro: -14.41, -4.74, -18.94
Accel: -0.25, 0.10, -0.96
Gyro: -11.30, -3.62, -11.63
Accel: -0.25, 0.08, -0.96
Gyro: -9.34, -1.28, -7.71
Accel: -0.24, 0.09, -0.95
Gyro: -6.73, -0.98, -5.26
Accel: -0.25, 0.08, -0.95
Gyro: -5.04, -0.37, -1.04
Accel: -0.24, 0.07, -0.94
Gyro: -3.43, -0.38, 1.49
Accel: -0.25, 0.07, -0.95
Gyro: -2.66, 0.52, 2.91
Accel: -0.24, 0.06, -0.93
Gyro: -1.23, 0.22, 3.32
Accel: -0.24, 0.05, -0.94
Gyro: 0.02, -0.55, 3.35
Accel: -0.24, 0.05, -0.94
Gyro: -0.02, -0.54, 3.40
Accel: -0.24, 0.04, -0.94
Gyro: 0.50, -0.75, 3.32
Accel: -0.23, 0.03, -0.94
Gyro: 0.23, -0.47, 2.62
Accel: -0.23, 0.04, -0.94
Gyro: -0.28, -0.98, 1.53
Accel: -0.24, 0.03, -0.93
Gyro: -0.48, -1.81, 0.63
Accel: -0.24, 0.03, -0.95
Gyro: -0.71, -2.50, 0.31
Accel: -0.23, 0.03, -0.94
Gyro: -1.37, -2.04, -0.25
Accel: -0.24, 0.04, -0.95
Gyro: -1.83, -1.46, -0.16
Accel: -0.23, 0.04, -0.93
Gyro: -1.37, -2.18, -0.16
Accel: -0.24, 0.04, -0.95
Gyro: -1.79, -1.96, -0.37
Accel: -0.24, 0.05, -0.94
Gyro: -0.89, -2.01, -0.48
Accel: -0.24, 0.04, -0.93
Gyro: -0.82, -2.04, 0.11
Accel: -0.25, 0.04, -0.94
Gyro: -1.26, -3.01, 0.60
Accel: -0.25, 0.03, -0.95
Gyro: -2.22, -2.66, 0.47
Accel: -0.24, 0.03, -0.94
Gyro: -2.18, -1.61, -0.12
Accel: -0.25, 0.04, -0.93
Gyro: -2.17, -1.08, -0.77
Accel: -0.25, 0.04, -0.95
Gyro: -2.25, -1.61, -0.72
Accel: -0.25, 0.04, -0.95
Gyro: -2.38, -1.28, -1.51
Accel: -0.24, 0.04, -0.95
Gyro: -1.40, -0.96, -1.05
Accel: -0.24, 0.03, -0.94
Gyro: -1.60, -0.63, -1.17
Accel: -0.24, 0.04, -0.94
Gyro: -1.78, -0.63, -0.90
Accel: -0.25, 0.04, -0.94
Gyro: -1.56, -1.08, -0.63
Accel: -0.24, 0.04, -0.95
Gyro: -1.53, -1.01, -0.41
Accel: -0.25, 0.04, -0.94
Gyro: -1.72, -0.92, -0.20
Accel: -0.24, 0.04, -0.94
Gyro: -2.16, -0.92, -0.27
Accel: -0.26, 0.04, -0.93
Gyro: -2.66, -0.98, -0.41
Accel: -0.25, 0.03, -0.94
Gyro: -2.92, -1.07, -0.89
Accel: -0.25, 0.03, -0.92
Gyro: -3.15, -0.53, -1.51
Accel: -0.25, 0.04, -0.94
Gyro: -3.24, -0.40, -1.77
Accel: -0.25, 0.04, -0.94
Gyro: -2.91, -0.70, -1.56
Accel: -0.24, 0.04, -0.95
Gyro: -2.69, -0.94, -1.29
Accel: -0.24, 0.05, -0.93
Gyro: -2.69, -1.10, -0.94
Accel: -0.25, 0.04, -0.94
Gyro: -3.03, -1.11, -0.79
