Accel: -0.28, 0.03, -0.93
Gyro: -0.95, -1.81, -0.37
Accel: -0.29, 0.03, -0.93
Gyro: -1.97, -1.18, -1.23
Accel: -0.28, 0.04, -0.92
Gyro: -2.85, -0.65, -1.23
Accel: -0.28, 0.04, -0.91
Gyro: -3.23, -1.42, -1.28
Accel: -0.29, 0.05, -0.93
Gyro: -3.93, -0.84, -1.44
Accel: -0.29, 0.06, -0.93
Gyro: -1.98, -0.37, -1.05
Accel: -0.28, 0.05, -0.92
Gyro: -2.00, -0.51, -0.45
Accel: -0.29, 0.05, -0.93
Gyro: -2.42, -0.91, -1.04
Accel: -0.28, 0.04, -0.92
Gyro: -1.71, -0.40, -0.40
Accel: -0.28, 0.04, -0.92
Gyro: -2.21, -0.27, -0.71
Accel: -0.28, 0.05, -0.92
Gyro: -2.41, -1.28, -0.79
Accel: -0.28, 0.10, -0.92
Gyro: -2.35, -2.09, 0.55
Accel: -0.29, 0.27, -0.94
Gyro: -1.66, -1.98, 17.20
Accel: -0.29, 0.35, -0.92
Gyro: -0.30, -2.06, 52.40
Accel: -0.31, 0.41, -0.91
Gyro: 2.08, -4.43, 91.78
Accel: -0.34, 0.42, -0.90
Gyro: 7.14, -6.72, 129.72
Accel: -0.40, 0.47, -0.91
Gyro: 17.59, -7.13, 167.56
Accel: -0.43, 0.38, -0.88
Gyro: 33.02, -8.15, 199.62
Accel: -0.47, 0.30, -0.88
Gyro: 48.58, -9.80, 215.37
Accel: -0.49, 0.20, -0.87
Gyro: 57.93, -8.44, 224.21
Accel: -0.48, 0.09, -0.88
Gyro: 62.77, -5.87, 222.47
Accel: -0.44, -0.07, -0.83
Gyro: 59.95, -6.28, 206.60
Accel: -0.42, -0.04, -0.90
Gyro: 55.20, -7.55, 182.39
Accel: -0.39, -0.12, -0.87
Gyro: 45.89, -4.31, 163.86
Accel: -0.35, -0.18, -0.92
Gyro: 34.83, -4.04, 139.55
Accel: -0.28, -0.22, -0.86
Gyro: 28.22, -8.35, 107.60
Accel: -0.28, -0.26, -0.99
Gyro: 28.26, -9.55, 67.49
Accel: -0.24, -0.20, -0.95
Gyro: 6.97, -1.34, 37.46
Accel: -0.24, -0.14, -0.91
Gyro: 9.87, -8.06, 10.09
Accel: -0.28, -0.07, -1.02
Gyro: -0.68, -1.23, -6.22
Accel: -0.24, -0.08, -0.89
Gyro: -4.64, -1.86, -17.48
Accel: -0.27, -0.07, -0.97
Gyro: -4.39, -2.30, -32.66
Accel: -0.27, -0.08, -0.94
Gyro: -7.93, 1.50, -47.04
Accel: -0.28, -0.11, -0.94
Gyro: -7.00, 0.00, -63.72
Accel: -0.29, -0.07, -0.95
Gyro: -14.11, 2.00, -78.99
Accel: -0.29, -0.09, -0.91
Gyro: -13.63, 2.05, -94.38
Accel: -0.30, -0.09, -0.93
Gyro: -15.37, 0.35, -109.13
Accel: -0.32, -0.04, -0.96
Gyro: -27.89, 6.20, -113.83
Accel: -0.29, -0.09, -0.85
Gyro: -32.03, 3.07, -122.94
Accel: -0.31, -0.03, -0.88
Gyro: -31.47, -5.78, -136.97
Accel: -0.33, 0.05, -0.94
Gyro: -32.14, -4.91, -139.73
Accel: -0.32, 0.04, -0.92
Gyro: -33.14, -3.22, -138.84
Accel: -0.34, 0.08, -0.93
Gyro: -32.87, -4.37, -139.53
Accel: -0.35, 0.13, -1.00
Gyro: -25.08, 0.49, -128.56
Accel: -0.30, 0.09, -0.91
Gyro: -29.69, 0.81, -121.18
Accel: -0.31, 0.10, -0.91
Gyro: -25.18, -1.11, -113.78
Accel: -0.31, 0.10, -0.91
Gyro: -20.61, -2.34, -107.21
Accel: -0.30, 0.08, -0.94
Gyro: -14.34, -1.22, -99.17
Accel: -0.29, 0.08, -0.93
Gyro: -12.99, -1.66, -94.05
Accel: -0.28, 0.09, -0.94
Gyro: -15.24, -1.88, -84.95
Accel: -0.29, 0.10, -0.94
Gyro: -15.40, -1.02, -73.99
Accel: -0.28, 0.08, -0.94
Gyro: -15.52, 0.82, -63.17
Accel: -0.26, 0.08, -0.92
Gyro: -13.22, 0.59, -52.34
Accel: -0.27, 0.07, -0.95
Gyro: -14.82, 1.32, -42.93
Accel: -0.27, 0.05, -0.94
Gyro: -14.42, 1.85, -35.58
Accel: -0.26, 0.05, -0.93
Gyro: -15.14, 2.62, -29.13
Accel: -0.26, 0.06, -0.93
Gyro: -14.94, 1.93, -23.08
Accel: -0.25, 0.06, -0.94
Gyro: -14.05, 2.66, -17.20
Accel: -0.25, 0.06, -0.94
Gyro: -13.63, 3.00, -12.13
Accel: -0.25, 0.06, -0.93
Gyro: -13.36, 2.01, -8.07
Accel: -0.25, 0.06, -0.94
Gyro: -12.09, 0.96, -5.27
Accel: -0.25, 0.06, -0.94
Gyro: -10.35, 0.87, -3.57
Accel: -0.25, 0.06, -0.94
Gyro: -8.26, 1.02, -1.89
Accel: -0.24, 0.05, -0.94
Gyro: -6.60, 0.63, -1.41
Accel: -0.24, 0.05, -0.94
Gyro: -5.34, 0.52, -0.84
Accel: -0.24, 0.06, -0.93
Gyro: -3.57, -0.14, 0.14
Accel: -0.24, 0.05, -0.95
Gyro: -1.95, -0.08, 1.27
Accel: -0.24, 0.05, -0.94
Gyro: -1.08, -0.21, 2.30
Accel: -0.24, 0.05, -0.94
Gyro: -0.34, -0.98, 3.11
Accel: -0.24, 0.04, -0.94
Gyro: 0.15, -1.06, 3.61
Accel: -0.24, 0.03, -0.94
Gyro: 0.47, -1.24, 3.49
Accel: -0.24, 0.03, -0.94
Gyro: -0.05, -1.46, 3.54
Accel: -0.24, 0.03, -0.95
Gyro: -1.24, -0.92, 2.92
Accel: -0.24, 0.03, -0.94
Gyro: -1.31, -0.69, 2.17
Accel: -0.24, 0.03, -0.94
Gyro: -1.14, -0.88, 1.49
Accel: -0.24, 0.03, -0.93
Gyro: -0.95, -0.88, 1.38
Accel: -0.24, 0.03, -0.93
Gyro: -1.38, -0.89, 0.62
Accel: -0.23, 0.02, -0.94
Gyro: -1.69, -1.79, 0.62
Accel: -0.24, 0.03, -0.94
Gyro: -2.50, -1.63, 0.08
Accel: -0.24, 0.02, -0.95
Gyro: -2.88, -1.58, -0.65
Accel: -0.24, 0.04, -0.94
Gyro: -2.89, -0.99, -1.39
Accel: -0.24, 0.04, -0.94
Gyro: -2.21, -0.95, -1.27
Accel: -0.24, 0.04, -0.94
Gyro: -1.98, -1.75, -1.36
Accel: -0.25, 0.04, -0.94
Gyro: -2.14, -2.82, -0.73
Accel: -0.24, 0.04, -0.94
Gyro: -2.76, -2.59, -0.59
Accel: -0.25, 0.04, -0.94
Gyro: -2.35, -2.29, -0.49
Accel: -0.24, 0.04, -0.94
Gyro: -1.02, -2.86, -0.46
Accel: -0.25, 0.03, -0.95
Gyro: -2.55, -2.28, -0.60
Accel: -0.25, 0.04, -0.95
Gyro: -2.48, -1.75, -1.01
Accel: -0.25, 0.03, -0.94
Gyro: -2.17, -1.08, -0.80
Accel: -0.25, 0.04, -0.93
Gyro: -2.36, -0.83, -1.05
Accel: -0.25, 0.04, -0.94
Gyro: -1.88, -0.71, -0.66
Accel: -0.25, 0.04, -0.94
Gyro: -1.95, -0.61, -0.73
Accel: -0.25, 0.04, -0.94
Gyro: -1.33, -0.63, -0.41
Accel: -0.25, 0.04, -0.94
Gyro: -0.76, -1.48, -0.02
Accel: -0.25, 0.03, -0.93
Gyro: -0.77, -1.94, 0.15
Accel: -0.25, 0.02, -0.94
Gyro: -1.62, -1.78, 0.30
Accel: -0.25, 0.03, -0.95
Gyro: -1.84, -1.71, -0.13
Accel: -0.26, 0.03, -0.94
Gyro: -2.20, -1.46, -0.36
Accel: -0.26, 0.03, -0.93
Gyro: -1.87, -1.27, -0.94
Accel: -0.25, 0.04, -0.93
Gyro: -1.69, -1.12, -1.09
