Accel: -0.27, 0.05, -0.92
Gyro: -0.63, -1.68, -0.41
Accel: -0.27, 0.05, -0.94
Gyro: -0.84, -2.04, -0.07
Accel: -0.28, 0.05, -0.94
Gyro: -1.17, -0.98, 0.18
Accel: -0.27, 0.05, -0.94
Gyro: -1.50, -0.78, 0.37
Accel: -0.27, 0.05, -0.93
Gyro: -1.11, -1.43, -0.05
Accel: -0.28, 0.04, -0.94
Gyro: -1.27, -1.10, -0.21
Accel: -0.27, 0.05, -0.94
Gyro: -1.47, -0.58, -0.16
Accel: -0.27, 0.05, -0.93
Gyro: -1.64, 0.09, -0.02
Accel: -0.26, 0.06, -0.92
Gyro: -1.85, -0.47, 0.48
Accel: -0.26, 0.07, -0.92
Gyro: -1.47, -1.53, 1.67
Accel: -0.26, 0.11, -0.93
Gyro: -0.04, -2.72, 6.01
Accel: -0.27, 0.16, -0.92
Gyro: 1.98, -4.37, 13.75
Accel: -0.28, 0.27, -0.94
Gyro: 4.65, -4.69, 35.06
Accel: -0.28, 0.30, -0.92
Gyro: 2.94, -4.49, 65.51
Accel: -0.31, 0.36, -0.91
Gyro: 5.39, -6.40, 97.64
Accel: -0.35, 0.47, -0.93
Gyro: 13.85, -6.82, 135.70
Accel: -0.41, 0.40, -0.91
Gyro: 23.32, -4.17, 176.80
Accel: -0.44, 0.32, -0.90
Gyro: 30.85, -4.17, 201.03
Accel: -0.47, 0.25, -0.90
Gyro: 40.92, -2.98, 216.12
Accel: -0.48, 0.13, -0.92
Gyro: 45.14, 1.32, 219.70
Accel: -0.44, 0.02, -0.89
Gyro: 46.62, 2.97, 208.41
Accel: -0.41, 0.00, -0.91
Gyro: 48.11, 2.69, 189.22
Accel: -0.35, -0.12, -0.91
Gyro: 39.22, 6.09, 168.08
Accel: -0.27, -0.22, -0.84
Gyro: 32.31, 0.82, 135.77
Accel: -0.25, -0.19, -0.90
Gyro: 27.24, -7.16, 98.25
Accel: -0.26, -0.16, -1.00
Gyro: 19.17, -4.46, 68.49
Accel: -0.22, -0.19, -0.92
Gyro: 15.70, -4.23, 39.33
Accel: -0.23, -0.14, -0.96
Gyro: 10.58, -3.64, 11.12
Accel: -0.23, -0.14, -0.97
Gyro: 5.35, -2.34, -12.11
Accel: -0.23, -0.14, -0.95
Gyro: -1.13, -2.66, -36.11
Accel: -0.24, -0.11, -0.95
Gyro: -7.36, -1.74, -57.98
Accel: -0.24, -0.08, -0.94
Gyro: -6.04, -1.43, -75.85
Accel: -0.24, -0.09, -0.92
Gyro: -7.61, -1.62, -92.06
Accel: -0.23, -0.12, -0.90
Gyro: -10.27, -4.88, -109.23
Accel: -0.27, -0.10, -0.90
Gyro: -15.16, -9.40, -125.71
Accel: -0.30, -0.09, -0.91
Gyro: -20.29, -14.14, -140.41
Accel: -0.33, -0.05, -0.95
Gyro: -25.77, -13.58, -150.92
Accel: -0.37, 0.04, -1.01
Gyro: -27.09, -8.06, -152.85
Accel: -0.37, 0.09, -0.99
Gyro: -31.43, 4.09, -143.18
Accel: -0.32, 0.06, -0.88
Gyro: -28.28, 4.76, -137.39
Accel: -0.32, 0.12, -0.91
Gyro: -23.09, 0.21, -131.94
Accel: -0.30, 0.12, -0.96
Gyro: -21.97, 2.24, -117.63
Accel: -0.28, 0.10, -0.91
Gyro: -21.23, 1.72, -106.35
Accel: -0.27, 0.09, -0.92
Gyro: -20.18, -0.44, -94.32
Accel: -0.27, 0.10, -0.95
Gyro: -17.94, -1.11, -84.63
Accel: -0.25, 0.09, -0.93
Gyro: -16.46, -0.05, -73.48
Accel: -0.25, 0.07, -0.94
Gyro: -16.75, -0.31, -63.63
Accel: -0.26, 0.05, -0.94
Gyro: -18.05, -0.36, -56.36
Accel: -0.25, 0.06, -0.93
Gyro: -16.53, -0.44, -48.64
Accel: -0.25, 0.06, -0.93
Gyro: -16.11, -0.04, -43.22
Accel: -0.24, 0.05, -0.94
Gyro: -16.06, -0.17, -37.75
Accel: -0.24, 0.06, -0.93
Gyro: -15.65, -0.53, -32.84
Accel: -0.24, 0.06, -0.94
Gyro: -14.82, -0.24, -27.90
Accel: -0.24, 0.06, -0.94
Gyro: -13.57, 0.49, -23.26
Accel: -0.23, 0.07, -0.95
Gyro: -12.23, 0.40, -18.39
Accel: -0.23, 0.07, -0.93
Gyro: -10.73, -0.35, -13.38
Accel: -0.24, 0.07, -0.95
Gyro: -9.59, -0.36, -8.93
Accel: -0.23, 0.07, -0.93
Gyro: -8.75, -1.01, -5.21
Accel: -0.23, 0.06, -0.94
Gyro: -8.35, -1.51, -2.05
Accel: -0.24, 0.07, -0.93
Gyro: -7.60, -1.85, 0.26
Accel: -0.24, 0.06, -0.94
Gyro: -6.20, -1.66, 1.51
Accel: -0.23, 0.06, -0.94
Gyro: -5.04, -1.88, 2.24
Accel: -0.24, 0.06, -0.94
Gyro: -3.08, -2.88, 2.66
Accel: -0.24, 0.06, -0.95
Gyro: -1.88, -3.52, 2.87
Accel: -0.24, 0.05, -0.95
Gyro: -1.41, -2.10, 2.90
Accel: -0.23, 0.05, -0.94
Gyro: -0.78, -1.51, 2.62
Accel: -0.24, 0.04, -0.93
Gyro: -1.08, -1.97, 2.21
Accel: -0.24, 0.04, -0.95
Gyro: -1.28, -2.37, 1.58
Accel: -0.23, 0.04, -0.94
Gyro: -0.81, -2.26, 0.93
Accel: -0.24, 0.04, -0.93
Gyro: -0.17, -2.76, 0.90
Accel: -0.24, 0.05, -0.93
Gyro: -0.79, -3.81, 0.44
Accel: -0.24, 0.04, -0.93
Gyro: -1.53, -4.48, 0.49
Accel: -0.24, 0.04, -0.94
Gyro: -1.98, -4.30, 0.48
Accel: -0.25, 0.04, -0.93
Gyro: -2.29, -3.68, 0.74
Accel: -0.26, 0.05, -0.95
Gyro: -1.65, -3.31, 0.60
Accel: -0.26, 0.04, -0.95
Gyro: -2.11, -3.42, 0.76
Accel: -0.26, 0.04, -0.95
Gyro: -2.37, -3.11, 0.58
Accel: -0.26, 0.04, -0.94
Gyro: -1.59, -1.93, 0.86
Accel: -0.26, 0.04, -0.94
Gyro: -1.85, -1.02, 0.49
Accel: -0.25, 0.04, -0.93
Gyro: -1.43, -1.07, 0.18
Accel: -0.25, 0.04, -0.94
Gyro: -1.31, -1.47, -0.27
Accel: -0.26, 0.04, -0.95
Gyro: -1.74, -0.85, -0.34
Accel: -0.26, 0.04, -0.93
Gyro: -1.75, -0.79, -0.43
Accel: -0.25, 0.04, -0.93
Gyro: -2.14, -0.93, -0.37
Accel: -0.25, 0.04, -0.93
Gyro: -2.22, -1.59, -0.48
Accel: -0.25, 0.04, -0.93
Gyro: -2.50, -1.91, -0.75
Accel: -0.26, 0.05, -0.94
Gyro: -2.54, -1.80, -0.84
Accel: -0.26, 0.05, -0.94
Gyro: -2.62, -1.68, -0.99
Accel: -0.25, 0.05, -0.94
Gyro: -2.44, -2.03, -0.84
Accel: -0.25, 0.05, -0.93
Gyro: -2.28, -2.02, -1.17
Accel: -0.26, 0.05, -0.94
Gyro: -2.27, -1.63, -0.97
Accel: -0.26, 0.05, -0.94
Gyro: -2.08, -0.93, -0.63
Accel: -0.26, 0.05, -0.93
Gyro: -2.17, -1.13, -0.54
Accel: -0.26, 0.05, -0.93
Gyro: -1.83, -1.71, -0.56
Accel: -0.26, 0.05, -0.94
Gyro: -1.81, -1.43, -0.41
Accel: -0.26, 0.05, -0.93
Gyro: -0.37, -1.43, -0.51
Accel: -0.25, 0.04, -0.92
Gyro: -0.94, -1.97, -0.22
Accel: -0.26, 0.05, -0.93
Gyro: -1.56, -2.70, 0.12
Accel: -0.27, 0.04, -0.93
Gyro: -1.52, -2.50, 0.05
Accel: -0.27, 0.04, -0.94
Gyro: -1.80, -2.03, -0.28
Accel: -0.27, 0.04, -0.93
Gyro: -1.81, -1.87, -0.60
