Accel: -0.29, 0.07, -0.92
Gyro: -1.30, -0.02, -0.27
Accel: -0.29, 0.06, -0.92
Gyro: -0.77, -0.85, -0.21
Accel: -0.30, 0.06, -0.92
Gyro: -1.21, -1.17, 0.11
Accel: -0.30, 0.05, -0.93
Gyro: -1.56, -0.69, 0.39
Accel: -0.30, 0.05, -0.94
Gyro: -1.69, -0.53, -0.02
Accel: -0.29, 0.05, -0.91
Gyro: -1.94, -1.31, -0.40
Accel: -0.29, 0.06, -0.92
Gyro: -1.88, -1.56, -0.78
Accel: -0.30, 0.08, -0.93
Gyro: -1.71, -1.16, 0.40
Accel: -0.30, 0.15, -0.93
Gyro: -1.52, -0.64, 6.69
Accel: -0.29, 0.20, -0.91
Gyro: -0.27, -1.34, 22.10
Accel: -0.31, 0.42, -0.92
Gyro: 2.62, -4.36, 48.93
Accel: -0.34, 0.49, -0.91
Gyro: 6.45, -3.87, 97.40
Accel: -0.37, 0.49, -0.90
Gyro: 15.19, -6.58, 142.47
Accel: -0.43, 0.46, -0.90
Gyro: 26.10, -7.61, 183.94
Accel: -0.49, 0.42, -0.88
Gyro: 40.46, -8.14, 217.96
Accel: -0.54, 0.33, -0.92
Gyro: 49.49, -4.67, 241.62
Accel: -0.57, 0.26, -0.88
Gyro: 58.95, -1.17, 249.99
Accel: -0.59, 0.09, -0.81
Gyro: 65.40, -0.62, 249.99
Accel: -0.63, 0.03, -0.98
Gyro: 67.12, 5.46, 249.99
Accel: -0.50, -0.28, -0.84
Gyro: 31.43, 17.03, 242.71
Accel: -0.31, -0.55, -0.92
Gyro: 23.68, 6.01, 175.87
Accel: -0.23, -0.44, -0.97
Gyro: 11.67, 12.81, 84.92
Accel: -0.17, -0.22, -0.82
Gyro: 19.10, 8.36, 33.25
Accel: -0.18, -0.08, -0.95
Gyro: 6.65, -3.33, 10.28
Accel: -0.20, 0.01, -1.10
Gyro: -5.72, 8.75, 2.05
Accel: -0.12, -0.10, -0.88
Gyro: -8.20, 10.44, -12.63
Accel: -0.14, -0.06, -0.91
Gyro: -7.55, 1.41, -39.57
Accel: -0.17, 0.03, -0.97
Gyro: -7.99, 2.87, -56.72
Accel: -0.17, 0.04, -0.91
Gyro: -0.89, 1.23, -68.50
Accel: -0.19, 0.04, -0.97
Gyro: -2.45, 2.15, -76.90
Accel: -0.18, -0.06, -0.91
Gyro: -6.56, -1.14, -89.96
Accel: -0.20, -0.08, -0.89
Gyro: -12.96, -5.21, -109.81
Accel: -0.25, -0.02, -0.98
Gyro: -11.04, -6.64, -126.91
Accel: -0.25, -0.01, -0.92
Gyro: -14.25, -4.52, -139.39
Accel: -0.26, 0.00, -0.91
Gyro: -16.40, -8.07, -151.49
Accel: -0.31, 0.10, -0.96
Gyro: -17.29, -11.20, -154.91
Accel: -0.33, 0.19, -1.04
Gyro: -18.11, -3.14, -143.56
Accel: -0.28, 0.13, -0.94
Gyro: -18.81, 3.68, -130.71
Accel: -0.25, 0.11, -0.87
Gyro: -18.78, -1.46, -126.06
Accel: -0.28, 0.15, -0.95
Gyro: -18.93, -5.50, -117.57
Accel: -0.26, 0.11, -0.94
Gyro: -20.84, -3.83, -105.38
Accel: -0.25, 0.09, -0.93
Gyro: -21.90, -4.46, -99.88
Accel: -0.26, 0.11, -0.94
Gyro: -22.00, -4.65, -94.18
Accel: -0.26, 0.10, -0.93
Gyro: -21.51, -4.37, -86.98
Accel: -0.27, 0.10, -0.96
Gyro: -20.27, -5.26, -79.99
Accel: -0.27, 0.11, -0.95
Gyro: -21.08, -3.69, -73.49
Accel: -0.28, 0.11, -0.93
Gyro: -20.32, -2.26, -67.06
Accel: -0.26, 0.13, -0.92
Gyro: -17.56, -2.72, -58.96
Accel: -0.26, 0.11, -0.94
Gyro: -16.37, -3.41, -51.07
Accel: -0.27, 0.11, -0.94
Gyro: -16.54, -1.59, -44.16
Accel: -0.27, 0.11, -0.94
Gyro: -16.40, -1.09, -36.97
Accel: -0.27, 0.12, -0.94
Gyro: -14.88, -1.84, -29.73
Accel: -0.28, 0.12, -0.94
Gyro: -13.20, -0.92, -22.51
Accel: -0.26, 0.11, -0.94
Gyro: -11.21, -0.54, -15.87
Accel: -0.26, 0.11, -0.94
Gyro: -10.08, -0.47, -9.86
Accel: -0.26, 0.12, -0.94
Gyro: -8.51, -0.73, -5.06
Accel: -0.26, 0.10, -0.94
Gyro: -6.03, -0.06, -2.05
Accel: -0.26, 0.10, -0.94
Gyro: -4.10, -0.10, -0.19
Accel: -0.26, 0.09, -0.93
Gyro: -2.29, -0.63, 0.89
Accel: -0.26, 0.08, -0.93
Gyro: -0.95, -1.16, 2.18
Accel: -0.26, 0.07, -0.94
Gyro: 0.34, -1.22, 3.43
Accel: -0.26, 0.07, -0.94
Gyro: 0.30, -0.76, 3.49
Accel: -0.26, 0.06, -0.94
Gyro: -0.10, -1.51, 3.36
Accel: -0.26, 0.06, -0.94
Gyro: -0.22, -2.06, 3.02
Accel: -0.25, 0.06, -0.94
Gyro: -0.02, -1.54, 2.34
Accel: -0.25, 0.06, -0.94
Gyro: -0.69, -1.38, 1.69
Accel: -0.25, 0.07, -0.93
Gyro: -0.59, -2.17, 1.78
Accel: -0.26, 0.06, -0.94
Gyro: 0.14, -3.16, 1.89
Accel: -0.26, 0.07, -0.93
Gyro: -0.47, -2.80, 1.91
Accel: -0.26, 0.06, -0.95
Gyro: -1.36, -2.31, 2.09
Accel: -0.25, 0.06, -0.93
Gyro: -0.79, -1.69, 1.26
Accel: -0.26, 0.06, -0.94
Gyro: -0.50, -1.85, 0.63
Accel: -0.26, 0.06, -0.93
Gyro: -1.68, -1.82, 0.40
Accel: -0.26, 0.06, -0.94
Gyro: -1.70, -1.27, 0.22
Accel: -0.26, 0.06, -0.93
Gyro: -2.06, -0.97, 0.04
Accel: -0.26, 0.06, -0.93
Gyro: -1.92, -1.36, -0.58
Accel: -0.27, 0.06, -0.94
Gyro: -1.15, -1.63, -0.76
Accel: -0.26, 0.06, -0.93
Gyro: -1.80, -1.84, -0.19
Accel: -0.26, 0.07, -0.94
Gyro: -1.97, -1.64, 0.11
Accel: -0.26, 0.05, -0.94
Gyro: -1.85, -1.22, -0.11
Accel: -0.26, 0.06, -0.94
Gyro: -2.14, -0.95, -0.47
Accel: -0.26, 0.06, -0.93
Gyro: -1.80, -0.71, -0.79
Accel: -0.26, 0.07, -0.93
Gyro: -1.30, -1.15, -0.71
Accel: -0.26, 0.06, -0.93
Gyro: -1.73, -1.15, -0.40
Accel: -0.26, 0.07, -0.93
Gyro: -0.98, -1.37, -0.31
Accel: -0.26, 0.07, -0.92
Gyro: -1.00, -1.82, 0.02
Accel: -0.27, 0.06, -0.94
Gyro: -1.72, -2.16, 0.05
Accel: -0.27, 0.06, -0.94
Gyro: -2.08, -1.69, -0.30
Accel: -0.27, 0.06, -0.93
Gyro: -2.08, -1.53, -0.70
Accel: -0.27, 0.06, -0.93
Gyro: -2.12, -1.16, -0.89
Accel: -0.27, 0.06, -0.93
Gyro: -2.10, -1.08, -1.05
Accel: -0.27, 0.07, -0.93
Gyro: -2.32, -0.95, -0.83
Accel: -0.26, 0.07, -0.93
Gyro: -2.02, -0.92, -0.50
Accel: -0.27, 0.07, -0.92
Gyro: -1.66, -1.17, -0.37
Accel: -0.26, 0.07, -0.93
Gyro: -1.58, -1.71, -0.40
Accel: -0.27, 0.06, -0.92
Gyro: -1.33, -2.30, -0.32
Accel: -0.27, 0.06, -0.95
Gyro: -1.83, -1.62, -0.48
Accel: -0.26, 0.07, -0.92
Gyro: -1.28, -1.19, -0.82
Accel: -0.27, 0.06, -0.92
Gyro: -1.01, -1.75, -0.87
Accel: -0.28, 0.06, -0.94
Gyro: -2.04, -2.46, -0.95
Accel: -0.28, 0.06, -0.93
Gyro: -2.22, -2.27, -0.53
