Accel: -0.27, 0.03, -0.94
Gyro: -1.63, -1.67, -0.50
Accel: -0.27, 0.05, -0.94
Gyro: -2.35, -1.67, -0.88
Accel: -0.27, 0.04, -0.95
Gyro: -1.81, -1.40, 0.03
Accel: -0.27, 0.04, -0.94
Gyro: -2.08, -0.73, -0.48
Accel: -0.27, 0.05, -0.94
Gyro: -2.17, 0.11, -0.22
Accel: -0.26, 0.05, -0.93
Gyro: -1.95, -0.24, -0.08
Accel: -0.26, 0.03, -0.93
Gyro: -2.04, -0.70, -0.29
Accel: -0.27, 0.01, -0.94
Gyro: -3.55, -0.23, -3.22
Accel: -0.26, 0.07, -0.93
Gyro: -3.16, -0.53, -4.26
Accel: -0.25, 0.18, -0.93
Gyro: -1.14, -0.95, 5.35
Accel: -0.26, 0.22, -0.92
Gyro: 1.75, -3.10, 23.72
Accel: -0.27, 0.36, -0.92
Gyro: 0.42, -4.70, 49.53
Accel: -0.32, 0.53, -0.95
Gyro: 5.13, -4.17, 99.87
Accel: -0.35, 0.48, -0.92
Gyro: 10.08, -3.32, 151.71
Accel: -0.40, 0.44, -0.90
Gyro: 19.62, -4.33, 191.90
Accel: -0.47, 0.40, -0.91
Gyro: 36.52, -6.24, 223.78
Accel: -0.49, 0.27, -0.88
Gyro: 43.27, -3.14, 244.68
Accel: -0.51, 0.16, -0.87
Gyro: 53.89, -3.94, 249.99
Accel: -0.46, -0.03, -0.81
Gyro: 55.49, -6.26, 241.20
Accel: -0.43, -0.10, -0.85
Gyro: 54.78, -10.76, 213.56
Accel: -0.40, -0.19, -0.94
Gyro: 46.01, -7.84, 182.44
Accel: -0.34, -0.27, -0.90
Gyro: 32.69, -4.66, 143.26
Accel: -0.28, -0.25, -0.91
Gyro: 23.06, -3.76, 102.37
Accel: -0.21, -0.27, -0.91
Gyro: 19.09, -7.75, 63.97
Accel: -0.23, -0.24, -0.97
Gyro: 13.40, -10.51, 23.19
Accel: -0.25, -0.12, -0.99
Gyro: 5.26, -4.23, -3.79
Accel: -0.23, -0.10, -0.95
Gyro: -4.39, -2.14, -19.48
Accel: -0.23, -0.04, -0.95
Gyro: -10.47, -2.73, -33.97
Accel: -0.25, -0.02, -0.98
Gyro: -4.55, 0.22, -45.30
Accel: -0.25, -0.02, -0.95
Gyro: -7.91, 3.34, -53.40
Accel: -0.24, -0.09, -0.93
Gyro: -8.42, 0.85, -67.15
Accel: -0.26, -0.02, -0.97
Gyro: -17.27, 2.45, -78.00
Accel: -0.24, -0.06, -0.88
Gyro: -18.54, 0.08, -87.67
Accel: -0.25, -0.13, -0.86
Gyro: -14.90, -6.53, -107.58
Accel: -0.30, -0.15, -0.94
Gyro: -15.04, -10.93, -135.05
Accel: -0.35, -0.05, -0.99
Gyro: -22.67, -5.34, -150.58
Accel: -0.35, -0.01, -0.92
Gyro: -25.64, -3.56, -156.54
Accel: -0.34, 0.02, -0.94
Gyro: -29.20, -4.13, -157.77
Accel: -0.35, 0.13, -0.93
Gyro: -31.25, -2.05, -154.60
Accel: -0.33, 0.14, -0.95
Gyro: -25.67, -0.32, -138.15
Accel: -0.29, 0.10, -0.94
Gyro: -23.45, -3.10, -126.91
Accel: -0.30, 0.13, -0.93
Gyro: -23.30, -9.12, -119.23
Accel: -0.31, 0.13, -0.98
Gyro: -26.08, -3.32, -104.84
Accel: -0.29, 0.12, -0.92
Gyro: -18.05, -0.83, -93.82
Accel: -0.27, 0.10, -0.91
Gyro: -10.28, -3.13, -82.05
Accel: -0.28, 0.06, -0.96
Gyro: -14.76, -3.53, -72.30
Accel: -0.27, 0.07, -0.93
Gyro: -16.54, -3.52, -63.33
Accel: -0.27, 0.05, -0.93
Gyro: -15.77, -3.19, -54.73
Accel: -0.28, 0.05, -0.94
Gyro: -15.23, -3.07, -46.82
Accel: -0.28, 0.05, -0.95
Gyro: -14.37, -1.82, -39.43
Accel: -0.27, 0.05, -0.94
Gyro: -14.08, -0.56, -32.72
Accel: -0.27, 0.05, -0.93
Gyro: -14.56, -0.06, -26.72
Accel: -0.27, 0.05, -0.93
Gyro: -14.28, 0.11, -21.35
Accel: -0.27, 0.05, -0.93
Gyro: -12.45, -0.17, -16.01
Accel: -0.27, 0.05, -0.94
Gyro: -10.95, 0.13, -11.47
Accel: -0.27, 0.05, -0.93
Gyro: -10.86, -0.43, -8.38
Accel: -0.26, 0.05, -0.94
Gyro: -10.77, 0.11, -5.68
Accel: -0.26, 0.06, -0.94
Gyro: -8.15, 0.29, -2.90
Accel: -0.25, 0.05, -0.95
Gyro: -5.52, 0.15, -0.47
Accel: -0.27, 0.04, -0.94
Gyro: -4.84, 0.30, 1.47
Accel: -0.26, 0.04, -0.94
Gyro: -3.78, 0.34, 2.78
Accel: -0.26, 0.04, -0.94
Gyro: -2.33, 0.09, 3.53
Accel: -0.25, 0.04, -0.93
Gyro: -1.63, -0.37, 3.51
Accel: -0.26, 0.04, -0.93
Gyro: -1.37, -0.77, 3.30
Accel: -0.26, 0.03, -0.93
Gyro: -0.96, -1.30, 2.57
Accel: -0.26, 0.03, -0.95
Gyro: -0.70, -1.08, 2.10
Accel: -0.25, 0.03, -0.94
Gyro: -0.85, -0.51, 1.17
Accel: -0.24, 0.03, -0.93
Gyro: -0.02, -0.83, 0.89
Accel: -0.25, 0.03, -0.93
Gyro: -1.05, -1.60, 0.94
Accel: -0.24, 0.03, -0.93
Gyro: -1.85, -1.77, 0.98
Accel: -0.25, 0.03, -0.95
Gyro: -2.28, -1.48, 1.06
Accel: -0.25, 0.03, -0.93
Gyro: -2.24, -1.51, 0.72
Accel: -0.26, 0.03, -0.94
Gyro: -1.49, -1.63, 0.69
Accel: -0.25, 0.03, -0.93
Gyro: -2.14, -2.20, 0.56
Accel: -0.25, 0.04, -0.93
Gyro: -1.87, -2.78, 0.75
Accel: -0.26, 0.02, -0.93
Gyro: -1.69, -2.30, 0.30
Accel: -0.26, 0.03, -0.94
Gyro: -1.34, -2.13, 0.21
Accel: -0.26, 0.03, -0.93
Gyro: -1.11, -2.08, -0.46
Accel: -0.26, 0.02, -0.94
Gyro: -1.90, -2.02, -0.48
Accel: -0.27, 0.03, -0.94
Gyro: -1.42, -1.79, -0.27
Accel: -0.27, 0.03, -0.94
Gyro: -0.96, -1.59, -0.37
Accel: -0.27, 0.03, -0.93
Gyro: -1.21, -1.16, -0.35
Accel: -0.26, 0.03, -0.94
Gyro: -1.40, -0.69, -0.51
Accel: -0.26, 0.03, -0.94
Gyro: -0.95, -0.72, -0.37
Accel: -0.26, 0.03, -0.93
Gyro: -1.18, -0.85, -0.28
Accel: -0.26, 0.02, -0.93
Gyro: -1.35, -1.14, -0.25
Accel: -0.26, 0.02, -0.93
Gyro: -1.46, -1.46, 0.02
Accel: -0.26, 0.03, -0.94
Gyro: -1.66, -1.62, 0.12
Accel: -0.26, 0.03, -0.93
Gyro: -1.88, -1.41, -0.08
Accel: -0.26, 0.02, -0.94
Gyro: -2.09, -1.41, -0.24
Accel: -0.27, 0.03, -0.94
Gyro: -2.20, -1.17, -0.29
Accel: -0.27, 0.02, -0.94
Gyro: -1.88, -0.86, -0.47
Accel: -0.26, 0.03, -0.93
Gyro: -1.79, -0.59, -0.30
Accel: -0.26, 0.03, -0.93
Gyro: -1.83, -1.16, -0.34
Accel: -0.27, 0.02, -0.93
Gyro: -2.46, -1.27, -0.37
Accel: -0.26, 0.02, -0.94
Gyro: -2.61, -1.47, -0.85
Accel: -0.26, 0.03, -0.94
Gyro: -2.53, -0.69, -1.08
Accel: -0.26, 0.03, -0.93
Gyro: -1.42, -1.01, -1.00
Accel: -0.27, 0.02, -0.93
Gyro: -1.91, -2.17, -0.40
Accel: -0.27, 0.02, -0.93
Gyro: -2.53, -2.25, -0.08
Accel: -0.27, 0.03, -0.93
Gyro: -2.22, -2.22, -0.01
