Accel: -0.29, 0.06, -0.92
Gyro: -1.97, 0.25, -1.15
Accel: -0.29, 0.06, -0.91
Gyro: -1.27, -0.12, -0.80
Accel: -0.30, 0.05, -0.92
Gyro: -1.56, -0.24, -0.44
Accel: -0.29, 0.05, -0.92
Gyro: -1.75, -0.52, -0.08
Accel: -0.28, 0.06, -0.92
Gyro: -1.69, -1.14, -0.25
Accel: -0.29, 0.06, -0.92
Gyro: -1.57, -2.01, -0.33
Accel: -0.30, 0.06, -0.93
Gyro: -1.95, -2.08, -0.41
Accel: -0.30, 0.05, -0.92
Gyro: -1.56, -1.72, -0.50
Accel: -0.30, 0.05, -0.93
Gyro: -1.36, -1.36, -0.24
Accel: -0.30, 0.06, -0.94
Gyro: -1.61, -1.49, 0.24
Accel: -0.30, 0.05, -0.92
Gyro: -1.95, -1.09, 0.45
Accel: -0.30, 0.05, -0.94
Gyro: -2.63, -1.20, -0.12
Accel: -0.30, 0.11, -0.94
Gyro: -1.17, -0.72, 2.62
Accel: -0.30, 0.23, -0.91
Gyro: -0.14, 0.09, 17.27
Accel: -0.30, 0.30, -0.91
Gyro: -1.34, -1.85, 44.07
Accel: -0.32, 0.42, -0.90
Gyro: -0.66, -3.73, 82.03
Accel: -0.37, 0.57, -0.91
Gyro: 7.02, -7.37, 129.53
Accel: -0.42, 0.48, -0.90
Gyro: 18.17, -7.32, 181.51
Accel: -0.46, 0.40, -0.89
Gyro: 27.82, -8.68, 209.57
Accel: -0.55, 0.43, -0.94
Gyro: 42.66, -6.20, 239.36
Accel: -0.58, 0.33, -0.90
Gyro: 50.80, -1.49, 249.99
Accel: -0.57, 0.12, -0.88
Gyro: 56.67, 2.65, 249.99
Accel: -0.49, -0.06, -0.80
Gyro: 49.27, 0.00, 249.99
Accel: -0.38, -0.21, -0.77
Gyro: 40.67, -11.09, 219.89
Accel: -0.34, -0.38, -0.95
Gyro: 30.27, -16.37, 163.12
Accel: -0.28, -0.45, -0.95
Gyro: 14.45, -13.28, 92.22
Accel: -0.27, -0.24, -0.96
Gyro: 6.26, -7.20, 30.98
Accel: -0.23, -0.11, -0.95
Gyro: 9.61, -5.65, -3.63
Accel: -0.24, -0.08, -1.00
Gyro: 5.65, -1.77, -29.13
Accel: -0.25, -0.16, -0.94
Gyro: 5.03, -0.05, -55.83
Accel: -0.29, -0.28, -0.94
Gyro: -2.43, 1.40, -102.62
Accel: -0.30, -0.34, -0.88
Gyro: -1.53, -1.32, -158.06
Accel: -0.35, -0.25, -0.85
Gyro: -6.26, -9.68, -204.59
Accel: -0.43, -0.15, -0.90
Gyro: -14.11, -17.42, -231.59
Accel: -0.50, 0.02, -0.98
Gyro: -29.84, -14.79, -237.07
Accel: -0.47, 0.09, -0.96
Gyro: -40.60, -5.88, -219.86
Accel: -0.46, 0.12, -0.93
Gyro: -41.03, -4.94, -206.63
Accel: -0.44, 0.21, -0.93
Gyro: -45.94, 2.39, -181.38
Accel: -0.37, 0.18, -0.84
Gyro: -46.02, 1.06, -154.78
Accel: -0.34, 0.18, -0.86
Gyro: -45.20, -5.42, -135.71
Accel: -0.33, 0.23, -0.91
Gyro: -41.48, -8.61, -113.52
Accel: -0.32, 0.23, -0.93
Gyro: -37.73, -7.71, -89.68
Accel: -0.32, 0.22, -0.95
Gyro: -35.75, -3.97, -68.40
Accel: -0.30, 0.22, -0.93
Gyro: -31.17, -1.56, -49.33
Accel: -0.29, 0.21, -0.92
Gyro: -25.55, -0.98, -32.69
Accel: -0.28, 0.22, -0.92
Gyro: -18.57, -1.75, -18.88
Accel: -0.28, 0.21, -0.93
Gyro: -10.59, -2.72, -5.37
Accel: -0.29, 0.16, -0.95
Gyro: -5.11, -1.45, 3.50
Accel: -0.28, 0.10, -0.95
Gyro: -3.17, 0.59, 6.40
Accel: -0.28, 0.09, -0.91
Gyro: -1.84, -0.26, 5.18
Accel: -0.28, 0.09, -0.92
Gyro: -0.85, -2.17, 4.23
Accel: -0.28, 0.09, -0.92
Gyro: 0.33, -2.84, 4.70
Accel: -0.28, 0.08, -0.91
Gyro: 2.41, -2.98, 5.00
Accel: -0.29, 0.07, -0.93
Gyro: 3.00, -3.78, 5.60
Accel: -0.29, 0.07, -0.93
Gyro: 2.47, -4.08, 4.96
Accel: -0.30, 0.06, -0.93
Gyro: 2.62, -3.83, 4.67
Accel: -0.30, 0.05, -0.93
Gyro: 0.94, -2.76, 3.72
Accel: -0.30, 0.05, -0.94
Gyro: -0.33, -2.24, 2.59
Accel: -0.30, 0.05, -0.93
Gyro: -0.27, -1.12, 1.82
Accel: -0.30, 0.05, -0.91
Gyro: 0.17, -1.72, 1.07
Accel: -0.30, 0.05, -0.92
Gyro: -0.82, -2.50, 0.74
Accel: -0.30, 0.05, -0.92
Gyro: -1.24, -2.53, -0.12
Accel: -0.30, 0.05, -0.93
Gyro: -0.97, -2.11, -0.72
Accel: -0.30, 0.05, -0.93
Gyro: -1.45, -2.56, -1.27
Accel: -0.30, 0.05, -0.93
Gyro: -1.95, -2.56, -1.04
Accel: -0.30, 0.07, -0.92
Gyro: -2.73, -2.14, -1.56
Accel: -0.31, 0.07, -0.93
Gyro: -2.48, -2.01, -0.92
Accel: -0.31, 0.06, -0.92
Gyro: -2.52, -1.59, -0.91
Accel: -0.30, 0.06, -0.94
Gyro: -2.31, -0.41, -0.88
Accel: -0.30, 0.06, -0.93
Gyro: -2.62, 0.27, -0.84
Accel: -0.30, 0.06, -0.93
Gyro: -2.18, 0.41, -0.64
Accel: -0.30, 0.07, -0.93
Gyro: -2.16, 0.69, -0.28
Accel: -0.29, 0.06, -0.92
Gyro: -1.79, 0.60, 0.18
Accel: -0.29, 0.07, -0.92
Gyro: -2.08, 0.58, 0.40
Accel: -0.29, 0.06, -0.92
Gyro: -1.47, 0.09, 0.63
Accel: -0.29, 0.06, -0.92
Gyro: -1.39, -0.30, 0.57
Accel: -0.30, 0.06, -0.92
Gyro: -1.18, -0.88, 0.19
Accel: -0.30, 0.06, -0.92
Gyro: -1.14, -0.96, -0.15
Accel: -0.29, 0.05, -0.92
Gyro: -1.33, -0.76, -0.36
Accel: -0.29, 0.05, -0.92
Gyro: -1.46, -1.78, -0.77
Accel: -0.30, 0.05, -0.92
Gyro: -2.00, -1.22, -1.28
Accel: -0.29, 0.06, -0.92
Gyro: -1.52, -1.14, -1.49
Accel: -0.29, 0.06, -0.92
Gyro: -2.11, -1.56, -1.22
Accel: -0.30, 0.06, -0.92
Gyro: -2.27, -1.90, -0.39
Accel: -0.30, 0.06, -0.92
Gyro: -1.49, -1.51, -0.51
Accel: -0.30, 0.06, -0.92
Gyro: -1.80, -1.49, -0.53
Accel: -0.30, 0.06, -0.93
Gyro: -1.46, -1.61, -0.88
Accel: -0.31, 0.05, -0.92
Gyro: -2.24, -1.14, -0.96
Accel: -0.30, 0.06, -0.93
Gyro: -2.63, -0.81, -1.37
Accel: -0.30, 0.05, -0.93
Gyro: -2.33, -0.56, -1.28
Accel: -0.30, 0.06, -0.94
Gyro: -2.27, 0.27, -1.16
Accel: -0.30, 0.06, -0.92
Gyro: -2.23, 0.25, -0.73
Accel: -0.30, 0.06, -0.92
Gyro: -1.61, -0.07, -0.64
Accel: -0.30, 0.06, -0.92
Gyro: -1.50, -0.32, -0.63
Accel: -0.29, 0.06, -0.92
Gyro: -1.24, -0.76, -0.53
Accel: -0.30, 0.06, -0.93
Gyro: -0.91, -1.66, -0.01
Accel: -0.30, 0.06, -0.93
Gyro: -1.55, -1.53, -0.15
Accel: -0.30, 0.05, -0.93
Gyro: -1.89, -0.84, -0.35
Accel: -0.30, 0.07, -0.92
Gyro: -1.22, -0.23, -0.42
Accel: -0.29, 0.07, -0.93
Gyro: -0.02, -0.36, 1.17
Accel: -0.30, 0.05, -0.94
Gyro: -0.23, -0.61, 1.36
