Accel: -0.28, 0.02, -0.92
Gyro: -2.59, -3.07, 0.01
Accel: -0.27, 0.02, -0.93
Gyro: -2.55, -2.62, -0.06
Accel: -0.27, 0.03, -0.95
Gyro: -2.96, -1.59, -0.53
Accel: -0.27, 0.03, -0.93
Gyro: -2.74, -1.49, -0.76
Accel: -0.27, 0.03, -0.93
Gyro: -2.07, -1.61, -0.60
Accel: -0.28, 0.04, -0.93
Gyro: -2.58, -1.45, -0.79
Accel: -0.28, 0.02, -0.94
Gyro: -2.59, -0.43, -0.42
Accel: -0.27, 0.04, -0.93
Gyro: -1.59, -0.26, -0.39
Accel: -0.27, 0.04, -0.93
Gyro: -1.06, -0.98, 0.73
Accel: -0.26, 0.08, -0.93
Gyro: -0.92, -2.33, 3.16
Accel: -0.27, 0.17, -0.94
Gyro: 0.42, -2.70, 13.24
Accel: -0.28, 0.30, -0.94
Gyro: 2.10, -2.24, 39.90
Accel: -0.30, 0.33, -0.91
Gyro: 0.03, -0.92, 77.54
Accel: -0.31, 0.40, -0.91
Gyro: 3.17, -4.62, 112.52
Accel: -0.38, 0.45, -0.94
Gyro: 11.69, -4.29, 154.85
Accel: -0.42, 0.37, -0.91
Gyro: 20.41, -2.80, 191.31
Accel: -0.47, 0.35, -0.91
Gyro: 29.97, -1.93, 217.32
Accel: -0.49, 0.23, -0.91
Gyro: 37.43, 1.08, 237.34
Accel: -0.46, 0.07, -0.84
Gyro: 44.66, -2.27, 236.04
Accel: -0.44, -0.03, -0.88
Gyro: 44.28, -4.53, 218.41
Accel: -0.39, -0.13, -0.91
Gyro: 37.35, -4.63, 193.89
Accel: -0.31, -0.28, -0.86
Gyro: 28.12, -7.08, 152.73
Accel: -0.27, -0.23, -0.93
Gyro: 25.81, -10.56, 104.74
Accel: -0.23, -0.29, -0.93
Gyro: 18.71, -9.96, 63.00
Accel: -0.24, -0.24, -0.97
Gyro: 11.11, -10.14, 19.24
Accel: -0.26, -0.12, -0.99
Gyro: 3.94, -3.29, -11.90
Accel: -0.25, -0.06, -0.94
Gyro: -0.10, -0.84, -29.10
Accel: -0.24, -0.07, -0.96
Gyro: -4.26, -1.12, -46.23
Accel: -0.26, -0.03, -0.97
Gyro: -9.25, 2.59, -62.54
Accel: -0.25, -0.09, -0.90
Gyro: -4.39, 1.80, -80.17
Accel: -0.28, -0.08, -0.98
Gyro: -13.41, 2.69, -98.30
Accel: -0.27, 0.01, -0.92
Gyro: -20.94, 4.00, -105.51
Accel: -0.27, -0.08, -0.86
Gyro: -18.91, -2.16, -117.26
Accel: -0.32, -0.05, -0.94
Gyro: -23.19, -6.10, -135.28
Accel: -0.34, 0.00, -0.96
Gyro: -28.33, -1.27, -142.17
Accel: -0.33, 0.02, -0.89
Gyro: -29.01, -1.46, -148.65
Accel: -0.35, 0.07, -0.94
Gyro: -29.46, -1.90, -150.73
Accel: -0.34, 0.13, -0.95
Gyro: -33.13, 2.97, -139.73
Accel: -0.31, 0.12, -0.90
Gyro: -34.47, 1.95, -129.89
Accel: -0.31, 0.19, -0.91
Gyro: -26.57, 0.29, -120.65
Accel: -0.29, 0.17, -0.92
Gyro: -26.07, -1.00, -106.29
Accel: -0.29, 0.17, -0.91
Gyro: -20.56, -0.92, -93.96
Accel: -0.29, 0.14, -0.94
Gyro: -16.40, -2.01, -82.93
Accel: -0.27, 0.13, -0.93
Gyro: -14.79, -1.30, -72.71
Accel: -0.28, 0.11, -0.94
Gyro: -12.39, -1.48, -63.71
Accel: -0.27, 0.11, -0.94
Gyro: -12.65, 0.23, -56.69
Accel: -0.27, 0.11, -0.94
Gyro: -10.54, -0.53, -48.71
Accel: -0.27, 0.11, -0.93
Gyro: -9.06, -0.89, -40.59
Accel: -0.27, 0.10, -0.93
Gyro: -6.02, -2.17, -33.22
Accel: -0.26, 0.14, -0.88
Gyro: -4.21, -4.38, -25.52
Accel: -0.28, 0.12, -0.93
Gyro: 2.55, -8.82, -13.24
Accel: -0.30, 0.07, -1.01
Gyro: -3.53, -2.34, -5.68
Accel: -0.29, 0.05, -0.95
Gyro: -4.68, 3.39, -1.49
Accel: -0.28, 0.03, -0.90
Gyro: -2.28, 1.96, 1.04
Accel: -0.27, 0.02, -0.92
Gyro: -6.08, -0.19, 0.92
Accel: -0.28, 0.03, -0.93
Gyro: -8.56, -1.56, 0.91
Accel: -0.28, 0.03, -0.94
Gyro: -8.39, -0.82, 1.65
Accel: -0.28, 0.05, -0.93
Gyro: -7.17, -0.14, 2.43
Accel: -0.26, 0.05, -0.94
Gyro: -5.96, 0.52, 3.12
Accel: -0.26, 0.05, -0.93
Gyro: -5.17, 0.86, 1.95
Accel: -0.26, 0.04, -0.93
Gyro: -4.33, 0.70, 1.08
Accel: -0.26, 0.04, -0.92
Gyro: -2.84, -0.47, 0.31
Accel: -0.26, 0.04, -0.93
Gyro: -2.28, -1.43, -0.24
Accel: -0.26, 0.05, -0.93
Gyro: -2.13, -2.41, -0.31
Accel: -0.27, 0.04, -0.94
Gyro: -1.64, -2.69, 0.11
Accel: -0.27, 0.05, -0.94
Gyro: -0.97, -1.63, 0.19
Accel: -0.27, 0.05, -0.93
Gyro: -1.11, -1.19, 0.26
Accel: -0.26, 0.05, -0.93
Gyro: -1.50, -1.46, 0.37
Accel: -0.27, 0.05, -0.93
Gyro: -1.03, -1.27, 0.67
Accel: -0.27, 0.04, -0.94
Gyro: -0.70, -0.82, 0.95
Accel: -0.26, 0.04, -0.93
Gyro: -0.37, -1.05, 1.12
Accel: -0.27, 0.04, -0.94
Gyro: -1.05, -1.21, 1.16
Accel: -0.27, 0.04, -0.95
Gyro: -1.66, -1.56, 1.23
Accel: -0.26, 0.04, -0.95
Gyro: -2.43, -0.11, 0.77
Accel: -0.26, 0.03, -0.92
Gyro: -0.89, -0.57, 0.27
Accel: -0.26, 0.04, -0.92
Gyro: -1.58, -2.33, -0.13
Accel: -0.27, 0.04, -0.93
Gyro: -2.14, -3.28, -0.02
Accel: -0.27, 0.03, -0.93
Gyro: -1.62, -3.11, -0.34
Accel: -0.27, 0.03, -0.94
Gyro: -2.09, -2.85, -0.50
Accel: -0.28, 0.04, -0.93
Gyro: -2.52, -3.11, -0.77
Accel: -0.28, 0.03, -0.94
Gyro: -2.76, -2.26, -0.77
Accel: -0.28, 0.04, -0.94
Gyro: -2.34, -1.95, -1.17
Accel: -0.27, 0.04, -0.92
Gyro: -1.79, -1.35, -0.96
Accel: -0.28, 0.05, -0.93
Gyro: -2.17, -0.95, -0.84
Accel: -0.27, 0.04, -0.92
Gyro: -2.01, -0.93, -0.29
Accel: -0.27, 0.05, -0.93
Gyro: -1.75, -0.92, -0.29
Accel: -0.27, 0.05, -0.94
Gyro: -1.43, -1.38, -0.29
Accel: -0.27, 0.05, -0.93
Gyro: -1.27, -2.05, -0.28
Accel: -0.28, 0.04, -0.93
Gyro: -1.48, -2.27, -0.46
Accel: -0.28, 0.04, -0.94
Gyro: -2.41, -1.97, -0.82
Accel: -0.28, 0.03, -0.93
Gyro: -2.75, -0.82, -1.10
Accel: -0.28, 0.04, -0.93
Gyro: -2.41, -1.28, -1.27
Accel: -0.28, 0.04, -0.93
Gyro: -2.49, -1.40, -1.25
Accel: -0.28, 0.05, -0.93
Gyro: -2.66, -0.52, -1.09
Accel: -0.28, 0.06, -0.93
Gyro: -1.75, -0.16, -0.12
Accel: -0.28, 0.05, -0.92
Gyro: -0.85, -1.53, 0.82
Accel: -0.28, 0.04, -0.93
Gyro: -0.72, -1.88, 1.40
Accel: -0.28, 0.04, -0.94
Gyro: -1.15, -1.37, 1.31
Accel: -0.27, 0.04, -0.93
Gyro: -1.70, -0.14, 0.95
Accel: -0.28, 0.04, -0.92
Gyro: -1.61, -1.78, 0.58
Accel: -0.28, 0.05, -0.93
Gyro: -1.92, -2.37, 0.34
