Accel: -0.29, 0.05, -0.93
Gyro: -1.71, -0.92, -0.56
Accel: -0.29, 0.05, -0.91
Gyro: -2.39, -1.05, -0.89
Accel: -0.29, 0.05, -0.93
Gyro: -2.99, -1.08, -1.55
Accel: -0.29, 0.06, -0.94
Gyro: -2.82, -0.80, -1.08
Accel: -0.30, 0.07, -0.92
Gyro: -2.24, -0.68, -0.08
Accel: -0.29, 0.07, -0.92
Gyro: -1.75, -1.46, 0.87
Accel: -0.28, 0.08, -0.92
Gyro: -0.75, -1.69, 2.24
Accel: -0.29, 0.12, -0.94
Gyro: 0.76, -2.24, 5.10
Accel: -0.28, 0.25, -0.90
Gyro: 5.51, -2.08, 22.93
Accel: -0.29, 0.22, -0.89
Gyro: 7.98, -5.70, 44.30
Accel: -0.30, 0.25, -0.90
Gyro: 8.96, -9.29, 63.06
Accel: -0.33, 0.39, -0.93
Gyro: 11.33, -11.09, 89.98
Accel: -0.40, 0.50, -0.96
Gyro: 17.85, -7.13, 138.58
Accel: -0.41, 0.33, -0.87
Gyro: 25.78, -5.69, 173.87
Accel: -0.46, 0.32, -0.89
Gyro: 36.48, -7.99, 192.88
Accel: -0.50, 0.27, -0.93
Gyro: 44.11, -4.51, 213.20
Accel: -0.49, 0.12, -0.85
Gyro: 46.10, -3.10, 216.98
Accel: -0.50, 0.20, -0.95
Gyro: 50.09, -2.07, 215.59
Accel: -0.49, 0.06, -0.97
Gyro: 34.74, 10.18, 225.39
Accel: -0.34, 0.04, -0.73
Gyro: 9.19, 4.97, 222.95
Accel: -0.38, 0.14, -0.86
Gyro: 19.61, -13.01, 220.18
Accel: -0.38, -0.18, -1.00
Gyro: 17.28, -10.35, 191.31
Accel: -0.25, -0.31, -0.86
Gyro: 14.31, -4.26, 123.99
Accel: -0.22, -0.11, -0.85
Gyro: 25.21, -14.11, 65.92
Accel: -0.26, 0.06, -0.97
Gyro: 17.35, -16.65, 44.03
Accel: -0.28, 0.02, -1.03
Gyro: 10.46, -8.80, 39.25
Accel: -0.24, -0.04, -0.99
Gyro: 2.20, -0.18, 19.97
Accel: -0.20, -0.01, -0.91
Gyro: -0.77, -0.76, 2.42
Accel: -0.21, 0.10, -0.94
Gyro: -3.89, -3.65, -10.26
Accel: -0.22, 0.06, -0.96
Gyro: -2.61, -0.27, -15.10
Accel: -0.21, 0.07, -0.90
Gyro: -6.62, -2.65, -26.80
Accel: -0.24, 0.06, -0.96
Gyro: 3.26, -2.56, -41.46
Accel: -0.25, -0.02, -0.95
Gyro: 4.44, 1.82, -58.17
Accel: -0.28, -0.02, -0.95
Gyro: -3.11, 3.41, -75.07
Accel: -0.28, -0.07, -0.89
Gyro: -0.74, 1.78, -96.18
Accel: -0.33, -0.02, -1.06
Gyro: 0.98, 6.37, -119.32
Accel: -0.30, 0.01, -0.93
Gyro: -13.48, 15.01, -125.53
Accel: -0.27, -0.07, -0.80
Gyro: -16.55, 6.17, -140.14
Accel: -0.31, 0.07, -0.90
Gyro: -15.24, -3.60, -152.34
Accel: -0.30, 0.10, -0.92
Gyro: -15.88, -4.26, -152.18
Accel: -0.33, 0.00, -0.94
Gyro: -24.62, -7.08, -153.66
Accel: -0.33, 0.03, -0.88
Gyro: -38.83, -5.70, -155.77
Accel: -0.37, 0.09, -0.95
Gyro: -32.10, -10.77, -153.05
Accel: -0.36, 0.10, -0.97
Gyro: -32.97, -8.74, -147.19
Accel: -0.35, 0.06, -0.96
Gyro: -32.82, -4.48, -140.44
Accel: -0.36, 0.11, -0.89
Gyro: -39.05, -3.67, -135.20
Accel: -0.36, 0.12, -0.92
Gyro: -31.56, -2.14, -125.60
Accel: -0.34, 0.14, -0.91
Gyro: -29.34, -1.21, -116.36
Accel: -0.32, 0.14, -0.92
Gyro: -28.50, -2.24, -104.87
Accel: -0.32, 0.16, -0.91
Gyro: -28.11, -1.82, -93.93
Accel: -0.32, 0.16, -0.91
Gyro: -24.32, -3.01, -79.75
Accel: -0.33, 0.14, -0.95
Gyro: -23.25, -0.92, -67.73
Accel: -0.32, 0.14, -0.93
Gyro: -22.79, 1.79, -58.85
Accel: -0.30, 0.15, -0.92
Gyro: -18.18, 1.43, -48.21
Accel: -0.31, 0.10, -0.96
Gyro: -18.38, 3.32, -39.79
Accel: -0.31, 0.08, -0.97
Gyro: -21.26, 8.12, -38.22
Accel: -0.28, 0.15, -0.91
Gyro: -16.20, 9.66, -33.96
Accel: -0.26, 0.17, -0.87
Gyro: -6.90, 5.34, -23.63
Accel: -0.28, 0.13, -0.90
Gyro: -3.04, -1.05, -13.18
Accel: -0.29, 0.12, -0.93
Gyro: -7.25, -1.27, -5.87
Accel: -0.28, 0.10, -0.94
Gyro: -6.48, -0.16, -0.16
Accel: -0.28, 0.08, -0.93
Gyro: -4.04, 0.21, 4.10
Accel: -0.28, 0.07, -0.93
Gyro: -3.42, 0.52, 5.81
Accel: -0.27, 0.08, -0.94
Gyro: -4.01, 0.70, 6.33
Accel: -0.28, 0.07, -0.92
Gyro: -2.23, -0.43, 6.74
Accel: -0.27, 0.07, -0.93
Gyro: -0.88, -0.92, 6.52
Accel: -0.28, 0.07, -0.93
Gyro: -0.05, -1.07, 5.74
Accel: -0.27, 0.07, -0.92
Gyro: -0.52, -0.43, 5.52
Accel: -0.28, 0.07, -0.94
Gyro: -0.24, -1.14, 5.29
Accel: -0.27, 0.07, -0.93
Gyro: 0.27, 0.21, 4.66
Accel: -0.27, 0.06, -0.92
Gyro: 2.75, -0.28, 4.95
Accel: -0.27, 0.05, -0.93
Gyro: 1.33, -0.95, 4.22
Accel: -0.27, 0.06, -0.92
Gyro: 1.01, -2.11, 4.07
Accel: -0.27, 0.04, -0.93
Gyro: 0.31, -1.66, 3.16
Accel: -0.28, 0.04, -0.94
Gyro: -0.50, -1.11, 1.66
Accel: -0.28, 0.06, -0.93
Gyro: -1.62, -1.23, 0.17
Accel: -0.26, 0.06, -0.93
Gyro: -2.35, -2.11, 0.02
Accel: -0.27, 0.06, -0.94
Gyro: -1.95, -2.36, 0.58
Accel: -0.28, 0.06, -0.93
Gyro: -1.26, -1.18, 1.14
Accel: -0.28, 0.06, -0.93
Gyro: -1.64, -1.34, 1.01
Accel: -0.28, 0.06, -0.94
Gyro: -3.09, -1.06, 1.37
Accel: -0.27, 0.06, -0.92
Gyro: -2.44, -0.60, 0.95
Accel: -0.27, 0.06, -0.93
Gyro: -1.06, -1.36, 0.31
Accel: -0.28, 0.05, -0.94
Gyro: -0.99, -1.87, -0.15
Accel: -0.26, 0.06, -0.93
Gyro: -1.05, -1.74, -0.54
Accel: -0.27, 0.06, -0.93
Gyro: -1.05, -2.37, -0.76
Accel: -0.28, 0.06, -0.93
Gyro: -0.85, -2.47, -0.27
Accel: -0.29, 0.05, -0.93
Gyro: -1.63, -1.71, -1.07
Accel: -0.28, 0.07, -0.92
Gyro: -1.90, -1.61, -0.72
Accel: -0.28, 0.06, -0.92
Gyro: -2.27, -1.95, -0.32
Accel: -0.28, 0.06, -0.93
Gyro: -1.29, -2.01, -0.08
Accel: -0.29, 0.06, -0.93
Gyro: -1.49, -1.50, -0.10
Accel: -0.28, 0.06, -0.92
Gyro: -1.29, -0.90, 0.43
Accel: -0.28, 0.06, -0.92
Gyro: -0.88, -1.48, 0.59
Accel: -0.29, 0.06, -0.92
Gyro: -1.56, -1.59, 0.74
Accel: -0.29, 0.06, -0.93
Gyro: -1.79, -1.57, 1.03
Accel: -0.28, 0.06, -0.94
Gyro: -2.19, -0.73, 1.30
Accel: -0.27, 0.07, -0.92
Gyro: -0.87, -0.60, 1.02
Accel: -0.28, 0.05, -0.92
Gyro: 0.35, -2.18, 1.80
Accel: -0.29, 0.07, -0.93
Gyro: -1.54, -2.46, 2.26
Accel: -0.29, 0.06, -0.92
Gyro: -1.38, -2.30, 2.78
