Accel: -0.30, 0.05, -0.94
Gyro: -2.00, -1.61, -0.98
Accel: -0.29, 0.06, -0.93
Gyro: -1.86, -1.35, -0.92
Accel: -0.29, 0.06, -0.94
Gyro: -1.66, -0.56, -0.91
Accel: -0.29, 0.05, -0.92
Gyro: -1.65, -0.45, -0.69
Accel: -0.29, 0.07, -0.92
Gyro: -1.66, -0.33, -0.52
Accel: -0.28, 0.05, -0.93
Gyro: -1.46, -0.82, -0.11
Accel: -0.28, 0.05, -0.92
Gyro: -2.28, -0.65, 0.08
Accel: -0.28, 0.06, -0.94
Gyro: -2.89, 0.08, -0.18
Accel: -0.28, 0.08, -0.92
Gyro: -2.11, -0.31, 0.19
Accel: -0.28, 0.11, -0.91
Gyro: -0.14, -1.49, 4.44
Accel: -0.28, 0.16, -0.91
Gyro: 1.30, -3.80, 11.31
Accel: -0.29, 0.28, -0.92
Gyro: 3.23, -4.53, 30.86
Accel: -0.30, 0.33, -0.89
Gyro: 2.85, -6.41, 61.84
Accel: -0.34, 0.45, -0.92
Gyro: 4.99, -8.40, 103.23
Accel: -0.36, 0.42, -0.89
Gyro: 12.08, -10.86, 144.02
Accel: -0.42, 0.44, -0.88
Gyro: 18.48, -11.64, 175.90
Accel: -0.51, 0.45, -0.95
Gyro: 36.05, -8.84, 211.16
Accel: -0.54, 0.36, -0.94
Gyro: 42.67, -1.78, 239.97
Accel: -0.53, 0.23, -0.87
Gyro: 51.55, 0.28, 249.99
Accel: -0.51, 0.11, -0.85
Gyro: 54.16, 2.43, 246.95
Accel: -0.47, 0.01, -0.84
Gyro: 57.40, 1.22, 231.47
Accel: -0.42, -0.10, -0.88
Gyro: 50.51, 0.48, 205.99
Accel: -0.35, -0.27, -0.85
Gyro: 40.20, -1.91, 168.66
Accel: -0.26, -0.27, -0.84
Gyro: 27.53, -6.24, 121.03
Accel: -0.25, -0.24, -0.93
Gyro: 23.09, -14.54, 78.00
Accel: -0.25, -0.15, -1.01
Gyro: 10.62, -9.35, 44.24
Accel: -0.24, -0.03, -0.99
Gyro: 9.59, -4.52, 20.38
Accel: -0.21, -0.01, -0.95
Gyro: 6.14, -1.95, 11.40
Accel: -0.22, -0.02, -0.97
Gyro: -1.21, -2.59, -1.27
Accel: -0.20, -0.02, -0.97
Gyro: -9.19, 2.08, -11.07
Accel: -0.19, -0.08, -0.90
Gyro: -8.51, -0.58, -27.23
Accel: -0.24, -0.04, -0.96
Gyro: -4.09, -1.69, -52.54
Accel: -0.26, -0.06, -0.96
Gyro: -1.99, 2.63, -71.91
Accel: -0.25, -0.11, -0.95
Gyro: -5.02, 5.11, -90.26
Accel: -0.25, -0.17, -0.90
Gyro: -11.48, 1.51, -113.00
Accel: -0.27, -0.12, -0.87
Gyro: -23.10, -3.64, -136.31
Accel: -0.30, -0.08, -0.85
Gyro: -24.95, -10.38, -158.07
Accel: -0.35, -0.03, -0.91
Gyro: -26.07, -18.17, -175.56
Accel: -0.40, 0.05, -0.95
Gyro: -39.27, -14.31, -179.24
Accel: -0.39, 0.05, -0.90
Gyro: -43.39, -10.38, -174.75
Accel: -0.43, 0.14, -0.89
Gyro: -26.30, -11.86, -176.14
Accel: -0.44, 0.18, -1.02
Gyro: -41.32, -0.18, -167.60
Accel: -0.40, 0.20, -0.93
Gyro: -35.08, 0.85, -150.20
Accel: -0.35, 0.16, -0.90
Gyro: -38.03, 1.25, -132.60
Accel: -0.34, 0.19, -0.87
Gyro: -23.51, -0.82, -118.97
Accel: -0.33, 0.17, -0.91
Gyro: -18.11, -1.27, -104.62
Accel: -0.33, 0.13, -0.96
Gyro: -14.12, -0.66, -90.51
Accel: -0.31, 0.12, -0.92
Gyro: -18.88, 1.56, -82.12
Accel: -0.30, 0.11, -0.90
Gyro: -15.59, -0.70, -69.23
Accel: -0.30, 0.11, -0.94
Gyro: -16.52, -1.13, -58.45
Accel: -0.29, 0.09, -0.93
Gyro: -16.35, -0.31, -47.23
Accel: -0.28, 0.07, -0.92
Gyro: -16.98, 0.24, -40.32
Accel: -0.27, 0.10, -0.90
Gyro: -15.40, -2.49, -32.22
Accel: -0.29, 0.09, -0.94
Gyro: -13.37, -3.62, -23.93
Accel: -0.29, 0.08, -0.95
Gyro: -11.88, -1.45, -17.58
Accel: -0.28, 0.07, -0.93
Gyro: -10.28, 0.05, -12.11
Accel: -0.28, 0.08, -0.92
Gyro: -9.88, -0.44, -7.60
Accel: -0.28, 0.08, -0.93
Gyro: -9.10, -0.68, -3.14
Accel: -0.29, 0.07, -0.94
Gyro: -7.84, -0.80, 0.28
Accel: -0.29, 0.07, -0.93
Gyro: -6.44, 0.32, 2.45
Accel: -0.28, 0.07, -0.92
Gyro: -2.78, 0.11, 3.55
Accel: -0.27, 0.07, -0.92
Gyro: -2.01, -0.52, 4.81
Accel: -0.27, 0.06, -0.92
Gyro: -1.39, -2.04, 5.69
Accel: -0.28, 0.05, -0.92
Gyro: -0.34, -2.85, 6.58
Accel: -0.28, 0.04, -0.93
Gyro: -0.60, -2.94, 6.20
Accel: -0.28, 0.04, -0.94
Gyro: -1.82, -2.90, 5.22
Accel: -0.29, 0.03, -0.93
Gyro: -2.11, -2.37, 4.49
Accel: -0.29, 0.04, -0.94
Gyro: -1.78, -2.33, 2.93
Accel: -0.29, 0.04, -0.93
Gyro: -0.71, -2.06, 1.89
Accel: -0.30, 0.04, -0.93
Gyro: -1.27, -1.59, 0.84
Accel: -0.29, 0.05, -0.93
Gyro: -2.20, -1.04, 0.81
Accel: -0.29, 0.04, -0.93
Gyro: -2.25, -0.43, 0.91
Accel: -0.29, 0.05, -0.94
Gyro: -2.56, -0.28, 0.40
Accel: -0.28, 0.05, -0.92
Gyro: -2.49, -0.82, 0.53
Accel: -0.29, 0.06, -0.91
Gyro: -2.58, -1.57, 0.95
Accel: -0.29, 0.05, -0.92
Gyro: -2.69, -1.43, 1.45
Accel: -0.29, 0.06, -0.92
Gyro: -2.25, -1.60, 1.85
Accel: -0.29, 0.05, -0.93
Gyro: -2.34, -1.17, 1.64
Accel: -0.29, 0.05, -0.92
Gyro: -1.65, -1.50, 1.27
Accel: -0.29, 0.05, -0.92
Gyro: -1.51, -1.69, 0.54
Accel: -0.30, 0.05, -0.93
Gyro: -1.08, -0.44, -0.08
Accel: -0.28, 0.05, -0.92
Gyro: -0.78, -0.77, -0.38
Accel: -0.28, 0.04, -0.92
Gyro: -1.10, -1.61, 0.10
Accel: -0.29, 0.04, -0.92
Gyro: -2.10, -0.80, -0.04
Accel: -0.29, 0.05, -0.93
Gyro: -1.75, -1.34, -0.13
Accel: -0.29, 0.05, -0.93
Gyro: -2.15, -0.82, -0.53
Accel: -0.28, 0.06, -0.92
Gyro: -1.34, -0.98, -0.46
Accel: -0.29, 0.05, -0.92
Gyro: -1.94, -2.30, -0.18
Accel: -0.29, 0.05, -0.92
Gyro: -1.92, -2.95, 0.11
Accel: -0.29, 0.04, -0.93
Gyro: -2.37, -2.53, -0.21
Accel: -0.30, 0.04, -0.92
Gyro: -2.79, -2.11, -0.71
Accel: -0.30, 0.05, -0.91
Gyro: -2.57, -2.55, -1.44
Accel: -0.30, 0.05, -0.94
Gyro: -3.38, -1.69, -1.65
Accel: -0.30, 0.06, -0.94
Gyro: -3.30, -0.72, -1.69
Accel: -0.30, 0.05, -0.92
Gyro: -1.89, -0.14, -1.03
Accel: -0.29, 0.06, -0.92
Gyro: -1.83, -0.44, -0.84
Accel: -0.30, 0.05, -0.93
Gyro: -1.73, 0.05, -0.34
Accel: -0.29, 0.05, -0.92
Gyro: -1.82, 0.37, -0.64
Accel: -0.29, 0.05, -0.92
Gyro: -1.87, -0.01, -0.31
Accel: -0.30, 0.05, -0.92
Gyro: -1.37, -0.69, -0.32
Accel: -0.30, 0.05, -0.92
Gyro: -1.65, -0.48, 0.11
