Accel: 0.05, 0.07, -0.97
Gyro: -2.16, -3.18, -2.72
Accel: 0.04, 0.07, -0.96
Gyro: -1.49, -2.87, -1.82
Accel: 0.04, 0.06, -0.96
Gyro: -3.17, -2.12, -1.92
Accel: 0.04, 0.08, -0.97
Gyro: -2.97, -1.56, -2.12
Accel: 0.04, 0.08, -0.97
Gyro: -1.40, -1.14, -1.28
Accel: 0.04, 0.07, -0.97
Gyro: -1.56, -1.22, -1.18
Accel: 0.05, 0.07, -0.96
Gyro: -2.40, -1.59, -1.14
Accel: 0.04, 0.07, -0.96
Gyro: -2.60, -1.14, -0.97
Accel: 0.04, 0.07, -0.96
Gyro: -2.46, -0.68, -0.43
Accel: 0.05, 0.07, -0.96
Gyro: -2.91, -0.12, -0.04
Accel: 0.05, 0.08, -0.97
Gyro: -1.98, 0.03, 0.45
Accel: 0.05, 0.07, -0.96
Gyro: -1.17, -0.51, 1.13
Accel: 0.05, 0.07, -0.95
Gyro: -0.95, -0.84, 1.24
Accel: 0.05, 0.07, -0.96
Gyro: -1.40, -1.32, 1.44
Accel: 0.04, 0.07, -0.96
Gyro: -1.68, -1.46, 1.34
Accel: 0.05, 0.07, -0.96
Gyro: -1.96, -1.34, 1.34
Accel: 0.05, 0.07, -0.96
Gyro: -1.60, -1.18, 2.01
Accel: 0.05, 0.09, -0.97
Gyro: -1.17, -1.49, 4.78
Accel: 0.04, 0.15, -0.96
Gyro: -0.61, -2.27, 12.53
Accel: 0.05, 0.13, -0.95
Gyro: -1.80, -3.97, 23.06
Accel: 0.06, 0.21, -0.94
Gyro: -1.63, -5.63, 38.35
Accel: 0.03, 0.27, -0.95
Gyro: -4.62, -7.77, 62.31
Accel: 0.01, 0.34, -0.97
Gyro: -5.73, -9.28, 95.93
Accel: -0.04, 0.50, -0.98
Gyro: -8.84, -7.06, 148.59
Accel: -0.12, 0.40, -0.98
Gyro: -17.71, -4.58, 201.23
Accel: -0.21, 0.40, -1.02
Gyro: -20.50, 0.18, 246.28
Accel: -0.19, 0.08, -1.00
Gyro: -21.86, 7.26, 249.99
Accel: -0.10, -0.17, -0.93
Gyro: -25.05, 6.73, 235.53
Accel: -0.02, -0.31, -0.85
Gyro: -13.56, -3.14, 185.13
Accel: 0.04, -0.43, -0.87
Gyro: 2.57, -17.09, 117.56
Accel: 0.04, -0.47, -1.01
Gyro: -0.06, -15.20, 45.49
Accel: 0.02, -0.45, -1.06
Gyro: -1.77, -9.57, -22.77
Accel: 0.01, -0.43, -1.02
Gyro: 7.99, -6.96, -81.76
Accel: -0.04, -0.43, -1.01
Gyro: 10.22, -3.32, -147.29
Accel: -0.11, -0.33, -0.99
Gyro: 16.82, -1.14, -203.25
Accel: -0.16, -0.14, -0.96
Gyro: 28.40, -1.80, -238.95
Accel: -0.18, -0.06, -0.94
Gyro: 34.29, -6.95, -250.00
Accel: -0.17, -0.01, -0.98
Gyro: 28.44, -10.89, -250.00
Accel: -0.17, 0.09, -0.99
Gyro: 14.16, -11.25, -244.43
Accel: -0.14, 0.23, -0.99
Gyro: 9.83, -8.61, -214.42
Accel: -0.07, 0.32, -0.97
Gyro: 4.86, -5.62, -171.15
Accel: -0.03, 0.36, -0.97
Gyro: 1.01, -5.46, -120.70
Accel: 0.00, 0.35, -0.94
Gyro: -2.43, -6.74, -67.83
Accel: -0.00, 0.25, -0.94
Gyro: -8.98, -10.62, -26.75
Accel: -0.02, 0.18, -0.97
Gyro: -10.77, -12.80, 0.11
Accel: -0.05, 0.09, -0.99
Gyro: -9.99, -10.64, 12.59
Accel: -0.03, 0.04, -0.97
Gyro: -7.15, -7.23, 14.78
Accel: -0.04, 0.01, -0.99
Gyro: -9.51, -6.52, 13.73
Accel: -0.06, 0.01, -0.97
Gyro: -17.23, -5.16, 13.12
Accel: -0.05, 0.02, -0.99
Gyro: -16.63, -4.00, 13.10
Accel: -0.05, 0.03, -1.00
Gyro: -8.83, -1.69, 10.80
Accel: -0.04, 0.04, -0.98
Gyro: -6.38, 0.21, 8.00
Accel: -0.03, 0.04, -0.96
Gyro: -0.01, 0.66, 5.21
Accel: -0.02, 0.06, -0.98
Gyro: -2.11, -0.10, 4.84
Accel: -0.01, 0.06, -0.96
Gyro: -7.55, 0.50, 6.84
Accel: -0.01, 0.06, -0.96
Gyro: -11.60, 0.27, 9.10
Accel: -0.01, 0.06, -0.95
Gyro: -11.31, -0.69, 9.03
Accel: -0.01, 0.05, -0.97
Gyro: -9.03, -0.69, 7.06
Accel: -0.01, 0.06, -0.97
Gyro: -4.96, -0.47, 4.78
Accel: -0.01, 0.07, -0.97
Gyro: -1.21, -0.78, 4.49
Accel: -0.01, 0.06, -0.97
Gyro: -1.26, 0.65, 4.68
Accel: -0.02, 0.06, -0.96
Gyro: -2.43, 1.84, 5.30
Accel: -0.01, 0.06, -0.96
Gyro: -3.25, 2.17, 6.12
Accel: -0.01, 0.06, -0.96
Gyro: -2.57, 1.63, 6.63
Accel: 0.01, 0.05, -0.96
Gyro: -2.74, 2.07, 6.51
Accel: 0.01, 0.05, -0.95
Gyro: -2.46, 1.16, 5.75
Accel: 0.01, 0.04, -0.95
Gyro: -1.82, -0.27, 4.90
Accel: 0.00, 0.04, -0.95
Gyro: -1.17, -1.40, 3.82
Accel: 0.00, 0.04, -0.96
Gyro: -1.67, -2.34, 2.27
Accel: -0.01, 0.05, -0.98
Gyro: -2.02, -1.98, 1.14
Accel: -0.01, 0.06, -0.98
Gyro: -2.70, -0.94, 2.34
Accel: -0.01, 0.05, -0.97
Gyro: -4.68, -0.16, 3.38
Accel: -0.01, 0.06, -0.97
Gyro: -6.34, 0.83, 1.95
Accel: -0.01, 0.07, -0.97
Gyro: -4.39, 2.06, 1.40
Accel: -0.00, 0.06, -0.97
Gyro: -3.31, 2.05, 0.22
Accel: -0.00, 0.06, -0.95
Gyro: -2.72, 2.00, -0.95
Accel: -0.00, 0.07, -0.96
Gyro: -3.01, 1.95, -0.92
Accel: 0.01, 0.07, -0.96
Gyro: -2.59, 1.73, -0.44
Accel: 0.01, 0.08, -0.96
Gyro: -2.26, 1.55, -0.07
Accel: 0.02, 0.07, -0.96
Gyro: -0.84, 1.11, 0.92
Accel: 0.01, 0.06, -0.96
Gyro: -0.57, 0.47, 1.17
Accel: 0.02, 0.06, -0.96
Gyro: -0.25, 0.51, 1.18
Accel: 0.01, 0.05, -0.96
Gyro: -0.33, 0.05, 1.44
Accel: 0.02, 0.04, -0.95
Gyro: -1.11, -0.14, 0.63
Accel: 0.02, 0.05, -0.96
Gyro: -1.92, -0.02, -0.14
Accel: 0.02, 0.06, -0.97
Gyro: -1.51, 0.11, -0.18
Accel: 0.02, 0.06, -0.97
Gyro: -1.85, 0.34, 0.03
Accel: 0.02, 0.06, -0.96
Gyro: -2.26, 0.18, 0.22
Accel: 0.02, 0.05, -0.96
Gyro: -2.57, -0.07, 0.69
Accel: 0.02, 0.06, -0.96
Gyro: -2.94, -0.36, 0.80
Accel: 0.02, 0.06, -0.96
Gyro: -3.09, -0.97, 0.38
Accel: 0.02, 0.05, -0.96
Gyro: -2.78, -1.76, -0.08
Accel: 0.01, 0.06, -0.98
Gyro: -2.26, -1.53, -0.51
Accel: 0.01, 0.05, -0.96
Gyro: -2.11, -1.18, -1.03
Accel: 0.01, 0.05, -0.98
Gyro: -3.20, -1.05, -1.85
Accel: 0.01, 0.07, -0.97
Gyro: -1.87, -0.50, -1.59
Accel: 0.01, 0.06, -0.97
Gyro: -1.94, -0.11, -1.14
Accel: 0.02, 0.06, -0.96
Gyro: -2.32, -0.12, -1.10
Accel: 0.01, 0.06, -0.96
Gyro: -2.71, 0.05, -0.89
Accel: 0.01, 0.06, -0.95
Gyro: -2.79, 0.32, -0.76
Accel: 0.02, 0.07, -0.96
Gyro: -3.04, 0.36, -0.56
