Accel: -0.05, -0.12, -0.97
Gyro: -4.18, 0.82, 9.93
Accel: -0.04, -0.11, -0.97
Gyro: -4.22, 1.43, 10.80
Accel: -0.04, -0.10, -0.96
Gyro: -2.94, 1.16, 12.37
Accel: -0.04, -0.10, -0.97
Gyro: -2.19, 0.34, 15.35
Accel: -0.05, -0.10, -0.97
Gyro: -2.83, -0.17, 18.20
Accel: -0.04, -0.10, -0.96
Gyro: -2.24, -0.85, 20.81
Accel: -0.05, -0.13, -0.98
Gyro: -2.37, -1.10, 20.84
Accel: -0.05, -0.14, -0.97
Gyro: -3.17, -0.40, 18.65
Accel: -0.05, -0.14, -0.96
Gyro: -2.46, 0.00, 15.62
Accel: -0.05, -0.13, -0.96
Gyro: -1.11, -0.35, 12.19
Accel: -0.05, -0.14, -0.97
Gyro: -0.26, -0.45, 9.57
Accel: -0.06, -0.12, -0.98
Gyro: -0.99, 0.21, 8.82
Accel: -0.05, -0.12, -0.97
Gyro: -1.95, 1.32, 9.13
Accel: -0.05, -0.13, -0.96
Gyro: -3.27, 1.34, 9.28
Accel: -0.05, -0.12, -0.96
Gyro: -4.43, 1.46, 8.29
Accel: -0.05, -0.12, -0.97
Gyro: -3.97, 1.08, 7.30
Accel: -0.05, -0.11, -0.98
Gyro: -3.56, 0.43, 6.23
Accel: -0.05, -0.11, -0.97
Gyro: -3.55, 0.05, 5.72
Accel: -0.05, -0.11, -0.97
Gyro: -3.49, 0.10, 4.51
Accel: -0.05, -0.12, -0.97
Gyro: -4.10, 0.58, 3.31
Accel: -0.06, -0.11, -0.98
Gyro: -4.46, 0.12, 1.40
Accel: -0.05, -0.11, -0.97
Gyro: -2.60, 0.40, 0.50
Accel: -0.05, -0.12, -0.98
Gyro: -2.82, -0.23, -1.60
Accel: -0.05, -0.10, -0.97
Gyro: -3.67, -0.31, -3.18
Accel: -0.05, -0.10, -0.96
Gyro: -3.36, -0.29, -4.00
Accel: -0.05, -0.10, -0.97
Gyro: -3.86, -0.35, -4.57
Accel: -0.05, -0.10, -0.98
Gyro: -4.49, -0.08, -5.13
Accel: -0.05, -0.09, -0.96
Gyro: -3.98, -0.66, -5.83
Accel: -0.05, -0.09, -0.98
Gyro: -3.59, -0.19, -5.42
Accel: -0.06, -0.07, -0.98
Gyro: -3.24, 0.79, -5.17
Accel: -0.05, -0.07, -0.97
Gyro: -0.59, 1.09, -2.59
Accel: -0.05, -0.09, -0.98
Gyro: 0.50, 2.01, -0.94
Accel: -0.05, -0.07, -0.98
Gyro: 1.11, 2.49, 0.52
Accel: -0.05, -0.02, -0.99
Gyro: 3.49, 3.66, 5.78
Accel: -0.06, 0.07, -1.00
Gyro: 6.32, 6.37, 23.23
Accel: -0.05, 0.08, -0.99
Gyro: 6.37, 9.41, 46.94
Accel: -0.07, 0.15, -0.99
Gyro: 4.67, 11.94, 76.34
Accel: -0.09, 0.07, -1.01
Gyro: 3.50, 17.43, 106.49
Accel: -0.11, 0.04, -0.98
Gyro: 1.64, 20.72, 127.08
Accel: -0.14, 0.03, -1.00
Gyro: 1.46, 24.88, 146.03
Accel: -0.15, 0.03, -0.99
Gyro: 0.53, 29.88, 165.02
Accel: -0.16, -0.03, -0.99
Gyro: -1.17, 35.15, 180.69
Accel: -0.14, -0.12, -0.96
Gyro: -1.79, 36.48, 184.85
Accel: -0.12, -0.22, -0.94
Gyro: 0.35, 35.72, 175.25
Accel: -0.08, -0.31, -0.92
Gyro: 4.65, 30.85, 151.34
Accel: -0.02, -0.41, -0.89
Gyro: 1.67, 23.10, 118.33
Accel: 0.01, -0.40, -0.90
Gyro: 1.10, 12.47, 81.73
Accel: 0.02, -0.39, -0.91
Gyro: 3.99, 0.19, 48.57
Accel: -0.02, -0.35, -0.94
Gyro: 4.07, -5.87, 19.50
Accel: -0.03, -0.29, -0.98
Gyro: 5.62, -7.19, 1.25
Accel: -0.04, -0.26, -0.98
Gyro: 4.75, -6.90, -11.69
Accel: -0.04, -0.23, -0.97
Gyro: 2.44, -7.03, -19.21
Accel: -0.02, -0.21, -0.96
Gyro: -0.34, -6.50, -23.69
Accel: -0.01, -0.22, -0.98
Gyro: -2.63, -6.91, -28.40
Accel: -0.01, -0.25, -0.97
Gyro: -4.47, -6.23, -36.99
Accel: 0.00, -0.31, -0.93
Gyro: -4.49, -8.26, -53.66
Accel: -0.00, -0.33, -0.90
Gyro: -3.56, -15.25, -76.37
Accel: -0.03, -0.32, -0.93
Gyro: -3.27, -21.88, -101.98
Accel: -0.07, -0.31, -0.97
Gyro: 0.15, -24.58, -122.76
Accel: -0.09, -0.24, -0.95
Gyro: 0.17, -26.00, -141.60
Accel: -0.11, -0.15, -0.98
Gyro: 0.63, -25.19, -143.33
Accel: -0.11, -0.14, -0.96
Gyro: -1.28, -24.66, -141.86
Accel: -0.10, -0.06, -0.99
Gyro: -0.83, -21.93, -129.88
Accel: -0.08, -0.09, -0.96
Gyro: -2.20, -20.18, -119.06
Accel: -0.07, -0.08, -0.95
Gyro: -3.14, -21.68, -110.02
Accel: -0.08, -0.10, -0.97
Gyro: -5.30, -22.90, -101.26
Accel: -0.07, -0.09, -0.97
Gyro: -8.52, -22.03, -94.28
Accel: -0.07, -0.07, -0.97
Gyro: -10.64, -21.68, -87.10
Accel: -0.07, -0.07, -0.98
Gyro: -12.52, -19.50, -78.64
Accel: -0.09, -0.07, -0.99
Gyro: -14.38, -16.91, -71.40
Accel: -0.07, -0.08, -0.99
Gyro: -15.73, -13.85, -64.81
Accel: -0.07, -0.07, -0.98
Gyro: -16.09, -12.00, -58.12
Accel: -0.07, -0.05, -0.98
Gyro: -14.92, -9.80, -50.83
Accel: -0.07, -0.06, -0.99
Gyro: -13.18, -8.76, -44.60
Accel: -0.07, -0.06, -0.97
Gyro: -13.89, -6.39, -39.72
Accel: -0.07, -0.07, -0.97
Gyro: -13.59, -5.29, -34.74
Accel: -0.07, -0.06, -0.98
Gyro: -13.56, -4.45, -31.27
Accel: -0.06, -0.06, -0.97
Gyro: -13.69, -3.70, -28.34
Accel: -0.06, -0.06, -0.97
Gyro: -12.36, -2.74, -25.71
Accel: -0.05, -0.05, -0.99
Gyro: -9.66, -2.22, -22.66
Accel: -0.05, -0.05, -0.99
Gyro: -8.03, -0.84, -20.22
Accel: -0.05, -0.04, -0.98
Gyro: -6.09, 0.48, -16.69
Accel: -0.05, -0.06, -0.97
Gyro: -3.93, 0.83, -13.69
Accel: -0.04, -0.05, -0.97
Gyro: -3.46, 0.75, -11.45
Accel: -0.04, -0.06, -0.97
Gyro: -2.75, 0.11, -8.47
Accel: -0.03, -0.06, -0.97
Gyro: -1.75, -0.23, -6.03
Accel: -0.03, -0.06, -0.98
Gyro: -0.68, 0.02, -3.42
Accel: -0.04, -0.06, -0.98
Gyro: 0.60, 0.46, -1.37
Accel: -0.04, -0.08, -0.97
Gyro: 1.32, 0.77, -0.95
Accel: -0.03, -0.10, -0.97
Gyro: 1.43, 0.38, -1.09
Accel: -0.03, -0.10, -0.97
Gyro: 1.79, -0.34, -1.68
Accel: -0.04, -0.09, -0.95
Gyro: 0.50, -1.19, -1.91
Accel: -0.05, -0.09, -0.97
Gyro: -0.66, -1.53, -1.51
Accel: -0.04, -0.09, -0.97
Gyro: -1.75, -1.69, -0.26
Accel: -0.05, -0.09, -0.97
Gyro: -2.66, -1.14, 0.69
Accel: -0.04, -0.11, -0.97
Gyro: -3.39, -0.72, 1.27
Accel: -0.05, -0.10, -0.97
Gyro: -5.11, -1.15, 0.36
Accel: -0.05, -0.08, -0.98
Gyro: -4.63, -0.16, 0.30
Accel: -0.04, -0.11, -0.97
Gyro: -3.86, -0.23, -0.72
Accel: -0.05, -0.09, -0.97
Gyro: -5.67, -0.20, -2.20
Accel: -0.05, -0.07, -0.98
Gyro: -5.08, -0.05, -3.04
