Accel: 0.07, 0.06, -0.97
Gyro: -2.59, 0.08, -0.75
Accel: 0.07, 0.07, -0.96
Gyro: -1.85, 0.24, -0.83
Accel: 0.07, 0.06, -0.97
Gyro: -1.38, 0.10, -0.27
Accel: 0.07, 0.06, -0.96
Gyro: -2.21, 0.01, -0.27
Accel: 0.07, 0.06, -0.96
Gyro: -3.00, 0.33, -0.24
Accel: 0.07, 0.07, -0.96
Gyro: -3.10, 0.46, -0.31
Accel: 0.07, 0.07, -0.96
Gyro: -3.03, 0.79, -0.43
Accel: 0.07, 0.07, -0.96
Gyro: -2.62, 1.30, -0.57
Accel: 0.07, 0.07, -0.96
Gyro: -2.00, 1.74, 0.32
Accel: 0.07, 0.07, -0.96
Gyro: -2.01, 1.86, 1.24
Accel: 0.08, 0.07, -0.95
Gyro: -1.88, 1.46, 2.25
Accel: 0.08, 0.08, -0.95
Gyro: -1.90, 0.56, 3.35
Accel: 0.07, 0.08, -0.96
Gyro: -1.82, 0.40, 3.85
Accel: 0.08, 0.08, -0.96
Gyro: -1.40, 0.01, 5.82
Accel: 0.08, 0.11, -0.96
Gyro: -1.75, 0.05, 10.52
Accel: 0.09, 0.16, -0.96
Gyro: -1.91, 0.53, 20.92
Accel: 0.08, 0.21, -0.96
Gyro: -3.31, -0.37, 40.02
Accel: 0.07, 0.25, -0.94
Gyro: -5.84, -2.20, 64.72
Accel: 0.05, 0.33, -0.96
Gyro: -7.81, -4.08, 95.37
Accel: 0.00, 0.47, -0.93
Gyro: -12.25, -5.83, 145.85
Accel: -0.10, 0.54, -0.97
Gyro: -17.04, -5.68, 211.59
Accel: -0.15, 0.26, -1.00
Gyro: -23.90, -2.99, 249.99
Accel: -0.16, 0.18, -0.98
Gyro: -23.70, 1.14, 249.99
Accel: -0.12, -0.01, -0.99
Gyro: -7.66, 5.39, 249.99
Accel: -0.05, -0.15, -0.88
Gyro: -2.57, 2.83, 217.02
Accel: -0.01, -0.28, -0.90
Gyro: 6.94, -4.29, 177.73
Accel: 0.03, -0.36, -0.93
Gyro: 5.94, -9.86, 130.74
Accel: 0.05, -0.34, -0.97
Gyro: 5.97, -12.21, 83.58
Accel: 0.04, -0.28, -1.03
Gyro: 10.19, -9.57, 46.41
Accel: 0.06, -0.26, -1.01
Gyro: 7.48, -5.25, 18.74
Accel: 0.07, -0.18, -0.98
Gyro: 0.51, -3.97, 0.65
Accel: 0.08, -0.21, -0.97
Gyro: -2.25, -4.41, -12.25
Accel: 0.08, -0.22, -0.96
Gyro: -8.46, -4.59, -32.52
Accel: 0.07, -0.28, -0.98
Gyro: -0.47, -3.09, -57.13
Accel: 0.07, -0.40, -1.00
Gyro: 3.69, -1.90, -101.75
Accel: 0.02, -0.39, -0.95
Gyro: 15.04, -4.65, -157.88
Accel: -0.06, -0.35, -0.93
Gyro: 25.59, -9.98, -204.54
Accel: -0.12, -0.29, -0.93
Gyro: 29.74, -12.72, -245.49
Accel: -0.15, -0.18, -0.95
Gyro: 38.71, -17.56, -250.00
Accel: -0.14, -0.05, -0.98
Gyro: 39.41, -21.23, -250.00
Accel: -0.13, 0.06, -0.96
Gyro: 25.83, -22.02, -250.00
Accel: -0.10, 0.20, -0.97
Gyro: 12.46, -21.41, -213.46
Accel: -0.04, 0.29, -1.00
Gyro: 5.19, -17.27, -160.00
Accel: 0.00, 0.27, -0.99
Gyro: -1.29, -12.89, -106.96
Accel: 0.03, 0.18, -0.98
Gyro: -8.32, -10.00, -66.73
Accel: 0.05, 0.14, -0.94
Gyro: -11.27, -11.86, -38.99
Accel: 0.03, 0.11, -0.96
Gyro: -9.38, -14.94, -19.93
Accel: 0.01, 0.06, -0.98
Gyro: -6.12, -14.07, -6.54
Accel: -0.01, 0.02, -1.00
Gyro: -9.67, -9.87, 1.15
Accel: -0.01, 0.01, -0.99
Gyro: -12.75, -5.63, 3.97
Accel: -0.00, -0.00, -0.98
Gyro: -13.91, -2.71, 3.76
Accel: 0.01, 0.01, -0.96
Gyro: -16.21, -2.66, 3.36
Accel: 0.02, 0.00, -0.97
Gyro: -14.05, -3.26, 3.59
Accel: 0.02, 0.00, -0.96
Gyro: -9.97, -2.16, 3.33
Accel: 0.02, 0.00, -0.97
Gyro: -5.92, -1.90, 2.88
Accel: 0.03, 0.02, -0.96
Gyro: -5.89, -2.08, 3.99
Accel: 0.03, -0.01, -0.96
Gyro: -4.04, -2.66, 5.90
Accel: 0.03, -0.01, -0.99
Gyro: -6.89, -1.79, 4.41
Accel: 0.03, -0.01, -0.98
Gyro: -9.81, -0.17, 2.88
Accel: 0.04, 0.01, -0.98
Gyro: -10.60, 0.53, 0.94
Accel: 0.04, 0.04, -0.97
Gyro: -8.93, 1.13, 1.29
Accel: 0.04, 0.03, -0.97
Gyro: -7.99, 1.13, 3.25
Accel: 0.04, 0.03, -0.96
Gyro: -6.68, 1.14, 4.20
Accel: 0.04, 0.03, -0.96
Gyro: -6.38, 1.01, 4.17
Accel: 0.04, 0.02, -0.95
Gyro: -6.13, 1.28, 4.36
Accel: 0.05, 0.02, -0.94
Gyro: -5.50, -0.01, 4.81
Accel: 0.05, 0.03, -0.95
Gyro: -5.38, -1.32, 4.81
Accel: 0.05, 0.02, -0.95
Gyro: -5.31, -2.27, 4.55
Accel: 0.04, 0.03, -0.96
Gyro: -3.62, -2.86, 4.17
Accel: 0.03, 0.02, -0.98
Gyro: -1.53, -3.54, 4.04
Accel: 0.03, 0.01, -0.97
Gyro: -1.91, -2.84, 2.39
Accel: 0.02, 0.01, -0.97
Gyro: -3.81, -2.24, 0.29
Accel: 0.03, 0.03, -0.97
Gyro: -4.55, -1.93, -0.40
Accel: 0.03, 0.04, -0.97
Gyro: -4.04, -1.26, -0.82
Accel: 0.02, 0.04, -0.97
Gyro: -4.09, -0.87, -0.83
Accel: 0.03, 0.05, -0.97
Gyro: -4.10, -0.38, -0.24
Accel: 0.03, 0.04, -0.97
Gyro: -4.86, 0.05, 0.13
Accel: 0.03, 0.05, -0.96
Gyro: -5.23, 0.42, 0.76
Accel: 0.03, 0.06, -0.97
Gyro: -4.94, 0.25, 1.23
Accel: 0.03, 0.07, -0.96
Gyro: -3.41, -0.05, 3.56
Accel: 0.03, 0.07, -0.97
Gyro: -2.54, 0.19, 5.80
Accel: 0.02, 0.04, -0.98
Gyro: -2.07, 1.03, 7.28
Accel: 0.03, 0.03, -0.96
Gyro: -2.69, 1.85, 6.36
Accel: 0.04, 0.04, -0.97
Gyro: -1.17, 2.27, 4.78
Accel: 0.04, 0.02, -0.96
Gyro: -0.16, 1.59, 3.04
Accel: 0.05, 0.02, -0.95
Gyro: -0.60, 1.52, 1.11
Accel: 0.04, 0.03, -0.95
Gyro: -1.51, 1.19, 0.26
Accel: 0.05, 0.03, -0.96
Gyro: -2.01, 1.00, 0.18
Accel: 0.05, 0.04, -0.96
Gyro: -2.90, 1.13, -0.18
Accel: 0.05, 0.04, -0.96
Gyro: -2.92, 0.81, -0.08
Accel: 0.05, 0.03, -0.96
Gyro: -3.17, 0.60, -0.04
Accel: 0.05, 0.04, -0.97
Gyro: -3.46, 0.76, -0.08
Accel: 0.05, 0.04, -0.96
Gyro: -2.78, 0.27, 0.07
Accel: 0.05, 0.04, -0.97
Gyro: -3.22, 0.29, -0.08
Accel: 0.04, 0.04, -0.96
Gyro: -3.36, 0.29, -0.63
Accel: 0.05, 0.03, -0.96
Gyro: -2.76, 0.08, -1.30
Accel: 0.04, 0.04, -0.97
Gyro: -2.05, 1.04, -1.91
Accel: 0.05, 0.04, -0.96
Gyro: -1.72, 1.04, -1.73
Accel: 0.06, 0.04, -0.96
Gyro: -1.43, 0.71, -1.14
Accel: 0.05, 0.04, -0.95
Gyro: -1.86, 0.24, -0.27
Accel: 0.05, 0.04, -0.96
Gyro: -2.38, 0.03, -0.03
