Accel: 0.01, 0.01, -0.96
Gyro: -3.43, 0.85, -0.66
Accel: 0.02, 0.01, -0.96
Gyro: -3.69, 0.72, -0.93
Accel: 0.02, 0.01, -0.96
Gyro: -3.89, 0.63, -1.01
Accel: 0.02, 0.01, -0.96
Gyro: -3.79, -0.02, -1.49
Accel: 0.01, 0.01, -0.96
Gyro: -3.92, -0.34, -1.77
Accel: 0.02, 0.02, -0.97
Gyro: -4.35, -0.52, -2.03
Accel: 0.01, 0.02, -0.96
Gyro: -4.08, -0.47, -1.78
Accel: 0.02, 0.02, -0.96
Gyro: -4.33, -0.21, -1.73
Accel: 0.02, 0.03, -0.97
Gyro: -4.71, -0.55, -2.17
Accel: 0.02, 0.03, -0.97
Gyro: -2.75, -0.24, -0.76
Accel: 0.01, 0.02, -0.95
Gyro: -2.78, -0.66, -0.66
Accel: 0.01, 0.02, -0.96
Gyro: -3.23, -0.71, -1.08
Accel: 0.01, 0.03, -0.96
Gyro: -2.92, -0.77, -1.22
Accel: 0.02, 0.02, -0.97
Gyro: -2.74, -0.42, -0.98
Accel: 0.01, 0.02, -0.96
Gyro: -2.85, -0.27, -1.14
Accel: 0.02, 0.02, -0.97
Gyro: -2.38, -0.24, -0.54
Accel: 0.02, 0.02, -0.95
Gyro: -3.40, -0.05, -0.83
Accel: 0.02, 0.03, -0.96
Gyro: -2.36, -0.36, -0.58
Accel: 0.02, 0.02, -0.96
Gyro: -2.82, -0.30, -0.63
Accel: 0.02, 0.02, -0.97
Gyro: -3.39, -0.15, -1.24
Accel: 0.02, 0.03, -0.96
Gyro: -3.22, -0.11, -1.24
Accel: 0.02, 0.03, -0.96
Gyro: -3.05, 0.16, -1.21
Accel: 0.02, 0.02, -0.97
Gyro: -3.04, 0.27, -0.83
Accel: 0.02, 0.03, -0.97
Gyro: -2.80, 0.34, -0.21
Accel: 0.03, 0.03, -0.96
Gyro: -2.38, -0.02, -0.21
Accel: 0.02, 0.05, -0.96
Gyro: -2.34, -0.06, 1.40
Accel: 0.02, 0.08, -0.96
Gyro: -2.86, -0.69, 7.68
Accel: 0.02, 0.10, -0.96
Gyro: -4.44, -1.30, 16.91
Accel: 0.01, 0.17, -0.96
Gyro: -5.42, -1.28, 31.49
Accel: -0.01, 0.24, -0.99
Gyro: -10.22, 1.85, 59.48
Accel: -0.03, 0.38, -0.99
Gyro: -17.83, 5.41, 99.91
Accel: -0.13, 0.60, -1.05
Gyro: -20.67, 10.35, 170.31
Accel: -0.16, 0.27, -0.98
Gyro: -24.63, 14.17, 221.01
Accel: -0.18, 0.24, -0.98
Gyro: -30.15, 16.40, 238.85
Accel: -0.13, 0.06, -0.96
Gyro: -17.30, 18.36, 239.39
Accel: -0.07, -0.11, -0.88
Gyro: -6.95, 13.31, 217.64
Accel: 0.02, -0.28, -0.83
Gyro: -6.10, 2.93, 174.85
Accel: 0.04, -0.28, -0.94
Gyro: 0.40, -3.01, 128.49
Accel: 0.07, -0.27, -0.96
Gyro: 5.81, -2.92, 85.10
Accel: 0.09, -0.27, -0.95
Gyro: 4.58, -4.91, 47.07
Accel: 0.11, -0.27, -0.93
Gyro: 4.17, -11.10, 13.94
Accel: 0.09, -0.24, -0.97
Gyro: 0.63, -14.67, -16.73
Accel: 0.06, -0.26, -0.98
Gyro: 2.62, -14.24, -43.16
Accel: 0.04, -0.37, -1.01
Gyro: -4.19, -13.31, -79.02
Accel: 0.02, -0.28, -0.98
Gyro: -13.36, -11.77, -121.31
Accel: -0.00, -0.16, -0.94
Gyro: -9.84, -8.80, -141.30
Accel: -0.04, -0.18, -0.95
Gyro: -4.07, -7.74, -166.92
Accel: -0.08, -0.11, -0.94
Gyro: 10.86, -9.34, -189.99
Accel: -0.11, -0.03, -0.93
Gyro: 19.34, -9.57, -201.47
Accel: -0.15, 0.00, -0.94
Gyro: 22.07, -11.75, -209.95
Accel: -0.16, 0.10, -1.10
Gyro: 19.84, -7.17, -201.84
Accel: -0.15, 0.18, -1.12
Gyro: 8.71, 10.28, -180.18
Accel: -0.09, 0.28, -0.96
Gyro: 2.51, 17.38, -146.20
Accel: -0.01, 0.27, -0.88
Gyro: 3.02, 9.42, -108.11
Accel: 0.01, 0.24, -0.92
Gyro: 1.09, 0.74, -73.23
Accel: 0.03, 0.15, -0.89
Gyro: -5.12, -6.81, -45.92
Accel: 0.04, 0.12, -0.90
Gyro: -15.37, -15.91, -27.43
Accel: 0.01, 0.10, -0.97
Gyro: -23.22, -17.70, -11.56
Accel: 0.00, 0.09, -0.97
Gyro: -23.91, -13.73, -2.88
Accel: -0.01, 0.06, -0.98
Gyro: -20.20, -11.87, -3.30
Accel: -0.03, 0.07, -1.01
Gyro: -14.92, -8.30, -6.68
Accel: -0.03, 0.10, -1.00
Gyro: -11.73, -3.15, -7.29
Accel: -0.02, 0.12, -0.99
Gyro: -9.70, -0.82, -4.88
Accel: -0.00, 0.12, -0.98
Gyro: -6.23, -0.03, -0.23
Accel: 0.00, 0.10, -0.96
Gyro: -6.23, 0.21, 3.11
Accel: 0.01, 0.10, -0.96
Gyro: -7.04, 0.24, 4.83
Accel: 0.01, 0.09, -0.95
Gyro: -5.87, 0.50, 5.49
Accel: 0.02, 0.10, -0.96
Gyro: -5.40, 0.46, 5.23
Accel: 0.01, 0.08, -0.96
Gyro: -5.99, 0.21, 4.71
Accel: 0.02, 0.09, -0.95
Gyro: -5.58, 0.21, 4.20
Accel: 0.02, 0.09, -0.95
Gyro: -4.95, -0.40, 3.95
Accel: 0.02, 0.09, -0.95
Gyro: -3.61, -1.91, 4.08
Accel: 0.01, 0.08, -0.95
Gyro: -1.84, -2.91, 3.94
Accel: 0.00, 0.07, -0.95
Gyro: -0.76, -2.91, 3.29
Accel: -0.00, 0.08, -0.98
Gyro: -1.01, -2.24, 3.20
Accel: -0.01, 0.08, -0.97
Gyro: -0.48, -1.70, 3.57
Accel: -0.00, 0.08, -0.97
Gyro: -1.53, -0.31, 3.97
Accel: -0.00, 0.10, -0.98
Gyro: -0.74, 0.84, 4.85
Accel: 0.01, 0.09, -0.97
Gyro: 0.75, 1.14, 7.00
Accel: 0.01, 0.07, -0.96
Gyro: 1.05, 1.37, 7.23
Accel: 0.01, 0.07, -0.96
Gyro: 0.99, 1.00, 7.12
Accel: 0.02, 0.07, -0.95
Gyro: 0.95, 0.79, 6.53
Accel: 0.02, 0.07, -0.96
Gyro: 0.24, 0.66, 5.26
Accel: 0.02, 0.06, -0.95
Gyro: -0.40, 0.36, 3.46
Accel: 0.02, 0.04, -0.97
Gyro: -0.63, -0.02, 1.98
Accel: 0.02, 0.06, -0.98
Gyro: -1.69, 0.26, -0.28
Accel: 0.02, 0.05, -0.96
Gyro: -1.14, 0.23, -0.95
Accel: 0.02, 0.05, -0.96
Gyro: -2.12, 0.05, -2.20
Accel: 0.01, 0.06, -0.96
Gyro: -3.20, -0.25, -2.92
Accel: 0.01, 0.05, -0.97
Gyro: -4.52, 0.75, -3.98
Accel: 0.02, 0.04, -0.98
Gyro: -7.17, 3.43, -8.09
Accel: 0.03, 0.06, -0.96
Gyro: -5.43, 2.88, -10.68
Accel: 0.03, 0.08, -0.95
Gyro: -3.52, 0.83, -10.38
Accel: 0.03, 0.09, -0.95
Gyro: -3.44, 0.02, -8.95
Accel: 0.03, 0.09, -0.96
Gyro: -3.75, -0.75, -6.44
Accel: 0.03, 0.10, -0.96
Gyro: -3.75, -1.21, -3.23
Accel: 0.02, 0.09, -0.96
Gyro: -3.88, -1.72, -1.27
Accel: 0.03, 0.09, -0.97
Gyro: -3.88, -1.07, -0.57
Accel: 0.02, 0.07, -0.96
Gyro: -3.43, -0.24, -0.27
Accel: 0.02, 0.08, -0.96
Gyro: -3.82, -0.48, -1.14
Accel: 0.03, 0.09, -0.97
Gyro: -2.49, 0.19, -0.78
