Accel: 0.04, 0.07, -0.97
Gyro: -3.57, 0.37, -0.75
Accel: 0.04, 0.08, -0.96
Gyro: -1.72, 0.17, 0.20
Accel: 0.04, 0.07, -0.95
Gyro: -2.14, -0.26, 0.07
Accel: 0.05, 0.06, -0.96
Gyro: -2.32, -0.53, -0.05
Accel: 0.04, 0.07, -0.96
Gyro: -1.91, -0.23, -0.14
Accel: 0.04, 0.07, -0.96
Gyro: -1.85, 0.11, -0.40
Accel: 0.05, 0.07, -0.97
Gyro: -1.90, 0.21, -0.42
Accel: 0.06, 0.07, -0.96
Gyro: -1.63, 0.12, 0.40
Accel: 0.05, 0.07, -0.96
Gyro: -2.73, 0.39, 0.38
Accel: 0.05, 0.07, -0.96
Gyro: -1.89, -0.02, 0.79
Accel: 0.05, 0.06, -0.96
Gyro: -2.20, 0.20, 0.34
Accel: 0.05, 0.06, -0.96
Gyro: -2.98, 0.16, -0.75
Accel: 0.05, 0.06, -0.96
Gyro: -3.12, 0.11, -1.19
Accel: 0.05, 0.07, -0.96
Gyro: -3.20, 0.43, -1.41
Accel: 0.05, 0.07, -0.96
Gyro: -3.34, 0.69, -1.28
Accel: 0.05, 0.07, -0.97
Gyro: -2.74, 0.89, -0.72
Accel: 0.05, 0.07, -0.96
Gyro: -2.88, 0.76, -0.31
Accel: 0.06, 0.06, -0.96
Gyro: -3.01, 0.53, 0.05
Accel: 0.06, 0.07, -0.96
Gyro: -3.06, 0.36, -0.21
Accel: 0.05, 0.07, -0.95
Gyro: -3.40, 0.28, -0.61
Accel: 0.06, 0.07, -0.96
Gyro: -3.56, 0.14, -0.49
Accel: 0.06, 0.07, -0.97
Gyro: -3.59, 0.41, -0.04
Accel: 0.05, 0.08, -0.96
Gyro: -4.20, 0.64, -0.27
Accel: 0.06, 0.09, -0.96
Gyro: -2.45, 1.04, 0.08
Accel: 0.06, 0.08, -0.97
Gyro: -1.46, 0.76, 0.80
Accel: 0.06, 0.09, -0.95
Gyro: -1.50, 0.31, 1.91
Accel: 0.05, 0.13, -0.97
Gyro: -1.59, 0.40, 6.57
Accel: 0.06, 0.21, -0.97
Gyro: -1.65, 1.36, 19.07
Accel: 0.05, 0.36, -0.96
Gyro: -5.72, 1.12, 54.06
Accel: 0.02, 0.40, -0.91
Gyro: -7.48, -1.79, 100.67
Accel: -0.02, 0.38, -0.98
Gyro: -14.23, -0.49, 142.40
Accel: -0.05, 0.33, -0.99
Gyro: -19.65, 4.51, 175.21
Accel: -0.09, 0.29, -0.98
Gyro: -17.52, 8.35, 202.16
Accel: -0.09, 0.20, -0.95
Gyro: -12.83, 8.67, 219.51
Accel: -0.08, -0.01, -0.96
Gyro: -11.38, 9.71, 220.90
Accel: -0.03, -0.14, -0.93
Gyro: -15.13, 8.00, 197.95
Accel: 0.02, -0.20, -0.91
Gyro: -4.65, 2.27, 164.41
Accel: 0.07, -0.30, -0.91
Gyro: -1.45, -2.88, 119.17
Accel: 0.12, -0.34, -0.95
Gyro: 1.14, -7.67, 67.92
Accel: 0.13, -0.39, -0.98
Gyro: 6.13, -9.60, 17.42
Accel: 0.11, -0.48, -1.02
Gyro: 4.16, -7.46, -37.06
Accel: 0.05, -0.48, -1.10
Gyro: 2.94, 2.12, -97.78
Accel: 0.01, -0.38, -0.99
Gyro: 4.51, 11.34, -150.97
Accel: 0.02, -0.18, -0.91
Gyro: 13.30, 8.70, -183.82
Accel: 0.01, -0.09, -0.87
Gyro: 16.91, -0.35, -202.16
Accel: -0.01, 0.05, -0.86
Gyro: 20.96, -8.09, -207.57
Accel: -0.03, 0.13, -0.99
Gyro: 28.00, -10.40, -197.96
Accel: -0.01, 0.18, -1.07
Gyro: 24.15, -3.23, -179.01
Accel: 0.02, 0.21, -1.01
Gyro: 20.16, 7.75, -154.98
Accel: 0.06, 0.25, -0.96
Gyro: 12.18, 8.20, -128.14
Accel: 0.09, 0.30, -0.91
Gyro: 5.87, 4.26, -91.93
Accel: 0.11, 0.24, -0.91
Gyro: 2.14, -2.82, -57.56
Accel: 0.12, 0.14, -0.91
Gyro: -0.96, -9.77, -38.31
Accel: 0.09, 0.02, -0.95
Gyro: -3.48, -13.44, -34.32
Accel: 0.07, 0.05, -0.97
Gyro: -3.45, -11.22, -36.10
Accel: 0.07, 0.05, -0.96
Gyro: -1.88, -10.67, -34.26
Accel: 0.08, 0.05, -0.98
Gyro: -3.40, -10.02, -32.78
Accel: 0.07, 0.08, -0.97
Gyro: -1.32, -9.08, -27.34
Accel: 0.07, 0.09, -0.97
Gyro: -1.88, -9.04, -19.23
Accel: 0.07, 0.08, -0.97
Gyro: -3.27, -9.30, -11.22
Accel: 0.06, 0.08, -0.97
Gyro: -4.64, -8.85, -4.78
Accel: 0.06, 0.08, -0.97
Gyro: -5.61, -7.42, -0.57
Accel: 0.05, 0.06, -0.98
Gyro: -8.15, -6.51, 0.92
Accel: 0.06, 0.06, -0.97
Gyro: -8.61, -4.86, 1.14
Accel: 0.06, 0.07, -0.97
Gyro: -8.07, -3.78, 1.46
Accel: 0.06, 0.07, -0.97
Gyro: -6.45, -2.56, 1.88
Accel: 0.06, 0.07, -0.96
Gyro: -3.97, -2.24, 2.88
Accel: 0.06, 0.08, -0.96
Gyro: -2.44, -1.68, 4.10
Accel: 0.06, 0.06, -0.96
Gyro: -2.06, -1.17, 5.28
Accel: 0.06, 0.07, -0.98
Gyro: -3.01, 0.25, 5.61
Accel: 0.06, 0.09, -0.97
Gyro: -0.36, 2.33, 8.40
Accel: 0.06, 0.06, -0.94
Gyro: 0.82, 0.53, 10.40
Accel: 0.05, 0.03, -0.94
Gyro: -0.30, -1.82, 9.48
Accel: 0.06, 0.03, -0.96
Gyro: -1.72, -2.11, 7.00
Accel: 0.06, 0.02, -0.96
Gyro: -1.74, -1.77, 4.71
Accel: 0.06, 0.03, -0.96
Gyro: -2.33, -1.83, 1.79
Accel: 0.06, 0.04, -0.96
Gyro: -2.24, -2.96, 0.21
Accel: 0.07, 0.04, -0.95
Gyro: -3.14, -3.65, -0.87
Accel: 0.07, 0.06, -0.96
Gyro: -2.73, -4.67, -0.43
Accel: 0.07, 0.05, -0.96
Gyro: -3.55, -5.64, -0.34
Accel: 0.05, 0.05, -0.96
Gyro: -3.98, -5.52, 0.14
Accel: 0.04, 0.05, -0.97
Gyro: -3.77, -4.09, 0.01
Accel: 0.04, 0.06, -0.98
Gyro: -3.20, -2.25, -0.41
Accel: 0.04, 0.05, -0.97
Gyro: -2.87, -1.17, -0.98
Accel: 0.04, 0.06, -0.97
Gyro: -1.98, -0.99, -0.57
Accel: 0.04, 0.06, -0.97
Gyro: -1.85, -0.84, -0.18
Accel: 0.04, 0.05, -0.96
Gyro: -2.40, -0.53, 0.13
Accel: 0.05, 0.05, -0.95
Gyro: -2.01, -1.10, 0.25
Accel: 0.04, 0.05, -0.95
Gyro: -1.82, -1.69, 0.23
Accel: 0.05, 0.05, -0.96
Gyro: -1.76, -2.04, 0.11
Accel: 0.04, 0.05, -0.96
Gyro: -1.67, -1.91, 0.23
Accel: 0.04, 0.04, -0.97
Gyro: -2.80, -1.32, 0.10
Accel: 0.04, 0.06, -0.97
Gyro: -3.11, -1.21, -0.24
Accel: 0.04, 0.07, -0.96
Gyro: -1.60, -1.24, 1.16
Accel: 0.05, 0.06, -0.95
Gyro: -1.24, -1.96, 2.19
Accel: 0.04, 0.04, -0.96
Gyro: -1.50, -2.00, 2.45
Accel: 0.04, 0.04, -0.96
Gyro: -2.25, -1.50, 1.88
Accel: 0.04, 0.04, -0.97
Gyro: -2.26, -0.34, 1.25
Accel: 0.04, 0.05, -0.98
Gyro: -2.64, 0.66, 0.17
Accel: 0.04, 0.05, -0.98
Gyro: -1.50, 2.04, -0.21
Accel: 0.05, 0.04, -0.96
Gyro: -1.94, 2.30, -1.12
