Accel: 0.05, 0.04, -0.95
Gyro: -2.02, -6.38, -1.70
Accel: 0.06, 0.05, -0.97
Gyro: -3.40, -5.68, -2.69
Accel: 0.05, 0.04, -0.99
Gyro: -2.44, -5.24, -2.72
Accel: 0.04, 0.04, -0.99
Gyro: -2.17, -4.45, -2.46
Accel: 0.03, 0.04, -0.98
Gyro: -2.48, -2.98, -2.36
Accel: 0.03, 0.05, -0.98
Gyro: -3.11, -0.89, -1.63
Accel: 0.03, 0.04, -0.98
Gyro: -3.56, 1.54, -0.67
Accel: 0.05, 0.04, -0.97
Gyro: -5.00, 3.15, -0.24
Accel: 0.06, 0.05, -0.96
Gyro: -6.03, 4.01, -0.09
Accel: 0.08, 0.06, -0.95
Gyro: -6.46, 3.43, 0.12
Accel: 0.08, 0.06, -0.95
Gyro: -6.52, 2.33, 0.15
Accel: 0.08, 0.06, -0.94
Gyro: -7.39, 1.37, -0.60
Accel: 0.08, 0.08, -0.95
Gyro: -6.39, 0.57, -0.47
Accel: 0.07, 0.08, -0.95
Gyro: -4.38, -0.80, 0.24
Accel: 0.06, 0.07, -0.95
Gyro: -3.27, -2.15, -0.09
Accel: 0.06, 0.07, -0.95
Gyro: -2.69, -2.52, 0.22
Accel: 0.06, 0.08, -0.97
Gyro: -1.92, -2.45, 1.21
Accel: 0.06, 0.07, -0.96
Gyro: -1.87, -1.63, 2.46
Accel: 0.05, 0.09, -0.96
Gyro: -1.83, -1.59, 4.68
Accel: 0.06, 0.08, -0.98
Gyro: -2.53, -1.33, 7.36
Accel: 0.06, 0.12, -0.96
Gyro: -2.31, -0.81, 11.03
Accel: 0.06, 0.14, -0.96
Gyro: -2.20, -1.63, 20.29
Accel: 0.06, 0.15, -0.93
Gyro: -3.04, -2.72, 30.84
Accel: 0.05, 0.27, -0.96
Gyro: -3.31, -4.13, 51.39
Accel: 0.03, 0.30, -0.97
Gyro: -7.09, -3.63, 84.80
Accel: 0.02, 0.29, -0.96
Gyro: -11.16, -3.25, 114.14
Accel: -0.02, 0.29, -0.96
Gyro: -11.26, -4.42, 149.88
Accel: -0.05, 0.23, -0.96
Gyro: -14.19, -4.37, 170.27
Accel: -0.05, 0.13, -0.95
Gyro: -10.10, -3.88, 182.53
Accel: -0.03, 0.02, -0.95
Gyro: -7.55, -5.31, 176.53
Accel: -0.03, -0.04, -0.95
Gyro: -3.55, -6.97, 165.41
Accel: -0.02, -0.06, -0.94
Gyro: -2.27, -7.86, 148.48
Accel: -0.00, -0.10, -0.96
Gyro: -3.07, -8.22, 131.77
Accel: 0.00, -0.15, -0.98
Gyro: -1.64, -6.72, 109.79
Accel: 0.02, -0.20, -0.98
Gyro: -0.40, -5.29, 83.74
Accel: 0.03, -0.21, -0.98
Gyro: -0.50, -4.94, 53.77
Accel: 0.04, -0.22, -0.99
Gyro: -0.54, -3.54, 24.19
Accel: 0.04, -0.20, -0.99
Gyro: 0.76, -1.07, -2.82
Accel: 0.05, -0.14, -0.97
Gyro: 1.53, -0.03, -22.67
Accel: 0.06, -0.13, -0.98
Gyro: -0.92, -0.27, -36.31
Accel: 0.05, -0.17, -0.96
Gyro: -4.32, 0.85, -53.21
Accel: 0.05, -0.21, -0.97
Gyro: -4.33, 2.59, -79.82
Accel: 0.03, -0.18, -0.95
Gyro: -0.02, 0.63, -107.91
Accel: -0.00, -0.23, -0.93
Gyro: 3.23, -2.85, -141.33
Accel: -0.04, -0.16, -0.92
Gyro: 7.61, -4.88, -173.10
Accel: -0.07, -0.11, -0.95
Gyro: 15.36, -9.16, -194.27
Accel: -0.10, -0.04, -0.98
Gyro: 11.64, -8.48, -203.25
Accel: -0.10, 0.11, -1.01
Gyro: 4.05, -5.58, -198.18
Accel: -0.09, 0.23, -1.09
Gyro: -6.81, 1.85, -159.56
Accel: -0.05, 0.18, -1.00
Gyro: -18.26, 17.75, -135.38
Accel: 0.04, 0.32, -0.85
Gyro: -5.12, 10.97, -108.34
Accel: 0.04, 0.29, -0.86
Gyro: 0.51, -3.80, -77.47
Accel: 0.02, 0.25, -0.96
Gyro: -2.90, -8.64, -49.10
Accel: 0.00, 0.22, -0.99
Gyro: -6.76, -5.05, -26.37
Accel: 0.01, 0.17, -0.98
Gyro: -7.74, -2.77, -10.49
Accel: 0.02, 0.11, -0.97
Gyro: -7.55, -2.18, -2.40
Accel: 0.02, 0.10, -0.97
Gyro: -8.51, -1.52, -0.69
Accel: 0.02, 0.08, -0.96
Gyro: -6.54, -1.88, -0.31
Accel: 0.03, 0.07, -0.97
Gyro: -5.58, -2.21, -1.69
Accel: 0.03, 0.07, -0.96
Gyro: -5.73, -2.68, -2.56
Accel: 0.03, 0.07, -0.95
Gyro: -5.33, -2.36, -2.01
Accel: 0.04, 0.08, -0.96
Gyro: -5.65, -2.15, -1.56
Accel: 0.04, 0.07, -0.96
Gyro: -3.74, -2.07, -1.26
Accel: 0.03, 0.07, -0.97
Gyro: -2.95, -1.60, -1.34
Accel: 0.03, 0.07, -0.97
Gyro: -2.86, -0.18, -2.27
Accel: 0.04, 0.08, -0.96
Gyro: -3.01, 0.29, -2.48
Accel: 0.05, 0.08, -0.96
Gyro: -3.22, 0.37, -2.08
Accel: 0.04, 0.08, -0.95
Gyro: -3.85, 0.24, -1.56
Accel: 0.04, 0.08, -0.96
Gyro: -3.47, 0.08, -1.20
Accel: 0.05, 0.09, -0.95
Gyro: -1.43, 0.08, -0.62
Accel: 0.05, 0.08, -0.96
Gyro: -0.17, 0.18, 0.10
Accel: 0.05, 0.09, -0.96
Gyro: -0.43, -0.21, 1.37
Accel: 0.05, 0.09, -0.95
Gyro: -0.37, -0.79, 3.04
Accel: 0.04, 0.08, -0.96
Gyro: -0.95, -1.31, 4.53
Accel: 0.04, 0.06, -0.96
Gyro: -1.44, -1.91, 4.73
Accel: 0.04, 0.05, -0.97
Gyro: -2.37, -2.53, 4.13
Accel: 0.03, 0.05, -0.97
Gyro: -1.77, -2.18, 2.90
Accel: 0.03, 0.05, -0.97
Gyro: -1.11, -2.21, 1.85
Accel: 0.03, 0.05, -0.97
Gyro: -2.24, -1.53, -0.59
Accel: 0.03, 0.08, -0.98
Gyro: -2.09, -0.36, -1.47
Accel: 0.03, 0.07, -0.97
Gyro: -1.50, 0.13, -0.90
Accel: 0.04, 0.07, -0.96
Gyro: -1.93, 0.24, -1.10
Accel: 0.04, 0.07, -0.96
Gyro: -2.75, 0.45, -0.83
Accel: 0.04, 0.07, -0.95
Gyro: -2.79, 0.34, -0.66
Accel: 0.05, 0.07, -0.95
Gyro: -3.31, 0.45, -0.37
Accel: 0.04, 0.07, -0.96
Gyro: -3.26, 0.24, 0.11
Accel: 0.04, 0.07, -0.95
Gyro: -3.75, -0.44, 0.49
Accel: 0.05, 0.08, -0.97
Gyro: -3.68, -0.14, 0.37
Accel: 0.05, 0.07, -0.96
Gyro: -2.46, -0.42, 0.49
Accel: 0.05, 0.06, -0.95
Gyro: -2.75, -0.54, -0.53
Accel: 0.04, 0.08, -0.97
Gyro: -2.47, -1.08, -1.08
Accel: 0.04, 0.08, -0.97
Gyro: -1.29, -0.60, -0.87
Accel: 0.03, 0.07, -0.96
Gyro: -1.07, -0.39, -0.60
Accel: 0.04, 0.07, -0.96
Gyro: -1.14, -0.40, -0.20
Accel: 0.05, 0.07, -0.96
Gyro: -1.64, -0.14, 0.34
Accel: 0.04, 0.07, -0.97
Gyro: -2.00, 0.15, 0.41
Accel: 0.05, 0.06, -0.96
Gyro: -2.34, -0.04, 0.21
Accel: 0.05, 0.07, -0.95
Gyro: -2.14, -0.27, -0.08
Accel: 0.04, 0.07, -0.96
Gyro: -2.48, -0.56, -0.31
Accel: 0.04, 0.07, -0.96
Gyro: -2.41, -0.43, -0.21
Accel: 0.05, 0.06, -0.96
Gyro: -3.70, 0.11, -0.60
