Accel: -0.05, -0.13, -0.96
Gyro: -4.65, 1.91, -3.47
Accel: -0.05, -0.12, -0.97
Gyro: -4.31, 1.36, -3.76
Accel: -0.05, -0.13, -0.97
Gyro: -4.07, 0.89, -3.44
Accel: -0.05, -0.11, -0.97
Gyro: -3.69, 0.47, -3.18
Accel: -0.05, -0.12, -0.97
Gyro: -3.33, 0.25, -2.82
Accel: -0.05, -0.11, -0.97
Gyro: -2.01, 0.89, -2.53
Accel: -0.04, -0.12, -0.97
Gyro: -2.02, 1.08, -2.44
Accel: -0.05, -0.11, -0.97
Gyro: -3.10, 0.83, -2.84
Accel: -0.04, -0.11, -0.97
Gyro: -0.76, 0.74, -1.53
Accel: -0.05, -0.11, -0.97
Gyro: -1.59, -0.14, -1.56
Accel: -0.05, -0.11, -0.98
Gyro: -2.35, 0.27, -0.53
Accel: -0.05, -0.11, -0.97
Gyro: -1.31, 0.50, 0.34
Accel: -0.05, -0.12, -0.97
Gyro: -1.59, 1.11, 0.59
Accel: -0.04, -0.12, -0.97
Gyro: -1.51, 0.87, 0.51
Accel: -0.04, -0.13, -0.97
Gyro: -1.01, 0.34, 0.61
Accel: -0.05, -0.12, -0.97
Gyro: -1.90, 0.00, 0.43
Accel: -0.04, -0.11, -0.97
Gyro: -1.88, 0.41, 0.80
Accel: -0.04, -0.10, -0.97
Gyro: -0.80, 0.62, 2.69
Accel: -0.05, -0.09, -0.97
Gyro: -1.11, 1.08, 5.43
Accel: -0.04, -0.04, -0.98
Gyro: -0.72, 1.36, 11.65
Accel: -0.04, 0.00, -0.98
Gyro: -0.01, 2.54, 24.71
Accel: -0.05, 0.07, -0.99
Gyro: -1.74, 4.49, 44.51
Accel: -0.07, 0.08, -1.00
Gyro: -2.94, 7.25, 73.20
Accel: -0.09, 0.11, -1.01
Gyro: -7.04, 11.96, 100.14
Accel: -0.15, 0.21, -1.04
Gyro: -7.44, 20.25, 140.08
Accel: -0.15, 0.04, -0.99
Gyro: -7.47, 26.49, 168.09
Accel: -0.15, -0.01, -0.96
Gyro: -6.20, 27.71, 178.62
Accel: -0.16, -0.06, -0.96
Gyro: -1.27, 27.99, 181.87
Accel: -0.13, -0.16, -0.96
Gyro: 3.02, 27.50, 172.79
Accel: -0.10, -0.19, -0.94
Gyro: 6.87, 25.24, 153.76
Accel: -0.07, -0.25, -0.93
Gyro: 12.21, 22.77, 133.77
Accel: -0.05, -0.30, -0.93
Gyro: 9.40, 17.52, 108.38
Accel: -0.04, -0.27, -0.95
Gyro: 7.12, 11.49, 85.21
Accel: -0.05, -0.24, -0.96
Gyro: 7.32, 10.53, 67.95
Accel: -0.03, -0.26, -0.95
Gyro: 7.62, 8.96, 51.92
Accel: -0.03, -0.26, -0.96
Gyro: 5.68, 4.49, 37.38
Accel: -0.04, -0.21, -0.98
Gyro: 2.82, 4.09, 24.91
Accel: -0.04, -0.21, -0.99
Gyro: 5.23, 6.23, 17.11
Accel: -0.01, -0.24, -0.96
Gyro: 3.33, 4.81, 8.48
Accel: -0.00, -0.22, -0.95
Gyro: -2.45, 2.20, -0.60
Accel: 0.00, -0.19, -0.94
Gyro: -4.20, 0.55, -5.84
Accel: -0.00, -0.19, -0.97
Gyro: -1.89, -1.22, -8.72
Accel: 0.00, -0.20, -0.96
Gyro: -1.49, -1.05, -13.76
Accel: -0.01, -0.21, -0.97
Gyro: 1.49, -2.01, -20.47
Accel: -0.00, -0.23, -0.97
Gyro: 3.36, -0.47, -28.95
Accel: 0.00, -0.28, -0.94
Gyro: 1.08, -2.60, -45.65
Accel: 0.02, -0.33, -0.91
Gyro: 3.73, -10.35, -65.99
Accel: -0.01, -0.43, -0.90
Gyro: 1.61, -19.24, -101.19
Accel: -0.05, -0.30, -0.89
Gyro: 4.01, -29.02, -130.33
Accel: -0.08, -0.32, -0.93
Gyro: 8.88, -34.93, -151.21
Accel: -0.12, -0.21, -0.96
Gyro: 13.21, -37.96, -167.15
Accel: -0.13, -0.19, -1.06
Gyro: 20.03, -34.42, -166.37
Accel: -0.13, -0.20, -0.99
Gyro: 14.96, -26.05, -168.08
Accel: -0.09, -0.07, -0.90
Gyro: 16.14, -28.04, -157.37
Accel: -0.07, -0.09, -0.92
Gyro: 13.83, -34.00, -136.91
Accel: -0.06, -0.10, -0.96
Gyro: 2.33, -34.59, -119.96
Accel: -0.06, -0.07, -0.98
Gyro: -4.03, -31.92, -99.88
Accel: -0.06, -0.06, -0.99
Gyro: -8.63, -26.54, -79.87
Accel: -0.06, -0.08, -1.00
Gyro: -13.47, -20.36, -61.04
Accel: -0.06, -0.08, -1.00
Gyro: -13.33, -14.56, -45.30
Accel: -0.05, -0.07, -0.98
Gyro: -9.45, -10.35, -30.95
Accel: -0.06, -0.10, -0.98
Gyro: -8.74, -7.82, -19.72
Accel: -0.06, -0.12, -0.98
Gyro: -12.33, -4.08, -12.40
Accel: -0.05, -0.13, -0.97
Gyro: -13.33, -2.11, -7.79
Accel: -0.05, -0.15, -0.96
Gyro: -14.47, -1.69, -5.90
Accel: -0.05, -0.15, -0.96
Gyro: -14.37, -1.54, -5.28
Accel: -0.04, -0.14, -0.96
Gyro: -12.01, -2.33, -5.03
Accel: -0.04, -0.13, -0.97
Gyro: -10.38, -2.17, -4.67
Accel: -0.04, -0.12, -0.97
Gyro: -7.27, -1.65, -3.31
Accel: -0.04, -0.13, -0.98
Gyro: -4.94, -0.94, -2.19
Accel: -0.04, -0.12, -0.96
Gyro: -4.91, -0.35, -1.77
Accel: -0.04, -0.12, -0.97
Gyro: -4.40, -0.25, -1.21
Accel: -0.03, -0.13, -0.97
Gyro: -3.68, -0.56, -0.51
Accel: -0.03, -0.12, -0.96
Gyro: -2.52, -0.99, 0.42
Accel: -0.02, -0.13, -0.97
Gyro: -2.71, -1.12, 1.61
Accel: -0.03, -0.14, -0.96
Gyro: -2.10, -1.20, 1.91
Accel: -0.03, -0.14, -0.98
Gyro: -0.18, -1.27, 2.46
Accel: -0.04, -0.14, -0.96
Gyro: 0.66, -0.72, 2.32
Accel: -0.04, -0.14, -0.96
Gyro: 1.59, -0.76, 1.75
Accel: -0.03, -0.15, -0.96
Gyro: 1.13, -0.87, 1.67
Accel: -0.04, -0.16, -0.96
Gyro: -0.72, -1.72, 1.06
Accel: -0.05, -0.16, -0.97
Gyro: -2.62, -1.53, 0.04
Accel: -0.05, -0.16, -0.97
Gyro: -4.06, -0.29, -0.05
Accel: -0.04, -0.15, -0.96
Gyro: -4.97, -0.08, -0.83
Accel: -0.05, -0.13, -0.97
Gyro: -3.80, -0.29, -0.82
Accel: -0.05, -0.14, -0.98
Gyro: -1.62, 0.34, 0.18
Accel: -0.05, -0.14, -0.96
Gyro: -1.69, 1.28, 0.63
Accel: -0.04, -0.15, -0.97
Gyro: -2.10, 0.88, 0.53
Accel: -0.05, -0.14, -0.97
Gyro: -2.19, 0.66, -0.01
Accel: -0.05, -0.15, -0.96
Gyro: -2.42, 0.16, -1.20
Accel: -0.04, -0.15, -0.96
Gyro: -2.51, 0.20, -1.85
Accel: -0.04, -0.15, -0.96
Gyro: -2.64, 0.11, -1.53
Accel: -0.04, -0.15, -0.96
Gyro: -3.84, 0.18, -2.04
Accel: -0.03, -0.14, -0.96
Gyro: -2.77, 0.64, -2.01
Accel: -0.03, -0.15, -0.98
Gyro: -2.30, 0.28, -2.41
Accel: -0.04, -0.13, -0.98
Gyro: -2.86, 1.59, -2.79
Accel: -0.04, -0.13, -0.97
Gyro: -2.87, 2.28, -2.60
Accel: -0.03, -0.13, -0.96
Gyro: -3.56, 1.72, -2.90
Accel: -0.02, -0.13, -0.96
Gyro: -4.23, 1.17, -2.59
Accel: -0.03, -0.12, -0.97
Gyro: -3.78, 0.46, -2.42
Accel: -0.03, -0.13, -0.97
Gyro: -3.80, 0.66, -1.66
