Accel: 0.05, 0.05, -0.95
Gyro: -1.25, 1.46, -1.05
Accel: 0.05, 0.05, -0.95
Gyro: -1.66, 0.42, -0.69
Accel: 0.05, 0.04, -0.95
Gyro: -2.84, -0.21, -0.62
Accel: 0.05, 0.05, -0.96
Gyro: -3.67, -0.37, -0.65
Accel: 0.05, 0.05, -0.97
Gyro: -3.84, -0.54, -0.95
Accel: 0.05, 0.05, -0.97
Gyro: -3.65, -0.85, -1.30
Accel: 0.05, 0.05, -0.96
Gyro: -2.89, -0.93, -1.10
Accel: 0.05, 0.05, -0.97
Gyro: -2.40, -1.65, -0.85
Accel: 0.05, 0.05, -0.96
Gyro: -2.26, -1.65, -0.83
Accel: 0.04, 0.04, -0.96
Gyro: -2.33, -1.54, -0.98
Accel: 0.05, 0.05, -0.96
Gyro: -2.46, -1.34, -1.10
Accel: 0.04, 0.05, -0.96
Gyro: -2.66, -1.32, -0.79
Accel: 0.04, 0.05, -0.97
Gyro: -2.52, -0.79, -0.60
Accel: 0.05, 0.06, -0.96
Gyro: -3.12, -0.34, -0.82
Accel: 0.04, 0.07, -0.97
Gyro: -2.85, 0.47, -0.89
Accel: 0.05, 0.06, -0.96
Gyro: -1.13, 0.16, -0.01
Accel: 0.05, 0.06, -0.96
Gyro: -1.56, -0.15, 0.05
Accel: 0.05, 0.05, -0.95
Gyro: -1.94, -0.50, 0.39
Accel: 0.05, 0.04, -0.95
Gyro: -1.99, -0.85, 0.37
Accel: 0.04, 0.04, -0.97
Gyro: -2.39, -0.80, -0.24
Accel: 0.04, 0.05, -0.96
Gyro: -2.48, -1.03, -0.74
Accel: 0.05, 0.05, -0.95
Gyro: -1.59, -1.29, -0.45
Accel: 0.04, 0.05, -0.96
Gyro: -1.98, -1.28, -0.37
Accel: 0.04, 0.07, -0.96
Gyro: -1.11, -0.95, 0.95
Accel: 0.04, 0.10, -0.96
Gyro: -0.98, -0.76, 5.65
Accel: 0.04, 0.11, -0.95
Gyro: -2.53, -1.34, 14.52
Accel: 0.04, 0.13, -0.95
Gyro: -2.70, -2.56, 24.40
Accel: 0.04, 0.19, -0.97
Gyro: -3.33, -2.65, 38.19
Accel: 0.02, 0.24, -0.96
Gyro: -4.65, -1.86, 62.26
Accel: 0.01, 0.25, -0.97
Gyro: -7.50, -2.39, 86.84
Accel: -0.02, 0.38, -0.97
Gyro: -7.08, -1.38, 121.70
Accel: -0.07, 0.33, -0.98
Gyro: -7.20, 0.71, 158.83
Accel: -0.09, 0.22, -0.96
Gyro: -10.42, 1.13, 189.95
Accel: -0.09, 0.16, -0.93
Gyro: -16.19, -0.23, 205.38
Accel: -0.13, 0.15, -0.98
Gyro: -18.14, -0.76, 221.14
Accel: -0.13, 0.01, -0.99
Gyro: -20.97, 2.66, 226.02
Accel: -0.09, -0.20, -1.02
Gyro: -30.31, 7.26, 208.41
Accel: -0.01, -0.29, -0.93
Gyro: -31.58, 5.93, 171.01
Accel: 0.02, -0.28, -0.93
Gyro: -19.50, -2.76, 122.54
Accel: 0.03, -0.27, -1.01
Gyro: -8.99, -3.06, 76.09
Accel: 0.06, -0.20, -1.03
Gyro: -8.86, 2.57, 38.69
Accel: 0.08, -0.06, -0.96
Gyro: -5.17, 2.43, 15.62
Accel: 0.08, 0.01, -0.98
Gyro: -1.41, 1.34, 4.91
Accel: 0.11, 0.00, -0.96
Gyro: -4.17, 3.17, -2.10
Accel: 0.13, -0.02, -0.93
Gyro: -4.97, -0.23, -12.03
Accel: 0.12, -0.05, -0.93
Gyro: -2.15, -4.16, -29.05
Accel: 0.12, -0.08, -0.93
Gyro: 7.65, -6.99, -48.24
Accel: 0.08, -0.27, -0.99
Gyro: 11.52, -7.33, -85.75
Accel: 0.04, -0.37, -0.96
Gyro: 21.92, -10.63, -141.82
Accel: -0.06, -0.38, -0.91
Gyro: 26.66, -17.23, -203.35
Accel: -0.18, -0.22, -0.94
Gyro: 30.33, -18.94, -250.00
Accel: -0.24, -0.13, -0.98
Gyro: 33.65, -23.22, -250.00
Accel: -0.25, -0.02, -1.06
Gyro: 26.68, -21.86, -250.00
Accel: -0.25, 0.23, -1.03
Gyro: 14.03, -13.45, -250.00
Accel: -0.17, 0.37, -1.03
Gyro: 17.24, -3.55, -212.31
Accel: -0.07, 0.34, -0.97
Gyro: 16.68, -4.50, -157.33
Accel: -0.03, 0.28, -0.96
Gyro: 7.07, -7.00, -108.27
Accel: -0.01, 0.22, -0.97
Gyro: -4.09, -7.08, -67.21
Accel: -0.00, 0.19, -0.97
Gyro: -11.15, -7.06, -34.55
Accel: -0.01, 0.12, -0.97
Gyro: -14.12, -7.61, -11.35
Accel: -0.02, 0.04, -1.00
Gyro: -14.85, -5.74, -0.64
Accel: -0.02, 0.04, -0.98
Gyro: -15.40, -3.23, 2.08
Accel: -0.02, 0.04, -0.96
Gyro: -14.99, -2.47, 2.05
Accel: -0.02, 0.04, -0.95
Gyro: -12.83, -3.53, 1.37
Accel: -0.02, 0.04, -0.95
Gyro: -16.15, -2.58, 0.36
Accel: -0.02, 0.06, -0.95
Gyro: -15.05, -3.02, 1.62
Accel: -0.02, 0.06, -0.95
Gyro: -8.87, -3.43, 3.64
Accel: -0.02, 0.06, -0.96
Gyro: -4.45, -3.38, 5.18
Accel: -0.02, 0.05, -0.97
Gyro: -2.78, -3.33, 5.29
Accel: -0.02, 0.05, -0.97
Gyro: 0.70, -2.04, 5.05
Accel: -0.02, 0.04, -0.97
Gyro: -0.37, -0.85, 4.82
Accel: -0.02, 0.04, -0.97
Gyro: -4.85, 0.79, 3.62
Accel: -0.01, 0.05, -0.97
Gyro: -7.31, 1.71, 2.88
Accel: -0.00, 0.06, -0.96
Gyro: -6.29, 2.40, 3.36
Accel: -0.00, 0.06, -0.96
Gyro: -6.10, 2.66, 3.97
Accel: 0.01, 0.06, -0.96
Gyro: -3.93, 2.74, 4.84
Accel: 0.00, 0.05, -0.96
Gyro: -2.86, 2.64, 5.40
Accel: 0.01, 0.04, -0.96
Gyro: -3.72, 2.34, 5.13
Accel: 0.01, 0.03, -0.95
Gyro: -6.23, 2.09, 4.61
Accel: 0.01, 0.04, -0.95
Gyro: -6.23, 0.63, 3.33
Accel: 0.01, 0.05, -0.97
Gyro: -6.14, -0.34, 2.04
Accel: -0.00, 0.05, -0.97
Gyro: -5.93, -0.29, 1.42
Accel: 0.00, 0.06, -0.97
Gyro: -4.81, -0.33, 0.47
Accel: 0.00, 0.07, -0.98
Gyro: -1.86, 0.14, 0.34
Accel: 0.00, 0.05, -0.96
Gyro: -0.97, 0.16, 0.56
Accel: 0.01, 0.05, -0.97
Gyro: -1.50, 0.21, 0.12
Accel: 0.01, 0.05, -0.96
Gyro: -1.85, 0.34, 0.00
Accel: 0.01, 0.06, -0.96
Gyro: -2.81, 0.08, -0.10
Accel: 0.01, 0.06, -0.96
Gyro: -3.51, 0.75, -0.49
Accel: 0.01, 0.07, -0.96
Gyro: -3.43, 0.60, -0.43
Accel: 0.02, 0.07, -0.96
Gyro: -3.64, 0.37, -0.18
Accel: 0.02, 0.08, -0.96
Gyro: -3.37, 0.21, 0.03
Accel: 0.02, 0.07, -0.96
Gyro: -2.88, -0.21, 0.61
Accel: 0.01, 0.06, -0.96
Gyro: -3.27, -0.53, 0.72
Accel: 0.01, 0.06, -0.97
Gyro: -3.72, -0.59, 0.53
Accel: 0.02, 0.06, -0.97
Gyro: -3.29, -0.74, 0.19
Accel: 0.01, 0.07, -0.96
Gyro: -2.46, -1.23, -0.48
Accel: 0.01, 0.06, -0.96
Gyro: -2.03, -1.19, -1.05
Accel: 0.01, 0.06, -0.97
Gyro: -1.98, -0.71, -1.63
Accel: 0.01, 0.06, -0.97
Gyro: -2.69, -0.55, -2.35
Accel: 0.01, 0.06, -0.96
Gyro: -2.62, -0.65, -2.25
