Accel: -0.03, -0.15, -0.97
Gyro: -0.45, 0.05, -0.50
Accel: -0.03, -0.14, -0.96
Gyro: -1.09, -0.04, -0.70
Accel: -0.03, -0.14, -0.96
Gyro: -1.02, 0.04, -0.64
Accel: -0.03, -0.14, -0.96
Gyro: -1.37, -0.21, -0.05
Accel: -0.03, -0.14, -0.97
Gyro: -2.37, -0.33, 0.22
Accel: -0.03, -0.15, -0.97
Gyro: -2.17, -0.61, 0.66
Accel: -0.03, -0.14, -0.96
Gyro: -2.77, -0.52, 0.16
Accel: -0.03, -0.15, -0.97
Gyro: -2.94, -0.66, -0.52
Accel: -0.03, -0.14, -0.96
Gyro: -2.46, -0.75, -0.86
Accel: -0.03, -0.13, -0.97
Gyro: -2.17, -0.93, -0.98
Accel: -0.04, -0.14, -0.97
Gyro: -1.75, -1.02, -1.10
Accel: -0.04, -0.14, -0.97
Gyro: -1.94, -0.71, -1.27
Accel: -0.04, -0.14, -0.97
Gyro: -1.82, -0.28, -1.10
Accel: -0.03, -0.14, -0.98
Gyro: -1.53, -0.17, -0.94
Accel: -0.03, -0.14, -0.97
Gyro: -1.08, 0.40, -0.63
Accel: -0.03, -0.14, -0.96
Gyro: -2.09, 0.02, -1.23
Accel: -0.03, -0.12, -0.97
Gyro: -0.76, 0.39, -0.50
Accel: -0.03, -0.14, -0.97
Gyro: 0.37, -0.48, 0.09
Accel: -0.03, -0.14, -0.97
Gyro: -2.18, -0.04, -0.31
Accel: -0.03, -0.13, -0.96
Gyro: -1.98, 0.37, -0.16
Accel: -0.03, -0.15, -0.97
Gyro: -1.91, 0.50, -0.28
Accel: -0.03, -0.14, -0.97
Gyro: -2.86, 0.50, -0.70
Accel: -0.03, -0.14, -0.97
Gyro: -2.17, -0.11, -0.77
Accel: -0.03, -0.14, -0.97
Gyro: -1.68, -0.24, -0.60
Accel: -0.03, -0.14, -0.98
Gyro: -2.72, 0.24, -0.98
Accel: -0.03, -0.14, -0.96
Gyro: -2.17, 0.52, -0.84
Accel: -0.03, -0.15, -0.97
Gyro: -1.64, 0.53, -0.69
Accel: -0.03, -0.14, -0.96
Gyro: -2.58, 0.63, -1.06
Accel: -0.03, -0.13, -0.97
Gyro: -1.81, 0.53, -0.94
Accel: -0.02, -0.14, -0.97
Gyro: -1.12, -0.11, -0.75
Accel: -0.02, -0.14, -0.96
Gyro: -1.01, 0.22, -0.20
Accel: -0.03, -0.14, -0.96
Gyro: -0.88, -0.34, 0.08
Accel: -0.03, -0.15, -0.97
Gyro: -1.30, -0.36, -0.15
Accel: -0.02, -0.15, -0.96
Gyro: -2.08, 0.12, -0.50
Accel: -0.02, -0.15, -0.96
Gyro: -2.11, 0.08, -1.06
Accel: -0.03, -0.14, -0.96
Gyro: -1.85, 0.27, -1.02
Accel: -0.03, -0.12, -0.97
Gyro: -2.20, 0.49, 0.03
Accel: -0.03, -0.07, -0.99
Gyro: -1.35, 1.68, 5.52
Accel: -0.04, 0.04, -1.00
Gyro: -2.10, 4.97, 24.59
Accel: -0.06, 0.12, -1.03
Gyro: -7.36, 10.00, 56.18
Accel: -0.09, 0.18, -1.05
Gyro: -12.24, 20.07, 103.27
Accel: -0.15, 0.10, -1.14
Gyro: -24.47, 35.36, 141.39
Accel: -0.22, 0.11, -1.15
Gyro: -32.59, 59.16, 179.30
Accel: -0.16, -0.03, -0.97
Gyro: -30.79, 64.02, 195.50
Accel: -0.12, -0.01, -0.96
Gyro: -23.80, 61.57, 200.24
Accel: -0.09, -0.04, -0.95
Gyro: -10.12, 60.28, 198.27
Accel: -0.01, -0.22, -0.90
Gyro: 4.30, 57.95, 179.76
Accel: 0.06, -0.27, -0.83
Gyro: 11.17, 49.58, 150.12
Accel: 0.11, -0.26, -0.83
Gyro: 12.70, 35.15, 123.16
Accel: 0.14, -0.29, -0.85
Gyro: 15.07, 18.48, 104.11
Accel: 0.15, -0.33, -0.88
Gyro: 8.87, 4.54, 79.98
Accel: 0.11, -0.29, -0.91
Gyro: 9.32, -4.73, 58.05
Accel: 0.09, -0.36, -0.99
Gyro: 13.31, -4.92, 40.66
Accel: 0.10, -0.38, -0.94
Gyro: 8.90, -7.16, 21.40
Accel: 0.05, -0.33, -0.98
Gyro: 4.08, -8.67, 4.42
Accel: 0.06, -0.33, -1.01
Gyro: 5.66, -3.02, -3.83
Accel: 0.09, -0.31, -0.92
Gyro: -3.74, -1.80, -12.96
Accel: 0.10, -0.25, -0.92
Gyro: -1.47, -5.48, -15.00
Accel: 0.10, -0.31, -0.95
Gyro: 1.06, -4.59, -21.21
Accel: 0.12, -0.34, -0.92
Gyro: -0.51, -7.08, -30.82
Accel: 0.13, -0.43, -0.88
Gyro: -4.41, -12.76, -50.42
Accel: 0.12, -0.47, -0.85
Gyro: -8.35, -23.29, -80.58
Accel: 0.07, -0.49, -0.89
Gyro: -9.57, -37.38, -119.87
Accel: -0.01, -0.37, -0.93
Gyro: -8.06, -43.49, -156.34
Accel: -0.05, -0.25, -0.95
Gyro: -1.12, -43.82, -172.64
Accel: -0.07, -0.17, -0.99
Gyro: -1.91, -39.95, -175.42
Accel: -0.08, -0.08, -0.95
Gyro: -0.31, -34.61, -172.43
Accel: -0.07, 0.06, -0.98
Gyro: 12.32, -33.64, -153.74
Accel: -0.05, 0.07, -1.02
Gyro: 13.37, -29.65, -124.58
Accel: -0.01, -0.04, -0.97
Gyro: 6.82, -27.31, -101.81
Accel: 0.00, -0.07, -0.93
Gyro: 2.40, -30.48, -93.97
Accel: -0.03, -0.07, -0.97
Gyro: 4.98, -34.21, -87.25
Accel: -0.04, -0.07, -0.99
Gyro: 5.33, -30.22, -78.00
Accel: -0.04, -0.10, -0.98
Gyro: 4.57, -29.47, -70.96
Accel: -0.06, -0.09, -1.03
Gyro: 2.35, -24.61, -61.36
Accel: -0.05, -0.08, -0.99
Gyro: -0.46, -19.07, -51.27
Accel: -0.03, -0.09, -0.99
Gyro: -3.89, -15.87, -42.27
Accel: -0.03, -0.09, -1.00
Gyro: -7.61, -13.57, -33.84
Accel: -0.04, -0.10, -1.01
Gyro: -11.55, -11.15, -26.44
Accel: -0.04, -0.10, -1.00
Gyro: -14.55, -7.79, -20.07
Accel: -0.03, -0.08, -0.98
Gyro: -14.51, -6.55, -13.95
Accel: -0.04, -0.08, -0.97
Gyro: -11.99, -5.44, -7.48
Accel: -0.03, -0.09, -0.98
Gyro: -9.45, -3.93, -3.10
Accel: -0.03, -0.10, -0.98
Gyro: -6.90, -2.62, -0.37
Accel: -0.03, -0.10, -0.97
Gyro: -2.48, -1.98, 1.95
Accel: -0.02, -0.10, -0.96
Gyro: 1.01, -2.56, 4.45
Accel: -0.02, -0.12, -0.95
Gyro: 2.55, -2.43, 6.59
Accel: -0.02, -0.13, -0.96
Gyro: 2.08, -3.15, 7.74
Accel: -0.03, -0.15, -0.96
Gyro: 0.62, -3.17, 7.47
Accel: -0.03, -0.15, -0.96
Gyro: -0.87, -3.88, 7.20
Accel: -0.04, -0.15, -0.98
Gyro: -1.25, -4.07, 6.39
Accel: -0.05, -0.14, -0.99
Gyro: -0.68, -2.26, 5.82
Accel: -0.04, -0.14, -0.97
Gyro: 0.81, -1.05, 5.92
Accel: -0.04, -0.16, -0.97
Gyro: 0.36, -0.16, 5.54
Accel: -0.04, -0.14, -0.96
Gyro: -1.38, 0.07, 5.13
Accel: -0.04, -0.15, -0.97
Gyro: -2.64, 0.11, 5.48
Accel: -0.05, -0.15, -0.96
Gyro: -5.22, -0.37, 5.26
Accel: -0.04, -0.12, -0.97
Gyro: -6.18, 0.38, 6.35
Accel: -0.05, -0.13, -0.97
Gyro: -4.46, 0.04, 7.51
Accel: -0.05, -0.12, -0.97
Gyro: -4.90, 0.50, 8.48
Accel: -0.05, -0.12, -0.97
Gyro: -4.99, 1.16, 9.06
