Accel: 0.05, 0.04, -0.96
Gyro: -2.91, 2.02, -0.60
Accel: 0.05, 0.05, -0.97
Gyro: -3.56, 2.24, -0.40
Accel: 0.05, 0.06, -0.98
Gyro: -4.09, 3.33, -0.64
Accel: 0.06, 0.05, -0.96
Gyro: -2.64, 3.81, 0.08
Accel: 0.07, 0.05, -0.97
Gyro: -1.25, 3.39, 0.24
Accel: 0.06, 0.05, -0.95
Gyro: -2.33, 2.78, 0.05
Accel: 0.08, 0.05, -0.95
Gyro: -3.62, 2.72, 0.34
Accel: 0.07, 0.04, -0.96
Gyro: -2.93, 2.27, 0.39
Accel: 0.08, 0.05, -0.95
Gyro: -3.40, 2.07, -0.22
Accel: 0.08, 0.05, -0.96
Gyro: -2.55, 1.17, -0.03
Accel: 0.08, 0.05, -0.95
Gyro: -2.78, 1.12, -0.41
Accel: 0.08, 0.05, -0.96
Gyro: -1.70, 1.22, -0.24
Accel: 0.08, 0.05, -0.96
Gyro: -1.29, 0.29, 0.89
Accel: 0.08, 0.05, -0.95
Gyro: -1.90, 0.04, 0.98
Accel: 0.08, 0.05, -0.96
Gyro: -2.34, -0.10, 1.02
Accel: 0.08, 0.06, -0.96
Gyro: -2.30, -0.02, 1.79
Accel: 0.08, 0.07, -0.96
Gyro: -1.66, -0.70, 3.79
Accel: 0.08, 0.08, -0.95
Gyro: -1.47, -1.05, 7.36
Accel: 0.08, 0.09, -0.96
Gyro: -0.90, -1.86, 12.54
Accel: 0.08, 0.09, -0.96
Gyro: -1.70, -2.42, 18.17
Accel: 0.07, 0.13, -0.96
Gyro: -2.29, -2.10, 27.25
Accel: 0.07, 0.16, -0.95
Gyro: -3.60, -2.68, 41.24
Accel: 0.06, 0.21, -0.94
Gyro: -5.65, -4.58, 62.71
Accel: 0.04, 0.24, -0.95
Gyro: -8.74, -6.37, 88.19
Accel: 0.02, 0.19, -0.97
Gyro: -13.74, -6.29, 114.18
Accel: -0.00, 0.22, -1.00
Gyro: -17.43, -4.94, 134.10
Accel: -0.04, 0.21, -0.99
Gyro: -16.36, -0.29, 157.83
Accel: -0.04, 0.15, -0.94
Gyro: -13.92, -1.46, 171.36
Accel: -0.04, 0.11, -0.92
Gyro: -11.88, -5.05, 179.05
Accel: -0.06, 0.10, -0.94
Gyro: -13.32, -7.02, 184.43
Accel: -0.05, -0.09, -1.00
Gyro: -19.87, -3.89, 179.92
Accel: -0.01, -0.14, -1.01
Gyro: -21.42, -0.49, 155.72
Accel: 0.02, -0.16, -0.99
Gyro: -10.69, 4.01, 120.31
Accel: 0.07, -0.19, -0.95
Gyro: 2.49, 2.75, 88.42
Accel: 0.08, -0.14, -0.94
Gyro: -2.14, -1.21, 62.70
Accel: 0.07, -0.11, -0.96
Gyro: -2.15, -6.32, 46.59
Accel: 0.06, -0.08, -1.01
Gyro: 0.55, -4.75, 31.59
Accel: 0.07, -0.07, -0.99
Gyro: -0.40, 0.73, 19.58
Accel: 0.09, -0.06, -0.95
Gyro: 0.24, -0.99, 8.63
Accel: 0.08, -0.08, -0.95
Gyro: 3.73, -4.58, -2.95
Accel: 0.06, -0.08, -0.98
Gyro: 3.91, -4.10, -13.92
Accel: 0.06, -0.15, -0.97
Gyro: 3.48, -2.41, -29.43
Accel: 0.03, -0.20, -1.04
Gyro: 0.38, 2.45, -53.22
Accel: 0.03, -0.35, -1.05
Gyro: -7.87, 9.11, -89.07
Accel: 0.03, -0.32, -0.92
Gyro: -1.30, 8.93, -136.77
Accel: -0.02, -0.22, -0.91
Gyro: 11.67, 3.48, -180.95
Accel: -0.07, -0.13, -0.93
Gyro: 21.39, -2.04, -210.22
Accel: -0.10, -0.10, -0.97
Gyro: 31.71, -4.32, -226.62
Accel: -0.11, -0.00, -0.95
Gyro: 32.27, -3.59, -238.01
Accel: -0.08, 0.07, -0.99
Gyro: 30.85, -5.14, -232.97
Accel: -0.07, 0.13, -0.98
Gyro: 23.28, -6.37, -214.84
Accel: -0.04, 0.21, -0.97
Gyro: 12.53, -6.71, -184.05
Accel: 0.00, 0.26, -0.98
Gyro: 4.56, -5.62, -146.04
Accel: 0.01, 0.25, -0.98
Gyro: -2.06, -3.87, -108.57
Accel: 0.03, 0.24, -0.98
Gyro: -7.11, -1.77, -75.00
Accel: 0.04, 0.20, -0.97
Gyro: -7.33, -0.74, -49.39
Accel: 0.04, 0.12, -0.97
Gyro: -4.55, 0.08, -36.35
Accel: 0.04, 0.10, -0.97
Gyro: -1.89, 1.61, -32.69
Accel: 0.06, 0.12, -0.97
Gyro: 0.37, 2.45, -24.42
Accel: 0.06, 0.09, -0.94
Gyro: -6.02, 2.52, -14.67
Accel: 0.05, 0.10, -0.92
Gyro: -10.80, 1.82, -6.64
Accel: 0.07, 0.10, -0.94
Gyro: -8.16, -1.26, 2.53
Accel: 0.07, 0.07, -0.97
Gyro: -4.33, -3.17, 10.56
Accel: 0.06, 0.04, -0.97
Gyro: -5.39, -2.92, 13.59
Accel: 0.07, 0.05, -0.96
Gyro: -4.44, -2.98, 15.46
Accel: 0.07, 0.05, -0.95
Gyro: -3.26, -2.57, 17.52
Accel: 0.07, 0.04, -0.96
Gyro: -8.03, -3.73, 19.55
Accel: 0.07, 0.02, -0.97
Gyro: -9.51, -3.24, 19.20
Accel: 0.07, 0.04, -0.97
Gyro: -9.26, -2.68, 17.61
Accel: 0.08, 0.04, -0.95
Gyro: -7.87, -2.34, 16.94
Accel: 0.07, 0.02, -0.97
Gyro: -8.03, -1.28, 14.50
Accel: 0.07, 0.03, -0.96
Gyro: -7.95, -0.46, 10.48
Accel: 0.07, 0.03, -0.96
Gyro: -3.77, -0.43, 6.06
Accel: 0.08, 0.03, -0.96
Gyro: -2.85, -0.32, 0.95
Accel: 0.08, 0.05, -0.96
Gyro: -1.37, -0.61, 0.58
Accel: 0.08, 0.06, -0.94
Gyro: -2.17, -1.43, 3.69
Accel: 0.08, 0.05, -0.95
Gyro: -3.58, -2.21, 6.02
Accel: 0.08, 0.04, -0.96
Gyro: -5.22, -2.95, 6.81
Accel: 0.08, 0.04, -0.96
Gyro: -5.77, -3.28, 8.11
Accel: 0.06, 0.05, -0.97
Gyro: -6.01, -3.20, 7.34
Accel: 0.07, 0.05, -0.97
Gyro: -6.90, -2.71, 6.25
Accel: 0.07, 0.05, -0.96
Gyro: -6.30, -2.85, 5.42
Accel: 0.06, 0.04, -0.96
Gyro: -6.54, -2.37, 3.81
Accel: 0.06, 0.05, -0.97
Gyro: -8.00, -1.17, 1.76
Accel: 0.06, 0.07, -0.97
Gyro: -7.22, -0.24, 0.53
Accel: 0.07, 0.08, -0.96
Gyro: -6.16, 0.00, -0.60
Accel: 0.07, 0.08, -0.96
Gyro: -5.30, 0.21, -0.27
Accel: 0.07, 0.09, -0.95
Gyro: -4.17, 0.41, -0.12
Accel: 0.07, 0.09, -0.95
Gyro: -2.73, 0.14, 0.43
Accel: 0.07, 0.08, -0.96
Gyro: -1.54, -0.92, 0.71
Accel: 0.06, 0.08, -0.96
Gyro: -1.24, -1.37, 1.17
Accel: 0.07, 0.08, -0.96
Gyro: -0.98, -1.66, 2.01
Accel: 0.06, 0.07, -0.96
Gyro: -0.93, -1.57, 2.79
Accel: 0.05, 0.07, -0.96
Gyro: -2.06, -1.45, 2.56
Accel: 0.06, 0.08, -0.97
Gyro: -0.77, -0.27, 3.14
Accel: 0.06, 0.06, -0.97
Gyro: -0.20, 0.02, 3.14
Accel: 0.06, 0.06, -0.97
Gyro: -0.81, -0.16, 2.69
Accel: 0.06, 0.05, -0.97
Gyro: -1.75, 0.23, 1.95
Accel: 0.07, 0.05, -0.96
Gyro: -2.30, 0.72, 1.64
Accel: 0.07, 0.05, -0.96
Gyro: -2.91, 0.82, 0.58
Accel: 0.08, 0.06, -0.96
Gyro: -2.51, 0.46, -0.08
