Accel: -0.04, -0.16, -0.96
Gyro: -5.70, 0.40, -2.39
Accel: -0.04, -0.14, -0.97
Gyro: -4.90, 0.77, -2.56
Accel: -0.04, -0.15, -0.96
Gyro: -3.52, 0.27, -2.24
Accel: -0.04, -0.14, -0.97
Gyro: -4.83, 0.34, -2.72
Accel: -0.04, -0.14, -0.97
Gyro: -5.02, 0.98, -2.92
Accel: -0.04, -0.14, -0.97
Gyro: -3.43, 1.17, -2.59
Accel: -0.04, -0.13, -0.96
Gyro: -3.61, 1.36, -2.50
Accel: -0.03, -0.14, -0.96
Gyro: -3.16, 0.36, -2.17
Accel: -0.03, -0.14, -0.97
Gyro: -3.47, 0.40, -2.14
Accel: -0.03, -0.13, -0.97
Gyro: -3.41, 0.44, -2.65
Accel: -0.03, -0.13, -0.96
Gyro: -1.81, 0.22, -1.89
Accel: -0.03, -0.15, -0.97
Gyro: -2.03, 0.18, -1.85
Accel: -0.03, -0.13, -0.97
Gyro: -2.12, 0.39, -1.54
Accel: -0.03, -0.13, -0.96
Gyro: -1.18, 0.21, -0.72
Accel: -0.03, -0.13, -0.96
Gyro: -1.17, 0.37, -0.11
Accel: -0.03, -0.13, -0.97
Gyro: -1.53, 0.53, 0.72
Accel: -0.03, -0.13, -0.97
Gyro: -1.34, 0.54, 1.74
Accel: -0.04, -0.13, -0.97
Gyro: -1.50, 0.65, 3.28
Accel: -0.03, -0.11, -0.97
Gyro: -1.82, 1.59, 6.60
Accel: -0.04, -0.08, -0.97
Gyro: -1.92, 1.81, 11.31
Accel: -0.04, -0.03, -0.98
Gyro: -1.40, 2.78, 21.34
Accel: -0.04, 0.00, -0.98
Gyro: -2.74, 4.34, 39.15
Accel: -0.05, 0.02, -0.99
Gyro: -4.29, 6.90, 58.53
Accel: -0.07, 0.09, -1.02
Gyro: -5.74, 10.95, 83.10
Accel: -0.10, 0.08, -1.01
Gyro: -7.76, 16.63, 110.06
Accel: -0.13, 0.20, -0.98
Gyro: -7.65, 19.66, 143.84
Accel: -0.20, 0.21, -1.04
Gyro: -7.48, 24.65, 187.12
Accel: -0.25, 0.11, -1.04
Gyro: -11.67, 38.02, 223.87
Accel: -0.24, -0.08, -1.03
Gyro: -11.23, 49.42, 237.79
Accel: -0.19, -0.25, -0.96
Gyro: -10.91, 53.76, 223.56
Accel: -0.13, -0.29, -0.90
Gyro: -2.69, 50.12, 194.91
Accel: -0.04, -0.53, -0.82
Gyro: 5.26, 33.57, 149.85
Accel: 0.01, -0.52, -0.89
Gyro: 2.33, 15.73, 91.80
Accel: 0.00, -0.45, -0.97
Gyro: 3.17, 7.51, 42.03
Accel: -0.00, -0.38, -0.97
Gyro: 6.97, 4.91, 8.37
Accel: 0.02, -0.37, -0.94
Gyro: 2.78, 1.25, -16.51
Accel: 0.03, -0.32, -0.93
Gyro: -2.53, -5.79, -39.49
Accel: 0.02, -0.33, -0.95
Gyro: 3.18, -9.92, -59.81
Accel: 0.03, -0.38, -0.92
Gyro: 3.88, -14.63, -88.28
Accel: 0.01, -0.39, -0.88
Gyro: 2.82, -24.95, -121.73
Accel: -0.05, -0.28, -0.90
Gyro: 4.79, -34.06, -148.66
Accel: -0.09, -0.27, -0.95
Gyro: 5.64, -36.54, -164.25
Accel: -0.10, -0.15, -0.96
Gyro: 6.85, -36.99, -176.10
Accel: -0.12, -0.17, -1.04
Gyro: 11.10, -33.26, -172.79
Accel: -0.14, -0.15, -1.05
Gyro: 4.61, -20.52, -174.47
Accel: -0.11, 0.00, -0.97
Gyro: 10.05, -14.50, -162.66
Accel: -0.07, -0.00, -0.94
Gyro: 11.38, -17.12, -141.08
Accel: -0.03, -0.00, -0.92
Gyro: 6.11, -21.61, -118.28
Accel: -0.01, -0.02, -0.93
Gyro: 1.39, -26.46, -96.98
Accel: -0.03, -0.02, -0.98
Gyro: -4.87, -26.19, -79.56
Accel: -0.04, -0.02, -1.01
Gyro: -11.44, -20.72, -61.23
Accel: -0.04, -0.04, -0.97
Gyro: -12.63, -17.87, -44.82
Accel: -0.04, -0.05, -0.99
Gyro: -14.19, -15.53, -32.23
Accel: -0.05, -0.06, -0.99
Gyro: -14.82, -11.93, -23.09
Accel: -0.05, -0.06, -0.99
Gyro: -13.85, -9.19, -16.26
Accel: -0.05, -0.07, -0.98
Gyro: -13.25, -7.84, -12.07
Accel: -0.05, -0.09, -0.99
Gyro: -13.37, -5.97, -10.15
Accel: -0.05, -0.08, -0.99
Gyro: -12.15, -4.17, -8.44
Accel: -0.04, -0.07, -0.99
Gyro: -11.15, -1.89, -7.57
Accel: -0.04, -0.06, -0.99
Gyro: -8.58, -0.60, -5.47
Accel: -0.04, -0.07, -0.99
Gyro: -6.90, 0.67, -4.10
Accel: -0.04, -0.06, -0.97
Gyro: -6.10, 1.21, -2.60
Accel: -0.03, -0.07, -0.98
Gyro: -4.71, 1.56, -1.68
Accel: -0.02, -0.07, -0.98
Gyro: -3.29, 1.96, -0.76
Accel: -0.02, -0.06, -0.98
Gyro: -1.71, 2.22, 0.37
Accel: -0.03, -0.07, -0.97
Gyro: -0.41, 2.28, 1.63
Accel: -0.02, -0.08, -0.97
Gyro: 0.67, 2.02, 2.56
Accel: -0.02, -0.09, -0.98
Gyro: 0.50, 2.01, 3.39
Accel: -0.01, -0.09, -0.97
Gyro: 0.53, 2.15, 3.50
Accel: -0.02, -0.10, -0.97
Gyro: 0.33, 2.52, 3.01
Accel: -0.02, -0.10, -0.96
Gyro: 0.84, 2.58, 3.06
Accel: -0.02, -0.10, -0.96
Gyro: 0.82, 2.36, 2.66
Accel: -0.01, -0.10, -0.97
Gyro: 0.26, 1.71, 2.39
Accel: -0.01, -0.10, -0.97
Gyro: 0.26, 1.76, 2.08
Accel: -0.01, -0.11, -0.97
Gyro: -0.18, 1.46, 1.58
Accel: -0.01, -0.11, -0.97
Gyro: -1.66, 1.56, 0.21
Accel: -0.01, -0.10, -0.98
Gyro: -0.77, 1.40, 0.29
Accel: -0.01, -0.11, -0.96
Gyro: -1.03, 0.17, -0.39
Accel: -0.01, -0.11, -0.96
Gyro: -2.20, -0.47, -0.96
Accel: -0.00, -0.10, -0.97
Gyro: -1.90, -0.79, -0.58
Accel: -0.01, -0.10, -0.96
Gyro: -1.97, -0.43, -0.64
Accel: -0.01, -0.10, -0.96
Gyro: -2.44, -0.51, -1.18
Accel: -0.01, -0.10, -0.97
Gyro: -1.51, -1.16, -1.11
Accel: -0.01, -0.10, -0.98
Gyro: -1.91, -1.51, -1.01
Accel: -0.02, -0.09, -0.99
Gyro: -1.82, -1.08, -0.82
Accel: -0.02, -0.09, -0.98
Gyro: -0.76, -0.93, 0.16
Accel: -0.02, -0.10, -0.98
Gyro: -1.67, -0.27, -0.24
Accel: -0.01, -0.10, -0.96
Gyro: -1.44, -0.20, -0.25
Accel: -0.01, -0.10, -0.97
Gyro: -0.81, -0.47, -0.14
Accel: -0.01, -0.10, -0.97
Gyro: -0.79, -0.63, -0.12
Accel: -0.01, -0.10, -0.97
Gyro: -0.55, -0.51, 0.04
Accel: -0.01, -0.10, -0.98
Gyro: -0.77, -0.61, 0.79
Accel: -0.01, -0.12, -0.98
Gyro: -1.24, -1.02, 0.45
Accel: -0.02, -0.11, -0.97
Gyro: -1.60, -0.85, 0.10
Accel: -0.01, -0.11, -0.97
Gyro: -1.66, -1.13, -0.21
Accel: -0.01, -0.11, -0.97
Gyro: -1.89, -1.23, -0.55
Accel: -0.01, -0.11, -0.97
Gyro: -2.11, -1.20, -1.09
Accel: -0.02, -0.10, -0.97
Gyro: -2.25, -1.02, -1.24
Accel: -0.02, -0.11, -0.97
Gyro: -2.27, -1.05, -1.53
Accel: -0.02, -0.10, -0.97
Gyro: -2.50, -0.55, -1.82
Accel: -0.01, -0.10, -0.98
Gyro: -2.29, 0.02, -1.41
