Accel: 0.05, 0.10, -0.96
Gyro: -1.82, 0.60, -1.55
Accel: 0.05, 0.10, -0.95
Gyro: -2.31, -0.01, -1.67
Accel: 0.04, 0.11, -0.95
Gyro: -2.21, -0.82, -1.80
Accel: 0.04, 0.12, -0.96
Gyro: -1.37, -0.03, -0.98
Accel: 0.04, 0.10, -0.97
Gyro: -1.76, 0.24, -1.14
Accel: 0.04, 0.10, -0.96
Gyro: -2.29, -0.40, -1.27
Accel: 0.04, 0.11, -0.96
Gyro: -1.73, -0.11, -1.14
Accel: 0.05, 0.10, -0.95
Gyro: -1.20, 0.18, -1.61
Accel: 0.04, 0.10, -0.96
Gyro: -1.52, -0.50, -1.86
Accel: 0.05, 0.10, -0.96
Gyro: -1.61, -0.87, -1.42
Accel: 0.05, 0.11, -0.97
Gyro: -1.84, -0.37, -1.27
Accel: 0.05, 0.10, -0.95
Gyro: -2.41, -0.72, -1.50
Accel: 0.05, 0.11, -0.96
Gyro: -2.60, -1.31, -1.97
Accel: 0.04, 0.11, -0.96
Gyro: -2.39, -1.06, -2.08
Accel: 0.04, 0.11, -0.95
Gyro: -2.02, -1.03, -2.10
Accel: 0.04, 0.11, -0.96
Gyro: -1.84, -0.86, -1.64
Accel: 0.04, 0.10, -0.96
Gyro: -2.17, -0.48, -1.88
Accel: 0.05, 0.10, -0.95
Gyro: -1.89, -0.32, -1.97
Accel: 0.05, 0.10, -0.96
Gyro: -1.82, -0.50, -2.74
Accel: 0.04, 0.10, -0.96
Gyro: -1.34, -0.78, -3.27
Accel: 0.03, 0.09, -0.97
Gyro: -0.85, -0.34, -5.00
Accel: 0.04, 0.08, -0.97
Gyro: -0.48, 0.55, -7.66
Accel: 0.04, 0.06, -0.96
Gyro: 0.01, 1.11, -11.73
Accel: 0.03, 0.02, -0.97
Gyro: 0.62, 1.96, -19.24
Accel: 0.03, 0.01, -0.97
Gyro: 3.26, 3.66, -32.06
Accel: 0.03, -0.02, -0.98
Gyro: 7.07, 4.85, -44.14
Accel: 0.02, -0.04, -0.98
Gyro: 9.22, 6.62, -63.68
Accel: 0.01, 0.01, -0.99
Gyro: 13.41, 7.38, -75.72
Accel: 0.02, -0.01, -0.99
Gyro: 17.10, 9.19, -86.59
Accel: 0.01, 0.01, -0.97
Gyro: 17.17, 10.73, -95.65
Accel: 0.02, 0.02, -0.98
Gyro: 17.39, 10.91, -100.53
Accel: 0.01, 0.01, -0.99
Gyro: 14.77, 13.07, -106.61
Accel: 0.04, 0.04, -0.95
Gyro: 10.15, 12.84, -105.63
Accel: 0.04, 0.05, -0.93
Gyro: 2.66, 10.08, -100.58
Accel: 0.05, 0.14, -0.95
Gyro: -6.42, 8.12, -89.97
Accel: 0.06, 0.08, -0.93
Gyro: -8.00, 7.06, -78.15
Accel: 0.02, -0.03, -1.00
Gyro: -8.13, 8.64, -82.47
Accel: 0.03, 0.07, -1.01
Gyro: -9.28, 17.01, -94.15
Accel: 0.06, 0.18, -0.93
Gyro: -3.08, 13.39, -89.18
Accel: 0.05, 0.21, -0.95
Gyro: 2.97, 11.66, -76.61
Accel: 0.07, 0.27, -0.94
Gyro: -0.49, 12.43, -60.91
Accel: 0.10, 0.27, -0.95
Gyro: 3.33, 9.71, -38.93
Accel: 0.10, 0.19, -0.96
Gyro: 2.00, 9.33, -22.40
Accel: 0.12, 0.21, -0.90
Gyro: -3.08, 4.96, -9.10
Accel: 0.11, 0.15, -0.93
Gyro: -5.15, 0.24, 0.69
Accel: 0.11, 0.12, -0.95
Gyro: -6.81, -2.87, 6.42
Accel: 0.10, 0.08, -0.96
Gyro: -7.21, -3.14, 5.54
Accel: 0.10, 0.11, -0.96
Gyro: -5.86, -2.41, 3.83
Accel: 0.10, 0.16, -0.96
Gyro: -5.23, -2.88, 6.90
Accel: 0.10, 0.20, -0.95
Gyro: -5.11, -3.42, 15.85
Accel: 0.11, 0.26, -0.95
Gyro: -6.56, -4.77, 30.15
Accel: 0.10, 0.31, -0.92
Gyro: -7.99, -7.93, 52.69
Accel: 0.09, 0.30, -0.91
Gyro: -9.38, -13.73, 75.86
Accel: 0.08, 0.29, -0.90
Gyro: -9.09, -21.09, 98.07
Accel: 0.04, 0.23, -0.93
Gyro: -11.31, -25.17, 116.90
Accel: 0.02, 0.17, -0.95
Gyro: -13.74, -25.44, 128.48
Accel: 0.02, 0.08, -0.97
Gyro: -14.68, -22.99, 130.91
Accel: -0.01, 0.08, -0.94
Gyro: -7.89, -21.98, 130.49
Accel: 0.01, 0.07, -0.98
Gyro: -12.66, -22.63, 128.07
Accel: -0.01, 0.01, -0.97
Gyro: -15.59, -21.42, 119.83
Accel: -0.01, -0.03, -0.98
Gyro: -19.83, -21.00, 105.78
Accel: -0.01, 0.00, -0.99
Gyro: -22.77, -19.56, 91.20
Accel: -0.01, -0.03, -1.02
Gyro: -19.58, -14.33, 74.99
Accel: 0.00, -0.01, -1.00
Gyro: -13.98, -9.92, 54.23
Accel: -0.00, 0.03, -0.99
Gyro: -7.72, -6.81, 38.74
Accel: 0.01, 0.03, -0.96
Gyro: -1.66, -5.09, 26.46
Accel: 0.00, 0.03, -0.98
Gyro: 2.34, -2.70, 13.61
Accel: 0.02, 0.05, -0.98
Gyro: 6.60, -0.90, 3.52
Accel: 0.02, 0.08, -0.96
Gyro: 6.16, -0.87, -3.13
Accel: 0.02, 0.10, -0.97
Gyro: 4.31, 0.07, -6.05
Accel: 0.03, 0.11, -0.97
Gyro: 2.81, 0.86, -6.29
Accel: 0.03, 0.11, -0.96
Gyro: 2.05, 1.49, -5.18
Accel: 0.04, 0.10, -0.96
Gyro: 0.76, 1.14, -3.88
Accel: 0.04, 0.10, -0.96
Gyro: -0.25, 1.36, -2.79
Accel: 0.04, 0.10, -0.96
Gyro: -1.14, 1.69, -2.19
Accel: 0.04, 0.11, -0.96
Gyro: -1.76, 1.58, -1.91
Accel: 0.05, 0.11, -0.96
Gyro: -2.37, 1.13, -1.41
Accel: 0.05, 0.11, -0.98
Gyro: -2.30, 1.60, -1.46
Accel: 0.06, 0.10, -0.96
Gyro: -1.85, 1.66, -1.89
Accel: 0.06, 0.10, -0.96
Gyro: -1.55, 0.89, -2.42
Accel: 0.05, 0.11, -0.95
Gyro: -1.22, 0.33, -2.36
Accel: 0.06, 0.11, -0.96
Gyro: -1.12, 0.04, -1.97
Accel: 0.06, 0.10, -0.94
Gyro: -1.69, -0.29, -2.30
Accel: 0.05, 0.11, -0.96
Gyro: -1.82, -1.42, -1.97
Accel: 0.05, 0.12, -0.96
Gyro: -1.42, -1.57, -1.56
Accel: 0.05, 0.10, -0.95
Gyro: -1.14, -1.43, -1.11
Accel: 0.04, 0.11, -0.95
Gyro: -1.29, -1.97, -1.27
Accel: 0.04, 0.11, -0.97
Gyro: -1.13, -2.67, -1.44
Accel: 0.04, 0.09, -0.96
Gyro: -1.41, -1.66, -1.81
Accel: 0.03, 0.09, -0.96
Gyro: -1.84, -1.06, -2.46
Accel: 0.04, 0.11, -0.97
Gyro: -1.93, -0.38, -2.69
Accel: 0.04, 0.11, -0.97
Gyro: -1.73, 0.32, -2.47
Accel: 0.05, 0.10, -0.96
Gyro: -1.75, 0.47, -2.56
Accel: 0.04, 0.10, -0.96
Gyro: -2.24, 0.46, -2.62
Accel: 0.04, 0.11, -0.97
Gyro: -1.99, 1.01, -2.17
Accel: 0.05, 0.10, -0.95
Gyro: -1.94, 1.32, -1.92
Accel: 0.05, 0.10, -0.95
Gyro: -2.10, 0.90, -1.88
Accel: 0.05, 0.10, -0.95
Gyro: -2.13, 0.15, -1.96
Accel: 0.06, 0.11, -0.96
Gyro: -2.15, -0.35, -2.07
Accel: 0.05, 0.11, -0.96
Gyro: -1.85, -0.66, -1.90
Accel: 0.05, 0.10, -0.96
Gyro: -1.70, -0.53, -1.98
