Accel: 0.05, 0.08, -0.97
Gyro: -2.24, -0.08, -1.93
Accel: 0.05, 0.08, -0.96
Gyro: -2.27, 0.22, -1.89
Accel: 0.05, 0.08, -0.96
Gyro: -1.75, -0.24, -1.30
Accel: 0.05, 0.07, -0.97
Gyro: -2.07, -0.67, -1.51
Accel: 0.04, 0.07, -0.97
Gyro: -2.37, -0.31, -1.40
Accel: 0.04, 0.09, -0.95
Gyro: -2.43, -0.54, -1.56
Accel: 0.04, 0.08, -0.97
Gyro: -1.90, -0.48, -1.43
Accel: 0.05, 0.08, -0.97
Gyro: -1.72, 0.31, -1.16
Accel: 0.05, 0.07, -0.96
Gyro: -1.83, 0.61, -1.22
Accel: 0.05, 0.07, -0.96
Gyro: -1.81, 0.18, -1.62
Accel: 0.05, 0.07, -0.96
Gyro: -1.66, -0.38, -1.92
Accel: 0.05, 0.07, -0.95
Gyro: -1.82, -0.21, -3.16
Accel: 0.05, 0.06, -0.96
Gyro: -1.20, 0.45, -3.88
Accel: 0.05, 0.05, -0.96
Gyro: -2.34, -0.11, -4.82
Accel: 0.05, 0.04, -0.96
Gyro: -3.57, -0.41, -6.62
Accel: 0.04, 0.02, -0.98
Gyro: -4.22, 0.60, -10.65
Accel: 0.04, 0.00, -0.97
Gyro: -3.49, 2.73, -18.17
Accel: 0.04, -0.01, -0.98
Gyro: 0.53, 3.94, -30.83
Accel: 0.02, -0.08, -0.99
Gyro: 5.85, 5.77, -48.19
Accel: 0.02, -0.05, -0.99
Gyro: 11.62, 10.21, -69.37
Accel: 0.02, -0.06, -1.01
Gyro: 18.96, 12.66, -86.60
Accel: 0.01, -0.08, -1.00
Gyro: 22.54, 15.98, -105.21
Accel: 0.01, -0.00, -0.97
Gyro: 23.57, 17.79, -115.95
Accel: 0.01, -0.06, -0.97
Gyro: 25.50, 18.17, -122.78
Accel: 0.02, -0.04, -0.98
Gyro: 20.97, 20.69, -131.98
Accel: 0.03, -0.01, -0.96
Gyro: 23.35, 21.02, -136.54
Accel: 0.04, -0.01, -0.98
Gyro: 20.04, 21.39, -141.67
Accel: 0.04, 0.12, -0.96
Gyro: 18.69, 22.93, -136.52
Accel: 0.06, 0.07, -0.97
Gyro: 25.77, 23.99, -124.40
Accel: 0.09, 0.08, -1.00
Gyro: 20.45, 30.11, -122.63
Accel: 0.15, 0.25, -0.94
Gyro: 13.72, 26.62, -96.69
Accel: 0.21, 0.16, -0.90
Gyro: -3.83, 19.62, -65.77
Accel: 0.23, 0.19, -0.85
Gyro: -8.39, 9.32, -39.59
Accel: 0.19, 0.09, -0.92
Gyro: -13.98, 0.18, -24.02
Accel: 0.18, 0.11, -0.95
Gyro: -13.49, 0.86, -16.45
Accel: 0.17, 0.14, -0.97
Gyro: -10.76, -0.47, -7.80
Accel: 0.18, 0.12, -0.94
Gyro: -9.96, 0.79, 0.79
Accel: 0.21, 0.09, -0.94
Gyro: -7.22, 2.23, 7.30
Accel: 0.22, 0.06, -0.90
Gyro: -3.54, -1.27, 5.45
Accel: 0.20, 0.06, -0.94
Gyro: -6.20, -5.18, 5.19
Accel: 0.20, 0.04, -0.95
Gyro: -6.64, -3.07, 6.84
Accel: 0.19, 0.09, -0.93
Gyro: -6.55, -6.04, 5.04
Accel: 0.18, 0.15, -0.95
Gyro: -10.57, -8.67, 13.48
Accel: 0.16, 0.15, -0.97
Gyro: -14.98, -7.21, 27.79
Accel: 0.18, 0.17, -0.93
Gyro: -15.86, -9.11, 38.05
Accel: 0.18, 0.22, -0.90
Gyro: -17.56, -15.53, 54.93
Accel: 0.14, 0.22, -0.93
Gyro: -18.48, -20.25, 76.29
Accel: 0.13, 0.21, -0.95
Gyro: -21.28, -21.32, 93.93
Accel: 0.11, 0.20, -0.95
Gyro: -21.53, -23.06, 110.22
Accel: 0.08, 0.17, -0.93
Gyro: -21.89, -25.50, 121.09
Accel: 0.05, 0.12, -1.00
Gyro: -22.99, -24.40, 126.36
Accel: 0.05, 0.10, -0.98
Gyro: -23.84, -22.09, 130.52
Accel: 0.04, 0.06, -0.98
Gyro: -24.77, -19.77, 127.59
Accel: 0.05, 0.05, -0.97
Gyro: -19.57, -18.03, 124.47
Accel: 0.06, -0.05, -1.00
Gyro: -19.33, -15.11, 113.73
Accel: 0.07, -0.09, -0.97
Gyro: -23.06, -11.54, 90.39
Accel: 0.08, -0.04, -0.97
Gyro: -18.33, -10.75, 69.92
Accel: 0.09, -0.03, -0.98
Gyro: -12.58, -9.37, 51.67
Accel: 0.09, -0.00, -0.97
Gyro: -6.91, -7.56, 34.87
Accel: 0.09, 0.03, -0.97
Gyro: -4.07, -4.88, 26.84
Accel: 0.09, 0.04, -0.97
Gyro: -2.17, -4.09, 20.60
Accel: 0.09, 0.02, -0.95
Gyro: 0.10, -3.38, 12.42
Accel: 0.09, 0.04, -0.96
Gyro: 1.27, -3.27, 5.05
Accel: 0.09, 0.07, -0.97
Gyro: 0.45, -3.72, 1.57
Accel: 0.09, 0.07, -0.96
Gyro: -0.16, -3.68, -0.06
Accel: 0.08, 0.09, -0.96
Gyro: -1.25, -2.79, -0.72
Accel: 0.08, 0.10, -0.96
Gyro: -0.91, -1.97, 0.41
Accel: 0.08, 0.09, -0.97
Gyro: -1.21, -1.08, 1.72
Accel: 0.09, 0.08, -0.95
Gyro: -1.74, -1.42, 1.79
Accel: 0.09, 0.08, -0.95
Gyro: -3.18, -1.48, 0.93
Accel: 0.08, 0.10, -0.97
Gyro: -2.83, -0.82, 1.12
Accel: 0.09, 0.08, -0.96
Gyro: -2.94, 0.21, 0.65
Accel: 0.09, 0.08, -0.96
Gyro: -2.66, 0.29, -0.99
Accel: 0.10, 0.08, -0.96
Gyro: -2.34, 0.09, -2.30
Accel: 0.09, 0.10, -0.96
Gyro: -1.82, 0.17, -2.71
Accel: 0.10, 0.10, -0.95
Gyro: -1.37, 0.46, -2.78
Accel: 0.09, 0.09, -0.95
Gyro: -1.08, 0.24, -3.38
Accel: 0.10, 0.09, -0.96
Gyro: -1.43, -0.24, -3.50
Accel: 0.09, 0.09, -0.97
Gyro: -1.50, -0.09, -3.12
Accel: 0.09, 0.09, -0.95
Gyro: -1.59, -0.37, -2.89
Accel: 0.09, 0.10, -0.96
Gyro: -1.04, -1.30, -2.06
Accel: 0.08, 0.10, -0.97
Gyro: -0.68, -1.49, -0.66
Accel: 0.09, 0.09, -0.96
Gyro: -1.18, -1.01, -0.11
Accel: 0.09, 0.07, -0.97
Gyro: -1.82, -0.35, -0.42
Accel: 0.09, 0.08, -0.96
Gyro: -2.03, -0.18, -0.66
Accel: 0.09, 0.08, -0.96
Gyro: -1.79, -0.67, -0.95
Accel: 0.10, 0.08, -0.96
Gyro: -1.72, -0.92, -1.38
Accel: 0.10, 0.07, -0.96
Gyro: -2.08, -0.92, -1.91
Accel: 0.09, 0.09, -0.96
Gyro: -2.24, -1.05, -1.95
Accel: 0.09, 0.08, -0.97
Gyro: -2.13, -0.84, -1.82
Accel: 0.09, 0.08, -0.95
Gyro: -2.27, -0.88, -1.60
Accel: 0.09, 0.09, -0.96
Gyro: -2.54, -0.75, -1.72
Accel: 0.10, 0.09, -0.96
Gyro: -1.71, -0.76, -1.70
Accel: 0.09, 0.07, -0.96
Gyro: -1.91, -1.32, -2.05
Accel: 0.09, 0.09, -0.96
Gyro: -2.47, -1.69, -2.33
Accel: 0.09, 0.08, -0.96
Gyro: -2.10, -1.65, -1.91
Accel: 0.08, 0.08, -0.96
Gyro: -1.75, -1.47, -2.13
Accel: 0.09, 0.10, -0.96
Gyro: -2.04, -1.85, -2.00
Accel: 0.09, 0.09, -0.97
Gyro: -1.67, -1.42, -0.98
Accel: 0.09, 0.08, -0.96
Gyro: -1.69, -0.85, -1.30
Accel: 0.09, 0.08, -0.96
Gyro: -1.55, -1.34, -1.62
