Accel: 0.00, 0.10, -0.96
Gyro: -1.81, 0.06, -1.23
Accel: -0.00, 0.11, -0.97
Gyro: -1.78, -0.22, -1.17
Accel: 0.00, 0.10, -0.96
Gyro: -1.30, -0.38, -1.52
Accel: 0.01, 0.10, -0.96
Gyro: -1.72, 0.16, -1.93
Accel: 0.01, 0.10, -0.96
Gyro: -2.29, -0.03, -1.86
Accel: 0.01, 0.11, -0.97
Gyro: -2.06, -0.41, -1.44
Accel: -0.00, 0.11, -0.97
Gyro: -1.92, 0.08, -1.27
Accel: 0.01, 0.10, -0.96
Gyro: -2.17, -0.10, -1.04
Accel: 0.01, 0.10, -0.97
Gyro: -2.45, -0.45, -1.08
Accel: 0.00, 0.10, -0.96
Gyro: -1.83, -0.24, -0.97
Accel: 0.01, 0.10, -0.96
Gyro: -2.14, -0.10, -1.39
Accel: 0.00, 0.11, -0.95
Gyro: -1.62, -0.14, -1.20
Accel: 0.01, 0.10, -0.96
Gyro: -1.59, -0.02, -1.10
Accel: 0.01, 0.10, -0.96
Gyro: -1.88, -0.10, -0.99
Accel: 0.01, 0.09, -0.95
Gyro: -1.98, -0.35, -1.34
Accel: 0.01, 0.10, -0.96
Gyro: -2.49, -0.45, -1.88
Accel: 0.00, 0.07, -0.95
Gyro: -2.20, -0.62, -3.08
Accel: 0.01, 0.06, -0.97
Gyro: -2.99, -0.10, -7.64
Accel: 0.01, 0.07, -0.96
Gyro: -2.47, -0.53, -11.23
Accel: 0.00, 0.05, -0.97
Gyro: -2.48, -0.12, -16.35
Accel: -0.00, 0.02, -0.97
Gyro: -1.53, 0.18, -23.08
Accel: -0.01, -0.04, -0.97
Gyro: -1.52, 1.99, -38.88
Accel: -0.00, 0.01, -0.97
Gyro: 0.63, 2.27, -51.94
Accel: -0.02, -0.07, -0.99
Gyro: 2.17, 3.10, -68.31
Accel: -0.05, -0.09, -1.00
Gyro: 3.34, 7.80, -92.33
Accel: -0.05, 0.02, -0.97
Gyro: 6.87, 8.61, -105.72
Accel: -0.06, 0.02, -0.98
Gyro: 13.10, 9.40, -115.32
Accel: -0.07, 0.03, -1.01
Gyro: 14.39, 12.67, -123.02
Accel: -0.07, 0.07, -0.99
Gyro: 14.17, 15.61, -123.98
Accel: -0.04, 0.03, -0.98
Gyro: 13.15, 18.77, -125.76
Accel: -0.04, 0.11, -0.95
Gyro: 12.75, 18.89, -124.11
Accel: -0.04, 0.04, -1.00
Gyro: 15.91, 18.21, -123.30
Accel: -0.02, 0.07, -1.01
Gyro: 10.09, 22.68, -124.93
Accel: -0.01, 0.14, -0.95
Gyro: 12.28, 22.48, -115.35
Accel: 0.00, 0.12, -0.98
Gyro: 12.50, 20.71, -104.61
Accel: 0.04, 0.18, -0.96
Gyro: 7.81, 20.41, -89.20
Accel: 0.09, 0.24, -0.90
Gyro: 0.15, 16.34, -66.38
Accel: 0.09, 0.23, -0.95
Gyro: -1.43, 8.68, -37.12
Accel: 0.09, 0.21, -0.93
Gyro: -8.31, 2.89, -16.56
Accel: 0.08, 0.21, -0.93
Gyro: -9.93, -3.01, 3.20
Accel: 0.07, 0.15, -0.96
Gyro: -12.59, -4.93, 21.82
Accel: 0.07, 0.13, -0.98
Gyro: -14.63, -4.53, 28.98
Accel: 0.08, 0.16, -0.95
Gyro: -13.85, -5.72, 36.91
Accel: 0.07, 0.25, -0.92
Gyro: -16.67, -9.93, 54.45
Accel: 0.08, 0.27, -0.90
Gyro: -13.65, -16.70, 77.21
Accel: 0.04, 0.22, -0.90
Gyro: -9.45, -24.53, 96.42
Accel: 0.01, 0.20, -0.97
Gyro: -13.89, -27.69, 110.97
Accel: -0.02, 0.12, -1.01
Gyro: -13.83, -22.82, 119.93
Accel: -0.03, 0.06, -0.98
Gyro: -18.48, -20.68, 117.52
Accel: -0.06, 0.07, -0.98
Gyro: -10.82, -19.15, 114.65
Accel: -0.02, 0.04, -1.00
Gyro: -8.48, -16.73, 105.32
Accel: -0.05, 0.04, -0.95
Gyro: -10.35, -16.40, 99.20
Accel: -0.04, 0.04, -1.00
Gyro: -8.36, -14.63, 93.84
Accel: -0.04, 0.02, -1.01
Gyro: -9.53, -9.07, 86.28
Accel: -0.04, 0.03, -0.98
Gyro: -12.74, -6.65, 77.66
Accel: -0.03, 0.06, -0.97
Gyro: -14.42, -6.48, 72.36
Accel: -0.02, 0.07, -0.99
Gyro: -13.18, -4.36, 67.75
Accel: -0.01, 0.06, -0.98
Gyro: -11.51, -2.44, 63.22
Accel: -0.00, 0.05, -0.94
Gyro: -10.39, -2.37, 57.29
Accel: 0.01, 0.05, -0.96
Gyro: -7.19, -2.82, 49.50
Accel: 0.02, 0.03, -0.95
Gyro: -3.44, -3.11, 39.10
Accel: 0.02, 0.02, -0.95
Gyro: -1.81, -4.71, 27.87
Accel: 0.01, 0.01, -0.97
Gyro: -1.34, -4.69, 17.36
Accel: 0.02, 0.02, -0.99
Gyro: -2.27, -2.72, 6.82
Accel: 0.02, 0.05, -0.97
Gyro: -2.01, -1.20, -1.13
Accel: 0.02, 0.08, -0.97
Gyro: -2.44, -1.62, -6.41
Accel: 0.01, 0.11, -0.97
Gyro: -1.46, -1.46, -7.58
Accel: 0.02, 0.12, -0.98
Gyro: -0.68, -0.32, -6.66
Accel: 0.01, 0.12, -0.96
Gyro: -0.76, 0.17, -4.97
Accel: 0.03, 0.12, -0.98
Gyro: -1.49, -0.32, -2.94
Accel: 0.02, 0.11, -0.96
Gyro: -1.71, -0.21, -1.64
Accel: 0.02, 0.12, -0.95
Gyro: -1.88, -0.27, -1.86
Accel: 0.01, 0.11, -0.95
Gyro: -1.99, -0.98, -1.86
Accel: 0.01, 0.13, -0.96
Gyro: -1.08, -1.21, -0.80
Accel: 0.02, 0.11, -0.97
Gyro: -0.59, -0.69, -0.73
Accel: 0.02, 0.11, -0.95
Gyro: -1.00, -1.24, -1.66
Accel: 0.01, 0.12, -0.95
Gyro: -1.28, -2.20, -1.69
Accel: 0.01, 0.11, -0.97
Gyro: -1.17, -1.00, -1.56
Accel: 0.02, 0.10, -0.96
Gyro: -1.49, -0.24, -1.73
Accel: 0.02, 0.10, -0.96
Gyro: -1.94, -0.63, -1.85
Accel: 0.01, 0.11, -0.97
Gyro: -2.40, -0.71, -1.61
Accel: 0.01, 0.10, -0.98
Gyro: -2.45, 0.27, -1.79
Accel: 0.02, 0.10, -0.96
Gyro: -2.37, 0.41, -2.68
Accel: 0.02, 0.11, -0.96
Gyro: -2.66, -0.43, -3.06
Accel: 0.02, 0.13, -0.97
Gyro: -2.19, -0.57, -2.48
Accel: 0.02, 0.12, -0.97
Gyro: -1.64, 0.05, -1.83
Accel: 0.02, 0.11, -0.97
Gyro: -1.54, 0.02, -1.75
Accel: 0.03, 0.12, -0.96
Gyro: -1.44, -0.53, -1.59
Accel: 0.02, 0.11, -0.96
Gyro: -1.39, -0.50, -1.25
Accel: 0.02, 0.10, -0.94
Gyro: -1.86, -0.69, -1.50
Accel: 0.02, 0.11, -0.96
Gyro: -1.38, -0.89, -1.47
Accel: 0.01, 0.11, -0.97
Gyro: -1.21, -0.61, -1.54
Accel: 0.01, 0.11, -0.95
Gyro: -0.74, -0.47, -1.21
Accel: 0.02, 0.10, -0.96
Gyro: -1.64, -0.92, -1.19
Accel: 0.01, 0.10, -0.96
Gyro: -2.11, -0.99, -1.35
Accel: 0.01, 0.10, -0.97
Gyro: -2.33, -0.24, -1.85
Accel: 0.02, 0.10, -0.96
Gyro: -2.53, 0.34, -2.17
Accel: 0.02, 0.11, -0.95
Gyro: -2.49, 0.60, -2.37
Accel: 0.01, 0.11, -0.96
Gyro: -2.14, 0.21, -2.14
Accel: 0.02, 0.11, -0.95
Gyro: -1.81, 0.06, -1.75
Accel: 0.02, 0.11, -0.96
Gyro: -2.13, 0.44, -1.88
