Accel: 0.01, 0.11, -0.94
Gyro: -2.20, -0.10, -3.00
Accel: 0.00, 0.13, -0.95
Gyro: -2.30, -0.21, -2.42
Accel: 0.01, 0.11, -0.96
Gyro: -2.38, -1.10, -2.20
Accel: 0.00, 0.12, -0.96
Gyro: -2.11, -0.77, -1.54
Accel: -0.00, 0.11, -0.97
Gyro: -2.01, -0.63, -1.40
Accel: -0.00, 0.11, -0.96
Gyro: -1.92, -0.85, -1.82
Accel: -0.00, 0.12, -0.96
Gyro: -0.80, -0.85, -1.54
Accel: 0.01, 0.11, -0.96
Gyro: -0.94, -0.39, -1.69
Accel: 0.01, 0.11, -0.97
Gyro: -1.55, -0.35, -1.56
Accel: -0.00, 0.12, -0.96
Gyro: -1.71, -0.08, -1.30
Accel: 0.01, 0.10, -0.97
Gyro: -1.89, -0.02, -1.43
Accel: 0.01, 0.10, -0.96
Gyro: -2.38, -0.74, -2.22
Accel: 0.00, 0.09, -0.96
Gyro: -2.65, -1.08, -3.55
Accel: 0.00, 0.03, -0.96
Gyro: -2.45, -0.35, -9.07
Accel: 0.00, -0.00, -0.94
Gyro: -4.34, 0.05, -20.20
Accel: -0.00, -0.04, -0.94
Gyro: -6.03, -2.31, -33.54
Accel: -0.02, -0.06, -0.98
Gyro: -5.31, -2.92, -51.90
Accel: -0.04, -0.08, -1.00
Gyro: -3.25, -0.12, -72.13
Accel: -0.06, -0.05, -0.99
Gyro: 0.76, 4.75, -97.54
Accel: -0.07, -0.02, -0.99
Gyro: 8.35, 8.03, -115.72
Accel: -0.10, -0.05, -1.00
Gyro: 11.60, 9.77, -134.64
Accel: -0.11, 0.05, -1.00
Gyro: 14.67, 12.87, -144.97
Accel: -0.12, 0.01, -1.01
Gyro: 17.76, 16.81, -152.68
Accel: -0.11, 0.05, -1.02
Gyro: 17.66, 23.30, -159.89
Accel: -0.10, -0.01, -1.03
Gyro: 25.69, 28.59, -163.76
Accel: -0.10, -0.02, -1.01
Gyro: 31.11, 37.41, -179.28
Accel: -0.10, 0.02, -0.96
Gyro: 43.11, 32.80, -191.37
Accel: -0.08, 0.18, -0.99
Gyro: 50.30, 31.68, -190.79
Accel: -0.03, 0.33, -1.05
Gyro: 41.01, 33.81, -149.22
Accel: 0.10, 0.29, -0.89
Gyro: -7.59, 34.17, -91.48
Accel: 0.17, 0.28, -0.73
Gyro: -24.72, 6.58, -38.40
Accel: 0.09, 0.06, -0.92
Gyro: -25.25, -14.10, -15.61
Accel: 0.07, 0.05, -1.02
Gyro: -27.53, -11.68, -15.48
Accel: 0.05, 0.09, -1.04
Gyro: -25.09, -7.41, -11.28
Accel: 0.08, 0.15, -0.99
Gyro: -16.20, -3.93, -5.11
Accel: 0.07, 0.20, -0.95
Gyro: -14.12, -3.36, 9.96
Accel: 0.09, 0.21, -0.92
Gyro: -11.99, -3.19, 24.30
Accel: 0.10, 0.24, -0.90
Gyro: -11.80, -10.15, 38.98
Accel: 0.07, 0.35, -0.91
Gyro: -21.35, -20.50, 68.05
Accel: 0.03, 0.35, -0.96
Gyro: -15.72, -24.10, 106.00
Accel: -0.01, 0.27, -0.94
Gyro: -14.38, -27.96, 128.49
Accel: -0.06, 0.21, -0.98
Gyro: -17.36, -28.03, 146.55
Accel: -0.07, 0.13, -1.04
Gyro: -25.93, -25.05, 156.11
Accel: -0.07, 0.11, -0.99
Gyro: -30.33, -23.11, 154.24
Accel: -0.08, 0.05, -0.98
Gyro: -16.69, -20.72, 152.39
Accel: -0.06, -0.06, -1.02
Gyro: -19.07, -17.86, 132.16
Accel: -0.03, 0.03, -0.95
Gyro: -14.24, -13.85, 111.14
Accel: -0.04, 0.03, -0.98
Gyro: -7.18, -12.21, 103.45
Accel: -0.02, -0.01, -0.97
Gyro: -5.93, -9.56, 85.53
Accel: -0.01, 0.07, -0.95
Gyro: -6.12, -9.16, 73.77
Accel: -0.01, 0.10, -0.98
Gyro: -6.23, -10.20, 73.53
Accel: -0.01, 0.06, -0.96
Gyro: -3.63, -9.24, 65.93
Accel: -0.01, 0.10, -0.96
Gyro: -2.61, -8.88, 59.88
Accel: -0.01, 0.06, -0.97
Gyro: 1.87, -8.08, 55.34
Accel: -0.00, 0.03, -0.96
Gyro: 5.74, -6.12, 43.85
Accel: 0.00, 0.03, -0.96
Gyro: 8.77, -5.20, 33.20
Accel: 0.01, 0.03, -0.96
Gyro: 9.27, -5.39, 27.22
Accel: 0.00, -0.00, -0.98
Gyro: 7.48, -5.29, 20.20
Accel: -0.00, 0.01, -0.99
Gyro: 5.15, -2.75, 11.72
Accel: 0.00, 0.02, -0.98
Gyro: 1.91, -0.39, 5.15
Accel: 0.01, 0.04, -0.96
Gyro: 0.01, 0.02, 0.25
Accel: 0.01, 0.06, -0.96
Gyro: -0.82, -0.17, -2.52
Accel: 0.02, 0.06, -0.97
Gyro: -0.61, 0.40, -3.49
Accel: 0.02, 0.07, -0.96
Gyro: -0.81, 0.64, -4.15
Accel: 0.03, 0.07, -0.96
Gyro: -1.29, -0.07, -4.35
Accel: 0.02, 0.08, -0.96
Gyro: -1.68, -0.24, -4.46
Accel: 0.02, 0.09, -0.96
Gyro: -1.35, -0.57, -3.88
Accel: 0.02, 0.09, -0.96
Gyro: -2.23, 0.01, -3.21
Accel: 0.01, 0.09, -0.96
Gyro: -1.66, -0.14, -1.92
Accel: 0.02, 0.08, -0.96
Gyro: -1.86, -0.59, -1.24
Accel: 0.01, 0.09, -0.95
Gyro: -2.38, -1.17, -0.98
Accel: 0.01, 0.09, -0.97
Gyro: -1.69, -0.95, -0.74
Accel: 0.01, 0.09, -0.96
Gyro: -2.11, -0.07, -0.84
Accel: 0.01, 0.09, -0.97
Gyro: -2.27, 0.06, -0.87
Accel: 0.02, 0.08, -0.97
Gyro: -2.21, 0.06, -1.37
Accel: 0.02, 0.08, -0.96
Gyro: -2.40, -0.06, -1.64
Accel: 0.02, 0.09, -0.97
Gyro: -3.08, -0.37, -1.75
Accel: 0.02, 0.09, -0.97
Gyro: -2.42, -0.01, -1.44
Accel: 0.02, 0.08, -0.96
Gyro: -2.32, 0.20, -1.80
Accel: 0.02, 0.08, -0.96
Gyro: -2.47, 0.10, -2.37
Accel: 0.02, 0.08, -0.97
Gyro: -2.15, 0.01, -2.30
Accel: 0.02, 0.09, -0.98
Gyro: -2.21, 0.11, -2.17
Accel: 0.03, 0.09, -0.96
Gyro: -1.96, 0.27, -1.80
Accel: 0.03, 0.08, -0.96
Gyro: -1.68, -0.21, -1.68
Accel: 0.02, 0.09, -0.97
Gyro: -1.58, -0.54, -1.34
Accel: 0.02, 0.08, -0.95
Gyro: -1.89, -0.17, -1.07
Accel: 0.02, 0.09, -0.97
Gyro: -2.01, -0.78, -1.25
Accel: 0.02, 0.08, -0.95
Gyro: -1.77, -1.05, -1.27
Accel: 0.02, 0.08, -0.96
Gyro: -1.65, -1.11, -1.22
Accel: 0.02, 0.09, -0.96
Gyro: -1.50, -1.32, -1.35
Accel: 0.02, 0.08, -0.97
Gyro: -1.91, -1.45, -1.34
Accel: 0.02, 0.08, -0.97
Gyro: -2.43, -1.35, -1.40
Accel: 0.02, 0.08, -0.97
Gyro: -2.45, -1.05, -1.56
Accel: 0.02, 0.09, -0.96
Gyro: -1.88, -0.76, -1.55
Accel: 0.02, 0.09, -0.96
Gyro: -1.71, -0.37, -1.31
Accel: 0.02, 0.08, -0.97
Gyro: -2.37, -0.27, -0.95
Accel: 0.01, 0.08, -0.97
Gyro: -2.54, 0.44, -1.05
Accel: 0.02, 0.08, -0.97
Gyro: -2.51, 0.41, -1.41
Accel: 0.03, 0.08, -0.95
Gyro: -2.40, 0.18, -1.68
Accel: 0.03, 0.09, -0.96
Gyro: -1.76, -0.50, -1.23
Accel: 0.02, 0.08, -0.97
Gyro: -1.59, -0.88, -1.13
