Accel: 0.06, 0.11, -0.96
Gyro: -2.22, -0.62, -2.10
Accel: 0.06, 0.10, -0.96
Gyro: -2.01, -0.56, -1.69
Accel: 0.06, 0.10, -0.96
Gyro: -2.19, -0.40, -1.50
Accel: 0.05, 0.09, -0.95
Gyro: -2.56, -0.91, -1.98
Accel: 0.05, 0.10, -0.97
Gyro: -1.99, -0.42, -2.63
Accel: 0.05, 0.09, -0.96
Gyro: -1.75, 0.23, -2.95
Accel: 0.06, 0.10, -0.95
Gyro: -1.83, 0.48, -3.18
Accel: 0.06, 0.11, -0.95
Gyro: -2.03, -0.76, -3.11
Accel: 0.05, 0.11, -0.96
Gyro: -1.75, -1.46, -2.36
Accel: 0.05, 0.10, -0.97
Gyro: -2.22, -1.24, -1.54
Accel: 0.06, 0.10, -0.96
Gyro: -2.73, -0.83, -1.23
Accel: 0.05, 0.09, -0.96
Gyro: -2.91, -1.11, -1.82
Accel: 0.05, 0.08, -0.96
Gyro: -2.99, -1.06, -3.40
Accel: 0.04, 0.07, -0.96
Gyro: -3.14, -0.52, -6.48
Accel: 0.05, 0.06, -0.97
Gyro: -2.25, -0.28, -10.12
Accel: 0.05, -0.02, -0.98
Gyro: -1.63, 1.11, -19.17
Accel: 0.05, -0.03, -0.96
Gyro: -1.15, 3.19, -34.38
Accel: 0.04, -0.02, -0.97
Gyro: 1.16, 3.75, -50.98
Accel: 0.03, -0.01, -0.97
Gyro: 5.52, 3.97, -66.92
Accel: 0.01, 0.02, -0.99
Gyro: 10.22, 6.05, -80.80
Accel: 0.00, 0.02, -1.00
Gyro: 15.71, 8.50, -92.65
Accel: -0.00, 0.01, -1.00
Gyro: 20.11, 11.82, -103.10
Accel: -0.02, 0.00, -1.00
Gyro: 21.91, 15.84, -114.31
Accel: -0.02, -0.01, -1.00
Gyro: 23.63, 19.58, -124.49
Accel: -0.01, 0.04, -1.02
Gyro: 21.35, 24.72, -129.24
Accel: 0.01, 0.04, -0.99
Gyro: 22.88, 28.44, -131.87
Accel: 0.03, 0.12, -0.95
Gyro: 24.34, 29.96, -127.72
Accel: 0.06, 0.13, -0.97
Gyro: 21.69, 27.37, -115.91
Accel: 0.09, 0.18, -0.97
Gyro: 17.02, 28.69, -101.35
Accel: 0.13, 0.19, -0.88
Gyro: 12.06, 25.99, -80.32
Accel: 0.17, 0.17, -0.91
Gyro: 2.14, 17.12, -60.53
Accel: 0.19, 0.15, -0.90
Gyro: -5.42, 8.87, -42.30
Accel: 0.19, 0.17, -0.87
Gyro: -3.54, -1.06, -25.22
Accel: 0.16, 0.10, -0.93
Gyro: -7.68, -2.05, -14.18
Accel: 0.15, 0.10, -0.92
Gyro: -10.36, -4.81, -7.74
Accel: 0.15, 0.09, -0.99
Gyro: -8.89, -4.27, -1.49
Accel: 0.15, 0.08, -0.97
Gyro: -10.08, -1.27, 1.82
Accel: 0.16, 0.08, -0.95
Gyro: -6.42, -2.09, 2.27
Accel: 0.16, 0.10, -0.96
Gyro: -4.41, -1.21, 3.09
Accel: 0.15, 0.11, -0.93
Gyro: -4.33, -2.23, 8.64
Accel: 0.15, 0.13, -0.95
Gyro: -6.36, -3.85, 15.46
Accel: 0.16, 0.16, -0.94
Gyro: -8.80, -6.44, 24.69
Accel: 0.15, 0.23, -0.92
Gyro: -13.01, -10.32, 40.21
Accel: 0.13, 0.29, -0.92
Gyro: -17.40, -16.14, 65.11
Accel: 0.11, 0.29, -0.89
Gyro: -15.34, -20.05, 92.32
Accel: 0.10, 0.23, -0.92
Gyro: -15.67, -26.57, 113.66
Accel: 0.05, 0.21, -0.92
Gyro: -15.98, -30.36, 130.09
Accel: 0.02, 0.15, -0.97
Gyro: -17.78, -31.16, 142.10
Accel: -0.01, 0.06, -0.99
Gyro: -20.79, -27.76, 143.74
Accel: 0.01, 0.03, -0.96
Gyro: -14.02, -22.42, 135.70
Accel: -0.01, 0.01, -0.99
Gyro: -14.33, -22.16, 129.45
Accel: 0.01, -0.06, -1.01
Gyro: -22.96, -20.16, 118.13
Accel: 0.01, -0.05, -0.98
Gyro: -26.65, -17.52, 99.52
Accel: 0.02, -0.00, -0.99
Gyro: -25.34, -16.30, 85.47
Accel: 0.01, -0.04, -1.00
Gyro: -20.65, -13.03, 69.71
Accel: 0.02, -0.04, -1.00
Gyro: -13.55, -7.71, 48.04
Accel: 0.03, -0.01, -0.98
Gyro: -6.71, -5.46, 29.51
Accel: 0.03, 0.03, -0.94
Gyro: -1.04, -5.23, 16.86
Accel: 0.03, 0.05, -0.98
Gyro: 2.82, -4.95, 8.50
Accel: 0.03, 0.06, -0.96
Gyro: 6.39, -3.33, 2.63
Accel: 0.03, 0.07, -0.97
Gyro: 5.36, -3.14, -1.28
Accel: 0.03, 0.08, -0.97
Gyro: 2.20, -2.63, -3.45
Accel: 0.04, 0.08, -0.96
Gyro: 0.92, -2.37, -4.32
Accel: 0.04, 0.09, -0.96
Gyro: -0.18, -2.32, -4.49
Accel: 0.02, 0.08, -0.97
Gyro: -0.69, -1.76, -4.18
Accel: 0.03, 0.09, -0.97
Gyro: -1.31, -1.15, -4.13
Accel: 0.03, 0.09, -0.97
Gyro: -2.14, -0.20, -3.84
Accel: 0.04, 0.09, -0.97
Gyro: -2.74, 0.73, -3.59
Accel: 0.04, 0.09, -0.97
Gyro: -3.11, 1.75, -3.43
Accel: 0.04, 0.10, -0.96
Gyro: -3.01, 1.46, -3.52
Accel: 0.05, 0.11, -0.96
Gyro: -2.17, 1.27, -3.02
Accel: 0.05, 0.10, -0.96
Gyro: -1.67, 0.85, -2.54
Accel: 0.05, 0.09, -0.96
Gyro: -1.82, 0.34, -2.98
Accel: 0.05, 0.09, -0.96
Gyro: -1.75, 0.02, -2.78
Accel: 0.04, 0.10, -0.97
Gyro: -1.49, 0.49, -2.72
Accel: 0.05, 0.09, -0.96
Gyro: -1.32, 0.60, -2.53
Accel: 0.04, 0.10, -0.95
Gyro: -1.80, -0.81, -2.37
Accel: 0.04, 0.10, -0.96
Gyro: -1.57, -1.01, -1.30
Accel: 0.05, 0.08, -0.97
Gyro: 0.67, 0.36, -3.11
Accel: 0.05, 0.06, -0.95
Gyro: 2.33, -0.07, -7.19
Accel: 0.05, 0.10, -0.95
Gyro: 2.89, -2.40, -8.77
Accel: 0.04, 0.10, -0.97
Gyro: 2.37, -2.59, -7.21
Accel: 0.04, 0.10, -0.97
Gyro: 0.43, -1.34, -4.49
Accel: 0.04, 0.08, -0.96
Gyro: -1.78, -0.86, -2.56
Accel: 0.04, 0.09, -0.97
Gyro: -2.47, -1.00, -0.97
Accel: 0.03, 0.08, -0.97
Gyro: -3.05, -0.56, -0.85
Accel: 0.04, 0.08, -0.97
Gyro: -3.19, -0.03, -0.94
Accel: 0.04, 0.09, -0.97
Gyro: -3.13, -0.02, -0.87
Accel: 0.05, 0.09, -0.96
Gyro: -2.45, 0.28, -0.60
Accel: 0.05, 0.08, -0.96
Gyro: -2.04, 0.98, -0.51
Accel: 0.05, 0.07, -0.95
Gyro: -2.33, 0.21, -1.20
Accel: 0.06, 0.08, -0.95
Gyro: -2.75, -1.11, -1.59
Accel: 0.04, 0.09, -0.97
Gyro: -2.57, -1.85, -1.75
Accel: 0.04, 0.09, -0.95
Gyro: -2.37, -1.63, -1.93
Accel: 0.04, 0.08, -0.97
Gyro: -2.65, -1.77, -2.07
Accel: 0.04, 0.09, -0.97
Gyro: -2.66, -1.47, -1.82
Accel: 0.04, 0.09, -0.97
Gyro: -2.42, -0.72, -1.56
Accel: 0.04, 0.08, -0.96
Gyro: -2.37, -0.37, -1.76
Accel: 0.03, 0.09, -0.97
Gyro: -2.48, -0.82, -1.94
Accel: 0.04, 0.09, -0.96
Gyro: -2.56, -0.67, -1.60
Accel: 0.04, 0.09, -0.96
Gyro: -2.48, -0.34, -1.97
