Accel: 0.03, 0.12, -0.97
Gyro: -1.46, 0.46, -1.27
Accel: 0.02, 0.10, -0.96
Gyro: -1.93, 0.40, -1.00
Accel: 0.02, 0.11, -0.97
Gyro: -2.10, 0.13, -1.21
Accel: 0.03, 0.11, -0.96
Gyro: -1.95, -0.19, -1.23
Accel: 0.02, 0.10, -0.96
Gyro: -1.95, -0.10, -1.48
Accel: 0.03, 0.10, -0.95
Gyro: -1.42, 0.03, -1.39
Accel: 0.02, 0.10, -0.96
Gyro: -1.40, 0.12, -1.43
Accel: 0.03, 0.11, -0.96
Gyro: -1.66, -0.28, -1.33
Accel: 0.02, 0.09, -0.96
Gyro: -1.74, -0.45, -1.27
Accel: 0.02, 0.10, -0.96
Gyro: -2.14, -0.61, -1.39
Accel: 0.03, 0.10, -0.96
Gyro: -2.27, -0.83, -1.59
Accel: 0.02, 0.10, -0.96
Gyro: -1.91, -0.82, -1.88
Accel: 0.02, 0.10, -0.95
Gyro: -1.90, -0.69, -2.62
Accel: 0.02, 0.06, -0.96
Gyro: -2.60, -0.85, -5.95
Accel: 0.03, 0.05, -0.96
Gyro: -3.79, -0.39, -12.24
Accel: 0.02, 0.00, -0.97
Gyro: -4.39, -0.64, -19.41
Accel: 0.01, -0.06, -0.98
Gyro: -9.12, 1.79, -37.66
Accel: 0.01, 0.05, -0.97
Gyro: -6.45, 2.40, -51.05
Accel: 0.00, 0.03, -0.97
Gyro: -0.58, 2.76, -60.20
Accel: -0.01, 0.02, -0.97
Gyro: 3.85, 3.25, -71.54
Accel: -0.03, -0.02, -0.98
Gyro: 7.26, 5.89, -86.43
Accel: -0.03, -0.02, -0.99
Gyro: 9.03, 8.67, -103.25
Accel: -0.05, -0.04, -0.99
Gyro: 13.68, 10.55, -118.19
Accel: -0.06, -0.02, -1.02
Gyro: 16.78, 14.26, -135.91
Accel: -0.06, 0.07, -0.99
Gyro: 21.48, 18.57, -145.58
Accel: -0.07, 0.09, -1.00
Gyro: 23.80, 21.12, -143.92
Accel: -0.05, 0.13, -1.03
Gyro: 22.49, 24.57, -137.35
Accel: -0.01, 0.16, -1.00
Gyro: 20.90, 29.35, -124.29
Accel: 0.01, 0.14, -0.95
Gyro: 19.68, 30.75, -111.33
Accel: 0.04, 0.14, -0.91
Gyro: 18.32, 24.36, -102.29
Accel: 0.07, 0.22, -0.92
Gyro: 13.05, 19.49, -83.76
Accel: 0.11, 0.23, -0.90
Gyro: 4.97, 13.81, -53.09
Accel: 0.13, 0.12, -0.89
Gyro: -10.39, 7.38, -36.19
Accel: 0.11, 0.12, -0.89
Gyro: -11.09, -1.57, -23.77
Accel: 0.11, 0.09, -0.98
Gyro: -10.20, -6.48, -17.69
Accel: 0.10, 0.14, -0.95
Gyro: -7.61, -6.28, -9.46
Accel: 0.08, 0.12, -0.98
Gyro: -9.23, -5.87, 1.61
Accel: 0.09, 0.11, -0.96
Gyro: -7.86, -3.73, 6.71
Accel: 0.08, 0.17, -0.98
Gyro: -8.65, -5.84, 15.96
Accel: 0.07, 0.21, -0.98
Gyro: -12.14, -5.91, 31.27
Accel: 0.09, 0.25, -0.92
Gyro: -10.64, -8.65, 49.04
Accel: 0.08, 0.28, -0.89
Gyro: -11.38, -18.30, 72.39
Accel: 0.03, 0.18, -0.93
Gyro: -13.31, -24.04, 95.34
Accel: 0.01, 0.16, -0.99
Gyro: -29.13, -22.64, 106.76
Accel: -0.00, 0.13, -1.00
Gyro: -32.07, -21.92, 115.83
Accel: -0.02, 0.08, -0.99
Gyro: -38.14, -17.95, 118.54
Accel: -0.03, 0.14, -1.00
Gyro: -35.45, -15.83, 117.49
Accel: -0.01, 0.08, -0.97
Gyro: -23.64, -11.96, 112.18
Accel: -0.00, 0.13, -0.96
Gyro: -28.38, -11.76, 107.78
Accel: -0.00, 0.11, -0.96
Gyro: -19.75, -13.63, 106.11
Accel: 0.01, 0.06, -0.95
Gyro: -15.88, -12.73, 94.46
Accel: 0.02, 0.12, -0.96
Gyro: -16.14, -12.83, 84.20
Accel: 0.02, 0.17, -0.97
Gyro: -15.45, -13.51, 81.56
Accel: 0.03, 0.12, -0.96
Gyro: -13.47, -12.40, 77.35
Accel: 0.03, 0.10, -0.95
Gyro: -10.67, -11.20, 68.28
Accel: 0.03, 0.10, -0.94
Gyro: -7.05, -12.04, 59.52
Accel: 0.03, 0.08, -0.96
Gyro: -1.56, -12.18, 50.30
Accel: 0.03, 0.05, -0.97
Gyro: 3.71, -10.48, 36.19
Accel: 0.04, 0.05, -0.97
Gyro: 5.45, -7.93, 21.74
Accel: 0.03, 0.08, -0.96
Gyro: 6.24, -6.91, 11.11
Accel: 0.02, 0.10, -0.97
Gyro: 7.10, -5.99, 4.23
Accel: 0.02, 0.10, -0.96
Gyro: 7.13, -3.90, -0.37
Accel: 0.03, 0.11, -0.96
Gyro: 6.16, -2.92, -3.55
Accel: 0.02, 0.12, -0.96
Gyro: 4.84, -2.78, -5.00
Accel: 0.02, 0.12, -0.96
Gyro: 3.96, -2.01, -4.90
Accel: 0.02, 0.11, -0.96
Gyro: 2.91, -1.35, -4.68
Accel: 0.02, 0.12, -0.96
Gyro: 2.22, -1.09, -4.78
Accel: 0.02, 0.13, -0.96
Gyro: 1.26, -1.00, -3.64
Accel: 0.02, 0.13, -0.96
Gyro: 0.98, -1.06, -1.96
Accel: 0.02, 0.12, -0.96
Gyro: 0.89, -0.44, -0.85
Accel: 0.02, 0.13, -0.96
Gyro: 0.28, -0.12, 0.04
Accel: 0.02, 0.13, -0.96
Gyro: -0.04, 0.66, 1.37
Accel: 0.03, 0.12, -0.96
Gyro: -0.30, 1.37, 2.37
Accel: 0.03, 0.11, -0.96
Gyro: -0.40, 1.66, 2.57
Accel: 0.04, 0.12, -0.94
Gyro: -0.40, 0.91, 2.59
Accel: 0.04, 0.11, -0.95
Gyro: -0.56, -0.04, 2.59
Accel: 0.04, 0.11, -0.96
Gyro: -0.44, -0.66, 2.27
Accel: 0.04, 0.10, -0.96
Gyro: -0.75, -0.85, 1.17
Accel: 0.04, 0.12, -0.96
Gyro: -0.78, -1.17, 0.22
Accel: 0.04, 0.10, -0.96
Gyro: -0.50, -1.30, 0.08
Accel: 0.04, 0.11, -0.95
Gyro: -0.54, -0.85, -0.60
Accel: 0.03, 0.11, -0.95
Gyro: -0.24, -1.08, -0.66
Accel: 0.04, 0.11, -0.95
Gyro: -0.82, -1.59, -0.89
Accel: 0.03, 0.12, -0.96
Gyro: -0.61, -1.83, -0.40
Accel: 0.03, 0.10, -0.97
Gyro: -1.05, -1.17, -0.52
Accel: 0.03, 0.10, -0.97
Gyro: -1.43, -0.94, -1.01
Accel: 0.03, 0.10, -0.95
Gyro: -1.84, -0.97, -1.32
Accel: 0.03, 0.10, -0.96
Gyro: -1.72, -0.53, -1.61
Accel: 0.03, 0.10, -0.95
Gyro: -1.37, -0.96, -1.94
Accel: 0.03, 0.11, -0.96
Gyro: -1.56, -1.01, -1.91
Accel: 0.03, 0.11, -0.97
Gyro: -1.05, -0.74, -0.91
Accel: 0.03, 0.11, -0.96
Gyro: -1.73, -0.44, -0.77
Accel: 0.03, 0.10, -0.96
Gyro: -1.79, 0.18, -0.56
Accel: 0.03, 0.11, -0.97
Gyro: -1.59, 0.03, -0.83
Accel: 0.04, 0.10, -0.95
Gyro: -1.08, 0.06, -1.20
Accel: 0.03, 0.11, -0.96
Gyro: -1.20, -0.21, -1.19
Accel: 0.04, 0.12, -0.97
Gyro: -0.95, 0.04, -0.30
Accel: 0.04, 0.09, -0.96
Gyro: -1.16, 0.36, 0.19
Accel: 0.04, 0.10, -0.96
Gyro: -1.43, -0.49, -0.01
Accel: 0.04, 0.10, -0.96
Gyro: -1.42, -0.77, -0.19
Accel: 0.04, 0.10, -0.96
Gyro: -1.98, -0.98, -0.98
