Accel: 0.05, 0.10, -0.96
Gyro: -2.00, -0.54, -3.01
Accel: 0.05, 0.10, -0.95
Gyro: -2.48, -0.18, -3.16
Accel: 0.04, 0.11, -0.96
Gyro: -2.55, -0.20, -2.78
Accel: 0.05, 0.10, -0.96
Gyro: -2.49, -0.25, -2.62
Accel: 0.04, 0.11, -0.97
Gyro: -2.49, -0.53, -2.34
Accel: 0.05, 0.11, -0.96
Gyro: -2.73, -0.43, -2.33
Accel: 0.04, 0.11, -0.96
Gyro: -2.02, 0.09, -2.18
Accel: 0.05, 0.09, -0.96
Gyro: -2.08, 0.64, -3.04
Accel: 0.05, 0.07, -0.96
Gyro: -2.14, 0.60, -5.52
Accel: 0.05, 0.01, -0.97
Gyro: -1.72, 0.24, -11.52
Accel: 0.04, -0.02, -0.98
Gyro: -0.67, 2.21, -27.69
Accel: 0.04, -0.03, -0.97
Gyro: 1.95, 3.17, -42.79
Accel: 0.02, -0.07, -0.98
Gyro: 5.20, 4.07, -63.72
Accel: 0.01, -0.02, -0.99
Gyro: 9.54, 6.45, -82.01
Accel: 0.01, -0.00, -0.97
Gyro: 14.40, 8.33, -95.38
Accel: 0.00, 0.03, -0.98
Gyro: 16.24, 9.28, -105.34
Accel: 0.01, 0.05, -0.98
Gyro: 15.85, 10.84, -110.40
Accel: 0.00, 0.03, -0.97
Gyro: 16.27, 10.91, -113.46
Accel: 0.00, 0.07, -0.98
Gyro: 14.99, 12.14, -115.91
Accel: 0.02, 0.06, -0.98
Gyro: 13.84, 13.92, -115.22
Accel: 0.03, 0.07, -0.99
Gyro: 14.15, 15.04, -113.82
Accel: 0.03, 0.11, -0.94
Gyro: 16.68, 15.22, -108.56
Accel: 0.04, 0.15, -0.97
Gyro: 13.24, 13.64, -99.15
Accel: 0.05, 0.13, -0.99
Gyro: 12.60, 14.60, -83.74
Accel: 0.07, 0.17, -0.98
Gyro: 3.76, 14.51, -67.83
Accel: 0.10, 0.17, -0.94
Gyro: -3.52, 11.39, -48.94
Accel: 0.11, 0.08, -0.96
Gyro: -4.43, 9.03, -37.63
Accel: 0.12, 0.16, -0.93
Gyro: -8.13, 3.97, -31.39
Accel: 0.10, 0.17, -0.94
Gyro: -6.38, 2.08, -18.65
Accel: 0.10, 0.18, -0.94
Gyro: -8.90, 0.19, -4.20
Accel: 0.11, 0.14, -0.93
Gyro: -7.18, -2.30, 7.67
Accel: 0.11, 0.07, -0.95
Gyro: -6.73, -3.73, 10.16
Accel: 0.11, 0.05, -0.95
Gyro: -4.21, -3.85, 8.69
Accel: 0.10, 0.07, -0.96
Gyro: -3.91, -4.12, 6.94
Accel: 0.09, 0.11, -0.97
Gyro: -4.34, -4.48, 9.85
Accel: 0.09, 0.15, -0.96
Gyro: -5.61, -4.43, 16.91
Accel: 0.10, 0.17, -0.94
Gyro: -7.41, -5.26, 27.24
Accel: 0.10, 0.22, -0.93
Gyro: -9.57, -8.68, 43.15
Accel: 0.09, 0.20, -0.94
Gyro: -10.56, -12.63, 61.71
Accel: 0.07, 0.19, -0.91
Gyro: -9.57, -15.99, 76.51
Accel: 0.05, 0.19, -0.94
Gyro: -13.64, -18.93, 91.54
Accel: 0.05, 0.18, -0.96
Gyro: -15.33, -22.76, 106.44
Accel: 0.02, 0.13, -0.96
Gyro: -17.34, -22.75, 116.85
Accel: -0.01, 0.14, -0.99
Gyro: -14.31, -19.45, 125.28
Accel: -0.01, 0.04, -1.00
Gyro: -15.01, -15.19, 127.56
Accel: -0.02, -0.01, -0.99
Gyro: -22.97, -12.71, 117.67
Accel: -0.00, 0.04, -0.98
Gyro: -25.46, -11.21, 107.25
Accel: 0.01, 0.03, -0.98
Gyro: -23.51, -11.16, 100.55
Accel: 0.02, 0.01, -0.96
Gyro: -21.01, -10.86, 86.51
Accel: 0.02, 0.05, -0.96
Gyro: -17.54, -10.93, 74.35
Accel: 0.02, 0.06, -0.97
Gyro: -13.87, -11.36, 66.12
Accel: 0.03, 0.06, -0.97
Gyro: -10.77, -10.89, 57.63
Accel: 0.04, 0.05, -0.97
Gyro: -6.61, -9.21, 47.07
Accel: 0.03, 0.03, -0.97
Gyro: -3.29, -8.19, 36.44
Accel: 0.03, 0.05, -0.96
Gyro: -2.71, -6.99, 25.44
Accel: 0.03, 0.05, -0.96
Gyro: -1.42, -6.23, 15.21
Accel: 0.03, 0.06, -0.97
Gyro: 0.95, -5.55, 5.59
Accel: 0.03, 0.07, -0.96
Gyro: 2.32, -5.31, -1.65
Accel: 0.03, 0.09, -0.97
Gyro: 3.70, -4.50, -5.86
Accel: 0.03, 0.11, -0.96
Gyro: 4.52, -3.42, -7.80
Accel: 0.02, 0.11, -0.97
Gyro: 3.73, -2.09, -8.00
Accel: 0.02, 0.11, -0.96
Gyro: 2.44, -1.24, -7.68
Accel: 0.02, 0.11, -0.96
Gyro: 1.46, -0.57, -7.24
Accel: 0.02, 0.12, -0.96
Gyro: 1.91, -0.08, -6.35
Accel: 0.03, 0.12, -0.97
Gyro: 1.81, -0.09, -5.39
Accel: 0.03, 0.11, -0.96
Gyro: 1.15, 0.17, -4.17
Accel: 0.03, 0.10, -0.97
Gyro: 0.14, 0.53, -3.22
Accel: 0.03, 0.10, -0.96
Gyro: -0.96, 0.47, -2.53
Accel: 0.03, 0.09, -0.95
Gyro: -2.25, 0.00, -2.55
Accel: 0.03, 0.12, -0.97
Gyro: -2.20, -0.22, -2.01
Accel: 0.03, 0.10, -0.97
Gyro: -1.83, 0.07, -1.88
Accel: 0.03, 0.10, -0.96
Gyro: -1.65, 0.53, -1.99
Accel: 0.03, 0.10, -0.96
Gyro: -1.15, 0.09, -2.11
Accel: 0.03, 0.10, -0.96
Gyro: -0.88, 0.01, -2.40
Accel: 0.03, 0.10, -0.96
Gyro: -0.91, 0.53, -2.57
Accel: 0.03, 0.10, -0.97
Gyro: -1.01, 0.42, -2.56
Accel: 0.04, 0.09, -0.96
Gyro: -1.41, 0.66, -2.52
Accel: 0.04, 0.10, -0.95
Gyro: -1.78, 0.21, -2.08
Accel: 0.04, 0.10, -0.95
Gyro: -1.87, -0.25, -1.98
Accel: 0.04, 0.09, -0.96
Gyro: -2.05, -0.47, -1.74
Accel: 0.03, 0.10, -0.96
Gyro: -2.30, -0.83, -1.76
Accel: 0.03, 0.10, -0.96
Gyro: -2.35, -0.72, -1.66
Accel: 0.03, 0.09, -0.96
Gyro: -2.56, -0.60, -2.03
Accel: 0.04, 0.10, -0.96
Gyro: -2.02, -0.34, -2.27
Accel: 0.04, 0.10, -0.96
Gyro: -1.88, -0.27, -2.33
Accel: 0.03, 0.10, -0.96
Gyro: -1.49, -0.41, -2.52
Accel: 0.04, 0.10, -0.96
Gyro: -1.33, -1.10, -2.52
Accel: 0.03, 0.11, -0.96
Gyro: -1.65, -1.04, -2.35
Accel: 0.03, 0.09, -0.97
Gyro: -1.96, -0.37, -2.20
Accel: 0.04, 0.10, -0.96
Gyro: -2.38, -0.39, -2.24
Accel: 0.04, 0.10, -0.96
Gyro: -2.24, -0.48, -2.27
Accel: 0.03, 0.10, -0.96
Gyro: -1.72, -0.32, -2.30
Accel: 0.03, 0.10, -0.97
Gyro: -1.50, -0.53, -2.18
Accel: 0.04, 0.11, -0.95
Gyro: -1.77, -0.72, -2.31
Accel: 0.03, 0.10, -0.97
Gyro: -1.71, -0.91, -2.57
Accel: 0.02, 0.09, -0.96
Gyro: -1.91, -0.50, -2.88
Accel: 0.03, 0.10, -0.96
Gyro: -2.21, 0.04, -2.94
Accel: 0.03, 0.10, -0.96
Gyro: -1.98, 0.20, -3.11
Accel: 0.04, 0.10, -0.95
Gyro: -1.54, 0.37, -2.75
Accel: 0.04, 0.10, -0.96
Gyro: -1.40, -0.15, -2.79
Accel: 0.03, 0.10, -0.96
Gyro: -1.98, -0.20, -2.66
