Accel: 0.05, 0.11, -0.97
Gyro: -2.05, -0.72, -3.11
Accel: 0.05, 0.11, -0.96
Gyro: -1.89, -0.46, -2.69
Accel: 0.05, 0.09, -0.97
Gyro: -2.16, 0.41, -2.43
Accel: 0.05, 0.10, -0.96
Gyro: -2.78, 0.21, -2.62
Accel: 0.05, 0.10, -0.97
Gyro: -2.48, 0.37, -2.29
Accel: 0.05, 0.10, -0.96
Gyro: -2.18, 0.92, -2.41
Accel: 0.05, 0.10, -0.95
Gyro: -2.01, 0.89, -2.82
Accel: 0.05, 0.10, -0.94
Gyro: -2.00, 0.08, -3.55
Accel: 0.05, 0.09, -0.96
Gyro: -1.97, 0.21, -3.98
Accel: 0.06, 0.08, -0.95
Gyro: -2.11, 0.04, -5.27
Accel: 0.05, 0.03, -0.97
Gyro: -3.20, 0.34, -11.06
Accel: 0.06, 0.01, -0.96
Gyro: -2.02, 1.36, -21.48
Accel: 0.04, -0.04, -0.97
Gyro: 0.34, 2.62, -35.70
Accel: 0.04, -0.03, -0.98
Gyro: 2.59, 4.00, -54.83
Accel: 0.04, -0.01, -0.96
Gyro: 7.12, 4.84, -68.98
Accel: 0.02, -0.04, -0.99
Gyro: 9.67, 7.35, -86.51
Accel: 0.02, -0.00, -0.98
Gyro: 10.77, 9.74, -99.75
Accel: 0.00, -0.01, -0.98
Gyro: 12.78, 10.86, -110.00
Accel: 0.00, 0.00, -1.00
Gyro: 12.72, 13.76, -121.77
Accel: 0.01, 0.08, -0.99
Gyro: 13.16, 15.95, -125.02
Accel: 0.01, 0.07, -0.98
Gyro: 15.06, 16.59, -123.39
Accel: 0.02, 0.13, -0.97
Gyro: 13.41, 17.49, -118.76
Accel: 0.04, 0.16, -0.97
Gyro: 12.06, 18.04, -108.95
Accel: 0.05, 0.17, -0.97
Gyro: 6.80, 17.25, -93.75
Accel: 0.06, 0.12, -0.98
Gyro: -0.45, 17.62, -82.53
Accel: 0.08, 0.17, -0.94
Gyro: -6.82, 17.34, -72.85
Accel: 0.11, 0.18, -0.94
Gyro: -7.19, 11.94, -59.97
Accel: 0.11, 0.23, -0.94
Gyro: -12.50, 6.55, -44.72
Accel: 0.13, 0.22, -0.94
Gyro: -13.91, 2.96, -27.48
Accel: 0.13, 0.21, -0.93
Gyro: -9.38, 1.36, -11.60
Accel: 0.13, 0.16, -0.94
Gyro: -11.89, 1.32, -4.37
Accel: 0.13, 0.16, -0.94
Gyro: -7.00, -1.53, -0.61
Accel: 0.12, 0.16, -0.95
Gyro: -5.04, -2.62, 1.84
Accel: 0.11, 0.16, -0.95
Gyro: -3.45, -3.04, 5.32
Accel: 0.11, 0.17, -0.95
Gyro: -3.56, -2.76, 7.93
Accel: 0.11, 0.18, -0.95
Gyro: -3.49, -3.26, 13.89
Accel: 0.10, 0.21, -0.94
Gyro: -5.29, -4.46, 22.96
Accel: 0.11, 0.27, -0.94
Gyro: -6.45, -6.77, 37.22
Accel: 0.11, 0.31, -0.92
Gyro: -6.86, -10.46, 55.44
Accel: 0.10, 0.33, -0.89
Gyro: -6.21, -16.78, 80.09
Accel: 0.07, 0.18, -0.96
Gyro: -9.04, -21.26, 96.82
Accel: 0.05, 0.19, -0.93
Gyro: -16.75, -22.44, 107.86
Accel: 0.05, 0.18, -0.94
Gyro: -15.80, -24.14, 117.89
Accel: 0.02, 0.09, -0.97
Gyro: -17.82, -23.67, 118.65
Accel: 0.02, 0.06, -0.91
Gyro: -12.06, -23.39, 113.00
Accel: 0.02, 0.02, -0.94
Gyro: -17.04, -25.34, 105.40
Accel: 0.02, -0.03, -1.01
Gyro: -20.51, -24.56, 87.02
Accel: 0.02, 0.08, -1.00
Gyro: -22.82, -20.90, 74.63
Accel: 0.01, 0.08, -1.02
Gyro: -19.68, -15.98, 69.08
Accel: 0.01, 0.06, -1.02
Gyro: -15.18, -7.76, 55.73
Accel: 0.03, 0.10, -0.97
Gyro: -7.08, -2.00, 44.58
Accel: 0.04, 0.14, -0.95
Gyro: -1.05, -2.39, 38.67
Accel: 0.05, 0.13, -0.91
Gyro: 4.08, -5.74, 36.06
Accel: 0.05, 0.10, -0.95
Gyro: 7.03, -6.37, 31.20
Accel: 0.04, 0.09, -0.95
Gyro: 7.55, -6.60, 27.15
Accel: 0.05, 0.07, -0.98
Gyro: 4.94, -5.50, 22.99
Accel: 0.04, 0.04, -0.98
Gyro: -0.10, -2.69, 15.28
Accel: 0.05, 0.06, -0.97
Gyro: -0.54, -1.27, 8.09
Accel: 0.05, 0.08, -0.96
Gyro: -0.82, -0.82, 3.26
Accel: 0.05, 0.09, -0.96
Gyro: 0.82, -0.42, -0.15
Accel: 0.06, 0.09, -0.95
Gyro: 0.29, 0.15, -2.60
Accel: 0.05, 0.11, -0.95
Gyro: -0.63, -0.67, -4.40
Accel: 0.05, 0.11, -0.98
Gyro: -1.54, -1.42, -4.78
Accel: 0.05, 0.12, -0.97
Gyro: -2.74, -0.63, -4.83
Accel: 0.06, 0.12, -0.95
Gyro: -2.04, -0.46, -4.39
Accel: 0.06, 0.12, -0.95
Gyro: -1.72, -0.87, -4.30
Accel: 0.05, 0.11, -0.96
Gyro: -1.17, -0.96, -3.84
Accel: 0.05, 0.11, -0.96
Gyro: -1.57, -0.76, -3.76
Accel: 0.05, 0.12, -0.96
Gyro: -1.46, -0.34, -3.55
Accel: 0.04, 0.13, -0.96
Gyro: -1.59, -0.10, -2.82
Accel: 0.05, 0.12, -0.96
Gyro: -1.71, -0.31, -2.04
Accel: 0.05, 0.12, -0.96
Gyro: -2.88, -0.65, -1.78
Accel: 0.05, 0.12, -0.97
Gyro: -2.82, -0.05, -1.89
Accel: 0.05, 0.11, -0.95
Gyro: -2.57, 0.24, -2.65
Accel: 0.05, 0.12, -0.96
Gyro: -1.93, 0.05, -2.83
Accel: 0.05, 0.12, -0.97
Gyro: -1.93, 0.14, -2.45
Accel: 0.06, 0.12, -0.96
Gyro: -2.58, 0.36, -2.41
Accel: 0.05, 0.13, -0.96
Gyro: -2.14, 0.30, -2.24
Accel: 0.05, 0.13, -0.95
Gyro: -2.08, 0.19, -1.97
Accel: 0.05, 0.13, -0.95
Gyro: -1.05, -0.21, -0.89
Accel: 0.06, 0.12, -0.96
Gyro: -1.04, 0.07, -0.60
Accel: 0.06, 0.13, -0.97
Gyro: -0.53, -0.54, -0.22
Accel: 0.06, 0.12, -0.96
Gyro: -0.08, -0.63, 0.26
Accel: 0.06, 0.11, -0.96
Gyro: -0.17, -0.08, 0.50
Accel: 0.06, 0.11, -0.95
Gyro: -0.61, 0.14, 0.34
Accel: 0.06, 0.11, -0.96
Gyro: -1.00, -0.52, -0.19
Accel: 0.06, 0.10, -0.96
Gyro: -1.16, -0.55, -0.11
Accel: 0.05, 0.11, -0.96
Gyro: -1.75, -0.05, -0.43
Accel: 0.06, 0.10, -0.95
Gyro: -1.86, -0.32, -1.01
Accel: 0.06, 0.11, -0.96
Gyro: -1.59, -1.02, -1.51
Accel: 0.07, 0.11, -0.96
Gyro: -1.72, -0.56, -1.43
Accel: 0.05, 0.11, -0.96
Gyro: -1.72, -0.29, -1.47
Accel: 0.06, 0.12, -0.96
Gyro: -1.97, -0.32, -1.37
Accel: 0.05, 0.12, -0.96
Gyro: -1.64, -0.46, -1.01
Accel: 0.05, 0.11, -0.96
Gyro: -1.46, -0.24, -0.76
Accel: 0.06, 0.11, -0.96
Gyro: -1.79, -0.34, -1.04
Accel: 0.06, 0.10, -0.96
Gyro: -1.84, -0.48, -1.19
Accel: 0.06, 0.11, -0.97
Gyro: -1.53, -0.60, -1.30
Accel: 0.06, 0.10, -0.95
Gyro: -2.11, -0.51, -1.22
Accel: 0.06, 0.09, -0.95
Gyro: -2.39, -0.63, -1.71
Accel: 0.06, 0.11, -0.96
Gyro: -2.40, -0.65, -2.18
