Accel: 0.05, 0.11, -0.97
Gyro: -1.53, -0.38, -1.69
Accel: 0.06, 0.09, -0.96
Gyro: -1.11, -0.10, -1.43
Accel: 0.06, 0.09, -0.95
Gyro: -1.59, -0.59, -1.85
Accel: 0.05, 0.10, -0.97
Gyro: -1.39, -0.96, -1.55
Accel: 0.06, 0.10, -0.97
Gyro: -1.40, -0.37, -1.30
Accel: 0.05, 0.10, -0.96
Gyro: -1.82, 0.58, -1.76
Accel: 0.06, 0.09, -0.96
Gyro: -1.75, 0.16, -2.06
Accel: 0.06, 0.09, -0.96
Gyro: -1.78, -0.16, -2.01
Accel: 0.06, 0.09, -0.96
Gyro: -1.82, -0.20, -2.24
Accel: 0.06, 0.09, -0.96
Gyro: -2.30, 0.11, -3.01
Accel: 0.06, 0.09, -0.96
Gyro: -1.55, -0.11, -2.69
Accel: 0.05, 0.09, -0.96
Gyro: -1.93, -0.06, -2.64
Accel: 0.06, 0.10, -0.97
Gyro: -1.88, 0.10, -2.61
Accel: 0.06, 0.09, -0.95
Gyro: -1.82, -0.11, -2.75
Accel: 0.07, 0.09, -0.96
Gyro: -1.78, -0.05, -3.26
Accel: 0.06, 0.08, -0.97
Gyro: -1.91, 0.17, -4.43
Accel: 0.06, 0.08, -0.96
Gyro: -2.01, 0.30, -5.91
Accel: 0.06, 0.05, -0.97
Gyro: -2.66, 0.52, -8.64
Accel: 0.07, 0.06, -0.96
Gyro: -2.91, 1.10, -13.24
Accel: 0.06, 0.06, -0.96
Gyro: -2.21, 0.56, -16.62
Accel: 0.05, 0.02, -0.97
Gyro: -4.22, 0.95, -23.04
Accel: 0.06, 0.04, -0.97
Gyro: -3.92, 2.08, -30.04
Accel: 0.05, 0.02, -0.97
Gyro: -1.92, 2.35, -37.14
Accel: 0.04, -0.02, -0.96
Gyro: 0.97, 3.52, -51.63
Accel: 0.04, 0.01, -0.97
Gyro: 6.31, 4.46, -65.55
Accel: 0.03, 0.00, -0.98
Gyro: 10.28, 5.58, -78.51
Accel: 0.02, 0.00, -1.00
Gyro: 15.16, 8.30, -90.86
Accel: 0.01, 0.05, -1.01
Gyro: 18.38, 12.42, -100.83
Accel: 0.02, 0.08, -0.98
Gyro: 20.81, 14.23, -101.64
Accel: 0.04, 0.08, -0.96
Gyro: 19.79, 16.05, -100.40
Accel: 0.04, 0.08, -0.96
Gyro: 17.52, 15.37, -97.81
Accel: 0.07, 0.12, -0.97
Gyro: 17.62, 12.89, -90.23
Accel: 0.07, 0.10, -0.98
Gyro: 14.63, 13.44, -81.34
Accel: 0.07, 0.10, -0.96
Gyro: 9.48, 11.67, -71.85
Accel: 0.08, 0.09, -0.93
Gyro: 7.65, 11.97, -63.05
Accel: 0.09, 0.03, -0.98
Gyro: 2.24, 12.32, -60.36
Accel: 0.10, 0.08, -0.92
Gyro: -1.10, 11.21, -55.19
Accel: 0.11, 0.11, -0.93
Gyro: -1.88, 6.48, -46.74
Accel: 0.11, 0.13, -0.92
Gyro: -5.08, 5.80, -36.93
Accel: 0.12, 0.16, -0.92
Gyro: -6.07, 1.50, -23.54
Accel: 0.12, 0.12, -0.96
Gyro: -8.56, -1.27, -12.55
Accel: 0.11, 0.11, -0.95
Gyro: -6.36, -0.87, -5.03
Accel: 0.11, 0.10, -0.96
Gyro: -5.66, -1.89, -0.99
Accel: 0.11, 0.10, -0.97
Gyro: -5.04, -2.21, 3.12
Accel: 0.11, 0.10, -0.96
Gyro: -4.68, -2.10, 6.21
Accel: 0.12, 0.14, -0.95
Gyro: -5.10, -3.26, 12.23
Accel: 0.10, 0.16, -0.96
Gyro: -7.94, -4.17, 23.03
Accel: 0.12, 0.17, -0.94
Gyro: -10.43, -5.71, 35.80
Accel: 0.11, 0.20, -0.90
Gyro: -10.99, -10.60, 50.16
Accel: 0.09, 0.16, -0.96
Gyro: -17.82, -14.24, 61.62
Accel: 0.08, 0.14, -0.96
Gyro: -18.07, -14.85, 72.53
Accel: 0.08, 0.12, -0.95
Gyro: -17.07, -15.14, 77.50
Accel: 0.06, 0.05, -0.96
Gyro: -19.70, -17.32, 77.09
Accel: 0.05, 0.10, -0.97
Gyro: -22.17, -14.53, 75.88
Accel: 0.06, 0.10, -0.96
Gyro: -20.07, -12.45, 77.48
Accel: 0.06, 0.09, -0.97
Gyro: -13.00, -13.66, 80.51
Accel: 0.05, 0.11, -0.96
Gyro: -16.44, -13.22, 80.28
Accel: 0.06, 0.13, -0.98
Gyro: -14.24, -13.00, 80.13
Accel: 0.05, 0.14, -0.95
Gyro: -11.65, -13.33, 81.75
Accel: 0.04, 0.12, -0.94
Gyro: -11.20, -15.50, 83.50
Accel: 0.04, 0.10, -0.97
Gyro: -12.47, -14.76, 80.78
Accel: 0.03, 0.11, -0.98
Gyro: -13.05, -12.96, 78.40
Accel: 0.03, 0.11, -0.96
Gyro: -11.83, -12.07, 77.31
Accel: 0.03, 0.09, -0.96
Gyro: -10.52, -11.69, 73.85
Accel: 0.01, 0.05, -0.99
Gyro: -9.02, -8.04, 65.38
Accel: 0.03, 0.04, -0.97
Gyro: -7.74, -6.13, 54.13
Accel: 0.04, 0.05, -0.97
Gyro: -5.24, -5.08, 43.62
Accel: 0.04, 0.05, -0.96
Gyro: -2.88, -5.01, 33.58
Accel: 0.05, 0.05, -0.96
Gyro: -1.17, -3.81, 23.11
Accel: 0.05, 0.06, -0.96
Gyro: 0.46, -3.17, 13.42
Accel: 0.04, 0.07, -0.96
Gyro: 2.29, -3.91, 5.58
Accel: 0.05, 0.08, -0.97
Gyro: 3.56, -3.27, 0.14
Accel: 0.05, 0.09, -0.97
Gyro: 3.66, -1.91, -4.13
Accel: 0.05, 0.10, -0.96
Gyro: 3.65, -1.28, -6.29
Accel: 0.05, 0.11, -0.96
Gyro: 3.25, -1.10, -6.77
Accel: 0.05, 0.11, -0.97
Gyro: 3.27, 0.15, -6.25
Accel: 0.05, 0.10, -0.96
Gyro: 2.37, 0.26, -6.03
Accel: 0.05, 0.11, -0.95
Gyro: 1.16, -0.32, -5.61
Accel: 0.05, 0.11, -0.97
Gyro: 0.40, -0.26, -4.32
Accel: 0.06, 0.10, -0.96
Gyro: 0.08, 0.14, -3.52
Accel: 0.06, 0.10, -0.96
Gyro: -0.70, -0.01, -2.80
Accel: 0.06, 0.10, -0.97
Gyro: -1.24, -0.34, -2.12
Accel: 0.06, 0.10, -0.96
Gyro: -1.37, -0.32, -1.40
Accel: 0.06, 0.09, -0.96
Gyro: -1.90, -0.40, -1.43
Accel: 0.05, 0.10, -0.96
Gyro: -2.16, -1.53, -1.57
Accel: 0.06, 0.10, -0.97
Gyro: -1.66, -1.49, -1.38
Accel: 0.05, 0.09, -0.96
Gyro: -1.89, -0.83, -1.66
Accel: 0.05, 0.10, -0.96
Gyro: -1.87, -1.00, -2.28
Accel: 0.05, 0.10, -0.95
Gyro: -1.46, -1.40, -2.77
Accel: 0.05, 0.09, -0.96
Gyro: -1.15, -1.43, -2.92
Accel: 0.05, 0.11, -0.95
Gyro: -1.11, -0.96, -3.04
Accel: 0.05, 0.10, -0.96
Gyro: -1.18, -0.93, -2.98
Accel: 0.05, 0.10, -0.96
Gyro: -1.02, -0.65, -2.57
Accel: 0.05, 0.10, -0.96
Gyro: -1.36, -0.45, -2.41
Accel: 0.04, 0.10, -0.96
Gyro: -1.52, -0.35, -1.76
Accel: 0.05, 0.10, -0.96
Gyro: -1.58, -0.17, -1.46
Accel: 0.05, 0.10, -0.97
Gyro: -1.23, -0.03, -1.04
Accel: 0.05, 0.09, -0.96
Gyro: -1.10, 0.33, -0.92
Accel: 0.06, 0.09, -0.96
Gyro: -1.10, -0.43, -1.00
Accel: 0.05, 0.09, -0.97
Gyro: -1.25, -1.24, -1.06
Accel: 0.05, 0.10, -0.97
Gyro: -1.42, -0.85, -1.13
