Accel: 0.06, 0.10, -0.95
Gyro: -1.73, -0.71, -2.24
Accel: 0.06, 0.10, -0.97
Gyro: -1.96, -1.30, -2.12
Accel: 0.06, 0.09, -0.97
Gyro: -1.92, -1.01, -2.11
Accel: 0.05, 0.10, -0.97
Gyro: -2.29, -0.65, -2.20
Accel: 0.05, 0.10, -0.95
Gyro: -2.67, -0.60, -2.35
Accel: 0.06, 0.09, -0.96
Gyro: -2.64, -0.35, -2.34
Accel: 0.06, 0.10, -0.96
Gyro: -2.43, -0.27, -3.00
Accel: 0.06, 0.10, -0.96
Gyro: -1.84, -0.36, -2.93
Accel: 0.06, 0.09, -0.97
Gyro: -2.36, 0.10, -3.22
Accel: 0.06, 0.06, -0.97
Gyro: -1.98, 0.60, -5.31
Accel: 0.05, 0.03, -0.95
Gyro: -2.49, 1.40, -11.84
Accel: 0.06, -0.02, -0.96
Gyro: -2.46, 1.33, -20.90
Accel: 0.04, -0.10, -0.99
Gyro: -0.72, 3.32, -42.51
Accel: 0.03, -0.03, -0.98
Gyro: 3.72, 6.57, -63.58
Accel: 0.04, -0.03, -0.97
Gyro: 9.69, 7.35, -78.22
Accel: 0.02, -0.05, -0.96
Gyro: 12.01, 9.33, -95.41
Accel: 0.02, -0.02, -0.95
Gyro: 13.42, 9.57, -110.55
Accel: -0.00, -0.05, -0.96
Gyro: 14.68, 8.65, -124.69
Accel: -0.02, -0.01, -1.00
Gyro: 12.49, 10.79, -140.06
Accel: -0.05, -0.02, -0.95
Gyro: 18.59, 14.38, -150.95
Accel: -0.06, 0.03, -1.03
Gyro: 20.81, 17.07, -163.46
Accel: -0.03, 0.15, -1.05
Gyro: 19.23, 25.99, -158.49
Accel: 0.00, 0.21, -0.99
Gyro: 10.89, 30.97, -139.71
Accel: 0.03, 0.25, -0.94
Gyro: 2.45, 30.34, -115.82
Accel: 0.11, 0.30, -0.89
Gyro: 0.00, 23.63, -86.69
Accel: 0.15, 0.24, -0.89
Gyro: -9.93, 13.97, -61.17
Accel: 0.15, 0.27, -0.85
Gyro: -8.04, -0.45, -36.68
Accel: 0.14, 0.19, -0.94
Gyro: -13.90, -9.63, -19.16
Accel: 0.12, 0.15, -0.97
Gyro: -10.42, -11.06, -7.97
Accel: 0.10, 0.13, -0.98
Gyro: -10.67, -8.58, -4.43
Accel: 0.08, 0.15, -1.01
Gyro: -11.50, -3.50, -3.43
Accel: 0.08, 0.19, -0.95
Gyro: -8.02, 0.39, 2.12
Accel: 0.10, 0.20, -0.96
Gyro: -4.81, 2.72, 9.65
Accel: 0.10, 0.20, -0.95
Gyro: -2.96, 2.02, 16.78
Accel: 0.12, 0.23, -0.95
Gyro: -3.24, -0.13, 26.92
Accel: 0.11, 0.31, -0.94
Gyro: -6.24, -3.43, 46.12
Accel: 0.10, 0.35, -0.91
Gyro: -9.17, -9.91, 72.97
Accel: 0.08, 0.34, -0.88
Gyro: -7.50, -17.06, 100.33
Accel: 0.06, 0.28, -0.88
Gyro: -9.61, -23.95, 122.31
Accel: 0.03, 0.23, -0.96
Gyro: -15.38, -27.40, 138.87
Accel: 0.00, 0.17, -0.95
Gyro: -15.44, -28.42, 150.19
Accel: -0.02, 0.08, -0.97
Gyro: -16.37, -24.51, 150.37
Accel: -0.01, 0.04, -0.95
Gyro: -4.20, -20.29, 143.64
Accel: -0.02, 0.01, -0.98
Gyro: -7.16, -21.60, 137.05
Accel: 0.01, -0.01, -0.97
Gyro: -14.43, -17.91, 122.67
Accel: -0.00, -0.01, -0.98
Gyro: -15.62, -18.07, 109.47
Accel: 0.01, 0.01, -0.99
Gyro: -19.78, -16.48, 98.46
Accel: 0.01, 0.00, -0.98
Gyro: -19.21, -14.36, 85.10
Accel: 0.02, 0.01, -0.98
Gyro: -14.35, -10.96, 70.52
Accel: 0.03, 0.01, -0.98
Gyro: -9.78, -9.06, 57.62
Accel: 0.02, -0.04, -0.98
Gyro: -5.76, -6.64, 40.15
Accel: 0.04, -0.01, -0.96
Gyro: 0.14, -4.61, 21.76
Accel: 0.04, 0.02, -0.96
Gyro: 5.08, -4.43, 7.50
Accel: 0.03, 0.04, -0.95
Gyro: 7.76, -4.14, -1.66
Accel: 0.03, 0.06, -0.98
Gyro: 7.81, -3.85, -6.25
Accel: 0.04, 0.09, -0.97
Gyro: 4.91, -2.11, -7.96
Accel: 0.04, 0.12, -0.97
Gyro: 4.26, -1.35, -5.74
Accel: 0.04, 0.11, -0.96
Gyro: 4.51, -0.92, -2.20
Accel: 0.05, 0.10, -0.96
Gyro: 3.93, -0.18, -0.40
Accel: 0.05, 0.07, -0.96
Gyro: 2.61, -0.08, 0.53
Accel: 0.05, 0.07, -0.97
Gyro: 0.69, 0.58, 0.26
Accel: 0.05, 0.06, -0.96
Gyro: -0.78, 0.47, -0.60
Accel: 0.04, 0.07, -0.96
Gyro: -1.85, 0.34, -1.72
Accel: 0.05, 0.08, -0.96
Gyro: -1.90, 0.54, -2.20
Accel: 0.05, 0.07, -0.96
Gyro: -2.20, 0.33, -2.63
Accel: 0.06, 0.07, -0.95
Gyro: -2.81, -0.06, -3.70
Accel: 0.05, 0.08, -0.96
Gyro: -2.89, -0.59, -4.33
Accel: 0.05, 0.07, -0.97
Gyro: -2.67, -0.27, -4.49
Accel: 0.05, 0.08, -0.96
Gyro: -2.95, -0.05, -4.71
Accel: 0.05, 0.09, -0.96
Gyro: -3.08, -0.09, -4.54
Accel: 0.05, 0.10, -0.95
Gyro: -2.43, -0.22, -3.79
Accel: 0.05, 0.08, -0.96
Gyro: -2.34, -0.18, -3.32
Accel: 0.05, 0.08, -0.96
Gyro: -2.41, -0.52, -2.88
Accel: 0.05, 0.09, -0.95
Gyro: -1.96, -0.81, -2.39
Accel: 0.05, 0.08, -0.97
Gyro: -2.12, -0.76, -2.01
Accel: 0.04, 0.08, -0.96
Gyro: -1.90, 0.02, -2.27
Accel: 0.05, 0.09, -0.96
Gyro: -1.93, 0.41, -2.43
Accel: 0.05, 0.08, -0.96
Gyro: -2.31, 0.05, -2.71
Accel: 0.05, 0.09, -0.97
Gyro: -2.50, -0.02, -2.75
Accel: 0.05, 0.09, -0.96
Gyro: -2.69, 0.26, -2.88
Accel: 0.06, 0.08, -0.95
Gyro: -2.72, 0.05, -2.95
Accel: 0.05, 0.09, -0.96
Gyro: -2.51, -0.59, -3.03
Accel: 0.06, 0.09, -0.96
Gyro: -2.21, -0.74, -2.91
Accel: 0.06, 0.09, -0.96
Gyro: -2.11, -1.05, -2.53
Accel: 0.05, 0.09, -0.96
Gyro: -2.17, -1.39, -2.22
Accel: 0.05, 0.09, -0.96
Gyro: -2.00, -1.42, -2.02
Accel: 0.05, 0.09, -0.96
Gyro: -1.90, -1.91, -1.90
Accel: 0.04, 0.09, -0.97
Gyro: -1.93, -1.69, -1.47
Accel: 0.04, 0.08, -0.97
Gyro: -1.95, -0.96, -0.99
Accel: 0.04, 0.09, -0.96
Gyro: -2.01, -1.11, -1.27
Accel: 0.05, 0.08, -0.96
Gyro: -2.24, -0.61, -1.83
Accel: 0.05, 0.09, -0.97
Gyro: -1.42, -0.59, -1.95
Accel: 0.04, 0.08, -0.96
Gyro: -1.85, -0.89, -2.18
Accel: 0.04, 0.09, -0.96
Gyro: -1.80, -1.24, -2.52
Accel: 0.04, 0.08, -0.97
Gyro: -1.44, -0.82, -2.39
Accel: 0.04, 0.08, -0.96
Gyro: -1.72, -0.39, -2.88
Accel: 0.04, 0.08, -0.96
Gyro: -2.14, -0.47, -2.72
Accel: 0.05, 0.09, -0.97
Gyro: -1.43, -0.42, -2.17
Accel: 0.05, 0.08, -0.96
Gyro: -1.65, -0.12, -2.01
Accel: 0.05, 0.08, -0.96
Gyro: -1.67, -0.36, -1.82
Accel: 0.05, 0.08, -0.96
Gyro: -2.65, -0.72, -2.23
