Accel: 0.04, 0.09, -0.97
Gyro: -2.76, -0.44, -2.10
Accel: 0.04, 0.10, -0.96
Gyro: -2.81, -0.38, -1.98
Accel: 0.04, 0.10, -0.96
Gyro: -2.42, 0.27, -1.49
Accel: 0.05, 0.10, -0.96
Gyro: -2.20, -0.07, -1.43
Accel: 0.04, 0.08, -0.95
Gyro: -2.43, -0.15, -1.56
Accel: 0.05, 0.09, -0.96
Gyro: -1.70, -0.14, -1.14
Accel: 0.04, 0.08, -0.96
Gyro: -2.20, -0.51, -1.46
Accel: 0.04, 0.09, -0.96
Gyro: -2.10, -0.87, -1.60
Accel: 0.04, 0.09, -0.96
Gyro: -1.75, -0.45, -1.72
Accel: 0.04, 0.08, -0.96
Gyro: -2.14, 0.04, -2.16
Accel: 0.04, 0.09, -0.97
Gyro: -2.54, -0.17, -2.81
Accel: 0.05, 0.08, -0.96
Gyro: -2.44, -0.11, -3.40
Accel: 0.04, 0.06, -0.97
Gyro: -2.72, 0.36, -5.69
Accel: 0.04, 0.05, -0.97
Gyro: -3.01, 0.92, -9.74
Accel: 0.05, 0.02, -0.98
Gyro: -3.07, 1.58, -15.91
Accel: 0.05, 0.01, -0.98
Gyro: -2.59, 2.97, -25.97
Accel: 0.04, -0.01, -0.95
Gyro: -0.72, 3.27, -37.28
Accel: 0.04, -0.01, -0.96
Gyro: 1.82, 3.46, -50.27
Accel: 0.03, -0.01, -0.97
Gyro: 5.53, 3.49, -62.81
Accel: 0.01, -0.05, -0.98
Gyro: 9.54, 4.50, -78.52
Accel: 0.01, 0.01, -0.99
Gyro: 11.31, 7.26, -91.38
Accel: 0.00, 0.01, -0.98
Gyro: 13.65, 9.77, -99.49
Accel: -0.00, -0.01, -0.99
Gyro: 14.20, 11.94, -108.06
Accel: 0.00, 0.02, -0.98
Gyro: 14.35, 13.43, -114.08
Accel: 0.01, 0.01, -0.94
Gyro: 11.48, 14.47, -117.40
Accel: 0.02, -0.05, -0.96
Gyro: 7.98, 12.18, -122.61
Accel: 0.03, 0.09, -0.97
Gyro: -3.73, 15.21, -125.66
Accel: 0.06, 0.17, -0.92
Gyro: -2.46, 13.55, -112.27
Accel: 0.04, 0.25, -0.93
Gyro: -3.81, 5.84, -93.41
Accel: 0.04, 0.21, -0.96
Gyro: -2.81, 6.10, -73.81
Accel: 0.06, 0.21, -0.98
Gyro: -5.42, 5.42, -59.57
Accel: 0.07, 0.21, -0.98
Gyro: -9.19, 3.63, -43.73
Accel: 0.06, 0.17, -0.96
Gyro: -6.30, 5.09, -30.89
Accel: 0.07, 0.19, -0.95
Gyro: -5.98, 4.69, -20.81
Accel: 0.08, 0.19, -0.96
Gyro: -5.02, 3.78, -10.33
Accel: 0.09, 0.17, -0.96
Gyro: -6.73, 4.27, -1.61
Accel: 0.09, 0.15, -0.93
Gyro: -6.81, 0.95, 4.66
Accel: 0.09, 0.14, -0.95
Gyro: -5.81, -0.73, 8.87
Accel: 0.09, 0.13, -0.95
Gyro: -4.64, -1.51, 9.88
Accel: 0.09, 0.16, -0.95
Gyro: -3.98, -3.34, 12.80
Accel: 0.07, 0.19, -0.97
Gyro: -4.67, -4.46, 20.49
Accel: 0.08, 0.21, -0.96
Gyro: -6.82, -4.65, 30.90
Accel: 0.09, 0.26, -0.94
Gyro: -7.40, -7.03, 45.33
Accel: 0.07, 0.30, -0.92
Gyro: -8.07, -12.12, 65.64
Accel: 0.06, 0.27, -0.92
Gyro: -6.55, -17.24, 87.78
Accel: 0.04, 0.22, -0.94
Gyro: -10.35, -19.11, 104.23
Accel: 0.02, 0.16, -0.92
Gyro: -12.66, -21.55, 113.60
Accel: 0.02, 0.14, -0.96
Gyro: -12.89, -24.15, 118.59
Accel: -0.01, 0.07, -0.92
Gyro: -4.34, -23.76, 118.91
Accel: 0.01, 0.05, -0.99
Gyro: -12.12, -22.24, 114.30
Accel: 0.00, 0.03, -0.96
Gyro: -15.61, -22.10, 108.15
Accel: -0.01, 0.01, -0.99
Gyro: -18.72, -20.15, 96.67
Accel: -0.01, 0.04, -0.99
Gyro: -20.12, -17.40, 86.28
Accel: -0.01, 0.03, -0.99
Gyro: -18.93, -14.92, 76.00
Accel: -0.01, 0.07, -0.99
Gyro: -15.15, -11.67, 64.87
Accel: -0.00, 0.09, -0.98
Gyro: -10.46, -8.40, 57.13
Accel: 0.01, 0.08, -0.98
Gyro: -6.26, -6.68, 50.97
Accel: 0.01, 0.04, -0.97
Gyro: -1.88, -4.52, 40.69
Accel: 0.02, 0.04, -0.97
Gyro: 0.77, -2.31, 27.47
Accel: 0.02, 0.06, -0.97
Gyro: 0.76, -1.35, 16.75
Accel: 0.02, 0.07, -0.97
Gyro: 0.98, -1.75, 7.98
Accel: 0.02, 0.09, -0.97
Gyro: 1.85, -1.02, 1.65
Accel: 0.02, 0.10, -0.97
Gyro: 2.74, -0.21, -2.17
Accel: 0.03, 0.11, -0.95
Gyro: 3.04, 0.37, -3.92
Accel: 0.03, 0.14, -0.96
Gyro: 3.04, 0.69, -3.09
Accel: 0.03, 0.13, -0.96
Gyro: 2.69, 0.53, -1.94
Accel: 0.04, 0.12, -0.96
Gyro: 0.90, 1.22, -0.98
Accel: 0.04, 0.12, -0.95
Gyro: -0.62, 0.98, -0.08
Accel: 0.05, 0.12, -0.95
Gyro: -1.35, 0.73, 0.30
Accel: 0.04, 0.12, -0.95
Gyro: -1.41, 0.10, 0.17
Accel: 0.04, 0.11, -0.96
Gyro: -1.27, -0.07, -0.69
Accel: 0.04, 0.11, -0.96
Gyro: -0.89, -0.15, -1.15
Accel: 0.04, 0.11, -0.96
Gyro: -0.92, 0.27, -1.81
Accel: 0.05, 0.13, -0.95
Gyro: -0.69, -0.02, -2.00
Accel: 0.05, 0.11, -0.95
Gyro: -0.76, -0.72, -1.92
Accel: 0.04, 0.12, -0.96
Gyro: -1.53, -0.47, -2.14
Accel: 0.04, 0.12, -0.96
Gyro: -1.53, -0.88, -2.09
Accel: 0.04, 0.12, -0.96
Gyro: -1.27, -1.27, -1.62
Accel: 0.03, 0.12, -0.97
Gyro: -0.78, -0.79, -0.80
Accel: 0.04, 0.11, -0.95
Gyro: -0.76, -0.76, -0.93
Accel: 0.04, 0.11, -0.97
Gyro: -1.26, -0.40, -1.02
Accel: 0.03, 0.11, -0.97
Gyro: -1.24, -0.18, -0.96
Accel: 0.04, 0.11, -0.96
Gyro: -1.77, -0.08, -1.73
Accel: 0.04, 0.12, -0.96
Gyro: -1.73, -0.79, -1.83
Accel: 0.04, 0.12, -0.96
Gyro: -1.55, -0.56, -1.11
Accel: 0.04, 0.12, -0.97
Gyro: -1.38, -0.34, -0.53
Accel: 0.04, 0.11, -0.96
Gyro: -1.31, 0.40, -0.55
Accel: 0.04, 0.11, -0.96
Gyro: -1.52, -0.18, -1.03
Accel: 0.04, 0.11, -0.96
Gyro: -1.86, -0.69, -1.28
Accel: 0.03, 0.11, -0.96
Gyro: -1.61, -0.40, -1.11
Accel: 0.04, 0.11, -0.95
Gyro: -1.38, -0.37, -1.23
Accel: 0.04, 0.11, -0.96
Gyro: -1.48, -1.04, -1.53
Accel: 0.04, 0.11, -0.97
Gyro: -1.62, -1.15, -1.45
Accel: 0.04, 0.11, -0.97
Gyro: -2.20, -0.24, -1.30
Accel: 0.05, 0.11, -0.96
Gyro: -1.38, -0.19, -1.41
Accel: 0.04, 0.10, -0.95
Gyro: -1.27, -1.01, -1.66
Accel: 0.04, 0.11, -0.95
Gyro: -1.48, -1.45, -1.58
Accel: 0.04, 0.11, -0.95
Gyro: -1.26, -0.56, -1.11
Accel: 0.03, 0.10, -0.96
Gyro: -1.46, -0.14, -1.26
Accel: 0.04, 0.11, -0.96
Gyro: -1.87, -0.10, -1.59
Accel: 0.04, 0.11, -0.97
Gyro: -1.82, 0.19, -1.38
