Accel: 0.09, 0.09, -0.96
Gyro: -1.82, -2.05, -1.75
Accel: 0.08, 0.08, -0.97
Gyro: -1.24, -0.79, -1.11
Accel: 0.09, 0.08, -0.96
Gyro: -2.40, -0.19, -1.50
Accel: 0.09, 0.09, -0.96
Gyro: -2.29, -0.28, -1.71
Accel: 0.08, 0.08, -0.96
Gyro: -1.97, -0.69, -1.46
Accel: 0.08, 0.09, -0.96
Gyro: -1.65, -0.24, -1.59
Accel: 0.09, 0.08, -0.95
Gyro: -1.89, -0.54, -1.82
Accel: 0.09, 0.09, -0.96
Gyro: -2.28, -0.66, -1.45
Accel: 0.10, 0.08, -0.96
Gyro: -2.55, -0.83, -1.79
Accel: 0.09, 0.08, -0.95
Gyro: -2.40, -0.79, -2.27
Accel: 0.08, 0.05, -0.96
Gyro: -3.18, -0.95, -3.78
Accel: 0.09, 0.02, -0.96
Gyro: -3.65, -0.89, -8.35
Accel: 0.07, -0.08, -0.97
Gyro: -2.78, 1.06, -21.48
Accel: 0.07, -0.08, -0.98
Gyro: 1.72, 2.68, -45.16
Accel: 0.05, -0.15, -0.97
Gyro: 7.62, 4.04, -69.53
Accel: 0.03, -0.13, -0.99
Gyro: 9.54, 8.31, -101.20
Accel: 0.03, -0.17, -0.90
Gyro: 14.43, 6.03, -126.94
Accel: 0.00, 0.01, -0.96
Gyro: 13.20, 2.53, -147.92
Accel: -0.03, 0.09, -1.01
Gyro: 19.69, 5.04, -149.83
Accel: -0.04, 0.07, -1.09
Gyro: 20.16, 15.88, -151.57
Accel: -0.03, 0.07, -1.03
Gyro: 19.86, 24.45, -149.92
Accel: -0.04, -0.01, -1.11
Gyro: 22.78, 35.79, -153.66
Accel: -0.03, 0.01, -1.06
Gyro: 21.61, 54.35, -168.91
Accel: 0.01, 0.15, -1.00
Gyro: 30.11, 59.65, -165.32
Accel: 0.11, 0.26, -0.93
Gyro: 9.96, 62.55, -149.28
Accel: 0.26, 0.43, -0.56
Gyro: 1.60, 38.57, -98.08
Accel: 0.28, 0.31, -0.75
Gyro: -13.89, 1.75, -45.97
Accel: 0.23, 0.19, -0.88
Gyro: -26.92, -14.27, -21.11
Accel: 0.15, 0.19, -1.00
Gyro: -25.66, -14.95, -12.76
Accel: 0.16, 0.20, -0.98
Gyro: -12.25, -9.11, -8.29
Accel: 0.18, 0.23, -0.95
Gyro: -7.87, -3.07, -4.19
Accel: 0.19, 0.21, -0.91
Gyro: -10.35, -6.30, 10.07
Accel: 0.20, 0.15, -0.91
Gyro: -8.16, -3.17, 11.05
Accel: 0.20, 0.17, -0.93
Gyro: -1.99, -6.71, 9.83
Accel: 0.16, 0.22, -0.95
Gyro: -4.52, -10.34, 18.69
Accel: 0.17, 0.21, -0.95
Gyro: -4.74, -7.71, 28.00
Accel: 0.18, 0.30, -0.90
Gyro: -5.34, -12.41, 42.11
Accel: 0.16, 0.40, -0.88
Gyro: -9.22, -21.48, 73.10
Accel: 0.12, 0.37, -0.91
Gyro: -16.40, -30.79, 110.69
Accel: 0.08, 0.29, -0.92
Gyro: -22.97, -34.98, 137.04
Accel: 0.04, 0.27, -0.94
Gyro: -25.61, -38.79, 156.43
Accel: -0.01, 0.20, -0.96
Gyro: -22.56, -36.88, 170.99
Accel: -0.02, 0.13, -1.02
Gyro: -27.47, -34.04, 175.70
Accel: -0.02, 0.06, -0.92
Gyro: -16.80, -29.27, 174.54
Accel: -0.00, 0.05, -0.99
Gyro: -14.60, -25.76, 162.67
Accel: -0.02, -0.11, -1.02
Gyro: -19.40, -21.52, 144.83
Accel: 0.02, -0.23, -1.00
Gyro: -17.81, -15.66, 97.18
Accel: 0.05, -0.06, -0.98
Gyro: -9.72, -13.37, 61.20
Accel: 0.06, 0.03, -0.97
Gyro: -6.61, -12.75, 45.10
Accel: 0.05, 0.04, -0.98
Gyro: -0.42, -12.23, 38.57
Accel: 0.05, 0.01, -0.98
Gyro: -2.82, -7.94, 29.11
Accel: 0.06, 0.03, -0.98
Gyro: 0.40, -4.78, 18.39
Accel: 0.07, 0.05, -0.96
Gyro: 3.13, -3.59, 10.64
Accel: 0.06, 0.07, -0.98
Gyro: 2.45, -3.17, 5.28
Accel: 0.07, 0.06, -0.98
Gyro: 2.61, -1.92, 2.02
Accel: 0.08, 0.07, -0.96
Gyro: 1.61, -0.49, -0.40
Accel: 0.08, 0.07, -0.94
Gyro: 0.48, -1.11, -0.98
Accel: 0.07, 0.08, -0.95
Gyro: -0.83, -2.42, -1.08
Accel: 0.07, 0.08, -0.97
Gyro: -1.59, -1.87, -1.81
Accel: 0.08, 0.10, -0.96
Gyro: -2.28, -0.08, -2.90
Accel: 0.08, 0.10, -0.97
Gyro: -1.44, -0.04, -2.71
Accel: 0.07, 0.10, -0.97
Gyro: -1.15, 0.14, -1.79
Accel: 0.08, 0.10, -0.96
Gyro: -1.29, 0.61, -1.55
Accel: 0.07, 0.10, -0.95
Gyro: -0.92, 0.43, -1.87
Accel: 0.08, 0.09, -0.95
Gyro: -0.58, 0.04, -2.10
Accel: 0.07, 0.10, -0.96
Gyro: -1.56, -0.47, -2.27
Accel: 0.08, 0.09, -0.97
Gyro: -1.91, 0.25, -1.77
Accel: 0.08, 0.08, -0.96
Gyro: -2.58, 0.67, -2.10
Accel: 0.07, 0.08, -0.95
Gyro: -3.24, 0.64, -2.99
Accel: 0.08, 0.10, -0.96
Gyro: -2.99, 0.73, -2.72
Accel: 0.07, 0.10, -0.97
Gyro: -2.75, 0.63, -2.24
Accel: 0.07, 0.10, -0.95
Gyro: -2.43, 0.59, -2.24
Accel: 0.08, 0.10, -0.96
Gyro: -1.88, -0.24, -2.16
Accel: 0.09, 0.10, -0.95
Gyro: -1.10, -0.46, -1.75
Accel: 0.09, 0.09, -0.96
Gyro: -1.24, -0.60, -1.55
Accel: 0.09, 0.09, -0.94
Gyro: -1.94, -1.04, -1.93
Accel: 0.09, 0.09, -0.97
Gyro: -1.89, -1.73, -2.17
Accel: 0.08, 0.09, -0.97
Gyro: -2.02, -1.98, -3.03
Accel: 0.07, 0.09, -0.97
Gyro: -1.71, -1.54, -3.07
Accel: 0.08, 0.10, -0.96
Gyro: -1.72, -1.17, -2.44
Accel: 0.08, 0.10, -0.96
Gyro: -1.83, -1.57, -1.69
Accel: 0.07, 0.09, -0.96
Gyro: -1.66, -1.54, -1.55
Accel: 0.07, 0.08, -0.96
Gyro: -1.83, -1.11, -2.07
Accel: 0.07, 0.09, -0.96
Gyro: -2.12, -0.75, -2.37
Accel: 0.08, 0.10, -0.96
Gyro: -2.24, -0.05, -2.01
Accel: 0.07, 0.09, -0.95
Gyro: -2.08, -0.11, -2.08
Accel: 0.08, 0.09, -0.95
Gyro: -2.20, -0.92, -2.25
Accel: 0.08, 0.10, -0.96
Gyro: -2.27, -1.32, -2.21
Accel: 0.08, 0.09, -0.96
Gyro: -1.56, -0.84, -1.31
Accel: 0.08, 0.09, -0.96
Gyro: -2.20, -1.15, -1.47
Accel: 0.08, 0.09, -0.96
Gyro: -1.92, -1.43, -1.39
Accel: 0.07, 0.09, -0.96
Gyro: -2.17, -1.01, -1.42
Accel: 0.08, 0.09, -0.97
Gyro: -1.56, -0.63, -1.24
Accel: 0.08, 0.08, -0.97
Gyro: -1.40, -0.63, -1.30
Accel: 0.08, 0.09, -0.95
Gyro: -2.12, -0.78, -1.35
Accel: 0.08, 0.09, -0.96
Gyro: -2.43, -0.79, -1.24
Accel: 0.08, 0.09, -0.97
Gyro: -2.15, -0.81, -1.37
Accel: 0.07, 0.09, -0.96
Gyro: -2.17, -0.69, -1.43
Accel: 0.07, 0.09, -0.96
Gyro: -2.66, -0.56, -1.79
Accel: 0.08, 0.09, -0.96
Gyro: -2.53, -0.34, -1.69
Accel: 0.08, 0.09, -0.95
Gyro: -2.02, -0.43, -1.96
