Accel: 0.07, 0.08, -0.99
Gyro: -1.72, -0.07, -1.83
Accel: 0.08, 0.06, -1.00
Gyro: -1.90, 1.79, 0.14
Accel: 0.10, 0.06, -0.98
Gyro: -1.01, 3.39, 0.74
Accel: 0.10, 0.05, -0.96
Gyro: -0.92, 1.22, 0.24
Accel: 0.09, 0.05, -0.97
Gyro: -1.08, 0.06, -0.10
Accel: 0.09, 0.05, -0.98
Gyro: -2.40, 2.12, -0.50
Accel: 0.09, 0.07, -0.96
Gyro: -2.71, 3.67, 0.52
Accel: 0.09, 0.06, -0.94
Gyro: -2.09, 1.93, 2.82
Accel: 0.08, 0.03, -0.92
Gyro: -3.72, -1.71, 3.16
Accel: 0.07, 0.02, -0.93
Gyro: -7.27, -4.88, -0.44
Accel: 0.05, 0.06, -0.98
Gyro: -7.69, -4.83, -4.49
Accel: 0.06, 0.06, -0.99
Gyro: -5.33, -1.18, -7.11
Accel: 0.06, 0.07, -0.94
Gyro: -2.77, -0.76, -7.97
Accel: 0.05, 0.09, -0.94
Gyro: -2.23, -1.99, -6.49
Accel: 0.05, 0.09, -0.94
Gyro: -1.75, -2.03, -3.36
Accel: 0.04, 0.10, -0.94
Gyro: -0.80, -2.95, 0.00
Accel: 0.03, 0.07, -0.93
Gyro: -1.25, -4.78, 1.72
Accel: 0.03, 0.05, -0.96
Gyro: -2.50, -4.86, 1.50
Accel: 0.03, 0.05, -0.98
Gyro: -3.59, -4.62, 1.37
Accel: 0.03, 0.03, -0.97
Gyro: -4.22, -3.49, -0.33
Accel: 0.04, 0.02, -0.99
Gyro: -4.59, -2.31, -3.60
Accel: 0.05, 0.02, -0.99
Gyro: -4.70, -1.66, -8.34
Accel: 0.05, -0.07, -0.97
Gyro: -5.83, -0.79, -17.17
Accel: 0.06, -0.11, -0.97
Gyro: -6.90, -1.03, -36.42
Accel: 0.04, -0.18, -0.98
Gyro: -3.33, -0.43, -62.65
Accel: 0.01, -0.21, -0.99
Gyro: 2.09, 1.89, -98.50
Accel: -0.02, -0.24, -1.02
Gyro: 8.92, 5.04, -135.93
Accel: -0.08, -0.16, -1.00
Gyro: 12.02, 10.51, -177.95
Accel: -0.12, -0.07, -0.99
Gyro: 21.35, 10.95, -200.36
Accel: -0.11, 0.10, -1.00
Gyro: 22.67, 14.66, -205.57
Accel: -0.08, 0.21, -0.93
Gyro: 24.90, 13.88, -190.60
Accel: -0.05, 0.18, -0.99
Gyro: 26.24, 12.68, -172.26
Accel: -0.03, 0.27, -0.96
Gyro: 21.55, 14.08, -151.89
Accel: -0.02, 0.17, -1.03
Gyro: 32.61, 11.28, -126.39
Accel: 0.00, 0.24, -0.98
Gyro: 24.65, 15.95, -109.44
Accel: 0.05, 0.36, -0.93
Gyro: 16.81, 13.41, -70.83
Accel: 0.09, 0.34, -0.92
Gyro: 0.88, 6.39, -15.95
Accel: 0.09, 0.19, -0.91
Gyro: -19.59, -3.21, 25.23
Accel: 0.07, 0.15, -0.93
Gyro: -29.30, -10.54, 49.57
Accel: 0.06, 0.13, -0.96
Gyro: -32.98, -15.04, 64.30
Accel: 0.05, 0.24, -0.96
Gyro: -35.92, -17.93, 84.55
Accel: 0.02, 0.32, -0.94
Gyro: -36.09, -21.68, 113.27
Accel: -0.01, 0.29, -0.94
Gyro: -33.42, -25.08, 140.18
Accel: -0.04, 0.25, -1.00
Gyro: -30.52, -27.30, 160.53
Accel: -0.08, 0.17, -0.96
Gyro: -31.94, -19.30, 173.50
Accel: -0.07, 0.12, -0.99
Gyro: -14.25, -20.63, 179.82
Accel: -0.10, 0.11, -0.97
Gyro: -21.79, -19.53, 176.87
Accel: -0.09, 0.02, -0.99
Gyro: -18.55, -18.20, 166.67
Accel: -0.07, 0.01, -0.97
Gyro: -24.02, -14.98, 148.90
Accel: -0.05, 0.01, -1.00
Gyro: -22.13, -14.56, 133.37
Accel: -0.04, -0.07, -0.98
Gyro: -12.62, -11.80, 108.38
Accel: -0.02, -0.10, -0.98
Gyro: -5.09, -8.70, 77.83
Accel: 0.00, -0.06, -0.98
Gyro: -1.72, -6.16, 51.03
Accel: 0.01, -0.04, -0.99
Gyro: 0.05, -3.54, 30.85
Accel: 0.01, -0.02, -0.97
Gyro: 1.78, -1.40, 12.24
Accel: 0.01, 0.01, -0.96
Gyro: 6.04, -0.53, -2.01
Accel: 0.02, 0.04, -0.96
Gyro: 7.84, -0.18, -12.44
Accel: 0.02, 0.07, -0.95
Gyro: 5.73, -1.34, -18.81
Accel: 0.02, 0.11, -0.97
Gyro: 5.65, -1.33, -20.48
Accel: 0.02, 0.11, -0.97
Gyro: 6.19, -0.09, -18.56
Accel: 0.03, 0.13, -0.97
Gyro: 5.38, 0.86, -15.08
Accel: 0.03, 0.12, -0.96
Gyro: 4.64, -0.10, -10.73
Accel: 0.03, 0.09, -0.97
Gyro: 3.85, -0.57, -7.80
Accel: 0.03, 0.10, -0.97
Gyro: 0.55, -0.69, -5.99
Accel: 0.02, 0.10, -0.96
Gyro: 0.45, 0.17, -3.79
Accel: 0.03, 0.07, -0.97
Gyro: -0.31, 1.20, -2.88
Accel: 0.03, 0.07, -0.96
Gyro: -1.48, 0.34, -3.58
Accel: 0.03, 0.08, -0.96
Gyro: -1.89, 0.22, -3.79
Accel: 0.03, 0.07, -0.97
Gyro: -2.73, 0.51, -4.42
Accel: 0.03, 0.07, -0.97
Gyro: -4.34, 0.93, -5.34
Accel: 0.03, 0.09, -0.96
Gyro: -4.17, 1.38, -6.52
Accel: 0.03, 0.10, -0.96
Gyro: -4.38, 0.94, -6.87
Accel: 0.04, 0.10, -0.95
Gyro: -4.20, -0.03, -7.09
Accel: 0.04, 0.12, -0.95
Gyro: -2.80, -0.34, -6.72
Accel: 0.03, 0.11, -0.96
Gyro: -2.30, 1.05, -6.64
Accel: 0.03, 0.11, -0.96
Gyro: -1.95, 0.06, -6.11
Accel: 0.03, 0.11, -0.94
Gyro: -1.31, -2.01, -4.90
Accel: 0.03, 0.10, -0.96
Gyro: -0.98, -3.19, -2.98
Accel: 0.03, 0.10, -0.98
Gyro: -2.33, -2.77, -2.49
Accel: 0.03, 0.10, -0.97
Gyro: -4.33, -1.30, -1.27
Accel: 0.03, 0.09, -0.96
Gyro: -4.44, -2.78, -0.08
Accel: 0.02, 0.09, -0.99
Gyro: -5.91, -0.43, -0.31
Accel: 0.03, 0.12, -0.97
Gyro: -6.03, 2.49, 1.06
Accel: 0.03, 0.10, -0.95
Gyro: -5.24, 2.61, 2.48
Accel: 0.04, 0.09, -0.94
Gyro: -4.78, 0.18, 1.73
Accel: 0.04, 0.10, -0.95
Gyro: -4.76, -0.46, 0.06
Accel: 0.04, 0.10, -0.95
Gyro: -2.32, -1.45, -1.25
Accel: 0.04, 0.12, -0.94
Gyro: -1.43, -3.82, -0.64
Accel: 0.04, 0.12, -0.95
Gyro: -0.31, -5.67, 1.77
Accel: 0.03, 0.10, -0.96
Gyro: 1.13, -5.46, 2.88
Accel: 0.02, 0.08, -0.99
Gyro: 0.50, -4.62, 1.45
Accel: 0.02, 0.09, -0.99
Gyro: -0.56, -1.36, -0.11
Accel: 0.02, 0.09, -0.97
Gyro: -0.82, -0.18, -0.35
Accel: 0.03, 0.08, -0.96
Gyro: -1.09, -0.66, -0.82
Accel: 0.03, 0.10, -0.97
Gyro: -1.37, 0.24, -2.24
Accel: 0.02, 0.11, -0.98
Gyro: -0.88, 2.94, -2.23
Accel: 0.04, 0.10, -0.93
Gyro: 0.66, 2.13, -2.01
Accel: 0.03, 0.09, -0.92
Gyro: -0.15, -2.26, -2.79
Accel: 0.03, 0.09, -0.95
Gyro: -1.11, -2.69, -2.91
Accel: 0.02, 0.09, -0.97
Gyro: -2.15, -2.39, -2.81
Accel: 0.02, 0.10, -0.96
Gyro: -3.19, -2.17, -2.64
