Accel: 0.05, 0.09, -0.96
Gyro: -1.60, 0.74, -1.20
Accel: 0.05, 0.09, -0.96
Gyro: -1.71, 0.69, -1.28
Accel: 0.05, 0.09, -0.96
Gyro: -1.65, 0.15, -1.22
Accel: 0.06, 0.09, -0.95
Gyro: -1.81, -0.34, -1.25
Accel: 0.05, 0.09, -0.96
Gyro: -2.07, -0.48, -1.21
Accel: 0.05, 0.08, -0.95
Gyro: -2.06, -0.34, -1.15
Accel: 0.05, 0.08, -0.95
Gyro: -2.18, -0.82, -1.63
Accel: 0.05, 0.08, -0.96
Gyro: -2.19, -1.04, -1.86
Accel: 0.05, 0.08, -0.97
Gyro: -2.42, -0.40, -2.15
Accel: 0.05, 0.09, -0.97
Gyro: -2.44, -0.33, -2.42
Accel: 0.06, 0.08, -0.96
Gyro: -2.37, -0.18, -3.17
Accel: 0.05, 0.08, -0.97
Gyro: -2.04, 0.27, -4.81
Accel: 0.05, 0.07, -0.97
Gyro: -1.82, 0.18, -6.71
Accel: 0.05, 0.04, -0.96
Gyro: -1.60, 0.30, -10.09
Accel: 0.06, 0.03, -0.96
Gyro: -1.41, 1.27, -17.64
Accel: 0.06, -0.00, -0.96
Gyro: 0.36, 0.85, -26.66
Accel: 0.05, -0.02, -0.97
Gyro: 1.90, 1.68, -39.49
Accel: 0.04, -0.05, -0.97
Gyro: 4.31, 2.39, -55.59
Accel: 0.02, -0.07, -0.95
Gyro: 7.61, 2.37, -73.43
Accel: 0.01, -0.01, -0.98
Gyro: 10.82, 2.87, -90.04
Accel: 0.02, -0.02, -1.00
Gyro: 14.53, 3.54, -101.59
Accel: -0.01, 0.02, -0.98
Gyro: 16.50, 7.61, -109.71
Accel: 0.01, 0.01, -1.00
Gyro: 16.98, 10.93, -114.01
Accel: 0.00, 0.01, -0.97
Gyro: 14.64, 13.09, -119.45
Accel: 0.01, 0.08, -0.98
Gyro: 12.31, 13.96, -119.41
Accel: 0.02, 0.08, -0.99
Gyro: 13.04, 15.85, -114.49
Accel: 0.02, 0.09, -0.98
Gyro: 15.31, 17.49, -108.22
Accel: 0.04, 0.12, -0.97
Gyro: 9.64, 18.17, -101.04
Accel: 0.05, 0.12, -0.96
Gyro: 9.08, 17.62, -87.87
Accel: 0.08, 0.12, -0.98
Gyro: 4.37, 17.62, -77.44
Accel: 0.10, 0.17, -0.92
Gyro: -0.95, 11.94, -60.35
Accel: 0.12, 0.14, -0.92
Gyro: -5.80, 5.71, -44.49
Accel: 0.12, 0.15, -0.91
Gyro: -8.74, 0.41, -29.66
Accel: 0.13, 0.11, -0.96
Gyro: -9.51, -1.99, -22.03
Accel: 0.12, 0.12, -0.92
Gyro: -8.61, -3.86, -15.74
Accel: 0.11, 0.12, -0.97
Gyro: -6.42, -3.63, -10.01
Accel: 0.10, 0.12, -0.96
Gyro: -7.49, -1.75, -4.40
Accel: 0.09, 0.11, -0.97
Gyro: -6.00, -1.66, 0.33
Accel: 0.10, 0.10, -0.97
Gyro: -5.43, -1.47, 3.11
Accel: 0.10, 0.10, -0.96
Gyro: -4.49, -0.15, 4.52
Accel: 0.10, 0.10, -0.96
Gyro: -3.75, -1.19, 6.35
Accel: 0.10, 0.13, -0.97
Gyro: -4.71, -1.30, 11.02
Accel: 0.10, 0.15, -0.97
Gyro: -7.43, -1.05, 19.04
Accel: 0.11, 0.20, -0.93
Gyro: -11.38, -4.03, 31.53
Accel: 0.10, 0.23, -0.92
Gyro: -15.90, -8.86, 50.35
Accel: 0.09, 0.23, -0.94
Gyro: -20.30, -12.40, 67.89
Accel: 0.07, 0.25, -0.92
Gyro: -18.05, -17.05, 88.07
Accel: 0.05, 0.25, -0.93
Gyro: -17.14, -21.36, 107.54
Accel: 0.02, 0.21, -0.95
Gyro: -17.28, -23.61, 123.17
Accel: 0.01, 0.12, -0.97
Gyro: -19.24, -23.28, 131.75
Accel: -0.00, 0.07, -0.99
Gyro: -18.42, -19.52, 127.61
Accel: 0.01, 0.02, -0.97
Gyro: -15.42, -17.95, 118.98
Accel: 0.02, -0.06, -0.97
Gyro: -16.96, -18.24, 101.43
Accel: 0.02, -0.01, -0.99
Gyro: -18.07, -16.35, 80.51
Accel: 0.02, 0.05, -0.99
Gyro: -14.21, -13.03, 70.32
Accel: 0.02, -0.00, -1.00
Gyro: -12.72, -9.38, 61.06
Accel: 0.04, 0.03, -0.99
Gyro: -9.43, -4.73, 45.95
Accel: 0.04, 0.07, -0.97
Gyro: -3.27, -2.69, 36.22
Accel: 0.05, 0.09, -0.96
Gyro: 0.64, -3.04, 31.06
Accel: 0.05, 0.10, -0.95
Gyro: 3.27, -3.07, 27.99
Accel: 0.05, 0.11, -0.94
Gyro: 2.67, -5.62, 26.70
Accel: 0.05, 0.09, -0.94
Gyro: 1.53, -7.32, 26.48
Accel: 0.05, 0.08, -0.98
Gyro: 0.08, -7.06, 23.46
Accel: 0.05, 0.07, -0.97
Gyro: -1.11, -4.14, 19.33
Accel: 0.05, 0.05, -0.97
Gyro: -1.21, -2.78, 14.28
Accel: 0.05, 0.08, -0.96
Gyro: -0.43, -2.73, 9.95
Accel: 0.04, 0.07, -0.96
Gyro: 0.83, -2.14, 7.13
Accel: 0.05, 0.07, -0.97
Gyro: 1.22, -0.89, 4.14
Accel: 0.05, 0.07, -0.96
Gyro: 0.40, -1.23, 1.37
Accel: 0.04, 0.08, -0.97
Gyro: 0.20, -1.14, -0.45
Accel: 0.05, 0.08, -0.98
Gyro: -0.45, -0.74, -1.72
Accel: 0.06, 0.08, -0.96
Gyro: -1.34, 0.05, -3.31
Accel: 0.05, 0.09, -0.97
Gyro: -1.73, 0.48, -4.45
Accel: 0.06, 0.10, -0.95
Gyro: -1.43, 0.53, -4.59
Accel: 0.06, 0.11, -0.95
Gyro: -1.14, 0.61, -3.90
Accel: 0.06, 0.10, -0.95
Gyro: -1.05, -0.07, -3.30
Accel: 0.05, 0.10, -0.95
Gyro: -1.24, -0.78, -2.67
Accel: 0.05, 0.10, -0.96
Gyro: -1.50, -1.62, -2.25
Accel: 0.05, 0.09, -0.96
Gyro: -1.66, -1.75, -1.75
Accel: 0.05, 0.09, -0.96
Gyro: -1.94, -1.53, -1.74
Accel: 0.05, 0.10, -0.96
Gyro: -1.45, -2.21, -1.45
Accel: 0.05, 0.09, -0.97
Gyro: -1.03, -1.80, -1.80
Accel: 0.05, 0.09, -0.96
Gyro: -0.46, -1.99, -1.50
Accel: 0.05, 0.09, -0.97
Gyro: -0.95, -1.77, -1.63
Accel: 0.04, 0.09, -0.96
Gyro: -1.39, -0.98, -1.56
Accel: 0.04, 0.09, -0.96
Gyro: -1.65, -0.14, -1.53
Accel: 0.05, 0.08, -0.96
Gyro: -1.72, 0.09, -1.72
Accel: 0.05, 0.09, -0.96
Gyro: -1.55, 0.05, -1.50
Accel: 0.05, 0.09, -0.96
Gyro: -1.08, 0.30, -1.22
Accel: 0.06, 0.09, -0.96
Gyro: -1.18, -0.08, -1.20
Accel: 0.06, 0.08, -0.96
Gyro: -1.40, -0.82, -1.35
Accel: 0.04, 0.10, -0.97
Gyro: -1.18, -0.72, -1.24
Accel: 0.05, 0.08, -0.97
Gyro: -1.43, -0.31, -0.94
Accel: 0.05, 0.08, -0.97
Gyro: -2.24, -0.47, -0.92
Accel: 0.05, 0.09, -0.96
Gyro: -2.46, -0.82, -1.11
Accel: 0.05, 0.08, -0.96
Gyro: -1.91, -0.34, -1.15
Accel: 0.05, 0.08, -0.97
Gyro: -1.87, -0.31, -1.53
Accel: 0.04, 0.09, -0.96
Gyro: -1.97, -0.33, -1.49
Accel: 0.05, 0.09, -0.96
Gyro: -2.04, -0.16, -1.07
Accel: 0.05, 0.08, -0.96
Gyro: -2.37, 0.11, -0.95
Accel: 0.05, 0.08, -0.97
Gyro: -2.25, 0.01, -1.35
