Accel: 0.06, 0.12, -0.96
Gyro: -1.42, -0.90, -1.94
Accel: 0.06, 0.11, -0.96
Gyro: -1.56, -1.31, -1.69
Accel: 0.05, 0.11, -0.96
Gyro: -1.99, -1.18, -1.66
Accel: 0.06, 0.10, -0.96
Gyro: -2.28, -0.77, -2.06
Accel: 0.06, 0.11, -0.95
Gyro: -2.69, -0.85, -2.75
Accel: 0.05, 0.11, -0.96
Gyro: -2.43, -0.43, -2.78
Accel: 0.06, 0.11, -0.96
Gyro: -2.14, -0.39, -2.41
Accel: 0.06, 0.11, -0.96
Gyro: -1.83, -0.59, -1.91
Accel: 0.06, 0.11, -0.97
Gyro: -1.85, -0.59, -1.58
Accel: 0.06, 0.10, -0.96
Gyro: -2.38, -0.75, -2.07
Accel: 0.06, 0.10, -0.96
Gyro: -2.18, -0.50, -2.29
Accel: 0.06, 0.10, -0.96
Gyro: -2.50, -0.62, -3.43
Accel: 0.05, 0.08, -0.96
Gyro: -2.60, -0.69, -4.92
Accel: 0.05, 0.06, -0.97
Gyro: -2.53, 0.22, -10.17
Accel: 0.05, 0.03, -0.97
Gyro: -0.98, 0.47, -17.98
Accel: 0.05, 0.00, -0.97
Gyro: 1.30, 2.16, -31.59
Accel: 0.04, -0.02, -0.97
Gyro: 5.74, 3.18, -46.44
Accel: 0.03, -0.06, -0.98
Gyro: 13.92, 5.77, -69.67
Accel: 0.02, 0.00, -0.99
Gyro: 22.19, 7.62, -89.36
Accel: 0.02, 0.03, -0.98
Gyro: 27.57, 8.67, -98.86
Accel: 0.03, 0.06, -0.99
Gyro: 26.12, 11.49, -102.42
Accel: 0.03, 0.05, -0.98
Gyro: 23.38, 13.54, -100.50
Accel: 0.04, 0.03, -0.96
Gyro: 19.44, 14.48, -99.58
Accel: 0.05, 0.01, -0.95
Gyro: 19.04, 13.31, -100.88
Accel: 0.05, 0.01, -0.95
Gyro: 18.53, 13.60, -101.14
Accel: 0.06, -0.07, -0.99
Gyro: 15.90, 13.00, -105.95
Accel: 0.05, 0.02, -0.95
Gyro: 10.08, 12.52, -105.93
Accel: 0.06, 0.05, -0.99
Gyro: 8.58, 11.70, -102.51
Accel: 0.10, 0.19, -0.99
Gyro: -1.45, 10.71, -90.01
Accel: 0.09, 0.23, -0.87
Gyro: -2.10, 4.23, -63.30
Accel: 0.11, 0.18, -0.93
Gyro: -9.72, -0.08, -39.32
Accel: 0.11, 0.14, -0.92
Gyro: -13.95, -3.34, -24.51
Accel: 0.10, 0.14, -0.96
Gyro: -10.24, -5.74, -16.10
Accel: 0.09, 0.11, -1.00
Gyro: -9.41, -3.54, -8.77
Accel: 0.09, 0.08, -0.97
Gyro: -9.88, 0.47, -5.61
Accel: 0.09, 0.09, -0.95
Gyro: -7.42, -1.56, -4.04
Accel: 0.09, 0.09, -0.96
Gyro: -7.87, -1.66, -1.99
Accel: 0.09, 0.10, -0.96
Gyro: -8.29, -1.62, 0.52
Accel: 0.10, 0.11, -0.96
Gyro: -7.75, -2.82, 2.71
Accel: 0.09, 0.09, -0.97
Gyro: -7.82, -3.62, 4.43
Accel: 0.09, 0.11, -0.96
Gyro: -7.55, -2.43, 4.53
Accel: 0.10, 0.14, -0.95
Gyro: -6.67, -3.43, 7.10
Accel: 0.09, 0.16, -0.94
Gyro: -6.78, -4.76, 13.58
Accel: 0.08, 0.20, -0.98
Gyro: -7.33, -3.94, 24.48
Accel: 0.09, 0.24, -0.94
Gyro: -8.19, -4.41, 37.20
Accel: 0.08, 0.28, -0.93
Gyro: -9.51, -9.54, 57.43
Accel: 0.07, 0.28, -0.89
Gyro: -9.07, -14.99, 80.84
Accel: 0.06, 0.25, -0.93
Gyro: -11.75, -19.26, 101.69
Accel: 0.03, 0.21, -0.93
Gyro: -15.20, -22.45, 118.54
Accel: 0.01, 0.16, -0.97
Gyro: -16.25, -24.06, 129.17
Accel: 0.00, 0.04, -0.99
Gyro: -16.16, -20.53, 126.91
Accel: 0.00, 0.05, -0.97
Gyro: -8.87, -18.54, 123.32
Accel: -0.01, -0.03, -0.98
Gyro: -13.87, -15.27, 113.52
Accel: -0.00, -0.05, -0.99
Gyro: -15.53, -12.52, 92.74
Accel: 0.02, 0.04, -0.97
Gyro: -13.73, -10.99, 79.72
Accel: 0.01, 0.04, -0.98
Gyro: -10.73, -11.04, 73.96
Accel: 0.01, 0.04, -0.99
Gyro: -9.09, -8.41, 64.10
Accel: 0.02, 0.07, -0.98
Gyro: -7.74, -6.77, 57.08
Accel: 0.03, 0.05, -0.97
Gyro: -4.44, -6.15, 53.20
Accel: 0.03, 0.01, -0.98
Gyro: -1.27, -4.21, 42.77
Accel: 0.04, 0.02, -0.97
Gyro: 0.34, -2.04, 30.53
Accel: 0.05, 0.04, -0.95
Gyro: 1.66, -2.08, 21.23
Accel: 0.04, 0.05, -0.96
Gyro: 2.71, -3.01, 15.85
Accel: 0.04, 0.05, -0.96
Gyro: 2.75, -2.04, 11.28
Accel: 0.04, 0.05, -0.96
Gyro: 2.05, -1.14, 7.55
Accel: 0.05, 0.05, -0.97
Gyro: 1.06, -0.98, 4.31
Accel: 0.04, 0.05, -0.98
Gyro: -0.50, -0.75, 1.40
Accel: 0.05, 0.05, -0.97
Gyro: -1.11, 0.11, -1.91
Accel: 0.05, 0.07, -0.97
Gyro: -1.41, 0.82, -4.52
Accel: 0.06, 0.08, -0.97
Gyro: -1.14, 1.27, -5.51
Accel: 0.05, 0.09, -0.97
Gyro: -0.88, 1.46, -5.50
Accel: 0.07, 0.09, -0.97
Gyro: -0.96, 1.34, -4.66
Accel: 0.07, 0.09, -0.96
Gyro: -2.27, 0.93, -3.94
Accel: 0.07, 0.09, -0.95
Gyro: -3.07, 0.03, -3.30
Accel: 0.07, 0.10, -0.96
Gyro: -3.98, -0.62, -3.12
Accel: 0.06, 0.09, -0.95
Gyro: -3.21, -0.88, -2.24
Accel: 0.06, 0.09, -0.96
Gyro: -3.33, -1.60, -2.36
Accel: 0.05, 0.10, -0.96
Gyro: -2.91, -1.63, -2.11
Accel: 0.05, 0.10, -0.95
Gyro: -1.69, -1.56, -1.92
Accel: 0.05, 0.10, -0.97
Gyro: -1.15, -1.19, -1.81
Accel: 0.05, 0.10, -0.97
Gyro: -0.98, -0.99, -1.62
Accel: 0.05, 0.09, -0.96
Gyro: -1.27, -0.40, -1.01
Accel: 0.05, 0.08, -0.97
Gyro: -1.77, 0.08, -0.87
Accel: 0.05, 0.08, -0.96
Gyro: -2.10, -0.05, -1.64
Accel: 0.05, 0.09, -0.96
Gyro: -2.30, -0.22, -2.30
Accel: 0.05, 0.09, -0.97
Gyro: -2.47, -0.22, -2.22
Accel: 0.05, 0.09, -0.97
Gyro: -2.38, 0.33, -2.37
Accel: 0.05, 0.09, -0.96
Gyro: -2.42, -0.05, -2.75
Accel: 0.06, 0.10, -0.96
Gyro: -2.18, 0.04, -3.13
Accel: 0.06, 0.10, -0.96
Gyro: -1.47, 0.17, -3.01
Accel: 0.06, 0.10, -0.95
Gyro: -1.30, -0.02, -3.07
Accel: 0.06, 0.10, -0.95
Gyro: -2.08, -0.76, -2.91
Accel: 0.06, 0.10, -0.95
Gyro: -2.01, -1.11, -2.45
Accel: 0.06, 0.10, -0.97
Gyro: -1.71, -0.85, -1.85
Accel: 0.06, 0.09, -0.96
Gyro: -1.42, -0.82, -1.31
Accel: 0.05, 0.09, -0.96
Gyro: -1.74, -1.42, -1.38
Accel: 0.05, 0.09, -0.96
Gyro: -1.71, -1.33, -1.56
Accel: 0.05, 0.09, -0.96
Gyro: -1.72, -0.82, -1.63
Accel: 0.05, 0.09, -0.96
Gyro: -1.93, -0.71, -1.91
Accel: 0.04, 0.09, -0.96
Gyro: -2.01, -0.66, -1.98
Accel: 0.05, 0.09, -0.97
Gyro: -2.23, -0.22, -2.11
