Accel: -0.27, 0.07, -0.91
Gyro: -1.62, -1.37, -0.53
Accel: -0.28, 0.06, -0.94
Gyro: -1.72, -2.36, -0.47
Accel: -0.28, 0.06, -0.94
Gyro: -3.03, -1.09, -1.29
Accel: -0.28, 0.06, -0.94
Gyro: -3.75, 0.61, -2.86
Accel: -0.27, 0.07, -0.92
Gyro: -3.01, 0.63, -4.04
Accel: -0.27, 0.07, -0.93
Gyro: -2.81, -0.47, -5.16
Accel: -0.27, 0.09, -0.95
Gyro: -1.55, -0.08, -5.05
Accel: -0.25, 0.08, -0.92
Gyro: 0.69, -0.08, -3.86
Accel: -0.28, -0.05, -0.89
Gyro: -0.76, -2.11, -7.31
Accel: -0.32, -0.19, -1.02
Gyro: -15.97, 1.79, -27.87
Accel: -0.32, -0.22, -1.01
Gyro: -18.30, 9.19, -56.93
Accel: -0.33, -0.40, -0.97
Gyro: -13.30, 15.45, -104.23
Accel: -0.45, -0.53, -1.00
Gyro: -23.09, 22.80, -170.49
Accel: -0.55, -0.38, -1.05
Gyro: -44.88, 37.79, -232.96
Accel: -0.56, -0.11, -0.96
Gyro: -56.36, 52.97, -250.00
Accel: -0.54, 0.01, -0.94
Gyro: -58.51, 61.27, -250.00
Accel: -0.47, 0.10, -0.84
Gyro: -65.93, 64.25, -244.69
Accel: -0.38, 0.21, -0.83
Gyro: -65.64, 57.79, -226.23
Accel: -0.34, 0.25, -0.86
Gyro: -62.81, 52.47, -206.37
Accel: -0.26, 0.38, -0.87
Gyro: -56.17, 47.59, -183.17
Accel: -0.21, 0.41, -0.83
Gyro: -41.05, 38.93, -151.05
Accel: -0.29, 0.41, -1.02
Gyro: -49.96, 58.21, -125.14
Accel: -0.04, 0.55, -0.76
Gyro: -29.91, 26.89, -107.93
Accel: -0.10, 0.41, -0.92
Gyro: -12.35, 14.18, -68.85
Accel: -0.08, 0.42, -0.94
Gyro: -15.17, 20.93, -41.11
Accel: -0.03, 0.30, -0.86
Gyro: -4.44, 8.31, -23.74
Accel: -0.06, 0.29, -0.95
Gyro: -4.97, 1.06, -10.85
Accel: -0.05, 0.28, -0.98
Gyro: 1.02, 3.81, 1.81
Accel: -0.02, 0.26, -0.90
Gyro: 9.22, -1.93, 10.60
Accel: -0.05, 0.21, -0.98
Gyro: 6.87, -3.73, 19.65
Accel: -0.02, 0.24, -0.91
Gyro: 7.12, -6.34, 29.11
Accel: -0.03, 0.29, -0.85
Gyro: 9.21, -14.91, 44.96
Accel: -0.05, 0.32, -0.98
Gyro: 9.65, -22.32, 66.40
Accel: -0.10, 0.26, -0.96
Gyro: 14.27, -18.85, 77.81
Accel: -0.08, 0.37, -0.84
Gyro: 18.66, -26.69, 92.68
Accel: -0.08, 0.42, -0.78
Gyro: 27.56, -46.55, 128.01
Accel: -0.20, 0.33, -1.02
Gyro: 39.67, -48.36, 159.71
Accel: -0.23, 0.30, -0.80
Gyro: 30.40, -45.30, 179.13
Accel: -0.28, 0.15, -0.76
Gyro: 47.23, -68.64, 198.64
Accel: -0.37, -0.01, -1.01
Gyro: 40.69, -67.15, 193.71
Accel: -0.36, 0.05, -0.89
Gyro: 25.31, -56.36, 180.80
Accel: -0.37, 0.02, -0.87
Gyro: 46.89, -64.70, 180.27
Accel: -0.43, -0.18, -1.00
Gyro: 32.73, -54.37, 160.18
Accel: -0.40, -0.05, -0.98
Gyro: 21.04, -44.56, 136.38
Accel: -0.42, 0.02, -1.00
Gyro: 21.03, -37.35, 133.03
Accel: -0.42, 0.01, -1.02
Gyro: 14.73, -25.57, 127.10
Accel: -0.39, 0.02, -0.95
Gyro: 13.89, -17.49, 118.87
Accel: -0.38, -0.03, -0.95
Gyro: 16.78, -14.07, 104.78
Accel: -0.36, -0.05, -0.98
Gyro: 10.56, -5.71, 84.77
Accel: -0.34, -0.09, -0.91
Gyro: 8.30, -0.34, 61.61
Accel: -0.35, 0.01, -0.97
Gyro: 8.13, 2.08, 36.20
Accel: -0.33, 0.03, -0.94
Gyro: 11.30, 10.28, 25.47
Accel: -0.29, 0.02, -0.91
Gyro: 11.29, 9.17, 10.08
Accel: -0.27, 0.06, -0.91
Gyro: 8.75, 7.44, -0.76
Accel: -0.26, 0.06, -0.90
Gyro: 11.47, 3.80, -7.26
Accel: -0.26, 0.06, -0.91
Gyro: 12.70, 1.17, -11.09
Accel: -0.27, 0.09, -0.95
Gyro: 7.17, 0.77, -12.47
Accel: -0.26, 0.06, -0.91
Gyro: 6.93, 0.33, -10.64
Accel: -0.27, 0.05, -0.93
Gyro: 3.54, 0.00, -10.83
Accel: -0.26, 0.05, -0.94
Gyro: -0.18, 0.43, -10.84
Accel: -0.26, 0.06, -0.93
Gyro: -2.14, 0.91, -10.73
Accel: -0.25, 0.07, -0.93
Gyro: -1.98, -0.89, -10.23
Accel: -0.26, 0.08, -0.93
Gyro: -1.86, -1.22, -9.23
Accel: -0.25, 0.09, -0.93
Gyro: -0.63, -1.20, -7.57
Accel: -0.26, 0.08, -0.93
Gyro: 0.88, -2.14, -5.60
Accel: -0.26, 0.06, -0.95
Gyro: -0.87, -1.14, -4.88
Accel: -0.26, 0.05, -0.95
Gyro: -4.15, 1.51, -3.87
Accel: -0.25, 0.06, -0.94
Gyro: -4.44, 2.69, -4.13
Accel: -0.26, 0.07, -0.93
Gyro: -5.13, 2.32, -3.97
Accel: -0.25, 0.08, -0.92
Gyro: -4.39, 0.70, -3.68
Accel: -0.26, 0.07, -0.94
Gyro: -2.84, -0.25, -3.03
Accel: -0.26, 0.06, -0.96
Gyro: -4.17, 2.03, -2.00
Accel: -0.26, 0.04, -0.94
Gyro: -3.79, 1.73, -2.89
Accel: -0.26, 0.06, -0.93
Gyro: -6.65, 3.21, -3.74
Accel: -0.25, 0.07, -0.92
Gyro: -7.88, 1.69, -4.49
Accel: -0.25, 0.09, -0.92
Gyro: -5.07, -1.24, -5.20
Accel: -0.26, 0.09, -0.94
Gyro: -2.58, -2.14, -3.25
Accel: -0.25, 0.09, -0.93
Gyro: -2.35, -2.06, -1.82
Accel: -0.26, 0.09, -0.92
Gyro: -2.68, -2.18, -0.54
Accel: -0.26, 0.08, -0.93
Gyro: -2.52, -1.93, -0.58
Accel: -0.26, 0.08, -0.94
Gyro: -2.40, -1.61, -1.55
Accel: -0.26, 0.07, -0.93
Gyro: -1.63, -1.50, -2.87
Accel: -0.26, 0.09, -0.92
Gyro: -1.52, -2.40, -3.82
Accel: -0.26, 0.08, -0.93
Gyro: -1.02, -2.61, -3.67
Accel: -0.26, 0.08, -0.94
Gyro: -1.16, -2.66, -3.58
Accel: -0.27, 0.08, -0.94
Gyro: -1.88, -1.90, -2.82
Accel: -0.27, 0.08, -0.95
Gyro: -2.53, -0.30, -2.61
Accel: -0.26, 0.08, -0.93
Gyro: -2.19, 0.05, -2.27
Accel: -0.26, 0.08, -0.94
Gyro: -1.72, -0.93, -1.84
Accel: -0.27, 0.07, -0.94
Gyro: -1.99, -0.44, -1.34
Accel: -0.26, 0.07, -0.93
Gyro: -2.20, -0.11, -1.63
Accel: -0.26, 0.08, -0.93
Gyro: -2.31, -0.63, -2.10
Accel: -0.26, 0.08, -0.93
Gyro: -2.06, -1.45, -2.05
Accel: -0.27, 0.07, -0.94
Gyro: -1.66, -1.49, -2.08
Accel: -0.26, 0.08, -0.95
Gyro: -2.49, -0.02, -2.16
Accel: -0.26, 0.07, -0.93
Gyro: -1.54, 0.69, -1.92
Accel: -0.27, 0.06, -0.93
Gyro: -1.51, -0.10, -2.33
Accel: -0.26, 0.07, -0.95
Gyro: -2.62, 0.38, -3.18
Accel: -0.26, 0.07, -0.92
Gyro: -1.98, 1.57, -2.69
Accel: -0.26, 0.08, -0.94
Gyro: -1.63, 0.60, -2.15
Accel: -0.26, 0.08, -0.92
Gyro: -1.34, 0.09, -1.50
