Accel: -0.27, 0.05, -0.93
Gyro: -1.14, 0.61, -1.21
Accel: -0.27, 0.05, -0.93
Gyro: -0.19, -0.84, -1.14
Accel: -0.27, 0.05, -0.93
Gyro: -1.12, -0.86, -1.32
Accel: -0.28, 0.05, -0.94
Gyro: -0.53, -0.53, -0.97
Accel: -0.27, 0.04, -0.94
Gyro: -0.89, 0.44, -0.48
Accel: -0.27, 0.04, -0.92
Gyro: -2.14, 0.06, -0.69
Accel: -0.26, 0.04, -0.95
Gyro: -2.91, -0.63, -1.20
Accel: -0.26, 0.04, -0.94
Gyro: -2.50, -0.14, -2.20
Accel: -0.27, 0.05, -0.91
Gyro: -2.06, -0.82, -1.76
Accel: -0.27, 0.02, -0.93
Gyro: -2.18, -2.91, -2.22
Accel: -0.30, -0.16, -0.98
Gyro: -7.69, -1.39, -12.18
Accel: -0.31, -0.25, -0.97
Gyro: -17.14, 5.46, -42.81
Accel: -0.32, -0.31, -0.97
Gyro: -17.14, 8.40, -79.23
Accel: -0.38, -0.44, -1.02
Gyro: -22.79, 18.27, -133.49
Accel: -0.43, -0.27, -0.96
Gyro: -35.00, 28.89, -185.65
Accel: -0.45, -0.15, -0.92
Gyro: -29.27, 30.91, -208.59
Accel: -0.48, -0.11, -1.00
Gyro: -36.09, 38.23, -224.85
Accel: -0.46, -0.03, -0.96
Gyro: -41.34, 45.10, -229.55
Accel: -0.44, 0.00, -0.95
Gyro: -42.81, 52.23, -229.52
Accel: -0.38, 0.07, -0.90
Gyro: -41.82, 53.28, -224.89
Accel: -0.35, 0.15, -0.93
Gyro: -40.39, 51.07, -212.46
Accel: -0.33, 0.11, -0.96
Gyro: -42.43, 55.58, -200.68
Accel: -0.20, 0.28, -0.77
Gyro: -42.89, 49.61, -189.52
Accel: -0.10, 0.41, -0.81
Gyro: -29.66, 30.98, -154.91
Accel: -0.04, 0.42, -1.03
Gyro: -47.11, 39.89, -108.50
Accel: -0.04, 0.38, -0.89
Gyro: -32.82, 20.81, -69.53
Accel: -0.05, 0.30, -0.99
Gyro: -21.10, 14.70, -43.05
Accel: 0.00, 0.28, -0.93
Gyro: -19.97, 16.59, -25.78
Accel: 0.03, 0.28, -0.83
Gyro: -10.60, 4.85, -9.80
Accel: 0.00, 0.22, -0.97
Gyro: -7.24, -0.38, -0.34
Accel: 0.06, 0.37, -0.90
Gyro: 5.36, -1.63, 7.66
Accel: 0.02, 0.16, -0.87
Gyro: 12.95, -18.11, 21.32
Accel: -0.03, 0.22, -1.07
Gyro: 0.90, -17.91, 29.27
Accel: -0.02, 0.31, -0.99
Gyro: 13.43, -14.94, 39.69
Accel: -0.04, 0.23, -0.86
Gyro: 24.40, -23.59, 55.27
Accel: -0.10, 0.30, -0.93
Gyro: 12.03, -32.01, 85.83
Accel: -0.14, 0.40, -0.94
Gyro: 6.49, -25.92, 120.87
Accel: -0.11, 0.43, -0.73
Gyro: 23.41, -42.05, 155.34
Accel: -0.20, 0.39, -0.79
Gyro: 45.20, -65.47, 197.60
Accel: -0.40, 0.19, -1.18
Gyro: 43.51, -58.26, 222.02
Accel: -0.38, 0.10, -0.87
Gyro: 35.12, -37.37, 230.74
Accel: -0.35, 0.03, -0.71
Gyro: 50.66, -54.84, 235.14
Accel: -0.43, -0.20, -0.99
Gyro: 38.25, -56.72, 219.21
Accel: -0.40, -0.14, -0.91
Gyro: 13.93, -48.58, 182.38
Accel: -0.37, 0.04, -0.90
Gyro: 29.40, -50.36, 173.06
Accel: -0.42, -0.12, -1.03
Gyro: 30.37, -40.89, 166.12
Accel: -0.42, -0.15, -1.00
Gyro: 20.16, -31.43, 140.67
Accel: -0.40, -0.12, -0.98
Gyro: 18.65, -23.55, 120.57
Accel: -0.38, -0.14, -0.99
Gyro: 15.79, -15.68, 99.67
Accel: -0.35, -0.16, -0.99
Gyro: 6.17, -7.49, 73.94
Accel: -0.32, -0.13, -0.93
Gyro: 3.34, -3.55, 47.74
Accel: -0.31, -0.10, -0.95
Gyro: 3.72, -1.24, 24.32
Accel: -0.30, -0.07, -0.94
Gyro: 0.85, 1.61, 5.93
Accel: -0.29, -0.03, -0.92
Gyro: -0.65, 1.22, -9.41
Accel: -0.30, 0.02, -0.93
Gyro: -2.94, 1.11, -19.43
Accel: -0.30, 0.07, -0.94
Gyro: -2.83, 2.46, -23.02
Accel: -0.29, 0.09, -0.92
Gyro: -1.03, 3.34, -21.47
Accel: -0.29, 0.07, -0.94
Gyro: -0.14, 2.55, -19.39
Accel: -0.29, 0.08, -0.95
Gyro: -2.06, 4.00, -17.29
Accel: -0.27, 0.08, -0.92
Gyro: -1.57, 4.51, -14.80
Accel: -0.27, 0.08, -0.89
Gyro: -0.24, 0.98, -12.86
Accel: -0.28, 0.07, -0.94
Gyro: 0.79, -1.56, -10.72
Accel: -0.29, 0.07, -0.95
Gyro: -0.73, 1.79, -7.21
Accel: -0.28, 0.06, -0.93
Gyro: -0.84, 2.87, -5.09
Accel: -0.27, 0.05, -0.92
Gyro: -1.12, 1.53, -4.62
Accel: -0.26, 0.05, -0.93
Gyro: -3.20, 0.70, -4.99
Accel: -0.26, 0.06, -0.93
Gyro: -3.16, 0.89, -5.18
Accel: -0.26, 0.06, -0.93
Gyro: -2.51, -0.27, -5.16
Accel: -0.26, 0.06, -0.95
Gyro: -2.99, 0.15, -4.52
Accel: -0.26, 0.07, -0.94
Gyro: -4.18, 2.10, -3.56
Accel: -0.26, 0.07, -0.91
Gyro: -2.69, 1.76, -2.44
Accel: -0.26, 0.06, -0.93
Gyro: -2.08, 0.38, -1.76
Accel: -0.25, 0.04, -0.93
Gyro: -2.59, -0.02, -2.66
Accel: -0.25, 0.05, -0.93
Gyro: -3.42, -0.76, -3.71
Accel: -0.26, 0.06, -0.95
Gyro: -4.40, 0.24, -3.62
Accel: -0.25, 0.07, -0.93
Gyro: -2.99, 0.44, -3.49
Accel: -0.26, 0.07, -0.94
Gyro: -0.98, -0.39, -2.50
Accel: -0.26, 0.06, -0.94
Gyro: -0.65, -0.36, -0.60
Accel: -0.26, 0.05, -0.94
Gyro: -1.75, -0.43, -0.50
Accel: -0.26, 0.05, -0.93
Gyro: -2.32, -1.27, -0.88
Accel: -0.27, 0.06, -0.95
Gyro: -1.90, -0.66, -0.62
Accel: -0.26, 0.07, -0.94
Gyro: -0.47, 0.17, -0.93
Accel: -0.26, 0.05, -0.92
Gyro: 0.95, 0.11, -1.01
Accel: -0.26, 0.05, -0.92
Gyro: -0.95, -1.31, -0.64
Accel: -0.27, 0.05, -0.94
Gyro: -2.28, -2.24, -0.66
Accel: -0.26, 0.05, -0.93
Gyro: -2.63, -1.44, -0.86
Accel: -0.26, 0.05, -0.93
Gyro: -2.13, -1.46, -1.04
Accel: -0.27, 0.06, -0.92
Gyro: -1.93, -1.37, -0.90
Accel: -0.27, 0.06, -0.93
Gyro: -2.72, -0.79, -0.69
Accel: -0.27, 0.06, -0.94
Gyro: -1.67, -0.59, -0.38
Accel: -0.27, 0.04, -0.95
Gyro: -2.14, 0.36, -0.22
Accel: -0.26, 0.05, -0.93
Gyro: -3.20, 1.01, -1.17
Accel: -0.26, 0.05, -0.93
Gyro: -2.69, 0.72, -1.90
Accel: -0.27, 0.06, -0.94
Gyro: -1.98, 0.41, -2.38
Accel: -0.26, 0.06, -0.94
Gyro: -2.01, 1.01, -1.30
Accel: -0.26, 0.05, -0.92
Gyro: -0.78, 0.27, -0.73
Accel: -0.26, 0.05, -0.94
Gyro: -0.75, -1.08, -0.78
Accel: -0.26, 0.05, -0.94
Gyro: -3.00, -0.08, -0.44
Accel: -0.25, 0.05, -0.93
Gyro: -2.53, -0.46, -1.21
Accel: -0.25, 0.05, -0.92
Gyro: -1.45, -1.96, -1.63
Accel: -0.26, 0.06, -0.94
Gyro: -1.40, -2.14, -1.59
