Accel: -0.22, 0.07, -0.94
Gyro: -2.24, -0.05, -1.64
Accel: -0.22, 0.07, -0.93
Gyro: -2.58, -0.77, -1.53
Accel: -0.24, 0.07, -0.95
Gyro: -3.81, -0.05, -1.65
Accel: -0.22, 0.07, -0.94
Gyro: -1.56, 0.29, -2.02
Accel: -0.23, 0.06, -0.93
Gyro: -1.42, -0.76, -1.27
Accel: -0.24, 0.07, -0.93
Gyro: -2.28, -1.82, -1.00
Accel: -0.24, 0.07, -0.94
Gyro: -2.62, -1.48, -0.45
Accel: -0.23, 0.06, -0.94
Gyro: -2.33, -1.01, -0.89
Accel: -0.24, 0.05, -0.95
Gyro: -2.01, -1.04, -1.93
Accel: -0.24, 0.03, -0.95
Gyro: -1.83, -0.68, -3.96
Accel: -0.25, -0.06, -0.97
Gyro: -4.63, 1.06, -11.15
Accel: -0.24, -0.18, -0.95
Gyro: -7.84, 1.60, -34.20
Accel: -0.28, -0.29, -0.97
Gyro: -11.14, 5.27, -69.58
Accel: -0.34, -0.39, -1.04
Gyro: -15.79, 13.57, -121.07
Accel: -0.38, -0.30, -1.00
Gyro: -26.76, 25.54, -169.91
Accel: -0.42, -0.22, -0.98
Gyro: -30.04, 30.65, -200.55
Accel: -0.45, -0.15, -0.99
Gyro: -42.56, 40.29, -221.12
Accel: -0.42, 0.02, -0.93
Gyro: -51.96, 47.45, -227.45
Accel: -0.37, 0.06, -0.87
Gyro: -47.85, 47.38, -217.59
Accel: -0.33, 0.11, -0.86
Gyro: -51.65, 45.17, -212.20
Accel: -0.28, 0.17, -0.82
Gyro: -52.02, 35.64, -199.30
Accel: -0.26, 0.23, -0.85
Gyro: -54.66, 28.62, -181.02
Accel: -0.28, 0.21, -0.90
Gyro: -61.31, 27.92, -161.65
Accel: -0.35, 0.45, -1.10
Gyro: -68.22, 42.44, -130.33
Accel: -0.13, 0.43, -0.84
Gyro: -40.66, 25.09, -108.50
Accel: -0.13, 0.42, -0.91
Gyro: -24.77, 16.75, -81.09
Accel: -0.09, 0.44, -0.92
Gyro: -22.77, 15.09, -50.92
Accel: -0.07, 0.41, -0.94
Gyro: -19.70, 10.86, -22.21
Accel: -0.05, 0.30, -0.92
Gyro: -11.29, 6.52, -3.65
Accel: -0.06, 0.22, -0.92
Gyro: -8.95, -0.34, 2.14
Accel: -0.07, 0.25, -0.97
Gyro: -7.42, 0.08, 3.20
Accel: -0.04, 0.28, -0.91
Gyro: 2.04, -1.07, 4.88
Accel: -0.05, 0.27, -0.95
Gyro: 3.45, -6.11, 10.46
Accel: -0.07, 0.30, -0.95
Gyro: 7.75, -6.61, 19.44
Accel: -0.08, 0.29, -0.95
Gyro: 12.89, -8.43, 29.63
Accel: -0.06, 0.33, -0.94
Gyro: 11.74, -9.82, 43.45
Accel: -0.09, 0.37, -0.96
Gyro: 19.10, -9.75, 58.33
Accel: -0.07, 0.30, -0.85
Gyro: 31.83, -14.86, 72.71
Accel: -0.09, 0.22, -0.78
Gyro: 27.56, -25.91, 91.77
Accel: -0.13, 0.34, -0.92
Gyro: 19.76, -38.96, 116.45
Accel: -0.16, 0.36, -0.88
Gyro: 22.95, -42.24, 140.25
Accel: -0.20, 0.36, -0.86
Gyro: 31.15, -51.31, 168.13
Accel: -0.27, 0.26, -0.92
Gyro: 37.77, -54.36, 190.45
Accel: -0.32, 0.14, -0.90
Gyro: 29.71, -54.91, 200.16
Accel: -0.34, 0.05, -0.84
Gyro: 34.84, -60.86, 194.92
Accel: -0.37, -0.03, -0.96
Gyro: 34.27, -60.61, 179.60
Accel: -0.38, 0.04, -0.98
Gyro: 21.81, -52.15, 164.92
Accel: -0.38, 0.06, -0.98
Gyro: 33.51, -47.46, 158.20
Accel: -0.42, -0.03, -1.05
Gyro: 32.36, -31.18, 143.95
Accel: -0.37, -0.05, -0.97
Gyro: 30.87, -20.87, 123.03
Accel: -0.34, -0.07, -0.95
Gyro: 28.83, -16.08, 101.22
Accel: -0.33, -0.07, -0.95
Gyro: 25.01, -12.61, 79.21
Accel: -0.31, -0.07, -0.97
Gyro: 18.83, -7.52, 58.81
Accel: -0.29, -0.07, -0.96
Gyro: 18.28, -2.81, 39.51
Accel: -0.27, -0.04, -0.93
Gyro: 14.03, 0.27, 22.16
Accel: -0.27, -0.04, -0.91
Gyro: 12.25, -0.84, 10.41
Accel: -0.28, -0.02, -0.95
Gyro: 6.77, -0.92, 0.81
Accel: -0.26, 0.01, -0.95
Gyro: 0.98, 1.04, -5.65
Accel: -0.26, 0.04, -0.92
Gyro: 1.53, 0.45, -8.80
Accel: -0.26, 0.05, -0.93
Gyro: 0.61, -0.02, -10.25
Accel: -0.25, 0.08, -0.92
Gyro: 0.13, -2.47, -9.63
Accel: -0.26, 0.07, -0.93
Gyro: -0.52, -4.55, -7.19
Accel: -0.27, 0.07, -0.93
Gyro: -2.56, -5.56, -4.97
Accel: -0.27, 0.07, -0.93
Gyro: -3.25, -5.00, -3.35
Accel: -0.27, 0.07, -0.94
Gyro: -2.37, -4.59, -3.51
Accel: -0.27, 0.07, -0.94
Gyro: -3.42, -3.36, -3.69
Accel: -0.27, 0.07, -0.94
Gyro: -1.59, -2.84, -3.46
Accel: -0.28, 0.06, -0.93
Gyro: -1.74, -2.18, -3.90
Accel: -0.27, 0.06, -0.93
Gyro: -2.00, -2.30, -4.28
Accel: -0.27, 0.07, -0.94
Gyro: -3.01, -1.33, -5.26
Accel: -0.27, 0.07, -0.94
Gyro: -3.67, -0.13, -4.94
Accel: -0.27, 0.08, -0.94
Gyro: -3.95, 0.32, -3.95
Accel: -0.27, 0.08, -0.93
Gyro: -3.68, 0.15, -2.73
Accel: -0.28, 0.07, -0.93
Gyro: -3.36, -0.16, -1.82
Accel: -0.27, 0.08, -0.95
Gyro: -3.76, 0.27, -1.66
Accel: -0.26, 0.08, -0.93
Gyro: -3.21, 0.69, -1.43
Accel: -0.26, 0.07, -0.93
Gyro: -2.15, 0.36, -1.79
Accel: -0.27, 0.07, -0.93
Gyro: -2.56, -0.64, -2.27
Accel: -0.26, 0.07, -0.93
Gyro: -2.43, -1.34, -2.51
Accel: -0.27, 0.08, -0.93
Gyro: -2.43, -1.44, -2.55
Accel: -0.27, 0.07, -0.94
Gyro: -2.33, -1.34, -2.37
Accel: -0.27, 0.06, -0.93
Gyro: -1.73, -1.11, -2.01
Accel: -0.27, 0.08, -0.94
Gyro: -1.01, -1.14, -1.98
Accel: -0.28, 0.07, -0.94
Gyro: -1.50, 0.13, -1.85
Accel: -0.26, 0.07, -0.92
Gyro: -0.02, 0.68, -1.67
Accel: -0.26, 0.07, -0.93
Gyro: -0.50, 0.45, -1.68
Accel: -0.26, 0.07, -0.92
Gyro: -1.23, -1.07, -1.79
Accel: -0.26, 0.06, -0.93
Gyro: -1.69, -1.66, -2.10
Accel: -0.28, 0.07, -0.94
Gyro: -2.15, -1.31, -2.48
Accel: -0.27, 0.06, -0.91
Gyro: -1.39, -1.17, -2.65
Accel: -0.27, 0.06, -0.94
Gyro: -1.52, -1.45, -2.77
Accel: -0.27, 0.06, -0.95
Gyro: -2.61, -0.51, -2.85
Accel: -0.27, 0.06, -0.94
Gyro: -2.31, 0.60, -2.15
Accel: -0.27, 0.07, -0.92
Gyro: -1.96, 0.78, -2.01
Accel: -0.28, 0.07, -0.94
Gyro: -1.98, 1.25, -1.13
Accel: -0.27, 0.06, -0.93
Gyro: -1.34, 1.69, -1.36
Accel: -0.25, 0.06, -0.93
Gyro: -1.22, 0.92, -1.59
Accel: -0.26, 0.06, -0.93
Gyro: -1.21, 0.19, -1.69
Accel: -0.26, 0.06, -0.93
Gyro: -1.07, -0.13, -1.05
Accel: -0.26, 0.06, -0.94
Gyro: -1.50, -0.36, -0.88
Accel: -0.26, 0.06, -0.94
Gyro: -2.09, -0.57, -1.08
