Accel: -0.28, 0.05, -0.92
Gyro: -1.11, -1.05, -0.84
Accel: -0.29, 0.04, -0.94
Gyro: -1.75, -1.40, -0.46
Accel: -0.29, 0.04, -0.93
Gyro: -3.63, -0.07, -1.08
Accel: -0.29, 0.04, -0.93
Gyro: -2.94, 0.14, -1.75
Accel: -0.28, 0.05, -0.93
Gyro: -3.24, -0.08, -1.90
Accel: -0.28, 0.07, -0.93
Gyro: -2.20, 0.10, -1.62
Accel: -0.28, 0.05, -0.92
Gyro: -1.24, 0.25, -1.21
Accel: -0.28, 0.06, -0.93
Gyro: -1.43, 0.37, -1.00
Accel: -0.28, 0.05, -0.92
Gyro: -1.42, -0.39, -1.18
Accel: -0.27, 0.04, -0.93
Gyro: -0.93, -1.43, -1.00
Accel: -0.27, 0.03, -0.94
Gyro: -1.91, -0.85, -1.40
Accel: -0.28, -0.01, -0.93
Gyro: -2.04, -1.41, -3.68
Accel: -0.29, -0.09, -0.96
Gyro: -8.52, -0.27, -12.92
Accel: -0.30, -0.21, -0.95
Gyro: -12.41, 0.61, -35.97
Accel: -0.34, -0.36, -0.97
Gyro: -14.64, 4.11, -77.74
Accel: -0.39, -0.29, -1.00
Gyro: -23.03, 14.97, -122.81
Accel: -0.42, -0.29, -1.00
Gyro: -23.19, 23.21, -156.93
Accel: -0.47, -0.25, -1.01
Gyro: -34.80, 35.31, -191.63
Accel: -0.48, -0.14, -0.96
Gyro: -44.24, 45.32, -211.00
Accel: -0.45, -0.05, -0.93
Gyro: -46.28, 49.41, -218.04
Accel: -0.40, 0.00, -0.88
Gyro: -48.59, 50.99, -215.85
Accel: -0.36, 0.03, -0.86
Gyro: -51.41, 47.99, -208.43
Accel: -0.34, 0.07, -0.91
Gyro: -56.41, 45.70, -200.77
Accel: -0.29, 0.14, -0.87
Gyro: -58.80, 43.30, -191.85
Accel: -0.24, 0.20, -0.88
Gyro: -50.14, 39.05, -176.90
Accel: -0.19, 0.25, -0.88
Gyro: -39.59, 37.38, -160.85
Accel: -0.11, 0.31, -0.90
Gyro: -49.80, 36.61, -138.11
Accel: -0.12, 0.35, -0.90
Gyro: -41.60, 20.33, -109.18
Accel: -0.08, 0.40, -0.90
Gyro: -31.14, 16.28, -81.79
Accel: -0.05, 0.44, -0.88
Gyro: -27.85, 10.60, -51.60
Accel: -0.06, 0.37, -0.95
Gyro: -20.25, 2.02, -25.13
Accel: -0.09, 0.25, -0.98
Gyro: -18.14, 5.32, -11.25
Accel: -0.03, 0.35, -0.91
Gyro: -9.86, 3.99, -5.18
Accel: -0.03, 0.29, -0.90
Gyro: 1.56, -8.35, 7.97
Accel: -0.07, 0.33, -1.02
Gyro: 2.06, -2.46, 17.03
Accel: -0.00, 0.37, -0.86
Gyro: 13.62, -8.31, 29.79
Accel: -0.07, 0.37, -0.86
Gyro: 16.66, -20.30, 53.38
Accel: -0.13, 0.35, -1.06
Gyro: 13.55, -13.31, 71.20
Accel: -0.08, 0.38, -0.85
Gyro: 22.76, -13.70, 85.43
Accel: -0.07, 0.44, -0.76
Gyro: 32.07, -32.94, 117.14
Accel: -0.18, 0.36, -0.98
Gyro: 36.32, -40.65, 153.50
Accel: -0.21, 0.32, -0.83
Gyro: 28.66, -35.20, 174.83
Accel: -0.22, 0.35, -0.64
Gyro: 46.27, -61.00, 202.10
Accel: -0.41, 0.14, -1.01
Gyro: 65.06, -74.70, 220.78
Accel: -0.48, -0.04, -1.07
Gyro: 41.41, -45.66, 213.11
Accel: -0.37, 0.07, -0.74
Gyro: 52.53, -44.32, 206.79
Accel: -0.41, -0.06, -0.85
Gyro: 55.12, -54.89, 208.40
Accel: -0.42, -0.15, -1.00
Gyro: 20.51, -49.45, 188.88
Accel: -0.39, -0.05, -0.94
Gyro: 20.80, -44.11, 173.23
Accel: -0.40, -0.06, -0.98
Gyro: 23.06, -40.18, 158.49
Accel: -0.41, -0.09, -1.01
Gyro: 22.65, -31.20, 139.10
Accel: -0.39, -0.13, -0.96
Gyro: 24.21, -22.44, 116.81
Accel: -0.36, -0.16, -0.96
Gyro: 15.69, -15.69, 89.83
Accel: -0.33, -0.15, -0.95
Gyro: 8.82, -11.89, 61.07
Accel: -0.33, -0.10, -0.94
Gyro: 10.18, -8.42, 36.14
Accel: -0.33, -0.07, -0.95
Gyro: 8.74, -4.71, 15.79
Accel: -0.31, -0.05, -0.91
Gyro: 6.95, -3.91, 0.16
Accel: -0.33, -0.03, -0.94
Gyro: 4.33, -3.93, -11.38
Accel: -0.32, 0.00, -0.95
Gyro: -0.82, -0.70, -18.88
Accel: -0.31, 0.04, -0.93
Gyro: -4.71, 0.44, -22.17
Accel: -0.31, 0.07, -0.91
Gyro: -5.64, -0.22, -21.25
Accel: -0.31, 0.08, -0.93
Gyro: -5.13, -0.34, -18.41
Accel: -0.31, 0.07, -0.92
Gyro: -3.41, -0.22, -16.88
Accel: -0.31, 0.07, -0.93
Gyro: -2.59, -0.44, -15.58
Accel: -0.31, 0.08, -0.92
Gyro: -3.21, 1.56, -11.71
Accel: -0.31, 0.05, -0.90
Gyro: -1.38, 0.34, -9.61
Accel: -0.31, 0.05, -0.93
Gyro: -2.92, -0.10, -9.82
Accel: -0.30, 0.06, -0.93
Gyro: -3.97, 0.85, -9.36
Accel: -0.31, 0.07, -0.92
Gyro: -4.68, 1.24, -7.58
Accel: -0.30, 0.08, -0.91
Gyro: -3.64, 0.78, -4.97
Accel: -0.30, 0.07, -0.93
Gyro: -3.32, -0.08, -2.55
Accel: -0.30, 0.06, -0.93
Gyro: -4.64, 0.60, -2.08
Accel: -0.29, 0.06, -0.92
Gyro: -3.83, 0.44, -1.91
Accel: -0.29, 0.06, -0.94
Gyro: -3.37, 0.21, -1.78
Accel: -0.30, 0.07, -0.94
Gyro: -3.11, 0.95, -1.56
Accel: -0.30, 0.07, -0.91
Gyro: -0.93, 0.02, -1.63
Accel: -0.30, 0.06, -0.92
Gyro: -1.15, -0.66, -1.88
Accel: -0.30, 0.05, -0.94
Gyro: -2.59, -0.52, -1.74
Accel: -0.30, 0.06, -0.93
Gyro: -3.56, 0.37, -1.58
Accel: -0.30, 0.06, -0.93
Gyro: -2.99, 0.49, -2.26
Accel: -0.30, 0.06, -0.91
Gyro: -2.81, 0.43, -2.24
Accel: -0.29, 0.06, -0.93
Gyro: -2.30, 0.12, -2.14
Accel: -0.29, 0.07, -0.93
Gyro: -2.27, 0.11, -2.60
Accel: -0.30, 0.07, -0.92
Gyro: -0.97, 0.13, -2.28
Accel: -0.30, 0.06, -0.93
Gyro: -1.19, 0.40, -2.64
Accel: -0.29, 0.06, -0.93
Gyro: -1.65, 1.46, -2.62
Accel: -0.29, 0.06, -0.92
Gyro: -1.80, 1.81, -3.09
Accel: -0.29, 0.06, -0.92
Gyro: -1.37, 1.14, -2.89
Accel: -0.29, 0.06, -0.94
Gyro: -1.64, 1.12, -2.57
Accel: -0.29, 0.06, -0.93
Gyro: -1.09, 1.18, -1.81
Accel: -0.29, 0.06, -0.92
Gyro: -1.47, 1.24, -1.35
Accel: -0.29, 0.06, -0.92
Gyro: -1.93, 0.83, -1.46
Accel: -0.27, 0.06, -0.92
Gyro: -1.49, 0.68, -1.46
Accel: -0.28, 0.06, -0.92
Gyro: -1.56, 0.54, -1.33
Accel: -0.28, 0.04, -0.92
Gyro: -1.47, -0.04, -1.37
Accel: -0.28, 0.04, -0.94
Gyro: -1.90, -0.51, -1.72
Accel: -0.28, 0.06, -0.93
Gyro: -2.85, 0.10, -1.98
Accel: -0.28, 0.06, -0.92
Gyro: -2.71, 0.13, -2.28
Accel: -0.28, 0.05, -0.93
Gyro: -1.98, -0.74, -2.14
Accel: -0.28, 0.05, -0.95
Gyro: -2.49, -0.05, -2.23
Accel: -0.29, 0.06, -0.92
Gyro: -1.01, 0.41, -2.14
