Accel: -0.27, 0.07, -0.92
Gyro: -1.66, -1.30, -3.49
Accel: -0.28, 0.07, -0.93
Gyro: -2.34, -0.75, -3.09
Accel: -0.28, 0.09, -0.95
Gyro: -3.26, 0.59, -2.72
Accel: -0.28, 0.08, -0.93
Gyro: -2.60, 0.74, -1.93
Accel: -0.27, 0.08, -0.93
Gyro: -1.67, 0.14, -1.80
Accel: -0.27, 0.07, -0.94
Gyro: -1.88, 0.03, -1.27
Accel: -0.27, 0.06, -0.93
Gyro: -2.02, -0.39, -1.70
Accel: -0.27, 0.06, -0.93
Gyro: -2.08, -1.00, -1.82
Accel: -0.27, 0.06, -0.93
Gyro: -2.22, -1.07, -2.24
Accel: -0.27, 0.06, -0.94
Gyro: -2.14, -1.43, -2.91
Accel: -0.28, 0.05, -0.94
Gyro: -2.43, -1.46, -3.84
Accel: -0.28, -0.01, -0.94
Gyro: -3.85, -0.75, -9.12
Accel: -0.29, -0.08, -0.95
Gyro: -7.48, 0.99, -21.84
Accel: -0.29, -0.18, -0.96
Gyro: -11.25, 3.91, -46.70
Accel: -0.31, -0.20, -0.97
Gyro: -13.48, 6.87, -78.08
Accel: -0.36, -0.27, -1.02
Gyro: -15.98, 14.98, -114.14
Accel: -0.38, -0.19, -0.97
Gyro: -20.16, 23.84, -151.22
Accel: -0.40, -0.14, -1.01
Gyro: -14.85, 30.79, -174.16
Accel: -0.38, -0.10, -1.00
Gyro: -18.51, 39.94, -193.38
Accel: -0.37, -0.04, -0.92
Gyro: -19.52, 41.88, -202.80
Accel: -0.36, 0.00, -0.91
Gyro: -24.76, 40.28, -203.84
Accel: -0.33, 0.00, -0.94
Gyro: -29.85, 40.02, -199.48
Accel: -0.27, 0.09, -0.90
Gyro: -35.93, 39.41, -187.44
Accel: -0.24, -0.00, -0.89
Gyro: -36.41, 35.17, -169.66
Accel: -0.20, 0.10, -0.91
Gyro: -40.91, 33.53, -158.58
Accel: -0.10, 0.22, -0.78
Gyro: -34.57, 23.91, -143.14
Accel: -0.11, 0.28, -0.90
Gyro: -30.70, 15.78, -114.35
Accel: -0.11, 0.29, -0.95
Gyro: -32.95, 11.05, -86.26
Accel: -0.08, 0.33, -0.91
Gyro: -18.84, 0.85, -53.35
Accel: -0.09, 0.26, -0.95
Gyro: -15.29, -4.05, -24.37
Accel: -0.11, 0.18, -0.99
Gyro: -13.77, -2.30, -7.41
Accel: -0.09, 0.13, -0.96
Gyro: -8.06, -1.59, -0.83
Accel: -0.10, 0.17, -0.99
Gyro: -6.98, -1.67, 6.81
Accel: -0.09, 0.16, -0.99
Gyro: -0.81, 0.82, 12.02
Accel: -0.06, 0.18, -0.94
Gyro: 7.80, -1.07, 15.66
Accel: -0.07, 0.16, -0.93
Gyro: 8.39, -7.93, 28.21
Accel: -0.10, 0.17, -1.03
Gyro: 7.36, -7.16, 45.22
Accel: -0.09, 0.17, -0.94
Gyro: 5.56, -3.97, 55.30
Accel: -0.08, 0.23, -0.89
Gyro: 10.22, -12.39, 70.97
Accel: -0.11, 0.10, -0.96
Gyro: 17.27, -17.42, 87.06
Accel: -0.09, 0.13, -0.85
Gyro: 4.15, -20.33, 95.93
Accel: -0.09, 0.23, -0.81
Gyro: 6.23, -39.84, 119.20
Accel: -0.21, 0.14, -1.13
Gyro: 11.08, -39.18, 134.10
Accel: -0.23, 0.10, -0.91
Gyro: 17.50, -26.42, 132.64
Accel: -0.20, 0.14, -0.81
Gyro: 33.52, -39.31, 140.20
Accel: -0.29, 0.03, -1.05
Gyro: 20.41, -36.29, 145.53
Accel: -0.29, 0.10, -0.91
Gyro: 13.46, -29.97, 146.32
Accel: -0.31, 0.02, -0.95
Gyro: 12.70, -29.78, 156.73
Accel: -0.32, -0.04, -1.06
Gyro: 1.84, -25.22, 147.83
Accel: -0.29, 0.04, -0.89
Gyro: -0.55, -20.16, 135.36
Accel: -0.27, 0.00, -0.92
Gyro: 10.51, -24.92, 124.86
Accel: -0.30, -0.04, -1.00
Gyro: 5.28, -20.30, 103.86
Accel: -0.28, 0.04, -0.94
Gyro: 12.85, -18.14, 86.56
Accel: -0.27, 0.02, -0.92
Gyro: 16.00, -16.55, 76.32
Accel: -0.27, 0.02, -0.92
Gyro: 13.35, -17.31, 64.89
Accel: -0.27, 0.02, -0.96
Gyro: 10.31, -15.70, 55.29
Accel: -0.28, 0.03, -0.96
Gyro: 9.19, -13.15, 45.91
Accel: -0.28, 0.04, -0.96
Gyro: 7.12, -9.86, 38.28
Accel: -0.28, 0.04, -0.93
Gyro: 4.97, -7.81, 30.58
Accel: -0.27, 0.04, -0.94
Gyro: 4.92, -7.70, 22.05
Accel: -0.27, 0.05, -0.93
Gyro: 3.27, -5.79, 14.94
Accel: -0.27, 0.05, -0.93
Gyro: 2.50, -4.29, 7.01
Accel: -0.26, 0.07, -0.93
Gyro: 3.59, -4.55, 1.06
Accel: -0.27, 0.07, -0.93
Gyro: 4.01, -4.85, -3.04
Accel: -0.27, 0.08, -0.94
Gyro: 2.83, -4.15, -4.94
Accel: -0.27, 0.09, -0.93
Gyro: 1.96, -3.35, -5.52
Accel: -0.28, 0.08, -0.93
Gyro: 1.67, -3.33, -5.59
Accel: -0.27, 0.08, -0.95
Gyro: 1.51, -3.16, -6.12
Accel: -0.28, 0.09, -0.95
Gyro: 0.87, -1.30, -5.18
Accel: -0.26, 0.09, -0.92
Gyro: 1.53, -0.34, -4.64
Accel: -0.27, 0.07, -0.92
Gyro: 0.98, -0.46, -4.30
Accel: -0.27, 0.07, -0.93
Gyro: 0.24, -0.66, -4.26
Accel: -0.27, 0.08, -0.93
Gyro: 0.53, -1.05, -3.84
Accel: -0.27, 0.08, -0.93
Gyro: -0.36, -1.45, -3.38
Accel: -0.26, 0.07, -0.93
Gyro: -0.44, -2.37, -3.45
Accel: -0.27, 0.07, -0.93
Gyro: -0.78, -1.85, -3.25
Accel: -0.27, 0.07, -0.94
Gyro: -1.82, -1.14, -2.80
Accel: -0.27, 0.07, -0.94
Gyro: -2.64, -0.40, -2.87
Accel: -0.27, 0.07, -0.93
Gyro: -2.67, -0.67, -2.91
Accel: -0.26, 0.07, -0.93
Gyro: -2.62, -0.99, -3.09
Accel: -0.27, 0.08, -0.94
Gyro: -3.34, -0.58, -2.91
Accel: -0.27, 0.08, -0.93
Gyro: -1.64, -1.60, -3.55
Accel: -0.27, 0.07, -0.93
Gyro: -1.94, -1.88, -3.00
Accel: -0.27, 0.08, -0.92
Gyro: -2.39, -2.77, -2.40
Accel: -0.28, 0.07, -0.93
Gyro: -3.00, -2.60, -1.82
Accel: -0.29, 0.08, -0.93
Gyro: -3.81, -1.97, -1.75
Accel: -0.28, 0.07, -0.93
Gyro: -3.68, -1.18, -1.95
Accel: -0.29, 0.08, -0.93
Gyro: -2.22, -1.20, -2.56
Accel: -0.28, 0.08, -0.93
Gyro: -3.47, -0.47, -2.88
Accel: -0.28, 0.09, -0.93
Gyro: -2.45, -0.24, -2.78
Accel: -0.28, 0.08, -0.92
Gyro: -1.50, 0.31, -2.08
Accel: -0.28, 0.08, -0.93
Gyro: -1.92, 0.58, -2.33
Accel: -0.28, 0.08, -0.93
Gyro: -1.56, 0.40, -1.85
Accel: -0.27, 0.07, -0.92
Gyro: -1.72, 0.49, -1.67
Accel: -0.27, 0.08, -0.93
Gyro: -1.72, 0.37, -1.53
Accel: -0.27, 0.08, -0.92
Gyro: -1.52, -0.04, -1.24
Accel: -0.27, 0.07, -0.92
Gyro: -1.53, -0.58, -1.37
Accel: -0.27, 0.07, -0.93
Gyro: -2.16, -1.19, -1.73
Accel: -0.28, 0.08, -0.93
Gyro: -2.35, -0.87, -1.78
Accel: -0.27, 0.07, -0.93
Gyro: -2.13, -0.86, -1.90
Accel: -0.28, 0.08, -0.93
Gyro: -2.33, -1.21, -2.04
