Accel: -0.26, 0.04, -0.98
Gyro: -1.18, -3.97, 2.49
Accel: -0.25, 0.04, -0.96
Gyro: -2.85, 0.21, 1.53
Accel: -0.24, 0.04, -0.94
Gyro: -1.95, 1.02, -0.62
Accel: -0.23, 0.04, -0.92
Gyro: -2.46, 0.45, -3.90
Accel: -0.24, 0.04, -0.93
Gyro: -2.62, -0.37, -4.88
Accel: -0.24, 0.04, -0.95
Gyro: -1.36, -1.76, -5.87
Accel: -0.24, 0.06, -0.96
Gyro: -3.07, -0.98, -4.68
Accel: -0.24, 0.07, -0.94
Gyro: -3.25, -0.02, -2.97
Accel: -0.23, 0.05, -0.93
Gyro: -2.25, -0.82, -1.69
Accel: -0.24, 0.01, -0.94
Gyro: -2.95, -2.31, -3.38
Accel: -0.25, -0.12, -0.96
Gyro: -6.29, -0.69, -13.26
Accel: -0.30, -0.36, -0.94
Gyro: -10.46, 0.75, -47.10
Accel: -0.36, -0.44, -1.06
Gyro: -18.35, 8.07, -102.89
Accel: -0.44, -0.49, -1.08
Gyro: -24.03, 25.75, -165.13
Accel: -0.47, -0.33, -0.99
Gyro: -38.99, 42.73, -222.36
Accel: -0.50, -0.16, -0.91
Gyro: -40.23, 47.56, -248.41
Accel: -0.48, -0.01, -0.93
Gyro: -46.35, 48.66, -250.00
Accel: -0.45, 0.09, -0.91
Gyro: -46.91, 50.92, -245.70
Accel: -0.38, 0.13, -0.89
Gyro: -48.63, 50.31, -227.97
Accel: -0.34, 0.16, -0.93
Gyro: -48.48, 50.67, -212.61
Accel: -0.27, 0.15, -0.84
Gyro: -48.80, 47.36, -196.10
Accel: -0.22, 0.18, -0.88
Gyro: -44.87, 43.66, -186.05
Accel: -0.11, 0.25, -0.77
Gyro: -34.45, 31.56, -170.27
Accel: -0.13, 0.26, -0.82
Gyro: -50.47, 29.10, -144.39
Accel: -0.12, 0.42, -0.97
Gyro: -59.81, 27.23, -119.54
Accel: -0.05, 0.54, -0.85
Gyro: -29.32, 11.54, -85.22
Accel: -0.06, 0.46, -0.95
Gyro: -26.58, 7.24, -44.46
Accel: -0.03, 0.39, -0.92
Gyro: -30.21, 11.08, -15.96
Accel: -0.03, 0.32, -0.88
Gyro: -16.07, 3.18, -3.04
Accel: -0.02, 0.34, -0.98
Gyro: -10.28, 0.63, -3.65
Accel: 0.04, 0.50, -0.86
Gyro: 10.92, -5.39, 9.84
Accel: -0.03, 0.30, -0.89
Gyro: 16.55, -14.92, 30.12
Accel: -0.06, 0.31, -1.05
Gyro: 8.45, -9.67, 40.21
Accel: -0.02, 0.40, -0.87
Gyro: 17.91, -14.65, 53.10
Accel: -0.02, 0.49, -0.83
Gyro: 22.41, -30.47, 83.66
Accel: -0.11, 0.48, -1.00
Gyro: 33.29, -33.04, 119.53
Accel: -0.12, 0.47, -0.76
Gyro: 39.36, -38.26, 149.41
Accel: -0.18, 0.45, -0.67
Gyro: 53.77, -66.15, 187.76
Accel: -0.34, 0.32, -0.98
Gyro: 56.16, -74.17, 218.12
Accel: -0.43, 0.22, -0.92
Gyro: 50.86, -54.76, 233.55
Accel: -0.41, 0.15, -0.68
Gyro: 73.99, -65.73, 246.35
Accel: -0.51, -0.12, -0.95
Gyro: 73.97, -65.99, 242.37
Accel: -0.49, -0.18, -1.00
Gyro: 22.74, -50.32, 215.47
Accel: -0.41, -0.03, -0.86
Gyro: 35.42, -54.40, 201.12
Accel: -0.47, -0.19, -1.09
Gyro: 33.89, -44.68, 184.77
Accel: -0.42, -0.21, -0.99
Gyro: 19.33, -27.76, 152.40
Accel: -0.40, -0.13, -0.90
Gyro: 22.09, -25.57, 125.83
Accel: -0.38, -0.17, -0.98
Gyro: 20.77, -22.17, 100.42
Accel: -0.36, -0.15, -0.99
Gyro: 9.52, -12.83, 72.66
Accel: -0.34, -0.11, -0.97
Gyro: 5.91, -4.74, 48.97
Accel: -0.31, -0.08, -0.93
Gyro: 8.69, -2.72, 28.82
Accel: -0.31, -0.08, -0.92
Gyro: 6.53, -2.64, 12.28
Accel: -0.32, -0.05, -0.94
Gyro: 2.04, -1.43, -2.56
Accel: -0.32, -0.01, -0.93
Gyro: 0.07, -0.58, -12.96
Accel: -0.31, 0.03, -0.93
Gyro: -2.60, 0.79, -16.20
Accel: -0.30, 0.05, -0.92
Gyro: -4.56, 0.76, -18.10
Accel: -0.29, 0.06, -0.91
Gyro: -4.49, -0.02, -18.63
Accel: -0.29, 0.09, -0.92
Gyro: -5.34, -0.27, -17.91
Accel: -0.30, 0.11, -0.93
Gyro: -1.74, -0.26, -13.33
Accel: -0.30, 0.08, -0.94
Gyro: 0.09, 0.76, -9.02
Accel: -0.29, 0.06, -0.92
Gyro: -0.40, 1.40, -7.36
Accel: -0.28, 0.06, -0.92
Gyro: 0.58, 0.34, -7.12
Accel: -0.29, 0.06, -0.93
Gyro: 0.20, -0.61, -6.47
Accel: -0.29, 0.05, -0.93
Gyro: -0.04, -0.76, -5.92
Accel: -0.28, 0.04, -0.93
Gyro: -0.34, -0.02, -5.18
Accel: -0.28, 0.05, -0.92
Gyro: -1.10, -1.05, -5.04
Accel: -0.29, 0.05, -0.93
Gyro: -1.38, -1.42, -4.74
Accel: -0.29, 0.04, -0.94
Gyro: -3.21, 0.31, -3.09
Accel: -0.29, 0.04, -0.94
Gyro: -4.55, 0.84, -2.49
Accel: -0.28, 0.04, -0.92
Gyro: -6.12, 0.62, -2.30
Accel: -0.29, 0.06, -0.93
Gyro: -5.61, 0.30, -2.38
Accel: -0.28, 0.06, -0.93
Gyro: -4.49, 0.50, -2.35
Accel: -0.28, 0.06, -0.93
Gyro: -3.19, 0.36, -3.14
Accel: -0.28, 0.05, -0.93
Gyro: -3.10, 0.48, -3.04
Accel: -0.29, 0.06, -0.92
Gyro: -3.69, -0.10, -2.79
Accel: -0.29, 0.06, -0.92
Gyro: -3.30, -0.63, -1.76
Accel: -0.29, 0.06, -0.93
Gyro: -3.43, -0.18, -1.59
Accel: -0.28, 0.06, -0.92
Gyro: -2.52, -0.80, -1.72
Accel: -0.29, 0.06, -0.93
Gyro: -0.51, -1.89, -1.37
Accel: -0.29, 0.06, -0.94
Gyro: -1.32, -0.98, -1.59
Accel: -0.28, 0.05, -0.92
Gyro: -1.34, -0.44, -2.13
Accel: -0.29, 0.06, -0.93
Gyro: -1.32, -0.68, -2.29
Accel: -0.28, 0.07, -0.93
Gyro: -0.98, 0.02, -1.72
Accel: -0.28, 0.06, -0.93
Gyro: -0.01, 0.25, -1.49
Accel: -0.28, 0.06, -0.93
Gyro: 0.38, -1.05, -1.00
Accel: -0.28, 0.05, -0.94
Gyro: -0.82, -0.92, -0.29
Accel: -0.28, 0.05, -0.93
Gyro: -0.72, -0.36, 0.17
Accel: -0.28, 0.04, -0.93
Gyro: -0.58, -0.82, -0.21
Accel: -0.29, 0.04, -0.93
Gyro: -2.53, -0.55, -0.80
Accel: -0.29, 0.04, -0.93
Gyro: -2.89, 0.37, -1.30
Accel: -0.28, 0.05, -0.93
Gyro: -2.36, 0.76, -2.09
Accel: -0.27, 0.04, -0.93
Gyro: -1.30, -0.23, -2.40
Accel: -0.28, 0.05, -0.93
Gyro: -1.20, -0.98, -1.87
Accel: -0.28, 0.06, -0.94
Gyro: -1.45, -0.62, -1.46
Accel: -0.28, 0.05, -0.92
Gyro: -0.62, -1.28, -0.79
Accel: -0.29, 0.04, -0.94
Gyro: -1.38, -0.91, 0.02
Accel: -0.28, 0.05, -0.93
Gyro: -2.00, -0.34, -0.60
Accel: -0.28, 0.04, -0.94
Gyro: -2.13, 0.19, -1.44
Accel: -0.28, 0.05, -0.92
Gyro: -0.65, -0.11, -1.83
Accel: -0.28, 0.04, -0.93
Gyro: 0.16, -1.13, -1.40
Accel: -0.28, 0.05, -0.93
Gyro: -1.61, -0.95, -1.32
