Accel: -0.24, 0.06, -0.94
Gyro: -3.78, -1.82, -2.11
Accel: -0.24, 0.05, -0.93
Gyro: -3.13, -2.37, -2.59
Accel: -0.25, 0.05, -0.95
Gyro: -3.81, -1.34, -2.44
Accel: -0.25, 0.06, -0.95
Gyro: -3.44, -1.00, -2.80
Accel: -0.24, 0.06, -0.94
Gyro: -1.93, -0.79, -1.99
Accel: -0.24, 0.06, -0.94
Gyro: -2.11, -0.89, -1.78
Accel: -0.24, 0.06, -0.94
Gyro: -1.94, -0.74, -1.40
Accel: -0.24, 0.05, -0.94
Gyro: -1.40, -1.02, -1.27
Accel: -0.24, 0.04, -0.94
Gyro: -0.65, -1.12, -0.99
Accel: -0.24, 0.04, -0.94
Gyro: -1.05, -0.95, -1.39
Accel: -0.24, -0.01, -0.95
Gyro: -2.00, -0.84, -4.61
Accel: -0.25, -0.12, -0.96
Gyro: -7.49, 0.56, -17.40
Accel: -0.25, -0.23, -0.94
Gyro: -10.74, 0.67, -45.81
Accel: -0.30, -0.31, -0.99
Gyro: -11.09, 3.33, -84.63
Accel: -0.38, -0.39, -1.07
Gyro: -18.30, 15.94, -133.79
Accel: -0.40, -0.25, -0.98
Gyro: -28.20, 30.74, -177.89
Accel: -0.41, -0.24, -0.96
Gyro: -28.47, 33.36, -202.74
Accel: -0.44, -0.14, -0.98
Gyro: -42.68, 41.94, -224.39
Accel: -0.42, -0.03, -0.92
Gyro: -47.26, 46.55, -228.53
Accel: -0.40, 0.00, -0.89
Gyro: -51.76, 47.68, -227.01
Accel: -0.36, 0.10, -0.92
Gyro: -56.23, 47.13, -219.80
Accel: -0.30, 0.23, -0.87
Gyro: -54.41, 44.56, -204.93
Accel: -0.26, 0.18, -0.90
Gyro: -46.93, 42.00, -183.88
Accel: -0.21, 0.27, -0.93
Gyro: -43.08, 42.66, -169.94
Accel: -0.19, 0.33, -0.91
Gyro: -39.10, 39.61, -148.53
Accel: -0.11, 0.31, -0.86
Gyro: -35.27, 24.18, -123.44
Accel: -0.09, 0.44, -0.93
Gyro: -32.79, 22.21, -98.58
Accel: -0.04, 0.40, -0.88
Gyro: -15.19, 19.04, -72.68
Accel: -0.00, 0.38, -0.89
Gyro: -16.88, 5.39, -48.82
Accel: -0.04, 0.38, -0.95
Gyro: -9.77, 0.69, -20.23
Accel: -0.04, 0.29, -0.94
Gyro: -9.52, 2.22, -3.68
Accel: -0.01, 0.35, -0.92
Gyro: 1.91, -3.03, 8.19
Accel: -0.03, 0.28, -0.96
Gyro: 9.74, -7.30, 19.58
Accel: -0.03, 0.25, -0.95
Gyro: 13.01, -7.77, 27.63
Accel: -0.02, 0.23, -0.91
Gyro: 12.83, -12.04, 37.85
Accel: -0.05, 0.29, -0.96
Gyro: 10.71, -16.58, 53.63
Accel: -0.05, 0.38, -0.89
Gyro: 13.11, -18.91, 74.26
Accel: -0.06, 0.40, -0.86
Gyro: 29.14, -29.14, 102.53
Accel: -0.11, 0.23, -0.86
Gyro: 32.91, -36.23, 126.99
Accel: -0.16, 0.28, -0.89
Gyro: 22.16, -45.55, 149.74
Accel: -0.25, 0.27, -1.04
Gyro: 21.18, -42.59, 173.55
Accel: -0.25, 0.26, -0.80
Gyro: 26.81, -41.64, 189.50
Accel: -0.27, 0.23, -0.70
Gyro: 49.16, -64.36, 209.31
Accel: -0.39, 0.01, -0.97
Gyro: 50.32, -69.63, 217.26
Accel: -0.42, -0.08, -1.02
Gyro: 15.34, -48.52, 200.78
Accel: -0.35, 0.10, -0.77
Gyro: 31.84, -55.29, 192.57
Accel: -0.41, -0.01, -0.88
Gyro: 39.98, -64.37, 191.96
Accel: -0.46, -0.08, -1.02
Gyro: 26.86, -57.85, 176.22
Accel: -0.46, -0.08, -0.99
Gyro: 19.51, -45.17, 157.72
Accel: -0.45, -0.07, -1.03
Gyro: 20.20, -32.99, 137.15
Accel: -0.42, -0.10, -1.06
Gyro: 19.47, -16.50, 113.85
Accel: -0.38, -0.13, -0.97
Gyro: 19.76, -5.39, 85.43
Accel: -0.35, -0.08, -0.97
Gyro: 13.95, 1.15, 57.66
Accel: -0.32, -0.03, -0.92
Gyro: 12.99, 5.79, 35.63
Accel: -0.30, -0.02, -0.91
Gyro: 17.07, 5.71, 17.06
Accel: -0.28, -0.01, -0.93
Gyro: 13.95, 6.71, 4.44
Accel: -0.28, 0.01, -0.92
Gyro: 8.30, 6.25, -5.11
Accel: -0.27, 0.03, -0.90
Gyro: 6.39, 4.07, -10.46
Accel: -0.27, 0.04, -0.91
Gyro: 4.37, 0.56, -13.60
Accel: -0.27, 0.05, -0.94
Gyro: -0.77, 1.01, -15.02
Accel: -0.28, 0.06, -0.93
Gyro: -1.97, 2.98, -15.14
Accel: -0.27, 0.06, -0.91
Gyro: -0.94, 1.51, -15.18
Accel: -0.26, 0.06, -0.92
Gyro: -0.21, -0.69, -15.69
Accel: -0.26, 0.07, -0.94
Gyro: -1.03, 0.11, -14.66
Accel: -0.26, 0.06, -0.95
Gyro: -1.43, 0.47, -13.02
Accel: -0.26, 0.06, -0.93
Gyro: -0.70, -0.89, -11.51
Accel: -0.27, 0.06, -0.95
Gyro: -1.84, -0.50, -10.25
Accel: -0.27, 0.06, -0.93
Gyro: -3.53, 0.85, -8.82
Accel: -0.26, 0.06, -0.92
Gyro: -3.24, 1.13, -7.10
Accel: -0.26, 0.05, -0.94
Gyro: -3.90, 0.73, -6.12
Accel: -0.27, 0.06, -0.93
Gyro: -4.67, 1.24, -5.65
Accel: -0.27, 0.06, -0.94
Gyro: -4.86, 1.53, -5.07
Accel: -0.26, 0.07, -0.95
Gyro: -4.66, 2.06, -4.39
Accel: -0.26, 0.06, -0.93
Gyro: -2.20, 1.59, -3.32
Accel: -0.26, 0.06, -0.92
Gyro: -2.24, 1.83, -2.59
Accel: -0.25, 0.06, -0.93
Gyro: -2.01, 0.50, -1.82
Accel: -0.26, 0.06, -0.94
Gyro: -2.85, 0.14, -1.24
Accel: -0.26, 0.06, -0.93
Gyro: -2.52, -0.14, -0.92
Accel: -0.25, 0.05, -0.95
Gyro: -2.48, -1.12, -1.34
Accel: -0.26, 0.06, -0.94
Gyro: -2.40, -1.37, -1.86
Accel: -0.26, 0.06, -0.94
Gyro: -2.40, -0.71, -1.73
Accel: -0.25, 0.06, -0.94
Gyro: -2.07, -1.16, -2.19
Accel: -0.26, 0.06, -0.94
Gyro: -1.78, -1.47, -2.34
Accel: -0.26, 0.06, -0.94
Gyro: -1.98, -1.39, -2.41
Accel: -0.26, 0.07, -0.94
Gyro: -2.29, -0.32, -2.03
Accel: -0.26, 0.06, -0.93
Gyro: -1.93, -0.12, -1.34
Accel: -0.26, 0.06, -0.94
Gyro: -2.30, 0.31, -0.72
Accel: -0.26, 0.06, -0.92
Gyro: -2.83, 0.79, -0.46
Accel: -0.26, 0.06, -0.93
Gyro: -2.84, -0.22, -0.91
Accel: -0.25, 0.06, -0.94
Gyro: -2.23, -0.05, -1.56
Accel: -0.26, 0.07, -0.94
Gyro: -1.08, -0.11, -1.65
Accel: -0.25, 0.06, -0.92
Gyro: -1.77, -1.40, -1.53
Accel: -0.26, 0.06, -0.93
Gyro: -2.20, -1.92, -0.84
Accel: -0.26, 0.05, -0.95
Gyro: -2.28, -1.56, -0.95
Accel: -0.26, 0.06, -0.93
Gyro: -2.26, -1.29, -0.80
Accel: -0.27, 0.05, -0.94
Gyro: -1.03, -1.84, -1.02
Accel: -0.27, 0.05, -0.94
Gyro: -2.08, -0.55, -1.32
Accel: -0.26, 0.06, -0.95
Gyro: -2.20, 0.73, -1.06
Accel: -0.27, 0.06, -0.93
Gyro: -1.79, 0.66, -1.46
Accel: -0.26, 0.06, -0.93
Gyro: -1.09, 0.88, -1.08
Accel: -0.26, 0.06, -0.93
Gyro: -0.82, 1.31, -1.45
