Accel: -0.28, 0.07, -0.94
Gyro: -1.91, -1.54, -2.88
Accel: -0.28, 0.08, -0.93
Gyro: -1.85, -2.38, -3.07
Accel: -0.28, 0.07, -0.94
Gyro: -2.06, -0.92, -2.46
Accel: -0.28, 0.08, -0.93
Gyro: -1.98, -0.31, -2.33
Accel: -0.28, 0.07, -0.93
Gyro: -1.76, -0.17, -2.32
Accel: -0.28, 0.07, -0.93
Gyro: -1.44, -0.49, -2.94
Accel: -0.27, 0.07, -0.93
Gyro: -1.91, -0.34, -3.60
Accel: -0.28, 0.07, -0.93
Gyro: -2.81, 0.08, -4.04
Accel: -0.28, 0.07, -0.92
Gyro: -2.78, -0.06, -3.78
Accel: -0.28, 0.08, -0.93
Gyro: -2.95, -0.49, -3.78
Accel: -0.28, 0.08, -0.94
Gyro: -3.84, 0.10, -3.78
Accel: -0.28, 0.05, -0.93
Gyro: -3.55, 0.88, -4.12
Accel: -0.29, 0.01, -0.94
Gyro: -4.80, 1.83, -9.45
Accel: -0.29, -0.06, -0.96
Gyro: -6.42, 2.37, -19.57
Accel: -0.31, -0.27, -0.96
Gyro: -10.36, 5.69, -48.48
Accel: -0.35, -0.29, -0.99
Gyro: -16.04, 12.46, -94.98
Accel: -0.39, -0.28, -0.99
Gyro: -16.14, 19.34, -135.20
Accel: -0.43, -0.24, -1.01
Gyro: -27.46, 30.21, -176.62
Accel: -0.44, -0.10, -0.93
Gyro: -31.14, 36.73, -195.76
Accel: -0.44, -0.06, -0.98
Gyro: -36.48, 41.40, -205.55
Accel: -0.41, 0.03, -0.94
Gyro: -44.10, 48.07, -206.28
Accel: -0.39, 0.02, -0.91
Gyro: -45.10, 49.08, -200.59
Accel: -0.34, 0.09, -0.92
Gyro: -52.45, 50.68, -195.61
Accel: -0.29, 0.15, -0.90
Gyro: -51.24, 48.49, -185.29
Accel: -0.22, 0.20, -0.79
Gyro: -46.24, 40.58, -167.76
Accel: -0.17, 0.20, -0.87
Gyro: -46.65, 31.21, -149.38
Accel: -0.13, 0.34, -0.96
Gyro: -54.72, 35.37, -126.46
Accel: -0.11, 0.37, -0.85
Gyro: -39.11, 18.65, -96.10
Accel: -0.11, 0.44, -0.93
Gyro: -30.12, 10.24, -67.36
Accel: -0.09, 0.46, -0.94
Gyro: -18.61, 7.96, -36.70
Accel: -0.09, 0.33, -0.96
Gyro: -12.63, 2.98, -11.75
Accel: -0.09, 0.31, -0.95
Gyro: -8.16, 2.24, 3.75
Accel: -0.06, 0.22, -0.92
Gyro: 0.39, -0.07, 11.54
Accel: -0.06, 0.19, -0.94
Gyro: 1.08, -3.01, 11.60
Accel: -0.04, 0.27, -0.93
Gyro: 4.68, -8.80, 19.00
Accel: -0.07, 0.30, -0.94
Gyro: 13.25, -13.40, 32.48
Accel: -0.09, 0.28, -0.94
Gyro: 10.14, -16.54, 49.48
Accel: -0.12, 0.28, -0.96
Gyro: 9.74, -13.47, 61.90
Accel: -0.09, 0.33, -0.84
Gyro: 13.79, -20.23, 78.40
Accel: -0.10, 0.38, -0.86
Gyro: 25.56, -35.51, 107.47
Accel: -0.18, 0.27, -1.03
Gyro: 32.78, -28.28, 123.82
Accel: -0.17, 0.32, -0.79
Gyro: 45.33, -34.14, 136.58
Accel: -0.23, 0.22, -0.80
Gyro: 56.79, -52.03, 160.16
Accel: -0.30, 0.10, -0.94
Gyro: 33.28, -49.10, 167.45
Accel: -0.30, 0.16, -0.87
Gyro: 34.55, -50.94, 177.44
Accel: -0.36, 0.05, -0.93
Gyro: 45.72, -50.88, 180.70
Accel: -0.37, 0.03, -0.86
Gyro: 48.65, -50.35, 176.73
Accel: -0.43, -0.09, -1.08
Gyro: 46.57, -45.02, 170.46
Accel: -0.42, -0.15, -1.05
Gyro: 22.44, -21.25, 147.51
Accel: -0.36, -0.12, -0.90
Gyro: 27.85, -14.76, 127.16
Accel: -0.34, -0.14, -0.91
Gyro: 20.09, -16.65, 108.09
Accel: -0.32, -0.10, -0.94
Gyro: 10.18, -16.88, 88.47
Accel: -0.33, -0.07, -0.96
Gyro: 8.76, -13.55, 72.86
Accel: -0.33, -0.03, -0.99
Gyro: 3.95, -6.49, 61.28
Accel: -0.31, -0.02, -0.92
Gyro: 3.19, -2.90, 50.10
Accel: -0.31, -0.01, -0.93
Gyro: 4.33, -2.20, 39.35
Accel: -0.30, 0.03, -0.94
Gyro: 2.55, -1.32, 30.05
Accel: -0.29, 0.04, -0.92
Gyro: 2.20, 0.47, 26.37
Accel: -0.29, 0.03, -0.91
Gyro: 1.74, -0.84, 19.22
Accel: -0.28, 0.04, -0.91
Gyro: 1.62, -3.33, 12.09
Accel: -0.28, 0.04, -0.93
Gyro: 1.24, -3.92, 6.89
Accel: -0.28, 0.04, -0.92
Gyro: 2.97, -4.35, 2.09
Accel: -0.29, 0.03, -0.93
Gyro: 2.15, -5.23, -3.54
Accel: -0.29, 0.05, -0.94
Gyro: 0.50, -5.10, -7.88
Accel: -0.29, 0.06, -0.92
Gyro: 0.11, -3.60, -8.55
Accel: -0.29, 0.05, -0.92
Gyro: -0.28, -3.43, -8.38
Accel: -0.29, 0.06, -0.93
Gyro: -1.95, -4.26, -9.45
Accel: -0.29, 0.05, -0.93
Gyro: -2.61, -4.39, -10.67
Accel: -0.30, 0.07, -0.95
Gyro: -2.97, -3.81, -10.50
Accel: -0.30, 0.09, -0.95
Gyro: -3.88, -1.91, -7.93
Accel: -0.30, 0.07, -0.92
Gyro: -3.14, -0.80, -5.09
Accel: -0.29, 0.06, -0.93
Gyro: -4.01, -0.89, -4.29
Accel: -0.30, 0.06, -0.92
Gyro: -3.73, -1.74, -5.09
Accel: -0.30, 0.06, -0.93
Gyro: -4.53, -1.24, -6.37
Accel: -0.30, 0.08, -0.93
Gyro: -5.36, 1.06, -6.29
Accel: -0.30, 0.07, -0.93
Gyro: -4.83, 1.18, -5.55
Accel: -0.28, 0.07, -0.92
Gyro: -4.04, -0.23, -5.07
Accel: -0.30, 0.07, -0.91
Gyro: -4.96, -1.14, -5.56
Accel: -0.30, 0.08, -0.92
Gyro: -5.37, -1.79, -5.82
Accel: -0.30, 0.08, -0.91
Gyro: -5.64, -0.88, -5.07
Accel: -0.30, 0.08, -0.91
Gyro: -5.03, -0.89, -5.00
Accel: -0.30, 0.09, -0.93
Gyro: -5.01, -0.71, -5.25
Accel: -0.30, 0.09, -0.92
Gyro: -4.84, 0.09, -4.92
Accel: -0.30, 0.09, -0.93
Gyro: -3.86, 0.16, -4.62
Accel: -0.30, 0.09, -0.93
Gyro: -2.43, 0.43, -4.29
Accel: -0.29, 0.09, -0.92
Gyro: -2.49, 0.90, -4.06
Accel: -0.29, 0.09, -0.93
Gyro: -2.39, 1.05, -3.90
Accel: -0.29, 0.09, -0.92
Gyro: -2.00, 0.87, -3.98
Accel: -0.28, 0.09, -0.92
Gyro: -0.97, 0.32, -3.46
Accel: -0.28, 0.08, -0.93
Gyro: -0.57, -0.05, -2.78
Accel: -0.28, 0.08, -0.92
Gyro: -0.58, -1.15, -2.30
Accel: -0.29, 0.08, -0.93
Gyro: -1.44, -0.34, -1.60
Accel: -0.29, 0.06, -0.92
Gyro: -1.66, -0.36, -1.20
Accel: -0.29, 0.07, -0.92
Gyro: -1.69, -0.80, -1.28
Accel: -0.29, 0.06, -0.92
Gyro: -1.82, -0.84, -1.76
Accel: -0.30, 0.07, -0.92
Gyro: -1.30, -0.82, -2.05
Accel: -0.29, 0.07, -0.91
Gyro: -1.13, -0.44, -1.98
Accel: -0.29, 0.08, -0.93
Gyro: -0.80, -0.62, -1.97
Accel: -0.29, 0.07, -0.92
Gyro: -1.06, -0.15, -1.91
Accel: -0.29, 0.07, -0.92
Gyro: -1.27, -0.22, -1.74
Accel: -0.28, 0.07, -0.92
Gyro: -1.37, -0.62, -1.91
