Accel: -0.25, 0.11, -0.94
Gyro: -2.86, -0.63, -1.40
Accel: -0.25, 0.11, -0.93
Gyro: -3.11, -0.83, -1.62
Accel: -0.25, 0.12, -0.93
Gyro: -2.99, -0.86, -1.72
Accel: -0.25, 0.12, -0.94
Gyro: -2.76, -1.17, -1.40
Accel: -0.26, 0.11, -0.94
Gyro: -3.36, -0.95, -1.34
Accel: -0.26, 0.12, -0.93
Gyro: -3.17, -0.31, -1.24
Accel: -0.25, 0.11, -0.93
Gyro: -2.90, -0.60, -1.20
Accel: -0.26, 0.12, -0.94
Gyro: -2.99, -0.23, -1.03
Accel: -0.25, 0.12, -0.94
Gyro: -2.91, 0.27, -1.55
Accel: -0.26, 0.11, -0.93
Gyro: -2.68, 0.55, -1.95
Accel: -0.25, 0.10, -0.92
Gyro: -0.86, -1.26, -2.87
Accel: -0.25, 0.07, -0.94
Gyro: -2.27, -1.62, -4.79
Accel: -0.27, -0.03, -0.95
Gyro: -5.05, 0.05, -15.75
Accel: -0.28, -0.15, -0.94
Gyro: -8.22, 2.31, -39.12
Accel: -0.33, -0.20, -1.01
Gyro: -12.25, 6.99, -73.55
Accel: -0.36, -0.22, -1.02
Gyro: -16.39, 19.09, -115.91
Accel: -0.39, -0.16, -0.99
Gyro: -19.81, 28.88, -150.81
Accel: -0.41, -0.11, -1.01
Gyro: -28.21, 39.06, -177.32
Accel: -0.43, -0.06, -1.00
Gyro: -30.59, 48.60, -193.12
Accel: -0.43, -0.04, -0.95
Gyro: -38.76, 57.01, -207.23
Accel: -0.38, 0.11, -0.90
Gyro: -44.84, 60.55, -206.72
Accel: -0.35, 0.11, -0.90
Gyro: -45.70, 59.33, -195.40
Accel: -0.27, 0.15, -0.85
Gyro: -50.19, 56.09, -188.35
Accel: -0.21, 0.25, -0.82
Gyro: -46.04, 46.13, -174.42
Accel: -0.21, 0.26, -0.95
Gyro: -49.71, 40.82, -153.31
Accel: -0.10, 0.47, -0.84
Gyro: -55.17, 29.19, -122.81
Accel: -0.10, 0.53, -0.82
Gyro: -28.50, 14.15, -85.66
Accel: -0.09, 0.53, -0.92
Gyro: -24.11, 11.79, -46.53
Accel: -0.08, 0.44, -0.93
Gyro: -13.28, 5.02, -12.06
Accel: -0.09, 0.33, -0.95
Gyro: -8.02, 3.08, 6.07
Accel: -0.07, 0.30, -0.93
Gyro: -0.64, 2.78, 13.28
Accel: -0.07, 0.25, -0.91
Gyro: 9.02, -1.43, 19.04
Accel: -0.05, 0.19, -0.93
Gyro: 5.28, -4.26, 23.57
Accel: -0.06, 0.24, -0.89
Gyro: 8.56, -10.68, 32.47
Accel: -0.08, 0.30, -0.96
Gyro: 2.14, -14.19, 44.62
Accel: -0.10, 0.27, -0.98
Gyro: 1.22, -12.25, 56.05
Accel: -0.09, 0.32, -0.92
Gyro: 3.86, -10.77, 65.51
Accel: -0.07, 0.40, -0.79
Gyro: 14.85, -22.83, 84.21
Accel: -0.07, 0.41, -0.78
Gyro: 22.82, -38.52, 111.13
Accel: -0.12, 0.40, -0.82
Gyro: 30.47, -54.76, 141.65
Accel: -0.21, 0.31, -0.97
Gyro: 34.46, -58.65, 166.47
Accel: -0.27, 0.20, -0.95
Gyro: 30.11, -56.95, 179.71
Accel: -0.29, 0.10, -0.92
Gyro: 33.40, -57.30, 177.80
Accel: -0.32, 0.11, -0.91
Gyro: 35.61, -54.98, 173.43
Accel: -0.32, 0.05, -0.95
Gyro: 36.15, -53.71, 171.07
Accel: -0.33, -0.01, -0.99
Gyro: 24.39, -44.42, 155.40
Accel: -0.33, 0.06, -0.96
Gyro: 28.72, -39.11, 141.83
Accel: -0.34, 0.02, -0.99
Gyro: 29.27, -31.91, 130.93
Accel: -0.32, -0.04, -0.98
Gyro: 25.44, -24.64, 112.94
Accel: -0.29, -0.08, -0.96
Gyro: 21.32, -18.55, 90.92
Accel: -0.28, -0.04, -0.97
Gyro: 15.95, -13.65, 69.38
Accel: -0.27, -0.05, -0.95
Gyro: 15.39, -11.66, 50.30
Accel: -0.27, -0.04, -0.96
Gyro: 12.21, -10.39, 32.27
Accel: -0.26, -0.01, -0.97
Gyro: 6.31, -5.45, 17.87
Accel: -0.26, 0.03, -0.92
Gyro: 5.91, -3.46, 7.03
Accel: -0.27, 0.03, -0.93
Gyro: 5.72, -4.78, -1.41
Accel: -0.28, 0.05, -0.95
Gyro: -1.67, -2.85, -7.23
Accel: -0.27, 0.08, -0.93
Gyro: -3.68, -0.85, -11.20
Accel: -0.27, 0.09, -0.93
Gyro: -4.12, -0.58, -11.99
Accel: -0.26, 0.12, -0.92
Gyro: -2.75, -2.06, -11.28
Accel: -0.26, 0.11, -0.95
Gyro: -1.11, -1.85, -9.06
Accel: -0.26, 0.10, -0.92
Gyro: -1.64, -1.11, -7.36
Accel: -0.26, 0.10, -0.91
Gyro: -1.41, -2.90, -6.79
Accel: -0.26, 0.10, -0.92
Gyro: -2.94, -3.93, -6.33
Accel: -0.27, 0.10, -0.93
Gyro: -2.66, -4.80, -5.55
Accel: -0.27, 0.10, -0.93
Gyro: -3.49, -4.04, -4.76
Accel: -0.28, 0.10, -0.89
Gyro: -2.69, -5.08, -3.83
Accel: -0.29, 0.11, -0.95
Gyro: -1.39, -4.09, -2.89
Accel: -0.29, 0.10, -0.97
Gyro: -3.36, -2.25, -1.81
Accel: -0.28, 0.10, -0.92
Gyro: -2.91, -0.72, -0.44
Accel: -0.27, 0.09, -0.93
Gyro: -3.38, 0.34, 0.02
Accel: -0.26, 0.08, -0.92
Gyro: -5.55, -0.06, -1.69
Accel: -0.26, 0.07, -0.95
Gyro: -5.48, 1.90, -5.06
Accel: -0.24, 0.07, -0.92
Gyro: -2.01, 0.42, -9.04
Accel: -0.25, 0.06, -0.90
Gyro: -1.78, -1.94, -13.31
Accel: -0.25, 0.06, -0.91
Gyro: -2.80, -4.67, -17.19
Accel: -0.27, 0.08, -0.95
Gyro: -4.84, -4.87, -20.58
Accel: -0.26, 0.11, -0.93
Gyro: -4.71, -4.04, -19.87
Accel: -0.27, 0.14, -0.93
Gyro: -1.60, -4.48, -15.47
Accel: -0.27, 0.17, -0.94
Gyro: -0.09, -5.08, -6.91
Accel: -0.29, 0.21, -0.92
Gyro: 1.09, -5.63, 4.98
Accel: -0.30, 0.20, -0.92
Gyro: 4.31, -5.87, 19.65
Accel: -0.31, 0.18, -0.92
Gyro: 5.18, -6.94, 32.07
Accel: -0.31, 0.15, -0.89
Gyro: 8.18, -7.48, 41.64
Accel: -0.32, 0.10, -0.93
Gyro: 10.64, -9.44, 43.46
Accel: -0.32, 0.04, -0.92
Gyro: 8.72, -7.79, 39.45
Accel: -0.32, -0.00, -0.94
Gyro: 6.55, -5.65, 28.88
Accel: -0.31, -0.02, -0.94
Gyro: 5.00, -4.18, 15.14
Accel: -0.31, -0.04, -0.93
Gyro: 4.18, -1.53, 0.30
Accel: -0.31, -0.02, -0.92
Gyro: -1.19, 0.24, -12.21
Accel: -0.31, 0.02, -0.93
Gyro: -3.78, -0.16, -20.21
Accel: -0.31, 0.06, -0.95
Gyro: -5.55, 0.92, -23.34
Accel: -0.31, 0.07, -0.95
Gyro: -7.14, 3.14, -23.48
Accel: -0.30, 0.10, -0.93
Gyro: -7.54, 3.78, -21.28
Accel: -0.29, 0.11, -0.92
Gyro: -8.83, 3.75, -17.22
Accel: -0.29, 0.13, -0.93
Gyro: -7.24, 2.49, -12.63
Accel: -0.28, 0.12, -0.91
Gyro: -5.99, 2.17, -6.76
Accel: -0.28, 0.11, -0.90
Gyro: -4.04, 0.46, -2.53
Accel: -0.28, 0.10, -0.92
Gyro: -3.98, -1.40, 0.24
Accel: -0.28, 0.09, -0.93
Gyro: -4.55, -1.18, 1.27
Accel: -0.28, 0.08, -0.92
Gyro: -3.03, -2.54, 0.46
