Accel: -0.27, 0.08, -0.94
Gyro: -2.06, -1.04, -2.19
Accel: -0.27, 0.08, -0.92
Gyro: -2.04, -0.97, -2.17
Accel: -0.27, 0.08, -0.93
Gyro: -1.53, -1.41, -1.46
Accel: -0.28, 0.07, -0.94
Gyro: -1.97, -1.37, -1.10
Accel: -0.28, 0.08, -0.94
Gyro: -2.21, -0.80, -1.28
Accel: -0.28, 0.07, -0.93
Gyro: -2.06, -0.63, -1.24
Accel: -0.27, 0.07, -0.92
Gyro: -1.37, -1.13, -1.17
Accel: -0.27, 0.07, -0.93
Gyro: -2.14, -0.95, -1.28
Accel: -0.28, 0.07, -0.93
Gyro: -2.62, -0.08, -1.02
Accel: -0.27, 0.07, -0.92
Gyro: -2.25, -0.43, -1.52
Accel: -0.27, 0.06, -0.92
Gyro: -1.15, -0.84, -2.20
Accel: -0.28, -0.00, -0.94
Gyro: -2.27, -0.78, -6.28
Accel: -0.29, -0.10, -0.94
Gyro: -6.42, 0.92, -19.83
Accel: -0.30, -0.22, -0.95
Gyro: -9.34, 2.34, -48.87
Accel: -0.33, -0.27, -0.97
Gyro: -12.71, 8.29, -89.80
Accel: -0.38, -0.24, -0.97
Gyro: -15.75, 13.94, -129.86
Accel: -0.40, -0.21, -0.99
Gyro: -21.70, 21.56, -160.71
Accel: -0.44, -0.19, -0.96
Gyro: -25.99, 27.96, -187.87
Accel: -0.45, -0.11, -0.95
Gyro: -33.26, 32.89, -204.06
Accel: -0.44, -0.03, -0.97
Gyro: -41.63, 39.70, -207.98
Accel: -0.40, 0.04, -0.94
Gyro: -45.10, 44.79, -201.55
Accel: -0.37, 0.03, -0.93
Gyro: -45.12, 48.71, -195.38
Accel: -0.31, 0.16, -0.89
Gyro: -46.57, 50.11, -187.06
Accel: -0.26, 0.08, -0.90
Gyro: -44.20, 45.80, -171.74
Accel: -0.20, 0.27, -0.89
Gyro: -44.61, 40.56, -154.21
Accel: -0.20, 0.40, -0.94
Gyro: -39.15, 35.42, -119.96
Accel: -0.11, 0.38, -0.86
Gyro: -30.65, 28.11, -85.45
Accel: -0.04, 0.45, -0.84
Gyro: -18.39, 9.42, -51.86
Accel: -0.07, 0.34, -0.95
Gyro: -5.53, -1.69, -13.70
Accel: -0.10, 0.17, -1.00
Gyro: -10.03, 3.32, 4.74
Accel: -0.07, 0.11, -0.95
Gyro: -7.93, 0.30, 4.33
Accel: -0.06, 0.15, -0.97
Gyro: -3.21, -0.60, 5.25
Accel: -0.05, 0.21, -0.95
Gyro: 0.61, -2.66, 10.82
Accel: -0.05, 0.23, -0.92
Gyro: 5.01, -8.07, 23.30
Accel: -0.08, 0.16, -0.94
Gyro: 5.40, -7.89, 37.01
Accel: -0.06, 0.17, -0.90
Gyro: -4.37, -11.73, 45.73
Accel: -0.07, 0.26, -0.88
Gyro: -1.07, -21.93, 61.09
Accel: -0.08, 0.30, -0.96
Gyro: 11.13, -27.53, 77.91
Accel: -0.09, 0.31, -0.87
Gyro: 19.40, -32.51, 97.40
Accel: -0.12, 0.29, -0.76
Gyro: 26.70, -45.84, 122.25
Accel: -0.24, 0.18, -0.99
Gyro: 30.99, -55.95, 143.39
Accel: -0.34, 0.11, -1.15
Gyro: 10.43, -36.32, 145.95
Accel: -0.27, 0.19, -0.87
Gyro: 25.86, -29.44, 149.08
Accel: -0.29, 0.07, -0.85
Gyro: 41.90, -42.37, 156.58
Accel: -0.34, 0.02, -0.99
Gyro: 25.26, -40.02, 151.92
Accel: -0.33, 0.04, -0.90
Gyro: 27.50, -36.38, 147.07
Accel: -0.34, 0.02, -0.96
Gyro: 29.31, -36.04, 144.86
Accel: -0.37, -0.03, -1.03
Gyro: 19.52, -27.62, 135.83
Accel: -0.33, -0.04, -0.93
Gyro: 18.87, -19.26, 120.19
Accel: -0.31, -0.02, -0.93
Gyro: 21.70, -17.93, 107.12
Accel: -0.31, -0.00, -0.94
Gyro: 16.24, -17.07, 94.15
Accel: -0.30, 0.00, -0.92
Gyro: 16.32, -16.59, 83.02
Accel: -0.31, -0.00, -0.94
Gyro: 17.58, -15.46, 71.64
Accel: -0.31, -0.00, -0.96
Gyro: 14.21, -11.70, 60.62
Accel: -0.30, -0.01, -0.94
Gyro: 13.42, -7.48, 49.77
Accel: -0.30, -0.01, -0.95
Gyro: 12.67, -6.29, 37.74
Accel: -0.30, 0.01, -0.95
Gyro: 8.69, -3.36, 28.69
Accel: -0.29, 0.00, -0.92
Gyro: 8.02, -2.63, 20.64
Accel: -0.29, -0.01, -0.94
Gyro: 5.24, -2.16, 11.73
Accel: -0.28, 0.01, -0.94
Gyro: 1.96, -1.64, 2.89
Accel: -0.28, 0.03, -0.93
Gyro: 0.91, -1.58, -3.34
Accel: -0.28, 0.02, -0.94
Gyro: 0.44, -2.91, -7.79
Accel: -0.28, 0.05, -0.94
Gyro: -2.19, -2.08, -9.56
Accel: -0.28, 0.06, -0.93
Gyro: -2.26, -1.75, -10.19
Accel: -0.28, 0.06, -0.92
Gyro: -1.97, -2.33, -9.41
Accel: -0.29, 0.07, -0.94
Gyro: -3.60, -2.05, -8.94
Accel: -0.28, 0.06, -0.94
Gyro: -3.44, -1.53, -8.19
Accel: -0.28, 0.07, -0.92
Gyro: -2.47, -1.83, -8.01
Accel: -0.28, 0.07, -0.93
Gyro: -2.33, -2.24, -7.26
Accel: -0.29, 0.06, -0.95
Gyro: -3.40, -0.45, -7.07
Accel: -0.29, 0.06, -0.93
Gyro: -2.33, 0.66, -7.01
Accel: -0.28, 0.06, -0.92
Gyro: -2.60, -0.03, -7.46
Accel: -0.29, 0.07, -0.93
Gyro: -3.27, -0.84, -7.10
Accel: -0.28, 0.07, -0.92
Gyro: -4.41, 0.00, -5.98
Accel: -0.28, 0.07, -0.92
Gyro: -4.47, -0.57, -5.46
Accel: -0.29, 0.06, -0.93
Gyro: -4.88, -1.34, -5.31
Accel: -0.28, 0.07, -0.94
Gyro: -5.10, -0.59, -5.40
Accel: -0.29, 0.07, -0.94
Gyro: -5.43, -0.56, -5.81
Accel: -0.29, 0.08, -0.94
Gyro: -3.99, -0.65, -5.68
Accel: -0.29, 0.07, -0.94
Gyro: -2.72, -0.40, -5.71
Accel: -0.28, 0.09, -0.93
Gyro: -3.49, 0.69, -4.86
Accel: -0.28, 0.09, -0.92
Gyro: -2.64, 0.46, -3.40
Accel: -0.28, 0.08, -0.92
Gyro: -1.67, -0.31, -2.25
Accel: -0.28, 0.08, -0.93
Gyro: -2.37, -0.76, -1.33
Accel: -0.27, 0.07, -0.93
Gyro: -2.30, -0.87, -1.42
Accel: -0.28, 0.07, -0.94
Gyro: -2.33, -0.31, -1.13
Accel: -0.28, 0.07, -0.92
Gyro: -2.32, -0.29, -1.56
Accel: -0.28, 0.07, -0.92
Gyro: -2.56, -0.57, -1.99
Accel: -0.28, 0.07, -0.93
Gyro: -2.71, -0.69, -2.49
Accel: -0.28, 0.07, -0.93
Gyro: -1.84, -0.63, -3.16
Accel: -0.27, 0.08, -0.93
Gyro: -1.81, -0.98, -3.06
Accel: -0.28, 0.07, -0.92
Gyro: -1.64, -1.44, -2.69
Accel: -0.28, 0.07, -0.93
Gyro: -1.79, -1.82, -2.28
Accel: -0.29, 0.07, -0.94
Gyro: -1.83, -1.61, -1.94
Accel: -0.28, 0.07, -0.93
Gyro: -1.85, -0.94, -1.58
Accel: -0.29, 0.07, -0.94
Gyro: -1.58, -1.05, -1.41
Accel: -0.28, 0.07, -0.92
Gyro: -1.63, -1.20, -1.63
Accel: -0.28, 0.06, -0.93
Gyro: -1.72, -1.23, -1.84
Accel: -0.28, 0.06, -0.93
Gyro: -2.15, -0.79, -2.17
Accel: -0.28, 0.07, -0.92
Gyro: -0.64, -1.30, -2.50
Accel: -0.29, 0.06, -0.93
Gyro: -1.23, -1.89, -2.31
