Accel: -0.26, 0.06, -0.93
Gyro: -0.95, -1.57, -0.99
Accel: -0.26, 0.05, -0.93
Gyro: -1.18, -1.64, -0.46
Accel: -0.26, 0.03, -0.94
Gyro: -2.71, -1.80, -0.48
Accel: -0.26, 0.04, -0.95
Gyro: -3.11, -0.81, -1.70
Accel: -0.26, 0.05, -0.93
Gyro: -2.91, -0.35, -2.38
Accel: -0.26, 0.05, -0.92
Gyro: -3.49, -1.67, -2.53
Accel: -0.27, 0.06, -0.94
Gyro: -3.03, -2.34, -1.59
Accel: -0.27, 0.06, -0.94
Gyro: -3.24, -1.36, -1.27
Accel: -0.27, 0.06, -0.92
Gyro: -3.17, -1.33, -1.56
Accel: -0.28, 0.06, -0.95
Gyro: -2.36, -1.79, -1.85
Accel: -0.27, 0.04, -0.94
Gyro: -1.56, -1.72, -3.46
Accel: -0.28, -0.03, -0.94
Gyro: -3.92, 0.05, -9.81
Accel: -0.28, -0.16, -0.92
Gyro: -5.84, -0.18, -26.25
Accel: -0.31, -0.29, -0.96
Gyro: -9.97, 0.47, -60.57
Accel: -0.37, -0.35, -1.02
Gyro: -16.20, 8.35, -102.65
Accel: -0.41, -0.35, -1.03
Gyro: -23.81, 22.98, -149.62
Accel: -0.44, -0.27, -0.96
Gyro: -31.62, 31.53, -185.18
Accel: -0.45, -0.16, -0.98
Gyro: -40.48, 38.20, -208.70
Accel: -0.47, -0.09, -0.96
Gyro: -46.90, 45.00, -220.69
Accel: -0.43, 0.01, -0.90
Gyro: -51.94, 49.60, -223.38
Accel: -0.38, 0.08, -0.89
Gyro: -50.89, 48.74, -216.89
Accel: -0.33, 0.13, -0.89
Gyro: -49.71, 45.94, -203.21
Accel: -0.28, 0.16, -0.89
Gyro: -49.32, 45.73, -190.21
Accel: -0.21, 0.20, -0.83
Gyro: -43.78, 38.39, -173.37
Accel: -0.17, 0.19, -0.89
Gyro: -39.03, 29.98, -160.96
Accel: -0.21, 0.32, -0.88
Gyro: -46.98, 37.16, -141.54
Accel: -0.12, 0.33, -0.90
Gyro: -37.43, 28.27, -118.64
Accel: -0.10, 0.38, -0.91
Gyro: -31.54, 21.69, -88.58
Accel: -0.05, 0.43, -0.90
Gyro: -27.38, 14.55, -57.10
Accel: -0.06, 0.37, -0.91
Gyro: -19.86, 6.99, -33.46
Accel: -0.07, 0.28, -0.96
Gyro: -13.50, 6.78, -17.63
Accel: -0.03, 0.31, -0.93
Gyro: -8.10, 5.13, -2.78
Accel: -0.02, 0.15, -0.94
Gyro: -4.35, 1.83, -0.74
Accel: 0.02, 0.37, -0.91
Gyro: -1.06, -4.72, 5.00
Accel: -0.02, 0.28, -0.91
Gyro: 12.63, -15.17, 23.84
Accel: -0.12, 0.15, -1.06
Gyro: 7.23, -10.19, 29.40
Accel: -0.07, 0.35, -0.93
Gyro: -7.87, -7.88, 42.18
Accel: -0.06, 0.42, -0.90
Gyro: 11.12, -13.12, 63.53
Accel: -0.04, 0.48, -0.79
Gyro: 19.92, -29.27, 94.87
Accel: -0.09, 0.53, -0.85
Gyro: 32.88, -46.22, 145.29
Accel: -0.21, 0.48, -1.03
Gyro: 30.21, -40.60, 189.85
Accel: -0.24, 0.41, -0.67
Gyro: 42.18, -53.63, 223.33
Accel: -0.34, 0.18, -0.73
Gyro: 53.52, -80.71, 246.60
Accel: -0.49, -0.01, -1.11
Gyro: 47.92, -71.39, 239.01
Accel: -0.42, 0.12, -0.81
Gyro: 33.30, -53.92, 223.93
Accel: -0.42, 0.10, -0.76
Gyro: 69.98, -70.07, 231.54
Accel: -0.52, -0.18, -1.10
Gyro: 64.22, -60.46, 216.29
Accel: -0.47, -0.21, -0.98
Gyro: 34.89, -39.00, 183.66
Accel: -0.39, -0.19, -0.91
Gyro: 30.54, -35.23, 157.73
Accel: -0.40, -0.19, -1.02
Gyro: 18.83, -32.06, 128.90
Accel: -0.39, -0.13, -1.02
Gyro: 16.38, -19.29, 102.32
Accel: -0.35, -0.15, -0.95
Gyro: 18.39, -9.83, 76.49
Accel: -0.35, -0.09, -0.97
Gyro: 11.39, -4.04, 53.76
Accel: -0.33, -0.07, -0.94
Gyro: 8.73, 0.70, 36.51
Accel: -0.32, -0.05, -0.94
Gyro: 8.04, 4.85, 20.32
Accel: -0.30, -0.03, -0.93
Gyro: 5.52, 6.01, 8.01
Accel: -0.28, -0.02, -0.91
Gyro: 1.56, 5.71, -0.50
Accel: -0.27, -0.01, -0.90
Gyro: -0.89, 3.36, -8.03
Accel: -0.27, 0.02, -0.92
Gyro: -2.94, 0.31, -15.85
Accel: -0.28, 0.08, -0.96
Gyro: -4.08, 0.75, -17.06
Accel: -0.27, 0.08, -0.91
Gyro: -2.59, 1.82, -13.86
Accel: -0.28, 0.05, -0.92
Gyro: -0.81, -1.62, -13.56
Accel: -0.29, 0.07, -0.97
Gyro: -4.39, 0.30, -12.59
Accel: -0.27, 0.08, -0.94
Gyro: -2.65, 3.46, -9.77
Accel: -0.26, 0.06, -0.91
Gyro: 0.53, 1.05, -9.21
Accel: -0.28, 0.04, -0.93
Gyro: -0.92, -1.15, -10.38
Accel: -0.27, 0.05, -0.96
Gyro: -1.56, -0.28, -11.16
Accel: -0.26, 0.07, -0.94
Gyro: -1.59, 2.67, -8.75
Accel: -0.25, 0.06, -0.91
Gyro: -0.89, 1.20, -7.08
Accel: -0.26, 0.05, -0.94
Gyro: -2.97, 0.58, -5.86
Accel: -0.27, 0.05, -0.96
Gyro: -3.39, 1.43, -5.26
Accel: -0.26, 0.07, -0.94
Gyro: -3.30, 2.78, -4.07
Accel: -0.25, 0.05, -0.92
Gyro: -2.01, 1.54, -3.32
Accel: -0.25, 0.04, -0.94
Gyro: -3.31, 1.01, -3.33
Accel: -0.26, 0.05, -0.93
Gyro: -3.70, 0.66, -3.22
Accel: -0.26, 0.05, -0.93
Gyro: -3.58, -0.27, -3.09
Accel: -0.27, 0.05, -0.93
Gyro: -4.55, -0.52, -3.20
Accel: -0.26, 0.06, -0.94
Gyro: -5.13, 0.21, -3.46
Accel: -0.25, 0.08, -0.94
Gyro: -5.00, 0.91, -3.07
Accel: -0.24, 0.07, -0.92
Gyro: -2.92, -0.33, -2.73
Accel: -0.25, 0.06, -0.93
Gyro: -1.59, -2.22, -2.34
Accel: -0.25, 0.03, -0.93
Gyro: -2.12, -2.50, -4.45
Accel: -0.25, 0.05, -0.93
Gyro: -0.70, -3.62, -9.38
Accel: -0.27, 0.12, -0.96
Gyro: 0.58, -0.23, -4.34
Accel: -0.26, 0.05, -0.90
Gyro: 2.78, -0.53, 1.91
Accel: -0.27, 0.01, -0.95
Gyro: -2.93, -0.30, 2.15
Accel: -0.26, 0.02, -0.96
Gyro: -6.96, 2.12, -2.26
Accel: -0.25, 0.04, -0.94
Gyro: -4.59, 2.88, -5.65
Accel: -0.25, 0.05, -0.92
Gyro: -4.17, 1.81, -6.94
Accel: -0.26, 0.05, -0.93
Gyro: -5.62, -0.06, -7.23
Accel: -0.28, 0.04, -0.97
Gyro: -6.52, 1.84, -8.09
Accel: -0.28, 0.09, -1.00
Gyro: -8.33, 6.77, -8.35
Accel: -0.25, 0.11, -0.92
Gyro: -3.31, 9.86, -4.20
Accel: -0.23, 0.09, -0.90
Gyro: 1.63, 6.07, -1.70
Accel: -0.23, 0.06, -0.92
Gyro: 0.35, 2.13, -0.93
Accel: -0.24, 0.04, -0.94
Gyro: -0.89, 0.28, -2.82
Accel: -0.23, 0.05, -0.94
Gyro: -1.91, 0.79, -3.17
Accel: -0.23, 0.06, -0.91
Gyro: -1.79, -0.43, -2.94
Accel: -0.23, 0.07, -0.92
Gyro: -0.40, -3.65, -2.26
Accel: -0.23, 0.07, -0.94
Gyro: -1.40, -4.55, -0.06
Accel: -0.24, 0.06, -0.91
Gyro: -0.98, -5.19, 1.54
