Accel: -0.29, 0.05, -0.93
Gyro: -1.29, -1.51, -0.76
Accel: -0.29, 0.06, -0.93
Gyro: -2.30, -0.92, -0.77
Accel: -0.29, 0.06, -0.93
Gyro: -2.68, -0.91, -0.73
Accel: -0.29, 0.06, -0.93
Gyro: -2.32, -0.68, -1.27
Accel: -0.30, 0.06, -0.93
Gyro: -2.37, -0.38, -1.52
Accel: -0.29, 0.06, -0.93
Gyro: -1.72, -0.94, -1.24
Accel: -0.29, 0.07, -0.93
Gyro: -1.89, -0.97, -1.13
Accel: -0.28, 0.06, -0.93
Gyro: -2.12, -0.49, -0.57
Accel: -0.30, 0.05, -0.93
Gyro: -1.22, -0.31, -0.78
Accel: -0.29, 0.05, -0.92
Gyro: -1.23, -0.53, -1.14
Accel: -0.29, 0.02, -0.93
Gyro: -1.81, -1.11, -2.57
Accel: -0.30, -0.07, -0.95
Gyro: -6.20, 0.89, -9.62
Accel: -0.30, -0.14, -0.94
Gyro: -11.67, 2.75, -28.46
Accel: -0.31, -0.18, -0.95
Gyro: -12.82, 3.02, -55.59
Accel: -0.34, -0.21, -0.95
Gyro: -15.45, 6.98, -86.94
Accel: -0.37, -0.16, -0.98
Gyro: -18.45, 13.70, -115.16
Accel: -0.41, -0.17, -1.01
Gyro: -19.03, 20.79, -135.06
Accel: -0.41, -0.13, -0.98
Gyro: -27.19, 30.57, -157.89
Accel: -0.41, -0.11, -0.95
Gyro: -27.68, 34.84, -171.55
Accel: -0.40, -0.11, -0.96
Gyro: -37.83, 39.67, -181.94
Accel: -0.37, -0.02, -0.91
Gyro: -48.61, 42.99, -185.18
Accel: -0.33, 0.06, -0.87
Gyro: -50.16, 39.51, -179.34
Accel: -0.32, 0.06, -0.90
Gyro: -50.64, 37.37, -172.74
Accel: -0.28, 0.15, -0.89
Gyro: -48.79, 35.05, -163.78
Accel: -0.25, 0.12, -0.91
Gyro: -41.54, 34.56, -152.15
Accel: -0.21, 0.07, -0.88
Gyro: -40.95, 31.60, -147.95
Accel: -0.16, 0.26, -0.88
Gyro: -48.75, 31.86, -136.19
Accel: -0.13, 0.37, -0.84
Gyro: -43.56, 19.93, -110.57
Accel: -0.11, 0.41, -0.87
Gyro: -35.61, 7.87, -69.25
Accel: -0.13, 0.44, -0.95
Gyro: -39.05, 7.71, -27.79
Accel: -0.07, 0.34, -0.86
Gyro: -28.95, -0.34, -1.66
Accel: -0.10, 0.29, -0.96
Gyro: -12.38, -8.78, 8.88
Accel: -0.11, 0.21, -0.98
Gyro: -3.76, -3.93, 4.54
Accel: -0.09, 0.26, -0.92
Gyro: -3.05, -2.66, 4.79
Accel: -0.10, 0.30, -0.92
Gyro: 4.53, -7.34, 15.41
Accel: -0.09, 0.30, -0.92
Gyro: 12.49, -9.77, 26.22
Accel: -0.09, 0.33, -0.92
Gyro: 12.25, -15.67, 42.69
Accel: -0.13, 0.33, -0.96
Gyro: 15.97, -16.91, 61.04
Accel: -0.13, 0.38, -0.86
Gyro: 21.42, -21.64, 82.15
Accel: -0.17, 0.32, -0.90
Gyro: 28.64, -28.87, 111.02
Accel: -0.21, 0.25, -0.95
Gyro: 22.58, -26.10, 127.87
Accel: -0.20, 0.26, -0.84
Gyro: 24.25, -32.73, 141.72
Accel: -0.25, 0.15, -0.85
Gyro: 32.27, -45.42, 154.72
Accel: -0.31, 0.05, -1.09
Gyro: 27.47, -38.30, 148.63
Accel: -0.26, 0.14, -0.87
Gyro: 27.80, -29.49, 141.34
Accel: -0.27, 0.18, -0.83
Gyro: 44.64, -38.30, 151.72
Accel: -0.33, -0.01, -1.00
Gyro: 35.04, -38.75, 154.51
Accel: -0.35, -0.03, -1.02
Gyro: 16.13, -25.69, 138.34
Accel: -0.31, 0.06, -0.92
Gyro: 24.92, -20.48, 128.69
Accel: -0.30, 0.01, -0.92
Gyro: 25.22, -19.58, 122.11
Accel: -0.28, -0.03, -0.96
Gyro: 18.13, -19.35, 109.38
Accel: -0.29, -0.01, -0.95
Gyro: 16.09, -15.88, 95.55
Accel: -0.28, -0.00, -0.95
Gyro: 18.95, -14.48, 82.39
Accel: -0.27, -0.03, -0.98
Gyro: 18.42, -10.51, 68.83
Accel: -0.26, -0.02, -0.96
Gyro: 15.56, -5.91, 53.89
Accel: -0.25, -0.01, -0.92
Gyro: 13.73, -4.50, 41.16
Accel: -0.25, -0.00, -0.92
Gyro: 13.46, -6.16, 30.46
Accel: -0.25, 0.01, -0.96
Gyro: 12.04, -5.91, 23.09
Accel: -0.24, 0.00, -0.93
Gyro: 9.06, -4.85, 15.95
Accel: -0.24, 0.00, -0.94
Gyro: 6.79, -6.14, 8.71
Accel: -0.25, 0.01, -0.93
Gyro: 4.33, -6.74, 1.91
Accel: -0.25, 0.02, -0.95
Gyro: 3.02, -6.22, -3.56
Accel: -0.26, 0.03, -0.95
Gyro: 0.87, -5.39, -6.19
Accel: -0.26, 0.05, -0.94
Gyro: -0.84, -3.58, -6.61
Accel: -0.26, 0.06, -0.95
Gyro: -1.03, -2.98, -5.62
Accel: -0.26, 0.05, -0.94
Gyro: -2.11, -1.84, -5.30
Accel: -0.24, 0.05, -0.93
Gyro: -1.50, -1.95, -5.67
Accel: -0.26, 0.06, -0.93
Gyro: -2.73, -2.08, -5.73
Accel: -0.26, 0.06, -0.95
Gyro: -2.71, -2.04, -5.47
Accel: -0.26, 0.05, -0.94
Gyro: -2.81, -1.66, -5.42
Accel: -0.26, 0.06, -0.93
Gyro: -3.91, -1.50, -5.62
Accel: -0.26, 0.07, -0.93
Gyro: -4.34, -1.55, -5.33
Accel: -0.26, 0.05, -0.94
Gyro: -5.17, -1.38, -4.97
Accel: -0.27, 0.07, -0.94
Gyro: -6.02, -0.26, -4.50
Accel: -0.26, 0.06, -0.93
Gyro: -5.01, -0.02, -3.68
Accel: -0.25, 0.07, -0.94
Gyro: -4.82, -1.14, -4.04
Accel: -0.26, 0.07, -0.93
Gyro: -4.08, -1.40, -3.64
Accel: -0.26, 0.08, -0.94
Gyro: -3.16, -1.27, -3.26
Accel: -0.26, 0.08, -0.94
Gyro: -2.24, -1.56, -2.66
Accel: -0.26, 0.07, -0.95
Gyro: -2.33, -0.46, -1.95
Accel: -0.26, 0.08, -0.93
Gyro: -2.07, -0.32, -1.79
Accel: -0.26, 0.07, -0.94
Gyro: -1.92, -0.43, -1.54
Accel: -0.26, 0.07, -0.93
Gyro: -2.10, -0.66, -1.97
Accel: -0.26, 0.06, -0.95
Gyro: -2.14, -0.63, -2.59
Accel: -0.26, 0.07, -0.94
Gyro: -1.95, -0.95, -2.92
Accel: -0.25, 0.07, -0.93
Gyro: -1.98, -1.43, -2.93
Accel: -0.26, 0.07, -0.93
Gyro: -2.14, -1.86, -2.85
Accel: -0.26, 0.07, -0.93
Gyro: -2.06, -1.91, -2.21
Accel: -0.25, 0.07, -0.94
Gyro: -2.34, -2.01, -1.69
Accel: -0.26, 0.07, -0.93
Gyro: -2.63, -2.27, -1.65
Accel: -0.26, 0.08, -0.95
Gyro: -3.15, -1.24, -1.66
Accel: -0.26, 0.07, -0.93
Gyro: -1.32, -0.75, -1.53
Accel: -0.26, 0.07, -0.93
Gyro: -0.89, -1.39, -1.33
Accel: -0.26, 0.06, -0.93
Gyro: -1.55, -2.18, -1.31
Accel: -0.27, 0.06, -0.94
Gyro: -1.68, -1.95, -1.15
Accel: -0.27, 0.06, -0.93
Gyro: -1.82, -2.32, -1.42
Accel: -0.26, 0.06, -0.94
Gyro: -2.08, -2.05, -1.47
Accel: -0.28, 0.07, -0.94
Gyro: -1.06, -1.79, -1.54
Accel: -0.27, 0.06, -0.94
Gyro: -2.34, -1.16, -1.57
Accel: -0.27, 0.07, -0.94
Gyro: -1.89, -0.85, -1.64
Accel: -0.26, 0.06, -0.93
Gyro: -2.33, -0.16, -1.75
