Accel: -0.29, 0.08, -0.92
Gyro: -1.02, -0.71, -1.15
Accel: -0.30, 0.07, -0.93
Gyro: -0.95, -0.39, -0.47
Accel: -0.30, 0.06, -0.92
Gyro: -1.43, -0.40, -0.66
Accel: -0.29, 0.07, -0.93
Gyro: -2.20, -0.51, -0.89
Accel: -0.30, 0.06, -0.94
Gyro: -2.05, -0.19, -1.52
Accel: -0.29, 0.06, -0.92
Gyro: -1.75, 0.52, -1.83
Accel: -0.29, 0.06, -0.93
Gyro: -2.47, 1.13, -2.27
Accel: -0.28, 0.07, -0.91
Gyro: -1.65, 0.32, -2.86
Accel: -0.29, 0.06, -0.91
Gyro: -1.40, -0.99, -2.41
Accel: -0.29, 0.07, -0.92
Gyro: -2.14, -1.53, -1.97
Accel: -0.29, 0.05, -0.93
Gyro: -2.06, -1.66, -2.43
Accel: -0.30, -0.03, -0.93
Gyro: -3.06, -0.52, -6.65
Accel: -0.32, -0.19, -0.95
Gyro: -10.97, 2.95, -27.02
Accel: -0.33, -0.27, -0.95
Gyro: -10.86, 4.78, -65.28
Accel: -0.40, -0.39, -0.98
Gyro: -14.43, 10.93, -110.93
Accel: -0.49, -0.39, -1.07
Gyro: -31.69, 27.75, -166.52
Accel: -0.48, -0.17, -0.94
Gyro: -38.73, 40.50, -199.06
Accel: -0.48, -0.12, -0.94
Gyro: -38.32, 44.41, -212.00
Accel: -0.46, -0.01, -0.94
Gyro: -51.36, 51.79, -220.93
Accel: -0.41, 0.04, -0.85
Gyro: -49.48, 49.50, -213.83
Accel: -0.36, 0.07, -0.89
Gyro: -52.94, 48.04, -208.32
Accel: -0.25, 0.14, -0.84
Gyro: -48.76, 42.38, -200.48
Accel: -0.24, 0.01, -0.77
Gyro: -42.04, 30.08, -206.80
Accel: -0.27, 0.23, -0.78
Gyro: -36.33, 13.69, -203.48
Accel: -0.37, 0.35, -1.08
Gyro: -35.72, 11.30, -167.50
Accel: -0.22, 0.50, -0.98
Gyro: -32.53, 14.81, -121.12
Accel: -0.17, 0.48, -0.85
Gyro: -20.31, 8.29, -69.47
Accel: -0.17, 0.32, -0.99
Gyro: -13.28, 3.56, -28.95
Accel: -0.16, 0.25, -0.98
Gyro: -16.65, 5.54, -6.20
Accel: -0.13, 0.14, -0.93
Gyro: -14.07, 5.20, 2.45
Accel: -0.09, 0.19, -0.94
Gyro: -10.83, 4.55, 1.84
Accel: -0.07, 0.26, -0.90
Gyro: 3.47, -3.80, 8.67
Accel: -0.12, 0.22, -0.95
Gyro: 4.07, -6.37, 19.78
Accel: -0.13, 0.28, -0.93
Gyro: 8.28, -6.55, 36.42
Accel: -0.14, 0.33, -0.92
Gyro: 10.28, -12.87, 60.80
Accel: -0.15, 0.35, -0.92
Gyro: 16.56, -15.50, 82.73
Accel: -0.14, 0.39, -0.81
Gyro: 29.98, -26.84, 111.57
Accel: -0.22, 0.32, -0.84
Gyro: 42.67, -37.63, 149.68
Accel: -0.29, 0.17, -0.99
Gyro: 32.17, -35.55, 173.56
Accel: -0.30, 0.14, -0.81
Gyro: 27.47, -41.17, 182.47
Accel: -0.31, 0.15, -0.85
Gyro: 43.36, -57.75, 192.15
Accel: -0.45, -0.10, -1.19
Gyro: 47.36, -42.30, 187.97
Accel: -0.39, -0.12, -0.96
Gyro: 36.34, -16.11, 159.98
Accel: -0.31, 0.04, -0.80
Gyro: 43.37, -22.09, 152.20
Accel: -0.33, -0.01, -0.85
Gyro: 37.54, -34.24, 154.03
Accel: -0.36, -0.03, -0.92
Gyro: 27.40, -35.15, 148.57
Accel: -0.38, -0.05, -1.00
Gyro: 22.15, -29.05, 140.29
Accel: -0.38, -0.05, -0.96
Gyro: 17.65, -21.56, 129.78
Accel: -0.36, -0.07, -0.95
Gyro: 17.14, -17.67, 115.24
Accel: -0.36, -0.07, -0.97
Gyro: 16.00, -12.70, 98.66
Accel: -0.34, -0.11, -0.95
Gyro: 13.02, -7.29, 78.99
Accel: -0.32, -0.09, -0.94
Gyro: 9.62, -4.62, 56.82
Accel: -0.31, -0.06, -0.94
Gyro: 7.77, -1.98, 38.32
Accel: -0.29, -0.06, -0.92
Gyro: 8.16, -1.45, 21.60
Accel: -0.30, -0.03, -0.93
Gyro: 7.15, -2.13, 7.80
Accel: -0.30, -0.02, -0.94
Gyro: 3.14, -0.66, -2.69
Accel: -0.31, -0.01, -0.94
Gyro: 1.01, -0.04, -10.81
Accel: -0.30, 0.01, -0.94
Gyro: -2.71, 1.62, -15.24
Accel: -0.29, 0.05, -0.91
Gyro: -3.47, 2.00, -16.15
Accel: -0.29, 0.06, -0.92
Gyro: -3.62, 1.36, -15.23
Accel: -0.28, 0.07, -0.93
Gyro: -3.41, -0.49, -14.10
Accel: -0.29, 0.07, -0.92
Gyro: -2.94, -0.78, -11.99
Accel: -0.29, 0.07, -0.91
Gyro: -2.89, -1.16, -10.00
Accel: -0.29, 0.06, -0.92
Gyro: -3.40, -1.97, -8.71
Accel: -0.30, 0.06, -0.91
Gyro: -4.98, -2.82, -7.84
Accel: -0.31, 0.07, -0.95
Gyro: -6.22, -1.77, -6.16
Accel: -0.30, 0.08, -0.94
Gyro: -5.97, -0.14, -4.49
Accel: -0.28, 0.06, -0.93
Gyro: -5.98, 0.53, -4.57
Accel: -0.29, 0.07, -0.92
Gyro: -5.39, 0.63, -4.88
Accel: -0.29, 0.08, -0.92
Gyro: -6.15, 1.29, -4.79
Accel: -0.29, 0.08, -0.93
Gyro: -3.14, 1.57, -4.74
Accel: -0.29, 0.08, -0.94
Gyro: -4.00, 2.33, -4.26
Accel: -0.28, 0.08, -0.91
Gyro: -1.83, 1.68, -3.77
Accel: -0.28, 0.07, -0.92
Gyro: -1.17, 0.47, -3.04
Accel: -0.29, 0.07, -0.93
Gyro: -2.12, 0.25, -2.42
Accel: -0.28, 0.07, -0.92
Gyro: -2.98, 0.24, -2.05
Accel: -0.29, 0.08, -0.92
Gyro: -2.74, 0.14, -2.08
Accel: -0.28, 0.07, -0.93
Gyro: -2.53, -0.44, -2.21
Accel: -0.29, 0.07, -0.93
Gyro: -1.95, -0.61, -2.16
Accel: -0.28, 0.07, -0.93
Gyro: -1.56, -0.70, -2.34
Accel: -0.28, 0.07, -0.93
Gyro: -1.11, -1.09, -2.27
Accel: -0.29, 0.07, -0.92
Gyro: -1.10, -0.92, -2.24
Accel: -0.29, 0.06, -0.93
Gyro: -1.23, -1.14, -2.07
Accel: -0.29, 0.07, -0.93
Gyro: -2.37, -0.47, -2.16
Accel: -0.28, 0.06, -0.93
Gyro: -2.31, -0.60, -2.06
Accel: -0.29, 0.07, -0.93
Gyro: -2.52, -1.08, -2.38
Accel: -0.28, 0.07, -0.94
Gyro: -2.62, -0.61, -2.73
Accel: -0.29, 0.07, -0.92
Gyro: -0.89, -0.42, -2.72
Accel: -0.28, 0.07, -0.91
Gyro: -1.78, -0.61, -2.24
Accel: -0.29, 0.07, -0.93
Gyro: -1.72, -1.96, -1.66
Accel: -0.28, 0.07, -0.93
Gyro: -2.47, -2.08, -1.46
Accel: -0.29, 0.07, -0.93
Gyro: -2.50, -2.00, -1.10
Accel: -0.29, 0.06, -0.92
Gyro: -1.97, -1.91, -1.05
Accel: -0.30, 0.06, -0.93
Gyro: -1.98, -1.66, -0.75
Accel: -0.29, 0.07, -0.94
Gyro: -2.11, -1.20, -1.72
Accel: -0.29, 0.06, -0.94
Gyro: -1.43, -0.27, -1.59
Accel: -0.29, 0.06, -0.93
Gyro: -1.28, 0.10, -1.95
Accel: -0.29, 0.07, -0.93
Gyro: -0.68, 0.27, -1.99
Accel: -0.28, 0.06, -0.93
Gyro: -1.01, -0.05, -1.85
Accel: -0.28, 0.06, -0.91
Gyro: -1.49, -0.78, -1.53
Accel: -0.29, 0.06, -0.92
Gyro: -0.95, -1.34, -1.15
