Accel: -0.25, 0.06, -0.94
Gyro: -0.56, 0.66, -1.11
Accel: -0.26, 0.06, -0.93
Gyro: -0.41, -0.40, -0.34
Accel: -0.26, 0.05, -0.94
Gyro: -0.74, -0.38, 0.43
Accel: -0.26, 0.04, -0.93
Gyro: -1.64, 0.21, 0.24
Accel: -0.25, 0.04, -0.93
Gyro: -2.24, -0.15, -0.50
Accel: -0.26, 0.04, -0.94
Gyro: -2.41, -0.64, -0.84
Accel: -0.26, 0.04, -0.95
Gyro: -3.07, -0.50, -1.79
Accel: -0.25, 0.05, -0.94
Gyro: -3.32, -0.33, -2.14
Accel: -0.25, 0.04, -0.93
Gyro: -3.13, -0.36, -2.73
Accel: -0.27, -0.05, -0.96
Gyro: -4.54, 0.43, -6.49
Accel: -0.27, -0.15, -0.95
Gyro: -10.85, 4.26, -25.70
Accel: -0.28, -0.25, -0.95
Gyro: -10.20, 3.89, -56.59
Accel: -0.33, -0.38, -1.02
Gyro: -12.33, 9.28, -102.26
Accel: -0.39, -0.34, -1.04
Gyro: -22.71, 24.60, -155.12
Accel: -0.43, -0.23, -0.99
Gyro: -25.26, 34.97, -192.39
Accel: -0.45, -0.17, -0.96
Gyro: -30.95, 41.80, -213.46
Accel: -0.44, -0.09, -0.95
Gyro: -40.74, 47.80, -224.22
Accel: -0.41, -0.05, -0.90
Gyro: -44.85, 50.45, -225.77
Accel: -0.37, 0.00, -0.89
Gyro: -48.64, 49.16, -223.44
Accel: -0.36, -0.08, -0.98
Gyro: -48.97, 51.13, -222.63
Accel: -0.33, -0.11, -0.90
Gyro: -67.28, 58.22, -238.46
Accel: -0.21, 0.25, -0.66
Gyro: -62.25, 42.39, -238.31
Accel: -0.20, 0.52, -0.78
Gyro: -43.75, 16.74, -199.26
Accel: -0.23, 0.57, -1.06
Gyro: -28.87, 6.48, -146.78
Accel: -0.10, 0.53, -0.89
Gyro: -45.85, 15.82, -87.77
Accel: -0.11, 0.37, -0.96
Gyro: -26.56, 20.45, -53.33
Accel: -0.07, 0.34, -0.91
Gyro: -23.43, 18.98, -38.99
Accel: -0.02, 0.34, -0.91
Gyro: -19.01, 11.31, -20.54
Accel: 0.02, 0.30, -0.92
Gyro: -15.57, 7.34, -9.19
Accel: 0.05, 0.39, -0.81
Gyro: -3.01, -4.75, 3.27
Accel: -0.06, 0.28, -0.88
Gyro: 11.86, -15.46, 16.27
Accel: -0.09, 0.33, -1.00
Gyro: 0.83, -10.06, 21.44
Accel: -0.07, 0.39, -0.91
Gyro: 9.35, -12.90, 38.12
Accel: -0.07, 0.44, -0.91
Gyro: 15.40, -21.00, 61.97
Accel: -0.11, 0.45, -0.93
Gyro: 22.78, -23.01, 91.93
Accel: -0.12, 0.38, -0.85
Gyro: 29.23, -27.66, 118.98
Accel: -0.14, 0.39, -0.75
Gyro: 34.07, -45.02, 147.95
Accel: -0.24, 0.36, -0.96
Gyro: 46.53, -54.95, 180.45
Accel: -0.29, 0.31, -0.90
Gyro: 32.25, -45.01, 201.25
Accel: -0.30, 0.27, -0.65
Gyro: 56.34, -67.76, 224.87
Accel: -0.45, 0.07, -0.90
Gyro: 59.01, -76.07, 235.19
Accel: -0.49, -0.01, -1.02
Gyro: 29.08, -65.00, 230.49
Accel: -0.45, 0.02, -0.82
Gyro: 32.62, -65.35, 223.05
Accel: -0.51, -0.03, -1.04
Gyro: 45.15, -63.96, 212.70
Accel: -0.52, -0.14, -1.10
Gyro: 30.45, -35.03, 188.28
Accel: -0.44, -0.14, -0.92
Gyro: 40.15, -24.92, 156.98
Accel: -0.40, -0.12, -1.00
Gyro: 31.10, -19.57, 131.00
Accel: -0.39, -0.12, -1.00
Gyro: 14.66, -7.50, 107.54
Accel: -0.34, -0.11, -0.94
Gyro: 16.36, -4.26, 83.16
Accel: -0.32, -0.10, -0.98
Gyro: 17.59, 1.79, 60.63
Accel: -0.29, -0.12, -0.93
Gyro: 14.06, 4.91, 37.16
Accel: -0.27, -0.10, -0.94
Gyro: 10.77, 4.66, 13.54
Accel: -0.27, -0.06, -0.93
Gyro: 6.65, 5.16, -3.62
Accel: -0.26, -0.01, -0.94
Gyro: 1.68, 4.20, -13.88
Accel: -0.25, 0.02, -0.91
Gyro: -1.28, 2.01, -18.64
Accel: -0.25, 0.04, -0.91
Gyro: -1.87, -1.08, -20.35
Accel: -0.26, 0.07, -0.96
Gyro: -4.05, -1.12, -20.20
Accel: -0.26, 0.09, -0.95
Gyro: -4.54, 0.24, -17.21
Accel: -0.25, 0.07, -0.92
Gyro: -2.00, -0.37, -15.59
Accel: -0.25, 0.08, -0.95
Gyro: -1.89, -0.18, -15.26
Accel: -0.25, 0.08, -0.93
Gyro: -1.55, 0.79, -13.07
Accel: -0.25, 0.07, -0.91
Gyro: 1.34, -1.51, -11.47
Accel: -0.25, 0.06, -0.95
Gyro: -0.56, -1.98, -10.12
Accel: -0.25, 0.07, -0.94
Gyro: -1.62, -0.76, -9.04
Accel: -0.24, 0.07, -0.93
Gyro: 0.28, -0.75, -8.05
Accel: -0.25, 0.06, -0.95
Gyro: -1.25, -0.57, -7.01
Accel: -0.24, 0.06, -0.93
Gyro: -3.04, 0.39, -5.93
Accel: -0.25, 0.06, -0.94
Gyro: -3.52, 0.71, -4.87
Accel: -0.25, 0.06, -0.93
Gyro: -3.53, 0.05, -4.30
Accel: -0.25, 0.06, -0.94
Gyro: -3.64, -0.38, -3.17
Accel: -0.25, 0.05, -0.93
Gyro: -3.20, -1.23, -3.51
Accel: -0.25, 0.06, -0.94
Gyro: -3.52, -1.02, -3.45
Accel: -0.25, 0.06, -0.94
Gyro: -2.92, -1.15, -3.50
Accel: -0.26, 0.06, -0.94
Gyro: -2.44, -0.74, -3.49
Accel: -0.25, 0.06, -0.94
Gyro: -1.71, -0.79, -3.33
Accel: -0.26, 0.06, -0.94
Gyro: -1.92, -0.60, -3.30
Accel: -0.26, 0.06, -0.94
Gyro: -0.98, -1.23, -2.90
Accel: -0.26, 0.06, -0.94
Gyro: -0.93, -0.91, -2.43
Accel: -0.25, 0.06, -0.93
Gyro: -0.46, -0.92, -2.18
Accel: -0.25, 0.05, -0.94
Gyro: 0.07, -0.16, -2.02
Accel: -0.25, 0.05, -0.94
Gyro: 0.02, -0.01, -2.23
Accel: -0.25, 0.05, -0.94
Gyro: -0.46, -0.69, -1.91
Accel: -0.25, 0.06, -0.93
Gyro: -0.52, -0.96, -1.59
Accel: -0.25, 0.05, -0.93
Gyro: -0.94, -1.25, -1.42
Accel: -0.26, 0.05, -0.94
Gyro: -1.04, -1.63, -0.88
Accel: -0.25, 0.04, -0.94
Gyro: -1.95, -0.89, -1.06
Accel: -0.26, 0.05, -0.95
Gyro: -2.15, -0.08, -1.66
Accel: -0.25, 0.05, -0.93
Gyro: -2.72, 0.58, -1.68
Accel: -0.25, 0.05, -0.92
Gyro: -2.01, -0.18, -1.82
Accel: -0.26, 0.05, -0.95
Gyro: -2.31, 0.11, -1.71
Accel: -0.26, 0.04, -0.94
Gyro: -1.82, 0.47, -1.83
Accel: -0.24, 0.05, -0.92
Gyro: -1.45, -0.14, -1.26
Accel: -0.25, 0.04, -0.94
Gyro: -1.43, -0.82, -0.84
Accel: -0.26, 0.04, -0.94
Gyro: -1.84, -1.33, -0.69
Accel: -0.25, 0.04, -0.95
Gyro: -2.40, -0.56, -1.25
Accel: -0.25, 0.04, -0.95
Gyro: -2.96, 0.38, -1.69
Accel: -0.25, 0.04, -0.94
Gyro: -2.25, 1.35, -2.89
Accel: -0.25, 0.05, -0.93
Gyro: -1.08, 0.44, -2.62
Accel: -0.25, 0.03, -0.93
Gyro: -2.12, -1.48, -2.78
Accel: -0.25, 0.04, -0.94
Gyro: -3.59, -1.11, -2.56
Accel: -0.24, 0.04, -0.93
Gyro: -3.64, -0.99, -2.85
