Accel: -0.28, 0.07, -0.94
Gyro: -2.42, -1.76, -2.47
Accel: -0.29, 0.07, -0.92
Gyro: -2.74, -1.37, -2.18
Accel: -0.29, 0.06, -0.92
Gyro: -2.82, -1.85, -1.92
Accel: -0.30, 0.07, -0.94
Gyro: -3.31, -1.53, -2.09
Accel: -0.29, 0.07, -0.92
Gyro: -2.54, -0.72, -1.73
Accel: -0.29, 0.07, -0.93
Gyro: -2.09, -0.90, -1.11
Accel: -0.29, 0.07, -0.94
Gyro: -1.85, -0.52, -1.15
Accel: -0.29, 0.06, -0.93
Gyro: -1.53, 0.82, -1.01
Accel: -0.29, 0.07, -0.92
Gyro: -2.09, 0.43, -1.16
Accel: -0.28, 0.07, -0.93
Gyro: -1.69, 0.02, -0.98
Accel: -0.28, 0.08, -0.93
Gyro: -0.93, -0.18, -0.65
Accel: -0.29, 0.06, -0.92
Gyro: -1.12, -1.24, -0.56
Accel: -0.29, 0.05, -0.93
Gyro: -1.56, -1.21, -0.91
Accel: -0.29, 0.03, -0.93
Gyro: -1.78, -0.85, -2.42
Accel: -0.30, -0.00, -0.94
Gyro: -4.28, 0.42, -6.18
Accel: -0.31, -0.13, -0.95
Gyro: -8.16, 3.14, -18.63
Accel: -0.32, -0.18, -0.95
Gyro: -13.60, 4.73, -46.67
Accel: -0.33, -0.22, -0.97
Gyro: -15.41, 8.38, -77.57
Accel: -0.37, -0.29, -0.96
Gyro: -16.22, 13.79, -115.62
Accel: -0.41, -0.33, -1.00
Gyro: -25.94, 19.49, -157.12
Accel: -0.47, -0.29, -1.01
Gyro: -36.02, 30.67, -196.04
Accel: -0.51, -0.26, -0.94
Gyro: -44.21, 40.25, -227.98
Accel: -0.55, -0.18, -0.98
Gyro: -52.81, 50.34, -250.00
Accel: -0.55, -0.07, -0.92
Gyro: -63.29, 59.59, -250.00
Accel: -0.52, 0.02, -0.89
Gyro: -69.39, 65.00, -250.00
Accel: -0.45, 0.18, -0.88
Gyro: -75.01, 69.18, -247.66
Accel: -0.30, 0.42, -0.79
Gyro: -64.66, 63.00, -215.70
Accel: -0.13, 0.50, -0.69
Gyro: -44.04, 44.67, -176.89
Accel: 0.16, 0.61, -0.74
Gyro: -48.36, 39.34, -125.01
Accel: -0.09, 0.64, -0.94
Gyro: -38.16, 10.15, -60.48
Accel: -0.07, 0.50, -0.88
Gyro: -21.17, 6.42, -11.16
Accel: -0.09, 0.31, -0.96
Gyro: -14.92, 1.64, 12.90
Accel: -0.05, 0.23, -0.92
Gyro: -2.72, -0.17, 14.08
Accel: -0.04, 0.18, -0.90
Gyro: 4.09, -6.03, 11.63
Accel: -0.06, 0.26, -0.94
Gyro: 3.00, -6.24, 18.75
Accel: -0.06, 0.26, -0.96
Gyro: 11.93, -11.09, 25.95
Accel: -0.10, 0.19, -0.94
Gyro: 13.57, -12.88, 36.04
Accel: -0.10, 0.26, -0.96
Gyro: 0.86, -9.68, 47.42
Accel: -0.08, 0.32, -0.90
Gyro: 7.35, -15.87, 63.45
Accel: -0.07, 0.38, -0.92
Gyro: 20.71, -21.84, 84.00
Accel: -0.12, 0.32, -0.92
Gyro: 30.89, -21.21, 101.91
Accel: -0.10, 0.29, -0.79
Gyro: 37.32, -29.12, 116.82
Accel: -0.15, 0.24, -0.82
Gyro: 42.79, -44.90, 139.03
Accel: -0.24, 0.14, -1.01
Gyro: 30.70, -44.53, 150.55
Accel: -0.23, 0.18, -0.83
Gyro: 33.54, -42.47, 157.35
Accel: -0.29, 0.06, -0.92
Gyro: 50.29, -56.80, 169.26
Accel: -0.37, -0.15, -1.13
Gyro: 35.12, -41.45, 158.92
Accel: -0.31, -0.05, -0.96
Gyro: 19.86, -22.50, 135.54
Accel: -0.27, 0.05, -0.84
Gyro: 31.16, -27.27, 134.05
Accel: -0.31, -0.07, -0.94
Gyro: 28.46, -32.85, 131.98
Accel: -0.31, -0.03, -0.97
Gyro: 12.83, -27.38, 119.81
Accel: -0.32, 0.02, -0.96
Gyro: 15.87, -25.20, 116.78
Accel: -0.31, -0.02, -0.96
Gyro: 15.20, -21.81, 112.24
Accel: -0.31, -0.02, -0.96
Gyro: 9.95, -16.31, 103.71
Accel: -0.31, -0.03, -0.94
Gyro: 8.94, -13.37, 93.17
Accel: -0.30, -0.03, -0.94
Gyro: 5.65, -11.75, 81.02
Accel: -0.29, -0.01, -0.93
Gyro: 5.01, -12.08, 68.26
Accel: -0.29, 0.01, -0.93
Gyro: 4.52, -10.99, 56.65
Accel: -0.31, 0.02, -0.98
Gyro: 5.42, -7.56, 48.91
Accel: -0.30, 0.00, -0.95
Gyro: 5.37, -5.12, 37.86
Accel: -0.30, 0.01, -0.92
Gyro: 5.40, -4.42, 26.07
Accel: -0.29, 0.02, -0.93
Gyro: 2.23, -3.81, 15.26
Accel: -0.28, -0.00, -0.91
Gyro: 0.00, -3.98, 4.94
Accel: -0.28, 0.02, -0.94
Gyro: -2.62, -4.36, -5.13
Accel: -0.29, 0.06, -0.94
Gyro: -3.88, -2.88, -11.20
Accel: -0.29, 0.08, -0.92
Gyro: -3.52, -1.95, -13.48
Accel: -0.29, 0.08, -0.92
Gyro: -3.09, -3.26, -14.10
Accel: -0.30, 0.10, -0.93
Gyro: -4.40, -3.06, -14.34
Accel: -0.30, 0.12, -0.93
Gyro: -3.69, -1.56, -13.08
Accel: -0.29, 0.10, -0.92
Gyro: -2.79, -1.01, -11.12
Accel: -0.30, 0.10, -0.93
Gyro: -4.23, 0.19, -10.70
Accel: -0.29, 0.10, -0.93
Gyro: -4.99, 0.95, -9.99
Accel: -0.29, 0.10, -0.93
Gyro: -3.58, 1.72, -9.45
Accel: -0.29, 0.09, -0.93
Gyro: -3.28, 1.96, -8.60
Accel: -0.28, 0.10, -0.93
Gyro: -3.58, 2.64, -7.59
Accel: -0.28, 0.09, -0.92
Gyro: -3.10, 2.43, -7.01
Accel: -0.28, 0.08, -0.93
Gyro: -4.75, 2.67, -7.13
Accel: -0.28, 0.09, -0.93
Gyro: -5.07, 2.96, -6.58
Accel: -0.27, 0.09, -0.92
Gyro: -4.66, 1.89, -7.18
Accel: -0.27, 0.11, -0.93
Gyro: -4.78, 1.33, -7.00
Accel: -0.26, 0.10, -0.91
Gyro: -3.32, 0.73, -6.26
Accel: -0.27, 0.11, -0.93
Gyro: -2.07, -0.64, -5.66
Accel: -0.27, 0.11, -0.93
Gyro: -2.79, -0.11, -4.30
Accel: -0.28, 0.10, -0.92
Gyro: -1.68, -0.29, -3.43
Accel: -0.27, 0.10, -0.92
Gyro: -1.63, -0.85, -2.78
Accel: -0.27, 0.09, -0.92
Gyro: -1.87, -1.30, -2.25
Accel: -0.27, 0.10, -0.93
Gyro: -2.38, -0.87, -2.09
Accel: -0.27, 0.09, -0.92
Gyro: -2.76, -0.31, -2.55
Accel: -0.28, 0.09, -0.93
Gyro: -1.85, 0.14, -3.42
Accel: -0.27, 0.09, -0.93
Gyro: -1.27, 0.38, -3.26
Accel: -0.27, 0.09, -0.93
Gyro: -2.04, -0.23, -3.53
Accel: -0.27, 0.09, -0.91
Gyro: -2.55, -1.10, -3.56
Accel: -0.28, 0.09, -0.93
Gyro: -2.66, -2.18, -3.49
Accel: -0.28, 0.09, -0.93
Gyro: -2.96, -2.04, -3.35
Accel: -0.27, 0.10, -0.92
Gyro: -2.46, -1.61, -2.85
Accel: -0.28, 0.10, -0.93
Gyro: -2.01, -1.53, -2.31
Accel: -0.27, 0.09, -0.94
Gyro: -1.98, -1.17, -2.24
Accel: -0.28, 0.09, -0.93
Gyro: -1.96, -0.40, -2.61
Accel: -0.27, 0.08, -0.94
Gyro: -2.48, 0.21, -2.98
Accel: -0.27, 0.09, -0.92
Gyro: -1.74, -0.60, -3.25
Accel: -0.27, 0.09, -0.93
Gyro: -1.95, -0.84, -3.32
