Accel: -0.28, 0.08, -0.93
Gyro: -2.20, -0.60, -1.53
Accel: -0.28, 0.08, -0.94
Gyro: -1.27, -0.57, -1.39
Accel: -0.28, 0.08, -0.92
Gyro: -2.25, -0.34, -1.41
Accel: -0.28, 0.09, -0.90
Gyro: -2.32, -1.95, -1.51
Accel: -0.29, 0.08, -0.92
Gyro: -3.21, -2.29, -1.38
Accel: -0.29, 0.09, -0.94
Gyro: -3.40, -1.43, -1.42
Accel: -0.29, 0.09, -0.92
Gyro: -3.25, -0.79, -1.84
Accel: -0.29, 0.09, -0.93
Gyro: -1.86, -1.19, -1.83
Accel: -0.29, 0.09, -0.93
Gyro: -2.39, -1.06, -2.08
Accel: -0.28, 0.09, -0.92
Gyro: -1.72, -0.31, -2.40
Accel: -0.28, 0.08, -0.92
Gyro: -1.76, -0.69, -2.92
Accel: -0.29, 0.05, -0.93
Gyro: -2.30, -1.10, -4.40
Accel: -0.30, -0.01, -0.96
Gyro: -5.18, 0.53, -11.87
Accel: -0.29, -0.08, -0.94
Gyro: -8.05, 2.22, -27.85
Accel: -0.29, -0.16, -0.94
Gyro: -11.89, 2.78, -50.83
Accel: -0.34, -0.25, -0.98
Gyro: -14.66, 7.54, -86.49
Accel: -0.38, -0.28, -0.99
Gyro: -16.58, 16.14, -129.09
Accel: -0.45, -0.34, -1.02
Gyro: -21.97, 25.04, -173.92
Accel: -0.52, -0.26, -1.04
Gyro: -33.71, 39.28, -218.67
Accel: -0.54, -0.16, -0.98
Gyro: -39.19, 51.93, -242.13
Accel: -0.53, -0.07, -0.96
Gyro: -47.01, 62.54, -250.00
Accel: -0.49, 0.07, -0.95
Gyro: -52.06, 69.31, -249.15
Accel: -0.43, 0.15, -0.88
Gyro: -54.37, 73.04, -233.44
Accel: -0.33, 0.26, -0.83
Gyro: -56.27, 69.34, -207.35
Accel: -0.24, 0.33, -0.83
Gyro: -50.24, 61.35, -170.98
Accel: -0.15, 0.32, -0.86
Gyro: -39.22, 54.24, -147.19
Accel: -0.01, 0.53, -0.69
Gyro: -59.92, 42.37, -105.35
Accel: 0.00, 0.64, -0.84
Gyro: -30.48, 18.08, -48.74
Accel: 0.00, 0.49, -0.93
Gyro: -19.28, 10.42, 0.05
Accel: 0.01, 0.25, -0.90
Gyro: -12.64, 7.00, 19.45
Accel: 0.01, 0.12, -0.92
Gyro: -5.10, -1.42, 10.50
Accel: 0.02, 0.27, -0.93
Gyro: 3.17, -6.10, 6.33
Accel: 0.00, 0.21, -0.94
Gyro: 5.04, -8.00, 18.38
Accel: -0.00, 0.22, -0.96
Gyro: -1.66, -7.29, 25.70
Accel: 0.02, 0.25, -0.89
Gyro: 6.26, -17.97, 33.81
Accel: -0.04, 0.25, -0.95
Gyro: 11.12, -22.15, 43.98
Accel: -0.04, 0.29, -0.94
Gyro: 9.25, -17.45, 55.79
Accel: 0.01, 0.33, -0.85
Gyro: 17.40, -29.86, 73.39
Accel: -0.09, 0.25, -0.95
Gyro: 28.14, -33.92, 95.25
Accel: -0.09, 0.27, -0.88
Gyro: 20.83, -32.20, 109.64
Accel: -0.07, 0.26, -0.77
Gyro: 27.85, -50.81, 129.43
Accel: -0.21, 0.14, -1.06
Gyro: 35.93, -57.85, 142.95
Accel: -0.22, 0.08, -0.96
Gyro: 22.66, -39.34, 140.42
Accel: -0.19, 0.17, -0.75
Gyro: 36.51, -51.86, 150.86
Accel: -0.30, 0.04, -1.00
Gyro: 35.53, -57.78, 157.19
Accel: -0.31, 0.03, -0.95
Gyro: 17.04, -45.39, 148.35
Accel: -0.30, 0.07, -0.89
Gyro: 26.57, -49.39, 150.63
Accel: -0.35, -0.01, -1.03
Gyro: 26.23, -46.24, 149.65
Accel: -0.38, -0.04, -1.08
Gyro: 8.45, -27.59, 134.22
Accel: -0.34, -0.01, -0.92
Gyro: 23.99, -20.68, 119.51
Accel: -0.32, -0.02, -0.93
Gyro: 21.52, -20.53, 106.64
Accel: -0.32, -0.01, -0.94
Gyro: 14.88, -20.70, 94.41
Accel: -0.32, -0.03, -0.95
Gyro: 18.12, -18.74, 83.37
Accel: -0.33, -0.03, -0.98
Gyro: 12.42, -12.83, 70.61
Accel: -0.32, -0.01, -0.98
Gyro: 8.19, -6.76, 58.99
Accel: -0.30, -0.02, -0.93
Gyro: 10.08, -3.63, 46.34
Accel: -0.30, -0.03, -0.95
Gyro: 8.36, -3.05, 33.66
Accel: -0.29, 0.01, -0.93
Gyro: 3.98, -1.65, 22.40
Accel: -0.28, 0.02, -0.92
Gyro: 3.99, -0.75, 14.56
Accel: -0.28, 0.02, -0.91
Gyro: 2.02, -1.83, 7.65
Accel: -0.27, 0.01, -0.91
Gyro: -0.07, -4.05, 0.17
Accel: -0.28, 0.04, -0.93
Gyro: -1.62, -5.15, -5.46
Accel: -0.28, 0.05, -0.93
Gyro: -2.76, -5.56, -9.01
Accel: -0.29, 0.08, -0.92
Gyro: -3.23, -4.75, -9.32
Accel: -0.29, 0.07, -0.92
Gyro: -3.69, -4.32, -8.70
Accel: -0.30, 0.09, -0.95
Gyro: -4.05, -4.31, -9.11
Accel: -0.30, 0.08, -0.93
Gyro: -4.94, -2.20, -7.57
Accel: -0.30, 0.09, -0.93
Gyro: -3.93, -1.40, -7.21
Accel: -0.30, 0.09, -0.93
Gyro: -3.68, 0.24, -6.70
Accel: -0.29, 0.08, -0.92
Gyro: -3.30, 1.05, -6.08
Accel: -0.30, 0.09, -0.93
Gyro: -3.48, 1.19, -5.63
Accel: -0.28, 0.09, -0.92
Gyro: -4.12, 1.59, -4.86
Accel: -0.28, 0.08, -0.92
Gyro: -3.36, -0.11, -4.57
Accel: -0.28, 0.08, -0.93
Gyro: -4.04, -0.36, -5.07
Accel: -0.29, 0.08, -0.93
Gyro: -4.18, -0.35, -5.55
Accel: -0.29, 0.08, -0.92
Gyro: -4.07, -0.17, -5.54
Accel: -0.28, 0.10, -0.93
Gyro: -4.17, -0.40, -4.88
Accel: -0.29, 0.09, -0.92
Gyro: -4.14, -1.54, -4.78
Accel: -0.29, 0.09, -0.93
Gyro: -3.31, -1.63, -4.24
Accel: -0.29, 0.10, -0.93
Gyro: -2.33, -1.19, -3.68
Accel: -0.28, 0.09, -0.93
Gyro: -1.92, -0.77, -3.37
Accel: -0.29, 0.09, -0.92
Gyro: -1.19, -1.43, -3.04
Accel: -0.29, 0.09, -0.93
Gyro: -1.98, -1.75, -3.30
Accel: -0.29, 0.09, -0.93
Gyro: -2.40, -1.09, -2.96
Accel: -0.28, 0.09, -0.92
Gyro: -1.08, -1.24, -3.13
Accel: -0.29, 0.09, -0.93
Gyro: -1.56, -1.27, -2.83
Accel: -0.29, 0.09, -0.91
Gyro: -2.15, -1.50, -1.87
Accel: -0.29, 0.08, -0.92
Gyro: -2.64, -2.12, -1.82
Accel: -0.30, 0.08, -0.91
Gyro: -2.18, -2.78, -1.76
Accel: -0.30, 0.08, -0.94
Gyro: -2.29, -2.46, -2.12
Accel: -0.30, 0.07, -0.93
Gyro: -2.21, -1.23, -2.33
Accel: -0.30, 0.08, -0.92
Gyro: -1.68, -0.90, -3.35
Accel: -0.30, 0.08, -0.92
Gyro: -1.80, -0.25, -3.43
Accel: -0.30, 0.08, -0.92
Gyro: -2.17, -0.27, -3.59
Accel: -0.30, 0.09, -0.93
Gyro: -2.17, 0.53, -2.49
Accel: -0.29, 0.09, -0.92
Gyro: -1.60, 0.47, -1.42
Accel: -0.29, 0.08, -0.92
Gyro: -1.82, 0.77, -0.85
Accel: -0.29, 0.08, -0.92
Gyro: -1.50, 0.03, -0.72
Accel: -0.29, 0.08, -0.92
Gyro: -1.29, -0.72, -0.68
Accel: -0.28, 0.07, -0.91
Gyro: -1.38, -1.17, -0.84
Accel: -0.29, 0.08, -0.93
Gyro: -2.51, -0.74, -1.14
