Accel: -0.29, 0.09, -0.93
Gyro: -1.62, -0.99, 0.15
Accel: -0.29, 0.08, -0.93
Gyro: -3.09, -0.76, -1.30
Accel: -0.28, 0.08, -0.91
Gyro: -2.80, -1.68, -1.90
Accel: -0.29, 0.08, -0.94
Gyro: -3.74, -0.61, -1.82
Accel: -0.29, 0.09, -0.92
Gyro: -5.74, 0.05, -2.30
Accel: -0.29, 0.10, -0.92
Gyro: -3.14, -0.82, -2.57
Accel: -0.30, 0.10, -0.91
Gyro: -3.31, -1.14, -1.75
Accel: -0.29, 0.10, -0.92
Gyro: -2.92, -1.43, -1.29
Accel: -0.29, 0.10, -0.93
Gyro: -2.09, -1.50, -0.76
Accel: -0.29, 0.09, -0.91
Gyro: -0.60, -2.01, -0.15
Accel: -0.31, 0.02, -0.94
Gyro: -2.21, -2.51, -2.86
Accel: -0.34, -0.13, -1.01
Gyro: -5.72, 2.56, -16.17
Accel: -0.36, -0.36, -0.94
Gyro: -8.64, 10.22, -56.92
Accel: -0.42, -0.49, -1.03
Gyro: -25.35, 19.09, -115.36
Accel: -0.52, -0.42, -1.06
Gyro: -44.51, 37.96, -177.73
Accel: -0.54, -0.25, -0.92
Gyro: -52.76, 51.24, -220.75
Accel: -0.58, -0.17, -0.94
Gyro: -59.47, 58.40, -244.67
Accel: -0.59, -0.02, -0.94
Gyro: -76.03, 68.76, -250.00
Accel: -0.53, 0.17, -0.85
Gyro: -72.91, 73.36, -250.00
Accel: -0.47, 0.15, -0.81
Gyro: -69.89, 72.11, -241.27
Accel: -0.40, 0.30, -0.84
Gyro: -76.48, 70.82, -222.82
Accel: -0.30, 0.39, -0.79
Gyro: -68.22, 59.77, -198.91
Accel: -0.02, 0.52, -0.77
Gyro: -69.50, 79.59, -159.52
Accel: -0.08, 0.71, -0.80
Gyro: -56.81, 40.70, -117.72
Accel: -0.09, 0.72, -0.87
Gyro: -34.15, 27.79, -55.30
Accel: -0.04, 0.54, -0.88
Gyro: -27.85, 25.97, -10.33
Accel: -0.04, 0.31, -0.88
Gyro: -13.66, 13.20, 3.25
Accel: -0.00, 0.35, -0.88
Gyro: -13.41, 10.03, -0.78
Accel: 0.06, 0.41, -0.76
Gyro: 4.91, -5.61, 7.13
Accel: -0.00, 0.41, -0.85
Gyro: 15.76, -15.42, 18.48
Accel: -0.04, 0.41, -0.92
Gyro: 18.14, -22.54, 33.65
Accel: -0.10, 0.26, -0.94
Gyro: 13.17, -22.20, 41.92
Accel: -0.09, 0.36, -0.96
Gyro: 8.04, -16.72, 51.56
Accel: -0.07, 0.37, -0.92
Gyro: 19.81, -23.74, 66.99
Accel: -0.12, 0.23, -0.95
Gyro: 21.52, -19.83, 78.67
Accel: -0.09, 0.33, -0.90
Gyro: 19.56, -21.03, 86.33
Accel: -0.06, 0.38, -0.85
Gyro: 29.95, -29.17, 101.60
Accel: -0.12, 0.27, -1.06
Gyro: 39.93, -32.13, 118.74
Accel: -0.15, 0.18, -0.97
Gyro: 31.48, -21.54, 117.90
Accel: -0.12, 0.21, -0.79
Gyro: 41.05, -28.15, 121.99
Accel: -0.14, 0.17, -0.83
Gyro: 41.73, -42.77, 130.91
Accel: -0.19, 0.14, -0.93
Gyro: 26.86, -44.27, 132.68
Accel: -0.20, 0.19, -0.82
Gyro: 39.11, -47.27, 139.63
Accel: -0.24, 0.11, -0.85
Gyro: 42.64, -57.46, 148.28
Accel: -0.32, 0.03, -1.00
Gyro: 33.51, -57.38, 146.21
Accel: -0.36, 0.01, -0.97
Gyro: 33.72, -48.43, 139.92
Accel: -0.35, -0.01, -0.96
Gyro: 32.51, -42.09, 135.45
Accel: -0.37, -0.06, -1.03
Gyro: 22.03, -35.10, 123.28
Accel: -0.33, -0.06, -0.98
Gyro: 14.44, -25.86, 106.70
Accel: -0.32, -0.05, -0.94
Gyro: 18.88, -21.76, 87.79
Accel: -0.30, -0.05, -0.96
Gyro: 20.02, -17.52, 69.44
Accel: -0.30, -0.07, -0.95
Gyro: 16.44, -12.54, 52.52
Accel: -0.30, -0.08, -0.96
Gyro: 12.42, -9.37, 38.28
Accel: -0.30, -0.07, -0.97
Gyro: 5.95, -5.83, 23.83
Accel: -0.28, -0.03, -0.95
Gyro: 1.97, -2.46, 13.26
Accel: -0.27, -0.00, -0.91
Gyro: -0.31, -3.40, 4.28
Accel: -0.27, 0.02, -0.89
Gyro: -0.54, -6.84, -2.20
Accel: -0.29, 0.05, -0.94
Gyro: -3.19, -7.19, -5.56
Accel: -0.30, 0.05, -0.94
Gyro: -3.88, -5.41, -6.64
Accel: -0.30, 0.06, -0.92
Gyro: -3.32, -5.54, -6.51
Accel: -0.29, 0.06, -0.95
Gyro: -5.04, -4.46, -7.61
Accel: -0.29, 0.08, -0.92
Gyro: -5.83, 0.13, -6.01
Accel: -0.28, 0.08, -0.89
Gyro: -2.53, -3.34, -4.48
Accel: -0.28, 0.07, -0.93
Gyro: -4.07, -3.90, -3.06
Accel: -0.32, 0.07, -0.99
Gyro: -4.15, -2.15, -3.78
Accel: -0.29, 0.07, -0.91
Gyro: -4.00, -0.22, -3.55
Accel: -0.30, 0.07, -0.96
Gyro: -3.55, -0.33, -3.97
Accel: -0.28, 0.07, -0.90
Gyro: -7.76, 3.14, -3.49
Accel: -0.29, 0.08, -0.91
Gyro: -6.59, 1.47, -4.43
Accel: -0.29, 0.08, -0.92
Gyro: -5.72, -2.37, -4.69
Accel: -0.30, 0.09, -0.93
Gyro: -8.25, -0.24, -4.14
Accel: -0.30, 0.09, -0.93
Gyro: -4.50, -1.43, -3.61
Accel: -0.30, 0.10, -0.96
Gyro: -6.07, 1.46, -2.89
Accel: -0.28, 0.09, -0.89
Gyro: -3.75, -1.05, -1.95
Accel: -0.29, 0.11, -0.92
Gyro: -3.03, -2.34, -1.82
Accel: -0.28, 0.08, -0.92
Gyro: -2.73, -2.91, -0.89
Accel: -0.29, 0.09, -0.90
Gyro: -1.94, -3.64, 0.37
Accel: -0.29, 0.08, -0.90
Gyro: -2.06, -5.68, 0.48
Accel: -0.30, 0.08, -0.98
Gyro: -3.46, -5.27, 0.41
Accel: -0.29, 0.07, -0.93
Gyro: -3.45, 0.25, -0.06
Accel: -0.30, 0.08, -0.93
Gyro: -0.39, -0.88, -1.51
Accel: -0.29, 0.09, -0.92
Gyro: -3.79, 0.62, -1.38
Accel: -0.29, 0.07, -0.91
Gyro: -1.95, -1.76, -2.83
Accel: -0.29, 0.08, -0.92
Gyro: -3.99, -1.72, -4.18
Accel: -0.30, 0.10, -0.93
Gyro: -5.45, -0.45, -4.42
Accel: -0.30, 0.10, -0.90
Gyro: -2.14, -1.29, -3.10
Accel: -0.30, 0.08, -0.93
Gyro: -3.31, -1.25, -2.59
Accel: -0.30, 0.08, -0.93
Gyro: -6.38, -0.93, -2.77
Accel: -0.30, 0.10, -0.92
Gyro: -4.59, -0.42, -2.89
Accel: -0.30, 0.10, -0.93
Gyro: -3.46, -1.42, -3.67
Accel: -0.29, 0.10, -0.93
Gyro: -3.29, -0.30, -4.17
Accel: -0.29, 0.11, -0.90
Gyro: 1.20, -1.68, -3.88
Accel: -0.30, 0.09, -0.93
Gyro: 1.29, -1.30, -2.20
Accel: -0.30, 0.08, -0.93
Gyro: -2.04, -0.67, -1.71
Accel: -0.30, 0.08, -0.92
Gyro: -2.49, -0.31, -1.04
Accel: -0.30, 0.09, -0.92
Gyro: -2.13, -1.53, -0.98
Accel: -0.31, 0.10, -0.92
Gyro: -3.03, -1.09, -0.78
Accel: -0.30, 0.09, -0.92
Gyro: -1.00, -1.12, -1.04
Accel: -0.31, 0.08, -0.94
Gyro: -1.00, -0.65, -0.79
Accel: -0.30, 0.09, -0.93
Gyro: -2.07, 0.91, -0.54
Accel: -0.29, 0.08, -0.92
Gyro: -1.85, 0.88, -0.82
