Accel: -0.28, 0.05, -0.91
Gyro: -1.04, -0.34, -1.68
Accel: -0.27, 0.05, -0.92
Gyro: -2.36, -1.43, -1.43
Accel: -0.29, 0.06, -0.93
Gyro: -2.88, -1.93, -1.34
Accel: -0.29, 0.06, -0.92
Gyro: -2.56, -1.63, -0.82
Accel: -0.30, 0.06, -0.94
Gyro: -2.25, -1.52, -0.40
Accel: -0.29, 0.06, -0.94
Gyro: -1.95, -0.05, 0.04
Accel: -0.29, 0.06, -0.92
Gyro: -1.82, 0.22, -0.41
Accel: -0.28, 0.06, -0.92
Gyro: -0.86, -0.61, -0.07
Accel: -0.28, 0.05, -0.93
Gyro: -1.50, -0.34, -0.20
Accel: -0.28, 0.04, -0.92
Gyro: -0.87, -0.38, -0.68
Accel: -0.28, 0.01, -0.93
Gyro: -1.19, -0.62, -3.17
Accel: -0.29, -0.13, -0.95
Gyro: -5.00, 0.24, -13.84
Accel: -0.30, -0.25, -0.93
Gyro: -8.77, 1.23, -44.04
Accel: -0.35, -0.36, -0.98
Gyro: -11.10, 4.38, -86.51
Accel: -0.39, -0.34, -1.01
Gyro: -20.85, 13.76, -132.84
Accel: -0.42, -0.26, -0.97
Gyro: -27.31, 22.85, -167.18
Accel: -0.45, -0.22, -0.95
Gyro: -35.86, 29.86, -191.70
Accel: -0.46, -0.10, -0.92
Gyro: -44.67, 34.62, -206.60
Accel: -0.45, -0.07, -0.93
Gyro: -44.76, 36.94, -207.99
Accel: -0.44, -0.05, -0.95
Gyro: -49.43, 41.33, -213.13
Accel: -0.42, 0.02, -0.96
Gyro: -45.79, 45.39, -218.39
Accel: -0.38, 0.08, -0.86
Gyro: -39.16, 46.95, -219.31
Accel: -0.32, 0.08, -0.90
Gyro: -44.07, 43.63, -207.67
Accel: -0.24, 0.30, -0.87
Gyro: -49.19, 40.02, -185.37
Accel: -0.13, 0.32, -0.74
Gyro: -34.59, 28.06, -150.24
Accel: -0.10, 0.26, -0.87
Gyro: -43.44, 26.37, -118.55
Accel: -0.13, 0.25, -0.98
Gyro: -45.46, 16.87, -101.54
Accel: -0.13, 0.40, -0.94
Gyro: -27.24, 16.36, -80.09
Accel: -0.08, 0.40, -0.94
Gyro: -15.10, 13.34, -51.47
Accel: -0.06, 0.38, -0.89
Gyro: -12.65, 8.93, -21.17
Accel: -0.07, 0.21, -0.93
Gyro: -3.95, 1.81, 0.13
Accel: -0.07, 0.15, -0.99
Gyro: -8.99, 3.30, 5.94
Accel: -0.03, 0.18, -0.92
Gyro: 2.63, -1.48, 8.78
Accel: -0.05, 0.23, -0.95
Gyro: -1.09, -6.13, 15.45
Accel: -0.05, 0.32, -0.93
Gyro: 9.33, -9.19, 31.15
Accel: -0.09, 0.23, -0.92
Gyro: 10.47, -13.19, 48.06
Accel: -0.10, 0.33, -0.96
Gyro: 7.58, -15.75, 70.17
Accel: -0.10, 0.33, -0.91
Gyro: 18.55, -17.07, 91.91
Accel: -0.10, 0.32, -0.77
Gyro: 28.36, -29.99, 116.90
Accel: -0.19, 0.34, -0.95
Gyro: 36.24, -42.17, 150.58
Accel: -0.29, 0.25, -1.12
Gyro: 26.42, -28.25, 177.47
Accel: -0.28, 0.21, -0.82
Gyro: 33.62, -23.35, 192.40
Accel: -0.35, 0.04, -0.94
Gyro: 63.40, -39.86, 210.74
Accel: -0.41, -0.26, -1.27
Gyro: 36.63, -5.85, 190.02
Accel: -0.28, -0.04, -0.88
Gyro: 31.05, 12.51, 162.57
Accel: -0.18, -0.02, -0.64
Gyro: 30.57, -8.06, 168.46
Accel: -0.20, -0.04, -0.77
Gyro: 19.41, -37.72, 165.25
Accel: -0.24, -0.02, -0.89
Gyro: 14.49, -50.54, 164.10
Accel: -0.36, -0.08, -1.11
Gyro: 19.97, -38.86, 152.65
Accel: -0.34, -0.14, -1.05
Gyro: 19.74, -20.37, 137.79
Accel: -0.30, -0.16, -0.97
Gyro: 10.91, -15.31, 120.49
Accel: -0.28, -0.18, -0.96
Gyro: 3.43, -13.32, 98.37
Accel: -0.27, -0.15, -0.96
Gyro: 4.46, -12.18, 76.15
Accel: -0.26, -0.11, -0.97
Gyro: 0.92, -10.70, 55.23
Accel: -0.26, -0.08, -0.96
Gyro: -1.89, -5.87, 39.09
Accel: -0.25, -0.08, -0.95
Gyro: 1.11, -4.89, 23.92
Accel: -0.25, -0.05, -0.97
Gyro: -0.59, -3.60, 11.33
Accel: -0.25, -0.03, -0.96
Gyro: -6.73, -0.89, 1.79
Accel: -0.24, 0.00, -0.94
Gyro: -6.61, -2.04, -5.65
Accel: -0.24, 0.03, -0.94
Gyro: -7.25, -1.48, -9.56
Accel: -0.25, 0.05, -0.95
Gyro: -5.45, -0.70, -10.28
Accel: -0.24, 0.06, -0.95
Gyro: -2.82, 0.16, -10.25
Accel: -0.24, 0.06, -0.93
Gyro: -2.53, -0.56, -10.63
Accel: -0.23, 0.08, -0.93
Gyro: -2.76, -1.42, -10.60
Accel: -0.24, 0.08, -0.95
Gyro: -1.09, -0.78, -7.23
Accel: -0.24, 0.07, -0.94
Gyro: -0.78, -0.09, -4.54
Accel: -0.25, 0.05, -0.95
Gyro: -0.76, 0.18, -3.94
Accel: -0.24, 0.04, -0.94
Gyro: -2.59, 0.92, -4.70
Accel: -0.24, 0.05, -0.95
Gyro: -2.27, 1.72, -5.41
Accel: -0.24, 0.05, -0.94
Gyro: -2.27, 1.13, -5.69
Accel: -0.23, 0.05, -0.94
Gyro: -3.19, 0.41, -6.00
Accel: -0.23, 0.06, -0.94
Gyro: -3.45, 0.11, -5.55
Accel: -0.23, 0.06, -0.94
Gyro: -2.48, -0.81, -4.20
Accel: -0.24, 0.06, -0.95
Gyro: -4.23, -0.34, -3.27
Accel: -0.23, 0.06, -0.95
Gyro: -2.54, -0.89, -2.89
Accel: -0.23, 0.06, -0.95
Gyro: -3.07, -0.57, -2.44
Accel: -0.23, 0.06, -0.93
Gyro: -3.06, -1.30, -2.16
Accel: -0.24, 0.04, -0.93
Gyro: -3.06, -1.71, -2.42
Accel: -0.23, 0.05, -0.93
Gyro: -3.88, -1.94, -3.12
Accel: -0.24, 0.06, -0.93
Gyro: -3.70, -2.76, -3.92
Accel: -0.24, 0.06, -0.94
Gyro: -2.88, -2.39, -3.51
Accel: -0.25, 0.07, -0.94
Gyro: -1.69, -1.96, -3.27
Accel: -0.25, 0.06, -0.95
Gyro: -1.05, -1.07, -2.36
Accel: -0.24, 0.06, -0.93
Gyro: -0.22, -0.41, -1.92
Accel: -0.25, 0.05, -0.95
Gyro: -0.60, 0.33, -1.40
Accel: -0.24, 0.04, -0.94
Gyro: -1.65, 1.39, -1.63
Accel: -0.24, 0.05, -0.93
Gyro: -2.44, 0.98, -2.18
Accel: -0.23, 0.05, -0.93
Gyro: -2.28, -0.60, -2.19
Accel: -0.24, 0.06, -0.94
Gyro: -1.82, -1.34, -1.84
Accel: -0.24, 0.05, -0.94
Gyro: -2.59, -0.38, -1.51
Accel: -0.24, 0.05, -0.94
Gyro: -2.49, 0.16, -1.72
Accel: -0.23, 0.05, -0.95
Gyro: -1.74, -0.40, -2.00
Accel: -0.23, 0.05, -0.94
Gyro: -2.20, -0.05, -2.25
Accel: -0.23, 0.05, -0.93
Gyro: -2.72, 0.10, -1.74
Accel: -0.23, 0.04, -0.93
Gyro: -1.59, -1.62, -1.40
Accel: -0.24, 0.04, -0.95
Gyro: -2.37, -1.42, -1.46
Accel: -0.23, 0.05, -0.96
Gyro: -2.83, -0.19, -2.20
Accel: -0.23, 0.05, -0.94
Gyro: -1.52, -0.11, -2.93
Accel: -0.24, 0.05, -0.94
Gyro: -1.49, -1.21, -2.20
Accel: -0.24, 0.05, -0.94
Gyro: -2.53, -2.23, -1.69
Accel: -0.23, 0.05, -0.94
Gyro: -3.39, -2.24, -1.69
