Accel: -0.27, 0.07, -0.93
Gyro: -2.48, -0.70, -1.57
Accel: -0.27, 0.07, -0.92
Gyro: -2.01, -0.82, -1.50
Accel: -0.27, 0.07, -0.94
Gyro: -2.57, -0.63, -1.60
Accel: -0.27, 0.07, -0.94
Gyro: -2.56, 0.05, -1.88
Accel: -0.27, 0.07, -0.93
Gyro: -2.37, -0.11, -1.97
Accel: -0.28, 0.07, -0.93
Gyro: -3.00, -0.15, -1.80
Accel: -0.27, 0.07, -0.93
Gyro: -2.22, -0.27, -1.94
Accel: -0.26, 0.07, -0.93
Gyro: -1.72, -0.11, -1.86
Accel: -0.26, 0.07, -0.93
Gyro: -1.77, -0.40, -1.82
Accel: -0.27, 0.07, -0.93
Gyro: -2.01, -0.81, -2.01
Accel: -0.27, 0.05, -0.93
Gyro: -2.00, -1.77, -2.72
Accel: -0.28, -0.02, -0.97
Gyro: -2.90, -1.56, -6.39
Accel: -0.28, -0.12, -0.93
Gyro: -7.75, 1.32, -24.41
Accel: -0.31, -0.22, -0.92
Gyro: -8.51, -0.36, -51.01
Accel: -0.37, -0.34, -1.03
Gyro: -17.67, 6.49, -91.14
Accel: -0.43, -0.36, -1.04
Gyro: -22.67, 20.69, -140.35
Accel: -0.46, -0.27, -0.99
Gyro: -32.71, 35.41, -183.49
Accel: -0.47, -0.19, -0.93
Gyro: -36.36, 40.01, -210.16
Accel: -0.49, -0.12, -0.97
Gyro: -48.62, 46.94, -227.25
Accel: -0.47, 0.03, -0.94
Gyro: -56.66, 54.37, -232.57
Accel: -0.42, 0.06, -0.86
Gyro: -52.91, 55.62, -222.79
Accel: -0.38, 0.13, -0.91
Gyro: -58.85, 57.04, -217.03
Accel: -0.29, 0.22, -0.81
Gyro: -55.73, 53.76, -202.26
Accel: -0.20, 0.29, -0.79
Gyro: -47.58, 43.16, -179.12
Accel: -0.15, 0.36, -0.80
Gyro: -33.78, 28.02, -150.84
Accel: -0.13, 0.44, -0.84
Gyro: -47.95, 29.11, -116.66
Accel: -0.09, 0.44, -0.82
Gyro: -38.20, 16.53, -83.71
Accel: -0.08, 0.47, -0.89
Gyro: -21.29, 2.98, -47.23
Accel: -0.09, 0.41, -0.96
Gyro: -21.92, 1.98, -14.03
Accel: -0.09, 0.30, -0.93
Gyro: -11.34, -0.80, 3.40
Accel: -0.08, 0.23, -0.99
Gyro: -1.30, -4.74, 9.22
Accel: -0.08, 0.30, -0.96
Gyro: -0.34, -0.98, 13.85
Accel: -0.06, 0.27, -0.90
Gyro: 6.36, -5.46, 23.22
Accel: -0.07, 0.29, -0.88
Gyro: 1.08, -9.64, 38.81
Accel: -0.08, 0.33, -0.93
Gyro: 9.09, -17.81, 58.95
Accel: -0.09, 0.34, -0.89
Gyro: 4.82, -24.83, 76.26
Accel: -0.11, 0.39, -0.91
Gyro: 11.08, -29.04, 98.92
Accel: -0.13, 0.35, -0.88
Gyro: 22.99, -32.25, 119.10
Accel: -0.15, 0.30, -0.82
Gyro: 31.87, -43.07, 137.94
Accel: -0.24, 0.22, -0.97
Gyro: 35.51, -47.37, 154.86
Accel: -0.28, 0.17, -1.03
Gyro: 14.52, -34.32, 157.75
Accel: -0.25, 0.22, -0.86
Gyro: 27.65, -34.72, 161.41
Accel: -0.28, 0.17, -0.88
Gyro: 39.47, -43.00, 166.12
Accel: -0.30, 0.10, -0.90
Gyro: 36.71, -43.29, 167.43
Accel: -0.30, 0.04, -0.92
Gyro: 35.96, -43.89, 165.15
Accel: -0.32, 0.04, -0.95
Gyro: 33.13, -41.13, 156.25
Accel: -0.33, 0.03, -0.96
Gyro: 35.71, -39.25, 150.93
Accel: -0.33, -0.05, -0.97
Gyro: 31.27, -30.23, 137.99
Accel: -0.31, -0.10, -0.97
Gyro: 24.54, -23.17, 117.26
Accel: -0.31, -0.11, -1.00
Gyro: 17.09, -12.91, 93.15
Accel: -0.26, -0.10, -0.93
Gyro: 17.17, -11.14, 67.96
Accel: -0.27, -0.09, -0.95
Gyro: 13.15, -8.29, 44.56
Accel: -0.27, -0.06, -0.98
Gyro: 8.73, -6.23, 26.28
Accel: -0.26, -0.02, -0.95
Gyro: 5.85, -2.53, 13.20
Accel: -0.24, -0.01, -0.94
Gyro: 5.67, -2.12, 2.80
Accel: -0.25, 0.02, -0.92
Gyro: 2.72, -3.62, -3.85
Accel: -0.25, 0.04, -0.94
Gyro: -0.62, -4.54, -8.54
Accel: -0.25, 0.06, -0.94
Gyro: -2.00, -3.40, -10.08
Accel: -0.25, 0.07, -0.93
Gyro: -1.50, -4.46, -9.34
Accel: -0.26, 0.08, -0.95
Gyro: -1.11, -4.91, -7.84
Accel: -0.27, 0.08, -0.95
Gyro: -1.83, -2.63, -6.13
Accel: -0.26, 0.08, -0.91
Gyro: 1.14, -4.38, -4.42
Accel: -0.26, 0.06, -0.95
Gyro: -1.24, -3.67, -4.01
Accel: -0.25, 0.07, -0.94
Gyro: -2.53, -2.20, -3.79
Accel: -0.25, 0.06, -0.93
Gyro: -1.79, -1.62, -3.70
Accel: -0.26, 0.06, -0.94
Gyro: -1.44, -2.46, -3.62
Accel: -0.26, 0.07, -0.94
Gyro: -2.07, -2.62, -3.73
Accel: -0.26, 0.07, -0.94
Gyro: -1.10, -2.63, -3.91
Accel: -0.26, 0.07, -0.94
Gyro: -1.82, -1.55, -4.07
Accel: -0.26, 0.07, -0.94
Gyro: -2.14, -0.66, -3.26
Accel: -0.27, 0.06, -0.95
Gyro: -1.97, -0.08, -2.71
Accel: -0.27, 0.07, -0.92
Gyro: -2.95, 0.05, -2.43
Accel: -0.26, 0.06, -0.92
Gyro: -3.30, -0.32, -2.15
Accel: -0.27, 0.06, -0.94
Gyro: -3.86, 0.08, -2.09
Accel: -0.26, 0.07, -0.93
Gyro: -3.88, 1.24, -2.85
Accel: -0.26, 0.07, -0.93
Gyro: -2.53, 0.86, -3.13
Accel: -0.25, 0.07, -0.92
Gyro: -2.09, -0.20, -3.14
Accel: -0.26, 0.07, -0.94
Gyro: -2.60, -0.11, -3.01
Accel: -0.25, 0.07, -0.94
Gyro: -2.73, 0.66, -2.79
Accel: -0.25, 0.08, -0.94
Gyro: -1.43, -0.03, -2.75
Accel: -0.25, 0.06, -0.93
Gyro: -0.63, -0.71, -2.30
Accel: -0.25, 0.07, -0.95
Gyro: -1.40, -0.48, -2.28
Accel: -0.25, 0.07, -0.93
Gyro: -0.65, -1.08, -1.69
Accel: -0.25, 0.07, -0.94
Gyro: -0.24, -1.14, -0.76
Accel: -0.25, 0.06, -0.94
Gyro: -0.86, -0.48, 0.05
Accel: -0.25, 0.06, -0.94
Gyro: -1.13, -0.06, -0.40
Accel: -0.25, 0.05, -0.94
Gyro: -2.04, -0.34, -0.98
Accel: -0.24, 0.06, -0.92
Gyro: -2.13, -1.60, -1.33
Accel: -0.25, 0.06, -0.95
Gyro: -2.44, -1.04, -1.46
Accel: -0.25, 0.06, -0.93
Gyro: -3.14, -0.21, -1.80
Accel: -0.25, 0.06, -0.93
Gyro: -2.49, -0.73, -2.02
Accel: -0.25, 0.07, -0.94
Gyro: -2.74, -1.25, -1.89
Accel: -0.25, 0.07, -0.93
Gyro: -2.23, -1.40, -1.66
Accel: -0.25, 0.07, -0.93
Gyro: -1.95, -1.66, -1.50
Accel: -0.26, 0.06, -0.95
Gyro: -1.92, -1.69, -1.26
Accel: -0.25, 0.06, -0.93
Gyro: -1.90, -1.60, -1.30
Accel: -0.25, 0.06, -0.93
Gyro: -2.04, -1.25, -1.87
Accel: -0.25, 0.06, -0.94
Gyro: -2.58, -0.35, -1.97
Accel: -0.25, 0.06, -0.93
Gyro: -0.93, -1.27, -2.36
Accel: -0.26, 0.06, -0.93
Gyro: -1.50, -1.08, -1.46
Accel: -0.26, 0.06, -0.93
Gyro: -2.69, -1.98, -1.42
