Accel: 0.13, 0.10, -0.96
Gyro: -1.66, -0.08, -1.24
Accel: 0.13, 0.09, -0.96
Gyro: -2.20, -0.15, -1.58
Accel: 0.14, 0.09, -0.95
Gyro: -2.24, -0.61, -1.14
Accel: 0.13, 0.08, -0.95
Gyro: -1.95, -1.13, -0.97
Accel: 0.13, 0.09, -0.95
Gyro: -1.66, -1.08, -1.15
Accel: 0.13, 0.09, -0.96
Gyro: -1.55, -1.09, -0.93
Accel: 0.13, 0.08, -0.96
Gyro: -1.82, -0.83, -0.76
Accel: 0.12, 0.09, -0.96
Gyro: -2.07, -0.78, -0.69
Accel: 0.13, 0.08, -0.94
Gyro: -2.17, -0.91, -1.08
Accel: 0.12, 0.09, -0.96
Gyro: -2.05, -0.97, -1.63
Accel: 0.13, 0.09, -0.96
Gyro: -2.05, -0.61, -1.56
Accel: 0.13, 0.09, -0.96
Gyro: -2.14, -0.50, -1.40
Accel: 0.13, 0.09, -0.96
Gyro: -2.43, -0.40, -1.25
Accel: 0.13, 0.09, -0.96
Gyro: -2.45, -0.23, -1.16
Accel: 0.13, 0.08, -0.96
Gyro: -2.19, -0.11, -1.22
Accel: 0.13, 0.09, -0.96
Gyro: -2.17, -0.33, -1.40
Accel: 0.13, 0.09, -0.96
Gyro: -2.02, -0.71, -1.15
Accel: 0.13, 0.09, -0.96
Gyro: -1.88, -0.66, -1.29
Accel: 0.13, 0.08, -0.96
Gyro: -1.95, -0.66, -0.98
Accel: 0.13, 0.08, -0.96
Gyro: -1.94, -0.66, -0.72
Accel: 0.13, 0.09, -0.95
Gyro: -2.33, -0.97, -1.50
Accel: 0.13, 0.09, -0.96
Gyro: -2.17, -0.63, -1.63
Accel: 0.13, 0.09, -0.97
Gyro: -1.74, -0.40, -1.59
Accel: 0.12, 0.08, -0.95
Gyro: -1.57, -0.85, -1.37
Accel: 0.13, 0.09, -0.96
Gyro: -2.24, -1.12, -1.17
Accel: 0.13, 0.09, -0.96
Gyro: -2.13, -1.14, -0.85
Accel: 0.12, 0.08, -0.95
Gyro: -1.91, -0.71, -1.27
Accel: 0.12, 0.09, -0.96
Gyro: -2.18, -0.54, -1.59
Accel: 0.12, 0.09, -0.96
Gyro: -1.89, -0.62, -1.28
Accel: 0.12, 0.09, -0.96
Gyro: -2.02, -0.43, -0.91
Accel: 0.13, 0.09, -0.96
Gyro: -1.96, -0.71, -0.89
Accel: 0.12, 0.09, -0.96
Gyro: -2.25, -0.50, -1.26
Accel: 0.12, 0.10, -0.96
Gyro: -1.66, -0.44, -1.15
Accel: 0.13, 0.08, -0.95
Gyro: -2.08, -0.05, -1.27
Accel: 0.13, 0.09, -0.95
Gyro: -2.34, -0.47, -1.12
Accel: 0.13, 0.08, -0.95
Gyro: -2.05, -0.83, -1.11
Accel: 0.13, 0.09, -0.95
Gyro: -2.01, -1.16, -1.43
Accel: 0.13, 0.09, -0.96
Gyro: -1.87, -1.27, -1.46
Accel: 0.12, 0.09, -0.97
Gyro: -2.25, -1.17, -1.07
Accel: 0.13, 0.09, -0.96
Gyro: -2.40, -0.85, -0.71
Accel: 0.12, 0.08, -0.96
Gyro: -2.43, -1.03, -1.01
Accel: 0.12, 0.08, -0.96
Gyro: -2.43, -1.09, -1.71
Accel: 0.13, 0.08, -0.96
Gyro: -2.22, -0.91, -2.01
Accel: 0.13, 0.10, -0.97
Gyro: -2.33, -0.52, -1.99
Accel: 0.13, 0.09, -0.96
Gyro: -2.36, -0.49, -1.38
Accel: 0.13, 0.09, -0.96
Gyro: -2.16, -0.40, -1.16
Accel: 0.13, 0.09, -0.96
Gyro: -2.43, -0.65, -1.08
Accel: 0.13, 0.08, -0.96
Gyro: -2.22, -0.63, -1.25
Accel: 0.13, 0.09, -0.96
Gyro: -2.06, -0.57, -1.37
Accel: 0.13, 0.09, -0.96
Gyro: -1.91, -0.42, -1.30
Accel: 0.13, 0.09, -0.96
Gyro: -2.09, -0.64, -1.17
Accel: 0.13, 0.09, -0.96
Gyro: -2.11, -0.76, -1.21
Accel: 0.12, 0.09, -0.97
Gyro: -2.00, -0.25, -1.20
Accel: 0.13, 0.09, -0.97
Gyro: -2.26, -0.85, -1.50
Accel: 0.13, 0.09, -0.96
Gyro: -2.08, -0.68, -1.59
Accel: 0.13, 0.09, -0.96
Gyro: -1.50, -0.67, -1.07
Accel: 0.13, 0.08, -0.95
Gyro: -1.86, -0.90, -0.99
Accel: 0.12, 0.09, -0.95
Gyro: -2.33, -1.34, -0.96
Accel: 0.12, 0.09, -0.96
Gyro: -1.95, -0.91, -1.26
Accel: 0.12, 0.08, -0.97
Gyro: -2.13, -0.51, -1.85
Accel: 0.12, 0.09, -0.97
Gyro: -2.01, -0.43, -1.51
Accel: 0.13, 0.10, -0.96
Gyro: -2.02, -0.33, -0.89
Accel: 0.13, 0.09, -0.95
Gyro: -1.98, -0.56, -0.77
Accel: 0.13, 0.09, -0.97
Gyro: -1.91, -1.17, -0.93
Accel: 0.12, 0.08, -0.96
Gyro: -2.30, -0.56, -1.66
Accel: 0.13, 0.09, -0.96
Gyro: -1.64, -0.12, -1.17
Accel: 0.13, 0.09, -0.95
Gyro: -2.31, 0.05, -1.43
Accel: 0.13, 0.09, -0.96
Gyro: -2.42, -0.40, -1.17
Accel: 0.14, 0.09, -0.95
Gyro: -2.13, -0.93, -1.52
Accel: 0.13, 0.09, -0.96
Gyro: -1.80, -1.18, -1.72
Accel: 0.13, 0.09, -0.96
Gyro: -1.70, -0.95, -1.14
Accel: 0.12, 0.09, -0.95
Gyro: -2.16, -0.69, -0.60
Accel: 0.12, 0.09, -0.96
Gyro: -2.39, -0.85, -0.56
Accel: 0.13, 0.09, -0.96
Gyro: -2.44, -1.04, -1.22
Accel: 0.13, 0.09, -0.96
Gyro: -2.11, -0.98, -1.75
Accel: 0.12, 0.09, -0.96
Gyro: -2.30, -0.63, -1.82
Accel: 0.12, 0.09, -0.96
Gyro: -2.16, -0.44, -1.41
Accel: 0.13, 0.09, -0.97
Gyro: -2.23, -0.47, -0.95
Accel: 0.13, 0.09, -0.96
Gyro: -2.11, -0.47, -1.08
Accel: 0.13, 0.09, -0.96
Gyro: -2.01, -0.34, -1.18
Accel: 0.13, 0.09, -0.94
Gyro: -2.00, -0.85, -1.26
Accel: 0.13, 0.09, -0.97
Gyro: -1.95, -0.53, -1.10
Accel: 0.13, 0.09, -0.96
Gyro: -1.96, -0.28, -1.07
Accel: 0.14, 0.08, -0.95
Gyro: -1.90, -0.66, -1.14
Accel: 0.13, 0.09, -0.96
Gyro: -1.88, -0.78, -1.17
Accel: 0.12, 0.09, -0.95
Gyro: -2.00, -0.75, -0.97
Accel: 0.13, 0.08, -0.96
Gyro: -2.14, -0.51, -1.01
Accel: 0.12, 0.08, -0.96
Gyro: -2.19, -0.84, -1.27
Accel: 0.13, 0.09, -0.96
Gyro: -2.17, -0.59, -1.50
Accel: 0.13, 0.09, -0.95
Gyro: -1.37, -0.63, -1.15
Accel: 0.13, 0.08, -0.95
Gyro: -1.77, -1.41, -0.77
Accel: 0.12, 0.09, -0.96
Gyro: -2.04, -1.50, -0.62
Accel: 0.12, 0.08, -0.96
Gyro: -1.83, -1.16, -1.01
Accel: 0.12, 0.08, -0.96
Gyro: -1.88, -0.41, -1.63
Accel: 0.12, 0.09, -0.98
Gyro: -1.92, -0.43, -1.50
Accel: 0.12, 0.09, -0.95
Gyro: -1.79, -0.04, -0.85
Accel: 0.14, 0.08, -0.95
Gyro: -1.97, -0.49, -0.83
Accel: 0.12, 0.08, -0.96
Gyro: -1.73, -1.04, -1.23
Accel: 0.13, 0.09, -0.96
Gyro: -2.22, -0.40, -1.69
Accel: 0.13, 0.09, -0.96
Gyro: -1.49, -0.32, -1.31
Accel: 0.13, 0.08, -0.95
Gyro: -2.07, -0.42, -1.27
