Accel: 0.13, 0.09, -0.94
Gyro: -1.98, -0.92, -0.84
Accel: 0.13, 0.09, -0.96
Gyro: -2.23, -0.28, -1.59
Accel: 0.13, 0.09, -0.96
Gyro: -1.46, 0.10, -1.41
Accel: 0.14, 0.09, -0.95
Gyro: -1.92, -0.06, -1.29
Accel: 0.13, 0.09, -0.95
Gyro: -2.25, -0.57, -0.84
Accel: 0.13, 0.09, -0.95
Gyro: -2.04, -1.15, -1.10
Accel: 0.12, 0.09, -0.96
Gyro: -1.91, -1.39, -1.37
Accel: 0.12, 0.09, -0.96
Gyro: -1.64, -1.17, -1.32
Accel: 0.13, 0.08, -0.96
Gyro: -2.04, -0.73, -0.82
Accel: 0.13, 0.08, -0.97
Gyro: -2.26, -0.76, -0.47
Accel: 0.13, 0.08, -0.96
Gyro: -2.13, -1.08, -1.06
Accel: 0.13, 0.09, -0.96
Gyro: -1.89, -0.86, -1.54
Accel: 0.13, 0.09, -0.97
Gyro: -2.10, -0.56, -1.81
Accel: 0.13, 0.09, -0.97
Gyro: -2.11, -0.38, -1.66
Accel: 0.13, 0.09, -0.96
Gyro: -2.11, -0.43, -1.21
Accel: 0.13, 0.09, -0.96
Gyro: -1.88, -0.50, -0.87
Accel: 0.13, 0.09, -0.95
Gyro: -1.91, -0.60, -1.02
Accel: 0.13, 0.09, -0.96
Gyro: -1.95, -0.59, -1.26
Accel: 0.13, 0.09, -0.95
Gyro: -1.83, -0.77, -1.10
Accel: 0.13, 0.09, -0.96
Gyro: -1.91, -0.66, -1.04
Accel: 0.13, 0.09, -0.96
Gyro: -1.73, -0.86, -1.11
Accel: 0.13, 0.09, -0.95
Gyro: -1.80, -0.77, -1.14
Accel: 0.12, 0.09, -0.96
Gyro: -1.86, -0.79, -0.90
Accel: 0.13, 0.09, -0.96
Gyro: -1.61, -0.63, -0.80
Accel: 0.13, 0.08, -0.95
Gyro: -2.06, -0.81, -1.14
Accel: 0.13, 0.09, -0.97
Gyro: -1.86, -0.56, -1.16
Accel: 0.13, 0.10, -0.95
Gyro: -1.48, -0.52, -1.40
Accel: 0.13, 0.08, -0.95
Gyro: -1.42, -1.40, -1.10
Accel: 0.12, 0.09, -0.95
Gyro: -2.24, -1.72, -0.94
Accel: 0.12, 0.09, -0.96
Gyro: -2.01, -1.40, -0.93
Accel: 0.12, 0.08, -0.96
Gyro: -1.86, -0.57, -1.42
Accel: 0.12, 0.08, -0.96
Gyro: -1.84, -0.21, -1.39
Accel: 0.13, 0.09, -0.96
Gyro: -1.89, -0.25, -1.33
Accel: 0.13, 0.09, -0.96
Gyro: -2.01, -0.21, -0.99
Accel: 0.13, 0.09, -0.96
Gyro: -1.99, -0.71, -1.14
Accel: 0.13, 0.08, -0.97
Gyro: -2.39, -0.25, -1.51
Accel: 0.13, 0.10, -0.96
Gyro: -1.76, 0.23, -1.24
Accel: 0.13, 0.08, -0.95
Gyro: -2.11, -0.06, -1.34
Accel: 0.13, 0.09, -0.97
Gyro: -2.28, -0.72, -1.27
Accel: 0.13, 0.09, -0.95
Gyro: -1.95, -0.67, -1.10
Accel: 0.13, 0.09, -0.95
Gyro: -1.71, -0.86, -1.34
Accel: 0.13, 0.08, -0.96
Gyro: -1.63, -0.79, -1.21
Accel: 0.13, 0.09, -0.97
Gyro: -1.96, -0.89, -0.84
Accel: 0.13, 0.09, -0.95
Gyro: -2.35, -0.66, -0.66
Accel: 0.13, 0.08, -0.96
Gyro: -2.08, -0.82, -0.89
Accel: 0.13, 0.09, -0.97
Gyro: -2.06, -1.17, -1.57
Accel: 0.13, 0.09, -0.96
Gyro: -1.93, -0.80, -1.62
Accel: 0.12, 0.09, -0.96
Gyro: -2.14, -0.46, -1.36
Accel: 0.13, 0.09, -0.96
Gyro: -2.07, -0.33, -1.14
Accel: 0.12, 0.09, -0.96
Gyro: -2.29, -0.31, -0.98
Accel: 0.13, 0.09, -0.96
Gyro: -2.11, -0.24, -1.24
Accel: 0.13, 0.09, -0.96
Gyro: -1.92, -0.43, -1.21
Accel: 0.13, 0.09, -0.95
Gyro: -1.88, -0.53, -1.16
Accel: 0.13, 0.10, -0.95
Gyro: -1.91, -0.50, -0.80
Accel: 0.13, 0.09, -0.96
Gyro: -1.75, -0.67, -0.61
Accel: 0.13, 0.08, -0.95
Gyro: -2.19, -0.61, -1.09
Accel: 0.13, 0.08, -0.96
Gyro: -2.01, -0.79, -1.17
Accel: 0.13, 0.09, -0.96
Gyro: -1.95, -0.44, -1.38
Accel: 0.14, 0.08, -0.96
Gyro: -1.59, -0.96, -1.19
Accel: 0.13, 0.08, -0.95
Gyro: -2.19, -1.05, -1.23
Accel: 0.13, 0.09, -0.96
Gyro: -2.26, -1.02, -0.98
Accel: 0.12, 0.08, -0.96
Gyro: -2.07, -0.46, -1.14
Accel: 0.13, 0.08, -0.95
Gyro: -2.46, -0.50, -1.60
Accel: 0.13, 0.09, -0.95
Gyro: -2.43, -0.29, -1.45
Accel: 0.13, 0.09, -0.95
Gyro: -2.48, -0.56, -1.23
Accel: 0.13, 0.09, -0.96
Gyro: -2.50, -0.55, -1.28
Accel: 0.13, 0.08, -0.96
Gyro: -2.49, -0.74, -1.46
Accel: 0.13, 0.10, -0.97
Gyro: -2.40, -0.21, -1.60
Accel: 0.13, 0.08, -0.95
Gyro: -2.04, 0.24, -1.17
Accel: 0.14, 0.09, -0.95
Gyro: -2.56, -0.29, -1.40
Accel: 0.13, 0.09, -0.95
Gyro: -2.27, -0.59, -1.08
Accel: 0.13, 0.09, -0.95
Gyro: -2.13, -0.81, -1.29
Accel: 0.14, 0.09, -0.96
Gyro: -1.75, -0.84, -1.46
Accel: 0.13, 0.09, -0.95
Gyro: -1.88, -1.04, -1.21
Accel: 0.13, 0.09, -0.96
Gyro: -2.20, -0.82, -0.65
Accel: 0.12, 0.08, -0.95
Gyro: -2.31, -1.32, -0.73
Accel: 0.12, 0.08, -0.97
Gyro: -2.27, -1.14, -1.32
Accel: 0.12, 0.09, -0.96
Gyro: -2.05, -0.81, -1.93
Accel: 0.13, 0.09, -0.96
Gyro: -2.01, -0.56, -1.87
Accel: 0.13, 0.09, -0.96
Gyro: -1.98, -0.53, -1.21
Accel: 0.13, 0.09, -0.96
Gyro: -2.14, -0.56, -1.09
Accel: 0.13, 0.09, -0.95
Gyro: -1.95, -0.54, -1.03
Accel: 0.13, 0.09, -0.95
Gyro: -1.78, -0.40, -1.24
Accel: 0.13, 0.10, -0.95
Gyro: -1.73, -0.57, -1.24
Accel: 0.13, 0.08, -0.96
Gyro: -1.76, -0.61, -1.27
Accel: 0.12, 0.09, -0.96
Gyro: -1.82, -0.82, -1.00
Accel: 0.13, 0.09, -0.96
Gyro: -1.86, -0.69, -1.01
Accel: 0.13, 0.08, -0.97
Gyro: -2.10, -0.66, -0.85
Accel: 0.12, 0.09, -0.96
Gyro: -2.17, -0.60, -1.11
Accel: 0.13, 0.08, -0.96
Gyro: -2.30, -0.60, -1.52
Accel: 0.13, 0.09, -0.96
Gyro: -2.45, -0.40, -1.69
Accel: 0.13, 0.09, -0.96
Gyro: -1.56, -0.40, -1.23
Accel: 0.13, 0.08, -0.94
Gyro: -2.08, -0.79, -1.04
Accel: 0.13, 0.09, -0.96
Gyro: -2.46, -1.42, -0.97
Accel: 0.12, 0.08, -0.96
Gyro: -1.99, -1.02, -1.20
Accel: 0.12, 0.09, -0.95
Gyro: -2.31, -0.61, -1.89
Accel: 0.13, 0.09, -0.96
Gyro: -1.98, -0.60, -1.68
Accel: 0.13, 0.09, -0.97
Gyro: -2.19, -0.36, -0.73
Accel: 0.13, 0.09, -0.96
Gyro: -2.19, -0.31, -0.79
Accel: 0.14, 0.09, -0.95
Gyro: -1.97, -0.75, -0.94
Accel: 0.13, 0.09, -0.95
Gyro: -2.27, -0.41, -1.70
