Accel: 0.12, 0.08, -0.96
Gyro: -2.08, -0.89, -0.69
Accel: 0.13, 0.09, -0.94
Gyro: -2.30, -0.79, -0.78
Accel: 0.12, 0.08, -0.96
Gyro: -2.26, -1.05, -1.22
Accel: 0.12, 0.09, -0.96
Gyro: -2.16, -1.11, -1.85
Accel: 0.12, 0.09, -0.97
Gyro: -2.16, -0.38, -1.82
Accel: 0.12, 0.09, -0.96
Gyro: -2.27, 0.07, -1.40
Accel: 0.13, 0.09, -0.96
Gyro: -2.18, -0.24, -1.02
Accel: 0.13, 0.09, -0.96
Gyro: -2.04, -0.37, -0.98
Accel: 0.12, 0.09, -0.96
Gyro: -1.89, -0.66, -1.08
Accel: 0.13, 0.09, -0.96
Gyro: -1.76, -0.66, -0.98
Accel: 0.12, 0.09, -0.95
Gyro: -1.75, -0.46, -0.97
Accel: 0.13, 0.09, -0.96
Gyro: -1.89, -0.41, -1.08
Accel: 0.13, 0.09, -0.95
Gyro: -1.72, -0.46, -1.19
Accel: 0.13, 0.09, -0.95
Gyro: -1.72, -0.66, -1.11
Accel: 0.12, 0.09, -0.96
Gyro: -1.71, -0.95, -0.95
Accel: 0.13, 0.08, -0.96
Gyro: -1.83, -0.56, -1.11
Accel: 0.13, 0.08, -0.97
Gyro: -1.92, -0.62, -0.93
Accel: 0.13, 0.08, -0.95
Gyro: -2.31, -0.85, -1.39
Accel: 0.13, 0.09, -0.96
Gyro: -2.11, -0.72, -1.43
Accel: 0.12, 0.09, -0.96
Gyro: -1.74, -0.77, -1.66
Accel: 0.12, 0.08, -0.95
Gyro: -1.56, -1.04, -1.25
Accel: 0.12, 0.09, -0.95
Gyro: -2.16, -1.43, -1.17
Accel: 0.12, 0.09, -0.96
Gyro: -2.15, -1.24, -1.00
Accel: 0.12, 0.08, -0.97
Gyro: -1.91, -0.35, -1.27
Accel: 0.13, 0.09, -0.95
Gyro: -1.98, -0.14, -1.66
Accel: 0.13, 0.09, -0.95
Gyro: -2.07, -0.06, -1.30
Accel: 0.13, 0.09, -0.96
Gyro: -2.14, -0.14, -1.02
Accel: 0.13, 0.09, -0.95
Gyro: -2.08, -0.37, -1.23
Accel: 0.13, 0.08, -0.96
Gyro: -2.45, -0.97, -1.55
Accel: 0.13, 0.09, -0.96
Gyro: -2.23, 0.02, -1.50
Accel: 0.14, 0.08, -0.96
Gyro: -2.25, -0.16, -1.28
Accel: 0.13, 0.09, -0.95
Gyro: -2.46, -0.75, -1.27
Accel: 0.13, 0.08, -0.96
Gyro: -2.08, -1.19, -1.01
Accel: 0.13, 0.09, -0.96
Gyro: -1.85, -1.37, -1.32
Accel: 0.13, 0.09, -0.96
Gyro: -1.71, -1.30, -1.21
Accel: 0.12, 0.09, -0.96
Gyro: -1.98, -0.88, -1.02
Accel: 0.12, 0.08, -0.96
Gyro: -2.33, -0.79, -0.61
Accel: 0.12, 0.08, -0.96
Gyro: -2.27, -1.05, -0.85
Accel: 0.12, 0.08, -0.96
Gyro: -2.14, -1.11, -1.45
Accel: 0.12, 0.08, -0.96
Gyro: -1.98, -0.81, -1.69
Accel: 0.12, 0.09, -0.96
Gyro: -2.18, -0.53, -1.57
Accel: 0.13, 0.09, -0.96
Gyro: -2.16, -0.36, -1.22
Accel: 0.12, 0.09, -0.95
Gyro: -2.13, -0.27, -1.23
Accel: 0.13, 0.09, -0.96
Gyro: -2.20, -0.53, -1.24
Accel: 0.13, 0.08, -0.95
Gyro: -2.07, -0.60, -1.19
Accel: 0.12, 0.09, -0.95
Gyro: -2.02, -0.44, -1.34
Accel: 0.13, 0.09, -0.96
Gyro: -1.83, -0.17, -1.14
Accel: 0.13, 0.09, -0.96
Gyro: -2.03, -0.52, -1.16
Accel: 0.12, 0.08, -0.96
Gyro: -2.05, -0.72, -0.96
Accel: 0.13, 0.09, -0.96
Gyro: -2.00, -0.65, -0.91
Accel: 0.13, 0.08, -0.96
Gyro: -1.98, -0.61, -1.20
Accel: 0.13, 0.09, -0.95
Gyro: -2.18, -0.92, -1.56
Accel: 0.13, 0.09, -0.96
Gyro: -2.16, -0.79, -1.43
Accel: 0.13, 0.09, -0.96
Gyro: -1.48, -0.74, -1.17
Accel: 0.12, 0.08, -0.96
Gyro: -1.91, -1.30, -0.97
Accel: 0.12, 0.09, -0.96
Gyro: -2.23, -1.35, -1.00
Accel: 0.12, 0.09, -0.97
Gyro: -2.21, -0.80, -1.09
Accel: 0.13, 0.08, -0.96
Gyro: -2.02, 0.01, -1.63
Accel: 0.12, 0.09, -0.95
Gyro: -2.04, -0.02, -1.56
Accel: 0.13, 0.09, -0.95
Gyro: -2.01, -0.18, -1.14
Accel: 0.13, 0.09, -0.95
Gyro: -2.03, -0.47, -0.86
Accel: 0.12, 0.08, -0.96
Gyro: -2.11, -0.92, -0.92
Accel: 0.12, 0.08, -0.96
Gyro: -2.47, -0.42, -1.45
Accel: 0.13, 0.08, -0.97
Gyro: -1.76, -0.38, -1.13
Accel: 0.14, 0.08, -0.95
Gyro: -2.27, -0.16, -1.47
Accel: 0.13, 0.09, -0.95
Gyro: -2.29, -0.93, -1.05
Accel: 0.13, 0.08, -0.96
Gyro: -2.20, -1.08, -1.23
Accel: 0.13, 0.09, -0.95
Gyro: -1.89, -1.05, -1.27
Accel: 0.12, 0.09, -0.96
Gyro: -1.79, -0.82, -1.06
Accel: 0.12, 0.09, -0.96
Gyro: -2.01, -0.95, -0.72
Accel: 0.13, 0.08, -0.96
Gyro: -2.22, -1.08, -0.72
Accel: 0.13, 0.08, -0.95
Gyro: -2.22, -1.01, -1.15
Accel: 0.13, 0.08, -0.96
Gyro: -2.27, -0.83, -1.76
Accel: 0.12, 0.09, -0.97
Gyro: -2.31, -0.52, -1.75
Accel: 0.12, 0.09, -0.96
Gyro: -2.46, -0.56, -1.35
Accel: 0.12, 0.09, -0.96
Gyro: -2.42, -0.63, -0.94
Accel: 0.12, 0.09, -0.96
Gyro: -2.24, -0.66, -1.04
Accel: 0.13, 0.08, -0.96
Gyro: -2.07, -0.47, -1.31
Accel: 0.12, 0.09, -0.96
Gyro: -2.14, -0.44, -1.43
Accel: 0.12, 0.09, -0.96
Gyro: -2.15, -0.41, -1.27
Accel: 0.13, 0.09, -0.96
Gyro: -2.00, -0.21, -1.16
Accel: 0.13, 0.09, -0.95
Gyro: -2.12, -0.57, -1.13
Accel: 0.13, 0.08, -0.95
Gyro: -1.92, -0.71, -1.04
Accel: 0.13, 0.08, -0.95
Gyro: -2.11, -0.78, -0.88
Accel: 0.13, 0.08, -0.95
Gyro: -2.05, -0.52, -0.98
Accel: 0.13, 0.09, -0.97
Gyro: -2.53, -0.82, -1.43
Accel: 0.13, 0.08, -0.96
Gyro: -2.46, -0.54, -1.69
Accel: 0.13, 0.10, -0.96
Gyro: -1.77, -0.63, -1.67
Accel: 0.12, 0.09, -0.95
Gyro: -1.91, -1.10, -1.40
Accel: 0.13, 0.09, -0.96
Gyro: -2.52, -1.61, -0.95
Accel: 0.12, 0.08, -0.96
Gyro: -2.37, -0.96, -1.09
Accel: 0.12, 0.08, -0.96
Gyro: -2.27, -0.35, -1.79
Accel: 0.12, 0.08, -0.96
Gyro: -1.98, -0.24, -1.82
Accel: 0.13, 0.09, -0.96
Gyro: -2.07, -0.26, -1.26
Accel: 0.12, 0.09, -0.97
Gyro: -2.08, -0.39, -0.65
Accel: 0.12, 0.09, -0.95
Gyro: -2.14, -0.66, -0.81
Accel: 0.12, 0.09, -0.97
Gyro: -2.43, -0.25, -1.59
Accel: 0.12, 0.10, -0.98
Gyro: -1.79, 0.16, -1.27
Accel: 0.13, 0.08, -0.95
Gyro: -2.24, -0.30, -1.43
Accel: 0.13, 0.09, -0.95
Gyro: -2.45, -0.72, -1.28
Accel: 0.13, 0.08, -0.95
Gyro: -2.13, -1.21, -1.20
