Accel: 0.13, 0.09, -0.96
Gyro: -2.41, -0.76, -0.97
Accel: 0.13, 0.08, -0.96
Gyro: -2.13, -0.85, -1.47
Accel: 0.12, 0.08, -0.96
Gyro: -1.88, -1.09, -1.67
Accel: 0.12, 0.09, -0.96
Gyro: -2.11, -0.92, -1.22
Accel: 0.14, 0.09, -0.95
Gyro: -2.40, -0.82, -0.95
Accel: 0.12, 0.09, -0.95
Gyro: -2.34, -1.05, -0.68
Accel: 0.12, 0.08, -0.96
Gyro: -2.40, -1.36, -1.40
Accel: 0.13, 0.08, -0.96
Gyro: -2.27, -0.79, -1.84
Accel: 0.12, 0.09, -0.97
Gyro: -2.41, -0.56, -1.87
Accel: 0.12, 0.09, -0.96
Gyro: -2.35, -0.24, -1.61
Accel: 0.13, 0.09, -0.95
Gyro: -2.31, -0.39, -1.15
Accel: 0.13, 0.09, -0.96
Gyro: -2.41, -0.47, -1.14
Accel: 0.12, 0.08, -0.96
Gyro: -2.25, -0.37, -1.11
Accel: 0.13, 0.09, -0.96
Gyro: -2.20, -0.44, -1.21
Accel: 0.13, 0.09, -0.95
Gyro: -2.17, -0.52, -1.49
Accel: 0.13, 0.09, -0.95
Gyro: -2.14, -0.41, -1.21
Accel: 0.13, 0.09, -0.95
Gyro: -2.06, -0.27, -1.12
Accel: 0.13, 0.09, -0.96
Gyro: -2.04, -0.49, -0.98
Accel: 0.13, 0.09, -0.97
Gyro: -2.17, -0.71, -0.92
Accel: 0.13, 0.08, -0.96
Gyro: -2.29, -0.39, -1.18
Accel: 0.13, 0.09, -0.96
Gyro: -2.38, -0.63, -1.26
Accel: 0.13, 0.09, -0.96
Gyro: -2.38, -0.38, -1.64
Accel: 0.13, 0.09, -0.96
Gyro: -1.66, -0.50, -1.12
Accel: 0.13, 0.09, -0.95
Gyro: -2.06, -1.02, -0.98
Accel: 0.12, 0.08, -0.96
Gyro: -2.49, -1.21, -0.76
Accel: 0.13, 0.09, -0.96
Gyro: -2.20, -0.79, -1.31
Accel: 0.13, 0.09, -0.96
Gyro: -2.21, -0.43, -2.00
Accel: 0.13, 0.09, -0.96
Gyro: -2.05, 0.01, -1.64
Accel: 0.13, 0.10, -0.96
Gyro: -2.21, -0.28, -1.05
Accel: 0.13, 0.08, -0.95
Gyro: -2.31, -0.38, -0.91
Accel: 0.12, 0.09, -0.95
Gyro: -2.02, -0.96, -0.98
Accel: 0.13, 0.09, -0.96
Gyro: -2.42, -0.62, -1.74
Accel: 0.14, 0.09, -0.95
Gyro: -1.52, 0.11, -1.32
Accel: 0.13, 0.09, -0.95
Gyro: -2.33, -0.21, -1.40
Accel: 0.13, 0.09, -0.95
Gyro: -2.15, -0.53, -0.92
Accel: 0.13, 0.09, -0.95
Gyro: -2.00, -1.08, -1.33
Accel: 0.13, 0.09, -0.96
Gyro: -1.94, -1.27, -1.47
Accel: 0.13, 0.09, -0.96
Gyro: -1.78, -0.95, -1.17
Accel: 0.13, 0.09, -0.96
Gyro: -2.24, -0.92, -0.79
Accel: 0.13, 0.08, -0.95
Gyro: -2.32, -0.84, -0.57
Accel: 0.12, 0.08, -0.96
Gyro: -2.33, -1.11, -1.22
Accel: 0.12, 0.08, -0.95
Gyro: -2.21, -1.04, -1.86
Accel: 0.12, 0.09, -0.95
Gyro: -2.14, -0.34, -1.90
Accel: 0.12, 0.09, -0.96
Gyro: -2.17, -0.27, -1.47
Accel: 0.13, 0.09, -0.96
Gyro: -2.03, -0.39, -0.96
Accel: 0.13, 0.10, -0.96
Gyro: -2.08, -0.35, -1.02
Accel: 0.13, 0.09, -0.95
Gyro: -1.95, -0.80, -1.34
Accel: 0.13, 0.09, -0.97
Gyro: -1.92, -0.79, -1.24
Accel: 0.13, 0.09, -0.96
Gyro: -1.76, -0.31, -1.30
Accel: 0.12, 0.10, -0.96
Gyro: -1.88, -0.40, -1.17
Accel: 0.13, 0.08, -0.95
Gyro: -1.91, -0.52, -1.08
Accel: 0.13, 0.09, -0.95
Gyro: -1.81, -0.63, -0.93
Accel: 0.14, 0.09, -0.96
Gyro: -1.92, -0.55, -0.93
Accel: 0.13, 0.09, -0.96
Gyro: -2.20, -0.61, -0.95
Accel: 0.13, 0.08, -0.96
Gyro: -2.40, -0.43, -1.14
Accel: 0.14, 0.09, -0.96
Gyro: -2.32, -0.77, -1.47
Accel: 0.13, 0.09, -0.95
Gyro: -2.11, -0.76, -1.55
Accel: 0.13, 0.09, -0.96
Gyro: -1.46, -0.84, -1.26
Accel: 0.14, 0.09, -0.96
Gyro: -2.08, -1.07, -0.89
Accel: 0.13, 0.09, -0.96
Gyro: -2.14, -1.34, -0.81
Accel: 0.13, 0.09, -0.96
Gyro: -1.79, -1.05, -1.24
Accel: 0.12, 0.09, -0.96
Gyro: -1.55, -0.43, -1.86
Accel: 0.13, 0.09, -0.96
Gyro: -1.50, -0.24, -1.29
Accel: 0.13, 0.09, -0.96
Gyro: -1.69, -0.18, -0.58
Accel: 0.13, 0.09, -0.96
Gyro: -2.01, -0.35, -0.35
Accel: 0.13, 0.08, -0.96
Gyro: -1.70, -0.88, -0.99
Accel: 0.13, 0.08, -0.95
Gyro: -2.34, -0.49, -1.91
Accel: 0.13, 0.09, -0.97
Gyro: -1.56, -0.11, -1.24
Accel: 0.13, 0.09, -0.96
Gyro: -1.85, -0.32, -1.32
Accel: 0.13, 0.09, -0.96
Gyro: -2.07, -0.73, -1.07
Accel: 0.13, 0.09, -0.95
Gyro: -1.85, -1.08, -1.09
Accel: 0.12, 0.09, -0.96
Gyro: -1.85, -1.11, -1.22
Accel: 0.13, 0.09, -0.96
Gyro: -1.76, -1.01, -1.19
Accel: 0.13, 0.09, -0.95
Gyro: -1.95, -0.81, -0.83
Accel: 0.13, 0.08, -0.96
Gyro: -2.09, -0.98, -0.58
Accel: 0.13, 0.08, -0.95
Gyro: -2.08, -1.05, -0.90
Accel: 0.13, 0.08, -0.96
Gyro: -2.00, -0.99, -1.54
Accel: 0.12, 0.08, -0.97
Gyro: -2.23, -0.98, -1.81
Accel: 0.13, 0.09, -0.96
Gyro: -2.30, -0.60, -1.65
Accel: 0.13, 0.09, -0.95
Gyro: -2.41, -0.51, -1.35
Accel: 0.13, 0.08, -0.96
Gyro: -2.24, -0.64, -1.29
Accel: 0.12, 0.09, -0.97
Gyro: -2.14, -0.79, -1.24
Accel: 0.13, 0.09, -0.96
Gyro: -2.11, -0.60, -1.15
Accel: 0.13, 0.08, -0.95
Gyro: -2.01, -0.54, -1.16
Accel: 0.13, 0.09, -0.96
Gyro: -2.07, -0.40, -1.24
Accel: 0.13, 0.09, -0.95
Gyro: -1.92, -0.79, -1.21
Accel: 0.12, 0.09, -0.95
Gyro: -1.74, -0.75, -1.06
Accel: 0.12, 0.10, -0.96
Gyro: -1.77, -0.66, -0.86
Accel: 0.12, 0.08, -0.96
Gyro: -1.90, -0.59, -0.64
Accel: 0.13, 0.08, -0.96
Gyro: -1.89, -0.82, -1.21
Accel: 0.13, 0.09, -0.96
Gyro: -1.96, -0.43, -1.52
Accel: 0.13, 0.09, -0.96
Gyro: -1.54, -0.47, -1.16
Accel: 0.13, 0.08, -0.95
Gyro: -2.03, -1.13, -1.24
Accel: 0.13, 0.09, -0.97
Gyro: -2.18, -1.27, -1.02
Accel: 0.12, 0.09, -0.96
Gyro: -1.82, -0.89, -1.11
Accel: 0.12, 0.08, -0.96
Gyro: -1.87, -0.21, -1.44
Accel: 0.13, 0.09, -0.95
Gyro: -1.93, -0.11, -1.53
Accel: 0.14, 0.08, -0.95
Gyro: -2.08, -0.33, -1.08
Accel: 0.13, 0.09, -0.95
Gyro: -2.07, -0.86, -1.04
Accel: 0.13, 0.08, -0.95
Gyro: -1.92, -0.89, -1.06
Accel: 0.13, 0.08, -0.95
Gyro: -2.38, -0.48, -1.49
