Accel: 0.13, 0.06, -0.96
Gyro: -2.33, -0.95, -1.66
Accel: 0.13, 0.06, -0.97
Gyro: -1.98, -0.27, -1.29
Accel: 0.13, 0.06, -0.95
Gyro: -2.05, -0.32, -1.02
Accel: 0.13, 0.06, -0.96
Gyro: -2.12, -0.60, -1.05
Accel: 0.13, 0.06, -0.97
Gyro: -2.17, -0.50, -1.30
Accel: 0.13, 0.06, -0.96
Gyro: -2.03, -0.02, -1.46
Accel: 0.13, 0.05, -0.95
Gyro: -2.04, 0.10, -1.08
Accel: 0.14, 0.06, -0.96
Gyro: -2.37, -0.30, -1.17
Accel: 0.14, 0.06, -0.96
Gyro: -2.12, -0.49, -1.17
Accel: 0.14, 0.05, -0.96
Gyro: -2.10, -1.08, -1.61
Accel: 0.13, 0.07, -0.96
Gyro: -1.75, -1.35, -1.39
Accel: 0.13, 0.06, -0.96
Gyro: -1.82, -0.98, -0.86
Accel: 0.13, 0.05, -0.96
Gyro: -2.01, -0.72, -0.40
Accel: 0.13, 0.05, -0.95
Gyro: -2.32, -0.64, -0.56
Accel: 0.13, 0.05, -0.96
Gyro: -2.33, -0.50, -1.36
Accel: 0.14, 0.05, -0.96
Gyro: -2.23, -0.58, -1.90
Accel: 0.13, 0.06, -0.95
Gyro: -2.02, -0.35, -1.82
Accel: 0.13, 0.06, -0.96
Gyro: -2.22, -0.50, -1.46
Accel: 0.14, 0.06, -0.95
Gyro: -2.33, -0.62, -1.21
Accel: 0.13, 0.06, -0.96
Gyro: -2.41, -0.64, -1.10
Accel: 0.14, 0.06, -0.95
Gyro: -2.49, -0.76, -1.27
Accel: 0.14, 0.06, -0.96
Gyro: -2.18, -0.56, -1.37
Accel: 0.13, 0.06, -0.97
Gyro: -2.07, -0.60, -1.30
Accel: 0.13, 0.06, -0.96
Gyro: -2.00, -0.55, -1.05
Accel: 0.14, 0.06, -0.96
Gyro: -1.72, -0.45, -0.95
Accel: 0.14, 0.05, -0.96
Gyro: -1.94, -0.11, -0.87
Accel: 0.14, 0.06, -0.96
Gyro: -2.17, -0.36, -1.32
Accel: 0.14, 0.06, -0.95
Gyro: -2.16, -0.36, -1.42
Accel: 0.13, 0.06, -0.96
Gyro: -1.45, -0.66, -1.30
Accel: 0.14, 0.05, -0.95
Gyro: -1.95, -1.29, -1.15
Accel: 0.13, 0.06, -0.95
Gyro: -2.24, -1.63, -1.08
Accel: 0.13, 0.06, -0.96
Gyro: -2.09, -0.94, -1.05
Accel: 0.13, 0.05, -0.96
Gyro: -2.20, -0.61, -1.53
Accel: 0.13, 0.06, -0.96
Gyro: -2.13, -0.61, -1.70
Accel: 0.13, 0.06, -0.96
Gyro: -2.16, -0.34, -1.36
Accel: 0.14, 0.06, -0.96
Gyro: -2.05, -0.39, -1.02
Accel: 0.14, 0.06, -0.95
Gyro: -1.95, -0.50, -1.24
Accel: 0.14, 0.06, -0.95
Gyro: -2.44, -0.60, -1.54
Accel: 0.13, 0.05, -0.96
Gyro: -1.76, -0.37, -1.04
Accel: 0.14, 0.05, -0.95
Gyro: -2.62, 0.05, -1.42
Accel: 0.14, 0.06, -0.95
Gyro: -2.44, -0.69, -1.14
Accel: 0.13, 0.06, -0.95
Gyro: -2.24, -0.92, -1.54
Accel: 0.14, 0.06, -0.96
Gyro: -1.96, -1.16, -1.42
Accel: 0.13, 0.05, -0.96
Gyro: -1.98, -0.94, -1.27
Accel: 0.13, 0.06, -0.96
Gyro: -2.20, -0.63, -0.93
Accel: 0.13, 0.05, -0.96
Gyro: -2.31, -0.70, -0.74
Accel: 0.14, 0.06, -0.95
Gyro: -2.52, -0.73, -1.24
Accel: 0.14, 0.06, -0.95
Gyro: -2.36, -0.56, -1.66
Accel: 0.14, 0.06, -0.96
Gyro: -2.22, -0.39, -1.96
Accel: 0.13, 0.06, -0.97
Gyro: -2.16, -0.43, -1.64
Accel: 0.14, 0.06, -0.96
Gyro: -2.18, -0.44, -1.17
Accel: 0.13, 0.06, -0.95
Gyro: -2.20, -0.82, -1.06
Accel: 0.14, 0.06, -0.95
Gyro: -2.10, -0.80, -1.21
Accel: 0.14, 0.06, -0.96
Gyro: -2.24, -0.60, -1.11
Accel: 0.13, 0.06, -0.95
Gyro: -2.12, -0.92, -1.29
Accel: 0.14, 0.06, -0.97
Gyro: -2.20, -0.79, -1.20
Accel: 0.13, 0.06, -0.96
Gyro: -2.01, -0.51, -1.30
Accel: 0.14, 0.06, -0.96
Gyro: -1.91, -0.56, -1.17
Accel: 0.14, 0.05, -0.95
Gyro: -1.91, -1.01, -0.88
Accel: 0.13, 0.06, -0.96
Gyro: -2.04, -0.42, -0.61
Accel: 0.14, 0.05, -0.96
Gyro: -2.50, -0.18, -0.95
Accel: 0.13, 0.06, -0.97
Gyro: -2.40, -0.43, -1.33
Accel: 0.14, 0.07, -0.96
Gyro: -2.26, -0.18, -1.82
Accel: 0.14, 0.06, -0.96
Gyro: -1.86, -0.72, -1.34
Accel: 0.13, 0.06, -0.96
Gyro: -2.60, -0.83, -1.14
Accel: 0.12, 0.06, -0.97
Gyro: -2.55, -0.72, -0.92
Accel: 0.13, 0.06, -0.96
Gyro: -2.01, -0.21, -1.61
Accel: 0.14, 0.06, -0.96
Gyro: -2.26, 0.00, -1.79
Accel: 0.14, 0.07, -0.97
Gyro: -2.13, 0.55, -1.21
Accel: 0.14, 0.06, -0.96
Gyro: -2.16, 0.54, -0.69
Accel: 0.14, 0.06, -0.95
Gyro: -2.14, -0.08, -0.66
Accel: 0.14, 0.06, -0.96
Gyro: -2.20, -0.15, -1.12
Accel: 0.14, 0.06, -0.96
Gyro: -2.20, -0.06, -1.72
Accel: 0.14, 0.06, -0.96
Gyro: -1.75, 0.02, -1.15
Accel: 0.14, 0.06, -0.95
Gyro: -1.82, -0.03, -1.27
Accel: 0.14, 0.06, -0.95
Gyro: -1.19, -1.12, -1.02
Accel: 0.14, 0.06, -0.95
Gyro: -1.19, -1.94, -1.01
Accel: 0.14, 0.06, -0.96
Gyro: -1.41, -1.64, -0.76
Accel: 0.13, 0.05, -0.96
Gyro: -1.75, -1.05, -0.71
Accel: 0.13, 0.05, -0.96
Gyro: -2.04, -0.60, -0.66
Accel: 0.14, 0.05, -0.95
Gyro: -2.11, -0.50, -1.18
Accel: 0.14, 0.05, -0.96
Gyro: -2.30, -0.76, -1.77
Accel: 0.14, 0.05, -0.97
Gyro: -2.15, -0.83, -2.08
Accel: 0.14, 0.06, -0.95
Gyro: -2.17, -0.45, -2.04
Accel: 0.14, 0.06, -0.95
Gyro: -2.27, -0.23, -1.63
Accel: 0.14, 0.07, -0.95
Gyro: -2.48, -0.22, -1.27
Accel: 0.14, 0.05, -0.96
Gyro: -2.17, -0.43, -1.49
Accel: 0.13, 0.06, -0.95
Gyro: -2.03, -0.54, -1.37
Accel: 0.14, 0.06, -0.96
Gyro: -1.94, -0.61, -1.38
Accel: 0.14, 0.05, -0.96
Gyro: -1.45, -0.22, -2.40
Accel: 0.14, 0.05, -0.96
Gyro: -0.73, -0.71, -3.64
Accel: 0.13, 0.05, -0.96
Gyro: -0.92, 0.09, -4.20
Accel: 0.14, 0.06, -0.95
Gyro: -1.14, 0.07, -4.19
Accel: 0.14, 0.07, -0.96
Gyro: -1.36, -0.60, -3.32
Accel: 0.14, 0.06, -0.96
Gyro: -1.66, -0.39, -2.84
Accel: 0.14, 0.05, -0.96
Gyro: -1.75, -0.31, -2.36
Accel: 0.14, 0.05, -0.96
Gyro: -2.15, -0.54, -2.48
Accel: 0.14, 0.06, -0.96
Gyro: -2.11, -0.62, -2.36
Accel: 0.14, 0.06, -0.96
Gyro: -1.37, -0.60, -1.79
Accel: 0.14, 0.05, -0.95
Gyro: -1.56, -1.06, -1.66
Accel: 0.13, 0.06, -0.96
Gyro: -1.81, -0.95, -2.02
