Accel: 0.13, 0.09, -0.95
Gyro: -1.95, -1.22, -1.01
Accel: 0.13, 0.09, -0.96
Gyro: -1.86, -1.38, -1.05
Accel: 0.13, 0.09, -0.96
Gyro: -1.64, -1.16, -1.30
Accel: 0.13, 0.09, -0.97
Gyro: -1.50, -0.76, -1.09
Accel: 0.13, 0.09, -0.96
Gyro: -1.94, -0.85, -0.70
Accel: 0.13, 0.09, -0.96
Gyro: -2.04, -0.75, -0.58
Accel: 0.12, 0.08, -0.96
Gyro: -2.04, -1.15, -1.05
Accel: 0.12, 0.08, -0.96
Gyro: -2.02, -0.82, -1.55
Accel: 0.13, 0.08, -0.97
Gyro: -2.23, -0.60, -1.84
Accel: 0.12, 0.09, -0.96
Gyro: -2.31, -0.31, -1.46
Accel: 0.13, 0.09, -0.97
Gyro: -2.35, -0.21, -1.21
Accel: 0.13, 0.09, -0.96
Gyro: -2.04, -0.55, -1.08
Accel: 0.13, 0.08, -0.96
Gyro: -2.02, -0.83, -1.05
Accel: 0.13, 0.10, -0.96
Gyro: -2.02, -0.60, -1.01
Accel: 0.13, 0.09, -0.96
Gyro: -1.86, -0.57, -1.12
Accel: 0.13, 0.08, -0.96
Gyro: -1.91, -0.46, -1.05
Accel: 0.13, 0.09, -0.96
Gyro: -1.74, -0.60, -1.00
Accel: 0.13, 0.09, -0.96
Gyro: -1.76, -0.89, -0.95
Accel: 0.13, 0.08, -0.95
Gyro: -1.82, -0.63, -0.80
Accel: 0.12, 0.08, -0.96
Gyro: -2.15, -0.58, -1.40
Accel: 0.13, 0.08, -0.96
Gyro: -2.14, -0.32, -1.52
Accel: 0.13, 0.09, -0.96
Gyro: -1.77, -0.34, -1.38
Accel: 0.12, 0.07, -0.95
Gyro: -1.88, -1.27, -1.23
Accel: 0.13, 0.08, -0.95
Gyro: -2.24, -1.42, -1.23
Accel: 0.12, 0.09, -0.97
Gyro: -2.24, -1.10, -1.12
Accel: 0.12, 0.08, -0.97
Gyro: -2.00, -0.43, -1.22
Accel: 0.13, 0.09, -0.95
Gyro: -2.19, -0.11, -1.34
Accel: 0.13, 0.08, -0.95
Gyro: -2.01, -0.22, -1.14
Accel: 0.13, 0.09, -0.95
Gyro: -2.01, -0.51, -1.14
Accel: 0.13, 0.09, -0.95
Gyro: -2.08, -0.97, -1.15
Accel: 0.12, 0.08, -0.95
Gyro: -2.47, -0.31, -1.60
Accel: 0.13, 0.10, -0.96
Gyro: -1.56, -0.33, -0.95
Accel: 0.13, 0.08, -0.95
Gyro: -2.34, -0.40, -1.08
Accel: 0.13, 0.08, -0.96
Gyro: -2.22, -0.78, -1.08
Accel: 0.13, 0.08, -0.95
Gyro: -2.16, -1.02, -1.27
Accel: 0.12, 0.09, -0.96
Gyro: -1.75, -0.66, -1.53
Accel: 0.12, 0.09, -0.96
Gyro: -1.56, -0.81, -1.24
Accel: 0.13, 0.09, -0.96
Gyro: -2.01, -0.63, -0.48
Accel: 0.12, 0.08, -0.95
Gyro: -2.20, -0.51, -0.44
Accel: 0.13, 0.08, -0.96
Gyro: -2.08, -0.98, -0.72
Accel: 0.12, 0.08, -0.96
Gyro: -2.16, -1.09, -1.43
Accel: 0.12, 0.08, -0.96
Gyro: -2.04, -0.98, -1.60
Accel: 0.12, 0.10, -0.95
Gyro: -2.28, -0.46, -1.42
Accel: 0.13, 0.08, -0.97
Gyro: -2.21, -0.24, -1.34
Accel: 0.13, 0.09, -0.96
Gyro: -2.04, -0.34, -1.02
Accel: 0.13, 0.08, -0.96
Gyro: -2.09, -0.31, -0.98
Accel: 0.13, 0.09, -0.96
Gyro: -1.98, -0.69, -1.08
Accel: 0.13, 0.09, -0.96
Gyro: -2.14, -0.36, -1.06
Accel: 0.13, 0.09, -0.95
Gyro: -2.11, -0.26, -1.16
Accel: 0.13, 0.09, -0.96
Gyro: -2.46, -0.82, -1.57
Accel: 0.13, 0.09, -0.96
Gyro: -2.27, -0.85, -1.42
Accel: 0.13, 0.10, -0.96
Gyro: -1.68, -0.67, -1.26
Accel: 0.13, 0.08, -0.96
Gyro: -1.94, -1.03, -1.08
Accel: 0.12, 0.09, -0.96
Gyro: -2.47, -1.12, -1.05
Accel: 0.12, 0.09, -0.95
Gyro: -2.37, -1.04, -0.96
Accel: 0.13, 0.08, -0.96
Gyro: -2.35, -0.66, -1.66
Accel: 0.12, 0.09, -0.96
Gyro: -2.36, -0.30, -1.83
Accel: 0.13, 0.09, -0.95
Gyro: -2.31, -0.33, -1.24
Accel: 0.13, 0.08, -0.95
Gyro: -2.43, -0.42, -0.96
Accel: 0.13, 0.09, -0.95
Gyro: -2.16, -0.99, -1.04
Accel: 0.12, 0.09, -0.96
Gyro: -2.43, -0.54, -1.64
Accel: 0.13, 0.10, -0.96
Gyro: -1.63, -0.27, -1.24
Accel: 0.13, 0.09, -0.96
Gyro: -1.91, -0.37, -1.42
Accel: 0.12, 0.09, -0.95
Gyro: -2.20, -0.82, -1.18
Accel: 0.13, 0.08, -0.96
Gyro: -2.08, -0.78, -1.05
Accel: 0.13, 0.08, -0.95
Gyro: -2.01, -1.06, -1.34
Accel: 0.12, 0.08, -0.96
Gyro: -1.80, -0.74, -1.20
Accel: 0.13, 0.09, -0.96
Gyro: -2.18, -0.83, -1.13
Accel: 0.13, 0.09, -0.96
Gyro: -2.46, -0.92, -0.97
Accel: 0.13, 0.08, -0.96
Gyro: -2.46, -0.91, -1.42
Accel: 0.12, 0.08, -0.96
Gyro: -2.37, -1.05, -1.79
Accel: 0.12, 0.09, -0.96
Gyro: -2.30, -0.82, -2.00
Accel: 0.12, 0.09, -0.96
Gyro: -2.24, -0.55, -1.44
Accel: 0.13, 0.09, -0.96
Gyro: -2.33, -0.60, -1.12
Accel: 0.12, 0.09, -0.96
Gyro: -2.06, -0.66, -1.01
Accel: 0.12, 0.09, -0.97
Gyro: -2.07, -0.69, -1.01
Accel: 0.12, 0.09, -0.96
Gyro: -1.88, -0.86, -1.23
Accel: 0.13, 0.09, -0.96
Gyro: -2.01, -0.47, -1.34
Accel: 0.13, 0.09, -0.96
Gyro: -2.05, -0.53, -1.48
Accel: 0.13, 0.09, -0.96
Gyro: -1.84, -0.53, -1.21
Accel: 0.13, 0.08, -0.96
Gyro: -1.98, -0.73, -1.21
Accel: 0.13, 0.09, -0.96
Gyro: -2.06, -0.90, -0.89
Accel: 0.12, 0.08, -0.96
Gyro: -2.23, -0.66, -1.10
Accel: 0.12, 0.09, -0.96
Gyro: -2.38, -0.81, -1.40
Accel: 0.13, 0.09, -0.96
Gyro: -2.25, -0.46, -1.65
Accel: 0.12, 0.09, -0.96
Gyro: -1.56, -0.44, -1.27
Accel: 0.13, 0.09, -0.95
Gyro: -1.87, -0.81, -0.87
Accel: 0.12, 0.09, -0.95
Gyro: -2.40, -1.30, -0.88
Accel: 0.12, 0.08, -0.96
Gyro: -2.02, -0.75, -1.34
Accel: 0.13, 0.08, -0.96
Gyro: -2.09, -0.41, -1.88
Accel: 0.13, 0.10, -0.96
Gyro: -1.87, -0.10, -1.74
Accel: 0.13, 0.10, -0.96
Gyro: -2.13, -0.27, -1.01
Accel: 0.13, 0.08, -0.96
Gyro: -2.21, -0.56, -0.63
Accel: 0.12, 0.08, -0.96
Gyro: -2.07, -0.77, -1.08
Accel: 0.12, 0.09, -0.97
Gyro: -2.24, -0.51, -1.82
Accel: 0.13, 0.10, -0.96
Gyro: -1.75, 0.15, -1.57
Accel: 0.13, 0.08, -0.95
Gyro: -2.24, -0.06, -1.37
Accel: 0.13, 0.09, -0.95
Gyro: -2.11, -0.66, -0.98
Accel: 0.14, 0.08, -0.96
Gyro: -2.04, -1.27, -1.08
Accel: 0.13, 0.09, -0.96
Gyro: -1.82, -1.56, -1.50
Accel: 0.12, 0.09, -0.97
Gyro: -1.65, -1.16, -1.07
