Accel: 0.13, 0.09, -0.95
Gyro: -1.88, -1.55, -1.51
Accel: 0.12, 0.08, -0.97
Gyro: -1.75, -1.25, -1.18
Accel: 0.13, 0.09, -0.97
Gyro: -2.14, -1.10, -0.76
Accel: 0.12, 0.09, -0.96
Gyro: -2.20, -0.77, -0.59
Accel: 0.13, 0.08, -0.96
Gyro: -2.36, -0.89, -1.01
Accel: 0.13, 0.08, -0.96
Gyro: -2.14, -0.85, -1.92
Accel: 0.13, 0.09, -0.96
Gyro: -2.08, -0.61, -1.99
Accel: 0.12, 0.09, -0.96
Gyro: -2.22, -0.40, -1.52
Accel: 0.12, 0.09, -0.96
Gyro: -2.46, -0.34, -0.98
Accel: 0.13, 0.08, -0.95
Gyro: -2.28, -0.37, -0.98
Accel: 0.13, 0.09, -0.96
Gyro: -2.02, -0.64, -1.14
Accel: 0.12, 0.09, -0.95
Gyro: -1.98, -0.64, -1.18
Accel: 0.12, 0.09, -0.96
Gyro: -1.94, -0.57, -1.15
Accel: 0.13, 0.09, -0.96
Gyro: -1.96, -0.50, -0.94
Accel: 0.13, 0.08, -0.96
Gyro: -2.16, -0.47, -1.21
Accel: 0.13, 0.08, -0.96
Gyro: -1.92, -0.53, -1.41
Accel: 0.13, 0.09, -0.96
Gyro: -2.11, -0.72, -1.20
Accel: 0.12, 0.08, -0.96
Gyro: -2.02, -0.74, -1.00
Accel: 0.12, 0.09, -0.96
Gyro: -1.96, -0.76, -0.85
Accel: 0.13, 0.09, -0.97
Gyro: -1.98, -0.71, -1.08
Accel: 0.13, 0.08, -0.95
Gyro: -2.38, -0.62, -1.48
Accel: 0.13, 0.09, -0.96
Gyro: -2.20, -0.86, -1.55
Accel: 0.12, 0.09, -0.96
Gyro: -1.84, -0.85, -1.47
Accel: 0.12, 0.09, -0.96
Gyro: -1.74, -1.01, -0.83
Accel: 0.13, 0.09, -0.96
Gyro: -2.55, -1.02, -0.86
Accel: 0.12, 0.09, -0.96
Gyro: -2.08, -1.17, -0.86
Accel: 0.12, 0.08, -0.96
Gyro: -1.95, -0.52, -1.69
Accel: 0.13, 0.09, -0.96
Gyro: -2.10, -0.24, -2.01
Accel: 0.12, 0.10, -0.95
Gyro: -2.26, 0.10, -1.18
Accel: 0.13, 0.09, -0.95
Gyro: -2.16, -0.16, -0.57
Accel: 0.13, 0.08, -0.95
Gyro: -2.14, -0.72, -0.95
Accel: 0.13, 0.09, -0.96
Gyro: -2.04, -0.72, -1.46
Accel: 0.12, 0.10, -0.97
Gyro: -2.21, -0.34, -1.72
Accel: 0.13, 0.09, -0.96
Gyro: -1.89, 0.05, -1.17
Accel: 0.13, 0.09, -0.95
Gyro: -2.37, -0.27, -1.10
Accel: 0.13, 0.09, -0.95
Gyro: -1.95, -1.06, -0.92
Accel: 0.13, 0.09, -0.95
Gyro: -1.85, -1.43, -1.29
Accel: 0.12, 0.10, -0.95
Gyro: -1.69, -1.28, -1.46
Accel: 0.12, 0.08, -0.96
Gyro: -1.95, -0.97, -1.24
Accel: 0.13, 0.09, -0.96
Gyro: -2.37, -0.99, -0.72
Accel: 0.12, 0.08, -0.95
Gyro: -2.27, -1.01, -0.70
Accel: 0.13, 0.09, -0.96
Gyro: -2.17, -0.98, -1.35
Accel: 0.12, 0.09, -0.96
Gyro: -2.27, -0.83, -1.90
Accel: 0.13, 0.09, -0.96
Gyro: -2.42, -0.51, -1.80
Accel: 0.13, 0.08, -0.97
Gyro: -2.30, -0.35, -1.34
Accel: 0.13, 0.09, -0.96
Gyro: -2.17, -0.22, -1.24
Accel: 0.13, 0.09, -0.95
Gyro: -2.12, -0.41, -1.34
Accel: 0.13, 0.09, -0.96
Gyro: -2.05, -0.72, -1.27
Accel: 0.12, 0.09, -0.97
Gyro: -2.06, -0.50, -1.24
Accel: 0.12, 0.08, -0.96
Gyro: -2.09, -0.62, -1.05
Accel: 0.12, 0.09, -0.97
Gyro: -2.17, -0.60, -1.17
Accel: 0.13, 0.09, -0.95
Gyro: -2.01, -0.57, -1.21
Accel: 0.13, 0.09, -0.95
Gyro: -2.13, -0.81, -1.33
Accel: 0.13, 0.09, -0.97
Gyro: -1.84, -0.81, -1.08
Accel: 0.13, 0.08, -0.96
Gyro: -2.20, -0.90, -1.16
Accel: 0.13, 0.08, -0.95
Gyro: -2.11, -0.79, -0.94
Accel: 0.13, 0.09, -0.95
Gyro: -2.49, -0.91, -1.53
Accel: 0.13, 0.09, -0.95
Gyro: -2.46, -0.74, -1.59
Accel: 0.13, 0.09, -0.96
Gyro: -1.49, -0.66, -1.21
Accel: 0.12, 0.09, -0.96
Gyro: -1.85, -1.20, -1.17
Accel: 0.12, 0.09, -0.96
Gyro: -2.07, -1.25, -1.03
Accel: 0.12, 0.09, -0.96
Gyro: -2.08, -0.50, -1.17
Accel: 0.12, 0.09, -0.95
Gyro: -1.81, -0.11, -1.46
Accel: 0.12, 0.09, -0.96
Gyro: -2.10, 0.06, -1.40
Accel: 0.13, 0.09, -0.96
Gyro: -2.08, -0.10, -0.95
Accel: 0.13, 0.09, -0.95
Gyro: -2.18, -0.24, -1.08
Accel: 0.12, 0.09, -0.96
Gyro: -2.11, -0.76, -1.28
Accel: 0.12, 0.09, -0.95
Gyro: -2.49, -0.50, -1.77
Accel: 0.13, 0.09, -0.96
Gyro: -1.69, -0.43, -1.38
Accel: 0.12, 0.09, -0.96
Gyro: -2.29, 0.05, -1.28
Accel: 0.13, 0.09, -0.95
Gyro: -2.11, -0.56, -1.07
Accel: 0.13, 0.09, -0.96
Gyro: -1.60, -0.98, -1.19
Accel: 0.13, 0.08, -0.95
Gyro: -1.59, -1.17, -1.20
Accel: 0.13, 0.09, -0.96
Gyro: -1.66, -1.11, -1.14
Accel: 0.13, 0.08, -0.95
Gyro: -1.91, -1.03, -0.75
Accel: 0.12, 0.09, -0.96
Gyro: -1.89, -1.32, -0.70
Accel: 0.12, 0.09, -0.96
Gyro: -1.85, -1.48, -0.95
Accel: 0.12, 0.09, -0.96
Gyro: -1.82, -1.43, -1.42
Accel: 0.12, 0.09, -0.96
Gyro: -1.94, -0.87, -1.33
Accel: 0.12, 0.09, -0.97
Gyro: -1.95, -0.06, -1.21
Accel: 0.12, 0.09, -0.96
Gyro: -2.12, -0.08, -1.14
Accel: 0.13, 0.09, -0.96
Gyro: -2.06, 0.03, -1.02
Accel: 0.12, 0.09, -0.97
Gyro: -1.79, -0.08, -1.03
Accel: 0.13, 0.09, -0.96
Gyro: -1.82, -0.20, -1.23
Accel: 0.13, 0.09, -0.96
Gyro: -1.88, -0.44, -1.08
Accel: 0.13, 0.09, -0.96
Gyro: -1.98, -0.41, -0.82
Accel: 0.13, 0.08, -0.96
Gyro: -1.85, -0.88, -0.66
Accel: 0.13, 0.09, -0.96
Gyro: -1.78, -0.76, -0.72
Accel: 0.13, 0.07, -0.96
Gyro: -1.88, -0.27, -0.78
Accel: 0.13, 0.09, -0.95
Gyro: -2.17, -0.74, -1.21
Accel: 0.13, 0.08, -0.96
Gyro: -2.19, -0.64, -1.50
Accel: 0.13, 0.09, -0.95
Gyro: -1.58, -0.47, -1.25
Accel: 0.13, 0.08, -0.94
Gyro: -2.22, -0.92, -1.33
Accel: 0.13, 0.08, -0.96
Gyro: -2.43, -1.34, -1.11
Accel: 0.12, 0.08, -0.96
Gyro: -2.31, -1.13, -1.14
Accel: 0.12, 0.08, -0.95
Gyro: -2.11, -0.45, -1.82
Accel: 0.12, 0.09, -0.96
Gyro: -2.14, -0.51, -1.68
Accel: 0.13, 0.09, -0.96
Gyro: -2.20, -0.56, -1.21
Accel: 0.12, 0.09, -0.96
Gyro: -2.29, -0.33, -0.97
Accel: 0.13, 0.08, -0.96
Gyro: -2.37, -0.58, -1.08
Accel: 0.13, 0.09, -0.95
Gyro: -2.49, -0.28, -1.52
