Accel: 0.13, 0.08, -0.96
Gyro: -2.35, -0.80, -1.43
Accel: 0.14, 0.08, -0.96
Gyro: -2.27, -0.65, -1.53
Accel: 0.14, 0.08, -0.96
Gyro: -1.57, -0.72, -1.28
Accel: 0.14, 0.08, -0.96
Gyro: -2.17, -0.95, -1.18
Accel: 0.13, 0.08, -0.95
Gyro: -2.55, -1.13, -1.15
Accel: 0.14, 0.08, -0.96
Gyro: -2.24, -0.85, -1.25
Accel: 0.14, 0.07, -0.96
Gyro: -2.30, -0.46, -1.54
Accel: 0.13, 0.08, -0.96
Gyro: -2.30, -0.48, -1.57
Accel: 0.14, 0.08, -0.96
Gyro: -2.14, -0.31, -1.20
Accel: 0.14, 0.08, -0.95
Gyro: -2.43, -0.27, -0.99
Accel: 0.14, 0.07, -0.95
Gyro: -2.04, -0.66, -1.04
Accel: 0.13, 0.07, -0.95
Gyro: -2.40, -0.69, -1.67
Accel: 0.14, 0.08, -0.95
Gyro: -1.63, -0.22, -1.39
Accel: 0.14, 0.08, -0.95
Gyro: -2.04, 0.09, -1.33
Accel: 0.14, 0.08, -0.95
Gyro: -2.17, -0.20, -0.98
Accel: 0.14, 0.08, -0.96
Gyro: -2.01, -0.69, -1.16
Accel: 0.14, 0.07, -0.96
Gyro: -1.98, -0.76, -1.41
Accel: 0.14, 0.08, -0.96
Gyro: -1.88, -0.68, -1.30
Accel: 0.14, 0.08, -0.95
Gyro: -2.20, -0.43, -0.95
Accel: 0.15, 0.07, -0.95
Gyro: -2.56, -0.61, -0.89
Accel: 0.14, 0.07, -0.95
Gyro: -2.66, -0.93, -1.37
Accel: 0.14, 0.07, -0.96
Gyro: -2.37, -1.03, -1.88
Accel: 0.13, 0.08, -0.96
Gyro: -2.47, -0.90, -2.01
Accel: 0.14, 0.08, -0.95
Gyro: -2.27, -0.57, -1.62
Accel: 0.13, 0.08, -0.96
Gyro: -2.38, -0.53, -1.20
Accel: 0.14, 0.08, -0.96
Gyro: -2.38, -0.52, -1.07
Accel: 0.14, 0.07, -0.97
Gyro: -2.30, -0.50, -1.15
Accel: 0.14, 0.08, -0.96
Gyro: -2.26, -0.69, -1.32
Accel: 0.14, 0.08, -0.95
Gyro: -2.11, -0.67, -1.31
Accel: 0.14, 0.08, -0.96
Gyro: -2.16, -0.34, -1.34
Accel: 0.13, 0.08, -0.95
Gyro: -2.18, -0.51, -1.33
Accel: 0.14, 0.09, -0.96
Gyro: -2.05, -0.72, -1.41
Accel: 0.14, 0.08, -0.95
Gyro: -2.17, -1.00, -1.32
Accel: 0.14, 0.08, -0.97
Gyro: -2.27, -0.67, -0.91
Accel: 0.14, 0.07, -0.96
Gyro: -2.19, -0.18, -1.14
Accel: 0.14, 0.08, -0.95
Gyro: -2.52, -0.52, -1.33
Accel: 0.14, 0.08, -0.96
Gyro: -2.08, -0.37, -1.75
Accel: 0.14, 0.08, -0.96
Gyro: -1.48, 0.03, -1.35
Accel: 0.14, 0.08, -0.96
Gyro: -1.98, -0.98, -1.09
Accel: 0.13, 0.08, -0.96
Gyro: -2.32, -1.11, -0.94
Accel: 0.14, 0.08, -0.96
Gyro: -2.26, -0.91, -1.02
Accel: 0.13, 0.08, -0.96
Gyro: -2.12, -0.54, -1.85
Accel: 0.14, 0.08, -0.96
Gyro: -2.08, -0.40, -1.53
Accel: 0.14, 0.08, -0.96
Gyro: -2.20, -0.16, -1.16
Accel: 0.14, 0.08, -0.96
Gyro: -2.17, -0.44, -0.88
Accel: 0.14, 0.07, -0.95
Gyro: -2.14, -0.78, -1.10
Accel: 0.14, 0.07, -0.96
Gyro: -2.45, -0.28, -1.63
Accel: 0.14, 0.09, -0.96
Gyro: -1.81, 0.02, -1.44
Accel: 0.14, 0.07, -0.95
Gyro: -2.15, -0.40, -1.34
Accel: 0.15, 0.08, -0.95
Gyro: -2.27, -0.53, -1.22
Accel: 0.14, 0.08, -0.95
Gyro: -2.11, -1.37, -1.18
Accel: 0.14, 0.08, -0.95
Gyro: -2.03, -1.51, -1.31
Accel: 0.14, 0.08, -0.96
Gyro: -1.75, -1.26, -1.10
Accel: 0.14, 0.08, -0.96
Gyro: -2.16, -0.79, -0.85
Accel: 0.14, 0.08, -0.95
Gyro: -2.29, -0.63, -0.54
Accel: 0.14, 0.08, -0.95
Gyro: -2.33, -0.65, -1.04
Accel: 0.14, 0.08, -0.96
Gyro: -2.18, -0.87, -1.77
Accel: 0.14, 0.08, -0.97
Gyro: -2.16, -0.69, -2.09
Accel: 0.14, 0.08, -0.96
Gyro: -2.14, -0.40, -1.58
Accel: 0.14, 0.09, -0.96
Gyro: -2.20, -0.38, -1.11
Accel: 0.14, 0.08, -0.95
Gyro: -2.04, -0.58, -0.88
Accel: 0.14, 0.07, -0.96
Gyro: -1.68, -0.63, -0.82
Accel: 0.14, 0.08, -0.96
Gyro: -1.50, -0.95, -0.74
Accel: 0.14, 0.08, -0.96
Gyro: -1.60, -0.84, -0.97
Accel: 0.14, 0.08, -0.95
Gyro: -1.66, -0.55, -1.11
Accel: 0.14, 0.08, -0.96
Gyro: -1.72, -0.59, -1.09
Accel: 0.14, 0.08, -0.96
Gyro: -1.80, -0.66, -1.23
Accel: 0.14, 0.08, -0.95
Gyro: -1.85, -0.95, -1.08
Accel: 0.14, 0.08, -0.95
Gyro: -2.07, -1.24, -1.09
Accel: 0.14, 0.07, -0.96
Gyro: -2.21, -1.04, -0.92
Accel: 0.13, 0.07, -0.96
Gyro: -2.28, -0.66, -1.19
Accel: 0.14, 0.08, -0.96
Gyro: -2.25, -1.14, -1.82
Accel: 0.14, 0.08, -0.95
Gyro: -2.27, -0.77, -2.01
Accel: 0.13, 0.09, -0.96
Gyro: -1.70, -0.89, -1.52
Accel: 0.14, 0.07, -0.96
Gyro: -2.37, -1.26, -1.46
Accel: 0.13, 0.08, -0.96
Gyro: -2.49, -1.30, -1.32
Accel: 0.14, 0.08, -0.96
Gyro: -2.05, -0.79, -1.34
Accel: 0.13, 0.08, -0.96
Gyro: -2.12, -0.16, -1.83
Accel: 0.14, 0.08, -0.95
Gyro: -2.17, -0.15, -1.33
Accel: 0.14, 0.08, -0.95
Gyro: -2.16, -0.12, -1.00
Accel: 0.14, 0.08, -0.96
Gyro: -2.28, -0.41, -1.14
Accel: 0.14, 0.08, -0.95
Gyro: -2.33, -0.76, -1.42
Accel: 0.13, 0.08, -0.96
Gyro: -2.66, -0.43, -1.95
Accel: 0.14, 0.09, -0.96
Gyro: -1.98, -0.11, -1.52
Accel: 0.14, 0.08, -0.95
Gyro: -2.20, -0.10, -1.59
Accel: 0.13, 0.09, -0.96
Gyro: -2.28, -0.28, -1.27
Accel: 0.13, 0.07, -0.96
Gyro: -1.91, -0.91, -1.34
Accel: 0.14, 0.09, -0.95
Gyro: -1.75, -1.00, -1.38
Accel: 0.14, 0.09, -0.95
Gyro: -1.72, -1.07, -1.37
Accel: 0.13, 0.08, -0.96
Gyro: -2.22, -0.87, -0.99
Accel: 0.13, 0.08, -0.96
Gyro: -2.10, -1.03, -0.66
Accel: 0.14, 0.07, -0.96
Gyro: -2.08, -1.14, -1.01
Accel: 0.14, 0.08, -0.96
Gyro: -2.16, -1.06, -1.45
Accel: 0.13, 0.08, -0.96
Gyro: -2.06, -0.44, -1.56
Accel: 0.14, 0.08, -0.96
Gyro: -2.32, -0.27, -1.63
Accel: 0.14, 0.08, -0.95
Gyro: -2.43, -0.30, -1.57
Accel: 0.14, 0.08, -0.96
Gyro: -2.52, -0.34, -1.28
Accel: 0.14, 0.08, -0.96
Gyro: -2.52, -0.47, -1.24
Accel: 0.14, 0.08, -0.96
Gyro: -2.35, -0.65, -1.33
Accel: 0.14, 0.08, -0.95
Gyro: -1.98, -0.66, -1.27
Accel: 0.13, 0.09, -0.95
Gyro: -1.91, -0.72, -1.24
