Accel: 0.13, 0.08, -0.95
Gyro: -1.85, -0.59, -0.76
Accel: 0.13, 0.09, -0.96
Gyro: -2.41, -0.60, -1.08
Accel: 0.13, 0.09, -0.96
Gyro: -1.60, -0.58, -1.26
Accel: 0.13, 0.08, -0.95
Gyro: -2.03, -0.02, -1.46
Accel: 0.12, 0.09, -0.95
Gyro: -2.31, -0.53, -1.30
Accel: 0.13, 0.08, -0.96
Gyro: -2.37, -1.01, -1.11
Accel: 0.13, 0.09, -0.96
Gyro: -2.08, -1.21, -1.62
Accel: 0.13, 0.09, -0.96
Gyro: -1.86, -0.81, -1.62
Accel: 0.13, 0.09, -0.95
Gyro: -1.91, -0.81, -0.99
Accel: 0.13, 0.09, -0.97
Gyro: -2.22, -0.87, -0.61
Accel: 0.12, 0.08, -0.96
Gyro: -2.37, -1.23, -0.87
Accel: 0.13, 0.08, -0.96
Gyro: -2.21, -0.98, -1.47
Accel: 0.12, 0.09, -0.96
Gyro: -2.29, -0.59, -2.01
Accel: 0.12, 0.09, -0.96
Gyro: -2.32, -0.40, -1.63
Accel: 0.14, 0.09, -0.96
Gyro: -2.05, -0.80, -1.37
Accel: 0.12, 0.09, -0.95
Gyro: -2.10, -0.77, -1.07
Accel: 0.13, 0.09, -0.96
Gyro: -1.99, -0.45, -1.09
Accel: 0.12, 0.09, -0.96
Gyro: -2.12, -0.57, -1.22
Accel: 0.13, 0.08, -0.96
Gyro: -2.24, -0.14, -1.05
Accel: 0.12, 0.09, -0.96
Gyro: -1.99, -0.50, -1.50
Accel: 0.13, 0.09, -0.96
Gyro: -1.96, -0.56, -1.37
Accel: 0.13, 0.09, -0.95
Gyro: -1.85, -0.79, -1.09
Accel: 0.13, 0.09, -0.96
Gyro: -1.91, -0.86, -0.80
Accel: 0.13, 0.09, -0.96
Gyro: -1.92, -0.90, -0.85
Accel: 0.13, 0.08, -0.95
Gyro: -2.40, -0.69, -1.23
Accel: 0.12, 0.09, -0.97
Gyro: -2.19, -0.68, -1.45
Accel: 0.13, 0.10, -0.96
Gyro: -1.65, -0.62, -1.58
Accel: 0.13, 0.09, -0.96
Gyro: -1.43, -0.83, -1.04
Accel: 0.13, 0.09, -0.95
Gyro: -2.31, -1.34, -0.98
Accel: 0.12, 0.09, -0.97
Gyro: -2.27, -1.36, -0.92
Accel: 0.12, 0.08, -0.97
Gyro: -2.11, -0.76, -1.66
Accel: 0.12, 0.09, -0.97
Gyro: -2.13, -0.52, -1.88
Accel: 0.12, 0.10, -0.96
Gyro: -1.99, -0.32, -1.28
Accel: 0.13, 0.09, -0.96
Gyro: -2.18, -0.27, -0.81
Accel: 0.12, 0.08, -0.96
Gyro: -1.97, -0.84, -0.75
Accel: 0.13, 0.08, -0.97
Gyro: -2.23, -0.49, -1.57
Accel: 0.12, 0.09, -0.97
Gyro: -2.27, 0.06, -1.57
Accel: 0.13, 0.09, -0.95
Gyro: -2.01, -0.18, -1.29
Accel: 0.14, 0.09, -0.95
Gyro: -2.40, -0.66, -1.28
Accel: 0.13, 0.09, -0.96
Gyro: -2.01, -1.05, -0.92
Accel: 0.13, 0.09, -0.95
Gyro: -2.09, -1.30, -1.27
Accel: 0.13, 0.09, -0.96
Gyro: -1.79, -1.22, -1.34
Accel: 0.12, 0.09, -0.96
Gyro: -2.04, -0.86, -0.85
Accel: 0.13, 0.09, -0.95
Gyro: -2.24, -0.61, -0.40
Accel: 0.12, 0.08, -0.97
Gyro: -2.35, -0.87, -0.84
Accel: 0.13, 0.08, -0.96
Gyro: -2.14, -1.11, -1.68
Accel: 0.12, 0.09, -0.96
Gyro: -2.04, -0.60, -2.00
Accel: 0.13, 0.09, -0.96
Gyro: -2.17, -0.54, -1.53
Accel: 0.13, 0.09, -0.96
Gyro: -2.11, -0.40, -0.94
Accel: 0.13, 0.09, -0.96
Gyro: -2.11, -0.29, -0.90
Accel: 0.13, 0.09, -0.95
Gyro: -2.00, -0.72, -1.06
Accel: 0.13, 0.09, -0.95
Gyro: -1.80, -0.70, -1.23
Accel: 0.13, 0.09, -0.95
Gyro: -1.99, -0.28, -1.21
Accel: 0.13, 0.09, -0.96
Gyro: -1.94, -0.59, -0.88
Accel: 0.13, 0.09, -0.96
Gyro: -1.89, -0.68, -1.16
Accel: 0.13, 0.10, -0.97
Gyro: -1.90, -1.01, -1.22
Accel: 0.13, 0.09, -0.95
Gyro: -1.92, -0.66, -1.11
Accel: 0.12, 0.08, -0.95
Gyro: -1.85, -0.71, -0.98
Accel: 0.13, 0.09, -0.95
Gyro: -2.04, -0.76, -0.85
Accel: 0.13, 0.08, -0.96
Gyro: -2.22, -0.35, -1.08
Accel: 0.13, 0.09, -0.96
Gyro: -2.21, -0.80, -1.43
Accel: 0.12, 0.10, -0.96
Gyro: -2.10, -0.75, -1.43
Accel: 0.13, 0.09, -0.95
Gyro: -1.40, -0.78, -1.08
Accel: 0.13, 0.09, -0.94
Gyro: -1.88, -1.59, -1.19
Accel: 0.12, 0.08, -0.96
Gyro: -2.12, -1.40, -0.90
Accel: 0.12, 0.08, -0.96
Gyro: -1.98, -0.70, -1.01
Accel: 0.12, 0.08, -0.97
Gyro: -1.95, -0.27, -1.63
Accel: 0.13, 0.09, -0.96
Gyro: -2.08, -0.05, -1.46
Accel: 0.13, 0.09, -0.96
Gyro: -2.26, -0.24, -1.07
Accel: 0.13, 0.08, -0.96
Gyro: -2.14, -0.20, -1.03
Accel: 0.12, 0.08, -0.96
Gyro: -2.01, -0.69, -1.26
Accel: 0.13, 0.09, -0.96
Gyro: -2.46, -0.78, -1.83
Accel: 0.13, 0.09, -0.96
Gyro: -1.76, -0.40, -1.20
Accel: 0.13, 0.09, -0.95
Gyro: -2.22, -0.42, -1.40
Accel: 0.13, 0.09, -0.97
Gyro: -2.04, -1.13, -0.88
Accel: 0.13, 0.09, -0.95
Gyro: -1.95, -1.28, -1.24
Accel: 0.12, 0.09, -0.96
Gyro: -1.70, -1.24, -1.28
Accel: 0.13, 0.08, -0.96
Gyro: -1.82, -1.01, -1.14
Accel: 0.13, 0.09, -0.96
Gyro: -1.91, -0.85, -0.61
Accel: 0.12, 0.08, -0.96
Gyro: -2.27, -0.92, -0.48
Accel: 0.12, 0.08, -0.95
Gyro: -2.36, -0.74, -1.22
Accel: 0.12, 0.08, -0.96
Gyro: -2.25, -0.72, -1.79
Accel: 0.12, 0.09, -0.96
Gyro: -2.37, -0.51, -1.64
Accel: 0.12, 0.09, -0.96
Gyro: -2.26, -0.48, -1.40
Accel: 0.13, 0.09, -0.96
Gyro: -2.44, -0.16, -1.19
Accel: 0.13, 0.09, -0.95
Gyro: -2.24, -0.22, -1.05
Accel: 0.13, 0.09, -0.96
Gyro: -2.08, -0.53, -1.12
Accel: 0.12, 0.09, -0.95
Gyro: -1.98, -0.56, -1.30
Accel: 0.12, 0.09, -0.96
Gyro: -1.82, -0.60, -1.17
Accel: 0.13, 0.09, -0.95
Gyro: -1.83, -0.78, -1.01
Accel: 0.13, 0.09, -0.96
Gyro: -1.84, -0.98, -1.04
Accel: 0.13, 0.09, -0.96
Gyro: -1.78, -0.93, -1.02
Accel: 0.12, 0.09, -0.96
Gyro: -2.14, -0.55, -1.42
Accel: 0.12, 0.09, -0.96
Gyro: -1.87, -0.72, -1.47
Accel: 0.13, 0.09, -0.96
Gyro: -1.87, -0.60, -1.24
Accel: 0.12, 0.09, -0.96
Gyro: -1.27, -0.80, -0.89
Accel: 0.12, 0.08, -0.96
Gyro: -1.93, -1.08, -1.01
Accel: 0.13, 0.09, -0.95
Gyro: -2.14, -1.21, -1.03
Accel: 0.12, 0.09, -0.96
Gyro: -2.07, -0.95, -1.31
Accel: 0.12, 0.09, -0.96
Gyro: -2.01, -0.63, -1.50
Accel: 0.12, 0.09, -0.97
Gyro: -1.88, -0.19, -1.25
