Accel: 0.14, 0.07, -0.95
Gyro: -2.14, -0.67, -1.10
Accel: 0.14, 0.08, -0.96
Gyro: -2.20, -0.79, -1.26
Accel: 0.13, 0.08, -0.96
Gyro: -2.04, -0.89, -1.43
Accel: 0.13, 0.08, -0.95
Gyro: -2.14, -0.82, -1.26
Accel: 0.13, 0.08, -0.96
Gyro: -2.19, -1.03, -1.11
Accel: 0.14, 0.07, -0.96
Gyro: -2.18, -0.59, -0.95
Accel: 0.14, 0.08, -0.95
Gyro: -2.49, -0.85, -1.46
Accel: 0.14, 0.08, -0.96
Gyro: -2.43, -0.60, -1.72
Accel: 0.13, 0.08, -0.96
Gyro: -1.85, -0.53, -1.51
Accel: 0.14, 0.08, -0.95
Gyro: -2.09, -1.21, -1.39
Accel: 0.13, 0.09, -0.96
Gyro: -2.33, -1.41, -1.27
Accel: 0.13, 0.08, -0.96
Gyro: -2.05, -0.86, -1.21
Accel: 0.13, 0.08, -0.97
Gyro: -1.94, -0.42, -1.23
Accel: 0.13, 0.08, -0.97
Gyro: -1.94, -0.30, -1.34
Accel: 0.13, 0.08, -0.96
Gyro: -1.95, -0.61, -0.96
Accel: 0.13, 0.08, -0.96
Gyro: -2.21, -0.41, -1.16
Accel: 0.14, 0.08, -0.96
Gyro: -1.98, -0.67, -1.24
Accel: 0.14, 0.08, -0.96
Gyro: -2.54, -0.27, -1.82
Accel: 0.14, 0.10, -0.95
Gyro: -1.85, -0.24, -1.55
Accel: 0.14, 0.08, -0.95
Gyro: -2.26, -0.08, -1.57
Accel: 0.14, 0.08, -0.95
Gyro: -2.34, -0.84, -1.16
Accel: 0.14, 0.08, -0.96
Gyro: -2.14, -1.11, -1.24
Accel: 0.14, 0.08, -0.96
Gyro: -1.78, -1.18, -1.34
Accel: 0.13, 0.09, -0.96
Gyro: -1.55, -1.17, -1.21
Accel: 0.14, 0.08, -0.96
Gyro: -1.99, -1.15, -0.89
Accel: 0.13, 0.07, -0.95
Gyro: -2.20, -0.92, -0.73
Accel: 0.13, 0.08, -0.96
Gyro: -2.18, -1.43, -0.94
Accel: 0.13, 0.08, -0.95
Gyro: -2.14, -1.19, -1.75
Accel: 0.13, 0.08, -0.97
Gyro: -2.09, -0.58, -1.75
Accel: 0.13, 0.09, -0.96
Gyro: -2.23, -0.32, -1.70
Accel: 0.14, 0.08, -0.96
Gyro: -2.03, -0.37, -1.11
Accel: 0.14, 0.08, -0.96
Gyro: -2.15, -0.40, -1.20
Accel: 0.14, 0.08, -0.96
Gyro: -2.12, -0.31, -1.23
Accel: 0.14, 0.09, -0.95
Gyro: -1.98, -0.33, -1.27
Accel: 0.14, 0.09, -0.95
Gyro: -1.95, -0.60, -1.13
Accel: 0.14, 0.08, -0.95
Gyro: -2.06, -0.91, -0.97
Accel: 0.13, 0.08, -0.96
Gyro: -1.83, -0.81, -0.82
Accel: 0.14, 0.09, -0.96
Gyro: -2.24, -1.01, -1.15
Accel: 0.14, 0.08, -0.95
Gyro: -2.13, -0.72, -1.34
Accel: 0.13, 0.09, -0.95
Gyro: -1.50, -0.33, -1.29
Accel: 0.14, 0.08, -0.95
Gyro: -1.59, -0.74, -1.13
Accel: 0.13, 0.08, -0.96
Gyro: -2.17, -1.19, -0.98
Accel: 0.13, 0.08, -0.96
Gyro: -2.42, -0.89, -0.76
Accel: 0.13, 0.08, -0.96
Gyro: -2.36, -0.77, -1.30
Accel: 0.13, 0.08, -0.96
Gyro: -2.43, -0.23, -1.71
Accel: 0.13, 0.09, -0.96
Gyro: -2.40, -0.40, -1.78
Accel: 0.13, 0.08, -0.95
Gyro: -2.27, -0.40, -1.45
Accel: 0.13, 0.09, -0.95
Gyro: -2.25, -0.58, -1.26
Accel: 0.14, 0.08, -0.96
Gyro: -2.72, -0.34, -1.46
Accel: 0.14, 0.09, -0.96
Gyro: -2.08, 0.06, -1.30
Accel: 0.14, 0.08, -0.95
Gyro: -2.31, -0.15, -1.75
Accel: 0.14, 0.08, -0.94
Gyro: -2.72, -0.43, -1.56
Accel: 0.14, 0.09, -0.96
Gyro: -2.69, -0.65, -1.73
Accel: 0.13, 0.08, -0.95
Gyro: -2.49, -0.92, -1.88
Accel: 0.13, 0.09, -0.95
Gyro: -2.27, -1.00, -1.81
Accel: 0.13, 0.09, -0.96
Gyro: -2.48, -0.72, -1.40
Accel: 0.13, 0.08, -0.95
Gyro: -2.64, -0.63, -0.98
Accel: 0.14, 0.08, -0.96
Gyro: -2.66, -0.92, -1.19
Accel: 0.14, 0.08, -0.96
Gyro: -2.42, -1.46, -1.64
Accel: 0.14, 0.09, -0.95
Gyro: -2.41, -0.92, -1.95
Accel: 0.13, 0.08, -0.96
Gyro: -2.39, -0.51, -1.72
Accel: 0.13, 0.09, -0.96
Gyro: -2.26, -0.54, -1.43
Accel: 0.13, 0.09, -0.96
Gyro: -2.11, -0.47, -1.20
Accel: 0.14, 0.08, -0.96
Gyro: -2.04, -0.77, -1.04
Accel: 0.13, 0.09, -0.95
Gyro: -2.00, -0.75, -0.98
Accel: 0.13, 0.08, -0.97
Gyro: -2.10, -0.59, -1.01
Accel: 0.14, 0.09, -0.96
Gyro: -2.14, -0.17, -1.15
Accel: 0.14, 0.09, -0.96
Gyro: -2.11, -0.36, -1.27
Accel: 0.14, 0.08, -0.96
Gyro: -2.04, -0.53, -1.28
Accel: 0.14, 0.09, -0.95
Gyro: -2.09, -1.14, -1.10
Accel: 0.14, 0.09, -0.95
Gyro: -2.08, -1.08, -0.89
Accel: 0.14, 0.08, -0.95
Gyro: -2.43, -0.81, -1.32
Accel: 0.14, 0.08, -0.96
Gyro: -1.95, -0.69, -1.17
Accel: 0.13, 0.09, -0.95
Gyro: -1.76, -0.74, -1.31
Accel: 0.13, 0.09, -0.94
Gyro: -1.31, -1.00, -0.91
Accel: 0.13, 0.08, -0.96
Gyro: -2.22, -1.39, -0.92
Accel: 0.13, 0.09, -0.97
Gyro: -2.17, -1.37, -0.88
Accel: 0.13, 0.08, -0.96
Gyro: -1.87, -0.82, -1.57
Accel: 0.13, 0.09, -0.96
Gyro: -2.00, -0.47, -1.82
Accel: 0.13, 0.09, -0.95
Gyro: -2.14, -0.39, -1.33
Accel: 0.14, 0.09, -0.96
Gyro: -2.40, -0.24, -0.85
Accel: 0.14, 0.08, -0.95
Gyro: -2.19, -0.50, -1.01
Accel: 0.13, 0.08, -0.96
Gyro: -2.04, -0.63, -1.46
Accel: 0.13, 0.10, -0.97
Gyro: -2.20, -0.23, -1.80
Accel: 0.14, 0.08, -0.95
Gyro: -1.75, 0.11, -1.17
Accel: 0.14, 0.09, -0.95
Gyro: -2.33, -0.47, -1.01
Accel: 0.14, 0.09, -0.95
Gyro: -2.06, -0.91, -0.81
Accel: 0.14, 0.08, -0.95
Gyro: -1.80, -1.14, -1.28
Accel: 0.13, 0.08, -0.96
Gyro: -1.34, -1.47, -1.52
Accel: 0.14, 0.09, -0.95
Gyro: -1.66, -1.00, -1.11
Accel: 0.13, 0.08, -0.96
Gyro: -2.12, -0.59, -0.56
Accel: 0.14, 0.08, -0.95
Gyro: -2.19, -1.08, -0.52
Accel: 0.13, 0.09, -0.96
Gyro: -2.11, -1.14, -1.51
Accel: 0.14, 0.09, -0.96
Gyro: -1.98, -0.89, -2.13
Accel: 0.14, 0.10, -0.95
Gyro: -1.73, -0.72, -1.69
Accel: 0.13, 0.09, -0.95
Gyro: -1.62, -0.89, -1.05
Accel: 0.13, 0.09, -0.96
Gyro: -1.43, -0.35, -0.62
Accel: 0.14, 0.08, -0.95
Gyro: -1.27, -0.74, -0.60
Accel: 0.14, 0.08, -0.96
Gyro: -1.31, -0.98, -0.96
Accel: 0.14, 0.08, -0.96
Gyro: -1.44, -0.88, -1.01
Accel: 0.14, 0.08, -0.97
Gyro: -1.59, -0.73, -0.89
