Accel: 0.13, 0.07, -0.95
Gyro: -2.45, -0.64, -1.20
Accel: 0.14, 0.07, -0.96
Gyro: -2.09, -0.87, -1.38
Accel: 0.14, 0.08, -0.96
Gyro: -2.00, -0.85, -1.61
Accel: 0.14, 0.08, -0.95
Gyro: -1.41, -0.95, -1.11
Accel: 0.14, 0.07, -0.95
Gyro: -2.11, -1.04, -0.94
Accel: 0.13, 0.08, -0.95
Gyro: -2.19, -1.11, -0.88
Accel: 0.13, 0.07, -0.95
Gyro: -1.79, -0.63, -1.30
Accel: 0.13, 0.07, -0.96
Gyro: -1.77, -0.32, -1.82
Accel: 0.14, 0.08, -0.95
Gyro: -1.82, -0.40, -1.22
Accel: 0.14, 0.07, -0.95
Gyro: -1.87, -0.31, -0.52
Accel: 0.14, 0.07, -0.95
Gyro: -1.90, -0.63, -0.66
Accel: 0.14, 0.07, -0.95
Gyro: -1.67, -1.04, -1.25
Accel: 0.14, 0.07, -0.97
Gyro: -2.10, -0.56, -1.79
Accel: 0.13, 0.07, -0.96
Gyro: -1.56, -0.01, -1.21
Accel: 0.14, 0.07, -0.95
Gyro: -2.24, -0.42, -1.09
Accel: 0.14, 0.07, -0.96
Gyro: -1.83, -0.97, -0.64
Accel: 0.14, 0.08, -0.95
Gyro: -1.72, -1.36, -1.05
Accel: 0.13, 0.08, -0.96
Gyro: -1.69, -1.40, -1.40
Accel: 0.14, 0.07, -0.96
Gyro: -1.72, -1.23, -1.11
Accel: 0.13, 0.07, -0.97
Gyro: -2.04, -1.02, -0.63
Accel: 0.14, 0.07, -0.96
Gyro: -2.11, -1.03, -0.59
Accel: 0.13, 0.07, -0.97
Gyro: -2.05, -0.85, -1.04
Accel: 0.14, 0.07, -0.96
Gyro: -2.32, -1.01, -1.70
Accel: 0.13, 0.08, -0.96
Gyro: -2.17, -0.63, -1.82
Accel: 0.13, 0.07, -0.95
Gyro: -2.25, -0.47, -1.50
Accel: 0.14, 0.07, -0.96
Gyro: -2.27, -0.39, -1.21
Accel: 0.14, 0.07, -0.96
Gyro: -2.31, -0.37, -1.21
Accel: 0.13, 0.07, -0.95
Gyro: -2.04, -0.46, -1.17
Accel: 0.13, 0.08, -0.95
Gyro: -2.14, -0.40, -1.34
Accel: 0.14, 0.08, -0.96
Gyro: -2.00, -0.60, -1.36
Accel: 0.14, 0.08, -0.96
Gyro: -1.97, -0.58, -1.51
Accel: 0.14, 0.07, -0.96
Gyro: -2.08, -0.88, -1.37
Accel: 0.14, 0.07, -0.95
Gyro: -2.02, -1.02, -1.17
Accel: 0.14, 0.07, -0.95
Gyro: -2.04, -1.23, -1.23
Accel: 0.13, 0.07, -0.97
Gyro: -2.04, -1.08, -0.89
Accel: 0.14, 0.07, -0.96
Gyro: -2.40, -0.38, -1.32
Accel: 0.13, 0.07, -0.96
Gyro: -2.43, -0.70, -1.64
Accel: 0.14, 0.08, -0.96
Gyro: -2.14, -0.86, -1.61
Accel: 0.14, 0.07, -0.95
Gyro: -1.64, -1.05, -1.31
Accel: 0.13, 0.07, -0.96
Gyro: -2.24, -1.43, -1.31
Accel: 0.13, 0.07, -0.97
Gyro: -2.35, -1.44, -1.09
Accel: 0.12, 0.07, -0.96
Gyro: -1.90, -0.72, -1.35
Accel: 0.13, 0.07, -0.96
Gyro: -1.98, -0.23, -1.66
Accel: 0.13, 0.07, -0.95
Gyro: -2.02, 0.14, -1.40
Accel: 0.14, 0.07, -0.96
Gyro: -1.91, -0.05, -1.04
Accel: 0.13, 0.08, -0.96
Gyro: -2.17, -0.31, -1.21
Accel: 0.13, 0.06, -0.95
Gyro: -2.11, -0.50, -1.31
Accel: 0.14, 0.08, -0.96
Gyro: -2.77, -0.38, -1.92
Accel: 0.13, 0.07, -0.95
Gyro: -2.16, 0.33, -1.63
Accel: 0.14, 0.07, -0.95
Gyro: -2.67, 0.11, -1.57
Accel: 0.14, 0.07, -0.96
Gyro: -2.50, -0.66, -1.60
Accel: 0.15, 0.08, -0.96
Gyro: -2.31, -0.79, -1.83
Accel: 0.13, 0.07, -0.95
Gyro: -2.11, -0.91, -1.82
Accel: 0.13, 0.08, -0.96
Gyro: -1.98, -0.84, -1.40
Accel: 0.14, 0.08, -0.96
Gyro: -2.40, -0.76, -0.82
Accel: 0.14, 0.07, -0.96
Gyro: -2.59, -0.79, -0.74
Accel: 0.13, 0.07, -0.96
Gyro: -2.43, -1.37, -1.43
Accel: 0.13, 0.08, -0.97
Gyro: -2.30, -1.05, -1.92
Accel: 0.13, 0.08, -0.96
Gyro: -2.21, -0.69, -1.98
Accel: 0.14, 0.09, -0.96
Gyro: -2.27, -0.56, -1.46
Accel: 0.14, 0.08, -0.96
Gyro: -2.37, -0.30, -0.97
Accel: 0.14, 0.08, -0.96
Gyro: -2.54, 0.08, -1.02
Accel: 0.14, 0.08, -0.96
Gyro: -2.14, -0.21, -1.30
Accel: 0.14, 0.08, -0.96
Gyro: -1.95, -0.40, -1.19
Accel: 0.14, 0.08, -0.96
Gyro: -2.01, -0.31, -1.14
Accel: 0.14, 0.07, -0.95
Gyro: -2.16, -0.72, -0.86
Accel: 0.14, 0.07, -0.97
Gyro: -1.95, -0.63, -0.88
Accel: 0.13, 0.08, -0.96
Gyro: -2.30, -0.91, -1.50
Accel: 0.13, 0.08, -0.96
Gyro: -2.17, -0.65, -1.42
Accel: 0.14, 0.08, -0.95
Gyro: -1.25, -0.51, -1.35
Accel: 0.14, 0.07, -0.95
Gyro: -1.46, -0.89, -0.95
Accel: 0.13, 0.08, -0.95
Gyro: -1.87, -1.35, -0.60
Accel: 0.14, 0.08, -0.96
Gyro: -2.04, -0.97, -0.57
Accel: 0.14, 0.08, -0.96
Gyro: -1.79, -0.51, -0.89
Accel: 0.13, 0.07, -0.95
Gyro: -1.77, -0.49, -1.38
Accel: 0.13, 0.08, -0.96
Gyro: -1.88, -0.32, -1.09
Accel: 0.14, 0.08, -0.96
Gyro: -2.04, -0.45, -0.77
Accel: 0.14, 0.07, -0.96
Gyro: -1.82, -0.87, -0.72
Accel: 0.13, 0.07, -0.96
Gyro: -1.99, -0.31, -1.21
Accel: 0.14, 0.08, -0.96
Gyro: -1.45, -0.23, -0.95
Accel: 0.14, 0.07, -0.95
Gyro: -1.88, -0.24, -1.02
Accel: 0.14, 0.08, -0.95
Gyro: -2.38, -0.49, -0.91
Accel: 0.14, 0.06, -0.95
Gyro: -2.23, -0.79, -0.89
Accel: 0.14, 0.07, -0.96
Gyro: -1.97, -1.01, -1.54
Accel: 0.13, 0.08, -0.95
Gyro: -1.87, -0.79, -1.46
Accel: 0.14, 0.07, -0.95
Gyro: -2.11, -0.85, -1.05
Accel: 0.13, 0.08, -0.96
Gyro: -2.33, -0.69, -0.98
Accel: 0.14, 0.06, -0.96
Gyro: -2.22, -0.85, -0.94
Accel: 0.13, 0.07, -0.96
Gyro: -2.48, -1.06, -1.54
Accel: 0.14, 0.07, -0.95
Gyro: -2.35, -0.70, -1.66
Accel: 0.13, 0.08, -0.96
Gyro: -2.35, -0.38, -1.83
Accel: 0.14, 0.08, -0.96
Gyro: -2.35, -0.33, -1.52
Accel: 0.14, 0.07, -0.96
Gyro: -2.50, -0.16, -1.34
Accel: 0.14, 0.07, -0.96
Gyro: -2.53, -0.42, -1.43
Accel: 0.14, 0.07, -0.96
Gyro: -2.42, -0.39, -1.45
Accel: 0.13, 0.08, -0.96
Gyro: -2.35, -0.39, -1.55
Accel: 0.14, 0.08, -0.95
Gyro: -2.15, -0.40, -1.47
Accel: 0.14, 0.08, -0.94
Gyro: -2.08, -0.70, -1.36
Accel: 0.14, 0.08, -0.96
Gyro: -2.08, -0.78, -1.00
Accel: 0.14, 0.07, -0.96
Gyro: -2.07, -0.77, -1.13
Accel: 0.14, 0.07, -0.96
Gyro: -2.27, -0.56, -1.17
