Accel: 0.14, 0.08, -0.96
Gyro: -1.62, -0.59, -0.99
Accel: 0.13, 0.08, -0.96
Gyro: -1.58, -1.19, -0.84
Accel: 0.13, 0.08, -0.96
Gyro: -1.51, -1.21, -1.26
Accel: 0.13, 0.08, -0.96
Gyro: -1.89, -1.20, -1.01
Accel: 0.13, 0.08, -0.96
Gyro: -1.76, -0.66, -1.04
Accel: 0.13, 0.08, -0.96
Gyro: -1.91, -0.44, -1.02
Accel: 0.13, 0.08, -0.97
Gyro: -1.69, -0.69, -1.14
Accel: 0.13, 0.09, -0.96
Gyro: -1.43, -0.72, -1.18
Accel: 0.14, 0.08, -0.95
Gyro: -0.92, -0.92, -0.79
Accel: 0.13, 0.08, -0.95
Gyro: -1.78, -1.42, -0.86
Accel: 0.12, 0.08, -0.96
Gyro: -1.96, -1.40, -0.69
Accel: 0.12, 0.08, -0.96
Gyro: -1.63, -0.89, -1.01
Accel: 0.13, 0.08, -0.96
Gyro: -2.01, -0.50, -1.57
Accel: 0.13, 0.08, -0.96
Gyro: -2.01, -0.52, -1.56
Accel: 0.14, 0.08, -0.97
Gyro: -2.18, -0.43, -1.05
Accel: 0.14, 0.08, -0.96
Gyro: -2.30, -0.63, -1.10
Accel: 0.13, 0.07, -0.96
Gyro: -2.04, -0.63, -1.46
Accel: 0.14, 0.08, -0.96
Gyro: -2.49, -0.75, -1.85
Accel: 0.13, 0.08, -0.95
Gyro: -1.80, 0.15, -1.30
Accel: 0.14, 0.08, -0.95
Gyro: -2.39, -0.52, -1.37
Accel: 0.14, 0.08, -0.96
Gyro: -1.98, -1.10, -0.93
Accel: 0.13, 0.08, -0.96
Gyro: -1.81, -0.89, -1.11
Accel: 0.13, 0.08, -0.95
Gyro: -1.50, -0.98, -1.23
Accel: 0.13, 0.09, -0.96
Gyro: -1.50, -1.08, -0.85
Accel: 0.13, 0.08, -0.96
Gyro: -1.91, -0.99, -0.74
Accel: 0.13, 0.07, -0.96
Gyro: -1.97, -0.78, -0.57
Accel: 0.13, 0.07, -0.96
Gyro: -2.27, -1.21, -1.05
Accel: 0.13, 0.07, -0.96
Gyro: -2.01, -1.05, -1.59
Accel: 0.13, 0.08, -0.96
Gyro: -2.17, -0.79, -1.78
Accel: 0.13, 0.08, -0.96
Gyro: -2.17, -0.59, -1.59
Accel: 0.13, 0.08, -0.95
Gyro: -2.16, -0.40, -1.27
Accel: 0.13, 0.08, -0.95
Gyro: -2.24, -0.63, -1.26
Accel: 0.13, 0.08, -0.96
Gyro: -2.18, -0.42, -1.28
Accel: 0.13, 0.09, -0.95
Gyro: -2.19, -0.80, -1.28
Accel: 0.13, 0.09, -0.95
Gyro: -2.04, -1.16, -1.06
Accel: 0.13, 0.09, -0.96
Gyro: -2.04, -0.95, -1.04
Accel: 0.13, 0.08, -0.96
Gyro: -1.98, -0.59, -0.89
Accel: 0.13, 0.07, -0.95
Gyro: -2.09, -0.33, -1.23
Accel: 0.13, 0.08, -0.97
Gyro: -2.21, -0.62, -1.31
Accel: 0.13, 0.08, -0.96
Gyro: -2.05, -0.38, -1.81
Accel: 0.13, 0.08, -0.96
Gyro: -1.62, -0.48, -1.46
Accel: 0.13, 0.08, -0.96
Gyro: -1.94, -1.33, -1.11
Accel: 0.13, 0.09, -0.96
Gyro: -2.11, -1.06, -1.01
Accel: 0.13, 0.08, -0.96
Gyro: -2.03, -0.70, -0.85
Accel: 0.12, 0.08, -0.96
Gyro: -2.15, -0.44, -1.28
Accel: 0.13, 0.08, -0.97
Gyro: -2.15, -0.49, -1.34
Accel: 0.13, 0.08, -0.95
Gyro: -2.12, -0.50, -1.19
Accel: 0.13, 0.08, -0.96
Gyro: -2.08, -0.47, -1.21
Accel: 0.13, 0.08, -0.95
Gyro: -2.08, -0.86, -1.24
Accel: 0.14, 0.08, -0.96
Gyro: -2.33, -0.63, -1.52
Accel: 0.14, 0.08, -0.96
Gyro: -1.72, -0.01, -0.97
Accel: 0.13, 0.09, -0.96
Gyro: -2.46, -0.26, -1.15
Accel: 0.14, 0.08, -0.96
Gyro: -2.19, -0.56, -1.09
Accel: 0.13, 0.08, -0.96
Gyro: -2.13, -0.51, -1.34
Accel: 0.13, 0.08, -0.97
Gyro: -2.04, -0.82, -1.40
Accel: 0.12, 0.08, -0.96
Gyro: -1.92, -0.76, -1.22
Accel: 0.13, 0.08, -0.96
Gyro: -2.17, -0.60, -0.85
Accel: 0.13, 0.08, -0.95
Gyro: -2.44, -0.88, -0.79
Accel: 0.13, 0.07, -0.95
Gyro: -2.55, -1.00, -1.24
Accel: 0.13, 0.08, -0.97
Gyro: -2.40, -0.80, -1.66
Accel: 0.13, 0.08, -0.96
Gyro: -2.65, -0.54, -1.85
Accel: 0.13, 0.08, -0.96
Gyro: -2.56, -0.38, -1.61
Accel: 0.13, 0.09, -0.96
Gyro: -2.55, -0.45, -1.51
Accel: 0.13, 0.08, -0.96
Gyro: -2.39, -0.11, -1.42
Accel: 0.14, 0.08, -0.95
Gyro: -2.47, -0.34, -1.32
Accel: 0.14, 0.08, -0.95
Gyro: -2.49, -0.39, -1.20
Accel: 0.13, 0.08, -0.95
Gyro: -2.33, -0.52, -1.39
Accel: 0.13, 0.08, -0.96
Gyro: -2.32, -0.67, -1.37
Accel: 0.13, 0.09, -0.97
Gyro: -2.44, -0.60, -1.25
Accel: 0.13, 0.08, -0.96
Gyro: -2.63, -0.35, -1.46
Accel: 0.13, 0.08, -0.96
Gyro: -2.56, -0.78, -1.53
Accel: 0.13, 0.09, -0.97
Gyro: -2.36, -0.56, -1.67
Accel: 0.14, 0.10, -0.95
Gyro: -1.50, -0.41, -1.17
Accel: 0.13, 0.08, -0.96
Gyro: -2.07, -1.08, -1.03
Accel: 0.14, 0.09, -0.96
Gyro: -2.30, -1.52, -0.98
Accel: 0.12, 0.08, -0.96
Gyro: -2.03, -1.05, -1.17
Accel: 0.13, 0.09, -0.96
Gyro: -2.25, -0.71, -1.71
Accel: 0.13, 0.09, -0.97
Gyro: -2.04, -0.56, -1.49
Accel: 0.13, 0.09, -0.96
Gyro: -2.17, -0.49, -0.94
Accel: 0.14, 0.08, -0.96
Gyro: -2.29, -0.39, -0.71
Accel: 0.14, 0.08, -0.96
Gyro: -2.20, -0.95, -0.97
Accel: 0.14, 0.08, -0.96
Gyro: -2.32, -0.88, -1.59
Accel: 0.13, 0.09, -0.96
Gyro: -1.66, -0.17, -1.27
Accel: 0.13, 0.08, -0.95
Gyro: -2.21, -0.34, -1.56
Accel: 0.14, 0.09, -0.96
Gyro: -2.20, -0.99, -1.14
Accel: 0.14, 0.08, -0.95
Gyro: -1.95, -1.13, -1.10
Accel: 0.13, 0.08, -0.96
Gyro: -1.87, -1.22, -1.25
Accel: 0.13, 0.09, -0.96
Gyro: -1.50, -0.79, -1.13
Accel: 0.13, 0.08, -0.97
Gyro: -1.88, -0.50, -0.83
Accel: 0.13, 0.08, -0.95
Gyro: -2.30, -0.79, -0.78
Accel: 0.13, 0.08, -0.96
Gyro: -2.42, -1.36, -1.35
Accel: 0.13, 0.08, -0.96
Gyro: -2.35, -1.20, -1.87
Accel: 0.12, 0.08, -0.97
Gyro: -2.30, -0.63, -1.78
Accel: 0.13, 0.09, -0.96
Gyro: -2.40, -0.62, -1.49
Accel: 0.13, 0.08, -0.95
Gyro: -2.37, -0.48, -1.25
Accel: 0.13, 0.09, -0.96
Gyro: -2.21, -0.41, -1.11
Accel: 0.13, 0.08, -0.96
Gyro: -2.16, -0.31, -1.24
Accel: 0.14, 0.09, -0.96
Gyro: -2.04, -0.63, -1.27
Accel: 0.13, 0.09, -0.96
Gyro: -1.98, -0.30, -1.32
Accel: 0.13, 0.09, -0.96
Gyro: -1.91, -0.54, -1.21
Accel: 0.14, 0.08, -0.96
Gyro: -1.91, -0.27, -1.24
