Accel: 0.14, 0.06, -0.96
Gyro: -2.40, -0.54, -1.61
Accel: 0.15, 0.07, -0.95
Gyro: -1.75, -0.24, -1.56
Accel: 0.15, 0.05, -0.96
Gyro: -2.07, -0.12, -1.29
Accel: 0.14, 0.06, -0.96
Gyro: -2.48, -0.37, -1.18
Accel: 0.15, 0.06, -0.96
Gyro: -2.42, -0.73, -1.57
Accel: 0.14, 0.05, -0.95
Gyro: -2.05, -1.37, -1.71
Accel: 0.14, 0.06, -0.96
Gyro: -2.11, -1.35, -1.71
Accel: 0.14, 0.06, -0.96
Gyro: -2.20, -1.11, -1.23
Accel: 0.13, 0.05, -0.96
Gyro: -2.35, -0.96, -0.74
Accel: 0.14, 0.06, -0.96
Gyro: -2.30, -0.94, -0.62
Accel: 0.14, 0.05, -0.96
Gyro: -2.41, -1.16, -1.34
Accel: 0.13, 0.06, -0.96
Gyro: -2.05, -0.87, -1.77
Accel: 0.13, 0.06, -0.96
Gyro: -2.28, -0.56, -1.64
Accel: 0.13, 0.06, -0.96
Gyro: -2.11, -0.40, -1.46
Accel: 0.14, 0.06, -0.96
Gyro: -2.17, -0.62, -1.13
Accel: 0.14, 0.06, -0.96
Gyro: -2.08, -0.59, -1.01
Accel: 0.14, 0.06, -0.96
Gyro: -1.82, -0.89, -0.97
Accel: 0.14, 0.06, -0.95
Gyro: -1.91, -0.98, -1.14
Accel: 0.14, 0.06, -0.96
Gyro: -2.06, -0.98, -1.19
Accel: 0.14, 0.06, -0.96
Gyro: -1.99, -0.62, -1.37
Accel: 0.14, 0.06, -0.96
Gyro: -2.01, -0.74, -1.21
Accel: 0.14, 0.06, -0.96
Gyro: -1.77, -0.75, -1.24
Accel: 0.13, 0.06, -0.96
Gyro: -1.95, -0.60, -0.98
Accel: 0.14, 0.06, -0.96
Gyro: -1.92, -0.58, -0.95
Accel: 0.13, 0.05, -0.95
Gyro: -2.28, -0.53, -1.21
Accel: 0.14, 0.06, -0.95
Gyro: -2.22, -0.47, -1.46
Accel: 0.14, 0.07, -0.95
Gyro: -1.33, -0.24, -1.32
Accel: 0.14, 0.05, -0.95
Gyro: -1.79, -0.75, -1.13
Accel: 0.14, 0.06, -0.95
Gyro: -2.20, -1.38, -1.14
Accel: 0.13, 0.06, -0.96
Gyro: -2.10, -1.21, -1.17
Accel: 0.13, 0.05, -0.96
Gyro: -2.01, -0.28, -1.59
Accel: 0.13, 0.06, -0.95
Gyro: -2.06, -0.61, -1.62
Accel: 0.14, 0.06, -0.95
Gyro: -2.01, -0.21, -1.11
Accel: 0.14, 0.06, -0.96
Gyro: -2.24, -0.22, -1.00
Accel: 0.14, 0.06, -0.96
Gyro: -1.89, -0.65, -1.09
Accel: 0.14, 0.05, -0.95
Gyro: -2.12, -0.57, -1.61
Accel: 0.14, 0.06, -0.97
Gyro: -1.65, -0.08, -1.30
Accel: 0.15, 0.05, -0.95
Gyro: -2.19, 0.02, -1.54
Accel: 0.14, 0.06, -0.95
Gyro: -2.39, -0.61, -1.20
Accel: 0.14, 0.06, -0.95
Gyro: -2.00, -1.05, -1.43
Accel: 0.14, 0.06, -0.95
Gyro: -1.72, -1.20, -1.72
Accel: 0.14, 0.06, -0.97
Gyro: -1.51, -1.29, -1.42
Accel: 0.13, 0.06, -0.96
Gyro: -1.84, -0.92, -0.95
Accel: 0.13, 0.04, -0.97
Gyro: -2.01, -0.14, -1.53
Accel: 0.14, 0.04, -0.96
Gyro: -1.85, -0.68, -2.30
Accel: 0.13, 0.05, -0.96
Gyro: -2.14, -0.73, -2.72
Accel: 0.13, 0.06, -0.96
Gyro: -1.95, -0.51, -2.94
Accel: 0.13, 0.06, -0.96
Gyro: -1.99, -0.36, -2.42
Accel: 0.14, 0.07, -0.96
Gyro: -2.02, -0.11, -2.02
Accel: 0.14, 0.06, -0.95
Gyro: -2.08, -0.28, -1.37
Accel: 0.15, 0.06, -0.96
Gyro: -2.29, -0.66, -1.07
Accel: 0.14, 0.06, -0.95
Gyro: -2.25, -0.66, -1.13
Accel: 0.14, 0.06, -0.95
Gyro: -2.11, -0.87, -1.37
Accel: 0.14, 0.06, -0.95
Gyro: -1.98, -0.89, -1.48
Accel: 0.14, 0.06, -0.95
Gyro: -1.92, -0.89, -1.24
Accel: 0.14, 0.06, -0.96
Gyro: -2.01, -0.81, -1.18
Accel: 0.14, 0.06, -0.96
Gyro: -2.02, -0.98, -1.11
Accel: 0.14, 0.05, -0.96
Gyro: -2.13, -0.86, -1.10
Accel: 0.14, 0.05, -0.97
Gyro: -2.15, -0.82, -1.09
Accel: 0.14, 0.06, -0.94
Gyro: -2.40, -0.39, -1.31
Accel: 0.14, 0.06, -0.96
Gyro: -2.25, -0.86, -1.60
Accel: 0.14, 0.06, -0.96
Gyro: -1.91, -1.16, -1.82
Accel: 0.14, 0.06, -0.95
Gyro: -1.37, -1.21, -1.28
Accel: 0.13, 0.05, -0.97
Gyro: -2.45, -1.34, -1.13
Accel: 0.13, 0.06, -0.96
Gyro: -2.37, -1.30, -0.98
Accel: 0.13, 0.04, -0.96
Gyro: -1.96, -1.05, -1.42
Accel: 0.14, 0.06, -0.96
Gyro: -2.08, -0.81, -1.97
Accel: 0.13, 0.06, -0.96
Gyro: -1.91, -0.33, -1.66
Accel: 0.14, 0.06, -0.95
Gyro: -2.13, -0.09, -0.80
Accel: 0.14, 0.05, -0.96
Gyro: -2.13, -0.92, -0.95
Accel: 0.14, 0.05, -0.97
Gyro: -2.17, -0.95, -1.24
Accel: 0.14, 0.06, -0.96
Gyro: -2.02, -0.91, -1.75
Accel: 0.14, 0.06, -0.96
Gyro: -1.73, -0.54, -1.17
Accel: 0.14, 0.05, -0.95
Gyro: -2.30, -0.84, -1.34
Accel: 0.15, 0.06, -0.95
Gyro: -2.08, -1.14, -1.00
Accel: 0.13, 0.05, -0.95
Gyro: -1.88, -1.37, -1.30
Accel: 0.14, 0.06, -0.96
Gyro: -1.65, -1.68, -1.47
Accel: 0.14, 0.06, -0.97
Gyro: -1.59, -1.13, -1.05
Accel: 0.13, 0.05, -0.95
Gyro: -2.09, -1.08, -0.65
Accel: 0.13, 0.05, -0.95
Gyro: -2.04, -0.97, -0.60
Accel: 0.14, 0.05, -0.96
Gyro: -2.24, -1.10, -1.23
Accel: 0.13, 0.06, -0.96
Gyro: -2.09, -1.21, -1.98
Accel: 0.13, 0.06, -0.96
Gyro: -1.82, -0.82, -2.09
Accel: 0.13, 0.06, -0.96
Gyro: -2.05, -0.40, -1.59
Accel: 0.13, 0.06, -0.96
Gyro: -2.11, -0.47, -1.36
Accel: 0.14, 0.06, -0.96
Gyro: -1.93, -0.37, -0.89
Accel: 0.14, 0.06, -0.96
Gyro: -1.76, -0.50, -0.79
Accel: 0.13, 0.05, -0.95
Gyro: -1.88, -0.56, -0.95
Accel: 0.13, 0.05, -0.96
Gyro: -1.88, -0.43, -1.22
Accel: 0.13, 0.06, -0.96
Gyro: -2.14, -0.47, -1.38
Accel: 0.13, 0.06, -0.95
Gyro: -1.97, -0.69, -1.41
Accel: 0.13, 0.06, -0.96
Gyro: -1.81, -0.68, -1.34
Accel: 0.13, 0.06, -0.96
Gyro: -2.01, -0.85, -1.01
Accel: 0.14, 0.05, -0.96
Gyro: -2.07, -0.76, -0.89
Accel: 0.14, 0.05, -0.96
Gyro: -2.36, -0.33, -1.21
Accel: 0.13, 0.05, -0.96
Gyro: -2.26, -0.41, -1.45
Accel: 0.13, 0.07, -0.96
Gyro: -2.10, -0.38, -1.85
Accel: 0.13, 0.05, -0.96
Gyro: -1.55, -0.96, -1.53
Accel: 0.13, 0.06, -0.95
Gyro: -2.37, -1.10, -1.50
Accel: 0.12, 0.06, -0.96
Gyro: -2.37, -1.16, -1.17
Accel: 0.13, 0.05, -0.95
Gyro: -2.14, -0.84, -1.38
