Accel: 0.13, 0.09, -0.96
Gyro: -2.14, -0.58, -0.62
Accel: 0.13, 0.08, -0.96
Gyro: -1.84, -0.84, -0.98
Accel: 0.13, 0.09, -0.96
Gyro: -2.12, -0.76, -1.59
Accel: 0.14, 0.09, -0.95
Gyro: -1.56, -0.01, -1.30
Accel: 0.14, 0.09, -0.95
Gyro: -2.29, -0.28, -1.37
Accel: 0.14, 0.10, -0.95
Gyro: -1.91, -0.56, -0.95
Accel: 0.13, 0.09, -0.96
Gyro: -2.04, -1.14, -1.29
Accel: 0.13, 0.09, -0.96
Gyro: -1.62, -1.18, -1.59
Accel: 0.12, 0.09, -0.95
Gyro: -1.54, -0.90, -1.15
Accel: 0.13, 0.09, -0.95
Gyro: -2.14, -0.63, -0.54
Accel: 0.13, 0.08, -0.96
Gyro: -2.37, -0.80, -0.56
Accel: 0.13, 0.08, -0.96
Gyro: -2.29, -1.17, -1.32
Accel: 0.13, 0.09, -0.96
Gyro: -2.13, -0.64, -1.93
Accel: 0.13, 0.09, -0.96
Gyro: -1.81, -0.52, -2.03
Accel: 0.12, 0.10, -0.96
Gyro: -2.05, -0.36, -1.38
Accel: 0.13, 0.09, -0.96
Gyro: -2.21, -0.39, -0.92
Accel: 0.13, 0.09, -0.96
Gyro: -2.08, -0.60, -0.91
Accel: 0.13, 0.09, -0.95
Gyro: -1.98, -0.82, -1.11
Accel: 0.13, 0.09, -0.96
Gyro: -1.73, -0.68, -1.41
Accel: 0.13, 0.09, -0.95
Gyro: -1.64, -0.50, -1.20
Accel: 0.13, 0.09, -0.95
Gyro: -1.73, -0.72, -1.06
Accel: 0.13, 0.10, -0.95
Gyro: -1.71, -1.01, -1.13
Accel: 0.14, 0.09, -0.95
Gyro: -1.54, -1.05, -0.87
Accel: 0.13, 0.09, -0.96
Gyro: -1.89, -1.24, -1.00
Accel: 0.13, 0.10, -0.97
Gyro: -1.72, -0.97, -1.05
Accel: 0.13, 0.08, -0.96
Gyro: -1.98, -0.24, -0.99
Accel: 0.13, 0.09, -0.95
Gyro: -1.83, -0.77, -1.49
Accel: 0.14, 0.09, -0.96
Gyro: -1.72, -0.77, -1.73
Accel: 0.13, 0.09, -0.95
Gyro: -0.99, -0.96, -1.08
Accel: 0.13, 0.09, -0.96
Gyro: -1.87, -1.54, -1.01
Accel: 0.12, 0.09, -0.96
Gyro: -2.08, -1.56, -0.76
Accel: 0.12, 0.08, -0.95
Gyro: -1.89, -0.84, -0.92
Accel: 0.12, 0.09, -0.96
Gyro: -1.85, -0.44, -1.53
Accel: 0.13, 0.09, -0.96
Gyro: -1.65, -0.08, -1.27
Accel: 0.12, 0.09, -0.96
Gyro: -1.79, -0.24, -1.05
Accel: 0.13, 0.09, -0.96
Gyro: -2.05, -0.60, -0.76
Accel: 0.13, 0.08, -0.96
Gyro: -2.21, -0.63, -0.96
Accel: 0.13, 0.09, -0.95
Gyro: -2.53, -0.44, -1.45
Accel: 0.13, 0.09, -0.95
Gyro: -1.99, -0.11, -1.12
Accel: 0.13, 0.09, -0.95
Gyro: -2.49, -0.18, -1.60
Accel: 0.14, 0.09, -0.95
Gyro: -2.04, -0.88, -1.29
Accel: 0.13, 0.09, -0.96
Gyro: -1.89, -0.97, -1.24
Accel: 0.12, 0.09, -0.96
Gyro: -1.51, -1.04, -1.05
Accel: 0.13, 0.08, -0.96
Gyro: -1.60, -0.66, -0.83
Accel: 0.13, 0.09, -0.95
Gyro: -2.00, -0.45, -0.55
Accel: 0.13, 0.08, -0.95
Gyro: -2.48, -0.47, -0.55
Accel: 0.13, 0.08, -0.95
Gyro: -2.40, -0.94, -1.34
Accel: 0.13, 0.09, -0.95
Gyro: -2.32, -1.11, -1.69
Accel: 0.13, 0.09, -0.96
Gyro: -2.15, -0.89, -1.43
Accel: 0.13, 0.09, -0.96
Gyro: -2.43, -0.76, -1.30
Accel: 0.13, 0.09, -0.96
Gyro: -2.40, -0.92, -1.14
Accel: 0.13, 0.09, -0.96
Gyro: -2.26, -0.79, -1.21
Accel: 0.13, 0.08, -0.96
Gyro: -2.18, -0.53, -1.14
Accel: 0.13, 0.09, -0.96
Gyro: -2.26, -0.23, -1.24
Accel: 0.12, 0.09, -0.95
Gyro: -2.08, -0.63, -1.41
Accel: 0.13, 0.09, -0.95
Gyro: -1.97, -0.62, -1.14
Accel: 0.13, 0.08, -0.95
Gyro: -1.85, -0.40, -1.17
Accel: 0.13, 0.08, -0.96
Gyro: -2.24, -0.83, -1.54
Accel: 0.13, 0.09, -0.96
Gyro: -2.39, -0.64, -1.40
Accel: 0.13, 0.09, -0.96
Gyro: -2.13, -0.40, -1.31
Accel: 0.12, 0.09, -0.96
Gyro: -1.98, -0.82, -1.21
Accel: 0.13, 0.09, -0.96
Gyro: -2.55, -1.46, -1.37
Accel: 0.12, 0.09, -0.96
Gyro: -2.40, -1.05, -1.32
Accel: 0.12, 0.09, -0.97
Gyro: -2.33, -0.52, -1.41
Accel: 0.13, 0.09, -0.95
Gyro: -2.43, 0.00, -1.43
Accel: 0.13, 0.09, -0.96
Gyro: -2.51, -0.15, -1.37
Accel: 0.13, 0.08, -0.96
Gyro: -2.36, -0.38, -1.34
Accel: 0.13, 0.09, -0.95
Gyro: -2.24, -0.85, -1.33
Accel: 0.13, 0.09, -0.97
Gyro: -2.70, -0.67, -1.85
Accel: 0.13, 0.10, -0.97
Gyro: -2.02, -0.43, -1.35
Accel: 0.13, 0.09, -0.95
Gyro: -2.43, -0.30, -1.22
Accel: 0.13, 0.08, -0.95
Gyro: -2.51, -0.50, -1.18
Accel: 0.13, 0.09, -0.95
Gyro: -2.27, -0.89, -1.12
Accel: 0.13, 0.09, -0.96
Gyro: -2.01, -1.11, -1.43
Accel: 0.13, 0.09, -0.96
Gyro: -1.75, -0.50, -1.53
Accel: 0.13, 0.09, -0.96
Gyro: -1.95, -0.47, -1.14
Accel: 0.13, 0.09, -0.96
Gyro: -2.32, -0.76, -0.79
Accel: 0.13, 0.09, -0.95
Gyro: -2.39, -1.08, -0.74
Accel: 0.12, 0.09, -0.96
Gyro: -2.24, -1.10, -1.53
Accel: 0.13, 0.09, -0.96
Gyro: -2.27, -0.61, -1.54
Accel: 0.13, 0.10, -0.97
Gyro: -2.14, -0.57, -1.56
Accel: 0.12, 0.10, -0.96
Gyro: -2.02, -0.27, -1.37
Accel: 0.13, 0.10, -0.96
Gyro: -2.09, -0.40, -0.88
Accel: 0.13, 0.09, -0.95
Gyro: -1.95, -0.57, -0.86
Accel: 0.13, 0.09, -0.96
Gyro: -1.82, -0.66, -0.89
Accel: 0.13, 0.09, -0.96
Gyro: -2.14, -0.79, -0.98
Accel: 0.13, 0.09, -0.95
Gyro: -1.98, -0.85, -1.20
Accel: 0.13, 0.09, -0.95
Gyro: -1.88, -0.73, -1.02
Accel: 0.13, 0.09, -0.95
Gyro: -1.77, -1.00, -1.11
Accel: 0.13, 0.10, -0.96
Gyro: -1.80, -1.11, -0.87
Accel: 0.13, 0.09, -0.95
Gyro: -1.84, -0.50, -0.82
Accel: 0.13, 0.09, -0.95
Gyro: -2.23, -1.00, -1.36
Accel: 0.13, 0.09, -0.96
Gyro: -2.14, -0.73, -1.53
Accel: 0.13, 0.09, -0.96
Gyro: -1.33, -0.45, -1.06
Accel: 0.13, 0.09, -0.95
Gyro: -1.85, -0.91, -1.01
Accel: 0.13, 0.09, -0.96
Gyro: -2.56, -0.95, -0.78
Accel: 0.13, 0.09, -0.96
Gyro: -2.17, -0.75, -1.30
Accel: 0.12, 0.09, -0.95
Gyro: -2.21, -0.35, -1.91
Accel: 0.12, 0.09, -0.96
Gyro: -2.27, -0.27, -1.64
Accel: 0.13, 0.10, -0.96
Gyro: -2.13, 0.08, -0.85
Accel: 0.13, 0.09, -0.95
Gyro: -2.29, -0.41, -0.60
