Accel: -0.13, 0.03, -0.95
Gyro: -1.65, -0.53, -0.68
Accel: -0.13, 0.03, -0.96
Gyro: -2.00, -0.06, -1.08
Accel: -0.13, 0.04, -0.97
Gyro: -1.95, 0.23, -1.44
Accel: -0.13, 0.04, -0.97
Gyro: -2.03, 0.54, -1.55
Accel: -0.12, 0.04, -0.96
Gyro: -1.38, -0.11, -1.37
Accel: -0.13, 0.05, -0.98
Gyro: -1.34, 0.56, -0.46
Accel: -0.13, 0.04, -0.96
Gyro: -0.40, 0.56, -0.21
Accel: -0.13, 0.03, -0.95
Gyro: -0.57, -0.30, 0.13
Accel: -0.13, 0.03, -0.95
Gyro: -0.73, -1.45, -0.18
Accel: -0.13, 0.02, -0.97
Gyro: -1.50, -1.37, -0.51
Accel: -0.14, 0.03, -0.96
Gyro: -2.13, -0.86, -1.10
Accel: -0.13, 0.03, -0.96
Gyro: -2.11, -0.95, -1.63
Accel: -0.13, 0.03, -0.97
Gyro: -1.88, -1.25, -1.80
Accel: -0.13, 0.04, -0.96
Gyro: -3.46, -0.88, -1.53
Accel: -0.13, 0.04, -0.97
Gyro: -2.34, -0.52, -1.08
Accel: -0.13, 0.04, -0.96
Gyro: -2.84, 0.33, -1.30
Accel: -0.13, 0.04, -0.96
Gyro: -2.35, 0.10, -1.37
Accel: -0.12, 0.03, -0.96
Gyro: -2.70, 0.21, -1.65
Accel: -0.12, 0.04, -0.96
Gyro: -2.15, 0.10, -1.61
Accel: -0.12, 0.04, -0.96
Gyro: -1.46, -0.27, -1.11
Accel: -0.12, 0.04, -0.96
Gyro: -1.18, -1.11, -0.51
Accel: -0.12, 0.03, -0.96
Gyro: -2.41, -1.50, -0.34
Accel: -0.12, 0.03, -0.96
Gyro: -2.94, -1.88, -0.60
Accel: -0.12, 0.03, -0.96
Gyro: -2.64, -1.87, -1.26
Accel: -0.14, 0.04, -0.97
Gyro: -2.68, -1.46, -1.59
Accel: -0.13, 0.04, -0.96
Gyro: -2.72, -1.46, -1.69
Accel: -0.13, 0.05, -0.96
Gyro: -2.75, -1.24, -1.53
Accel: -0.13, 0.04, -0.96
Gyro: -2.29, -1.38, -1.09
Accel: -0.13, 0.04, -0.96
Gyro: -1.98, -1.07, -0.90
Accel: -0.13, 0.04, -0.96
Gyro: -2.16, -1.17, -1.09
Accel: -0.13, 0.04, -0.96
Gyro: -2.20, -0.89, -1.06
Accel: -0.13, 0.03, -0.96
Gyro: -1.85, -0.95, -0.94
Accel: -0.13, 0.04, -0.95
Gyro: -1.88, -1.10, -1.19
Accel: -0.13, 0.04, -0.97
Gyro: -2.67, -1.15, -1.31
Accel: -0.13, 0.04, -0.97
Gyro: -2.43, -1.43, -1.77
Accel: -0.13, 0.04, -0.98
Gyro: -2.27, -0.64, -1.30
Accel: -0.13, 0.04, -0.95
Gyro: -0.57, -1.33, -1.07
Accel: -0.13, 0.04, -0.96
Gyro: -1.63, -2.24, -0.95
Accel: -0.14, 0.04, -0.96
Gyro: -2.09, -3.36, -0.59
Accel: -0.14, 0.03, -0.96
Gyro: -2.58, -2.96, -0.90
Accel: -0.15, 0.04, -0.97
Gyro: -2.75, -2.64, -1.50
Accel: -0.14, 0.04, -0.97
Gyro: -2.12, -2.11, -1.90
Accel: -0.15, 0.05, -0.98
Gyro: -1.98, -1.97, -1.72
Accel: -0.15, 0.05, -0.97
Gyro: -2.78, -1.01, -1.00
Accel: -0.15, 0.04, -0.97
Gyro: -1.05, -0.37, -0.47
Accel: -0.14, 0.03, -0.97
Gyro: -1.68, -0.16, -0.65
Accel: -0.14, 0.04, -0.96
Gyro: -1.63, -0.26, -0.98
Accel: -0.13, 0.03, -0.96
Gyro: -2.02, -0.17, -1.36
Accel: -0.14, 0.03, -0.96
Gyro: -1.82, -0.28, -1.08
Accel: -0.14, 0.04, -0.96
Gyro: -1.59, -0.56, -1.07
Accel: -0.14, 0.04, -0.96
Gyro: -1.28, -1.12, -0.82
Accel: -0.14, 0.04, -0.96
Gyro: -1.91, -1.34, -0.34
Accel: -0.14, 0.03, -0.97
Gyro: -1.88, -0.92, -0.62
Accel: -0.14, 0.03, -0.97
Gyro: -2.05, -0.84, -0.90
Accel: -0.14, 0.04, -0.97
Gyro: -2.07, -0.56, -1.27
Accel: -0.14, 0.04, -0.97
Gyro: -2.10, 0.18, -1.56
Accel: -0.14, 0.04, -0.96
Gyro: -2.02, -0.02, -1.57
Accel: -0.14, 0.04, -0.96
Gyro: -2.04, -0.22, -1.20
Accel: -0.14, 0.04, -0.96
Gyro: -1.72, -0.17, -1.04
Accel: -0.13, 0.03, -0.96
Gyro: -1.81, -0.43, -0.74
Accel: -0.13, 0.04, -0.95
Gyro: -2.09, -0.41, -0.79
Accel: -0.14, 0.03, -0.96
Gyro: -1.72, -0.59, -0.80
Accel: -0.13, 0.03, -0.95
Gyro: -2.15, -0.60, -1.30
Accel: -0.14, 0.04, -0.96
Gyro: -2.08, -1.05, -1.11
Accel: -0.13, 0.04, -0.96
Gyro: -2.11, -0.34, -1.24
Accel: -0.13, 0.04, -0.96
Gyro: -1.01, -0.26, -1.11
Accel: -0.13, 0.03, -0.96
Gyro: -1.75, -1.07, -1.12
Accel: -0.14, 0.03, -0.95
Gyro: -1.87, -1.80, -1.34
Accel: -0.14, 0.03, -0.96
Gyro: -2.53, -2.14, -2.08
Accel: -0.14, 0.03, -0.97
Gyro: -2.63, -2.08, -2.30
Accel: -0.15, 0.04, -0.96
Gyro: -2.56, -1.04, -2.17
Accel: -0.14, 0.03, -0.97
Gyro: -2.62, -0.83, -1.66
Accel: -0.15, 0.04, -0.97
Gyro: -3.36, -0.31, -1.46
Accel: -0.14, 0.04, -0.97
Gyro: -2.14, 0.14, -0.81
Accel: -0.14, 0.04, -0.96
Gyro: -2.17, 0.40, -1.17
Accel: -0.13, 0.04, -0.96
Gyro: -1.88, 0.15, -1.08
Accel: -0.13, 0.04, -0.96
Gyro: -1.47, -0.32, -0.87
Accel: -0.14, 0.04, -0.96
Gyro: -1.70, -0.50, -0.84
Accel: -0.14, 0.04, -0.96
Gyro: -1.10, -0.85, -0.58
Accel: -0.13, 0.03, -0.96
Gyro: -1.07, -1.52, -0.66
Accel: -0.13, 0.03, -0.96
Gyro: -1.98, -1.70, -1.01
Accel: -0.15, 0.03, -0.96
Gyro: -2.66, -1.13, -1.33
Accel: -0.14, 0.02, -0.96
Gyro: -2.53, -0.72, -1.78
Accel: -0.14, 0.04, -0.97
Gyro: -2.54, -0.35, -1.88
Accel: -0.14, 0.03, -0.96
Gyro: -2.43, 0.05, -1.80
Accel: -0.13, 0.04, -0.96
Gyro: -2.46, -0.23, -1.54
Accel: -0.13, 0.04, -0.95
Gyro: -2.35, -0.57, -1.37
Accel: -0.14, 0.04, -0.95
Gyro: -1.85, -0.68, -1.05
Accel: -0.14, 0.04, -0.96
Gyro: -1.96, -1.23, -0.92
Accel: -0.13, 0.03, -0.96
Gyro: -1.43, -1.46, -0.91
Accel: -0.14, 0.04, -0.96
Gyro: -1.94, -1.82, -0.91
Accel: -0.15, 0.04, -0.96
Gyro: -2.08, -1.96, -1.01
Accel: -0.15, 0.04, -0.97
Gyro: -1.53, -2.13, -1.27
Accel: -0.14, 0.03, -0.97
Gyro: -2.04, -0.92, -1.08
Accel: -0.15, 0.04, -0.95
Gyro: -0.56, -1.61, -1.07
Accel: -0.15, 0.03, -0.96
Gyro: -1.90, -1.94, -0.89
Accel: -0.15, 0.03, -0.96
Gyro: -2.00, -2.32, -0.80
Accel: -0.15, 0.03, -0.96
Gyro: -2.51, -1.63, -1.19
Accel: -0.15, 0.04, -0.96
Gyro: -2.76, -1.26, -1.71
Accel: -0.15, 0.05, -0.97
Gyro: -2.36, -1.12, -2.08
Accel: -0.16, 0.04, -0.95
Gyro: -2.14, -1.24, -1.57
