Accel: -0.16, 0.05, -0.96
Gyro: -1.97, 0.37, -0.95
Accel: -0.15, 0.05, -0.95
Gyro: -1.84, 0.38, -0.75
Accel: -0.16, 0.06, -0.96
Gyro: -2.11, 0.50, -1.17
Accel: -0.16, 0.05, -0.95
Gyro: -1.94, -0.21, -1.45
Accel: -0.16, 0.06, -0.96
Gyro: -1.62, -0.50, -0.91
Accel: -0.16, 0.05, -0.96
Gyro: -1.80, -0.95, -0.69
Accel: -0.16, 0.05, -0.95
Gyro: -2.56, -1.19, -0.79
Accel: -0.16, 0.05, -0.96
Gyro: -2.49, -0.58, -1.01
Accel: -0.16, 0.05, -0.95
Gyro: -2.50, -0.69, -1.31
Accel: -0.16, 0.05, -0.96
Gyro: -2.61, -0.79, -1.51
Accel: -0.16, 0.06, -0.96
Gyro: -2.31, -0.78, -1.54
Accel: -0.17, 0.06, -0.96
Gyro: -2.52, -0.82, -1.32
Accel: -0.16, 0.06, -0.96
Gyro: -1.75, -0.64, -1.04
Accel: -0.16, 0.05, -0.96
Gyro: -1.80, -0.97, -0.97
Accel: -0.16, 0.06, -0.95
Gyro: -1.81, -1.27, -0.97
Accel: -0.16, 0.05, -0.96
Gyro: -2.29, -0.86, -1.07
Accel: -0.16, 0.05, -0.96
Gyro: -1.71, -1.01, -1.09
Accel: -0.16, 0.06, -0.96
Gyro: -1.91, -0.21, -1.31
Accel: -0.16, 0.05, -0.96
Gyro: -0.92, -1.06, -1.33
Accel: -0.16, 0.06, -0.96
Gyro: -2.33, -1.21, -0.99
Accel: -0.17, 0.05, -0.97
Gyro: -2.49, -1.47, -0.44
Accel: -0.16, 0.04, -0.95
Gyro: -2.72, -1.80, -1.30
Accel: -0.17, 0.05, -0.96
Gyro: -2.81, -1.75, -2.20
Accel: -0.17, 0.05, -0.96
Gyro: -2.37, -1.23, -2.14
Accel: -0.17, 0.06, -0.96
Gyro: -2.49, -0.50, -1.39
Accel: -0.17, 0.07, -0.96
Gyro: -2.33, -0.35, -0.95
Accel: -0.17, 0.05, -0.97
Gyro: -1.69, 0.08, -0.62
Accel: -0.16, 0.05, -0.96
Gyro: -1.68, 0.25, -0.98
Accel: -0.16, 0.05, -0.96
Gyro: -1.58, -0.18, -0.98
Accel: -0.17, 0.05, -0.95
Gyro: -1.44, -0.51, -1.61
Accel: -0.17, 0.06, -0.97
Gyro: -1.46, -1.18, -1.68
Accel: -0.17, 0.05, -0.96
Gyro: -1.36, -0.37, -1.47
Accel: -0.17, 0.05, -0.96
Gyro: -1.97, 0.33, -1.22
Accel: -0.16, 0.05, -0.95
Gyro: -2.30, -0.11, -1.34
Accel: -0.16, 0.05, -0.96
Gyro: -2.47, 0.00, -1.39
Accel: -0.16, 0.05, -0.96
Gyro: -2.35, 0.31, -1.25
Accel: -0.16, 0.05, -0.95
Gyro: -2.15, 0.40, -1.11
Accel: -0.16, 0.05, -0.96
Gyro: -2.10, 0.17, -0.88
Accel: -0.16, 0.05, -0.96
Gyro: -2.20, -0.24, -0.89
Accel: -0.15, 0.05, -0.95
Gyro: -2.34, -0.57, -1.08
Accel: -0.16, 0.06, -0.95
Gyro: -2.64, -0.21, -1.30
Accel: -0.15, 0.05, -0.96
Gyro: -2.61, -1.06, -1.56
Accel: -0.16, 0.06, -0.95
Gyro: -2.82, -2.42, -2.01
Accel: -0.17, 0.06, -0.96
Gyro: -3.14, -2.12, -2.01
Accel: -0.17, 0.06, -0.96
Gyro: -1.89, -1.71, -2.30
Accel: -0.17, 0.06, -0.96
Gyro: -1.86, -1.02, -2.18
Accel: -0.17, 0.06, -0.96
Gyro: -2.19, -1.34, -1.69
Accel: -0.17, 0.06, -0.97
Gyro: -2.93, -0.20, -0.89
Accel: -0.17, 0.06, -0.96
Gyro: -2.16, 1.40, -0.66
Accel: -0.16, 0.06, -0.95
Gyro: -1.01, 1.08, -1.18
Accel: -0.16, 0.05, -0.96
Gyro: -0.65, -0.11, -1.13
Accel: -0.16, 0.05, -0.96
Gyro: -2.98, 0.51, -0.33
Accel: -0.16, 0.05, -0.97
Gyro: -1.98, 0.50, -0.19
Accel: -0.15, 0.04, -0.96
Gyro: -2.04, 0.60, -0.77
Accel: -0.15, 0.05, -0.96
Gyro: -1.66, -0.08, -1.59
Accel: -0.15, 0.05, -0.95
Gyro: -2.25, -0.94, -2.03
Accel: -0.15, 0.05, -0.96
Gyro: -2.81, -2.40, -1.35
Accel: -0.17, 0.05, -0.96
Gyro: -3.02, -2.23, -1.01
Accel: -0.17, 0.05, -0.96
Gyro: -2.86, -1.42, -1.46
Accel: -0.16, 0.05, -0.96
Gyro: -3.13, -1.93, -1.88
Accel: -0.17, 0.06, -0.97
Gyro: -3.25, -2.05, -2.01
Accel: -0.17, 0.06, -0.96
Gyro: -3.30, -0.65, -1.43
Accel: -0.17, 0.06, -0.95
Gyro: -2.79, -0.14, -0.88
Accel: -0.17, 0.05, -0.96
Gyro: -2.44, -0.78, -1.33
Accel: -0.17, 0.06, -0.96
Gyro: -2.83, -0.17, -1.50
Accel: -0.16, 0.06, -0.96
Gyro: -2.32, 0.73, -1.50
Accel: -0.16, 0.06, -0.96
Gyro: -2.26, 0.35, -1.11
Accel: -0.16, 0.06, -0.96
Gyro: -2.27, 0.60, -0.66
Accel: -0.16, 0.05, -0.96
Gyro: -2.58, 0.70, -0.95
Accel: -0.16, 0.05, -0.96
Gyro: -3.20, 0.12, -1.34
Accel: -0.15, 0.06, -0.96
Gyro: -3.38, 1.16, -1.91
Accel: -0.16, 0.06, -0.96
Gyro: -1.55, 0.19, -2.03
Accel: -0.15, 0.06, -0.95
Gyro: -3.16, 0.01, -1.70
Accel: -0.16, 0.07, -0.95
Gyro: -2.88, -1.11, -1.18
Accel: -0.16, 0.06, -0.96
Gyro: -2.97, -0.69, -1.34
Accel: -0.16, 0.06, -0.96
Gyro: -2.69, -0.19, -1.33
Accel: -0.16, 0.06, -0.96
Gyro: -2.33, 0.29, -1.75
Accel: -0.16, 0.07, -0.95
Gyro: -2.54, 0.18, -1.17
Accel: -0.15, 0.07, -0.95
Gyro: -2.61, 0.04, -1.24
Accel: -0.16, 0.06, -0.96
Gyro: -1.85, 0.31, -1.07
Accel: -0.15, 0.06, -0.95
Gyro: -1.88, 0.34, -1.81
Accel: -0.14, 0.06, -0.94
Gyro: -1.43, -0.72, -2.31
Accel: -0.15, 0.07, -0.95
Gyro: -0.90, -3.20, -2.20
Accel: -0.16, 0.06, -1.00
Gyro: -1.78, -1.53, -0.87
Accel: -0.16, 0.07, -0.96
Gyro: -0.63, 0.43, 0.08
Accel: -0.15, 0.05, -0.94
Gyro: -0.05, -0.90, -0.17
Accel: -0.16, 0.05, -0.95
Gyro: -2.13, -2.07, -1.21
Accel: -0.17, 0.05, -0.97
Gyro: -3.02, -1.37, -1.46
Accel: -0.15, 0.05, -0.96
Gyro: -2.26, -0.22, -1.34
Accel: -0.15, 0.06, -0.95
Gyro: -1.46, -1.52, -1.48
Accel: -0.16, 0.06, -0.96
Gyro: -2.47, -2.51, -1.40
Accel: -0.17, 0.06, -0.98
Gyro: -3.33, -1.75, -1.04
Accel: -0.17, 0.05, -0.96
Gyro: -1.87, -1.53, -1.09
Accel: -0.16, 0.06, -0.96
Gyro: -1.01, -2.11, -1.29
Accel: -0.17, 0.05, -0.97
Gyro: -2.67, -1.40, -1.69
Accel: -0.17, 0.06, -0.96
Gyro: -3.11, -1.21, -1.56
Accel: -0.16, 0.06, -0.97
Gyro: -3.33, 0.57, -1.21
Accel: -0.16, 0.06, -0.96
Gyro: -1.17, -0.16, -1.30
Accel: -0.16, 0.05, -0.96
Gyro: -2.72, -0.56, -1.06
Accel: -0.16, 0.06, -0.95
Gyro: -3.62, -1.21, -1.05
Accel: -0.16, 0.06, -0.97
Gyro: -2.85, -0.92, -1.15
