Accel: -0.17, 0.03, -0.95
Gyro: -2.17, -1.10, -1.40
Accel: -0.18, 0.03, -0.96
Gyro: -1.13, -1.50, -0.95
Accel: -0.18, 0.02, -0.95
Gyro: -2.73, -2.01, -0.82
Accel: -0.18, 0.02, -0.95
Gyro: -3.17, -1.98, -0.53
Accel: -0.18, 0.02, -0.96
Gyro: -3.44, -1.76, -1.82
Accel: -0.18, 0.03, -0.95
Gyro: -2.96, -1.52, -2.27
Accel: -0.18, 0.04, -0.95
Gyro: -2.13, -1.37, -2.46
Accel: -0.19, 0.04, -0.95
Gyro: -2.85, -1.02, -1.25
Accel: -0.18, 0.04, -0.96
Gyro: -2.33, -0.89, -0.75
Accel: -0.18, 0.03, -0.96
Gyro: -1.67, -0.17, -0.18
Accel: -0.18, 0.03, -0.96
Gyro: -1.66, -0.24, -0.84
Accel: -0.18, 0.03, -0.95
Gyro: -1.50, -0.31, -1.21
Accel: -0.17, 0.03, -0.95
Gyro: -1.56, -0.07, -1.27
Accel: -0.18, 0.03, -0.96
Gyro: -1.48, -0.53, -1.08
Accel: -0.18, 0.03, -0.95
Gyro: -1.08, -1.01, -0.69
Accel: -0.17, 0.02, -0.96
Gyro: -1.66, -0.95, -0.64
Accel: -0.18, 0.02, -0.95
Gyro: -2.23, -1.35, -0.82
Accel: -0.19, 0.02, -0.95
Gyro: -2.23, -0.74, -1.22
Accel: -0.18, 0.02, -0.96
Gyro: -2.55, -0.70, -1.53
Accel: -0.17, 0.03, -0.95
Gyro: -2.36, -0.78, -1.76
Accel: -0.17, 0.03, -0.95
Gyro: -2.49, -0.61, -1.70
Accel: -0.18, 0.03, -0.96
Gyro: -2.28, -0.60, -1.34
Accel: -0.18, 0.04, -0.95
Gyro: -1.68, -0.55, -0.81
Accel: -0.18, 0.03, -0.95
Gyro: -1.80, -0.99, -0.80
Accel: -0.17, 0.03, -0.95
Gyro: -1.56, -1.14, -0.80
Accel: -0.18, 0.02, -0.95
Gyro: -1.38, -1.41, -0.99
Accel: -0.18, 0.03, -0.95
Gyro: -2.26, -1.35, -1.23
Accel: -0.18, 0.02, -0.96
Gyro: -1.85, -1.93, -1.34
Accel: -0.18, 0.03, -0.96
Gyro: -2.28, -0.79, -1.43
Accel: -0.18, 0.03, -0.96
Gyro: -0.87, -1.56, -1.06
Accel: -0.18, 0.03, -0.96
Gyro: -2.49, -1.65, -0.59
Accel: -0.18, 0.03, -0.95
Gyro: -2.80, -2.05, -0.40
Accel: -0.18, 0.02, -0.95
Gyro: -3.44, -1.85, -1.45
Accel: -0.19, 0.02, -0.96
Gyro: -3.29, -1.43, -2.44
Accel: -0.18, 0.03, -0.96
Gyro: -2.49, -1.13, -2.52
Accel: -0.18, 0.04, -0.95
Gyro: -2.74, -1.22, -1.55
Accel: -0.19, 0.03, -0.95
Gyro: -2.87, -0.63, -1.10
Accel: -0.19, 0.03, -0.96
Gyro: -2.14, -0.11, -0.63
Accel: -0.19, 0.04, -0.94
Gyro: -2.11, -0.12, -1.03
Accel: -0.18, 0.03, -0.96
Gyro: -2.00, -0.51, -1.37
Accel: -0.19, 0.03, -0.96
Gyro: -2.09, -0.51, -1.32
Accel: -0.19, 0.03, -0.95
Gyro: -2.06, -0.33, -1.54
Accel: -0.17, 0.03, -0.95
Gyro: -1.59, -0.72, -1.17
Accel: -0.18, 0.03, -0.96
Gyro: -1.97, -0.68, -0.90
Accel: -0.19, 0.03, -0.96
Gyro: -2.07, -0.71, -0.92
Accel: -0.19, 0.03, -0.95
Gyro: -2.20, -0.72, -1.11
Accel: -0.19, 0.03, -0.95
Gyro: -2.37, -0.70, -1.37
Accel: -0.19, 0.03, -0.96
Gyro: -2.48, -0.10, -1.61
Accel: -0.18, 0.04, -0.95
Gyro: -2.38, 0.08, -1.56
Accel: -0.19, 0.03, -0.97
Gyro: -2.17, 0.03, -1.46
Accel: -0.18, 0.04, -0.96
Gyro: -2.13, 0.52, -1.27
Accel: -0.18, 0.03, -0.95
Gyro: -1.82, 0.12, -1.26
Accel: -0.18, 0.03, -0.96
Gyro: -1.89, -0.18, -0.88
Accel: -0.17, 0.03, -0.95
Gyro: -1.81, -0.36, -1.03
Accel: -0.17, 0.03, -0.96
Gyro: -2.12, -0.53, -1.21
Accel: -0.18, 0.03, -0.97
Gyro: -2.15, -0.43, -1.20
Accel: -0.18, 0.03, -0.95
Gyro: -1.64, -0.14, -1.34
Accel: -0.18, 0.03, -0.95
Gyro: -1.55, -0.66, -0.97
Accel: -0.18, 0.03, -0.96
Gyro: -2.38, -0.92, -1.03
Accel: -0.18, 0.03, -0.95
Gyro: -2.14, -0.57, -0.68
Accel: -0.18, 0.02, -0.95
Gyro: -2.82, -0.48, -1.15
Accel: -0.18, 0.03, -0.96
Gyro: -2.48, -0.24, -1.44
Accel: -0.18, 0.03, -0.94
Gyro: -1.67, -0.33, -1.36
Accel: -0.18, 0.03, -0.96
Gyro: -2.82, -0.20, -1.23
Accel: -0.18, 0.04, -0.96
Gyro: -1.89, -0.92, -1.05
Accel: -0.19, 0.03, -0.96
Gyro: -1.53, 0.31, -0.89
Accel: -0.18, 0.04, -0.95
Gyro: -1.96, -0.05, -1.15
Accel: -0.18, 0.03, -0.96
Gyro: -1.49, 0.24, -0.97
Accel: -0.18, 0.03, -0.94
Gyro: -1.17, 0.22, -0.69
Accel: -0.18, 0.03, -0.95
Gyro: -1.12, 0.25, -0.49
Accel: -0.18, 0.02, -0.95
Gyro: -1.19, 0.06, -0.65
Accel: -0.17, 0.03, -0.95
Gyro: -1.84, -0.27, -0.44
Accel: -0.17, 0.02, -0.96
Gyro: -2.17, -0.36, -0.94
Accel: -0.18, 0.02, -0.96
Gyro: -2.23, -0.40, -1.26
Accel: -0.17, 0.02, -0.96
Gyro: -2.70, -0.47, -1.74
Accel: -0.17, 0.04, -0.96
Gyro: -2.40, -0.20, -1.62
Accel: -0.18, 0.03, -0.96
Gyro: -2.08, -0.74, -1.43
Accel: -0.17, 0.03, -0.96
Gyro: -2.22, -0.58, -1.01
Accel: -0.18, 0.03, -0.95
Gyro: -1.71, -0.39, -1.06
Accel: -0.18, 0.02, -0.96
Gyro: -1.89, -0.61, -0.94
Accel: -0.18, 0.02, -0.96
Gyro: -2.04, -1.06, -0.89
Accel: -0.18, 0.03, -0.94
Gyro: -2.25, -0.21, -0.95
Accel: -0.17, 0.03, -0.96
Gyro: -1.99, -0.79, -1.18
Accel: -0.18, 0.02, -0.96
Gyro: -2.10, 0.16, -1.19
Accel: -0.17, 0.03, -0.95
Gyro: -0.76, -1.02, -1.05
Accel: -0.17, 0.02, -0.96
Gyro: -2.33, -1.59, -0.69
Accel: -0.18, 0.03, -0.96
Gyro: -2.53, -1.79, -0.12
Accel: -0.19, 0.02, -0.95
Gyro: -3.03, -1.82, -0.58
Accel: -0.18, 0.02, -0.95
Gyro: -3.11, -1.53, -1.34
Accel: -0.18, 0.03, -0.96
Gyro: -2.25, -0.60, -2.11
Accel: -0.19, 0.03, -0.96
Gyro: -2.57, -0.19, -1.86
Accel: -0.18, 0.04, -0.96
Gyro: -3.01, 0.47, -1.05
Accel: -0.18, 0.03, -0.96
Gyro: -1.46, 0.23, -0.54
Accel: -0.18, 0.03, -0.95
Gyro: -1.95, 0.18, -0.84
Accel: -0.17, 0.03, -0.96
Gyro: -1.52, -0.21, -0.91
Accel: -0.17, 0.03, -0.96
Gyro: -1.78, -0.18, -1.21
Accel: -0.17, 0.04, -0.96
Gyro: -1.66, -0.73, -1.27
Accel: -0.17, 0.03, -0.96
Gyro: -1.10, -1.57, -0.89
Accel: -0.17, 0.02, -0.95
Gyro: -1.85, -1.39, -0.78
Accel: -0.18, 0.02, -0.96
Gyro: -2.33, -1.14, -0.66
Accel: -0.18, 0.03, -0.96
Gyro: -2.68, -0.63, -0.99
