Accel: -0.30, 0.06, -0.92
Gyro: -3.13, 0.02, -2.50
Accel: -0.31, 0.07, -0.93
Gyro: -2.31, 0.12, -2.11
Accel: -0.30, 0.08, -0.92
Gyro: -2.85, -0.43, -1.75
Accel: -0.31, 0.08, -0.93
Gyro: -1.66, -0.50, -1.05
Accel: -0.30, 0.06, -0.94
Gyro: -2.11, 0.45, -0.99
Accel: -0.30, 0.06, -0.93
Gyro: -1.69, 0.78, -1.17
Accel: -0.30, 0.06, -0.93
Gyro: -1.79, 0.43, -1.75
Accel: -0.29, 0.07, -0.92
Gyro: -1.40, 0.14, -1.56
Accel: -0.29, 0.07, -0.92
Gyro: -1.24, 0.45, -0.73
Accel: -0.29, 0.06, -0.93
Gyro: -1.05, 0.38, -0.39
Accel: -0.30, 0.06, -0.91
Gyro: -1.44, 0.09, -0.47
Accel: -0.30, 0.05, -0.92
Gyro: -2.15, -0.15, -1.09
Accel: -0.30, 0.06, -0.93
Gyro: -2.21, 0.28, -1.58
Accel: -0.29, 0.07, -0.92
Gyro: -2.01, 0.07, -1.71
Accel: -0.29, 0.07, -0.92
Gyro: -1.66, -0.89, -1.49
Accel: -0.30, 0.07, -0.92
Gyro: -1.94, -1.08, -0.79
Accel: -0.30, 0.07, -0.93
Gyro: -2.08, -0.59, -0.75
Accel: -0.30, 0.06, -0.92
Gyro: -1.52, -1.08, -0.70
Accel: -0.30, 0.06, -0.93
Gyro: -1.80, -1.01, -1.09
Accel: -0.30, 0.06, -0.93
Gyro: -2.40, -0.69, -1.62
Accel: -0.30, 0.07, -0.91
Gyro: -2.84, -0.25, -1.25
Accel: -0.29, 0.07, -0.93
Gyro: -2.51, -0.98, -1.17
Accel: -0.29, 0.07, -0.93
Gyro: -1.14, -0.51, -1.15
Accel: -0.29, 0.06, -0.92
Gyro: -0.46, -0.69, -0.60
Accel: -0.30, 0.06, -0.92
Gyro: -2.66, -1.56, -0.16
Accel: -0.31, 0.05, -0.92
Gyro: -2.91, -1.14, -0.32
Accel: -0.30, 0.05, -0.92
Gyro: -2.88, -1.32, -1.73
Accel: -0.30, 0.06, -0.92
Gyro: -3.33, -1.91, -2.62
Accel: -0.31, 0.07, -0.93
Gyro: -2.58, -1.72, -2.37
Accel: -0.31, 0.08, -0.93
Gyro: -3.39, -0.43, -1.79
Accel: -0.30, 0.08, -0.91
Gyro: -1.91, -0.87, -1.04
Accel: -0.31, 0.07, -0.93
Gyro: -1.80, -0.20, -0.88
Accel: -0.30, 0.07, -0.93
Gyro: -2.12, 0.34, -0.82
Accel: -0.30, 0.07, -0.92
Gyro: -1.92, 0.50, -1.10
Accel: -0.29, 0.07, -0.91
Gyro: -0.44, -0.27, -1.24
Accel: -0.30, 0.06, -0.94
Gyro: -1.39, -0.47, -1.03
Accel: -0.30, 0.06, -0.93
Gyro: -1.75, 0.13, -0.77
Accel: -0.30, 0.06, -0.91
Gyro: -1.61, -0.31, -0.92
Accel: -0.30, 0.06, -0.93
Gyro: -1.84, -0.35, -1.24
Accel: -0.30, 0.07, -0.93
Gyro: -1.98, 0.02, -1.38
Accel: -0.30, 0.06, -0.92
Gyro: -2.19, 0.16, -1.08
Accel: -0.29, 0.06, -0.93
Gyro: -1.66, -0.22, -1.01
Accel: -0.30, 0.06, -0.93
Gyro: -2.05, 0.13, -1.37
Accel: -0.29, 0.06, -0.93
Gyro: -2.24, -0.08, -1.40
Accel: -0.29, 0.07, -0.92
Gyro: -2.01, -0.18, -1.33
Accel: -0.29, 0.06, -0.92
Gyro: -1.84, -0.06, -1.21
Accel: -0.29, 0.06, -0.92
Gyro: -1.85, -0.13, -1.14
Accel: -0.30, 0.06, -0.92
Gyro: -2.16, -0.31, -1.14
Accel: -0.29, 0.06, -0.91
Gyro: -2.47, -0.75, -1.29
Accel: -0.29, 0.06, -0.92
Gyro: -2.66, -1.16, -1.56
Accel: -0.29, 0.06, -0.93
Gyro: -2.94, -0.37, -2.02
Accel: -0.29, 0.07, -0.92
Gyro: -0.21, -0.89, -1.73
Accel: -0.29, 0.07, -0.92
Gyro: -1.63, -1.02, -0.52
Accel: -0.30, 0.06, -0.92
Gyro: -2.88, -1.44, 0.05
Accel: -0.30, 0.05, -0.93
Gyro: -3.13, -0.51, -1.27
Accel: -0.30, 0.06, -0.92
Gyro: -2.94, -0.66, -2.49
Accel: -0.30, 0.08, -0.91
Gyro: -2.94, -0.79, -2.94
Accel: -0.30, 0.07, -0.93
Gyro: -3.54, -0.66, -1.77
Accel: -0.30, 0.08, -0.93
Gyro: -3.22, -0.98, -1.08
Accel: -0.30, 0.07, -0.94
Gyro: -1.65, -0.47, -0.44
Accel: -0.29, 0.07, -0.92
Gyro: -1.66, 0.08, -0.76
Accel: -0.29, 0.06, -0.93
Gyro: -2.29, 0.27, -1.37
Accel: -0.29, 0.07, -0.92
Gyro: -1.79, 0.18, -1.79
Accel: -0.29, 0.07, -0.92
Gyro: -1.17, -0.24, -1.11
Accel: -0.29, 0.06, -0.92
Gyro: -0.98, -0.83, -0.31
Accel: -0.29, 0.05, -0.92
Gyro: -1.65, -1.59, -0.43
Accel: -0.30, 0.06, -0.93
Gyro: -2.40, -1.46, -0.98
Accel: -0.30, 0.06, -0.93
Gyro: -2.51, -0.93, -1.43
Accel: -0.30, 0.06, -0.92
Gyro: -2.62, -0.71, -1.92
Accel: -0.29, 0.07, -0.93
Gyro: -2.81, -0.78, -1.77
Accel: -0.29, 0.07, -0.93
Gyro: -2.60, -0.79, -1.42
Accel: -0.30, 0.07, -0.92
Gyro: -2.65, -0.50, -1.25
Accel: -0.30, 0.07, -0.92
Gyro: -2.27, -1.27, -0.85
Accel: -0.30, 0.07, -0.94
Gyro: -2.88, 0.32, 0.00
Accel: -0.30, 0.07, -0.93
Gyro: -2.52, 1.35, 0.13
Accel: -0.29, 0.06, -0.92
Gyro: -1.11, 0.01, -0.47
Accel: -0.30, 0.06, -0.93
Gyro: -2.37, -0.40, -1.11
Accel: -0.29, 0.06, -0.94
Gyro: -3.23, 0.70, -1.75
Accel: -0.29, 0.06, -0.92
Gyro: -3.94, 0.95, -2.50
Accel: -0.29, 0.08, -0.90
Gyro: -2.92, -0.08, -2.79
Accel: -0.30, 0.07, -0.93
Gyro: -0.70, -1.01, -1.74
Accel: -0.28, 0.07, -0.94
Gyro: -3.53, -0.27, -0.95
Accel: -0.29, 0.06, -0.92
Gyro: -3.08, -1.15, -1.59
Accel: -0.30, 0.06, -0.92
Gyro: -1.63, -2.30, -2.18
Accel: -0.30, 0.07, -0.94
Gyro: -3.17, -1.02, -1.92
Accel: -0.29, 0.06, -0.92
Gyro: -3.94, 0.18, -1.72
Accel: -0.29, 0.07, -0.91
Gyro: -4.84, -0.23, -2.00
Accel: -0.29, 0.09, -0.94
Gyro: -4.06, -0.86, -1.97
Accel: -0.29, 0.08, -0.94
Gyro: -2.59, -0.04, -0.95
Accel: -0.29, 0.08, -0.92
Gyro: -3.23, 1.34, -0.50
Accel: -0.28, 0.08, -0.91
Gyro: -2.57, -0.23, -0.91
Accel: -0.28, 0.07, -0.92
Gyro: -1.94, -1.81, -1.76
Accel: -0.29, 0.07, -0.95
Gyro: -3.04, -1.44, -2.22
Accel: -0.30, 0.08, -0.92
Gyro: -1.88, -0.68, -1.56
Accel: -0.29, 0.07, -0.91
Gyro: -1.38, -1.59, -1.36
Accel: -0.29, 0.07, -0.93
Gyro: -2.97, -1.88, -1.50
Accel: -0.29, 0.07, -0.93
Gyro: -4.06, -0.39, -1.99
Accel: -0.29, 0.08, -0.91
Gyro: -2.22, -1.19, -2.19
Accel: -0.30, 0.09, -0.93
Gyro: -1.48, -1.91, -1.41
Accel: -0.30, 0.09, -0.93
Gyro: -1.70, -1.01, 0.07
Accel: -0.29, 0.07, -0.93
Gyro: -1.84, 0.02, 0.22
