Accel: -0.30, 0.07, -0.92
Gyro: -0.66, -0.39, -0.65
Accel: -0.30, 0.07, -0.93
Gyro: -0.95, -0.13, -1.30
Accel: -0.29, 0.07, -0.93
Gyro: -2.38, 0.81, -1.60
Accel: -0.28, 0.07, -0.91
Gyro: -2.28, 0.34, -1.69
Accel: -0.29, 0.08, -0.94
Gyro: -1.42, -1.32, -1.61
Accel: -0.29, 0.07, -0.94
Gyro: -2.94, 0.56, -1.53
Accel: -0.29, 0.07, -0.92
Gyro: -2.86, 0.26, -2.65
Accel: -0.29, 0.09, -0.92
Gyro: -0.03, -2.00, -2.61
Accel: -0.30, 0.08, -0.93
Gyro: -0.51, -1.66, -0.42
Accel: -0.29, 0.07, -0.92
Gyro: -1.23, -1.45, 0.76
Accel: -0.30, 0.05, -0.92
Gyro: -1.26, -1.98, -0.09
Accel: -0.30, 0.06, -0.93
Gyro: -2.28, -1.34, -1.14
Accel: -0.30, 0.06, -0.93
Gyro: -3.56, -0.14, -2.78
Accel: -0.29, 0.08, -0.93
Gyro: -3.35, 0.39, -3.00
Accel: -0.29, 0.09, -0.91
Gyro: -2.23, -0.48, -2.09
Accel: -0.30, 0.09, -0.94
Gyro: -0.53, -1.23, -0.24
Accel: -0.29, 0.09, -0.93
Gyro: -0.55, -0.05, 0.76
Accel: -0.30, 0.06, -0.92
Gyro: 0.67, 0.08, 0.48
Accel: -0.29, 0.05, -0.93
Gyro: -1.72, 0.34, -1.24
Accel: -0.29, 0.05, -0.94
Gyro: -3.88, 1.26, -3.28
Accel: -0.28, 0.07, -0.92
Gyro: -4.68, 0.89, -3.89
Accel: -0.28, 0.08, -0.92
Gyro: -3.55, -0.85, -2.80
Accel: -0.29, 0.08, -0.92
Gyro: -2.58, -1.79, -1.53
Accel: -0.29, 0.08, -0.93
Gyro: -2.66, -1.37, -0.55
Accel: -0.29, 0.07, -0.93
Gyro: -2.80, -0.63, -0.85
Accel: -0.29, 0.08, -0.91
Gyro: -2.26, -1.07, -1.61
Accel: -0.29, 0.08, -0.93
Gyro: -1.64, -2.10, -1.56
Accel: -0.29, 0.08, -0.93
Gyro: -1.32, -1.11, -1.13
Accel: -0.29, 0.08, -0.94
Gyro: -1.42, 0.55, -0.98
Accel: -0.29, 0.06, -0.92
Gyro: -1.04, 0.53, -1.47
Accel: -0.29, 0.07, -0.92
Gyro: -0.93, -1.04, -1.59
Accel: -0.29, 0.07, -0.95
Gyro: -1.05, -0.74, -0.76
Accel: -0.30, 0.06, -0.93
Gyro: -1.98, 1.03, -0.72
Accel: -0.29, 0.06, -0.92
Gyro: -1.01, 0.13, -2.06
Accel: -0.29, 0.05, -0.93
Gyro: -1.88, -0.63, -4.14
Accel: -0.29, 0.06, -0.95
Gyro: -4.56, 1.16, -5.00
Accel: -0.28, 0.08, -0.92
Gyro: -3.48, 1.88, -4.73
Accel: -0.28, 0.09, -0.89
Gyro: -0.58, -1.08, -3.65
Accel: -0.29, 0.08, -0.94
Gyro: -1.32, -3.75, -2.44
Accel: -0.31, 0.07, -0.97
Gyro: -4.56, 0.11, -2.59
Accel: -0.29, 0.08, -0.91
Gyro: -1.34, 1.80, -2.53
Accel: -0.29, 0.07, -0.91
Gyro: 1.24, -0.98, -2.46
Accel: -0.29, 0.06, -0.95
Gyro: -1.79, -0.27, -2.61
Accel: -0.28, 0.05, -0.92
Gyro: -5.52, 1.03, -2.93
Accel: -0.28, 0.06, -0.89
Gyro: -4.56, -1.01, -3.88
Accel: -0.30, 0.07, -0.94
Gyro: -3.87, -0.61, -4.34
Accel: -0.29, 0.09, -0.92
Gyro: -4.78, 1.07, -3.94
Accel: -0.29, 0.09, -0.90
Gyro: -3.16, -0.77, -2.17
Accel: -0.29, 0.07, -0.92
Gyro: -0.53, -2.37, -0.66
Accel: -0.29, 0.06, -0.96
Gyro: -1.58, -0.11, -1.41
Accel: -0.28, 0.07, -0.91
Gyro: -3.11, 1.59, -3.01
Accel: -0.28, 0.06, -0.91
Gyro: -2.06, -2.19, -3.88
Accel: -0.29, 0.07, -0.93
Gyro: -3.69, -2.49, -3.75
Accel: -0.28, 0.09, -0.94
Gyro: -3.07, -0.91, -2.61
Accel: -0.29, 0.09, -0.90
Gyro: -0.76, -3.15, -0.63
Accel: -0.31, 0.07, -0.93
Gyro: 0.23, -5.91, 0.65
Accel: -0.32, 0.07, -0.96
Gyro: -2.60, -1.85, -0.60
Accel: -0.30, 0.07, -0.92
Gyro: -0.66, 1.20, -2.20
Accel: -0.30, 0.06, -0.92
Gyro: 1.77, 1.35, -2.54
Accel: -0.29, 0.06, -0.94
Gyro: -1.41, 2.81, -3.71
Accel: -0.28, 0.07, -0.91
Gyro: -2.16, 2.25, -3.89
Accel: -0.29, 0.06, -0.92
Gyro: -1.79, 2.04, -2.18
Accel: -0.28, 0.06, -0.93
Gyro: -2.94, 2.05, -2.26
Accel: -0.28, 0.07, -0.92
Gyro: -1.80, 0.33, -2.01
Accel: -0.29, 0.07, -0.94
Gyro: -2.53, -0.62, -1.41
Accel: -0.29, 0.06, -0.94
Gyro: -1.98, 1.72, -1.50
Accel: -0.28, 0.06, -0.92
Gyro: -1.31, 2.94, -2.80
Accel: -0.28, 0.07, -0.91
Gyro: -2.59, 0.28, -3.24
Accel: -0.29, 0.06, -0.93
Gyro: -4.03, 0.28, -2.92
Accel: -0.28, 0.06, -0.94
Gyro: -4.68, 3.16, -3.90
Accel: -0.28, 0.07, -0.90
Gyro: -2.85, 2.01, -4.38
Accel: -0.29, 0.09, -0.91
Gyro: -0.98, -1.69, -2.55
Accel: -0.29, 0.09, -0.93
Gyro: -2.43, -1.88, 0.95
Accel: -0.28, 0.06, -0.94
Gyro: -1.90, -0.64, 1.72
Accel: -0.28, 0.05, -0.92
Gyro: -0.08, 0.22, -0.40
Accel: -0.28, 0.05, -0.94
Gyro: -0.87, 0.63, -3.78
Accel: -0.29, 0.07, -0.94
Gyro: -1.55, 0.19, -4.73
Accel: -0.28, 0.07, -0.93
Gyro: -2.04, 1.17, -3.59
Accel: -0.28, 0.07, -0.91
Gyro: -1.79, 0.60, -2.95
Accel: -0.28, 0.06, -0.96
Gyro: -0.39, 0.56, -3.30
Accel: -0.28, 0.06, -0.97
Gyro: -1.22, 3.12, -3.82
Accel: -0.26, 0.06, -0.92
Gyro: -1.56, 4.27, -3.46
Accel: -0.25, 0.06, -0.91
Gyro: -1.87, 2.75, -2.06
Accel: -0.25, 0.07, -0.93
Gyro: -2.12, -1.44, -1.84
Accel: -0.27, 0.07, -0.95
Gyro: -4.92, -1.69, -1.36
Accel: -0.27, 0.07, -0.93
Gyro: -4.06, -0.62, -1.62
Accel: -0.27, 0.07, -0.90
Gyro: -1.30, -1.99, -1.78
Accel: -0.29, 0.06, -0.96
Gyro: -2.80, -1.89, -2.92
Accel: -0.29, 0.07, -0.95
Gyro: -3.71, 0.55, -3.40
Accel: -0.27, 0.07, -0.92
Gyro: -0.85, 2.31, -2.60
Accel: -0.27, 0.07, -0.91
Gyro: 0.56, 1.05, -1.42
Accel: -0.27, 0.07, -0.94
Gyro: -0.18, 0.08, -0.47
Accel: -0.27, 0.06, -0.95
Gyro: -3.11, 1.83, 0.34
Accel: -0.26, 0.06, -0.92
Gyro: -1.37, 1.42, 0.12
Accel: -0.26, 0.06, -0.94
Gyro: -0.65, 1.54, -0.98
Accel: -0.27, 0.06, -0.94
Gyro: -0.43, 1.53, -1.85
Accel: -0.26, 0.06, -0.94
Gyro: -1.75, 1.17, -1.95
Accel: -0.27, 0.06, -0.93
Gyro: -1.03, 0.48, -1.72
Accel: -0.27, 0.06, -0.93
Gyro: 0.03, -0.42, -1.05
Accel: -0.28, 0.05, -0.95
Gyro: -1.91, 1.24, -1.41
Accel: -0.27, 0.05, -0.93
Gyro: -2.30, 2.30, -2.08
