Accel: -0.18, 0.02, -0.97
Gyro: -2.54, -0.40, -1.37
Accel: -0.17, 0.03, -0.96
Gyro: -2.44, -0.21, -1.46
Accel: -0.18, 0.03, -0.96
Gyro: -2.14, -0.51, -1.69
Accel: -0.18, 0.03, -0.95
Gyro: -2.04, -0.42, -1.37
Accel: -0.18, 0.03, -0.95
Gyro: -1.81, -0.67, -1.03
Accel: -0.17, 0.04, -0.95
Gyro: -1.93, -1.25, -0.87
Accel: -0.18, 0.03, -0.95
Gyro: -2.19, -1.08, -0.89
Accel: -0.18, 0.03, -0.96
Gyro: -2.11, -0.90, -0.75
Accel: -0.17, 0.02, -0.95
Gyro: -2.48, -1.24, -1.08
Accel: -0.18, 0.03, -0.97
Gyro: -2.12, -1.11, -1.28
Accel: -0.17, 0.03, -0.94
Gyro: -1.88, -0.53, -1.51
Accel: -0.18, 0.03, -0.95
Gyro: -1.01, -1.04, -0.95
Accel: -0.18, 0.03, -0.95
Gyro: -2.33, -1.55, -0.53
Accel: -0.19, 0.03, -0.96
Gyro: -2.56, -2.07, -0.47
Accel: -0.19, 0.02, -0.95
Gyro: -3.43, -1.38, -1.34
Accel: -0.19, 0.03, -0.95
Gyro: -2.82, -1.18, -2.01
Accel: -0.19, 0.04, -0.95
Gyro: -2.04, -0.86, -2.24
Accel: -0.19, 0.04, -0.97
Gyro: -3.16, -0.50, -1.37
Accel: -0.18, 0.04, -0.96
Gyro: -2.57, -0.47, -0.93
Accel: -0.18, 0.03, -0.97
Gyro: -1.40, 0.28, -0.46
Accel: -0.18, 0.03, -0.95
Gyro: -1.14, -0.15, -0.59
Accel: -0.17, 0.03, -0.95
Gyro: -1.45, 0.30, -0.62
Accel: -0.18, 0.03, -0.96
Gyro: -1.24, 0.25, -1.16
Accel: -0.17, 0.03, -0.95
Gyro: -1.33, -0.14, -1.00
Accel: -0.18, 0.03, -0.96
Gyro: -1.14, -0.48, -0.69
Accel: -0.18, 0.02, -0.96
Gyro: -1.53, -0.66, -0.56
Accel: -0.18, 0.02, -0.95
Gyro: -2.33, -0.85, -0.78
Accel: -0.18, 0.03, -0.96
Gyro: -2.36, -0.42, -0.84
Accel: -0.18, 0.02, -0.97
Gyro: -2.54, -0.16, -1.48
Accel: -0.18, 0.03, -0.96
Gyro: -2.59, 0.26, -1.82
Accel: -0.18, 0.04, -0.95
Gyro: -2.28, 0.11, -1.72
Accel: -0.17, 0.03, -0.96
Gyro: -2.17, -0.05, -1.14
Accel: -0.18, 0.03, -0.96
Gyro: -1.88, -0.02, -0.95
Accel: -0.17, 0.03, -0.95
Gyro: -1.66, -0.35, -0.78
Accel: -0.17, 0.02, -0.96
Gyro: -1.99, -0.49, -0.73
Accel: -0.18, 0.03, -0.96
Gyro: -1.66, -1.05, -0.84
Accel: -0.18, 0.02, -0.96
Gyro: -2.12, -0.98, -0.95
Accel: -0.18, 0.03, -0.96
Gyro: -2.08, -0.98, -1.32
Accel: -0.18, 0.03, -0.96
Gyro: -2.53, -0.15, -1.40
Accel: -0.17, 0.03, -0.95
Gyro: -1.00, -0.94, -1.38
Accel: -0.18, 0.03, -0.95
Gyro: -2.49, -1.15, -0.90
Accel: -0.18, 0.03, -0.96
Gyro: -2.91, -1.66, -0.60
Accel: -0.18, 0.02, -0.96
Gyro: -3.21, -1.21, -1.24
Accel: -0.19, 0.03, -0.95
Gyro: -2.78, -0.79, -2.17
Accel: -0.18, 0.03, -0.97
Gyro: -2.45, -0.23, -2.25
Accel: -0.19, 0.04, -0.96
Gyro: -1.76, -0.43, -1.82
Accel: -0.18, 0.04, -0.96
Gyro: -2.67, 0.29, -0.98
Accel: -0.18, 0.03, -0.97
Gyro: -0.98, 0.12, -0.32
Accel: -0.17, 0.02, -0.95
Gyro: -1.49, 0.29, -0.72
Accel: -0.17, 0.03, -0.96
Gyro: -1.72, 0.06, -0.45
Accel: -0.18, 0.03, -0.95
Gyro: -1.70, -0.60, -0.76
Accel: -0.18, 0.03, -0.95
Gyro: -1.74, -0.09, -0.69
Accel: -0.18, 0.03, -0.95
Gyro: -1.19, 0.24, -0.80
Accel: -0.18, 0.03, -0.95
Gyro: -1.21, -0.24, -0.74
Accel: -0.17, 0.02, -0.95
Gyro: -2.01, -0.54, -0.88
Accel: -0.18, 0.02, -0.96
Gyro: -2.40, -0.47, -1.11
Accel: -0.17, 0.02, -0.96
Gyro: -2.66, 0.05, -1.62
Accel: -0.17, 0.03, -0.95
Gyro: -2.50, 0.03, -1.95
Accel: -0.18, 0.02, -0.96
Gyro: -2.50, -0.35, -2.01
Accel: -0.18, 0.04, -0.96
Gyro: -2.46, -0.21, -1.72
Accel: -0.17, 0.03, -0.96
Gyro: -1.82, -0.13, -0.90
Accel: -0.18, 0.03, -0.96
Gyro: -1.75, 0.05, -0.42
Accel: -0.18, 0.03, -0.96
Gyro: -1.88, 0.50, -0.72
Accel: -0.17, 0.03, -0.96
Gyro: -1.72, 0.44, -0.83
Accel: -0.16, 0.02, -0.95
Gyro: -2.24, 0.63, -1.24
Accel: -0.16, 0.03, -0.95
Gyro: -2.09, -0.40, -1.57
Accel: -0.16, 0.03, -0.96
Gyro: -2.80, -0.11, -1.41
Accel: -0.16, 0.03, -0.95
Gyro: -1.40, -1.50, -1.46
Accel: -0.17, 0.02, -0.95
Gyro: -2.97, -1.41, -1.76
Accel: -0.18, 0.03, -0.96
Gyro: -3.04, -1.48, -1.39
Accel: -0.19, 0.03, -0.95
Gyro: -3.28, -0.56, -1.17
Accel: -0.18, 0.04, -0.96
Gyro: -3.02, -0.37, -1.79
Accel: -0.17, 0.04, -0.95
Gyro: -2.32, -0.22, -1.93
Accel: -0.17, 0.04, -0.96
Gyro: -1.94, -0.24, -1.12
Accel: -0.17, 0.04, -0.97
Gyro: -3.05, 0.64, -0.79
Accel: -0.17, 0.03, -0.96
Gyro: -1.37, 0.45, -0.63
Accel: -0.16, 0.04, -0.94
Gyro: -1.50, 0.57, -1.04
Accel: -0.16, 0.04, -0.95
Gyro: -1.78, 0.02, -1.12
Accel: -0.17, 0.03, -0.95
Gyro: -1.34, -0.24, -1.12
Accel: -0.16, 0.03, -0.95
Gyro: -1.09, -0.63, -0.63
Accel: -0.17, 0.02, -0.96
Gyro: -0.87, -0.88, -0.72
Accel: -0.17, 0.03, -0.96
Gyro: -1.09, -1.17, -0.87
Accel: -0.17, 0.02, -0.96
Gyro: -1.93, -0.85, -1.24
Accel: -0.17, 0.03, -0.96
Gyro: -1.90, -0.62, -1.60
Accel: -0.17, 0.02, -0.96
Gyro: -2.13, -0.27, -1.84
Accel: -0.17, 0.02, -0.96
Gyro: -2.08, -0.37, -1.56
Accel: -0.17, 0.03, -0.95
Gyro: -2.05, -0.31, -1.54
Accel: -0.17, 0.04, -0.96
Gyro: -1.62, -0.39, -1.25
Accel: -0.17, 0.03, -0.95
Gyro: -1.78, -0.60, -1.12
Accel: -0.17, 0.02, -0.97
Gyro: -2.28, -0.98, -1.08
Accel: -0.17, 0.03, -0.96
Gyro: -2.40, -1.25, -1.35
Accel: -0.17, 0.02, -0.97
Gyro: -2.55, -0.74, -1.81
Accel: -0.17, 0.03, -0.96
Gyro: -2.04, -0.75, -1.97
Accel: -0.16, 0.04, -0.95
Gyro: -1.98, -0.25, -1.53
Accel: -0.16, 0.03, -0.94
Gyro: -1.43, -1.41, -1.04
Accel: -0.17, 0.02, -0.97
Gyro: -3.20, -1.62, -1.02
Accel: -0.16, 0.03, -0.97
Gyro: -2.57, -1.85, -1.36
Accel: -0.17, 0.03, -0.96
Gyro: -2.68, -1.66, -1.56
Accel: -0.18, 0.03, -0.96
Gyro: -2.79, -1.26, -1.79
Accel: -0.18, 0.03, -0.96
Gyro: -2.19, -1.18, -1.51
Accel: -0.18, 0.03, -0.97
Gyro: -2.04, -1.04, -1.05
