Accel: -0.27, 0.05, -0.92
Gyro: -1.79, 1.50, -2.34
Accel: -0.26, 0.06, -0.93
Gyro: -2.52, -0.89, -1.88
Accel: -0.27, 0.06, -0.95
Gyro: -2.95, -0.34, -1.40
Accel: -0.26, 0.06, -0.95
Gyro: -3.65, 1.16, -1.36
Accel: -0.26, 0.06, -0.93
Gyro: -2.51, 1.23, -1.73
Accel: -0.26, 0.06, -0.94
Gyro: -1.79, 0.60, -2.18
Accel: -0.26, 0.06, -0.94
Gyro: -2.80, 0.47, -2.07
Accel: -0.25, 0.07, -0.93
Gyro: -2.70, 0.07, -1.90
Accel: -0.25, 0.06, -0.92
Gyro: -0.64, -1.31, -1.09
Accel: -0.26, 0.06, -0.94
Gyro: -1.95, -1.66, -0.45
Accel: -0.25, 0.05, -0.94
Gyro: -2.89, -1.02, -0.54
Accel: -0.25, 0.06, -0.93
Gyro: -3.04, -0.44, -0.85
Accel: -0.26, 0.06, -0.93
Gyro: -2.17, -0.85, -1.28
Accel: -0.26, 0.06, -0.94
Gyro: -2.10, -1.45, -1.43
Accel: -0.26, 0.06, -0.93
Gyro: -2.49, -1.19, -1.33
Accel: -0.26, 0.06, -0.93
Gyro: -1.95, -0.88, -0.79
Accel: -0.26, 0.06, -0.94
Gyro: -1.08, -1.24, -0.50
Accel: -0.26, 0.06, -0.94
Gyro: -2.36, -0.83, -0.87
Accel: -0.26, 0.05, -0.94
Gyro: -3.18, -0.38, -1.46
Accel: -0.26, 0.06, -0.93
Gyro: -2.30, -0.24, -1.57
Accel: -0.26, 0.06, -0.93
Gyro: -1.85, 0.24, -1.43
Accel: -0.25, 0.06, -0.93
Gyro: -2.17, 0.00, -1.25
Accel: -0.26, 0.07, -0.93
Gyro: -2.30, -0.37, -1.09
Accel: -0.25, 0.06, -0.95
Gyro: -2.11, -0.53, -0.82
Accel: -0.26, 0.06, -0.93
Gyro: -1.67, 0.22, -1.08
Accel: -0.25, 0.06, -0.92
Gyro: 0.14, -1.01, -0.98
Accel: -0.26, 0.06, -0.93
Gyro: -1.11, -1.75, -0.14
Accel: -0.27, 0.06, -0.93
Gyro: -1.10, -1.62, 0.18
Accel: -0.26, 0.05, -0.94
Gyro: -0.89, -1.14, -0.43
Accel: -0.27, 0.05, -0.95
Gyro: -0.76, -1.55, -0.94
Accel: -0.26, 0.06, -0.95
Gyro: -1.18, -0.98, -1.72
Accel: -0.26, 0.06, -0.94
Gyro: -0.85, -0.18, -1.32
Accel: -0.27, 0.06, -0.93
Gyro: -1.32, -0.11, -1.11
Accel: -0.26, 0.05, -0.94
Gyro: -0.47, 0.11, -1.06
Accel: -0.26, 0.05, -0.94
Gyro: -1.34, 0.17, -0.92
Accel: -0.26, 0.06, -0.92
Gyro: -1.47, -0.19, -1.11
Accel: -0.25, 0.05, -0.93
Gyro: -0.71, -0.48, -1.22
Accel: -0.26, 0.06, -0.93
Gyro: -0.76, -0.27, -0.81
Accel: -0.26, 0.05, -0.93
Gyro: -0.54, -0.50, -0.32
Accel: -0.27, 0.05, -0.93
Gyro: -0.37, -0.94, -0.35
Accel: -0.27, 0.05, -0.94
Gyro: -0.85, -0.72, -0.28
Accel: -0.26, 0.04, -0.95
Gyro: -1.44, -0.47, -0.87
Accel: -0.26, 0.05, -0.94
Gyro: -1.21, 0.14, -1.37
Accel: -0.25, 0.05, -0.93
Gyro: -1.66, 0.30, -1.50
Accel: -0.27, 0.06, -0.94
Gyro: -1.50, 0.54, -0.91
Accel: -0.26, 0.05, -0.94
Gyro: -1.14, 0.41, -0.50
Accel: -0.26, 0.05, -0.94
Gyro: -0.36, 0.34, -0.21
Accel: -0.25, 0.05, -0.94
Gyro: -0.66, 0.44, -0.02
Accel: -0.26, 0.05, -0.95
Gyro: -1.10, 0.96, -0.31
Accel: -0.25, 0.04, -0.94
Gyro: -1.63, 1.32, -0.34
Accel: -0.25, 0.04, -0.94
Gyro: -1.71, 1.12, -0.17
Accel: -0.24, 0.05, -0.93
Gyro: -2.56, 0.66, 0.14
Accel: -0.24, 0.05, -0.93
Gyro: -2.73, 0.71, -0.07
Accel: -0.25, 0.04, -0.94
Gyro: -3.08, 0.29, -0.78
Accel: -0.25, 0.04, -0.95
Gyro: -2.75, 0.14, -1.20
Accel: -0.25, 0.05, -0.95
Gyro: -1.95, 0.67, -1.40
Accel: -0.24, 0.05, -0.93
Gyro: -1.08, 0.56, -0.96
Accel: -0.24, 0.05, -0.92
Gyro: -2.17, 0.13, -0.72
Accel: -0.24, 0.05, -0.94
Gyro: -1.27, -0.67, -0.05
Accel: -0.25, 0.05, -0.95
Gyro: -1.56, -0.31, 0.25
Accel: -0.25, 0.05, -0.93
Gyro: -2.13, -0.21, 0.03
Accel: -0.25, 0.05, -0.94
Gyro: -1.90, -0.14, -0.44
Accel: -0.25, 0.04, -0.95
Gyro: -1.77, -0.08, -0.70
Accel: -0.25, 0.05, -0.93
Gyro: -3.01, 0.53, -0.92
Accel: -0.25, 0.05, -0.94
Gyro: -1.85, 0.66, -0.39
Accel: -0.24, 0.05, -0.94
Gyro: -2.37, 0.35, -0.74
Accel: -0.25, 0.06, -0.94
Gyro: -2.73, 0.48, -0.52
Accel: -0.24, 0.06, -0.94
Gyro: -1.59, 0.43, -0.72
Accel: -0.24, 0.05, -0.94
Gyro: -1.02, 0.65, -0.85
Accel: -0.24, 0.05, -0.94
Gyro: -0.47, 0.57, -0.37
Accel: -0.24, 0.05, -0.94
Gyro: -0.37, 0.11, -0.14
Accel: -0.23, 0.04, -0.94
Gyro: -1.01, 0.30, 0.49
Accel: -0.24, 0.04, -0.94
Gyro: -1.01, 0.34, 0.78
Accel: -0.24, 0.04, -0.94
Gyro: -1.62, 0.71, 0.28
Accel: -0.24, 0.05, -0.94
Gyro: -2.19, 0.61, -0.16
Accel: -0.23, 0.04, -0.95
Gyro: -2.20, 0.57, -0.79
Accel: -0.23, 0.04, -0.94
Gyro: -1.91, 0.53, -1.44
Accel: -0.23, 0.04, -0.93
Gyro: -1.79, 0.79, -1.52
Accel: -0.24, 0.04, -0.93
Gyro: -2.18, 0.60, -1.40
Accel: -0.23, 0.05, -0.94
Gyro: -2.56, 0.51, -1.56
Accel: -0.24, 0.04, -0.94
Gyro: -3.04, 0.62, -1.69
Accel: -0.24, 0.04, -0.95
Gyro: -2.78, 0.48, -1.69
Accel: -0.24, 0.05, -0.94
Gyro: -2.75, 0.76, -1.79
Accel: -0.24, 0.05, -0.95
Gyro: -2.25, 1.17, -1.74
Accel: -0.23, 0.06, -0.95
Gyro: -2.02, 1.81, -1.41
Accel: -0.23, 0.05, -0.94
Gyro: -1.39, 1.14, -1.30
Accel: -0.23, 0.04, -0.93
Gyro: -1.74, 0.34, -0.98
Accel: -0.23, 0.05, -0.94
Gyro: -1.98, 0.30, -0.79
Accel: -0.24, 0.04, -0.95
Gyro: -2.33, -0.03, -0.75
Accel: -0.23, 0.04, -0.93
Gyro: -2.30, -0.10, -1.16
Accel: -0.24, 0.05, -0.95
Gyro: -1.56, -0.56, -1.45
Accel: -0.24, 0.05, -0.95
Gyro: -1.30, -0.11, -1.06
Accel: -0.24, 0.04, -0.96
Gyro: -2.43, 1.15, -0.59
Accel: -0.23, 0.04, -0.94
Gyro: -1.14, 1.82, -0.02
Accel: -0.23, 0.04, -0.95
Gyro: -1.85, 2.44, -0.77
Accel: -0.23, 0.04, -0.94
Gyro: -3.34, 2.38, -1.42
Accel: -0.22, 0.05, -0.94
Gyro: -3.27, 1.88, -1.98
Accel: -0.22, 0.05, -0.94
Gyro: -2.67, 1.63, -1.77
Accel: -0.22, 0.05, -0.95
Gyro: -1.93, 1.50, -1.10
Accel: -0.23, 0.06, -0.94
Gyro: -1.39, 1.40, 0.27
Accel: -0.22, 0.05, -0.94
Gyro: -1.53, 0.76, 0.38
