Accel: -0.22, 0.04, -0.94
Gyro: -1.33, -0.27, -0.07
Accel: -0.22, 0.05, -0.94
Gyro: -1.19, -0.15, 0.20
Accel: -0.21, 0.05, -0.94
Gyro: -1.79, 0.50, 0.90
Accel: -0.22, 0.06, -0.94
Gyro: -0.64, -0.88, 1.81
Accel: -0.22, 0.04, -0.95
Gyro: -1.42, -0.37, 2.46
Accel: -0.22, 0.03, -0.95
Gyro: -2.33, 0.66, 0.98
Accel: -0.22, 0.04, -0.94
Gyro: -1.66, 0.41, -0.56
Accel: -0.22, 0.05, -0.94
Gyro: -0.56, 0.25, -1.05
Accel: -0.22, 0.05, -0.95
Gyro: -1.40, 1.17, -0.29
Accel: -0.20, 0.05, -0.95
Gyro: -1.45, 1.69, 0.36
Accel: -0.22, 0.05, -0.95
Gyro: -0.31, 0.66, 0.82
Accel: -0.21, 0.04, -0.95
Gyro: -0.79, 0.05, 0.40
Accel: -0.21, 0.04, -0.94
Gyro: -1.93, 0.16, -0.34
Accel: -0.21, 0.04, -0.94
Gyro: -2.55, 0.06, -1.23
Accel: -0.20, 0.04, -0.93
Gyro: -2.17, -0.56, -2.75
Accel: -0.20, 0.05, -0.93
Gyro: -1.75, -1.66, -2.99
Accel: -0.21, 0.07, -0.95
Gyro: -1.57, -2.85, -1.83
Accel: -0.22, 0.05, -0.97
Gyro: -1.74, -1.48, 0.92
Accel: -0.21, 0.05, -0.95
Gyro: -1.69, -0.65, 1.92
Accel: -0.22, 0.03, -0.95
Gyro: -1.84, -0.14, 0.86
Accel: -0.21, 0.03, -0.95
Gyro: -1.41, -1.03, -1.65
Accel: -0.22, 0.04, -0.96
Gyro: -2.20, -0.53, -2.31
Accel: -0.22, 0.05, -0.96
Gyro: -3.32, 0.72, -2.16
Accel: -0.21, 0.05, -0.94
Gyro: -1.33, 0.92, -1.35
Accel: -0.21, 0.04, -0.96
Gyro: -2.48, 0.61, -1.00
Accel: -0.21, 0.05, -0.95
Gyro: -3.61, 0.27, -1.46
Accel: -0.21, 0.05, -0.95
Gyro: -2.49, 0.31, -1.81
Accel: -0.20, 0.05, -0.95
Gyro: -1.88, -0.18, -2.26
Accel: -0.21, 0.05, -0.95
Gyro: -1.82, -0.50, -2.05
Accel: -0.21, 0.05, -0.95
Gyro: -1.51, -0.82, -1.19
Accel: -0.21, 0.05, -0.95
Gyro: -1.89, -0.08, -0.17
Accel: -0.21, 0.04, -0.96
Gyro: -2.09, 0.11, -0.27
Accel: -0.21, 0.03, -0.96
Gyro: -2.81, 1.23, -1.07
Accel: -0.21, 0.04, -0.96
Gyro: -2.69, 1.11, -2.46
Accel: -0.21, 0.05, -0.94
Gyro: -2.75, 1.41, -3.24
Accel: -0.20, 0.05, -0.94
Gyro: -2.18, 1.31, -3.02
Accel: -0.21, 0.05, -0.95
Gyro: -1.85, 1.57, -2.48
Accel: -0.20, 0.04, -0.94
Gyro: -1.76, 1.14, -2.46
Accel: -0.20, 0.05, -0.95
Gyro: -1.82, 0.43, -2.57
Accel: -0.20, 0.05, -0.95
Gyro: -1.78, -0.26, -2.77
Accel: -0.20, 0.05, -0.95
Gyro: -1.66, -0.59, -2.47
Accel: -0.20, 0.04, -0.95
Gyro: -1.12, -1.25, -1.83
Accel: -0.20, 0.03, -0.96
Gyro: -2.65, -0.13, -1.40
Accel: -0.20, 0.03, -0.95
Gyro: -3.27, 0.58, -1.63
Accel: -0.20, 0.03, -0.93
Gyro: -3.51, 0.34, -2.61
Accel: -0.20, 0.05, -0.95
Gyro: -3.28, -0.82, -2.84
Accel: -0.20, 0.06, -0.96
Gyro: -3.53, 0.38, -2.77
Accel: -0.20, 0.06, -0.95
Gyro: -0.77, 0.01, -1.94
Accel: -0.20, 0.06, -0.95
Gyro: -0.82, -0.71, -1.08
Accel: -0.20, 0.05, -0.95
Gyro: -0.72, -1.40, -0.21
Accel: -0.20, 0.04, -0.95
Gyro: -2.07, -1.04, 0.40
Accel: -0.20, 0.04, -0.95
Gyro: -2.85, -1.11, -0.12
Accel: -0.21, 0.04, -0.95
Gyro: -1.90, -1.51, -1.34
Accel: -0.21, 0.05, -0.95
Gyro: -1.83, -1.49, -1.48
Accel: -0.21, 0.06, -0.96
Gyro: -2.98, -0.98, -0.95
Accel: -0.20, 0.05, -0.95
Gyro: -2.29, -0.27, -1.07
Accel: -0.21, 0.03, -0.96
Gyro: -1.29, -0.01, -0.69
Accel: -0.21, 0.05, -0.96
Gyro: -2.64, 0.10, -1.56
Accel: -0.20, 0.05, -0.95
Gyro: -2.27, 0.28, -1.84
Accel: -0.20, 0.05, -0.95
Gyro: -1.64, -0.28, -2.25
Accel: -0.20, 0.05, -0.95
Gyro: -1.20, -0.01, -1.91
Accel: -0.20, 0.04, -0.95
Gyro: -0.91, -0.31, -1.20
Accel: -0.20, 0.05, -0.95
Gyro: -1.63, -1.07, -0.61
Accel: -0.20, 0.04, -0.95
Gyro: -1.88, -0.92, -0.90
Accel: -0.20, 0.04, -0.94
Gyro: -1.83, -0.75, -1.46
Accel: -0.21, 0.04, -0.95
Gyro: -1.79, -0.72, -1.73
Accel: -0.20, 0.04, -0.95
Gyro: -2.42, -0.37, -1.61
Accel: -0.20, 0.04, -0.96
Gyro: -2.52, -0.56, -1.54
Accel: -0.20, 0.04, -0.94
Gyro: -2.20, -0.89, -1.66
Accel: -0.21, 0.05, -0.95
Gyro: -2.04, -0.91, -1.66
Accel: -0.20, 0.04, -0.94
Gyro: -1.77, -0.32, -1.66
Accel: -0.20, 0.04, -0.94
Gyro: -1.33, -0.87, -1.30
Accel: -0.20, 0.04, -0.95
Gyro: -1.52, -0.50, -1.18
Accel: -0.20, 0.04, -0.95
Gyro: -1.55, -0.36, -1.20
Accel: -0.20, 0.03, -0.96
Gyro: -1.94, -0.39, -1.36
Accel: -0.20, 0.04, -0.95
Gyro: -1.87, -0.86, -1.69
Accel: -0.20, 0.04, -0.95
Gyro: -2.00, -0.50, -1.76
Accel: -0.21, 0.03, -0.95
Gyro: -2.63, -0.03, -1.61
Accel: -0.20, 0.04, -0.95
Gyro: -2.25, -0.48, -1.67
Accel: -0.20, 0.04, -0.96
Gyro: -2.66, 0.15, -1.24
Accel: -0.19, 0.05, -0.93
Gyro: -0.98, -0.32, -1.40
Accel: -0.20, 0.04, -0.94
Gyro: -1.30, -0.73, -0.90
Accel: -0.19, 0.04, -0.94
Gyro: -1.64, -1.30, -0.87
Accel: -0.21, 0.03, -0.95
Gyro: -1.72, -1.50, -0.64
Accel: -0.20, 0.03, -0.94
Gyro: -2.33, -1.53, -0.97
Accel: -0.20, 0.03, -0.96
Gyro: -2.49, -0.87, -1.36
Accel: -0.21, 0.04, -0.95
Gyro: -2.30, -0.64, -1.86
Accel: -0.20, 0.04, -0.95
Gyro: -2.47, -1.15, -1.79
Accel: -0.21, 0.04, -0.96
Gyro: -2.53, -0.72, -1.43
Accel: -0.20, 0.05, -0.96
Gyro: -1.71, 0.24, -0.91
Accel: -0.20, 0.04, -0.94
Gyro: -1.92, 0.47, -1.34
Accel: -0.20, 0.05, -0.95
Gyro: -1.66, -0.13, -1.14
Accel: -0.20, 0.04, -0.95
Gyro: -1.52, -0.50, -1.28
Accel: -0.20, 0.04, -0.95
Gyro: -1.51, -0.46, -1.02
Accel: -0.20, 0.04, -0.95
Gyro: -0.87, -0.40, -0.54
Accel: -0.20, 0.04, -0.96
Gyro: -0.70, -1.17, -0.37
Accel: -0.20, 0.03, -0.95
Gyro: -1.90, -1.40, -0.34
Accel: -0.20, 0.02, -0.95
Gyro: -2.44, -0.92, -0.89
Accel: -0.20, 0.03, -0.95
Gyro: -2.19, -0.53, -1.63
Accel: -0.21, 0.04, -0.96
Gyro: -2.19, -0.84, -1.80
Accel: -0.20, 0.04, -0.95
Gyro: -2.38, -0.72, -1.61
