Accel: -0.20, 0.04, -0.96
Gyro: -2.39, -0.72, -1.21
Accel: -0.21, 0.04, -0.95
Gyro: -2.39, -0.24, -1.00
Accel: -0.20, 0.04, -0.95
Gyro: -2.04, -0.12, -1.00
Accel: -0.20, 0.04, -0.95
Gyro: -2.11, -0.63, -1.37
Accel: -0.20, 0.04, -0.94
Gyro: -2.51, -0.64, -1.40
Accel: -0.20, 0.04, -0.94
Gyro: -2.42, -0.67, -1.39
Accel: -0.20, 0.04, -0.95
Gyro: -1.85, -0.82, -1.50
Accel: -0.20, 0.04, -0.95
Gyro: -2.30, -0.36, -1.27
Accel: -0.19, 0.05, -0.94
Gyro: -2.14, -0.64, -1.11
Accel: -0.20, 0.04, -0.95
Gyro: -2.13, -0.93, -1.05
Accel: -0.20, 0.04, -0.96
Gyro: -2.40, -0.40, -1.16
Accel: -0.20, 0.04, -0.95
Gyro: -2.08, -0.50, -1.30
Accel: -0.20, 0.04, -0.95
Gyro: -2.07, 0.19, -1.40
Accel: -0.21, 0.05, -0.94
Gyro: -0.31, -1.02, -1.40
Accel: -0.21, 0.04, -0.95
Gyro: -1.46, -0.65, -1.11
Accel: -0.20, 0.04, -0.95
Gyro: -1.77, -1.14, -0.62
Accel: -0.21, 0.03, -0.94
Gyro: -1.88, -1.56, -0.77
Accel: -0.20, 0.03, -0.95
Gyro: -2.56, -1.59, -1.06
Accel: -0.21, 0.03, -0.96
Gyro: -2.43, -0.95, -1.76
Accel: -0.21, 0.04, -0.96
Gyro: -2.08, -0.22, -1.63
Accel: -0.21, 0.05, -0.95
Gyro: -3.11, 0.12, -1.09
Accel: -0.20, 0.05, -0.95
Gyro: -2.20, -0.01, -1.00
Accel: -0.20, 0.04, -0.94
Gyro: -2.30, -0.43, -0.62
Accel: -0.21, 0.05, -0.96
Gyro: -2.52, -0.78, -0.93
Accel: -0.20, 0.04, -0.95
Gyro: -1.63, -0.08, -1.21
Accel: -0.20, 0.04, -0.94
Gyro: -1.20, -0.30, -0.91
Accel: -0.20, 0.04, -0.94
Gyro: -1.09, -1.15, -0.66
Accel: -0.21, 0.04, -0.96
Gyro: -1.06, -0.37, -0.33
Accel: -0.21, 0.03, -0.95
Gyro: -1.10, -0.30, -0.14
Accel: -0.20, 0.03, -0.94
Gyro: -1.24, -0.63, -0.52
Accel: -0.20, 0.03, -0.95
Gyro: -1.66, -0.07, -0.48
Accel: -0.20, 0.03, -0.96
Gyro: -2.40, 0.22, -1.21
Accel: -0.20, 0.04, -0.95
Gyro: -2.01, -0.31, -1.01
Accel: -0.20, 0.04, -0.95
Gyro: -1.98, -0.26, -0.92
Accel: -0.19, 0.04, -0.95
Gyro: -2.36, 0.25, -0.82
Accel: -0.19, 0.04, -0.96
Gyro: -2.32, -0.02, -0.92
Accel: -0.19, 0.03, -0.95
Gyro: -2.15, -0.47, -1.40
Accel: -0.20, 0.04, -0.95
Gyro: -2.29, -0.91, -1.43
Accel: -0.20, 0.05, -0.95
Gyro: -2.24, -0.90, -1.56
Accel: -0.20, 0.04, -0.95
Gyro: -2.05, -0.88, -1.24
Accel: -0.19, 0.04, -0.96
Gyro: -1.79, -1.00, -0.84
Accel: -0.20, 0.04, -0.94
Gyro: -1.67, -0.66, -1.05
Accel: -0.20, 0.04, -0.95
Gyro: -1.82, -0.34, -0.88
Accel: -0.20, 0.03, -0.94
Gyro: -2.03, -0.70, -1.08
Accel: -0.19, 0.04, -0.96
Gyro: -1.89, -1.11, -1.14
Accel: -0.20, 0.04, -0.96
Gyro: -2.27, 0.09, -1.49
Accel: -0.19, 0.04, -0.95
Gyro: -0.91, -0.24, -1.46
Accel: -0.20, 0.03, -0.95
Gyro: -2.05, -0.59, -0.96
Accel: -0.20, 0.04, -0.94
Gyro: -2.20, -1.60, -0.88
Accel: -0.20, 0.03, -0.95
Gyro: -2.20, -1.50, -0.69
Accel: -0.21, 0.03, -0.95
Gyro: -2.44, -0.95, -1.09
Accel: -0.20, 0.03, -0.95
Gyro: -2.38, -0.45, -1.34
Accel: -0.21, 0.03, -0.94
Gyro: -1.97, -0.04, -1.69
Accel: -0.20, 0.04, -0.97
Gyro: -3.12, 0.28, -1.50
Accel: -0.19, 0.04, -0.96
Gyro: -2.68, 1.59, -1.53
Accel: -0.20, 0.03, -0.94
Gyro: -2.30, 1.74, -1.47
Accel: -0.19, 0.04, -0.95
Gyro: -2.58, 0.85, -1.66
Accel: -0.19, 0.04, -0.96
Gyro: -2.02, 0.19, -1.55
Accel: -0.19, 0.04, -0.96
Gyro: -1.53, 0.22, -1.14
Accel: -0.18, 0.04, -0.94
Gyro: -0.64, 0.11, -0.57
Accel: -0.19, 0.03, -0.95
Gyro: -0.89, -0.56, -0.41
Accel: -0.20, 0.03, -0.95
Gyro: -1.47, -0.50, -0.62
Accel: -0.19, 0.03, -0.96
Gyro: -2.35, -0.53, -0.96
Accel: -0.19, 0.04, -0.95
Gyro: -2.02, -0.56, -1.27
Accel: -0.19, 0.04, -0.95
Gyro: -1.96, -0.82, -1.54
Accel: -0.19, 0.04, -0.96
Gyro: -2.04, -1.09, -1.50
Accel: -0.20, 0.03, -0.95
Gyro: -2.29, -1.37, -1.49
Accel: -0.19, 0.04, -0.95
Gyro: -2.47, -0.95, -1.38
Accel: -0.19, 0.04, -0.96
Gyro: -2.16, -1.07, -1.58
Accel: -0.20, 0.03, -0.96
Gyro: -2.49, -0.86, -1.82
Accel: -0.20, 0.04, -0.95
Gyro: -2.26, -0.65, -1.68
Accel: -0.20, 0.04, -0.95
Gyro: -2.33, -0.77, -1.65
Accel: -0.20, 0.04, -0.96
Gyro: -2.11, -0.72, -1.37
Accel: -0.19, 0.04, -0.95
Gyro: -2.31, -0.43, -1.12
Accel: -0.19, 0.04, -0.93
Gyro: -2.70, -0.28, -1.24
Accel: -0.20, 0.04, -0.95
Gyro: -2.46, -0.43, -1.22
Accel: -0.20, 0.04, -0.97
Gyro: -1.78, 0.09, -1.47
Accel: -0.20, 0.04, -0.95
Gyro: -1.32, -0.37, -1.02
Accel: -0.20, 0.04, -0.95
Gyro: -1.72, -0.68, -0.95
Accel: -0.21, 0.04, -0.95
Gyro: -1.88, -0.40, -0.66
Accel: -0.20, 0.04, -0.96
Gyro: -1.70, -0.46, -1.09
Accel: -0.20, 0.04, -0.96
Gyro: -1.70, 0.05, -1.15
Accel: -0.20, 0.04, -0.96
Gyro: -1.43, 0.48, -1.23
Accel: -0.21, 0.04, -0.96
Gyro: -1.72, 0.46, -0.87
Accel: -0.20, 0.04, -0.96
Gyro: -2.24, 1.05, -1.17
Accel: -0.20, 0.04, -0.96
Gyro: -1.12, 2.14, -0.58
Accel: -0.19, 0.04, -0.96
Gyro: -1.46, 2.70, -0.53
Accel: -0.20, 0.04, -0.95
Gyro: -1.32, 2.86, -0.30
Accel: -0.19, 0.03, -0.95
Gyro: -1.29, 2.01, -0.66
Accel: -0.18, 0.03, -0.94
Gyro: -1.60, 1.11, -0.92
Accel: -0.18, 0.04, -0.96
Gyro: -1.98, 1.01, -1.01
Accel: -0.18, 0.04, -0.95
Gyro: -2.20, 1.06, -1.24
Accel: -0.19, 0.04, -0.96
Gyro: -2.03, 0.50, -1.01
Accel: -0.19, 0.04, -0.96
Gyro: -2.20, 1.05, -0.72
Accel: -0.18, 0.03, -0.96
Gyro: -2.29, 1.64, -0.48
Accel: -0.18, 0.04, -0.96
Gyro: -1.83, 1.72, -0.66
Accel: -0.17, 0.04, -0.96
Gyro: -1.74, 1.71, -0.85
Accel: -0.17, 0.04, -0.95
Gyro: -1.85, 1.17, -1.19
Accel: -0.17, 0.04, -0.95
Gyro: -2.24, 1.11, -1.39
Accel: -0.17, 0.04, -0.94
Gyro: -2.40, 0.79, -1.14
Accel: -0.17, 0.04, -0.97
Gyro: -2.72, 0.15, -0.98
