Accel: -0.15, 0.05, -0.96
Gyro: -1.97, -1.01, -0.83
Accel: -0.15, 0.05, -0.96
Gyro: -1.98, -0.95, -0.87
Accel: -0.15, 0.05, -0.96
Gyro: -2.09, -0.74, -1.07
Accel: -0.15, 0.05, -0.96
Gyro: -1.68, -1.09, -1.33
Accel: -0.16, 0.05, -0.96
Gyro: -2.41, -0.35, -1.46
Accel: -0.16, 0.05, -0.96
Gyro: -0.62, -1.10, -1.39
Accel: -0.16, 0.05, -0.95
Gyro: -1.87, -1.16, -0.68
Accel: -0.16, 0.05, -0.95
Gyro: -2.23, -2.04, -0.35
Accel: -0.16, 0.04, -0.96
Gyro: -2.61, -2.46, -1.01
Accel: -0.16, 0.05, -0.97
Gyro: -2.96, -2.14, -1.43
Accel: -0.16, 0.05, -0.96
Gyro: -2.49, -1.57, -2.20
Accel: -0.16, 0.05, -0.96
Gyro: -1.88, -1.37, -1.94
Accel: -0.16, 0.06, -0.97
Gyro: -3.13, -0.82, -1.32
Accel: -0.16, 0.06, -0.97
Gyro: -1.68, -0.24, -0.54
Accel: -0.16, 0.05, -0.96
Gyro: -1.78, 0.57, -0.79
Accel: -0.16, 0.05, -0.96
Gyro: -1.63, 0.27, -0.90
Accel: -0.16, 0.05, -0.96
Gyro: -1.73, 0.19, -1.40
Accel: -0.15, 0.05, -0.96
Gyro: -1.63, -0.13, -1.46
Accel: -0.15, 0.05, -0.95
Gyro: -1.37, -0.31, -1.11
Accel: -0.15, 0.05, -0.96
Gyro: -1.17, -0.58, -0.80
Accel: -0.15, 0.04, -0.95
Gyro: -2.01, -1.24, -0.56
Accel: -0.16, 0.04, -0.95
Gyro: -2.19, -1.77, -0.96
Accel: -0.16, 0.05, -0.97
Gyro: -2.12, -1.33, -1.27
Accel: -0.17, 0.05, -0.96
Gyro: -2.43, -0.79, -1.60
Accel: -0.16, 0.05, -0.96
Gyro: -2.56, -0.40, -1.56
Accel: -0.16, 0.05, -0.97
Gyro: -2.67, -0.59, -1.58
Accel: -0.15, 0.05, -0.97
Gyro: -2.44, -0.16, -1.24
Accel: -0.16, 0.05, -0.96
Gyro: -1.91, -0.16, -1.11
Accel: -0.16, 0.05, -0.96
Gyro: -1.88, -0.21, -0.82
Accel: -0.16, 0.05, -0.95
Gyro: -1.69, -0.56, -0.69
Accel: -0.16, 0.05, -0.97
Gyro: -1.48, -0.98, -0.83
Accel: -0.16, 0.05, -0.95
Gyro: -1.91, -0.94, -0.99
Accel: -0.16, 0.05, -0.96
Gyro: -1.69, -1.49, -0.89
Accel: -0.16, 0.05, -0.97
Gyro: -2.49, -0.50, -1.11
Accel: -0.16, 0.05, -0.95
Gyro: -0.81, -1.18, -1.24
Accel: -0.16, 0.05, -0.95
Gyro: -2.06, -1.49, -0.97
Accel: -0.16, 0.05, -0.95
Gyro: -2.55, -2.29, -0.50
Accel: -0.17, 0.05, -0.95
Gyro: -3.05, -1.78, -1.18
Accel: -0.17, 0.05, -0.96
Gyro: -2.88, -1.37, -1.98
Accel: -0.17, 0.05, -0.96
Gyro: -2.53, -0.79, -2.06
Accel: -0.16, 0.06, -0.96
Gyro: -1.67, -0.79, -1.75
Accel: -0.17, 0.06, -0.96
Gyro: -2.81, 0.53, -0.95
Accel: -0.17, 0.06, -0.96
Gyro: -0.97, 0.55, -0.63
Accel: -0.16, 0.05, -0.97
Gyro: -1.48, 1.40, -1.02
Accel: -0.16, 0.05, -0.96
Gyro: -1.37, 1.28, -0.98
Accel: -0.15, 0.04, -0.95
Gyro: -1.24, 0.95, -1.32
Accel: -0.15, 0.05, -0.95
Gyro: -1.56, 0.23, -1.45
Accel: -0.15, 0.05, -0.95
Gyro: -1.25, -0.18, -1.36
Accel: -0.15, 0.05, -0.95
Gyro: -1.14, -0.69, -1.08
Accel: -0.15, 0.05, -0.95
Gyro: -2.10, -1.36, -0.72
Accel: -0.15, 0.04, -0.96
Gyro: -2.61, -1.69, -0.89
Accel: -0.15, 0.05, -0.95
Gyro: -2.66, -1.40, -1.53
Accel: -0.15, 0.05, -0.98
Gyro: -2.83, -1.19, -1.94
Accel: -0.16, 0.05, -0.96
Gyro: -2.45, -0.65, -1.95
Accel: -0.16, 0.05, -0.96
Gyro: -2.59, -1.03, -1.52
Accel: -0.16, 0.05, -0.95
Gyro: -2.21, -0.84, -1.08
Accel: -0.16, 0.05, -0.96
Gyro: -2.13, -1.13, -1.07
Accel: -0.16, 0.05, -0.96
Gyro: -2.44, -1.36, -1.27
Accel: -0.16, 0.05, -0.96
Gyro: -2.05, -1.45, -1.23
Accel: -0.17, 0.05, -0.96
Gyro: -2.39, -1.20, -0.92
Accel: -0.16, 0.05, -0.95
Gyro: -2.31, -1.50, -1.06
Accel: -0.16, 0.05, -0.96
Gyro: -2.97, -1.16, -1.23
Accel: -0.17, 0.05, -0.97
Gyro: -2.59, -1.33, -1.44
Accel: -0.16, 0.05, -0.97
Gyro: -2.47, 0.17, -1.69
Accel: -0.16, 0.05, -0.95
Gyro: -0.67, -0.93, -1.20
Accel: -0.16, 0.05, -0.95
Gyro: -2.45, -1.67, -0.60
Accel: -0.16, 0.05, -0.95
Gyro: -2.52, -1.82, -0.53
Accel: -0.16, 0.04, -0.96
Gyro: -2.82, -1.35, -1.05
Accel: -0.16, 0.05, -0.96
Gyro: -2.37, -1.21, -1.78
Accel: -0.17, 0.06, -0.96
Gyro: -2.15, -1.24, -2.20
Accel: -0.18, 0.06, -0.97
Gyro: -2.27, -0.88, -1.51
Accel: -0.16, 0.06, -0.96
Gyro: -2.44, -0.50, -1.14
Accel: -0.17, 0.05, -0.96
Gyro: -1.40, -0.11, -0.81
Accel: -0.16, 0.05, -0.96
Gyro: -1.63, -0.05, -1.06
Accel: -0.16, 0.05, -0.96
Gyro: -1.44, -0.20, -1.13
Accel: -0.16, 0.06, -0.96
Gyro: -1.39, -0.26, -1.21
Accel: -0.16, 0.06, -0.96
Gyro: -1.17, -0.34, -0.79
Accel: -0.16, 0.05, -0.95
Gyro: -0.74, -0.63, -0.43
Accel: -0.16, 0.05, -0.95
Gyro: -1.17, -1.14, -0.34
Accel: -0.16, 0.04, -0.95
Gyro: -2.13, -1.24, -0.61
Accel: -0.16, 0.04, -0.96
Gyro: -1.97, -0.92, -0.95
Accel: -0.16, 0.05, -0.95
Gyro: -2.01, -0.76, -1.51
Accel: -0.17, 0.04, -0.95
Gyro: -2.72, -0.82, -1.55
Accel: -0.16, 0.05, -0.96
Gyro: -2.53, -1.03, -1.83
Accel: -0.16, 0.05, -0.97
Gyro: -2.47, -0.87, -1.58
Accel: -0.17, 0.05, -0.96
Gyro: -2.09, -0.87, -1.26
Accel: -0.17, 0.05, -0.96
Gyro: -1.89, -0.92, -0.98
Accel: -0.17, 0.05, -0.96
Gyro: -2.27, -0.37, -0.91
Accel: -0.16, 0.05, -0.96
Gyro: -1.74, -0.63, -1.08
Accel: -0.16, 0.05, -0.95
Gyro: -2.26, -0.42, -1.22
Accel: -0.16, 0.05, -0.96
Gyro: -2.29, -0.89, -1.66
Accel: -0.16, 0.05, -0.95
Gyro: -2.52, -0.19, -1.45
Accel: -0.16, 0.06, -0.95
Gyro: -1.38, -0.93, -1.17
Accel: -0.16, 0.05, -0.95
Gyro: -2.46, -1.44, -1.00
Accel: -0.16, 0.04, -0.95
Gyro: -2.40, -2.06, -0.82
Accel: -0.17, 0.05, -0.97
Gyro: -3.14, -1.79, -1.43
Accel: -0.17, 0.06, -0.96
Gyro: -2.93, -1.06, -1.88
Accel: -0.17, 0.05, -0.95
Gyro: -2.43, -0.11, -2.10
Accel: -0.18, 0.06, -0.97
Gyro: -2.58, -0.01, -1.43
Accel: -0.17, 0.06, -0.96
Gyro: -2.90, 0.48, -1.02
Accel: -0.17, 0.05, -0.97
Gyro: -1.50, 0.61, -0.45
