Accel: -0.12, 0.03, -0.96
Gyro: -2.91, 0.25, -1.34
Accel: -0.12, 0.03, -0.96
Gyro: -2.82, 0.38, -1.68
Accel: -0.11, 0.03, -0.96
Gyro: -2.40, -0.50, -1.70
Accel: -0.12, 0.04, -0.96
Gyro: -2.59, -1.21, -1.43
Accel: -0.12, 0.04, -0.97
Gyro: -3.29, -0.74, -1.59
Accel: -0.11, 0.04, -0.96
Gyro: -3.62, -0.75, -1.53
Accel: -0.12, 0.04, -0.96
Gyro: -3.07, -1.08, -1.73
Accel: -0.12, 0.04, -0.97
Gyro: -2.47, -1.49, -2.05
Accel: -0.13, 0.04, -0.97
Gyro: -2.97, -0.79, -1.63
Accel: -0.12, 0.04, -0.96
Gyro: -2.81, -1.15, -1.81
Accel: -0.12, 0.04, -0.98
Gyro: -2.62, -0.30, -1.48
Accel: -0.12, 0.04, -0.97
Gyro: -1.52, 0.27, -1.92
Accel: -0.12, 0.03, -0.96
Gyro: -2.53, 0.50, -1.83
Accel: -0.12, 0.05, -0.96
Gyro: -3.30, -0.04, -1.70
Accel: -0.13, 0.03, -0.96
Gyro: -3.04, -0.29, -1.53
Accel: -0.12, 0.04, -0.97
Gyro: -3.38, -0.56, -1.98
Accel: -0.12, 0.04, -0.95
Gyro: -2.96, -0.85, -2.24
Accel: -0.11, 0.05, -0.95
Gyro: -2.32, -1.32, -1.95
Accel: -0.12, 0.05, -0.97
Gyro: -3.43, -1.72, -1.54
Accel: -0.13, 0.05, -0.98
Gyro: -2.41, -1.32, -1.23
Accel: -0.12, 0.03, -0.97
Gyro: -1.93, -0.12, -0.75
Accel: -0.12, 0.04, -0.95
Gyro: -1.99, -0.67, -1.08
Accel: -0.13, 0.04, -0.97
Gyro: -1.94, -0.76, -1.10
Accel: -0.12, 0.05, -0.98
Gyro: -1.86, 0.01, -1.63
Accel: -0.12, 0.05, -0.96
Gyro: -1.67, 0.10, -1.58
Accel: -0.13, 0.05, -0.96
Gyro: -1.20, -0.32, -0.85
Accel: -0.12, 0.04, -0.96
Gyro: -1.78, -0.16, -0.73
Accel: -0.12, 0.04, -0.96
Gyro: -1.88, -0.45, -0.61
Accel: -0.12, 0.04, -0.96
Gyro: -1.93, -0.58, -1.32
Accel: -0.11, 0.03, -0.96
Gyro: -1.79, -0.50, -1.53
Accel: -0.12, 0.04, -0.97
Gyro: -2.33, -0.32, -1.80
Accel: -0.13, 0.05, -0.97
Gyro: -2.56, -0.32, -1.95
Accel: -0.12, 0.05, -0.96
Gyro: -1.72, -1.01, -1.48
Accel: -0.12, 0.04, -0.96
Gyro: -1.77, -0.58, -1.19
Accel: -0.12, 0.05, -0.95
Gyro: -1.86, -0.61, -0.84
Accel: -0.12, 0.05, -0.97
Gyro: -1.47, -0.66, -1.02
Accel: -0.11, 0.05, -0.96
Gyro: -1.80, -0.54, -0.92
Accel: -0.12, 0.04, -0.97
Gyro: -1.29, -0.43, -1.01
Accel: -0.11, 0.05, -0.96
Gyro: -2.07, -0.33, -1.21
Accel: -0.12, 0.04, -0.97
Gyro: -1.83, -0.89, -1.52
Accel: -0.12, 0.04, -0.97
Gyro: -1.55, -0.34, -1.57
Accel: -0.12, 0.05, -0.97
Gyro: -0.34, -0.76, -1.31
Accel: -0.12, 0.04, -0.96
Gyro: -1.26, -1.13, -0.98
Accel: -0.12, 0.04, -0.97
Gyro: -1.34, -1.69, -0.47
Accel: -0.12, 0.04, -0.97
Gyro: -2.11, -1.69, -0.70
Accel: -0.12, 0.03, -0.97
Gyro: -1.88, -1.39, -1.40
Accel: -0.12, 0.04, -0.97
Gyro: -1.99, -1.16, -2.09
Accel: -0.13, 0.04, -0.98
Gyro: -2.26, -1.32, -2.05
Accel: -0.13, 0.04, -0.96
Gyro: -2.88, -0.38, -1.98
Accel: -0.13, 0.05, -0.97
Gyro: -2.03, -0.15, -0.96
Accel: -0.13, 0.04, -0.96
Gyro: -2.41, -0.10, -1.23
Accel: -0.12, 0.04, -0.96
Gyro: -2.02, 0.40, -0.80
Accel: -0.11, 0.04, -0.96
Gyro: -1.88, 0.56, -1.24
Accel: -0.12, 0.04, -0.96
Gyro: -1.75, 0.44, -1.14
Accel: -0.12, 0.04, -0.96
Gyro: -1.45, 0.12, -0.81
Accel: -0.12, 0.04, -0.96
Gyro: -1.65, 0.01, -0.50
Accel: -0.12, 0.04, -0.96
Gyro: -1.73, -0.31, -0.11
Accel: -0.13, 0.03, -0.96
Gyro: -1.56, -0.65, -0.45
Accel: -0.12, 0.04, -0.97
Gyro: -1.68, -0.17, -0.42
Accel: -0.12, 0.03, -0.97
Gyro: -1.79, 0.45, -0.49
Accel: -0.11, 0.03, -0.96
Gyro: -1.89, 0.33, -0.84
Accel: -0.12, 0.04, -0.96
Gyro: -1.76, 0.18, -1.12
Accel: -0.11, 0.04, -0.97
Gyro: -1.73, -0.14, -1.00
Accel: -0.12, 0.04, -0.97
Gyro: -2.26, -0.27, -0.83
Accel: -0.11, 0.03, -0.97
Gyro: -2.08, -0.05, -0.76
Accel: -0.11, 0.04, -0.97
Gyro: -2.15, -0.34, -0.88
Accel: -0.11, 0.03, -0.97
Gyro: -2.22, -0.55, -1.14
Accel: -0.11, 0.04, -0.96
Gyro: -2.43, -0.86, -1.46
Accel: -0.11, 0.04, -0.98
Gyro: -2.80, -0.10, -1.27
Accel: -0.11, 0.04, -0.96
Gyro: -1.63, 0.00, -1.53
Accel: -0.11, 0.04, -0.96
Gyro: -1.15, -0.73, -1.10
Accel: -0.12, 0.04, -0.97
Gyro: -2.41, -1.10, -0.68
Accel: -0.12, 0.03, -0.97
Gyro: -2.28, -1.27, -0.22
Accel: -0.12, 0.04, -0.96
Gyro: -2.52, -1.82, -1.08
Accel: -0.13, 0.03, -0.97
Gyro: -2.25, -2.14, -1.56
Accel: -0.12, 0.04, -0.96
Gyro: -1.82, -1.93, -2.01
Accel: -0.13, 0.04, -0.98
Gyro: -3.42, -0.64, -1.63
Accel: -0.12, 0.05, -0.96
Gyro: -2.72, 0.41, -1.55
Accel: -0.12, 0.03, -0.95
Gyro: -1.89, 1.08, -1.04
Accel: -0.11, 0.05, -0.96
Gyro: -2.22, 0.63, -1.39
Accel: -0.11, 0.04, -0.97
Gyro: -2.20, 0.35, -1.35
Accel: -0.11, 0.05, -0.97
Gyro: -1.59, 0.02, -1.14
Accel: -0.11, 0.04, -0.96
Gyro: -1.34, -0.92, -0.73
Accel: -0.11, 0.04, -0.97
Gyro: -1.09, -1.38, -0.64
Accel: -0.11, 0.04, -0.97
Gyro: -1.75, -1.31, -0.39
Accel: -0.12, 0.03, -0.97
Gyro: -2.19, -0.87, -0.32
Accel: -0.12, 0.03, -0.96
Gyro: -1.94, -0.49, -0.92
Accel: -0.11, 0.04, -0.97
Gyro: -1.97, -0.44, -1.45
Accel: -0.12, 0.04, -0.96
Gyro: -2.08, -0.37, -1.77
Accel: -0.12, 0.04, -0.96
Gyro: -2.53, -0.58, -1.85
Accel: -0.11, 0.04, -0.96
Gyro: -2.49, -0.70, -1.79
Accel: -0.12, 0.03, -0.96
Gyro: -2.39, -0.68, -1.42
Accel: -0.12, 0.04, -0.96
Gyro: -2.72, -0.95, -1.53
Accel: -0.12, 0.04, -0.97
Gyro: -2.46, -0.99, -1.45
Accel: -0.11, 0.04, -0.96
Gyro: -2.05, -1.05, -1.16
Accel: -0.12, 0.04, -0.96
Gyro: -2.41, -0.79, -1.41
Accel: -0.11, 0.04, -0.99
Gyro: -2.40, -0.85, -1.25
Accel: -0.11, 0.04, -0.97
Gyro: -2.39, 0.19, -1.51
Accel: -0.12, 0.04, -0.96
Gyro: -1.30, -0.40, -1.42
Accel: -0.11, 0.03, -0.96
Gyro: -2.27, -0.81, -1.34
Accel: -0.11, 0.04, -0.95
Gyro: -2.69, -1.34, -0.78
