Accel: -0.16, 0.03, -0.97
Gyro: -1.03, -1.16, -0.67
Accel: -0.15, 0.03, -0.96
Gyro: -1.33, -0.93, -0.54
Accel: -0.16, 0.03, -0.97
Gyro: -2.28, -0.79, -1.04
Accel: -0.15, 0.03, -0.95
Gyro: -2.23, -0.40, -1.31
Accel: -0.15, 0.04, -0.96
Gyro: -2.11, -0.02, -1.57
Accel: -0.16, 0.03, -0.95
Gyro: -2.23, -0.05, -1.68
Accel: -0.15, 0.03, -0.96
Gyro: -2.21, -0.26, -1.42
Accel: -0.15, 0.04, -0.96
Gyro: -2.03, -0.11, -1.11
Accel: -0.16, 0.04, -0.96
Gyro: -2.04, 0.72, -0.79
Accel: -0.16, 0.03, -0.96
Gyro: -1.57, -0.02, -1.23
Accel: -0.15, 0.03, -0.96
Gyro: -2.08, 0.07, -1.11
Accel: -0.14, 0.03, -0.95
Gyro: -2.36, -0.23, -1.10
Accel: -0.16, 0.04, -0.97
Gyro: -2.56, -0.33, -1.08
Accel: -0.15, 0.03, -0.97
Gyro: -1.53, -0.14, -1.27
Accel: -0.15, 0.04, -0.96
Gyro: -0.88, -0.78, -1.11
Accel: -0.15, 0.03, -0.95
Gyro: -2.08, -1.14, -0.89
Accel: -0.15, 0.03, -0.95
Gyro: -2.01, -1.51, -0.45
Accel: -0.15, 0.03, -0.97
Gyro: -2.37, -1.34, -1.21
Accel: -0.16, 0.03, -0.96
Gyro: -2.61, -0.65, -1.56
Accel: -0.16, 0.03, -0.95
Gyro: -2.33, -0.25, -2.17
Accel: -0.15, 0.03, -0.96
Gyro: -2.22, -0.62, -1.91
Accel: -0.16, 0.04, -0.97
Gyro: -2.81, -0.37, -1.51
Accel: -0.16, 0.03, -0.96
Gyro: -1.61, -0.24, -0.72
Accel: -0.15, 0.03, -0.96
Gyro: -2.11, -0.19, -1.08
Accel: -0.15, 0.04, -0.96
Gyro: -2.11, 0.14, -0.85
Accel: -0.15, 0.03, -0.96
Gyro: -1.36, -0.17, -1.10
Accel: -0.15, 0.04, -0.96
Gyro: -1.79, 0.06, -0.89
Accel: -0.15, 0.03, -0.95
Gyro: -0.72, -0.50, -0.98
Accel: -0.14, 0.03, -0.96
Gyro: -1.43, -1.00, -0.57
Accel: -0.14, 0.02, -0.96
Gyro: -2.27, -1.44, -1.04
Accel: -0.15, 0.02, -0.98
Gyro: -2.74, -0.58, -1.03
Accel: -0.15, 0.03, -0.95
Gyro: -2.82, -0.62, -1.58
Accel: -0.16, 0.03, -0.96
Gyro: -2.48, -1.95, -2.06
Accel: -0.16, 0.03, -0.96
Gyro: -3.52, -1.27, -1.78
Accel: -0.16, 0.04, -0.96
Gyro: -3.43, -0.72, -1.85
Accel: -0.15, 0.04, -0.96
Gyro: -2.38, -0.50, -1.27
Accel: -0.15, 0.04, -0.96
Gyro: -2.42, -0.12, -0.73
Accel: -0.14, 0.03, -0.96
Gyro: -1.82, -1.69, -0.89
Accel: -0.15, 0.03, -0.96
Gyro: -2.96, -0.53, -1.27
Accel: -0.14, 0.02, -0.95
Gyro: -2.04, -1.27, -2.14
Accel: -0.15, 0.03, -0.95
Gyro: -2.49, -1.02, -2.78
Accel: -0.14, 0.03, -0.95
Gyro: -2.71, -2.29, -3.43
Accel: -0.15, 0.05, -0.97
Gyro: -3.32, -1.08, -2.34
Accel: -0.15, 0.04, -0.94
Gyro: -1.71, -2.98, -1.48
Accel: -0.16, 0.04, -0.97
Gyro: -2.40, -3.53, -0.24
Accel: -0.15, 0.04, -0.95
Gyro: -2.77, -3.49, 0.00
Accel: -0.16, 0.03, -0.97
Gyro: -2.53, -2.77, -0.60
Accel: -0.17, 0.03, -0.96
Gyro: -2.75, -1.83, -1.53
Accel: -0.16, 0.04, -0.95
Gyro: -2.17, -1.37, -1.43
Accel: -0.16, 0.04, -0.96
Gyro: -3.65, -0.31, -1.45
Accel: -0.16, 0.04, -0.97
Gyro: -2.38, -0.06, -1.51
Accel: -0.16, 0.04, -0.96
Gyro: -2.28, 1.17, -1.37
Accel: -0.17, 0.05, -0.96
Gyro: -1.80, 0.79, -1.09
Accel: -0.16, 0.04, -0.95
Gyro: -1.82, -0.14, -1.08
Accel: -0.15, 0.04, -0.93
Gyro: -2.50, -0.90, -0.66
Accel: -0.16, 0.05, -1.00
Gyro: -1.98, -2.14, -0.33
Accel: -0.15, 0.05, -0.96
Gyro: -2.38, 1.51, 0.85
Accel: -0.14, 0.05, -0.94
Gyro: -1.52, -0.01, 1.88
Accel: -0.16, 0.04, -0.96
Gyro: -0.68, -1.35, 0.98
Accel: -0.17, 0.04, -0.99
Gyro: 0.27, 0.12, -0.05
Accel: -0.15, 0.03, -0.94
Gyro: 0.54, 0.09, -1.01
Accel: -0.15, 0.03, -0.95
Gyro: -0.91, -0.14, -1.11
Accel: -0.16, 0.04, -0.97
Gyro: -0.89, -0.08, -1.24
Accel: -0.16, 0.03, -0.97
Gyro: -1.84, -0.11, -0.71
Accel: -0.15, 0.02, -0.95
Gyro: -2.20, -0.22, -1.02
Accel: -0.15, 0.03, -0.97
Gyro: -1.40, -0.85, -1.81
Accel: -0.15, 0.03, -0.96
Gyro: -2.85, -0.92, -2.32
Accel: -0.15, 0.04, -0.98
Gyro: -3.33, -0.07, -2.45
Accel: -0.16, 0.04, -0.96
Gyro: -0.97, -0.07, -2.26
Accel: -0.14, 0.04, -0.95
Gyro: -1.01, -0.18, -1.39
Accel: -0.15, 0.04, -0.95
Gyro: -2.04, -1.12, -0.66
Accel: -0.15, 0.02, -0.96
Gyro: -2.78, -1.22, -0.19
Accel: -0.15, 0.03, -0.95
Gyro: -2.82, -1.40, -0.67
Accel: -0.16, 0.03, -0.97
Gyro: -2.30, -1.22, -1.37
Accel: -0.16, 0.03, -0.95
Gyro: -2.20, -1.14, -1.75
Accel: -0.16, 0.04, -0.96
Gyro: -3.50, -1.08, -2.07
Accel: -0.16, 0.05, -0.97
Gyro: -2.53, -1.40, -1.69
Accel: -0.16, 0.04, -0.97
Gyro: -2.59, -0.63, -1.08
Accel: -0.16, 0.04, -0.96
Gyro: -2.39, -0.22, -0.99
Accel: -0.15, 0.04, -0.96
Gyro: -1.96, -0.20, -0.77
Accel: -0.15, 0.03, -0.96
Gyro: -1.59, -0.31, -1.21
Accel: -0.15, 0.04, -0.96
Gyro: -1.36, -0.18, -1.11
Accel: -0.15, 0.03, -0.95
Gyro: -1.10, -0.66, -0.81
Accel: -0.15, 0.03, -0.95
Gyro: -1.98, -0.95, -0.63
Accel: -0.16, 0.03, -0.96
Gyro: -2.30, -1.50, -0.85
Accel: -0.16, 0.03, -0.96
Gyro: -2.46, -1.21, -1.48
Accel: -0.16, 0.04, -0.96
Gyro: -2.21, -0.61, -1.56
Accel: -0.16, 0.04, -0.96
Gyro: -1.76, -0.24, -1.41
Accel: -0.16, 0.03, -0.96
Gyro: -2.15, -0.15, -1.05
Accel: -0.16, 0.04, -0.96
Gyro: -1.83, -0.29, -1.08
Accel: -0.15, 0.03, -0.96
Gyro: -2.05, -0.21, -0.67
Accel: -0.15, 0.04, -0.96
Gyro: -1.78, 0.28, -1.27
Accel: -0.15, 0.03, -0.95
Gyro: -1.61, -0.03, -0.94
Accel: -0.15, 0.03, -0.95
Gyro: -1.98, -1.18, -1.16
Accel: -0.15, 0.03, -0.94
Gyro: -2.25, -1.43, -1.18
Accel: -0.16, 0.03, -0.95
Gyro: -2.73, -1.21, -1.48
Accel: -0.16, 0.04, -0.96
Gyro: -2.32, -1.65, -1.44
Accel: -0.16, 0.04, -0.96
Gyro: -1.68, -1.67, -1.43
Accel: -0.16, 0.04, -0.97
Gyro: -3.07, -0.73, -1.08
Accel: -0.16, 0.04, -0.96
Gyro: -1.82, -0.51, -0.92
Accel: -0.16, 0.03, -0.96
Gyro: -1.34, 0.03, -0.83
