Accel: -0.15, 0.04, -0.96
Gyro: -1.32, -0.59, -1.27
Accel: -0.16, 0.04, -0.96
Gyro: -1.52, -0.53, -1.03
Accel: -0.15, 0.04, -0.96
Gyro: -1.59, -0.21, -0.97
Accel: -0.15, 0.03, -0.95
Gyro: -1.43, -0.64, -0.85
Accel: -0.16, 0.03, -0.96
Gyro: -1.27, -0.90, -0.69
Accel: -0.16, 0.03, -0.95
Gyro: -1.69, -1.35, -0.52
Accel: -0.16, 0.03, -0.96
Gyro: -2.46, -0.76, -0.59
Accel: -0.16, 0.03, -0.97
Gyro: -2.46, -0.84, -1.13
Accel: -0.16, 0.04, -0.96
Gyro: -2.34, -0.64, -1.28
Accel: -0.16, 0.03, -0.96
Gyro: -2.33, -0.54, -1.41
Accel: -0.16, 0.03, -0.96
Gyro: -2.06, -0.24, -1.46
Accel: -0.15, 0.04, -0.95
Gyro: -2.20, 0.44, -0.87
Accel: -0.15, 0.03, -0.96
Gyro: -1.30, 0.17, -0.93
Accel: -0.15, 0.03, -0.95
Gyro: -1.37, -0.43, -0.61
Accel: -0.15, 0.03, -0.95
Gyro: -2.14, -1.17, -0.56
Accel: -0.15, 0.02, -0.96
Gyro: -2.55, -0.98, -0.67
Accel: -0.16, 0.03, -0.95
Gyro: -2.40, -0.82, -1.46
Accel: -0.16, 0.03, -0.96
Gyro: -2.42, -0.54, -2.08
Accel: -0.16, 0.03, -0.96
Gyro: -2.21, -0.48, -2.32
Accel: -0.16, 0.04, -0.96
Gyro: -3.04, 0.12, -1.49
Accel: -0.16, 0.04, -0.97
Gyro: -2.37, 0.39, -1.03
Accel: -0.15, 0.03, -0.96
Gyro: -2.47, 1.22, -0.83
Accel: -0.15, 0.04, -0.95
Gyro: -1.88, 0.54, -1.35
Accel: -0.15, 0.04, -0.96
Gyro: -1.54, 0.11, -1.57
Accel: -0.15, 0.04, -0.96
Gyro: -1.19, -0.11, -1.24
Accel: -0.14, 0.04, -0.96
Gyro: -1.40, -0.08, -0.52
Accel: -0.15, 0.04, -0.95
Gyro: -1.12, -0.88, -0.03
Accel: -0.15, 0.03, -0.96
Gyro: -1.65, -1.00, -0.35
Accel: -0.16, 0.02, -0.97
Gyro: -1.97, -0.54, -0.60
Accel: -0.14, 0.03, -0.95
Gyro: -2.04, -0.37, -1.15
Accel: -0.15, 0.03, -0.97
Gyro: -1.97, -0.82, -1.40
Accel: -0.14, 0.04, -0.95
Gyro: -2.22, -0.54, -1.47
Accel: -0.15, 0.04, -0.95
Gyro: -1.98, -0.98, -1.14
Accel: -0.15, 0.03, -0.96
Gyro: -2.69, -1.02, -1.17
Accel: -0.15, 0.04, -0.97
Gyro: -2.32, -1.83, -0.98
Accel: -0.15, 0.04, -0.96
Gyro: -2.50, -0.78, -1.25
Accel: -0.15, 0.03, -0.97
Gyro: -1.46, -1.32, -1.08
Accel: -0.15, 0.03, -0.95
Gyro: -2.13, -1.88, -1.41
Accel: -0.17, 0.03, -0.96
Gyro: -2.35, -1.75, -1.37
Accel: -0.15, 0.03, -0.96
Gyro: -2.36, -1.39, -1.74
Accel: -0.16, 0.04, -0.96
Gyro: -2.68, -0.92, -1.88
Accel: -0.16, 0.04, -0.96
Gyro: -1.88, -1.05, -1.46
Accel: -0.16, 0.04, -0.98
Gyro: -3.04, -0.14, -1.01
Accel: -0.16, 0.04, -0.96
Gyro: -2.28, 0.38, -1.01
Accel: -0.15, 0.03, -0.95
Gyro: -2.11, 0.56, -1.18
Accel: -0.15, 0.03, -0.95
Gyro: -1.77, -0.40, -1.63
Accel: -0.15, 0.03, -0.95
Gyro: -2.00, -0.80, -1.82
Accel: -0.15, 0.04, -0.96
Gyro: -2.19, -1.31, -1.30
Accel: -0.16, 0.04, -0.97
Gyro: -1.95, -0.85, -0.77
Accel: -0.16, 0.03, -0.97
Gyro: -1.01, -0.01, -0.44
Accel: -0.16, 0.03, -0.96
Gyro: -1.68, 0.05, -0.43
Accel: -0.16, 0.03, -0.95
Gyro: -2.33, -0.07, -0.61
Accel: -0.15, 0.03, -0.96
Gyro: -2.25, -0.58, -0.82
Accel: -0.15, 0.03, -0.96
Gyro: -2.36, -0.47, -1.05
Accel: -0.15, 0.03, -0.97
Gyro: -2.17, -0.45, -1.53
Accel: -0.15, 0.04, -0.96
Gyro: -1.75, -0.98, -1.60
Accel: -0.15, 0.04, -0.96
Gyro: -2.06, -1.25, -1.34
Accel: -0.16, 0.03, -0.96
Gyro: -2.47, -1.03, -1.03
Accel: -0.15, 0.04, -0.95
Gyro: -2.25, -1.60, -1.15
Accel: -0.15, 0.04, -0.98
Gyro: -2.91, 0.03, -0.82
Accel: -0.15, 0.04, -0.95
Gyro: -0.77, -0.66, -1.21
Accel: -0.15, 0.03, -0.95
Gyro: -1.85, -0.79, -0.95
Accel: -0.15, 0.05, -0.96
Gyro: -2.09, -1.56, -0.75
Accel: -0.17, 0.04, -0.97
Gyro: -2.20, -1.36, -0.66
Accel: -0.16, 0.04, -0.96
Gyro: -2.37, -1.19, -0.69
Accel: -0.16, 0.04, -0.96
Gyro: -1.85, -1.40, -0.98
Accel: -0.16, 0.03, -0.97
Gyro: -2.04, -0.80, -0.98
Accel: -0.16, 0.04, -0.95
Gyro: -2.74, -0.42, -1.50
Accel: -0.16, 0.03, -0.97
Gyro: -1.64, -0.22, -0.97
Accel: -0.15, 0.03, -0.96
Gyro: -2.05, -0.37, -1.37
Accel: -0.15, 0.04, -0.95
Gyro: -1.85, -0.60, -1.10
Accel: -0.16, 0.04, -0.96
Gyro: -1.29, -0.51, -1.20
Accel: -0.15, 0.04, -0.97
Gyro: -1.14, -0.25, -0.77
Accel: -0.15, 0.04, -0.95
Gyro: -0.31, -0.27, -0.20
Accel: -0.15, 0.03, -0.96
Gyro: -0.83, -0.57, -0.27
Accel: -0.15, 0.02, -0.96
Gyro: -1.77, -0.85, -0.39
Accel: -0.15, 0.03, -0.96
Gyro: -1.70, -1.13, -1.02
Accel: -0.15, 0.03, -0.95
Gyro: -1.88, -1.05, -1.40
Accel: -0.16, 0.03, -0.96
Gyro: -1.97, -0.81, -1.56
Accel: -0.16, 0.03, -0.96
Gyro: -1.93, -1.01, -1.39
Accel: -0.15, 0.03, -0.96
Gyro: -2.17, -1.00, -1.41
Accel: -0.16, 0.03, -0.96
Gyro: -2.30, -0.85, -1.47
Accel: -0.16, 0.03, -0.94
Gyro: -2.33, -1.08, -1.50
Accel: -0.16, 0.03, -0.97
Gyro: -2.76, 0.12, -1.58
Accel: -0.15, 0.03, -0.94
Gyro: -1.05, -0.32, -1.73
Accel: -0.15, 0.03, -0.95
Gyro: -1.60, -0.95, -1.72
Accel: -0.16, 0.04, -0.96
Gyro: -2.11, -1.67, -1.41
Accel: -0.16, 0.03, -0.97
Gyro: -2.43, -1.01, -1.22
Accel: -0.16, 0.03, -0.96
Gyro: -2.61, -0.71, -1.26
Accel: -0.16, 0.03, -0.94
Gyro: -1.98, -1.23, -1.73
Accel: -0.17, 0.02, -0.97
Gyro: -2.16, -1.08, -1.72
Accel: -0.16, 0.03, -0.96
Gyro: -3.59, -0.52, -1.72
Accel: -0.16, 0.04, -0.97
Gyro: -1.76, -0.19, -1.16
Accel: -0.16, 0.03, -0.95
Gyro: -1.83, 0.13, -1.46
Accel: -0.16, 0.03, -0.97
Gyro: -2.30, 0.18, -1.17
Accel: -0.16, 0.03, -0.97
Gyro: -1.85, 0.47, -1.43
Accel: -0.16, 0.03, -0.97
Gyro: -1.50, 0.70, -1.11
Accel: -0.15, 0.04, -0.95
Gyro: -1.11, 0.27, -1.13
Accel: -0.15, 0.02, -0.95
Gyro: -0.96, -0.69, -0.77
Accel: -0.15, 0.03, -0.97
Gyro: -2.01, -0.92, -0.82
Accel: -0.16, 0.03, -0.96
Gyro: -2.33, -0.63, -1.19
