Accel: -0.15, 0.05, -0.99
Gyro: -7.26, -1.99, -1.86
Accel: -0.14, 0.05, -0.99
Gyro: -7.49, 1.67, -2.80
Accel: -0.13, 0.05, -0.98
Gyro: -5.33, 3.85, -3.88
Accel: -0.12, 0.07, -0.95
Gyro: -4.02, 5.20, -4.23
Accel: -0.12, 0.07, -0.94
Gyro: -3.20, 2.60, -3.66
Accel: -0.12, 0.08, -0.95
Gyro: -3.42, -0.93, -2.29
Accel: -0.13, 0.07, -0.98
Gyro: -4.33, 0.27, -0.74
Accel: -0.12, 0.05, -0.98
Gyro: -2.17, 2.82, -0.35
Accel: -0.12, 0.04, -0.95
Gyro: -2.66, 3.01, -1.92
Accel: -0.12, 0.06, -0.93
Gyro: -3.30, -0.60, -3.41
Accel: -0.12, 0.07, -0.95
Gyro: -4.10, -3.40, -2.83
Accel: -0.13, 0.08, -1.00
Gyro: -4.61, -2.24, -1.43
Accel: -0.13, 0.07, -0.96
Gyro: -2.63, 0.45, 0.24
Accel: -0.12, 0.06, -0.94
Gyro: -1.27, -1.38, 0.18
Accel: -0.13, 0.06, -0.96
Gyro: -3.67, -3.14, -0.17
Accel: -0.14, 0.07, -0.99
Gyro: -4.58, -1.33, -0.97
Accel: -0.13, 0.06, -0.97
Gyro: -2.35, 1.51, -1.34
Accel: -0.13, 0.07, -0.95
Gyro: -0.26, 1.54, -1.87
Accel: -0.12, 0.07, -0.97
Gyro: -1.39, 0.92, -2.78
Accel: -0.13, 0.07, -0.97
Gyro: -2.63, 0.69, -2.21
Accel: -0.13, 0.08, -0.95
Gyro: -2.47, 1.24, -1.20
Accel: -0.12, 0.07, -0.97
Gyro: -1.63, 2.24, -0.63
Accel: -0.12, 0.06, -0.97
Gyro: -1.32, 2.14, -1.83
Accel: -0.11, 0.06, -0.96
Gyro: -2.93, 1.48, -1.81
Accel: -0.12, 0.07, -0.95
Gyro: -3.32, 0.53, -1.55
Accel: -0.12, 0.07, -0.95
Gyro: -2.54, -0.50, -1.82
Accel: -0.11, 0.07, -0.96
Gyro: -2.98, -0.95, -1.94
Accel: -0.12, 0.07, -0.96
Gyro: -2.56, -1.11, -1.15
Accel: -0.12, 0.07, -0.96
Gyro: -2.12, -1.98, -0.50
Accel: -0.11, 0.08, -0.96
Gyro: -1.11, -1.11, -0.40
Accel: -0.12, 0.07, -0.97
Gyro: -0.08, -0.52, -0.24
Accel: -0.12, 0.06, -0.96
Gyro: -0.92, -0.24, -0.56
Accel: -0.11, 0.06, -0.96
Gyro: -1.21, -0.28, -0.63
Accel: -0.12, 0.06, -0.97
Gyro: -1.28, -0.21, -1.54
Accel: -0.12, 0.05, -0.97
Gyro: -2.08, 0.27, -1.87
Accel: -0.11, 0.05, -0.96
Gyro: -2.42, 0.29, -1.83
Accel: -0.11, 0.06, -0.95
Gyro: -2.86, -0.21, -2.37
Accel: -0.11, 0.07, -0.95
Gyro: -3.08, -1.27, -2.11
Accel: -0.12, 0.07, -0.96
Gyro: -3.33, -1.56, -1.56
Accel: -0.11, 0.07, -0.96
Gyro: -2.94, -1.46, -0.78
Accel: -0.12, 0.07, -0.95
Gyro: -2.20, -1.35, -0.56
Accel: -0.12, 0.07, -0.96
Gyro: -1.66, -1.21, -0.52
Accel: -0.12, 0.07, -0.97
Gyro: -1.48, -0.81, -0.74
Accel: -0.12, 0.06, -0.97
Gyro: -2.07, 0.61, -0.82
Accel: -0.13, 0.06, -0.95
Gyro: -1.64, -0.04, -0.93
Accel: -0.12, 0.07, -0.96
Gyro: -2.03, 1.11, -1.35
Accel: -0.11, 0.07, -0.96
Gyro: -1.78, 1.02, -1.56
Accel: -0.12, 0.06, -0.95
Gyro: -2.17, -0.34, -1.36
Accel: -0.12, 0.06, -0.95
Gyro: -2.05, -1.38, -1.11
Accel: -0.11, 0.07, -0.96
Gyro: -2.43, -1.65, -1.45
Accel: -0.12, 0.07, -0.96
Gyro: -2.34, -1.30, -1.13
Accel: -0.12, 0.06, -0.97
Gyro: -1.48, -1.21, -1.03
Accel: -0.12, 0.07, -0.97
Gyro: -2.18, -0.57, -1.14
Accel: -0.12, 0.07, -0.97
Gyro: -1.72, 0.20, -0.79
Accel: -0.12, 0.07, -0.97
Gyro: -1.63, 1.03, -1.14
Accel: -0.12, 0.07, -0.96
Gyro: -1.35, 0.61, -1.21
Accel: -0.12, 0.07, -0.97
Gyro: -1.17, 0.33, -1.30
Accel: -0.11, 0.06, -0.96
Gyro: -1.24, 1.24, -1.19
Accel: -0.11, 0.07, -0.97
Gyro: -1.25, 0.97, -1.08
Accel: -0.11, 0.06, -0.95
Gyro: -0.85, 0.05, -0.86
Accel: -0.12, 0.06, -0.96
Gyro: -1.56, -1.33, -1.02
Accel: -0.11, 0.05, -0.96
Gyro: -2.66, -0.92, -1.08
Accel: -0.11, 0.07, -0.97
Gyro: -2.35, -1.11, -1.21
Accel: -0.12, 0.06, -0.97
Gyro: -2.11, -1.24, -1.88
Accel: -0.12, 0.06, -0.96
Gyro: -1.93, -0.81, -1.82
Accel: -0.11, 0.07, -0.96
Gyro: -2.53, -0.60, -1.77
Accel: -0.11, 0.07, -0.97
Gyro: -2.72, 0.02, -1.21
Accel: -0.12, 0.07, -0.97
Gyro: -1.75, 0.02, -0.78
Accel: -0.11, 0.06, -0.98
Gyro: -2.37, 1.27, -0.57
Accel: -0.12, 0.07, -0.97
Gyro: -0.88, 1.81, -0.60
Accel: -0.11, 0.06, -0.96
Gyro: -0.64, 2.62, -0.56
Accel: -0.11, 0.06, -0.95
Gyro: -0.78, 1.63, -1.02
Accel: -0.10, 0.06, -0.94
Gyro: -1.33, -1.20, -1.74
Accel: -0.12, 0.06, -0.97
Gyro: -2.49, -3.11, -1.63
Accel: -0.12, 0.06, -0.96
Gyro: -2.16, -2.83, -1.89
Accel: -0.12, 0.06, -0.98
Gyro: -2.11, -1.21, -2.25
Accel: -0.12, 0.06, -0.97
Gyro: -1.83, -0.08, -2.69
Accel: -0.11, 0.06, -0.96
Gyro: -2.40, 0.40, -2.16
Accel: -0.11, 0.07, -0.96
Gyro: -2.62, -0.43, -1.66
Accel: -0.12, 0.06, -0.97
Gyro: -1.82, -0.19, -1.17
Accel: -0.11, 0.06, -0.97
Gyro: -1.05, 0.14, -0.91
Accel: -0.10, 0.06, -0.96
Gyro: -0.76, -0.34, -0.63
Accel: -0.10, 0.05, -0.97
Gyro: -1.01, -0.66, -0.37
Accel: -0.11, 0.05, -0.96
Gyro: -1.87, -0.56, -0.82
Accel: -0.11, 0.05, -0.97
Gyro: -2.21, -0.73, -1.58
Accel: -0.10, 0.05, -0.96
Gyro: -2.30, -0.67, -1.93
Accel: -0.11, 0.06, -0.96
Gyro: -2.14, -0.69, -2.20
Accel: -0.11, 0.07, -0.97
Gyro: -2.21, -0.95, -2.20
Accel: -0.11, 0.07, -0.96
Gyro: -2.05, -0.94, -1.59
Accel: -0.11, 0.07, -0.97
Gyro: -1.34, -1.25, -0.76
Accel: -0.11, 0.06, -0.95
Gyro: -1.52, -1.23, -0.06
Accel: -0.12, 0.06, -0.97
Gyro: -1.60, -1.71, -0.12
Accel: -0.11, 0.06, -0.98
Gyro: -1.63, -0.17, -0.43
Accel: -0.10, 0.05, -0.96
Gyro: -0.95, -0.26, -0.75
Accel: -0.11, 0.05, -0.96
Gyro: -2.43, -1.29, -1.38
Accel: -0.12, 0.06, -0.97
Gyro: -2.38, -1.79, -1.63
Accel: -0.11, 0.06, -0.97
Gyro: -2.44, -1.70, -2.00
Accel: -0.11, 0.06, -0.97
Gyro: -2.26, -1.13, -1.74
Accel: -0.12, 0.07, -0.96
Gyro: -1.11, -1.34, -1.31
Accel: -0.12, 0.05, -0.98
Gyro: -2.63, -0.87, -0.92
Accel: -0.13, 0.07, -0.96
Gyro: -2.04, -0.42, -0.82
