Accel: 0.05, -0.07, -0.98
Gyro: -3.10, -6.06, -6.04
Accel: 0.04, -0.07, -0.97
Gyro: -2.06, -6.16, -6.19
Accel: 0.04, -0.07, -0.97
Gyro: -1.84, -6.32, -5.65
Accel: 0.04, -0.07, -0.97
Gyro: -1.77, -7.23, -4.59
Accel: 0.04, -0.07, -0.97
Gyro: -2.22, -7.86, -3.44
Accel: 0.04, -0.08, -0.97
Gyro: -2.64, -9.03, -2.86
Accel: 0.02, -0.07, -0.99
Gyro: -3.54, -7.60, -2.68
Accel: 0.01, -0.07, -0.98
Gyro: -3.30, -5.79, -2.24
Accel: 0.03, -0.07, -0.98
Gyro: -3.25, -4.88, -1.64
Accel: 0.00, -0.07, -0.99
Gyro: -3.19, -4.53, -1.15
Accel: 0.01, -0.07, -0.98
Gyro: -3.09, -3.78, -0.73
Accel: 0.01, -0.08, -0.98
Gyro: -3.34, -3.33, -1.19
Accel: 0.01, -0.07, -0.96
Gyro: -3.04, -3.90, -2.04
Accel: 0.01, -0.08, -0.97
Gyro: -3.84, -4.65, -3.30
Accel: 0.02, -0.06, -0.98
Gyro: -4.88, -5.17, -4.65
Accel: 0.01, -0.06, -0.97
Gyro: -3.29, -5.73, -4.23
Accel: 0.01, -0.06, -0.98
Gyro: -3.77, -6.32, -4.59
Accel: -0.00, -0.05, -0.98
Gyro: -4.81, -5.29, -4.55
Accel: -0.00, -0.05, -0.97
Gyro: -3.81, -5.46, -3.86
Accel: 0.00, -0.05, -0.97
Gyro: -3.22, -6.20, -3.22
Accel: 0.01, -0.05, -0.95
Gyro: -3.24, -7.06, -2.89
Accel: 0.02, -0.05, -0.94
Gyro: -2.32, -10.08, -2.50
Accel: 0.05, -0.05, -0.92
Gyro: -1.03, -15.54, -1.93
Accel: 0.07, -0.03, -0.87
Gyro: 1.18, -25.43, -1.09
Accel: 0.08, -0.03, -0.83
Gyro: 3.31, -38.55, 1.21
Accel: 0.07, -0.04, -0.80
Gyro: 3.07, -54.40, 3.00
Accel: 0.05, -0.03, -0.81
Gyro: 3.48, -69.62, 5.17
Accel: 0.01, -0.04, -0.79
Gyro: 4.52, -84.16, 7.09
Accel: -0.07, -0.05, -0.76
Gyro: 4.95, -99.24, 8.34
Accel: -0.18, -0.05, -0.82
Gyro: 3.72, -110.77, 9.99
Accel: -0.27, -0.04, -0.85
Gyro: 5.10, -113.81, 12.37
Accel: -0.39, -0.06, -0.80
Gyro: 18.96, -119.93, 13.05
Accel: -0.54, -0.07, -0.98
Gyro: 9.39, -114.64, 16.12
Accel: -0.60, -0.10, -1.01
Gyro: 8.09, -91.53, 14.71
Accel: -0.65, -0.10, -0.88
Gyro: 14.49, -79.06, 11.31
Accel: -0.73, -0.12, -0.93
Gyro: 9.97, -69.91, 11.25
Accel: -0.76, -0.14, -0.92
Gyro: 6.86, -53.02, 9.92
Accel: -0.77, -0.13, -0.86
Gyro: 4.01, -39.18, 7.31
Accel: -0.80, -0.14, -0.83
Gyro: 9.32, -31.47, 4.13
Accel: -0.81, -0.13, -0.88
Gyro: 0.67, -12.73, 0.25
Accel: -0.79, -0.12, -0.83
Gyro: -1.68, 3.40, -1.51
Accel: -0.76, -0.13, -0.83
Gyro: -2.99, 14.46, -3.44
Accel: -0.75, -0.11, -0.81
Gyro: -5.73, 24.69, -6.53
Accel: -0.73, -0.09, -0.82
Gyro: -6.29, 34.06, -8.13
Accel: -0.72, -0.08, -0.85
Gyro: -5.13, 42.59, -8.31
Accel: -0.71, -0.08, -0.90
Gyro: -4.58, 55.46, -8.29
Accel: -0.66, -0.08, -0.85
Gyro: -3.01, 65.76, -8.79
Accel: -0.61, -0.08, -0.87
Gyro: -1.34, 72.75, -8.40
Accel: -0.54, -0.08, -0.89
Gyro: -2.33, 79.83, -8.76
Accel: -0.47, -0.08, -0.85
Gyro: -1.50, 82.63, -7.93
Accel: -0.38, -0.09, -0.84
Gyro: -1.80, 82.41, -6.59
Accel: -0.31, -0.11, -0.81
Gyro: -1.01, 76.13, -6.73
Accel: -0.26, -0.10, -0.88
Gyro: -5.97, 73.72, -6.98
Accel: -0.19, -0.11, -0.84
Gyro: -4.71, 67.09, -7.31
Accel: -0.15, -0.11, -0.86
Gyro: -4.10, 58.56, -9.73
Accel: -0.11, -0.11, -0.88
Gyro: -4.74, 51.20, -11.12
Accel: -0.11, -0.15, -0.92
Gyro: -7.34, 47.75, -14.50
Accel: -0.09, -0.10, -0.91
Gyro: -5.32, 43.74, -16.60
Accel: -0.06, -0.09, -0.93
Gyro: -6.70, 41.10, -14.15
Accel: -0.03, -0.07, -0.90
Gyro: -8.51, 35.34, -10.46
Accel: -0.02, -0.07, -0.91
Gyro: -8.75, 28.48, -7.26
Accel: -0.02, -0.07, -0.96
Gyro: -8.28, 25.79, -4.38
Accel: -0.01, -0.08, -0.94
Gyro: -7.00, 24.59, -3.19
Accel: -0.01, -0.09, -0.94
Gyro: -5.65, 21.03, -2.11
Accel: 0.00, -0.08, -0.94
Gyro: -6.33, 18.65, -2.08
Accel: -0.00, -0.07, -0.94
Gyro: -3.97, 16.29, -1.34
Accel: 0.02, -0.09, -0.94
Gyro: -3.40, 13.05, -1.69
Accel: 0.02, -0.08, -0.94
Gyro: -4.38, 9.52, -1.88
Accel: 0.02, -0.08, -0.94
Gyro: -4.29, 6.61, -1.34
Accel: 0.01, -0.08, -0.95
Gyro: -4.36, 4.07, -0.69
Accel: 0.02, -0.07, -0.95
Gyro: -5.08, 2.49, -1.07
Accel: 0.02, -0.07, -0.96
Gyro: -5.52, 0.30, -1.34
Accel: 0.01, -0.07, -0.98
Gyro: -5.67, -0.75, -1.66
Accel: 0.00, -0.06, -0.98
Gyro: -5.97, -0.31, -2.42
Accel: 0.01, -0.06, -0.97
Gyro: -4.25, -0.92, -2.20
Accel: 0.00, -0.07, -0.97
Gyro: -4.71, -1.79, -2.65
Accel: 0.01, -0.05, -0.97
Gyro: -4.68, -1.11, -2.67
Accel: 0.01, -0.06, -0.98
Gyro: -3.81, -1.28, -3.00
Accel: 0.01, -0.06, -0.98
Gyro: -3.91, -1.00, -3.41
Accel: 0.01, -0.04, -0.97
Gyro: -3.40, -1.25, -3.21
Accel: 0.01, -0.05, -0.97
Gyro: -3.07, -1.62, -2.49
Accel: 0.01, -0.05, -0.96
Gyro: -3.65, -1.34, -1.62
Accel: 0.01, -0.05, -0.97
Gyro: -3.93, -2.10, -1.16
Accel: 0.00, -0.05, -0.98
Gyro: -4.32, -2.37, -1.07
Accel: -0.00, -0.04, -0.98
Gyro: -3.17, -2.66, -1.01
Accel: -0.01, -0.04, -0.98
Gyro: -2.32, -2.76, 0.32
Accel: -0.01, -0.04, -0.99
Gyro: -2.28, -2.07, 2.05
Accel: -0.02, -0.04, -0.98
Gyro: -1.43, -1.30, 3.52
Accel: -0.01, -0.06, -0.99
Gyro: -1.84, -1.40, 3.47
Accel: -0.01, -0.04, -0.99
Gyro: -0.13, 0.06, 4.16
Accel: -0.01, -0.06, -0.98
Gyro: 2.31, 0.43, 5.44
Accel: -0.01, -0.08, -0.96
Gyro: 1.01, 0.46, 5.94
Accel: -0.01, -0.09, -0.96
Gyro: -0.27, -0.11, 4.97
Accel: -0.01, -0.09, -0.97
Gyro: -1.44, 0.02, 3.11
Accel: 0.00, -0.09, -0.98
Gyro: -2.38, -0.08, 1.31
Accel: -0.00, -0.08, -0.98
Gyro: -2.98, 0.10, -0.07
Accel: 0.00, -0.07, -0.99
Gyro: -3.27, 0.95, -0.21
Accel: 0.01, -0.06, -0.97
Gyro: -3.91, 1.54, -0.56
Accel: 0.01, -0.06, -0.98
Gyro: -3.59, 1.07, 0.01
Accel: 0.01, -0.07, -0.97
Gyro: -4.64, 0.18, -0.79
Accel: 0.01, -0.06, -0.98
Gyro: -5.72, -0.07, -1.59
