Accel: 0.03, 0.11, -0.96
Gyro: -2.84, -0.43, -1.80
Accel: 0.03, 0.12, -0.96
Gyro: -2.49, -0.66, -1.84
Accel: 0.03, 0.11, -0.96
Gyro: -2.46, -0.88, -1.28
Accel: 0.03, 0.11, -0.96
Gyro: -3.11, -1.17, -0.92
Accel: 0.02, 0.11, -0.97
Gyro: -3.29, -1.05, -1.34
Accel: 0.02, 0.11, -0.96
Gyro: -3.03, -0.62, -1.89
Accel: 0.03, 0.11, -0.96
Gyro: -2.99, -0.72, -2.20
Accel: 0.02, 0.12, -0.96
Gyro: -3.35, -0.81, -2.43
Accel: 0.03, 0.12, -0.97
Gyro: -3.16, -0.50, -1.74
Accel: 0.03, 0.11, -0.95
Gyro: -3.97, -0.22, -1.95
Accel: 0.03, 0.13, -0.97
Gyro: -4.02, -0.06, -2.62
Accel: 0.03, 0.13, -0.96
Gyro: -1.72, 0.01, -1.97
Accel: 0.03, 0.12, -0.96
Gyro: -2.37, -0.34, -1.47
Accel: 0.03, 0.12, -0.96
Gyro: -2.98, 0.12, -1.02
Accel: 0.03, 0.12, -0.95
Gyro: -2.39, -0.21, -0.65
Accel: 0.03, 0.11, -0.96
Gyro: -2.62, -0.22, -1.09
Accel: 0.04, 0.12, -0.96
Gyro: -2.69, -0.02, -2.00
Accel: 0.03, 0.12, -0.96
Gyro: -1.77, -0.08, -1.80
Accel: 0.03, 0.12, -0.96
Gyro: -2.88, -0.31, -2.12
Accel: 0.03, 0.13, -0.96
Gyro: -1.85, 0.11, -1.30
Accel: 0.03, 0.12, -0.96
Gyro: -2.11, -0.66, -0.61
Accel: 0.03, 0.11, -0.96
Gyro: -2.64, -0.61, -1.00
Accel: 0.04, 0.12, -0.96
Gyro: -2.19, -0.53, -1.21
Accel: 0.03, 0.11, -0.95
Gyro: -2.07, -0.66, -1.73
Accel: 0.04, 0.12, -0.96
Gyro: -2.30, -0.47, -2.06
Accel: 0.03, 0.12, -0.96
Gyro: -1.82, -0.99, -1.63
Accel: 0.04, 0.12, -0.95
Gyro: -1.95, -1.85, -1.26
Accel: 0.04, 0.11, -0.95
Gyro: -2.25, -3.32, -1.49
Accel: 0.04, 0.11, -0.95
Gyro: -1.84, -4.22, -2.29
Accel: 0.05, 0.12, -0.93
Gyro: -0.83, -6.06, -2.76
Accel: 0.07, 0.13, -0.90
Gyro: -0.07, -10.20, -3.21
Accel: 0.09, 0.12, -0.87
Gyro: 2.20, -19.22, -3.84
Accel: 0.11, 0.12, -0.80
Gyro: 4.84, -34.15, -3.99
Accel: 0.11, 0.12, -0.78
Gyro: 6.18, -53.15, -2.75
Accel: 0.07, 0.09, -0.79
Gyro: 7.25, -72.10, -4.75
Accel: 0.01, 0.09, -0.79
Gyro: 11.78, -88.23, -6.84
Accel: -0.07, 0.06, -0.81
Gyro: 15.30, -103.74, -9.85
Accel: -0.15, 0.05, -0.84
Gyro: 17.54, -111.88, -13.88
Accel: -0.28, 0.03, -0.91
Gyro: 14.99, -116.14, -14.91
Accel: -0.43, 0.05, -1.04
Gyro: 14.31, -104.03, -13.53
Accel: -0.53, 0.02, -1.05
Gyro: 12.02, -84.38, -14.39
Accel: -0.56, 0.06, -1.03
Gyro: 12.41, -66.91, -12.47
Accel: -0.60, 0.05, -1.03
Gyro: 11.62, -49.13, -8.27
Accel: -0.64, 0.05, -1.02
Gyro: 6.31, -27.98, -2.16
Accel: -0.61, 0.01, -0.93
Gyro: 3.11, -13.73, 2.88
Accel: -0.59, 0.01, -0.92
Gyro: 1.76, -1.56, 5.15
Accel: -0.57, -0.03, -0.89
Gyro: -1.39, 7.77, 3.59
Accel: -0.53, -0.01, -0.87
Gyro: -2.48, 13.50, 1.42
Accel: -0.53, 0.01, -0.93
Gyro: -2.84, 22.24, 0.50
Accel: -0.56, 0.03, -1.03
Gyro: -2.55, 36.08, 2.25
Accel: -0.58, 0.04, -1.11
Gyro: -3.25, 56.79, 6.02
Accel: -0.53, 0.03, -1.05
Gyro: -8.46, 80.86, 9.66
Accel: -0.51, 0.03, -1.09
Gyro: -11.03, 99.27, 11.81
Accel: -0.42, 0.03, -0.95
Gyro: -14.28, 118.03, 14.92
Accel: -0.27, 0.02, -0.84
Gyro: -10.87, 111.92, 11.44
Accel: -0.15, 0.02, -0.75
Gyro: -10.99, 101.30, 8.51
Accel: -0.04, 0.00, -0.70
Gyro: -10.54, 78.94, 4.43
Accel: 0.01, -0.01, -0.72
Gyro: -16.04, 54.12, -1.39
Accel: 0.02, 0.08, -0.85
Gyro: -16.71, 37.77, -3.89
Accel: 0.04, 0.10, -0.88
Gyro: -11.34, 32.20, 0.18
Accel: 0.06, 0.08, -0.91
Gyro: -11.57, 26.90, 1.09
Accel: 0.05, 0.09, -0.92
Gyro: -11.16, 22.19, 0.71
Accel: 0.07, 0.10, -0.92
Gyro: -11.02, 17.14, 0.05
Accel: 0.06, 0.09, -0.93
Gyro: -10.58, 12.57, -0.42
Accel: 0.07, 0.11, -0.94
Gyro: -9.88, 9.21, -1.36
Accel: 0.08, 0.12, -0.95
Gyro: -7.40, 7.43, -1.11
Accel: 0.08, 0.11, -0.95
Gyro: -5.46, 5.21, -0.78
Accel: 0.08, 0.13, -0.97
Gyro: -3.85, 3.49, -0.24
Accel: 0.08, 0.12, -0.95
Gyro: -2.04, 1.86, 1.25
Accel: 0.06, 0.11, -0.95
Gyro: -1.56, 0.27, 2.14
Accel: 0.05, 0.10, -0.95
Gyro: -2.24, -1.08, 2.30
Accel: 0.05, 0.10, -0.95
Gyro: -3.01, -2.21, 1.52
Accel: 0.04, 0.10, -0.94
Gyro: -3.35, -3.52, -0.18
Accel: 0.03, 0.10, -0.95
Gyro: -3.20, -4.65, -1.42
Accel: 0.03, 0.10, -0.96
Gyro: -2.83, -6.00, -2.69
Accel: 0.02, 0.11, -0.96
Gyro: -2.47, -5.93, -3.49
Accel: 0.01, 0.11, -0.96
Gyro: -2.06, -5.81, -3.63
Accel: 0.01, 0.12, -0.97
Gyro: -1.77, -4.78, -2.95
Accel: 0.01, 0.11, -0.97
Gyro: -1.54, -3.86, -2.18
Accel: 0.01, 0.11, -0.98
Gyro: -1.71, -3.00, -1.54
Accel: 0.02, 0.10, -0.97
Gyro: -1.66, -2.09, -1.08
Accel: 0.02, 0.10, -0.97
Gyro: -2.94, -1.46, -1.30
Accel: 0.03, 0.10, -0.97
Gyro: -2.99, -0.37, -1.97
Accel: 0.03, 0.11, -0.96
Gyro: -1.08, -0.90, -1.21
Accel: 0.03, 0.10, -0.95
Gyro: -1.57, -1.91, -1.24
Accel: 0.03, 0.10, -0.96
Gyro: -2.27, -2.68, -1.30
Accel: 0.02, 0.11, -0.96
Gyro: -2.01, -3.20, -1.06
Accel: 0.01, 0.09, -0.96
Gyro: -2.28, -3.20, -1.53
Accel: 0.01, 0.10, -0.97
Gyro: -2.79, -3.61, -2.30
Accel: 0.01, 0.11, -0.96
Gyro: -1.99, -4.02, -2.26
Accel: 0.00, 0.10, -0.96
Gyro: -3.15, -3.64, -2.79
Accel: 0.00, 0.12, -0.97
Gyro: -2.14, -2.89, -2.71
Accel: 0.00, 0.11, -0.96
Gyro: -1.49, -2.79, -1.91
Accel: -0.00, 0.11, -0.97
Gyro: -2.07, -2.54, -1.64
Accel: 0.01, 0.11, -0.96
Gyro: -1.96, -2.45, -1.17
Accel: 0.01, 0.12, -0.95
Gyro: -1.25, -3.43, -0.68
Accel: 0.00, 0.11, -0.97
Gyro: -1.26, -3.21, -0.01
Accel: 0.00, 0.11, -0.97
Gyro: -1.62, -2.12, 0.56
Accel: 0.01, 0.10, -0.96
Gyro: -1.47, -1.53, 0.78
Accel: 0.00, 0.10, -0.96
Gyro: -1.81, -2.09, 0.03
Accel: 0.00, 0.09, -0.96
Gyro: -2.48, -2.24, -0.97
