Accel: -0.18, -0.07, -0.94
Gyro: -0.36, -1.26, -5.23
Accel: -0.18, -0.07, -0.95
Gyro: -0.66, -1.94, -4.40
Accel: -0.19, -0.08, -0.95
Gyro: -0.27, -2.04, -3.99
Accel: -0.20, -0.08, -0.96
Gyro: -0.45, -1.88, -3.57
Accel: -0.19, -0.07, -0.95
Gyro: 0.20, -1.50, -2.18
Accel: -0.19, -0.08, -0.95
Gyro: 0.47, -0.78, -0.75
Accel: -0.19, -0.09, -0.96
Gyro: 1.04, -0.86, 0.85
Accel: -0.20, -0.10, -0.96
Gyro: -0.05, -0.47, 0.79
Accel: -0.20, -0.08, -0.96
Gyro: -0.26, -0.27, 0.55
Accel: -0.19, -0.10, -0.95
Gyro: 1.11, -1.01, 1.20
Accel: -0.19, -0.10, -0.96
Gyro: -1.20, -1.21, 0.92
Accel: -0.20, -0.10, -0.96
Gyro: -3.07, 0.10, 0.73
Accel: -0.19, -0.10, -0.96
Gyro: -2.61, 1.20, -0.40
Accel: -0.19, -0.10, -0.96
Gyro: -3.59, 1.42, -2.20
Accel: -0.18, -0.08, -0.96
Gyro: -4.17, 1.59, -3.50
Accel: -0.19, -0.08, -0.96
Gyro: -3.83, 1.24, -3.15
Accel: -0.18, -0.08, -0.95
Gyro: -5.08, 1.27, -2.59
Accel: -0.17, -0.07, -0.95
Gyro: -3.56, 1.76, -2.65
Accel: -0.17, -0.08, -0.95
Gyro: -2.49, 0.53, -2.70
Accel: -0.18, -0.09, -0.94
Gyro: -3.59, -0.05, -3.56
Accel: -0.17, -0.07, -0.95
Gyro: -3.68, -0.88, -4.39
Accel: -0.18, -0.07, -0.96
Gyro: -3.40, -1.46, -3.87
Accel: -0.20, -0.06, -0.97
Gyro: -3.48, -1.24, -3.10
Accel: -0.19, -0.06, -0.97
Gyro: -3.17, -0.76, -2.02
Accel: -0.19, -0.07, -0.97
Gyro: -2.72, -0.22, -1.24
Accel: -0.19, -0.06, -0.95
Gyro: -2.49, 0.34, -0.92
Accel: -0.18, -0.07, -0.95
Gyro: -1.90, 0.06, -1.05
Accel: -0.18, -0.07, -0.95
Gyro: -1.47, 0.04, -1.21
Accel: -0.17, -0.07, -0.94
Gyro: -1.01, -0.77, -1.10
Accel: -0.17, -0.07, -0.95
Gyro: -1.34, -1.34, -0.89
Accel: -0.18, -0.07, -0.95
Gyro: -1.52, -1.92, -0.40
Accel: -0.17, -0.08, -0.96
Gyro: -1.41, -2.30, -0.34
Accel: -0.16, -0.08, -0.95
Gyro: -1.18, -3.07, -0.30
Accel: -0.16, -0.08, -0.95
Gyro: -1.97, -4.92, -1.11
Accel: -0.15, -0.07, -0.94
Gyro: 0.31, -6.13, -0.83
Accel: -0.13, -0.08, -0.90
Gyro: 2.15, -10.29, -1.12
Accel: -0.08, -0.07, -0.83
Gyro: 1.75, -18.43, -0.85
Accel: -0.06, -0.05, -0.77
Gyro: 0.45, -33.45, 2.54
Accel: -0.08, -0.06, -0.72
Gyro: -0.46, -54.99, 4.96
Accel: -0.12, -0.04, -0.74
Gyro: 0.06, -75.73, 6.66
Accel: -0.18, -0.03, -0.71
Gyro: 3.01, -93.27, 10.25
Accel: -0.30, -0.01, -0.68
Gyro: 5.67, -116.42, 13.74
Accel: -0.42, -0.03, -0.86
Gyro: 8.53, -128.39, 20.67
Accel: -0.56, -0.08, -0.90
Gyro: 16.37, -117.67, 20.20
Accel: -0.70, -0.11, -0.89
Gyro: 11.14, -106.41, 18.10
Accel: -0.87, -0.13, -1.06
Gyro: 9.25, -85.30, 16.53
Accel: -0.91, -0.16, -1.12
Gyro: 3.69, -45.17, 12.71
Accel: -0.86, -0.17, -0.96
Gyro: 0.53, -15.19, 5.33
Accel: -0.83, -0.14, -0.88
Gyro: 0.25, -0.57, -1.08
Accel: -0.81, -0.11, -0.89
Gyro: -2.89, 15.59, -3.27
Accel: -0.77, -0.11, -0.88
Gyro: -2.28, 32.29, -4.23
Accel: -0.74, -0.12, -0.85
Gyro: -2.01, 44.97, -6.57
Accel: -0.73, -0.11, -0.92
Gyro: -2.88, 61.89, -9.42
Accel: -0.67, -0.10, -0.85
Gyro: -2.63, 79.76, -11.51
Accel: -0.60, -0.09, -0.83
Gyro: -1.17, 84.56, -13.14
Accel: -0.54, -0.08, -0.82
Gyro: -1.50, 86.93, -12.54
Accel: -0.45, -0.09, -0.79
Gyro: -4.21, 86.08, -10.89
Accel: -0.36, -0.07, -0.74
Gyro: -4.52, 74.84, -8.96
Accel: -0.29, -0.09, -0.76
Gyro: -5.06, 60.58, -7.68
Accel: -0.24, -0.08, -0.80
Gyro: -10.03, 48.55, -7.11
Accel: -0.21, -0.08, -0.82
Gyro: -6.39, 38.64, -6.51
Accel: -0.17, -0.10, -0.84
Gyro: -1.99, 27.33, -7.39
Accel: -0.16, -0.08, -0.88
Gyro: -5.41, 20.29, -7.03
Accel: -0.16, -0.08, -0.91
Gyro: -4.14, 16.32, -5.43
Accel: -0.16, -0.08, -0.91
Gyro: -3.07, 12.13, -4.24
Accel: -0.15, -0.10, -0.92
Gyro: -3.71, 7.87, -3.49
Accel: -0.19, -0.09, -0.97
Gyro: -3.68, 6.00, -3.09
Accel: -0.23, -0.08, -1.02
Gyro: -4.75, 8.93, -1.45
Accel: -0.21, -0.07, -0.96
Gyro: -8.60, 15.52, 2.98
Accel: -0.18, -0.07, -0.91
Gyro: -7.22, 12.70, 5.63
Accel: -0.20, -0.10, -0.95
Gyro: -4.62, 9.09, 5.02
Accel: -0.19, -0.10, -0.94
Gyro: -3.56, 9.68, 1.77
Accel: -0.19, -0.10, -0.92
Gyro: -1.03, 7.64, -2.43
Accel: -0.18, -0.09, -0.92
Gyro: -1.27, 4.58, -4.39
Accel: -0.19, -0.08, -0.92
Gyro: -0.98, 3.36, -3.68
Accel: -0.19, -0.08, -0.91
Gyro: -1.28, 0.91, -2.14
Accel: -0.21, -0.09, -0.94
Gyro: -3.07, 0.24, -0.69
Accel: -0.20, -0.08, -0.94
Gyro: -3.49, -0.34, -0.04
Accel: -0.19, -0.09, -0.93
Gyro: -3.46, -1.15, 0.58
Accel: -0.20, -0.09, -0.95
Gyro: -4.13, -3.05, 0.48
Accel: -0.21, -0.08, -0.98
Gyro: -3.88, -1.81, 0.69
Accel: -0.20, -0.08, -0.98
Gyro: -3.98, 0.13, 0.93
Accel: -0.19, -0.08, -0.99
Gyro: -4.01, 1.91, 1.10
Accel: -0.18, -0.09, -0.97
Gyro: -2.69, 2.72, 0.83
Accel: -0.17, -0.08, -0.95
Gyro: -3.36, 2.20, -0.39
Accel: -0.16, -0.06, -0.96
Gyro: -2.17, 1.88, -0.43
Accel: -0.16, -0.07, -0.95
Gyro: -0.79, 0.36, -0.06
Accel: -0.17, -0.08, -0.94
Gyro: -2.24, -0.79, 0.46
Accel: -0.17, -0.07, -0.95
Gyro: -3.02, -1.46, 0.98
Accel: -0.18, -0.06, -0.96
Gyro: -1.74, -1.96, 1.51
Accel: -0.19, -0.07, -0.96
Gyro: -2.12, -1.54, 1.97
Accel: -0.18, -0.07, -0.95
Gyro: -1.54, -2.09, 2.74
Accel: -0.20, -0.07, -0.96
Gyro: -1.32, -2.31, 3.33
Accel: -0.20, -0.07, -0.96
Gyro: -2.46, -1.92, 2.82
Accel: -0.20, -0.08, -0.96
Gyro: -1.30, -1.63, 3.17
Accel: -0.20, -0.08, -0.95
Gyro: -1.57, -1.57, 2.51
Accel: -0.20, -0.08, -0.95
Gyro: -2.80, -1.35, 1.82
Accel: -0.21, -0.07, -0.96
Gyro: -2.87, -0.81, 1.59
Accel: -0.20, -0.07, -0.96
Gyro: -2.27, -0.48, 1.46
Accel: -0.20, -0.07, -0.96
Gyro: -2.38, -0.09, 1.43
Accel: -0.20, -0.06, -0.95
Gyro: -2.19, 0.49, 1.69
