Accel: 0.03, 0.12, -0.96
Gyro: -2.69, -1.24, -1.66
Accel: 0.02, 0.12, -0.96
Gyro: -2.33, -0.59, -0.86
Accel: 0.02, 0.11, -0.96
Gyro: -2.38, -0.11, -1.23
Accel: 0.02, 0.11, -0.96
Gyro: -2.62, -0.43, -1.65
Accel: 0.02, 0.11, -0.97
Gyro: -2.41, -0.60, -1.67
Accel: 0.03, 0.12, -0.97
Gyro: -3.13, -0.91, -2.87
Accel: 0.03, 0.12, -0.97
Gyro: -1.11, -0.24, -2.70
Accel: 0.02, 0.11, -0.97
Gyro: -2.04, 0.35, -2.08
Accel: 0.03, 0.11, -0.96
Gyro: -3.03, 0.27, -1.76
Accel: 0.02, 0.12, -0.96
Gyro: -2.82, -0.28, -1.11
Accel: 0.03, 0.10, -0.95
Gyro: -2.32, -0.11, -1.54
Accel: 0.03, 0.12, -0.95
Gyro: -2.01, -0.20, -1.60
Accel: 0.03, 0.11, -0.96
Gyro: -1.79, -1.08, -1.59
Accel: 0.03, 0.11, -0.96
Gyro: -2.15, -2.11, -1.08
Accel: 0.03, 0.11, -0.95
Gyro: -2.18, -2.60, -0.69
Accel: 0.04, 0.10, -0.96
Gyro: -2.30, -3.36, -1.04
Accel: 0.04, 0.11, -0.95
Gyro: -1.92, -4.39, -1.91
Accel: 0.04, 0.11, -0.95
Gyro: -1.56, -5.24, -2.11
Accel: 0.04, 0.10, -0.93
Gyro: -1.47, -7.57, -2.89
Accel: 0.05, 0.10, -0.92
Gyro: -1.53, -12.00, -4.19
Accel: 0.07, 0.13, -0.87
Gyro: 1.56, -19.28, -4.49
Accel: 0.10, 0.10, -0.79
Gyro: 4.31, -33.50, -5.39
Accel: 0.10, 0.12, -0.78
Gyro: 4.97, -53.87, -6.71
Accel: 0.06, 0.11, -0.80
Gyro: 7.78, -69.62, -5.69
Accel: 0.01, 0.09, -0.80
Gyro: 8.06, -84.57, -5.52
Accel: -0.10, 0.08, -0.83
Gyro: 7.10, -97.25, -5.79
Accel: -0.17, 0.07, -0.91
Gyro: 11.00, -100.46, -8.14
Accel: -0.26, 0.04, -0.90
Gyro: 10.83, -103.33, -10.88
Accel: -0.38, 0.04, -0.95
Gyro: 11.87, -99.55, -12.07
Accel: -0.52, 0.04, -1.05
Gyro: 12.34, -86.79, -13.18
Accel: -0.60, 0.03, -1.11
Gyro: 7.53, -60.82, -11.11
Accel: -0.62, 0.06, -1.07
Gyro: 3.42, -34.51, -7.94
Accel: -0.61, 0.05, -0.99
Gyro: 6.54, -18.81, -5.43
Accel: -0.60, 0.04, -0.99
Gyro: -1.30, -2.51, -0.69
Accel: -0.58, 0.04, -0.99
Gyro: -0.08, 12.63, 2.13
Accel: -0.59, 0.04, -1.02
Gyro: -3.67, 30.81, 4.43
Accel: -0.58, 0.04, -1.03
Gyro: -2.84, 50.05, 6.13
Accel: -0.56, 0.03, -1.03
Gyro: -6.68, 72.49, 8.56
Accel: -0.51, 0.04, -1.05
Gyro: -9.70, 89.77, 10.85
Accel: -0.43, 0.06, -0.98
Gyro: -11.92, 106.12, 13.85
Accel: -0.29, 0.05, -0.87
Gyro: -12.87, 109.72, 14.56
Accel: -0.15, 0.04, -0.78
Gyro: -10.87, 98.63, 12.59
Accel: -0.03, 0.05, -0.75
Gyro: -10.24, 79.27, 9.16
Accel: 0.01, 0.07, -0.80
Gyro: -7.71, 60.97, 7.81
Accel: 0.05, 0.06, -0.82
Gyro: -6.94, 45.02, 6.04
Accel: 0.06, 0.07, -0.88
Gyro: -5.52, 36.44, 4.91
Accel: 0.07, 0.06, -0.93
Gyro: -5.71, 31.79, 4.36
Accel: 0.08, 0.07, -0.92
Gyro: -6.58, 28.01, 2.74
Accel: 0.08, 0.07, -0.93
Gyro: -7.24, 22.00, 0.60
Accel: 0.08, 0.07, -0.94
Gyro: -7.48, 19.10, -1.32
Accel: 0.08, 0.08, -0.93
Gyro: -9.23, 15.21, -3.85
Accel: 0.09, 0.09, -0.91
Gyro: -7.05, 10.44, -4.75
Accel: 0.08, 0.10, -0.91
Gyro: -5.03, 6.04, -4.36
Accel: 0.08, 0.08, -0.92
Gyro: -5.27, 2.28, -5.29
Accel: 0.07, 0.07, -0.94
Gyro: -4.10, -2.24, -10.38
Accel: 0.05, 0.09, -0.97
Gyro: -2.29, -2.80, -13.57
Accel: 0.05, 0.11, -0.97
Gyro: -1.50, -1.71, -13.63
Accel: 0.05, 0.11, -0.95
Gyro: -2.43, -1.83, -11.18
Accel: 0.04, 0.12, -0.96
Gyro: -4.21, -1.97, -7.51
Accel: 0.04, 0.13, -0.96
Gyro: -5.53, -2.01, -3.25
Accel: 0.05, 0.12, -0.96
Gyro: -5.12, -2.17, -0.24
Accel: 0.05, 0.11, -0.97
Gyro: -4.38, -2.04, 0.79
Accel: 0.05, 0.10, -0.98
Gyro: -3.81, -1.53, 0.31
Accel: 0.05, 0.09, -0.97
Gyro: -3.82, -0.66, -0.32
Accel: 0.05, 0.10, -0.97
Gyro: -4.44, -0.21, -2.11
Accel: 0.07, 0.12, -0.97
Gyro: -3.00, -0.27, -1.97
Accel: 0.06, 0.10, -0.95
Gyro: -2.74, -1.15, -1.43
Accel: 0.06, 0.10, -0.95
Gyro: -3.88, -1.68, -1.79
Accel: 0.05, 0.11, -0.95
Gyro: -3.55, -2.12, -1.34
Accel: 0.05, 0.11, -0.95
Gyro: -2.82, -3.00, -1.43
Accel: 0.05, 0.11, -0.96
Gyro: -2.70, -3.20, -1.43
Accel: 0.05, 0.12, -0.96
Gyro: -2.20, -3.03, -1.24
Accel: 0.05, 0.10, -0.97
Gyro: -2.11, -3.40, -1.21
Accel: 0.04, 0.12, -0.96
Gyro: -2.08, -2.82, -1.14
Accel: 0.04, 0.11, -0.96
Gyro: -1.41, -2.64, -0.21
Accel: 0.04, 0.11, -0.96
Gyro: -1.88, -2.56, -0.05
Accel: 0.03, 0.10, -0.96
Gyro: -2.64, -2.10, -0.08
Accel: 0.04, 0.11, -0.97
Gyro: -2.81, -1.63, -0.36
Accel: 0.03, 0.11, -0.97
Gyro: -2.69, -1.46, -0.94
Accel: 0.04, 0.10, -0.96
Gyro: -2.38, -0.79, -1.59
Accel: 0.04, 0.11, -0.96
Gyro: -2.24, -1.06, -1.58
Accel: 0.04, 0.11, -0.96
Gyro: -2.78, -1.59, -1.17
Accel: 0.03, 0.11, -0.96
Gyro: -2.92, -2.02, -0.93
Accel: 0.03, 0.10, -0.95
Gyro: -3.08, -1.98, -1.36
Accel: 0.03, 0.10, -0.96
Gyro: -2.89, -2.18, -1.89
Accel: 0.04, 0.12, -0.96
Gyro: -2.74, -2.06, -2.07
Accel: 0.03, 0.10, -0.96
Gyro: -3.58, -1.56, -2.33
Accel: 0.03, 0.11, -0.97
Gyro: -3.88, -1.55, -2.78
Accel: 0.04, 0.13, -0.95
Gyro: -1.66, -1.43, -2.08
Accel: 0.03, 0.11, -0.96
Gyro: -2.10, -1.30, -1.55
Accel: 0.04, 0.12, -0.96
Gyro: -2.88, -1.66, -1.05
Accel: 0.03, 0.12, -0.96
Gyro: -2.21, -1.83, -0.43
Accel: 0.03, 0.11, -0.97
Gyro: -2.14, -1.40, -0.65
Accel: 0.03, 0.11, -0.96
Gyro: -2.30, -1.11, -1.17
Accel: 0.04, 0.12, -0.96
Gyro: -1.94, -1.59, -1.27
Accel: 0.03, 0.10, -0.96
Gyro: -2.74, -1.96, -1.81
Accel: 0.03, 0.11, -0.96
Gyro: -2.31, -1.49, -1.69
Accel: 0.03, 0.12, -0.97
Gyro: -1.82, -1.63, -0.89
Accel: 0.03, 0.11, -0.96
Gyro: -2.90, -1.49, -0.95
Accel: 0.03, 0.11, -0.96
Gyro: -3.09, -1.72, -0.86
Accel: 0.03, 0.11, -0.96
Gyro: -2.88, -1.42, -1.23
