Accel: 0.03, 0.07, -0.95
Gyro: -4.33, -3.03, -2.03
Accel: 0.03, 0.08, -0.97
Gyro: -4.28, -2.69, -1.91
Accel: 0.02, 0.07, -0.97
Gyro: -3.85, -2.38, -2.17
Accel: 0.02, 0.08, -0.96
Gyro: -3.35, -2.26, -2.54
Accel: 0.02, 0.09, -0.96
Gyro: -2.51, -2.36, -2.41
Accel: 0.02, 0.08, -0.96
Gyro: -2.41, -2.46, -1.88
Accel: 0.02, 0.08, -0.96
Gyro: -2.25, -2.08, -1.43
Accel: 0.02, 0.07, -0.96
Gyro: -2.11, -1.59, -0.64
Accel: 0.02, 0.08, -0.97
Gyro: -2.17, -1.81, -0.53
Accel: 0.03, 0.07, -0.97
Gyro: -2.46, -1.40, -0.53
Accel: 0.03, 0.07, -0.97
Gyro: -2.56, -0.61, -0.50
Accel: 0.03, 0.07, -0.97
Gyro: -3.38, -0.15, -1.60
Accel: 0.03, 0.09, -0.97
Gyro: -2.94, 0.33, -2.59
Accel: 0.03, 0.08, -0.97
Gyro: -1.53, -0.33, -1.83
Accel: 0.03, 0.08, -0.96
Gyro: -2.32, -0.39, -1.66
Accel: 0.02, 0.08, -0.95
Gyro: -3.14, -0.31, -1.59
Accel: 0.03, 0.08, -0.97
Gyro: -2.88, -0.39, -1.30
Accel: 0.04, 0.08, -0.96
Gyro: -2.76, -0.37, -1.50
Accel: 0.03, 0.08, -0.96
Gyro: -2.85, -0.50, -2.15
Accel: 0.03, 0.08, -0.97
Gyro: -2.59, -0.52, -2.14
Accel: 0.03, 0.09, -0.97
Gyro: -2.80, 0.11, -2.30
Accel: 0.03, 0.09, -0.95
Gyro: -1.61, -0.18, -1.29
Accel: 0.02, 0.08, -0.95
Gyro: -1.54, -0.76, -0.98
Accel: 0.03, 0.08, -0.96
Gyro: -2.33, -1.41, -1.17
Accel: 0.03, 0.09, -0.96
Gyro: -1.75, -1.75, -1.08
Accel: 0.03, 0.08, -0.97
Gyro: -1.40, -1.69, -1.29
Accel: 0.03, 0.08, -0.97
Gyro: -1.46, -1.17, -1.37
Accel: 0.03, 0.08, -0.98
Gyro: -1.51, -0.92, -0.52
Accel: 0.03, 0.07, -0.97
Gyro: -1.71, -0.82, -0.37
Accel: 0.02, 0.07, -0.96
Gyro: -1.74, -0.20, -0.38
Accel: 0.03, 0.07, -0.96
Gyro: -2.03, -0.22, -0.85
Accel: 0.03, 0.07, -0.96
Gyro: -2.18, -0.76, -1.36
Accel: 0.03, 0.07, -0.96
Gyro: -2.24, -0.72, -1.71
Accel: 0.02, 0.06, -0.96
Gyro: -3.17, -0.09, -1.85
Accel: 0.03, 0.08, -0.96
Gyro: -4.03, -1.17, -2.99
Accel: 0.02, 0.09, -0.95
Gyro: -2.09, -0.92, -2.62
Accel: 0.03, 0.08, -0.95
Gyro: -1.47, -1.86, -1.81
Accel: 0.05, 0.08, -0.90
Gyro: -1.64, -6.29, -1.88
Accel: 0.07, 0.05, -0.81
Gyro: -1.51, -19.93, -2.70
Accel: 0.12, 0.07, -0.70
Gyro: -1.01, -43.46, -7.84
Accel: 0.10, 0.10, -0.73
Gyro: 5.26, -73.38, -8.16
Accel: 0.05, 0.09, -0.76
Gyro: 8.49, -92.43, -8.12
Accel: -0.03, 0.05, -0.81
Gyro: 6.50, -108.22, -9.06
Accel: -0.13, 0.08, -0.87
Gyro: 5.58, -117.32, -9.35
Accel: -0.22, 0.09, -0.94
Gyro: 14.12, -112.56, -4.24
Accel: -0.30, 0.06, -0.88
Gyro: 11.16, -115.23, -7.01
Accel: -0.45, 0.02, -0.96
Gyro: 16.09, -109.97, -6.42
Accel: -0.61, -0.03, -1.11
Gyro: 12.15, -87.85, -7.63
Accel: -0.66, -0.00, -1.10
Gyro: 6.07, -59.75, -10.04
Accel: -0.62, 0.02, -0.94
Gyro: 5.12, -42.21, -10.68
Accel: -0.67, 0.03, -1.02
Gyro: 5.48, -28.51, -7.09
Accel: -0.66, -0.02, -0.98
Gyro: 1.32, -7.11, -5.25
Accel: -0.65, -0.00, -0.96
Gyro: -2.62, 10.33, -4.98
Accel: -0.65, 0.02, -1.01
Gyro: -2.76, 28.31, -3.66
Accel: -0.64, 0.01, -1.03
Gyro: -2.88, 52.25, -0.38
Accel: -0.65, -0.00, -1.11
Gyro: -4.38, 77.17, 2.33
Accel: -0.60, 0.01, -1.05
Gyro: -13.44, 109.53, 5.91
Accel: -0.52, 0.00, -1.00
Gyro: -12.15, 122.29, 6.90
Accel: -0.42, 0.02, -0.96
Gyro: -14.95, 136.76, 8.23
Accel: -0.20, 0.02, -0.64
Gyro: -11.41, 121.93, 6.28
Accel: -0.06, 0.03, -0.69
Gyro: -8.19, 91.90, 5.00
Accel: -0.03, 0.05, -0.82
Gyro: -8.83, 73.75, 5.25
Accel: 0.02, 0.04, -0.84
Gyro: -8.71, 62.44, 5.91
Accel: 0.04, 0.04, -0.87
Gyro: -12.82, 54.66, 5.97
Accel: 0.05, 0.04, -0.90
Gyro: -8.84, 45.65, 7.15
Accel: 0.07, 0.03, -0.90
Gyro: -11.86, 41.80, 7.46
Accel: 0.07, 0.04, -0.95
Gyro: -14.82, 36.93, 7.44
Accel: 0.10, 0.05, -0.90
Gyro: -16.10, 31.30, 6.59
Accel: 0.12, 0.06, -0.88
Gyro: -14.85, 23.15, 4.50
Accel: 0.14, 0.06, -0.87
Gyro: -12.64, 15.75, 1.20
Accel: 0.15, 0.07, -0.89
Gyro: -9.14, 9.70, -2.13
Accel: 0.14, 0.09, -0.92
Gyro: -6.17, 6.77, -4.34
Accel: 0.15, 0.09, -0.93
Gyro: -4.42, 4.35, -5.01
Accel: 0.14, 0.11, -0.94
Gyro: -4.10, 1.23, -4.75
Accel: 0.13, 0.10, -0.95
Gyro: -3.33, -1.26, -3.52
Accel: 0.13, 0.10, -0.96
Gyro: -3.01, -2.01, -2.05
Accel: 0.12, 0.10, -0.97
Gyro: -2.52, -1.27, -0.57
Accel: 0.11, 0.09, -0.96
Gyro: -2.78, -0.76, -0.57
Accel: 0.12, 0.09, -0.96
Gyro: -2.46, -1.05, -1.44
Accel: 0.11, 0.08, -0.95
Gyro: -2.47, -1.59, -2.43
Accel: 0.11, 0.10, -0.97
Gyro: -2.59, -1.73, -3.68
Accel: 0.12, 0.10, -0.96
Gyro: -0.78, -1.69, -2.77
Accel: 0.11, 0.09, -0.97
Gyro: -1.16, -1.68, -1.70
Accel: 0.11, 0.09, -0.95
Gyro: -2.60, -2.88, -1.36
Accel: 0.10, 0.09, -0.95
Gyro: -2.69, -3.95, -0.79
Accel: 0.10, 0.08, -0.96
Gyro: -2.67, -4.15, -1.05
Accel: 0.09, 0.09, -0.96
Gyro: -3.06, -3.32, -2.55
Accel: 0.10, 0.09, -0.95
Gyro: -2.14, -3.23, -3.80
Accel: 0.10, 0.08, -0.96
Gyro: -2.50, -2.91, -5.30
Accel: 0.10, 0.11, -0.96
Gyro: -1.22, -2.48, -4.82
Accel: 0.09, 0.10, -0.97
Gyro: -0.86, -1.81, -2.38
Accel: 0.10, 0.10, -0.96
Gyro: -1.98, -1.44, -0.86
Accel: 0.10, 0.09, -0.96
Gyro: -2.66, -1.72, 0.01
Accel: 0.09, 0.10, -0.97
Gyro: -2.29, -1.84, 0.48
Accel: 0.10, 0.08, -0.96
Gyro: -2.06, -1.11, 0.26
Accel: 0.10, 0.08, -0.95
Gyro: -1.98, -2.04, -0.68
Accel: 0.10, 0.09, -0.96
Gyro: -2.23, -2.63, -1.00
Accel: 0.10, 0.09, -0.96
Gyro: -2.30, -2.69, -0.98
Accel: 0.10, 0.09, -0.95
Gyro: -1.87, -3.70, -0.71
Accel: 0.09, 0.09, -0.93
Gyro: -1.56, -5.86, -0.88
Accel: 0.09, 0.09, -0.96
Gyro: -1.95, -7.27, -0.96
