Accel: -0.01, -0.02, -0.99
Gyro: -3.97, -2.78, 0.77
Accel: -0.01, -0.02, -0.98
Gyro: -4.18, -1.92, -1.11
Accel: -0.00, -0.00, -0.99
Gyro: -3.76, -1.31, -2.67
Accel: 0.00, 0.01, -0.98
Gyro: -3.64, -1.19, -3.69
Accel: 0.00, 0.01, -0.97
Gyro: -3.23, -1.37, -3.62
Accel: -0.00, 0.00, -0.98
Gyro: -4.11, -1.57, -3.99
Accel: -0.00, 0.03, -0.98
Gyro: -3.85, -1.69, -4.36
Accel: -0.00, 0.02, -0.97
Gyro: -1.66, -2.17, -2.91
Accel: -0.01, 0.03, -0.97
Gyro: -1.85, -2.66, -1.73
Accel: -0.01, 0.03, -0.97
Gyro: -1.72, -3.44, 0.93
Accel: -0.01, 0.03, -0.99
Gyro: -1.11, -3.70, 2.75
Accel: -0.02, 0.01, -0.99
Gyro: -0.19, -1.10, 3.87
Accel: -0.01, -0.00, -0.98
Gyro: 1.12, -0.10, 3.05
Accel: -0.02, -0.02, -0.98
Gyro: 1.88, -0.37, 2.31
Accel: -0.02, -0.00, -0.98
Gyro: 0.92, -0.23, 1.47
Accel: -0.02, -0.00, -0.98
Gyro: 1.69, 0.14, 2.43
Accel: -0.02, -0.01, -0.98
Gyro: 0.56, 1.15, 3.37
Accel: -0.02, -0.01, -0.98
Gyro: 0.05, 2.11, 3.71
Accel: -0.01, -0.01, -0.98
Gyro: 1.35, 2.24, 3.26
Accel: -0.00, -0.02, -0.97
Gyro: 1.91, 2.31, 2.78
Accel: -0.00, -0.02, -0.97
Gyro: 2.02, 1.64, 2.08
Accel: 0.01, -0.02, -0.96
Gyro: 1.78, 0.68, 2.01
Accel: 0.03, -0.01, -0.94
Gyro: 2.38, -2.35, 2.31
Accel: 0.04, -0.03, -0.92
Gyro: 3.06, -8.26, 2.56
Accel: 0.04, -0.03, -0.91
Gyro: 0.85, -13.67, 2.32
Accel: 0.06, -0.04, -0.89
Gyro: -0.70, -21.62, 1.68
Accel: 0.10, -0.03, -0.78
Gyro: -2.08, -36.95, 2.05
Accel: 0.10, -0.02, -0.73
Gyro: -2.14, -60.74, 3.88
Accel: 0.07, -0.08, -0.72
Gyro: -6.48, -84.19, 2.39
Accel: 0.01, -0.11, -0.71
Gyro: -7.75, -108.53, -10.22
Accel: -0.10, 0.04, -0.73
Gyro: -2.71, -128.50, -14.69
Accel: -0.27, 0.06, -0.75
Gyro: -4.40, -144.58, 0.32
Accel: -0.50, -0.00, -0.98
Gyro: 15.34, -145.96, -2.30
Accel: -0.59, -0.02, -1.13
Gyro: 2.88, -113.26, -8.64
Accel: -0.66, 0.05, -1.05
Gyro: 3.75, -89.54, -3.30
Accel: -0.77, -0.00, -1.11
Gyro: 8.48, -66.97, 7.73
Accel: -0.80, -0.09, -1.12
Gyro: 2.27, -32.75, 7.75
Accel: -0.77, -0.07, -1.01
Gyro: 0.76, -7.12, 1.84
Accel: -0.75, 0.00, -0.99
Gyro: 1.89, 10.64, 1.15
Accel: -0.73, -0.00, -0.96
Gyro: -1.26, 31.47, 8.25
Accel: -0.68, -0.01, -0.93
Gyro: -0.53, 46.03, 10.91
Accel: -0.67, -0.04, -0.97
Gyro: 0.24, 66.85, 10.25
Accel: -0.63, -0.04, -0.97
Gyro: 2.43, 84.09, 6.80
Accel: -0.57, -0.03, -0.97
Gyro: 3.99, 103.13, 3.88
Accel: -0.49, -0.03, -0.92
Gyro: 9.22, 112.55, 0.90
Accel: -0.40, -0.04, -0.87
Gyro: 10.20, 114.59, -2.66
Accel: -0.30, -0.05, -0.85
Gyro: 11.31, 111.76, -6.20
Accel: -0.17, -0.06, -0.77
Gyro: 7.03, 100.50, -8.49
Accel: -0.09, -0.05, -0.77
Gyro: 4.36, 78.67, -9.22
Accel: -0.02, -0.04, -0.80
Gyro: 1.11, 62.43, -7.71
Accel: 0.02, -0.04, -0.86
Gyro: -0.98, 48.92, -5.06
Accel: 0.05, -0.08, -0.90
Gyro: -3.89, 41.50, -5.45
Accel: 0.08, -0.05, -0.89
Gyro: -4.99, 36.02, -4.93
Accel: 0.10, -0.05, -0.90
Gyro: -3.29, 26.60, -4.10
Accel: 0.11, -0.06, -0.93
Gyro: -5.27, 19.43, -4.82
Accel: 0.12, -0.04, -0.93
Gyro: -6.23, 13.37, -4.68
Accel: 0.11, -0.03, -0.94
Gyro: -4.40, 7.96, -2.95
Accel: 0.11, -0.03, -0.95
Gyro: -2.08, 7.91, -0.38
Accel: 0.09, -0.03, -0.95
Gyro: 1.74, 6.08, 1.17
Accel: 0.07, -0.05, -0.97
Gyro: 3.04, 5.36, 2.02
Accel: 0.07, -0.05, -0.96
Gyro: 3.52, 3.68, 1.84
Accel: 0.05, -0.06, -0.96
Gyro: 3.50, 2.57, 1.98
Accel: 0.05, -0.07, -0.96
Gyro: 2.16, 1.83, 1.84
Accel: 0.04, -0.07, -0.95
Gyro: 0.73, 1.11, 1.20
Accel: 0.04, -0.07, -0.95
Gyro: 0.18, 0.36, 1.14
Accel: 0.03, -0.06, -0.95
Gyro: 0.02, -1.82, 1.21
Accel: 0.03, -0.07, -0.97
Gyro: -0.29, -2.50, 1.42
Accel: 0.02, -0.08, -0.97
Gyro: 0.05, -3.33, 1.24
Accel: 0.02, -0.09, -0.97
Gyro: -1.08, -3.65, 0.31
Accel: 0.02, -0.08, -0.99
Gyro: -2.34, -3.12, -0.46
Accel: 0.03, -0.08, -0.99
Gyro: -2.93, -1.22, -1.48
Accel: 0.03, -0.07, -0.98
Gyro: -3.20, -0.37, -2.45
Accel: 0.05, -0.06, -0.98
Gyro: -3.07, -0.18, -2.91
Accel: 0.05, -0.08, -0.99
Gyro: -2.97, 0.39, -2.87
Accel: 0.06, -0.06, -0.99
Gyro: -3.36, 0.39, -3.46
Accel: 0.06, -0.05, -0.97
Gyro: -1.69, 0.76, -2.45
Accel: 0.06, -0.07, -0.99
Gyro: -1.83, 0.07, -2.40
Accel: 0.06, -0.05, -0.97
Gyro: -3.11, 0.81, -2.42
Accel: 0.06, -0.05, -0.98
Gyro: -2.31, 0.69, -1.81
Accel: 0.06, -0.06, -0.96
Gyro: -2.22, -0.29, -1.51
Accel: 0.07, -0.06, -0.97
Gyro: -2.07, -0.77, -0.95
Accel: 0.05, -0.05, -0.98
Gyro: -1.14, -1.66, -0.10
Accel: 0.05, -0.06, -0.97
Gyro: -1.93, -2.33, -0.14
Accel: 0.05, -0.06, -0.97
Gyro: -0.87, -2.83, 0.31
Accel: 0.04, -0.07, -0.97
Gyro: -1.04, -3.76, 0.28
Accel: 0.03, -0.08, -0.98
Gyro: -1.91, -3.43, -0.45
Accel: 0.04, -0.07, -0.97
Gyro: -1.72, -3.59, -0.60
Accel: 0.03, -0.07, -0.99
Gyro: -1.30, -2.88, -1.16
Accel: 0.03, -0.07, -0.97
Gyro: -0.90, -1.82, -1.05
Accel: 0.04, -0.07, -0.98
Gyro: -0.87, -1.52, -0.53
Accel: 0.03, -0.07, -0.98
Gyro: -1.35, -1.00, -0.37
Accel: 0.03, -0.07, -0.99
Gyro: -2.21, -0.28, -0.80
Accel: 0.04, -0.07, -0.98
Gyro: -2.78, 0.28, -1.43
Accel: 0.05, -0.07, -0.96
Gyro: -2.20, 0.06, -1.88
Accel: 0.05, -0.06, -0.98
Gyro: -2.94, -0.69, -2.47
Accel: 0.05, -0.07, -0.97
Gyro: -2.58, 0.07, -2.09
Accel: 0.05, -0.07, -0.97
Gyro: -3.40, -0.40, -2.47
Accel: 0.04, -0.05, -0.99
Gyro: -3.32, -0.38, -2.75
Accel: 0.05, -0.06, -0.96
Gyro: -0.97, -1.02, -1.80
Accel: 0.05, -0.07, -0.98
Gyro: -2.21, -1.63, -2.30
Accel: 0.04, -0.06, -0.98
Gyro: -2.92, -1.28, -1.96
