Accel: 0.05, 0.10, -0.97
Gyro: -3.65, -0.89, -2.81
Accel: 0.05, 0.13, -0.97
Gyro: -2.78, -0.30, -2.54
Accel: 0.06, 0.12, -0.97
Gyro: -1.40, -0.38, -1.35
Accel: 0.06, 0.12, -0.96
Gyro: -2.76, -0.85, -0.95
Accel: 0.05, 0.12, -0.95
Gyro: -2.61, -0.73, -0.29
Accel: 0.05, 0.11, -0.97
Gyro: -2.13, -0.06, -0.11
Accel: 0.05, 0.11, -0.96
Gyro: -2.59, 0.30, -1.15
Accel: 0.06, 0.12, -0.96
Gyro: -2.25, 0.11, -1.90
Accel: 0.06, 0.10, -0.96
Gyro: -2.23, -0.79, -2.08
Accel: 0.07, 0.13, -0.95
Gyro: -2.68, -1.01, -2.32
Accel: 0.06, 0.13, -0.95
Gyro: -1.54, -2.50, -1.66
Accel: 0.07, 0.11, -0.94
Gyro: -2.06, -4.59, -2.06
Accel: 0.07, 0.12, -0.92
Gyro: -1.91, -6.96, -2.57
Accel: 0.09, 0.12, -0.88
Gyro: -0.14, -13.28, -2.35
Accel: 0.11, 0.10, -0.88
Gyro: 0.13, -20.37, -3.78
Accel: 0.12, 0.11, -0.87
Gyro: 1.59, -26.60, -6.23
Accel: 0.13, 0.09, -0.83
Gyro: 3.72, -37.76, -8.95
Accel: 0.12, 0.10, -0.78
Gyro: 5.13, -53.76, -12.06
Accel: 0.10, 0.09, -0.75
Gyro: 6.90, -74.36, -14.31
Accel: 0.03, 0.11, -0.75
Gyro: 8.07, -94.91, -13.60
Accel: -0.06, 0.11, -0.75
Gyro: 8.57, -114.31, -10.22
Accel: -0.19, 0.10, -0.76
Gyro: 17.34, -133.83, -7.76
Accel: -0.35, 0.07, -0.86
Gyro: 18.37, -140.96, -8.23
Accel: -0.52, 0.06, -1.07
Gyro: 13.42, -123.79, -7.20
Accel: -0.64, 0.06, -1.15
Gyro: 13.69, -93.74, -5.26
Accel: -0.69, 0.02, -1.07
Gyro: 9.15, -63.87, -3.48
Accel: -0.71, 0.01, -1.01
Gyro: 7.11, -41.27, -4.13
Accel: -0.70, 0.02, -0.99
Gyro: 4.88, -19.51, -3.42
Accel: -0.67, 0.02, -0.93
Gyro: 2.17, -2.20, -2.46
Accel: -0.63, 0.02, -0.89
Gyro: 0.10, 9.11, -2.06
Accel: -0.61, 0.01, -0.93
Gyro: -3.32, 21.42, -1.27
Accel: -0.60, 0.02, -0.94
Gyro: -6.47, 32.91, -1.20
Accel: -0.59, 0.03, -0.99
Gyro: -5.18, 46.32, 0.06
Accel: -0.64, 0.04, -1.13
Gyro: -9.33, 73.59, 3.39
Accel: -0.56, 0.05, -1.00
Gyro: -12.20, 98.55, 7.95
Accel: -0.50, 0.06, -1.01
Gyro: -12.76, 112.69, 11.19
Accel: -0.38, 0.06, -0.88
Gyro: -11.25, 116.07, 13.28
Accel: -0.26, 0.05, -0.79
Gyro: -7.97, 107.22, 11.17
Accel: -0.12, 0.05, -0.74
Gyro: -6.23, 87.46, 6.76
Accel: -0.01, 0.06, -0.75
Gyro: -4.69, 67.81, 4.10
Accel: 0.05, 0.07, -0.81
Gyro: -2.59, 51.73, 3.26
Accel: 0.07, 0.06, -0.84
Gyro: -4.87, 42.74, 3.19
Accel: 0.08, 0.06, -0.87
Gyro: -3.15, 32.74, 2.72
Accel: 0.07, 0.06, -0.92
Gyro: -5.60, 27.69, 2.28
Accel: 0.06, 0.06, -0.92
Gyro: -6.17, 22.03, 2.48
Accel: 0.06, 0.05, -0.94
Gyro: -9.00, 17.00, 0.87
Accel: 0.05, 0.08, -0.95
Gyro: -10.49, 15.92, -0.96
Accel: 0.05, 0.07, -0.94
Gyro: -9.77, 12.47, -1.65
Accel: 0.04, 0.08, -0.95
Gyro: -9.74, 10.18, -3.08
Accel: 0.04, 0.08, -0.96
Gyro: -7.75, 9.45, -3.33
Accel: 0.06, 0.09, -0.93
Gyro: -6.51, 7.99, -3.07
Accel: 0.06, 0.09, -0.95
Gyro: -4.95, 4.12, -2.80
Accel: 0.06, 0.10, -0.95
Gyro: -4.36, 3.01, -2.20
Accel: 0.06, 0.10, -0.94
Gyro: -4.25, 1.62, -1.67
Accel: 0.05, 0.11, -0.95
Gyro: -4.44, 0.49, -1.44
Accel: 0.05, 0.10, -0.95
Gyro: -3.64, -0.47, -0.35
Accel: 0.04, 0.09, -0.94
Gyro: -4.57, -1.34, -1.05
Accel: 0.04, 0.10, -0.96
Gyro: -4.75, -3.03, -2.14
Accel: 0.04, 0.10, -0.96
Gyro: -3.86, -2.72, -2.59
Accel: 0.04, 0.11, -0.98
Gyro: -3.02, -1.63, -2.66
Accel: 0.05, 0.12, -0.98
Gyro: -2.43, -0.21, -1.61
Accel: 0.06, 0.10, -0.97
Gyro: -2.43, 0.15, -0.88
Accel: 0.06, 0.10, -0.98
Gyro: -3.62, 0.90, -0.36
Accel: 0.06, 0.11, -0.97
Gyro: -3.93, 2.22, -0.13
Accel: 0.06, 0.09, -0.95
Gyro: -4.64, 1.93, -0.60
Accel: 0.06, 0.10, -0.95
Gyro: -4.97, 0.98, -1.82
Accel: 0.07, 0.11, -0.94
Gyro: -4.65, -0.06, -2.37
Accel: 0.06, 0.10, -0.95
Gyro: -5.29, -1.01, -3.47
Accel: 0.05, 0.13, -0.96
Gyro: -5.00, -1.82, -4.13
Accel: 0.05, 0.13, -0.95
Gyro: -2.59, -2.89, -2.78
Accel: 0.04, 0.12, -0.96
Gyro: -2.69, -3.27, -1.63
Accel: 0.04, 0.12, -0.97
Gyro: -3.27, -2.72, -1.05
Accel: 0.03, 0.12, -0.98
Gyro: -3.12, -1.88, 0.18
Accel: 0.03, 0.11, -0.98
Gyro: -3.24, 0.46, 0.56
Accel: 0.04, 0.11, -0.97
Gyro: -3.54, 2.04, -0.25
Accel: 0.05, 0.10, -0.96
Gyro: -3.03, 2.05, -0.69
Accel: 0.05, 0.11, -0.96
Gyro: -3.86, 1.78, -1.19
Accel: 0.06, 0.12, -0.96
Gyro: -2.98, 1.43, -0.75
Accel: 0.06, 0.11, -0.95
Gyro: -3.20, 0.98, 0.02
Accel: 0.05, 0.11, -0.94
Gyro: -4.07, 0.48, -0.23
Accel: 0.06, 0.12, -0.95
Gyro: -4.28, -0.44, -0.64
Accel: 0.06, 0.12, -0.96
Gyro: -3.77, -0.69, -1.40
Accel: 0.06, 0.12, -0.95
Gyro: -3.69, -0.90, -1.98
Accel: 0.06, 0.13, -0.95
Gyro: -3.11, -1.27, -2.24
Accel: 0.06, 0.13, -0.95
Gyro: -2.87, -1.36, -2.10
Accel: 0.05, 0.13, -0.95
Gyro: -2.58, -1.43, -1.72
Accel: 0.05, 0.13, -0.96
Gyro: -2.08, -1.55, -1.48
Accel: 0.05, 0.12, -0.95
Gyro: -1.89, -1.74, -0.85
Accel: 0.05, 0.12, -0.96
Gyro: -1.70, -1.53, -0.63
Accel: 0.05, 0.10, -0.96
Gyro: -2.49, -0.99, -0.76
Accel: 0.05, 0.12, -0.97
Gyro: -2.63, -0.93, -1.38
Accel: 0.05, 0.13, -0.97
Gyro: -0.32, -0.53, -0.76
Accel: 0.05, 0.11, -0.96
Gyro: -0.73, -0.47, -0.27
Accel: 0.05, 0.11, -0.96
Gyro: -1.94, -0.63, -0.76
Accel: 0.06, 0.12, -0.96
Gyro: -1.18, -0.79, -0.40
Accel: 0.05, 0.10, -0.94
Gyro: -1.52, -0.69, -0.63
Accel: 0.06, 0.11, -0.95
Gyro: -2.40, -0.74, -1.64
Accel: 0.05, 0.12, -0.96
Gyro: -1.66, -1.35, -1.87
Accel: 0.05, 0.11, -0.96
Gyro: -2.42, -1.47, -2.37
Accel: 0.06, 0.13, -0.95
Gyro: -1.90, -1.52, -1.95
Accel: 0.05, 0.11, -0.97
Gyro: -1.42, -1.34, -1.11
