Accel: -0.06, -0.01, -0.98
Gyro: -3.17, 0.24, -6.08
Accel: -0.06, -0.01, -0.98
Gyro: -3.13, 0.29, -5.40
Accel: -0.05, -0.01, -0.98
Gyro: -3.59, 1.01, -5.11
Accel: -0.05, -0.02, -0.97
Gyro: -3.77, 1.02, -5.62
Accel: -0.06, -0.00, -0.98
Gyro: -4.91, 1.41, -6.87
Accel: -0.05, 0.01, -0.97
Gyro: -2.35, 0.43, -6.47
Accel: -0.05, -0.01, -0.96
Gyro: -2.98, -0.25, -6.17
Accel: -0.05, 0.01, -0.96
Gyro: -4.00, -0.83, -5.63
Accel: -0.06, 0.01, -0.98
Gyro: -2.66, -1.17, -5.20
Accel: -0.06, -0.00, -0.98
Gyro: -2.44, 0.35, -5.12
Accel: -0.05, 0.00, -0.97
Gyro: -2.24, 0.18, -5.13
Accel: -0.05, 0.01, -0.97
Gyro: -1.68, -0.80, -4.65
Accel: -0.05, -0.00, -0.97
Gyro: -2.46, -0.68, -4.70
Accel: -0.05, 0.02, -0.97
Gyro: -1.46, -0.86, -4.33
Accel: -0.05, 0.00, -0.98
Gyro: -1.61, -1.21, -2.86
Accel: -0.05, 0.00, -0.97
Gyro: -1.82, -1.17, -3.00
Accel: -0.05, 0.01, -0.98
Gyro: -1.06, -1.21, -2.66
Accel: -0.05, -0.00, -0.98
Gyro: -0.37, -1.10, -2.04
Accel: -0.04, -0.01, -0.96
Gyro: -0.35, -1.48, -1.25
Accel: -0.04, -0.01, -0.96
Gyro: 0.17, -2.83, -0.56
Accel: -0.03, -0.01, -0.96
Gyro: 0.14, -4.30, 0.02
Accel: -0.03, -0.02, -0.95
Gyro: 0.23, -6.74, 0.71
Accel: -0.01, 0.01, -0.91
Gyro: 1.43, -12.17, 1.46
Accel: 0.02, 0.03, -0.85
Gyro: 4.63, -21.77, 4.04
Accel: 0.03, 0.03, -0.81
Gyro: 7.28, -38.09, 8.27
Accel: 0.01, 0.00, -0.83
Gyro: 5.20, -53.50, 12.69
Accel: -0.03, -0.02, -0.84
Gyro: 1.56, -65.63, 13.82
Accel: -0.07, -0.04, -0.84
Gyro: 0.97, -75.46, 13.39
Accel: -0.12, -0.06, -0.83
Gyro: -0.60, -86.20, 8.87
Accel: -0.21, -0.03, -0.84
Gyro: 1.38, -96.63, 4.13
Accel: -0.30, -0.05, -0.88
Gyro: 10.93, -100.93, -0.68
Accel: -0.41, 0.01, -0.90
Gyro: 9.04, -100.28, 1.09
Accel: -0.53, 0.06, -1.00
Gyro: 14.99, -92.00, 9.53
Accel: -0.58, 0.02, -1.02
Gyro: 20.55, -71.56, 18.20
Accel: -0.63, -0.01, -0.93
Gyro: 20.15, -58.07, 22.45
Accel: -0.69, -0.10, -0.99
Gyro: 16.37, -45.00, 22.11
Accel: -0.71, -0.14, -0.96
Gyro: 8.56, -26.36, 15.91
Accel: -0.69, -0.13, -0.91
Gyro: 4.23, -12.44, 6.57
Accel: -0.68, -0.12, -0.88
Gyro: 4.04, -3.58, -0.66
Accel: -0.67, -0.10, -0.85
Gyro: 1.20, 5.04, -5.40
Accel: -0.67, -0.08, -0.86
Gyro: -1.46, 15.25, -7.07
Accel: -0.64, -0.08, -0.84
Gyro: -0.99, 23.67, -7.54
Accel: -0.66, -0.08, -0.88
Gyro: -3.06, 31.47, -8.15
Accel: -0.66, -0.07, -0.93
Gyro: -4.65, 43.95, -9.24
Accel: -0.62, -0.07, -0.90
Gyro: -3.62, 54.31, -10.16
Accel: -0.58, -0.08, -0.91
Gyro: -5.00, 62.58, -10.67
Accel: -0.53, -0.06, -0.91
Gyro: -6.82, 71.63, -10.49
Accel: -0.45, -0.07, -0.91
Gyro: -6.11, 74.33, -10.41
Accel: -0.39, -0.07, -0.90
Gyro: -7.74, 77.27, -10.67
Accel: -0.31, -0.08, -0.89
Gyro: -8.97, 76.61, -10.25
Accel: -0.24, -0.11, -0.89
Gyro: -13.13, 74.89, -11.83
Accel: -0.18, -0.13, -0.88
Gyro: -18.86, 70.10, -15.69
Accel: -0.15, -0.06, -0.92
Gyro: -23.01, 64.61, -19.03
Accel: -0.09, -0.00, -0.90
Gyro: -16.25, 65.31, -16.24
Accel: -0.03, -0.02, -0.87
Gyro: -9.02, 56.68, -14.56
Accel: -0.00, -0.01, -0.89
Gyro: -10.11, 49.19, -13.21
Accel: 0.04, 0.01, -0.89
Gyro: -9.34, 42.36, -11.41
Accel: 0.06, 0.00, -0.88
Gyro: -6.93, 32.10, -8.77
Accel: 0.06, -0.00, -0.90
Gyro: -8.19, 24.19, -6.30
Accel: 0.07, 0.01, -0.92
Gyro: -8.46, 18.04, -4.70
Accel: 0.06, 0.00, -0.92
Gyro: -6.68, 13.64, -3.34
Accel: 0.06, 0.01, -0.94
Gyro: -4.85, 9.35, -2.92
Accel: 0.05, -0.00, -0.96
Gyro: -2.59, 5.96, -2.46
Accel: 0.04, -0.00, -0.98
Gyro: -2.75, 5.26, -2.04
Accel: 0.03, -0.01, -0.97
Gyro: -3.94, 6.43, -0.48
Accel: 0.04, 0.01, -0.93
Gyro: -4.48, 2.81, 0.29
Accel: 0.02, 0.00, -0.96
Gyro: -3.33, -0.54, 1.70
Accel: 0.01, -0.01, -0.98
Gyro: -2.53, -1.01, 0.89
Accel: 0.01, -0.02, -0.98
Gyro: -2.27, -0.86, -1.27
Accel: 0.01, -0.02, -0.97
Gyro: -2.69, -1.30, -3.37
Accel: 0.01, -0.02, -0.99
Gyro: -2.88, -1.30, -5.01
Accel: 0.01, -0.01, -0.98
Gyro: -2.88, -1.72, -6.10
Accel: 0.00, -0.00, -0.98
Gyro: -2.85, -1.72, -6.29
Accel: 0.01, -0.01, -0.99
Gyro: -2.91, -1.15, -6.61
Accel: 0.01, -0.00, -0.98
Gyro: -3.08, -0.64, -6.90
Accel: 0.01, -0.00, -0.98
Gyro: -2.80, -0.11, -6.81
Accel: 0.01, -0.00, -0.99
Gyro: -4.04, -0.58, -7.74
Accel: 0.02, 0.02, -0.99
Gyro: -1.99, -0.05, -6.88
Accel: 0.02, 0.00, -1.00
Gyro: -0.98, 1.05, -5.71
Accel: 0.02, -0.01, -0.97
Gyro: -3.30, 1.86, -6.16
Accel: 0.03, 0.00, -0.96
Gyro: -4.79, 0.82, -6.59
Accel: 0.03, 0.00, -0.97
Gyro: -3.23, -0.70, -6.52
Accel: 0.03, 0.01, -0.97
Gyro: -2.70, -0.92, -6.27
Accel: 0.03, 0.01, -0.96
Gyro: -2.82, -1.60, -5.78
Accel: 0.03, 0.00, -0.97
Gyro: -1.39, -3.14, -5.41
Accel: 0.02, -0.00, -0.98
Gyro: -1.79, -3.21, -6.23
Accel: 0.02, -0.00, -0.97
Gyro: 0.18, -4.33, -5.94
Accel: 0.01, -0.01, -0.98
Gyro: -0.31, -3.71, -6.10
Accel: 0.02, 0.00, -0.98
Gyro: -0.51, -4.17, -6.03
Accel: 0.01, -0.00, -0.97
Gyro: 0.02, -4.52, -6.04
Accel: 0.00, -0.01, -0.98
Gyro: 0.40, -4.49, -5.58
Accel: -0.00, -0.01, -0.98
Gyro: 0.32, -3.91, -5.46
Accel: -0.00, -0.01, -0.98
Gyro: 0.30, -3.99, -4.93
Accel: -0.01, -0.02, -0.98
Gyro: -0.02, -3.81, -4.62
Accel: -0.01, -0.02, -0.99
Gyro: -0.49, -3.37, -5.15
Accel: -0.01, -0.03, -0.98
Gyro: -1.36, -2.29, -5.78
Accel: -0.01, -0.02, -0.97
Gyro: -1.82, -2.82, -7.10
Accel: -0.01, -0.03, -0.98
Gyro: -2.69, -2.58, -7.68
Accel: -0.01, -0.02, -0.99
Gyro: -3.62, -2.28, -9.00
Accel: -0.01, -0.02, -0.98
Gyro: -4.07, -1.78, -9.61
Accel: -0.01, -0.02, -0.99
Gyro: -4.45, -1.10, -10.69
