Accel: 0.04, -0.06, -0.98
Gyro: -2.60, -1.90, -0.79
Accel: 0.04, -0.07, -0.98
Gyro: -2.83, -1.74, -1.73
Accel: 0.05, -0.06, -0.98
Gyro: -2.09, -1.38, -2.30
Accel: 0.04, -0.06, -0.98
Gyro: -2.13, -1.95, -2.54
Accel: 0.04, -0.06, -0.98
Gyro: -2.25, -2.05, -2.08
Accel: 0.04, -0.06, -0.98
Gyro: -2.69, -1.53, -1.24
Accel: 0.04, -0.06, -0.99
Gyro: -3.07, -1.34, -0.82
Accel: 0.04, -0.06, -0.97
Gyro: -2.69, -1.02, -1.37
Accel: 0.04, -0.07, -0.98
Gyro: -3.65, -0.95, -2.37
Accel: 0.05, -0.04, -0.99
Gyro: -3.43, -1.08, -3.39
Accel: 0.04, -0.05, -0.97
Gyro: -1.30, -1.52, -2.34
Accel: 0.04, -0.06, -0.97
Gyro: -2.80, -1.70, -2.33
Accel: 0.04, -0.05, -0.98
Gyro: -3.62, -1.72, -1.65
Accel: 0.04, -0.05, -0.97
Gyro: -2.37, -1.72, -1.91
Accel: 0.04, -0.06, -0.97
Gyro: -3.37, -1.40, -2.72
Accel: 0.04, -0.05, -0.97
Gyro: -2.90, -1.66, -2.63
Accel: 0.04, -0.04, -0.98
Gyro: -2.18, -1.83, -1.72
Accel: 0.04, -0.06, -0.98
Gyro: -3.33, -1.45, -1.60
Accel: 0.04, -0.04, -0.98
Gyro: -3.05, -0.90, -1.59
Accel: 0.04, -0.06, -0.97
Gyro: -2.26, -0.93, -1.76
Accel: 0.03, -0.05, -0.98
Gyro: -3.13, -1.03, -2.62
Accel: 0.04, -0.04, -0.97
Gyro: -2.72, -1.51, -2.53
Accel: 0.04, -0.04, -0.97
Gyro: -1.72, -1.96, -2.12
Accel: 0.05, -0.04, -0.96
Gyro: -1.80, -3.62, -1.22
Accel: 0.06, -0.04, -0.94
Gyro: -0.68, -6.81, -0.40
Accel: 0.08, -0.04, -0.91
Gyro: 0.04, -12.00, 0.49
Accel: 0.12, -0.04, -0.86
Gyro: 1.99, -21.90, 0.97
Accel: 0.16, -0.02, -0.78
Gyro: 5.07, -39.68, 1.86
Accel: 0.16, -0.03, -0.70
Gyro: 8.38, -63.89, 3.80
Accel: 0.12, -0.04, -0.67
Gyro: 8.89, -94.18, 2.19
Accel: 0.03, -0.02, -0.70
Gyro: 7.06, -119.18, 4.75
Accel: -0.08, -0.03, -0.67
Gyro: 6.86, -142.14, 10.28
Accel: -0.23, -0.05, -0.70
Gyro: 4.14, -157.08, 13.40
Accel: -0.43, -0.06, -0.86
Gyro: 6.54, -161.84, 11.69
Accel: -0.62, -0.06, -1.07
Gyro: 22.90, -140.24, 10.92
Accel: -0.74, -0.10, -1.08
Gyro: 13.90, -114.88, 11.38
Accel: -0.84, -0.16, -1.17
Gyro: 8.96, -75.39, 8.77
Accel: -0.85, -0.15, -1.03
Gyro: 12.91, -41.76, 3.96
Accel: -0.84, -0.15, -1.00
Gyro: 8.87, -18.57, 0.60
Accel: -0.83, -0.11, -1.00
Gyro: 2.40, 4.85, 0.54
Accel: -0.80, -0.10, -0.96
Gyro: 0.94, 26.41, 0.89
Accel: -0.77, -0.10, -0.97
Gyro: -1.43, 50.07, 0.82
Accel: -0.74, -0.08, -0.94
Gyro: 2.53, 71.41, 1.59
Accel: -0.68, -0.11, -0.94
Gyro: 4.61, 89.24, 1.53
Accel: -0.60, -0.12, -0.91
Gyro: 1.24, 100.77, -0.97
Accel: -0.51, -0.09, -0.86
Gyro: 1.08, 108.11, -2.87
Accel: -0.43, -0.10, -0.85
Gyro: 1.50, 110.83, -4.16
Accel: -0.33, -0.12, -0.79
Gyro: 4.16, 105.47, -6.45
Accel: -0.25, -0.11, -0.83
Gyro: -1.00, 100.98, -8.54
Accel: -0.14, -0.11, -0.74
Gyro: -1.67, 87.17, -8.56
Accel: -0.10, -0.13, -0.86
Gyro: -0.26, 72.76, -9.12
Accel: -0.04, -0.12, -0.87
Gyro: -5.08, 68.31, -8.64
Accel: -0.01, -0.11, -0.92
Gyro: -4.25, 64.67, -7.32
Accel: 0.06, -0.13, -0.86
Gyro: -3.03, 55.84, -6.25
Accel: 0.08, -0.12, -0.90
Gyro: -5.49, 46.07, -6.38
Accel: 0.11, -0.11, -0.91
Gyro: -6.20, 40.62, -5.76
Accel: 0.13, -0.11, -0.91
Gyro: -4.18, 32.46, -6.17
Accel: 0.15, -0.10, -0.93
Gyro: -4.28, 27.08, -5.46
Accel: 0.14, -0.11, -0.91
Gyro: -3.20, 22.11, -5.40
Accel: 0.15, -0.11, -0.94
Gyro: -3.17, 18.38, -5.26
Accel: 0.16, -0.11, -0.94
Gyro: -2.43, 14.56, -4.86
Accel: 0.15, -0.12, -0.92
Gyro: -3.46, 10.85, -4.91
Accel: 0.15, -0.12, -0.92
Gyro: -6.47, 6.40, -5.97
Accel: 0.15, -0.09, -0.92
Gyro: -6.97, 2.49, -5.30
Accel: 0.14, -0.11, -0.92
Gyro: -6.71, -2.56, -3.53
Accel: 0.12, -0.11, -0.96
Gyro: -8.45, -3.07, -4.04
Accel: 0.11, -0.09, -0.97
Gyro: -9.11, -2.71, -4.53
Accel: 0.10, -0.08, -0.96
Gyro: -6.64, -3.81, -5.10
Accel: 0.09, -0.07, -0.96
Gyro: -5.79, -4.62, -5.19
Accel: 0.09, -0.06, -0.97
Gyro: -4.83, -4.52, -5.02
Accel: 0.09, -0.07, -0.98
Gyro: -1.85, -5.62, -3.80
Accel: 0.10, -0.07, -0.98
Gyro: -1.31, -5.33, -3.59
Accel: 0.09, -0.07, -0.98
Gyro: -1.48, -4.55, -2.45
Accel: 0.09, -0.08, -0.99
Gyro: -2.11, -3.16, -1.91
Accel: 0.10, -0.08, -0.98
Gyro: -3.11, -2.39, -1.85
Accel: 0.10, -0.07, -0.96
Gyro: -3.47, -2.49, -2.25
Accel: 0.10, -0.08, -0.97
Gyro: -2.59, -2.64, -2.53
Accel: 0.10, -0.08, -0.97
Gyro: -2.16, -2.37, -2.70
Accel: 0.10, -0.07, -0.96
Gyro: -1.95, -2.66, -2.61
Accel: 0.10, -0.07, -0.96
Gyro: -2.27, -3.40, -2.09
Accel: 0.09, -0.08, -0.97
Gyro: -2.95, -3.41, -1.60
Accel: 0.09, -0.08, -0.96
Gyro: -3.62, -3.20, -1.80
Accel: 0.09, -0.08, -0.98
Gyro: -3.13, -4.04, -2.70
Accel: 0.08, -0.07, -0.97
Gyro: -3.03, -4.24, -3.51
Accel: 0.08, -0.07, -0.97
Gyro: -1.98, -4.56, -3.54
Accel: 0.07, -0.07, -0.98
Gyro: -1.77, -4.19, -3.63
Accel: 0.08, -0.08, -0.97
Gyro: -1.80, -3.51, -3.75
Accel: 0.07, -0.07, -0.97
Gyro: -0.97, -3.30, -4.14
Accel: 0.08, -0.08, -0.96
Gyro: -2.01, -3.18, -5.17
Accel: 0.08, -0.06, -0.98
Gyro: -2.08, -2.87, -6.16
Accel: 0.08, -0.08, -0.97
Gyro: -0.11, -3.69, -5.48
Accel: 0.07, -0.08, -0.98
Gyro: -1.98, -3.36, -5.75
Accel: 0.08, -0.08, -0.96
Gyro: -2.57, -2.81, -5.41
Accel: 0.08, -0.07, -0.97
Gyro: -2.49, -3.73, -5.57
Accel: 0.08, -0.08, -0.97
Gyro: -3.11, -4.48, -6.32
Accel: 0.08, -0.08, -0.97
Gyro: -2.67, -5.94, -6.84
Accel: 0.07, -0.08, -0.97
Gyro: -2.40, -6.48, -6.60
Accel: 0.06, -0.08, -0.97
Gyro: -2.75, -6.86, -6.74
Accel: 0.06, -0.06, -0.96
Gyro: -2.08, -6.59, -6.53
Accel: 0.06, -0.08, -0.98
Gyro: -1.76, -6.85, -6.26
Accel: 0.04, -0.08, -0.97
Gyro: -3.04, -6.29, -6.10
