Accel: -0.11, 0.07, -0.97
Gyro: -1.43, 9.35, 4.65
Accel: -0.10, 0.07, -0.95
Gyro: -3.97, 10.15, 3.81
Accel: -0.09, 0.07, -0.95
Gyro: -6.16, 9.44, 2.38
Accel: -0.08, 0.09, -0.93
Gyro: -6.70, 6.91, 0.77
Accel: -0.09, 0.10, -0.94
Gyro: -6.18, 4.54, -0.31
Accel: -0.10, 0.10, -0.96
Gyro: -5.75, 4.73, -1.81
Accel: -0.11, 0.11, -0.95
Gyro: -5.08, 5.87, -3.11
Accel: -0.11, 0.11, -0.97
Gyro: -3.36, 5.84, -4.11
Accel: -0.10, 0.11, -0.97
Gyro: -2.72, 6.94, -5.02
Accel: -0.10, 0.11, -0.94
Gyro: -1.98, 6.61, -6.29
Accel: -0.10, 0.12, -0.95
Gyro: -1.38, 5.33, -6.36
Accel: -0.10, 0.12, -0.95
Gyro: -1.69, 4.73, -5.75
Accel: -0.09, 0.12, -0.97
Gyro: -1.59, 4.95, -5.41
Accel: -0.08, 0.14, -0.96
Gyro: 1.16, 4.53, -3.09
Accel: -0.08, 0.11, -0.96
Gyro: 2.20, 4.17, -1.01
Accel: -0.08, 0.09, -0.97
Gyro: 0.33, 4.09, -0.57
Accel: -0.06, 0.10, -0.96
Gyro: -0.98, 3.96, 0.22
Accel: -0.05, 0.09, -0.96
Gyro: -1.56, 3.75, 1.27
Accel: -0.05, 0.09, -0.96
Gyro: -1.61, 3.00, 0.77
Accel: -0.05, 0.10, -0.97
Gyro: -0.50, 2.54, 0.30
Accel: -0.04, 0.08, -0.94
Gyro: -0.79, 1.30, -0.64
Accel: -0.05, 0.09, -0.95
Gyro: -0.20, 0.76, -1.11
Accel: -0.05, 0.08, -0.96
Gyro: 0.30, -0.02, -0.71
Accel: -0.06, 0.08, -0.95
Gyro: -0.50, -0.99, -0.60
Accel: -0.06, 0.08, -0.96
Gyro: -0.60, -1.43, -0.63
Accel: -0.07, 0.09, -0.96
Gyro: 0.00, -1.77, -0.47
Accel: -0.07, 0.09, -0.96
Gyro: 0.12, -1.80, -0.34
Accel: -0.07, 0.08, -0.97
Gyro: -0.02, -1.41, -0.02
Accel: -0.07, 0.07, -0.97
Gyro: -0.86, -0.76, 0.31
Accel: -0.07, 0.07, -0.96
Gyro: -1.53, -0.36, 0.05
Accel: -0.07, 0.07, -0.97
Gyro: -2.05, -0.14, -0.57
Accel: -0.06, 0.07, -0.97
Gyro: -2.54, -0.09, -1.43
Accel: -0.06, 0.08, -0.97
Gyro: -2.95, -0.10, -1.53
Accel: -0.05, 0.08, -0.96
Gyro: -3.03, 0.13, -1.47
Accel: -0.06, 0.08, -0.96
Gyro: -4.29, -0.71, -2.10
Accel: -0.06, 0.10, -0.96
Gyro: -2.90, -0.27, -1.80
Accel: -0.06, 0.09, -0.96
Gyro: -2.17, -0.66, -0.87
Accel: -0.06, 0.09, -0.96
Gyro: -2.70, -0.85, -0.79
Accel: -0.07, 0.09, -0.96
Gyro: -2.78, -0.85, -0.60
Accel: -0.06, 0.09, -0.97
Gyro: -1.76, -0.88, -0.18
Accel: -0.06, 0.08, -0.96
Gyro: -2.21, -0.79, -0.07
Accel: -0.06, 0.09, -0.96
Gyro: -2.58, -0.58, -0.19
Accel: -0.06, 0.07, -0.96
Gyro: -2.78, -0.55, -0.27
Accel: -0.06, 0.09, -0.97
Gyro: -2.50, 0.05, -0.98
Accel: -0.06, 0.09, -0.96
Gyro: -1.65, -0.32, -0.53
Accel: -0.06, 0.08, -0.97
Gyro: -2.17, -0.34, -0.06
Accel: -0.05, 0.08, -0.96
Gyro: -3.11, -0.76, 0.01
Accel: -0.05, 0.08, -0.96
Gyro: -2.65, -0.95, -0.13
Accel: -0.05, 0.09, -0.95
Gyro: -2.30, -2.19, -0.95
Accel: -0.02, 0.10, -0.91
Gyro: -1.98, -6.67, -1.26
Accel: -0.02, 0.10, -0.87
Gyro: -1.00, -15.45, 0.79
Accel: 0.01, 0.07, -0.77
Gyro: -2.43, -31.68, -0.11
Accel: 0.02, 0.07, -0.73
Gyro: -1.22, -56.73, -1.14
Accel: -0.04, 0.10, -0.76
Gyro: 4.15, -79.93, -7.20
Accel: -0.10, 0.14, -0.79
Gyro: 8.66, -96.63, -3.04
Accel: -0.14, 0.06, -0.77
Gyro: 0.71, -108.99, 1.30
Accel: -0.26, 0.09, -0.90
Gyro: 1.00, -113.57, -0.42
Accel: -0.32, 0.07, -0.92
Gyro: 14.13, -106.71, -4.86
Accel: -0.43, 0.01, -0.92
Gyro: 17.17, -99.43, -12.17
Accel: -0.55, 0.03, -1.04
Gyro: 18.50, -86.33, -16.80
Accel: -0.58, 0.04, -0.95
Gyro: 14.68, -66.08, -16.73
Accel: -0.59, 0.05, -0.87
Gyro: 15.46, -59.86, -14.24
Accel: -0.60, 0.01, -0.85
Gyro: 17.25, -54.47, -12.70
Accel: -0.64, 0.00, -0.83
Gyro: 17.56, -50.22, -12.66
Accel: -0.68, -0.03, -0.84
Gyro: 13.47, -41.42, -9.93
Accel: -0.71, -0.03, -0.87
Gyro: 8.30, -31.96, -7.64
Accel: -0.73, -0.05, -0.89
Gyro: 9.00, -18.78, -5.20
Accel: -0.80, -0.07, -0.96
Gyro: 6.68, 0.99, -5.89
Accel: -0.81, -0.05, -0.97
Gyro: 5.47, 26.67, -4.62
Accel: -0.81, -0.05, -0.98
Gyro: 1.85, 48.98, -2.01
Accel: -0.78, -0.04, -0.95
Gyro: -4.62, 74.46, 3.00
Accel: -0.71, -0.05, -0.91
Gyro: -5.33, 90.30, 6.26
Accel: -0.64, -0.03, -0.91
Gyro: -11.38, 106.93, 10.46
Accel: -0.57, -0.01, -0.90
Gyro: -14.51, 119.09, 15.65
Accel: -0.44, -0.02, -0.82
Gyro: -15.91, 122.12, 18.99
Accel: -0.32, -0.01, -0.74
Gyro: -15.05, 113.85, 20.32
Accel: -0.17, -0.03, -0.67
Gyro: -11.90, 91.99, 18.52
Accel: -0.08, -0.04, -0.71
Gyro: -8.57, 67.24, 13.63
Accel: -0.04, -0.03, -0.73
Gyro: -7.39, 42.95, 7.42
Accel: -0.05, -0.01, -0.86
Gyro: -8.12, 29.84, 3.46
Accel: -0.05, -0.01, -0.90
Gyro: -6.50, 22.22, 0.80
Accel: -0.07, -0.03, -0.96
Gyro: -8.27, 18.82, -2.78
Accel: -0.07, -0.00, -0.93
Gyro: -8.14, 16.17, -5.50
Accel: -0.10, 0.01, -0.97
Gyro: -6.76, 15.29, -7.51
Accel: -0.10, 0.02, -0.97
Gyro: -7.16, 15.91, -7.92
Accel: -0.09, 0.04, -0.95
Gyro: -6.27, 13.73, -8.08
Accel: -0.08, 0.03, -0.96
Gyro: -7.93, 12.34, -7.48
Accel: -0.08, 0.03, -0.94
Gyro: -10.59, 12.46, -7.48
Accel: -0.09, 0.03, -0.96
Gyro: -11.87, 11.68, -7.77
Accel: -0.09, 0.03, -0.95
Gyro: -12.75, 10.29, -8.02
Accel: -0.09, 0.04, -0.95
Gyro: -13.62, 9.90, -8.00
Accel: -0.09, 0.05, -0.99
Gyro: -14.03, 11.36, -7.41
Accel: -0.08, 0.07, -0.97
Gyro: -13.14, 12.79, -6.81
Accel: -0.07, 0.08, -0.97
Gyro: -11.19, 13.31, -6.05
Accel: -0.06, 0.09, -0.97
Gyro: -9.74, 14.51, -4.94
Accel: -0.04, 0.08, -0.96
Gyro: -8.22, 15.01, -3.92
Accel: -0.02, 0.09, -0.96
Gyro: -7.41, 14.85, -3.01
Accel: 0.01, 0.09, -0.95
Gyro: -6.22, 13.63, -2.08
Accel: 0.02, 0.10, -0.95
Gyro: -5.10, 11.26, -1.11
Accel: 0.02, 0.09, -0.98
Gyro: -4.65, 11.58, 0.43
Accel: 0.03, 0.10, -0.95
Gyro: -5.79, 12.06, 1.07
