Accel: 0.01, -0.05, -0.97
Gyro: -5.87, -0.69, -2.29
Accel: 0.01, -0.06, -0.97
Gyro: -5.81, -0.50, -3.24
Accel: 0.01, -0.05, -0.97
Gyro: -6.65, 0.08, -4.01
Accel: 0.01, -0.05, -0.98
Gyro: -6.84, 0.08, -4.92
Accel: 0.01, -0.05, -0.98
Gyro: -6.60, -0.04, -5.74
Accel: 0.01, -0.04, -0.95
Gyro: -6.93, -0.93, -7.27
Accel: 0.01, -0.03, -0.97
Gyro: -6.44, -2.12, -8.22
Accel: 0.01, -0.02, -0.96
Gyro: -5.75, -3.62, -8.22
Accel: -0.00, -0.01, -0.95
Gyro: -5.09, -5.25, -6.45
Accel: -0.02, -0.00, -0.99
Gyro: -5.00, -5.39, -4.39
Accel: -0.01, -0.02, -0.97
Gyro: -3.68, -4.75, -2.76
Accel: -0.02, -0.02, -0.99
Gyro: -4.01, -5.13, -2.42
Accel: -0.04, -0.01, -0.99
Gyro: -1.91, -3.72, -2.20
Accel: -0.04, -0.04, -0.99
Gyro: -0.46, -2.98, -2.19
Accel: -0.04, -0.03, -0.99
Gyro: -1.57, -1.83, -2.69
Accel: -0.04, -0.03, -0.98
Gyro: -2.27, -0.29, -2.62
Accel: -0.03, -0.03, -0.99
Gyro: -2.45, 1.47, -2.50
Accel: -0.01, -0.03, -0.98
Gyro: -3.40, 2.56, -2.67
Accel: -0.01, -0.02, -0.99
Gyro: -3.23, 2.30, -2.57
Accel: -0.01, -0.03, -0.98
Gyro: -3.55, 2.85, -1.69
Accel: -0.01, -0.02, -0.98
Gyro: -3.52, 4.05, -1.70
Accel: -0.00, -0.02, -0.98
Gyro: -2.76, 4.07, -1.25
Accel: 0.00, -0.03, -0.97
Gyro: -3.04, 4.56, -1.58
Accel: 0.01, -0.02, -0.97
Gyro: -3.01, 5.41, -1.91
Accel: 0.03, -0.02, -0.96
Gyro: -2.13, 3.32, -2.04
Accel: 0.05, -0.02, -0.95
Gyro: -1.59, 2.02, -2.37
Accel: 0.06, -0.03, -0.91
Gyro: 0.03, -2.94, -2.84
Accel: 0.10, -0.02, -0.86
Gyro: -0.47, -12.83, -2.45
Accel: 0.13, -0.02, -0.81
Gyro: -2.33, -27.57, -0.19
Accel: 0.16, -0.00, -0.70
Gyro: -3.01, -51.00, 2.12
Accel: 0.20, 0.03, -0.46
Gyro: -1.11, -94.64, 5.62
Accel: 0.16, 0.10, -0.34
Gyro: 9.17, -157.13, 15.93
Accel: -0.13, -0.05, -0.73
Gyro: 8.19, -183.59, 20.52
Accel: -0.64, -0.06, -1.30
Gyro: 10.99, -173.47, 17.94
Accel: -0.74, -0.09, -1.54
Gyro: -25.70, -66.56, 20.12
Accel: -0.63, -0.10, -1.28
Gyro: -7.77, -45.07, 2.06
Accel: -0.61, -0.08, -0.95
Gyro: -9.34, -27.15, -2.25
Accel: -0.68, -0.05, -1.10
Gyro: -1.17, -15.83, -3.52
Accel: -0.66, -0.01, -1.04
Gyro: -9.36, 7.51, -6.16
Accel: -0.63, -0.01, -1.07
Gyro: -4.62, 26.12, -7.26
Accel: -0.60, 0.02, -1.03
Gyro: -5.44, 44.25, -7.65
Accel: -0.59, 0.03, -1.10
Gyro: -4.06, 69.59, -7.24
Accel: -0.50, 0.03, -0.98
Gyro: 6.78, 86.80, -6.61
Accel: -0.44, 0.01, -0.98
Gyro: 9.30, 100.36, -7.98
Accel: -0.37, 0.02, -0.95
Gyro: 7.22, 111.79, -6.42
Accel: -0.20, -0.03, -0.76
Gyro: 9.29, 104.30, -6.04
Accel: -0.08, -0.03, -0.70
Gyro: 9.06, 81.57, -7.35
Accel: 0.00, -0.04, -0.70
Gyro: 4.49, 56.06, -6.33
Accel: 0.03, -0.03, -0.79
Gyro: 0.21, 34.34, -3.88
Accel: 0.02, -0.04, -0.90
Gyro: -1.72, 24.01, -0.31
Accel: 0.04, -0.05, -0.91
Gyro: -4.20, 17.30, 2.15
Accel: 0.04, -0.06, -0.96
Gyro: -6.30, 12.52, 3.41
Accel: 0.04, -0.07, -0.98
Gyro: -8.32, 10.66, 2.11
Accel: 0.05, -0.07, -0.96
Gyro: -7.87, 7.10, -0.08
Accel: 0.07, -0.06, -0.96
Gyro: -6.27, 3.52, -1.43
Accel: 0.05, -0.06, -0.98
Gyro: -6.12, 0.98, -2.67
Accel: 0.05, -0.04, -0.96
Gyro: -3.20, -0.14, -2.54
Accel: 0.04, -0.05, -0.96
Gyro: -3.85, -2.43, -3.01
Accel: 0.02, -0.03, -0.98
Gyro: -5.71, -3.84, -3.66
Accel: 0.01, -0.03, -0.96
Gyro: -3.26, -4.97, -3.27
Accel: -0.02, -0.03, -0.96
Gyro: -2.44, -6.29, -2.76
Accel: -0.03, -0.03, -0.96
Gyro: -3.11, -6.06, -0.98
Accel: -0.04, -0.03, -0.96
Gyro: -0.01, -6.95, 1.69
Accel: -0.05, -0.03, -0.95
Gyro: -0.27, -7.09, 4.72
Accel: -0.06, -0.04, -0.96
Gyro: -0.72, -9.09, 7.61
Accel: -0.08, -0.05, -0.98
Gyro: -1.24, -10.17, 8.47
Accel: -0.09, -0.05, -0.99
Gyro: -4.94, -9.02, 8.34
Accel: -0.10, -0.03, -0.99
Gyro: -4.35, -7.01, 10.74
Accel: -0.09, -0.04, -0.99
Gyro: -5.62, -5.10, 13.11
Accel: -0.09, -0.04, -0.99
Gyro: -6.90, -3.66, 13.94
Accel: -0.08, -0.06, -1.00
Gyro: -6.86, -1.34, 12.06
Accel: -0.07, -0.05, -1.01
Gyro: -5.96, 2.09, 6.93
Accel: -0.04, -0.02, -0.99
Gyro: -3.89, 3.14, 2.94
Accel: -0.04, 0.02, -0.97
Gyro: -1.47, 2.43, 2.98
Accel: -0.05, 0.01, -0.99
Gyro: 2.24, 1.37, 5.20
Accel: -0.04, -0.02, -0.99
Gyro: 2.22, 2.14, 5.38
Accel: -0.03, -0.02, -0.97
Gyro: -0.95, 2.84, 3.88
Accel: -0.04, -0.01, -0.96
Gyro: -1.98, 2.03, 3.34
Accel: -0.03, -0.02, -0.96
Gyro: -2.26, 0.70, 3.80
Accel: -0.03, -0.01, -0.96
Gyro: -3.84, 0.43, 3.78
Accel: -0.03, -0.02, -0.97
Gyro: -3.94, -0.85, 4.00
Accel: -0.04, -0.00, -0.99
Gyro: -4.62, -1.51, 3.06
Accel: -0.04, -0.00, -0.98
Gyro: -2.27, -1.72, 3.34
Accel: -0.05, -0.02, -0.98
Gyro: -1.64, -2.01, 2.96
Accel: -0.05, -0.01, -0.98
Gyro: -2.00, -1.39, 3.18
Accel: -0.05, -0.01, -0.98
Gyro: -1.24, -0.98, 3.11
Accel: -0.06, -0.02, -0.98
Gyro: -1.88, -0.24, 2.69
Accel: -0.04, -0.02, -0.97
Gyro: -2.04, 0.41, 1.89
Accel: -0.05, -0.03, -0.98
Gyro: -2.10, -0.43, 0.64
Accel: -0.06, -0.03, -0.98
Gyro: -3.63, -0.64, -1.91
Accel: -0.05, -0.02, -0.98
Gyro: -3.52, -0.78, -3.94
Accel: -0.05, -0.02, -0.97
Gyro: -3.26, -1.44, -4.68
Accel: -0.05, -0.01, -0.97
Gyro: -4.84, -1.37, -5.55
Accel: -0.05, -0.00, -0.97
Gyro: -4.23, -1.80, -4.99
Accel: -0.05, -0.00, -0.98
Gyro: -4.14, -2.34, -3.65
Accel: -0.05, -0.01, -0.98
Gyro: -4.69, -2.11, -2.56
Accel: -0.05, -0.02, -0.97
Gyro: -3.74, -1.92, -2.85
Accel: -0.06, -0.02, -0.97
Gyro: -2.70, -3.19, -4.56
Accel: -0.06, -0.01, -0.99
Gyro: -2.64, -2.66, -5.68
Accel: -0.07, -0.01, -0.98
Gyro: -2.94, -1.43, -6.48
Accel: -0.06, -0.01, -0.99
Gyro: -2.83, -0.24, -6.74
