Accel: -0.16, -0.01, -0.95
Gyro: -2.82, 1.36, -2.51
Accel: -0.17, -0.02, -0.95
Gyro: -3.11, 0.88, -2.40
Accel: -0.17, -0.01, -0.95
Gyro: -3.00, 1.03, -2.29
Accel: -0.16, -0.02, -0.95
Gyro: -2.20, -0.21, -1.59
Accel: -0.16, -0.02, -0.94
Gyro: -2.63, -1.25, -1.08
Accel: -0.17, -0.02, -0.95
Gyro: -2.77, -1.42, -0.98
Accel: -0.17, -0.02, -0.94
Gyro: -2.39, -1.69, -0.65
Accel: -0.18, -0.02, -0.95
Gyro: -1.50, -2.26, -0.57
Accel: -0.18, -0.02, -0.95
Gyro: -1.49, -2.61, -0.38
Accel: -0.18, -0.03, -0.95
Gyro: -1.09, -2.81, -0.24
Accel: -0.18, -0.04, -0.95
Gyro: -1.32, -3.27, -0.29
Accel: -0.19, -0.03, -0.96
Gyro: -2.30, -3.67, -0.59
Accel: -0.19, -0.04, -0.96
Gyro: -3.30, -3.14, -1.19
Accel: -0.19, -0.04, -0.96
Gyro: -3.53, -1.76, -1.95
Accel: -0.20, -0.03, -0.94
Gyro: -4.32, -1.27, -3.17
Accel: -0.19, -0.02, -0.95
Gyro: -3.01, -0.80, -3.14
Accel: -0.19, -0.03, -0.95
Gyro: -3.37, -0.70, -3.17
Accel: -0.19, -0.02, -0.95
Gyro: -4.07, -0.49, -3.27
Accel: -0.18, -0.02, -0.95
Gyro: -4.10, -0.21, -3.20
Accel: -0.18, -0.02, -0.95
Gyro: -3.85, 0.24, -3.30
Accel: -0.18, -0.02, -0.93
Gyro: -4.18, -0.12, -3.52
Accel: -0.17, -0.02, -0.94
Gyro: -4.15, -1.27, -3.57
Accel: -0.18, -0.04, -0.95
Gyro: -5.26, -2.49, -4.48
Accel: -0.17, -0.04, -0.94
Gyro: -5.68, -2.91, -5.49
Accel: -0.18, -0.09, -0.94
Gyro: -8.22, -5.06, -8.16
Accel: -0.19, -0.12, -0.95
Gyro: -15.11, -6.01, -13.64
Accel: -0.19, -0.17, -0.93
Gyro: -22.63, -7.64, -20.73
Accel: -0.19, -0.22, -0.95
Gyro: -35.77, -8.52, -36.87
Accel: -0.19, -0.11, -0.90
Gyro: -39.87, -10.70, -48.82
Accel: -0.23, -0.13, -0.92
Gyro: -45.48, -13.91, -56.69
Accel: -0.29, -0.08, -1.03
Gyro: -52.91, -5.68, -66.86
Accel: -0.31, 0.02, -1.06
Gyro: -49.61, 10.13, -77.13
Accel: -0.35, 0.04, -1.09
Gyro: -39.88, 25.51, -85.18
Accel: -0.40, 0.16, -1.21
Gyro: -28.40, 54.07, -89.61
Accel: -0.34, 0.17, -1.09
Gyro: -19.20, 79.84, -85.91
Accel: -0.31, 0.14, -1.09
Gyro: -13.50, 97.21, -85.00
Accel: -0.20, 0.18, -0.97
Gyro: -7.86, 106.61, -84.53
Accel: -0.15, 0.16, -1.04
Gyro: -1.94, 111.61, -82.01
Accel: -0.06, 0.14, -0.91
Gyro: -2.58, 118.73, -80.11
Accel: 0.02, 0.18, -0.82
Gyro: -6.30, 114.65, -74.02
Accel: 0.07, 0.26, -0.88
Gyro: -15.17, 103.83, -55.60
Accel: 0.05, 0.36, -1.09
Gyro: -34.45, 117.97, -25.84
Accel: 0.16, 0.39, -0.80
Gyro: -43.30, 120.74, 8.16
Accel: 0.27, 0.42, -0.77
Gyro: -51.12, 113.03, 43.09
Accel: 0.35, 0.46, -0.73
Gyro: -55.95, 93.58, 84.40
Accel: 0.43, 0.37, -0.74
Gyro: -63.79, 81.24, 117.37
Accel: 0.50, 0.33, -0.70
Gyro: -67.69, 62.06, 142.01
Accel: 0.60, 0.22, -0.54
Gyro: -67.76, 40.05, 157.13
Accel: 0.61, 0.14, -0.63
Gyro: -69.95, 14.66, 159.25
Accel: 0.59, 0.17, -0.66
Gyro: -61.89, 1.29, 157.14
Accel: 0.62, 0.11, -0.62
Gyro: -49.65, -12.73, 154.93
Accel: 0.65, 0.07, -0.62
Gyro: -38.21, -32.23, 149.75
Accel: 0.65, 0.02, -0.62
Gyro: -38.55, -53.91, 142.20
Accel: 0.61, -0.03, -0.57
Gyro: -31.20, -80.25, 131.27
Accel: 0.54, -0.14, -0.59
Gyro: -22.61, -104.37, 108.08
Accel: 0.46, -0.23, -0.72
Gyro: -17.15, -121.07, 76.72
Accel: 0.41, -0.29, -0.71
Gyro: -20.26, -134.57, 25.99
Accel: 0.27, -0.09, -0.79
Gyro: 2.46, -143.10, -3.05
Accel: 0.17, -0.17, -0.94
Gyro: 10.00, -143.12, -15.43
Accel: 0.09, -0.09, -0.96
Gyro: 3.43, -134.92, -25.64
Accel: 0.00, -0.02, -0.99
Gyro: 10.24, -126.41, -21.71
Accel: -0.07, -0.22, -1.02
Gyro: 13.28, -114.45, -26.10
Accel: -0.14, -0.25, -1.01
Gyro: 2.53, -102.77, -50.81
Accel: -0.22, -0.09, -1.03
Gyro: 8.07, -93.61, -56.65
Accel: -0.26, -0.17, -1.04
Gyro: 6.13, -79.72, -59.46
Accel: -0.29, -0.13, -1.04
Gyro: -0.63, -68.34, -63.80
Accel: -0.31, -0.08, -1.02
Gyro: -7.74, -56.29, -59.17
Accel: -0.33, -0.06, -1.01
Gyro: -14.84, -46.55, -52.19
Accel: -0.34, -0.04, -1.01
Gyro: -17.09, -36.88, -46.99
Accel: -0.36, -0.01, -1.03
Gyro: -12.38, -27.16, -40.10
Accel: -0.33, -0.01, -0.98
Gyro: -17.72, -17.81, -36.01
Accel: -0.33, 0.03, -0.97
Gyro: -17.12, -11.43, -27.68
Accel: -0.32, 0.01, -0.96
Gyro: -15.53, -6.68, -18.87
Accel: -0.31, -0.00, -0.95
Gyro: -18.04, -2.78, -13.79
Accel: -0.30, 0.00, -0.94
Gyro: -16.85, -1.25, -10.46
Accel: -0.29, 0.03, -0.93
Gyro: -14.69, -0.50, -8.27
Accel: -0.29, 0.02, -0.95
Gyro: -10.91, 0.05, -5.45
Accel: -0.29, 0.02, -0.94
Gyro: -10.01, 1.63, -4.46
Accel: -0.28, 0.03, -0.95
Gyro: -6.48, 3.60, -3.30
Accel: -0.27, 0.02, -0.93
Gyro: -3.64, 2.88, -1.85
Accel: -0.27, 0.01, -0.92
Gyro: -4.20, 2.17, -1.27
Accel: -0.26, 0.02, -0.94
Gyro: -3.59, 2.71, -0.50
Accel: -0.26, 0.01, -0.94
Gyro: -0.92, 3.33, 0.91
Accel: -0.27, -0.01, -0.94
Gyro: -0.35, 2.91, 0.55
Accel: -0.26, -0.03, -0.94
Gyro: -1.59, 2.91, -0.66
Accel: -0.26, -0.03, -0.94
Gyro: -3.47, 3.97, -1.75
Accel: -0.25, -0.01, -0.94
Gyro: -3.76, 4.92, -2.30
Accel: -0.25, -0.02, -0.92
Gyro: -3.36, 4.21, -1.98
Accel: -0.25, -0.02, -0.92
Gyro: -4.46, 3.65, -2.20
Accel: -0.24, -0.01, -0.94
Gyro: -4.46, 3.67, -2.37
Accel: -0.25, -0.01, -0.93
Gyro: -3.68, 3.21, -1.90
Accel: -0.24, -0.01, -0.92
Gyro: -2.81, 3.36, -1.38
Accel: -0.23, 0.00, -0.94
Gyro: -2.40, 2.86, -0.93
Accel: -0.24, -0.02, -0.94
Gyro: -2.38, 3.27, -0.64
Accel: -0.23, -0.01, -0.94
Gyro: -2.53, 3.30, -0.58
Accel: -0.23, -0.02, -0.93
Gyro: -2.49, 3.40, -0.50
Accel: -0.23, -0.02, -0.94
Gyro: -3.01, 3.45, -0.85
Accel: -0.22, -0.01, -0.94
Gyro: -2.38, 3.41, -0.72
Accel: -0.22, -0.01, -0.94
Gyro: -3.11, 2.82, -0.81
Accel: -0.23, 0.00, -0.94
Gyro: -2.06, 3.01, -0.52
Accel: -0.22, -0.01, -0.92
Gyro: -0.12, 1.39, 0.29
