Accel: -0.30, -0.09, -0.93
Gyro: -2.08, -0.68, -1.05
Accel: -0.30, -0.09, -0.94
Gyro: -1.91, 0.09, -0.82
Accel: -0.30, -0.10, -0.94
Gyro: -2.08, 0.60, -1.41
Accel: -0.30, -0.10, -0.93
Gyro: -2.29, 0.75, -1.82
Accel: -0.29, -0.10, -0.93
Gyro: -2.11, 0.45, -1.51
Accel: -0.29, -0.10, -0.94
Gyro: -3.20, 0.94, -1.45
Accel: -0.28, -0.09, -0.93
Gyro: -2.13, 2.31, -0.90
Accel: -0.28, -0.10, -0.93
Gyro: -1.88, 2.15, -0.94
Accel: -0.28, -0.10, -0.92
Gyro: -2.73, 1.89, -1.49
Accel: -0.28, -0.09, -0.93
Gyro: -2.28, 1.67, -1.81
Accel: -0.28, -0.09, -0.92
Gyro: -1.97, 0.76, -1.58
Accel: -0.28, -0.09, -0.94
Gyro: -1.91, 0.29, -1.57
Accel: -0.28, -0.09, -0.93
Gyro: -1.84, -0.17, -0.98
Accel: -0.28, -0.09, -0.94
Gyro: -1.79, -0.82, -0.62
Accel: -0.29, -0.09, -0.93
Gyro: -1.95, -0.63, -0.42
Accel: -0.28, -0.10, -0.93
Gyro: -2.33, -0.56, -0.83
Accel: -0.28, -0.10, -0.93
Gyro: -2.46, -0.92, -1.65
Accel: -0.28, -0.09, -0.93
Gyro: -2.54, -1.52, -1.93
Accel: -0.29, -0.09, -0.92
Gyro: -2.41, -1.56, -1.71
Accel: -0.29, -0.09, -0.93
Gyro: -2.50, -1.69, -1.27
Accel: -0.29, -0.09, -0.93
Gyro: -3.04, -1.72, -1.27
Accel: -0.29, -0.10, -0.92
Gyro: -2.94, -2.34, -0.76
Accel: -0.29, -0.10, -0.91
Gyro: -4.31, -2.89, -1.37
Accel: -0.29, -0.09, -0.94
Gyro: -5.26, -3.14, -2.54
Accel: -0.29, -0.12, -0.91
Gyro: -4.23, -4.31, -3.15
Accel: -0.28, -0.14, -0.91
Gyro: -7.11, -6.26, -5.84
Accel: -0.29, -0.14, -0.91
Gyro: -10.66, -7.51, -9.64
Accel: -0.28, -0.14, -0.92
Gyro: -13.38, -8.83, -13.31
Accel: -0.30, -0.15, -0.91
Gyro: -16.94, -11.74, -17.97
Accel: -0.31, -0.18, -0.92
Gyro: -21.53, -13.28, -24.81
Accel: -0.33, -0.20, -0.94
Gyro: -27.37, -11.92, -35.67
Accel: -0.36, -0.19, -0.98
Gyro: -30.43, -6.75, -49.42
Accel: -0.41, -0.16, -1.05
Gyro: -28.61, 4.24, -62.35
Accel: -0.47, -0.16, -1.18
Gyro: -28.74, 29.07, -76.71
Accel: -0.46, -0.11, -1.08
Gyro: -21.25, 52.47, -89.87
Accel: -0.42, -0.04, -1.09
Gyro: -10.56, 71.72, -99.74
Accel: -0.34, 0.01, -1.01
Gyro: 5.60, 84.10, -101.36
Accel: -0.26, -0.01, -0.99
Gyro: 13.92, 90.19, -102.14
Accel: -0.19, 0.04, -0.97
Gyro: 15.98, 92.42, -98.07
Accel: -0.17, -0.01, -1.05
Gyro: 31.86, 97.02, -94.57
Accel: -0.07, 0.08, -0.89
Gyro: 31.97, 104.58, -85.74
Accel: -0.02, 0.10, -1.00
Gyro: 36.45, 100.54, -56.83
Accel: 0.01, 0.10, -1.06
Gyro: 12.69, 121.82, -18.10
Accel: 0.09, 0.15, -0.97
Gyro: -8.23, 125.70, 31.97
Accel: 0.20, 0.10, -0.76
Gyro: -27.42, 123.45, 77.26
Accel: 0.26, 0.01, -0.74
Gyro: -36.78, 102.57, 113.38
Accel: 0.36, -0.05, -0.68
Gyro: -45.21, 69.42, 135.68
Accel: 0.38, -0.08, -0.78
Gyro: -49.11, 48.86, 150.44
Accel: 0.40, -0.08, -0.71
Gyro: -48.48, 25.51, 163.48
Accel: 0.35, -0.14, -0.79
Gyro: -53.94, 7.97, 175.24
Accel: 0.37, -0.22, -0.77
Gyro: -57.71, -4.48, 173.98
Accel: 0.41, -0.25, -0.58
Gyro: -53.73, -37.73, 165.52
Accel: 0.35, -0.30, -0.49
Gyro: -48.45, -86.36, 154.40
Accel: 0.22, -0.51, -0.78
Gyro: -50.02, -118.16, 113.02
Accel: 0.10, -0.44, -0.83
Gyro: -34.30, -125.53, 65.70
Accel: 0.04, -0.47, -0.80
Gyro: -23.92, -138.38, 30.69
Accel: -0.07, -0.43, -0.96
Gyro: -29.79, -142.91, -1.21
Accel: -0.18, -0.36, -1.07
Gyro: -38.95, -128.07, -28.52
Accel: -0.26, -0.21, -1.06
Gyro: -36.37, -110.82, -42.57
Accel: -0.33, -0.15, -1.11
Gyro: -30.42, -90.82, -45.57
Accel: -0.37, -0.14, -1.12
Gyro: -23.19, -65.06, -46.40
Accel: -0.40, -0.11, -1.08
Gyro: -14.47, -45.65, -44.78
Accel: -0.40, -0.10, -0.99
Gyro: -8.42, -29.96, -41.98
Accel: -0.40, -0.07, -1.00
Gyro: -10.80, -16.54, -36.27
Accel: -0.37, -0.07, -0.94
Gyro: -15.12, -10.31, -29.66
Accel: -0.36, -0.07, -0.91
Gyro: -11.25, -11.98, -25.82
Accel: -0.37, -0.07, -0.93
Gyro: -10.84, -9.83, -20.71
Accel: -0.36, -0.07, -0.93
Gyro: -17.22, -5.00, -14.69
Accel: -0.35, -0.09, -0.92
Gyro: -14.31, -4.59, -12.76
Accel: -0.35, -0.08, -0.92
Gyro: -15.27, -3.66, -13.75
Accel: -0.34, -0.09, -0.91
Gyro: -13.79, -3.33, -15.13
Accel: -0.35, -0.07, -0.93
Gyro: -14.90, -2.59, -15.94
Accel: -0.33, -0.05, -0.94
Gyro: -13.90, -0.84, -15.36
Accel: -0.33, -0.04, -0.94
Gyro: -12.83, 0.56, -13.74
Accel: -0.32, -0.04, -0.95
Gyro: -11.31, 1.59, -12.60
Accel: -0.31, -0.02, -0.95
Gyro: -9.76, 2.89, -10.77
Accel: -0.30, -0.02, -0.94
Gyro: -7.16, 4.61, -7.51
Accel: -0.28, -0.03, -0.93
Gyro: -6.09, 4.29, -5.46
Accel: -0.28, -0.03, -0.93
Gyro: -4.97, 3.72, -3.85
Accel: -0.28, -0.04, -0.93
Gyro: -3.18, 3.57, -2.29
Accel: -0.27, -0.06, -0.93
Gyro: -1.82, 2.41, -1.95
Accel: -0.27, -0.06, -0.90
Gyro: -1.46, -0.23, -2.46
Accel: -0.28, -0.06, -0.90
Gyro: -0.80, -3.30, -2.35
Accel: -0.30, -0.06, -0.93
Gyro: -0.93, -3.85, -1.52
Accel: -0.31, -0.06, -0.92
Gyro: -0.53, -3.43, -0.88
Accel: -0.31, -0.07, -0.92
Gyro: 0.07, -4.24, 0.06
Accel: -0.33, -0.08, -0.91
Gyro: -0.92, -4.62, -0.50
Accel: -0.32, -0.07, -0.93
Gyro: -1.53, -4.07, -1.36
Accel: -0.33, -0.07, -0.94
Gyro: -0.95, -3.46, -1.85
Accel: -0.34, -0.07, -0.93
Gyro: -1.13, -2.75, -1.82
Accel: -0.32, -0.07, -0.94
Gyro: -1.18, -1.24, -1.05
Accel: -0.33, -0.08, -0.93
Gyro: -1.06, 0.19, -0.36
Accel: -0.32, -0.07, -0.94
Gyro: -1.82, 1.11, -0.54
Accel: -0.31, -0.08, -0.94
Gyro: -2.48, 2.16, -1.38
Accel: -0.30, -0.08, -0.93
Gyro: -3.07, 2.32, -2.17
Accel: -0.30, -0.07, -0.91
Gyro: -3.09, 2.11, -2.41
Accel: -0.30, -0.07, -0.93
Gyro: -3.17, 1.18, -2.50
Accel: -0.29, -0.07, -0.93
Gyro: -3.33, 0.88, -2.28
Accel: -0.29, -0.06, -0.92
Gyro: -2.85, 0.49, -2.14
Accel: -0.30, -0.07, -0.93
Gyro: -3.14, 0.33, -2.19
Accel: -0.30, -0.07, -0.93
Gyro: -3.91, 0.27, -3.47
