Accel: -0.22, -0.01, -0.94
Gyro: -1.22, 0.31, -0.12
Accel: -0.23, -0.01, -0.94
Gyro: -2.19, 0.76, -0.50
Accel: -0.22, -0.01, -0.95
Gyro: -1.97, 1.17, -0.56
Accel: -0.22, -0.01, -0.94
Gyro: -2.24, 1.08, -1.15
Accel: -0.22, -0.00, -0.93
Gyro: -2.14, 1.01, -1.75
Accel: -0.23, -0.01, -0.95
Gyro: -1.75, 0.33, -1.76
Accel: -0.23, -0.00, -0.95
Gyro: -1.82, 0.33, -1.62
Accel: -0.23, -0.00, -0.95
Gyro: -0.82, 0.56, -0.41
Accel: -0.22, -0.01, -0.95
Gyro: -1.29, 0.27, -0.08
Accel: -0.22, -0.01, -0.94
Gyro: -1.95, 0.54, -0.31
Accel: -0.22, -0.01, -0.94
Gyro: -1.69, 1.02, -0.22
Accel: -0.21, -0.02, -0.94
Gyro: -1.52, 1.64, -0.60
Accel: -0.21, -0.02, -0.94
Gyro: -1.54, 1.56, -0.98
Accel: -0.21, -0.01, -0.94
Gyro: -1.37, 1.31, -0.87
Accel: -0.21, -0.02, -0.95
Gyro: -1.38, 1.36, -0.89
Accel: -0.21, -0.02, -0.93
Gyro: -1.25, 1.14, -0.71
Accel: -0.21, -0.02, -0.93
Gyro: -1.19, 0.49, -0.87
Accel: -0.21, -0.02, -0.94
Gyro: -1.66, -0.07, -1.00
Accel: -0.21, -0.02, -0.94
Gyro: -1.69, -0.18, -1.03
Accel: -0.20, -0.03, -0.95
Gyro: -2.58, 0.07, -1.30
Accel: -0.20, -0.02, -0.95
Gyro: -3.30, 0.09, -2.32
Accel: -0.20, -0.01, -0.94
Gyro: -1.54, -0.68, -2.06
Accel: -0.21, -0.02, -0.96
Gyro: -2.02, -1.18, -2.13
Accel: -0.21, -0.02, -0.95
Gyro: -3.05, -0.50, -2.01
Accel: -0.22, -0.01, -0.95
Gyro: -2.89, 0.28, -1.69
Accel: -0.21, -0.03, -0.94
Gyro: -3.36, 0.58, -2.26
Accel: -0.20, -0.02, -0.94
Gyro: -3.48, 0.02, -3.05
Accel: -0.21, -0.01, -0.95
Gyro: -3.37, -0.50, -3.05
Accel: -0.21, -0.02, -0.95
Gyro: -4.32, -0.21, -3.22
Accel: -0.20, -0.02, -0.94
Gyro: -3.62, 0.14, -2.66
Accel: -0.21, -0.03, -0.94
Gyro: -4.66, 0.00, -3.20
Accel: -0.21, -0.02, -0.95
Gyro: -6.20, 0.45, -4.88
Accel: -0.21, -0.04, -0.95
Gyro: -6.23, 0.79, -6.29
Accel: -0.22, -0.07, -0.95
Gyro: -8.56, 1.38, -9.38
Accel: -0.21, -0.08, -0.96
Gyro: -12.63, 3.19, -15.12
Accel: -0.23, -0.10, -0.99
Gyro: -14.05, 5.91, -23.57
Accel: -0.22, -0.12, -0.97
Gyro: -13.95, 9.41, -37.94
Accel: -0.25, -0.13, -1.01
Gyro: -12.32, 13.11, -52.94
Accel: -0.30, -0.14, -1.12
Gyro: -10.25, 26.53, -72.97
Accel: -0.29, -0.12, -1.11
Gyro: -4.70, 44.65, -91.63
Accel: -0.32, -0.08, -1.20
Gyro: 1.54, 68.57, -108.54
Accel: -0.28, -0.07, -1.09
Gyro: 9.53, 89.26, -119.93
Accel: -0.24, 0.01, -1.12
Gyro: 11.02, 107.74, -126.78
Accel: -0.16, 0.10, -1.02
Gyro: 9.49, 126.79, -122.89
Accel: -0.02, 0.20, -0.87
Gyro: 14.95, 128.23, -102.49
Accel: 0.09, 0.20, -0.86
Gyro: 13.18, 118.83, -72.23
Accel: 0.13, 0.24, -0.90
Gyro: 1.23, 113.18, -37.44
Accel: 0.22, 0.18, -0.83
Gyro: -19.57, 113.94, -0.56
Accel: 0.29, 0.18, -0.79
Gyro: -35.92, 100.24, 36.02
Accel: 0.32, 0.16, -0.81
Gyro: -49.32, 90.03, 70.34
Accel: 0.43, 0.08, -0.86
Gyro: -66.51, 76.88, 95.95
Accel: 0.44, 0.09, -0.84
Gyro: -69.84, 65.60, 112.53
Accel: 0.47, 0.05, -0.77
Gyro: -81.58, 63.16, 129.88
Accel: 0.58, -0.04, -0.72
Gyro: -78.45, 47.20, 139.31
Accel: 0.62, -0.00, -0.63
Gyro: -79.90, 26.73, 139.95
Accel: 0.60, 0.03, -0.68
Gyro: -70.70, 9.61, 143.87
Accel: 0.58, -0.01, -0.67
Gyro: -58.83, -2.04, 149.06
Accel: 0.62, -0.10, -0.66
Gyro: -61.52, -17.81, 145.35
Accel: 0.63, -0.08, -0.62
Gyro: -61.26, -40.75, 139.64
Accel: 0.60, -0.07, -0.60
Gyro: -61.10, -68.02, 133.54
Accel: 0.52, -0.11, -0.62
Gyro: -55.48, -93.21, 123.48
Accel: 0.45, -0.20, -0.64
Gyro: -55.52, -120.51, 99.29
Accel: 0.32, -0.24, -0.75
Gyro: -52.15, -136.78, 64.84
Accel: 0.25, -0.29, -0.87
Gyro: -37.73, -145.43, 24.02
Accel: 0.12, -0.31, -1.00
Gyro: -20.47, -139.19, -23.63
Accel: 0.02, -0.24, -1.01
Gyro: -10.48, -126.11, -58.16
Accel: -0.06, -0.17, -1.02
Gyro: -9.06, -114.31, -76.68
Accel: -0.14, -0.08, -1.06
Gyro: -5.74, -101.39, -82.69
Accel: -0.18, -0.10, -1.04
Gyro: -2.54, -85.87, -86.25
Accel: -0.24, -0.01, -1.10
Gyro: 1.53, -70.48, -89.55
Accel: -0.27, 0.01, -1.12
Gyro: 2.37, -48.89, -80.35
Accel: -0.25, -0.03, -1.02
Gyro: -1.02, -36.64, -73.00
Accel: -0.23, -0.01, -0.97
Gyro: -4.39, -32.00, -65.31
Accel: -0.24, -0.02, -0.97
Gyro: -10.03, -29.30, -58.07
Accel: -0.27, -0.01, -0.99
Gyro: -11.32, -23.29, -50.81
Accel: -0.27, 0.01, -1.04
Gyro: -9.61, -12.86, -43.63
Accel: -0.26, -0.04, -0.95
Gyro: -10.35, -4.29, -41.46
Accel: -0.25, 0.02, -0.94
Gyro: -9.00, -4.71, -38.51
Accel: -0.24, 0.04, -0.95
Gyro: -6.27, -4.68, -30.43
Accel: -0.24, 0.04, -0.95
Gyro: -7.11, -3.30, -21.79
Accel: -0.23, 0.04, -0.96
Gyro: -8.40, -2.96, -13.44
Accel: -0.23, 0.02, -0.96
Gyro: -9.64, -1.43, -5.79
Accel: -0.22, 0.01, -0.96
Gyro: -8.25, -0.47, -0.95
Accel: -0.21, -0.02, -0.95
Gyro: -7.41, 0.79, 0.66
Accel: -0.20, -0.02, -0.96
Gyro: -6.18, 2.11, -0.45
Accel: -0.19, -0.02, -0.96
Gyro: -4.71, 3.05, -2.10
Accel: -0.18, -0.01, -0.95
Gyro: -4.11, 3.52, -3.21
Accel: -0.18, -0.02, -0.95
Gyro: -4.82, 3.18, -3.90
Accel: -0.18, 0.00, -0.95
Gyro: -3.91, 3.23, -3.71
Accel: -0.17, -0.02, -0.94
Gyro: -2.41, 1.66, -2.94
Accel: -0.18, -0.02, -0.95
Gyro: -3.43, 0.24, -3.36
Accel: -0.19, -0.01, -0.95
Gyro: -3.33, 0.11, -3.29
Accel: -0.18, -0.02, -0.96
Gyro: -1.96, 0.23, -2.86
Accel: -0.19, -0.02, -0.95
Gyro: -2.34, 1.05, -3.04
Accel: -0.19, -0.02, -0.94
Gyro: -1.88, 0.92, -3.05
Accel: -0.19, -0.03, -0.95
Gyro: -2.08, 0.76, -3.03
Accel: -0.19, -0.02, -0.96
Gyro: -2.88, 1.23, -3.04
Accel: -0.19, -0.02, -0.96
Gyro: -2.34, 1.84, -2.14
Accel: -0.19, -0.02, -0.96
Gyro: -2.49, 2.11, -1.48
Accel: -0.19, -0.03, -0.96
Gyro: -3.23, 2.52, -1.46
Accel: -0.19, -0.03, -0.95
Gyro: -3.46, 3.34, -1.26
