Accel: -0.35, -0.07, -0.91
Gyro: -2.02, 0.47, -2.25
Accel: -0.36, -0.06, -0.92
Gyro: -2.10, 1.85, -1.93
Accel: -0.34, -0.06, -0.92
Gyro: -2.21, 2.14, -1.19
Accel: -0.34, -0.07, -0.91
Gyro: -2.60, 2.10, -0.92
Accel: -0.33, -0.08, -0.90
Gyro: -3.29, 1.56, -1.63
Accel: -0.33, -0.07, -0.91
Gyro: -3.77, 0.78, -2.22
Accel: -0.33, -0.06, -0.92
Gyro: -4.36, 0.27, -2.53
Accel: -0.32, -0.06, -0.92
Gyro: -5.17, -0.03, -2.89
Accel: -0.32, -0.06, -0.91
Gyro: -5.17, -1.07, -3.27
Accel: -0.32, -0.08, -0.91
Gyro: -7.20, -2.35, -3.73
Accel: -0.32, -0.10, -0.92
Gyro: -10.70, -4.07, -6.77
Accel: -0.33, -0.11, -0.90
Gyro: -12.64, -5.49, -9.67
Accel: -0.33, -0.16, -0.89
Gyro: -20.13, -7.64, -15.12
Accel: -0.33, -0.17, -0.87
Gyro: -29.33, -10.49, -23.73
Accel: -0.36, -0.22, -0.89
Gyro: -36.59, -12.98, -38.29
Accel: -0.43, -0.21, -1.03
Gyro: -46.20, -3.71, -59.88
Accel: -0.43, -0.08, -0.92
Gyro: -55.98, 9.51, -67.89
Accel: -0.48, -0.05, -1.00
Gyro: -50.90, 14.64, -74.93
Accel: -0.50, 0.02, -1.07
Gyro: -38.98, 30.01, -84.39
Accel: -0.53, 0.14, -1.19
Gyro: -26.60, 58.53, -84.69
Accel: -0.51, 0.20, -1.16
Gyro: -12.75, 81.26, -70.92
Accel: -0.45, 0.21, -1.12
Gyro: -5.81, 112.68, -54.97
Accel: -0.32, 0.22, -1.04
Gyro: 3.79, 130.04, -38.77
Accel: -0.31, 0.22, -1.12
Gyro: 7.68, 154.09, -11.20
Accel: -0.12, 0.10, -0.77
Gyro: 6.32, 157.39, 6.45
Accel: -0.01, 0.08, -0.79
Gyro: -0.37, 146.99, 17.94
Accel: 0.12, 0.11, -0.71
Gyro: -4.01, 130.76, 31.61
Accel: 0.25, 0.16, -0.65
Gyro: -0.59, 96.64, 46.52
Accel: 0.25, 0.18, -0.88
Gyro: 6.94, 72.79, 66.67
Accel: 0.29, 0.14, -0.81
Gyro: 1.63, 67.59, 83.72
Accel: 0.35, 0.16, -0.79
Gyro: -1.36, 52.31, 110.57
Accel: 0.39, -0.01, -0.72
Gyro: -14.60, 29.07, 129.82
Accel: 0.40, -0.06, -0.78
Gyro: -28.02, 7.48, 132.29
Accel: 0.38, -0.13, -0.75
Gyro: -26.10, -7.91, 129.73
Accel: 0.43, -0.26, -0.63
Gyro: -24.54, -36.77, 115.75
Accel: 0.42, -0.31, -0.62
Gyro: -24.55, -75.41, 89.57
Accel: 0.28, -0.25, -0.76
Gyro: -16.87, -96.76, 62.77
Accel: 0.20, -0.31, -0.86
Gyro: -6.82, -103.45, 44.31
Accel: 0.13, -0.31, -0.93
Gyro: -4.91, -106.51, 18.53
Accel: 0.05, -0.36, -0.98
Gyro: -6.87, -103.10, -9.35
Accel: 0.00, -0.32, -0.96
Gyro: -3.68, -100.86, -37.67
Accel: -0.06, -0.18, -0.96
Gyro: -0.37, -103.45, -53.86
Accel: -0.14, -0.09, -1.01
Gyro: -0.48, -95.54, -44.71
Accel: -0.20, -0.14, -1.02
Gyro: -8.82, -83.82, -37.16
Accel: -0.23, -0.12, -0.98
Gyro: -7.61, -75.87, -32.67
Accel: -0.26, -0.11, -0.95
Gyro: -8.93, -70.09, -26.47
Accel: -0.32, -0.12, -0.99
Gyro: -8.21, -65.17, -23.13
Accel: -0.38, -0.11, -1.03
Gyro: -7.51, -55.20, -17.62
Accel: -0.37, -0.10, -0.99
Gyro: -12.08, -43.26, -12.03
Accel: -0.38, -0.09, -0.93
Gyro: -12.49, -37.25, -6.57
Accel: -0.41, -0.07, -0.93
Gyro: -19.40, -35.41, -0.40
Accel: -0.43, -0.09, -0.96
Gyro: -17.78, -29.18, 4.61
Accel: -0.43, -0.09, -0.95
Gyro: -18.13, -21.32, 5.25
Accel: -0.43, -0.08, -0.93
Gyro: -17.07, -17.20, 2.82
Accel: -0.44, -0.06, -0.95
Gyro: -14.31, -12.25, 0.49
Accel: -0.42, -0.04, -0.93
Gyro: -13.90, -5.91, -0.08
Accel: -0.43, -0.04, -0.92
Gyro: -12.03, -3.36, -1.01
Accel: -0.42, -0.04, -0.92
Gyro: -11.68, -0.65, -2.02
Accel: -0.41, -0.03, -0.91
Gyro: -8.90, 2.11, -3.20
Accel: -0.39, -0.04, -0.90
Gyro: -8.22, 2.98, -4.37
Accel: -0.38, -0.02, -0.91
Gyro: -7.12, 3.36, -5.14
Accel: -0.38, -0.01, -0.90
Gyro: -5.33, 2.64, -3.94
Accel: -0.37, -0.02, -0.90
Gyro: -5.52, 2.36, -3.04
Accel: -0.37, -0.02, -0.90
Gyro: -3.75, 1.11, -1.62
Accel: -0.36, -0.02, -0.90
Gyro: -1.80, 0.36, -0.55
Accel: -0.36, -0.03, -0.90
Gyro: -0.98, 0.31, -0.30
Accel: -0.38, -0.03, -0.90
Gyro: -0.77, 0.20, -0.42
Accel: -0.37, -0.04, -0.91
Gyro: 0.31, -0.19, -0.36
Accel: -0.38, -0.04, -0.90
Gyro: -0.20, -0.24, -0.26
Accel: -0.39, -0.03, -0.91
Gyro: 0.51, 0.75, 0.82
Accel: -0.38, -0.06, -0.91
Gyro: 0.20, 0.55, 0.83
Accel: -0.39, -0.05, -0.89
Gyro: -1.99, -0.05, 0.04
Accel: -0.38, -0.05, -0.90
Gyro: -2.04, -0.01, -0.54
Accel: -0.39, -0.05, -0.91
Gyro: -2.11, 0.18, -1.28
Accel: -0.38, -0.05, -0.90
Gyro: -2.04, -0.27, -2.53
Accel: -0.38, -0.04, -0.91
Gyro: -2.60, 1.01, -2.53
Accel: -0.38, -0.04, -0.92
Gyro: -1.67, 1.47, -1.50
Accel: -0.38, -0.04, -0.90
Gyro: -2.36, 2.30, -1.22
Accel: -0.38, -0.04, -0.91
Gyro: -2.36, 2.82, -1.30
Accel: -0.38, -0.04, -0.90
Gyro: -1.94, 2.69, -1.50
Accel: -0.36, -0.04, -0.91
Gyro: -1.63, 2.61, -1.74
Accel: -0.38, -0.04, -0.91
Gyro: -1.07, 2.66, -1.30
Accel: -0.36, -0.03, -0.91
Gyro: -1.08, 3.04, -0.78
Accel: -0.36, -0.04, -0.91
Gyro: -0.39, 3.20, -0.04
Accel: -0.36, -0.04, -0.90
Gyro: -1.37, 3.40, -1.02
Accel: -0.36, -0.03, -0.91
Gyro: -0.27, 3.40, -1.09
Accel: -0.36, -0.04, -0.91
Gyro: 0.60, 2.39, -0.81
Accel: -0.35, -0.04, -0.91
Gyro: -0.47, 1.82, -0.55
Accel: -0.35, -0.04, -0.91
Gyro: 0.08, 1.71, 0.23
Accel: -0.36, -0.05, -0.90
Gyro: -0.11, 1.77, 0.49
Accel: -0.35, -0.05, -0.91
Gyro: -0.31, 1.81, -0.26
Accel: -0.36, -0.05, -0.91
Gyro: -0.56, 1.69, -0.26
Accel: -0.35, -0.05, -0.90
Gyro: 0.04, 0.85, -0.36
Accel: -0.36, -0.05, -0.92
Gyro: -1.08, 1.13, -0.64
Accel: -0.35, -0.04, -0.91
Gyro: 0.05, 1.81, -0.37
Accel: -0.35, -0.06, -0.91
Gyro: -0.21, 1.22, -0.23
Accel: -0.35, -0.05, -0.92
Gyro: -0.91, 1.63, -0.73
Accel: -0.35, -0.05, -0.91
Gyro: -0.37, 1.85, -0.77
Accel: -0.34, -0.06, -0.91
Gyro: -0.22, 1.44, -0.84
Accel: -0.34, -0.05, -0.92
Gyro: -0.16, 1.33, -0.71
Accel: -0.34, -0.05, -0.91
Gyro: 0.16, 0.91, -0.36
