Accel: -0.19, 0.00, -0.96
Gyro: -0.85, 0.60, -0.38
Accel: -0.19, -0.00, -0.95
Gyro: 0.28, 0.31, -0.12
Accel: -0.19, -0.01, -0.95
Gyro: -0.47, 0.18, -0.07
Accel: -0.19, -0.01, -0.96
Gyro: -1.88, 0.56, -0.41
Accel: -0.19, -0.00, -0.96
Gyro: -1.53, 0.75, -0.46
Accel: -0.19, -0.00, -0.93
Gyro: -0.87, 0.27, -0.56
Accel: -0.19, -0.02, -0.95
Gyro: -1.65, -0.02, -1.02
Accel: -0.19, -0.02, -0.96
Gyro: -1.99, 0.05, -1.08
Accel: -0.19, -0.01, -0.95
Gyro: -2.76, 0.19, -1.22
Accel: -0.19, -0.02, -0.95
Gyro: -2.97, 0.18, -1.69
Accel: -0.19, -0.02, -0.95
Gyro: -2.81, -0.07, -1.72
Accel: -0.19, -0.01, -0.94
Gyro: -2.91, -0.92, -1.85
Accel: -0.19, -0.01, -0.95
Gyro: -3.33, -1.07, -2.05
Accel: -0.19, -0.02, -0.96
Gyro: -4.07, -0.80, -2.20
Accel: -0.20, -0.00, -0.95
Gyro: -4.65, -1.12, -3.28
Accel: -0.19, -0.00, -0.95
Gyro: -2.56, -1.63, -2.97
Accel: -0.20, -0.01, -0.95
Gyro: -2.73, -2.32, -3.20
Accel: -0.20, 0.00, -0.95
Gyro: -3.20, -1.56, -2.97
Accel: -0.20, -0.00, -0.96
Gyro: -2.66, -0.56, -2.56
Accel: -0.19, -0.01, -0.94
Gyro: -2.69, -0.16, -2.69
Accel: -0.19, -0.01, -0.94
Gyro: -3.10, -0.53, -3.42
Accel: -0.19, -0.04, -0.94
Gyro: -3.93, -1.38, -4.47
Accel: -0.20, -0.08, -0.96
Gyro: -6.87, -1.01, -9.58
Accel: -0.21, -0.12, -0.96
Gyro: -8.75, 0.79, -20.67
Accel: -0.21, -0.17, -0.96
Gyro: -8.94, 1.37, -39.31
Accel: -0.22, -0.16, -0.96
Gyro: -8.80, 2.53, -60.36
Accel: -0.24, -0.18, -0.99
Gyro: -8.98, 6.58, -79.88
Accel: -0.26, -0.13, -1.03
Gyro: -8.02, 14.56, -98.44
Accel: -0.26, -0.08, -1.02
Gyro: -2.89, 20.88, -110.53
Accel: -0.28, -0.07, -1.08
Gyro: 3.07, 30.97, -118.63
Accel: -0.30, -0.03, -1.14
Gyro: 8.54, 49.56, -126.55
Accel: -0.25, 0.07, -1.09
Gyro: 20.36, 63.57, -123.15
Accel: -0.22, 0.08, -1.09
Gyro: 24.05, 77.48, -108.38
Accel: -0.19, 0.07, -1.18
Gyro: 20.26, 98.15, -91.95
Accel: -0.12, 0.07, -1.03
Gyro: 13.07, 122.32, -75.84
Accel: -0.05, 0.09, -1.07
Gyro: 10.36, 135.65, -54.73
Accel: 0.06, 0.10, -0.89
Gyro: 4.35, 148.96, -31.05
Accel: 0.19, 0.09, -0.77
Gyro: -3.01, 145.56, -3.87
Accel: 0.33, 0.09, -0.67
Gyro: -11.91, 119.78, 24.73
Accel: 0.38, 0.05, -0.77
Gyro: -20.27, 103.97, 52.21
Accel: 0.50, 0.09, -0.64
Gyro: -40.92, 83.14, 78.11
Accel: 0.51, -0.05, -0.76
Gyro: -52.06, 66.20, 101.62
Accel: 0.59, -0.06, -0.66
Gyro: -71.19, 44.50, 121.19
Accel: 0.58, -0.06, -0.70
Gyro: -78.69, 25.07, 136.45
Accel: 0.55, -0.07, -0.71
Gyro: -77.64, 10.73, 150.43
Accel: 0.49, -0.08, -0.75
Gyro: -74.42, 3.52, 163.56
Accel: 0.48, -0.10, -0.77
Gyro: -65.48, -0.03, 173.24
Accel: 0.44, -0.13, -0.79
Gyro: -63.52, -8.81, 178.46
Accel: 0.49, -0.27, -0.72
Gyro: -71.97, -19.87, 173.49
Accel: 0.51, -0.30, -0.65
Gyro: -83.06, -45.90, 156.30
Accel: 0.44, -0.32, -0.65
Gyro: -86.20, -76.20, 134.17
Accel: 0.34, -0.35, -0.73
Gyro: -86.17, -98.82, 102.62
Accel: 0.25, -0.32, -0.83
Gyro: -88.99, -109.23, 64.76
Accel: 0.22, -0.27, -0.83
Gyro: -81.09, -119.51, 27.29
Accel: 0.10, -0.34, -0.85
Gyro: -62.08, -124.52, -14.13
Accel: 0.03, -0.36, -0.89
Gyro: -55.10, -128.35, -66.04
Accel: -0.13, -0.21, -0.95
Gyro: -47.20, -126.10, -108.67
Accel: -0.27, 0.01, -1.11
Gyro: -32.43, -107.53, -127.17
Accel: -0.32, 0.11, -1.15
Gyro: -14.40, -82.79, -122.86
Accel: -0.34, 0.17, -1.06
Gyro: -4.26, -64.70, -115.93
Accel: -0.38, 0.23, -1.11
Gyro: -7.75, -45.94, -99.36
Accel: -0.35, 0.20, -1.08
Gyro: -9.53, -27.96, -76.45
Accel: -0.34, 0.24, -1.04
Gyro: -3.21, -16.56, -58.06
Accel: -0.29, 0.19, -0.98
Gyro: -3.39, -10.42, -45.94
Accel: -0.37, 0.18, -0.94
Gyro: 7.01, -1.29, -22.89
Accel: -0.29, 0.11, -1.02
Gyro: -2.35, 7.55, -8.24
Accel: -0.27, 0.11, -0.99
Gyro: -5.70, 12.11, 2.37
Accel: -0.23, 0.05, -0.94
Gyro: -11.51, 14.20, 7.84
Accel: -0.21, 0.05, -0.90
Gyro: -11.21, 11.86, 8.36
Accel: -0.20, 0.03, -0.92
Gyro: -4.21, 6.23, 5.59
Accel: -0.21, 0.02, -0.94
Gyro: -1.54, 4.80, 1.17
Accel: -0.21, 0.02, -0.95
Gyro: -0.41, 4.11, -2.80
Accel: -0.20, 0.03, -0.97
Gyro: 1.67, 5.61, -4.08
Accel: -0.19, 0.03, -0.96
Gyro: -2.36, 6.57, -4.42
Accel: -0.18, 0.06, -0.98
Gyro: 0.65, 6.07, -4.09
Accel: -0.18, 0.02, -0.94
Gyro: -2.83, 6.90, -5.21
Accel: -0.15, 0.01, -0.96
Gyro: -1.82, 8.97, -5.33
Accel: -0.14, 0.02, -0.94
Gyro: -4.99, 8.84, -6.07
Accel: -0.13, 0.02, -0.95
Gyro: -6.74, 7.55, -7.02
Accel: -0.13, 0.03, -0.95
Gyro: -6.35, 6.36, -6.13
Accel: -0.13, 0.04, -0.93
Gyro: -2.45, 3.56, -5.84
Accel: -0.13, 0.02, -0.94
Gyro: -1.94, 2.11, -5.39
Accel: -0.13, 0.04, -0.92
Gyro: -2.94, -0.34, -5.52
Accel: -0.15, 0.04, -0.93
Gyro: -2.89, -3.18, -3.88
Accel: -0.16, 0.03, -0.95
Gyro: -3.91, -4.10, -3.28
Accel: -0.17, 0.03, -0.95
Gyro: -3.62, -3.65, -2.62
Accel: -0.17, 0.04, -0.95
Gyro: -1.38, -3.50, -1.46
Accel: -0.17, 0.02, -0.97
Gyro: -1.51, -2.69, -0.43
Accel: -0.17, 0.02, -0.96
Gyro: -3.46, -1.29, 0.19
Accel: -0.17, 0.01, -0.97
Gyro: -5.03, -0.11, 0.52
Accel: -0.17, 0.04, -0.97
Gyro: -6.56, 1.11, -0.11
Accel: -0.16, 0.05, -0.95
Gyro: -4.20, 1.03, 0.55
Accel: -0.15, 0.03, -0.94
Gyro: -4.25, 0.76, 0.57
Accel: -0.16, 0.03, -0.93
Gyro: -5.45, -0.64, -0.74
Accel: -0.17, 0.04, -0.95
Gyro: -6.31, -1.46, -2.20
Accel: -0.16, 0.04, -0.95
Gyro: -6.22, -1.27, -3.09
Accel: -0.17, 0.06, -0.96
Gyro: -5.24, -0.85, -3.49
Accel: -0.17, 0.05, -0.97
Gyro: -4.54, 0.19, -3.91
Accel: -0.16, 0.06, -0.97
Gyro: -3.13, 0.89, -3.83
Accel: -0.15, 0.06, -0.97
Gyro: -3.28, 2.42, -3.62
Accel: -0.15, 0.06, -0.95
Gyro: -2.82, 3.01, -3.54
