Accel: -0.14, -0.01, -0.96
Gyro: -1.94, -0.25, -0.70
Accel: -0.13, -0.01, -0.96
Gyro: -2.79, 0.53, -1.50
Accel: -0.13, 0.00, -0.96
Gyro: -2.46, 1.13, -1.64
Accel: -0.13, -0.00, -0.96
Gyro: -2.04, 0.49, -1.46
Accel: -0.13, -0.00, -0.95
Gyro: -2.95, -0.09, -1.32
Accel: -0.13, 0.01, -0.96
Gyro: -3.11, -0.18, -1.05
Accel: -0.13, -0.00, -0.97
Gyro: -3.24, 0.11, -1.21
Accel: -0.12, 0.00, -0.96
Gyro: -3.50, 0.14, -1.61
Accel: -0.12, 0.00, -0.95
Gyro: -3.49, -0.55, -2.04
Accel: -0.13, 0.00, -0.96
Gyro: -3.65, -0.96, -2.08
Accel: -0.12, 0.01, -0.97
Gyro: -3.40, -0.78, -2.14
Accel: -0.12, 0.01, -0.96
Gyro: -2.86, -1.05, -1.53
Accel: -0.13, 0.00, -0.96
Gyro: -3.18, -1.64, -1.75
Accel: -0.12, -0.00, -0.96
Gyro: -3.45, -1.41, -2.11
Accel: -0.12, -0.00, -0.95
Gyro: -3.64, -2.08, -3.27
Accel: -0.13, -0.01, -0.94
Gyro: -4.44, -3.13, -4.67
Accel: -0.13, -0.01, -0.95
Gyro: -5.14, -4.63, -6.61
Accel: -0.14, 0.01, -0.96
Gyro: -4.52, -4.44, -7.31
Accel: -0.14, 0.03, -0.97
Gyro: -3.53, -2.69, -6.08
Accel: -0.15, 0.02, -0.97
Gyro: -3.77, -1.50, -4.19
Accel: -0.15, 0.02, -0.97
Gyro: -4.53, -1.21, -2.43
Accel: -0.15, 0.01, -0.95
Gyro: -5.00, -0.82, -1.75
Accel: -0.14, 0.01, -0.96
Gyro: -5.42, -0.31, -2.44
Accel: -0.14, 0.02, -0.96
Gyro: -5.49, -0.02, -3.63
Accel: -0.13, 0.04, -0.95
Gyro: -3.49, 0.00, -2.94
Accel: -0.15, 0.02, -0.96
Gyro: -3.43, -0.14, -2.14
Accel: -0.14, 0.02, -0.96
Gyro: -4.29, -0.10, -1.53
Accel: -0.14, -0.03, -0.95
Gyro: -5.07, -0.28, -2.45
Accel: -0.15, -0.10, -0.97
Gyro: -10.38, -0.47, -5.78
Accel: -0.18, -0.26, -1.01
Gyro: -20.97, 3.71, -20.34
Accel: -0.18, -0.27, -0.99
Gyro: -25.98, 9.55, -54.28
Accel: -0.20, -0.22, -0.99
Gyro: -27.11, 13.76, -86.01
Accel: -0.22, -0.10, -1.03
Gyro: -30.20, 21.67, -106.81
Accel: -0.23, 0.01, -1.07
Gyro: -26.77, 36.00, -116.36
Accel: -0.23, 0.09, -1.07
Gyro: -17.85, 46.42, -117.35
Accel: -0.27, 0.14, -1.24
Gyro: -16.88, 74.07, -110.45
Accel: -0.16, 0.14, -0.96
Gyro: -17.91, 92.47, -103.13
Accel: -0.12, 0.19, -0.97
Gyro: -11.09, 90.98, -97.01
Accel: -0.10, 0.19, -1.12
Gyro: -11.29, 110.73, -89.92
Accel: 0.06, 0.23, -0.75
Gyro: -9.12, 107.96, -81.61
Accel: 0.08, 0.27, -0.98
Gyro: -9.52, 102.71, -66.24
Accel: 0.13, 0.33, -0.96
Gyro: -20.37, 108.53, -41.57
Accel: 0.22, 0.39, -0.81
Gyro: -35.16, 100.65, -13.14
Accel: 0.23, 0.42, -1.01
Gyro: -47.81, 105.86, 25.86
Accel: 0.30, 0.44, -0.75
Gyro: -60.34, 99.00, 61.94
Accel: 0.43, 0.36, -0.70
Gyro: -74.65, 93.33, 100.72
Accel: 0.56, 0.36, -0.61
Gyro: -66.47, 61.70, 126.75
Accel: 0.65, 0.23, -0.55
Gyro: -70.73, 33.33, 142.09
Accel: 0.65, 0.22, -0.65
Gyro: -64.51, 3.41, 153.40
Accel: 0.60, 0.21, -0.68
Gyro: -60.09, -9.64, 161.17
Accel: 0.58, 0.19, -0.62
Gyro: -39.92, -23.83, 161.95
Accel: 0.59, 0.05, -0.65
Gyro: -35.99, -37.40, 157.04
Accel: 0.59, 0.03, -0.57
Gyro: -35.22, -58.45, 145.77
Accel: 0.56, -0.03, -0.58
Gyro: -29.56, -87.07, 136.18
Accel: 0.46, -0.11, -0.84
Gyro: -23.64, -100.11, 118.52
Accel: 0.33, -0.44, -1.02
Gyro: -44.39, -77.67, 95.60
Accel: 0.38, -0.19, -1.08
Gyro: -101.92, -57.30, 62.52
Accel: 0.37, 0.09, -0.79
Gyro: -96.85, -56.95, 69.95
Accel: 0.37, -0.02, -0.74
Gyro: -74.85, -70.68, 55.97
Accel: 0.33, -0.03, -0.80
Gyro: -54.09, -84.51, 28.53
Accel: 0.26, -0.05, -0.88
Gyro: -34.40, -90.58, -1.69
Accel: 0.19, -0.07, -0.91
Gyro: -21.62, -94.60, -36.48
Accel: 0.12, 0.00, -0.92
Gyro: -8.73, -95.53, -62.93
Accel: 0.04, 0.09, -0.97
Gyro: 3.13, -92.36, -73.75
Accel: -0.03, 0.09, -0.96
Gyro: 5.70, -87.74, -80.95
Accel: -0.10, 0.18, -1.03
Gyro: 9.45, -79.58, -77.62
Accel: -0.13, 0.04, -1.01
Gyro: 8.87, -68.91, -81.63
Accel: -0.18, 0.14, -1.02
Gyro: 15.25, -62.31, -92.75
Accel: -0.22, 0.21, -1.06
Gyro: 22.97, -51.86, -78.97
Accel: -0.24, 0.11, -1.02
Gyro: 20.36, -41.73, -73.36
Accel: -0.26, 0.17, -1.03
Gyro: 20.45, -34.07, -64.51
Accel: -0.27, 0.12, -1.03
Gyro: 14.59, -23.67, -48.01
Accel: -0.26, 0.10, -1.00
Gyro: 5.57, -16.15, -37.80
Accel: -0.27, 0.08, -1.01
Gyro: 1.97, -9.32, -27.56
Accel: -0.29, 0.04, -1.04
Gyro: -9.51, 1.10, -20.68
Accel: -0.26, 0.09, -0.98
Gyro: -20.16, 10.68, -13.11
Accel: -0.22, 0.11, -0.94
Gyro: -17.96, 10.70, -4.87
Accel: -0.20, 0.09, -0.94
Gyro: -15.77, 9.13, -1.69
Accel: -0.20, 0.08, -0.93
Gyro: -14.47, 7.97, -1.98
Accel: -0.21, 0.09, -0.95
Gyro: -11.38, 7.90, -3.87
Accel: -0.17, 0.11, -0.93
Gyro: -8.19, 6.36, -4.81
Accel: -0.17, 0.11, -0.94
Gyro: -3.79, 5.84, -4.33
Accel: -0.16, 0.12, -0.93
Gyro: -1.84, 3.88, -3.72
Accel: -0.15, 0.11, -0.94
Gyro: -1.21, 2.21, -2.13
Accel: -0.15, 0.09, -0.95
Gyro: -0.03, 1.18, -1.35
Accel: -0.15, 0.09, -0.95
Gyro: 0.77, 0.40, -1.61
Accel: -0.15, 0.08, -0.95
Gyro: 3.19, 0.29, -2.72
Accel: -0.15, 0.07, -0.97
Gyro: 4.06, 0.76, -2.98
Accel: -0.15, 0.07, -0.97
Gyro: 2.72, 1.95, -3.05
Accel: -0.15, 0.07, -0.96
Gyro: 2.62, 2.69, -1.56
Accel: -0.15, 0.06, -0.96
Gyro: 1.73, 1.57, -0.66
Accel: -0.15, 0.06, -0.96
Gyro: 0.21, 1.02, -0.56
Accel: -0.15, 0.06, -0.96
Gyro: -0.63, 0.53, -0.75
Accel: -0.15, 0.05, -0.95
Gyro: -1.63, 0.76, -0.71
Accel: -0.15, 0.06, -0.94
Gyro: -2.22, 0.51, -1.37
Accel: -0.16, 0.06, -0.94
Gyro: -2.20, -0.72, -1.63
Accel: -0.16, 0.06, -0.95
Gyro: -3.43, -1.64, -2.18
Accel: -0.16, 0.08, -0.95
Gyro: -3.55, -1.37, -2.02
Accel: -0.16, 0.06, -0.95
Gyro: -2.56, -1.31, -1.44
Accel: -0.17, 0.06, -0.96
Gyro: -2.85, -0.82, -1.49
Accel: -0.17, 0.07, -0.97
Gyro: -2.68, -0.11, -1.62
