Accel: -0.14, -0.13, -0.99
Gyro: -10.62, -0.95, -2.69
Accel: -0.12, -0.08, -0.98
Gyro: -11.84, -1.07, -6.45
Accel: -0.11, -0.04, -0.95
Gyro: -12.25, -1.84, -5.18
Accel: -0.11, -0.04, -0.97
Gyro: -13.10, -1.64, -3.19
Accel: -0.10, -0.04, -0.96
Gyro: -13.48, 0.08, -3.59
Accel: -0.10, -0.03, -0.96
Gyro: -11.76, -0.08, -4.75
Accel: -0.11, -0.01, -0.97
Gyro: -9.51, -0.01, -5.58
Accel: -0.11, -0.00, -0.95
Gyro: -7.97, 0.16, -5.43
Accel: -0.10, -0.00, -0.96
Gyro: -7.68, 0.23, -4.10
Accel: -0.10, 0.00, -0.96
Gyro: -7.03, -0.41, -2.78
Accel: -0.11, -0.00, -0.96
Gyro: -5.73, -0.40, -1.10
Accel: -0.11, -0.02, -0.95
Gyro: -4.14, -0.35, 0.27
Accel: -0.12, -0.02, -0.96
Gyro: -3.55, -1.14, 0.14
Accel: -0.12, -0.01, -0.96
Gyro: -2.47, -1.76, -0.56
Accel: -0.13, -0.02, -0.97
Gyro: -3.01, -1.72, -0.95
Accel: -0.13, 0.00, -0.97
Gyro: -3.23, -1.27, 0.04
Accel: -0.13, -0.01, -0.98
Gyro: -2.33, -1.57, 1.46
Accel: -0.13, -0.02, -0.97
Gyro: -2.89, -0.23, 2.08
Accel: -0.13, -0.02, -0.96
Gyro: -3.02, 0.59, 1.82
Accel: -0.12, -0.03, -0.95
Gyro: -2.94, 0.62, 0.53
Accel: -0.12, -0.03, -0.95
Gyro: -3.69, 0.10, -1.08
Accel: -0.12, -0.02, -0.96
Gyro: -3.95, -0.49, -2.53
Accel: -0.12, -0.03, -0.96
Gyro: -3.48, -2.07, -3.81
Accel: -0.13, -0.02, -0.97
Gyro: -3.40, -2.55, -5.20
Accel: -0.13, -0.02, -0.96
Gyro: -3.81, -1.35, -5.60
Accel: -0.13, -0.02, -0.97
Gyro: -4.89, -0.96, -5.79
Accel: -0.13, -0.02, -0.98
Gyro: -6.86, 0.61, -5.87
Accel: -0.14, -0.03, -1.00
Gyro: -7.93, 3.82, -6.40
Accel: -0.14, -0.05, -1.03
Gyro: -11.73, 10.19, -9.81
Accel: -0.11, -0.03, -0.98
Gyro: -12.20, 12.44, -13.68
Accel: -0.12, -0.06, -0.96
Gyro: -12.14, 11.95, -17.02
Accel: -0.12, -0.10, -0.98
Gyro: -18.16, 14.73, -22.03
Accel: -0.15, -0.20, -1.01
Gyro: -30.78, 19.60, -33.75
Accel: -0.16, -0.26, -1.00
Gyro: -46.93, 27.12, -52.97
Accel: -0.17, -0.31, -1.02
Gyro: -64.36, 36.14, -81.51
Accel: -0.14, -0.08, -0.96
Gyro: -68.99, 44.89, -106.92
Accel: -0.13, 0.05, -0.92
Gyro: -60.12, 47.10, -116.41
Accel: -0.13, 0.11, -0.96
Gyro: -58.88, 49.99, -119.83
Accel: -0.11, 0.22, -0.91
Gyro: -55.17, 51.75, -116.40
Accel: -0.12, 0.32, -1.02
Gyro: -51.61, 60.23, -111.50
Accel: -0.12, 0.44, -1.03
Gyro: -41.46, 74.52, -96.69
Accel: -0.09, 0.45, -1.04
Gyro: -33.10, 92.99, -80.10
Accel: -0.03, 0.49, -1.06
Gyro: -26.10, 105.26, -62.58
Accel: -0.04, 0.55, -1.12
Gyro: -23.74, 127.64, -39.25
Accel: 0.04, 0.48, -0.98
Gyro: -21.88, 153.28, -19.52
Accel: 0.13, 0.56, -0.86
Gyro: -17.56, 158.58, -2.81
Accel: 0.18, 0.60, -0.74
Gyro: -29.16, 160.32, 26.57
Accel: 0.29, 0.57, -0.71
Gyro: -34.20, 151.33, 58.69
Accel: 0.51, 0.49, -0.40
Gyro: -45.72, 120.32, 72.60
Accel: 0.60, 0.45, -0.59
Gyro: -54.82, 90.34, 87.24
Accel: 0.69, 0.43, -0.48
Gyro: -21.89, 74.97, 107.47
Accel: 0.81, 0.39, -0.38
Gyro: -41.24, 50.94, 132.45
Accel: 0.81, 0.36, -0.37
Gyro: -66.06, 24.13, 160.06
Accel: 0.82, 0.35, -0.41
Gyro: -73.49, -8.92, 191.42
Accel: 0.78, 0.15, -0.37
Gyro: -68.10, -29.24, 200.77
Accel: 0.80, -0.02, -0.42
Gyro: -51.38, -51.66, 189.92
Accel: 0.82, -0.16, -0.46
Gyro: -43.91, -71.37, 160.60
Accel: 0.80, -0.17, -0.42
Gyro: -35.99, -94.05, 131.27
Accel: 0.72, -0.14, -0.45
Gyro: -20.93, -118.26, 113.54
Accel: 0.64, -0.17, -0.48
Gyro: -14.41, -134.71, 96.97
Accel: 0.56, -0.15, -0.52
Gyro: -11.34, -155.91, 80.64
Accel: 0.41, -0.08, -0.63
Gyro: -3.58, -173.90, 74.75
Accel: 0.25, -0.13, -0.79
Gyro: 5.58, -174.05, 74.30
Accel: 0.16, -0.19, -0.93
Gyro: -0.41, -168.97, 64.17
Accel: 0.05, -0.31, -0.99
Gyro: -10.09, -157.88, 48.68
Accel: -0.05, -0.40, -1.07
Gyro: -19.62, -139.66, 24.00
Accel: -0.12, -0.46, -1.08
Gyro: -34.19, -117.96, -8.33
Accel: -0.17, -0.35, -1.04
Gyro: -34.03, -100.03, -37.99
Accel: -0.22, -0.28, -0.98
Gyro: -27.63, -88.93, -58.32
Accel: -0.29, -0.25, -1.05
Gyro: -27.30, -76.23, -75.10
Accel: -0.31, -0.11, -1.08
Gyro: -21.77, -58.34, -79.53
Accel: -0.31, -0.13, -1.01
Gyro: -18.63, -43.21, -76.97
Accel: -0.31, -0.05, -0.99
Gyro: -19.80, -35.16, -73.02
Accel: -0.31, -0.04, -0.99
Gyro: -20.24, -26.94, -62.82
Accel: -0.30, -0.07, -0.97
Gyro: -23.10, -19.74, -57.04
Accel: -0.30, -0.06, -0.99
Gyro: -26.19, -13.83, -54.52
Accel: -0.30, -0.09, -0.98
Gyro: -29.31, -6.00, -51.50
Accel: -0.29, -0.08, -1.01
Gyro: -36.73, 2.51, -56.86
Accel: -0.26, 0.04, -0.97
Gyro: -32.53, 6.68, -53.65
Accel: -0.24, 0.09, -0.96
Gyro: -25.29, 9.00, -42.08
Accel: -0.21, 0.09, -0.95
Gyro: -21.04, 10.41, -32.12
Accel: -0.18, 0.10, -0.92
Gyro: -17.96, 8.98, -22.11
Accel: -0.16, 0.09, -0.92
Gyro: -14.43, 5.20, -14.84
Accel: -0.17, 0.06, -0.95
Gyro: -13.65, 1.77, -10.44
Accel: -0.16, 0.07, -0.95
Gyro: -12.06, 1.09, -7.61
Accel: -0.16, 0.07, -0.96
Gyro: -7.15, 1.14, -3.30
Accel: -0.16, 0.03, -0.96
Gyro: -6.31, 1.84, -2.77
Accel: -0.16, 0.04, -0.96
Gyro: -6.14, 2.54, -2.60
Accel: -0.16, 0.03, -0.93
Gyro: -4.38, 2.05, -2.62
Accel: -0.15, 0.02, -0.95
Gyro: -2.44, 1.34, -2.14
Accel: -0.16, 0.01, -0.95
Gyro: -1.84, 0.53, -3.42
Accel: -0.16, 0.01, -0.95
Gyro: -0.62, -0.48, -4.65
Accel: -0.17, 0.02, -0.96
Gyro: 0.63, -0.58, -3.36
Accel: -0.16, 0.01, -0.95
Gyro: -0.08, -1.03, -1.81
Accel: -0.16, -0.00, -0.95
Gyro: -2.13, -1.95, -0.29
Accel: -0.17, -0.00, -0.96
Gyro: -3.20, -1.75, -0.31
Accel: -0.16, -0.01, -0.95
Gyro: -3.10, 0.52, -1.29
Accel: -0.16, -0.01, -0.94
Gyro: -2.96, 0.86, -2.63
Accel: -0.16, -0.00, -0.94
Gyro: -4.10, 1.02, -3.75
Accel: -0.16, -0.01, -0.95
Gyro: -4.94, 0.03, -4.76
Accel: -0.17, -0.01, -0.94
Gyro: -6.34, -0.97, -7.08
