Accel: -0.14, -0.01, -0.97
Gyro: -2.19, 0.53, -1.87
Accel: -0.14, 0.01, -0.97
Gyro: -2.24, 0.76, -1.53
Accel: -0.14, 0.01, -0.95
Gyro: -0.61, 0.19, -0.51
Accel: -0.14, -0.01, -0.95
Gyro: -1.05, -0.46, -0.24
Accel: -0.14, -0.01, -0.96
Gyro: -1.66, -0.24, 0.24
Accel: -0.15, -0.01, -0.95
Gyro: -1.72, 0.30, 0.51
Accel: -0.14, -0.02, -0.96
Gyro: -2.37, 0.73, 0.21
Accel: -0.13, -0.02, -0.95
Gyro: -2.37, -0.25, -0.76
Accel: -0.14, -0.02, -0.96
Gyro: -2.20, -0.53, -1.29
Accel: -0.14, -0.01, -0.96
Gyro: -3.11, -0.64, -2.04
Accel: -0.14, -0.01, -0.95
Gyro: -2.37, -0.27, -1.81
Accel: -0.14, -0.01, -0.96
Gyro: -2.60, -0.18, -2.01
Accel: -0.14, -0.01, -0.96
Gyro: -2.86, 0.14, -2.01
Accel: -0.14, -0.00, -0.96
Gyro: -2.23, 0.25, -2.00
Accel: -0.14, 0.00, -0.96
Gyro: -1.62, 0.11, -1.79
Accel: -0.15, -0.00, -0.96
Gyro: -1.92, -0.02, -1.87
Accel: -0.14, -0.00, -0.96
Gyro: -1.89, -0.15, -1.51
Accel: -0.13, -0.01, -0.96
Gyro: -1.65, -0.36, -1.44
Accel: -0.14, -0.01, -0.96
Gyro: -2.21, -0.19, -1.47
Accel: -0.14, -0.01, -0.95
Gyro: -2.27, -0.46, -1.24
Accel: -0.14, -0.01, -0.95
Gyro: -2.83, -0.51, -1.41
Accel: -0.14, -0.01, -0.95
Gyro: -3.27, -0.88, -1.45
Accel: -0.14, -0.02, -0.96
Gyro: -3.77, -0.82, -1.61
Accel: -0.14, -0.05, -0.96
Gyro: -4.84, -0.43, -3.12
Accel: -0.15, -0.09, -0.98
Gyro: -8.96, 0.44, -9.57
Accel: -0.15, -0.14, -0.97
Gyro: -10.80, 2.65, -21.26
Accel: -0.17, -0.21, -0.99
Gyro: -12.25, 4.68, -42.04
Accel: -0.19, -0.19, -1.02
Gyro: -14.24, 9.70, -68.95
Accel: -0.22, -0.15, -1.07
Gyro: -9.03, 19.25, -88.89
Accel: -0.27, -0.11, -1.17
Gyro: -4.95, 41.68, -109.09
Accel: -0.25, -0.03, -1.14
Gyro: 4.19, 64.30, -122.18
Accel: -0.21, 0.03, -1.08
Gyro: 13.77, 81.36, -125.30
Accel: -0.12, 0.11, -0.99
Gyro: 17.17, 90.34, -120.24
Accel: -0.06, 0.18, -1.05
Gyro: 21.21, 98.24, -101.85
Accel: 0.01, 0.14, -1.00
Gyro: 18.17, 104.29, -79.77
Accel: 0.05, 0.14, -1.02
Gyro: 7.76, 114.78, -59.53
Accel: 0.12, 0.13, -0.94
Gyro: -2.23, 122.29, -37.73
Accel: 0.17, 0.07, -0.87
Gyro: -5.81, 122.86, -17.52
Accel: 0.30, 0.02, -0.80
Gyro: -27.32, 119.64, -8.96
Accel: 0.44, 0.27, -0.61
Gyro: -42.96, 102.18, 20.37
Accel: 0.54, 0.23, -0.66
Gyro: -50.34, 71.80, 72.35
Accel: 0.55, 0.12, -0.71
Gyro: -68.10, 47.00, 107.59
Accel: 0.57, 0.15, -0.73
Gyro: -77.16, 32.39, 133.71
Accel: 0.57, 0.10, -0.70
Gyro: -73.17, 13.62, 157.52
Accel: 0.55, 0.04, -0.71
Gyro: -71.06, -3.31, 170.65
Accel: 0.53, -0.03, -0.69
Gyro: -62.56, -15.92, 172.91
Accel: 0.53, -0.07, -0.71
Gyro: -60.04, -31.72, 170.56
Accel: 0.51, -0.11, -0.72
Gyro: -56.33, -46.54, 162.53
Accel: 0.49, -0.16, -0.68
Gyro: -54.09, -63.44, 151.44
Accel: 0.45, -0.23, -0.65
Gyro: -51.77, -89.09, 131.13
Accel: 0.36, -0.31, -0.69
Gyro: -53.87, -114.29, 98.04
Accel: 0.27, -0.22, -0.74
Gyro: -59.09, -134.40, 64.32
Accel: 0.13, -0.23, -0.82
Gyro: -51.50, -144.68, 34.97
Accel: 0.07, -0.30, -0.94
Gyro: -43.94, -148.58, 0.27
Accel: -0.04, -0.28, -1.03
Gyro: -47.54, -139.78, -41.43
Accel: -0.16, -0.12, -1.07
Gyro: -42.14, -120.57, -65.24
Accel: -0.22, -0.06, -1.04
Gyro: -31.55, -106.18, -79.02
Accel: -0.30, -0.07, -1.06
Gyro: -19.82, -91.38, -92.74
Accel: -0.38, 0.02, -1.15
Gyro: -7.64, -68.56, -101.42
Accel: -0.39, 0.06, -1.13
Gyro: 0.44, -43.53, -97.40
Accel: -0.37, 0.09, -1.06
Gyro: -2.14, -26.95, -87.15
Accel: -0.36, 0.11, -1.00
Gyro: -2.40, -15.48, -71.27
Accel: -0.35, 0.09, -1.01
Gyro: 0.27, -10.79, -54.42
Accel: -0.34, 0.12, -1.04
Gyro: 7.06, 4.37, -39.92
Accel: -0.28, 0.07, -0.97
Gyro: -0.05, 13.55, -23.45
Accel: -0.26, 0.06, -0.89
Gyro: -2.80, 10.80, -11.60
Accel: -0.25, 0.03, -0.91
Gyro: -7.18, 8.87, -4.33
Accel: -0.23, 0.01, -0.91
Gyro: -12.48, 5.49, -1.69
Accel: -0.23, 0.01, -0.93
Gyro: -6.58, 1.14, -1.47
Accel: -0.23, 0.01, -0.94
Gyro: -3.73, 0.31, -1.83
Accel: -0.22, 0.01, -0.95
Gyro: -2.26, 0.67, -2.46
Accel: -0.23, 0.01, -0.95
Gyro: 1.11, 1.37, -0.72
Accel: -0.22, -0.01, -0.97
Gyro: -1.74, 2.69, 0.95
Accel: -0.21, -0.02, -0.95
Gyro: -4.38, 2.13, 0.66
Accel: -0.21, -0.02, -0.96
Gyro: -2.62, 2.53, 0.60
Accel: -0.21, -0.04, -0.96
Gyro: -5.20, 4.06, -0.71
Accel: -0.20, -0.05, -0.96
Gyro: -8.67, 6.13, -3.06
Accel: -0.19, -0.03, -0.93
Gyro: -9.09, 5.82, -5.40
Accel: -0.18, -0.01, -0.94
Gyro: -7.55, 4.17, -6.49
Accel: -0.18, 0.00, -0.93
Gyro: -5.98, 2.20, -7.26
Accel: -0.18, 0.01, -0.93
Gyro: -3.62, 0.62, -6.16
Accel: -0.18, -0.00, -0.94
Gyro: -4.39, -1.02, -5.78
Accel: -0.19, 0.01, -0.94
Gyro: -5.00, -2.19, -5.36
Accel: -0.20, 0.01, -0.95
Gyro: -2.53, -3.11, -4.97
Accel: -0.21, 0.00, -0.93
Gyro: -2.94, -2.81, -4.68
Accel: -0.21, -0.00, -0.95
Gyro: -2.20, -2.88, -4.91
Accel: -0.21, -0.00, -0.95
Gyro: -2.12, -3.07, -4.30
Accel: -0.20, 0.01, -0.95
Gyro: -1.50, -2.99, -3.97
Accel: -0.22, -0.01, -0.95
Gyro: -2.85, -2.69, -4.04
Accel: -0.22, 0.01, -0.95
Gyro: -3.14, -1.52, -3.67
Accel: -0.21, -0.00, -0.96
Gyro: -3.42, -0.97, -3.68
Accel: -0.21, 0.01, -0.96
Gyro: -3.56, 0.21, -3.68
Accel: -0.21, 0.00, -0.95
Gyro: -3.49, 1.45, -3.16
Accel: -0.21, -0.00, -0.95
Gyro: -4.16, 2.12, -4.01
Accel: -0.22, 0.01, -0.94
Gyro: -4.50, 0.97, -3.07
Accel: -0.20, 0.01, -0.94
Gyro: -4.14, 0.95, -3.29
Accel: -0.20, 0.01, -0.95
Gyro: -1.56, -0.31, -3.35
Accel: -0.21, 0.01, -0.95
Gyro: -3.75, 1.88, -2.37
Accel: -0.19, 0.01, -0.94
Gyro: -1.72, 1.17, -1.82
Accel: -0.19, 0.00, -0.94
Gyro: -2.31, 0.76, -1.88
Accel: -0.19, 0.00, -0.95
Gyro: -1.89, -0.51, -1.79
