Accel: -0.11, -0.06, -0.92
Gyro: 3.64, 2.70, -4.17
Accel: -0.12, -0.06, -0.92
Gyro: 4.27, 0.65, -4.36
Accel: -0.13, -0.06, -0.91
Gyro: 3.92, -1.91, -4.33
Accel: -0.15, -0.08, -0.89
Gyro: 3.77, -5.81, -4.25
Accel: -0.16, -0.08, -0.92
Gyro: 2.58, -9.09, -4.84
Accel: -0.19, -0.08, -0.94
Gyro: 1.91, -10.90, -5.07
Accel: -0.21, -0.09, -0.97
Gyro: 0.88, -9.86, -4.56
Accel: -0.22, -0.10, -0.99
Gyro: -0.73, -6.77, -4.61
Accel: -0.22, -0.10, -0.99
Gyro: -2.44, -3.85, -4.59
Accel: -0.20, -0.12, -0.96
Gyro: -5.25, -1.73, -4.44
Accel: -0.19, -0.15, -0.95
Gyro: -10.89, -1.59, -7.39
Accel: -0.18, -0.17, -0.94
Gyro: -17.74, -2.46, -12.71
Accel: -0.18, -0.17, -0.94
Gyro: -26.15, -2.69, -18.91
Accel: -0.18, -0.22, -0.93
Gyro: -35.61, -3.54, -27.31
Accel: -0.18, -0.22, -0.93
Gyro: -46.33, -3.07, -41.34
Accel: -0.20, -0.29, -0.93
Gyro: -52.91, -3.43, -65.41
Accel: -0.22, -0.22, -0.92
Gyro: -51.99, -4.19, -93.20
Accel: -0.27, -0.15, -0.95
Gyro: -54.91, -1.79, -111.55
Accel: -0.34, -0.01, -1.04
Gyro: -63.30, 11.00, -119.81
Accel: -0.35, 0.18, -1.05
Gyro: -60.21, 29.58, -114.54
Accel: -0.35, 0.23, -1.09
Gyro: -49.71, 47.58, -103.20
Accel: -0.35, 0.27, -1.17
Gyro: -42.34, 76.72, -91.56
Accel: -0.23, 0.28, -1.00
Gyro: -28.62, 86.24, -80.41
Accel: -0.25, 0.39, -1.25
Gyro: -19.77, 110.13, -63.77
Accel: -0.14, 0.40, -0.97
Gyro: -12.29, 134.53, -40.15
Accel: 0.02, 0.43, -0.79
Gyro: -6.51, 126.40, -13.76
Accel: 0.08, 0.51, -0.90
Gyro: -6.10, 117.97, 23.25
Accel: 0.17, 0.46, -0.81
Gyro: -12.49, 111.04, 67.92
Accel: 0.21, 0.38, -0.80
Gyro: -21.77, 101.14, 102.06
Accel: 0.25, 0.42, -0.76
Gyro: -18.70, 86.65, 131.84
Accel: 0.32, 0.28, -0.76
Gyro: -21.71, 74.58, 161.79
Accel: 0.40, 0.21, -0.67
Gyro: -31.17, 50.62, 173.76
Accel: 0.43, 0.06, -0.69
Gyro: -35.91, 29.88, 185.44
Accel: 0.43, 0.05, -0.74
Gyro: -42.16, 9.47, 192.44
Accel: 0.47, -0.14, -0.69
Gyro: -48.34, -7.88, 179.73
Accel: 0.47, -0.11, -0.64
Gyro: -46.14, -35.58, 163.25
Accel: 0.44, -0.19, -0.61
Gyro: -36.19, -68.96, 151.52
Accel: 0.40, -0.39, -0.60
Gyro: -41.99, -102.07, 119.83
Accel: 0.31, -0.18, -0.70
Gyro: -51.37, -125.66, 86.36
Accel: 0.21, -0.22, -0.79
Gyro: -43.52, -136.09, 66.70
Accel: 0.15, -0.39, -0.99
Gyro: -39.33, -139.52, 20.25
Accel: 0.04, -0.37, -1.00
Gyro: -37.80, -131.79, -38.08
Accel: -0.08, -0.23, -1.09
Gyro: -26.15, -113.77, -76.11
Accel: -0.18, -0.37, -1.08
Gyro: -32.33, -96.14, -113.47
Accel: -0.27, 0.08, -1.08
Gyro: -34.98, -75.12, -133.54
Accel: -0.26, 0.10, -1.06
Gyro: -21.74, -55.24, -114.09
Accel: -0.28, 0.12, -1.06
Gyro: -13.60, -44.84, -111.01
Accel: -0.27, 0.18, -1.02
Gyro: -9.35, -35.44, -99.15
Accel: -0.28, 0.18, -1.03
Gyro: -6.38, -26.66, -77.19
Accel: -0.27, 0.14, -1.03
Gyro: -7.96, -17.40, -62.99
Accel: -0.29, 0.14, -1.05
Gyro: -1.74, -6.43, -51.60
Accel: -0.29, 0.05, -1.06
Gyro: 4.46, 7.69, -47.68
Accel: -0.26, 0.09, -1.00
Gyro: 5.46, 16.99, -43.29
Accel: -0.20, 0.11, -0.93
Gyro: 2.72, 17.14, -31.39
Accel: -0.18, 0.09, -0.91
Gyro: -0.68, 13.92, -19.65
Accel: -0.17, 0.06, -0.90
Gyro: -3.65, 9.23, -11.53
Accel: -0.16, 0.04, -0.91
Gyro: -6.45, 3.88, -6.37
Accel: -0.16, 0.04, -0.94
Gyro: -9.64, 1.95, -3.60
Accel: -0.16, 0.04, -0.96
Gyro: -9.01, 1.16, -0.87
Accel: -0.16, 0.06, -0.96
Gyro: -8.82, 1.88, 0.48
Accel: -0.15, 0.07, -0.95
Gyro: -6.51, 1.89, 3.00
Accel: -0.15, 0.05, -0.95
Gyro: -6.23, 0.11, 3.87
Accel: -0.15, 0.06, -0.96
Gyro: -5.55, -0.88, 3.45
Accel: -0.15, 0.06, -0.98
Gyro: -3.64, -0.34, 3.43
Accel: -0.14, 0.06, -0.97
Gyro: -1.63, 0.84, 2.41
Accel: -0.15, 0.07, -0.98
Gyro: 2.32, 2.81, 0.37
Accel: -0.13, 0.05, -0.96
Gyro: 7.70, 2.56, -2.05
Accel: -0.13, 0.01, -0.97
Gyro: 4.84, 2.94, -4.67
Accel: -0.12, 0.05, -0.96
Gyro: 3.93, 3.40, -2.14
Accel: -0.13, 0.03, -0.94
Gyro: 4.52, 1.61, 1.34
Accel: -0.14, 0.00, -0.93
Gyro: 1.86, -0.41, 1.35
Accel: -0.13, 0.02, -0.94
Gyro: 1.34, -1.14, 1.16
Accel: -0.15, 0.02, -0.95
Gyro: 2.75, -1.55, 1.37
Accel: -0.15, 0.01, -0.96
Gyro: 2.50, -1.21, 1.45
Accel: -0.16, 0.00, -0.95
Gyro: 2.81, -1.03, 2.38
Accel: -0.14, -0.00, -0.95
Gyro: 2.75, -1.49, 2.98
Accel: -0.15, -0.01, -0.95
Gyro: 2.14, -2.48, 3.07
Accel: -0.15, -0.02, -0.95
Gyro: 1.30, -2.72, 2.84
Accel: -0.17, -0.03, -0.96
Gyro: -0.29, -2.68, 1.16
Accel: -0.16, -0.01, -0.96
Gyro: -0.81, -2.01, 0.40
Accel: -0.16, -0.03, -0.98
Gyro: -2.24, -0.09, -0.37
Accel: -0.16, 0.00, -0.97
Gyro: -3.62, 1.63, -1.10
Accel: -0.14, 0.00, -0.97
Gyro: -2.64, 2.00, -0.21
Accel: -0.15, -0.01, -0.96
Gyro: -3.52, 1.80, -1.02
Accel: -0.14, 0.01, -0.96
Gyro: -3.81, 1.93, -2.01
Accel: -0.14, 0.02, -0.96
Gyro: -3.03, 1.73, -2.20
Accel: -0.13, 0.01, -0.95
Gyro: -2.27, 1.26, -1.93
Accel: -0.13, 0.01, -0.95
Gyro: -2.40, 0.37, -1.43
Accel: -0.14, 0.01, -0.95
Gyro: -2.40, -0.66, -1.07
Accel: -0.14, 0.01, -0.95
Gyro: -2.98, -1.03, -0.92
Accel: -0.14, 0.02, -0.96
Gyro: -1.88, -0.46, -0.14
Accel: -0.14, 0.01, -0.96
Gyro: -1.30, -0.31, 0.68
Accel: -0.14, 0.01, -0.96
Gyro: -1.78, 0.25, 0.92
Accel: -0.14, 0.01, -0.96
Gyro: -1.91, 1.33, 1.10
Accel: -0.14, 0.01, -0.97
Gyro: -1.70, 2.17, 1.43
Accel: -0.14, 0.00, -0.96
Gyro: -1.43, 2.15, 1.22
Accel: -0.14, 0.00, -0.96
Gyro: -0.56, 1.55, 1.51
Accel: -0.13, -0.01, -0.95
Gyro: -0.56, 1.12, 1.35
Accel: -0.14, -0.01, -0.95
Gyro: -1.15, 0.46, 0.84
Accel: -0.14, -0.01, -0.95
Gyro: -1.46, -0.40, 0.49
Accel: -0.13, -0.01, -0.96
Gyro: -1.99, -0.79, -0.29
