Accel: -0.23, 0.08, -0.89
Gyro: -12.40, 5.86, -29.42
Accel: -0.25, 0.08, -0.91
Gyro: -12.94, 3.35, -29.30
Accel: -0.25, 0.09, -0.93
Gyro: -13.06, 2.44, -30.30
Accel: -0.25, 0.14, -0.93
Gyro: -9.09, 2.72, -29.46
Accel: -0.25, 0.15, -0.92
Gyro: -3.50, 1.79, -23.09
Accel: -0.25, 0.11, -0.95
Gyro: -2.73, 2.27, -16.64
Accel: -0.24, 0.10, -0.96
Gyro: -4.46, 4.12, -12.74
Accel: -0.23, 0.11, -0.95
Gyro: -3.72, 4.75, -8.93
Accel: -0.22, 0.10, -0.92
Gyro: -0.47, 2.97, -4.54
Accel: -0.23, 0.08, -0.92
Gyro: 3.44, -0.87, -0.51
Accel: -0.23, 0.05, -0.95
Gyro: 2.39, -2.29, 2.05
Accel: -0.23, 0.03, -0.97
Gyro: 0.47, -0.40, 3.56
Accel: -0.24, -0.01, -0.96
Gyro: -1.04, 2.19, 4.12
Accel: -0.23, -0.08, -0.95
Gyro: -6.42, 3.30, -2.82
Accel: -0.21, -0.10, -0.92
Gyro: -10.44, 3.44, -14.22
Accel: -0.20, -0.15, -0.92
Gyro: -12.08, 1.14, -32.49
Accel: -0.21, -0.14, -0.90
Gyro: -10.44, -2.13, -59.00
Accel: -0.24, -0.08, -0.90
Gyro: -8.03, -5.53, -80.41
Accel: -0.27, -0.14, -0.94
Gyro: -9.45, -7.03, -98.46
Accel: -0.32, -0.02, -0.99
Gyro: -12.60, -1.53, -114.53
Accel: -0.33, 0.02, -0.98
Gyro: -7.74, 2.88, -117.73
Accel: -0.38, 0.01, -1.07
Gyro: -8.35, 15.42, -119.93
Accel: -0.40, 0.07, -1.13
Gyro: -6.81, 34.95, -116.98
Accel: -0.40, 0.08, -1.16
Gyro: -2.96, 53.66, -111.56
Accel: -0.35, 0.13, -1.09
Gyro: -4.28, 76.07, -98.33
Accel: -0.28, 0.16, -1.14
Gyro: 0.08, 87.47, -79.70
Accel: -0.29, 0.11, -1.20
Gyro: 1.77, 121.70, -62.07
Accel: -0.18, 0.05, -1.02
Gyro: 1.34, 133.27, -53.91
Accel: -0.14, 0.10, -1.07
Gyro: -5.39, 149.05, -43.05
Accel: -0.09, 0.10, -0.98
Gyro: -13.59, 170.36, -25.22
Accel: 0.13, 0.10, -0.67
Gyro: -17.82, 157.62, -6.74
Accel: 0.26, 0.16, -0.69
Gyro: -29.43, 134.38, 19.61
Accel: 0.42, 0.15, -0.66
Gyro: -37.52, 102.79, 47.58
Accel: 0.49, 0.10, -0.66
Gyro: -51.33, 75.24, 69.78
Accel: 0.51, 0.13, -0.76
Gyro: -57.66, 60.63, 96.01
Accel: 0.55, 0.07, -0.73
Gyro: -61.55, 45.39, 111.88
Accel: 0.58, 0.11, -0.74
Gyro: -67.21, 29.98, 125.43
Accel: 0.57, 0.06, -0.71
Gyro: -68.21, 18.59, 143.74
Accel: 0.58, 0.01, -0.68
Gyro: -62.52, 3.40, 152.73
Accel: 0.57, -0.00, -0.67
Gyro: -54.38, -9.92, 156.22
Accel: 0.57, -0.10, -0.70
Gyro: -47.37, -27.79, 154.11
Accel: 0.54, -0.08, -0.69
Gyro: -49.10, -44.94, 149.59
Accel: 0.51, -0.21, -0.71
Gyro: -54.12, -62.09, 138.65
Accel: 0.46, -0.11, -0.67
Gyro: -60.25, -81.55, 121.32
Accel: 0.38, -0.12, -0.72
Gyro: -52.31, -99.88, 112.66
Accel: 0.30, -0.15, -0.82
Gyro: -50.08, -112.50, 95.55
Accel: 0.23, -0.13, -0.89
Gyro: -45.90, -116.71, 80.96
Accel: 0.17, -0.19, -0.96
Gyro: -40.21, -115.76, 61.29
Accel: 0.09, -0.25, -0.97
Gyro: -34.36, -110.76, 34.56
Accel: 0.04, -0.29, -1.00
Gyro: -31.78, -103.95, -1.49
Accel: -0.03, -0.29, -0.96
Gyro: -30.63, -99.15, -40.13
Accel: -0.13, -0.20, -0.96
Gyro: -28.80, -94.85, -74.36
Accel: -0.21, -0.07, -1.01
Gyro: -21.75, -85.69, -89.94
Accel: -0.28, -0.09, -1.02
Gyro: -18.51, -76.07, -103.99
Accel: -0.34, 0.03, -1.07
Gyro: -11.44, -61.71, -107.60
Accel: -0.34, 0.09, -1.05
Gyro: -7.87, -46.36, -97.89
Accel: -0.33, 0.10, -0.99
Gyro: -5.62, -38.19, -84.03
Accel: -0.33, 0.14, -1.02
Gyro: -3.90, -32.02, -63.99
Accel: -0.35, 0.12, -1.03
Gyro: -5.44, -21.64, -44.56
Accel: -0.34, 0.11, -0.97
Gyro: -7.39, -13.82, -26.76
Accel: -0.31, 0.09, -0.97
Gyro: -10.28, -7.31, -12.76
Accel: -0.31, 0.07, -0.96
Gyro: -10.91, -2.77, -4.06
Accel: -0.28, 0.04, -0.95
Gyro: -10.89, -1.02, -0.31
Accel: -0.28, 0.03, -0.93
Gyro: -8.03, 0.08, -0.06
Accel: -0.28, 0.04, -0.95
Gyro: -4.45, 0.29, -0.08
Accel: -0.27, 0.02, -0.93
Gyro: 1.77, 0.81, -1.25
Accel: -0.26, 0.01, -0.94
Gyro: -0.06, 1.58, -1.84
Accel: -0.26, 0.01, -0.93
Gyro: 1.12, 1.43, -1.16
Accel: -0.25, -0.00, -0.94
Gyro: -0.87, 1.97, -1.05
Accel: -0.25, -0.01, -0.95
Gyro: -1.66, 3.22, -1.41
Accel: -0.25, -0.01, -0.96
Gyro: -3.10, 5.33, -3.53
Accel: -0.24, 0.00, -0.93
Gyro: -1.76, 6.12, -3.43
Accel: -0.23, -0.01, -0.94
Gyro: -2.66, 4.98, -3.75
Accel: -0.23, 0.00, -0.93
Gyro: -3.59, 4.12, -3.43
Accel: -0.23, 0.01, -0.93
Gyro: -2.77, 3.23, -2.94
Accel: -0.23, -0.01, -0.93
Gyro: -1.82, 3.08, -2.64
Accel: -0.23, -0.00, -0.93
Gyro: -1.80, 2.40, -3.19
Accel: -0.22, 0.00, -0.93
Gyro: -1.30, 1.56, -2.74
Accel: -0.23, 0.00, -0.94
Gyro: -1.37, 0.95, -2.76
Accel: -0.24, 0.00, -0.94
Gyro: -1.83, 1.34, -1.75
Accel: -0.23, -0.01, -0.94
Gyro: -1.85, 0.89, -1.50
Accel: -0.24, -0.01, -0.94
Gyro: -1.75, 0.57, -2.06
Accel: -0.25, -0.03, -0.95
Gyro: -3.11, 1.91, -3.68
Accel: -0.24, -0.00, -0.94
Gyro: -2.66, 2.65, -4.75
Accel: -0.23, -0.01, -0.93
Gyro: -2.35, 2.60, -4.65
Accel: -0.23, -0.01, -0.94
Gyro: -1.66, 2.21, -4.00
Accel: -0.24, -0.00, -0.94
Gyro: -1.87, 2.14, -3.52
Accel: -0.21, 0.00, -0.95
Gyro: -3.61, 2.39, -3.64
Accel: -0.22, -0.01, -0.93
Gyro: -2.09, 2.69, -3.17
Accel: -0.23, -0.00, -0.94
Gyro: -3.03, 2.99, -3.00
Accel: -0.22, 0.00, -0.95
Gyro: -3.84, 2.42, -2.80
Accel: -0.22, -0.00, -0.95
Gyro: -3.52, 2.68, -2.32
Accel: -0.21, -0.01, -0.95
Gyro: -4.22, 2.91, -2.49
Accel: -0.21, 0.01, -0.96
Gyro: -4.91, 3.44, -3.81
Accel: -0.21, 0.01, -0.94
Gyro: -2.92, 3.40, -2.89
Accel: -0.21, 0.00, -0.95
Gyro: -2.52, 3.31, -2.96
Accel: -0.21, 0.01, -0.95
Gyro: -3.04, 3.53, -2.79
Accel: -0.20, 0.01, -0.94
Gyro: -2.30, 3.40, -2.13
Accel: -0.20, 0.01, -0.95
Gyro: -2.01, 3.47, -1.24
Accel: -0.18, 0.00, -0.93
Gyro: -3.04, 2.47, -0.53
Accel: -0.19, 0.00, -0.94
Gyro: -0.55, 0.48, -0.36
