Accel: 0.03, 0.11, -0.95
Gyro: -2.46, 0.10, -0.92
Accel: 0.03, 0.11, -0.95
Gyro: -2.30, 0.48, -1.04
Accel: 0.03, 0.11, -0.95
Gyro: -2.09, 0.07, -0.63
Accel: 0.03, 0.10, -0.95
Gyro: -3.58, -0.17, -1.19
Accel: 0.03, 0.11, -0.95
Gyro: -3.18, -0.03, -0.92
Accel: 0.04, 0.10, -0.95
Gyro: -3.36, -0.38, -1.24
Accel: 0.03, 0.12, -0.96
Gyro: -2.93, -0.27, -1.41
Accel: 0.03, 0.12, -0.95
Gyro: -2.15, -0.54, -1.19
Accel: 0.03, 0.11, -0.94
Gyro: -1.63, -0.70, -1.01
Accel: 0.04, 0.11, -0.94
Gyro: -1.70, -0.78, -0.58
Accel: 0.03, 0.11, -0.95
Gyro: -1.79, -0.78, -0.37
Accel: 0.03, 0.11, -0.95
Gyro: -1.97, -0.65, -0.36
Accel: 0.03, 0.11, -0.95
Gyro: -1.98, -1.05, 0.18
Accel: 0.03, 0.11, -0.97
Gyro: -2.18, -0.75, 0.28
Accel: 0.01, 0.12, -0.97
Gyro: -2.43, 1.46, 0.89
Accel: 0.00, 0.13, -1.00
Gyro: -2.49, 5.81, 2.35
Accel: 0.01, 0.12, -0.99
Gyro: -2.11, 9.96, 4.13
Accel: 0.00, 0.12, -1.01
Gyro: -2.79, 12.05, 5.76
Accel: -0.01, 0.13, -1.07
Gyro: -3.62, 22.35, 7.41
Accel: -0.02, 0.14, -1.11
Gyro: -4.58, 37.02, 8.95
Accel: -0.03, 0.13, -1.13
Gyro: -5.20, 59.04, 11.34
Accel: -0.02, 0.13, -1.16
Gyro: -5.40, 83.26, 12.81
Accel: 0.03, 0.12, -1.06
Gyro: -5.04, 109.66, 13.16
Accel: 0.11, 0.11, -0.94
Gyro: -1.52, 122.38, 12.79
Accel: 0.26, 0.07, -0.78
Gyro: 1.49, 118.39, 10.54
Accel: 0.39, 0.06, -0.69
Gyro: 2.76, 99.27, 4.65
Accel: 0.45, 0.06, -0.69
Gyro: 3.07, 74.46, 0.28
Accel: 0.48, 0.07, -0.72
Gyro: -1.34, 61.39, -3.10
Accel: 0.49, 0.07, -0.76
Gyro: -3.05, 48.78, -5.18
Accel: 0.52, 0.07, -0.76
Gyro: -7.95, 43.04, -7.45
Accel: 0.55, 0.08, -0.73
Gyro: -11.14, 34.32, -9.27
Accel: 0.57, 0.11, -0.73
Gyro: -14.79, 26.18, -9.22
Accel: 0.59, 0.13, -0.72
Gyro: -12.59, 20.00, -8.48
Accel: 0.61, 0.15, -0.71
Gyro: -7.27, 12.46, -6.23
Accel: 0.62, 0.15, -0.71
Gyro: -3.47, 4.07, -3.75
Accel: 0.61, 0.15, -0.74
Gyro: -2.74, -1.59, -1.06
Accel: 0.61, 0.12, -0.74
Gyro: -2.68, -6.39, 0.20
Accel: 0.59, 0.12, -0.75
Gyro: -3.78, -9.41, -0.01
Accel: 0.59, 0.13, -0.74
Gyro: -4.57, -12.63, -0.53
Accel: 0.57, 0.13, -0.76
Gyro: -4.93, -15.63, -1.01
Accel: 0.56, 0.14, -0.78
Gyro: -4.94, -18.32, -1.64
Accel: 0.56, 0.15, -0.75
Gyro: -4.04, -21.68, -2.60
Accel: 0.54, 0.15, -0.77
Gyro: -1.88, -25.38, -2.42
Accel: 0.52, 0.14, -0.77
Gyro: -0.11, -30.10, -2.66
Accel: 0.50, 0.15, -0.78
Gyro: 2.94, -36.14, -2.04
Accel: 0.49, 0.14, -0.76
Gyro: 3.82, -42.37, -1.70
Accel: 0.46, 0.14, -0.77
Gyro: 3.71, -50.72, -1.33
Accel: 0.43, 0.12, -0.79
Gyro: 3.59, -57.88, -1.54
Accel: 0.39, 0.11, -0.80
Gyro: 3.74, -66.46, -2.89
Accel: 0.34, 0.11, -0.84
Gyro: 1.65, -70.47, -4.76
Accel: 0.31, 0.09, -0.84
Gyro: 0.69, -74.30, -6.23
Accel: 0.24, 0.08, -0.88
Gyro: -0.89, -80.22, -8.02
Accel: 0.17, 0.09, -0.94
Gyro: -3.22, -82.14, -9.19
Accel: 0.12, 0.11, -1.01
Gyro: -7.13, -73.27, -10.63
Accel: 0.05, 0.16, -1.00
Gyro: 3.23, -60.70, -9.80
Accel: 0.06, 0.14, -1.05
Gyro: -1.44, -46.26, -10.42
Accel: 0.04, 0.14, -1.04
Gyro: -0.97, -34.53, -9.67
Accel: 0.05, 0.14, -1.01
Gyro: -1.96, -26.39, -9.09
Accel: 0.05, 0.15, -0.96
Gyro: -1.69, -23.51, -7.25
Accel: 0.05, 0.15, -0.95
Gyro: -1.43, -22.69, -5.52
Accel: 0.04, 0.15, -0.96
Gyro: 0.54, -21.37, -3.89
Accel: 0.03, 0.14, -0.96
Gyro: 0.61, -19.54, -2.36
Accel: 0.02, 0.13, -0.99
Gyro: -0.29, -16.11, -1.72
Accel: 0.01, 0.12, -1.00
Gyro: -1.17, -10.43, -1.18
Accel: 0.01, 0.12, -0.99
Gyro: -2.26, -5.65, -2.00
Accel: 0.00, 0.12, -0.96
Gyro: -1.85, -4.77, -2.74
Accel: 0.00, 0.12, -0.97
Gyro: -1.73, -3.68, -3.20
Accel: 0.01, 0.12, -0.98
Gyro: -1.29, -1.05, -3.33
Accel: 0.01, 0.13, -0.96
Gyro: -1.72, 0.05, -3.12
Accel: 0.01, 0.13, -0.97
Gyro: -1.46, 0.72, -2.57
Accel: 0.01, 0.14, -0.96
Gyro: -2.00, 1.82, -1.67
Accel: 0.03, 0.13, -0.95
Gyro: -2.21, 3.19, -1.17
Accel: 0.03, 0.13, -0.94
Gyro: -1.56, 3.04, -1.15
Accel: 0.03, 0.13, -0.93
Gyro: -0.85, 1.04, -0.92
Accel: 0.03, 0.12, -0.94
Gyro: -0.54, -0.13, -0.88
Accel: 0.02, 0.12, -0.95
Gyro: -0.52, -0.60, -0.83
Accel: 0.03, 0.12, -0.95
Gyro: -0.81, -0.89, -0.75
Accel: 0.02, 0.12, -0.94
Gyro: -0.72, -0.75, -0.50
Accel: 0.02, 0.11, -0.95
Gyro: -1.26, -0.19, -0.50
Accel: 0.02, 0.12, -0.96
Gyro: -1.78, 0.19, -0.50
Accel: 0.03, 0.12, -0.96
Gyro: -1.34, 0.77, -0.90
Accel: 0.03, 0.11, -0.95
Gyro: -0.94, 0.66, -0.63
Accel: 0.03, 0.11, -0.95
Gyro: -1.63, 0.47, -1.40
Accel: 0.03, 0.12, -0.96
Gyro: -1.36, 0.82, -1.03
Accel: 0.03, 0.11, -0.94
Gyro: -1.24, 1.23, -0.74
Accel: 0.03, 0.11, -0.94
Gyro: -1.51, 0.54, -0.96
Accel: 0.03, 0.11, -0.96
Gyro: -1.31, 0.51, -1.09
Accel: 0.04, 0.11, -0.94
Gyro: -1.82, 0.54, -1.21
Accel: 0.04, 0.12, -0.95
Gyro: -2.01, -0.37, -1.43
Accel: 0.03, 0.11, -0.95
Gyro: -2.07, -0.09, -1.41
Accel: 0.04, 0.11, -0.96
Gyro: -1.56, 0.38, -1.08
Accel: 0.04, 0.11, -0.94
Gyro: -2.23, -0.12, -1.46
Accel: 0.03, 0.11, -0.95
Gyro: -2.41, -0.43, -1.32
Accel: 0.03, 0.11, -0.95
Gyro: -2.30, 0.50, -1.27
Accel: 0.03, 0.11, -0.95
Gyro: -2.23, 0.83, -1.62
Accel: 0.03, 0.12, -0.96
Gyro: -1.56, 1.00, -1.40
Accel: 0.04, 0.12, -0.95
Gyro: -1.63, 0.72, -1.08
Accel: 0.04, 0.11, -0.95
Gyro: -2.06, 0.60, -1.11
Accel: 0.04, 0.11, -0.95
Gyro: -2.53, 0.23, -1.36
Accel: 0.04, 0.11, -0.96
Gyro: -2.67, -0.17, -1.46
Accel: 0.04, 0.12, -0.95
Gyro: -2.53, -0.50, -1.92
