Accel: 0.04, 0.09, -0.94
Gyro: -1.27, -0.39, -1.85
Accel: 0.03, 0.09, -0.95
Gyro: -1.27, -0.28, -1.95
Accel: 0.03, 0.09, -0.95
Gyro: -0.83, -0.11, -1.75
Accel: 0.03, 0.09, -0.96
Gyro: -1.56, -0.14, -1.64
Accel: 0.04, 0.08, -0.97
Gyro: -1.99, -0.14, -1.64
Accel: 0.04, 0.08, -0.94
Gyro: -2.28, 0.04, -1.49
Accel: 0.05, 0.09, -0.95
Gyro: -2.46, -0.82, -1.24
Accel: 0.04, 0.09, -0.96
Gyro: -2.39, -0.83, -1.37
Accel: 0.05, 0.09, -0.95
Gyro: -1.70, -0.22, -1.48
Accel: 0.04, 0.08, -0.94
Gyro: -2.08, -1.38, -2.04
Accel: 0.03, 0.09, -0.96
Gyro: -2.29, -2.04, -2.35
Accel: 0.03, 0.08, -0.95
Gyro: -2.33, -1.91, -2.27
Accel: 0.03, 0.09, -0.97
Gyro: -2.73, -1.30, -2.29
Accel: 0.03, 0.10, -0.96
Gyro: -2.91, -0.98, -1.97
Accel: 0.03, 0.09, -0.96
Gyro: -2.87, -0.44, -1.79
Accel: 0.04, 0.09, -0.96
Gyro: -2.79, -0.12, -1.84
Accel: 0.03, 0.08, -0.95
Gyro: -2.58, -0.82, -2.11
Accel: 0.04, 0.09, -0.96
Gyro: -2.72, -0.96, -2.46
Accel: 0.04, 0.09, -0.96
Gyro: -2.16, -0.82, -2.43
Accel: 0.03, 0.09, -0.95
Gyro: -2.77, -1.11, -2.33
Accel: 0.03, 0.10, -0.95
Gyro: -2.90, -1.37, -2.15
Accel: 0.04, 0.10, -0.96
Gyro: -2.91, -1.23, -2.17
Accel: 0.03, 0.09, -0.96
Gyro: -2.40, -1.15, -1.96
Accel: 0.04, 0.09, -0.95
Gyro: -2.11, -0.72, -1.69
Accel: 0.03, 0.09, -0.95
Gyro: -2.12, -0.85, -1.53
Accel: 0.04, 0.08, -0.95
Gyro: -2.27, -1.08, -1.32
Accel: 0.03, 0.09, -0.96
Gyro: -2.73, -1.00, -1.53
Accel: 0.04, 0.09, -0.94
Gyro: -2.67, -1.17, -1.83
Accel: 0.03, 0.10, -0.95
Gyro: -2.56, -1.31, -1.79
Accel: 0.03, 0.10, -0.95
Gyro: -2.37, -1.15, -1.65
Accel: 0.03, 0.10, -0.96
Gyro: -2.11, -0.96, -1.11
Accel: 0.04, 0.09, -0.95
Gyro: -1.79, -0.90, -0.88
Accel: 0.02, 0.09, -0.95
Gyro: -1.85, -1.29, -1.02
Accel: 0.03, 0.09, -0.95
Gyro: -1.56, -1.24, -1.24
Accel: 0.03, 0.09, -0.95
Gyro: -1.82, -0.58, -1.28
Accel: 0.03, 0.09, -0.95
Gyro: -1.99, -0.91, -1.28
Accel: 0.03, 0.10, -0.95
Gyro: -1.82, -1.29, -0.71
Accel: 0.03, 0.09, -0.96
Gyro: -1.96, -1.08, -0.57
Accel: 0.03, 0.09, -0.95
Gyro: -1.86, -0.95, -0.58
Accel: 0.02, 0.08, -0.95
Gyro: -1.79, -0.31, -0.93
Accel: 0.03, 0.09, -0.95
Gyro: -1.79, -0.36, -1.40
Accel: 0.03, 0.10, -0.95
Gyro: -1.82, -0.42, -1.40
Accel: 0.03, 0.10, -0.96
Gyro: -0.80, -0.72, -0.63
Accel: 0.02, 0.09, -0.98
Gyro: -1.46, 0.85, 0.18
Accel: 0.03, 0.09, -0.96
Gyro: -1.84, 1.97, 0.27
Accel: 0.02, 0.09, -0.97
Gyro: -1.57, 2.35, 0.10
Accel: -0.00, 0.09, -1.04
Gyro: -2.40, 9.54, 0.19
Accel: -0.01, 0.10, -1.06
Gyro: -3.15, 19.62, 0.83
Accel: -0.02, 0.11, -1.11
Gyro: -2.70, 31.91, 2.07
Accel: 0.01, 0.10, -1.03
Gyro: -5.23, 48.55, 3.72
Accel: 0.06, 0.09, -0.94
Gyro: -2.43, 50.03, 4.68
Accel: 0.07, 0.09, -1.02
Gyro: -2.37, 53.30, 4.49
Accel: 0.12, 0.09, -0.93
Gyro: -3.33, 60.68, 5.07
Accel: 0.16, 0.07, -0.95
Gyro: -1.60, 59.42, 4.29
Accel: 0.15, 0.09, -1.01
Gyro: -3.46, 69.59, 2.86
Accel: 0.25, 0.09, -0.85
Gyro: -4.44, 70.16, 2.35
Accel: 0.27, 0.09, -0.92
Gyro: -0.88, 65.45, 2.20
Accel: 0.31, 0.08, -0.90
Gyro: -5.58, 73.19, 1.88
Accel: 0.35, 0.08, -0.81
Gyro: -4.34, 68.48, 1.72
Accel: 0.38, 0.07, -0.84
Gyro: -7.31, 65.79, 0.92
Accel: 0.44, 0.08, -0.79
Gyro: -9.36, 63.17, -0.02
Accel: 0.53, 0.08, -0.69
Gyro: -6.45, 49.57, -0.94
Accel: 0.55, 0.09, -0.72
Gyro: -3.63, 35.91, -1.29
Accel: 0.57, 0.10, -0.69
Gyro: -4.17, 23.51, -1.25
Accel: 0.58, 0.10, -0.72
Gyro: -3.21, 11.87, -0.61
Accel: 0.58, 0.10, -0.72
Gyro: -3.20, 2.46, 0.27
Accel: 0.59, 0.10, -0.71
Gyro: -1.94, -5.86, 0.26
Accel: 0.58, 0.10, -0.70
Gyro: -1.37, -14.63, -0.15
Accel: 0.57, 0.10, -0.73
Gyro: -0.29, -23.89, -0.52
Accel: 0.55, 0.09, -0.75
Gyro: 0.37, -31.90, -0.95
Accel: 0.53, 0.09, -0.78
Gyro: 0.01, -37.52, -1.70
Accel: 0.50, 0.08, -0.79
Gyro: -0.25, -43.27, -2.33
Accel: 0.48, 0.08, -0.81
Gyro: -0.75, -48.62, -3.01
Accel: 0.43, 0.08, -0.81
Gyro: -0.75, -53.39, -4.13
Accel: 0.39, 0.07, -0.83
Gyro: -1.19, -57.76, -5.20
Accel: 0.37, 0.09, -0.85
Gyro: -0.48, -61.01, -5.74
Accel: 0.33, 0.10, -0.86
Gyro: -1.13, -63.17, -5.87
Accel: 0.28, 0.11, -0.84
Gyro: 0.05, -70.39, -4.24
Accel: 0.22, 0.09, -0.90
Gyro: -0.88, -74.10, -3.65
Accel: 0.18, 0.07, -0.90
Gyro: -4.18, -74.39, -3.58
Accel: 0.14, 0.09, -0.90
Gyro: -5.68, -76.15, -3.54
Accel: 0.08, 0.08, -0.95
Gyro: -5.67, -76.11, -3.39
Accel: 0.03, 0.05, -0.99
Gyro: -8.51, -65.22, -5.63
Accel: -0.00, 0.09, -1.03
Gyro: -3.76, -56.41, -4.90
Accel: -0.03, 0.10, -1.00
Gyro: -7.35, -50.22, -6.13
Accel: -0.05, 0.10, -1.08
Gyro: -8.09, -37.34, -7.55
Accel: -0.05, 0.12, -1.07
Gyro: -7.55, -24.15, -8.15
Accel: -0.05, 0.13, -1.04
Gyro: -5.94, -13.21, -8.03
Accel: -0.06, 0.13, -1.03
Gyro: -3.68, -5.46, -7.33
Accel: -0.04, 0.13, -0.99
Gyro: -2.14, 0.69, -6.10
Accel: -0.03, 0.13, -0.98
Gyro: -0.02, 2.91, -4.62
Accel: -0.03, 0.14, -0.98
Gyro: 0.06, 5.78, -3.46
Accel: -0.01, 0.13, -0.96
Gyro: 1.75, 6.96, -1.83
Accel: -0.00, 0.11, -0.92
Gyro: 1.69, 4.36, -1.63
Accel: -0.01, 0.10, -0.94
Gyro: 0.68, 3.04, -1.85
Accel: -0.00, 0.10, -0.95
Gyro: -0.19, 2.49, -1.88
Accel: 0.00, 0.10, -0.94
Gyro: -1.24, 1.77, -2.05
Accel: -0.00, 0.11, -0.95
Gyro: -2.11, 0.41, -2.12
Accel: -0.01, 0.11, -0.95
Gyro: -2.31, 0.72, -1.72
Accel: 0.01, 0.10, -0.96
Gyro: -2.83, 1.61, -1.97
Accel: 0.00, 0.11, -0.95
Gyro: -3.16, 1.80, -2.54
