Accel: 0.01, 0.11, -0.95
Gyro: -2.09, 1.17, -1.97
Accel: 0.01, 0.11, -0.94
Gyro: -1.53, 0.57, -2.16
Accel: 0.00, 0.12, -0.97
Gyro: -1.14, 0.56, -1.62
Accel: 0.01, 0.11, -0.96
Gyro: -1.36, 1.49, -0.88
Accel: 0.01, 0.11, -0.95
Gyro: -1.44, 1.46, -0.96
Accel: 0.01, 0.11, -0.94
Gyro: -1.40, 0.63, -0.75
Accel: 0.01, 0.11, -0.95
Gyro: -0.56, 0.26, -0.34
Accel: 0.01, 0.09, -0.95
Gyro: -1.48, 0.26, -0.48
Accel: 0.01, 0.10, -0.95
Gyro: -1.95, -0.85, -0.58
Accel: 0.00, 0.10, -0.95
Gyro: -1.91, -1.05, -0.53
Accel: 0.01, 0.10, -0.96
Gyro: -2.37, -0.56, -0.82
Accel: 0.00, 0.10, -0.96
Gyro: -2.36, -0.65, -1.14
Accel: 0.01, 0.11, -0.95
Gyro: -2.16, -0.48, -1.04
Accel: 0.01, 0.10, -0.95
Gyro: -2.26, 0.02, -0.92
Accel: 0.01, 0.10, -0.96
Gyro: -2.70, 0.13, -0.76
Accel: 0.01, 0.11, -0.96
Gyro: -2.57, 0.52, -0.98
Accel: 0.01, 0.10, -0.96
Gyro: -2.00, 1.14, -0.88
Accel: 0.01, 0.11, -0.96
Gyro: -2.68, 2.41, -0.76
Accel: 0.00, 0.11, -0.97
Gyro: -2.41, 3.86, 0.26
Accel: 0.01, 0.11, -1.00
Gyro: -2.25, 6.65, 0.47
Accel: -0.01, 0.10, -1.01
Gyro: -2.67, 13.77, 1.08
Accel: 0.01, 0.11, -0.99
Gyro: -2.72, 18.19, 1.87
Accel: 0.03, 0.10, -0.96
Gyro: -2.81, 20.08, 2.43
Accel: 0.03, 0.11, -0.99
Gyro: -3.20, 22.00, 2.37
Accel: 0.04, 0.11, -1.00
Gyro: -3.91, 27.57, 2.60
Accel: 0.04, 0.11, -1.02
Gyro: -4.95, 34.39, 2.94
Accel: 0.03, 0.11, -1.08
Gyro: -6.31, 46.02, 3.79
Accel: 0.00, 0.13, -1.16
Gyro: -8.30, 68.37, 5.68
Accel: 0.07, 0.14, -1.01
Gyro: -11.25, 90.11, 8.34
Accel: 0.09, 0.14, -1.05
Gyro: -8.21, 107.03, 11.00
Accel: 0.25, 0.12, -0.76
Gyro: -4.84, 106.10, 12.41
Accel: 0.39, 0.06, -0.65
Gyro: -0.85, 80.89, 7.76
Accel: 0.43, 0.08, -0.72
Gyro: -1.68, 55.02, 2.85
Accel: 0.44, 0.10, -0.77
Gyro: -2.67, 40.89, 0.56
Accel: 0.46, 0.13, -0.78
Gyro: -4.41, 29.60, 0.67
Accel: 0.44, 0.15, -0.84
Gyro: -6.52, 27.69, 4.54
Accel: 0.47, 0.13, -0.80
Gyro: -8.16, 25.05, 7.43
Accel: 0.48, 0.15, -0.83
Gyro: -12.06, 23.53, 9.22
Accel: 0.51, 0.13, -0.77
Gyro: -10.66, 23.34, 10.77
Accel: 0.54, 0.10, -0.73
Gyro: -0.79, 15.10, 9.54
Accel: 0.55, 0.07, -0.74
Gyro: 0.69, 4.17, 5.51
Accel: 0.54, 0.08, -0.76
Gyro: 0.79, -5.50, 1.59
Accel: 0.51, 0.07, -0.80
Gyro: -0.58, -10.65, -1.85
Accel: 0.50, 0.10, -0.82
Gyro: -1.63, -12.08, -3.11
Accel: 0.50, 0.11, -0.82
Gyro: -1.25, -13.46, -2.43
Accel: 0.49, 0.11, -0.83
Gyro: -1.73, -14.27, -2.20
Accel: 0.48, 0.10, -0.82
Gyro: -2.08, -16.52, -2.80
Accel: 0.47, 0.10, -0.81
Gyro: -1.19, -20.39, -3.49
Accel: 0.47, 0.10, -0.80
Gyro: 0.49, -24.42, -4.10
Accel: 0.45, 0.10, -0.79
Gyro: 1.16, -29.21, -5.33
Accel: 0.44, 0.11, -0.80
Gyro: 3.02, -35.17, -6.29
Accel: 0.41, 0.10, -0.81
Gyro: 3.98, -41.26, -7.43
Accel: 0.39, 0.09, -0.82
Gyro: 4.22, -47.76, -9.19
Accel: 0.35, 0.08, -0.83
Gyro: 3.73, -54.50, -11.05
Accel: 0.31, 0.09, -0.86
Gyro: 3.41, -61.01, -12.25
Accel: 0.27, 0.10, -0.90
Gyro: 2.80, -64.23, -12.27
Accel: 0.22, 0.10, -0.90
Gyro: 1.69, -64.37, -11.88
Accel: 0.18, 0.11, -0.91
Gyro: 0.72, -66.77, -10.86
Accel: 0.14, 0.10, -0.94
Gyro: 0.39, -66.50, -8.88
Accel: 0.12, 0.11, -0.97
Gyro: -3.79, -61.95, -7.09
Accel: 0.08, 0.10, -0.97
Gyro: 2.56, -56.11, -5.01
Accel: 0.05, 0.11, -1.03
Gyro: -3.46, -48.48, -4.51
Accel: 0.01, 0.11, -1.03
Gyro: -2.91, -39.72, -3.11
Accel: 0.01, 0.11, -1.00
Gyro: -4.86, -31.68, -2.48
Accel: 0.01, 0.12, -0.96
Gyro: -4.36, -29.21, -2.05
Accel: -0.01, 0.11, -0.99
Gyro: -3.15, -26.24, -0.49
Accel: -0.03, 0.10, -1.01
Gyro: -3.05, -19.99, -0.56
Accel: -0.03, 0.10, -1.02
Gyro: -3.03, -12.71, -1.10
Accel: -0.04, 0.11, -1.01
Gyro: -1.75, -6.35, -1.87
Accel: -0.03, 0.10, -0.97
Gyro: -0.44, -2.43, -2.27
Accel: -0.03, 0.09, -0.96
Gyro: -0.22, -1.52, -3.16
Accel: -0.03, 0.10, -0.95
Gyro: -0.48, -1.51, -3.27
Accel: -0.02, 0.10, -0.96
Gyro: -0.99, -0.74, -2.76
Accel: -0.02, 0.10, -0.97
Gyro: -2.14, 0.47, -2.79
Accel: -0.02, 0.10, -0.97
Gyro: -2.25, 1.95, -2.50
Accel: -0.02, 0.10, -0.96
Gyro: -2.44, 3.26, -2.27
Accel: -0.01, 0.10, -0.95
Gyro: -2.30, 3.39, -2.16
Accel: 0.00, 0.10, -0.94
Gyro: -2.22, 3.73, -2.20
Accel: 0.01, 0.11, -0.95
Gyro: -1.08, 2.70, -1.91
Accel: -0.00, 0.11, -0.93
Gyro: -0.98, -0.54, -1.60
Accel: -0.01, 0.10, -0.94
Gyro: -1.34, -1.37, -1.11
Accel: -0.01, 0.10, -0.97
Gyro: -2.80, -0.31, -1.20
Accel: 0.00, 0.10, -0.96
Gyro: -2.39, 0.92, -0.93
Accel: -0.00, 0.10, -0.96
Gyro: -2.08, 2.31, -0.90
Accel: 0.00, 0.10, -0.95
Gyro: -1.94, 3.45, -0.97
Accel: 0.02, 0.10, -0.95
Gyro: -1.89, 3.16, -1.18
Accel: 0.02, 0.09, -0.94
Gyro: -2.28, 2.11, -1.15
Accel: 0.02, 0.10, -0.94
Gyro: -2.44, 0.35, -1.21
Accel: 0.01, 0.10, -0.96
Gyro: -3.01, -0.27, -1.66
Accel: 0.01, 0.10, -0.95
Gyro: -2.75, 0.01, -1.93
Accel: 0.01, 0.10, -0.95
Gyro: -2.66, 0.15, -1.85
Accel: 0.01, 0.11, -0.95
Gyro: -2.43, 0.44, -1.27
Accel: 0.01, 0.11, -0.95
Gyro: -1.84, 0.70, -0.67
Accel: 0.01, 0.10, -0.95
Gyro: -1.70, -0.18, -0.43
Accel: 0.01, 0.10, -0.95
Gyro: -2.01, -0.40, -0.42
Accel: 0.02, 0.10, -0.94
Gyro: -2.42, -0.53, -0.95
Accel: 0.01, 0.10, -0.95
Gyro: -2.65, -1.36, -1.14
Accel: 0.01, 0.10, -0.95
Gyro: -2.43, -1.03, -1.21
Accel: 0.01, 0.10, -0.95
Gyro: -1.87, -0.69, -0.99
Accel: 0.00, 0.10, -0.94
Gyro: -2.06, -1.54, -1.09
Accel: 0.01, 0.10, -0.96
Gyro: -1.70, -1.88, -1.01
