Accel: 0.06, 0.12, -0.95
Gyro: -2.41, 0.72, -1.54
Accel: 0.06, 0.12, -0.95
Gyro: -2.52, 0.69, -1.27
Accel: 0.07, 0.11, -0.94
Gyro: -2.61, 0.91, -1.02
Accel: 0.07, 0.11, -0.94
Gyro: -2.34, 0.66, -0.95
Accel: 0.06, 0.12, -0.94
Gyro: -2.64, 0.14, -1.19
Accel: 0.06, 0.11, -0.96
Gyro: -1.66, -0.27, -0.82
Accel: 0.07, 0.10, -0.95
Gyro: -2.37, -0.11, -1.34
Accel: 0.06, 0.12, -0.95
Gyro: -2.35, -0.09, -0.82
Accel: 0.07, 0.11, -0.95
Gyro: -2.21, 0.37, -0.74
Accel: 0.05, 0.12, -0.99
Gyro: -2.63, 2.50, -0.51
Accel: 0.06, 0.12, -0.98
Gyro: -3.27, 6.37, 0.80
Accel: 0.04, 0.12, -1.02
Gyro: -4.45, 11.44, 2.43
Accel: 0.03, 0.13, -1.04
Gyro: -5.05, 24.07, 4.68
Accel: 0.01, 0.13, -1.11
Gyro: -6.20, 33.60, 6.43
Accel: 0.01, 0.15, -1.09
Gyro: -6.42, 56.72, 10.03
Accel: 0.05, 0.13, -1.06
Gyro: -5.26, 66.54, 11.79
Accel: 0.09, 0.11, -1.01
Gyro: -5.44, 85.64, 10.21
Accel: 0.18, 0.11, -0.93
Gyro: -2.27, 90.95, 7.87
Accel: 0.23, 0.10, -0.92
Gyro: -0.93, 94.72, 6.73
Accel: 0.30, 0.10, -0.86
Gyro: -5.18, 95.60, 3.99
Accel: 0.37, 0.11, -0.78
Gyro: -4.78, 84.91, 3.59
Accel: 0.38, 0.11, -0.90
Gyro: -6.68, 84.51, 3.57
Accel: 0.46, 0.10, -0.73
Gyro: -12.25, 85.62, 2.96
Accel: 0.53, 0.10, -0.69
Gyro: -7.46, 69.24, 1.68
Accel: 0.56, 0.12, -0.72
Gyro: -11.33, 62.63, 1.12
Accel: 0.65, 0.12, -0.60
Gyro: -8.50, 43.62, 0.21
Accel: 0.67, 0.13, -0.59
Gyro: -4.63, 20.74, -2.01
Accel: 0.67, 0.13, -0.62
Gyro: -1.03, 2.57, -3.15
Accel: 0.65, 0.13, -0.68
Gyro: 1.00, -7.84, -3.05
Accel: 0.62, 0.11, -0.74
Gyro: 0.09, -10.90, -3.87
Accel: 0.61, 0.13, -0.75
Gyro: -1.99, -8.32, -3.27
Accel: 0.60, 0.13, -0.75
Gyro: -1.69, -10.12, -1.38
Accel: 0.58, 0.12, -0.78
Gyro: -3.67, -8.19, -1.17
Accel: 0.59, 0.14, -0.78
Gyro: -3.72, -6.56, -0.40
Accel: 0.59, 0.13, -0.76
Gyro: -2.41, -8.33, -0.54
Accel: 0.60, 0.13, -0.76
Gyro: -1.53, -11.96, -0.95
Accel: 0.58, 0.12, -0.76
Gyro: -0.60, -15.34, -0.92
Accel: 0.58, 0.12, -0.75
Gyro: 0.06, -18.46, -0.79
Accel: 0.57, 0.12, -0.74
Gyro: -0.39, -22.87, -0.98
Accel: 0.58, 0.13, -0.72
Gyro: -0.77, -29.82, -0.80
Accel: 0.57, 0.14, -0.68
Gyro: -0.02, -42.82, 0.27
Accel: 0.54, 0.11, -0.70
Gyro: 1.89, -56.43, 0.83
Accel: 0.50, 0.11, -0.73
Gyro: -0.46, -66.29, -1.62
Accel: 0.45, 0.11, -0.76
Gyro: -0.66, -76.31, -3.78
Accel: 0.40, 0.08, -0.78
Gyro: 0.53, -85.53, -7.02
Accel: 0.31, 0.08, -0.87
Gyro: 0.37, -89.35, -11.54
Accel: 0.26, 0.10, -0.88
Gyro: -0.89, -88.19, -14.63
Accel: 0.22, 0.12, -0.89
Gyro: -1.77, -88.21, -15.79
Accel: 0.13, 0.13, -0.99
Gyro: -0.72, -85.05, -15.08
Accel: 0.09, 0.17, -1.05
Gyro: 4.42, -72.49, -12.34
Accel: 0.06, 0.14, -1.11
Gyro: 2.59, -50.90, -12.66
Accel: 0.04, 0.14, -1.07
Gyro: -0.45, -35.83, -10.96
Accel: 0.03, 0.14, -1.04
Gyro: -1.18, -23.61, -8.83
Accel: 0.04, 0.14, -1.01
Gyro: -2.46, -15.37, -7.15
Accel: 0.05, 0.14, -0.97
Gyro: -2.46, -10.84, -5.39
Accel: 0.05, 0.14, -0.95
Gyro: -2.35, -9.81, -4.41
Accel: 0.05, 0.13, -0.95
Gyro: -1.48, -10.38, -3.70
Accel: 0.04, 0.13, -0.97
Gyro: -1.66, -7.90, -3.78
Accel: 0.03, 0.13, -0.97
Gyro: -1.45, -5.50, -3.43
Accel: 0.03, 0.14, -1.00
Gyro: -2.66, -1.27, -2.79
Accel: 0.04, 0.13, -0.98
Gyro: -1.92, 2.56, -1.52
Accel: 0.05, 0.11, -0.95
Gyro: -1.26, 3.85, -1.85
Accel: 0.06, 0.12, -0.94
Gyro: -0.60, 2.72, -2.88
Accel: 0.06, 0.12, -0.95
Gyro: -0.23, 0.35, -3.33
Accel: 0.06, 0.12, -0.97
Gyro: 0.80, 0.98, -2.83
Accel: 0.07, 0.12, -0.96
Gyro: -1.15, 1.91, -2.78
Accel: 0.08, 0.13, -0.94
Gyro: -1.32, 1.68, -1.84
Accel: 0.08, 0.13, -0.94
Gyro: -1.47, 0.38, -1.06
Accel: 0.08, 0.12, -0.95
Gyro: -1.77, 0.87, -1.01
Accel: 0.07, 0.12, -0.95
Gyro: -1.85, 1.08, -1.01
Accel: 0.08, 0.12, -0.96
Gyro: -1.40, 2.43, -0.32
Accel: 0.08, 0.11, -0.94
Gyro: -1.35, 2.79, -0.98
Accel: 0.08, 0.11, -0.93
Gyro: -1.31, 1.58, -1.41
Accel: 0.08, 0.11, -0.93
Gyro: -1.91, -0.23, -2.02
Accel: 0.07, 0.12, -0.94
Gyro: -2.60, -1.65, -1.64
Accel: 0.08, 0.13, -0.94
Gyro: -2.49, -1.56, -0.98
Accel: 0.08, 0.12, -0.94
Gyro: -2.11, -2.21, -0.55
Accel: 0.07, 0.12, -0.95
Gyro: -1.92, -2.40, -0.59
Accel: 0.07, 0.12, -0.95
Gyro: -1.75, -2.14, -0.35
Accel: 0.07, 0.12, -0.95
Gyro: -1.82, -2.15, -0.41
Accel: 0.06, 0.12, -0.96
Gyro: -1.63, -1.59, -0.48
Accel: 0.07, 0.12, -0.96
Gyro: -1.30, -0.89, -0.39
Accel: 0.07, 0.12, -0.95
Gyro: -1.68, -0.24, -0.51
Accel: 0.06, 0.12, -0.95
Gyro: -1.60, -0.75, -0.19
Accel: 0.07, 0.12, -0.96
Gyro: -1.77, -0.26, -0.17
Accel: 0.07, 0.11, -0.94
Gyro: -0.97, 0.27, 0.27
Accel: 0.08, 0.11, -0.94
Gyro: -1.89, -0.53, -0.06
Accel: 0.07, 0.12, -0.95
Gyro: -1.74, -1.00, -0.24
Accel: 0.08, 0.11, -0.94
Gyro: -1.84, -0.72, -0.52
Accel: 0.07, 0.11, -0.95
Gyro: -2.04, -0.97, -0.77
Accel: 0.07, 0.12, -0.95
Gyro: -1.75, -1.11, -0.75
Accel: 0.07, 0.11, -0.95
Gyro: -1.59, -0.71, -0.57
Accel: 0.07, 0.11, -0.95
Gyro: -1.71, -1.12, -0.79
Accel: 0.07, 0.12, -0.94
Gyro: -1.54, -1.24, -0.89
Accel: 0.07, 0.12, -0.96
Gyro: -2.04, -0.63, -0.92
Accel: 0.07, 0.11, -0.95
Gyro: -2.24, -0.09, -1.18
Accel: 0.07, 0.11, -0.95
Gyro: -2.40, -0.38, -1.03
Accel: 0.08, 0.12, -0.95
Gyro: -2.20, -0.26, -1.05
Accel: 0.07, 0.11, -0.96
Gyro: -2.06, 0.40, -0.76
Accel: 0.08, 0.11, -0.94
Gyro: -2.11, 0.51, -0.68
Accel: 0.08, 0.12, -0.95
Gyro: -1.76, 0.05, -0.94
