Accel: 0.05, 0.12, -0.95
Gyro: -2.11, 0.07, -1.16
Accel: 0.06, 0.11, -0.95
Gyro: -1.99, -0.43, -1.17
Accel: 0.06, 0.12, -0.95
Gyro: -2.11, -0.32, -0.91
Accel: 0.06, 0.12, -0.95
Gyro: -2.16, -0.76, -0.58
Accel: 0.05, 0.12, -0.94
Gyro: -2.17, -1.06, -0.90
Accel: 0.05, 0.11, -0.96
Gyro: -2.24, -1.01, -1.24
Accel: 0.05, 0.13, -0.96
Gyro: -2.40, -0.83, -1.42
Accel: 0.05, 0.12, -0.95
Gyro: -2.13, -0.05, -1.40
Accel: 0.05, 0.12, -0.95
Gyro: -2.11, 0.78, -0.95
Accel: 0.06, 0.12, -0.95
Gyro: -2.33, 0.37, -0.79
Accel: 0.04, 0.13, -1.00
Gyro: -2.96, 3.47, -0.02
Accel: 0.04, 0.12, -0.98
Gyro: -3.37, 7.74, 1.27
Accel: 0.03, 0.13, -1.01
Gyro: -5.07, 13.70, 2.32
Accel: 0.02, 0.13, -1.05
Gyro: -5.98, 23.34, 3.60
Accel: 0.01, 0.14, -1.11
Gyro: -7.14, 35.55, 5.70
Accel: -0.01, 0.16, -1.11
Gyro: -7.54, 58.98, 9.32
Accel: 0.01, 0.15, -1.11
Gyro: -7.68, 76.66, 12.47
Accel: 0.02, 0.15, -1.10
Gyro: -10.98, 104.09, 15.48
Accel: 0.13, 0.13, -0.92
Gyro: -7.64, 113.20, 17.52
Accel: 0.24, 0.10, -0.81
Gyro: -6.68, 112.63, 16.32
Accel: 0.34, 0.10, -0.80
Gyro: -6.59, 103.86, 12.50
Accel: 0.44, 0.09, -0.68
Gyro: -5.49, 88.10, 10.13
Accel: 0.41, 0.09, -0.86
Gyro: -4.81, 81.47, 5.24
Accel: 0.53, 0.09, -0.66
Gyro: -13.46, 78.32, 0.66
Accel: 0.63, 0.13, -0.55
Gyro: -5.89, 50.74, 0.02
Accel: 0.62, 0.13, -0.65
Gyro: -4.14, 29.44, 0.27
Accel: 0.64, 0.13, -0.67
Gyro: -7.95, 18.14, -0.27
Accel: 0.65, 0.12, -0.64
Gyro: -6.20, 6.49, -0.62
Accel: 0.64, 0.14, -0.66
Gyro: -3.55, -4.62, -0.40
Accel: 0.63, 0.14, -0.71
Gyro: -1.17, -11.91, 0.27
Accel: 0.61, 0.13, -0.73
Gyro: -1.02, -16.62, -0.46
Accel: 0.59, 0.13, -0.76
Gyro: 0.15, -19.54, -0.66
Accel: 0.58, 0.13, -0.77
Gyro: 1.04, -20.96, -0.54
Accel: 0.57, 0.11, -0.78
Gyro: 0.82, -21.53, -0.58
Accel: 0.55, 0.10, -0.77
Gyro: -0.34, -22.65, -2.06
Accel: 0.53, 0.10, -0.79
Gyro: -1.76, -23.67, -4.32
Accel: 0.53, 0.12, -0.79
Gyro: -2.67, -25.47, -5.66
Accel: 0.52, 0.12, -0.78
Gyro: -2.54, -28.26, -6.44
Accel: 0.49, 0.13, -0.80
Gyro: -0.95, -31.27, -7.51
Accel: 0.47, 0.14, -0.80
Gyro: -0.25, -35.50, -8.07
Accel: 0.45, 0.14, -0.79
Gyro: 1.02, -40.18, -8.11
Accel: 0.43, 0.14, -0.80
Gyro: 0.84, -46.31, -8.48
Accel: 0.42, 0.14, -0.80
Gyro: 1.22, -52.80, -8.83
Accel: 0.39, 0.14, -0.79
Gyro: 2.53, -61.53, -8.98
Accel: 0.32, 0.14, -0.85
Gyro: 3.16, -69.66, -9.12
Accel: 0.28, 0.13, -0.91
Gyro: 2.81, -69.12, -9.11
Accel: 0.24, 0.12, -0.93
Gyro: 1.98, -65.35, -9.41
Accel: 0.20, 0.11, -0.93
Gyro: 0.56, -62.61, -9.55
Accel: 0.18, 0.13, -0.94
Gyro: -0.67, -59.23, -10.13
Accel: 0.13, 0.14, -0.94
Gyro: 4.45, -56.64, -8.94
Accel: 0.10, 0.12, -0.99
Gyro: 3.90, -52.31, -8.90
Accel: 0.07, 0.12, -1.02
Gyro: 1.69, -44.46, -9.08
Accel: 0.05, 0.12, -1.00
Gyro: -0.17, -36.86, -10.03
Accel: 0.04, 0.15, -0.99
Gyro: -0.08, -31.83, -9.00
Accel: 0.05, 0.20, -0.92
Gyro: 2.90, -30.10, -5.75
Accel: 0.05, 0.16, -0.93
Gyro: 6.84, -34.81, 0.77
Accel: 0.01, 0.13, -0.97
Gyro: 5.78, -31.74, 3.14
Accel: -0.01, 0.11, -0.99
Gyro: 3.56, -25.78, 4.01
Accel: -0.02, 0.10, -0.99
Gyro: 2.10, -20.89, 4.21
Accel: -0.03, 0.08, -0.98
Gyro: -0.25, -17.23, 2.19
Accel: -0.04, 0.08, -0.99
Gyro: -2.59, -13.74, -0.89
Accel: -0.05, 0.09, -0.99
Gyro: -2.91, -9.70, -3.81
Accel: -0.05, 0.09, -0.99
Gyro: -2.40, -6.71, -5.81
Accel: -0.05, 0.11, -0.99
Gyro: -1.94, -2.77, -6.92
Accel: -0.06, 0.11, -0.98
Gyro: -1.51, 1.19, -7.10
Accel: -0.05, 0.11, -0.97
Gyro: -1.69, 3.46, -6.40
Accel: -0.03, 0.12, -0.96
Gyro: -1.09, 5.67, -5.08
Accel: -0.02, 0.11, -0.95
Gyro: -1.47, 6.42, -4.45
Accel: -0.01, 0.10, -0.92
Gyro: -1.88, 4.52, -4.32
Accel: -0.01, 0.11, -0.92
Gyro: -1.69, 1.25, -4.28
Accel: -0.01, 0.11, -0.94
Gyro: -2.34, -1.21, -4.27
Accel: -0.02, 0.11, -0.96
Gyro: -1.98, -1.34, -3.42
Accel: -0.02, 0.11, -0.96
Gyro: -2.10, -0.01, -2.59
Accel: -0.01, 0.11, -0.96
Gyro: -2.55, 0.76, -1.88
Accel: -0.01, 0.11, -0.96
Gyro: -2.75, 1.24, -1.50
Accel: -0.01, 0.11, -0.96
Gyro: -2.75, 2.38, -1.34
Accel: -0.01, 0.11, -0.97
Gyro: -2.91, 2.24, -1.03
Accel: -0.01, 0.12, -0.96
Gyro: -2.78, 2.51, -0.91
Accel: -0.01, 0.12, -0.96
Gyro: -2.30, 3.30, -0.10
Accel: -0.01, 0.11, -0.96
Gyro: -3.01, 3.62, -0.56
Accel: -0.00, 0.11, -0.94
Gyro: -2.62, 3.11, -0.80
Accel: 0.01, 0.10, -0.94
Gyro: -2.50, 2.98, -1.10
Accel: 0.01, 0.10, -0.93
Gyro: -3.35, 2.53, -1.80
Accel: 0.01, 0.11, -0.94
Gyro: -3.04, 1.81, -1.85
Accel: 0.01, 0.10, -0.94
Gyro: -3.04, 1.23, -1.63
Accel: 0.00, 0.11, -0.94
Gyro: -3.03, 0.35, -1.30
Accel: 0.00, 0.11, -0.96
Gyro: -3.42, -0.19, -1.18
Accel: 0.00, 0.13, -0.96
Gyro: -2.75, 0.42, -1.37
Accel: 0.01, 0.12, -0.95
Gyro: -2.04, -0.21, -0.86
Accel: 0.01, 0.12, -0.95
Gyro: -1.96, -0.34, -0.53
Accel: 0.00, 0.11, -0.95
Gyro: -1.98, 0.38, -0.43
Accel: 0.01, 0.12, -0.95
Gyro: -1.97, 0.75, -0.45
Accel: 0.02, 0.11, -0.95
Gyro: -1.79, 0.55, -0.21
Accel: 0.02, 0.11, -0.95
Gyro: -2.06, 0.80, -0.09
Accel: 0.02, 0.11, -0.95
Gyro: -2.07, 0.72, -0.12
Accel: 0.01, 0.11, -0.94
Gyro: -2.16, 0.16, -0.29
Accel: 0.02, 0.11, -0.94
Gyro: -2.37, -0.16, -0.48
Accel: 0.01, 0.10, -0.95
Gyro: -2.78, 0.00, -0.88
Accel: 0.01, 0.11, -0.96
Gyro: -2.84, 0.40, -1.11
Accel: 0.01, 0.11, -0.96
Gyro: -2.93, 0.91, -1.38
Accel: 0.01, 0.11, -0.94
Gyro: -2.63, 0.82, -1.43
