Accel: 0.14, 0.12, -0.94
Gyro: -2.77, -0.59, -1.43
Accel: 0.14, 0.11, -0.94
Gyro: -2.93, -0.93, -1.38
Accel: 0.14, 0.12, -0.95
Gyro: -2.56, -0.45, -1.40
Accel: 0.13, 0.12, -0.95
Gyro: -2.62, -0.37, -1.21
Accel: 0.14, 0.12, -0.95
Gyro: -2.47, -0.38, -1.08
Accel: 0.14, 0.11, -0.94
Gyro: -2.29, -0.13, -0.83
Accel: 0.14, 0.11, -0.95
Gyro: -2.37, 0.19, -0.95
Accel: 0.14, 0.12, -0.94
Gyro: -2.28, 0.18, -1.06
Accel: 0.14, 0.11, -0.93
Gyro: -1.79, -0.35, -0.92
Accel: 0.13, 0.11, -0.95
Gyro: -2.24, -0.59, -0.82
Accel: 0.13, 0.11, -0.95
Gyro: -2.33, -0.50, -0.78
Accel: 0.12, 0.12, -0.99
Gyro: -2.85, 1.28, -0.39
Accel: 0.11, 0.13, -1.01
Gyro: -4.73, 10.93, 1.53
Accel: 0.12, 0.13, -0.98
Gyro: -6.00, 16.48, 4.52
Accel: 0.10, 0.14, -1.05
Gyro: -7.11, 23.06, 7.37
Accel: 0.09, 0.15, -1.06
Gyro: -8.16, 38.06, 10.32
Accel: 0.12, 0.14, -1.01
Gyro: -7.55, 45.64, 12.31
Accel: 0.14, 0.14, -1.02
Gyro: -7.13, 56.56, 13.34
Accel: 0.14, 0.12, -1.04
Gyro: -6.65, 71.72, 13.77
Accel: 0.22, 0.11, -0.94
Gyro: -7.64, 82.00, 11.50
Accel: 0.27, 0.11, -0.91
Gyro: -5.01, 85.82, 10.42
Accel: 0.30, 0.12, -0.92
Gyro: -5.58, 90.18, 8.29
Accel: 0.36, 0.12, -0.85
Gyro: -6.94, 97.48, 7.74
Accel: 0.41, 0.12, -0.82
Gyro: -3.59, 93.44, 7.64
Accel: 0.45, 0.11, -0.80
Gyro: -6.63, 98.26, 6.65
Accel: 0.55, 0.10, -0.67
Gyro: -5.49, 89.21, 5.55
Accel: 0.66, 0.08, -0.60
Gyro: -3.69, 71.53, 2.75
Accel: 0.72, 0.10, -0.54
Gyro: -6.60, 52.69, 0.35
Accel: 0.78, 0.09, -0.50
Gyro: -7.50, 32.53, -2.44
Accel: 0.79, 0.10, -0.50
Gyro: -7.00, 12.87, -4.62
Accel: 0.77, 0.12, -0.56
Gyro: -5.29, -2.16, -5.39
Accel: 0.74, 0.12, -0.63
Gyro: -6.20, -8.76, -6.74
Accel: 0.72, 0.13, -0.65
Gyro: -2.85, -12.95, -7.04
Accel: 0.70, 0.15, -0.68
Gyro: -0.86, -16.54, -5.75
Accel: 0.68, 0.14, -0.71
Gyro: 0.10, -17.17, -4.89
Accel: 0.67, 0.13, -0.72
Gyro: -0.24, -15.28, -4.60
Accel: 0.67, 0.13, -0.72
Gyro: -0.27, -15.65, -4.13
Accel: 0.65, 0.14, -0.71
Gyro: -0.98, -17.55, -4.17
Accel: 0.64, 0.13, -0.71
Gyro: 0.53, -19.64, -3.42
Accel: 0.63, 0.13, -0.70
Gyro: -1.22, -21.68, -3.88
Accel: 0.63, 0.12, -0.70
Gyro: -1.27, -25.67, -4.75
Accel: 0.62, 0.13, -0.67
Gyro: -1.46, -32.80, -5.52
Accel: 0.61, 0.13, -0.68
Gyro: -0.19, -42.19, -5.80
Accel: 0.58, 0.13, -0.71
Gyro: 0.56, -51.89, -6.92
Accel: 0.55, 0.15, -0.71
Gyro: 1.53, -63.90, -7.90
Accel: 0.50, 0.15, -0.76
Gyro: 2.68, -71.75, -8.26
Accel: 0.44, 0.13, -0.82
Gyro: 3.58, -78.16, -9.20
Accel: 0.38, 0.15, -0.85
Gyro: 5.68, -79.05, -9.42
Accel: 0.32, 0.13, -0.86
Gyro: 6.18, -81.59, -9.38
Accel: 0.27, 0.13, -0.93
Gyro: 6.50, -77.53, -9.92
Accel: 0.25, 0.13, -0.93
Gyro: 4.48, -71.39, -10.51
Accel: 0.21, 0.14, -0.95
Gyro: 5.39, -69.40, -9.12
Accel: 0.16, 0.15, -1.01
Gyro: 10.54, -62.83, -6.19
Accel: 0.14, 0.12, -1.06
Gyro: 6.07, -44.35, -7.59
Accel: 0.13, 0.12, -1.02
Gyro: 1.14, -31.24, -7.67
Accel: 0.13, 0.12, -1.01
Gyro: -1.20, -22.61, -6.68
Accel: 0.12, 0.11, -0.98
Gyro: -2.88, -16.37, -6.29
Accel: 0.13, 0.13, -0.96
Gyro: -3.33, -12.94, -5.44
Accel: 0.12, 0.12, -0.95
Gyro: -2.51, -12.08, -4.26
Accel: 0.12, 0.14, -0.96
Gyro: -1.49, -11.93, -3.10
Accel: 0.11, 0.12, -0.97
Gyro: -0.27, -9.67, -2.28
Accel: 0.11, 0.14, -0.97
Gyro: -1.33, -5.55, -2.59
Accel: 0.12, 0.13, -0.96
Gyro: -0.79, -2.88, -1.97
Accel: 0.12, 0.12, -0.95
Gyro: -0.85, -2.41, -1.56
Accel: 0.12, 0.12, -0.95
Gyro: -0.79, -1.48, -1.00
Accel: 0.13, 0.13, -0.95
Gyro: -1.24, -0.21, -0.98
Accel: 0.13, 0.12, -0.95
Gyro: -0.95, 0.48, -0.32
Accel: 0.13, 0.10, -0.94
Gyro: -1.81, 0.47, -0.14
Accel: 0.13, 0.12, -0.96
Gyro: -2.29, 0.31, -0.44
Accel: 0.12, 0.11, -0.95
Gyro: -2.37, 1.59, -1.00
Accel: 0.14, 0.11, -0.95
Gyro: -2.48, 1.96, -1.62
Accel: 0.13, 0.12, -0.95
Gyro: -2.26, 1.50, -1.51
Accel: 0.13, 0.12, -0.95
Gyro: -2.28, 1.67, -1.59
Accel: 0.14, 0.12, -0.95
Gyro: -2.14, 2.41, -1.32
Accel: 0.14, 0.12, -0.94
Gyro: -2.03, 1.95, -1.05
Accel: 0.14, 0.12, -0.93
Gyro: -2.32, 1.46, -1.02
Accel: 0.14, 0.11, -0.95
Gyro: -2.24, 1.14, -0.63
Accel: 0.15, 0.11, -0.93
Gyro: -2.65, 0.76, -0.72
Accel: 0.15, 0.11, -0.94
Gyro: -2.33, 0.36, -1.08
Accel: 0.14, 0.12, -0.94
Gyro: -2.10, -0.24, -0.98
Accel: 0.15, 0.12, -0.94
Gyro: -1.78, -0.13, -0.82
Accel: 0.15, 0.11, -0.95
Gyro: -2.04, 0.47, -0.59
Accel: 0.15, 0.13, -0.94
Gyro: -1.65, 0.41, -0.24
Accel: 0.15, 0.12, -0.94
Gyro: -1.95, -0.20, 0.08
Accel: 0.15, 0.11, -0.95
Gyro: -2.49, 0.14, -0.29
Accel: 0.15, 0.11, -0.94
Gyro: -2.88, 0.45, -0.89
Accel: 0.15, 0.12, -0.94
Gyro: -2.57, 0.56, -0.98
Accel: 0.14, 0.12, -0.93
Gyro: -2.51, 0.12, -0.92
Accel: 0.15, 0.12, -0.94
Gyro: -2.59, 0.20, -0.58
Accel: 0.15, 0.12, -0.95
Gyro: -2.46, 0.34, -0.56
Accel: 0.15, 0.12, -0.93
Gyro: -2.24, 0.17, -0.38
Accel: 0.15, 0.12, -0.94
Gyro: -2.28, -0.72, -0.56
Accel: 0.16, 0.12, -0.94
Gyro: -2.28, -0.40, -0.47
Accel: 0.15, 0.12, -0.95
Gyro: -2.25, 0.27, -0.66
Accel: 0.15, 0.11, -0.93
Gyro: -2.43, -0.08, -0.82
Accel: 0.15, 0.12, -0.94
Gyro: -2.72, 0.57, -1.14
Accel: 0.15, 0.11, -0.94
Gyro: -2.41, 0.86, -1.28
Accel: 0.16, 0.11, -0.94
Gyro: -2.67, 0.37, -1.20
Accel: 0.15, 0.12, -0.93
Gyro: -3.26, -0.66, -1.46
Accel: 0.15, 0.12, -0.94
Gyro: -2.79, -0.47, -1.30
Accel: 0.15, 0.12, -0.94
Gyro: -2.48, 0.14, -1.71
