Accel: 0.16, 0.12, -0.94
Gyro: -2.65, 0.16, -1.70
Accel: 0.15, 0.12, -0.94
Gyro: -2.65, 0.20, -1.37
Accel: 0.15, 0.12, -0.93
Gyro: -2.65, 0.66, -1.32
Accel: 0.16, 0.12, -0.92
Gyro: -2.36, -0.16, -1.16
Accel: 0.16, 0.13, -0.94
Gyro: -2.66, -0.85, -1.21
Accel: 0.16, 0.12, -0.96
Gyro: -1.66, 0.34, -0.59
Accel: 0.17, 0.12, -0.93
Gyro: -2.54, 0.60, -1.05
Accel: 0.16, 0.13, -0.94
Gyro: -2.32, -0.12, -0.69
Accel: 0.16, 0.12, -0.94
Gyro: -2.44, -0.34, -0.67
Accel: 0.16, 0.12, -0.94
Gyro: -2.04, 0.14, -1.09
Accel: 0.16, 0.13, -0.94
Gyro: -1.91, -0.01, -1.21
Accel: 0.16, 0.13, -0.94
Gyro: -2.17, -0.53, -0.65
Accel: 0.16, 0.13, -0.95
Gyro: -2.17, -0.23, -0.01
Accel: 0.15, 0.13, -0.96
Gyro: -2.77, 1.05, 0.35
Accel: 0.14, 0.13, -0.98
Gyro: -3.63, 4.81, 0.94
Accel: 0.15, 0.13, -0.96
Gyro: -3.71, 7.13, 2.29
Accel: 0.16, 0.13, -0.95
Gyro: -3.50, 7.84, 3.31
Accel: 0.16, 0.13, -0.94
Gyro: -3.55, 8.26, 3.68
Accel: 0.16, 0.12, -0.96
Gyro: -3.67, 9.28, 3.97
Accel: 0.15, 0.13, -0.99
Gyro: -4.65, 14.77, 4.84
Accel: 0.16, 0.15, -1.00
Gyro: -5.09, 22.65, 7.09
Accel: 0.16, 0.14, -1.00
Gyro: -5.37, 29.56, 9.35
Accel: 0.15, 0.14, -1.06
Gyro: -6.22, 42.79, 11.43
Accel: 0.17, 0.13, -1.02
Gyro: -5.70, 58.70, 13.40
Accel: 0.18, 0.13, -1.05
Gyro: -5.33, 72.81, 13.59
Accel: 0.20, 0.12, -1.01
Gyro: -5.74, 89.53, 13.24
Accel: 0.30, 0.11, -0.89
Gyro: -5.26, 98.69, 11.05
Accel: 0.37, 0.12, -0.81
Gyro: -1.22, 94.64, 9.45
Accel: 0.45, 0.10, -0.72
Gyro: -0.50, 85.30, 6.87
Accel: 0.49, 0.10, -0.77
Gyro: 1.87, 73.65, 4.51
Accel: 0.50, 0.09, -0.81
Gyro: -2.40, 74.76, 1.03
Accel: 0.51, 0.09, -0.81
Gyro: -4.23, 78.70, -0.20
Accel: 0.52, 0.08, -0.80
Gyro: -6.03, 89.00, -0.98
Accel: 0.60, 0.11, -0.65
Gyro: -9.90, 93.75, -1.47
Accel: 0.73, 0.13, -0.54
Gyro: -10.29, 86.52, 2.11
Accel: 0.85, 0.09, -0.41
Gyro: -8.09, 62.33, 2.53
Accel: 0.88, 0.09, -0.42
Gyro: -7.21, 35.43, -0.27
Accel: 0.88, 0.12, -0.47
Gyro: -7.45, 14.51, -3.54
Accel: 0.84, 0.13, -0.49
Gyro: -4.84, 1.89, -5.49
Accel: 0.82, 0.14, -0.54
Gyro: -2.24, -6.03, -7.13
Accel: 0.80, 0.14, -0.56
Gyro: -0.54, -9.85, -6.50
Accel: 0.79, 0.14, -0.58
Gyro: 0.19, -12.40, -6.34
Accel: 0.77, 0.14, -0.60
Gyro: -0.08, -13.60, -5.70
Accel: 0.77, 0.14, -0.60
Gyro: -0.16, -15.39, -4.36
Accel: 0.76, 0.13, -0.61
Gyro: -1.43, -17.73, -3.57
Accel: 0.75, 0.13, -0.62
Gyro: -1.93, -19.06, -3.75
Accel: 0.74, 0.14, -0.63
Gyro: -1.90, -20.51, -3.00
Accel: 0.73, 0.14, -0.64
Gyro: -1.28, -22.79, -1.80
Accel: 0.72, 0.14, -0.64
Gyro: -1.98, -24.18, -1.30
Accel: 0.71, 0.14, -0.63
Gyro: -1.05, -28.03, -0.41
Accel: 0.71, 0.13, -0.62
Gyro: -2.54, -34.01, -0.73
Accel: 0.71, 0.15, -0.62
Gyro: -2.62, -43.05, -0.63
Accel: 0.71, 0.15, -0.61
Gyro: -0.69, -55.88, 1.19
Accel: 0.66, 0.14, -0.61
Gyro: 0.85, -69.11, 1.51
Accel: 0.61, 0.12, -0.63
Gyro: 3.04, -82.44, 0.40
Accel: 0.56, 0.10, -0.72
Gyro: 1.60, -93.47, -3.09
Accel: 0.47, 0.11, -0.77
Gyro: 1.04, -97.88, -5.83
Accel: 0.41, 0.06, -0.79
Gyro: 0.11, -100.37, -9.33
Accel: 0.34, 0.10, -0.85
Gyro: -2.70, -102.39, -14.40
Accel: 0.26, 0.12, -0.95
Gyro: -1.59, -97.30, -15.71
Accel: 0.19, 0.13, -1.05
Gyro: -4.13, -80.20, -16.48
Accel: 0.18, 0.16, -1.07
Gyro: -3.56, -59.14, -16.49
Accel: 0.15, 0.18, -1.00
Gyro: 6.89, -41.53, -14.70
Accel: 0.16, 0.15, -1.02
Gyro: 4.47, -29.01, -12.31
Accel: 0.16, 0.15, -1.01
Gyro: 3.62, -18.44, -10.32
Accel: 0.16, 0.15, -0.98
Gyro: 1.01, -10.64, -8.29
Accel: 0.17, 0.15, -0.96
Gyro: 0.24, -6.61, -6.23
Accel: 0.17, 0.14, -0.95
Gyro: -2.27, -3.93, -4.67
Accel: 0.18, 0.15, -0.93
Gyro: -3.26, -4.48, -3.43
Accel: 0.18, 0.15, -0.94
Gyro: -3.14, -4.24, -2.72
Accel: 0.18, 0.15, -0.93
Gyro: -2.82, -3.83, -2.35
Accel: 0.19, 0.15, -0.94
Gyro: -2.03, -3.36, -1.66
Accel: 0.18, 0.14, -0.94
Gyro: -1.50, -3.14, -1.09
Accel: 0.19, 0.13, -0.94
Gyro: -2.05, -2.57, -1.61
Accel: 0.18, 0.14, -0.95
Gyro: -1.31, -1.43, -1.82
Accel: 0.18, 0.14, -0.96
Gyro: -0.85, 0.78, -2.08
Accel: 0.19, 0.14, -0.95
Gyro: -1.57, 1.97, -2.17
Accel: 0.20, 0.14, -0.93
Gyro: -1.95, 2.45, -2.08
Accel: 0.21, 0.13, -0.93
Gyro: -1.81, 2.43, -1.95
Accel: 0.21, 0.14, -0.93
Gyro: -1.97, 3.24, -1.92
Accel: 0.22, 0.14, -0.93
Gyro: -1.93, 2.69, -1.83
Accel: 0.21, 0.13, -0.93
Gyro: -1.68, 1.22, -1.48
Accel: 0.21, 0.12, -0.92
Gyro: -2.44, 1.43, -1.81
Accel: 0.21, 0.13, -0.92
Gyro: -3.26, 1.23, -2.33
Accel: 0.22, 0.14, -0.93
Gyro: -2.56, -0.14, -1.99
Accel: 0.21, 0.13, -0.93
Gyro: -2.09, -0.60, -1.38
Accel: 0.20, 0.14, -0.92
Gyro: -2.55, -0.82, -1.46
Accel: 0.20, 0.15, -0.93
Gyro: -2.04, -1.92, -0.56
Accel: 0.20, 0.14, -0.93
Gyro: -1.79, -1.55, 0.05
Accel: 0.20, 0.13, -0.94
Gyro: -1.91, -0.16, -0.44
Accel: 0.20, 0.14, -0.93
Gyro: -1.81, 0.20, -0.76
Accel: 0.21, 0.14, -0.93
Gyro: -1.69, -0.01, -0.53
Accel: 0.21, 0.14, -0.94
Gyro: -1.63, -0.22, -0.11
Accel: 0.21, 0.14, -0.94
Gyro: -2.19, 0.45, -0.76
Accel: 0.21, 0.14, -0.93
Gyro: -1.85, 1.30, -0.69
Accel: 0.20, 0.13, -0.93
Gyro: -2.30, 0.98, -0.89
Accel: 0.21, 0.13, -0.94
Gyro: -2.25, 0.92, -1.05
Accel: 0.21, 0.13, -0.92
Gyro: -2.39, 0.73, -1.40
Accel: 0.21, 0.14, -0.93
Gyro: -2.10, 0.44, -1.49
Accel: 0.22, 0.13, -0.92
Gyro: -2.15, 0.18, -1.30
Accel: 0.22, 0.14, -0.93
Gyro: -1.86, 0.01, -0.84
