Accel: 0.21, 0.14, -0.93
Gyro: -1.69, -0.34, -0.34
Accel: 0.21, 0.13, -0.93
Gyro: -1.77, -0.62, -0.28
Accel: 0.21, 0.12, -0.92
Gyro: -2.04, -0.15, -0.66
Accel: 0.21, 0.13, -0.93
Gyro: -2.24, -0.82, -0.91
Accel: 0.20, 0.14, -0.94
Gyro: -1.83, -0.88, -0.78
Accel: 0.21, 0.13, -0.93
Gyro: -2.16, 0.18, -0.97
Accel: 0.22, 0.13, -0.94
Gyro: -2.33, 0.02, -1.02
Accel: 0.22, 0.13, -0.94
Gyro: -2.05, 0.11, -0.89
Accel: 0.22, 0.13, -0.93
Gyro: -2.37, 0.66, -1.40
Accel: 0.22, 0.14, -0.92
Gyro: -2.24, 0.95, -1.63
Accel: 0.22, 0.14, -0.92
Gyro: -2.12, 0.46, -1.31
Accel: 0.21, 0.13, -0.92
Gyro: -2.19, 0.06, -1.21
Accel: 0.21, 0.13, -0.95
Gyro: -2.59, 0.56, -0.86
Accel: 0.21, 0.14, -0.96
Gyro: -2.38, 2.51, -0.39
Accel: 0.21, 0.13, -0.95
Gyro: -2.59, 4.60, -0.16
Accel: 0.21, 0.14, -0.94
Gyro: -2.85, 6.89, -0.05
Accel: 0.20, 0.14, -0.97
Gyro: -3.21, 10.29, 0.06
Accel: 0.21, 0.14, -0.99
Gyro: -3.73, 16.37, 0.97
Accel: 0.19, 0.13, -1.01
Gyro: -5.18, 24.77, 1.64
Accel: 0.16, 0.15, -1.09
Gyro: -7.20, 41.95, 3.15
Accel: 0.20, 0.14, -1.03
Gyro: -6.64, 58.11, 5.38
Accel: 0.16, 0.13, -1.13
Gyro: -9.99, 83.54, 5.04
Accel: 0.22, 0.12, -1.00
Gyro: -11.10, 109.54, 4.24
Accel: 0.30, 0.12, -0.93
Gyro: -10.77, 121.20, 2.98
Accel: 0.40, 0.12, -0.72
Gyro: -9.73, 120.22, 3.33
Accel: 0.52, 0.14, -0.64
Gyro: -8.38, 104.72, 2.06
Accel: 0.59, 0.16, -0.63
Gyro: -10.89, 90.42, 1.15
Accel: 0.65, 0.19, -0.64
Gyro: -11.65, 75.88, 1.58
Accel: 0.64, 0.18, -0.67
Gyro: -10.23, 67.83, 3.60
Accel: 0.66, 0.19, -0.64
Gyro: -11.26, 65.49, 4.25
Accel: 0.75, 0.16, -0.54
Gyro: -10.77, 55.63, 5.13
Accel: 0.82, 0.16, -0.50
Gyro: -9.62, 37.09, 1.11
Accel: 0.84, 0.16, -0.47
Gyro: -7.73, 22.21, 0.00
Accel: 0.86, 0.16, -0.47
Gyro: -4.26, 6.20, -0.49
Accel: 0.82, 0.16, -0.52
Gyro: -2.65, -6.50, -0.85
Accel: 0.78, 0.17, -0.59
Gyro: -1.74, -10.25, 1.01
Accel: 0.76, 0.16, -0.60
Gyro: -1.80, -8.80, 1.59
Accel: 0.75, 0.15, -0.63
Gyro: -1.31, -8.57, 1.59
Accel: 0.74, 0.14, -0.64
Gyro: -2.14, -6.14, 0.35
Accel: 0.76, 0.15, -0.61
Gyro: -2.42, -6.41, -1.36
Accel: 0.76, 0.16, -0.60
Gyro: -2.17, -9.55, -1.40
Accel: 0.76, 0.15, -0.63
Gyro: -2.10, -12.79, -1.88
Accel: 0.75, 0.16, -0.61
Gyro: -0.82, -14.75, -2.47
Accel: 0.76, 0.16, -0.57
Gyro: 1.27, -20.03, -2.54
Accel: 0.75, 0.14, -0.55
Gyro: 2.76, -29.37, -3.52
Accel: 0.75, 0.15, -0.56
Gyro: 2.68, -39.28, -5.97
Accel: 0.75, 0.15, -0.58
Gyro: 6.11, -53.50, -6.61
Accel: 0.70, 0.15, -0.61
Gyro: 6.86, -65.09, -8.51
Accel: 0.65, 0.15, -0.65
Gyro: 7.04, -72.16, -9.85
Accel: 0.60, 0.17, -0.65
Gyro: 6.75, -83.63, -9.58
Accel: 0.52, 0.14, -0.74
Gyro: 8.54, -92.43, -8.26
Accel: 0.46, 0.14, -0.79
Gyro: 6.61, -93.31, -8.77
Accel: 0.41, 0.15, -0.83
Gyro: 6.82, -92.38, -8.40
Accel: 0.34, 0.14, -0.91
Gyro: 6.26, -88.26, -8.50
Accel: 0.29, 0.15, -0.95
Gyro: 5.10, -79.35, -7.55
Accel: 0.28, 0.12, -0.95
Gyro: 4.83, -69.61, -7.26
Accel: 0.27, 0.11, -0.87
Gyro: 5.00, -68.53, -9.02
Accel: 0.23, 0.10, -0.87
Gyro: 7.68, -73.52, -11.50
Accel: 0.18, 0.12, -0.97
Gyro: 10.09, -68.28, -13.53
Accel: 0.13, 0.13, -0.99
Gyro: 2.68, -60.95, -13.30
Accel: 0.10, 0.16, -1.02
Gyro: -0.07, -51.09, -11.80
Accel: 0.08, 0.16, -1.03
Gyro: -0.23, -41.21, -7.97
Accel: 0.06, 0.15, -1.03
Gyro: -0.48, -29.62, -5.15
Accel: 0.05, 0.14, -1.01
Gyro: -0.49, -20.77, -3.16
Accel: 0.05, 0.15, -1.01
Gyro: -0.07, -15.63, -1.40
Accel: 0.06, 0.14, -1.00
Gyro: 1.49, -9.86, 0.31
Accel: 0.05, 0.11, -1.00
Gyro: 0.53, -4.82, 0.24
Accel: 0.05, 0.13, -1.00
Gyro: 0.21, -0.82, 0.34
Accel: 0.07, 0.11, -0.97
Gyro: 0.11, 2.30, -0.18
Accel: 0.08, 0.12, -0.96
Gyro: -1.24, 5.07, -0.87
Accel: 0.09, 0.11, -0.95
Gyro: -1.48, 5.34, -1.46
Accel: 0.10, 0.12, -0.93
Gyro: -1.88, 4.62, -1.78
Accel: 0.10, 0.12, -0.94
Gyro: -2.19, 3.85, -1.69
Accel: 0.11, 0.12, -0.94
Gyro: -2.48, 3.07, -1.24
Accel: 0.11, 0.12, -0.95
Gyro: -2.89, 3.08, -1.18
Accel: 0.10, 0.13, -0.95
Gyro: -3.18, 2.31, -0.70
Accel: 0.11, 0.13, -0.96
Gyro: -3.01, 3.12, -0.27
Accel: 0.11, 0.12, -0.95
Gyro: -2.96, 3.72, 0.18
Accel: 0.12, 0.13, -0.94
Gyro: -2.61, 4.07, 0.14
Accel: 0.12, 0.13, -0.95
Gyro: -2.20, 3.52, 0.97
Accel: 0.13, 0.12, -0.94
Gyro: -2.18, 3.31, 0.85
Accel: 0.13, 0.12, -0.93
Gyro: -2.48, 3.43, 0.92
Accel: 0.13, 0.12, -0.94
Gyro: -2.47, 2.40, 0.83
Accel: 0.14, 0.11, -0.93
Gyro: -2.55, 1.04, 0.45
Accel: 0.12, 0.12, -0.94
Gyro: -3.04, -0.34, -0.28
Accel: 0.13, 0.11, -0.94
Gyro: -3.07, 0.18, -1.02
Accel: 0.13, 0.12, -0.95
Gyro: -3.21, 0.47, -1.88
Accel: 0.13, 0.14, -0.93
Gyro: -2.43, -0.48, -2.14
Accel: 0.13, 0.13, -0.94
Gyro: -1.79, -1.24, -1.70
Accel: 0.13, 0.12, -0.95
Gyro: -1.86, -0.36, -1.27
Accel: 0.12, 0.13, -0.95
Gyro: -2.18, -0.05, -0.93
Accel: 0.12, 0.13, -0.96
Gyro: -1.99, 0.52, -0.77
Accel: 0.13, 0.13, -0.94
Gyro: -2.37, 1.34, -0.79
Accel: 0.13, 0.12, -0.94
Gyro: -3.11, 2.03, -0.90
Accel: 0.13, 0.13, -0.95
Gyro: -2.41, 2.27, -0.66
Accel: 0.14, 0.11, -0.93
Gyro: -2.15, 1.62, -0.63
Accel: 0.14, 0.13, -0.94
Gyro: -2.90, 0.89, -0.97
Accel: 0.14, 0.13, -0.94
Gyro: -2.73, 0.72, -0.81
Accel: 0.14, 0.12, -0.94
Gyro: -2.47, 1.01, -0.85
Accel: 0.13, 0.13, -0.95
Gyro: -2.85, 1.46, -1.30
Accel: 0.13, 0.14, -0.95
Gyro: -2.12, 2.42, -0.47
