Accel: 0.09, 0.10, -0.95
Gyro: -2.94, -0.95, -1.22
Accel: 0.10, 0.10, -0.96
Gyro: -2.88, -0.72, -1.21
Accel: 0.09, 0.10, -0.96
Gyro: -2.43, -0.40, -0.59
Accel: 0.09, 0.10, -0.95
Gyro: -2.22, 0.31, -0.22
Accel: 0.09, 0.09, -0.94
Gyro: -2.45, -0.11, -0.54
Accel: 0.10, 0.10, -0.94
Gyro: -2.62, -0.66, -0.74
Accel: 0.09, 0.10, -0.95
Gyro: -2.89, -0.83, -0.59
Accel: 0.10, 0.09, -0.95
Gyro: -2.98, -1.08, -1.23
Accel: 0.09, 0.10, -0.95
Gyro: -3.18, -1.16, -1.44
Accel: 0.09, 0.11, -0.96
Gyro: -3.13, -0.60, -1.50
Accel: 0.09, 0.10, -0.98
Gyro: -3.14, 0.40, -0.95
Accel: 0.07, 0.11, -1.01
Gyro: -3.96, 4.81, 0.04
Accel: 0.06, 0.12, -1.02
Gyro: -5.54, 13.27, 1.63
Accel: 0.05, 0.13, -1.06
Gyro: -6.65, 23.41, 3.91
Accel: 0.02, 0.16, -1.13
Gyro: -6.39, 42.65, 7.96
Accel: 0.00, 0.21, -1.17
Gyro: -1.31, 64.79, 15.33
Accel: 0.03, 0.18, -1.09
Gyro: 2.56, 91.00, 22.71
Accel: 0.14, 0.09, -0.94
Gyro: 6.31, 99.12, 24.77
Accel: 0.16, 0.05, -1.06
Gyro: 5.62, 106.92, 20.26
Accel: 0.25, 0.02, -0.89
Gyro: 0.01, 123.47, 13.81
Accel: 0.28, 0.00, -0.90
Gyro: -0.72, 131.08, 6.72
Accel: 0.46, 0.06, -0.58
Gyro: -4.42, 122.67, 1.80
Accel: 0.60, 0.06, -0.50
Gyro: 5.00, 88.37, -0.01
Accel: 0.64, 0.05, -0.60
Gyro: 0.56, 62.98, -3.01
Accel: 0.69, 0.08, -0.57
Gyro: -6.26, 41.76, -3.55
Accel: 0.68, 0.07, -0.59
Gyro: -6.83, 22.17, -3.72
Accel: 0.68, 0.07, -0.69
Gyro: -8.19, 13.07, -5.70
Accel: 0.67, 0.10, -0.67
Gyro: -7.29, 6.68, -5.40
Accel: 0.67, 0.09, -0.69
Gyro: -6.23, 1.07, -4.20
Accel: 0.65, 0.09, -0.73
Gyro: -5.82, 0.55, -4.19
Accel: 0.66, 0.09, -0.70
Gyro: -4.11, 1.37, -3.06
Accel: 0.67, 0.10, -0.70
Gyro: -3.01, -1.83, -2.02
Accel: 0.65, 0.09, -0.72
Gyro: -3.72, -5.08, -1.51
Accel: 0.65, 0.10, -0.72
Gyro: -4.23, -4.56, -0.92
Accel: 0.66, 0.08, -0.69
Gyro: -4.68, -7.37, -1.49
Accel: 0.66, 0.09, -0.70
Gyro: -4.97, -12.79, -3.04
Accel: 0.64, 0.10, -0.71
Gyro: -4.41, -15.30, -4.50
Accel: 0.64, 0.09, -0.71
Gyro: -2.54, -17.79, -5.45
Accel: 0.63, 0.09, -0.68
Gyro: -1.17, -23.68, -6.45
Accel: 0.63, 0.09, -0.67
Gyro: -0.05, -33.58, -7.88
Accel: 0.62, 0.10, -0.66
Gyro: 0.83, -46.23, -9.09
Accel: 0.59, 0.08, -0.70
Gyro: 1.21, -58.11, -10.33
Accel: 0.55, 0.11, -0.69
Gyro: 1.98, -69.24, -13.00
Accel: 0.50, 0.10, -0.70
Gyro: 5.62, -83.78, -13.60
Accel: 0.42, 0.09, -0.75
Gyro: 8.48, -95.74, -13.91
Accel: 0.35, 0.08, -0.82
Gyro: 2.18, -103.00, -14.95
Accel: 0.28, 0.09, -0.91
Gyro: -3.24, -100.83, -15.27
Accel: 0.22, 0.13, -0.93
Gyro: -4.45, -99.15, -12.84
Accel: 0.15, 0.11, -0.99
Gyro: -5.05, -92.67, -10.31
Accel: 0.10, 0.15, -1.03
Gyro: 1.02, -77.28, -8.09
Accel: 0.08, 0.13, -1.10
Gyro: 0.50, -55.74, -7.94
Accel: 0.06, 0.14, -1.08
Gyro: -0.22, -39.54, -6.25
Accel: 0.05, 0.13, -1.06
Gyro: -2.11, -24.77, -4.61
Accel: 0.05, 0.13, -1.03
Gyro: -2.69, -14.37, -3.20
Accel: 0.06, 0.14, -0.98
Gyro: -1.61, -8.87, -1.49
Accel: 0.06, 0.12, -0.97
Gyro: -1.58, -7.74, -0.82
Accel: 0.05, 0.11, -0.96
Gyro: -1.59, -5.94, -0.96
Accel: 0.05, 0.11, -0.96
Gyro: -0.52, -4.93, -1.17
Accel: 0.06, 0.11, -0.96
Gyro: -0.24, -4.24, -1.60
Accel: 0.07, 0.12, -0.96
Gyro: -0.13, -2.94, -1.77
Accel: 0.07, 0.10, -0.96
Gyro: -0.94, -1.61, -2.11
Accel: 0.08, 0.11, -0.96
Gyro: -1.30, -0.02, -2.11
Accel: 0.09, 0.10, -0.95
Gyro: -1.41, 0.28, -2.24
Accel: 0.08, 0.11, -0.95
Gyro: -1.61, 0.14, -2.20
Accel: 0.08, 0.11, -0.96
Gyro: -1.84, 0.36, -2.27
Accel: 0.09, 0.11, -0.96
Gyro: -1.87, 0.78, -2.15
Accel: 0.09, 0.11, -0.95
Gyro: -2.25, 0.69, -1.88
Accel: 0.09, 0.12, -0.95
Gyro: -1.92, 1.40, -1.62
Accel: 0.09, 0.11, -0.95
Gyro: -1.56, 1.46, -1.01
Accel: 0.10, 0.11, -0.95
Gyro: -1.27, 0.87, -0.63
Accel: 0.10, 0.10, -0.93
Gyro: -1.06, 0.23, -0.47
Accel: 0.09, 0.10, -0.94
Gyro: -1.00, -0.66, -0.51
Accel: 0.09, 0.10, -0.96
Gyro: -1.69, -0.90, -0.84
Accel: 0.09, 0.10, -0.94
Gyro: -2.82, -0.63, -1.27
Accel: 0.09, 0.11, -0.94
Gyro: -3.70, -0.55, -1.41
Accel: 0.09, 0.11, -0.95
Gyro: -2.94, -0.19, -1.37
Accel: 0.09, 0.10, -0.94
Gyro: -2.30, -0.79, -1.29
Accel: 0.08, 0.11, -0.94
Gyro: -2.43, -1.59, -1.63
Accel: 0.09, 0.12, -0.95
Gyro: -2.13, -1.75, -1.46
Accel: 0.08, 0.11, -0.95
Gyro: -1.58, -1.51, -1.59
Accel: 0.08, 0.11, -0.95
Gyro: -1.75, -1.11, -1.61
Accel: 0.09, 0.11, -0.95
Gyro: -2.17, 0.00, -1.21
Accel: 0.10, 0.11, -0.95
Gyro: -1.95, 0.63, -0.73
Accel: 0.09, 0.11, -0.95
Gyro: -2.27, 0.27, -0.58
Accel: 0.10, 0.11, -0.95
Gyro: -2.37, -0.33, -0.92
Accel: 0.09, 0.11, -0.95
Gyro: -1.34, -0.30, -0.54
Accel: 0.10, 0.10, -0.95
Gyro: -2.16, -0.37, -1.07
Accel: 0.09, 0.11, -0.94
Gyro: -2.20, -0.70, -1.32
Accel: 0.09, 0.11, -0.95
Gyro: -1.98, -0.75, -1.25
Accel: 0.09, 0.11, -0.95
Gyro: -1.79, -0.81, -1.21
Accel: 0.09, 0.11, -0.94
Gyro: -1.92, -0.79, -0.87
Accel: 0.09, 0.11, -0.95
Gyro: -1.95, -0.90, -0.62
Accel: 0.08, 0.11, -0.96
Gyro: -1.82, -0.98, -0.50
Accel: 0.10, 0.10, -0.95
Gyro: -2.38, -0.76, -0.78
Accel: 0.10, 0.10, -0.95
Gyro: -2.52, -0.67, -0.87
Accel: 0.09, 0.11, -0.95
Gyro: -2.48, -0.90, -1.03
Accel: 0.09, 0.11, -0.95
Gyro: -2.49, -0.76, -1.09
Accel: 0.08, 0.11, -0.95
Gyro: -2.61, -0.31, -1.24
Accel: 0.09, 0.11, -0.94
Gyro: -2.49, -0.35, -0.87
Accel: 0.10, 0.11, -0.94
Gyro: -2.24, -0.18, -0.74
Accel: 0.09, 0.11, -0.94
Gyro: -2.31, -0.35, -0.74
