Accel: 0.18, 0.13, -0.94
Gyro: -2.10, -0.07, -0.66
Accel: 0.18, 0.13, -0.93
Gyro: -2.46, 0.14, -0.88
Accel: 0.19, 0.14, -0.94
Gyro: -2.46, 0.02, -1.10
Accel: 0.18, 0.13, -0.93
Gyro: -2.51, 0.24, -1.08
Accel: 0.19, 0.13, -0.93
Gyro: -2.67, 0.35, -1.41
Accel: 0.19, 0.14, -0.93
Gyro: -2.59, -0.35, -1.49
Accel: 0.19, 0.14, -0.94
Gyro: -2.19, -0.24, -1.10
Accel: 0.19, 0.13, -0.93
Gyro: -2.09, 0.00, -0.82
Accel: 0.19, 0.13, -0.94
Gyro: -2.43, -0.56, -0.83
Accel: 0.19, 0.14, -0.93
Gyro: -2.28, -0.71, -0.48
Accel: 0.18, 0.13, -0.93
Gyro: -2.43, -0.09, -0.71
Accel: 0.18, 0.14, -0.95
Gyro: -2.20, 0.66, -0.47
Accel: 0.19, 0.14, -0.95
Gyro: -2.09, 1.26, -0.34
Accel: 0.18, 0.14, -0.95
Gyro: -1.65, 2.88, 0.31
Accel: 0.17, 0.13, -0.95
Gyro: -2.16, 4.37, 0.20
Accel: 0.18, 0.14, -0.93
Gyro: -2.28, 4.42, 0.38
Accel: 0.18, 0.13, -0.94
Gyro: -1.95, 4.47, 0.13
Accel: 0.18, 0.12, -0.96
Gyro: -2.28, 6.50, -0.35
Accel: 0.17, 0.14, -0.99
Gyro: -3.14, 9.45, -0.04
Accel: 0.16, 0.15, -1.01
Gyro: -3.87, 21.26, 2.68
Accel: 0.18, 0.14, -0.97
Gyro: -4.71, 25.99, 4.18
Accel: 0.15, 0.14, -1.10
Gyro: -7.71, 40.46, 5.68
Accel: 0.18, 0.13, -1.02
Gyro: -9.83, 58.72, 6.90
Accel: 0.25, 0.11, -0.92
Gyro: -8.08, 59.69, 5.32
Accel: 0.23, 0.13, -1.00
Gyro: -10.18, 66.89, 3.52
Accel: 0.27, 0.16, -0.97
Gyro: -12.42, 81.19, 4.36
Accel: 0.29, 0.17, -0.99
Gyro: -11.82, 92.74, 6.47
Accel: 0.37, 0.17, -0.82
Gyro: -11.18, 101.64, 8.98
Accel: 0.47, 0.14, -0.74
Gyro: -4.46, 95.84, 9.40
Accel: 0.53, 0.15, -0.73
Gyro: -5.81, 88.61, 8.42
Accel: 0.57, 0.15, -0.68
Gyro: -8.76, 87.46, 7.94
Accel: 0.68, 0.12, -0.53
Gyro: -8.38, 70.60, 7.25
Accel: 0.73, 0.11, -0.52
Gyro: -7.23, 50.17, 4.34
Accel: 0.76, 0.11, -0.54
Gyro: -8.85, 31.54, 1.70
Accel: 0.77, 0.11, -0.57
Gyro: -10.66, 15.70, -1.50
Accel: 0.77, 0.14, -0.55
Gyro: -13.00, 5.83, -5.29
Accel: 0.76, 0.17, -0.58
Gyro: -8.80, -2.35, -6.43
Accel: 0.74, 0.18, -0.61
Gyro: -5.00, -7.12, -6.29
Accel: 0.73, 0.19, -0.64
Gyro: -1.11, -9.35, -5.05
Accel: 0.73, 0.18, -0.64
Gyro: 0.65, -10.84, -3.85
Accel: 0.72, 0.17, -0.64
Gyro: 0.66, -13.95, -3.72
Accel: 0.73, 0.17, -0.65
Gyro: 0.37, -18.17, -3.64
Accel: 0.72, 0.18, -0.64
Gyro: 0.69, -22.74, -3.49
Accel: 0.70, 0.17, -0.65
Gyro: 2.01, -28.83, -3.24
Accel: 0.69, 0.16, -0.64
Gyro: 2.40, -34.68, -3.27
Accel: 0.67, 0.14, -0.63
Gyro: 1.25, -44.78, -5.39
Accel: 0.64, 0.18, -0.61
Gyro: 2.95, -59.29, -6.10
Accel: 0.59, 0.15, -0.67
Gyro: 4.55, -72.48, -5.92
Accel: 0.53, 0.15, -0.69
Gyro: 6.09, -85.59, -6.77
Accel: 0.46, 0.15, -0.79
Gyro: 5.91, -91.05, -7.39
Accel: 0.37, 0.15, -0.84
Gyro: 5.05, -91.76, -7.43
Accel: 0.31, 0.14, -0.95
Gyro: 3.89, -84.66, -7.90
Accel: 0.27, 0.15, -1.00
Gyro: 0.65, -68.87, -8.42
Accel: 0.26, 0.17, -1.00
Gyro: -0.17, -53.04, -8.00
Accel: 0.25, 0.17, -0.98
Gyro: 1.30, -42.68, -6.62
Accel: 0.24, 0.15, -0.97
Gyro: 2.04, -35.23, -6.03
Accel: 0.25, 0.15, -0.95
Gyro: -0.56, -27.96, -6.56
Accel: 0.24, 0.15, -0.92
Gyro: 1.85, -24.13, -6.58
Accel: 0.22, 0.15, -0.94
Gyro: 2.53, -24.39, -6.64
Accel: 0.22, 0.16, -0.94
Gyro: 0.70, -21.56, -6.59
Accel: 0.22, 0.14, -0.93
Gyro: -0.09, -19.94, -7.19
Accel: 0.20, 0.15, -0.93
Gyro: -0.52, -19.59, -7.68
Accel: 0.18, 0.16, -0.96
Gyro: -0.71, -18.26, -6.67
Accel: 0.18, 0.17, -0.97
Gyro: -1.59, -13.66, -5.54
Accel: 0.18, 0.17, -0.96
Gyro: -1.56, -9.32, -4.16
Accel: 0.17, 0.16, -0.94
Gyro: -0.94, -7.47, -2.70
Accel: 0.17, 0.16, -0.95
Gyro: 0.15, -5.14, -1.42
Accel: 0.17, 0.16, -0.96
Gyro: 0.37, -2.66, -0.61
Accel: 0.18, 0.15, -0.94
Gyro: -0.12, -1.96, -0.40
Accel: 0.17, 0.15, -0.94
Gyro: 0.23, -1.98, -0.14
Accel: 0.18, 0.15, -0.93
Gyro: -0.66, -0.61, 0.03
Accel: 0.19, 0.14, -0.91
Gyro: -1.24, -1.30, -0.46
Accel: 0.19, 0.15, -0.92
Gyro: -1.69, -3.72, -0.50
Accel: 0.17, 0.14, -0.94
Gyro: -1.69, -3.55, -0.16
Accel: 0.17, 0.14, -0.93
Gyro: -1.92, -2.34, -0.78
Accel: 0.18, 0.14, -0.94
Gyro: -1.82, -1.47, -1.00
Accel: 0.17, 0.14, -0.96
Gyro: -1.43, 0.10, -0.94
Accel: 0.17, 0.14, -0.95
Gyro: -1.70, 1.19, -0.74
Accel: 0.18, 0.14, -0.93
Gyro: -2.32, 1.13, -0.53
Accel: 0.18, 0.14, -0.93
Gyro: -2.07, 0.60, -0.32
Accel: 0.17, 0.14, -0.94
Gyro: -1.30, 0.44, -0.08
Accel: 0.18, 0.14, -0.94
Gyro: -1.98, 1.40, -0.93
Accel: 0.19, 0.14, -0.92
Gyro: -1.88, 1.34, -1.25
Accel: 0.20, 0.14, -0.92
Gyro: -1.65, -0.34, -1.41
Accel: 0.19, 0.13, -0.93
Gyro: -1.45, -1.26, -0.92
Accel: 0.19, 0.14, -0.93
Gyro: -2.36, -0.59, -1.59
Accel: 0.19, 0.14, -0.93
Gyro: -1.88, -1.10, -1.24
Accel: 0.18, 0.15, -0.94
Gyro: -2.45, -1.39, -1.22
Accel: 0.18, 0.14, -0.95
Gyro: -2.44, -0.48, -1.24
Accel: 0.18, 0.15, -0.95
Gyro: -2.82, -0.14, -1.39
Accel: 0.19, 0.16, -0.93
Gyro: -1.73, -0.37, -0.92
Accel: 0.19, 0.14, -0.93
Gyro: -1.67, -0.42, -0.31
Accel: 0.18, 0.14, -0.94
Gyro: -1.64, 0.02, 0.23
Accel: 0.19, 0.13, -0.93
Gyro: -1.99, 0.03, 0.02
Accel: 0.19, 0.13, -0.93
Gyro: -2.31, -0.56, -0.58
Accel: 0.19, 0.14, -0.93
Gyro: -2.49, -0.96, -0.83
Accel: 0.18, 0.13, -0.94
Gyro: -2.65, -0.46, -1.31
Accel: 0.19, 0.14, -0.93
Gyro: -2.48, 0.24, -1.53
Accel: 0.19, 0.15, -0.93
Gyro: -2.45, -0.87, -1.16
Accel: 0.18, 0.15, -0.93
Gyro: -2.17, -0.92, -0.62
Accel: 0.18, 0.14, -0.94
Gyro: -2.35, 0.13, -0.50
