Accel: 0.19, 0.13, -0.94
Gyro: -2.45, 0.08, -0.39
Accel: 0.19, 0.13, -0.94
Gyro: -2.49, 0.85, 0.02
Accel: 0.20, 0.13, -0.94
Gyro: -2.76, 1.44, 0.31
Accel: 0.20, 0.12, -0.93
Gyro: -2.89, 1.39, 0.58
Accel: 0.21, 0.12, -0.93
Gyro: -3.27, 1.24, 0.59
Accel: 0.20, 0.12, -0.93
Gyro: -3.55, 1.11, 0.00
Accel: 0.20, 0.14, -0.94
Gyro: -3.45, 1.25, -0.55
Accel: 0.20, 0.12, -0.93
Gyro: -2.64, 2.08, -0.50
Accel: 0.20, 0.13, -0.93
Gyro: -2.98, 2.65, -0.76
Accel: 0.20, 0.14, -0.95
Gyro: -3.20, 3.61, -0.17
Accel: 0.18, 0.14, -0.99
Gyro: -4.21, 7.90, 0.85
Accel: 0.18, 0.15, -0.99
Gyro: -5.17, 15.08, 3.45
Accel: 0.17, 0.15, -1.04
Gyro: -6.51, 23.19, 6.56
Accel: 0.12, 0.18, -1.11
Gyro: -9.54, 43.17, 12.72
Accel: 0.17, 0.15, -1.01
Gyro: -10.86, 56.88, 18.94
Accel: 0.21, 0.14, -0.99
Gyro: -10.68, 68.05, 21.16
Accel: 0.26, 0.11, -0.94
Gyro: -7.93, 75.57, 18.94
Accel: 0.32, 0.10, -0.87
Gyro: -6.87, 76.50, 14.86
Accel: 0.36, 0.11, -0.91
Gyro: -7.85, 80.74, 12.76
Accel: 0.40, 0.13, -0.82
Gyro: -8.08, 82.30, 11.91
Accel: 0.43, 0.13, -0.84
Gyro: -5.68, 78.69, 12.08
Accel: 0.50, 0.11, -0.70
Gyro: -11.18, 82.02, 10.76
Accel: 0.60, 0.09, -0.66
Gyro: -7.45, 68.92, 7.18
Accel: 0.60, 0.08, -0.75
Gyro: -8.71, 63.37, 1.24
Accel: 0.66, 0.13, -0.67
Gyro: -12.17, 60.29, -2.14
Accel: 0.72, 0.14, -0.54
Gyro: -6.73, 44.40, -3.28
Accel: 0.72, 0.13, -0.61
Gyro: -3.72, 30.65, -4.11
Accel: 0.75, 0.16, -0.60
Gyro: -5.57, 24.89, -4.48
Accel: 0.77, 0.16, -0.55
Gyro: -4.30, 15.59, -2.76
Accel: 0.76, 0.14, -0.58
Gyro: -3.37, 6.05, -3.01
Accel: 0.75, 0.13, -0.61
Gyro: -2.04, 1.76, -4.04
Accel: 0.75, 0.14, -0.61
Gyro: -2.33, -2.60, -5.27
Accel: 0.74, 0.17, -0.63
Gyro: -2.02, -6.77, -4.87
Accel: 0.73, 0.16, -0.65
Gyro: -0.37, -9.03, -3.75
Accel: 0.72, 0.15, -0.67
Gyro: 0.14, -10.83, -2.76
Accel: 0.72, 0.14, -0.65
Gyro: 0.40, -13.89, -1.91
Accel: 0.71, 0.14, -0.65
Gyro: 0.46, -16.88, -1.54
Accel: 0.70, 0.13, -0.65
Gyro: -0.65, -19.89, -2.35
Accel: 0.71, 0.13, -0.64
Gyro: -0.60, -25.25, -3.07
Accel: 0.70, 0.13, -0.62
Gyro: 1.87, -33.11, -3.48
Accel: 0.68, 0.14, -0.62
Gyro: 1.69, -42.24, -3.95
Accel: 0.66, 0.14, -0.64
Gyro: 1.34, -50.61, -5.27
Accel: 0.64, 0.15, -0.64
Gyro: 1.16, -62.68, -5.58
Accel: 0.59, 0.15, -0.68
Gyro: 0.98, -75.47, -6.59
Accel: 0.52, 0.14, -0.77
Gyro: 1.74, -82.45, -8.18
Accel: 0.46, 0.14, -0.79
Gyro: 3.08, -84.93, -10.38
Accel: 0.40, 0.13, -0.83
Gyro: 5.02, -87.04, -12.25
Accel: 0.33, 0.15, -0.90
Gyro: 5.22, -83.63, -13.69
Accel: 0.29, 0.14, -0.93
Gyro: 3.82, -76.67, -13.28
Accel: 0.26, 0.14, -0.91
Gyro: 3.76, -72.17, -13.09
Accel: 0.21, 0.11, -0.92
Gyro: 4.93, -66.60, -11.99
Accel: 0.20, 0.14, -1.00
Gyro: 9.70, -57.94, -10.19
Accel: 0.16, 0.14, -1.00
Gyro: 1.72, -49.36, -9.86
Accel: 0.14, 0.14, -0.99
Gyro: -0.45, -41.64, -9.44
Accel: 0.11, 0.15, -1.01
Gyro: -1.90, -34.82, -8.47
Accel: 0.10, 0.15, -1.02
Gyro: -2.71, -24.59, -6.74
Accel: 0.10, 0.15, -0.99
Gyro: -3.20, -15.80, -5.94
Accel: 0.11, 0.16, -0.97
Gyro: -2.30, -11.40, -4.10
Accel: 0.11, 0.15, -0.97
Gyro: -1.45, -8.25, -2.87
Accel: 0.10, 0.14, -0.98
Gyro: -0.08, -5.21, -2.11
Accel: 0.12, 0.14, -0.97
Gyro: -1.19, -1.59, -2.30
Accel: 0.12, 0.14, -0.95
Gyro: -0.61, 0.36, -1.69
Accel: 0.13, 0.14, -0.95
Gyro: -1.23, 0.94, -1.23
Accel: 0.14, 0.13, -0.95
Gyro: -1.95, 2.10, -1.40
Accel: 0.15, 0.14, -0.95
Gyro: -1.66, 3.15, -1.13
Accel: 0.15, 0.14, -0.94
Gyro: -1.80, 2.72, -1.34
Accel: 0.16, 0.13, -0.94
Gyro: -1.80, 2.02, -0.85
Accel: 0.16, 0.13, -0.94
Gyro: -2.38, 1.88, -1.02
Accel: 0.16, 0.14, -0.93
Gyro: -1.98, 1.70, -0.75
Accel: 0.16, 0.14, -0.94
Gyro: -2.18, 1.31, -0.70
Accel: 0.16, 0.14, -0.94
Gyro: -1.95, 1.08, -0.44
Accel: 0.16, 0.13, -0.93
Gyro: -2.01, 1.08, -0.25
Accel: 0.16, 0.13, -0.94
Gyro: -2.16, 0.84, -0.41
Accel: 0.16, 0.13, -0.94
Gyro: -2.53, 0.08, -0.65
Accel: 0.16, 0.13, -0.94
Gyro: -2.49, 0.16, -0.86
Accel: 0.15, 0.14, -0.95
Gyro: -2.51, 0.68, -1.05
Accel: 0.16, 0.13, -0.94
Gyro: -2.93, 0.99, -1.39
Accel: 0.16, 0.14, -0.93
Gyro: -2.69, 0.39, -1.05
Accel: 0.16, 0.14, -0.94
Gyro: -2.51, 0.05, -0.72
Accel: 0.16, 0.13, -0.94
Gyro: -2.74, 0.63, -0.80
Accel: 0.16, 0.14, -0.93
Gyro: -2.85, 0.76, -0.85
Accel: 0.16, 0.14, -0.93
Gyro: -2.82, 0.27, -0.78
Accel: 0.16, 0.14, -0.94
Gyro: -2.81, -0.11, -0.86
Accel: 0.16, 0.15, -0.94
Gyro: -2.48, 0.41, -0.72
Accel: 0.17, 0.14, -0.93
Gyro: -2.04, 0.80, -0.47
Accel: 0.17, 0.14, -0.93
Gyro: -2.27, -0.10, -0.72
Accel: 0.17, 0.14, -0.93
Gyro: -2.14, -1.21, -0.79
Accel: 0.16, 0.13, -0.94
Gyro: -1.89, -0.34, -0.89
Accel: 0.17, 0.13, -0.94
Gyro: -2.33, -0.03, -1.19
Accel: 0.17, 0.14, -0.94
Gyro: -2.34, -0.11, -0.98
Accel: 0.16, 0.14, -0.94
Gyro: -2.33, -0.57, -0.83
Accel: 0.16, 0.14, -0.94
Gyro: -2.24, -0.18, -0.82
Accel: 0.17, 0.13, -0.93
Gyro: -2.56, 0.60, -1.10
Accel: 0.17, 0.14, -0.94
Gyro: -1.91, 0.38, -0.68
Accel: 0.17, 0.13, -0.94
Gyro: -2.20, 0.15, -1.12
Accel: 0.16, 0.14, -0.94
Gyro: -2.28, 0.37, -1.19
Accel: 0.17, 0.14, -0.95
Gyro: -2.59, 0.47, -1.47
Accel: 0.17, 0.14, -0.94
Gyro: -2.35, 0.91, -1.32
Accel: 0.17, 0.14, -0.93
Gyro: -2.25, 0.16, -1.19
Accel: 0.17, 0.14, -0.94
Gyro: -2.11, 0.09, -0.86
Accel: 0.18, 0.13, -0.94
Gyro: -2.39, 0.25, -0.69
