Accel: 0.19, 0.14, -0.93
Gyro: -2.08, -0.16, -0.47
Accel: 0.19, 0.14, -0.93
Gyro: -2.14, -0.24, -0.31
Accel: 0.19, 0.14, -0.93
Gyro: -2.28, 0.32, -0.34
Accel: 0.19, 0.14, -0.93
Gyro: -2.89, 0.88, -1.11
Accel: 0.19, 0.15, -0.93
Gyro: -2.63, 0.60, -1.24
Accel: 0.19, 0.15, -0.93
Gyro: -2.01, 0.48, -1.24
Accel: 0.19, 0.14, -0.92
Gyro: -2.02, -0.24, -0.79
Accel: 0.19, 0.14, -0.93
Gyro: -2.53, -0.67, -0.63
Accel: 0.19, 0.14, -0.94
Gyro: -2.28, -0.16, -0.54
Accel: 0.19, 0.14, -0.95
Gyro: -2.30, 1.42, -0.50
Accel: 0.18, 0.15, -0.96
Gyro: -2.53, 2.69, -0.27
Accel: 0.17, 0.16, -0.97
Gyro: -2.78, 6.64, 0.63
Accel: 0.19, 0.16, -0.95
Gyro: -3.20, 9.78, 2.53
Accel: 0.19, 0.15, -0.93
Gyro: -2.96, 11.05, 3.88
Accel: 0.19, 0.16, -0.96
Gyro: -3.49, 14.47, 4.72
Accel: 0.20, 0.16, -0.96
Gyro: -2.17, 17.33, 6.45
Accel: 0.18, 0.16, -1.03
Gyro: -1.60, 24.59, 8.10
Accel: 0.17, 0.16, -1.03
Gyro: 0.68, 42.92, 8.80
Accel: 0.20, 0.19, -1.02
Gyro: 0.40, 51.20, 13.03
Accel: 0.15, 0.16, -1.14
Gyro: -2.24, 78.45, 18.15
Accel: 0.25, 0.09, -0.93
Gyro: -3.12, 95.10, 16.83
Accel: 0.32, 0.09, -0.91
Gyro: -1.26, 99.52, 11.38
Accel: 0.38, 0.10, -0.81
Gyro: -1.05, 102.36, 8.33
Accel: 0.41, 0.08, -0.84
Gyro: 0.02, 100.05, 5.23
Accel: 0.49, 0.09, -0.69
Gyro: -3.97, 99.86, 0.61
Accel: 0.62, 0.11, -0.60
Gyro: -2.40, 81.59, -0.97
Accel: 0.67, 0.09, -0.59
Gyro: -3.67, 63.96, -2.72
Accel: 0.69, 0.12, -0.62
Gyro: -8.32, 53.25, -3.48
Accel: 0.74, 0.12, -0.53
Gyro: -9.57, 40.86, -3.46
Accel: 0.76, 0.12, -0.58
Gyro: -7.47, 24.59, -3.71
Accel: 0.76, 0.15, -0.59
Gyro: -9.34, 17.38, -0.18
Accel: 0.77, 0.13, -0.56
Gyro: -5.58, 7.82, -0.11
Accel: 0.76, 0.15, -0.61
Gyro: -5.39, 1.63, -0.21
Accel: 0.75, 0.14, -0.62
Gyro: -4.39, -2.14, 2.55
Accel: 0.73, 0.13, -0.66
Gyro: -3.89, -4.16, 2.32
Accel: 0.72, 0.13, -0.67
Gyro: -2.99, -2.91, 1.09
Accel: 0.72, 0.11, -0.66
Gyro: -1.51, -2.74, -0.47
Accel: 0.73, 0.11, -0.64
Gyro: -1.02, -5.03, -3.02
Accel: 0.73, 0.12, -0.65
Gyro: -1.42, -8.32, -4.48
Accel: 0.73, 0.12, -0.63
Gyro: -1.31, -12.04, -4.68
Accel: 0.72, 0.12, -0.61
Gyro: -1.34, -16.90, -5.10
Accel: 0.72, 0.13, -0.60
Gyro: -1.52, -23.74, -5.31
Accel: 0.73, 0.14, -0.58
Gyro: -0.02, -34.42, -4.44
Accel: 0.71, 0.13, -0.58
Gyro: 1.13, -47.33, -4.20
Accel: 0.69, 0.13, -0.62
Gyro: 1.89, -60.76, -6.18
Accel: 0.65, 0.15, -0.65
Gyro: 3.73, -73.36, -6.87
Accel: 0.58, 0.12, -0.74
Gyro: 5.13, -81.82, -8.09
Accel: 0.52, 0.12, -0.77
Gyro: 5.56, -84.35, -11.44
Accel: 0.44, 0.13, -0.83
Gyro: 5.16, -83.87, -13.98
Accel: 0.39, 0.13, -0.89
Gyro: 4.66, -78.45, -14.86
Accel: 0.34, 0.14, -0.94
Gyro: 4.86, -68.12, -14.36
Accel: 0.31, 0.14, -0.97
Gyro: 5.07, -57.66, -12.92
Accel: 0.29, 0.14, -0.97
Gyro: 4.64, -46.84, -11.17
Accel: 0.28, 0.13, -0.95
Gyro: 3.51, -38.92, -8.94
Accel: 0.28, 0.12, -0.92
Gyro: 3.53, -34.30, -7.68
Accel: 0.27, 0.12, -0.91
Gyro: 1.43, -32.20, -8.13
Accel: 0.27, 0.13, -0.89
Gyro: 0.33, -34.07, -7.56
Accel: 0.24, 0.12, -0.90
Gyro: 5.09, -36.32, -5.48
Accel: 0.22, 0.13, -0.95
Gyro: 1.78, -34.90, -5.26
Accel: 0.19, 0.14, -0.95
Gyro: -0.18, -32.47, -4.01
Accel: 0.17, 0.13, -0.98
Gyro: -3.14, -27.78, -3.06
Accel: 0.15, 0.12, -0.99
Gyro: -3.72, -21.48, -3.43
Accel: 0.16, 0.13, -0.99
Gyro: -2.53, -14.88, -3.72
Accel: 0.15, 0.13, -0.98
Gyro: -1.46, -9.70, -3.36
Accel: 0.16, 0.13, -0.97
Gyro: -1.29, -6.25, -2.99
Accel: 0.16, 0.13, -0.97
Gyro: -0.05, -3.27, -2.09
Accel: 0.16, 0.14, -0.96
Gyro: -1.15, -0.51, -1.46
Accel: 0.17, 0.12, -0.96
Gyro: -1.16, 1.03, -0.31
Accel: 0.18, 0.12, -0.94
Gyro: -2.01, 1.56, -0.77
Accel: 0.18, 0.13, -0.92
Gyro: -3.01, 1.28, -1.11
Accel: 0.19, 0.13, -0.92
Gyro: -2.55, 0.27, -1.30
Accel: 0.18, 0.13, -0.92
Gyro: -2.38, -1.40, -1.50
Accel: 0.18, 0.13, -0.93
Gyro: -1.65, -1.79, -1.01
Accel: 0.17, 0.12, -0.95
Gyro: -1.76, -1.25, -0.66
Accel: 0.18, 0.13, -0.95
Gyro: -1.81, -0.93, -0.59
Accel: 0.18, 0.12, -0.95
Gyro: -1.91, -1.59, -0.47
Accel: 0.17, 0.13, -0.96
Gyro: -1.74, -0.61, -0.42
Accel: 0.18, 0.11, -0.94
Gyro: -2.08, 0.36, -0.76
Accel: 0.19, 0.13, -0.94
Gyro: -2.24, 0.28, -1.26
Accel: 0.18, 0.13, -0.94
Gyro: -2.04, 0.43, -1.12
Accel: 0.18, 0.13, -0.94
Gyro: -1.84, 1.39, -0.78
Accel: 0.18, 0.12, -0.93
Gyro: -2.06, 1.44, -0.66
Accel: 0.19, 0.12, -0.92
Gyro: -2.04, 0.51, -0.37
Accel: 0.19, 0.12, -0.93
Gyro: -2.27, 0.18, -0.08
Accel: 0.19, 0.11, -0.93
Gyro: -2.80, 0.30, -0.27
Accel: 0.18, 0.12, -0.93
Gyro: -2.91, -0.20, -0.66
Accel: 0.19, 0.12, -0.95
Gyro: -2.82, -1.05, -1.09
Accel: 0.18, 0.12, -0.94
Gyro: -2.62, -0.44, -1.08
Accel: 0.18, 0.12, -0.94
Gyro: -2.20, 0.21, -1.11
Accel: 0.18, 0.13, -0.94
Gyro: -2.20, 0.24, -0.92
Accel: 0.19, 0.12, -0.93
Gyro: -2.16, 0.00, -0.77
Accel: 0.19, 0.12, -0.94
Gyro: -2.40, 0.82, -0.60
Accel: 0.18, 0.12, -0.94
Gyro: -2.81, 0.98, -0.49
Accel: 0.18, 0.13, -0.93
Gyro: -2.81, 1.11, -0.42
Accel: 0.19, 0.12, -0.93
Gyro: -2.98, 1.05, -0.53
Accel: 0.19, 0.12, -0.93
Gyro: -2.79, 0.94, -0.40
Accel: 0.20, 0.13, -0.93
Gyro: -2.97, 1.03, -0.75
Accel: 0.19, 0.13, -0.93
Gyro: -3.02, 0.89, -0.66
Accel: 0.20, 0.13, -0.93
Gyro: -1.98, 0.82, -0.24
Accel: 0.20, 0.12, -0.93
Gyro: -2.35, 0.47, -0.47
Accel: 0.19, 0.13, -0.93
Gyro: -2.59, -0.24, -0.72
