Accel: 0.15, 0.12, -0.95
Gyro: -1.95, -0.47, -1.26
Accel: 0.15, 0.12, -0.94
Gyro: -2.14, -0.68, -1.05
Accel: 0.14, 0.12, -0.95
Gyro: -2.39, -0.89, -0.87
Accel: 0.15, 0.11, -0.94
Gyro: -2.71, -0.72, -1.03
Accel: 0.14, 0.12, -0.94
Gyro: -2.95, -0.64, -1.10
Accel: 0.14, 0.12, -0.95
Gyro: -2.80, -0.25, -1.40
Accel: 0.14, 0.12, -0.94
Gyro: -2.62, -0.31, -1.41
Accel: 0.15, 0.12, -0.94
Gyro: -2.61, -0.40, -1.37
Accel: 0.15, 0.12, -0.95
Gyro: -2.61, -0.18, -1.25
Accel: 0.15, 0.12, -0.96
Gyro: -2.40, -0.42, -0.83
Accel: 0.15, 0.12, -0.94
Gyro: -2.75, 0.06, -0.84
Accel: 0.15, 0.12, -0.94
Gyro: -2.82, 0.40, -0.66
Accel: 0.14, 0.13, -0.95
Gyro: -2.91, 0.79, -0.26
Accel: 0.13, 0.12, -0.97
Gyro: -3.31, 2.04, -0.01
Accel: 0.11, 0.12, -1.01
Gyro: -4.79, 7.03, 0.19
Accel: 0.12, 0.13, -0.99
Gyro: -6.59, 15.34, 2.17
Accel: 0.12, 0.14, -1.02
Gyro: -8.29, 22.07, 3.87
Accel: 0.12, 0.15, -1.02
Gyro: -8.93, 34.76, 5.97
Accel: 0.16, 0.14, -0.96
Gyro: -7.43, 39.53, 7.68
Accel: 0.16, 0.12, -0.99
Gyro: -7.87, 43.83, 8.03
Accel: 0.16, 0.14, -1.06
Gyro: -9.42, 59.01, 8.67
Accel: 0.19, 0.16, -1.00
Gyro: -9.98, 71.08, 9.83
Accel: 0.21, 0.16, -1.03
Gyro: -8.81, 87.78, 10.86
Accel: 0.28, 0.18, -0.92
Gyro: -7.61, 101.15, 11.31
Accel: 0.37, 0.13, -0.83
Gyro: -3.68, 102.09, 10.01
Accel: 0.41, 0.10, -0.82
Gyro: 2.36, 98.40, 8.00
Accel: 0.47, 0.10, -0.75
Gyro: 1.77, 95.64, 3.86
Accel: 0.51, 0.10, -0.80
Gyro: -1.44, 95.79, 2.01
Accel: 0.62, 0.09, -0.58
Gyro: -4.25, 89.62, -2.10
Accel: 0.76, 0.11, -0.43
Gyro: 0.62, 58.45, -5.33
Accel: 0.79, 0.10, -0.48
Gyro: 2.34, 23.96, -7.35
Accel: 0.76, 0.10, -0.57
Gyro: -2.32, 2.97, -8.62
Accel: 0.73, 0.12, -0.62
Gyro: -7.48, -5.94, -8.55
Accel: 0.71, 0.16, -0.65
Gyro: -8.67, -9.26, -7.10
Accel: 0.69, 0.17, -0.64
Gyro: -5.74, -12.05, -4.13
Accel: 0.69, 0.16, -0.68
Gyro: -4.17, -14.72, -1.71
Accel: 0.68, 0.15, -0.70
Gyro: -3.01, -14.41, -1.46
Accel: 0.69, 0.14, -0.69
Gyro: -2.08, -15.73, -2.14
Accel: 0.67, 0.15, -0.69
Gyro: -1.43, -20.01, -2.69
Accel: 0.66, 0.14, -0.71
Gyro: -1.27, -24.60, -3.22
Accel: 0.64, 0.16, -0.72
Gyro: -0.11, -24.95, -3.36
Accel: 0.63, 0.14, -0.72
Gyro: -0.18, -27.45, -3.28
Accel: 0.63, 0.14, -0.70
Gyro: -1.17, -32.69, -3.04
Accel: 0.61, 0.15, -0.71
Gyro: -1.59, -40.05, -2.76
Accel: 0.58, 0.15, -0.72
Gyro: -0.71, -46.50, -2.76
Accel: 0.55, 0.17, -0.73
Gyro: 0.71, -51.99, -2.04
Accel: 0.53, 0.17, -0.74
Gyro: 2.74, -60.85, -0.07
Accel: 0.49, 0.14, -0.76
Gyro: 3.94, -68.73, 0.50
Accel: 0.44, 0.12, -0.77
Gyro: 4.97, -74.86, -1.59
Accel: 0.39, 0.13, -0.79
Gyro: 4.73, -81.02, -4.44
Accel: 0.33, 0.13, -0.86
Gyro: 3.93, -84.87, -5.47
Accel: 0.27, 0.10, -0.92
Gyro: 3.38, -81.84, -6.53
Accel: 0.22, 0.11, -0.94
Gyro: 0.53, -76.76, -7.97
Accel: 0.15, 0.11, -1.02
Gyro: 7.08, -66.75, -7.73
Accel: 0.12, 0.11, -1.09
Gyro: 1.01, -49.64, -9.70
Accel: 0.11, 0.12, -1.08
Gyro: -3.33, -31.75, -11.22
Accel: 0.12, 0.14, -1.03
Gyro: -2.52, -18.53, -10.36
Accel: 0.13, 0.15, -0.99
Gyro: -1.13, -11.19, -7.91
Accel: 0.13, 0.14, -0.97
Gyro: -1.08, -7.29, -5.66
Accel: 0.14, 0.14, -0.94
Gyro: -2.01, -6.18, -4.23
Accel: 0.14, 0.13, -0.96
Gyro: -1.25, -5.01, -3.63
Accel: 0.13, 0.13, -0.95
Gyro: -2.30, -3.61, -3.81
Accel: 0.15, 0.14, -0.93
Gyro: -2.09, -3.57, -3.56
Accel: 0.14, 0.14, -0.94
Gyro: -1.95, -4.16, -2.65
Accel: 0.14, 0.13, -0.96
Gyro: -2.04, -3.64, -1.62
Accel: 0.14, 0.13, -0.95
Gyro: -2.61, -2.27, -1.35
Accel: 0.14, 0.13, -0.96
Gyro: -2.08, -1.22, -1.11
Accel: 0.15, 0.13, -0.96
Gyro: -2.13, -0.34, -1.30
Accel: 0.16, 0.13, -0.96
Gyro: -2.62, 0.84, -1.95
Accel: 0.16, 0.13, -0.94
Gyro: -2.78, 1.24, -1.74
Accel: 0.16, 0.13, -0.94
Gyro: -3.10, 2.01, -2.01
Accel: 0.16, 0.14, -0.94
Gyro: -2.69, 2.63, -2.02
Accel: 0.17, 0.13, -0.94
Gyro: -2.62, 2.49, -2.35
Accel: 0.17, 0.14, -0.93
Gyro: -2.13, 1.38, -2.23
Accel: 0.17, 0.13, -0.92
Gyro: -2.21, 0.20, -2.03
Accel: 0.16, 0.13, -0.93
Gyro: -1.90, -0.29, -1.85
Accel: 0.17, 0.13, -0.94
Gyro: -2.08, -0.74, -1.50
Accel: 0.16, 0.14, -0.93
Gyro: -2.10, -1.28, -1.19
Accel: 0.15, 0.14, -0.94
Gyro: -2.31, -1.05, -0.92
Accel: 0.15, 0.14, -0.94
Gyro: -2.23, -1.24, -0.66
Accel: 0.15, 0.13, -0.94
Gyro: -1.85, -1.24, -0.58
Accel: 0.15, 0.13, -0.95
Gyro: -1.75, -0.58, -0.75
Accel: 0.15, 0.13, -0.95
Gyro: -1.83, 0.05, -1.04
Accel: 0.16, 0.12, -0.94
Gyro: -2.33, 1.14, -1.13
Accel: 0.17, 0.13, -0.93
Gyro: -2.48, 1.10, -1.14
Accel: 0.17, 0.12, -0.94
Gyro: -2.60, 1.01, -1.27
Accel: 0.17, 0.13, -0.95
Gyro: -1.79, 0.96, -1.21
Accel: 0.17, 0.13, -0.94
Gyro: -1.59, 0.76, -1.31
Accel: 0.17, 0.13, -0.93
Gyro: -1.92, 0.79, -1.46
Accel: 0.16, 0.13, -0.93
Gyro: -2.13, 0.05, -1.36
Accel: 0.17, 0.13, -0.94
Gyro: -1.97, 0.04, -0.98
Accel: 0.17, 0.14, -0.94
Gyro: -2.04, -0.22, -0.93
Accel: 0.17, 0.13, -0.94
Gyro: -2.11, -0.88, -0.53
Accel: 0.18, 0.12, -0.94
Gyro: -2.14, -0.58, -0.50
Accel: 0.17, 0.13, -0.94
Gyro: -2.28, -0.48, -0.54
Accel: 0.17, 0.14, -0.93
Gyro: -2.18, -0.72, -0.74
Accel: 0.17, 0.13, -0.95
Gyro: -2.27, -0.82, -0.95
Accel: 0.17, 0.14, -0.94
Gyro: -2.38, -0.72, -0.91
Accel: 0.16, 0.14, -0.94
Gyro: -2.37, -0.53, -0.82
Accel: 0.16, 0.13, -0.95
Gyro: -2.20, -0.47, -0.92
Accel: 0.17, 0.13, -0.94
Gyro: -1.95, -0.14, -1.01
