Accel: 0.13, 0.13, -0.93
Gyro: -2.66, 0.31, -0.77
Accel: 0.14, 0.13, -0.95
Gyro: -2.20, 0.20, -0.39
Accel: 0.12, 0.13, -0.95
Gyro: -2.10, 0.21, -0.13
Accel: 0.14, 0.12, -0.94
Gyro: -1.98, -0.03, -0.21
Accel: 0.13, 0.12, -0.95
Gyro: -2.62, 0.02, -0.66
Accel: 0.12, 0.13, -0.95
Gyro: -2.60, 0.69, -0.88
Accel: 0.14, 0.14, -0.95
Gyro: -2.13, 1.75, -0.87
Accel: 0.14, 0.12, -0.93
Gyro: -1.67, 1.04, -0.38
Accel: 0.14, 0.12, -0.94
Gyro: -2.08, 0.42, -0.47
Accel: 0.13, 0.13, -0.94
Gyro: -1.98, 0.36, -0.27
Accel: 0.14, 0.13, -0.94
Gyro: -1.65, 0.34, -0.25
Accel: 0.14, 0.12, -0.95
Gyro: -2.17, 0.33, -0.66
Accel: 0.14, 0.12, -0.95
Gyro: -2.43, 0.65, -0.39
Accel: 0.14, 0.13, -0.95
Gyro: -2.46, 1.44, -0.18
Accel: 0.14, 0.13, -0.93
Gyro: -2.34, 1.49, -0.05
Accel: 0.14, 0.12, -0.95
Gyro: -2.40, 1.54, 0.02
Accel: 0.14, 0.12, -0.96
Gyro: -1.74, 2.49, 0.55
Accel: 0.14, 0.13, -0.95
Gyro: -2.18, 3.68, 0.70
Accel: 0.14, 0.13, -0.95
Gyro: -2.46, 4.39, 1.14
Accel: 0.14, 0.13, -0.95
Gyro: -2.53, 5.49, 1.81
Accel: 0.14, 0.13, -0.98
Gyro: -3.04, 7.98, 3.03
Accel: 0.12, 0.14, -1.02
Gyro: -4.85, 14.50, 4.93
Accel: 0.13, 0.14, -1.02
Gyro: -5.60, 25.30, 8.32
Accel: 0.15, 0.14, -0.99
Gyro: -5.97, 31.27, 10.77
Accel: 0.16, 0.13, -1.00
Gyro: -5.95, 38.79, 12.31
Accel: 0.18, 0.13, -0.99
Gyro: -6.39, 47.72, 12.94
Accel: 0.20, 0.11, -0.98
Gyro: -6.35, 51.64, 12.03
Accel: 0.23, 0.12, -0.96
Gyro: -7.16, 62.94, 11.06
Accel: 0.28, 0.10, -0.92
Gyro: -6.62, 64.98, 8.99
Accel: 0.29, 0.11, -0.92
Gyro: -9.67, 72.96, 6.01
Accel: 0.36, 0.13, -0.85
Gyro: -8.22, 74.79, 4.63
Accel: 0.37, 0.15, -0.88
Gyro: -5.51, 73.01, 4.94
Accel: 0.42, 0.12, -0.81
Gyro: -7.01, 78.14, 5.68
Accel: 0.48, 0.11, -0.78
Gyro: -3.77, 72.24, 4.10
Accel: 0.51, 0.14, -0.75
Gyro: -5.65, 68.88, 3.34
Accel: 0.57, 0.13, -0.73
Gyro: -7.21, 67.01, 3.58
Accel: 0.64, 0.09, -0.62
Gyro: -6.23, 57.13, 1.03
Accel: 0.66, 0.12, -0.67
Gyro: -8.00, 46.86, -1.14
Accel: 0.68, 0.09, -0.67
Gyro: -8.45, 41.89, -1.44
Accel: 0.66, 0.13, -0.72
Gyro: -18.16, 42.69, -3.54
Accel: 0.72, 0.17, -0.57
Gyro: -24.09, 38.51, 2.94
Accel: 0.76, 0.17, -0.55
Gyro: -16.40, 25.40, 1.32
Accel: 0.78, 0.17, -0.56
Gyro: -8.48, 12.99, -3.55
Accel: 0.78, 0.15, -0.58
Gyro: -0.66, 1.64, -7.93
Accel: 0.75, 0.17, -0.63
Gyro: 1.53, -4.33, -10.25
Accel: 0.74, 0.17, -0.62
Gyro: 1.79, -7.16, -8.01
Accel: 0.72, 0.18, -0.64
Gyro: 0.17, -10.56, -6.19
Accel: 0.72, 0.18, -0.64
Gyro: 0.05, -13.44, -4.30
Accel: 0.71, 0.18, -0.64
Gyro: -0.62, -15.24, -3.50
Accel: 0.71, 0.17, -0.64
Gyro: 0.11, -18.19, -2.20
Accel: 0.70, 0.15, -0.64
Gyro: 0.96, -22.83, -2.51
Accel: 0.69, 0.18, -0.64
Gyro: 0.57, -29.01, -3.34
Accel: 0.67, 0.17, -0.68
Gyro: 2.53, -34.76, -2.66
Accel: 0.64, 0.15, -0.68
Gyro: 1.81, -38.18, -3.45
Accel: 0.62, 0.17, -0.69
Gyro: 2.56, -42.62, -4.43
Accel: 0.62, 0.16, -0.70
Gyro: 3.68, -48.26, -4.45
Accel: 0.59, 0.16, -0.70
Gyro: 3.75, -54.48, -5.46
Accel: 0.56, 0.16, -0.73
Gyro: 5.31, -62.81, -5.88
Accel: 0.50, 0.14, -0.81
Gyro: 5.05, -65.71, -5.84
Accel: 0.47, 0.11, -0.80
Gyro: 3.52, -66.70, -8.07
Accel: 0.42, 0.12, -0.80
Gyro: 2.69, -71.57, -11.57
Accel: 0.38, 0.13, -0.87
Gyro: 2.33, -71.00, -13.33
Accel: 0.35, 0.14, -0.89
Gyro: -0.69, -66.89, -14.92
Accel: 0.33, 0.17, -0.85
Gyro: -0.38, -66.67, -14.66
Accel: 0.29, 0.17, -0.89
Gyro: 3.71, -70.80, -12.65
Accel: 0.24, 0.16, -0.88
Gyro: 7.34, -66.93, -10.47
Accel: 0.21, 0.16, -0.97
Gyro: 7.04, -61.75, -9.65
Accel: 0.18, 0.15, -0.96
Gyro: 3.73, -57.23, -9.62
Accel: 0.14, 0.16, -1.00
Gyro: 2.35, -51.59, -8.71
Accel: 0.12, 0.16, -1.01
Gyro: 1.41, -42.88, -7.51
Accel: 0.10, 0.16, -1.01
Gyro: 1.43, -34.69, -6.16
Accel: 0.07, 0.15, -1.03
Gyro: 0.68, -25.89, -5.07
Accel: 0.08, 0.15, -1.03
Gyro: 0.82, -16.29, -4.03
Accel: 0.08, 0.14, -0.99
Gyro: -0.04, -9.52, -3.33
Accel: 0.08, 0.14, -0.98
Gyro: 0.40, -6.14, -2.37
Accel: 0.08, 0.13, -0.96
Gyro: 0.04, -3.22, -2.30
Accel: 0.09, 0.14, -0.95
Gyro: 0.02, -1.63, -2.62
Accel: 0.09, 0.14, -0.95
Gyro: -1.06, -0.79, -2.27
Accel: 0.09, 0.14, -0.95
Gyro: -1.90, 0.09, -2.75
Accel: 0.09, 0.14, -0.94
Gyro: -1.84, 0.51, -2.94
Accel: 0.10, 0.15, -0.94
Gyro: -1.14, 0.37, -1.87
Accel: 0.10, 0.14, -0.96
Gyro: -1.46, 0.40, -1.77
Accel: 0.10, 0.13, -0.94
Gyro: -1.26, 0.64, -1.35
Accel: 0.10, 0.14, -0.94
Gyro: -1.59, 0.72, -1.20
Accel: 0.10, 0.15, -0.95
Gyro: -1.75, 0.75, -1.07
Accel: 0.10, 0.13, -0.95
Gyro: -2.11, 0.52, -1.59
Accel: 0.10, 0.14, -0.96
Gyro: -2.30, 1.11, -1.67
Accel: 0.11, 0.14, -0.95
Gyro: -2.15, 2.17, -1.79
Accel: 0.11, 0.15, -0.95
Gyro: -1.69, 2.22, -1.33
Accel: 0.11, 0.14, -0.94
Gyro: -1.84, 1.98, -1.14
Accel: 0.11, 0.14, -0.94
Gyro: -1.99, 1.58, -1.21
Accel: 0.12, 0.13, -0.94
Gyro: -2.01, 0.85, -1.19
Accel: 0.12, 0.14, -0.94
Gyro: -2.18, 0.23, -1.04
Accel: 0.12, 0.14, -0.93
Gyro: -2.15, 0.22, -0.72
Accel: 0.11, 0.14, -0.95
Gyro: -2.35, -0.21, -0.85
Accel: 0.11, 0.14, -0.94
Gyro: -1.91, 0.05, -0.69
Accel: 0.11, 0.14, -0.95
Gyro: -1.17, -0.07, -0.33
Accel: 0.11, 0.13, -0.94
Gyro: -1.32, 0.40, -0.12
Accel: 0.12, 0.13, -0.95
Gyro: -2.01, 0.21, -0.66
Accel: 0.12, 0.14, -0.95
Gyro: -1.63, -0.43, -0.56
Accel: 0.11, 0.13, -0.96
Gyro: -1.69, -0.08, -0.85
