Accel: -0.30, -0.01, -0.92
Gyro: -3.99, 0.70, -1.43
Accel: -0.30, -0.01, -0.93
Gyro: -3.98, 0.82, -1.60
Accel: -0.30, -0.01, -0.94
Gyro: -3.63, 0.76, -1.96
Accel: -0.30, -0.01, -0.92
Gyro: -3.43, 0.96, -2.17
Accel: -0.29, -0.00, -0.93
Gyro: -3.69, 0.70, -1.63
Accel: -0.29, -0.00, -0.93
Gyro: -4.18, 0.19, -1.57
Accel: -0.29, -0.00, -0.93
Gyro: -3.90, 1.57, -1.66
Accel: -0.28, -0.00, -0.92
Gyro: -3.91, 2.29, -1.90
Accel: -0.29, -0.01, -0.92
Gyro: -4.65, 0.62, -2.00
Accel: -0.30, -0.06, -0.93
Gyro: -7.60, 0.31, -1.45
Accel: -0.31, -0.09, -0.97
Gyro: -15.75, 1.81, -2.04
Accel: -0.31, -0.11, -0.95
Gyro: -26.25, 5.65, -2.95
Accel: -0.31, -0.14, -0.95
Gyro: -40.12, 9.55, -5.59
Accel: -0.29, -0.11, -0.93
Gyro: -54.11, 12.75, -9.33
Accel: -0.27, -0.09, -0.93
Gyro: -69.50, 15.26, -13.27
Accel: -0.26, -0.03, -0.89
Gyro: -82.45, 14.76, -18.15
Accel: -0.27, 0.04, -0.90
Gyro: -93.08, 14.79, -23.70
Accel: -0.26, 0.13, -0.88
Gyro: -94.06, 14.08, -27.15
Accel: -0.25, 0.18, -0.86
Gyro: -94.31, 13.40, -29.52
Accel: -0.26, 0.22, -0.85
Gyro: -97.21, 13.60, -29.35
Accel: -0.26, 0.25, -0.86
Gyro: -109.34, 14.95, -28.30
Accel: -0.21, 0.30, -0.83
Gyro: -109.60, 14.54, -31.38
Accel: -0.22, 0.34, -0.74
Gyro: -117.53, 10.91, -35.48
Accel: -0.20, 0.41, -0.69
Gyro: -115.79, 2.71, -41.87
Accel: -0.26, 0.48, -0.69
Gyro: -121.32, -3.13, -44.88
Accel: -0.22, 0.53, -0.61
Gyro: -117.00, -5.64, -48.92
Accel: -0.32, 0.57, -0.63
Gyro: -109.58, -10.06, -54.98
Accel: -0.35, 0.62, -0.66
Gyro: -101.91, -15.69, -69.24
Accel: -0.39, 0.75, -0.63
Gyro: -82.56, -15.69, -74.87
Accel: -0.41, 0.85, -0.62
Gyro: -56.88, -7.58, -76.16
Accel: -0.39, 0.79, -0.46
Gyro: -48.92, -9.71, -65.51
Accel: -0.43, 0.84, -0.46
Gyro: -58.49, -9.71, -46.50
Accel: -0.44, 0.80, -0.51
Gyro: -29.18, -20.07, -35.55
Accel: -0.50, 0.86, -0.54
Gyro: -49.09, -16.83, -15.59
Accel: -0.49, 0.87, -0.50
Gyro: -33.94, -18.11, -2.53
Accel: -0.53, 0.83, -0.56
Gyro: -21.00, -15.19, 3.54
Accel: -0.52, 0.83, -0.58
Gyro: -27.60, -6.15, 10.36
Accel: -0.49, 0.82, -0.53
Gyro: -14.91, 0.44, 10.21
Accel: -0.47, 0.78, -0.46
Gyro: -7.80, 1.78, 8.14
Accel: -0.45, 0.80, -0.47
Gyro: -2.84, 0.02, 5.15
Accel: -0.44, 0.82, -0.49
Gyro: 5.19, 0.05, 4.72
Accel: -0.45, 0.79, -0.47
Gyro: 10.41, 1.69, 5.89
Accel: -0.46, 0.82, -0.48
Gyro: 15.87, 0.12, 6.82
Accel: -0.48, 0.87, -0.52
Gyro: 20.99, 2.91, 11.83
Accel: -0.47, 0.91, -0.51
Gyro: 31.68, 6.21, 16.56
Accel: -0.46, 0.97, -0.53
Gyro: 48.31, 6.97, 25.79
Accel: -0.46, 0.95, -0.53
Gyro: 67.79, 8.39, 37.56
Accel: -0.43, 0.87, -0.53
Gyro: 86.55, 8.37, 45.84
Accel: -0.40, 0.80, -0.53
Gyro: 97.27, 8.34, 53.15
Accel: -0.37, 0.65, -0.53
Gyro: 105.47, 6.27, 54.31
Accel: -0.35, 0.60, -0.59
Gyro: 106.00, 2.08, 50.20
Accel: -0.35, 0.56, -0.68
Gyro: 106.79, 1.93, 47.70
Accel: -0.33, 0.52, -0.68
Gyro: 111.72, 4.51, 44.52
Accel: -0.31, 0.49, -0.72
Gyro: 117.97, 3.40, 41.56
Accel: -0.30, 0.39, -0.78
Gyro: 123.92, 3.65, 38.98
Accel: -0.27, 0.28, -0.82
Gyro: 114.15, 9.67, 33.76
Accel: -0.24, 0.24, -0.78
Gyro: 104.96, 10.87, 28.92
Accel: -0.22, 0.18, -0.82
Gyro: 99.78, 7.14, 26.60
Accel: -0.22, 0.14, -0.85
Gyro: 86.57, 3.10, 24.01
Accel: -0.22, 0.14, -0.87
Gyro: 78.37, -0.56, 23.99
Accel: -0.21, 0.06, -0.89
Gyro: 77.10, -0.25, 23.54
Accel: -0.21, 0.04, -0.89
Gyro: 72.77, -3.40, 20.41
Accel: -0.23, -0.00, -0.92
Gyro: 68.16, -4.53, 19.07
Accel: -0.24, -0.04, -0.94
Gyro: 58.64, -1.90, 16.25
Accel: -0.23, -0.08, -0.92
Gyro: 49.23, -1.19, 13.75
Accel: -0.23, -0.08, -0.93
Gyro: 41.34, -3.06, 10.80
Accel: -0.23, -0.11, -0.94
Gyro: 33.99, -3.44, 8.69
Accel: -0.24, -0.16, -0.95
Gyro: 20.45, -3.43, 6.81
Accel: -0.24, -0.15, -0.97
Gyro: 6.30, -1.90, 3.71
Accel: -0.24, -0.11, -0.95
Gyro: 1.79, -0.14, 2.49
Accel: -0.23, -0.10, -0.93
Gyro: -0.24, -1.08, 1.09
Accel: -0.24, -0.09, -0.95
Gyro: -3.45, -1.96, -1.30
Accel: -0.25, -0.08, -0.98
Gyro: -5.90, 1.24, -3.17
Accel: -0.25, -0.06, -0.97
Gyro: -5.94, 6.04, -4.35
Accel: -0.23, -0.05, -0.94
Gyro: -7.10, 7.80, -5.03
Accel: -0.21, -0.03, -0.91
Gyro: -6.55, 5.62, -4.65
Accel: -0.19, -0.03, -0.92
Gyro: -6.45, 2.37, -3.46
Accel: -0.21, -0.03, -0.94
Gyro: -6.63, 0.60, -3.56
Accel: -0.21, -0.02, -0.94
Gyro: -5.07, -0.29, -3.18
Accel: -0.21, -0.04, -0.94
Gyro: -5.07, -0.36, -2.85
Accel: -0.21, -0.04, -0.94
Gyro: -6.68, -0.47, -3.08
Accel: -0.21, -0.02, -0.93
Gyro: -6.67, -1.44, -2.91
Accel: -0.22, -0.02, -0.94
Gyro: -6.62, -2.23, -3.03
Accel: -0.22, -0.01, -0.95
Gyro: -5.94, -2.46, -2.59
Accel: -0.21, -0.00, -0.94
Gyro: -4.48, -2.28, -1.69
Accel: -0.22, -0.02, -0.95
Gyro: -4.01, -2.89, -1.22
Accel: -0.23, -0.03, -0.96
Gyro: -4.93, -2.28, -1.72
Accel: -0.22, -0.01, -0.96
Gyro: -5.33, -0.64, -2.23
Accel: -0.22, 0.00, -0.95
Gyro: -4.73, -0.60, -1.85
Accel: -0.22, -0.00, -0.95
Gyro: -3.60, -1.28, -1.01
Accel: -0.22, -0.00, -0.95
Gyro: -3.82, -0.72, -0.78
Accel: -0.22, -0.01, -0.94
Gyro: -4.07, -0.56, -0.68
Accel: -0.22, -0.01, -0.94
Gyro: -4.10, -0.46, -1.12
Accel: -0.21, -0.00, -0.94
Gyro: -3.61, -0.71, -1.60
Accel: -0.22, -0.01, -0.94
Gyro: -3.50, -1.13, -2.25
Accel: -0.22, 0.00, -0.96
Gyro: -3.80, -0.47, -2.31
Accel: -0.22, 0.01, -0.94
Gyro: -3.26, 0.51, -1.77
Accel: -0.21, 0.00, -0.95
Gyro: -2.19, -0.85, -1.27
Accel: -0.22, 0.01, -0.94
Gyro: -2.74, -1.07, -0.89
Accel: -0.22, -0.00, -0.96
Gyro: -2.75, -0.21, -1.01
Accel: -0.22, -0.00, -0.94
Gyro: -1.59, 0.13, -1.44
