Accel: -0.22, -0.00, -0.95
Gyro: -1.75, -0.50, -1.16
Accel: -0.22, 0.00, -0.94
Gyro: -1.59, -1.11, -1.07
Accel: -0.22, -0.02, -0.94
Gyro: -2.42, -1.27, -1.20
Accel: -0.22, -0.01, -0.94
Gyro: -4.01, -1.24, -1.86
Accel: -0.23, 0.00, -0.95
Gyro: -4.12, -0.89, -2.62
Accel: -0.23, 0.01, -0.96
Gyro: -3.33, 0.09, -2.60
Accel: -0.22, 0.01, -0.95
Gyro: -3.44, 0.17, -2.30
Accel: -0.22, 0.01, -0.93
Gyro: -2.38, -0.63, -1.77
Accel: -0.22, -0.00, -0.95
Gyro: -3.48, -0.42, -1.12
Accel: -0.22, -0.01, -0.95
Gyro: -4.14, 0.81, -1.08
Accel: -0.21, -0.03, -0.94
Gyro: -4.81, 0.53, -1.64
Accel: -0.22, -0.04, -0.94
Gyro: -6.91, -0.70, -1.96
Accel: -0.24, -0.08, -0.97
Gyro: -11.60, -0.48, 0.25
Accel: -0.24, -0.12, -0.97
Gyro: -24.79, 2.53, 0.82
Accel: -0.23, -0.11, -0.95
Gyro: -36.39, 3.36, 0.07
Accel: -0.21, -0.09, -0.94
Gyro: -49.07, 4.52, -1.61
Accel: -0.19, -0.06, -0.93
Gyro: -60.21, 4.43, -4.90
Accel: -0.18, -0.02, -0.92
Gyro: -69.11, 3.37, -8.57
Accel: -0.18, 0.03, -0.89
Gyro: -78.29, 1.05, -12.98
Accel: -0.19, 0.07, -0.86
Gyro: -85.73, -2.13, -18.58
Accel: -0.21, 0.11, -0.87
Gyro: -93.42, -4.00, -24.41
Accel: -0.22, 0.18, -0.87
Gyro: -99.49, -3.54, -29.39
Accel: -0.23, 0.26, -0.86
Gyro: -102.85, -2.23, -33.20
Accel: -0.23, 0.32, -0.82
Gyro: -104.13, 3.52, -31.65
Accel: -0.28, 0.36, -0.79
Gyro: -109.09, 3.50, -32.37
Accel: -0.23, 0.38, -0.74
Gyro: -117.33, -1.87, -38.06
Accel: -0.32, 0.48, -0.73
Gyro: -121.52, -2.99, -41.36
Accel: -0.31, 0.57, -0.67
Gyro: -112.75, -11.47, -50.35
Accel: -0.39, 0.68, -0.72
Gyro: -103.98, -4.24, -52.08
Accel: -0.34, 0.72, -0.62
Gyro: -76.60, -5.19, -50.13
Accel: -0.35, 0.71, -0.63
Gyro: -78.29, -6.54, -46.78
Accel: -0.36, 0.72, -0.59
Gyro: -62.67, -9.60, -47.54
Accel: -0.40, 0.72, -0.63
Gyro: -49.52, -10.56, -44.82
Accel: -0.35, 0.75, -0.56
Gyro: -60.37, -13.52, -41.80
Accel: -0.38, 0.80, -0.45
Gyro: -37.83, -33.49, -35.08
Accel: -0.44, 0.82, -0.59
Gyro: -34.54, -34.48, -22.71
Accel: -0.51, 0.90, -0.68
Gyro: -41.76, -23.93, -10.21
Accel: -0.52, 0.86, -0.55
Gyro: -26.27, -9.90, -0.50
Accel: -0.50, 0.77, -0.55
Gyro: -16.04, -8.37, 0.01
Accel: -0.50, 0.79, -0.58
Gyro: -25.38, -2.98, 0.90
Accel: -0.46, 0.77, -0.51
Gyro: -11.91, 5.74, -0.52
Accel: -0.44, 0.78, -0.49
Gyro: -11.15, 6.82, 1.56
Accel: -0.45, 0.78, -0.52
Gyro: -2.08, 4.50, 0.47
Accel: -0.44, 0.78, -0.52
Gyro: 0.30, 6.37, 3.93
Accel: -0.41, 0.78, -0.47
Gyro: 5.80, 4.17, 4.75
Accel: -0.43, 0.81, -0.51
Gyro: 12.19, 0.30, 3.40
Accel: -0.44, 0.85, -0.53
Gyro: 21.13, 1.12, 7.48
Accel: -0.46, 0.85, -0.55
Gyro: 31.47, 3.17, 11.76
Accel: -0.45, 0.87, -0.55
Gyro: 43.68, 5.58, 16.58
Accel: -0.45, 0.83, -0.57
Gyro: 55.68, 8.54, 19.13
Accel: -0.40, 0.84, -0.63
Gyro: 70.92, 13.72, 24.40
Accel: -0.37, 0.77, -0.64
Gyro: 78.93, 22.71, 25.26
Accel: -0.40, 0.73, -0.58
Gyro: 87.81, 15.07, 32.47
Accel: -0.38, 0.65, -0.64
Gyro: 94.03, 12.25, 36.37
Accel: -0.36, 0.58, -0.70
Gyro: 92.71, 13.95, 36.92
Accel: -0.34, 0.61, -0.71
Gyro: 100.96, 15.31, 38.28
Accel: -0.31, 0.51, -0.71
Gyro: 110.88, 14.69, 41.70
Accel: -0.29, 0.40, -0.78
Gyro: 104.52, 16.27, 38.78
Accel: -0.26, 0.38, -0.77
Gyro: 99.59, 15.84, 34.98
Accel: -0.24, 0.31, -0.78
Gyro: 100.70, 12.49, 34.89
Accel: -0.23, 0.23, -0.83
Gyro: 94.52, 12.83, 30.81
Accel: -0.23, 0.22, -0.85
Gyro: 90.35, 10.63, 28.29
Accel: -0.21, 0.15, -0.88
Gyro: 82.05, 10.93, 25.96
Accel: -0.19, 0.12, -0.87
Gyro: 76.68, 9.73, 22.53
Accel: -0.20, 0.09, -0.89
Gyro: 78.14, 8.03, 19.91
Accel: -0.19, 0.05, -0.91
Gyro: 73.23, 7.98, 18.49
Accel: -0.18, -0.00, -0.92
Gyro: 65.88, 6.86, 15.36
Accel: -0.17, -0.04, -0.91
Gyro: 59.19, 4.65, 12.65
Accel: -0.17, -0.07, -0.91
Gyro: 50.22, 1.36, 10.79
Accel: -0.17, -0.11, -0.93
Gyro: 37.98, -1.66, 9.61
Accel: -0.18, -0.09, -0.95
Gyro: 27.22, -1.95, 7.57
Accel: -0.18, -0.10, -0.95
Gyro: 23.03, -0.66, 6.17
Accel: -0.19, -0.11, -0.96
Gyro: 17.36, 0.93, 5.50
Accel: -0.18, -0.13, -0.95
Gyro: 9.77, 1.28, 4.19
Accel: -0.17, -0.13, -0.94
Gyro: 3.46, 0.67, 2.57
Accel: -0.17, -0.12, -0.94
Gyro: -1.17, -0.04, 0.94
Accel: -0.17, -0.12, -0.95
Gyro: -5.60, -1.19, -1.43
Accel: -0.17, -0.10, -0.95
Gyro: -8.35, -0.78, -3.90
Accel: -0.18, -0.07, -0.95
Gyro: -8.22, -0.76, -5.34
Accel: -0.18, -0.06, -0.96
Gyro: -8.33, -0.97, -6.21
Accel: -0.18, -0.05, -0.95
Gyro: -7.74, -1.35, -5.91
Accel: -0.18, -0.05, -0.95
Gyro: -7.36, -1.95, -5.16
Accel: -0.18, -0.04, -0.95
Gyro: -8.26, -2.66, -4.59
Accel: -0.18, -0.03, -0.96
Gyro: -8.51, -2.81, -3.38
Accel: -0.19, -0.03, -0.95
Gyro: -8.03, -2.43, -2.53
Accel: -0.19, -0.03, -0.96
Gyro: -6.58, -2.02, -2.17
Accel: -0.18, -0.04, -0.95
Gyro: -5.99, -2.22, -2.36
Accel: -0.19, -0.02, -0.96
Gyro: -5.35, -1.12, -2.85
Accel: -0.19, -0.01, -0.96
Gyro: -3.82, -0.75, -2.81
Accel: -0.18, -0.01, -0.95
Gyro: -2.60, -1.09, -2.22
Accel: -0.18, -0.01, -0.96
Gyro: -1.43, -1.56, -0.90
Accel: -0.18, -0.02, -0.96
Gyro: -0.44, -1.60, -0.04
Accel: -0.19, -0.04, -0.95
Gyro: -1.05, -0.95, 0.17
Accel: -0.18, -0.04, -0.95
Gyro: -2.42, -1.57, -0.37
Accel: -0.18, -0.04, -0.97
Gyro: -3.47, -2.05, -1.44
Accel: -0.18, -0.03, -0.95
Gyro: -3.66, -1.82, -1.73
Accel: -0.18, -0.02, -0.96
Gyro: -3.46, -2.43, -1.69
Accel: -0.19, -0.02, -0.96
Gyro: -3.25, -2.29, -1.51
Accel: -0.19, -0.02, -0.95
Gyro: -2.84, -1.95, -0.88
Accel: -0.19, -0.02, -0.94
Gyro: -2.87, -2.69, -1.01
Accel: -0.19, -0.03, -0.95
Gyro: -2.57, -3.31, -1.26
