Accel: -0.25, -0.02, -0.94
Gyro: -3.03, 0.37, -1.79
Accel: -0.25, -0.00, -0.94
Gyro: -3.27, 0.23, -1.85
Accel: -0.24, -0.01, -0.95
Gyro: -3.27, -0.57, -1.24
Accel: -0.24, -0.01, -0.94
Gyro: -3.01, 0.27, -1.05
Accel: -0.24, -0.00, -0.93
Gyro: -3.04, -0.42, -1.09
Accel: -0.24, -0.01, -0.93
Gyro: -3.06, -1.02, -1.05
Accel: -0.25, 0.01, -0.95
Gyro: -2.46, -1.30, -0.75
Accel: -0.24, 0.01, -0.94
Gyro: -1.75, -0.11, -0.50
Accel: -0.23, 0.00, -0.93
Gyro: -0.55, -0.68, 0.19
Accel: -0.24, -0.02, -0.92
Gyro: -1.01, -2.47, 0.17
Accel: -0.25, -0.03, -0.94
Gyro: -3.14, -2.96, -0.05
Accel: -0.25, -0.04, -0.95
Gyro: -5.78, -2.24, -0.83
Accel: -0.26, -0.07, -0.96
Gyro: -9.13, -1.69, -1.40
Accel: -0.26, -0.10, -0.95
Gyro: -15.90, -0.54, -1.50
Accel: -0.26, -0.13, -0.94
Gyro: -26.40, 0.86, -0.99
Accel: -0.26, -0.14, -0.95
Gyro: -41.77, 1.67, -2.04
Accel: -0.27, -0.12, -0.97
Gyro: -58.74, 5.29, -3.46
Accel: -0.25, -0.13, -0.94
Gyro: -73.90, 8.74, -6.37
Accel: -0.24, -0.09, -0.91
Gyro: -88.87, 9.45, -12.51
Accel: -0.23, 0.00, -0.92
Gyro: -104.22, 12.78, -16.83
Accel: -0.21, 0.10, -0.83
Gyro: -124.77, 17.35, -11.83
Accel: -0.17, 0.20, -0.76
Gyro: -133.16, 9.45, -9.23
Accel: -0.16, 0.33, -0.77
Gyro: -128.74, 0.70, -7.42
Accel: -0.23, 0.36, -0.82
Gyro: -124.11, 1.21, -6.87
Accel: -0.22, 0.39, -0.74
Gyro: -124.93, -1.88, -13.12
Accel: -0.20, 0.48, -0.73
Gyro: -117.85, -6.72, -25.76
Accel: -0.26, 0.59, -0.74
Gyro: -112.59, -5.69, -31.18
Accel: -0.24, 0.61, -0.64
Gyro: -86.36, -13.68, -39.67
Accel: -0.27, 0.67, -0.63
Gyro: -77.52, -19.20, -48.95
Accel: -0.29, 0.76, -0.59
Gyro: -69.88, -24.12, -48.88
Accel: -0.33, 0.75, -0.53
Gyro: -54.38, -30.17, -43.09
Accel: -0.37, 0.73, -0.57
Gyro: -51.56, -34.48, -40.78
Accel: -0.39, 0.76, -0.61
Gyro: -49.25, -31.60, -38.48
Accel: -0.40, 0.83, -0.59
Gyro: -54.63, -26.92, -26.79
Accel: -0.44, 0.88, -0.52
Gyro: -30.43, -33.52, -19.72
Accel: -0.53, 0.93, -0.61
Gyro: -27.15, -25.12, -5.63
Accel: -0.52, 0.85, -0.41
Gyro: -13.02, -24.28, 4.47
Accel: -0.57, 0.85, -0.60
Gyro: -0.34, -21.59, 5.07
Accel: -0.55, 0.80, -0.60
Gyro: -1.96, -7.21, 10.37
Accel: -0.50, 0.77, -0.50
Gyro: -3.37, 1.75, 9.12
Accel: -0.47, 0.80, -0.50
Gyro: 4.26, 3.27, 6.23
Accel: -0.48, 0.84, -0.53
Gyro: 10.84, 4.94, 4.86
Accel: -0.48, 0.90, -0.53
Gyro: 23.90, 10.38, 7.74
Accel: -0.45, 0.89, -0.56
Gyro: 37.80, 13.83, 12.39
Accel: -0.45, 0.85, -0.53
Gyro: 51.61, 13.21, 11.18
Accel: -0.40, 0.79, -0.54
Gyro: 69.43, 10.97, 10.77
Accel: -0.40, 0.75, -0.61
Gyro: 77.29, 14.44, 9.10
Accel: -0.39, 0.80, -0.62
Gyro: 89.10, 15.66, 11.48
Accel: -0.36, 0.67, -0.60
Gyro: 102.84, 15.40, 16.25
Accel: -0.34, 0.57, -0.66
Gyro: 106.29, 14.57, 13.53
Accel: -0.34, 0.55, -0.70
Gyro: 109.79, 14.00, 9.54
Accel: -0.30, 0.46, -0.65
Gyro: 115.26, 11.27, 7.66
Accel: -0.33, 0.42, -0.74
Gyro: 112.92, 5.43, 5.12
Accel: -0.32, 0.39, -0.79
Gyro: 112.50, 5.24, 7.56
Accel: -0.31, 0.31, -0.80
Gyro: 104.10, 6.79, 14.17
Accel: -0.29, 0.23, -0.82
Gyro: 104.41, 6.90, 16.43
Accel: -0.30, 0.19, -0.83
Gyro: 100.14, 6.16, 18.18
Accel: -0.29, 0.11, -0.83
Gyro: 98.01, 6.72, 19.17
Accel: -0.27, 0.02, -0.84
Gyro: 89.34, 7.27, 18.14
Accel: -0.27, -0.03, -0.81
Gyro: 80.89, 0.72, 15.66
Accel: -0.29, -0.09, -0.88
Gyro: 68.60, -4.18, 13.45
Accel: -0.30, -0.13, -0.95
Gyro: 52.23, -1.04, 10.94
Accel: -0.30, -0.15, -0.91
Gyro: 40.79, 2.13, 5.49
Accel: -0.30, -0.15, -0.90
Gyro: 31.90, 0.95, 1.25
Accel: -0.29, -0.15, -0.88
Gyro: 21.18, -1.94, 0.96
Accel: -0.32, -0.16, -0.91
Gyro: 9.41, -4.79, 0.53
Accel: -0.32, -0.12, -0.94
Gyro: 1.40, -3.01, 0.23
Accel: -0.31, -0.10, -0.92
Gyro: -0.63, -2.63, 1.05
Accel: -0.32, -0.10, -0.92
Gyro: -3.44, -3.12, 0.76
Accel: -0.31, -0.09, -0.94
Gyro: -5.38, -0.77, -0.20
Accel: -0.31, -0.07, -0.92
Gyro: -4.91, 0.23, -1.05
Accel: -0.31, -0.07, -0.92
Gyro: -6.21, -0.20, -1.86
Accel: -0.30, -0.07, -0.92
Gyro: -7.00, -0.13, -2.20
Accel: -0.31, -0.07, -0.93
Gyro: -7.91, 0.98, -2.75
Accel: -0.30, -0.06, -0.91
Gyro: -8.83, 0.88, -3.47
Accel: -0.30, -0.05, -0.93
Gyro: -9.65, 0.19, -4.78
Accel: -0.29, -0.03, -0.91
Gyro: -9.52, -0.05, -4.78
Accel: -0.29, -0.02, -0.92
Gyro: -8.77, -1.49, -3.85
Accel: -0.30, -0.02, -0.92
Gyro: -7.74, -1.98, -2.33
Accel: -0.30, -0.03, -0.93
Gyro: -7.31, -1.24, -1.95
Accel: -0.30, -0.02, -0.93
Gyro: -7.03, 0.40, -1.59
Accel: -0.30, -0.02, -0.92
Gyro: -7.04, 0.85, -1.50
Accel: -0.30, -0.01, -0.91
Gyro: -6.00, -0.60, -1.73
Accel: -0.30, -0.01, -0.94
Gyro: -5.68, -1.14, -2.01
Accel: -0.30, -0.01, -0.94
Gyro: -5.06, -0.01, -2.29
Accel: -0.30, -0.01, -0.93
Gyro: -4.36, 0.23, -2.09
Accel: -0.29, -0.01, -0.92
Gyro: -3.75, 0.18, -1.65
Accel: -0.30, -0.01, -0.93
Gyro: -4.12, 0.10, -1.51
Accel: -0.30, -0.01, -0.92
Gyro: -3.86, 0.53, -1.20
Accel: -0.29, -0.01, -0.92
Gyro: -3.82, -0.36, -1.13
Accel: -0.29, -0.01, -0.94
Gyro: -3.83, -0.58, -0.62
Accel: -0.28, -0.00, -0.92
Gyro: -2.53, -1.50, -0.79
Accel: -0.29, -0.01, -0.92
Gyro: -2.58, -2.07, -1.14
Accel: -0.29, -0.01, -0.93
Gyro: -2.70, -2.86, -1.60
Accel: -0.31, -0.02, -0.93
Gyro: -2.17, -1.94, -1.14
Accel: -0.30, -0.02, -0.92
Gyro: -2.68, -1.21, -1.13
Accel: -0.30, -0.01, -0.93
Gyro: -3.56, -1.19, -1.75
Accel: -0.30, -0.01, -0.93
Gyro: -3.04, -0.56, -2.11
Accel: -0.31, -0.02, -0.93
Gyro: -3.75, -0.36, -1.87
Accel: -0.30, 0.00, -0.93
Gyro: -3.47, -0.04, -1.67
Accel: -0.30, -0.01, -0.93
Gyro: -3.59, 0.40, -1.25
