Accel: -0.20, 0.00, -0.91
Gyro: -6.39, -1.52, -1.11
Accel: -0.23, -0.00, -0.96
Gyro: -6.21, -2.39, -1.40
Accel: -0.23, -0.01, -0.97
Gyro: -7.34, 1.24, -2.99
Accel: -0.21, 0.01, -0.94
Gyro: -6.80, 2.19, -3.75
Accel: -0.20, 0.02, -0.93
Gyro: -4.49, -0.65, -3.75
Accel: -0.21, 0.02, -0.95
Gyro: -3.07, -1.30, -2.12
Accel: -0.22, 0.02, -0.95
Gyro: -3.07, -0.94, -1.47
Accel: -0.22, -0.01, -0.93
Gyro: -3.81, -1.59, -0.24
Accel: -0.22, -0.01, -0.96
Gyro: -5.92, -1.32, -1.66
Accel: -0.22, -0.00, -0.97
Gyro: -7.79, 1.87, -2.00
Accel: -0.21, 0.01, -0.95
Gyro: -7.32, 2.97, -2.43
Accel: -0.20, 0.02, -0.94
Gyro: -5.98, 1.72, -2.14
Accel: -0.21, 0.00, -0.94
Gyro: -4.44, 0.14, -1.77
Accel: -0.23, -0.03, -0.94
Gyro: -5.74, 0.40, -1.71
Accel: -0.24, -0.07, -0.98
Gyro: -12.46, 1.76, -1.54
Accel: -0.24, -0.12, -0.96
Gyro: -23.18, 4.90, -2.30
Accel: -0.25, -0.15, -0.97
Gyro: -35.36, 6.21, -2.62
Accel: -0.24, -0.14, -0.99
Gyro: -56.60, 12.44, -5.03
Accel: -0.22, -0.16, -0.91
Gyro: -74.89, 14.82, -9.11
Accel: -0.22, -0.11, -0.94
Gyro: -97.56, 17.47, -19.70
Accel: -0.19, 0.00, -0.91
Gyro: -108.74, 21.08, -28.54
Accel: -0.18, 0.08, -0.86
Gyro: -112.16, 23.23, -35.93
Accel: -0.17, 0.13, -0.81
Gyro: -115.76, 22.07, -42.92
Accel: -0.16, 0.21, -0.78
Gyro: -128.04, 20.42, -48.13
Accel: -0.07, 0.25, -0.72
Gyro: -128.79, 19.79, -59.04
Accel: -0.12, 0.39, -0.74
Gyro: -145.39, 12.61, -58.68
Accel: -0.20, 0.56, -0.74
Gyro: -145.13, 15.14, -59.87
Accel: -0.21, 0.71, -0.67
Gyro: -133.59, 12.91, -58.68
Accel: -0.18, 0.81, -0.62
Gyro: -105.09, 9.54, -56.87
Accel: -0.24, 0.83, -0.64
Gyro: -79.57, 4.73, -54.52
Accel: -0.20, 0.79, -0.59
Gyro: -64.88, 6.57, -51.16
Accel: -0.22, 0.76, -0.51
Gyro: -58.24, -4.46, -48.85
Accel: -0.26, 0.80, -0.56
Gyro: -61.08, -14.40, -44.04
Accel: -0.29, 0.87, -0.57
Gyro: -57.04, -13.36, -34.78
Accel: -0.33, 0.95, -0.59
Gyro: -42.06, -11.96, -25.83
Accel: -0.34, 0.96, -0.56
Gyro: -29.08, -8.89, -15.53
Accel: -0.34, 0.97, -0.61
Gyro: -14.78, -3.53, -4.64
Accel: -0.33, 0.88, -0.54
Gyro: -8.03, 1.63, 5.08
Accel: -0.30, 0.80, -0.49
Gyro: -3.12, -3.20, 6.82
Accel: -0.31, 0.81, -0.55
Gyro: -2.46, -3.47, 7.21
Accel: -0.30, 0.78, -0.47
Gyro: 29.13, -2.11, 4.33
Accel: -0.28, 0.76, -0.63
Gyro: -3.81, -0.11, 4.52
Accel: -0.31, 0.78, -0.55
Gyro: 20.88, -9.09, -8.35
Accel: -0.28, 0.91, -0.59
Gyro: 10.98, 8.64, 11.47
Accel: -0.26, 0.93, -0.48
Gyro: 40.06, -0.21, 8.08
Accel: -0.28, 0.96, -0.59
Gyro: 40.18, -8.32, 12.86
Accel: -0.32, 0.97, -0.54
Gyro: 59.27, -4.86, 33.52
Accel: -0.29, 0.81, -0.62
Gyro: 74.32, -8.35, 41.44
Accel: -0.28, 0.81, -0.61
Gyro: 67.33, -6.68, 47.89
Accel: -0.30, 0.72, -0.60
Gyro: 91.77, -15.76, 50.90
Accel: -0.28, 0.66, -0.73
Gyro: 92.76, -16.37, 46.92
Accel: -0.29, 0.72, -0.78
Gyro: 102.14, -7.82, 49.06
Accel: -0.28, 0.59, -0.72
Gyro: 117.56, -2.62, 56.30
Accel: -0.23, 0.44, -0.72
Gyro: 123.12, -3.12, 53.97
Accel: -0.20, 0.32, -0.74
Gyro: 116.76, -4.97, 47.42
Accel: -0.19, 0.29, -0.78
Gyro: 112.66, -7.64, 40.99
Accel: -0.21, 0.23, -0.88
Gyro: 104.48, -4.93, 39.25
Accel: -0.22, 0.20, -0.88
Gyro: 93.88, -3.40, 37.64
Accel: -0.18, 0.16, -0.86
Gyro: 93.30, -5.58, 35.04
Accel: -0.17, 0.11, -0.89
Gyro: 86.52, -3.77, 32.98
Accel: -0.16, 0.06, -0.89
Gyro: 87.08, -4.78, 26.99
Accel: -0.18, 0.03, -0.88
Gyro: 82.59, -7.01, 22.92
Accel: -0.15, -0.01, -0.90
Gyro: 83.18, -9.42, 18.93
Accel: -0.15, -0.03, -0.90
Gyro: 79.43, -11.80, 21.55
Accel: -0.17, -0.14, -0.91
Gyro: 67.77, -12.83, 22.77
Accel: -0.20, -0.19, -0.92
Gyro: 49.59, -16.30, 23.03
Accel: -0.22, -0.21, -0.99
Gyro: 33.87, -15.31, 19.24
Accel: -0.24, -0.22, -0.99
Gyro: 19.47, -9.56, 14.48
Accel: -0.24, -0.23, -0.95
Gyro: 13.49, -3.63, 8.78
Accel: -0.23, -0.20, -0.96
Gyro: 7.66, -1.21, 3.93
Accel: -0.22, -0.19, -0.97
Gyro: 0.35, 1.23, 0.53
Accel: -0.22, -0.18, -0.94
Gyro: -5.46, 1.17, -2.37
Accel: -0.21, -0.17, -0.95
Gyro: -11.83, 1.21, -5.06
Accel: -0.22, -0.12, -0.96
Gyro: -16.11, 3.71, -7.95
Accel: -0.21, -0.09, -0.95
Gyro: -13.54, 4.88, -8.49
Accel: -0.19, -0.09, -0.95
Gyro: -14.12, 4.04, -8.36
Accel: -0.19, -0.06, -0.95
Gyro: -14.08, 3.55, -7.87
Accel: -0.18, -0.06, -0.95
Gyro: -11.01, 4.26, -6.36
Accel: -0.17, -0.06, -0.93
Gyro: -11.43, 3.72, -5.85
Accel: -0.17, -0.06, -0.91
Gyro: -10.44, -0.32, -5.35
Accel: -0.18, -0.04, -0.96
Gyro: -10.53, -1.34, -5.31
Accel: -0.18, -0.05, -0.97
Gyro: -9.96, 0.18, -5.10
Accel: -0.18, -0.04, -0.93
Gyro: -8.97, -0.37, -5.14
Accel: -0.18, -0.03, -0.94
Gyro: -9.25, -1.56, -4.83
Accel: -0.18, -0.01, -0.95
Gyro: -7.23, -1.54, -3.79
Accel: -0.19, -0.03, -0.95
Gyro: -5.77, -1.49, -2.19
Accel: -0.19, -0.04, -0.96
Gyro: -8.16, -0.11, -2.32
Accel: -0.19, -0.03, -0.96
Gyro: -7.80, 1.44, -2.83
Accel: -0.18, -0.02, -0.96
Gyro: -5.71, 1.21, -3.41
Accel: -0.19, -0.03, -0.94
Gyro: -5.36, 0.76, -3.44
Accel: -0.18, -0.01, -0.94
Gyro: -3.77, -0.79, -2.44
Accel: -0.18, -0.02, -0.95
Gyro: -2.04, -1.97, -1.42
Accel: -0.19, -0.02, -0.96
Gyro: -2.35, -1.27, -0.73
Accel: -0.18, -0.04, -0.96
Gyro: -3.08, 0.42, -0.67
Accel: -0.17, -0.03, -0.94
Gyro: -4.00, -0.01, -1.23
Accel: -0.17, -0.03, -0.94
Gyro: -4.43, -0.94, -2.02
Accel: -0.18, -0.03, -0.94
Gyro: -3.85, -1.94, -2.63
Accel: -0.18, -0.02, -0.96
Gyro: -2.36, -3.30, -2.31
Accel: -0.19, -0.02, -0.95
Gyro: -3.38, -2.80, -1.68
Accel: -0.19, -0.02, -0.95
Gyro: -3.85, -2.56, -1.21
Accel: -0.19, -0.02, -0.97
Gyro: -5.37, -1.07, -1.24
