Accel: -0.29, -0.02, -0.92
Gyro: -4.14, -1.37, -0.53
Accel: -0.29, -0.02, -0.92
Gyro: -4.26, -2.11, -1.61
Accel: -0.30, -0.01, -0.93
Gyro: -4.17, -2.85, -2.13
Accel: -0.30, -0.01, -0.94
Gyro: -3.60, -2.06, -2.68
Accel: -0.30, -0.00, -0.92
Gyro: -2.88, -2.01, -2.85
Accel: -0.30, -0.01, -0.92
Gyro: -1.93, -2.80, -2.69
Accel: -0.30, -0.00, -0.93
Gyro: -1.64, -2.11, -1.75
Accel: -0.30, -0.01, -0.93
Gyro: -1.85, -2.57, -1.08
Accel: -0.31, -0.02, -0.93
Gyro: -2.94, -2.11, -0.81
Accel: -0.31, -0.02, -0.91
Gyro: -2.21, -1.96, -1.09
Accel: -0.31, -0.03, -0.93
Gyro: -2.25, -2.21, 0.71
Accel: -0.33, -0.08, -0.93
Gyro: -7.38, -1.46, 1.45
Accel: -0.33, -0.14, -0.91
Gyro: -15.84, -1.59, 1.05
Accel: -0.34, -0.16, -0.95
Gyro: -29.90, -0.38, -0.29
Accel: -0.35, -0.20, -0.92
Gyro: -46.11, 2.01, -3.03
Accel: -0.34, -0.21, -0.96
Gyro: -73.39, 8.46, -9.77
Accel: -0.31, -0.12, -0.90
Gyro: -92.50, 12.70, -18.58
Accel: -0.29, -0.01, -0.88
Gyro: -102.96, 15.16, -25.23
Accel: -0.30, 0.08, -0.86
Gyro: -108.19, 16.11, -31.14
Accel: -0.29, 0.18, -0.83
Gyro: -108.46, 16.28, -35.68
Accel: -0.29, 0.26, -0.82
Gyro: -106.90, 15.19, -36.08
Accel: -0.23, 0.33, -0.81
Gyro: -103.91, 17.71, -32.92
Accel: -0.24, 0.32, -0.77
Gyro: -113.17, 11.44, -33.31
Accel: -0.17, 0.43, -0.70
Gyro: -108.87, 3.56, -32.10
Accel: -0.25, 0.53, -0.74
Gyro: -104.87, -4.75, -29.70
Accel: -0.26, 0.55, -0.68
Gyro: -103.49, -9.18, -24.23
Accel: -0.27, 0.58, -0.65
Gyro: -98.35, -17.59, -25.96
Accel: -0.32, 0.62, -0.68
Gyro: -86.98, -23.71, -28.43
Accel: -0.36, 0.70, -0.68
Gyro: -79.55, -23.75, -28.74
Accel: -0.38, 0.72, -0.64
Gyro: -63.92, -21.73, -29.40
Accel: -0.40, 0.76, -0.68
Gyro: -57.53, -17.11, -27.95
Accel: -0.39, 0.81, -0.54
Gyro: -47.79, -18.82, -22.74
Accel: -0.42, 0.80, -0.55
Gyro: -39.63, -14.99, -12.54
Accel: -0.48, 0.78, -0.66
Gyro: -25.22, -15.25, -10.40
Accel: -0.49, 0.81, -0.67
Gyro: -20.24, -4.30, -4.36
Accel: -0.45, 0.79, -0.61
Gyro: -16.46, 2.61, 3.03
Accel: -0.44, 0.81, -0.61
Gyro: -10.16, 6.24, 3.07
Accel: -0.40, 0.80, -0.57
Gyro: -2.16, 6.76, 4.31
Accel: -0.37, 0.83, -0.58
Gyro: 8.99, 7.07, 9.66
Accel: -0.41, 0.82, -0.59
Gyro: 16.78, 5.04, 12.18
Accel: -0.41, 0.85, -0.58
Gyro: 27.77, 4.82, 14.69
Accel: -0.38, 0.78, -0.60
Gyro: 43.63, 8.83, 18.57
Accel: -0.36, 0.78, -0.60
Gyro: 47.68, 6.57, 18.31
Accel: -0.38, 0.81, -0.65
Gyro: 65.66, 7.07, 25.42
Accel: -0.35, 0.68, -0.64
Gyro: 73.07, 8.35, 30.77
Accel: -0.32, 0.64, -0.65
Gyro: 75.68, 6.40, 29.84
Accel: -0.33, 0.63, -0.73
Gyro: 79.76, 6.37, 32.64
Accel: -0.30, 0.53, -0.70
Gyro: 83.05, 8.38, 34.53
Accel: -0.28, 0.45, -0.71
Gyro: 79.14, 7.06, 30.58
Accel: -0.28, 0.50, -0.73
Gyro: 79.86, 0.85, 28.97
Accel: -0.29, 0.39, -0.85
Gyro: 79.24, 1.33, 29.57
Accel: -0.27, 0.38, -0.81
Gyro: 71.04, 6.30, 24.67
Accel: -0.26, 0.39, -0.75
Gyro: 75.93, -0.14, 24.36
Accel: -0.28, 0.30, -0.82
Gyro: 75.23, -2.60, 22.08
Accel: -0.29, 0.26, -0.86
Gyro: 74.24, 0.01, 18.36
Accel: -0.25, 0.20, -0.93
Gyro: 68.13, 4.55, 13.21
Accel: -0.24, 0.17, -0.92
Gyro: 58.31, 9.74, 8.08
Accel: -0.21, 0.17, -0.89
Gyro: 55.17, 8.41, 4.74
Accel: -0.21, 0.14, -0.90
Gyro: 54.83, 8.77, 2.53
Accel: -0.21, 0.15, -0.91
Gyro: 53.12, 6.87, 0.39
Accel: -0.21, 0.12, -0.91
Gyro: 57.10, 5.23, 0.76
Accel: -0.20, 0.08, -0.92
Gyro: 57.91, 6.94, 0.58
Accel: -0.19, 0.05, -0.91
Gyro: 57.42, 4.88, 1.30
Accel: -0.18, 0.03, -0.89
Gyro: 52.34, 0.83, 3.33
Accel: -0.18, 0.03, -0.91
Gyro: 50.23, -4.43, 9.00
Accel: -0.19, -0.01, -0.93
Gyro: 45.79, -7.10, 15.34
Accel: -0.23, -0.18, -0.91
Gyro: 34.75, -9.58, 17.68
Accel: -0.26, -0.27, -1.01
Gyro: 9.36, -5.67, 7.58
Accel: -0.26, -0.14, -1.00
Gyro: -0.86, 1.51, -2.56
Accel: -0.24, -0.11, -0.98
Gyro: 0.18, 5.00, -5.88
Accel: -0.22, -0.09, -0.98
Gyro: -0.71, 9.10, -8.72
Accel: -0.21, -0.06, -0.95
Gyro: -3.63, 10.06, -7.59
Accel: -0.19, -0.05, -0.94
Gyro: -5.36, 8.04, -4.42
Accel: -0.18, -0.05, -0.93
Gyro: -5.35, 7.60, -1.74
Accel: -0.16, -0.05, -0.91
Gyro: -5.58, 2.89, 0.61
Accel: -0.17, -0.05, -0.92
Gyro: -7.19, -0.96, 1.40
Accel: -0.18, -0.04, -0.92
Gyro: -7.30, -4.41, 0.60
Accel: -0.19, -0.04, -0.94
Gyro: -6.83, -6.74, -0.65
Accel: -0.20, -0.04, -0.96
Gyro: -6.40, -6.39, -2.10
Accel: -0.20, -0.02, -0.95
Gyro: -4.78, -5.66, -2.79
Accel: -0.21, -0.03, -0.94
Gyro: -3.83, -5.12, -2.84
Accel: -0.22, -0.03, -0.96
Gyro: -4.30, -4.96, -3.32
Accel: -0.22, -0.03, -0.97
Gyro: -5.33, -2.98, -3.24
Accel: -0.22, -0.01, -0.96
Gyro: -5.98, -1.90, -3.17
Accel: -0.21, -0.01, -0.95
Gyro: -4.68, -1.55, -2.13
Accel: -0.21, -0.01, -0.95
Gyro: -4.01, -1.14, -1.32
Accel: -0.20, -0.01, -0.95
Gyro: -3.98, -0.83, -1.01
Accel: -0.21, -0.02, -0.94
Gyro: -4.16, -1.24, -0.85
Accel: -0.21, -0.02, -0.94
Gyro: -4.46, -2.09, -0.87
Accel: -0.21, -0.02, -0.95
Gyro: -5.10, -1.74, -0.84
Accel: -0.21, -0.01, -0.95
Gyro: -4.99, -1.32, -1.11
Accel: -0.21, -0.02, -0.94
Gyro: -5.58, -1.88, -1.59
Accel: -0.21, -0.01, -0.94
Gyro: -5.70, -2.19, -2.11
Accel: -0.21, 0.00, -0.95
Gyro: -4.61, -2.50, -2.45
Accel: -0.22, -0.00, -0.95
Gyro: -3.92, -2.15, -2.22
Accel: -0.21, -0.01, -0.94
Gyro: -3.98, -1.71, -2.17
Accel: -0.22, -0.00, -0.96
Gyro: -4.10, -1.56, -2.14
Accel: -0.22, -0.01, -0.96
Gyro: -2.78, -1.29, -1.98
Accel: -0.21, -0.01, -0.95
Gyro: -4.11, -0.50, -1.82
Accel: -0.21, 0.00, -0.93
Gyro: -3.97, -1.84, -1.63
Accel: -0.22, 0.00, -0.94
Gyro: -2.89, -2.27, -1.37
