Accel: -0.26, -0.01, -0.94
Gyro: -2.39, -2.05, -1.95
Accel: -0.27, -0.01, -0.94
Gyro: -2.61, -1.76, -1.90
Accel: -0.27, -0.01, -0.94
Gyro: -2.67, -1.24, -1.19
Accel: -0.27, -0.03, -0.93
Gyro: -3.72, -0.98, -1.31
Accel: -0.27, -0.01, -0.94
Gyro: -4.12, -0.86, -1.44
Accel: -0.26, -0.02, -0.94
Gyro: -4.84, -0.34, -1.61
Accel: -0.27, -0.03, -0.94
Gyro: -6.45, -0.20, -1.86
Accel: -0.27, -0.03, -0.94
Gyro: -7.02, 0.51, -1.46
Accel: -0.29, -0.06, -0.96
Gyro: -12.73, 1.68, 0.94
Accel: -0.29, -0.07, -0.96
Gyro: -24.80, 6.05, 3.77
Accel: -0.27, -0.11, -0.94
Gyro: -35.33, 8.82, 4.15
Accel: -0.26, -0.13, -0.92
Gyro: -48.32, 8.55, 2.09
Accel: -0.25, -0.12, -0.93
Gyro: -64.51, 8.92, -3.08
Accel: -0.23, -0.07, -0.91
Gyro: -79.56, 10.25, -11.00
Accel: -0.22, -0.04, -0.88
Gyro: -90.58, 9.04, -20.55
Accel: -0.21, 0.05, -0.86
Gyro: -101.60, 7.56, -29.90
Accel: -0.22, 0.14, -0.82
Gyro: -108.73, 4.86, -34.91
Accel: -0.24, 0.23, -0.83
Gyro: -112.00, 1.24, -37.48
Accel: -0.31, 0.31, -0.84
Gyro: -119.22, 3.46, -32.27
Accel: -0.32, 0.36, -0.86
Gyro: -116.13, 8.38, -34.68
Accel: -0.22, 0.40, -0.70
Gyro: -122.90, 3.93, -38.97
Accel: -0.31, 0.52, -0.78
Gyro: -117.55, -0.53, -40.28
Accel: -0.25, 0.60, -0.69
Gyro: -110.54, -4.46, -42.16
Accel: -0.34, 0.66, -0.69
Gyro: -100.58, -6.26, -39.37
Accel: -0.34, 0.73, -0.68
Gyro: -88.88, -10.32, -37.64
Accel: -0.36, 0.75, -0.68
Gyro: -63.23, -11.32, -35.26
Accel: -0.40, 0.82, -0.70
Gyro: -64.09, -2.72, -24.99
Accel: -0.37, 0.80, -0.61
Gyro: -46.26, -1.88, -18.60
Accel: -0.36, 0.79, -0.61
Gyro: -30.09, -3.93, -15.15
Accel: -0.38, 0.81, -0.65
Gyro: -27.65, -0.84, -9.58
Accel: -0.36, 0.80, -0.57
Gyro: -17.52, -2.48, -3.85
Accel: -0.38, 0.80, -0.62
Gyro: -9.49, -5.62, -0.99
Accel: -0.40, 0.80, -0.62
Gyro: -4.97, -3.91, 2.91
Accel: -0.39, 0.79, -0.63
Gyro: 2.82, 0.68, 3.74
Accel: -0.39, 0.85, -0.62
Gyro: 10.03, 6.27, 4.90
Accel: -0.37, 0.86, -0.63
Gyro: 22.08, 10.21, 11.28
Accel: -0.34, 0.83, -0.60
Gyro: 30.32, 8.25, 17.91
Accel: -0.34, 0.80, -0.60
Gyro: 42.69, 6.58, 22.51
Accel: -0.32, 0.74, -0.63
Gyro: 51.42, 5.78, 25.64
Accel: -0.30, 0.70, -0.62
Gyro: 60.81, 3.65, 26.71
Accel: -0.30, 0.68, -0.67
Gyro: 65.73, 1.62, 26.33
Accel: -0.30, 0.67, -0.72
Gyro: 71.50, 2.18, 29.63
Accel: -0.27, 0.59, -0.71
Gyro: 78.84, 3.82, 30.79
Accel: -0.26, 0.54, -0.73
Gyro: 81.07, 3.01, 29.21
Accel: -0.25, 0.50, -0.76
Gyro: 79.67, 2.59, 28.29
Accel: -0.23, 0.44, -0.78
Gyro: 80.45, 1.75, 27.05
Accel: -0.23, 0.36, -0.79
Gyro: 80.57, 0.79, 24.27
Accel: -0.22, 0.32, -0.85
Gyro: 73.30, 0.27, 20.57
Accel: -0.23, 0.31, -0.87
Gyro: 57.64, 4.94, 19.37
Accel: -0.22, 0.35, -0.82
Gyro: 55.68, 0.32, 20.44
Accel: -0.23, 0.29, -0.90
Gyro: 59.62, -1.49, 21.85
Accel: -0.21, 0.27, -0.90
Gyro: 56.65, 0.61, 18.71
Accel: -0.20, 0.26, -0.88
Gyro: 61.32, -0.56, 16.37
Accel: -0.20, 0.21, -0.91
Gyro: 66.51, -0.87, 14.56
Accel: -0.20, 0.19, -0.89
Gyro: 67.74, -1.16, 13.11
Accel: -0.19, 0.14, -0.90
Gyro: 69.84, -1.89, 13.19
Accel: -0.19, 0.07, -0.93
Gyro: 67.53, -2.54, 12.21
Accel: -0.20, 0.06, -0.92
Gyro: 66.00, -1.90, 11.66
Accel: -0.19, 0.01, -0.90
Gyro: 61.99, -3.81, 13.10
Accel: -0.21, -0.06, -0.91
Gyro: 53.15, -7.77, 13.24
Accel: -0.22, -0.10, -0.96
Gyro: 38.14, -7.30, 11.58
Accel: -0.21, -0.10, -0.95
Gyro: 25.79, -4.54, 8.69
Accel: -0.21, -0.09, -0.94
Gyro: 17.59, -4.52, 7.05
Accel: -0.21, -0.10, -0.94
Gyro: 9.20, -5.89, 5.55
Accel: -0.23, -0.12, -0.98
Gyro: 0.92, -5.91, 3.77
Accel: -0.23, -0.10, -0.98
Gyro: -3.40, -2.33, 0.40
Accel: -0.23, -0.08, -0.93
Gyro: -5.52, -1.84, -2.78
Accel: -0.23, -0.06, -0.93
Gyro: -8.03, -3.15, -5.24
Accel: -0.23, -0.03, -0.94
Gyro: -7.98, -3.59, -5.60
Accel: -0.23, -0.03, -0.95
Gyro: -7.64, -3.07, -5.51
Accel: -0.23, -0.03, -0.94
Gyro: -7.39, -2.91, -5.58
Accel: -0.23, -0.02, -0.95
Gyro: -7.35, -2.02, -5.25
Accel: -0.23, -0.01, -0.95
Gyro: -6.29, -1.51, -5.01
Accel: -0.23, -0.01, -0.93
Gyro: -6.02, -1.30, -3.78
Accel: -0.22, -0.01, -0.94
Gyro: -5.15, -2.25, -3.52
Accel: -0.23, -0.01, -0.94
Gyro: -4.48, -2.39, -2.94
Accel: -0.23, -0.02, -0.94
Gyro: -4.11, -2.40, -3.10
Accel: -0.23, -0.01, -0.94
Gyro: -3.52, -2.71, -3.14
Accel: -0.23, 0.00, -0.94
Gyro: -2.60, -2.44, -2.39
Accel: -0.23, -0.00, -0.95
Gyro: -1.90, -2.29, -1.69
Accel: -0.24, -0.01, -0.94
Gyro: -1.13, -2.58, -0.61
Accel: -0.24, -0.02, -0.95
Gyro: -1.95, -2.24, -0.49
Accel: -0.24, -0.03, -0.94
Gyro: -2.23, -1.73, -0.79
Accel: -0.24, -0.01, -0.95
Gyro: -2.48, -1.42, -0.68
Accel: -0.24, -0.01, -0.95
Gyro: -2.18, -0.67, -0.70
Accel: -0.25, -0.02, -0.95
Gyro: -2.65, 0.24, -0.71
Accel: -0.23, -0.01, -0.94
Gyro: -3.32, 0.18, -1.22
Accel: -0.23, -0.01, -0.94
Gyro: -3.37, 0.18, -2.07
Accel: -0.23, -0.01, -0.94
Gyro: -2.59, -0.33, -2.11
Accel: -0.23, -0.01, -0.94
Gyro: -3.18, -0.67, -2.08
Accel: -0.23, -0.00, -0.93
Gyro: -2.23, -1.62, -1.64
Accel: -0.23, -0.02, -0.92
Gyro: -2.02, -2.64, -1.46
Accel: -0.25, -0.01, -0.95
Gyro: -3.33, -3.33, -1.61
Accel: -0.25, -0.01, -0.95
Gyro: -3.64, -1.56, -1.74
Accel: -0.24, -0.01, -0.94
Gyro: -3.51, -0.77, -1.68
Accel: -0.24, 0.01, -0.93
Gyro: -2.94, -1.17, -1.19
Accel: -0.24, 0.00, -0.94
Gyro: -3.15, -1.48, -0.92
Accel: -0.24, -0.00, -0.94
Gyro: -2.55, -0.67, -0.86
Accel: -0.24, -0.01, -0.94
Gyro: -1.98, -0.37, -1.05
Accel: -0.24, -0.01, -0.94
Gyro: -1.11, -0.63, -1.05
Accel: -0.24, -0.01, -0.95
Gyro: -1.88, -0.98, -0.95
