Accel: -0.20, 0.01, -0.95
Gyro: -3.22, -0.04, -1.95
Accel: -0.20, 0.01, -0.95
Gyro: -3.23, 0.45, -1.30
Accel: -0.20, 0.01, -0.95
Gyro: -3.77, 0.73, -0.99
Accel: -0.19, 0.01, -0.94
Gyro: -3.16, 0.27, -1.43
Accel: -0.20, 0.01, -0.95
Gyro: -2.85, -0.32, -1.74
Accel: -0.19, 0.01, -0.93
Gyro: -3.01, -0.72, -1.96
Accel: -0.20, 0.01, -0.96
Gyro: -3.64, -1.59, -1.57
Accel: -0.20, 0.01, -0.96
Gyro: -3.48, -0.69, -2.11
Accel: -0.20, 0.01, -0.95
Gyro: -3.46, -0.94, -1.85
Accel: -0.20, 0.01, -0.94
Gyro: -2.98, -2.21, -1.53
Accel: -0.21, -0.03, -0.94
Gyro: -4.30, -2.27, -0.41
Accel: -0.23, -0.06, -0.98
Gyro: -10.47, -0.44, 0.76
Accel: -0.24, -0.08, -0.99
Gyro: -19.73, 3.33, 0.27
Accel: -0.22, -0.09, -0.94
Gyro: -28.53, 6.01, -1.63
Accel: -0.22, -0.12, -0.95
Gyro: -41.33, 5.65, -3.14
Accel: -0.22, -0.13, -0.97
Gyro: -60.86, 8.76, -7.43
Accel: -0.20, -0.10, -0.94
Gyro: -79.06, 12.24, -13.36
Accel: -0.18, -0.06, -0.91
Gyro: -94.52, 13.83, -22.12
Accel: -0.17, 0.02, -0.88
Gyro: -105.64, 14.40, -30.71
Accel: -0.15, 0.11, -0.83
Gyro: -112.52, 13.10, -39.12
Accel: -0.16, 0.23, -0.81
Gyro: -113.29, 8.58, -43.57
Accel: -0.15, 0.29, -0.77
Gyro: -118.43, 7.35, -44.51
Accel: -0.15, 0.33, -0.76
Gyro: -116.42, 0.50, -47.87
Accel: -0.14, 0.40, -0.71
Gyro: -124.91, -2.80, -49.93
Accel: -0.19, 0.48, -0.71
Gyro: -126.56, -5.63, -52.83
Accel: -0.21, 0.60, -0.62
Gyro: -116.58, -15.69, -58.94
Accel: -0.25, 0.67, -0.62
Gyro: -108.47, -20.56, -60.47
Accel: -0.30, 0.76, -0.65
Gyro: -96.66, -23.31, -58.72
Accel: -0.35, 0.82, -0.61
Gyro: -75.15, -27.19, -50.01
Accel: -0.36, 0.79, -0.60
Gyro: -58.77, -27.40, -45.71
Accel: -0.41, 0.78, -0.55
Gyro: -52.73, -31.56, -39.18
Accel: -0.45, 0.80, -0.67
Gyro: -31.83, -23.76, -31.39
Accel: -0.44, 0.82, -0.60
Gyro: -61.91, -17.26, -20.01
Accel: -0.47, 0.82, -0.55
Gyro: -33.58, -21.19, -14.76
Accel: -0.50, 0.85, -0.65
Gyro: -28.58, -13.68, -11.14
Accel: -0.51, 0.85, -0.66
Gyro: -14.46, -5.20, -8.77
Accel: -0.40, 0.84, -0.48
Gyro: -14.38, 6.22, -0.38
Accel: -0.45, 0.79, -0.50
Gyro: 3.34, 3.46, 0.98
Accel: -0.45, 0.78, -0.50
Gyro: -9.62, 2.94, 5.54
Accel: -0.46, 0.77, -0.57
Gyro: 0.53, 4.52, 9.69
Accel: -0.44, 0.72, -0.55
Gyro: -0.14, 10.36, 5.71
Accel: -0.41, 0.78, -0.54
Gyro: -0.87, 14.27, 1.87
Accel: -0.37, 0.78, -0.49
Gyro: 4.27, 12.28, 5.03
Accel: -0.35, 0.81, -0.48
Gyro: 12.29, 7.43, 8.54
Accel: -0.36, 0.82, -0.53
Gyro: 18.52, 2.54, 11.21
Accel: -0.36, 0.84, -0.50
Gyro: 25.73, -0.92, 13.16
Accel: -0.38, 0.93, -0.56
Gyro: 42.47, -5.20, 17.31
Accel: -0.42, 0.90, -0.64
Gyro: 56.06, 1.37, 27.73
Accel: -0.38, 0.80, -0.57
Gyro: 69.15, 1.03, 32.25
Accel: -0.35, 0.76, -0.58
Gyro: 76.95, -2.14, 36.51
Accel: -0.36, 0.69, -0.61
Gyro: 78.64, -0.43, 37.07
Accel: -0.34, 0.69, -0.62
Gyro: 87.29, -1.96, 37.45
Accel: -0.33, 0.64, -0.68
Gyro: 96.09, -2.81, 39.79
Accel: -0.32, 0.56, -0.74
Gyro: 97.17, -0.02, 37.03
Accel: -0.30, 0.54, -0.74
Gyro: 100.81, 2.59, 35.06
Accel: -0.28, 0.46, -0.74
Gyro: 105.34, 3.47, 33.05
Accel: -0.27, 0.35, -0.79
Gyro: 101.92, 3.53, 27.61
Accel: -0.26, 0.36, -0.80
Gyro: 100.59, 2.80, 24.02
Accel: -0.26, 0.29, -0.85
Gyro: 100.27, 5.19, 24.57
Accel: -0.24, 0.20, -0.88
Gyro: 94.25, 8.29, 21.07
Accel: -0.21, 0.17, -0.85
Gyro: 85.63, 6.08, 17.73
Accel: -0.22, 0.12, -0.85
Gyro: 82.21, 1.78, 15.45
Accel: -0.19, 0.07, -0.87
Gyro: 76.68, -0.08, 13.73
Accel: -0.18, 0.06, -0.84
Gyro: 69.98, -5.09, 13.01
Accel: -0.21, 0.00, -0.90
Gyro: 55.23, -12.79, 13.24
Accel: -0.25, -0.05, -0.92
Gyro: 51.78, -13.31, 9.87
Accel: -0.24, -0.03, -0.91
Gyro: 41.00, -15.11, 9.73
Accel: -0.20, -0.05, -0.91
Gyro: 35.49, -16.44, 10.57
Accel: -0.26, -0.12, -0.94
Gyro: 30.15, -20.73, 9.73
Accel: -0.35, -0.17, -1.03
Gyro: 16.21, -14.54, 4.42
Accel: -0.35, -0.12, -1.00
Gyro: 7.33, -2.58, -2.58
Accel: -0.32, -0.10, -0.94
Gyro: 6.42, 2.13, -4.88
Accel: -0.31, -0.10, -0.94
Gyro: 0.95, 3.01, -6.07
Accel: -0.28, -0.08, -0.94
Gyro: -3.78, 4.10, -5.57
Accel: -0.26, -0.07, -0.94
Gyro: -6.56, 4.05, -3.68
Accel: -0.26, -0.07, -0.93
Gyro: -10.73, 2.70, -3.81
Accel: -0.26, -0.03, -0.91
Gyro: -11.68, 0.59, -4.23
Accel: -0.26, 0.01, -0.92
Gyro: -8.18, -0.95, -4.07
Accel: -0.26, 0.00, -0.94
Gyro: -5.30, 0.17, -3.47
Accel: -0.26, 0.00, -0.95
Gyro: -2.76, 1.48, -2.81
Accel: -0.25, -0.02, -0.93
Gyro: -2.39, 2.78, -1.59
Accel: -0.25, -0.02, -0.91
Gyro: -3.36, 1.27, -1.35
Accel: -0.25, -0.02, -0.93
Gyro: -4.51, -1.36, -1.96
Accel: -0.26, -0.02, -0.95
Gyro: -4.77, -0.79, -2.66
Accel: -0.25, -0.01, -0.94
Gyro: -4.10, 0.57, -2.98
Accel: -0.25, -0.01, -0.91
Gyro: -3.53, -0.50, -2.69
Accel: -0.25, -0.01, -0.94
Gyro: -4.82, -1.40, -2.78
Accel: -0.25, -0.00, -0.95
Gyro: -5.09, -0.87, -3.11
Accel: -0.25, 0.02, -0.93
Gyro: -3.23, -1.07, -2.84
Accel: -0.25, 0.02, -0.92
Gyro: -1.49, -2.24, -1.14
Accel: -0.26, 0.00, -0.95
Gyro: -1.37, -2.90, 0.08
Accel: -0.26, -0.01, -0.93
Gyro: -2.26, -2.33, 0.02
Accel: -0.27, -0.01, -0.94
Gyro: -2.76, -2.72, -0.81
Accel: -0.27, -0.00, -0.95
Gyro: -3.47, -1.91, -1.59
Accel: -0.27, -0.00, -0.93
Gyro: -2.69, -0.80, -2.11
Accel: -0.26, 0.00, -0.94
Gyro: -3.30, -1.40, -2.71
Accel: -0.27, 0.01, -0.95
Gyro: -2.82, -0.99, -2.91
Accel: -0.26, 0.00, -0.94
Gyro: -2.14, 0.11, -2.23
Accel: -0.26, -0.00, -0.92
Gyro: -2.46, -0.79, -2.52
Accel: -0.27, 0.00, -0.94
Gyro: -1.66, -1.66, -1.95
Accel: -0.27, -0.00, -0.95
Gyro: -0.77, -1.09, -1.21
