Accel: -0.25, -0.01, -0.94
Gyro: -2.81, -1.05, -1.12
Accel: -0.25, -0.00, -0.94
Gyro: -2.62, -1.25, -1.11
Accel: -0.25, -0.00, -0.95
Gyro: -2.41, -0.98, -1.24
Accel: -0.25, -0.01, -0.94
Gyro: -1.93, -1.24, -1.24
Accel: -0.26, -0.00, -0.93
Gyro: -2.14, -1.37, -1.83
Accel: -0.25, -0.00, -0.94
Gyro: -1.87, -0.51, -1.30
Accel: -0.25, -0.00, -0.94
Gyro: -2.01, -0.27, -0.89
Accel: -0.25, -0.01, -0.93
Gyro: -1.50, -0.88, -0.83
Accel: -0.25, -0.01, -0.94
Gyro: -1.06, -1.21, -0.45
Accel: -0.26, -0.04, -0.94
Gyro: -1.80, -0.53, -0.15
Accel: -0.26, -0.07, -0.95
Gyro: -6.31, -0.65, 0.36
Accel: -0.27, -0.11, -0.97
Gyro: -15.88, 1.64, 0.43
Accel: -0.26, -0.11, -0.95
Gyro: -25.09, 3.27, -0.82
Accel: -0.26, -0.11, -0.94
Gyro: -37.52, 4.94, -2.66
Accel: -0.24, -0.09, -0.93
Gyro: -47.38, 5.40, -5.71
Accel: -0.24, -0.07, -0.93
Gyro: -58.17, 6.14, -9.80
Accel: -0.22, -0.03, -0.91
Gyro: -68.01, 5.83, -14.85
Accel: -0.23, 0.02, -0.89
Gyro: -72.99, 3.75, -20.04
Accel: -0.22, 0.07, -0.90
Gyro: -79.21, 3.91, -23.66
Accel: -0.22, 0.10, -0.86
Gyro: -83.56, 1.88, -27.67
Accel: -0.22, 0.13, -0.85
Gyro: -90.43, -1.51, -30.99
Accel: -0.22, 0.17, -0.83
Gyro: -101.37, -4.07, -33.94
Accel: -0.25, 0.23, -0.78
Gyro: -108.59, -7.08, -38.26
Accel: -0.22, 0.35, -0.76
Gyro: -110.95, -9.82, -40.81
Accel: -0.31, 0.42, -0.77
Gyro: -124.43, -15.60, -35.85
Accel: -0.24, 0.48, -0.69
Gyro: -119.73, -18.75, -33.80
Accel: -0.34, 0.54, -0.69
Gyro: -115.93, -23.05, -36.22
Accel: -0.32, 0.61, -0.63
Gyro: -106.82, -26.53, -41.63
Accel: -0.36, 0.69, -0.62
Gyro: -99.24, -28.52, -41.66
Accel: -0.40, 0.81, -0.63
Gyro: -78.86, -27.28, -38.97
Accel: -0.41, 0.83, -0.57
Gyro: -56.50, -28.84, -31.62
Accel: -0.46, 0.85, -0.65
Gyro: -40.77, -26.41, -21.48
Accel: -0.50, 0.84, -0.60
Gyro: -42.20, -22.64, -9.70
Accel: -0.52, 0.81, -0.61
Gyro: -25.44, -20.31, -1.43
Accel: -0.51, 0.77, -0.61
Gyro: -21.00, -12.16, 2.73
Accel: -0.53, 0.76, -0.59
Gyro: -10.62, -4.58, -0.75
Accel: -0.48, 0.79, -0.58
Gyro: -19.80, 3.86, 2.08
Accel: -0.45, 0.76, -0.55
Gyro: -1.71, 8.51, 4.76
Accel: -0.43, 0.76, -0.55
Gyro: -5.17, 12.26, 7.14
Accel: -0.43, 0.76, -0.55
Gyro: 5.53, 11.29, 7.51
Accel: -0.43, 0.77, -0.54
Gyro: 7.34, 10.86, 8.24
Accel: -0.41, 0.78, -0.53
Gyro: 15.78, 8.14, 9.45
Accel: -0.39, 0.79, -0.56
Gyro: 23.28, 5.73, 12.28
Accel: -0.40, 0.76, -0.59
Gyro: 32.78, 5.85, 12.83
Accel: -0.40, 0.79, -0.59
Gyro: 41.93, 4.72, 12.25
Accel: -0.39, 0.76, -0.59
Gyro: 57.88, 4.97, 13.69
Accel: -0.38, 0.72, -0.63
Gyro: 68.12, 3.97, 15.69
Accel: -0.38, 0.71, -0.64
Gyro: 71.37, 5.20, 20.00
Accel: -0.36, 0.62, -0.64
Gyro: 79.73, 3.30, 24.83
Accel: -0.33, 0.54, -0.66
Gyro: 78.81, -0.56, 24.15
Accel: -0.35, 0.54, -0.71
Gyro: 77.72, -4.12, 22.10
Accel: -0.36, 0.49, -0.76
Gyro: 80.69, -3.88, 22.35
Accel: -0.34, 0.44, -0.78
Gyro: 81.39, -1.35, 20.13
Accel: -0.35, 0.41, -0.81
Gyro: 78.03, 2.00, 19.16
Accel: -0.34, 0.39, -0.80
Gyro: 79.42, 2.96, 19.54
Accel: -0.33, 0.31, -0.82
Gyro: 80.17, 4.15, 18.26
Accel: -0.29, 0.28, -0.84
Gyro: 74.65, 4.35, 14.37
Accel: -0.30, 0.26, -0.88
Gyro: 72.49, 5.61, 12.70
Accel: -0.28, 0.18, -0.89
Gyro: 66.43, 7.90, 12.28
Accel: -0.27, 0.10, -0.99
Gyro: 60.40, 13.47, 6.00
Accel: -0.27, 0.15, -0.88
Gyro: 42.32, 16.75, 2.48
Accel: -0.18, 0.12, -0.80
Gyro: 54.13, 0.56, 5.34
Accel: -0.23, 0.09, -0.82
Gyro: 28.10, 18.24, 7.06
Accel: -0.29, 0.10, -0.99
Gyro: 39.44, 1.65, -2.53
Accel: -0.28, 0.11, -0.88
Gyro: 42.24, 6.72, -3.43
Accel: -0.27, 0.11, -0.86
Gyro: 44.69, -0.91, -1.49
Accel: -0.28, 0.04, -0.93
Gyro: 44.79, -1.09, 0.71
Accel: -0.31, -0.05, -0.96
Gyro: 34.29, 1.83, -1.66
Accel: -0.29, -0.02, -0.91
Gyro: 27.82, 2.25, -2.08
Accel: -0.27, -0.03, -0.91
Gyro: 24.41, 0.95, -1.34
Accel: -0.25, -0.03, -0.91
Gyro: 17.45, -1.05, -0.67
Accel: -0.26, -0.01, -0.93
Gyro: 14.45, -1.79, -0.29
Accel: -0.26, -0.02, -0.90
Gyro: 14.34, -3.46, 1.68
Accel: -0.25, -0.05, -0.92
Gyro: 12.08, -7.17, 2.86
Accel: -0.28, -0.06, -0.95
Gyro: 6.16, -6.07, 3.62
Accel: -0.29, -0.05, -0.97
Gyro: 6.20, -3.40, 3.83
Accel: -0.27, -0.06, -0.91
Gyro: 6.08, -2.81, 3.74
Accel: -0.29, -0.08, -0.92
Gyro: 2.75, -5.35, 1.61
Accel: -0.30, -0.06, -0.95
Gyro: -0.29, -3.91, -0.40
Accel: -0.28, -0.05, -0.91
Gyro: -1.24, -2.01, -0.45
Accel: -0.29, -0.05, -0.95
Gyro: -0.98, -3.02, 0.68
Accel: -0.30, -0.06, -0.95
Gyro: -2.69, 1.37, 1.31
Accel: -0.28, -0.06, -0.92
Gyro: -3.17, 0.54, 2.15
Accel: -0.29, -0.06, -0.93
Gyro: -5.74, 0.69, 0.43
Accel: -0.28, -0.04, -0.94
Gyro: -5.27, 0.43, -0.31
Accel: -0.28, -0.04, -0.91
Gyro: -3.75, 0.16, 0.06
Accel: -0.28, -0.04, -0.93
Gyro: -5.24, -1.34, -0.15
Accel: -0.28, -0.04, -0.92
Gyro: -6.46, -1.45, -0.31
Accel: -0.28, -0.03, -0.93
Gyro: -7.09, -2.04, -0.02
Accel: -0.29, -0.03, -0.92
Gyro: -7.04, -2.91, -0.34
Accel: -0.29, -0.02, -0.93
Gyro: -4.75, -3.04, -1.04
Accel: -0.29, -0.02, -0.94
Gyro: -3.84, -2.70, -1.39
Accel: -0.29, -0.02, -0.93
Gyro: -4.20, -2.07, -1.75
Accel: -0.29, -0.01, -0.94
Gyro: -4.65, -1.44, -2.07
Accel: -0.29, -0.01, -0.91
Gyro: -3.87, -1.42, -1.95
Accel: -0.29, -0.01, -0.93
Gyro: -2.98, -2.27, -1.38
Accel: -0.29, -0.02, -0.94
Gyro: -3.23, -2.30, -0.96
Accel: -0.30, -0.01, -0.93
Gyro: -3.20, -1.07, 0.16
Accel: -0.29, -0.02, -0.90
Gyro: -2.24, -1.05, 0.56
Accel: -0.29, -0.02, -0.92
Gyro: -3.25, -2.39, 0.74
Accel: -0.30, -0.02, -0.93
Gyro: -4.52, -1.24, -0.05
