Accel: -0.19, -0.01, -0.95
Gyro: -2.88, 0.41, -2.08
Accel: -0.17, -0.01, -0.96
Gyro: -2.30, 0.44, -1.71
Accel: -0.17, -0.00, -0.95
Gyro: -2.07, -0.06, -1.49
Accel: -0.17, -0.01, -0.95
Gyro: -1.52, 0.01, -0.82
Accel: -0.17, -0.01, -0.95
Gyro: -2.73, 0.26, -0.70
Accel: -0.17, -0.02, -0.97
Gyro: -3.12, -0.43, -1.11
Accel: -0.17, -0.01, -0.96
Gyro: -1.83, 0.63, -1.66
Accel: -0.16, -0.01, -0.94
Gyro: -0.72, 0.15, -1.55
Accel: -0.17, -0.02, -0.94
Gyro: -1.57, -1.69, -1.44
Accel: -0.18, -0.02, -0.97
Gyro: -2.06, -1.60, -0.21
Accel: -0.18, -0.05, -0.95
Gyro: -4.21, 0.49, -0.16
Accel: -0.19, -0.09, -0.96
Gyro: -9.31, 0.42, 1.43
Accel: -0.20, -0.13, -0.97
Gyro: -18.63, 1.37, 1.26
Accel: -0.20, -0.16, -0.97
Gyro: -32.27, 2.89, -0.52
Accel: -0.20, -0.18, -0.98
Gyro: -50.24, 6.31, -1.50
Accel: -0.18, -0.15, -0.98
Gyro: -67.88, 11.21, -6.90
Accel: -0.17, -0.11, -0.96
Gyro: -80.70, 16.78, -14.50
Accel: -0.15, -0.05, -0.91
Gyro: -90.00, 18.17, -23.29
Accel: -0.13, 0.03, -0.88
Gyro: -96.09, 16.22, -31.73
Accel: -0.12, 0.10, -0.85
Gyro: -101.31, 11.49, -36.98
Accel: -0.11, 0.17, -0.83
Gyro: -108.93, 6.31, -37.65
Accel: -0.12, 0.23, -0.84
Gyro: -115.88, 0.28, -37.85
Accel: -0.16, 0.24, -0.77
Gyro: -134.16, 2.72, -40.92
Accel: -0.13, 0.36, -0.72
Gyro: -142.81, 1.46, -46.87
Accel: -0.19, 0.49, -0.69
Gyro: -144.91, -6.55, -48.88
Accel: -0.21, 0.63, -0.64
Gyro: -134.89, -9.40, -50.00
Accel: -0.25, 0.72, -0.67
Gyro: -121.91, -6.36, -49.33
Accel: -0.25, 0.81, -0.59
Gyro: -106.09, -12.64, -45.36
Accel: -0.21, 0.80, -0.55
Gyro: -88.74, -11.99, -45.30
Accel: -0.23, 0.80, -0.50
Gyro: -77.32, -21.45, -43.80
Accel: -0.23, 0.73, -0.43
Gyro: -59.52, -30.47, -43.41
Accel: -0.31, 0.81, -0.50
Gyro: -70.21, -41.25, -42.23
Accel: -0.37, 0.91, -0.51
Gyro: -56.47, -46.76, -37.22
Accel: -0.67, 0.84, -0.46
Gyro: -42.43, -49.07, -24.28
Accel: -0.48, 0.91, -0.58
Gyro: -47.05, -28.18, -10.72
Accel: -0.49, 0.97, -0.40
Gyro: -36.99, -27.61, -8.49
Accel: -0.50, 0.91, -0.49
Gyro: -18.27, -17.44, -5.56
Accel: -0.48, 0.92, -0.51
Gyro: -29.72, -3.88, 0.65
Accel: -0.43, 0.94, -0.44
Gyro: -14.87, 2.87, 5.74
Accel: -0.41, 0.83, -0.40
Gyro: -9.12, 0.77, 4.62
Accel: -0.42, 0.88, -0.45
Gyro: -10.22, 2.91, 3.56
Accel: -0.39, 0.85, -0.39
Gyro: 1.32, 4.90, 2.08
Accel: -0.39, 0.88, -0.40
Gyro: 2.51, 3.62, -0.27
Accel: -0.38, 0.92, -0.38
Gyro: 7.40, 2.76, 2.40
Accel: -0.40, 0.91, -0.41
Gyro: 16.81, 1.75, 6.57
Accel: -0.36, 0.90, -0.45
Gyro: 21.29, 2.30, 6.79
Accel: -0.42, 0.93, -0.43
Gyro: 29.51, 1.91, 9.48
Accel: -0.43, 0.93, -0.50
Gyro: 47.87, -1.99, 12.31
Accel: -0.38, 0.94, -0.45
Gyro: 63.46, -0.86, 15.88
Accel: -0.36, 0.94, -0.46
Gyro: 70.18, 0.20, 23.12
Accel: -0.39, 0.92, -0.49
Gyro: 85.01, -0.43, 30.23
Accel: -0.36, 0.80, -0.55
Gyro: 96.89, 4.14, 35.83
Accel: -0.34, 0.79, -0.56
Gyro: 100.75, 3.94, 32.99
Accel: -0.32, 0.71, -0.58
Gyro: 116.72, 1.96, 34.46
Accel: -0.30, 0.58, -0.67
Gyro: 117.74, 5.63, 30.15
Accel: -0.28, 0.57, -0.65
Gyro: 117.03, 6.68, 27.62
Accel: -0.26, 0.49, -0.68
Gyro: 115.77, 2.53, 28.41
Accel: -0.27, 0.41, -0.79
Gyro: 105.62, 4.25, 27.59
Accel: -0.26, 0.45, -0.76
Gyro: 97.50, 6.19, 28.75
Accel: -0.25, 0.36, -0.76
Gyro: 107.04, 3.29, 31.98
Accel: -0.22, 0.22, -0.81
Gyro: 103.00, 3.70, 28.08
Accel: -0.19, 0.16, -0.83
Gyro: 93.74, 2.29, 20.13
Accel: -0.23, 0.16, -0.86
Gyro: 84.60, -3.34, 16.44
Accel: -0.24, 0.09, -0.88
Gyro: 74.04, -3.15, 11.79
Accel: -0.23, 0.07, -0.93
Gyro: 69.20, -2.86, 9.11
Accel: -0.19, 0.10, -0.80
Gyro: 64.84, -4.60, 3.60
Accel: -0.23, 0.04, -0.91
Gyro: 63.19, -3.08, 4.20
Accel: -0.22, -0.04, -0.93
Gyro: 57.91, -3.10, 2.06
Accel: -0.24, -0.08, -0.97
Gyro: 44.85, -0.37, -0.27
Accel: -0.24, -0.09, -0.95
Gyro: 33.17, 2.96, -2.12
Accel: -0.23, -0.07, -0.92
Gyro: 26.33, 1.50, -2.48
Accel: -0.23, -0.10, -0.94
Gyro: 19.61, 0.13, -1.79
Accel: -0.23, -0.08, -0.97
Gyro: 12.00, 2.35, -2.43
Accel: -0.22, -0.08, -0.95
Gyro: 8.04, 3.78, -1.87
Accel: -0.21, -0.09, -0.92
Gyro: 2.59, 2.73, -1.57
Accel: -0.21, -0.09, -0.93
Gyro: -1.61, 0.69, -1.93
Accel: -0.21, -0.07, -0.95
Gyro: -3.72, 0.40, -3.53
Accel: -0.21, -0.06, -0.95
Gyro: -5.49, 0.92, -5.17
Accel: -0.21, -0.05, -0.95
Gyro: -7.43, 1.11, -5.25
Accel: -0.21, -0.05, -0.94
Gyro: -8.33, 1.26, -4.54
Accel: -0.21, -0.04, -0.94
Gyro: -9.76, 1.33, -4.45
Accel: -0.20, -0.02, -0.94
Gyro: -10.09, 0.83, -4.05
Accel: -0.21, -0.01, -0.95
Gyro: -8.60, 1.08, -4.06
Accel: -0.20, -0.01, -0.95
Gyro: -6.71, 1.50, -3.49
Accel: -0.20, -0.01, -0.94
Gyro: -6.62, 1.39, -3.00
Accel: -0.20, 0.00, -0.94
Gyro: -5.39, 0.23, -2.54
Accel: -0.20, -0.00, -0.95
Gyro: -4.05, -0.91, -1.67
Accel: -0.20, -0.02, -0.95
Gyro: -4.69, -0.94, -1.14
Accel: -0.20, -0.01, -0.95
Gyro: -5.36, -1.34, -1.37
Accel: -0.20, -0.00, -0.96
Gyro: -4.76, -1.77, -1.37
Accel: -0.21, 0.00, -0.96
Gyro: -3.48, -1.36, -1.84
Accel: -0.21, -0.01, -0.96
Gyro: -3.33, -0.76, -0.92
Accel: -0.21, -0.00, -0.94
Gyro: -4.23, -0.74, -1.43
Accel: -0.20, 0.01, -0.95
Gyro: -2.61, -1.54, -0.74
Accel: -0.20, 0.01, -0.95
Gyro: -2.75, -2.20, -0.03
Accel: -0.21, 0.01, -0.96
Gyro: -3.43, -1.58, 0.77
Accel: -0.21, 0.00, -0.96
Gyro: -3.61, 0.45, 0.69
Accel: -0.21, -0.01, -0.95
Gyro: -3.26, 1.05, 0.14
Accel: -0.20, -0.01, -0.94
Gyro: -4.79, 0.71, -1.21
Accel: -0.20, 0.01, -0.96
Gyro: -4.48, 0.04, -2.59
Accel: -0.21, 0.02, -0.96
Gyro: -3.78, -0.03, -2.68
