Accel: 0.02, 0.03, -0.97
Gyro: -3.01, 0.04, -1.17
Accel: 0.02, 0.03, -0.96
Gyro: -2.56, -0.26, -0.92
Accel: 0.03, 0.03, -0.96
Gyro: -2.79, -0.31, -1.24
Accel: 0.03, 0.03, -0.97
Gyro: -3.01, -0.35, -0.86
Accel: 0.03, 0.03, -0.97
Gyro: -2.71, -0.47, -0.53
Accel: 0.02, 0.03, -0.97
Gyro: -2.58, -0.43, -0.66
Accel: 0.03, 0.03, -0.97
Gyro: -2.30, -0.39, -1.03
Accel: 0.03, 0.04, -0.97
Gyro: -2.59, -0.56, -1.08
Accel: 0.02, 0.04, -0.96
Gyro: -2.62, -0.60, -0.51
Accel: 0.03, 0.02, -0.96
Gyro: -2.72, -0.51, -0.55
Accel: 0.02, 0.04, -0.96
Gyro: -2.65, -0.51, -0.64
Accel: 0.03, 0.03, -0.96
Gyro: -2.56, -0.43, -0.47
Accel: 0.02, 0.03, -0.96
Gyro: -2.60, -0.54, -0.82
Accel: 0.03, 0.05, -0.97
Gyro: -2.39, -0.56, -0.37
Accel: 0.03, 0.05, -0.97
Gyro: -2.73, -0.62, 1.05
Accel: 0.02, 0.05, -0.97
Gyro: -3.33, -0.86, 3.70
Accel: 0.02, 0.06, -0.96
Gyro: -4.11, -1.05, 7.70
Accel: 0.02, 0.10, -0.97
Gyro: -5.20, -1.21, 14.33
Accel: 0.02, 0.12, -0.96
Gyro: -7.53, -1.59, 23.92
Accel: 0.02, 0.16, -0.96
Gyro: -9.00, -2.14, 36.96
Accel: 0.01, 0.16, -0.96
Gyro: -12.47, -2.47, 53.12
Accel: 0.01, 0.16, -0.97
Gyro: -16.55, -2.90, 68.27
Accel: -0.01, 0.17, -0.97
Gyro: -19.13, -3.23, 82.13
Accel: -0.01, 0.14, -0.97
Gyro: -20.60, -1.91, 93.66
Accel: -0.02, 0.11, -0.97
Gyro: -22.56, -0.74, 98.70
Accel: -0.01, 0.10, -0.98
Gyro: -22.03, -0.76, 100.91
Accel: -0.01, 0.09, -0.98
Gyro: -20.98, 0.02, 99.56
Accel: 0.01, 0.05, -0.97
Gyro: -20.36, 1.66, 94.89
Accel: 0.02, 0.12, -0.97
Gyro: -18.14, 1.72, 89.91
Accel: 0.03, 0.15, -0.97
Gyro: -16.74, 2.64, 92.74
Accel: 0.03, 0.11, -0.97
Gyro: -18.59, 2.67, 90.21
Accel: 0.04, 0.13, -0.95
Gyro: -16.33, 1.38, 93.87
Accel: 0.07, 0.05, -0.91
Gyro: -24.41, -0.85, 87.51
Accel: 0.04, 0.15, -1.01
Gyro: -17.28, -3.37, 80.31
Accel: 0.05, 0.04, -0.97
Gyro: -7.44, -1.38, 66.95
Accel: 0.06, 0.07, -0.94
Gyro: -1.89, -0.24, 51.29
Accel: 0.07, 0.07, -0.96
Gyro: 5.28, -1.85, 41.23
Accel: 0.07, 0.04, -0.97
Gyro: 4.26, 0.11, 35.00
Accel: 0.07, 0.03, -0.96
Gyro: 3.12, -0.81, 25.03
Accel: 0.08, 0.02, -0.97
Gyro: 4.20, -2.43, 11.38
Accel: 0.09, 0.04, -0.94
Gyro: 4.26, -1.85, 4.06
Accel: 0.08, 0.07, -0.96
Gyro: 3.85, -4.86, -2.54
Accel: 0.07, 0.12, -0.99
Gyro: 1.89, -1.59, -2.14
Accel: 0.09, 0.06, -0.96
Gyro: 0.18, -0.75, -1.12
Accel: 0.08, 0.04, -0.95
Gyro: 1.67, -2.91, -6.52
Accel: 0.07, 0.07, -0.97
Gyro: 2.19, -1.37, -10.92
Accel: 0.08, 0.07, -0.96
Gyro: 0.94, -0.56, -13.77
Accel: 0.08, 0.09, -0.96
Gyro: 2.74, -1.66, -15.35
Accel: 0.08, 0.04, -0.96
Gyro: 5.40, -1.23, -20.46
Accel: 0.07, -0.04, -0.96
Gyro: 7.87, -2.19, -31.49
Accel: 0.06, -0.10, -0.93
Gyro: 9.59, -5.78, -52.19
Accel: 0.03, -0.06, -0.96
Gyro: 12.63, -9.51, -74.65
Accel: 0.02, -0.02, -0.99
Gyro: 16.17, -8.53, -89.37
Accel: 0.02, -0.02, -0.99
Gyro: 18.02, -8.48, -101.98
Accel: 0.02, 0.09, -0.93
Gyro: 23.70, -10.74, -105.28
Accel: 0.00, 0.05, -1.01
Gyro: 25.33, -11.48, -102.25
Accel: -0.01, 0.04, -1.00
Gyro: 24.54, -5.55, -106.64
Accel: -0.01, 0.07, -0.98
Gyro: 22.22, -4.26, -101.67
Accel: -0.01, 0.03, -0.99
Gyro: 15.84, -3.04, -94.31
Accel: -0.00, 0.00, -0.98
Gyro: 9.74, 0.11, -92.19
Accel: -0.00, 0.03, -0.97
Gyro: 7.35, -0.60, -88.04
Accel: 0.00, -0.00, -0.98
Gyro: 4.59, 0.36, -85.44
Accel: 0.01, 0.04, -0.95
Gyro: 1.59, 1.14, -82.60
Accel: 0.02, 0.07, -0.94
Gyro: 3.33, -2.51, -73.68
Accel: 0.03, 0.05, -0.95
Gyro: 0.87, -3.75, -67.26
Accel: 0.02, 0.08, -0.95
Gyro: -0.50, -4.65, -57.87
Accel: 0.02, 0.06, -0.97
Gyro: -1.18, -5.04, -48.35
Accel: 0.02, 0.05, -0.96
Gyro: -2.51, -4.18, -43.52
Accel: 0.03, 0.09, -0.96
Gyro: -1.96, -5.78, -34.80
Accel: 0.02, 0.07, -0.97
Gyro: -3.22, -6.55, -25.04
Accel: 0.01, 0.04, -0.98
Gyro: -4.71, -4.55, -19.00
Accel: 0.01, 0.06, -0.98
Gyro: -5.38, -2.88, -14.11
Accel: 0.01, 0.04, -0.97
Gyro: -5.77, -2.33, -8.49
Accel: -0.00, 0.03, -0.98
Gyro: -6.26, -1.25, -4.97
Accel: 0.01, 0.04, -0.97
Gyro: -5.81, -0.14, -2.66
Accel: 0.02, 0.04, -0.96
Gyro: -5.32, -0.79, 0.54
Accel: 0.01, 0.02, -0.97
Gyro: -5.62, -1.29, 2.12
Accel: 0.01, 0.01, -0.97
Gyro: -6.01, -0.31, 1.23
Accel: 0.02, 0.02, -0.97
Gyro: -5.89, -0.01, -0.23
Accel: 0.01, 0.03, -0.97
Gyro: -5.31, -0.46, -0.40
Accel: 0.02, 0.04, -0.97
Gyro: -4.70, -0.11, -0.08
Accel: 0.02, 0.03, -0.97
Gyro: -3.64, 0.26, 0.93
Accel: 0.01, 0.03, -0.97
Gyro: -3.30, -0.02, 1.26
Accel: 0.01, 0.03, -0.97
Gyro: -2.89, -0.34, 1.95
Accel: 0.01, 0.03, -0.97
Gyro: -2.37, 0.03, 2.18
Accel: 0.01, 0.02, -0.97
Gyro: -2.09, 0.66, 2.42
Accel: 0.03, 0.02, -0.97
Gyro: -2.56, 0.92, 2.03
Accel: 0.02, 0.01, -0.97
Gyro: -2.70, 0.81, 1.36
Accel: 0.03, 0.02, -0.96
Gyro: -2.72, -0.05, 0.32
Accel: 0.03, 0.03, -0.96
Gyro: -2.79, -0.43, -0.39
Accel: 0.02, 0.03, -0.96
Gyro: -2.37, -0.96, -0.17
Accel: 0.02, 0.02, -0.96
Gyro: -2.81, -1.04, -0.24
Accel: 0.02, 0.03, -0.96
Gyro: -3.03, -0.98, -0.37
Accel: 0.02, 0.03, -0.96
Gyro: -3.14, -1.13, -0.14
Accel: 0.02, 0.03, -0.96
Gyro: -3.02, -1.19, -0.39
Accel: 0.02, 0.03, -0.98
Gyro: -2.75, -0.91, -0.17
Accel: 0.03, 0.02, -0.97
Gyro: -2.75, -0.76, -0.37
Accel: 0.02, 0.02, -0.96
Gyro: -2.75, -0.95, -0.34
Accel: 0.02, 0.02, -0.97
Gyro: -2.90, -0.81, -0.37
Accel: 0.01, 0.02, -0.97
Gyro: -3.32, -0.66, -0.34
Accel: 0.02, 0.02, -0.97
Gyro: -3.81, -0.43, -0.42
