Accel: 0.01, 0.04, -0.96
Gyro: -2.79, -1.16, -1.59
Accel: 0.01, 0.04, -0.98
Gyro: -2.89, -1.04, -1.48
Accel: 0.00, 0.04, -0.97
Gyro: -2.89, -0.36, -1.17
Accel: 0.02, 0.04, -0.97
Gyro: -2.95, 0.31, -1.05
Accel: 0.02, 0.04, -0.97
Gyro: -2.59, 0.40, -0.79
Accel: 0.02, 0.04, -0.97
Gyro: -2.40, 0.26, -0.54
Accel: 0.02, 0.03, -0.95
Gyro: -2.66, 0.35, -0.66
Accel: 0.02, 0.03, -0.97
Gyro: -2.92, -0.24, -0.82
Accel: 0.02, 0.04, -0.98
Gyro: -2.85, -0.21, -0.83
Accel: 0.01, 0.03, -0.97
Gyro: -2.56, -0.08, -0.53
Accel: 0.02, 0.05, -0.97
Gyro: -2.65, 0.14, -0.52
Accel: 0.01, 0.07, -0.97
Gyro: -2.46, -0.20, 1.25
Accel: 0.02, 0.07, -0.96
Gyro: -2.57, -0.34, 4.94
Accel: 0.02, 0.12, -0.97
Gyro: -3.30, -0.73, 11.77
Accel: 0.02, 0.14, -0.97
Gyro: -4.60, 0.05, 25.09
Accel: 0.03, 0.15, -0.97
Gyro: -8.33, 0.98, 37.47
Accel: 0.01, 0.20, -0.96
Gyro: -10.20, 0.37, 55.79
Accel: 0.00, 0.16, -0.96
Gyro: -14.88, -0.21, 72.75
Accel: -0.00, 0.13, -0.97
Gyro: -19.15, 0.44, 83.41
Accel: -0.00, 0.12, -0.97
Gyro: -20.26, 0.59, 90.77
Accel: -0.01, 0.10, -0.97
Gyro: -20.55, 0.40, 95.56
Accel: -0.01, 0.10, -0.97
Gyro: -21.06, 1.08, 97.53
Accel: -0.00, 0.12, -0.98
Gyro: -20.13, 2.08, 99.88
Accel: 0.00, 0.08, -0.98
Gyro: -18.64, 2.95, 99.28
Accel: 0.01, 0.14, -1.00
Gyro: -19.30, 4.57, 99.09
Accel: 0.01, 0.12, -0.98
Gyro: -17.77, 6.74, 99.97
Accel: 0.04, 0.08, -0.97
Gyro: -15.08, 8.55, 94.70
Accel: 0.06, 0.10, -0.93
Gyro: -7.67, 6.49, 87.65
Accel: 0.07, 0.10, -0.96
Gyro: -2.18, 2.94, 81.14
Accel: 0.05, 0.10, -0.97
Gyro: -0.56, 4.20, 77.35
Accel: 0.03, 0.10, -1.03
Gyro: -2.29, 7.93, 75.77
Accel: 0.07, 0.01, -0.94
Gyro: -2.10, 14.00, 73.88
Accel: 0.10, -0.15, -0.89
Gyro: 3.81, 5.22, 50.06
Accel: 0.09, -0.08, -0.97
Gyro: 8.50, 1.71, 24.94
Accel: 0.12, -0.06, -0.94
Gyro: 7.86, 0.33, 7.49
Accel: 0.13, 0.04, -0.95
Gyro: 4.43, -1.17, 1.46
Accel: 0.12, 0.00, -0.95
Gyro: 1.79, 0.10, 2.88
Accel: 0.13, 0.03, -0.93
Gyro: -1.11, -0.72, 0.95
Accel: 0.13, -0.01, -0.94
Gyro: -3.92, -2.03, -3.04
Accel: 0.13, 0.06, -0.95
Gyro: -2.78, -5.39, -8.54
Accel: 0.11, 0.08, -0.99
Gyro: -2.41, -3.53, -7.29
Accel: 0.11, 0.05, -0.95
Gyro: -2.15, -3.31, -8.18
Accel: 0.11, 0.01, -0.98
Gyro: -0.63, -3.92, -11.95
Accel: 0.11, -0.04, -0.97
Gyro: 0.42, -3.00, -21.22
Accel: 0.09, -0.11, -0.95
Gyro: 1.69, -3.59, -37.39
Accel: 0.07, -0.06, -0.97
Gyro: 2.49, -5.91, -60.79
Accel: 0.07, -0.00, -0.98
Gyro: 11.88, -2.75, -72.25
Accel: 0.07, -0.05, -0.95
Gyro: 15.69, -3.59, -86.20
Accel: 0.06, -0.08, -0.92
Gyro: 17.17, -6.55, -102.07
Accel: 0.05, -0.03, -0.94
Gyro: 18.31, -10.83, -114.23
Accel: 0.03, -0.01, -0.94
Gyro: 18.42, -13.99, -122.63
Accel: 0.01, 0.01, -0.96
Gyro: 17.62, -14.45, -129.81
Accel: 0.01, 0.17, -0.97
Gyro: 20.40, -14.67, -121.54
Accel: 0.00, 0.08, -0.98
Gyro: 21.26, -12.15, -111.95
Accel: -0.01, 0.05, -0.98
Gyro: 18.30, -8.33, -107.47
Accel: -0.00, 0.06, -0.97
Gyro: 15.10, -7.76, -101.51
Accel: -0.00, 0.05, -0.97
Gyro: 14.06, -9.27, -95.56
Accel: -0.00, 0.06, -0.97
Gyro: 11.45, -9.21, -87.74
Accel: 0.00, 0.07, -0.98
Gyro: 8.03, -8.50, -78.32
Accel: -0.00, 0.07, -0.99
Gyro: 3.59, -6.87, -67.05
Accel: 0.02, 0.09, -0.98
Gyro: 0.82, -5.37, -54.37
Accel: 0.02, 0.08, -0.99
Gyro: -1.61, -3.27, -41.29
Accel: 0.02, 0.06, -0.98
Gyro: -4.94, -1.69, -31.05
Accel: 0.02, 0.06, -0.95
Gyro: -7.74, -1.75, -22.21
Accel: 0.02, 0.06, -0.96
Gyro: -8.48, -2.62, -13.50
Accel: 0.01, 0.05, -0.96
Gyro: -9.40, -2.74, -7.33
Accel: 0.02, 0.06, -0.96
Gyro: -9.27, -2.42, -2.01
Accel: 0.02, 0.03, -0.96
Gyro: -8.40, -2.14, 0.98
Accel: 0.02, 0.03, -0.96
Gyro: -6.97, -1.68, 1.96
Accel: 0.01, 0.02, -0.97
Gyro: -5.81, -1.15, 2.14
Accel: 0.02, 0.02, -0.97
Gyro: -4.74, -0.72, 1.74
Accel: 0.01, 0.02, -0.97
Gyro: -4.03, -0.90, 1.19
Accel: 0.01, 0.02, -0.97
Gyro: -3.78, -1.37, 1.13
Accel: 0.02, 0.02, -0.97
Gyro: -3.58, -0.79, 0.35
Accel: 0.02, 0.01, -0.97
Gyro: -3.56, -0.40, -0.21
Accel: 0.02, 0.02, -0.97
Gyro: -3.14, -0.19, -0.91
Accel: 0.02, 0.02, -0.97
Gyro: -2.94, 0.50, -1.08
Accel: 0.02, 0.02, -0.97
Gyro: -2.58, 1.19, -1.26
Accel: 0.02, 0.02, -0.96
Gyro: -2.55, 1.13, -1.00
Accel: 0.03, 0.02, -0.97
Gyro: -2.79, 1.05, -1.30
Accel: 0.03, 0.02, -0.97
Gyro: -2.98, 1.12, -1.31
Accel: 0.02, 0.03, -0.96
Gyro: -3.00, 0.98, -1.24
Accel: 0.03, 0.02, -0.95
Gyro: -2.46, -0.02, -1.31
Accel: 0.03, 0.02, -0.96
Gyro: -2.40, -0.74, -1.06
Accel: 0.03, 0.02, -0.96
Gyro: -2.53, -1.30, -1.01
Accel: 0.03, 0.02, -0.96
Gyro: -2.46, -2.36, -1.26
Accel: 0.02, 0.02, -0.97
Gyro: -2.27, -2.63, -1.16
Accel: 0.02, 0.02, -0.97
Gyro: -2.23, -2.40, -1.12
Accel: 0.01, 0.03, -0.98
Gyro: -2.66, -2.03, -0.82
Accel: 0.01, 0.03, -0.97
Gyro: -2.86, -1.30, -0.40
Accel: 0.02, 0.02, -0.98
Gyro: -3.39, -0.55, -0.67
Accel: 0.02, 0.02, -0.98
Gyro: -3.33, 0.15, -0.34
Accel: 0.02, 0.03, -0.97
Gyro: -3.18, -0.10, -0.92
Accel: 0.02, 0.02, -0.96
Gyro: -3.17, -0.56, -0.77
Accel: 0.02, 0.03, -0.96
Gyro: -3.83, -0.88, -0.92
Accel: 0.02, 0.03, -0.96
Gyro: -3.74, -0.82, -0.39
Accel: 0.01, 0.03, -0.97
Gyro: -3.21, 0.00, -0.81
Accel: 0.01, 0.03, -0.96
Gyro: -2.88, 0.16, -1.07
Accel: 0.02, 0.03, -0.97
Gyro: -2.59, 0.51, -1.39
Accel: 0.02, 0.03, -0.96
Gyro: -2.53, 0.53, -1.35
Accel: 0.02, 0.03, -0.96
Gyro: -2.59, 0.12, -1.12
