Accel: -0.01, 0.04, -0.97
Gyro: -2.59, -0.70, -1.53
Accel: -0.00, 0.03, -0.97
Gyro: -2.53, -0.48, -1.35
Accel: -0.01, 0.03, -0.97
Gyro: -2.27, -0.12, -1.44
Accel: -0.01, 0.03, -0.97
Gyro: -2.51, -0.47, -0.87
Accel: 0.00, 0.03, -0.96
Gyro: -2.84, -0.33, -0.74
Accel: -0.00, 0.03, -0.96
Gyro: -3.30, 0.01, -0.85
Accel: 0.00, 0.04, -0.96
Gyro: -3.44, -0.40, -0.83
Accel: 0.00, 0.04, -0.96
Gyro: -3.53, -0.50, -0.69
Accel: -0.00, 0.04, -0.97
Gyro: -3.18, -0.74, -1.10
Accel: -0.00, 0.05, -0.97
Gyro: -3.07, -0.92, -1.41
Accel: -0.01, 0.05, -0.97
Gyro: -2.77, -1.01, -0.24
Accel: -0.00, 0.05, -0.97
Gyro: -2.64, -0.70, 1.34
Accel: -0.00, 0.09, -0.97
Gyro: -2.38, -0.56, 4.45
Accel: -0.00, 0.09, -0.98
Gyro: -2.20, -0.27, 10.49
Accel: -0.00, 0.10, -0.97
Gyro: -3.87, 0.21, 16.53
Accel: -0.01, 0.12, -0.97
Gyro: -5.31, 0.37, 25.99
Accel: -0.00, 0.12, -0.96
Gyro: -6.58, -0.36, 36.05
Accel: 0.00, 0.12, -0.96
Gyro: -9.40, -0.76, 44.75
Accel: -0.01, 0.12, -0.96
Gyro: -11.05, -1.45, 53.73
Accel: -0.01, 0.11, -0.97
Gyro: -12.83, -1.27, 60.60
Accel: -0.01, 0.11, -0.96
Gyro: -13.47, -1.19, 66.06
Accel: -0.02, 0.13, -0.98
Gyro: -12.63, -0.47, 72.07
Accel: -0.03, 0.14, -0.97
Gyro: -12.52, 0.04, 78.67
Accel: -0.02, 0.15, -0.96
Gyro: -11.96, 0.62, 87.18
Accel: -0.02, 0.18, -0.96
Gyro: -13.85, 0.73, 96.38
Accel: -0.03, 0.16, -0.98
Gyro: -14.41, 2.06, 105.96
Accel: -0.02, 0.15, -0.98
Gyro: -16.34, 3.72, 111.24
Accel: -0.02, 0.10, -0.98
Gyro: -15.96, 5.17, 113.82
Accel: -0.01, 0.09, -0.98
Gyro: -15.56, 4.77, 111.76
Accel: 0.00, 0.08, -0.99
Gyro: -13.14, 5.97, 108.09
Accel: 0.02, 0.02, -0.97
Gyro: -10.16, 7.48, 96.51
Accel: 0.04, 0.09, -0.98
Gyro: -6.10, 9.67, 90.22
Accel: 0.06, -0.04, -0.94
Gyro: -10.50, 10.07, 81.93
Accel: 0.06, 0.09, -0.95
Gyro: -16.89, 8.90, 75.35
Accel: 0.11, -0.08, -0.90
Gyro: -15.80, 4.93, 67.99
Accel: 0.09, -0.03, -0.94
Gyro: -12.82, -4.13, 43.95
Accel: 0.07, 0.05, -1.04
Gyro: -0.93, 0.78, 31.01
Accel: 0.10, 0.04, -0.94
Gyro: 1.45, -0.82, 17.40
Accel: 0.09, 0.07, -0.98
Gyro: 4.42, -2.31, 12.79
Accel: 0.08, 0.03, -0.98
Gyro: 3.25, -2.31, 3.40
Accel: 0.09, 0.06, -0.97
Gyro: 0.68, -1.24, 0.19
Accel: 0.10, 0.04, -0.96
Gyro: 1.95, -1.76, -5.12
Accel: 0.09, 0.08, -0.99
Gyro: 2.43, -0.75, -9.56
Accel: 0.11, 0.06, -0.94
Gyro: -0.88, 0.49, -10.10
Accel: 0.11, 0.10, -0.93
Gyro: 0.02, -3.33, -11.50
Accel: 0.10, 0.09, -0.98
Gyro: 0.60, -3.56, -12.18
Accel: 0.09, 0.06, -0.96
Gyro: 0.28, -3.01, -15.88
Accel: 0.09, 0.04, -0.96
Gyro: 3.32, -4.78, -23.99
Accel: 0.07, 0.02, -0.98
Gyro: 6.89, -4.86, -34.04
Accel: 0.08, -0.06, -0.94
Gyro: 6.97, -5.84, -47.62
Accel: 0.05, -0.15, -0.94
Gyro: 7.94, -10.62, -72.53
Accel: 0.02, -0.10, -0.99
Gyro: 9.73, -13.50, -100.38
Accel: -0.00, -0.07, -1.01
Gyro: 13.56, -10.93, -119.11
Accel: -0.03, 0.07, -0.97
Gyro: 19.42, -8.29, -132.13
Accel: -0.02, 0.14, -0.99
Gyro: 23.55, -6.63, -127.61
Accel: -0.03, 0.06, -1.00
Gyro: 23.26, -3.61, -123.67
Accel: -0.02, 0.10, -0.97
Gyro: 18.13, -2.62, -121.71
Accel: 0.00, 0.11, -0.94
Gyro: 17.97, -6.87, -110.86
Accel: -0.02, 0.03, -0.96
Gyro: 14.47, -8.26, -109.32
Accel: -0.02, 0.09, -0.97
Gyro: 14.49, -7.59, -104.19
Accel: -0.02, 0.06, -0.98
Gyro: 14.41, -6.55, -96.31
Accel: -0.01, 0.07, -0.99
Gyro: 11.73, -4.49, -92.08
Accel: -0.00, 0.09, -0.95
Gyro: 11.64, -4.52, -80.65
Accel: -0.01, 0.07, -0.96
Gyro: 9.05, -6.13, -69.95
Accel: -0.01, 0.06, -0.96
Gyro: 4.83, -5.66, -61.55
Accel: -0.00, 0.08, -0.96
Gyro: 1.69, -6.16, -50.29
Accel: -0.01, 0.06, -0.97
Gyro: -2.01, -6.18, -38.40
Accel: -0.01, 0.05, -0.97
Gyro: -5.59, -4.46, -29.19
Accel: -0.01, 0.06, -0.97
Gyro: -7.54, -3.55, -20.93
Accel: -0.02, 0.06, -0.98
Gyro: -8.45, -3.53, -12.46
Accel: -0.01, 0.02, -0.98
Gyro: -7.40, -0.92, -8.73
Accel: -0.00, 0.04, -0.96
Gyro: -5.46, -0.76, -7.31
Accel: 0.00, 0.02, -0.95
Gyro: -4.33, -1.38, -4.14
Accel: -0.00, 0.01, -0.97
Gyro: -4.23, -0.83, -4.78
Accel: 0.01, 0.03, -0.97
Gyro: -3.12, -1.53, -3.55
Accel: -0.01, 0.02, -0.97
Gyro: -3.23, -2.30, -1.76
Accel: -0.00, 0.02, -0.96
Gyro: -4.50, -1.92, -0.59
Accel: -0.01, 0.03, -0.96
Gyro: -4.64, -2.14, 1.20
Accel: -0.01, 0.01, -0.97
Gyro: -4.77, -2.46, 2.54
Accel: -0.01, 0.00, -0.98
Gyro: -4.75, -1.53, 2.40
Accel: -0.01, 0.01, -0.97
Gyro: -4.20, -0.05, 1.13
Accel: -0.01, 0.02, -0.97
Gyro: -3.93, -0.26, 0.21
Accel: -0.00, 0.02, -0.96
Gyro: -4.00, -1.01, 0.76
Accel: -0.01, 0.02, -0.97
Gyro: -4.60, -0.78, 0.50
Accel: -0.01, 0.02, -0.96
Gyro: -4.33, -0.60, 0.83
Accel: -0.01, 0.03, -0.96
Gyro: -4.48, -1.01, 0.98
Accel: -0.01, 0.02, -0.96
Gyro: -4.32, -0.88, 0.97
Accel: -0.01, 0.02, -0.97
Gyro: -3.91, -1.54, 1.09
Accel: -0.01, 0.02, -0.97
Gyro: -3.49, -1.43, 0.73
Accel: -0.01, 0.02, -0.98
Gyro: -2.90, -0.87, 0.60
Accel: -0.01, 0.01, -0.97
Gyro: -3.11, -0.39, 0.24
Accel: -0.01, 0.01, -0.96
Gyro: -3.33, -0.67, -0.14
Accel: -0.02, 0.02, -0.97
Gyro: -3.56, -0.86, -0.38
Accel: -0.01, 0.02, -0.97
Gyro: -4.01, -1.12, -0.60
Accel: -0.01, 0.03, -0.97
Gyro: -4.16, -0.74, -0.56
Accel: -0.01, 0.02, -0.97
Gyro: -4.10, -0.93, -0.44
Accel: -0.01, 0.03, -0.96
Gyro: -4.12, -0.91, -0.58
Accel: -0.01, 0.03, -0.97
Gyro: -3.95, -0.87, -0.45
Accel: -0.00, 0.03, -0.97
Gyro: -3.75, -0.25, -0.98
Accel: -0.01, 0.04, -0.96
Gyro: -3.57, -0.40, -0.95
Accel: -0.01, 0.03, -0.96
Gyro: -3.50, -0.88, -0.90
