Accel: 0.00, 0.03, -0.98
Gyro: -3.56, -0.80, -0.79
Accel: 0.01, 0.04, -0.97
Gyro: -3.43, -0.64, -0.66
Accel: 0.01, 0.03, -0.97
Gyro: -3.35, -0.43, -0.54
Accel: 0.01, 0.04, -0.97
Gyro: -3.33, -0.29, -0.89
Accel: 0.00, 0.05, -0.96
Gyro: -2.82, -0.37, -1.01
Accel: 0.01, 0.04, -0.97
Gyro: -2.73, -0.99, -1.04
Accel: 0.01, 0.04, -0.96
Gyro: -3.27, -1.34, -1.39
Accel: 0.00, 0.05, -0.96
Gyro: -3.01, -1.17, -0.94
Accel: 0.00, 0.04, -0.97
Gyro: -2.75, -0.61, -0.66
Accel: -0.00, 0.04, -0.97
Gyro: -2.85, 0.03, -0.90
Accel: 0.00, 0.05, -0.97
Gyro: -2.58, 0.18, -0.48
Accel: 0.01, 0.05, -0.96
Gyro: -2.55, 0.31, 0.25
Accel: 0.01, 0.05, -0.97
Gyro: -2.56, -0.08, 0.81
Accel: -0.00, 0.05, -0.97
Gyro: -3.17, -0.18, 1.64
Accel: 0.01, 0.06, -0.97
Gyro: -2.73, -0.85, 3.35
Accel: 0.01, 0.06, -0.97
Gyro: -3.55, -0.85, 5.23
Accel: 0.01, 0.07, -0.96
Gyro: -4.24, -1.05, 7.23
Accel: 0.01, 0.07, -0.96
Gyro: -4.69, -0.92, 10.14
Accel: 0.01, 0.07, -0.96
Gyro: -5.10, -1.25, 12.78
Accel: 0.01, 0.07, -0.96
Gyro: -5.72, -1.38, 15.78
Accel: 0.00, 0.08, -0.97
Gyro: -6.15, -1.59, 18.32
Accel: 0.01, 0.07, -0.97
Gyro: -6.43, -1.37, 21.89
Accel: 0.00, 0.09, -0.97
Gyro: -7.11, -1.22, 25.17
Accel: 0.00, 0.09, -0.96
Gyro: -7.39, -1.24, 28.31
Accel: 0.00, 0.11, -0.96
Gyro: -7.98, -0.92, 30.11
Accel: 0.01, 0.14, -0.96
Gyro: -7.70, -0.89, 36.99
Accel: -0.00, 0.16, -0.96
Gyro: -9.66, -1.68, 47.63
Accel: -0.01, 0.19, -0.96
Gyro: -11.63, -2.50, 59.62
Accel: -0.02, 0.20, -0.98
Gyro: -13.20, -1.66, 74.98
Accel: -0.02, 0.16, -0.98
Gyro: -15.65, -0.45, 86.65
Accel: -0.02, 0.15, -0.98
Gyro: -16.27, 0.89, 95.33
Accel: -0.02, 0.15, -0.98
Gyro: -16.33, 1.27, 99.77
Accel: -0.02, 0.14, -0.96
Gyro: -15.59, 2.54, 103.15
Accel: -0.00, 0.10, -0.95
Gyro: -13.31, 2.95, 104.15
Accel: 0.00, 0.08, -0.97
Gyro: -12.58, 1.98, 99.40
Accel: 0.00, 0.09, -1.01
Gyro: -9.68, 4.47, 95.66
Accel: 0.01, 0.02, -0.99
Gyro: -7.06, 9.16, 83.49
Accel: 0.05, 0.01, -0.94
Gyro: -1.94, 9.59, 67.86
Accel: 0.07, 0.06, -0.89
Gyro: 6.34, -0.08, 54.78
Accel: 0.07, 0.09, -0.95
Gyro: 9.39, -4.11, 48.67
Accel: 0.06, 0.06, -0.94
Gyro: 4.99, -5.07, 44.60
Accel: 0.04, 0.04, -0.95
Gyro: 4.14, -7.13, 42.18
Accel: 0.05, 0.02, -0.99
Gyro: 4.26, -4.92, 37.10
Accel: 0.07, -0.06, -0.96
Gyro: 3.13, -3.43, 25.89
Accel: 0.06, -0.03, -0.98
Gyro: 2.72, -4.04, 12.60
Accel: 0.05, -0.04, -0.97
Gyro: 3.56, -3.86, 1.73
Accel: 0.05, 0.00, -0.97
Gyro: 1.39, -2.64, -5.42
Accel: 0.05, 0.03, -0.97
Gyro: 0.38, -0.88, -7.59
Accel: 0.05, 0.01, -0.97
Gyro: -0.92, -0.26, -9.26
Accel: 0.06, 0.05, -0.98
Gyro: -2.42, 0.69, -10.82
Accel: 0.06, 0.04, -0.97
Gyro: -2.48, 2.12, -11.65
Accel: 0.07, 0.01, -0.95
Gyro: -2.30, 1.63, -16.20
Accel: 0.07, -0.03, -0.95
Gyro: -1.60, -0.35, -24.51
Accel: 0.06, -0.07, -0.97
Gyro: -0.61, -0.92, -36.76
Accel: 0.04, -0.13, -0.94
Gyro: -0.10, -2.30, -56.33
Accel: 0.03, -0.10, -0.94
Gyro: 1.79, -6.83, -78.61
Accel: 0.01, -0.04, -0.97
Gyro: 5.65, -7.71, -95.33
Accel: 0.01, 0.01, -0.98
Gyro: 11.16, -8.25, -106.56
Accel: 0.00, 0.03, -0.98
Gyro: 12.33, -7.89, -113.17
Accel: -0.02, 0.04, -0.97
Gyro: 12.05, -7.61, -114.59
Accel: -0.02, 0.07, -0.98
Gyro: 11.41, -6.91, -114.20
Accel: -0.02, 0.11, -0.97
Gyro: 10.59, -6.86, -108.22
Accel: -0.03, 0.09, -0.97
Gyro: 9.15, -5.91, -101.69
Accel: -0.02, 0.12, -0.97
Gyro: 7.68, -4.81, -94.32
Accel: -0.02, 0.14, -0.97
Gyro: 6.94, -4.55, -82.19
Accel: -0.01, 0.10, -0.97
Gyro: 4.39, -4.10, -72.07
Accel: -0.01, 0.10, -0.98
Gyro: 2.60, -2.72, -63.06
Accel: -0.02, 0.08, -0.99
Gyro: 0.72, -0.90, -55.25
Accel: -0.01, 0.07, -0.98
Gyro: -1.24, 0.26, -48.17
Accel: -0.01, 0.09, -0.97
Gyro: -3.60, 0.68, -41.71
Accel: -0.01, 0.12, -0.96
Gyro: -5.26, 0.06, -31.03
Accel: 0.00, 0.11, -0.96
Gyro: -7.58, -0.28, -19.89
Accel: 0.00, 0.09, -0.97
Gyro: -9.03, 0.18, -12.11
Accel: 0.00, 0.09, -0.97
Gyro: -8.42, 0.79, -7.01
Accel: 0.01, 0.07, -0.96
Gyro: -7.61, 1.08, -3.52
Accel: 0.01, 0.07, -0.96
Gyro: -6.68, 0.79, -1.82
Accel: 0.01, 0.05, -0.95
Gyro: -5.81, 0.88, -1.75
Accel: 0.01, 0.06, -0.96
Gyro: -3.88, 0.25, -2.06
Accel: 0.00, 0.05, -0.96
Gyro: -2.96, 0.00, -2.04
Accel: 0.01, 0.06, -0.97
Gyro: -2.64, 0.11, -2.03
Accel: 0.01, 0.05, -0.96
Gyro: -2.24, 0.14, -2.24
Accel: 0.01, 0.05, -0.98
Gyro: -1.96, 0.27, -2.38
Accel: 0.01, 0.05, -0.98
Gyro: -1.78, 0.85, -2.39
Accel: 0.02, 0.05, -0.96
Gyro: -1.80, 1.30, -1.63
Accel: 0.02, 0.05, -0.96
Gyro: -2.20, 0.78, -1.17
Accel: 0.02, 0.05, -0.97
Gyro: -2.73, 0.57, -0.77
Accel: 0.02, 0.05, -0.96
Gyro: -3.60, 0.49, 0.91
Accel: 0.02, 0.05, -0.96
Gyro: -4.45, 0.24, 1.99
Accel: 0.02, 0.05, -0.96
Gyro: -4.75, -0.35, 1.88
Accel: 0.02, 0.04, -0.95
Gyro: -3.93, -1.01, 0.55
Accel: 0.01, 0.04, -0.97
Gyro: -2.72, -1.50, -0.80
Accel: 0.02, 0.05, -0.96
Gyro: -1.75, -1.95, -1.49
Accel: 0.01, 0.04, -0.97
Gyro: -1.72, -1.72, -1.69
Accel: 0.01, 0.05, -0.96
Gyro: -2.20, -1.61, -1.69
Accel: 0.01, 0.05, -0.96
Gyro: -2.58, -1.58, -1.33
Accel: 0.01, 0.05, -0.96
Gyro: -3.04, -1.28, -0.79
Accel: 0.01, 0.05, -0.97
Gyro: -3.30, -1.27, -0.38
Accel: 0.01, 0.05, -0.97
Gyro: -3.43, -1.11, -0.43
Accel: 0.01, 0.05, -0.98
Gyro: -3.49, -1.01, -0.95
Accel: 0.00, 0.05, -0.96
Gyro: -3.62, -0.83, -1.69
Accel: 0.01, 0.06, -0.97
Gyro: -3.56, -0.44, -2.28
