Accel: 0.06, 0.06, -0.96
Gyro: -2.94, -0.29, -1.07
Accel: 0.06, 0.05, -0.96
Gyro: -2.45, -0.62, -0.89
Accel: 0.06, 0.05, -0.97
Gyro: -2.40, -0.99, -0.85
Accel: 0.05, 0.06, -0.96
Gyro: -2.11, -0.78, -0.40
Accel: 0.05, 0.05, -0.97
Gyro: -2.00, -0.53, 0.03
Accel: 0.06, 0.05, -0.97
Gyro: -2.11, -0.03, 0.08
Accel: 0.06, 0.06, -0.96
Gyro: -2.26, 0.35, 0.80
Accel: 0.06, 0.06, -0.96
Gyro: -2.33, 0.35, 1.94
Accel: 0.07, 0.06, -0.95
Gyro: -3.56, -0.10, 4.51
Accel: 0.06, 0.09, -0.96
Gyro: -5.58, -1.19, 9.38
Accel: 0.06, 0.13, -0.97
Gyro: -6.75, -1.61, 15.95
Accel: 0.06, 0.15, -0.96
Gyro: -8.51, -2.14, 28.14
Accel: 0.05, 0.15, -0.97
Gyro: -11.99, -1.46, 39.97
Accel: 0.05, 0.17, -0.97
Gyro: -13.45, -2.20, 51.07
Accel: 0.04, 0.16, -0.97
Gyro: -14.37, -1.59, 63.25
Accel: 0.04, 0.14, -0.96
Gyro: -15.40, -0.88, 72.33
Accel: 0.04, 0.13, -0.96
Gyro: -15.29, -0.40, 78.41
Accel: 0.05, 0.12, -0.96
Gyro: -15.20, -0.43, 81.82
Accel: 0.05, 0.17, -0.96
Gyro: -13.84, -1.66, 86.51
Accel: 0.04, 0.15, -0.96
Gyro: -10.46, -1.71, 92.65
Accel: 0.04, 0.17, -0.96
Gyro: -9.19, -2.26, 96.03
Accel: 0.03, 0.16, -0.97
Gyro: -8.43, -0.27, 103.74
Accel: 0.03, 0.11, -0.96
Gyro: -8.18, 0.64, 108.31
Accel: 0.04, 0.17, -0.97
Gyro: -8.33, 0.78, 110.87
Accel: 0.04, 0.02, -0.95
Gyro: -1.18, 0.47, 110.86
Accel: 0.05, -0.02, -0.95
Gyro: -0.46, -0.55, 95.28
Accel: 0.06, -0.07, -0.93
Gyro: 8.04, -2.85, 83.59
Accel: 0.07, -0.18, -0.95
Gyro: 4.01, -5.37, 59.30
Accel: 0.07, -0.10, -0.97
Gyro: 2.83, -5.76, 39.43
Accel: 0.07, -0.13, -0.97
Gyro: 2.59, -5.02, 19.74
Accel: 0.06, -0.00, -1.00
Gyro: 2.85, -3.95, 8.50
Accel: 0.07, -0.04, -0.99
Gyro: 3.82, 0.12, 7.13
Accel: 0.08, -0.04, -0.96
Gyro: 2.10, 0.26, 0.13
Accel: 0.08, -0.07, -0.96
Gyro: 0.59, 0.23, -5.38
Accel: 0.10, -0.05, -0.95
Gyro: -2.48, -2.07, -14.16
Accel: 0.09, -0.00, -0.97
Gyro: -1.20, -2.62, -16.05
Accel: 0.09, -0.01, -0.99
Gyro: -2.80, -0.32, -17.20
Accel: 0.07, 0.01, -0.98
Gyro: -4.94, 2.36, -19.36
Accel: 0.08, 0.01, -0.98
Gyro: -3.59, 3.78, -18.80
Accel: 0.09, -0.06, -0.95
Gyro: -3.29, 4.16, -26.37
Accel: 0.10, -0.11, -0.93
Gyro: -0.53, 0.40, -40.64
Accel: 0.09, -0.07, -0.93
Gyro: 0.96, -5.13, -56.81
Accel: 0.08, -0.12, -0.93
Gyro: 4.94, -8.01, -74.13
Accel: 0.05, -0.11, -0.91
Gyro: 10.73, -13.14, -96.28
Accel: 0.03, -0.06, -0.94
Gyro: 13.24, -17.68, -111.60
Accel: 0.01, 0.03, -0.99
Gyro: 15.37, -16.02, -114.96
Accel: -0.00, 0.03, -1.00
Gyro: 15.03, -10.81, -116.33
Accel: 0.00, 0.09, -0.99
Gyro: 13.37, -7.24, -110.09
Accel: 0.00, 0.08, -0.96
Gyro: 10.41, -6.47, -100.14
Accel: 0.00, 0.06, -0.97
Gyro: 6.39, -5.96, -93.83
Accel: 0.00, 0.08, -0.97
Gyro: 3.46, -5.10, -86.62
Accel: 0.01, 0.07, -0.96
Gyro: 1.85, -5.19, -79.21
Accel: 0.01, 0.08, -0.96
Gyro: 1.01, -4.91, -73.40
Accel: 0.01, 0.07, -0.98
Gyro: 2.14, -4.26, -65.06
Accel: 0.01, 0.05, -0.98
Gyro: 2.39, -2.60, -61.55
Accel: 0.02, 0.09, -0.96
Gyro: 4.81, -1.89, -55.30
Accel: 0.03, 0.08, -0.97
Gyro: 4.01, -1.59, -45.01
Accel: 0.02, 0.07, -0.97
Gyro: 0.32, -0.98, -34.93
Accel: 0.02, 0.08, -0.97
Gyro: -4.07, -0.27, -24.93
Accel: 0.03, 0.07, -0.96
Gyro: -7.11, 0.46, -15.88
Accel: 0.04, 0.05, -0.96
Gyro: -8.85, 0.52, -8.93
Accel: 0.03, 0.05, -0.96
Gyro: -9.09, -0.80, -4.74
Accel: 0.03, 0.05, -0.97
Gyro: -8.74, -0.52, -1.70
Accel: 0.04, 0.03, -0.98
Gyro: -8.26, -0.39, -0.20
Accel: 0.03, 0.03, -0.97
Gyro: -6.70, 0.09, -1.78
Accel: 0.03, 0.03, -0.97
Gyro: -4.72, 0.19, -2.48
Accel: 0.03, 0.03, -0.97
Gyro: -3.60, 1.41, -2.74
Accel: 0.04, 0.03, -0.96
Gyro: -3.08, 1.45, -2.93
Accel: 0.05, 0.04, -0.96
Gyro: -2.76, 0.82, -2.04
Accel: 0.03, 0.04, -0.96
Gyro: -3.40, 0.39, -0.69
Accel: 0.04, 0.03, -0.97
Gyro: -3.01, 1.24, 0.57
Accel: 0.05, 0.03, -0.96
Gyro: -3.12, 0.73, 0.69
Accel: 0.04, 0.04, -0.96
Gyro: -3.27, 0.14, 1.20
Accel: 0.04, 0.02, -0.97
Gyro: -3.25, 0.34, 0.89
Accel: 0.04, 0.03, -0.96
Gyro: -3.18, 0.18, -0.13
Accel: 0.05, 0.03, -0.97
Gyro: -3.12, -0.05, -0.27
Accel: 0.04, 0.03, -0.96
Gyro: -3.20, -0.18, -0.02
Accel: 0.04, 0.03, -0.97
Gyro: -3.27, 0.17, -0.70
Accel: 0.05, 0.03, -0.97
Gyro: -2.69, -0.05, -1.79
Accel: 0.04, 0.03, -0.96
Gyro: -2.01, -0.76, -2.08
Accel: 0.04, 0.04, -0.96
Gyro: -1.76, -0.58, -1.87
Accel: 0.05, 0.03, -0.96
Gyro: -2.26, -0.73, -1.61
Accel: 0.05, 0.03, -0.98
Gyro: -2.78, -0.92, -1.37
Accel: 0.04, 0.03, -0.96
Gyro: -3.15, -0.54, -1.17
Accel: 0.04, 0.03, -0.96
Gyro: -3.25, -0.21, -1.17
Accel: 0.04, 0.03, -0.97
Gyro: -3.42, -0.09, -1.38
Accel: 0.04, 0.03, -0.96
Gyro: -3.31, -0.76, -1.22
Accel: 0.05, 0.04, -0.96
Gyro: -3.33, -0.78, -1.13
Accel: 0.04, 0.03, -0.98
Gyro: -3.22, -0.62, -1.27
Accel: 0.04, 0.04, -0.97
Gyro: -3.37, -0.53, -1.49
Accel: 0.04, 0.04, -0.98
Gyro: -3.29, -0.44, -1.34
Accel: 0.04, 0.04, -0.97
Gyro: -2.86, 0.34, -1.53
Accel: 0.05, 0.03, -0.96
Gyro: -2.28, 0.20, -1.43
Accel: 0.04, 0.04, -0.96
Gyro: -2.57, -0.16, -1.63
Accel: 0.04, 0.04, -0.97
Gyro: -2.33, -0.42, -1.33
Accel: 0.04, 0.03, -0.96
Gyro: -2.35, -0.13, -1.43
Accel: 0.05, 0.04, -0.98
Gyro: -2.71, 0.50, -1.70
Accel: 0.04, 0.04, -0.96
Gyro: -2.66, 0.69, -1.26
Accel: 0.05, 0.04, -0.97
Gyro: -2.65, 0.63, -0.92
Accel: 0.06, 0.04, -0.97
Gyro: -2.94, 0.28, -0.92
Accel: 0.05, 0.04, -0.96
Gyro: -3.26, -0.05, -1.04
