Accel: 0.03, 0.05, -0.97
Gyro: -2.74, -0.85, -1.09
Accel: 0.03, 0.04, -0.97
Gyro: -2.62, -0.14, -0.95
Accel: 0.03, 0.05, -0.97
Gyro: -2.87, 0.20, -0.76
Accel: 0.04, 0.04, -0.96
Gyro: -2.85, 0.52, -0.64
Accel: 0.04, 0.04, -0.97
Gyro: -2.91, 0.15, -1.14
Accel: 0.04, 0.04, -0.97
Gyro: -2.94, -0.38, -1.36
Accel: 0.05, 0.05, -0.98
Gyro: -3.26, -0.48, -1.40
Accel: 0.03, 0.05, -0.97
Gyro: -2.45, -0.10, -0.78
Accel: 0.03, 0.05, -0.97
Gyro: -2.65, -0.06, -1.08
Accel: 0.04, 0.06, -0.96
Gyro: -2.18, -0.59, -0.56
Accel: 0.04, 0.08, -0.96
Gyro: -2.43, -0.39, 1.57
Accel: 0.04, 0.11, -0.97
Gyro: -2.88, -0.31, 6.90
Accel: 0.04, 0.13, -0.96
Gyro: -4.41, -0.96, 15.50
Accel: 0.04, 0.16, -0.96
Gyro: -6.68, -1.56, 28.59
Accel: 0.04, 0.18, -0.97
Gyro: -8.59, -1.69, 43.98
Accel: 0.03, 0.19, -0.96
Gyro: -11.17, -1.56, 61.83
Accel: 0.02, 0.18, -0.97
Gyro: -14.27, -0.85, 78.75
Accel: 0.01, 0.15, -0.97
Gyro: -16.67, 0.45, 90.28
Accel: 0.00, 0.13, -0.98
Gyro: -18.97, 1.63, 96.33
Accel: 0.01, 0.13, -0.98
Gyro: -18.00, 3.09, 99.66
Accel: 0.02, 0.13, -0.97
Gyro: -15.14, 3.04, 103.34
Accel: 0.01, 0.16, -0.98
Gyro: -12.04, 3.26, 107.96
Accel: -0.00, 0.13, -0.99
Gyro: -10.86, 6.60, 113.47
Accel: 0.01, 0.16, -0.98
Gyro: -12.15, 9.38, 118.96
Accel: 0.02, 0.06, -0.97
Gyro: -7.57, 10.94, 122.86
Accel: 0.03, 0.06, -0.96
Gyro: -6.52, 10.68, 114.23
Accel: 0.06, -0.06, -0.95
Gyro: 2.46, 12.11, 105.99
Accel: 0.10, -0.08, -0.90
Gyro: -1.79, 7.67, 84.69
Accel: 0.09, -0.03, -0.94
Gyro: 4.20, 1.61, 72.52
Accel: 0.09, -0.12, -0.97
Gyro: 3.48, 0.25, 58.22
Accel: 0.11, -0.09, -0.94
Gyro: 1.71, -0.61, 38.66
Accel: 0.10, -0.08, -0.98
Gyro: 6.55, -0.61, 25.41
Accel: 0.11, -0.11, -0.97
Gyro: 4.46, 0.41, 12.12
Accel: 0.11, -0.06, -0.99
Gyro: 2.99, 2.76, 2.64
Accel: 0.13, -0.08, -0.93
Gyro: -1.65, 2.39, -4.00
Accel: 0.13, 0.03, -0.95
Gyro: -3.62, -1.38, -8.66
Accel: 0.14, -0.01, -0.97
Gyro: -1.17, -0.10, -5.27
Accel: 0.14, -0.03, -0.94
Gyro: -1.78, -2.17, -9.89
Accel: 0.13, -0.04, -0.97
Gyro: -0.74, -3.81, -14.49
Accel: 0.12, -0.08, -0.97
Gyro: -3.27, -1.24, -22.38
Accel: 0.12, -0.12, -0.96
Gyro: -4.43, -0.88, -33.96
Accel: 0.10, -0.05, -0.98
Gyro: -2.62, -1.71, -49.70
Accel: 0.10, -0.06, -0.98
Gyro: 1.87, 1.34, -60.09
Accel: 0.10, -0.11, -0.92
Gyro: 4.02, -0.98, -73.95
Accel: 0.10, -0.09, -0.90
Gyro: 3.78, -7.37, -91.67
Accel: 0.07, -0.04, -0.96
Gyro: 5.72, -11.18, -104.84
Accel: 0.05, -0.03, -0.97
Gyro: 7.07, -11.09, -114.27
Accel: 0.05, -0.00, -1.00
Gyro: 5.74, -9.50, -122.81
Accel: 0.04, 0.09, -0.96
Gyro: 11.04, -9.39, -123.02
Accel: 0.03, 0.11, -0.96
Gyro: 12.55, -9.28, -116.78
Accel: 0.03, 0.10, -0.96
Gyro: 12.19, -8.99, -111.02
Accel: 0.04, 0.17, -0.96
Gyro: 9.88, -9.29, -97.55
Accel: 0.04, 0.12, -0.97
Gyro: 9.65, -8.89, -85.79
Accel: 0.03, 0.12, -0.97
Gyro: 8.29, -7.39, -78.61
Accel: 0.04, 0.13, -0.98
Gyro: 6.81, -6.73, -64.93
Accel: 0.03, 0.07, -0.99
Gyro: 2.96, -4.69, -55.65
Accel: 0.05, 0.10, -0.96
Gyro: 0.28, -1.87, -50.99
Accel: 0.05, 0.10, -0.95
Gyro: -0.08, -3.45, -41.66
Accel: 0.05, 0.10, -0.95
Gyro: -2.14, -6.03, -33.11
Accel: 0.03, 0.08, -0.97
Gyro: -3.75, -6.18, -26.01
Accel: 0.02, 0.08, -1.01
Gyro: -6.16, -2.91, -20.48
Accel: 0.03, 0.07, -0.98
Gyro: -6.58, 2.05, -14.31
Accel: 0.04, 0.08, -0.96
Gyro: -7.68, 3.56, -10.75
Accel: 0.05, 0.09, -0.96
Gyro: -7.35, 3.59, -6.83
Accel: 0.05, 0.08, -0.96
Gyro: -6.62, 3.17, -3.63
Accel: 0.05, 0.06, -0.97
Gyro: -4.92, 2.46, -1.83
Accel: 0.06, 0.06, -0.96
Gyro: -3.48, 1.66, -1.27
Accel: 0.06, 0.06, -0.95
Gyro: -3.12, 0.82, -0.95
Accel: 0.07, 0.06, -0.96
Gyro: -2.49, 0.43, -0.05
Accel: 0.06, 0.05, -0.97
Gyro: -2.45, -0.11, -0.11
Accel: 0.06, 0.05, -0.96
Gyro: -2.54, 0.10, -0.11
Accel: 0.06, 0.05, -0.96
Gyro: -2.88, -0.18, 0.60
Accel: 0.06, 0.05, -0.97
Gyro: -3.23, -0.26, 0.27
Accel: 0.06, 0.04, -0.96
Gyro: -3.06, -0.23, -0.42
Accel: 0.06, 0.06, -0.95
Gyro: -2.76, -1.09, -0.43
Accel: 0.07, 0.05, -0.96
Gyro: -2.64, -1.09, -0.50
Accel: 0.06, 0.05, -0.96
Gyro: -2.56, -0.84, -0.92
Accel: 0.06, 0.05, -0.96
Gyro: -2.48, -1.15, -1.27
Accel: 0.05, 0.05, -0.97
Gyro: -2.57, -0.84, -1.39
Accel: 0.06, 0.06, -0.96
Gyro: -2.60, -0.69, -1.56
Accel: 0.07, 0.06, -0.96
Gyro: -2.62, -1.32, -0.95
Accel: 0.06, 0.06, -0.97
Gyro: -2.14, -1.66, -1.17
Accel: 0.05, 0.05, -0.96
Gyro: -1.95, -1.97, -0.99
Accel: 0.05, 0.05, -0.97
Gyro: -2.08, -1.91, -0.70
Accel: 0.05, 0.05, -0.96
Gyro: -2.41, -1.09, -0.52
Accel: 0.05, 0.06, -0.96
Gyro: -2.66, -0.97, -0.17
Accel: 0.05, 0.05, -0.96
Gyro: -2.92, -1.01, -0.01
Accel: 0.05, 0.05, -0.97
Gyro: -2.77, -1.07, -0.55
Accel: 0.06, 0.06, -0.98
Gyro: -2.17, -0.51, -1.04
Accel: 0.06, 0.05, -0.96
Gyro: -1.52, -0.47, -0.97
Accel: 0.06, 0.05, -0.96
Gyro: -1.84, -0.94, -1.40
Accel: 0.06, 0.06, -0.95
Gyro: -1.91, -1.27, -1.76
Accel: 0.05, 0.06, -0.96
Gyro: -1.76, -1.17, -1.32
Accel: 0.05, 0.06, -0.97
Gyro: -2.08, -0.82, -1.14
Accel: 0.05, 0.05, -0.97
Gyro: -2.04, -0.59, -0.73
Accel: 0.06, 0.05, -0.96
Gyro: -2.03, -0.44, -0.63
Accel: 0.05, 0.05, -0.97
Gyro: -2.39, -1.34, -0.72
Accel: 0.06, 0.05, -0.96
Gyro: -2.51, -1.54, -0.76
Accel: 0.05, 0.06, -0.97
Gyro: -1.69, -0.91, -0.98
Accel: 0.06, 0.05, -0.96
Gyro: -1.93, -0.72, -1.18
Accel: 0.05, 0.05, -0.97
Gyro: -2.78, -1.11, -1.21
