Accel: 0.05, 0.04, -0.97
Gyro: -2.81, 0.08, -0.82
Accel: 0.05, 0.04, -0.97
Gyro: -2.75, 0.37, -0.54
Accel: 0.05, 0.05, -0.97
Gyro: -3.20, 0.30, -0.98
Accel: 0.05, 0.05, -0.96
Gyro: -2.59, 0.11, -0.53
Accel: 0.04, 0.04, -0.96
Gyro: -2.20, 0.27, -0.53
Accel: 0.05, 0.04, -0.96
Gyro: -1.79, 0.05, -0.61
Accel: 0.05, 0.05, -0.98
Gyro: -1.76, -0.44, -0.56
Accel: 0.06, 0.04, -0.96
Gyro: -1.95, -0.29, -0.37
Accel: 0.05, 0.04, -0.96
Gyro: -2.30, -0.04, -0.31
Accel: 0.05, 0.05, -0.95
Gyro: -2.45, -0.40, 0.85
Accel: 0.05, 0.06, -0.97
Gyro: -2.96, -0.82, 2.94
Accel: 0.05, 0.07, -0.97
Gyro: -4.01, -1.06, 6.41
Accel: 0.05, 0.13, -0.97
Gyro: -6.94, -0.90, 16.34
Accel: 0.06, 0.15, -0.95
Gyro: -12.64, -1.21, 31.49
Accel: 0.04, 0.17, -0.95
Gyro: -15.71, -2.89, 46.81
Accel: 0.04, 0.16, -0.97
Gyro: -18.40, -3.43, 60.97
Accel: 0.03, 0.15, -0.98
Gyro: -20.58, -1.74, 71.27
Accel: 0.02, 0.14, -0.97
Gyro: -20.97, 0.07, 80.32
Accel: 0.03, 0.14, -0.96
Gyro: -20.10, 1.01, 84.58
Accel: 0.03, 0.18, -0.97
Gyro: -17.88, 1.58, 90.99
Accel: 0.04, 0.16, -0.96
Gyro: -15.17, 1.86, 97.90
Accel: 0.05, 0.23, -0.94
Gyro: -13.74, 0.56, 104.32
Accel: 0.03, 0.24, -0.96
Gyro: -7.69, -2.11, 119.35
Accel: 0.03, 0.10, -0.95
Gyro: -11.83, -1.66, 122.82
Accel: 0.01, 0.14, -0.97
Gyro: -10.48, -2.25, 125.34
Accel: 0.03, -0.01, -0.99
Gyro: -7.07, -1.43, 115.10
Accel: 0.05, 0.02, -0.96
Gyro: 0.14, 1.56, 99.35
Accel: 0.05, -0.06, -0.94
Gyro: 6.11, 0.35, 84.34
Accel: 0.06, -0.06, -0.95
Gyro: 2.29, -2.27, 66.99
Accel: 0.06, -0.05, -0.99
Gyro: 1.88, -2.09, 57.15
Accel: 0.07, -0.10, -1.01
Gyro: -7.46, 2.50, 42.26
Accel: 0.08, 0.09, -0.99
Gyro: -7.20, 6.73, 37.06
Accel: 0.11, -0.07, -0.94
Gyro: 0.42, 8.06, 33.36
Accel: 0.12, -0.03, -0.92
Gyro: 1.08, 1.95, 16.77
Accel: 0.12, -0.09, -0.94
Gyro: 0.40, 0.46, 5.25
Accel: 0.11, -0.05, -0.95
Gyro: 1.18, -4.25, -7.99
Accel: 0.09, 0.09, -1.00
Gyro: 3.40, -4.92, -11.58
Accel: 0.10, 0.04, -0.97
Gyro: 4.69, -2.13, -7.88
Accel: 0.10, 0.04, -0.96
Gyro: 4.40, -3.48, -7.05
Accel: 0.09, -0.00, -0.97
Gyro: 3.62, -2.23, -6.62
Accel: 0.10, -0.06, -0.96
Gyro: 1.71, -1.63, -12.97
Accel: 0.10, -0.13, -0.94
Gyro: 1.43, -3.36, -25.51
Accel: 0.08, -0.16, -0.96
Gyro: 0.47, -5.80, -48.13
Accel: 0.06, -0.15, -0.98
Gyro: 3.53, -3.62, -68.58
Accel: 0.06, -0.13, -0.94
Gyro: 8.09, -5.80, -91.56
Accel: 0.05, -0.05, -0.94
Gyro: 14.34, -9.91, -107.89
Accel: 0.02, -0.01, -1.02
Gyro: 17.64, -8.61, -116.41
Accel: 0.01, -0.02, -1.02
Gyro: 14.47, -3.07, -122.12
Accel: 0.03, 0.13, -0.94
Gyro: 14.36, -0.44, -117.59
Accel: 0.04, 0.13, -0.97
Gyro: 21.55, -1.01, -104.08
Accel: 0.05, 0.06, -0.98
Gyro: 21.11, 1.31, -96.48
Accel: 0.05, 0.03, -0.95
Gyro: 16.99, 1.46, -94.30
Accel: 0.06, -0.01, -0.92
Gyro: 13.48, -2.26, -93.77
Accel: 0.06, 0.02, -0.94
Gyro: 10.38, -7.19, -91.30
Accel: 0.06, 0.02, -0.95
Gyro: 8.69, -9.86, -86.51
Accel: 0.04, 0.03, -0.98
Gyro: 5.93, -9.64, -81.82
Accel: 0.05, 0.05, -0.98
Gyro: 3.20, -6.74, -75.90
Accel: 0.06, 0.06, -0.97
Gyro: 2.46, -5.55, -66.69
Accel: 0.05, 0.06, -0.96
Gyro: -0.39, -5.19, -59.23
Accel: 0.05, 0.11, -0.96
Gyro: -1.23, -5.07, -46.46
Accel: 0.04, 0.05, -0.98
Gyro: -4.42, -3.85, -35.98
Accel: 0.06, 0.06, -0.97
Gyro: -7.40, -1.66, -29.53
Accel: 0.05, 0.06, -0.98
Gyro: -8.57, -1.01, -23.12
Accel: 0.05, 0.05, -0.97
Gyro: -9.32, -0.77, -17.49
Accel: 0.05, 0.01, -0.98
Gyro: -9.83, 0.66, -16.35
Accel: 0.06, 0.07, -0.97
Gyro: -7.72, 0.82, -14.24
Accel: 0.07, 0.06, -0.96
Gyro: -5.70, 0.35, -9.12
Accel: 0.06, 0.07, -0.97
Gyro: -5.42, -0.17, -4.02
Accel: 0.07, 0.06, -0.97
Gyro: -6.04, -0.02, -0.18
Accel: 0.07, 0.04, -0.96
Gyro: -6.12, -0.10, 2.15
Accel: 0.07, 0.04, -0.96
Gyro: -6.36, -0.51, 2.71
Accel: 0.06, 0.02, -0.96
Gyro: -5.75, -0.82, 1.13
Accel: 0.07, 0.02, -0.96
Gyro: -4.20, -0.92, -1.62
Accel: 0.06, 0.03, -0.96
Gyro: -2.63, -0.69, -2.15
Accel: 0.06, 0.03, -0.97
Gyro: -2.21, -0.14, -2.32
Accel: 0.06, 0.03, -0.96
Gyro: -2.43, -0.08, -2.82
Accel: 0.07, 0.03, -0.96
Gyro: -2.49, -0.14, -3.94
Accel: 0.06, 0.03, -0.96
Gyro: -2.98, -0.41, -4.02
Accel: 0.07, 0.02, -0.97
Gyro: -3.07, 0.50, -4.39
Accel: 0.07, 0.03, -0.97
Gyro: -2.88, 1.04, -6.34
Accel: 0.07, 0.03, -0.96
Gyro: -1.34, 0.32, -6.47
Accel: 0.07, 0.04, -0.96
Gyro: -1.82, -0.63, -6.39
Accel: 0.07, 0.04, -0.96
Gyro: -2.11, -1.22, -5.28
Accel: 0.06, 0.05, -0.97
Gyro: -2.42, -1.33, -3.82
Accel: 0.06, 0.04, -0.97
Gyro: -2.97, -0.50, -2.75
Accel: 0.06, 0.04, -0.95
Gyro: -3.33, -0.56, -1.59
Accel: 0.07, 0.03, -0.97
Gyro: -2.91, -1.04, -1.12
Accel: 0.06, 0.04, -0.97
Gyro: -2.30, -1.22, -0.89
Accel: 0.06, 0.04, -0.96
Gyro: -2.62, -0.56, -0.62
Accel: 0.07, 0.04, -0.96
Gyro: -2.45, -1.08, -0.62
Accel: 0.07, 0.02, -0.97
Gyro: -2.64, -1.20, -1.17
Accel: 0.07, 0.03, -0.97
Gyro: -3.48, -0.92, -2.28
Accel: 0.06, 0.04, -0.96
Gyro: -3.85, -1.01, -2.27
Accel: 0.06, 0.04, -0.97
Gyro: -3.74, -0.82, -1.90
Accel: 0.06, 0.04, -0.96
Gyro: -3.17, -0.68, -1.82
Accel: 0.06, 0.04, -0.96
Gyro: -2.71, -0.61, -1.44
Accel: 0.06, 0.04, -0.96
Gyro: -2.62, -0.57, -1.27
Accel: 0.06, 0.05, -0.96
Gyro: -2.82, -0.76, -0.86
Accel: 0.07, 0.04, -0.97
Gyro: -3.01, -1.30, -1.13
Accel: 0.06, 0.04, -0.96
Gyro: -3.20, -1.45, -0.92
Accel: 0.06, 0.04, -0.96
Gyro: -3.63, -1.22, -0.85
