Accel: 0.03, 0.05, -0.96
Gyro: -2.76, 0.00, -1.82
Accel: 0.03, 0.05, -0.96
Gyro: -2.75, -0.33, -1.57
Accel: 0.03, 0.05, -0.97
Gyro: -2.73, -0.45, -1.29
Accel: 0.03, 0.05, -0.97
Gyro: -2.64, -0.20, -0.92
Accel: 0.03, 0.05, -0.96
Gyro: -2.90, -0.12, -0.65
Accel: 0.03, 0.05, -0.95
Gyro: -3.14, -0.22, -0.46
Accel: 0.03, 0.05, -0.96
Gyro: -3.04, -0.60, -0.37
Accel: 0.03, 0.05, -0.96
Gyro: -3.05, -0.92, -0.53
Accel: 0.03, 0.05, -0.96
Gyro: -2.67, -0.66, -1.23
Accel: 0.03, 0.05, -0.96
Gyro: -2.58, -0.62, -1.74
Accel: 0.03, 0.05, -0.97
Gyro: -2.85, -0.55, -1.82
Accel: 0.03, 0.06, -0.96
Gyro: -2.77, -0.28, -1.72
Accel: 0.04, 0.06, -0.97
Gyro: -2.43, -0.10, -1.27
Accel: 0.03, 0.06, -0.97
Gyro: -2.43, -0.06, -0.90
Accel: 0.04, 0.06, -0.96
Gyro: -2.25, -0.38, -0.12
Accel: 0.03, 0.07, -0.96
Gyro: -2.21, -0.09, 1.26
Accel: 0.04, 0.07, -0.97
Gyro: -2.86, -0.14, 3.71
Accel: 0.04, 0.07, -0.96
Gyro: -3.72, -0.11, 6.10
Accel: 0.04, 0.09, -0.97
Gyro: -4.42, -0.21, 10.10
Accel: 0.04, 0.10, -0.97
Gyro: -5.55, -0.34, 15.40
Accel: 0.04, 0.10, -0.96
Gyro: -6.68, -0.31, 21.06
Accel: 0.04, 0.12, -0.96
Gyro: -8.01, -0.77, 27.97
Accel: 0.04, 0.11, -0.96
Gyro: -11.30, -2.23, 34.97
Accel: 0.03, 0.14, -0.97
Gyro: -12.08, -3.36, 42.28
Accel: 0.02, 0.19, -0.99
Gyro: -12.21, -2.37, 53.56
Accel: 0.02, 0.19, -0.97
Gyro: -13.31, -0.29, 66.83
Accel: 0.01, 0.19, -0.99
Gyro: -14.81, 2.14, 82.08
Accel: 0.01, 0.13, -0.98
Gyro: -16.65, 3.57, 91.70
Accel: 0.01, 0.09, -0.97
Gyro: -18.25, 4.46, 92.85
Accel: 0.02, 0.06, -0.97
Gyro: -17.46, 5.40, 90.35
Accel: 0.04, 0.06, -0.96
Gyro: -16.77, 6.45, 83.61
Accel: 0.05, 0.06, -0.97
Gyro: -11.98, 6.63, 77.51
Accel: 0.07, 0.05, -0.97
Gyro: -12.41, 6.94, 69.02
Accel: 0.08, 0.05, -0.95
Gyro: -11.10, 5.76, 58.66
Accel: 0.09, 0.09, -0.95
Gyro: -7.85, 3.91, 51.91
Accel: 0.11, 0.09, -0.92
Gyro: -7.30, 0.23, 49.35
Accel: 0.10, 0.11, -0.94
Gyro: -6.82, -3.43, 48.01
Accel: 0.09, 0.19, -1.00
Gyro: -3.68, -2.95, 50.21
Accel: 0.10, 0.03, -0.96
Gyro: -1.60, 2.08, 49.76
Accel: 0.10, 0.01, -0.94
Gyro: -3.60, 0.40, 40.76
Accel: 0.11, -0.02, -0.95
Gyro: -1.50, -1.34, 27.97
Accel: 0.11, 0.01, -0.95
Gyro: 0.79, -2.36, 14.01
Accel: 0.10, 0.03, -0.97
Gyro: 2.97, -2.01, 2.10
Accel: 0.10, 0.05, -0.97
Gyro: 3.23, 0.19, -0.89
Accel: 0.11, 0.02, -0.94
Gyro: 2.63, -0.19, -4.90
Accel: 0.11, 0.03, -0.96
Gyro: 2.18, -0.76, -11.26
Accel: 0.11, 0.05, -0.96
Gyro: 0.93, -1.43, -14.93
Accel: 0.11, 0.04, -0.95
Gyro: 0.25, -1.94, -17.63
Accel: 0.10, 0.02, -0.95
Gyro: 1.35, -2.73, -23.90
Accel: 0.10, -0.01, -0.95
Gyro: 3.01, -3.71, -34.52
Accel: 0.09, -0.07, -0.95
Gyro: 4.61, -5.14, -49.12
Accel: 0.07, -0.07, -0.94
Gyro: 5.91, -7.75, -68.82
Accel: 0.05, 0.00, -0.97
Gyro: 11.22, -10.28, -84.20
Accel: 0.04, -0.00, -0.99
Gyro: 15.53, -8.67, -95.19
Accel: 0.03, 0.08, -1.02
Gyro: 21.66, -4.34, -97.31
Accel: 0.03, 0.09, -0.98
Gyro: 23.57, -1.36, -94.89
Accel: 0.03, 0.07, -0.97
Gyro: 21.49, 0.77, -93.62
Accel: 0.04, 0.09, -0.96
Gyro: 18.10, 0.16, -87.59
Accel: 0.04, 0.09, -0.97
Gyro: 15.23, -0.77, -80.60
Accel: 0.04, 0.04, -0.97
Gyro: 10.73, 0.24, -75.74
Accel: 0.06, 0.09, -0.95
Gyro: 6.97, -0.12, -71.32
Accel: 0.06, 0.09, -0.95
Gyro: 6.21, -4.16, -62.23
Accel: 0.05, 0.06, -0.97
Gyro: 3.78, -4.52, -55.60
Accel: 0.06, 0.05, -0.96
Gyro: 1.36, -3.41, -51.51
Accel: 0.05, 0.08, -0.95
Gyro: 0.31, -3.98, -44.48
Accel: 0.05, 0.08, -0.97
Gyro: -0.70, -4.51, -37.32
Accel: 0.05, 0.07, -0.97
Gyro: -2.40, -3.48, -31.88
Accel: 0.05, 0.09, -0.97
Gyro: -3.17, -2.93, -25.10
Accel: 0.05, 0.08, -0.96
Gyro: -3.74, -3.54, -18.32
Accel: 0.04, 0.06, -0.97
Gyro: -4.94, -3.25, -14.61
Accel: 0.04, 0.07, -0.98
Gyro: -4.66, -1.91, -10.99
Accel: 0.05, 0.06, -0.96
Gyro: -4.61, -0.77, -7.47
Accel: 0.05, 0.04, -0.97
Gyro: -4.99, -0.66, -5.63
Accel: 0.05, 0.04, -0.96
Gyro: -4.20, -0.53, -5.41
Accel: 0.05, 0.04, -0.97
Gyro: -3.59, -0.66, -5.06
Accel: 0.05, 0.05, -0.97
Gyro: -3.23, -0.53, -4.71
Accel: 0.05, 0.04, -0.97
Gyro: -3.04, -0.27, -4.74
Accel: 0.05, 0.04, -0.96
Gyro: -3.03, -0.51, -4.49
Accel: 0.04, 0.04, -0.97
Gyro: -3.03, -0.29, -3.97
Accel: 0.05, 0.05, -0.97
Gyro: -3.55, -0.18, -3.87
Accel: 0.05, 0.05, -0.96
Gyro: -3.15, -0.34, -3.13
Accel: 0.05, 0.05, -0.97
Gyro: -2.62, 0.00, -2.56
Accel: 0.05, 0.05, -0.95
Gyro: -2.43, -0.31, -1.81
Accel: 0.05, 0.04, -0.96
Gyro: -3.29, -0.53, -0.74
Accel: 0.05, 0.04, -0.96
Gyro: -4.26, -0.17, 0.37
Accel: 0.05, 0.04, -0.96
Gyro: -4.33, -0.23, 0.91
Accel: 0.05, 0.04, -0.97
Gyro: -4.11, -0.11, 0.09
Accel: 0.05, 0.04, -0.97
Gyro: -2.89, 0.00, -1.27
Accel: 0.05, 0.04, -0.96
Gyro: -1.46, 0.26, -2.53
Accel: 0.05, 0.04, -0.95
Gyro: -1.44, -0.22, -2.91
Accel: 0.05, 0.05, -0.96
Gyro: -1.85, -0.72, -2.97
Accel: 0.05, 0.05, -0.97
Gyro: -1.87, -0.21, -2.61
Accel: 0.05, 0.05, -0.97
Gyro: -2.28, -0.11, -2.46
Accel: 0.06, 0.05, -0.97
Gyro: -2.70, -0.49, -2.12
Accel: 0.05, 0.05, -0.96
Gyro: -2.69, -0.54, -1.75
Accel: 0.06, 0.05, -0.96
Gyro: -2.45, -1.00, -1.31
Accel: 0.05, 0.04, -0.96
Gyro: -2.13, -0.58, -1.21
Accel: 0.05, 0.05, -0.97
Gyro: -1.98, -0.45, -1.30
Accel: 0.06, 0.05, -0.96
Gyro: -2.06, -0.47, -0.96
Accel: 0.05, 0.04, -0.97
Gyro: -2.33, -0.84, -0.54
Accel: 0.05, 0.04, -0.97
Gyro: -2.60, -0.98, -0.83
