Accel: 0.01, 0.05, -0.97
Gyro: -2.77, -0.59, 1.21
Accel: 0.00, 0.04, -0.98
Gyro: -2.66, -0.27, 0.89
Accel: 0.01, 0.04, -0.96
Gyro: -2.43, 0.01, 0.78
Accel: 0.00, 0.04, -0.96
Gyro: -2.73, -0.75, 0.25
Accel: 0.01, 0.05, -0.97
Gyro: -2.47, -1.14, 0.31
Accel: 0.00, 0.05, -0.98
Gyro: -2.42, -0.06, 0.20
Accel: 0.01, 0.05, -0.98
Gyro: -2.91, 0.22, 0.29
Accel: 0.01, 0.05, -0.97
Gyro: -3.05, 0.27, 1.00
Accel: 0.01, 0.06, -0.96
Gyro: -3.49, 1.15, 1.03
Accel: 0.02, 0.08, -0.96
Gyro: -3.51, 0.43, 2.82
Accel: 0.02, 0.08, -0.97
Gyro: -4.32, 0.24, 6.20
Accel: 0.02, 0.17, -0.97
Gyro: -4.54, -0.26, 15.08
Accel: 0.02, 0.22, -0.95
Gyro: -6.91, -0.53, 35.58
Accel: 0.02, 0.26, -0.95
Gyro: -12.41, -2.49, 59.32
Accel: 0.00, 0.25, -0.94
Gyro: -15.99, -5.46, 86.71
Accel: -0.03, 0.21, -0.96
Gyro: -22.15, -5.87, 105.93
Accel: -0.02, 0.16, -0.97
Gyro: -26.45, -6.52, 119.57
Accel: -0.04, 0.10, -0.95
Gyro: -27.32, -7.48, 123.20
Accel: -0.03, 0.11, -0.96
Gyro: -27.17, -7.65, 121.42
Accel: -0.03, 0.08, -0.98
Gyro: -24.26, -6.52, 119.12
Accel: -0.02, 0.09, -0.97
Gyro: -21.85, -5.26, 112.46
Accel: -0.02, 0.12, -0.97
Gyro: -17.50, -4.68, 105.84
Accel: -0.01, 0.12, -0.99
Gyro: -14.90, -2.63, 102.00
Accel: 0.00, 0.14, -0.96
Gyro: -14.99, -1.57, 95.48
Accel: 0.01, 0.13, -0.98
Gyro: -8.09, -1.07, 93.56
Accel: 0.03, 0.08, -0.95
Gyro: -5.40, -0.37, 81.86
Accel: 0.03, 0.15, -0.94
Gyro: 3.85, -1.37, 74.87
Accel: 0.05, 0.05, -0.93
Gyro: 5.54, -3.68, 65.09
Accel: 0.05, 0.11, -0.94
Gyro: 4.92, -7.43, 57.64
Accel: 0.03, 0.03, -0.98
Gyro: 4.16, -7.27, 52.65
Accel: 0.04, 0.02, -0.98
Gyro: 1.62, -6.48, 39.05
Accel: 0.04, -0.00, -0.97
Gyro: 3.52, -4.75, 27.18
Accel: 0.03, 0.00, -0.97
Gyro: 4.71, -4.50, 13.98
Accel: 0.03, 0.04, -0.98
Gyro: 3.98, -2.69, 4.69
Accel: 0.05, 0.06, -0.96
Gyro: 2.16, -2.16, 1.46
Accel: 0.05, 0.05, -0.98
Gyro: -0.53, -1.05, -2.31
Accel: 0.04, 0.08, -0.98
Gyro: -0.47, 0.64, -4.52
Accel: 0.06, 0.05, -0.95
Gyro: 0.54, -0.23, -8.67
Accel: 0.06, 0.05, -0.96
Gyro: 0.34, -1.39, -14.35
Accel: 0.06, 0.03, -0.96
Gyro: -0.94, -2.46, -20.67
Accel: 0.04, -0.04, -0.97
Gyro: 0.21, -2.84, -31.30
Accel: 0.04, -0.07, -0.95
Gyro: 3.04, -2.66, -51.61
Accel: 0.02, -0.06, -0.96
Gyro: 7.26, -5.75, -71.14
Accel: -0.00, -0.03, -0.96
Gyro: 11.14, -7.52, -87.39
Accel: -0.01, -0.02, -0.96
Gyro: 9.02, -7.45, -101.65
Accel: -0.03, 0.07, -0.98
Gyro: 11.22, -8.39, -107.86
Accel: -0.04, 0.07, -0.99
Gyro: 12.74, -6.29, -109.13
Accel: -0.03, 0.09, -0.98
Gyro: 12.37, -3.81, -108.73
Accel: -0.03, 0.08, -0.97
Gyro: 11.95, -3.95, -104.10
Accel: -0.04, 0.08, -0.97
Gyro: 9.06, -4.23, -101.97
Accel: -0.04, 0.06, -0.97
Gyro: 7.16, -3.35, -99.72
Accel: -0.04, 0.11, -0.96
Gyro: 5.33, -4.77, -94.45
Accel: -0.04, 0.10, -0.96
Gyro: 4.69, -6.45, -87.27
Accel: -0.04, 0.10, -0.96
Gyro: 3.40, -5.97, -80.37
Accel: -0.05, 0.10, -0.98
Gyro: 2.14, -4.27, -72.87
Accel: -0.04, 0.09, -0.98
Gyro: 0.68, -3.00, -65.55
Accel: -0.04, 0.08, -0.98
Gyro: -0.04, -1.83, -58.76
Accel: -0.05, 0.08, -0.97
Gyro: -1.75, -0.58, -53.40
Accel: -0.04, 0.09, -0.96
Gyro: -2.68, -0.39, -47.49
Accel: -0.03, 0.09, -0.96
Gyro: -3.14, -2.01, -40.46
Accel: -0.04, 0.08, -0.97
Gyro: -3.84, -1.25, -36.37
Accel: -0.03, 0.09, -0.97
Gyro: -3.44, -0.62, -31.05
Accel: -0.03, 0.09, -0.96
Gyro: -4.18, -0.47, -25.49
Accel: -0.04, 0.07, -0.97
Gyro: -4.71, -0.57, -21.23
Accel: -0.03, 0.08, -0.97
Gyro: -4.17, 0.58, -18.42
Accel: -0.02, 0.10, -0.97
Gyro: -2.94, 0.44, -12.63
Accel: -0.04, 0.08, -0.97
Gyro: -2.73, 0.35, -7.06
Accel: -0.03, 0.05, -0.97
Gyro: -2.42, 2.31, -5.44
Accel: -0.02, 0.07, -0.96
Gyro: -1.44, 2.06, -3.25
Accel: -0.02, 0.06, -0.96
Gyro: -1.80, 0.40, -0.08
Accel: -0.02, 0.04, -0.96
Gyro: -2.89, 0.11, 0.78
Accel: -0.01, 0.05, -0.96
Gyro: -2.81, 1.17, 1.53
Accel: -0.02, 0.04, -0.96
Gyro: -3.16, 0.31, 2.03
Accel: -0.02, 0.03, -0.97
Gyro: -2.71, 0.59, 1.99
Accel: -0.02, 0.03, -0.96
Gyro: -2.50, 0.43, 0.50
Accel: -0.01, 0.04, -0.96
Gyro: -2.38, -0.49, 0.66
Accel: -0.01, 0.05, -0.97
Gyro: -2.62, -1.17, 1.69
Accel: -0.01, 0.03, -0.97
Gyro: -2.95, -0.56, 0.96
Accel: -0.02, 0.04, -0.97
Gyro: -2.62, -0.76, 0.18
Accel: -0.02, 0.04, -0.97
Gyro: -2.77, -0.76, 0.31
Accel: -0.01, 0.04, -0.96
Gyro: -2.95, -0.66, 0.35
Accel: -0.02, 0.04, -0.98
Gyro: -3.14, -1.06, 0.58
Accel: -0.01, 0.04, -0.97
Gyro: -3.13, -0.79, 0.09
Accel: -0.02, 0.03, -0.98
Gyro: -3.30, -0.41, -0.12
Accel: -0.02, 0.05, -0.97
Gyro: -3.62, -0.43, 0.01
Accel: -0.02, 0.04, -0.97
Gyro: -3.62, -0.22, 0.20
Accel: -0.01, 0.04, -0.97
Gyro: -3.30, 0.21, -0.62
Accel: -0.01, 0.04, -0.96
Gyro: -2.98, -0.07, -0.85
Accel: -0.01, 0.05, -0.97
Gyro: -3.28, -0.12, -0.60
Accel: -0.01, 0.04, -0.97
Gyro: -3.18, 0.05, -0.56
Accel: -0.02, 0.05, -0.97
Gyro: -3.50, -0.07, -0.96
Accel: -0.01, 0.05, -0.97
Gyro: -3.45, 0.17, -1.39
Accel: -0.01, 0.06, -0.97
Gyro: -3.16, 0.18, -0.72
Accel: -0.02, 0.05, -0.97
Gyro: -2.96, 0.17, -0.34
Accel: -0.01, 0.05, -0.96
Gyro: -2.95, 0.14, -0.88
Accel: -0.01, 0.06, -0.96
Gyro: -2.68, -0.29, -0.78
Accel: -0.02, 0.05, -0.96
Gyro: -2.55, -0.61, -0.89
Accel: -0.01, 0.05, -0.96
Gyro: -2.64, -0.16, -0.81
Accel: -0.02, 0.05, -0.96
Gyro: -2.27, 0.21, -0.74
Accel: -0.01, 0.05, -0.96
Gyro: -2.56, 0.08, -0.89
Accel: -0.01, 0.04, -0.97
Gyro: -2.69, -0.56, -0.81
