Accel: 0.06, 0.04, -0.96
Gyro: -3.33, -1.44, -0.93
Accel: 0.06, 0.04, -0.96
Gyro: -2.89, -1.08, -0.90
Accel: 0.06, 0.05, -0.97
Gyro: -2.43, -0.85, -0.76
Accel: 0.06, 0.05, -0.96
Gyro: -2.79, -0.95, -0.66
Accel: 0.06, 0.04, -0.97
Gyro: -2.75, -0.49, -0.78
Accel: 0.07, 0.05, -0.97
Gyro: -2.17, 0.17, -1.10
Accel: 0.07, 0.05, -0.97
Gyro: -2.11, 0.05, -1.31
Accel: 0.06, 0.06, -0.96
Gyro: -1.68, -0.49, -0.46
Accel: 0.06, 0.04, -0.96
Gyro: -2.41, -0.92, -0.22
Accel: 0.06, 0.06, -0.96
Gyro: -2.64, -1.01, 0.75
Accel: 0.06, 0.07, -0.96
Gyro: -2.65, -0.95, 2.97
Accel: 0.06, 0.14, -0.96
Gyro: -3.20, -0.58, 9.07
Accel: 0.06, 0.17, -0.95
Gyro: -6.90, -0.49, 25.59
Accel: 0.06, 0.20, -0.95
Gyro: -12.10, -1.40, 43.14
Accel: 0.06, 0.22, -0.95
Gyro: -14.76, -3.40, 64.19
Accel: 0.04, 0.18, -0.97
Gyro: -19.00, -3.91, 83.21
Accel: 0.04, 0.18, -0.96
Gyro: -21.73, -3.09, 95.44
Accel: 0.02, 0.14, -0.98
Gyro: -21.06, -2.36, 106.44
Accel: 0.02, 0.14, -0.97
Gyro: -22.57, -1.58, 111.95
Accel: 0.02, 0.16, -0.98
Gyro: -20.54, -0.56, 117.57
Accel: 0.02, 0.19, -0.97
Gyro: -18.31, 0.66, 123.23
Accel: 0.02, 0.14, -0.98
Gyro: -13.98, 1.67, 129.68
Accel: 0.01, 0.15, -0.99
Gyro: -16.04, 3.72, 132.27
Accel: 0.03, 0.13, -0.97
Gyro: -13.62, 5.72, 135.94
Accel: 0.04, 0.03, -0.99
Gyro: -7.56, 6.94, 132.24
Accel: 0.07, -0.10, -0.91
Gyro: -6.06, 6.05, 110.98
Accel: 0.09, -0.09, -0.91
Gyro: 0.07, 0.39, 87.94
Accel: 0.09, -0.17, -0.95
Gyro: 1.85, -4.59, 61.10
Accel: 0.09, -0.12, -0.99
Gyro: 1.45, -2.96, 37.22
Accel: 0.10, -0.09, -0.96
Gyro: 2.01, -2.20, 17.46
Accel: 0.11, -0.00, -0.96
Gyro: 4.88, -1.66, 7.64
Accel: 0.12, -0.04, -0.95
Gyro: 4.60, -1.70, 0.76
Accel: 0.11, -0.01, -0.97
Gyro: 2.59, -3.02, -4.76
Accel: 0.11, -0.05, -0.97
Gyro: 0.67, -1.15, -9.90
Accel: 0.11, -0.02, -0.95
Gyro: 0.02, -2.24, -17.34
Accel: 0.12, 0.00, -0.97
Gyro: -1.17, -2.18, -18.41
Accel: 0.11, -0.05, -0.96
Gyro: -1.74, -2.09, -24.33
Accel: 0.12, -0.16, -0.93
Gyro: 2.48, -3.37, -42.66
Accel: 0.10, -0.22, -0.91
Gyro: 8.37, -10.51, -72.07
Accel: 0.05, -0.19, -0.94
Gyro: 11.76, -17.74, -102.62
Accel: 0.02, -0.20, -0.98
Gyro: 13.40, -18.74, -130.43
Accel: -0.02, -0.10, -0.99
Gyro: 11.75, -15.47, -150.37
Accel: -0.00, 0.07, -1.03
Gyro: 19.43, -13.52, -149.29
Accel: -0.03, 0.08, -0.99
Gyro: 19.45, -11.63, -142.89
Accel: -0.01, 0.17, -0.97
Gyro: 19.16, -9.79, -129.68
Accel: 0.02, 0.20, -0.95
Gyro: 16.69, -11.75, -108.12
Accel: 0.01, 0.15, -0.96
Gyro: 13.55, -11.88, -90.04
Accel: 0.01, 0.12, -0.98
Gyro: 9.48, -9.99, -75.45
Accel: -0.00, 0.09, -0.98
Gyro: 5.20, -8.90, -63.23
Accel: -0.00, 0.06, -0.99
Gyro: 1.00, -6.45, -53.53
Accel: -0.00, 0.07, -1.00
Gyro: -3.07, -3.44, -46.13
Accel: 0.02, 0.10, -0.97
Gyro: -4.46, -2.10, -35.83
Accel: 0.01, 0.08, -0.97
Gyro: -6.05, -0.88, -25.72
Accel: 0.02, 0.05, -0.98
Gyro: -7.32, 0.79, -19.32
Accel: 0.02, 0.05, -0.96
Gyro: -7.62, 1.26, -14.27
Accel: 0.03, 0.05, -0.96
Gyro: -8.49, 0.41, -9.99
Accel: 0.03, 0.04, -0.96
Gyro: -8.84, 0.58, -8.25
Accel: 0.03, 0.04, -0.97
Gyro: -8.64, 0.84, -7.29
Accel: 0.04, 0.05, -0.96
Gyro: -7.13, -0.11, -5.16
Accel: 0.04, 0.05, -0.96
Gyro: -6.10, -0.82, -3.68
Accel: 0.03, 0.05, -0.96
Gyro: -4.69, -1.02, -2.66
Accel: 0.03, 0.04, -0.96
Gyro: -3.81, -0.25, -2.25
Accel: 0.04, 0.04, -0.96
Gyro: -2.98, -0.79, -1.75
Accel: 0.03, 0.04, -0.98
Gyro: -2.27, -0.26, -0.95
Accel: 0.04, 0.04, -0.98
Gyro: -1.67, 0.63, -0.60
Accel: 0.04, 0.03, -0.97
Gyro: -1.73, 0.56, -0.49
Accel: 0.04, 0.03, -0.96
Gyro: -2.31, -0.13, -0.50
Accel: 0.04, 0.04, -0.97
Gyro: -2.53, -0.41, -0.13
Accel: 0.04, 0.03, -0.96
Gyro: -2.77, -0.59, -0.18
Accel: 0.03, 0.03, -0.96
Gyro: -3.20, -1.00, -0.46
Accel: 0.03, 0.04, -0.97
Gyro: -3.46, -1.25, -0.46
Accel: 0.03, 0.03, -0.97
Gyro: -3.11, -0.87, -0.05
Accel: 0.04, 0.03, -0.96
Gyro: -2.91, -1.16, -0.42
Accel: 0.03, 0.03, -0.97
Gyro: -2.80, -1.13, -0.96
Accel: 0.03, 0.04, -0.96
Gyro: -2.10, -0.89, -0.92
Accel: 0.02, 0.03, -0.97
Gyro: -2.38, -0.64, -1.27
Accel: 0.04, 0.04, -0.97
Gyro: -2.27, -0.25, -1.33
Accel: 0.04, 0.04, -0.97
Gyro: -2.29, -0.54, -1.46
Accel: 0.03, 0.03, -0.96
Gyro: -2.33, -0.79, -1.53
Accel: 0.03, 0.04, -0.98
Gyro: -2.15, -0.56, -0.88
Accel: 0.03, 0.03, -0.97
Gyro: -2.38, -0.02, -0.91
Accel: 0.04, 0.03, -0.96
Gyro: -2.46, -0.02, -1.10
Accel: 0.04, 0.04, -0.97
Gyro: -2.73, -0.09, -0.98
Accel: 0.03, 0.03, -0.97
Gyro: -3.14, -0.11, -1.27
Accel: 0.04, 0.03, -0.95
Gyro: -3.18, -0.03, -1.14
Accel: 0.03, 0.04, -0.96
Gyro: -3.01, -0.36, -0.78
Accel: 0.03, 0.04, -0.96
Gyro: -2.95, -0.35, -0.89
Accel: 0.04, 0.04, -0.96
Gyro: -2.93, -0.69, -0.98
Accel: 0.04, 0.04, -0.96
Gyro: -2.81, -0.72, -0.85
Accel: 0.05, 0.04, -0.97
Gyro: -2.60, -0.90, -0.82
Accel: 0.04, 0.04, -0.96
Gyro: -2.80, -0.98, -0.91
Accel: 0.04, 0.04, -0.97
Gyro: -2.88, -0.87, -1.20
Accel: 0.03, 0.04, -0.97
Gyro: -2.69, -0.80, -1.40
Accel: 0.04, 0.05, -0.97
Gyro: -2.53, -0.56, -1.14
Accel: 0.04, 0.04, -0.96
Gyro: -2.29, -0.68, -1.10
Accel: 0.03, 0.03, -0.97
Gyro: -2.30, -0.51, -1.30
Accel: 0.03, 0.04, -0.96
Gyro: -2.81, -0.81, -1.61
Accel: 0.04, 0.05, -0.96
Gyro: -3.17, -0.43, -1.69
Accel: 0.03, 0.05, -0.96
Gyro: -2.62, -0.60, -0.83
Accel: 0.03, 0.03, -0.96
Gyro: -2.84, -0.36, -0.84
Accel: 0.03, 0.04, -0.96
Gyro: -2.99, -0.69, -1.28
