Accel: 0.05, 0.05, -0.97
Gyro: -2.80, -0.56, -1.22
Accel: 0.04, 0.05, -0.97
Gyro: -2.30, -0.47, -1.24
Accel: 0.05, 0.05, -0.98
Gyro: -2.56, -0.17, -1.50
Accel: 0.05, 0.05, -0.97
Gyro: -2.13, -0.22, -1.14
Accel: 0.05, 0.05, -0.97
Gyro: -2.39, -0.72, -0.94
Accel: 0.05, 0.05, -0.95
Gyro: -2.59, -1.59, -1.15
Accel: 0.04, 0.04, -0.97
Gyro: -3.03, -1.46, -1.75
Accel: 0.04, 0.06, -0.97
Gyro: -2.48, -0.78, -1.43
Accel: 0.04, 0.05, -0.96
Gyro: -2.36, -0.98, -1.30
Accel: 0.05, 0.05, -0.96
Gyro: -2.52, -0.96, -1.46
Accel: 0.04, 0.06, -0.96
Gyro: -2.36, -1.30, -1.05
Accel: 0.04, 0.05, -0.97
Gyro: -2.46, -1.07, -0.83
Accel: 0.04, 0.04, -0.97
Gyro: -2.32, -0.80, -1.07
Accel: 0.04, 0.05, -0.96
Gyro: -2.37, -1.05, -1.10
Accel: 0.04, 0.06, -0.97
Gyro: -2.63, -1.12, -0.54
Accel: 0.04, 0.07, -0.97
Gyro: -2.95, -0.97, 0.86
Accel: 0.04, 0.07, -0.97
Gyro: -3.15, -0.99, 3.14
Accel: 0.04, 0.10, -0.97
Gyro: -4.10, -1.11, 7.64
Accel: 0.04, 0.12, -0.97
Gyro: -5.17, -1.69, 14.44
Accel: 0.04, 0.13, -0.97
Gyro: -6.77, -1.92, 22.83
Accel: 0.04, 0.13, -0.97
Gyro: -8.29, -2.08, 31.43
Accel: 0.04, 0.13, -0.97
Gyro: -8.89, -2.00, 39.85
Accel: 0.03, 0.12, -0.97
Gyro: -10.51, -2.14, 47.17
Accel: 0.03, 0.12, -0.96
Gyro: -11.57, -1.68, 54.19
Accel: 0.03, 0.11, -0.96
Gyro: -12.35, -1.46, 58.74
Accel: 0.03, 0.11, -0.98
Gyro: -13.32, -0.66, 62.46
Accel: 0.03, 0.11, -0.98
Gyro: -13.62, 0.63, 66.26
Accel: 0.03, 0.11, -0.98
Gyro: -14.67, 1.82, 69.74
Accel: 0.03, 0.10, -0.97
Gyro: -14.72, 2.11, 71.83
Accel: 0.04, 0.10, -0.96
Gyro: -16.97, 2.40, 73.04
Accel: 0.04, 0.08, -0.95
Gyro: -19.35, 1.82, 72.46
Accel: 0.06, 0.11, -0.94
Gyro: -18.39, -1.20, 72.62
Accel: 0.06, 0.08, -0.98
Gyro: -18.70, -1.17, 69.82
Accel: 0.06, 0.10, -0.98
Gyro: -17.85, 1.97, 65.95
Accel: 0.08, 0.11, -0.95
Gyro: -13.41, 4.47, 62.42
Accel: 0.09, 0.14, -0.94
Gyro: -6.98, 0.99, 60.17
Accel: 0.08, 0.15, -0.95
Gyro: -3.21, 0.08, 58.53
Accel: 0.10, 0.15, -0.92
Gyro: -1.14, -1.88, 61.07
Accel: 0.08, 0.18, -0.96
Gyro: -0.29, -4.45, 65.41
Accel: 0.08, 0.04, -0.96
Gyro: -1.90, -0.74, 63.75
Accel: 0.09, 0.06, -0.95
Gyro: -1.40, -1.84, 54.48
Accel: 0.09, 0.04, -0.98
Gyro: 1.00, 0.61, 51.16
Accel: 0.10, -0.05, -0.94
Gyro: -8.66, 2.01, 41.58
Accel: 0.11, -0.02, -0.95
Gyro: -11.63, 0.08, 27.40
Accel: 0.10, -0.02, -0.97
Gyro: -3.71, -0.50, 14.05
Accel: 0.11, 0.01, -0.95
Gyro: -2.47, -0.11, 0.92
Accel: 0.10, 0.09, -0.96
Gyro: 1.75, -0.80, -4.29
Accel: 0.12, 0.09, -0.95
Gyro: 2.01, 0.27, -4.17
Accel: 0.12, 0.04, -0.94
Gyro: 3.94, -2.03, -8.67
Accel: 0.10, 0.04, -0.99
Gyro: 3.33, -0.98, -15.66
Accel: 0.10, 0.02, -0.96
Gyro: 2.89, -0.24, -21.41
Accel: 0.11, -0.02, -0.95
Gyro: 3.89, -1.69, -30.60
Accel: 0.10, -0.08, -0.96
Gyro: 5.47, -3.20, -49.93
Accel: 0.09, -0.01, -0.93
Gyro: 7.61, -5.92, -65.67
Accel: 0.07, -0.04, -0.93
Gyro: 6.20, -9.40, -75.77
Accel: 0.06, 0.02, -0.95
Gyro: 5.34, -11.70, -86.23
Accel: 0.03, 0.09, -0.96
Gyro: 13.66, -13.56, -90.23
Accel: 0.03, 0.08, -0.99
Gyro: 11.15, -10.22, -91.02
Accel: 0.02, 0.10, -1.02
Gyro: 11.88, -4.32, -90.84
Accel: 0.03, 0.14, -0.98
Gyro: 13.11, -2.22, -85.71
Accel: 0.03, 0.13, -0.96
Gyro: 13.51, -2.01, -79.16
Accel: 0.03, 0.10, -0.97
Gyro: 12.39, -2.17, -74.04
Accel: 0.03, 0.09, -0.97
Gyro: 9.43, -1.46, -71.03
Accel: 0.04, 0.11, -0.96
Gyro: 7.58, -2.28, -64.45
Accel: 0.04, 0.10, -0.96
Gyro: 6.13, -2.88, -57.91
Accel: 0.03, 0.08, -0.96
Gyro: 4.04, -2.43, -54.59
Accel: 0.04, 0.10, -0.96
Gyro: 3.79, -3.01, -49.77
Accel: 0.04, 0.08, -0.95
Gyro: 3.01, -3.84, -44.67
Accel: 0.03, 0.06, -0.97
Gyro: 1.71, -4.23, -41.57
Accel: 0.02, 0.08, -0.97
Gyro: 0.86, -3.63, -38.58
Accel: 0.02, 0.08, -0.97
Gyro: 0.67, -4.08, -33.60
Accel: 0.02, 0.10, -0.96
Gyro: -0.02, -3.59, -28.47
Accel: 0.03, 0.10, -0.97
Gyro: -0.36, -3.59, -23.33
Accel: 0.02, 0.09, -0.97
Gyro: 0.27, -3.28, -17.44
Accel: 0.02, 0.08, -0.97
Gyro: 0.08, -2.79, -12.21
Accel: 0.02, 0.07, -0.98
Gyro: -0.92, -1.62, -8.33
Accel: 0.02, 0.05, -0.97
Gyro: -1.56, -0.14, -5.73
Accel: 0.02, 0.05, -0.97
Gyro: -2.51, 0.27, -3.75
Accel: 0.03, 0.04, -0.97
Gyro: -2.88, 0.56, -2.59
Accel: 0.03, 0.03, -0.96
Gyro: -3.23, 0.48, -3.01
Accel: 0.03, 0.03, -0.96
Gyro: -3.33, 0.47, -3.65
Accel: 0.02, 0.03, -0.96
Gyro: -3.37, 0.41, -4.58
Accel: 0.03, 0.05, -0.96
Gyro: -3.01, 0.11, -4.35
Accel: 0.04, 0.05, -0.97
Gyro: -3.19, -0.10, -4.04
Accel: 0.02, 0.04, -0.97
Gyro: -3.24, -0.23, -3.87
Accel: 0.02, 0.05, -0.96
Gyro: -3.07, 0.14, -2.98
Accel: 0.03, 0.05, -0.96
Gyro: -3.07, 0.04, -1.88
Accel: 0.02, 0.05, -0.96
Gyro: -3.44, -0.21, -1.65
Accel: 0.03, 0.05, -0.96
Gyro: -3.01, -0.32, -1.05
Accel: 0.03, 0.04, -0.96
Gyro: -2.29, 0.18, -0.29
Accel: 0.03, 0.04, -0.97
Gyro: -2.39, 0.01, -0.36
Accel: 0.02, 0.04, -0.96
Gyro: -2.91, -0.29, -0.80
Accel: 0.03, 0.05, -0.97
Gyro: -2.65, -0.27, -0.66
Accel: 0.03, 0.05, -0.96
Gyro: -2.74, 0.01, -0.62
Accel: 0.03, 0.05, -0.95
Gyro: -2.83, 0.27, -0.40
Accel: 0.03, 0.04, -0.97
Gyro: -2.87, 0.48, -0.62
Accel: 0.03, 0.05, -0.96
Gyro: -3.01, 0.51, -1.03
Accel: 0.04, 0.04, -0.96
Gyro: -3.13, 0.18, -1.47
Accel: 0.04, 0.05, -0.96
Gyro: -3.23, -0.26, -1.87
Accel: 0.04, 0.05, -0.96
Gyro: -2.67, -0.02, -1.43
Accel: 0.03, 0.05, -0.97
Gyro: -2.65, 0.08, -1.94
