Accel: 0.05, 0.03, -0.97
Gyro: -3.17, -1.05, -0.62
Accel: 0.05, 0.03, -0.98
Gyro: -3.11, -0.95, -1.17
Accel: 0.04, 0.03, -0.96
Gyro: -2.99, -0.60, -1.52
Accel: 0.04, 0.03, -0.96
Gyro: -3.19, -0.49, -1.82
Accel: 0.05, 0.03, -0.97
Gyro: -3.05, -0.53, -1.47
Accel: 0.05, 0.03, -0.98
Gyro: -2.83, -0.32, -1.23
Accel: 0.05, 0.02, -0.96
Gyro: -2.68, -0.61, -1.27
Accel: 0.05, 0.03, -0.96
Gyro: -3.52, -0.99, -1.53
Accel: 0.05, 0.04, -0.96
Gyro: -3.27, -0.79, -0.98
Accel: 0.04, 0.04, -0.97
Gyro: -3.10, -0.64, -0.88
Accel: 0.05, 0.05, -0.96
Gyro: -2.77, -0.03, -0.31
Accel: 0.05, 0.07, -0.97
Gyro: -2.59, -0.34, 2.10
Accel: 0.05, 0.07, -0.96
Gyro: -3.16, -0.10, 5.98
Accel: 0.06, 0.09, -0.96
Gyro: -4.58, -1.11, 11.87
Accel: 0.05, 0.11, -0.97
Gyro: -6.78, -1.16, 20.46
Accel: 0.05, 0.14, -0.96
Gyro: -8.74, -1.04, 31.88
Accel: 0.04, 0.18, -0.96
Gyro: -12.61, -1.24, 47.20
Accel: 0.03, 0.17, -0.96
Gyro: -20.97, -1.63, 66.57
Accel: 0.03, 0.14, -0.98
Gyro: -25.02, -1.56, 79.91
Accel: 0.02, 0.15, -0.99
Gyro: -24.72, -1.05, 88.64
Accel: 0.02, 0.12, -0.97
Gyro: -23.42, -0.15, 95.20
Accel: 0.02, 0.13, -0.97
Gyro: -22.00, 0.34, 98.01
Accel: 0.03, 0.15, -0.98
Gyro: -19.45, 0.16, 101.78
Accel: 0.04, 0.13, -0.96
Gyro: -16.88, 1.10, 105.64
Accel: 0.06, 0.11, -0.95
Gyro: -17.10, -0.54, 105.26
Accel: 0.09, 0.09, -0.93
Gyro: -17.91, -2.69, 102.77
Accel: 0.07, 0.06, -0.95
Gyro: -16.78, -4.91, 95.27
Accel: 0.06, 0.05, -0.95
Gyro: -11.17, -6.36, 84.04
Accel: 0.05, 0.08, -0.97
Gyro: -6.13, -6.20, 75.36
Accel: 0.06, 0.03, -0.96
Gyro: -6.54, -7.71, 68.44
Accel: 0.05, 0.01, -0.99
Gyro: -8.08, -8.63, 59.65
Accel: 0.04, 0.01, -0.99
Gyro: -7.92, -6.34, 49.38
Accel: 0.04, -0.08, -0.97
Gyro: -10.64, -5.01, 32.83
Accel: 0.04, 0.06, -0.99
Gyro: -17.44, -3.78, 22.01
Accel: 0.06, -0.01, -1.01
Gyro: -14.32, -0.82, 13.23
Accel: 0.06, 0.11, -1.03
Gyro: -9.55, 2.58, -2.39
Accel: 0.10, 0.11, -0.95
Gyro: -0.57, 2.04, -4.84
Accel: 0.08, 0.11, -0.96
Gyro: 8.92, -2.16, -9.18
Accel: 0.09, 0.11, -0.94
Gyro: 4.40, -0.91, -9.28
Accel: 0.09, 0.07, -0.95
Gyro: 2.97, -2.88, -9.93
Accel: 0.07, 0.10, -0.98
Gyro: 2.15, -2.42, -15.32
Accel: 0.06, 0.09, -0.97
Gyro: 4.28, -0.37, -17.76
Accel: 0.07, 0.04, -0.96
Gyro: 8.07, 0.32, -24.33
Accel: 0.08, -0.04, -0.92
Gyro: 14.37, -2.35, -41.21
Accel: 0.09, 0.01, -0.90
Gyro: 15.69, -9.12, -52.60
Accel: 0.07, -0.04, -0.91
Gyro: 11.76, -17.46, -65.76
Accel: 0.03, -0.07, -1.00
Gyro: 12.73, -22.80, -81.32
Accel: -0.02, -0.05, -1.02
Gyro: 12.41, -17.09, -98.45
Accel: -0.03, -0.02, -1.02
Gyro: 14.17, -11.28, -109.71
Accel: -0.05, -0.03, -1.03
Gyro: 14.84, -5.70, -118.94
Accel: -0.06, 0.07, -1.00
Gyro: 15.08, -1.74, -124.89
Accel: -0.04, 0.15, -0.97
Gyro: 18.34, -2.30, -117.94
Accel: -0.04, 0.11, -0.98
Gyro: 18.51, -1.85, -108.21
Accel: -0.03, 0.11, -0.99
Gyro: 16.85, -0.62, -99.53
Accel: -0.01, 0.15, -0.95
Gyro: 15.26, -1.78, -84.93
Accel: -0.02, 0.11, -0.97
Gyro: 11.49, -1.92, -69.99
Accel: -0.01, 0.07, -0.98
Gyro: 6.51, -0.39, -60.30
Accel: -0.00, 0.07, -0.97
Gyro: 3.23, 0.16, -50.15
Accel: -0.00, 0.07, -0.97
Gyro: -0.30, -0.44, -40.87
Accel: 0.00, 0.06, -0.97
Gyro: -4.30, 0.00, -33.85
Accel: 0.00, 0.07, -0.96
Gyro: -6.23, -0.13, -25.98
Accel: 0.01, 0.06, -0.96
Gyro: -6.88, -0.75, -17.30
Accel: 0.00, 0.05, -0.97
Gyro: -7.81, -0.25, -11.53
Accel: 0.00, 0.04, -0.97
Gyro: -8.12, 0.45, -8.98
Accel: 0.01, 0.05, -0.96
Gyro: -7.71, 0.13, -6.23
Accel: 0.00, 0.04, -0.97
Gyro: -7.40, 0.14, -3.98
Accel: 0.01, 0.04, -0.96
Gyro: -6.23, 0.83, -4.25
Accel: 0.01, 0.05, -0.96
Gyro: -3.99, 0.30, -3.33
Accel: 0.01, 0.04, -0.97
Gyro: -3.12, -0.53, -1.75
Accel: 0.02, 0.03, -0.97
Gyro: -2.75, 0.07, -0.66
Accel: 0.01, 0.03, -0.97
Gyro: -2.37, 0.78, -0.14
Accel: 0.01, 0.03, -0.98
Gyro: -2.27, 0.95, 0.19
Accel: 0.02, 0.02, -0.97
Gyro: -2.21, 1.30, 0.07
Accel: 0.02, 0.01, -0.96
Gyro: -2.43, 1.91, -0.56
Accel: 0.02, 0.02, -0.95
Gyro: -2.66, 0.85, -1.34
Accel: 0.02, 0.02, -0.96
Gyro: -2.66, -0.96, -1.80
Accel: 0.02, 0.04, -0.97
Gyro: -2.85, -1.53, -1.63
Accel: 0.02, 0.03, -0.97
Gyro: -2.91, -1.11, -1.11
Accel: 0.02, 0.02, -0.96
Gyro: -3.59, -1.53, -1.72
Accel: 0.01, 0.03, -0.96
Gyro: -3.19, -1.76, -1.43
Accel: 0.01, 0.03, -0.97
Gyro: -3.04, -1.89, -1.01
Accel: 0.01, 0.03, -0.97
Gyro: -2.59, -1.70, -0.73
Accel: 0.00, 0.03, -0.97
Gyro: -2.04, -1.29, -0.92
Accel: 0.01, 0.03, -0.98
Gyro: -1.69, -0.59, -1.12
Accel: 0.01, 0.02, -0.97
Gyro: -1.94, -0.07, -0.98
Accel: 0.02, 0.03, -0.97
Gyro: -2.37, -0.76, -1.14
Accel: 0.01, 0.03, -0.97
Gyro: -2.48, -0.64, -1.29
Accel: 0.01, 0.03, -0.96
Gyro: -2.75, 0.04, -1.24
Accel: 0.02, 0.02, -0.96
Gyro: -3.07, 0.39, -1.53
Accel: 0.01, 0.03, -0.97
Gyro: -3.09, -0.11, -1.59
Accel: 0.01, 0.03, -0.97
Gyro: -3.14, -0.45, -1.64
Accel: 0.02, 0.03, -0.97
Gyro: -3.05, -0.14, -1.94
Accel: 0.01, 0.03, -0.96
Gyro: -2.85, 0.04, -2.05
Accel: 0.02, 0.04, -0.96
Gyro: -2.52, -0.36, -1.72
Accel: 0.02, 0.04, -0.97
Gyro: -2.48, -0.43, -1.27
Accel: 0.02, 0.03, -0.96
Gyro: -2.48, -0.47, -0.88
Accel: 0.01, 0.03, -0.96
Gyro: -2.54, -0.89, -0.85
Accel: 0.01, 0.03, -0.96
Gyro: -2.99, -1.07, -1.03
Accel: 0.02, 0.03, -0.97
Gyro: -3.04, -1.02, -1.07
Accel: 0.02, 0.04, -0.97
Gyro: -3.00, -0.59, -1.01
Accel: 0.01, 0.03, -0.97
Gyro: -2.49, -0.68, -0.95
