Accel: -0.08, -0.02, -0.98
Gyro: -2.84, -2.85, -3.64
Accel: -0.07, -0.02, -0.97
Gyro: -3.67, -3.18, -3.46
Accel: -0.07, -0.01, -0.98
Gyro: -4.32, -2.86, -3.55
Accel: -0.07, -0.00, -0.98
Gyro: -3.57, -2.19, -2.84
Accel: -0.07, 0.00, -1.00
Gyro: -3.20, -1.58, -3.10
Accel: -0.07, 0.00, -0.98
Gyro: -3.49, 0.10, -2.76
Accel: -0.07, 0.01, -0.97
Gyro: -2.56, 0.10, -2.78
Accel: -0.06, 0.00, -0.97
Gyro: -1.95, 0.03, -2.62
Accel: -0.06, -0.01, -0.97
Gyro: -0.40, -0.50, -2.24
Accel: -0.06, -0.01, -0.96
Gyro: -0.66, -0.51, -2.44
Accel: -0.06, -0.01, -0.97
Gyro: -0.41, -0.09, -2.30
Accel: -0.07, -0.00, -0.97
Gyro: 1.06, -0.90, -1.49
Accel: -0.06, -0.02, -0.97
Gyro: 1.53, -1.10, -1.43
Accel: -0.07, -0.02, -0.97
Gyro: 1.00, -1.43, -1.64
Accel: -0.07, -0.03, -0.96
Gyro: 0.13, -1.99, -1.65
Accel: -0.07, -0.03, -0.97
Gyro: -0.81, -1.82, -2.08
Accel: -0.07, -0.03, -0.99
Gyro: -1.23, -0.79, -2.40
Accel: -0.07, -0.02, -0.97
Gyro: -1.84, -0.06, -2.85
Accel: -0.07, -0.03, -0.98
Gyro: -2.05, -0.09, -2.86
Accel: -0.06, -0.03, -0.97
Gyro: -2.46, -0.23, -3.42
Accel: -0.07, -0.01, -0.98
Gyro: -2.69, -0.37, -3.68
Accel: -0.07, -0.02, -0.97
Gyro: -2.23, 0.13, -3.05
Accel: -0.06, -0.02, -0.96
Gyro: -2.59, -0.49, -2.79
Accel: -0.06, 0.00, -0.98
Gyro: -2.55, -1.24, -1.79
Accel: -0.06, -0.01, -0.98
Gyro: -1.59, -1.10, -0.80
Accel: -0.06, -0.02, -0.96
Gyro: -2.19, -1.04, -0.95
Accel: -0.06, -0.03, -0.95
Gyro: -2.14, -2.56, -1.46
Accel: -0.06, -0.01, -0.96
Gyro: -1.12, -4.78, -1.54
Accel: -0.07, -0.01, -0.98
Gyro: -1.32, -4.73, -1.43
Accel: -0.08, -0.01, -0.99
Gyro: -1.43, -3.20, -0.58
Accel: -0.08, -0.02, -0.98
Gyro: -1.24, -2.37, -0.72
Accel: -0.08, -0.03, -0.98
Gyro: -1.68, -2.20, -1.49
Accel: -0.07, -0.02, -0.97
Gyro: -1.80, -2.30, -1.96
Accel: -0.08, -0.02, -0.97
Gyro: -2.03, -2.77, -2.11
Accel: -0.09, -0.02, -0.98
Gyro: -2.25, -2.10, -2.24
Accel: -0.08, -0.01, -0.98
Gyro: -2.46, -1.85, -2.06
Accel: -0.09, -0.00, -0.98
Gyro: -2.12, -0.91, -1.64
Accel: -0.08, -0.01, -0.98
Gyro: -1.85, -0.56, -1.03
Accel: -0.08, -0.01, -0.97
Gyro: -1.98, -0.09, -0.90
Accel: -0.08, -0.02, -0.97
Gyro: -1.97, -0.28, -1.10
Accel: -0.07, -0.02, -0.96
Gyro: -2.19, -0.40, -1.23
Accel: -0.06, -0.02, -0.96
Gyro: -2.19, -1.04, -2.04
Accel: -0.07, -0.03, -0.97
Gyro: -2.44, -1.43, -2.40
Accel: -0.08, -0.01, -0.97
Gyro: -2.22, -1.30, -2.36
Accel: -0.08, -0.02, -0.97
Gyro: -2.60, -1.22, -2.61
Accel: -0.08, -0.00, -0.97
Gyro: -3.20, -1.62, -3.30
Accel: -0.08, 0.01, -0.98
Gyro: -2.20, -1.46, -2.66
Accel: -0.08, -0.00, -0.97
Gyro: -1.66, -1.56, -1.48
Accel: -0.09, -0.01, -0.97
Gyro: -1.83, -1.17, -1.51
Accel: -0.09, -0.01, -0.98
Gyro: -1.75, -1.28, -1.53
Accel: -0.09, -0.01, -0.98
Gyro: -2.37, -1.04, -1.50
Accel: -0.08, -0.01, -0.98
Gyro: -2.10, -0.72, -1.10
Accel: -0.08, -0.01, -0.98
Gyro: -1.77, -0.17, -0.61
Accel: -0.08, -0.02, -0.97
Gyro: -1.88, 0.02, -1.11
Accel: -0.07, -0.01, -0.97
Gyro: -2.09, 0.18, -0.98
Accel: -0.07, -0.01, -0.97
Gyro: -1.50, -0.15, -1.08
Accel: -0.07, -0.02, -0.97
Gyro: -1.16, -0.65, -1.35
Accel: -0.07, -0.02, -0.97
Gyro: -1.60, -1.36, -1.59
Accel: -0.08, -0.02, -0.97
Gyro: -1.92, -1.25, -1.98
Accel: -0.08, -0.00, -0.98
Gyro: -1.27, -0.25, -1.52
Accel: -0.07, -0.02, -0.96
Gyro: -1.02, -0.37, -1.50
Accel: -0.08, -0.02, -0.97
Gyro: -1.43, -0.56, -1.65
Accel: -0.08, -0.01, -0.98
Gyro: -2.26, -0.43, -1.91
Accel: -0.08, -0.01, -0.97
Gyro: -2.37, -0.33, -1.89
Accel: -0.08, -0.01, -0.99
Gyro: -2.40, -0.14, -1.91
Accel: -0.07, -0.01, -0.99
Gyro: -2.22, 0.66, -2.00
Accel: -0.08, -0.01, -0.97
Gyro: -2.12, 0.73, -1.86
Accel: -0.08, -0.01, -0.97
Gyro: -2.17, 0.86, -1.47
Accel: -0.07, -0.02, -0.98
Gyro: -2.06, 1.33, -1.52
Accel: -0.08, -0.02, -0.99
Gyro: -2.25, 1.91, -1.93
Accel: -0.08, -0.02, -0.98
Gyro: -2.25, 1.89, -2.14
Accel: -0.08, -0.02, -0.98
Gyro: -2.76, 2.71, -2.40
Accel: -0.07, -0.01, -0.97
Gyro: -2.61, 3.29, -2.66
Accel: -0.07, -0.01, -0.98
Gyro: -2.23, 2.83, -2.40
Accel: -0.07, -0.01, -0.97
Gyro: -2.08, 2.48, -2.48
Accel: -0.06, -0.01, -0.97
Gyro: -1.97, 1.73, -2.35
Accel: -0.06, -0.01, -0.97
Gyro: -2.14, 1.75, -2.23
Accel: -0.06, -0.01, -0.97
Gyro: -2.20, 1.18, -2.13
Accel: -0.07, -0.01, -0.97
Gyro: -2.31, 1.17, -1.76
Accel: -0.06, -0.02, -0.97
Gyro: -2.50, 0.79, -2.30
Accel: -0.06, -0.02, -0.97
Gyro: -2.30, 0.50, -2.51
Accel: -0.06, -0.01, -0.96
Gyro: -2.68, 0.09, -3.07
Accel: -0.06, -0.01, -0.97
Gyro: -3.23, -0.58, -3.71
Accel: -0.06, 0.01, -0.98
Gyro: -2.44, -0.65, -3.13
Accel: -0.07, 0.01, -0.97
Gyro: -1.31, -0.63, -2.12
Accel: -0.06, -0.02, -0.98
Gyro: -1.15, -1.06, -1.96
Accel: -0.06, -0.01, -0.97
Gyro: -1.67, -1.43, -2.44
Accel: -0.06, -0.00, -0.98
Gyro: -1.69, -1.28, -2.20
Accel: -0.07, -0.01, -0.98
Gyro: -1.97, -0.67, -1.90
Accel: -0.07, -0.01, -0.98
Gyro: -1.69, 0.15, -2.12
Accel: -0.07, -0.01, -0.98
Gyro: -1.69, 0.71, -2.04
Accel: -0.06, -0.02, -0.97
Gyro: -1.56, 0.62, -2.75
Accel: -0.07, -0.04, -0.98
Gyro: -1.98, 0.85, -4.14
Accel: -0.07, -0.06, -0.97
Gyro: -1.23, 0.55, -7.21
Accel: -0.07, -0.12, -0.99
Gyro: -1.08, 1.22, -14.02
Accel: -0.07, -0.18, -0.98
Gyro: 0.34, 1.85, -27.25
Accel: -0.08, -0.22, -0.99
Gyro: 2.68, 3.04, -46.03
Accel: -0.10, -0.33, -0.99
Gyro: 8.82, 3.27, -69.44
Accel: -0.12, -0.45, -1.01
Gyro: 11.87, 4.46, -104.92
Accel: -0.15, -0.44, -1.03
Gyro: 14.07, 6.96, -143.49
Accel: -0.19, -0.39, -1.10
Gyro: 17.36, 15.21, -178.74
Accel: -0.20, -0.35, -1.03
Gyro: 22.66, 20.03, -207.82
Accel: -0.21, -0.29, -1.00
Gyro: 24.64, 23.87, -229.70
Accel: -0.20, -0.23, -0.97
Gyro: 26.04, 22.80, -243.48
Accel: -0.18, -0.16, -0.98
Gyro: 24.06, 21.61, -250.00
Accel: -0.18, -0.05, -0.99
Gyro: 25.35, 24.36, -249.96
Accel: -0.15, 0.04, -0.97
Gyro: 30.40, 23.08, -241.46
Accel: -0.12, 0.05, -0.89
Gyro: 31.80, 20.93, -228.23
Accel: -0.07, 0.11, -0.92
Gyro: 22.48, 16.34, -210.79
Accel: -0.01, 0.26, -0.99
Gyro: 16.63, 10.31, -180.50
Accel: 0.03, 0.28, -0.96
Gyro: 15.39, 9.12, -143.40
Accel: 0.06, 0.29, -0.97
Gyro: 3.01, 7.71, -107.62
Accel: 0.10, 0.24, -0.90
Gyro: 0.05, 2.47, -74.85
Accel: 0.09, 0.17, -0.85
Gyro: 3.70, -6.42, -47.90
Accel: 0.09, 0.07, -0.92
Gyro: 1.06, -10.47, -31.58
Accel: 0.09, 0.07, -1.00
Gyro: 1.68, -8.90, -18.65
Accel: 0.09, 0.04, -0.96
Gyro: 0.99, -10.61, -7.27
Accel: 0.08, -0.00, -0.96
Gyro: 1.44, -11.85, -0.33
Accel: 0.06, -0.02, -0.99
Gyro: 1.89, -9.85, 4.39
Accel: 0.06, -0.02, -1.01
Gyro: 0.01, -8.27, 9.44
Accel: 0.07, 0.05, -1.00
Gyro: 2.24, -7.47, 19.10
Accel: 0.06, 0.11, -1.03
Gyro: 0.48, -6.05, 34.42
Accel: 0.06, 0.23, -1.02
Gyro: -1.02, -3.29, 57.72
Accel: 0.04, 0.36, -0.97
Gyro: -0.82, -4.88, 93.15
Accel: -0.02, 0.25, -0.87
Gyro: 4.97, -9.53, 137.23
Accel: -0.05, -0.01, -0.95
Gyro: -3.35, -14.97, 162.84
Accel: -0.10, 0.07, -1.05
Gyro: -24.84, -13.39, 182.66
Accel: -0.16, 0.08, -1.04
Gyro: -26.39, -11.25, 208.82
Accel: -0.21, -0.05, -1.01
Gyro: -35.07, -9.75, 227.39
Accel: -0.25, -0.30, -1.01
Gyro: -42.29, -9.31, 226.33
Accel: -0.19, -0.54, -1.12
Gyro: -40.61, -4.22, 187.85
Accel: -0.15, -0.21, -1.18
Gyro: -39.34, 10.90, 153.01
Accel: -0.07, -0.02, -0.99
Gyro: -33.06, 13.44, 145.58
Accel: -0.04, -0.06, -0.83
Gyro: -21.74, 6.63, 145.48
Accel: -0.03, -0.29, -0.84
Gyro: -22.50, -1.34, 130.21
Accel: -0.03, -0.18, -0.95
Gyro: -25.19, -4.57, 107.33
Accel: -0.01, -0.07, -0.97
Gyro: -17.87, -1.95, 98.84
Accel: 0.01, -0.06, -0.90
Gyro: -10.98, -2.43, 94.89
Accel: -0.00, -0.15, -0.88
Gyro: -9.22, -7.35, 88.08
Accel: -0.01, -0.18, -0.94
Gyro: -10.49, -11.23, 76.13
Accel: -0.03, -0.15, -1.02
Gyro: -12.26, -10.11, 62.55
Accel: -0.03, -0.11, -1.00
Gyro: -8.41, -7.71, 53.40
Accel: -0.03, -0.07, -0.98
Gyro: -4.42, -8.35, 47.98
Accel: -0.04, -0.09, -0.97
Gyro: -1.44, -9.94, 43.50
Accel: -0.04, -0.13, -0.97
Gyro: 1.43, -11.98, 36.36
Accel: -0.06, -0.12, -1.04
Gyro: -1.86, -9.51, 26.10
Accel: -0.07, -0.07, -1.04
Gyro: -2.69, -4.67, 19.52
Accel: -0.05, -0.05, -0.99
Gyro: -0.25, -2.62, 16.44
Accel: -0.05, -0.10, -0.97
Gyro: -0.08, -2.94, 11.42
Accel: -0.05, -0.10, -0.98
Gyro: -4.33, -2.88, 4.74
Accel: -0.05, -0.06, -0.98
Gyro: -5.24, -2.29, 0.34
