Accel: 0.08, 0.08, -1.03
Gyro: -7.65, 1.08, 38.58
Accel: 0.12, 0.19, -1.01
Gyro: -7.05, 1.25, 54.66
Accel: 0.11, 0.30, -0.97
Gyro: -9.32, -2.43, 83.54
Accel: 0.09, 0.24, -0.88
Gyro: -10.40, -10.32, 116.98
Accel: 0.04, 0.11, -0.88
Gyro: -15.24, -18.14, 142.03
Accel: -0.01, 0.11, -0.96
Gyro: -19.32, -18.88, 161.93
Accel: -0.06, 0.07, -0.95
Gyro: -29.22, -19.51, 180.55
Accel: -0.09, 0.01, -0.97
Gyro: -32.67, -20.97, 190.06
Accel: -0.10, -0.02, -1.04
Gyro: -33.58, -18.62, 193.87
Accel: -0.10, 0.01, -1.05
Gyro: -32.45, -15.10, 197.20
Accel: -0.12, -0.07, -0.97
Gyro: -29.73, -14.14, 197.80
Accel: -0.14, -0.21, -0.98
Gyro: -22.40, -15.03, 184.49
Accel: -0.12, -0.15, -1.07
Gyro: -23.57, -8.67, 166.45
Accel: -0.09, -0.05, -1.00
Gyro: -23.03, -4.81, 161.54
Accel: -0.07, -0.09, -0.94
Gyro: -15.75, -6.58, 159.12
Accel: -0.08, -0.13, -0.99
Gyro: -12.02, -8.93, 151.25
Accel: -0.09, -0.15, -1.03
Gyro: -12.36, -6.07, 139.05
Accel: -0.08, -0.08, -1.01
Gyro: -11.41, -3.90, 129.84
Accel: -0.06, -0.04, -1.00
Gyro: -7.31, -2.38, 124.54
Accel: -0.05, -0.02, -1.00
Gyro: -5.86, -1.55, 120.13
Accel: -0.05, -0.04, -1.00
Gyro: -1.98, -0.29, 114.81
Accel: -0.04, -0.13, -0.95
Gyro: 4.10, -0.89, 104.63
Accel: -0.03, -0.21, -0.97
Gyro: 5.69, -2.15, 87.95
Accel: -0.02, -0.19, -0.97
Gyro: 2.32, -2.86, 70.50
Accel: -0.03, -0.20, -0.95
Gyro: 1.68, -4.00, 55.61
Accel: -0.04, -0.24, -0.96
Gyro: 1.79, -5.12, 40.32
Accel: -0.04, -0.26, -0.97
Gyro: 0.63, -6.41, 22.45
Accel: -0.03, -0.20, -0.98
Gyro: -0.18, -5.44, 8.20
Accel: -0.03, -0.15, -1.00
Gyro: -0.34, -5.12, -0.83
Accel: -0.03, -0.11, -0.98
Gyro: -0.11, -3.80, -5.62
Accel: -0.03, -0.12, -0.99
Gyro: -2.56, -3.98, -8.64
Accel: -0.04, -0.13, -1.00
Gyro: -6.84, -2.95, -15.30
Accel: -0.03, -0.03, -0.98
Gyro: -8.05, -2.69, -17.42
Accel: -0.02, 0.01, -0.98
Gyro: -5.67, -2.78, -14.11
Accel: -0.03, 0.00, -0.98
Gyro: -4.33, -2.40, -10.31
Accel: -0.03, -0.02, -0.97
Gyro: -4.46, -2.57, -8.68
Accel: -0.03, 0.00, -0.99
Gyro: -7.42, -1.52, -8.26
Accel: -0.02, 0.04, -0.98
Gyro: -5.90, -0.94, -5.75
Accel: -0.02, 0.02, -0.96
Gyro: -3.63, -1.56, -2.94
Accel: -0.03, -0.02, -0.98
Gyro: -3.23, -2.75, -2.99
Accel: -0.04, -0.03, -1.00
Gyro: -4.59, -1.75, -5.48
Accel: -0.04, -0.00, -1.00
Gyro: -3.33, -0.25, -7.39
Accel: -0.03, -0.00, -0.98
Gyro: 0.11, -0.38, -8.45
Accel: -0.03, -0.00, -0.99
Gyro: 0.21, -0.13, -9.35
Accel: -0.03, 0.01, -0.99
Gyro: 1.21, 0.71, -9.20
Accel: -0.03, -0.00, -0.97
Gyro: 2.41, 0.66, -8.42
Accel: -0.03, -0.02, -0.98
Gyro: 2.13, 0.22, -8.27
Accel: -0.03, -0.01, -0.99
Gyro: 1.08, 1.69, -7.70
Accel: -0.03, -0.01, -0.98
Gyro: 0.92, 1.42, -6.49
Accel: -0.03, -0.03, -0.98
Gyro: -0.60, 2.00, -5.55
Accel: -0.02, -0.01, -0.97
Gyro: -1.59, 1.50, -4.59
Accel: -0.02, -0.01, -0.97
Gyro: -1.63, 1.16, -3.73
Accel: -0.02, -0.03, -0.98
Gyro: -2.27, 0.89, -3.63
Accel: -0.02, -0.02, -0.98
Gyro: -2.96, 1.22, -3.93
Accel: -0.02, -0.02, -0.98
Gyro: -2.64, 2.33, -3.57
Accel: -0.03, -0.01, -0.97
Gyro: -1.63, 1.58, -3.29
Accel: -0.02, -0.02, -0.98
Gyro: -2.31, 0.89, -4.04
Accel: -0.02, -0.01, -0.98
Gyro: -1.66, 0.29, -4.20
Accel: -0.01, -0.02, -0.97
Gyro: -0.59, -0.04, -4.37
Accel: -0.03, -0.06, -1.00
Gyro: -1.92, 0.85, -7.25
Accel: -0.04, -0.06, -1.03
Gyro: -2.56, 3.96, -11.28
Accel: -0.03, -0.05, -1.00
Gyro: -1.99, 7.32, -15.88
Accel: -0.03, -0.05, -0.96
Gyro: -0.56, 7.01, -19.29
Accel: -0.01, -0.00, -0.97
Gyro: -0.44, 6.45, -20.76
Accel: -0.01, 0.02, -0.98
Gyro: 0.73, 4.88, -18.12
Accel: -0.00, 0.01, -0.98
Gyro: -0.05, 5.11, -14.79
Accel: -0.00, 0.01, -0.98
Gyro: -1.29, 5.65, -11.95
Accel: -0.00, 0.01, -0.97
Gyro: -1.31, 5.55, -8.96
Accel: 0.00, 0.00, -0.96
Gyro: -2.53, 4.84, -6.51
Accel: 0.01, -0.00, -0.98
Gyro: -3.95, 4.41, -4.74
Accel: 0.01, -0.00, -0.96
Gyro: -3.93, 3.91, -3.45
Accel: 0.01, -0.01, -0.97
Gyro: -3.59, 3.25, -2.87
Accel: 0.02, 0.01, -0.96
Gyro: -2.68, 2.32, -1.79
Accel: 0.02, 0.01, -0.96
Gyro: -2.44, 0.78, -1.12
Accel: 0.02, 0.01, -0.96
Gyro: -3.14, -0.33, 0.05
Accel: 0.02, 0.01, -0.97
Gyro: -2.73, -0.37, 1.57
Accel: 0.02, 0.01, -0.96
Gyro: -1.59, -1.47, 2.78
Accel: 0.02, -0.01, -0.97
Gyro: -1.02, -2.47, 2.66
Accel: 0.01, -0.02, -0.97
Gyro: -0.31, -2.38, 1.59
Accel: 0.00, -0.02, -0.98
Gyro: -0.27, -2.71, -0.32
Accel: -0.00, -0.00, -0.99
Gyro: 0.35, -1.82, -0.96
Accel: -0.01, -0.01, -1.00
Gyro: 1.85, -1.11, 0.11
Accel: 0.00, -0.03, -0.98
Gyro: 0.62, -0.69, -0.02
Accel: 0.01, -0.03, -0.99
Gyro: 0.00, -0.50, -0.46
Accel: -0.01, -0.03, -0.98
Gyro: 0.08, -0.53, -0.89
Accel: -0.01, -0.02, -0.99
Gyro: -0.10, -0.05, -1.44
Accel: -0.00, -0.02, -0.99
Gyro: 0.60, 0.60, -1.82
Accel: 0.00, -0.02, -0.97
Gyro: 0.98, 0.78, -1.63
Accel: 0.01, -0.02, -0.96
Gyro: 0.37, 0.55, -1.05
Accel: 0.02, -0.03, -0.97
Gyro: -0.58, -0.20, -0.37
Accel: 0.02, -0.01, -1.00
Gyro: -1.44, 0.21, 0.76
Accel: 0.01, -0.02, -0.98
Gyro: -2.00, 2.98, 2.31
Accel: 0.02, -0.03, -0.96
Gyro: -2.86, 2.12, 1.87
Accel: 0.02, -0.01, -0.95
Gyro: -2.53, 0.08, 1.93
Accel: 0.03, -0.02, -0.96
Gyro: -0.82, -2.73, 2.70
Accel: 0.00, -0.04, -0.98
Gyro: -1.69, -3.37, 1.53
Accel: -0.00, -0.04, -0.99
Gyro: -2.50, -1.75, -0.36
Accel: 0.00, -0.03, -0.97
Gyro: -2.10, -1.43, -1.50
Accel: -0.00, -0.02, -0.98
Gyro: -1.56, -1.27, -2.03
Accel: -0.00, -0.02, -0.99
Gyro: -0.66, -0.91, -2.17
Accel: 0.01, -0.01, -0.98
Gyro: -0.86, -0.51, -2.01
Accel: 0.00, -0.02, -0.99
Gyro: -0.61, -0.21, -1.80
Accel: 0.01, -0.02, -0.98
Gyro: -0.63, -0.17, -1.16
Accel: 0.00, -0.03, -0.99
Gyro: -0.56, -0.23, -0.84
Accel: 0.00, -0.03, -0.99
Gyro: -0.71, 0.78, -0.63
Accel: 0.00, -0.04, -0.98
Gyro: -1.29, 1.01, -1.42
Accel: 0.00, -0.02, -0.98
Gyro: -1.56, 1.47, -1.84
Accel: -0.00, -0.03, -0.98
Gyro: -1.37, 1.97, -1.93
Accel: 0.01, -0.03, -0.98
Gyro: -1.88, 1.94, -2.09
Accel: 0.01, -0.02, -0.99
Gyro: -2.23, 2.59, -2.57
Accel: 0.01, -0.02, -0.97
Gyro: -2.11, 2.40, -2.53
Accel: 0.01, -0.02, -0.98
Gyro: -2.33, 2.95, -2.24
Accel: 0.00, -0.03, -1.00
Gyro: -2.29, 3.87, -2.12
Accel: 0.02, -0.03, -0.98
Gyro: -2.64, 4.72, -2.81
Accel: 0.03, -0.02, -0.97
Gyro: -3.17, 4.10, -3.44
Accel: 0.03, 0.00, -0.96
Gyro: -2.07, 3.80, -2.50
Accel: 0.02, -0.01, -0.97
Gyro: -0.79, 2.11, -1.37
Accel: 0.02, -0.03, -0.98
Gyro: -1.11, 1.40, -2.14
Accel: 0.02, -0.02, -0.97
Gyro: -1.57, 1.05, -2.33
Accel: 0.03, -0.02, -0.98
Gyro: -1.72, 1.04, -2.58
Accel: 0.02, -0.03, -0.98
Gyro: -1.49, 1.01, -2.75
Accel: 0.02, -0.03, -0.98
Gyro: -1.27, 1.46, -3.22
Accel: 0.03, -0.03, -0.97
Gyro: -1.18, 1.42, -3.94
Accel: 0.03, -0.02, -0.96
Gyro: -1.01, 0.66, -4.12
Accel: 0.04, -0.02, -0.95
Gyro: -1.07, -1.13, -4.52
Accel: 0.04, -0.03, -0.96
Gyro: -1.05, -2.39, -4.47
Accel: 0.03, -0.03, -0.98
Gyro: -2.03, -1.98, -4.94
Accel: 0.02, -0.00, -0.98
Gyro: -2.49, -0.92, -4.68
Accel: 0.02, -0.01, -0.98
Gyro: -1.01, -1.18, -3.17
Accel: 0.02, -0.05, -0.98
Gyro: -2.19, -0.84, -4.00
Accel: 0.02, -0.06, -1.00
Gyro: -2.47, -1.01, -5.97
Accel: 0.01, -0.11, -1.00
Gyro: -1.95, -0.27, -12.05
Accel: 0.02, -0.17, -0.99
Gyro: 0.81, 1.36, -25.20
Accel: 0.01, -0.13, -0.99
Gyro: 4.71, 2.14, -39.88
Accel: 0.02, -0.12, -1.00
Gyro: 9.42, 4.16, -48.63
Accel: 0.01, -0.24, -0.98
Gyro: 10.31, 4.30, -61.44
Accel: -0.02, -0.39, -1.01
Gyro: 10.43, 6.78, -89.09
Accel: -0.03, -0.34, -1.06
Gyro: 11.94, 12.31, -122.02
Accel: -0.07, -0.44, -1.01
Gyro: 23.28, 16.47, -155.26
Accel: -0.07, -0.39, -1.10
Gyro: 26.79, 22.68, -195.27
Accel: -0.06, -0.23, -0.96
Gyro: 34.88, 27.41, -218.85
Accel: -0.06, -0.21, -0.93
Gyro: 48.72, 21.62, -232.79
Accel: -0.04, -0.13, -0.91
Gyro: 44.98, 16.07, -242.11
Accel: -0.00, -0.02, -0.91
Gyro: 47.52, 7.74, -239.07
Accel: 0.01, 0.05, -0.88
Gyro: 41.39, 2.92, -227.15
Accel: 0.03, 0.13, -0.96
Gyro: 35.77, -0.67, -207.04
Accel: 0.06, 0.13, -0.91
Gyro: 30.80, -3.69, -182.75
Accel: 0.09, 0.15, -0.92
Gyro: 23.68, -7.09, -158.01
Accel: 0.08, 0.19, -0.88
Gyro: 16.53, -9.80, -128.56
Accel: 0.08, 0.11, -1.01
Gyro: 10.25, -16.05, -102.15
Accel: 0.05, 0.13, -1.02
Gyro: 5.29, -11.17, -79.83
