Accel: -0.07, -0.02, -0.98
Gyro: -2.04, -0.95, -0.91
Accel: -0.07, -0.03, -0.97
Gyro: -1.96, -0.60, -1.08
Accel: -0.07, -0.02, -0.98
Gyro: -1.75, -0.93, -1.12
Accel: -0.08, -0.03, -0.98
Gyro: -1.47, -1.00, -1.06
Accel: -0.07, -0.03, -0.99
Gyro: -1.82, -0.50, -1.04
Accel: -0.07, -0.03, -0.98
Gyro: -1.44, -0.34, -1.23
Accel: -0.07, -0.04, -0.97
Gyro: -2.40, -0.30, -1.56
Accel: -0.06, -0.02, -0.96
Gyro: -2.91, -1.33, -2.05
Accel: -0.06, -0.02, -0.97
Gyro: -1.90, -1.40, -1.68
Accel: -0.07, -0.04, -0.97
Gyro: -1.62, -1.73, -1.56
Accel: -0.07, -0.05, -0.97
Gyro: -2.20, -1.66, -2.69
Accel: -0.07, -0.04, -0.97
Gyro: -2.26, -1.92, -3.29
Accel: -0.08, -0.05, -0.97
Gyro: -3.24, -1.73, -3.72
Accel: -0.08, -0.06, -0.97
Gyro: -3.59, -1.65, -4.98
Accel: -0.08, -0.12, -0.98
Gyro: -4.03, -0.86, -10.83
Accel: -0.07, -0.15, -0.97
Gyro: -3.91, -0.13, -22.26
Accel: -0.07, -0.15, -0.97
Gyro: -1.34, -1.23, -32.86
Accel: -0.07, -0.25, -0.96
Gyro: -0.16, -2.40, -49.19
Accel: -0.10, -0.29, -0.99
Gyro: -0.74, -1.43, -71.09
Accel: -0.12, -0.35, -0.99
Gyro: -2.15, 1.06, -96.21
Accel: -0.14, -0.43, -1.00
Gyro: -8.64, 3.47, -124.06
Accel: -0.16, -0.44, -1.07
Gyro: -16.46, 10.30, -157.94
Accel: -0.15, -0.21, -1.01
Gyro: -13.15, 17.33, -182.66
Accel: -0.12, -0.10, -0.91
Gyro: 0.14, 16.82, -192.27
Accel: -0.16, -0.16, -0.92
Gyro: 10.35, 11.96, -202.24
Accel: -0.24, -0.21, -1.03
Gyro: 15.16, 15.77, -219.41
Accel: -0.22, -0.05, -1.06
Gyro: 18.11, 22.98, -231.06
Accel: -0.17, 0.05, -0.98
Gyro: 35.84, 20.17, -228.59
Accel: -0.16, 0.04, -0.98
Gyro: 47.13, 17.49, -223.95
Accel: -0.15, 0.03, -1.01
Gyro: 51.09, 20.47, -216.77
Accel: -0.10, 0.04, -1.01
Gyro: 46.14, 23.03, -205.64
Accel: -0.04, 0.12, -0.93
Gyro: 41.68, 19.65, -184.00
Accel: -0.00, 0.11, -0.92
Gyro: 33.34, 12.68, -156.49
Accel: 0.04, 0.13, -0.91
Gyro: 27.69, 5.86, -126.65
Accel: 0.04, 0.17, -0.92
Gyro: 12.12, 0.48, -92.57
Accel: 0.06, 0.15, -0.93
Gyro: 3.17, -2.15, -63.37
Accel: 0.08, 0.14, -0.88
Gyro: 4.55, -9.22, -36.88
Accel: 0.06, 0.00, -0.94
Gyro: -0.34, -14.57, -16.91
Accel: 0.02, -0.04, -1.10
Gyro: -0.90, -11.62, -5.46
Accel: 0.02, -0.02, -1.02
Gyro: 0.37, -4.76, 3.27
Accel: 0.04, -0.11, -0.90
Gyro: 1.75, -6.77, 7.05
Accel: 0.05, -0.10, -0.95
Gyro: -4.30, -9.39, 10.08
Accel: 0.02, -0.05, -1.04
Gyro: -4.55, -5.46, 16.79
Accel: 0.02, -0.03, -1.01
Gyro: -4.10, -2.41, 25.92
Accel: 0.04, 0.03, -0.96
Gyro: -6.89, -4.70, 37.93
Accel: 0.03, 0.06, -0.95
Gyro: -10.89, -6.61, 58.36
Accel: 0.00, 0.09, -0.99
Gyro: -16.37, -9.00, 81.59
Accel: -0.02, 0.18, -1.00
Gyro: -15.60, -7.61, 109.71
Accel: -0.05, 0.23, -0.97
Gyro: -16.65, -8.33, 142.72
Accel: -0.12, 0.12, -0.90
Gyro: -16.32, -11.07, 174.88
Accel: -0.15, -0.01, -1.01
Gyro: -25.96, -12.46, 191.49
Accel: -0.20, 0.05, -1.07
Gyro: -38.40, -7.39, 205.54
Accel: -0.21, 0.03, -1.01
Gyro: -37.31, -4.99, 218.12
Accel: -0.21, -0.12, -0.95
Gyro: -27.70, -6.65, 218.45
Accel: -0.18, -0.21, -0.99
Gyro: -30.77, -6.06, 208.33
Accel: -0.18, -0.08, -0.98
Gyro: -40.59, -6.83, 197.94
Accel: -0.17, -0.03, -0.97
Gyro: -28.34, -8.80, 197.65
Accel: -0.18, -0.19, -0.97
Gyro: -26.35, -8.47, 186.73
Accel: -0.17, -0.21, -1.02
Gyro: -31.40, -5.58, 166.92
Accel: -0.13, -0.12, -0.95
Gyro: -23.74, -4.67, 152.56
Accel: -0.13, -0.17, -0.97
Gyro: -9.41, -7.26, 139.85
Accel: -0.12, -0.21, -0.99
Gyro: -6.11, -5.03, 121.53
Accel: -0.12, -0.22, -0.99
Gyro: 1.59, -2.43, 101.08
Accel: -0.11, -0.27, -0.97
Gyro: 5.97, -1.24, 79.69
Accel: -0.09, -0.27, -0.99
Gyro: 2.53, -1.27, 56.44
Accel: -0.07, -0.18, -1.00
Gyro: 0.60, -0.84, 39.40
Accel: -0.06, -0.15, -0.97
Gyro: 1.52, -0.72, 28.71
Accel: -0.06, -0.13, -0.97
Gyro: 2.13, -1.53, 20.26
Accel: -0.06, -0.14, -0.96
Gyro: 3.01, -2.58, 11.86
Accel: -0.07, -0.12, -0.98
Gyro: 1.98, -2.75, 3.78
Accel: -0.07, -0.06, -0.98
Gyro: 3.15, -2.65, -1.27
Accel: -0.07, -0.04, -0.98
Gyro: 3.07, -1.81, -3.17
Accel: -0.07, -0.02, -0.98
Gyro: 2.31, -2.08, -3.36
Accel: -0.06, -0.01, -0.96
Gyro: 0.36, -2.45, -2.30
Accel: -0.07, -0.03, -0.96
Gyro: 0.14, -3.08, -1.16
Accel: -0.08, -0.04, -0.98
Gyro: -1.44, -3.47, -2.34
Accel: -0.08, -0.03, -0.96
Gyro: -1.30, -4.28, -3.52
Accel: -0.07, -0.01, -0.97
Gyro: -1.58, -4.85, -3.94
Accel: -0.09, 0.00, -0.98
Gyro: -0.85, -4.98, -2.63
Accel: -0.09, -0.01, -0.98
Gyro: -0.92, -3.41, -1.18
Accel: -0.08, -0.02, -0.97
Gyro: -2.35, -2.86, -0.81
Accel: -0.08, -0.00, -0.98
Gyro: -2.34, -3.27, -1.21
Accel: -0.09, 0.00, -0.98
Gyro: 0.63, -3.12, -0.25
Accel: -0.10, -0.03, -0.99
Gyro: 3.78, -2.56, 0.11
Accel: -0.10, -0.04, -0.99
Gyro: 0.77, -1.34, -1.21
Accel: -0.10, -0.04, -0.99
Gyro: -0.45, -0.51, -2.48
Accel: -0.10, -0.02, -0.97
Gyro: -1.78, 0.50, -3.17
Accel: -0.09, -0.01, -0.97
Gyro: -1.62, 0.63, -3.23
Accel: -0.09, -0.01, -0.96
Gyro: -2.02, 0.98, -3.36
Accel: -0.08, -0.01, -0.97
Gyro: -1.85, 0.76, -3.15
Accel: -0.08, -0.01, -0.97
Gyro: -2.02, -0.15, -2.72
Accel: -0.08, -0.02, -0.98
Gyro: -2.67, -0.47, -2.90
Accel: -0.08, -0.02, -0.97
Gyro: -2.78, -0.66, -3.81
Accel: -0.08, -0.01, -0.98
Gyro: -2.90, -0.66, -4.76
Accel: -0.08, 0.00, -0.97
Gyro: -1.92, -0.84, -4.86
Accel: -0.08, -0.02, -0.97
Gyro: -0.68, -0.74, -4.01
Accel: -0.08, -0.02, -0.97
Gyro: -1.41, -0.77, -4.37
Accel: -0.08, -0.01, -0.98
Gyro: -1.42, -0.73, -4.43
Accel: -0.08, -0.00, -0.98
Gyro: -1.16, -1.08, -3.93
Accel: -0.08, -0.01, -0.98
Gyro: -0.37, -1.11, -2.94
Accel: -0.08, -0.02, -0.97
Gyro: 0.44, -1.49, -3.20
Accel: -0.08, -0.02, -0.97
Gyro: -0.69, -1.26, -3.23
Accel: -0.07, -0.02, -0.97
Gyro: -0.38, -1.56, -3.91
Accel: -0.08, -0.02, -0.97
Gyro: -0.82, -1.60, -3.78
Accel: -0.08, -0.02, -0.98
Gyro: -0.50, -1.67, -3.15
Accel: -0.08, -0.02, -0.97
Gyro: -1.63, -1.56, -2.78
Accel: -0.08, -0.03, -0.97
Gyro: -1.96, -1.85, -2.53
Accel: -0.08, -0.03, -0.98
Gyro: -2.98, -1.49, -2.33
Accel: -0.08, -0.02, -0.97
Gyro: -3.25, -1.32, -2.08
Accel: -0.09, -0.02, -0.97
Gyro: -3.20, -1.42, -2.28
Accel: -0.09, -0.02, -0.98
Gyro: -3.78, -0.79, -2.66
Accel: -0.08, -0.02, -0.97
Gyro: -4.09, -0.63, -2.72
Accel: -0.08, -0.02, -0.97
Gyro: -3.15, -1.05, -2.67
Accel: -0.09, -0.01, -0.97
Gyro: -3.34, -0.88, -2.33
Accel: -0.08, -0.01, -0.98
Gyro: -3.27, -0.85, -2.08
Accel: -0.09, -0.01, -0.98
Gyro: -3.14, -0.85, -1.97
Accel: -0.09, -0.01, -0.98
Gyro: -3.25, -0.40, -2.17
Accel: -0.09, -0.01, -0.98
Gyro: -3.36, -0.40, -2.66
Accel: -0.09, 0.00, -0.97
Gyro: -2.13, -0.04, -1.79
Accel: -0.08, -0.01, -0.97
Gyro: -0.99, -0.92, -1.07
Accel: -0.08, -0.01, -0.97
Gyro: -1.28, -1.27, -0.98
Accel: -0.09, -0.01, -0.97
Gyro: -1.51, -1.43, -0.47
Accel: -0.09, -0.02, -0.96
Gyro: -1.91, -1.76, -0.21
Accel: -0.09, -0.02, -0.98
Gyro: -2.25, -1.81, -0.72
Accel: -0.09, -0.01, -0.98
Gyro: -2.39, -1.59, -1.05
Accel: -0.09, -0.03, -0.97
Gyro: -2.61, -1.74, -1.85
Accel: -0.09, -0.02, -0.98
Gyro: -2.75, -1.34, -2.55
Accel: -0.08, -0.01, -0.97
Gyro: -2.76, -1.04, -2.63
Accel: -0.10, -0.01, -0.96
Gyro: -1.88, -1.17, -2.56
Accel: -0.09, -0.01, -0.98
Gyro: -2.51, -1.00, -2.71
Accel: -0.09, -0.00, -0.97
Gyro: -2.55, -0.92, -2.66
Accel: -0.10, 0.00, -0.98
Gyro: -1.56, -0.50, -1.72
Accel: -0.10, -0.02, -0.98
Gyro: -1.58, -0.37, -1.43
Accel: -0.10, -0.02, -0.98
Gyro: -2.42, 0.21, -1.88
Accel: -0.10, -0.00, -0.97
Gyro: -2.37, 0.76, -1.57
Accel: -0.09, 0.00, -0.97
Gyro: -1.94, 0.03, -1.14
Accel: -0.09, -0.01, -0.98
Gyro: -1.76, 0.43, -1.14
Accel: -0.09, -0.01, -0.97
Gyro: -1.50, 0.52, -1.24
Accel: -0.08, -0.01, -0.97
Gyro: -1.26, 0.89, -1.10
Accel: -0.08, -0.00, -0.98
Gyro: -1.36, 1.07, -0.95
Accel: -0.08, -0.01, -0.97
Gyro: -1.01, 0.66, -0.47
Accel: -0.09, -0.01, -0.97
Gyro: -1.16, 0.18, -0.34
Accel: -0.09, -0.02, -0.98
Gyro: -1.92, 0.31, -0.56
Accel: -0.09, -0.02, -0.97
Gyro: -1.92, 0.76, -1.02
Accel: -0.09, -0.02, -0.97
Gyro: -1.88, 0.74, -1.23
Accel: -0.09, -0.02, -0.98
Gyro: -1.63, 0.71, -1.47
Accel: -0.08, -0.01, -0.97
Gyro: -1.36, 0.79, -1.58
Accel: -0.09, -0.01, -0.98
Gyro: -1.01, 0.92, -1.40
Accel: -0.09, -0.02, -0.97
Gyro: -0.67, 0.82, -1.20
Accel: -0.08, -0.02, -0.98
Gyro: -1.21, 1.44, -1.11
Accel: -0.09, -0.01, -0.98
Gyro: -1.38, 1.88, -1.25
