Accel: -0.46, -0.06, -0.91
Gyro: 2.77, 8.59, -2.33
Accel: -0.44, -0.06, -0.93
Gyro: 1.86, 10.37, -3.33
Accel: -0.42, -0.05, -0.92
Gyro: 2.33, 11.41, -4.45
Accel: -0.42, -0.05, -0.93
Gyro: 3.11, 11.85, -4.59
Accel: -0.40, -0.04, -0.95
Gyro: 4.01, 13.95, -3.78
Accel: -0.39, -0.05, -0.94
Gyro: 4.97, 14.60, -3.04
Accel: -0.37, -0.07, -0.94
Gyro: 4.04, 16.08, -3.01
Accel: -0.35, -0.05, -0.95
Gyro: 4.04, 16.05, -3.24
Accel: -0.35, -0.06, -0.95
Gyro: 4.67, 15.51, -3.10
Accel: -0.34, -0.07, -0.96
Gyro: 4.96, 15.38, -4.15
Accel: -0.32, -0.07, -0.96
Gyro: 4.17, 15.78, -6.21
Accel: -0.31, -0.06, -0.93
Gyro: 4.71, 16.56, -8.13
Accel: -0.29, -0.04, -0.90
Gyro: 6.75, 14.98, -8.61
Accel: -0.31, -0.05, -0.92
Gyro: 8.93, 12.08, -8.21
Accel: -0.31, -0.07, -0.94
Gyro: 9.43, 11.92, -9.61
Accel: -0.31, -0.08, -0.93
Gyro: 10.04, 14.84, -11.67
Accel: -0.29, -0.08, -0.92
Gyro: 11.22, 15.07, -14.53
Accel: -0.29, -0.06, -0.90
Gyro: 15.00, 13.51, -13.67
Accel: -0.32, -0.11, -0.89
Gyro: 17.35, 10.43, -12.03
Accel: -0.35, -0.15, -0.93
Gyro: 13.46, 9.55, -11.73
Accel: -0.37, -0.16, -0.94
Gyro: 9.31, 10.91, -11.72
Accel: -0.37, -0.16, -0.94
Gyro: 7.38, 13.02, -11.44
Accel: -0.36, -0.16, -0.91
Gyro: 4.62, 13.09, -11.38
Accel: -0.36, -0.16, -0.86
Gyro: 2.02, 8.30, -11.79
Accel: -0.38, -0.15, -0.86
Gyro: -1.55, 0.46, -13.69
Accel: -0.44, -0.08, -0.86
Gyro: -4.68, -4.91, -12.96
Accel: -0.51, -0.02, -0.88
Gyro: -4.20, -4.23, -7.20
Accel: -0.53, 0.01, -0.86
Gyro: -3.18, 1.34, 2.05
Accel: -0.48, -0.04, -0.78
Gyro: -1.85, 2.92, 10.03
Accel: -0.49, -0.05, -0.82
Gyro: -3.38, -2.24, 15.56
Accel: -0.55, -0.11, -0.94
Gyro: -3.61, -5.34, 19.22
Accel: -0.62, -0.17, -1.05
Gyro: -6.77, 4.62, 22.29
Accel: -0.60, -0.26, -1.12
Gyro: -11.39, 26.47, 22.79
Accel: -0.48, -0.29, -0.96
Gyro: -22.55, 45.19, 18.38
Accel: -0.36, -0.26, -0.80
Gyro: -23.93, 47.64, 9.06
Accel: -0.27, -0.18, -0.77
Gyro: -23.30, 45.06, 1.16
Accel: -0.23, -0.11, -0.78
Gyro: -16.69, 42.48, -4.42
Accel: -0.21, -0.03, -0.80
Gyro: -13.93, 43.88, -6.81
Accel: -0.17, -0.01, -0.76
Gyro: -12.39, 45.01, -7.03
Accel: -0.14, -0.01, -0.74
Gyro: -14.16, 40.07, -8.95
Accel: -0.12, 0.03, -0.79
Gyro: -20.16, 32.41, -11.80
Accel: -0.13, 0.06, -0.87
Gyro: -24.33, 24.37, -12.94
Accel: -0.17, 0.10, -0.97
Gyro: -25.34, 20.16, -13.24
Accel: -0.20, 0.14, -1.02
Gyro: -21.79, 18.48, -10.77
Accel: -0.22, 0.14, -1.06
Gyro: -18.04, 20.15, -7.34
Accel: -0.21, 0.13, -1.07
Gyro: -15.62, 22.95, -3.72
Accel: -0.19, 0.12, -1.07
Gyro: -14.42, 24.99, -0.37
Accel: -0.17, 0.10, -1.09
Gyro: -12.95, 27.98, 2.44
Accel: -0.14, 0.08, -1.09
Gyro: -11.76, 33.01, 3.71
Accel: -0.11, 0.05, -1.07
Gyro: -9.09, 37.43, 3.20
Accel: -0.05, 0.04, -1.02
Gyro: -2.68, 39.27, 2.94
Accel: -0.01, 0.02, -0.98
Gyro: 0.73, 38.35, 2.33
Accel: 0.02, 0.01, -1.00
Gyro: 1.82, 37.80, 1.50
Accel: 0.04, -0.00, -0.99
Gyro: 2.73, 39.51, 0.14
Accel: 0.07, -0.01, -0.96
Gyro: 1.34, 39.38, -1.69
Accel: 0.10, -0.01, -0.94
Gyro: -0.47, 36.65, -3.30
Accel: 0.12, 0.00, -0.89
Gyro: -1.30, 32.52, -2.94
Accel: 0.15, -0.00, -0.89
Gyro: 1.00, 27.73, -1.83
Accel: 0.17, -0.01, -0.87
Gyro: 2.44, 21.90, -0.65
Accel: 0.19, -0.01, -0.85
Gyro: 3.75, 14.14, 0.70
Accel: 0.17, -0.03, -0.86
Gyro: 4.23, 7.10, 1.53
Accel: 0.13, -0.04, -0.95
Gyro: 3.43, 6.03, 1.16
Accel: 0.11, -0.05, -0.96
Gyro: 1.98, 7.74, 0.41
Accel: 0.12, -0.04, -0.95
Gyro: -0.13, 8.70, -0.28
Accel: 0.12, -0.04, -0.91
Gyro: 1.01, 6.32, -0.26
Accel: 0.12, -0.07, -0.89
Gyro: 3.27, 0.07, -0.53
Accel: 0.10, -0.09, -0.90
Gyro: 4.39, -4.78, -4.15
Accel: 0.09, -0.10, -0.93
Gyro: 2.82, -7.21, -8.99
Accel: 0.07, -0.05, -0.96
Gyro: 1.72, -8.15, -12.41
Accel: 0.07, -0.01, -0.95
Gyro: 1.90, -7.40, -12.56
Accel: 0.07, 0.00, -0.92
Gyro: 2.44, -8.82, -10.31
Accel: 0.06, -0.01, -0.94
Gyro: 4.31, -10.25, -7.10
Accel: 0.05, -0.03, -0.94
Gyro: 3.47, -12.18, -4.66
Accel: 0.02, -0.04, -0.97
Gyro: 3.02, -13.11, -3.04
Accel: 0.00, -0.06, -1.02
Gyro: 2.75, -12.11, -1.53
Accel: -0.01, -0.05, -1.03
Gyro: 2.53, -8.34, 0.61
Accel: -0.00, -0.06, -1.00
Gyro: 3.76, -6.77, 3.78
Accel: -0.00, -0.11, -0.99
Gyro: 3.22, -7.16, 6.29
Accel: -0.01, -0.14, -1.00
Gyro: -0.12, -7.21, 4.98
Accel: -0.01, -0.14, -1.01
Gyro: -3.52, -7.16, 1.77
Accel: -0.01, -0.10, -1.00
Gyro: -4.63, -6.93, -1.51
Accel: -0.02, -0.07, -0.99
Gyro: -3.14, -7.17, -4.21
Accel: -0.03, -0.04, -0.98
Gyro: -1.08, -7.00, -5.32
Accel: -0.02, -0.03, -0.96
Gyro: 0.63, -5.46, -5.66
Accel: -0.01, -0.02, -0.96
Gyro: 1.15, -4.45, -4.97
Accel: -0.01, -0.03, -0.94
Gyro: 1.98, -4.27, -3.17
Accel: -0.00, -0.03, -0.93
Gyro: 2.03, -5.02, -0.70
Accel: -0.02, -0.05, -0.96
Gyro: 1.88, -5.87, 1.90
Accel: -0.02, -0.07, -0.97
Gyro: 1.03, -6.42, 2.98
Accel: -0.04, -0.07, -0.99
Gyro: -0.24, -6.04, 2.66
Accel: -0.05, -0.07, -1.01
Gyro: -1.81, -5.33, 1.08
Accel: -0.05, -0.07, -1.00
Gyro: -2.96, -4.36, 0.05
Accel: -0.05, -0.05, -1.00
Gyro: -3.46, -3.55, -1.08
Accel: -0.05, -0.04, -0.99
Gyro: -2.69, -3.72, -1.88
Accel: -0.06, -0.05, -0.99
Gyro: -2.81, -3.07, -2.24
Accel: -0.06, -0.04, -1.00
Gyro: -3.36, -2.17, -3.38
Accel: -0.06, -0.02, -1.00
Gyro: -2.62, -0.02, -2.88
Accel: -0.05, -0.01, -0.99
Gyro: -0.81, 0.89, -0.43
Accel: -0.05, -0.03, -0.98
Gyro: -1.09, 1.82, 1.18
Accel: -0.05, -0.03, -0.98
Gyro: -1.50, 2.07, 1.92
Accel: -0.05, -0.04, -0.99
Gyro: -1.26, 2.84, 2.13
Accel: -0.04, -0.04, -0.99
Gyro: -1.04, 3.95, 2.32
Accel: -0.04, -0.04, -0.98
Gyro: -0.40, 4.06, 2.28
Accel: -0.04, -0.04, -0.99
Gyro: -0.23, 4.47, 2.01
Accel: -0.04, -0.05, -0.99
Gyro: -0.69, 5.29, 1.27
Accel: -0.03, -0.05, -0.97
Gyro: -0.88, 4.98, 0.43
Accel: -0.01, -0.05, -0.95
Gyro: -0.75, 3.61, -0.19
Accel: 0.00, -0.05, -0.95
Gyro: -1.32, 1.23, -0.79
Accel: -0.00, -0.06, -0.94
Gyro: -2.32, -1.25, -1.70
Accel: -0.01, -0.05, -0.95
Gyro: -1.84, -3.09, -1.74
Accel: -0.01, -0.06, -0.97
Gyro: -2.59, -2.86, -2.49
Accel: -0.02, -0.07, -0.96
Gyro: -3.54, -3.13, -4.41
Accel: -0.02, -0.08, -0.97
Gyro: -4.29, -3.30, -7.04
Accel: -0.03, -0.09, -0.97
Gyro: -4.53, -3.85, -10.73
Accel: -0.04, -0.16, -0.97
Gyro: -4.59, -4.95, -17.49
Accel: -0.07, -0.31, -1.00
Gyro: -4.12, -4.71, -33.89
Accel: -0.09, -0.42, -1.05
Gyro: -2.79, -0.97, -66.22
Accel: -0.11, -0.41, -1.07
Gyro: 2.83, 5.44, -101.87
Accel: -0.15, -0.45, -1.08
Gyro: 7.01, 13.12, -136.99
Accel: -0.22, -0.62, -1.09
Gyro: 3.18, 21.19, -177.89
Accel: -0.23, -0.49, -1.19
Gyro: -6.64, 37.11, -223.74
Accel: -0.19, -0.13, -1.06
Gyro: -6.72, 47.22, -243.53
Accel: -0.15, -0.17, -0.85
Gyro: 8.81, 43.84, -249.71
Accel: -0.16, -0.10, -0.92
Gyro: 8.90, 36.95, -250.00
Accel: -0.08, 0.13, -1.04
Gyro: 1.42, 32.24, -247.96
Accel: -0.03, 0.24, -0.91
Gyro: -1.54, 37.06, -225.56
Accel: 0.01, 0.27, -0.88
Gyro: -0.28, 23.87, -197.66
Accel: -0.00, 0.33, -0.71
Gyro: 3.83, 25.15, -171.00
Accel: 0.05, 0.22, -0.88
Gyro: -17.18, 17.41, -146.64
Accel: 0.08, 0.20, -0.92
Gyro: -27.43, 14.31, -123.48
Accel: 0.18, 0.29, -1.02
Gyro: 12.97, 10.41, -101.82
Accel: 0.14, 0.29, -0.90
Gyro: 14.88, 6.32, -80.75
Accel: 0.15, 0.23, -0.88
Gyro: 14.92, -2.91, -61.83
Accel: 0.13, 0.20, -0.90
Gyro: 8.21, -10.07, -45.19
Accel: 0.10, 0.19, -1.00
Gyro: 5.27, -10.71, -29.13
Accel: 0.10, 0.18, -0.98
Gyro: 4.85, -8.48, -14.03
Accel: 0.10, 0.16, -0.95
Gyro: 6.42, -10.13, -1.17
Accel: 0.08, 0.08, -0.99
Gyro: 6.79, -9.38, 7.18
Accel: 0.08, 0.07, -1.00
Gyro: 4.01, -6.97, 12.95
Accel: 0.10, 0.09, -0.98
Gyro: 1.48, -6.99, 18.87
Accel: 0.11, 0.16, -0.97
Gyro: 2.59, -7.95, 29.27
Accel: 0.12, 0.27, -0.98
Gyro: 10.84, -11.39, 45.97
Accel: 0.09, 0.33, -1.01
Gyro: 2.62, -12.27, 68.29
Accel: 0.05, 0.42, -0.98
Gyro: 4.33, -13.41, 103.01
Accel: 0.02, 0.36, -0.90
Gyro: 6.33, -18.49, 138.44
Accel: -0.06, 0.25, -0.88
Gyro: 10.07, -23.32, 167.15
Accel: -0.12, 0.13, -1.00
Gyro: 2.95, -22.18, 187.25
Accel: -0.14, 0.08, -0.97
Gyro: -10.92, -18.35, 202.06
Accel: -0.15, 0.05, -0.96
Gyro: -16.20, -20.23, 210.27
Accel: -0.18, -0.11, -1.04
Gyro: -11.46, -17.94, 205.28
Accel: -0.17, -0.11, -1.07
Gyro: -10.25, -8.64, 193.24
