Accel: -0.08, -0.02, -0.96
Gyro: -1.24, 1.61, -1.14
Accel: -0.09, -0.02, -0.98
Gyro: -2.01, 1.63, -2.10
Accel: -0.09, -0.00, -0.97
Gyro: -2.62, 1.53, -2.36
Accel: -0.07, 0.00, -0.97
Gyro: -1.36, 1.47, -1.77
Accel: -0.07, -0.01, -0.97
Gyro: -0.86, 0.76, -1.30
Accel: -0.07, -0.02, -0.96
Gyro: -1.30, -0.25, -1.77
Accel: -0.07, -0.02, -0.96
Gyro: -2.15, -1.06, -2.17
Accel: -0.08, -0.00, -0.98
Gyro: -2.27, -0.86, -1.44
Accel: -0.08, -0.01, -0.98
Gyro: -2.08, -0.32, -0.93
Accel: -0.08, -0.02, -0.98
Gyro: -2.21, 0.32, -1.39
Accel: -0.08, -0.01, -0.96
Gyro: -2.48, 0.34, -2.26
Accel: -0.08, -0.02, -0.96
Gyro: -2.24, -0.08, -2.51
Accel: -0.08, -0.01, -0.97
Gyro: -2.11, -0.27, -2.96
Accel: -0.07, -0.01, -0.96
Gyro: -1.56, -1.14, -2.84
Accel: -0.06, -0.02, -0.98
Gyro: -2.35, -0.99, -3.12
Accel: -0.07, -0.01, -0.98
Gyro: -2.62, -1.12, -2.94
Accel: -0.07, -0.01, -0.97
Gyro: -1.87, -1.51, -2.36
Accel: -0.08, -0.02, -0.97
Gyro: -2.30, -1.80, -2.88
Accel: -0.09, -0.01, -0.98
Gyro: -2.60, -1.30, -3.32
Accel: -0.09, -0.01, -0.98
Gyro: -2.48, -1.05, -3.42
Accel: -0.08, -0.01, -0.98
Gyro: -2.20, -0.75, -3.76
Accel: -0.09, 0.00, -0.98
Gyro: -1.80, -0.10, -3.88
Accel: -0.09, -0.01, -0.99
Gyro: -1.50, 0.70, -3.51
Accel: -0.07, -0.01, -0.98
Gyro: -1.40, 0.20, -3.74
Accel: -0.07, -0.02, -0.97
Gyro: -1.31, 0.50, -3.94
Accel: -0.07, -0.03, -0.98
Gyro: -1.28, 0.41, -4.61
Accel: -0.09, -0.03, -0.98
Gyro: -1.69, 0.52, -5.20
Accel: -0.08, -0.03, -0.98
Gyro: -1.75, 0.37, -6.71
Accel: -0.07, -0.03, -0.97
Gyro: -2.40, 0.56, -8.32
Accel: -0.08, -0.05, -0.98
Gyro: -2.37, 0.54, -11.44
Accel: -0.08, -0.09, -0.98
Gyro: -1.84, 1.12, -16.65
Accel: -0.08, -0.15, -0.98
Gyro: -0.20, 1.08, -26.06
Accel: -0.08, -0.19, -0.96
Gyro: 1.23, 1.11, -42.24
Accel: -0.09, -0.22, -0.97
Gyro: 4.81, 1.10, -60.49
Accel: -0.10, -0.24, -0.98
Gyro: 7.07, 2.14, -80.03
Accel: -0.11, -0.32, -1.01
Gyro: 10.11, 3.91, -103.26
Accel: -0.15, -0.37, -1.04
Gyro: 12.11, 7.80, -131.89
Accel: -0.17, -0.43, -1.02
Gyro: 16.47, 11.63, -162.47
Accel: -0.18, -0.39, -1.02
Gyro: 13.44, 14.89, -193.99
Accel: -0.22, -0.36, -0.99
Gyro: 17.39, 18.34, -217.48
Accel: -0.25, -0.34, -0.99
Gyro: 16.43, 22.92, -240.35
Accel: -0.23, -0.19, -0.97
Gyro: 20.61, 23.39, -250.00
Accel: -0.20, -0.02, -0.97
Gyro: 20.93, 22.66, -250.00
Accel: -0.15, 0.06, -0.94
Gyro: 29.69, 17.90, -245.34
Accel: -0.11, 0.10, -0.94
Gyro: 26.70, 13.56, -228.84
Accel: -0.07, 0.21, -0.97
Gyro: 26.29, 8.45, -201.70
Accel: -0.05, 0.21, -0.90
Gyro: 18.86, 5.60, -168.35
Accel: -0.02, 0.18, -0.96
Gyro: 9.91, 1.05, -136.79
Accel: -0.00, 0.25, -0.88
Gyro: -2.42, 0.92, -103.54
Accel: -0.00, 0.22, -0.99
Gyro: -6.54, -2.26, -69.05
Accel: 0.00, 0.18, -1.06
Gyro: -6.11, 0.87, -43.93
Accel: 0.03, 0.12, -1.02
Gyro: -6.24, 3.68, -27.65
Accel: 0.05, 0.05, -0.85
Gyro: 1.56, 0.10, -17.10
Accel: 0.06, 0.03, -0.94
Gyro: -1.14, -9.34, -6.33
Accel: 0.02, 0.02, -1.05
Gyro: 0.05, -5.45, 5.00
Accel: 0.04, -0.01, -0.98
Gyro: -1.21, 0.56, 11.69
Accel: 0.08, -0.03, -0.91
Gyro: 0.05, -2.82, 16.68
Accel: 0.06, -0.03, -0.94
Gyro: -0.13, -7.13, 21.55
Accel: 0.04, -0.03, -1.03
Gyro: -1.43, -4.99, 27.71
Accel: 0.03, 0.02, -1.04
Gyro: -2.37, -0.34, 36.90
Accel: 0.05, 0.17, -1.04
Gyro: -4.64, 2.20, 55.02
Accel: 0.05, 0.35, -0.98
Gyro: -5.17, 1.16, 91.09
Accel: 0.02, 0.38, -0.88
Gyro: -2.33, -4.30, 137.67
Accel: -0.05, 0.12, -0.86
Gyro: -6.63, -14.66, 175.22
Accel: -0.11, 0.10, -1.01
Gyro: -23.53, -16.78, 198.19
Accel: -0.18, 0.10, -1.03
Gyro: -34.11, -15.97, 222.18
Accel: -0.24, 0.03, -1.02
Gyro: -39.79, -15.11, 238.63
Accel: -0.27, -0.08, -1.05
Gyro: -42.81, -11.51, 240.49
Accel: -0.29, -0.10, -1.06
Gyro: -37.42, -6.74, 232.52
Accel: -0.24, -0.15, -1.02
Gyro: -41.92, -3.91, 223.84
Accel: -0.21, -0.17, -0.96
Gyro: -41.76, -4.49, 206.19
Accel: -0.17, -0.18, -0.95
Gyro: -33.01, -7.68, 188.12
Accel: -0.12, -0.13, -0.93
Gyro: -31.68, -11.24, 170.08
Accel: -0.10, -0.10, -0.86
Gyro: -27.19, -16.22, 156.91
Accel: -0.10, -0.26, -0.95
Gyro: -18.32, -21.83, 136.70
Accel: -0.11, -0.25, -1.08
Gyro: -13.50, -16.03, 108.74
Accel: -0.08, -0.20, -1.02
Gyro: -4.11, -8.95, 84.06
Accel: -0.05, -0.16, -0.98
Gyro: 8.71, -5.67, 65.97
Accel: -0.04, -0.18, -0.95
Gyro: 11.63, -6.71, 50.51
Accel: -0.04, -0.17, -0.95
Gyro: 11.35, -9.87, 36.79
Accel: -0.06, -0.19, -0.99
Gyro: 8.28, -9.58, 23.43
Accel: -0.09, -0.14, -1.03
Gyro: 4.19, -6.17, 11.60
Accel: -0.09, -0.06, -1.02
Gyro: 4.68, -0.71, 6.61
Accel: -0.08, -0.06, -0.95
Gyro: 6.61, -0.40, 4.72
Accel: -0.08, -0.07, -0.97
Gyro: 6.20, -2.24, 2.13
Accel: -0.10, -0.06, -0.99
Gyro: 1.11, -1.55, -1.14
Accel: -0.09, -0.03, -1.01
Gyro: -0.05, 0.12, -3.23
Accel: -0.09, -0.01, -0.98
Gyro: -2.21, 1.13, -4.17
Accel: -0.07, -0.00, -0.96
Gyro: -1.34, -1.07, -4.41
Accel: -0.08, -0.01, -0.96
Gyro: -0.83, -2.46, -3.79
Accel: -0.07, -0.02, -0.96
Gyro: -1.37, -4.26, -4.48
Accel: -0.08, -0.02, -0.99
Gyro: -2.78, -2.47, -5.27
Accel: -0.08, -0.01, -0.98
Gyro: -3.61, -1.43, -6.26
Accel: -0.07, -0.01, -0.96
Gyro: -3.23, -1.34, -6.64
Accel: -0.08, -0.01, -0.94
Gyro: -2.04, -2.62, -7.05
Accel: -0.06, -0.01, -0.95
Gyro: -1.00, -3.94, -7.39
Accel: -0.07, 0.01, -0.96
Gyro: -0.26, -4.07, -7.12
Accel: -0.08, 0.01, -0.98
Gyro: 2.21, -3.51, -6.03
Accel: -0.07, -0.00, -0.96
Gyro: 0.46, -2.48, -5.09
Accel: -0.08, 0.01, -0.95
Gyro: 0.37, -3.86, -4.62
Accel: -0.07, -0.00, -0.95
Gyro: -1.70, -5.65, -4.37
Accel: -0.08, 0.00, -0.95
Gyro: -2.72, -7.31, -3.97
Accel: -0.09, 0.01, -0.97
Gyro: -3.20, -7.78, -3.11
Accel: -0.10, -0.00, -1.00
Gyro: -4.27, -5.72, -3.62
Accel: -0.11, -0.00, -0.98
Gyro: -5.00, -4.21, -5.12
Accel: -0.11, 0.01, -0.99
Gyro: -4.19, -3.59, -6.49
Accel: -0.11, 0.01, -0.99
Gyro: -3.62, -2.62, -6.67
Accel: -0.11, 0.02, -1.00
Gyro: -2.41, -1.90, -6.24
Accel: -0.11, 0.01, -0.97
Gyro: -2.11, -1.91, -5.34
Accel: -0.11, 0.01, -0.99
Gyro: -3.17, -1.05, -4.83
Accel: -0.10, 0.03, -0.98
Gyro: -3.41, -0.85, -4.04
Accel: -0.10, 0.04, -0.97
Gyro: -1.35, -1.29, -2.62
Accel: -0.10, 0.02, -0.96
Gyro: 0.53, -2.17, -1.01
Accel: -0.10, 0.01, -0.96
Gyro: 1.43, -2.55, -0.04
Accel: -0.10, -0.01, -0.97
Gyro: 0.71, -2.71, -0.62
Accel: -0.10, -0.01, -0.97
Gyro: 0.05, -1.95, -0.79
Accel: -0.10, -0.00, -0.98
Gyro: 0.79, -1.89, -1.63
Accel: -0.11, -0.01, -0.97
Gyro: -0.04, -1.11, -2.49
Accel: -0.10, -0.01, -0.96
Gyro: 0.27, -1.09, -3.82
Accel: -0.10, -0.00, -0.97
Gyro: -0.02, -0.89, -4.62
Accel: -0.09, -0.01, -0.97
Gyro: -0.27, -1.31, -5.23
Accel: -0.10, -0.01, -0.96
Gyro: -0.68, -1.65, -5.36
Accel: -0.10, -0.01, -0.97
Gyro: -1.49, -1.23, -5.34
Accel: -0.11, 0.01, -0.98
Gyro: -1.72, -0.68, -4.93
Accel: -0.11, 0.01, -0.99
Gyro: -1.52, -0.08, -3.72
Accel: -0.10, -0.01, -0.98
Gyro: -1.40, 1.14, -3.67
Accel: -0.11, -0.01, -0.99
Gyro: -0.88, 1.27, -3.89
Accel: -0.10, 0.00, -0.97
Gyro: -1.62, 1.97, -3.85
Accel: -0.10, 0.02, -0.97
Gyro: 0.25, 1.07, -2.38
Accel: -0.10, 0.00, -0.97
Gyro: 0.43, 0.89, -1.71
Accel: -0.09, -0.01, -0.98
Gyro: 0.30, 0.86, -2.20
Accel: -0.09, -0.01, -0.96
Gyro: 0.56, 0.92, -3.07
Accel: -0.10, 0.01, -0.98
Gyro: 1.33, 0.29, -2.99
Accel: -0.09, -0.00, -0.98
Gyro: 2.03, 0.06, -2.06
Accel: -0.09, -0.01, -0.97
Gyro: 1.27, -0.45, -1.57
Accel: -0.09, -0.03, -0.96
Gyro: 0.11, -0.79, -1.64
Accel: -0.09, -0.02, -0.98
Gyro: -0.99, -1.62, -2.16
Accel: -0.09, -0.01, -0.97
Gyro: -1.56, -1.53, -2.30
Accel: -0.09, -0.02, -0.96
Gyro: -1.75, -1.46, -2.54
Accel: -0.10, -0.03, -0.97
Gyro: -1.98, -1.46, -2.95
Accel: -0.09, -0.03, -0.96
Gyro: -2.21, -1.72, -3.92
Accel: -0.10, -0.01, -0.97
Gyro: -2.40, -1.66, -4.17
Accel: -0.09, -0.01, -0.97
Gyro: -2.11, -1.70, -4.34
Accel: -0.10, -0.01, -0.97
Gyro: -1.66, -2.37, -4.25
Accel: -0.10, -0.01, -0.96
Gyro: -1.97, -1.92, -4.11
Accel: -0.10, -0.00, -0.98
Gyro: -2.45, -1.73, -3.87
Accel: -0.10, 0.01, -0.98
Gyro: -2.66, -0.72, -2.84
Accel: -0.10, 0.00, -0.98
Gyro: -2.03, -1.09, -1.69
Accel: -0.11, -0.02, -0.98
Gyro: -2.49, -0.37, -2.29
Accel: -0.11, -0.01, -0.98
Gyro: -2.47, -0.10, -2.68
Accel: -0.11, -0.00, -0.98
Gyro: -2.68, 0.21, -2.57
