Accel: -0.12, -0.26, -1.03
Gyro: -41.79, -13.98, 178.10
Accel: -0.09, -0.25, -1.03
Gyro: -34.82, -9.79, 151.31
Accel: -0.05, -0.13, -0.97
Gyro: -19.20, -9.72, 132.45
Accel: -0.04, -0.13, -0.92
Gyro: -8.86, -13.35, 120.25
Accel: -0.05, -0.21, -0.91
Gyro: -3.75, -17.37, 106.88
Accel: -0.05, -0.27, -1.00
Gyro: -2.56, -17.56, 85.43
Accel: -0.07, -0.21, -1.04
Gyro: -4.47, -11.09, 66.40
Accel: -0.05, -0.16, -1.00
Gyro: -4.20, -7.12, 53.53
Accel: -0.06, -0.10, -1.00
Gyro: -2.31, -5.75, 45.22
Accel: -0.07, -0.13, -1.00
Gyro: 0.01, -5.32, 38.73
Accel: -0.09, -0.17, -1.07
Gyro: 0.86, -0.38, 28.02
Accel: -0.08, -0.16, -1.05
Gyro: -1.19, 7.51, 15.83
Accel: -0.05, -0.11, -0.98
Gyro: -1.35, 7.35, 6.85
Accel: -0.04, -0.04, -0.95
Gyro: -0.81, 3.82, 3.93
Accel: -0.04, -0.00, -0.96
Gyro: 1.86, 1.08, 5.02
Accel: -0.05, -0.01, -0.95
Gyro: 2.27, -0.09, 7.39
Accel: -0.05, -0.03, -0.97
Gyro: 1.83, -0.72, 8.01
Accel: -0.04, -0.03, -0.96
Gyro: -1.30, -0.60, 8.41
Accel: -0.04, -0.03, -0.97
Gyro: -0.98, -1.03, 7.90
Accel: -0.05, -0.04, -0.97
Gyro: -2.14, -0.01, 7.05
Accel: -0.04, -0.05, -0.97
Gyro: -2.56, 0.00, 5.88
Accel: -0.04, -0.05, -0.97
Gyro: -2.84, -0.50, 4.46
Accel: -0.04, -0.04, -0.96
Gyro: -3.27, -1.39, 2.91
Accel: -0.05, -0.02, -0.97
Gyro: -2.66, -2.43, 2.02
Accel: -0.04, -0.02, -0.97
Gyro: -0.70, -2.71, 1.68
Accel: -0.04, -0.03, -0.97
Gyro: 0.68, -3.14, 1.21
Accel: -0.04, -0.03, -0.97
Gyro: -0.14, -3.59, 0.40
Accel: -0.05, -0.03, -0.97
Gyro: -1.66, -4.23, -0.56
Accel: -0.05, -0.03, -0.96
Gyro: -3.03, -4.36, -0.87
Accel: -0.04, -0.01, -0.97
Gyro: -5.10, -4.37, -1.36
Accel: -0.04, 0.01, -0.98
Gyro: -5.81, -4.68, -1.14
Accel: -0.05, 0.01, -0.96
Gyro: -2.99, -6.19, 0.05
Accel: -0.06, -0.01, -0.98
Gyro: -3.14, -6.93, -0.51
Accel: -0.06, -0.02, -0.98
Gyro: -3.01, -6.58, -1.56
Accel: -0.07, -0.00, -0.99
Gyro: -2.84, -5.52, -2.70
Accel: -0.07, 0.01, -0.99
Gyro: -2.37, -4.88, -2.55
Accel: -0.07, 0.01, -0.98
Gyro: -1.17, -4.60, -1.20
Accel: -0.07, 0.01, -1.00
Gyro: -1.01, -3.70, 0.47
Accel: -0.08, 0.01, -1.01
Gyro: -1.11, -0.92, 2.27
Accel: -0.07, 0.01, -0.99
Gyro: -0.05, 0.56, 3.99
Accel: -0.06, -0.01, -0.97
Gyro: 1.09, 0.43, 4.26
Accel: -0.06, -0.04, -0.96
Gyro: 1.16, -1.22, 2.73
Accel: -0.07, -0.04, -0.98
Gyro: 0.69, -1.57, 0.76
Accel: -0.05, -0.02, -0.97
Gyro: -0.47, -0.90, -0.38
Accel: -0.06, -0.01, -0.96
Gyro: 1.20, -1.82, -0.40
Accel: -0.06, -0.03, -0.97
Gyro: 0.23, -2.59, -1.21
Accel: -0.07, -0.02, -0.98
Gyro: -0.08, -2.94, -1.91
Accel: -0.06, -0.01, -0.97
Gyro: -1.16, -2.49, -1.36
Accel: -0.07, -0.01, -0.97
Gyro: -1.19, -2.73, -0.82
Accel: -0.07, -0.02, -0.97
Gyro: -1.66, -2.18, -0.54
Accel: -0.07, -0.02, -0.98
Gyro: -1.95, -1.90, -1.01
Accel: -0.06, -0.02, -0.98
Gyro: -2.23, -1.02, -1.14
Accel: -0.06, -0.03, -0.96
Gyro: -2.07, -1.14, -1.53
Accel: -0.07, -0.03, -0.98
Gyro: -1.56, -1.27, -1.69
Accel: -0.08, -0.03, -0.98
Gyro: -1.65, -0.90, -2.03
Accel: -0.07, -0.03, -0.97
Gyro: -1.93, -0.59, -2.30
Accel: -0.07, -0.02, -0.97
Gyro: -2.08, -0.57, -2.34
Accel: -0.07, -0.03, -0.98
Gyro: -2.05, -0.37, -2.46
Accel: -0.07, -0.02, -0.97
Gyro: -1.94, -0.56, -3.11
Accel: -0.07, -0.02, -0.98
Gyro: -2.19, 0.14, -3.38
Accel: -0.07, -0.02, -0.98
Gyro: -1.59, -0.34, -3.04
Accel: -0.07, -0.02, -0.97
Gyro: -1.42, 0.03, -2.78
Accel: -0.07, -0.02, -0.98
Gyro: -2.11, 0.50, -3.30
Accel: -0.07, -0.02, -0.97
Gyro: -1.98, -0.04, -3.60
Accel: -0.07, -0.02, -0.95
Gyro: -2.12, -0.31, -3.23
Accel: -0.06, -0.02, -0.96
Gyro: -2.99, -1.76, -3.82
Accel: -0.06, 0.00, -0.97
Gyro: -3.20, -1.88, -3.78
Accel: -0.07, -0.00, -0.98
Gyro: -2.49, -1.30, -2.10
Accel: -0.07, -0.01, -0.98
Gyro: -2.42, -0.76, -2.09
Accel: -0.07, -0.02, -0.98
Gyro: -2.19, -0.24, -2.14
Accel: -0.08, -0.02, -0.97
Gyro: -2.17, -0.08, -2.20
Accel: -0.08, -0.02, -0.97
Gyro: -1.93, -0.47, -2.34
Accel: -0.08, -0.01, -0.97
Gyro: -1.85, 0.05, -2.52
Accel: -0.07, -0.02, -0.97
Gyro: -2.09, 0.41, -2.91
Accel: -0.07, -0.01, -0.97
Gyro: -2.03, 0.65, -2.96
Accel: -0.06, -0.01, -0.98
Gyro: -2.09, 0.76, -2.87
Accel: -0.06, -0.02, -0.98
Gyro: -1.88, 0.25, -2.69
Accel: -0.06, -0.03, -0.97
Gyro: -2.49, 0.13, -2.51
Accel: -0.07, -0.01, -0.97
Gyro: -2.79, 0.17, -2.49
Accel: -0.06, -0.00, -0.98
Gyro: -2.33, 0.40, -1.56
Accel: -0.07, -0.01, -0.97
Gyro: -2.06, 0.08, -0.66
Accel: -0.07, -0.02, -0.98
Gyro: -2.67, -0.68, -0.96
Accel: -0.07, -0.01, -0.97
Gyro: -3.26, -0.91, -1.17
Accel: -0.07, -0.00, -0.98
Gyro: -2.88, -0.23, -0.96
Accel: -0.07, -0.00, -0.97
Gyro: -1.63, -2.11, -1.17
Accel: -0.07, -0.02, -0.99
Gyro: -1.54, -0.58, -1.19
Accel: -0.06, -0.01, -0.97
Gyro: -1.21, -0.04, -0.89
Accel: -0.06, -0.01, -0.96
Gyro: -1.22, -0.53, -0.73
Accel: -0.07, -0.01, -0.97
Gyro: -0.76, -1.30, -0.52
Accel: -0.07, -0.02, -0.97
Gyro: -1.27, -0.87, -0.50
Accel: -0.06, -0.02, -0.97
Gyro: -1.74, -1.05, -0.60
Accel: -0.06, -0.01, -0.97
Gyro: -1.63, -1.19, -0.63
Accel: -0.07, -0.00, -0.97
Gyro: -1.64, -1.32, 0.11
Accel: -0.08, -0.01, -0.97
Gyro: -1.55, -1.30, 0.79
Accel: -0.06, -0.01, -0.97
Gyro: -1.76, -1.05, 1.11
Accel: -0.06, -0.01, -0.96
Gyro: -1.75, -1.11, 1.32
Accel: -0.06, -0.01, -0.97
Gyro: -1.58, -1.22, 1.33
Accel: -0.07, -0.03, -0.98
Gyro: -1.52, -0.72, 0.77
Accel: -0.08, -0.02, -0.97
Gyro: -1.65, -0.03, 0.05
Accel: -0.06, -0.02, -0.98
Gyro: -1.91, 0.19, -0.76
Accel: -0.07, -0.01, -0.98
Gyro: -1.38, 0.29, -0.99
Accel: -0.07, -0.02, -0.97
Gyro: -1.88, 0.02, -1.31
Accel: -0.07, -0.02, -0.98
Gyro: -2.75, 0.06, -2.08
Accel: -0.07, -0.00, -0.98
Gyro: -1.95, 0.63, -1.83
Accel: -0.07, -0.01, -0.98
Gyro: -1.07, 0.85, -0.72
Accel: -0.07, -0.01, -0.99
Gyro: -1.53, 1.16, -0.89
Accel: -0.07, -0.01, -0.98
Gyro: -2.01, 1.01, -0.71
Accel: -0.07, -0.02, -0.98
Gyro: -2.34, 1.15, -0.76
Accel: -0.07, -0.02, -0.97
Gyro: -2.38, 0.55, -1.43
Accel: -0.07, -0.02, -0.98
Gyro: -2.77, 0.60, -1.63
Accel: -0.07, -0.01, -0.98
Gyro: -2.73, 1.07, -2.15
Accel: -0.06, -0.02, -0.97
Gyro: -2.43, 1.17, -2.20
Accel: -0.05, -0.01, -0.96
Gyro: -2.32, 0.85, -2.28
Accel: -0.06, -0.00, -0.97
Gyro: -1.86, 0.10, -2.14
Accel: -0.06, -0.01, -0.97
Gyro: -2.20, 0.19, -2.04
Accel: -0.06, -0.01, -0.97
Gyro: -2.72, -0.21, -2.53
Accel: -0.06, -0.00, -0.97
Gyro: -1.72, -0.39, -1.69
Accel: -0.06, -0.01, -0.98
Gyro: -1.59, -0.85, -1.55
Accel: -0.06, -0.02, -0.98
Gyro: -1.86, -0.29, -1.66
Accel: -0.07, -0.01, -0.98
Gyro: -2.00, -0.24, -1.78
Accel: -0.06, -0.01, -0.97
Gyro: -1.91, -0.37, -1.59
Accel: -0.06, -0.01, -0.97
Gyro: -1.91, -0.76, -1.56
Accel: -0.06, -0.01, -0.98
Gyro: -2.05, -0.29, -1.46
Accel: -0.06, -0.01, -0.98
Gyro: -1.84, 0.03, -1.31
Accel: -0.05, -0.01, -0.96
Gyro: -1.40, -0.08, -1.35
Accel: -0.06, -0.01, -0.97
Gyro: -1.50, -0.36, -1.43
Accel: -0.06, -0.01, -0.98
Gyro: -1.23, -0.27, -1.56
Accel: -0.06, -0.02, -0.99
Gyro: -1.50, 0.10, -1.73
Accel: -0.06, -0.02, -0.97
Gyro: -2.04, -0.21, -2.35
Accel: -0.06, -0.01, -0.99
Gyro: -2.13, 0.01, -2.81
Accel: -0.06, -0.00, -0.98
Gyro: -1.98, 0.43, -2.65
Accel: -0.07, -0.02, -0.98
Gyro: -1.74, 0.85, -2.72
Accel: -0.06, -0.02, -0.98
Gyro: -1.85, 1.37, -3.15
Accel: -0.06, -0.02, -0.97
Gyro: -1.92, 1.08, -3.39
Accel: -0.06, -0.01, -0.97
Gyro: -2.14, 1.25, -4.27
Accel: -0.06, -0.02, -0.97
Gyro: -2.24, 0.86, -4.59
Accel: -0.06, -0.03, -0.98
Gyro: -2.25, 1.17, -6.23
Accel: -0.06, -0.10, -0.99
Gyro: -2.19, 1.72, -11.74
Accel: -0.06, -0.12, -0.99
Gyro: -1.84, 2.12, -22.26
Accel: -0.06, -0.12, -0.98
Gyro: 0.64, 3.03, -32.38
Accel: -0.07, -0.25, -0.99
Gyro: 4.53, 2.95, -48.33
Accel: -0.10, -0.38, -1.03
Gyro: 4.72, 6.10, -78.22
Accel: -0.12, -0.35, -1.05
Gyro: 6.82, 10.33, -112.82
Accel: -0.13, -0.33, -1.05
Gyro: 15.25, 16.41, -141.98
Accel: -0.15, -0.33, -1.03
Gyro: 20.46, 20.32, -169.40
Accel: -0.17, -0.35, -1.02
Gyro: 21.97, 21.87, -195.29
Accel: -0.20, -0.39, -1.00
Gyro: 21.62, 24.67, -221.68
Accel: -0.19, -0.20, -1.03
Gyro: 19.38, 29.08, -242.79
Accel: -0.15, -0.03, -0.97
Gyro: 25.68, 30.00, -244.96
Accel: -0.12, -0.02, -0.97
Gyro: 32.18, 29.02, -242.45
Accel: -0.08, 0.03, -0.92
Gyro: 34.13, 24.63, -234.69
