Accel: -0.06, -0.02, -0.99
Gyro: -0.40, 0.66, -1.32
Accel: -0.06, -0.02, -0.97
Gyro: -1.02, 0.66, -1.43
Accel: -0.05, -0.01, -0.97
Gyro: 0.18, -0.15, -1.25
Accel: -0.06, -0.01, -0.98
Gyro: -0.43, 0.05, -1.08
Accel: -0.05, -0.01, -0.97
Gyro: -0.18, 0.24, -0.82
Accel: -0.05, -0.02, -0.97
Gyro: -0.56, -0.02, -1.14
Accel: -0.04, -0.02, -0.97
Gyro: -1.57, -0.23, -1.52
Accel: -0.04, -0.02, -0.96
Gyro: -2.21, -1.11, -2.02
Accel: -0.04, -0.03, -0.96
Gyro: -2.33, -1.75, -2.46
Accel: -0.04, -0.02, -0.97
Gyro: -2.33, -2.36, -2.72
Accel: -0.04, -0.02, -0.97
Gyro: -2.40, -3.11, -3.43
Accel: -0.05, -0.02, -0.98
Gyro: -2.38, -3.34, -3.99
Accel: -0.05, -0.02, -0.98
Gyro: -2.51, -3.01, -4.01
Accel: -0.04, -0.01, -0.98
Gyro: -2.64, -3.32, -3.62
Accel: -0.06, -0.01, -0.98
Gyro: -2.70, -2.69, -2.76
Accel: -0.05, -0.00, -0.98
Gyro: -2.17, -2.63, -1.97
Accel: -0.06, -0.01, -0.98
Gyro: -2.32, -2.01, -1.19
Accel: -0.06, -0.01, -0.99
Gyro: -2.73, -1.31, -0.60
Accel: -0.06, -0.01, -0.97
Gyro: -1.91, -1.27, -0.44
Accel: -0.05, -0.03, -0.97
Gyro: -1.57, -1.23, -0.42
Accel: -0.05, -0.03, -0.97
Gyro: -2.29, -1.57, -1.16
Accel: -0.05, -0.01, -0.97
Gyro: -1.97, -1.74, -2.03
Accel: -0.06, -0.01, -0.98
Gyro: -0.15, -2.14, -1.82
Accel: -0.06, -0.01, -0.99
Gyro: 0.54, -2.14, -1.47
Accel: -0.06, -0.02, -0.98
Gyro: -1.06, -1.79, -1.56
Accel: -0.07, -0.02, -0.97
Gyro: -1.24, -1.65, -1.49
Accel: -0.05, -0.02, -0.98
Gyro: -2.07, -1.80, -1.70
Accel: -0.07, -0.01, -0.98
Gyro: -2.72, -2.01, -1.76
Accel: -0.06, -0.02, -0.98
Gyro: -2.73, -1.59, -1.94
Accel: -0.06, -0.01, -0.98
Gyro: -2.53, -1.33, -2.54
Accel: -0.07, -0.01, -0.98
Gyro: -2.13, -0.43, -2.60
Accel: -0.06, -0.01, -0.98
Gyro: -2.38, -0.46, -2.81
Accel: -0.06, -0.01, -0.97
Gyro: -2.10, -0.91, -2.68
Accel: -0.06, -0.01, -0.97
Gyro: -2.90, -0.34, -2.88
Accel: -0.06, -0.00, -0.97
Gyro: -2.81, -0.47, -2.72
Accel: -0.06, -0.01, -0.97
Gyro: -1.95, -0.72, -1.91
Accel: -0.06, -0.02, -0.97
Gyro: -2.04, -0.79, -2.15
Accel: -0.06, -0.01, -0.97
Gyro: -2.66, -1.27, -2.54
Accel: -0.07, -0.01, -0.98
Gyro: -2.75, -1.29, -2.70
Accel: -0.07, -0.00, -0.98
Gyro: -2.62, -1.00, -2.32
Accel: -0.07, 0.01, -0.98
Gyro: -2.20, 0.11, -1.69
Accel: -0.06, -0.01, -0.98
Gyro: -1.67, 0.44, -1.39
Accel: -0.07, -0.01, -0.97
Gyro: -1.83, 0.19, -1.16
Accel: -0.06, -0.01, -0.98
Gyro: -1.59, 0.56, -0.82
Accel: -0.06, -0.02, -0.97
Gyro: -1.48, 0.38, -0.88
Accel: -0.06, -0.01, -0.97
Gyro: -1.65, 0.05, -1.10
Accel: -0.06, -0.02, -0.98
Gyro: -1.89, -0.03, -1.69
Accel: -0.05, -0.01, -0.98
Gyro: -1.57, -0.14, -2.00
Accel: -0.05, -0.01, -0.98
Gyro: -1.51, -0.40, -1.82
Accel: -0.05, -0.01, -0.97
Gyro: -1.49, -0.53, -2.04
Accel: -0.05, -0.02, -0.98
Gyro: -1.55, -0.92, -2.56
Accel: -0.05, -0.02, -0.97
Gyro: -1.55, -0.49, -2.46
Accel: -0.05, -0.02, -0.97
Gyro: -1.16, -0.88, -3.24
Accel: -0.05, -0.02, -0.97
Gyro: -0.88, -0.92, -4.30
Accel: -0.06, -0.00, -0.97
Gyro: -0.61, -0.73, -4.59
Accel: -0.06, -0.01, -0.98
Gyro: 0.02, -0.86, -4.19
Accel: -0.06, -0.02, -0.96
Gyro: -0.94, -0.55, -3.30
Accel: -0.06, 0.00, -0.98
Gyro: -2.72, -0.45, -2.54
Accel: -0.06, 0.07, -1.00
Gyro: -3.79, -0.01, 1.74
Accel: -0.06, 0.01, -0.98
Gyro: -3.93, 0.33, 9.34
Accel: -0.06, -0.05, -0.96
Gyro: -6.00, -0.66, 7.10
Accel: -0.07, -0.03, -0.98
Gyro: -6.65, -0.19, 4.48
Accel: -0.08, -0.01, -0.98
Gyro: -4.86, 0.31, 2.62
Accel: -0.08, -0.01, -0.99
Gyro: -2.89, 1.26, 1.07
Accel: -0.06, -0.01, -0.97
Gyro: -1.68, 1.96, 0.08
Accel: -0.05, -0.02, -0.96
Gyro: 0.05, 1.16, -0.96
Accel: -0.05, -0.03, -0.95
Gyro: -0.66, 0.57, -2.72
Accel: -0.06, -0.01, -0.97
Gyro: -0.66, 0.37, -3.25
Accel: -0.05, -0.02, -0.98
Gyro: -0.96, 0.42, -3.42
Accel: -0.06, -0.03, -0.97
Gyro: -1.32, 0.37, -3.52
Accel: -0.04, -0.01, -0.97
Gyro: -2.72, 0.35, -4.36
Accel: -0.06, 0.01, -0.97
Gyro: -2.04, -0.60, -3.86
Accel: -0.06, -0.02, -0.98
Gyro: -1.54, -0.79, -3.86
Accel: -0.06, -0.02, -0.99
Gyro: -1.40, -0.72, -4.82
Accel: -0.06, -0.00, -0.99
Gyro: -2.35, -0.25, -5.25
Accel: -0.06, 0.01, -0.97
Gyro: -2.04, -0.24, -4.89
Accel: -0.06, 0.01, -0.98
Gyro: -1.86, 0.19, -3.99
Accel: -0.06, -0.00, -0.97
Gyro: -1.75, 0.30, -3.56
Accel: -0.06, -0.00, -0.97
Gyro: -2.06, 0.62, -3.90
Accel: -0.06, -0.01, -0.97
Gyro: -1.56, 0.63, -4.34
Accel: -0.05, -0.04, -0.98
Gyro: -0.82, 0.27, -6.51
Accel: -0.06, -0.06, -0.98
Gyro: 0.43, 0.90, -10.89
Accel: -0.05, -0.07, -0.99
Gyro: 3.36, 1.98, -16.08
Accel: -0.05, -0.16, -0.98
Gyro: 4.66, 2.35, -26.01
Accel: -0.06, -0.28, -1.00
Gyro: 6.71, 2.94, -47.15
Accel: -0.09, -0.45, -0.99
Gyro: 11.39, 4.07, -81.70
Accel: -0.14, -0.61, -1.05
Gyro: 16.30, 7.61, -132.29
Accel: -0.20, -0.55, -1.15
Gyro: 19.33, 19.80, -187.78
Accel: -0.21, -0.36, -1.06
Gyro: 29.81, 29.79, -225.67
Accel: -0.21, -0.27, -0.98
Gyro: 43.13, 29.13, -249.76
Accel: -0.20, -0.17, -0.96
Gyro: 40.53, 27.97, -250.00
Accel: -0.17, -0.02, -0.89
Gyro: 47.07, 23.48, -250.00
Accel: -0.14, 0.06, -0.98
Gyro: 46.80, 20.29, -248.63
Accel: -0.07, 0.18, -0.96
Gyro: 39.77, 16.70, -226.14
Accel: -0.00, 0.20, -0.90
Gyro: 40.37, 10.53, -193.74
Accel: 0.02, 0.15, -0.90
Gyro: 27.89, 5.75, -164.11
Accel: 0.05, 0.12, -0.92
Gyro: 19.24, -0.23, -134.61
Accel: 0.06, 0.11, -0.97
Gyro: 7.35, -3.47, -106.35
Accel: 0.06, 0.06, -0.96
Gyro: 8.09, -4.46, -83.76
Accel: 0.06, 0.02, -0.99
Gyro: -1.53, -4.88, -66.75
Accel: 0.09, 0.05, -0.95
Gyro: 0.88, -9.53, -50.82
Accel: 0.07, 0.05, -1.00
Gyro: -1.69, -12.70, -33.69
Accel: 0.04, 0.00, -1.06
Gyro: -5.07, -8.51, -20.55
Accel: 0.06, 0.03, -0.93
Gyro: -9.38, -6.38, -10.31
Accel: 0.10, 0.03, -0.94
Gyro: -14.49, -8.00, 2.42
Accel: 0.05, 0.01, -1.04
Gyro: -5.09, -7.87, 12.11
Accel: 0.05, 0.04, -1.04
Gyro: -3.75, -3.37, 24.48
Accel: 0.05, 0.05, -1.02
Gyro: -2.09, 0.25, 38.62
Accel: 0.06, 0.03, -0.94
Gyro: -4.47, -0.46, 52.36
Accel: 0.05, 0.08, -0.97
Gyro: -7.80, -3.29, 70.12
Accel: 0.05, 0.16, -0.96
Gyro: -7.78, -5.39, 94.11
Accel: 0.02, 0.25, -0.94
Gyro: -3.03, -5.26, 124.79
Accel: -0.06, 0.25, -1.03
Gyro: -11.66, 0.68, 159.99
Accel: -0.07, 0.03, -0.93
Gyro: -23.78, 5.69, 184.20
Accel: -0.07, -0.11, -0.86
Gyro: -31.30, -1.54, 188.54
Accel: -0.08, -0.10, -0.95
Gyro: -32.00, -8.67, 187.42
Accel: -0.09, -0.03, -1.05
Gyro: -30.27, -9.74, 190.03
Accel: -0.10, 0.02, -0.98
Gyro: -25.52, -9.81, 197.12
Accel: -0.16, -0.08, -0.94
Gyro: -11.27, -11.41, 204.73
Accel: -0.16, -0.31, -1.02
Gyro: -21.48, -10.95, 193.50
Accel: -0.15, -0.40, -1.00
Gyro: -29.13, -10.58, 162.95
Accel: -0.12, -0.19, -1.03
Gyro: -25.25, -7.51, 139.31
Accel: -0.09, -0.12, -0.97
Gyro: -22.55, -5.94, 130.71
Accel: -0.06, -0.25, -0.90
Gyro: -13.39, -12.22, 120.41
Accel: -0.07, -0.32, -0.94
Gyro: -14.74, -16.42, 99.20
Accel: -0.11, -0.23, -1.08
Gyro: -13.54, -9.70, 81.96
Accel: -0.08, -0.17, -1.02
Gyro: -9.65, -2.94, 69.85
Accel: -0.07, -0.18, -0.97
Gyro: -7.77, -3.72, 59.44
Accel: -0.07, -0.23, -0.97
Gyro: -8.07, -5.55, 45.18
Accel: -0.09, -0.21, -1.05
Gyro: -9.77, -2.98, 29.43
Accel: -0.09, -0.16, -1.06
Gyro: -8.71, 5.00, 18.76
Accel: -0.08, -0.12, -1.01
Gyro: -8.11, 9.24, 11.54
Accel: -0.06, -0.10, -0.97
Gyro: -8.58, 10.57, 6.70
Accel: -0.04, -0.07, -0.93
Gyro: -6.60, 7.39, 1.98
Accel: -0.05, -0.03, -0.97
Gyro: -4.61, 5.08, -1.13
Accel: -0.05, -0.01, -0.97
Gyro: -4.07, 5.33, -0.82
Accel: -0.03, -0.03, -0.95
Gyro: -2.60, 2.21, -1.28
Accel: -0.03, -0.04, -0.93
Gyro: -3.36, -0.58, -2.48
Accel: -0.03, -0.04, -0.95
Gyro: -3.60, -3.14, -4.05
Accel: -0.03, -0.02, -0.97
Gyro: -4.71, -2.65, -5.20
Accel: -0.03, -0.01, -0.94
Gyro: -3.46, -3.89, -4.78
Accel: -0.03, -0.01, -0.95
Gyro: -3.23, -6.81, -5.26
Accel: -0.04, -0.02, -0.98
Gyro: -3.83, -7.42, -5.81
Accel: -0.06, -0.01, -0.98
Gyro: -3.09, -7.57, -5.81
Accel: -0.06, -0.01, -0.99
Gyro: -1.28, -7.77, -5.84
Accel: -0.06, -0.01, -0.99
Gyro: 0.42, -6.65, -5.48
Accel: -0.07, -0.02, -0.98
Gyro: 1.56, -5.59, -5.12
Accel: -0.07, -0.03, -0.99
Gyro: 2.32, -5.31, -5.39
Accel: -0.07, -0.03, -0.98
Gyro: 0.41, -4.19, -4.93
Accel: -0.07, -0.02, -0.98
Gyro: -0.87, -4.36, -4.98
Accel: -0.08, -0.01, -0.99
Gyro: -1.93, -3.33, -4.03
