Accel: -0.04, -0.25, -0.98
Gyro: 29.83, 16.32, -159.37
Accel: -0.05, -0.32, -0.98
Gyro: 31.37, 15.75, -180.97
Accel: -0.06, -0.32, -0.98
Gyro: 33.01, 15.01, -201.41
Accel: -0.07, -0.28, -1.01
Gyro: 32.94, 16.53, -220.51
Accel: -0.06, -0.21, -0.96
Gyro: 34.78, 15.29, -231.74
Accel: -0.05, -0.22, -0.98
Gyro: 38.10, 13.32, -240.12
Accel: -0.05, -0.05, -0.94
Gyro: 29.98, 13.28, -241.07
Accel: 0.01, 0.03, -0.90
Gyro: 29.56, 10.00, -228.89
Accel: 0.03, 0.07, -0.92
Gyro: 26.60, 5.49, -211.14
Accel: 0.04, 0.11, -0.95
Gyro: 15.82, 2.44, -189.83
Accel: 0.04, 0.17, -0.92
Gyro: 8.49, 0.94, -163.31
Accel: 0.03, 0.22, -0.90
Gyro: 23.88, 0.99, -131.96
Accel: 0.09, 0.23, -0.96
Gyro: 15.21, -0.40, -107.62
Accel: 0.10, 0.22, -0.93
Gyro: 12.04, -4.86, -80.24
Accel: 0.08, 0.20, -0.97
Gyro: 6.39, -10.09, -54.90
Accel: 0.08, 0.15, -1.01
Gyro: -0.74, -10.31, -32.87
Accel: 0.08, 0.15, -1.01
Gyro: -3.85, -7.68, -14.79
Accel: 0.08, 0.11, -0.96
Gyro: -5.25, -8.22, 1.53
Accel: 0.08, 0.10, -0.99
Gyro: -7.23, -8.32, 12.52
Accel: 0.07, 0.11, -1.04
Gyro: -2.85, -3.97, 23.66
Accel: 0.09, 0.13, -0.99
Gyro: -1.50, -0.51, 37.65
Accel: 0.10, 0.13, -0.96
Gyro: -5.49, -1.07, 54.85
Accel: 0.10, 0.15, -0.97
Gyro: -11.42, -2.92, 75.59
Accel: 0.09, 0.17, -0.97
Gyro: -18.73, -5.77, 100.65
Accel: 0.08, 0.13, -0.95
Gyro: -25.37, -9.31, 123.63
Accel: 0.05, 0.21, -0.97
Gyro: -24.49, -11.67, 145.75
Accel: -0.02, 0.14, -0.93
Gyro: -15.38, -14.40, 171.61
Accel: -0.05, -0.10, -0.98
Gyro: -21.16, -15.63, 180.93
Accel: -0.04, -0.06, -1.04
Gyro: -37.41, -12.99, 179.92
Accel: -0.06, -0.03, -1.04
Gyro: -33.10, -11.09, 181.45
Accel: -0.07, -0.03, -1.02
Gyro: -33.91, -7.82, 178.60
Accel: -0.09, -0.13, -0.95
Gyro: -31.10, -8.15, 175.77
Accel: -0.07, -0.25, -1.00
Gyro: -36.38, -8.20, 159.03
Accel: -0.05, -0.11, -1.07
Gyro: -44.45, -2.27, 142.80
Accel: -0.01, 0.03, -0.97
Gyro: -41.76, -1.50, 140.41
Accel: 0.00, 0.11, -0.93
Gyro: -35.74, -4.71, 145.94
Accel: -0.01, 0.03, -0.88
Gyro: -22.88, -11.06, 151.62
Accel: -0.04, -0.13, -0.95
Gyro: -14.69, -14.47, 145.58
Accel: -0.03, -0.11, -1.03
Gyro: -21.02, -12.97, 133.70
Accel: -0.01, -0.03, -1.03
Gyro: -18.39, -9.95, 128.22
Accel: -0.01, -0.02, -0.99
Gyro: -11.31, -7.84, 125.48
Accel: -0.03, -0.13, -0.95
Gyro: -4.29, -8.32, 118.01
Accel: -0.01, -0.23, -0.97
Gyro: -6.49, -9.03, 100.74
Accel: -0.00, -0.16, -1.00
Gyro: -8.00, -9.00, 83.34
Accel: 0.00, -0.09, -1.01
Gyro: -0.91, -8.06, 73.47
Accel: 0.00, -0.10, -0.98
Gyro: 5.59, -7.42, 64.89
Accel: -0.01, -0.19, -0.96
Gyro: 7.55, -6.19, 53.99
Accel: -0.00, -0.24, -0.98
Gyro: 4.53, -6.35, 36.97
Accel: -0.01, -0.16, -1.02
Gyro: 0.65, -4.41, 21.63
Accel: 0.00, -0.10, -1.00
Gyro: 1.33, -1.98, 13.47
Accel: 0.00, -0.08, -0.99
Gyro: 3.20, -0.48, 7.61
Accel: 0.01, -0.09, -0.97
Gyro: 3.28, -0.18, 1.66
Accel: -0.00, -0.09, -0.99
Gyro: 1.84, 0.64, -4.30
Accel: 0.01, -0.05, -0.99
Gyro: 1.69, 1.01, -7.29
Accel: 0.02, -0.02, -0.97
Gyro: 2.23, 0.27, -7.81
Accel: 0.01, -0.01, -0.98
Gyro: 3.06, -0.10, -6.77
Accel: 0.01, -0.02, -0.96
Gyro: 2.94, -1.02, -5.24
Accel: 0.01, -0.03, -0.98
Gyro: 1.51, -1.88, -4.26
Accel: 0.01, -0.03, -0.99
Gyro: -0.34, -1.77, -4.25
Accel: -0.00, -0.02, -1.01
Gyro: -0.79, -0.85, -4.20
Accel: 0.00, -0.01, -0.98
Gyro: -1.21, 0.95, -3.11
Accel: 0.01, -0.02, -0.98
Gyro: -1.20, 0.71, -2.45
Accel: 0.01, -0.03, -0.96
Gyro: -1.72, -0.66, -3.32
Accel: 0.01, -0.03, -0.95
Gyro: -1.41, -2.01, -3.80
Accel: 0.00, -0.03, -0.98
Gyro: -2.17, -2.23, -5.53
Accel: 0.00, -0.02, -1.00
Gyro: -2.90, -0.74, -7.11
Accel: 0.01, 0.01, -0.99
Gyro: -1.79, -0.46, -6.50
Accel: 0.01, -0.01, -0.98
Gyro: -0.19, -1.14, -5.47
Accel: 0.01, -0.02, -0.98
Gyro: -0.82, -1.50, -5.37
Accel: 0.00, -0.02, -0.98
Gyro: -1.68, -1.14, -5.21
Accel: -0.00, 0.00, -1.00
Gyro: -2.34, 0.06, -4.68
Accel: -0.00, 0.00, -0.99
Gyro: -0.91, 0.92, -3.98
Accel: 0.00, -0.01, -0.98
Gyro: -0.41, 0.84, -3.55
Accel: 0.01, -0.02, -0.98
Gyro: -0.66, 0.96, -3.63
Accel: 0.00, -0.02, -0.97
Gyro: -1.08, 0.69, -4.25
Accel: 0.02, -0.00, -0.97
Gyro: -1.02, 0.05, -3.78
Accel: 0.02, -0.00, -0.96
Gyro: -0.77, -0.92, -3.17
Accel: 0.01, -0.02, -0.99
Gyro: -0.82, -0.93, -2.62
Accel: 0.02, -0.02, -0.97
Gyro: -3.50, 0.40, -3.66
Accel: 0.02, -0.01, -0.98
Gyro: -2.38, -0.18, -3.59
Accel: 0.02, -0.01, -0.97
Gyro: -1.34, -0.67, -3.27
Accel: 0.01, -0.02, -0.97
Gyro: -1.69, -1.14, -3.27
Accel: 0.00, -0.03, -0.98
Gyro: -2.30, -0.77, -3.24
Accel: 0.00, -0.01, -0.98
Gyro: -2.91, -0.14, -3.79
Accel: 0.01, 0.00, -0.99
Gyro: -2.33, 0.61, -2.91
Accel: 0.02, -0.01, -0.98
Gyro: -1.27, -0.11, -2.91
Accel: 0.01, -0.01, -0.98
Gyro: -1.35, 0.32, -2.28
Accel: 0.02, -0.02, -0.96
Gyro: -1.12, -0.04, -1.82
Accel: 0.01, -0.02, -0.98
Gyro: -1.47, -0.38, -1.79
Accel: 0.01, -0.02, -0.98
Gyro: -1.35, -0.49, -1.89
Accel: 0.01, -0.02, -0.97
Gyro: -1.75, -0.42, -1.46
Accel: 0.01, -0.03, -0.98
Gyro: -2.47, -0.54, -1.69
Accel: 0.02, -0.02, -0.97
Gyro: -2.57, -1.29, -2.37
Accel: 0.01, -0.02, -0.98
Gyro: -2.26, -1.68, -2.75
Accel: 0.01, -0.02, -0.98
Gyro: -1.98, -1.21, -2.84
Accel: 0.01, -0.01, -0.98
Gyro: -2.18, -1.09, -3.07
Accel: 0.01, -0.02, -0.97
Gyro: -2.37, -1.66, -3.01
Accel: 0.02, -0.02, -0.98
Gyro: -2.17, -2.46, -3.11
Accel: 0.00, -0.02, -0.99
Gyro: -2.33, -1.85, -3.32
Accel: 0.01, -0.02, -0.99
Gyro: -2.60, -1.03, -3.68
Accel: 0.00, -0.02, -0.98
Gyro: -2.08, -0.40, -3.65
Accel: 0.01, -0.03, -0.97
Gyro: -2.56, -0.81, -4.41
Accel: 0.01, -0.01, -0.98
Gyro: -3.15, -1.27, -5.30
Accel: 0.02, -0.00, -0.97
Gyro: -1.57, -1.22, -4.62
Accel: 0.02, -0.00, -0.97
Gyro: -0.15, -1.88, -3.62
Accel: 0.01, -0.00, -0.98
Gyro: 0.05, -2.48, -3.49
Accel: 0.00, -0.00, -0.98
Gyro: -0.19, -2.41, -3.30
Accel: 0.00, -0.00, -0.99
Gyro: -0.62, -1.79, -2.83
Accel: -0.00, -0.01, -1.00
Gyro: -0.72, -0.88, -2.44
Accel: 0.00, -0.01, -0.99
Gyro: -0.85, -0.20, -1.65
Accel: 0.00, -0.01, -0.98
Gyro: -1.13, -0.21, -1.14
Accel: 0.00, -0.02, -0.98
Gyro: -1.82, -0.20, -1.63
Accel: 0.01, -0.02, -0.99
Gyro: -1.91, -0.68, -2.11
Accel: 0.01, -0.01, -0.98
Gyro: -1.49, -0.85, -2.21
Accel: -0.00, -0.02, -0.99
Gyro: -1.80, -0.90, -2.33
Accel: 0.00, -0.01, -0.99
Gyro: -2.38, 0.05, -2.91
Accel: 0.01, -0.00, -0.98
Gyro: -1.21, -0.26, -2.49
Accel: 0.00, -0.01, -0.98
Gyro: -0.23, -0.98, -2.07
Accel: -0.00, -0.02, -0.99
Gyro: -0.30, -0.76, -2.23
Accel: 0.00, -0.02, -0.98
Gyro: -0.93, -1.10, -2.34
Accel: -0.00, -0.01, -0.98
Gyro: -0.98, -1.20, -2.17
Accel: -0.01, -0.02, -0.98
Gyro: -1.02, -0.76, -1.91
Accel: 0.00, -0.03, -0.99
Gyro: -1.40, 0.04, -2.24
Accel: 0.00, -0.01, -0.98
Gyro: -1.15, 0.02, -2.27
Accel: 0.01, -0.02, -0.98
Gyro: -1.01, 0.20, -2.01
Accel: 0.02, -0.01, -0.98
Gyro: -0.74, -0.35, -1.78
Accel: 0.01, -0.02, -0.97
Gyro: -0.71, -1.26, -1.89
Accel: 0.01, -0.03, -0.98
Gyro: -1.18, -0.59, -2.59
Accel: 0.01, -0.02, -0.97
Gyro: -1.64, -0.97, -2.80
Accel: 0.01, -0.03, -0.97
Gyro: -1.64, -1.30, -2.86
Accel: 0.02, -0.03, -0.96
Gyro: -1.63, -2.14, -3.33
Accel: 0.02, -0.05, -0.96
Gyro: -0.89, -2.95, -6.21
Accel: 0.02, -0.04, -0.95
Gyro: 0.82, -4.26, -9.10
Accel: 0.03, -0.02, -0.94
Gyro: 3.06, -6.55, -10.89
Accel: 0.01, -0.00, -0.97
Gyro: 3.78, -7.60, -10.60
Accel: -0.00, -0.01, -0.99
Gyro: 3.24, -6.61, -9.11
Accel: -0.01, -0.02, -0.99
Gyro: 1.61, -5.45, -7.65
Accel: -0.02, -0.02, -1.00
Gyro: -0.27, -4.18, -6.25
Accel: -0.02, -0.02, -0.99
Gyro: -1.83, -3.48, -4.01
Accel: -0.02, -0.01, -0.99
Gyro: -3.75, -2.89, -2.72
Accel: -0.02, 0.01, -1.00
Gyro: -3.35, -1.65, -1.10
Accel: -0.02, -0.01, -1.00
Gyro: -1.87, -1.11, 0.20
Accel: -0.02, -0.03, -0.99
Gyro: -1.63, -1.01, -0.42
Accel: -0.02, -0.03, -0.99
Gyro: -1.24, -0.13, -1.28
Accel: -0.01, -0.02, -0.98
Gyro: -0.88, -0.15, -1.21
Accel: -0.02, -0.03, -0.97
Gyro: -0.92, -0.75, -0.73
Accel: -0.01, -0.03, -0.98
Gyro: -1.15, -0.02, -0.43
Accel: -0.01, -0.03, -0.97
Gyro: -1.95, 0.04, -0.72
Accel: -0.01, -0.04, -0.97
Gyro: -2.07, 0.57, -0.82
Accel: -0.00, -0.03, -0.97
Gyro: -2.09, 0.50, -1.36
Accel: -0.00, -0.03, -0.97
Gyro: -1.99, -0.37, -2.19
