Accel: -0.05, -0.01, -0.98
Gyro: 0.69, 0.61, -0.41
Accel: -0.04, -0.02, -0.98
Gyro: 0.73, 1.33, 0.11
Accel: -0.04, -0.03, -0.97
Gyro: 0.47, 1.01, -0.06
Accel: -0.03, -0.03, -0.97
Gyro: -0.43, 0.44, -1.03
Accel: -0.03, -0.03, -0.97
Gyro: -0.96, -0.26, -1.34
Accel: -0.03, -0.03, -0.97
Gyro: -0.96, -0.49, -1.31
Accel: -0.03, -0.03, -0.97
Gyro: -1.31, -0.27, -1.34
Accel: -0.03, -0.03, -0.97
Gyro: -1.90, -0.05, -1.78
Accel: -0.03, -0.02, -0.98
Gyro: -1.93, -0.24, -1.78
Accel: -0.04, -0.03, -0.97
Gyro: -1.67, -0.57, -2.06
Accel: -0.03, -0.03, -0.97
Gyro: -1.48, -0.91, -2.08
Accel: -0.03, -0.03, -0.97
Gyro: -2.04, -1.58, -2.35
Accel: -0.04, -0.02, -0.97
Gyro: -2.17, -1.66, -2.18
Accel: -0.05, -0.02, -0.98
Gyro: -2.18, -2.05, -1.72
Accel: -0.04, -0.02, -0.97
Gyro: -2.50, -1.66, -1.45
Accel: -0.04, -0.02, -0.99
Gyro: -2.78, -1.11, -1.58
Accel: -0.05, -0.01, -0.99
Gyro: -2.21, -0.97, -1.34
Accel: -0.05, -0.02, -0.98
Gyro: -2.01, -0.58, -1.24
Accel: -0.05, -0.02, -0.98
Gyro: -2.17, 0.42, -1.88
Accel: -0.05, -0.01, -0.98
Gyro: -2.30, 1.35, -2.51
Accel: -0.05, 0.02, -0.98
Gyro: -2.08, 1.76, -0.58
Accel: -0.04, 0.01, -0.97
Gyro: -1.11, 1.91, 1.66
Accel: -0.04, -0.05, -0.96
Gyro: -1.16, 1.39, 2.50
Accel: -0.04, -0.05, -0.99
Gyro: -3.49, 2.72, -0.01
Accel: -0.03, -0.02, -0.98
Gyro: -2.71, 2.46, -0.67
Accel: -0.02, 0.00, -0.97
Gyro: -0.31, 1.48, 0.09
Accel: -0.02, -0.02, -0.97
Gyro: 0.35, 0.19, 0.50
Accel: -0.03, -0.05, -0.97
Gyro: -0.10, -1.24, -0.65
Accel: -0.03, -0.05, -0.97
Gyro: -1.01, -1.23, -1.71
Accel: -0.03, -0.02, -0.96
Gyro: -1.31, -1.15, -2.37
Accel: -0.03, -0.03, -0.96
Gyro: -0.60, -1.72, -2.11
Accel: -0.03, -0.03, -0.96
Gyro: -1.05, -2.55, -1.66
Accel: -0.02, -0.04, -0.96
Gyro: -2.31, -2.90, -1.85
Accel: -0.03, -0.03, -0.98
Gyro: -2.66, -3.03, -2.21
Accel: -0.04, -0.01, -0.98
Gyro: -2.13, -3.07, -2.17
Accel: -0.04, -0.02, -0.99
Gyro: -1.79, -3.52, -1.89
Accel: -0.04, -0.02, -0.98
Gyro: -2.06, -2.99, -2.17
Accel: -0.05, -0.01, -0.98
Gyro: -1.56, -2.72, -1.55
Accel: -0.05, -0.03, -0.99
Gyro: -1.64, -1.72, -1.45
Accel: -0.05, -0.03, -0.99
Gyro: -1.75, -1.10, -1.76
Accel: -0.05, -0.02, -0.99
Gyro: -1.98, -0.57, -2.16
Accel: -0.05, -0.02, -0.98
Gyro: -1.90, -0.21, -2.16
Accel: -0.04, -0.01, -0.98
Gyro: -1.16, 0.20, -1.60
Accel: -0.04, -0.02, -0.98
Gyro: -0.82, 0.88, -1.13
Accel: -0.03, -0.02, -0.98
Gyro: -1.04, 1.36, -0.56
Accel: -0.03, -0.02, -0.98
Gyro: -1.17, 1.26, -0.60
Accel: -0.04, -0.02, -0.97
Gyro: -0.79, 0.98, -0.53
Accel: -0.03, -0.04, -0.98
Gyro: -1.29, 0.32, -1.03
Accel: -0.03, -0.03, -0.97
Gyro: -2.03, 0.40, -2.00
Accel: -0.04, -0.04, -0.97
Gyro: -2.08, 0.05, -2.62
Accel: -0.03, -0.03, -0.97
Gyro: -2.37, -0.61, -2.90
Accel: -0.03, -0.03, -0.98
Gyro: -2.30, -0.52, -3.19
Accel: -0.04, -0.03, -0.98
Gyro: -2.82, -0.14, -3.56
Accel: -0.05, -0.04, -0.97
Gyro: -3.06, -0.54, -4.67
Accel: -0.04, -0.09, -0.98
Gyro: -3.04, -0.37, -7.51
Accel: -0.04, -0.11, -0.98
Gyro: -1.82, 0.11, -16.24
Accel: -0.04, -0.09, -0.99
Gyro: 1.00, 0.09, -24.68
Accel: -0.04, -0.11, -0.98
Gyro: 3.78, 1.17, -31.49
Accel: -0.05, -0.18, -0.98
Gyro: 3.96, 1.65, -42.05
Accel: -0.05, -0.19, -0.99
Gyro: 2.85, 2.46, -56.40
Accel: -0.06, -0.25, -1.01
Gyro: 4.43, 3.22, -72.67
Accel: -0.07, -0.38, -1.00
Gyro: 8.58, 4.94, -98.56
Accel: -0.09, -0.52, -1.03
Gyro: 12.41, 8.32, -140.59
Accel: -0.14, -0.49, -1.01
Gyro: 18.42, 11.44, -184.36
Accel: -0.16, -0.43, -0.99
Gyro: 24.69, 13.13, -220.52
Accel: -0.19, -0.38, -0.99
Gyro: 29.21, 14.34, -249.32
Accel: -0.23, -0.32, -0.99
Gyro: 31.52, 16.27, -250.00
Accel: -0.21, -0.13, -1.02
Gyro: 30.11, 20.07, -250.00
Accel: -0.15, 0.00, -0.97
Gyro: 36.37, 18.26, -250.00
Accel: -0.11, 0.01, -0.92
Gyro: 40.86, 10.20, -250.00
Accel: -0.10, 0.07, -0.96
Gyro: 39.65, 6.70, -244.33
Accel: -0.04, 0.12, -1.03
Gyro: 35.35, 3.90, -220.13
Accel: 0.02, 0.20, -0.96
Gyro: 29.45, -0.22, -189.94
Accel: 0.03, 0.22, -0.89
Gyro: 15.52, -2.55, -151.88
Accel: 0.01, 0.14, -0.88
Gyro: -6.97, -8.00, -113.20
Accel: 0.03, 0.19, -1.02
Gyro: 0.92, -7.04, -80.22
Accel: 0.05, 0.21, -0.94
Gyro: -3.56, -12.99, -51.47
Accel: 0.04, 0.16, -0.96
Gyro: 3.30, -18.51, -27.56
Accel: 0.02, 0.04, -0.97
Gyro: -1.25, -19.71, -12.38
Accel: -0.00, 0.02, -1.05
Gyro: -4.10, -16.34, -4.17
Accel: 0.01, 0.02, -1.03
Gyro: -2.41, -10.83, 3.62
Accel: 0.03, -0.03, -1.00
Gyro: -0.35, -8.17, 8.53
Accel: 0.04, -0.03, -0.97
Gyro: 0.72, -7.83, 13.82
Accel: 0.03, 0.02, -1.02
Gyro: -0.39, -5.23, 23.83
Accel: 0.03, 0.03, -1.02
Gyro: 3.83, -6.60, 36.52
Accel: 0.03, 0.05, -1.00
Gyro: -4.65, -2.93, 52.30
Accel: 0.04, 0.14, -1.01
Gyro: -6.18, -1.49, 72.72
Accel: 0.03, 0.19, -0.99
Gyro: -7.73, -2.57, 102.39
Accel: 0.00, 0.20, -0.92
Gyro: -7.51, -5.60, 134.98
Accel: -0.04, 0.22, -0.91
Gyro: -11.02, -11.82, 168.50
Accel: -0.12, 0.17, -0.96
Gyro: -14.12, -13.95, 199.05
Accel: -0.20, -0.00, -1.00
Gyro: -15.79, -13.55, 217.18
Accel: -0.21, -0.12, -1.03
Gyro: -25.47, -8.00, 219.80
Accel: -0.21, -0.18, -1.02
Gyro: -34.61, -4.08, 213.68
Accel: -0.20, -0.10, -0.99
Gyro: -39.90, -1.72, 208.72
Accel: -0.20, -0.25, -0.96
Gyro: -31.84, -2.38, 200.17
Accel: -0.16, -0.35, -1.02
Gyro: -29.11, -0.37, 174.40
Accel: -0.12, -0.13, -1.04
Gyro: -36.42, 4.96, 156.52
Accel: -0.10, -0.04, -0.94
Gyro: -27.92, 3.66, 154.08
Accel: -0.09, -0.14, -0.93
Gyro: -19.03, -2.40, 149.50
Accel: -0.08, -0.23, -0.93
Gyro: -15.11, -6.19, 131.88
Accel: -0.10, -0.12, -1.01
Gyro: -11.04, -6.49, 117.48
Accel: -0.08, -0.09, -0.98
Gyro: -6.02, -3.91, 111.56
Accel: -0.06, -0.13, -0.94
Gyro: -4.07, -4.70, 103.63
Accel: -0.07, -0.15, -0.96
Gyro: -5.17, -5.74, 93.27
Accel: -0.08, -0.19, -0.98
Gyro: -5.91, -4.26, 81.71
Accel: -0.07, -0.20, -1.00
Gyro: -9.21, -1.82, 67.67
Accel: -0.05, -0.15, -0.97
Gyro: -8.45, -1.17, 55.46
Accel: -0.05, -0.09, -0.97
Gyro: -4.89, -2.94, 46.68
Accel: -0.05, -0.09, -0.96
Gyro: 1.35, -4.99, 40.23
Accel: -0.06, -0.10, -0.96
Gyro: 2.88, -6.61, 32.53
Accel: -0.07, -0.09, -0.97
Gyro: 2.11, -8.09, 24.74
Accel: -0.07, -0.05, -1.01
Gyro: 1.56, -7.01, 20.57
Accel: -0.08, -0.07, -1.00
Gyro: 0.56, -4.49, 18.22
Accel: -0.08, -0.13, -0.97
Gyro: -1.93, -4.19, 9.93
Accel: -0.08, -0.10, -0.98
Gyro: -3.83, -4.66, -0.27
Accel: -0.09, -0.04, -1.01
Gyro: -2.43, -3.01, -5.45
Accel: -0.09, -0.02, -1.00
Gyro: 0.30, -0.49, -7.13
Accel: -0.07, -0.03, -0.96
Gyro: 2.21, -0.44, -8.80
Accel: -0.07, -0.03, -0.96
Gyro: 2.32, -1.34, -10.22
Accel: -0.07, -0.01, -0.97
Gyro: 3.15, -2.40, -11.33
Accel: -0.07, 0.01, -0.97
Gyro: 4.79, -2.27, -10.27
Accel: -0.07, 0.01, -0.97
Gyro: 4.92, -1.41, -7.55
Accel: -0.07, -0.03, -0.96
Gyro: 4.56, -1.88, -6.39
Accel: -0.06, -0.04, -0.96
Gyro: 1.28, -2.27, -7.65
Accel: -0.07, -0.01, -0.98
Gyro: -0.68, -2.81, -7.59
Accel: -0.07, -0.00, -0.99
Gyro: -1.05, -1.88, -6.15
Accel: -0.08, -0.01, -0.98
Gyro: -0.67, -1.65, -5.34
Accel: -0.08, -0.01, -0.98
Gyro: -0.60, -2.10, -4.87
Accel: -0.07, -0.02, -0.96
Gyro: -0.72, -2.73, -5.27
Accel: -0.09, -0.03, -0.97
Gyro: -1.04, -3.40, -6.77
Accel: -0.08, -0.03, -0.99
Gyro: -1.48, -3.01, -7.67
Accel: -0.08, -0.02, -0.98
Gyro: -1.76, -2.34, -8.44
Accel: -0.09, -0.02, -0.97
Gyro: -2.38, -1.86, -8.04
Accel: -0.08, -0.02, -0.98
Gyro: -2.36, -1.66, -7.67
Accel: -0.08, -0.01, -0.97
Gyro: -4.34, -1.57, -7.37
Accel: -0.08, 0.00, -0.98
Gyro: -3.40, -1.61, -6.46
Accel: -0.08, -0.01, -0.99
Gyro: -1.11, -2.22, -5.66
Accel: -0.09, -0.03, -0.97
Gyro: -0.68, -1.82, -5.70
Accel: -0.08, -0.03, -0.98
Gyro: 0.02, -1.28, -6.49
Accel: -0.08, -0.02, -0.98
Gyro: -0.84, -0.72, -6.26
Accel: -0.08, -0.01, -0.97
Gyro: -0.14, -0.95, -5.00
Accel: -0.07, -0.03, -0.98
Gyro: -1.23, -0.40, -3.60
Accel: -0.06, -0.06, -0.93
Gyro: -2.58, -1.67, -4.57
Accel: -0.06, -0.06, -0.94
Gyro: -4.66, -4.12, -6.69
Accel: -0.07, -0.03, -0.97
Gyro: -5.24, -4.59, -8.17
Accel: -0.09, -0.02, -0.99
Gyro: -5.58, -3.06, -8.34
Accel: -0.10, -0.01, -0.98
Gyro: -4.44, -2.27, -7.97
Accel: -0.08, 0.00, -0.98
Gyro: -5.31, -1.94, -7.19
Accel: -0.08, 0.01, -0.97
Gyro: -4.44, -2.13, -5.73
Accel: -0.09, -0.00, -0.98
Gyro: -3.39, -1.93, -4.25
