Accel: -0.19, -0.14, -1.02
Gyro: -7.97, -6.40, 96.87
Accel: -0.17, -0.06, -0.97
Gyro: 6.45, -5.23, 90.70
Accel: -0.16, -0.17, -0.92
Gyro: 11.33, -6.36, 86.04
Accel: -0.17, -0.28, -0.98
Gyro: 4.22, -8.26, 69.84
Accel: -0.18, -0.26, -1.04
Gyro: -6.05, -4.55, 49.53
Accel: -0.17, -0.15, -1.05
Gyro: -6.45, 0.68, 34.70
Accel: -0.17, -0.08, -1.00
Gyro: -3.76, 4.26, 27.84
Accel: -0.14, -0.10, -0.96
Gyro: 0.60, 4.27, 22.34
Accel: -0.14, -0.11, -0.97
Gyro: -1.67, 3.19, 15.02
Accel: -0.14, -0.06, -0.98
Gyro: -0.95, 3.62, 9.56
Accel: -0.13, -0.03, -0.97
Gyro: 0.51, 3.52, 7.92
Accel: -0.13, -0.04, -0.96
Gyro: 1.85, 2.39, 6.10
Accel: -0.13, -0.05, -0.95
Gyro: 0.98, 1.34, 2.50
Accel: -0.13, -0.04, -0.96
Gyro: -0.03, 1.08, 0.03
Accel: -0.13, -0.02, -0.97
Gyro: 0.60, 0.63, -1.34
Accel: -0.13, -0.03, -0.95
Gyro: 1.21, 0.50, -1.26
Accel: -0.12, -0.03, -0.97
Gyro: -0.18, 0.57, -1.84
Accel: -0.13, -0.03, -0.96
Gyro: -0.69, -0.02, -2.49
Accel: -0.12, -0.02, -0.95
Gyro: -0.42, -0.73, -2.57
Accel: -0.11, -0.03, -0.95
Gyro: -0.47, -2.70, -2.51
Accel: -0.13, -0.03, -0.95
Gyro: -0.43, -4.20, -2.81
Accel: -0.14, -0.03, -0.98
Gyro: -0.75, -4.19, -3.57
Accel: -0.14, 0.00, -0.97
Gyro: -0.03, -3.30, -3.57
Accel: -0.15, -0.01, -0.99
Gyro: 1.28, -1.96, -2.27
Accel: -0.14, -0.01, -0.97
Gyro: 0.60, -1.02, -1.81
Accel: -0.14, -0.01, -0.98
Gyro: -0.35, -0.44, -1.37
Accel: -0.14, -0.02, -0.96
Gyro: -2.33, -1.05, -1.87
Accel: -0.15, -0.02, -0.98
Gyro: -3.23, -0.72, -2.61
Accel: -0.15, -0.00, -0.97
Gyro: -4.03, -0.92, -2.85
Accel: -0.15, -0.00, -0.98
Gyro: -3.94, -0.34, -3.15
Accel: -0.14, 0.00, -0.96
Gyro: -4.34, -0.42, -3.24
Accel: -0.14, -0.01, -0.97
Gyro: -3.97, -0.72, -3.33
Accel: -0.13, -0.00, -0.97
Gyro: -3.73, -1.17, -3.30
Accel: -0.13, -0.01, -0.97
Gyro: -3.19, -1.70, -2.73
Accel: -0.13, -0.00, -0.95
Gyro: -3.33, -1.41, -2.13
Accel: -0.12, -0.01, -0.95
Gyro: -3.29, -2.14, -2.22
Accel: -0.12, -0.02, -0.95
Gyro: -3.68, -3.29, -3.36
Accel: -0.13, -0.01, -0.97
Gyro: -2.76, -3.52, -4.01
Accel: -0.13, -0.02, -0.96
Gyro: -0.79, -4.30, -3.94
Accel: -0.13, -0.03, -0.94
Gyro: -1.21, -5.08, -4.95
Accel: -0.14, -0.01, -0.96
Gyro: -0.42, -5.65, -5.34
Accel: -0.14, 0.00, -0.98
Gyro: -1.34, -5.32, -4.29
Accel: -0.15, 0.01, -0.98
Gyro: -2.47, -4.58, -2.91
Accel: -0.16, 0.01, -0.97
Gyro: -2.47, -3.39, -0.90
Accel: -0.16, -0.01, -0.97
Gyro: -3.35, -2.83, -0.86
Accel: -0.15, -0.00, -0.98
Gyro: -4.27, -2.31, -1.56
Accel: -0.15, -0.00, -0.97
Gyro: -3.30, -1.67, -1.49
Accel: -0.14, -0.02, -0.96
Gyro: -2.30, -2.20, -3.22
Accel: -0.15, -0.01, -0.96
Gyro: -0.76, -2.12, -5.35
Accel: -0.16, 0.01, -0.97
Gyro: 1.14, -1.84, -5.89
Accel: -0.16, -0.00, -0.97
Gyro: 2.01, -1.46, -6.06
Accel: -0.15, -0.01, -0.96
Gyro: 1.27, -1.26, -6.02
Accel: -0.15, -0.00, -0.97
Gyro: 1.04, -1.15, -4.81
Accel: -0.16, -0.01, -0.98
Gyro: 0.92, 0.21, -3.68
Accel: -0.15, -0.01, -0.95
Gyro: -0.50, 0.69, -2.88
Accel: -0.15, -0.01, -0.97
Gyro: -0.31, 0.23, -1.41
Accel: -0.15, -0.01, -0.97
Gyro: -0.96, -0.16, -0.73
Accel: -0.16, -0.02, -0.97
Gyro: -1.27, -0.27, -0.32
Accel: -0.15, -0.03, -0.97
Gyro: -2.63, -0.05, -0.79
Accel: -0.15, -0.01, -0.96
Gyro: -1.84, 0.33, -0.46
Accel: -0.15, -0.03, -0.96
Gyro: -1.49, -0.35, -0.65
Accel: -0.15, -0.02, -0.96
Gyro: -2.30, -0.39, -1.33
Accel: -0.16, -0.02, -0.98
Gyro: -2.37, -0.44, -1.50
Accel: -0.15, -0.01, -0.96
Gyro: -2.96, -0.23, -1.13
Accel: -0.15, -0.01, -0.95
Gyro: -2.40, -0.75, -0.54
Accel: -0.16, -0.01, -0.97
Gyro: -2.20, -0.66, -0.95
Accel: -0.16, 0.00, -0.98
Gyro: -2.06, -0.03, -0.91
Accel: -0.15, -0.01, -0.97
Gyro: -1.35, 0.25, -0.29
Accel: -0.15, -0.01, -0.97
Gyro: -1.30, 0.62, -0.21
Accel: -0.15, -0.01, -0.97
Gyro: -1.01, 0.38, -0.33
Accel: -0.15, -0.01, -0.98
Gyro: -1.13, 0.47, -0.67
Accel: -0.15, -0.02, -0.97
Gyro: -0.98, 0.73, -0.40
Accel: -0.14, -0.01, -0.96
Gyro: -0.87, 0.73, -0.37
Accel: -0.14, -0.01, -0.97
Gyro: -1.24, 0.34, -0.32
Accel: -0.14, -0.01, -0.96
Gyro: -1.22, -0.05, -0.03
Accel: -0.14, -0.01, -0.96
Gyro: -1.30, 0.14, 0.18
Accel: -0.15, -0.02, -0.97
Gyro: -1.72, 0.34, 0.17
Accel: -0.15, -0.02, -0.97
Gyro: -1.73, 0.18, -0.05
Accel: -0.15, -0.02, -0.97
Gyro: -2.01, 0.24, -0.60
Accel: -0.14, -0.01, -0.97
Gyro: -2.43, 0.01, -1.03
Accel: -0.15, -0.02, -0.97
Gyro: -2.01, 0.02, -0.87
Accel: -0.15, -0.01, -0.96
Gyro: -2.13, 0.27, -0.82
Accel: -0.14, -0.02, -0.96
Gyro: -3.01, -0.08, -1.17
Accel: -0.15, -0.00, -0.96
Gyro: -2.78, -0.37, -1.06
Accel: -0.14, -0.01, -0.97
Gyro: -1.17, -0.14, -0.39
Accel: -0.15, -0.02, -0.96
Gyro: -1.01, -0.32, -0.21
Accel: -0.15, -0.02, -0.97
Gyro: -1.37, -0.21, -0.95
Accel: -0.15, -0.01, -0.96
Gyro: -1.46, -0.18, -1.14
Accel: -0.15, -0.01, -0.97
Gyro: -1.05, -0.08, -0.88
Accel: -0.15, -0.02, -0.97
Gyro: -0.80, 0.61, -0.60
Accel: -0.15, -0.02, -0.96
Gyro: -1.36, 0.76, -1.02
Accel: -0.14, -0.02, -0.97
Gyro: -1.96, 0.66, -1.43
Accel: -0.14, -0.01, -0.96
Gyro: -1.77, 0.78, -1.56
Accel: -0.14, -0.02, -0.95
Gyro: -1.56, -0.17, -1.91
Accel: -0.14, -0.02, -0.97
Gyro: -2.22, 0.26, -2.11
Accel: -0.14, -0.02, -0.97
Gyro: -2.49, 0.22, -2.58
Accel: -0.14, -0.00, -0.97
Gyro: -2.56, 0.66, -2.37
Accel: -0.15, -0.03, -0.97
Gyro: -2.82, 1.56, -2.62
Accel: -0.16, -0.04, -0.99
Gyro: -4.30, 2.78, -4.59
Accel: -0.15, -0.03, -0.99
Gyro: -4.69, 5.23, -6.64
Accel: -0.14, -0.04, -0.99
Gyro: -3.89, 6.20, -9.47
Accel: -0.14, -0.01, -0.96
Gyro: -3.30, 5.87, -11.63
Accel: -0.13, 0.00, -0.96
Gyro: -0.57, 4.87, -12.15
Accel: -0.13, 0.02, -0.95
Gyro: 0.16, 4.06, -10.54
Accel: -0.13, 0.02, -0.97
Gyro: -0.60, 3.27, -7.97
Accel: -0.13, 0.03, -0.96
Gyro: -0.70, 3.15, -4.55
Accel: -0.13, 0.01, -0.98
Gyro: -1.81, 2.94, -1.61
Accel: -0.12, 0.01, -0.98
Gyro: -3.21, 4.10, 0.41
Accel: -0.12, -0.00, -0.97
Gyro: -4.03, 4.28, 1.82
Accel: -0.12, -0.00, -0.97
Gyro: -4.27, 3.75, 2.21
Accel: -0.12, -0.00, -0.97
Gyro: -3.80, 2.43, 2.16
Accel: -0.12, 0.00, -0.97
Gyro: -3.13, 2.44, 2.43
Accel: -0.11, -0.00, -0.96
Gyro: -2.74, 2.06, 1.98
Accel: -0.11, 0.00, -0.97
Gyro: -2.41, 2.11, 1.73
Accel: -0.11, 0.00, -0.97
Gyro: -1.43, 2.11, 2.09
Accel: -0.10, -0.01, -0.96
Gyro: -1.56, 1.56, 2.08
Accel: -0.11, -0.01, -0.94
Gyro: -1.42, 0.29, 2.02
Accel: -0.09, -0.02, -0.95
Gyro: -1.32, -0.85, 1.40
Accel: -0.10, -0.02, -0.96
Gyro: -1.34, -1.76, 0.38
Accel: -0.11, -0.01, -0.97
Gyro: -1.34, -2.17, -0.67
Accel: -0.12, -0.02, -0.97
Gyro: -0.66, -1.57, -1.35
Accel: -0.12, -0.02, -0.97
Gyro: -1.31, -0.70, -1.76
Accel: -0.12, -0.01, -0.96
Gyro: -2.18, -1.09, -2.57
Accel: -0.12, -0.00, -0.98
Gyro: -0.87, -1.71, -1.82
Accel: -0.12, -0.01, -0.96
Gyro: -0.73, -2.18, -1.50
Accel: -0.13, -0.02, -0.98
Gyro: -1.38, -2.31, -2.04
Accel: -0.13, -0.01, -0.98
Gyro: -2.08, -1.88, -2.49
Accel: -0.13, -0.01, -0.98
Gyro: -2.33, -1.20, -2.27
Accel: -0.12, -0.01, -0.97
Gyro: -1.94, -0.89, -2.20
Accel: -0.12, -0.02, -0.98
Gyro: -2.02, -0.19, -2.99
Accel: -0.12, -0.02, -0.96
Gyro: -2.33, 0.34, -3.77
Accel: -0.11, -0.01, -0.96
Gyro: -1.77, 0.18, -4.12
Accel: -0.11, -0.01, -0.97
Gyro: -1.85, -0.56, -4.51
Accel: -0.12, -0.03, -0.97
Gyro: -2.20, -0.66, -5.70
Accel: -0.13, -0.07, -0.97
Gyro: -2.73, -0.24, -8.71
Accel: -0.11, -0.11, -0.96
Gyro: -3.62, -0.05, -15.68
Accel: -0.12, -0.16, -0.97
Gyro: -0.88, -0.67, -27.04
Accel: -0.11, -0.23, -0.97
Gyro: 2.09, -1.17, -45.94
Accel: -0.12, -0.31, -0.99
Gyro: 5.78, -1.04, -68.48
Accel: -0.15, -0.40, -1.01
Gyro: 8.27, 1.44, -100.98
Accel: -0.15, -0.36, -0.98
Gyro: 11.17, 4.49, -134.28
Accel: -0.14, -0.34, -0.95
Gyro: 18.33, 3.30, -161.65
Accel: -0.16, -0.33, -0.94
Gyro: 24.47, 0.46, -184.68
Accel: -0.18, -0.34, -0.94
Gyro: 28.62, -1.91, -205.93
Accel: -0.20, -0.33, -0.92
Gyro: 28.55, -1.93, -225.75
Accel: -0.22, -0.23, -0.91
Gyro: 28.29, -4.14, -238.98
Accel: -0.22, -0.13, -0.89
Gyro: 29.88, -7.93, -238.73
Accel: -0.24, -0.20, -0.96
Gyro: 28.23, -9.24, -235.72
Accel: -0.23, -0.10, -1.02
Gyro: 19.74, -5.91, -231.59
Accel: -0.23, -0.09, -0.93
Gyro: 17.58, -2.99, -219.63
Accel: -0.19, -0.01, -0.92
Gyro: 18.87, -6.35, -206.18
