Accel: -0.13, -0.05, -0.99
Gyro: 1.59, -2.91, 4.48
Accel: -0.13, -0.07, -0.99
Gyro: 1.27, -0.62, 1.98
Accel: -0.12, -0.06, -0.97
Gyro: 0.69, 0.51, -0.51
Accel: -0.11, -0.06, -0.96
Gyro: 0.13, 0.73, -2.68
Accel: -0.11, -0.04, -0.96
Gyro: 0.56, -0.07, -3.18
Accel: -0.12, -0.04, -0.98
Gyro: 0.75, 0.14, -3.03
Accel: -0.14, -0.05, -0.97
Gyro: -1.14, 1.71, -3.62
Accel: -0.12, -0.06, -0.96
Gyro: -3.23, 2.12, -5.12
Accel: -0.12, -0.04, -0.97
Gyro: -5.24, 2.74, -7.00
Accel: -0.12, -0.03, -0.96
Gyro: -5.25, 1.81, -7.61
Accel: -0.12, -0.01, -0.96
Gyro: -4.41, 0.70, -8.00
Accel: -0.11, -0.02, -0.97
Gyro: -4.03, 0.60, -7.71
Accel: -0.12, -0.02, -0.95
Gyro: -3.32, -0.50, -7.90
Accel: -0.12, -0.02, -0.98
Gyro: -3.46, -0.50, -8.44
Accel: -0.11, -0.01, -0.96
Gyro: -3.88, -0.20, -8.48
Accel: -0.11, -0.00, -0.96
Gyro: -3.20, -0.56, -8.06
Accel: -0.11, -0.02, -0.96
Gyro: -2.62, -0.98, -7.55
Accel: -0.11, -0.01, -0.97
Gyro: -3.30, -0.56, -7.51
Accel: -0.12, -0.01, -0.97
Gyro: -3.18, -1.27, -7.64
Accel: -0.12, 0.01, -0.97
Gyro: -1.10, -1.82, -7.00
Accel: -0.12, -0.01, -0.97
Gyro: 0.37, -2.75, -6.21
Accel: -0.13, -0.02, -0.98
Gyro: 0.53, -2.78, -6.00
Accel: -0.13, -0.02, -0.98
Gyro: 0.92, -2.24, -5.42
Accel: -0.12, -0.02, -0.97
Gyro: -0.09, -1.69, -5.40
Accel: -0.13, -0.02, -0.98
Gyro: -0.48, -0.63, -4.60
Accel: -0.12, -0.01, -0.98
Gyro: -0.85, -0.12, -3.78
Accel: -0.12, 0.00, -0.99
Gyro: -1.12, 1.38, -1.75
Accel: -0.12, 0.00, -0.97
Gyro: -1.09, 2.04, 0.87
Accel: -0.12, -0.02, -0.95
Gyro: -1.91, 0.79, 1.55
Accel: -0.11, -0.03, -0.95
Gyro: -2.77, -0.70, 0.96
Accel: -0.12, -0.02, -0.95
Gyro: -2.88, -2.17, 0.21
Accel: -0.13, -0.02, -0.95
Gyro: -3.38, -3.22, -0.29
Accel: -0.13, 0.01, -0.98
Gyro: -2.35, -2.78, 0.95
Accel: -0.13, -0.02, -0.98
Gyro: -1.66, -1.75, 2.19
Accel: -0.12, -0.04, -0.96
Gyro: -2.76, -1.84, 1.15
Accel: -0.12, -0.03, -0.97
Gyro: -3.66, -2.36, -0.89
Accel: -0.12, -0.03, -0.97
Gyro: -3.28, -2.10, -1.85
Accel: -0.11, -0.04, -0.97
Gyro: -2.30, -1.75, -2.70
Accel: -0.11, -0.04, -0.94
Gyro: -1.49, -2.88, -3.65
Accel: -0.11, -0.04, -0.95
Gyro: -1.35, -4.28, -4.37
Accel: -0.12, -0.03, -0.96
Gyro: -2.01, -4.75, -4.92
Accel: -0.13, -0.02, -0.96
Gyro: -2.38, -5.51, -4.93
Accel: -0.13, -0.02, -0.96
Gyro: -2.33, -5.06, -4.19
Accel: -0.14, -0.03, -0.97
Gyro: -2.63, -4.41, -4.17
Accel: -0.14, -0.01, -0.99
Gyro: -2.66, -3.57, -3.99
Accel: -0.14, -0.01, -0.98
Gyro: -2.24, -3.04, -3.60
Accel: -0.14, -0.01, -0.98
Gyro: -1.91, -2.48, -3.35
Accel: -0.14, -0.02, -0.97
Gyro: -1.59, -2.26, -3.53
Accel: -0.13, -0.02, -0.98
Gyro: -1.56, -2.14, -3.85
Accel: -0.14, -0.01, -0.98
Gyro: -1.85, -1.49, -3.94
Accel: -0.15, -0.01, -0.97
Gyro: -1.14, -1.31, -3.34
Accel: -0.15, -0.01, -0.97
Gyro: -0.54, -0.79, -2.35
Accel: -0.16, -0.01, -0.96
Gyro: 0.34, 0.03, -0.87
Accel: -0.14, -0.02, -0.98
Gyro: 0.24, 0.32, -0.98
Accel: -0.13, -0.03, -0.97
Gyro: -0.92, 0.86, -2.03
Accel: -0.13, 0.00, -0.98
Gyro: 0.09, 1.63, -2.03
Accel: -0.14, -0.01, -0.97
Gyro: 1.87, 1.83, -0.98
Accel: -0.13, -0.03, -0.97
Gyro: 1.46, 1.34, -1.53
Accel: -0.13, -0.03, -0.97
Gyro: 0.48, 1.57, -1.79
Accel: -0.14, -0.03, -0.97
Gyro: -0.59, 1.06, -2.58
Accel: -0.14, -0.03, -0.97
Gyro: -1.51, 1.13, -2.85
Accel: -0.13, -0.03, -0.98
Gyro: -1.85, 1.29, -2.94
Accel: -0.13, -0.03, -0.97
Gyro: -2.14, 2.26, -2.91
Accel: -0.12, -0.03, -0.96
Gyro: -2.62, 1.91, -2.49
Accel: -0.12, -0.03, -0.96
Gyro: -2.61, 1.40, -2.32
Accel: -0.12, -0.02, -0.95
Gyro: -2.07, 0.92, -2.55
Accel: -0.13, -0.02, -0.97
Gyro: -1.98, -0.07, -2.43
Accel: -0.13, -0.02, -0.96
Gyro: -1.79, -0.38, -2.58
Accel: -0.13, -0.02, -0.97
Gyro: -1.34, -1.01, -2.24
Accel: -0.12, -0.03, -0.97
Gyro: -1.46, -1.15, -2.06
Accel: -0.13, -0.03, -0.97
Gyro: -1.94, -1.11, -1.95
Accel: -0.13, -0.02, -0.97
Gyro: -2.30, -0.18, -2.09
Accel: -0.13, -0.03, -0.98
Gyro: -2.41, -0.11, -1.82
Accel: -0.13, -0.02, -0.97
Gyro: -1.94, 0.17, -1.70
Accel: -0.13, -0.02, -0.98
Gyro: -1.66, 0.11, -1.85
Accel: -0.13, -0.02, -0.97
Gyro: -1.50, 0.15, -1.63
Accel: -0.12, -0.02, -0.97
Gyro: -1.26, 0.04, -1.10
Accel: -0.13, -0.02, -0.97
Gyro: -1.02, -0.07, -0.53
Accel: -0.13, -0.03, -0.97
Gyro: -1.28, 0.01, -0.31
Accel: -0.12, -0.04, -0.98
Gyro: -1.99, 0.52, -0.96
Accel: -0.13, -0.03, -0.97
Gyro: -2.22, 1.05, -1.30
Accel: -0.12, -0.03, -0.97
Gyro: -1.85, 1.03, -1.43
Accel: -0.12, -0.02, -0.96
Gyro: -1.91, 0.62, -1.33
Accel: -0.13, -0.03, -0.97
Gyro: -1.89, 0.60, -1.34
Accel: -0.12, -0.02, -0.97
Gyro: -2.01, 0.50, -1.30
Accel: -0.13, -0.02, -0.98
Gyro: -2.25, 1.30, -1.18
Accel: -0.12, -0.03, -0.97
Gyro: -1.83, 1.11, -1.00
Accel: -0.13, -0.03, -0.96
Gyro: -1.49, 1.04, -0.84
Accel: -0.12, -0.03, -0.96
Gyro: -2.60, 0.85, -1.40
Accel: -0.12, -0.03, -0.98
Gyro: -2.65, 1.07, -1.75
Accel: -0.12, -0.02, -0.97
Gyro: -1.07, 0.49, -1.39
Accel: -0.12, -0.03, -0.97
Gyro: -1.18, 0.31, -1.64
Accel: -0.11, -0.03, -0.96
Gyro: -1.37, 0.07, -2.06
Accel: -0.12, -0.02, -0.97
Gyro: -1.50, -0.10, -2.23
Accel: -0.13, -0.02, -0.99
Gyro: -1.34, 0.16, -1.71
Accel: -0.13, -0.03, -0.99
Gyro: -1.42, 1.79, -1.37
Accel: -0.12, -0.03, -0.97
Gyro: -1.88, 2.30, -1.61
Accel: -0.12, -0.03, -0.97
Gyro: -1.95, 1.98, -2.17
Accel: -0.11, -0.03, -0.96
Gyro: -1.84, 0.90, -2.71
Accel: -0.11, -0.03, -0.97
Gyro: -2.07, 0.08, -3.30
Accel: -0.12, -0.02, -0.97
Gyro: -1.97, 0.21, -3.36
Accel: -0.12, -0.03, -0.98
Gyro: -2.76, 0.62, -3.48
Accel: -0.11, -0.02, -0.96
Gyro: -3.11, 1.45, -3.85
Accel: -0.11, -0.03, -0.97
Gyro: -2.67, 0.76, -3.94
Accel: -0.11, -0.04, -0.97
Gyro: -3.19, 0.39, -4.84
Accel: -0.11, -0.03, -0.97
Gyro: -3.78, 0.22, -5.65
Accel: -0.11, -0.02, -0.96
Gyro: -3.54, -0.17, -5.74
Accel: -0.11, -0.03, -0.97
Gyro: -3.21, -0.74, -6.67
Accel: -0.11, -0.10, -0.97
Gyro: -2.78, -0.42, -10.98
Accel: -0.12, -0.18, -0.98
Gyro: -0.66, 0.07, -22.64
Accel: -0.12, -0.25, -0.97
Gyro: 2.68, 0.12, -41.63
Accel: -0.12, -0.34, -0.97
Gyro: 6.68, 0.42, -66.48
Accel: -0.13, -0.38, -0.99
Gyro: 9.22, 1.27, -96.89
Accel: -0.19, -0.57, -1.01
Gyro: 15.66, 2.59, -135.79
Accel: -0.23, -0.65, -1.05
Gyro: 14.66, 8.21, -189.80
Accel: -0.26, -0.39, -1.01
Gyro: 15.86, 12.92, -226.91
Accel: -0.27, -0.42, -0.96
Gyro: 21.67, 13.17, -250.00
Accel: -0.30, -0.32, -0.96
Gyro: 14.31, 15.34, -250.00
Accel: -0.31, -0.27, -0.95
Gyro: 9.09, 17.62, -250.00
Accel: -0.27, -0.04, -1.01
Gyro: 1.18, 21.91, -250.00
Accel: -0.20, 0.05, -0.88
Gyro: 3.29, 21.79, -250.00
Accel: -0.14, 0.15, -0.90
Gyro: 4.30, 17.27, -234.37
Accel: -0.10, 0.19, -0.85
Gyro: 5.19, 12.60, -208.36
Accel: -0.06, 0.17, -0.95
Gyro: 8.23, 3.90, -180.97
Accel: -0.04, 0.18, -0.94
Gyro: 3.59, -1.27, -155.96
Accel: -0.04, 0.20, -0.98
Gyro: 3.46, -4.14, -130.58
Accel: -0.02, 0.17, -0.97
Gyro: 7.89, -6.46, -104.71
Accel: -0.04, 0.10, -0.97
Gyro: 9.46, -11.06, -83.40
Accel: -0.06, 0.09, -1.02
Gyro: 5.80, -11.83, -65.61
Accel: -0.06, 0.08, -1.04
Gyro: 5.86, -9.46, -48.15
Accel: -0.02, 0.11, -0.99
Gyro: 7.84, -4.98, -30.30
Accel: -0.02, 0.09, -0.99
Gyro: 6.07, -8.87, -13.08
Accel: -0.03, 0.08, -1.05
Gyro: 1.66, -4.71, 2.73
Accel: -0.02, 0.08, -1.02
Gyro: 1.83, 0.43, 18.02
Accel: 0.02, 0.07, -0.94
Gyro: 3.79, -2.36, 34.04
Accel: 0.02, 0.11, -0.96
Gyro: 1.84, -7.59, 53.39
Accel: -0.01, 0.19, -0.99
Gyro: -2.66, -6.48, 80.55
Accel: -0.05, 0.21, -0.99
Gyro: -7.00, -6.68, 112.80
Accel: -0.10, 0.21, -0.93
Gyro: -2.13, -5.65, 145.20
Accel: -0.11, 0.13, -0.92
Gyro: -2.28, -9.02, 174.87
Accel: -0.15, 0.08, -0.95
Gyro: -6.51, -11.31, 198.94
Accel: -0.19, 0.03, -0.95
Gyro: -16.97, -13.34, 219.67
Accel: -0.23, -0.12, -0.89
Gyro: -22.70, -16.06, 228.34
Accel: -0.23, -0.19, -1.00
Gyro: -23.51, -19.21, 221.08
Accel: -0.24, -0.11, -0.95
Gyro: -21.93, -18.78, 211.82
Accel: -0.25, -0.16, -0.99
Gyro: -19.38, -18.91, 208.39
Accel: -0.24, -0.21, -1.01
Gyro: -29.82, -14.90, 189.93
Accel: -0.26, -0.12, -1.02
Gyro: -17.20, -11.42, 176.19
Accel: -0.21, -0.18, -0.93
Gyro: -13.79, -12.26, 166.69
Accel: -0.20, -0.31, -0.96
Gyro: -16.53, -12.85, 146.20
Accel: -0.20, -0.30, -1.03
Gyro: -17.43, -11.00, 117.13
