Accel: -0.09, -0.03, -1.02
Gyro: 0.50, 5.00, -6.15
Accel: -0.06, -0.04, -0.99
Gyro: 1.01, 8.28, -8.39
Accel: -0.05, -0.02, -0.94
Gyro: 1.89, 6.48, -10.48
Accel: -0.04, -0.01, -0.94
Gyro: 3.49, 3.11, -9.74
Accel: -0.05, -0.01, -0.96
Gyro: 2.58, 0.75, -8.51
Accel: -0.05, -0.02, -0.96
Gyro: 0.97, -0.06, -7.33
Accel: -0.06, -0.01, -0.97
Gyro: -0.76, -0.54, -5.85
Accel: -0.05, -0.01, -0.96
Gyro: -1.62, -1.32, -4.74
Accel: -0.06, -0.01, -0.97
Gyro: -2.13, -1.36, -3.36
Accel: -0.05, -0.02, -0.98
Gyro: -2.44, -1.14, -2.46
Accel: -0.05, -0.02, -0.97
Gyro: -2.66, -1.12, -2.14
Accel: -0.05, -0.03, -0.97
Gyro: -2.94, -2.00, -2.40
Accel: -0.05, -0.01, -0.98
Gyro: -3.04, -2.71, -2.32
Accel: -0.06, -0.01, -0.98
Gyro: -2.58, -2.24, -1.54
Accel: -0.05, -0.02, -0.98
Gyro: -2.83, -2.10, -1.24
Accel: -0.05, -0.02, -0.97
Gyro: -3.12, -1.55, -1.43
Accel: -0.07, -0.01, -0.98
Gyro: -3.33, -1.15, -1.72
Accel: -0.06, -0.01, -0.98
Gyro: -3.20, -0.31, -1.50
Accel: -0.06, -0.01, -0.98
Gyro: -2.76, 0.05, -1.21
Accel: -0.06, -0.01, -0.98
Gyro: -1.93, -0.09, -1.15
Accel: -0.06, -0.01, -0.97
Gyro: -1.50, -0.29, -1.17
Accel: -0.05, -0.02, -0.98
Gyro: -1.41, -0.30, -1.34
Accel: -0.06, -0.01, -0.99
Gyro: -1.66, 0.09, -1.49
Accel: -0.06, -0.02, -0.98
Gyro: -1.09, 0.33, -1.03
Accel: -0.05, -0.02, -0.97
Gyro: -1.64, 0.69, -1.39
Accel: -0.05, -0.01, -0.96
Gyro: -2.50, 0.47, -1.63
Accel: -0.05, -0.01, -0.97
Gyro: -2.12, 0.13, -0.85
Accel: -0.05, -0.01, -0.97
Gyro: -1.87, -0.30, -0.34
Accel: -0.05, -0.01, -0.97
Gyro: -1.59, -0.31, -0.61
Accel: -0.06, -0.01, -0.98
Gyro: -1.55, -0.29, -0.89
Accel: -0.05, -0.01, -0.97
Gyro: -1.41, -0.51, -0.47
Accel: -0.06, -0.02, -0.97
Gyro: -1.70, -0.49, -0.64
Accel: -0.06, -0.02, -0.97
Gyro: -1.90, 0.18, -1.13
Accel: -0.05, -0.02, -0.98
Gyro: -2.01, 0.33, -1.26
Accel: -0.06, -0.02, -0.97
Gyro: -2.20, 0.19, -1.59
Accel: -0.05, -0.02, -0.98
Gyro: -2.50, -0.19, -1.90
Accel: -0.05, -0.02, -0.98
Gyro: -2.25, -0.53, -1.82
Accel: -0.06, -0.02, -0.99
Gyro: -3.00, -0.28, -2.05
Accel: -0.06, -0.01, -0.99
Gyro: -2.69, -0.03, -1.98
Accel: -0.06, -0.00, -0.98
Gyro: -1.74, -0.03, -1.08
Accel: -0.06, -0.02, -0.99
Gyro: -1.69, 1.39, -0.48
Accel: -0.05, -0.02, -0.98
Gyro: -2.07, 1.01, -0.88
Accel: -0.05, -0.02, -0.96
Gyro: -2.14, 0.54, -0.65
Accel: -0.06, -0.02, -0.97
Gyro: -2.24, 0.39, -0.78
Accel: -0.05, -0.02, -0.98
Gyro: -1.94, 0.06, -0.85
Accel: -0.06, -0.02, -0.98
Gyro: -2.20, 0.18, -1.10
Accel: -0.05, -0.01, -0.99
Gyro: -2.14, 1.07, -1.10
Accel: -0.05, -0.01, -0.96
Gyro: -1.66, 0.18, -1.07
Accel: -0.04, -0.02, -0.97
Gyro: -1.21, 0.31, -0.95
Accel: -0.04, -0.02, -0.97
Gyro: -0.98, -0.52, -1.55
Accel: -0.04, -0.02, -0.96
Gyro: -0.89, -0.96, -1.33
Accel: -0.04, -0.02, -0.98
Gyro: -1.50, -1.37, -1.87
Accel: -0.05, -0.02, -0.98
Gyro: -2.20, -1.50, -1.91
Accel: -0.05, -0.01, -0.97
Gyro: -2.58, -1.60, -2.18
Accel: -0.05, -0.01, -0.98
Gyro: -2.66, -0.80, -2.10
Accel: -0.05, -0.01, -0.98
Gyro: -2.72, -1.30, -2.54
Accel: -0.06, -0.01, -0.98
Gyro: -2.54, -0.72, -2.82
Accel: -0.05, -0.01, -0.97
Gyro: -2.21, -1.10, -2.89
Accel: -0.06, -0.01, -0.98
Gyro: -2.44, -0.06, -2.87
Accel: -0.05, -0.02, -0.98
Gyro: -1.59, -0.37, -2.48
Accel: -0.06, -0.03, -0.97
Gyro: -2.14, -0.63, -3.01
Accel: -0.05, -0.02, -0.98
Gyro: -3.23, -0.76, -4.07
Accel: -0.06, 0.01, -0.99
Gyro: -2.26, 0.04, -3.82
Accel: -0.05, -0.01, -0.99
Gyro: -0.63, -0.15, -2.99
Accel: -0.05, -0.03, -0.98
Gyro: -0.57, 0.54, -3.27
Accel: -0.06, -0.02, -0.98
Gyro: -1.20, 0.33, -4.43
Accel: -0.06, -0.02, -0.97
Gyro: -1.29, 0.56, -5.14
Accel: -0.06, -0.04, -0.97
Gyro: -1.00, 0.53, -6.65
Accel: -0.05, -0.07, -0.97
Gyro: -1.40, 0.98, -10.69
Accel: -0.05, -0.08, -0.98
Gyro: -0.65, 0.99, -16.27
Accel: -0.05, -0.09, -0.97
Gyro: 0.31, 0.72, -22.84
Accel: -0.06, -0.11, -0.99
Gyro: 0.60, 0.60, -30.81
Accel: -0.06, -0.19, -0.98
Gyro: 1.58, 0.27, -42.82
Accel: -0.07, -0.32, -0.99
Gyro: 1.52, 0.45, -66.22
Accel: -0.10, -0.30, -1.04
Gyro: 1.23, 3.62, -92.51
Accel: -0.11, -0.32, -1.01
Gyro: 6.02, 7.71, -119.06
Accel: -0.14, -0.38, -1.02
Gyro: 11.08, 10.01, -148.39
Accel: -0.18, -0.36, -1.08
Gyro: 10.12, 16.46, -178.35
Accel: -0.20, -0.30, -1.04
Gyro: 12.66, 22.87, -201.05
Accel: -0.19, -0.27, -1.00
Gyro: 16.20, 26.26, -223.31
Accel: -0.16, -0.12, -0.98
Gyro: 19.76, 25.34, -233.66
Accel: -0.15, -0.05, -0.96
Gyro: 20.03, 23.42, -234.54
Accel: -0.12, 0.05, -0.99
Gyro: 23.52, 23.64, -227.28
Accel: -0.07, 0.13, -0.98
Gyro: 23.61, 22.77, -212.63
Accel: -0.04, 0.19, -0.91
Gyro: 24.73, 20.70, -190.98
Accel: -0.02, 0.16, -0.91
Gyro: 20.36, 19.68, -170.03
Accel: 0.02, 0.19, -0.95
Gyro: 18.45, 14.88, -148.32
Accel: 0.04, 0.22, -0.86
Gyro: 14.82, 12.87, -123.44
Accel: 0.06, 0.17, -0.86
Gyro: 11.10, 6.56, -98.74
Accel: 0.09, 0.16, -0.96
Gyro: 5.17, -0.52, -75.93
Accel: 0.09, 0.13, -0.96
Gyro: 4.83, -2.28, -55.50
Accel: 0.10, 0.09, -0.98
Gyro: -0.15, -7.24, -37.63
Accel: 0.07, 0.07, -0.98
Gyro: -0.46, -9.78, -22.80
Accel: 0.05, 0.05, -1.00
Gyro: -1.82, -7.04, -8.40
Accel: 0.09, 0.04, -1.00
Gyro: -5.68, -2.97, 0.60
Accel: 0.09, 0.06, -0.98
Gyro: -3.55, -3.07, 10.80
Accel: 0.10, 0.05, -0.94
Gyro: -2.43, -4.36, 21.74
Accel: 0.10, 0.06, -0.95
Gyro: -1.19, -8.70, 32.70
Accel: 0.07, 0.07, -1.01
Gyro: -4.65, -6.84, 44.03
Accel: 0.08, 0.16, -1.00
Gyro: -8.14, -4.39, 60.82
Accel: 0.06, 0.30, -1.00
Gyro: -7.03, -5.04, 90.11
Accel: 0.03, 0.37, -0.93
Gyro: -4.81, -6.66, 129.22
Accel: -0.01, 0.28, -0.86
Gyro: -1.61, -14.39, 168.32
Accel: -0.08, 0.18, -0.91
Gyro: -9.09, -21.84, 199.62
Accel: -0.16, 0.09, -0.99
Gyro: -18.85, -22.61, 220.34
Accel: -0.22, 0.10, -1.04
Gyro: -30.14, -17.47, 237.26
Accel: -0.26, 0.05, -1.01
Gyro: -36.47, -15.27, 249.99
Accel: -0.30, -0.12, -0.99
Gyro: -36.45, -15.04, 249.99
Accel: -0.32, -0.15, -1.10
Gyro: -29.84, -11.51, 233.22
Accel: -0.26, -0.13, -1.07
Gyro: -32.38, -1.53, 220.32
Accel: -0.22, -0.22, -0.97
Gyro: -22.65, -4.70, 198.51
Accel: -0.15, -0.29, -0.96
Gyro: -16.66, -7.17, 173.39
Accel: -0.09, -0.30, -0.97
Gyro: -20.89, -9.34, 146.27
Accel: -0.09, -0.25, -1.00
Gyro: -11.42, -10.42, 123.63
Accel: -0.08, -0.24, -1.01
Gyro: -1.88, -5.86, 104.51
Accel: -0.08, -0.24, -0.99
Gyro: 3.07, -0.57, 87.01
Accel: -0.05, -0.27, -0.96
Gyro: 5.00, 0.98, 67.86
Accel: -0.03, -0.27, -0.95
Gyro: 3.98, 1.32, 48.55
Accel: -0.02, -0.25, -0.95
Gyro: 2.29, 0.68, 31.06
Accel: -0.02, -0.21, -0.97
Gyro: 3.01, 0.44, 17.83
Accel: -0.02, -0.17, -0.97
Gyro: 4.10, 0.74, 8.16
Accel: -0.02, -0.17, -0.95
Gyro: 3.91, -0.75, 0.07
Accel: -0.02, -0.15, -0.94
Gyro: 3.49, -3.03, -7.07
Accel: -0.03, -0.10, -0.99
Gyro: 2.72, -4.57, -11.08
Accel: -0.05, -0.07, -1.00
Gyro: 0.76, -3.02, -11.28
Accel: -0.04, -0.06, -0.98
Gyro: -3.20, -2.08, -10.85
Accel: -0.04, -0.05, -0.97
Gyro: -6.48, -3.34, -11.00
Accel: -0.05, -0.03, -0.99
Gyro: -8.52, -3.33, -10.35
Accel: -0.05, -0.02, -1.00
Gyro: -8.35, -2.16, -8.83
Accel: -0.05, -0.00, -1.00
Gyro: -8.05, 0.00, -6.90
Accel: -0.04, -0.01, -0.97
Gyro: -8.37, 0.53, -5.66
Accel: -0.04, -0.03, -0.99
Gyro: -7.66, 0.29, -5.87
Accel: -0.04, -0.03, -0.98
Gyro: -7.68, 0.44, -7.35
Accel: -0.04, -0.02, -0.97
Gyro: -5.39, 0.35, -8.16
Accel: -0.03, -0.03, -0.96
Gyro: -4.25, 0.91, -8.91
Accel: -0.03, -0.01, -0.95
Gyro: -2.34, -0.37, -9.51
Accel: -0.03, -0.01, -0.98
Gyro: -0.08, -0.98, -9.35
Accel: -0.03, -0.00, -0.98
Gyro: -1.53, -0.59, -8.94
Accel: -0.04, 0.01, -0.97
Gyro: -2.94, -0.14, -7.80
Accel: -0.04, 0.02, -0.96
Gyro: -2.33, -1.14, -6.14
Accel: -0.05, 0.01, -0.97
Gyro: -2.66, -1.45, -4.88
Accel: -0.05, -0.01, -0.97
Gyro: -2.91, -0.54, -4.30
Accel: -0.04, -0.01, -0.95
Gyro: -3.02, -2.57, -5.49
Accel: -0.04, 0.00, -0.95
Gyro: -1.91, -4.88, -5.86
Accel: -0.05, 0.02, -0.98
Gyro: -1.08, -6.26, -5.69
Accel: -0.05, 0.02, -0.99
Gyro: -0.56, -5.37, -4.77
Accel: -0.06, 0.02, -0.98
Gyro: 0.14, -5.13, -3.93
Accel: -0.06, -0.00, -1.00
Gyro: -1.46, -4.22, -3.97
Accel: -0.07, 0.01, -1.01
Gyro: -2.24, -2.01, -3.36
Accel: -0.07, 0.02, -0.99
Gyro: -0.07, -0.67, -1.72
Accel: -0.07, -0.01, -0.99
Gyro: 0.14, 0.29, -1.34
