Accel: -0.05, -0.04, -0.98
Gyro: -5.09, -1.98, -1.93
Accel: -0.05, -0.04, -0.98
Gyro: -4.64, -1.56, -3.66
Accel: -0.02, -0.02, -0.96
Gyro: -3.75, -2.35, -4.56
Accel: -0.02, -0.01, -0.95
Gyro: -3.51, -4.44, -5.00
Accel: -0.04, 0.01, -0.97
Gyro: -2.91, -4.71, -4.13
Accel: -0.04, 0.02, -0.98
Gyro: -1.14, -4.37, -2.08
Accel: -0.04, 0.02, -0.96
Gyro: -0.13, -4.94, -0.64
Accel: -0.04, 0.00, -0.93
Gyro: -0.18, -6.64, 0.18
Accel: -0.04, 0.00, -0.94
Gyro: -0.23, -9.47, 1.17
Accel: -0.04, -0.00, -0.94
Gyro: -1.76, -11.58, 1.91
Accel: -0.06, -0.01, -0.96
Gyro: -2.17, -13.11, 2.12
Accel: -0.07, -0.00, -0.99
Gyro: -3.27, -12.76, 1.42
Accel: -0.09, 0.00, -1.00
Gyro: -2.59, -10.62, 1.24
Accel: -0.09, -0.02, -1.01
Gyro: -3.70, -8.19, -0.08
Accel: -0.10, -0.01, -1.01
Gyro: -4.79, -5.68, -1.82
Accel: -0.10, 0.02, -1.02
Gyro: -6.03, -1.24, -1.25
Accel: -0.10, 0.02, -1.00
Gyro: -5.07, 1.45, 1.28
Accel: -0.09, -0.00, -0.97
Gyro: -5.15, 1.24, 1.87
Accel: -0.08, -0.01, -0.96
Gyro: -4.74, -0.63, 1.32
Accel: -0.10, -0.00, -0.98
Gyro: -4.35, -0.70, 0.09
Accel: -0.09, 0.01, -0.99
Gyro: -3.57, 0.34, -1.44
Accel: -0.09, 0.01, -0.97
Gyro: -2.29, 1.13, -1.53
Accel: -0.09, 0.01, -0.98
Gyro: -1.87, 1.20, -1.59
Accel: -0.08, 0.01, -0.97
Gyro: -1.00, 1.52, -1.79
Accel: -0.08, 0.00, -0.98
Gyro: -1.34, 1.78, -1.99
Accel: -0.08, 0.01, -0.98
Gyro: -1.43, 3.01, -2.59
Accel: -0.08, 0.01, -0.99
Gyro: -0.97, 3.16, -3.52
Accel: -0.07, 0.01, -0.97
Gyro: -1.21, 3.92, -4.24
Accel: -0.07, 0.02, -0.98
Gyro: -1.33, 3.72, -4.11
Accel: -0.07, 0.04, -0.98
Gyro: -1.21, 3.94, -3.07
Accel: -0.06, 0.03, -0.95
Gyro: -0.47, 2.80, -0.52
Accel: -0.06, 0.00, -0.95
Gyro: -0.72, 0.40, 0.48
Accel: -0.07, -0.00, -0.98
Gyro: -1.64, -0.31, 0.09
Accel: -0.07, -0.00, -0.98
Gyro: -2.49, -0.02, -0.49
Accel: -0.07, 0.00, -0.98
Gyro: -2.78, 0.50, -0.69
Accel: -0.06, -0.00, -0.97
Gyro: -2.06, 0.34, -1.40
Accel: -0.07, -0.00, -0.98
Gyro: -2.34, 0.63, -2.19
Accel: -0.06, 0.00, -0.98
Gyro: -1.91, 0.24, -2.19
Accel: -0.06, 0.00, -0.97
Gyro: -1.20, 0.43, -2.35
Accel: -0.06, 0.00, -0.97
Gyro: -1.75, 0.16, -3.02
Accel: -0.06, 0.01, -0.98
Gyro: -2.33, -0.01, -3.65
Accel: -0.06, 0.02, -0.98
Gyro: -1.18, -0.09, -2.82
Accel: -0.06, 0.01, -0.97
Gyro: -0.75, -0.63, -2.46
Accel: -0.07, 0.01, -0.98
Gyro: -0.92, -0.79, -2.59
Accel: -0.06, 0.02, -0.95
Gyro: -0.59, -1.73, -2.09
Accel: -0.06, 0.02, -0.96
Gyro: -0.18, -2.37, -1.33
Accel: -0.07, 0.01, -0.98
Gyro: 0.46, -2.14, -0.40
Accel: -0.07, -0.01, -0.98
Gyro: 0.25, -2.32, -0.46
Accel: -0.07, -0.01, -0.98
Gyro: 0.16, -1.72, -0.75
Accel: -0.06, -0.01, -0.98
Gyro: -0.25, -1.28, -1.00
Accel: -0.07, -0.01, -0.97
Gyro: -0.37, -1.29, -1.56
Accel: -0.07, -0.01, -0.97
Gyro: -0.27, -1.14, -1.95
Accel: -0.07, -0.01, -0.97
Gyro: -0.99, -0.75, -2.28
Accel: -0.07, -0.01, -0.97
Gyro: -1.16, -0.43, -2.53
Accel: -0.07, -0.00, -0.98
Gyro: -0.77, -0.43, -2.14
Accel: -0.07, -0.01, -0.97
Gyro: -1.42, -0.90, -2.56
Accel: -0.07, -0.01, -0.98
Gyro: -2.77, -0.40, -2.98
Accel: -0.07, -0.00, -0.97
Gyro: -3.06, 0.20, -3.01
Accel: -0.08, 0.01, -0.97
Gyro: -3.29, 0.60, -3.20
Accel: -0.07, 0.01, -0.98
Gyro: -3.23, 0.72, -2.69
Accel: -0.07, 0.01, -0.97
Gyro: -2.72, 1.05, -2.74
Accel: -0.06, 0.01, -0.97
Gyro: -2.20, 0.92, -2.36
Accel: -0.07, 0.01, -0.96
Gyro: -2.27, 0.74, -2.17
Accel: -0.06, 0.01, -0.97
Gyro: -1.77, 0.18, -2.14
Accel: -0.06, 0.00, -0.97
Gyro: -1.72, 0.59, -1.75
Accel: -0.07, -0.00, -0.97
Gyro: -1.72, 0.15, -1.55
Accel: -0.06, 0.00, -0.97
Gyro: -1.85, 0.49, -1.66
Accel: -0.06, 0.00, -0.96
Gyro: -1.58, 0.23, -1.28
Accel: -0.07, 0.01, -0.98
Gyro: -1.43, 0.31, -1.43
Accel: -0.07, 0.00, -0.97
Gyro: -1.50, 0.23, -1.79
Accel: -0.07, 0.00, -0.97
Gyro: -1.34, 0.28, -1.53
Accel: -0.06, 0.01, -0.97
Gyro: -1.21, 0.18, -1.37
Accel: -0.07, 0.00, -0.98
Gyro: -1.43, 0.92, -1.40
Accel: -0.06, 0.00, -0.98
Gyro: -1.47, 1.05, -1.32
Accel: -0.07, 0.00, -0.98
Gyro: -1.66, 1.47, -1.11
Accel: -0.05, 0.01, -0.96
Gyro: -2.67, 1.62, -1.57
Accel: -0.06, 0.02, -0.98
Gyro: -2.72, 1.74, -1.33
Accel: -0.06, 0.01, -0.97
Gyro: -0.93, 0.99, -0.30
Accel: -0.06, -0.00, -0.99
Gyro: -1.03, 0.82, -0.60
Accel: -0.07, 0.00, -0.99
Gyro: -1.32, 1.43, -1.40
Accel: -0.06, 0.01, -0.97
Gyro: -1.51, 1.59, -1.24
Accel: -0.06, 0.01, -0.98
Gyro: -1.46, 1.92, -0.92
Accel: -0.06, 0.00, -0.97
Gyro: -1.14, 2.57, -0.81
Accel: -0.06, -0.00, -0.97
Gyro: -1.69, 2.40, -0.89
Accel: -0.05, 0.00, -0.98
Gyro: -1.82, 2.59, -1.01
Accel: -0.04, 0.00, -0.97
Gyro: -1.59, 1.82, -1.33
Accel: -0.05, -0.00, -0.97
Gyro: -1.21, 1.03, -1.84
Accel: -0.04, -0.00, -0.97
Gyro: -0.67, 0.29, -2.04
Accel: -0.04, 0.01, -0.97
Gyro: -1.82, 0.19, -2.42
Accel: -0.04, 0.02, -0.97
Gyro: -0.65, -0.60, -1.34
Accel: -0.05, 0.01, -0.98
Gyro: -0.40, -0.97, -0.43
Accel: -0.04, -0.00, -0.96
Gyro: -1.29, -1.46, -0.86
Accel: -0.05, 0.00, -0.98
Gyro: -1.86, -0.84, -1.37
Accel: -0.06, 0.01, -0.98
Gyro: -1.89, -0.58, -1.38
Accel: -0.06, 0.01, -0.99
Gyro: -1.59, -0.12, -1.34
Accel: -0.05, 0.01, -0.98
Gyro: -0.94, 0.24, -1.35
Accel: -0.05, 0.01, -0.98
Gyro: -1.04, 0.43, -1.31
Accel: -0.04, 0.01, -0.97
Gyro: -1.21, 0.34, -1.10
Accel: -0.05, 0.00, -0.98
Gyro: -1.24, 0.53, -0.95
Accel: -0.04, -0.00, -0.98
Gyro: -1.21, 0.31, -0.89
Accel: -0.05, -0.00, -0.98
Gyro: -1.72, 0.40, -0.91
Accel: -0.05, 0.01, -0.97
Gyro: -1.98, 0.43, -1.09
Accel: -0.05, 0.00, -0.97
Gyro: -1.82, 0.16, -0.63
Accel: -0.05, -0.00, -0.97
Gyro: -1.48, 0.17, -0.72
Accel: -0.04, -0.01, -0.97
Gyro: -1.62, -0.31, -1.30
Accel: -0.05, -0.01, -0.97
Gyro: -1.41, -0.65, -1.75
Accel: -0.05, -0.01, -0.97
Gyro: -2.00, -0.79, -2.62
Accel: -0.05, -0.00, -0.97
Gyro: -2.24, -0.71, -2.98
Accel: -0.05, -0.02, -0.98
Gyro: -1.61, -0.60, -3.62
Accel: -0.04, -0.06, -0.97
Gyro: -2.20, -0.79, -5.81
Accel: -0.04, -0.13, -0.98
Gyro: -2.19, -0.40, -16.56
Accel: -0.05, -0.12, -1.00
Gyro: 0.69, 0.31, -29.88
Accel: -0.06, -0.18, -0.99
Gyro: 7.28, 0.85, -43.41
Accel: -0.07, -0.32, -1.01
Gyro: 9.92, 2.63, -67.45
Accel: -0.10, -0.39, -1.06
Gyro: 10.96, 7.77, -100.58
Accel: -0.16, -0.39, -1.13
Gyro: 16.86, 15.91, -137.91
Accel: -0.21, -0.30, -1.24
Gyro: 23.42, 35.00, -171.10
Accel: -0.20, -0.22, -1.11
Gyro: 38.30, 49.33, -193.45
Accel: -0.13, -0.19, -1.00
Gyro: 44.72, 51.45, -208.67
Accel: -0.08, -0.13, -0.86
Gyro: 44.08, 45.43, -215.93
Accel: -0.05, -0.13, -0.84
Gyro: 42.90, 32.88, -217.91
Accel: -0.05, -0.11, -0.93
Gyro: 37.68, 26.79, -218.64
Accel: -0.03, -0.10, -0.97
Gyro: 27.69, 24.06, -216.61
Accel: 0.02, 0.02, -0.94
Gyro: 21.71, 22.29, -207.78
Accel: 0.07, -0.02, -0.86
Gyro: 25.86, 13.02, -194.30
Accel: 0.08, -0.01, -0.91
Gyro: 24.09, 5.79, -184.21
Accel: 0.08, 0.06, -0.88
Gyro: 14.41, 2.22, -168.24
Accel: 0.10, 0.12, -0.88
Gyro: 9.54, -1.53, -149.35
Accel: 0.19, 0.28, -0.90
Gyro: 9.44, -9.19, -123.47
Accel: 0.06, 0.21, -0.97
Gyro: 13.55, -10.44, -92.70
Accel: 0.09, 0.19, -1.00
Gyro: 7.03, -8.21, -66.88
Accel: 0.09, 0.18, -0.97
Gyro: 2.91, -9.61, -42.69
Accel: 0.10, 0.13, -0.94
Gyro: -0.17, -12.76, -22.89
Accel: 0.09, 0.08, -0.99
Gyro: -0.93, -15.33, -9.04
Accel: 0.05, 0.05, -1.05
Gyro: -2.64, -11.73, 1.84
Accel: 0.05, 0.04, -1.05
Gyro: -0.18, -3.34, 9.82
Accel: 0.09, -0.00, -0.96
Gyro: 4.69, -2.24, 15.75
Accel: 0.10, -0.04, -0.93
Gyro: 2.94, -6.23, 19.74
Accel: 0.09, -0.01, -1.01
Gyro: 0.83, -6.42, 27.26
Accel: 0.10, 0.06, -1.02
Gyro: -6.53, -3.04, 40.35
Accel: 0.09, 0.20, -1.03
Gyro: -9.83, 0.14, 61.78
Accel: 0.09, 0.33, -0.96
Gyro: -7.30, -0.62, 93.38
Accel: 0.05, 0.23, -0.85
Gyro: -0.69, -6.59, 128.50
Accel: 0.01, 0.03, -0.90
Gyro: -2.98, -14.14, 149.69
Accel: -0.02, 0.08, -0.94
Gyro: -17.76, -17.45, 166.50
Accel: -0.05, 0.09, -0.96
Gyro: -22.08, -19.38, 187.50
Accel: -0.09, 0.05, -0.96
Gyro: -27.63, -22.32, 204.25
Accel: -0.16, -0.02, -1.00
Gyro: -32.30, -22.47, 217.29
Accel: -0.19, -0.20, -1.02
Gyro: -39.66, -18.29, 214.09
Accel: -0.16, -0.19, -1.04
Gyro: -49.87, -14.64, 202.59
Accel: -0.13, -0.13, -0.98
Gyro: -47.71, -15.01, 194.60
