Accel: -0.04, 0.11, -0.93
Gyro: 32.79, 19.91, -218.44
Accel: 0.01, 0.16, -0.95
Gyro: 25.47, 14.28, -195.95
Accel: 0.03, 0.18, -0.92
Gyro: 24.34, 10.54, -168.35
Accel: 0.05, 0.23, -0.94
Gyro: 12.76, 7.19, -141.05
Accel: 0.08, 0.24, -0.91
Gyro: 7.80, 3.14, -110.43
Accel: 0.10, 0.21, -0.90
Gyro: 10.83, -1.64, -81.32
Accel: 0.07, 0.20, -0.93
Gyro: 14.63, -6.07, -53.33
Accel: 0.07, 0.13, -0.98
Gyro: 5.38, -7.63, -31.75
Accel: 0.07, 0.10, -0.97
Gyro: 2.84, -7.88, -12.87
Accel: 0.06, 0.04, -0.97
Gyro: -0.92, -8.58, 0.77
Accel: 0.06, 0.02, -1.00
Gyro: -3.31, -7.58, 10.04
Accel: 0.07, 0.04, -1.00
Gyro: -1.79, -5.50, 19.44
Accel: 0.08, 0.03, -0.96
Gyro: -1.54, -5.57, 30.28
Accel: 0.07, 0.06, -1.02
Gyro: -1.66, -6.95, 42.87
Accel: 0.06, 0.14, -1.03
Gyro: -8.09, -3.64, 61.50
Accel: 0.07, 0.25, -0.98
Gyro: -8.24, -4.86, 87.82
Accel: 0.05, 0.24, -0.87
Gyro: -6.39, -9.12, 122.45
Accel: -0.01, 0.04, -0.91
Gyro: -4.99, -14.88, 145.58
Accel: -0.04, 0.08, -1.02
Gyro: -20.03, -15.20, 161.71
Accel: -0.08, 0.12, -0.99
Gyro: -24.35, -13.25, 184.10
Accel: -0.11, 0.01, -0.94
Gyro: -25.97, -15.53, 200.01
Accel: -0.13, -0.10, -0.97
Gyro: -29.71, -19.04, 204.80
Accel: -0.15, -0.14, -1.00
Gyro: -33.94, -18.78, 200.23
Accel: -0.16, -0.16, -0.94
Gyro: -35.22, -20.57, 194.39
Accel: -0.17, -0.25, -0.99
Gyro: -29.91, -18.96, 182.59
Accel: -0.13, -0.26, -1.03
Gyro: -46.76, -15.15, 163.88
Accel: -0.13, -0.22, -1.07
Gyro: -43.24, -8.86, 142.75
Accel: -0.07, -0.10, -1.03
Gyro: -39.12, -5.63, 125.60
Accel: -0.05, 0.05, -0.96
Gyro: -30.11, -6.52, 119.61
Accel: -0.07, 0.03, -0.94
Gyro: -10.77, -9.88, 120.11
Accel: -0.08, -0.09, -0.93
Gyro: -3.72, -12.53, 113.64
Accel: -0.08, -0.11, -1.01
Gyro: -3.38, -11.89, 102.41
Accel: -0.09, -0.07, -1.04
Gyro: -3.85, -7.42, 93.09
Accel: -0.09, -0.05, -1.02
Gyro: -1.00, -2.86, 85.86
Accel: -0.09, -0.11, -0.99
Gyro: 2.79, -0.34, 77.80
Accel: -0.08, -0.16, -0.98
Gyro: 2.23, 0.31, 64.07
Accel: -0.06, -0.13, -0.99
Gyro: 2.04, 0.66, 49.96
Accel: -0.05, -0.11, -0.97
Gyro: 4.32, 1.46, 39.12
Accel: -0.06, -0.12, -0.97
Gyro: 6.91, 0.72, 28.68
Accel: -0.05, -0.13, -0.98
Gyro: 6.63, 0.45, 18.60
Accel: -0.05, -0.11, -0.97
Gyro: 6.48, 0.21, 9.40
Accel: -0.04, -0.08, -0.97
Gyro: 6.15, -0.63, 3.29
Accel: -0.03, -0.05, -0.97
Gyro: 5.05, -0.62, 0.40
Accel: -0.05, -0.05, -0.97
Gyro: 4.00, -0.44, -0.05
Accel: -0.05, -0.05, -0.96
Gyro: 1.10, -1.19, -1.46
Accel: -0.04, -0.05, -0.97
Gyro: -1.39, -1.61, -2.30
Accel: -0.04, -0.04, -0.96
Gyro: -2.94, -2.07, -2.94
Accel: -0.04, -0.03, -0.98
Gyro: -3.88, -2.75, -3.24
Accel: -0.05, -0.03, -0.97
Gyro: -4.54, -3.72, -3.94
Accel: -0.05, -0.02, -0.97
Gyro: -4.09, -4.91, -4.86
Accel: -0.04, -0.02, -0.98
Gyro: -3.87, -4.56, -5.54
Accel: -0.05, -0.00, -0.99
Gyro: -2.81, -3.52, -6.29
Accel: -0.06, 0.01, -0.97
Gyro: -0.92, -2.58, -5.51
Accel: -0.06, 0.01, -0.97
Gyro: -0.22, -2.29, -4.71
Accel: -0.06, 0.00, -0.98
Gyro: -0.76, -1.77, -4.37
Accel: -0.07, -0.01, -0.98
Gyro: -1.79, -1.30, -4.07
Accel: -0.07, -0.00, -0.97
Gyro: -1.91, -0.95, -4.36
Accel: -0.07, 0.00, -0.98
Gyro: -2.03, -0.86, -4.49
Accel: -0.07, -0.00, -0.98
Gyro: -1.82, -0.43, -4.22
Accel: -0.07, -0.00, -0.99
Gyro: -1.51, -0.03, -4.43
Accel: -0.06, -0.01, -0.99
Gyro: -2.30, 0.36, -4.50
Accel: -0.06, -0.01, -0.97
Gyro: -2.31, 1.14, -4.55
Accel: -0.06, -0.00, -0.98
Gyro: -3.09, 1.16, -4.28
Accel: -0.05, 0.01, -0.98
Gyro: -3.65, 0.78, -4.73
Accel: -0.05, 0.01, -0.97
Gyro: -2.52, 0.92, -3.59
Accel: -0.05, -0.00, -0.97
Gyro: -1.86, -0.05, -3.05
Accel: -0.04, -0.00, -0.97
Gyro: -1.78, -0.13, -3.33
Accel: -0.04, 0.00, -0.96
Gyro: -1.37, -1.04, -2.74
Accel: -0.05, 0.01, -0.96
Gyro: -0.77, -1.14, -2.30
Accel: -0.05, 0.00, -0.97
Gyro: 0.20, -1.41, -1.82
Accel: -0.06, -0.00, -0.97
Gyro: -0.44, -0.85, -1.69
Accel: -0.05, -0.01, -0.96
Gyro: -0.91, -1.01, -1.93
Accel: -0.05, -0.01, -0.97
Gyro: -1.20, -1.66, -2.53
Accel: -0.05, -0.01, -0.96
Gyro: -0.82, -2.18, -3.24
Accel: -0.06, -0.01, -0.98
Gyro: -1.46, -1.98, -3.73
Accel: -0.06, -0.01, -0.98
Gyro: -2.37, -1.14, -4.59
Accel: -0.07, -0.00, -0.97
Gyro: -2.09, -0.92, -4.60
Accel: -0.06, 0.00, -0.98
Gyro: -1.83, -0.59, -4.17
Accel: -0.06, -0.01, -0.98
Gyro: -1.83, -0.79, -3.92
Accel: -0.06, 0.00, -0.98
Gyro: -2.33, -0.08, -3.35
Accel: -0.06, 0.01, -0.98
Gyro: -2.72, 0.34, -2.75
Accel: -0.05, -0.00, -0.96
Gyro: -2.36, 0.00, -1.71
Accel: -0.06, -0.01, -0.97
Gyro: -2.56, 0.05, -1.75
Accel: -0.06, -0.00, -0.97
Gyro: -2.56, 0.14, -1.64
Accel: -0.05, -0.01, -0.97
Gyro: -2.01, -0.39, -1.79
Accel: -0.05, -0.01, -0.97
Gyro: -1.69, -0.31, -1.88
Accel: -0.05, -0.01, -0.97
Gyro: -1.29, -0.32, -1.63
Accel: -0.05, -0.01, -0.97
Gyro: -1.60, -0.59, -1.78
Accel: -0.05, -0.02, -0.97
Gyro: -2.15, -0.87, -2.08
Accel: -0.06, -0.01, -0.97
Gyro: -2.19, -1.08, -2.40
Accel: -0.05, -0.00, -0.97
Gyro: -2.17, -1.05, -2.33
Accel: -0.05, -0.01, -0.97
Gyro: -2.33, -1.40, -2.80
Accel: -0.06, -0.01, -0.98
Gyro: -2.08, -1.35, -3.07
Accel: -0.06, -0.00, -0.97
Gyro: -1.64, -1.08, -3.07
Accel: -0.06, -0.00, -0.97
Gyro: -1.24, -1.08, -2.97
Accel: -0.06, 0.00, -0.98
Gyro: -1.52, -0.93, -3.21
Accel: -0.05, 0.00, -0.98
Gyro: -1.33, -0.85, -2.73
Accel: -0.05, -0.01, -0.98
Gyro: -1.25, -0.47, -2.64
Accel: -0.05, -0.00, -0.98
Gyro: -2.46, -0.56, -3.26
Accel: -0.06, 0.01, -0.98
Gyro: -2.33, -0.18, -3.11
Accel: -0.06, 0.01, -0.97
Gyro: -0.77, -0.68, -2.05
Accel: -0.06, -0.01, -0.98
Gyro: -1.01, -0.74, -2.26
Accel: -0.05, -0.01, -0.97
Gyro: -1.22, -0.66, -2.53
Accel: -0.07, 0.00, -0.98
Gyro: -1.66, -0.69, -2.40
Accel: -0.06, 0.00, -0.98
Gyro: -2.01, -0.20, -1.89
Accel: -0.06, -0.00, -0.98
Gyro: -1.57, 0.29, -1.40
Accel: -0.06, -0.01, -0.98
Gyro: -2.16, 0.81, -1.64
Accel: -0.05, -0.01, -0.97
Gyro: -2.29, 0.95, -1.58
Accel: -0.05, -0.00, -0.97
Gyro: -1.99, 0.82, -1.74
Accel: -0.04, -0.00, -0.97
Gyro: -1.55, -0.39, -1.72
Accel: -0.05, -0.01, -0.98
Gyro: -1.52, -0.82, -1.95
Accel: -0.05, -0.01, -0.97
Gyro: -1.91, -0.63, -2.11
Accel: -0.05, 0.00, -0.96
Gyro: -1.38, -0.95, -2.30
Accel: -0.05, -0.01, -0.97
Gyro: -1.11, -1.49, -2.08
Accel: -0.04, -0.02, -0.97
Gyro: -1.39, -2.34, -3.04
Accel: -0.06, -0.01, -0.99
Gyro: -1.93, -2.07, -3.59
Accel: -0.07, -0.01, -0.99
Gyro: -1.88, -1.82, -4.05
Accel: -0.07, -0.00, -0.99
Gyro: -1.65, -1.30, -4.82
Accel: -0.07, -0.01, -0.99
Gyro: -1.22, -0.59, -4.92
Accel: -0.06, -0.02, -0.99
Gyro: -0.79, -0.14, -5.25
Accel: -0.06, -0.01, -0.98
Gyro: -0.90, 0.60, -6.16
Accel: -0.06, -0.02, -0.98
Gyro: -0.88, 1.62, -7.14
Accel: -0.06, -0.01, -0.99
Gyro: -0.47, 2.09, -7.50
Accel: -0.06, 0.00, -0.98
Gyro: -0.51, 2.51, -6.83
Accel: -0.06, 0.00, -0.98
Gyro: -0.58, 2.59, -5.79
Accel: -0.05, 0.00, -0.98
Gyro: -1.35, 3.40, -4.52
Accel: -0.05, 0.01, -0.99
Gyro: -1.56, 4.22, -3.40
Accel: -0.06, 0.02, -1.00
Gyro: -1.57, 6.89, -1.60
Accel: -0.05, 0.02, -0.98
Gyro: -1.21, 7.93, 0.43
Accel: -0.03, 0.04, -0.96
Gyro: -0.60, 6.94, 3.98
Accel: -0.03, 0.02, -0.95
Gyro: 0.09, 4.59, 6.90
Accel: -0.03, -0.02, -0.95
Gyro: -1.09, 2.72, 6.55
Accel: -0.03, -0.03, -0.96
Gyro: -2.45, 1.14, 4.74
Accel: -0.03, -0.03, -0.97
Gyro: -2.26, 0.50, 2.77
Accel: -0.04, -0.03, -0.96
Gyro: -1.59, 0.24, 0.50
Accel: -0.04, -0.04, -0.98
Gyro: -2.18, -0.05, -2.20
Accel: -0.03, -0.01, -0.98
Gyro: -1.53, -0.11, -4.01
Accel: -0.04, -0.02, -0.98
Gyro: -0.27, -0.47, -4.52
Accel: -0.04, -0.04, -0.97
Gyro: -0.72, -0.98, -6.09
Accel: -0.04, -0.05, -0.98
Gyro: -1.56, -0.76, -8.94
Accel: -0.04, -0.06, -0.97
Gyro: -1.66, -0.47, -13.39
Accel: -0.05, -0.08, -0.98
Gyro: -0.98, 0.30, -18.90
Accel: -0.04, -0.11, -0.98
Gyro: 1.57, 1.18, -25.73
Accel: -0.05, -0.18, -1.00
Gyro: 3.23, 2.20, -39.64
Accel: -0.04, -0.18, -0.97
Gyro: 4.65, 2.54, -56.21
Accel: -0.05, -0.25, -0.99
Gyro: 8.83, 1.66, -73.42
Accel: -0.07, -0.35, -1.00
Gyro: 9.26, 3.01, -97.86
Accel: -0.10, -0.36, -1.03
Gyro: 10.19, 6.87, -128.17
Accel: -0.13, -0.35, -1.07
Gyro: 11.91, 14.47, -157.98
Accel: -0.15, -0.38, -1.06
Gyro: 19.48, 19.71, -189.67
Accel: -0.17, -0.27, -1.01
Gyro: 27.91, 24.87, -217.82
