Accel: -0.10, -0.02, -0.98
Gyro: -3.57, -1.55, -4.36
Accel: -0.09, -0.01, -0.99
Gyro: -3.77, -1.02, -4.48
Accel: -0.09, -0.01, -0.98
Gyro: -3.40, -0.65, -4.03
Accel: -0.09, -0.01, -0.99
Gyro: -2.83, -0.52, -3.99
Accel: -0.08, -0.01, -0.98
Gyro: -1.85, -0.27, -4.00
Accel: -0.08, -0.01, -0.99
Gyro: -1.35, 0.18, -4.00
Accel: -0.08, -0.02, -0.97
Gyro: -1.04, 0.16, -4.10
Accel: -0.08, -0.01, -0.97
Gyro: -1.04, -0.13, -3.56
Accel: -0.08, -0.01, -0.96
Gyro: -0.92, -0.34, -2.97
Accel: -0.08, -0.01, -0.98
Gyro: -1.21, -0.71, -2.49
Accel: -0.09, -0.01, -0.97
Gyro: -1.64, -0.43, -2.11
Accel: -0.08, -0.02, -0.96
Gyro: -2.27, -0.74, -2.07
Accel: -0.07, -0.02, -0.97
Gyro: -2.36, -1.12, -2.04
Accel: -0.07, -0.01, -0.98
Gyro: -2.28, -1.28, -1.59
Accel: -0.09, -0.02, -0.98
Gyro: -2.38, -1.14, -1.42
Accel: -0.08, -0.01, -0.98
Gyro: -2.37, -0.68, -1.24
Accel: -0.09, -0.02, -0.98
Gyro: -2.66, -0.61, -1.40
Accel: -0.08, -0.02, -0.98
Gyro: -2.66, 0.15, -1.71
Accel: -0.08, -0.03, -0.98
Gyro: -2.73, 0.13, -2.07
Accel: -0.09, -0.00, -0.97
Gyro: -2.75, 0.06, -2.17
Accel: -0.08, -0.02, -0.97
Gyro: -2.28, 0.36, -1.86
Accel: -0.08, -0.02, -0.97
Gyro: -3.48, 0.66, -2.49
Accel: -0.08, -0.00, -0.98
Gyro: -5.20, 0.65, -2.40
Accel: -0.08, 0.01, -0.98
Gyro: -5.29, 1.11, -1.05
Accel: -0.08, 0.00, -0.96
Gyro: -5.46, 0.09, -0.08
Accel: -0.09, -0.01, -0.97
Gyro: -6.00, -0.67, -0.18
Accel: -0.09, -0.01, -0.98
Gyro: -5.74, -0.21, -0.47
Accel: -0.09, -0.00, -0.99
Gyro: -5.04, 0.56, -1.18
Accel: -0.09, -0.00, -0.97
Gyro: -3.74, 1.02, -1.44
Accel: -0.08, -0.00, -0.97
Gyro: -2.53, 0.44, -2.24
Accel: -0.08, 0.00, -0.96
Gyro: -2.30, 0.26, -2.32
Accel: -0.08, 0.00, -0.98
Gyro: -2.37, -0.28, -2.37
Accel: -0.08, -0.00, -0.97
Gyro: -2.43, -0.67, -2.26
Accel: -0.08, -0.00, -0.97
Gyro: -2.13, -0.34, -2.40
Accel: -0.08, -0.01, -0.97
Gyro: -2.75, -0.69, -2.70
Accel: -0.09, 0.01, -0.97
Gyro: -2.64, -0.38, -2.72
Accel: -0.09, 0.00, -0.98
Gyro: -1.71, -0.64, -1.99
Accel: -0.08, -0.01, -0.99
Gyro: -1.75, -0.59, -1.85
Accel: -0.08, -0.01, -0.98
Gyro: -1.65, -0.03, -2.17
Accel: -0.08, -0.00, -0.98
Gyro: -2.40, 0.05, -2.46
Accel: -0.09, -0.01, -0.98
Gyro: -2.68, 0.02, -2.33
Accel: -0.08, 0.01, -0.98
Gyro: -2.59, 0.43, -2.27
Accel: -0.08, 0.00, -0.98
Gyro: -2.88, 0.53, -2.04
Accel: -0.08, 0.00, -0.98
Gyro: -2.83, 1.08, -1.67
Accel: -0.08, 0.01, -0.97
Gyro: -2.49, 1.13, -1.42
Accel: -0.07, 0.00, -0.97
Gyro: -1.92, 0.72, -1.10
Accel: -0.08, 0.01, -0.97
Gyro: -1.59, 0.68, -0.86
Accel: -0.07, -0.01, -0.97
Gyro: -1.28, 0.45, -0.80
Accel: -0.07, 0.00, -0.97
Gyro: -1.31, -0.05, -1.01
Accel: -0.07, 0.00, -0.96
Gyro: -1.46, 0.02, -0.86
Accel: -0.07, 0.01, -0.96
Gyro: -1.19, -0.11, -0.85
Accel: -0.07, 0.00, -0.98
Gyro: -1.07, -0.43, -0.76
Accel: -0.07, -0.00, -0.96
Gyro: -0.99, -0.60, -0.85
Accel: -0.07, 0.01, -0.98
Gyro: -0.96, -1.06, -1.01
Accel: -0.08, -0.00, -0.98
Gyro: -1.25, -0.84, -0.81
Accel: -0.08, -0.01, -0.98
Gyro: -1.02, -0.79, -0.83
Accel: -0.08, -0.00, -0.97
Gyro: -1.03, -0.94, -0.94
Accel: -0.07, -0.02, -0.96
Gyro: -1.85, -1.04, -1.37
Accel: -0.07, -0.00, -0.97
Gyro: -2.75, -1.16, -2.28
Accel: -0.08, 0.01, -0.97
Gyro: -2.03, -0.98, -1.59
Accel: -0.08, -0.00, -0.98
Gyro: -0.85, -1.54, -0.85
Accel: -0.07, -0.00, -0.98
Gyro: -1.16, -1.46, -1.18
Accel: -0.08, -0.01, -0.97
Gyro: -1.45, -1.16, -1.31
Accel: -0.09, 0.00, -0.97
Gyro: -1.70, -1.24, -1.04
Accel: -0.09, -0.00, -0.98
Gyro: -1.33, -1.00, -0.49
Accel: -0.08, -0.01, -0.98
Gyro: -1.42, -0.57, -0.24
Accel: -0.08, -0.01, -0.98
Gyro: -1.96, 0.55, -0.95
Accel: -0.08, -0.00, -0.96
Gyro: -1.63, 0.37, -0.92
Accel: -0.08, 0.00, -0.97
Gyro: -1.12, -0.37, -1.08
Accel: -0.07, -0.01, -0.97
Gyro: -0.84, -0.56, -1.07
Accel: -0.08, -0.01, -0.98
Gyro: -1.41, -0.66, -1.41
Accel: -0.08, -0.01, -0.97
Gyro: -2.28, -0.27, -1.77
Accel: -0.07, 0.01, -0.97
Gyro: -1.84, -0.69, -1.35
Accel: -0.08, -0.01, -0.97
Gyro: -1.12, -0.81, -1.10
Accel: -0.07, -0.01, -0.98
Gyro: -1.85, -1.26, -1.37
Accel: -0.08, -0.01, -0.98
Gyro: -2.56, -0.79, -1.91
Accel: -0.08, -0.00, -0.97
Gyro: -2.44, -0.60, -1.69
Accel: -0.08, 0.00, -0.98
Gyro: -2.17, -0.61, -1.59
Accel: -0.08, -0.00, -0.97
Gyro: -1.79, -0.12, -1.56
Accel: -0.08, -0.00, -0.98
Gyro: -1.82, 0.24, -1.64
Accel: -0.08, 0.00, -0.98
Gyro: -1.83, 0.96, -1.66
Accel: -0.07, 0.00, -0.97
Gyro: -1.43, 0.45, -1.65
Accel: -0.08, -0.00, -0.98
Gyro: -1.62, 0.83, -1.75
Accel: -0.08, -0.01, -0.97
Gyro: -1.82, 0.52, -1.60
Accel: -0.08, -0.00, -0.98
Gyro: -1.67, 0.31, -1.39
Accel: -0.08, -0.01, -0.97
Gyro: -2.01, 0.12, -1.75
Accel: -0.08, -0.02, -0.98
Gyro: -1.90, 0.45, -2.82
Accel: -0.07, -0.06, -0.97
Gyro: -2.25, 0.12, -5.94
Accel: -0.08, -0.10, -0.98
Gyro: -0.72, 0.25, -14.43
Accel: -0.07, -0.15, -0.98
Gyro: 2.48, 0.40, -27.17
Accel: -0.08, -0.16, -0.99
Gyro: 6.04, 0.66, -42.78
Accel: -0.09, -0.23, -0.98
Gyro: 10.94, 0.92, -60.04
Accel: -0.11, -0.32, -1.00
Gyro: 14.43, 1.45, -85.42
Accel: -0.13, -0.37, -1.02
Gyro: 16.17, 5.29, -116.67
Accel: -0.13, -0.34, -1.00
Gyro: 21.33, 8.58, -147.02
Accel: -0.15, -0.37, -0.99
Gyro: 27.11, 9.29, -175.70
Accel: -0.19, -0.38, -1.00
Gyro: 27.61, 11.34, -203.42
Accel: -0.20, -0.31, -1.00
Gyro: 27.23, 12.95, -227.94
Accel: -0.20, -0.22, -0.99
Gyro: 29.50, 13.70, -241.51
Accel: -0.19, -0.20, -0.91
Gyro: 32.59, 11.90, -248.91
Accel: -0.17, -0.22, -0.90
Gyro: 27.69, 7.98, -250.00
Accel: -0.13, -0.11, -0.87
Gyro: 25.25, 2.33, -250.00
Accel: -0.07, 0.11, -0.92
Gyro: 19.29, -3.13, -242.97
Accel: -0.02, 0.30, -0.91
Gyro: 25.05, -8.23, -210.51
Accel: -0.03, 0.22, -0.98
Gyro: 30.28, -13.04, -172.78
Accel: -0.04, 0.18, -1.10
Gyro: 24.15, -7.55, -139.43
Accel: -0.02, 0.12, -1.03
Gyro: 17.80, -4.78, -109.47
Accel: 0.00, 0.04, -0.91
Gyro: 17.30, -10.24, -85.14
Accel: -0.03, 0.00, -0.98
Gyro: 10.25, -13.08, -66.32
Accel: -0.04, -0.02, -1.10
Gyro: 5.58, -9.91, -49.22
Accel: -0.03, -0.05, -1.06
Gyro: 0.11, -4.01, -38.16
Accel: -0.00, -0.06, -0.93
Gyro: 12.81, -3.01, -27.02
Accel: 0.01, -0.12, -0.90
Gyro: 11.24, -9.55, -21.22
Accel: -0.04, -0.14, -1.07
Gyro: 4.20, -7.39, -17.48
Accel: -0.02, -0.08, -1.05
Gyro: 1.27, 2.83, -11.17
Accel: 0.03, -0.08, -0.95
Gyro: 1.14, 3.52, -2.53
Accel: 0.04, -0.10, -0.92
Gyro: -0.20, 0.01, 5.21
Accel: 0.04, -0.09, -0.99
Gyro: -3.65, -0.29, 12.37
Accel: 0.04, -0.07, -1.00
Gyro: -3.52, 1.72, 21.02
Accel: 0.04, -0.01, -0.98
Gyro: -5.29, 2.72, 32.15
Accel: 0.03, 0.08, -0.98
Gyro: -6.84, 3.07, 52.40
Accel: 0.03, 0.15, -0.97
Gyro: -8.28, 0.79, 82.45
Accel: -0.04, 0.19, -0.93
Gyro: -11.86, -1.75, 118.19
Accel: -0.08, 0.05, -0.97
Gyro: -13.72, -8.32, 149.46
Accel: -0.16, 0.06, -1.03
Gyro: -20.87, -10.21, 173.95
Accel: -0.21, -0.01, -1.04
Gyro: -25.74, -8.54, 196.85
Accel: -0.23, -0.06, -1.03
Gyro: -35.80, -4.38, 207.49
Accel: -0.23, -0.04, -1.00
Gyro: -37.90, -1.85, 215.26
Accel: -0.24, -0.16, -0.96
Gyro: -35.93, -1.09, 218.32
Accel: -0.21, -0.31, -0.96
Gyro: -34.93, -0.56, 203.12
Accel: -0.18, -0.26, -1.01
Gyro: -42.59, 3.07, 180.65
Accel: -0.14, -0.10, -0.95
Gyro: -35.71, 5.00, 169.78
Accel: -0.11, -0.04, -0.90
Gyro: -29.53, 0.92, 166.87
Accel: -0.13, -0.09, -0.90
Gyro: -20.89, -3.13, 163.98
Accel: -0.11, -0.19, -0.91
Gyro: -16.08, -5.53, 152.62
Accel: -0.11, -0.21, -0.96
Gyro: -15.69, -4.37, 135.87
Accel: -0.10, -0.11, -0.99
Gyro: -11.92, -3.21, 122.75
Accel: -0.10, -0.10, -0.96
Gyro: -2.76, -3.91, 117.05
Accel: -0.10, -0.23, -0.92
Gyro: 1.10, -8.29, 105.30
Accel: -0.10, -0.29, -0.97
Gyro: -3.78, -10.70, 86.24
Accel: -0.10, -0.22, -0.99
Gyro: -6.78, -11.31, 67.09
Accel: -0.11, -0.15, -0.98
Gyro: -3.83, -11.42, 53.53
Accel: -0.11, -0.08, -0.97
Gyro: 0.11, -12.27, 44.59
Accel: -0.12, -0.05, -0.96
Gyro: 5.54, -14.02, 40.82
Accel: -0.12, -0.06, -0.98
Gyro: 8.23, -14.08, 36.79
Accel: -0.12, -0.06, -0.99
Gyro: 8.02, -13.11, 32.33
Accel: -0.13, -0.05, -1.01
Gyro: 8.17, -10.80, 29.01
Accel: -0.13, -0.08, -1.00
Gyro: 7.55, -8.31, 25.01
Accel: -0.14, -0.12, -1.00
Gyro: 3.59, -5.33, 19.13
Accel: -0.13, -0.11, -0.98
Gyro: -0.24, -4.06, 11.57
Accel: -0.13, -0.07, -0.98
Gyro: -0.51, -4.04, 6.73
