Accel: 0.13, 0.18, -0.99
Gyro: 0.68, -9.98, -58.31
Accel: 0.07, 0.09, -0.98
Gyro: 6.84, -10.33, -38.90
Accel: 0.06, 0.02, -0.99
Gyro: 1.48, -11.83, -25.45
Accel: 0.04, 0.03, -1.07
Gyro: -2.37, -7.10, -14.10
Accel: 0.07, 0.05, -1.01
Gyro: -3.62, -3.07, -2.59
Accel: 0.09, 0.01, -0.97
Gyro: -3.26, -3.77, 5.84
Accel: 0.09, 0.02, -0.98
Gyro: -2.54, -4.59, 13.37
Accel: 0.09, 0.02, -1.00
Gyro: -1.49, -2.09, 20.83
Accel: 0.10, 0.03, -0.97
Gyro: 2.59, -2.21, 30.72
Accel: 0.08, 0.08, -1.02
Gyro: -5.31, 2.78, 42.84
Accel: 0.11, 0.13, -0.99
Gyro: -7.21, 5.62, 63.00
Accel: 0.12, 0.17, -0.95
Gyro: -10.62, 4.11, 87.38
Accel: 0.09, 0.18, -0.90
Gyro: -14.14, 0.03, 116.00
Accel: 0.03, 0.10, -0.94
Gyro: -13.43, -2.75, 142.18
Accel: -0.01, 0.06, -1.07
Gyro: -21.77, -1.74, 162.86
Accel: -0.02, 0.10, -1.01
Gyro: -36.62, 4.68, 181.82
Accel: -0.02, 0.06, -0.93
Gyro: -38.47, 2.36, 199.81
Accel: -0.06, -0.07, -0.90
Gyro: -37.88, -4.49, 207.24
Accel: -0.08, -0.06, -1.05
Gyro: -36.04, -5.49, 203.25
Accel: -0.10, -0.03, -1.08
Gyro: -38.64, 2.09, 203.58
Accel: -0.10, -0.00, -1.00
Gyro: -38.76, 5.81, 207.95
Accel: -0.11, -0.02, -0.99
Gyro: -39.66, 7.14, 212.87
Accel: -0.11, -0.20, -1.01
Gyro: -37.83, 8.42, 209.67
Accel: -0.08, -0.43, -1.00
Gyro: -36.84, 9.93, 178.85
Accel: -0.04, -0.28, -0.99
Gyro: -35.64, 11.67, 142.20
Accel: 0.01, -0.13, -0.98
Gyro: -23.24, 11.18, 125.61
Accel: 0.05, -0.17, -0.92
Gyro: -11.39, 6.58, 113.88
Accel: 0.05, -0.25, -0.94
Gyro: -6.55, 1.90, 98.50
Accel: 0.06, -0.31, -0.94
Gyro: -8.59, -0.30, 75.33
Accel: 0.07, -0.26, -0.96
Gyro: -8.59, -2.93, 53.55
Accel: 0.07, -0.18, -0.99
Gyro: -6.04, -3.04, 37.86
Accel: 0.08, -0.12, -0.95
Gyro: -2.88, -4.12, 28.50
Accel: 0.07, -0.13, -0.93
Gyro: 1.30, -7.97, 22.09
Accel: 0.07, -0.16, -0.94
Gyro: 1.17, -10.70, 13.79
Accel: 0.06, -0.14, -0.97
Gyro: -0.48, -12.00, 5.02
Accel: 0.05, -0.09, -0.99
Gyro: -2.21, -11.44, -0.66
Accel: 0.03, -0.06, -1.00
Gyro: -3.20, -9.46, -4.02
Accel: 0.03, -0.05, -1.00
Gyro: -3.52, -7.87, -6.85
Accel: 0.04, -0.05, -0.98
Gyro: -4.09, -6.47, -9.69
Accel: 0.04, -0.04, -0.97
Gyro: -4.46, -6.93, -11.80
Accel: 0.03, -0.01, -0.98
Gyro: -4.68, -7.93, -12.86
Accel: 0.01, 0.01, -1.00
Gyro: -3.53, -6.48, -12.44
Accel: 0.00, 0.01, -1.00
Gyro: -1.83, -4.99, -10.72
Accel: 0.01, 0.01, -1.00
Gyro: -1.50, -4.04, -9.70
Accel: 0.01, 0.01, -0.98
Gyro: -1.07, -3.33, -7.55
Accel: 0.01, -0.02, -0.98
Gyro: -0.39, -3.83, -6.10
Accel: 0.02, -0.02, -0.99
Gyro: -0.55, -2.86, -5.87
Accel: 0.02, -0.03, -0.98
Gyro: -0.66, -1.78, -5.78
Accel: 0.02, -0.04, -0.97
Gyro: -1.21, -1.43, -7.06
Accel: 0.03, -0.03, -0.98
Gyro: -2.24, -1.06, -8.23
Accel: 0.03, -0.03, -0.97
Gyro: -1.27, -1.54, -8.39
Accel: 0.03, -0.02, -0.99
Gyro: -1.34, -1.92, -8.64
Accel: 0.03, -0.02, -0.98
Gyro: -0.79, -2.04, -8.99
Accel: 0.01, -0.02, -0.97
Gyro: -1.11, -2.95, -9.73
Accel: 0.02, -0.02, -0.99
Gyro: -1.40, -2.87, -9.96
Accel: 0.02, -0.01, -1.00
Gyro: -2.23, -2.19, -10.17
Accel: 0.01, -0.01, -0.99
Gyro: -2.52, -1.46, -10.22
Accel: 0.02, -0.02, -0.98
Gyro: -2.03, -1.68, -10.38
Accel: 0.02, -0.02, -0.97
Gyro: -2.30, -2.43, -10.86
Accel: 0.01, -0.02, -0.99
Gyro: -1.66, -2.21, -11.73
Accel: 0.01, -0.02, -0.99
Gyro: -1.07, -1.66, -12.25
Accel: 0.02, -0.03, -0.96
Gyro: -0.32, -1.67, -13.40
Accel: 0.04, -0.04, -0.95
Gyro: 0.06, -4.07, -13.96
Accel: 0.03, -0.04, -0.92
Gyro: -0.71, -6.72, -14.74
Accel: 0.03, -0.03, -0.96
Gyro: -1.14, -8.32, -13.40
Accel: 0.01, -0.03, -1.01
Gyro: -4.14, -5.23, -10.96
Accel: 0.02, -0.03, -0.99
Gyro: -5.03, -2.59, -8.64
Accel: 0.03, -0.04, -0.97
Gyro: -4.68, -3.10, -7.48
Accel: 0.02, -0.05, -0.98
Gyro: -5.75, -3.23, -7.57
Accel: 0.01, -0.03, -0.99
Gyro: -6.43, -2.67, -7.39
Accel: 0.00, -0.01, -1.01
Gyro: -6.08, -1.61, -5.90
Accel: 0.01, -0.01, -1.02
Gyro: -6.23, -0.72, -5.17
Accel: 0.00, -0.01, -1.01
Gyro: -6.43, 0.91, -5.29
Accel: 0.02, 0.01, -1.00
Gyro: -6.77, 1.74, -5.71
Accel: 0.02, 0.02, -0.99
Gyro: -5.58, 2.47, -6.89
Accel: 0.02, 0.02, -0.98
Gyro: -3.45, 3.14, -7.58
Accel: 0.04, 0.05, -0.97
Gyro: -0.61, 3.13, -8.43
Accel: 0.04, 0.04, -0.97
Gyro: 2.59, 2.75, -7.73
Accel: 0.05, 0.04, -0.93
Gyro: 4.35, 1.64, -6.54
Accel: 0.07, 0.03, -0.93
Gyro: 6.26, -1.05, -4.46
Accel: 0.07, -0.00, -0.93
Gyro: 7.17, -3.92, -2.97
Accel: 0.06, -0.02, -0.94
Gyro: 7.08, -5.86, -2.41
Accel: 0.04, -0.04, -0.97
Gyro: 6.00, -6.09, -2.64
Accel: 0.04, -0.04, -0.96
Gyro: 4.05, -6.91, -2.90
Accel: 0.02, -0.03, -0.97
Gyro: 1.90, -8.17, -3.17
Accel: 0.00, -0.02, -0.97
Gyro: 0.84, -8.45, -2.76
Accel: -0.02, -0.02, -0.99
Gyro: -0.15, -7.81, -1.74
Accel: -0.02, -0.02, -1.00
Gyro: -1.08, -8.06, -1.31
Accel: -0.04, -0.02, -1.02
Gyro: -1.61, -7.21, -1.50
Accel: -0.04, -0.03, -1.02
Gyro: -1.84, -5.62, -2.11
Accel: -0.05, -0.03, -1.02
Gyro: -1.91, -3.66, -3.12
Accel: -0.05, -0.04, -1.01
Gyro: -1.82, -2.19, -4.85
Accel: -0.05, -0.02, -1.01
Gyro: -1.12, -0.47, -5.83
Accel: -0.05, -0.02, -1.01
Gyro: -0.20, 1.43, -6.00
Accel: -0.04, -0.01, -1.00
Gyro: 0.13, 3.49, -6.03
Accel: -0.03, -0.01, -0.99
Gyro: 0.43, 4.30, -5.39
Accel: -0.01, -0.01, -0.96
Gyro: 0.73, 4.14, -4.10
Accel: -0.01, -0.02, -0.96
Gyro: 0.40, 3.48, -3.10
Accel: 0.00, -0.03, -0.96
Gyro: 0.08, 2.49, -2.54
Accel: 0.01, -0.03, -0.98
Gyro: -0.65, 2.36, -2.12
Accel: 0.01, -0.03, -0.96
Gyro: -0.65, 0.96, -1.51
Accel: 0.01, -0.04, -0.95
Gyro: -1.24, -0.26, -0.66
Accel: 0.01, -0.05, -0.96
Gyro: -2.93, -1.17, -0.90
Accel: 0.01, -0.02, -0.98
Gyro: -4.02, -1.40, -0.96
Accel: -0.00, -0.01, -0.98
Gyro: -2.17, -1.84, 0.39
Accel: -0.01, -0.04, -0.98
Gyro: -1.79, -2.08, 0.82
Accel: -0.01, -0.04, -0.98
Gyro: -2.21, -1.66, 0.21
Accel: -0.01, -0.04, -0.99
Gyro: -1.98, -0.52, -0.31
Accel: -0.01, -0.04, -0.99
Gyro: -1.98, 0.51, -0.94
Accel: -0.01, -0.04, -1.00
Gyro: -1.11, 0.71, -1.57
Accel: -0.01, -0.03, -0.99
Gyro: -0.66, 1.36, -1.59
Accel: 0.00, -0.04, -0.99
Gyro: -0.80, 1.52, -1.51
Accel: 0.00, -0.04, -0.98
Gyro: -1.23, 1.79, -1.96
Accel: 0.00, -0.03, -0.97
Gyro: -1.01, 1.60, -2.18
Accel: 0.01, -0.03, -0.99
Gyro: -1.01, 2.11, -2.14
Accel: 0.01, -0.04, -0.97
Gyro: -2.27, 2.76, -2.60
Accel: 0.02, -0.02, -0.96
Gyro: -1.45, 2.05, -1.96
Accel: 0.01, -0.04, -0.97
Gyro: -1.97, 1.67, -1.91
Accel: 0.01, -0.03, -0.97
Gyro: -2.57, 1.20, -2.46
Accel: 0.02, -0.02, -0.99
Gyro: -2.32, 0.67, -1.98
Accel: 0.02, -0.03, -0.97
Gyro: -2.58, 0.65, -1.45
Accel: 0.02, -0.03, -0.97
Gyro: -2.76, 0.29, -1.65
Accel: 0.02, -0.03, -0.98
Gyro: -2.78, -0.21, -2.05
Accel: 0.01, -0.03, -0.98
Gyro: -2.48, -0.37, -2.19
Accel: 0.01, -0.02, -0.98
Gyro: -1.98, -0.49, -2.33
Accel: 0.02, -0.02, -0.98
Gyro: -1.53, -0.48, -1.96
Accel: 0.01, -0.03, -0.98
Gyro: -1.53, -0.53, -2.19
Accel: 0.01, -0.03, -0.98
Gyro: -1.47, -0.16, -2.39
Accel: 0.02, -0.04, -0.99
Gyro: -2.04, -0.24, -2.97
Accel: 0.01, -0.02, -0.98
Gyro: -2.24, -0.11, -3.00
Accel: 0.01, -0.02, -0.97
Gyro: -2.01, -0.51, -2.28
Accel: 0.02, -0.02, -0.98
Gyro: -2.55, -0.69, -1.98
Accel: 0.01, -0.03, -0.98
Gyro: -2.90, -0.77, -2.49
Accel: 0.01, -0.03, -0.98
Gyro: -2.81, -0.59, -2.98
Accel: 0.01, -0.02, -0.98
Gyro: -2.05, -0.46, -3.06
Accel: 0.02, -0.04, -0.98
Gyro: -1.99, -0.85, -3.72
Accel: 0.02, -0.04, -0.98
Gyro: -2.46, -0.82, -4.39
Accel: 0.01, -0.03, -0.98
Gyro: -2.06, -0.20, -4.47
Accel: 0.01, -0.04, -0.97
Gyro: -2.87, -0.56, -4.98
Accel: 0.01, -0.03, -0.97
Gyro: -3.85, -1.24, -5.79
Accel: 0.00, -0.01, -0.99
Gyro: -3.27, -0.47, -5.38
Accel: 0.01, -0.02, -0.98
Gyro: -2.42, -1.21, -4.68
Accel: -0.00, -0.04, -0.98
Gyro: -2.37, -1.74, -5.46
Accel: -0.00, -0.07, -0.99
Gyro: -2.33, -1.54, -7.92
Accel: -0.01, -0.17, -1.00
Gyro: -1.72, -0.39, -18.51
Accel: -0.01, -0.20, -1.00
Gyro: 3.43, 1.01, -38.00
Accel: -0.01, -0.16, -1.00
Gyro: 9.76, 3.07, -54.93
Accel: -0.02, -0.19, -0.99
Gyro: 14.48, 4.09, -68.05
Accel: -0.04, -0.33, -0.99
Gyro: 16.09, 4.82, -86.54
Accel: -0.07, -0.44, -1.05
Gyro: 13.44, 9.41, -122.34
Accel: -0.06, -0.19, -1.05
Gyro: 12.92, 17.00, -146.76
