Accel: -0.15, 0.07, -0.95
Gyro: 1.13, 17.45, 0.37
Accel: -0.21, 0.08, -1.07
Gyro: 0.89, 23.61, 2.24
Accel: -0.20, 0.08, -1.04
Gyro: -0.52, 37.84, 4.67
Accel: -0.14, 0.05, -0.99
Gyro: 2.40, 45.46, 5.77
Accel: -0.05, 0.03, -0.90
Gyro: -0.01, 45.87, 5.99
Accel: -0.01, 0.04, -0.92
Gyro: -1.14, 34.79, 3.85
Accel: -0.05, 0.05, -1.04
Gyro: -5.87, 37.38, 2.90
Accel: -0.05, 0.08, -1.03
Gyro: -4.99, 48.65, 2.90
Accel: -0.07, 0.08, -1.08
Gyro: 1.67, 64.06, 3.36
Accel: -0.03, 0.06, -1.05
Gyro: 4.33, 80.21, 4.49
Accel: -0.03, 0.07, -1.06
Gyro: 5.35, 96.58, 4.88
Accel: 0.07, 0.06, -0.93
Gyro: 5.29, 107.04, 6.26
Accel: 0.16, 0.04, -0.90
Gyro: 3.30, 106.67, 6.54
Accel: 0.23, 0.04, -0.87
Gyro: 0.48, 104.63, 8.09
Accel: 0.32, 0.02, -0.82
Gyro: 1.17, 97.91, 9.00
Accel: 0.41, 0.00, -0.76
Gyro: -0.23, 84.21, 8.82
Accel: 0.46, -0.00, -0.78
Gyro: -3.40, 71.13, 5.45
Accel: 0.45, -0.00, -0.87
Gyro: -3.88, 64.71, -3.67
Accel: 0.53, 0.04, -0.85
Gyro: -4.62, 66.04, -0.53
Accel: 0.56, 0.06, -0.78
Gyro: 3.29, 67.99, 3.22
Accel: 0.61, 0.02, -0.72
Gyro: -1.47, 62.20, 0.02
Accel: 0.67, 0.01, -0.68
Gyro: 3.85, 51.81, 3.03
Accel: 0.70, 0.03, -0.69
Gyro: 1.14, 40.07, 3.46
Accel: 0.67, -0.01, -0.72
Gyro: -0.17, 33.28, 4.88
Accel: 0.71, -0.01, -0.69
Gyro: 3.91, 24.25, 4.85
Accel: 0.72, -0.01, -0.69
Gyro: -1.16, 16.04, 2.49
Accel: 0.71, -0.01, -0.69
Gyro: -4.52, 8.57, 0.37
Accel: 0.68, 0.02, -0.72
Gyro: -2.70, 5.01, 1.06
Accel: 0.68, 0.01, -0.72
Gyro: -3.46, 3.58, 1.80
Accel: 0.67, -0.00, -0.72
Gyro: -2.92, 2.45, 1.31
Accel: 0.69, -0.00, -0.71
Gyro: -4.03, 1.06, -0.46
Accel: 0.70, 0.00, -0.70
Gyro: -2.99, -3.91, -1.85
Accel: 0.71, -0.01, -0.71
Gyro: -4.36, -7.32, -2.90
Accel: 0.70, 0.00, -0.68
Gyro: -6.22, -12.30, -4.27
Accel: 0.71, 0.02, -0.68
Gyro: -4.56, -21.55, -4.36
Accel: 0.68, 0.01, -0.72
Gyro: -4.95, -27.27, -3.92
Accel: 0.68, 0.01, -0.74
Gyro: -7.11, -29.66, -4.62
Accel: 0.66, -0.01, -0.69
Gyro: -9.54, -36.42, -5.07
Accel: 0.69, -0.01, -0.68
Gyro: -7.78, -45.15, -6.79
Accel: 0.65, 0.02, -0.70
Gyro: -10.40, -56.75, -10.81
Accel: 0.59, 0.04, -0.73
Gyro: -10.05, -67.51, -9.91
Accel: 0.52, 0.04, -0.76
Gyro: -10.70, -78.16, -11.32
Accel: 0.51, 0.05, -0.82
Gyro: -12.45, -78.34, -11.75
Accel: 0.44, 0.05, -0.82
Gyro: -6.20, -84.56, -12.41
Accel: 0.39, 0.06, -0.85
Gyro: -7.48, -85.78, -13.54
Accel: 0.33, 0.10, -0.86
Gyro: -7.65, -87.87, -14.36
Accel: 0.27, 0.09, -0.91
Gyro: -4.00, -89.30, -13.89
Accel: 0.22, 0.08, -0.92
Gyro: -5.05, -87.68, -13.21
Accel: 0.17, 0.09, -0.93
Gyro: -5.72, -87.43, -12.18
Accel: 0.12, 0.09, -0.94
Gyro: -6.54, -87.75, -11.73
Accel: 0.06, 0.08, -0.92
Gyro: -6.39, -89.05, -11.69
Accel: -0.01, 0.04, -0.94
Gyro: -8.47, -89.40, -13.52
Accel: -0.06, 0.06, -0.96
Gyro: -15.02, -88.07, -18.10
Accel: -0.12, 0.11, -1.03
Gyro: -15.04, -81.65, -21.61
Accel: -0.17, 0.17, -1.06
Gyro: -9.12, -67.85, -20.36
Accel: -0.18, 0.18, -1.03
Gyro: -2.15, -52.99, -14.66
Accel: -0.19, 0.16, -0.98
Gyro: 3.89, -43.41, -8.44
Accel: -0.20, 0.15, -0.98
Gyro: 7.44, -36.42, -3.34
Accel: -0.21, 0.13, -1.00
Gyro: 3.59, -30.34, 1.40
Accel: -0.21, 0.11, -0.98
Gyro: 1.08, -25.45, 4.30
Accel: -0.21, 0.10, -0.96
Gyro: 0.70, -22.99, 4.38
Accel: -0.21, 0.09, -0.94
Gyro: 1.51, -23.03, 3.82
Accel: -0.22, 0.08, -0.96
Gyro: 2.14, -22.03, 2.84
Accel: -0.24, 0.10, -0.96
Gyro: 2.01, -20.38, 2.04
Accel: -0.26, 0.11, -0.99
Gyro: 3.75, -16.43, 2.34
Accel: -0.26, 0.10, -0.98
Gyro: 3.20, -9.96, 3.85
Accel: -0.26, 0.08, -0.95
Gyro: 2.43, -6.26, 4.07
Accel: -0.25, 0.08, -0.94
Gyro: 1.62, -5.21, 3.11
Accel: -0.25, 0.06, -0.93
Gyro: 0.74, -6.43, 2.07
Accel: -0.25, 0.07, -0.95
Gyro: -0.31, -7.05, 0.75
Accel: -0.26, 0.07, -0.95
Gyro: -0.85, -4.78, 0.51
Accel: -0.27, 0.06, -0.95
Gyro: -1.80, -2.97, -0.16
Accel: -0.26, 0.07, -0.94
Gyro: -2.82, -2.10, -1.63
Accel: -0.27, 0.08, -0.94
Gyro: -2.51, -3.03, -2.11
Accel: -0.27, 0.09, -0.96
Gyro: -3.07, -2.08, -1.50
Accel: -0.27, 0.08, -0.96
Gyro: -2.91, -0.25, -0.95
Accel: -0.26, 0.09, -0.93
Gyro: -2.43, 0.21, -1.06
Accel: -0.25, 0.08, -0.94
Gyro: -2.62, -0.21, -1.24
Accel: -0.26, 0.08, -0.94
Gyro: -2.75, 0.09, -2.04
Accel: -0.27, 0.08, -0.95
Gyro: -2.85, 0.80, -2.16
Accel: -0.26, 0.09, -0.93
Gyro: -2.04, 1.09, -2.27
Accel: -0.26, 0.09, -0.95
Gyro: -1.75, 2.05, -1.83
Accel: -0.25, 0.08, -0.93
Gyro: -2.47, 2.24, -1.81
Accel: -0.24, 0.09, -0.92
Gyro: -2.20, 1.61, -1.43
Accel: -0.25, 0.10, -0.93
Gyro: -1.49, 1.34, -0.99
Accel: -0.24, 0.09, -0.94
Gyro: -1.25, 1.21, -0.48
Accel: -0.24, 0.08, -0.93
Gyro: -1.29, 1.17, -0.17
Accel: -0.25, 0.09, -0.95
Gyro: -0.97, 1.61, 0.37
Accel: -0.24, 0.09, -0.94
Gyro: -1.12, 2.08, 0.61
Accel: -0.23, 0.09, -0.94
Gyro: -1.17, 2.49, 0.36
Accel: -0.24, 0.09, -0.95
Gyro: -0.56, 3.11, 0.51
Accel: -0.24, 0.09, -0.96
Gyro: -0.61, 4.07, 1.42
Accel: -0.23, 0.09, -0.95
Gyro: -0.88, 5.26, 2.13
Accel: -0.21, 0.07, -0.91
Gyro: 0.50, 2.71, 2.11
Accel: -0.23, 0.06, -0.95
Gyro: -0.86, 1.30, 1.01
Accel: -0.22, 0.07, -0.93
Gyro: -2.69, 1.57, -0.34
Accel: -0.23, 0.07, -0.95
Gyro: -2.40, 0.97, -1.95
Accel: -0.23, 0.09, -0.96
Gyro: -1.19, 2.07, -2.46
Accel: -0.23, 0.09, -0.95
Gyro: -0.37, 4.26, -1.05
Accel: -0.22, 0.09, -0.94
Gyro: -0.27, 3.67, 0.00
Accel: -0.22, 0.07, -0.94
Gyro: -1.29, 3.71, 0.47
