Accel: -0.22, 0.07, -0.94
Gyro: -0.90, 2.34, -0.11
Accel: -0.24, 0.07, -0.95
Gyro: -2.04, 3.67, -0.30
Accel: -0.23, 0.06, -0.96
Gyro: -1.70, 4.06, -1.21
Accel: -0.25, 0.08, -0.99
Gyro: -2.18, 7.30, -2.06
Accel: -0.28, 0.09, -1.03
Gyro: -0.96, 15.21, -2.04
Accel: -0.26, 0.08, -0.98
Gyro: -1.41, 26.98, -0.36
Accel: -0.19, 0.07, -0.91
Gyro: -0.63, 26.76, -0.75
Accel: -0.18, 0.08, -0.97
Gyro: -2.69, 22.62, -1.92
Accel: -0.30, 0.12, -1.16
Gyro: -1.02, 36.51, -0.17
Accel: -0.31, 0.13, -1.10
Gyro: 2.08, 64.48, 5.23
Accel: -0.30, 0.10, -1.13
Gyro: 10.21, 87.39, 6.01
Accel: -0.26, 0.11, -1.10
Gyro: 10.12, 115.35, 8.43
Accel: -0.12, 0.07, -0.89
Gyro: 14.73, 125.95, 10.93
Accel: 0.00, 0.02, -0.83
Gyro: 12.13, 122.61, 8.47
Accel: 0.08, 0.02, -0.87
Gyro: 7.71, 118.81, 4.49
Accel: 0.16, 0.03, -0.87
Gyro: 8.13, 116.26, 1.45
Accel: 0.25, 0.01, -0.81
Gyro: 10.36, 112.76, 0.47
Accel: 0.33, 0.02, -0.83
Gyro: 9.43, 105.56, 0.24
Accel: 0.39, 0.03, -0.83
Gyro: 7.53, 99.85, 1.99
Accel: 0.44, -0.02, -0.82
Gyro: 6.78, 97.40, 4.09
Accel: 0.60, 0.01, -0.84
Gyro: 0.98, 93.72, -0.05
Accel: 0.61, 0.00, -0.70
Gyro: -14.27, 88.38, 10.71
Accel: 0.67, 0.03, -0.72
Gyro: -4.98, 73.91, 6.68
Accel: 0.71, 0.02, -0.67
Gyro: -8.30, 59.08, 5.93
Accel: 0.72, 0.01, -0.64
Gyro: 2.14, 47.65, 5.94
Accel: 0.74, 0.03, -0.64
Gyro: 0.71, 37.64, 5.60
Accel: 0.72, -0.00, -0.69
Gyro: 4.71, 27.91, 3.11
Accel: 0.71, 0.00, -0.69
Gyro: 3.42, 23.00, 4.18
Accel: 0.72, -0.04, -0.65
Gyro: -1.12, 18.94, 3.34
Accel: 0.72, -0.04, -0.69
Gyro: -3.56, 14.02, -0.17
Accel: 0.72, -0.04, -0.69
Gyro: -3.40, 11.15, -2.15
Accel: 0.75, -0.04, -0.65
Gyro: -8.29, 6.99, -4.59
Accel: 0.76, -0.01, -0.63
Gyro: -8.50, -2.37, -5.53
Accel: 0.74, 0.01, -0.68
Gyro: -8.99, -8.25, -4.65
Accel: 0.74, 0.01, -0.66
Gyro: -5.33, -12.28, -3.44
Accel: 0.72, 0.01, -0.73
Gyro: -5.47, -14.79, -2.91
Accel: 0.72, -0.00, -0.68
Gyro: -5.93, -12.49, -3.01
Accel: 0.72, -0.01, -0.66
Gyro: -5.48, -18.79, -5.29
Accel: 0.71, -0.00, -0.70
Gyro: -5.87, -23.93, -8.00
Accel: 0.72, 0.00, -0.68
Gyro: -7.04, -29.41, -8.86
Accel: 0.72, 0.00, -0.65
Gyro: -7.07, -39.38, -10.31
Accel: 0.69, 0.02, -0.67
Gyro: -7.42, -52.51, -10.07
Accel: 0.66, 0.04, -0.70
Gyro: -6.46, -63.68, -10.83
Accel: 0.63, 0.02, -0.74
Gyro: -9.12, -69.91, -8.64
Accel: 0.56, 0.05, -0.76
Gyro: -4.21, -79.94, -13.36
Accel: 0.55, 0.04, -0.79
Gyro: -6.84, -86.40, -16.75
Accel: 0.49, 0.05, -0.77
Gyro: -10.31, -89.73, -14.94
Accel: 0.40, 0.06, -0.86
Gyro: -6.74, -94.64, -15.77
Accel: 0.33, 0.06, -0.88
Gyro: -7.30, -95.43, -17.00
Accel: 0.31, 0.09, -0.84
Gyro: -10.18, -98.42, -15.15
Accel: 0.25, 0.11, -0.85
Gyro: -7.43, -106.80, -11.96
Accel: 0.16, 0.10, -0.90
Gyro: -7.41, -107.09, -9.23
Accel: 0.05, 0.13, -0.95
Gyro: -7.31, -104.85, -7.66
Accel: -0.02, 0.12, -0.93
Gyro: -5.32, -103.07, -6.13
Accel: -0.10, 0.08, -0.99
Gyro: -1.09, -93.99, -5.46
Accel: -0.14, 0.08, -1.05
Gyro: -4.06, -79.67, -6.29
Accel: -0.15, 0.08, -1.04
Gyro: -8.60, -66.38, -6.57
Accel: -0.14, 0.10, -0.97
Gyro: -11.14, -59.94, -6.90
Accel: -0.16, 0.12, -0.97
Gyro: -10.57, -56.67, -6.87
Accel: -0.19, 0.13, -0.96
Gyro: -10.43, -53.42, -7.92
Accel: -0.21, 0.15, -0.94
Gyro: -8.35, -51.48, -8.03
Accel: -0.26, 0.16, -0.97
Gyro: -2.22, -48.20, -6.38
Accel: -0.30, 0.16, -1.02
Gyro: -0.89, -37.70, -2.71
Accel: -0.30, 0.13, -1.01
Gyro: -1.20, -26.79, -0.43
Accel: -0.29, 0.14, -0.95
Gyro: 0.17, -20.52, 0.46
Accel: -0.31, 0.13, -0.98
Gyro: 2.73, -16.48, 1.87
Accel: -0.32, 0.11, -0.95
Gyro: 0.93, -12.35, 2.05
Accel: -0.31, 0.10, -0.94
Gyro: 1.15, -9.71, 0.83
Accel: -0.32, 0.11, -0.96
Gyro: 1.14, -6.33, 0.20
Accel: -0.32, 0.11, -0.96
Gyro: 0.84, -0.95, 0.92
Accel: -0.30, 0.11, -0.93
Gyro: 1.66, 1.63, 1.09
Accel: -0.29, 0.10, -0.94
Gyro: 0.87, 2.60, 0.77
Accel: -0.28, 0.10, -0.94
Gyro: -0.20, 4.05, -0.23
Accel: -0.27, 0.10, -0.94
Gyro: -0.37, 4.92, -0.34
Accel: -0.26, 0.10, -0.92
Gyro: 0.87, 4.00, -0.64
Accel: -0.25, 0.09, -0.93
Gyro: 1.24, 2.17, -0.62
Accel: -0.26, 0.09, -0.93
Gyro: 0.02, 1.20, -0.49
Accel: -0.26, 0.10, -0.94
Gyro: -0.86, 1.42, 0.37
Accel: -0.26, 0.09, -0.93
Gyro: 0.36, 0.74, 0.72
Accel: -0.26, 0.09, -0.92
Gyro: -0.70, 0.50, 0.19
Accel: -0.26, 0.08, -0.93
Gyro: -1.75, -0.54, -0.50
Accel: -0.27, 0.09, -0.94
Gyro: -2.68, -0.88, -1.53
Accel: -0.27, 0.09, -0.93
Gyro: -1.95, -1.37, -2.16
Accel: -0.26, 0.09, -0.94
Gyro: -2.37, -0.76, -2.49
Accel: -0.27, 0.10, -0.93
Gyro: -2.35, -0.66, -1.95
Accel: -0.26, 0.10, -0.93
Gyro: -1.93, -1.30, -1.43
Accel: -0.27, 0.10, -0.94
Gyro: -2.13, -1.37, -1.41
Accel: -0.27, 0.10, -0.94
Gyro: -1.53, 0.36, -0.85
Accel: -0.27, 0.09, -0.92
Gyro: -1.24, 0.02, -0.74
Accel: -0.27, 0.10, -0.94
Gyro: -2.77, 0.27, -0.90
Accel: -0.27, 0.10, -0.95
Gyro: -2.91, 0.27, -1.40
Accel: -0.26, 0.09, -0.93
Gyro: -2.08, 1.04, -1.70
Accel: -0.26, 0.10, -0.94
Gyro: -2.37, 1.06, -2.11
Accel: -0.26, 0.10, -0.95
Gyro: -2.10, 0.65, -2.47
Accel: -0.25, 0.10, -0.93
Gyro: -1.78, 0.72, -1.94
Accel: -0.26, 0.10, -0.93
Gyro: -1.31, 1.24, -1.37
Accel: -0.25, 0.09, -0.92
Gyro: -0.95, 0.49, -1.35
Accel: -0.25, 0.09, -0.93
Gyro: -2.53, 0.20, -1.64
Accel: -0.26, 0.10, -0.94
Gyro: -3.27, -0.63, -2.28
Accel: -0.26, 0.10, -0.95
Gyro: -3.21, 0.95, -2.34
Accel: -0.26, 0.10, -0.93
Gyro: -1.69, 1.76, -1.44
