Accel: -0.24, 0.06, -0.94
Gyro: -1.11, 0.86, -1.07
Accel: -0.24, 0.06, -0.93
Gyro: -1.73, 0.53, -1.77
Accel: -0.24, 0.07, -0.94
Gyro: -2.57, 0.18, -2.08
Accel: -0.24, 0.07, -0.95
Gyro: -2.61, 0.95, -2.11
Accel: -0.24, 0.07, -0.94
Gyro: -1.69, 1.28, -1.46
Accel: -0.25, 0.07, -0.95
Gyro: -0.96, 1.87, -1.02
Accel: -0.26, 0.07, -0.96
Gyro: -1.55, 4.49, -0.63
Accel: -0.30, 0.08, -1.03
Gyro: -0.85, 11.33, -0.05
Accel: -0.30, 0.07, -1.00
Gyro: -0.08, 22.57, 0.31
Accel: -0.30, 0.08, -1.06
Gyro: 3.14, 32.52, -0.24
Accel: -0.26, 0.08, -1.03
Gyro: 0.95, 46.56, -0.63
Accel: -0.24, 0.07, -1.01
Gyro: 5.48, 53.79, -0.75
Accel: -0.21, 0.07, -1.04
Gyro: 4.45, 64.34, 0.08
Accel: -0.15, 0.07, -0.96
Gyro: 4.78, 71.07, 1.24
Accel: -0.12, 0.06, -0.95
Gyro: 5.76, 75.84, 1.50
Accel: -0.07, 0.05, -0.97
Gyro: 6.80, 79.73, 2.43
Accel: -0.04, 0.06, -1.07
Gyro: 6.08, 88.30, 3.71
Accel: -0.03, 0.06, -1.06
Gyro: -2.78, 109.19, 15.24
Accel: 0.09, -0.03, -0.87
Gyro: -1.94, 111.82, 24.31
Accel: 0.18, -0.06, -0.84
Gyro: -8.50, 102.07, 18.25
Accel: 0.25, 0.02, -0.86
Gyro: -13.50, 91.58, 9.41
Accel: 0.31, 0.08, -0.83
Gyro: -9.00, 80.48, 5.91
Accel: 0.35, 0.08, -0.85
Gyro: -0.81, 70.22, 6.13
Accel: 0.36, 0.08, -0.88
Gyro: 2.08, 68.42, 7.23
Accel: 0.38, 0.04, -0.87
Gyro: 7.10, 72.68, 7.93
Accel: 0.45, -0.00, -0.81
Gyro: 10.33, 71.01, 6.20
Accel: 0.58, 0.01, -0.77
Gyro: 4.81, 63.63, 0.48
Accel: 0.60, 0.02, -0.73
Gyro: -3.20, 54.96, 5.21
Accel: 0.59, 0.01, -0.75
Gyro: -1.27, 45.10, 6.11
Accel: 0.62, 0.01, -0.76
Gyro: -1.12, 36.48, 4.77
Accel: 0.64, 0.01, -0.75
Gyro: -2.04, 28.43, 3.00
Accel: 0.63, 0.02, -0.76
Gyro: -0.04, 22.13, 3.46
Accel: 0.62, -0.00, -0.74
Gyro: -1.27, 18.33, 4.52
Accel: 0.64, -0.03, -0.74
Gyro: -2.62, 11.34, 2.91
Accel: 0.63, -0.02, -0.76
Gyro: -4.15, 5.13, 0.20
Accel: 0.64, -0.01, -0.76
Gyro: -3.63, 5.46, -2.49
Accel: 0.63, 0.01, -0.74
Gyro: -2.66, 3.52, -4.64
Accel: 0.64, 0.03, -0.75
Gyro: 0.33, 0.31, -4.68
Accel: 0.63, 0.02, -0.77
Gyro: -0.10, -1.88, -4.14
Accel: 0.63, -0.00, -0.74
Gyro: -0.50, -4.18, -2.85
Accel: 0.65, -0.01, -0.73
Gyro: -3.73, -8.60, -2.67
Accel: 0.64, -0.00, -0.74
Gyro: -4.62, -14.34, -2.94
Accel: 0.65, -0.02, -0.75
Gyro: -6.42, -18.63, -4.94
Accel: 0.63, -0.00, -0.73
Gyro: -8.60, -25.18, -6.16
Accel: 0.64, 0.01, -0.76
Gyro: -9.12, -29.68, -8.24
Accel: 0.62, 0.01, -0.72
Gyro: -9.99, -35.31, -9.20
Accel: 0.59, 0.02, -0.72
Gyro: -13.05, -45.50, -9.72
Accel: 0.61, 0.08, -0.73
Gyro: -11.75, -61.61, -10.02
Accel: 0.56, 0.07, -0.81
Gyro: -8.70, -69.44, -6.89
Accel: 0.50, 0.05, -0.78
Gyro: -6.00, -76.81, -6.51
Accel: 0.46, 0.03, -0.78
Gyro: -1.63, -89.39, -9.23
Accel: 0.36, 0.03, -0.89
Gyro: -5.97, -93.70, -11.84
Accel: 0.29, 0.04, -0.90
Gyro: -6.16, -91.50, -14.03
Accel: 0.23, 0.06, -0.89
Gyro: -4.23, -93.26, -16.43
Accel: 0.15, 0.07, -0.92
Gyro: -2.49, -93.67, -18.18
Accel: 0.07, 0.06, -0.99
Gyro: 3.16, -87.48, -17.85
Accel: 0.02, 0.05, -1.01
Gyro: 4.20, -76.68, -15.88
Accel: -0.00, 0.05, -1.01
Gyro: -1.14, -67.38, -13.24
Accel: -0.02, 0.08, -0.99
Gyro: -5.17, -60.06, -10.11
Accel: -0.05, 0.09, -0.99
Gyro: -4.43, -55.00, -6.81
Accel: -0.06, 0.07, -0.98
Gyro: -3.75, -52.07, -4.57
Accel: -0.09, 0.06, -0.99
Gyro: -7.69, -47.86, -4.09
Accel: -0.09, 0.08, -0.96
Gyro: -9.40, -46.15, -4.04
Accel: -0.10, 0.10, -0.95
Gyro: -7.60, -46.70, -2.94
Accel: -0.11, 0.10, -0.96
Gyro: -5.96, -46.63, -2.26
Accel: -0.14, 0.10, -0.96
Gyro: -4.94, -45.04, -2.23
Accel: -0.16, 0.10, -0.93
Gyro: -0.01, -47.15, -1.82
Accel: -0.22, 0.10, -1.00
Gyro: 2.78, -43.30, 0.19
Accel: -0.25, 0.09, -1.04
Gyro: -0.92, -32.36, 2.07
Accel: -0.27, 0.09, -1.01
Gyro: -2.24, -21.43, 3.82
Accel: -0.26, 0.09, -0.97
Gyro: -0.46, -15.91, 3.97
Accel: -0.28, 0.09, -0.98
Gyro: 1.37, -12.22, 3.23
Accel: -0.28, 0.07, -0.98
Gyro: -0.34, -7.02, 2.17
Accel: -0.27, 0.07, -0.97
Gyro: 0.08, -3.75, 0.34
Accel: -0.27, 0.07, -0.98
Gyro: -0.02, -0.21, -1.16
Accel: -0.25, 0.07, -0.95
Gyro: -0.81, 3.08, -1.46
Accel: -0.24, 0.07, -0.93
Gyro: -1.64, 3.00, -1.34
Accel: -0.24, 0.08, -0.94
Gyro: -3.17, 2.19, -1.25
Accel: -0.24, 0.08, -0.97
Gyro: -3.86, 4.77, -0.48
Accel: -0.22, 0.08, -0.93
Gyro: -1.97, 5.65, -0.03
Accel: -0.22, 0.08, -0.94
Gyro: -0.89, 3.51, -0.06
Accel: -0.21, 0.08, -0.93
Gyro: -0.82, 1.36, -0.55
Accel: -0.23, 0.08, -0.95
Gyro: -1.56, 1.54, -0.63
Accel: -0.22, 0.08, -0.94
Gyro: -1.82, 2.40, -0.63
Accel: -0.22, 0.08, -0.95
Gyro: -0.57, 2.01, -1.02
Accel: -0.22, 0.08, -0.95
Gyro: -0.37, 2.82, -1.82
Accel: -0.21, 0.08, -0.94
Gyro: -0.32, 2.92, -2.27
Accel: -0.20, 0.08, -0.92
Gyro: 0.98, 1.35, -1.95
Accel: -0.21, 0.08, -0.93
Gyro: 0.77, -0.05, -0.81
Accel: -0.21, 0.08, -0.96
Gyro: -0.84, 0.12, 0.51
Accel: -0.20, 0.07, -0.94
Gyro: -0.97, 0.40, 1.49
Accel: -0.20, 0.07, -0.94
Gyro: -0.34, 0.02, 1.59
Accel: -0.20, 0.06, -0.95
Gyro: -0.24, -0.40, 0.84
Accel: -0.21, 0.05, -0.96
Gyro: -1.32, 0.32, 0.07
Accel: -0.20, 0.05, -0.95
Gyro: -1.11, 0.32, -1.16
Accel: -0.20, 0.06, -0.94
Gyro: -0.05, -0.66, -1.63
Accel: -0.20, 0.06, -0.95
Gyro: -1.19, -1.45, -1.43
Accel: -0.21, 0.06, -0.95
Gyro: -2.24, -1.81, -0.82
Accel: -0.21, 0.07, -0.95
Gyro: -2.06, -1.24, -0.44
Accel: -0.22, 0.06, -0.96
Gyro: -2.86, 0.37, -0.69
Accel: -0.21, 0.07, -0.95
Gyro: -2.31, 1.03, -1.37
