Accel: -0.18, 0.09, -0.96
Gyro: -1.43, 4.17, -1.09
Accel: -0.17, 0.09, -0.96
Gyro: 0.05, 4.59, -0.63
Accel: -0.17, 0.10, -0.94
Gyro: 0.58, 4.05, 0.66
Accel: -0.16, 0.09, -0.94
Gyro: 0.69, 2.69, 1.85
Accel: -0.16, 0.09, -0.93
Gyro: 0.12, 0.87, 2.09
Accel: -0.16, 0.08, -0.94
Gyro: 0.21, -1.66, 1.47
Accel: -0.17, 0.06, -0.95
Gyro: -0.65, -2.48, 0.73
Accel: -0.18, 0.05, -0.97
Gyro: -2.86, -1.68, -0.55
Accel: -0.18, 0.06, -0.97
Gyro: -4.59, -0.19, -2.31
Accel: -0.18, 0.08, -0.95
Gyro: -4.51, -1.05, -3.18
Accel: -0.22, 0.10, -0.99
Gyro: -3.77, 0.53, -2.26
Accel: -0.24, 0.10, -1.03
Gyro: -4.68, 7.68, -0.72
Accel: -0.27, 0.11, -1.08
Gyro: -2.42, 21.39, 0.60
Accel: -0.26, 0.11, -1.06
Gyro: -2.76, 39.89, 3.67
Accel: -0.24, 0.10, -1.06
Gyro: 2.12, 51.48, 4.35
Accel: -0.20, 0.06, -1.06
Gyro: 1.05, 65.86, 3.16
Accel: -0.13, 0.00, -0.98
Gyro: 0.38, 78.09, -3.70
Accel: -0.05, -0.01, -0.89
Gyro: -0.41, 79.51, -13.60
Accel: -0.05, 0.15, -1.03
Gyro: -1.59, 81.79, -18.48
Accel: -0.01, 0.21, -1.00
Gyro: -2.70, 95.72, -4.53
Accel: 0.08, 0.16, -0.90
Gyro: 10.18, 97.56, 4.28
Accel: 0.12, 0.10, -0.93
Gyro: 16.72, 95.95, 6.97
Accel: 0.18, 0.06, -0.93
Gyro: 13.46, 98.46, 7.28
Accel: 0.25, 0.03, -0.86
Gyro: 9.64, 97.85, 8.16
Accel: 0.33, 0.01, -0.82
Gyro: 3.63, 90.50, 8.14
Accel: 0.38, -0.00, -0.84
Gyro: -1.56, 79.55, 7.98
Accel: 0.47, -0.01, -0.80
Gyro: -5.04, 68.97, 1.22
Accel: 0.47, 0.03, -0.76
Gyro: -13.13, 74.19, 11.09
Accel: 0.46, 0.02, -0.84
Gyro: -6.41, 68.99, 5.88
Accel: 0.52, 0.03, -0.79
Gyro: -10.82, 65.57, 4.19
Accel: 0.52, 0.03, -0.77
Gyro: -9.41, 59.88, 3.87
Accel: 0.54, 0.03, -0.75
Gyro: -8.38, 56.59, 1.44
Accel: 0.59, 0.06, -0.76
Gyro: -10.47, 54.41, -0.09
Accel: 0.61, 0.07, -0.76
Gyro: -9.41, 54.57, -0.25
Accel: 0.67, 0.08, -0.74
Gyro: -8.83, 50.54, -1.14
Accel: 0.70, 0.05, -0.68
Gyro: -7.97, 43.47, -3.84
Accel: 0.74, 0.09, -0.66
Gyro: -9.29, 36.64, -3.76
Accel: 0.78, 0.11, -0.62
Gyro: -7.58, 27.40, -1.21
Accel: 0.79, 0.10, -0.61
Gyro: -4.84, 17.12, 1.38
Accel: 0.79, 0.09, -0.62
Gyro: -1.95, 7.85, 2.75
Accel: 0.77, 0.07, -0.65
Gyro: -2.13, 2.52, 2.78
Accel: 0.76, 0.07, -0.65
Gyro: -1.10, -0.97, 2.37
Accel: 0.75, 0.05, -0.65
Gyro: -1.04, -5.21, 0.97
Accel: 0.75, 0.04, -0.65
Gyro: -0.93, -8.58, -1.34
Accel: 0.76, 0.05, -0.64
Gyro: -2.82, -14.14, -4.08
Accel: 0.76, 0.06, -0.63
Gyro: -3.36, -20.13, -5.39
Accel: 0.76, 0.07, -0.64
Gyro: -2.15, -28.68, -5.57
Accel: 0.74, 0.05, -0.66
Gyro: -1.87, -36.38, -6.71
Accel: 0.72, 0.06, -0.67
Gyro: -3.37, -43.12, -9.13
Accel: 0.69, 0.06, -0.68
Gyro: -2.54, -50.38, -10.12
Accel: 0.66, 0.09, -0.68
Gyro: -4.36, -59.99, -11.86
Accel: 0.59, 0.12, -0.75
Gyro: 0.05, -67.77, -11.80
Accel: 0.56, 0.11, -0.74
Gyro: -2.66, -75.95, -10.17
Accel: 0.51, 0.10, -0.80
Gyro: -1.72, -80.31, -4.90
Accel: 0.43, 0.08, -0.82
Gyro: -0.15, -86.22, -5.69
Accel: 0.47, 0.08, -0.77
Gyro: 4.95, -88.87, -7.39
Accel: 0.41, 0.06, -0.86
Gyro: -4.35, -87.50, -6.88
Accel: 0.35, 0.06, -0.87
Gyro: -4.73, -89.23, -10.38
Accel: 0.30, 0.09, -0.87
Gyro: -5.21, -92.87, -11.70
Accel: 0.23, 0.09, -0.93
Gyro: -5.71, -93.61, -12.51
Accel: 0.16, 0.11, -0.93
Gyro: -9.19, -91.90, -12.80
Accel: 0.10, 0.13, -0.93
Gyro: -6.65, -92.65, -12.79
Accel: 0.03, 0.15, -0.96
Gyro: -2.15, -90.26, -11.70
Accel: -0.03, 0.13, -1.00
Gyro: 2.56, -83.15, -9.51
Accel: -0.07, 0.12, -1.02
Gyro: 2.82, -72.81, -7.45
Accel: -0.09, 0.12, -1.05
Gyro: 2.05, -63.15, -5.38
Accel: -0.12, 0.14, -1.02
Gyro: 1.86, -53.60, -2.98
Accel: -0.14, 0.15, -1.03
Gyro: 3.02, -44.04, -0.79
Accel: -0.15, 0.12, -1.01
Gyro: 6.68, -35.08, 1.75
Accel: -0.16, 0.08, -0.99
Gyro: 8.61, -28.20, 3.59
Accel: -0.15, 0.07, -0.99
Gyro: 5.33, -22.90, 3.99
Accel: -0.16, 0.07, -1.00
Gyro: 1.36, -19.29, 3.76
Accel: -0.17, 0.06, -0.99
Gyro: -1.66, -15.69, 3.07
Accel: -0.17, 0.07, -0.97
Gyro: -1.46, -13.68, 1.69
Accel: -0.17, 0.07, -0.97
Gyro: -1.27, -10.16, 0.64
Accel: -0.18, 0.07, -0.99
Gyro: -2.84, -6.55, -0.71
Accel: -0.17, 0.07, -0.96
Gyro: -3.73, -5.52, -2.31
Accel: -0.18, 0.08, -0.97
Gyro: -3.35, -4.84, -2.81
Accel: -0.18, 0.09, -0.97
Gyro: -3.07, -2.08, -2.46
Accel: -0.18, 0.08, -0.96
Gyro: -2.35, 0.08, -2.54
Accel: -0.17, 0.10, -0.95
Gyro: -2.81, 0.33, -2.93
Accel: -0.16, 0.10, -0.94
Gyro: -1.21, -1.75, -2.72
Accel: -0.16, 0.09, -0.95
Gyro: -1.09, -3.04, -1.75
Accel: -0.17, 0.10, -0.97
Gyro: -1.36, -2.66, -0.91
Accel: -0.17, 0.09, -0.96
Gyro: -1.88, -2.08, 0.19
Accel: -0.16, 0.08, -0.94
Gyro: -2.38, -2.49, 0.21
Accel: -0.17, 0.08, -0.96
Gyro: -2.61, -2.20, -0.37
Accel: -0.17, 0.08, -0.95
Gyro: -2.59, -1.56, -0.98
Accel: -0.17, 0.09, -0.95
Gyro: -2.23, -1.59, -1.05
Accel: -0.17, 0.09, -0.95
Gyro: -1.59, -1.38, -0.80
Accel: -0.16, 0.09, -0.96
Gyro: -1.10, -0.76, -0.71
Accel: -0.16, 0.09, -0.96
Gyro: -0.61, -0.98, -0.58
Accel: -0.17, 0.08, -0.94
Gyro: -1.05, -0.43, -0.31
Accel: -0.17, 0.09, -0.96
Gyro: -1.04, -0.40, -0.23
Accel: -0.17, 0.08, -0.95
Gyro: -1.21, -0.21, -0.21
Accel: -0.17, 0.08, -0.96
Gyro: -1.66, -0.10, -0.62
Accel: -0.17, 0.08, -0.96
Gyro: -2.00, 1.05, -1.11
Accel: -0.17, 0.08, -0.96
Gyro: -2.03, 1.44, -1.80
Accel: -0.16, 0.09, -0.95
Gyro: -1.85, 1.38, -2.02
Accel: -0.16, 0.08, -0.96
Gyro: -0.81, 1.52, -1.80
Accel: -0.15, 0.08, -0.94
Gyro: -1.23, 1.09, -1.21
