Accel: -0.19, 0.05, -0.94
Gyro: -3.77, -0.26, -3.00
Accel: -0.19, 0.06, -0.93
Gyro: -5.87, -1.29, -5.12
Accel: -0.20, 0.07, -0.93
Gyro: -5.89, -3.57, -5.97
Accel: -0.20, 0.08, -0.95
Gyro: -5.78, -2.85, -5.69
Accel: -0.21, 0.08, -0.95
Gyro: -5.59, -0.89, -4.43
Accel: -0.21, 0.09, -0.93
Gyro: -5.64, -0.75, -3.54
Accel: -0.20, 0.09, -0.94
Gyro: -5.07, -0.80, -2.82
Accel: -0.21, 0.08, -0.95
Gyro: -3.16, -1.02, -2.03
Accel: -0.21, 0.08, -0.95
Gyro: -2.20, -1.18, -1.72
Accel: -0.22, 0.08, -0.95
Gyro: -2.37, -0.17, -1.20
Accel: -0.21, 0.09, -0.94
Gyro: -1.38, -1.07, -0.85
Accel: -0.22, 0.08, -0.95
Gyro: -1.44, -1.50, -0.77
Accel: -0.22, 0.08, -0.97
Gyro: -2.04, 0.83, -0.56
Accel: -0.23, 0.09, -0.93
Gyro: -1.10, 1.85, -0.27
Accel: -0.28, 0.10, -0.98
Gyro: 0.82, 2.33, 1.62
Accel: -0.29, 0.09, -1.06
Gyro: 0.92, 12.38, 3.23
Accel: -0.30, 0.09, -1.09
Gyro: 0.71, 29.22, 4.39
Accel: -0.27, 0.08, -1.03
Gyro: 1.62, 45.46, 4.49
Accel: -0.23, 0.06, -1.01
Gyro: 2.88, 55.05, 3.96
Accel: -0.21, 0.07, -1.03
Gyro: 2.57, 64.80, 2.37
Accel: -0.16, 0.07, -0.98
Gyro: 0.82, 74.60, 1.42
Accel: -0.11, 0.06, -0.99
Gyro: 3.69, 82.17, 0.89
Accel: -0.06, 0.05, -0.97
Gyro: 0.71, 89.66, 0.14
Accel: 0.00, 0.06, -0.93
Gyro: 0.66, 93.17, -0.41
Accel: 0.06, 0.08, -0.92
Gyro: 0.65, 94.57, -0.02
Accel: 0.12, 0.07, -0.91
Gyro: 2.35, 92.64, 1.05
Accel: 0.17, 0.06, -0.92
Gyro: -0.31, 93.39, 1.73
Accel: 0.22, 0.06, -0.88
Gyro: 0.03, 92.35, 3.21
Accel: 0.28, 0.05, -0.90
Gyro: -1.49, 89.76, 4.03
Accel: 0.34, 0.04, -0.83
Gyro: -3.27, 84.39, 5.30
Accel: 0.32, 0.02, -0.85
Gyro: -15.43, 78.67, 5.60
Accel: 0.45, 0.04, -0.78
Gyro: -8.74, 70.92, 3.52
Accel: 0.49, 0.03, -0.81
Gyro: -8.38, 70.60, 4.64
Accel: 0.51, 0.05, -0.75
Gyro: -19.62, 61.03, 2.99
Accel: 0.56, 0.08, -0.76
Gyro: -4.55, 50.85, 1.69
Accel: 0.58, 0.08, -0.85
Gyro: -4.89, 51.56, 2.10
Accel: 0.62, 0.08, -0.77
Gyro: -7.00, 50.00, 3.81
Accel: 0.64, 0.08, -0.74
Gyro: -6.10, 46.19, 5.42
Accel: 0.66, 0.10, -0.71
Gyro: -5.54, 40.21, 6.14
Accel: 0.68, 0.09, -0.69
Gyro: -0.68, 34.03, 7.71
Accel: 0.69, 0.06, -0.69
Gyro: -0.37, 28.70, 7.39
Accel: 0.69, 0.04, -0.70
Gyro: 0.75, 24.44, 6.30
Accel: 0.71, 0.03, -0.69
Gyro: -2.88, 22.00, 4.91
Accel: 0.72, 0.04, -0.67
Gyro: -3.46, 16.78, 3.35
Accel: 0.74, 0.05, -0.67
Gyro: -0.53, 11.16, 2.30
Accel: 0.74, 0.04, -0.66
Gyro: -1.64, 5.93, 0.76
Accel: 0.77, 0.03, -0.62
Gyro: 0.65, -0.82, -2.17
Accel: 0.75, 0.04, -0.67
Gyro: -1.66, -4.17, -1.56
Accel: 0.75, 0.05, -0.68
Gyro: -3.07, -7.34, -1.18
Accel: 0.74, 0.04, -0.68
Gyro: -2.83, -10.69, -0.65
Accel: 0.75, 0.03, -0.65
Gyro: -4.38, -14.51, -1.67
Accel: 0.76, 0.03, -0.65
Gyro: -3.65, -24.40, -3.91
Accel: 0.76, 0.03, -0.68
Gyro: -3.04, -31.46, -4.71
Accel: 0.77, 0.04, -0.61
Gyro: -5.74, -43.68, -7.10
Accel: 0.72, 0.04, -0.63
Gyro: -1.60, -61.42, -10.58
Accel: 0.68, 0.03, -0.69
Gyro: -4.22, -71.17, -11.79
Accel: 0.64, 0.03, -0.68
Gyro: -7.87, -83.80, -14.89
Accel: 0.53, 0.04, -0.74
Gyro: -0.46, -95.32, -17.08
Accel: 0.51, 0.04, -0.76
Gyro: -8.07, -99.09, -21.88
Accel: 0.43, 0.06, -0.81
Gyro: -6.53, -103.42, -25.52
Accel: 0.34, 0.08, -0.82
Gyro: -5.52, -106.45, -26.16
Accel: 0.27, 0.10, -0.89
Gyro: -4.21, -107.40, -25.25
Accel: 0.18, 0.13, -0.89
Gyro: -4.53, -108.23, -23.07
Accel: 0.11, 0.13, -0.92
Gyro: -4.52, -106.67, -20.36
Accel: 0.05, 0.14, -0.95
Gyro: -3.48, -102.99, -16.78
Accel: 0.00, 0.15, -0.96
Gyro: -1.39, -98.05, -13.39
Accel: -0.07, 0.16, -0.97
Gyro: 2.85, -92.19, -8.80
Accel: -0.13, 0.13, -1.02
Gyro: 6.07, -81.50, -3.68
Accel: -0.15, 0.12, -1.01
Gyro: 4.77, -70.63, 0.18
Accel: -0.18, 0.10, -0.98
Gyro: -2.39, -62.36, 1.35
Accel: -0.19, 0.11, -0.96
Gyro: -0.37, -57.14, 1.90
Accel: -0.22, 0.09, -1.00
Gyro: 1.08, -47.81, 2.59
Accel: -0.24, 0.09, -1.01
Gyro: 2.62, -40.02, 0.90
Accel: -0.26, 0.11, -0.97
Gyro: 1.25, -34.21, -0.31
Accel: -0.28, 0.11, -1.00
Gyro: 2.39, -26.65, 0.14
Accel: -0.28, 0.11, -1.01
Gyro: 1.89, -16.78, -0.08
Accel: -0.28, 0.11, -1.00
Gyro: 3.31, -9.26, 0.17
Accel: -0.27, 0.09, -0.98
Gyro: 3.22, -2.86, 1.16
Accel: -0.25, 0.07, -0.96
Gyro: 1.91, 0.26, 1.25
Accel: -0.24, 0.07, -0.95
Gyro: -0.72, 2.65, 1.02
Accel: -0.22, 0.07, -0.94
Gyro: -2.44, 1.76, -0.18
Accel: -0.21, 0.07, -0.93
Gyro: -4.13, 0.63, -1.91
Accel: -0.22, 0.08, -0.95
Gyro: -5.44, 1.05, -3.30
Accel: -0.21, 0.10, -0.95
Gyro: -4.88, 2.28, -3.57
Accel: -0.21, 0.11, -0.94
Gyro: -4.10, 2.19, -2.80
Accel: -0.21, 0.11, -0.94
Gyro: -3.43, 1.40, -1.81
Accel: -0.21, 0.11, -0.94
Gyro: -2.73, 1.17, -0.60
Accel: -0.21, 0.11, -0.93
Gyro: -2.53, 0.57, -0.01
Accel: -0.21, 0.11, -0.95
Gyro: -1.50, 0.35, 0.14
Accel: -0.22, 0.09, -0.97
Gyro: -1.17, 1.63, 0.09
Accel: -0.22, 0.10, -0.96
Gyro: -1.24, 2.60, -0.45
Accel: -0.20, 0.10, -0.96
Gyro: -0.67, 3.77, -0.72
Accel: -0.20, 0.09, -0.94
Gyro: -0.66, 3.61, -1.09
Accel: -0.19, 0.10, -0.94
Gyro: -1.49, 2.81, -1.24
Accel: -0.20, 0.10, -0.93
Gyro: -1.59, 2.56, -1.29
Accel: -0.19, 0.09, -0.93
Gyro: -0.67, 1.50, -1.43
Accel: -0.20, 0.10, -0.96
Gyro: -0.80, 1.59, -0.70
Accel: -0.20, 0.09, -0.97
Gyro: -0.50, 3.51, 0.26
Accel: -0.19, 0.09, -0.95
Gyro: -0.91, 4.91, 0.30
Accel: -0.18, 0.09, -0.94
Gyro: -1.02, 4.26, -0.16
Accel: -0.17, 0.09, -0.94
Gyro: -1.48, 4.07, -0.79
