Accel: -0.15, 0.09, -0.95
Gyro: -1.20, 0.12, -0.54
Accel: -0.16, 0.08, -0.96
Gyro: -1.04, -0.63, -0.36
Accel: -0.15, 0.08, -0.95
Gyro: -1.69, -0.81, -0.58
Accel: -0.16, 0.08, -0.97
Gyro: -2.14, -0.37, -0.66
Accel: -0.16, 0.08, -0.96
Gyro: -1.20, -0.16, -1.09
Accel: -0.16, 0.08, -0.95
Gyro: -0.54, -0.28, -0.89
Accel: -0.16, 0.08, -0.95
Gyro: -1.05, -0.95, -0.66
Accel: -0.16, 0.08, -0.94
Gyro: -0.56, -1.14, -0.35
Accel: -0.17, 0.08, -0.96
Gyro: -1.17, -0.76, -0.15
Accel: -0.18, 0.08, -0.99
Gyro: -2.49, 2.45, 0.31
Accel: -0.20, 0.08, -1.01
Gyro: -2.01, 7.60, 0.66
Accel: -0.21, 0.08, -1.00
Gyro: -1.90, 13.43, 1.90
Accel: -0.22, 0.10, -1.04
Gyro: -2.46, 20.65, 3.03
Accel: -0.25, 0.10, -1.09
Gyro: -3.11, 35.49, 4.52
Accel: -0.23, 0.10, -1.07
Gyro: -1.80, 51.84, 7.19
Accel: -0.18, 0.10, -1.00
Gyro: -1.11, 65.88, 8.13
Accel: -0.13, 0.09, -0.97
Gyro: 2.05, 72.06, 8.27
Accel: -0.09, 0.08, -0.98
Gyro: 1.83, 77.96, 7.23
Accel: -0.02, 0.07, -0.95
Gyro: 2.85, 79.57, 4.97
Accel: 0.03, 0.08, -0.94
Gyro: 5.07, 81.05, 2.78
Accel: 0.08, 0.07, -0.95
Gyro: 7.80, 83.09, 1.27
Accel: 0.13, 0.07, -0.94
Gyro: 8.14, 85.68, 1.01
Accel: 0.19, 0.07, -0.91
Gyro: 9.27, 85.37, 1.72
Accel: 0.24, 0.05, -0.92
Gyro: 8.78, 84.24, 3.06
Accel: 0.28, 0.04, -0.89
Gyro: 5.68, 83.03, 4.62
Accel: 0.32, 0.02, -0.89
Gyro: 2.25, 82.34, 6.33
Accel: 0.37, 0.02, -0.86
Gyro: -1.50, 81.09, 7.75
Accel: 0.39, -0.01, -0.89
Gyro: -10.31, 73.77, -0.19
Accel: 0.50, 0.03, -0.77
Gyro: -10.96, 78.89, 10.70
Accel: 0.47, 0.02, -0.83
Gyro: -7.01, 76.57, 7.34
Accel: 0.55, 0.04, -0.75
Gyro: -7.74, 68.73, 2.33
Accel: 0.61, 0.06, -0.74
Gyro: 0.82, 65.06, 4.52
Accel: 0.62, 0.04, -0.69
Gyro: -2.14, 51.94, 4.68
Accel: 0.72, 0.03, -0.63
Gyro: 0.44, 39.03, 1.24
Accel: 0.71, 0.03, -0.70
Gyro: 0.47, 32.31, 1.47
Accel: 0.73, 0.00, -0.66
Gyro: -2.58, 28.02, 1.12
Accel: 0.72, 0.01, -0.71
Gyro: -3.91, 24.14, -1.50
Accel: 0.72, 0.02, -0.66
Gyro: -5.83, 21.16, -2.29
Accel: 0.74, 0.04, -0.65
Gyro: -5.58, 12.75, -4.02
Accel: 0.73, 0.06, -0.68
Gyro: -2.01, 7.42, -3.73
Accel: 0.75, 0.04, -0.64
Gyro: -3.45, 2.97, -3.19
Accel: 0.76, 0.03, -0.63
Gyro: -1.05, -7.40, -3.81
Accel: 0.74, 0.03, -0.70
Gyro: -1.23, -12.64, -3.46
Accel: 0.77, 0.02, -0.64
Gyro: -2.11, -16.65, -3.32
Accel: 0.75, 0.03, -0.65
Gyro: -3.23, -23.64, -4.27
Accel: 0.74, 0.03, -0.66
Gyro: -3.82, -29.98, -5.20
Accel: 0.74, 0.03, -0.64
Gyro: -3.40, -38.44, -4.94
Accel: 0.72, 0.03, -0.69
Gyro: -6.15, -48.58, -5.91
Accel: 0.68, 0.03, -0.73
Gyro: -10.03, -54.38, -6.89
Accel: 0.64, 0.02, -0.71
Gyro: -7.90, -60.31, -11.63
Accel: 0.63, 0.01, -0.72
Gyro: -14.70, -70.13, -13.72
Accel: 0.54, 0.02, -0.77
Gyro: -16.20, -77.58, -16.95
Accel: 0.53, 0.10, -0.74
Gyro: -11.78, -85.71, -23.19
Accel: 0.45, 0.12, -0.80
Gyro: -13.22, -88.68, -18.83
Accel: 0.36, 0.15, -0.81
Gyro: -4.67, -91.13, -16.43
Accel: 0.31, 0.11, -0.86
Gyro: -3.56, -91.73, -14.64
Accel: 0.26, 0.12, -0.88
Gyro: -5.83, -91.42, -13.08
Accel: 0.20, 0.11, -0.94
Gyro: -8.15, -91.28, -13.18
Accel: 0.17, 0.12, -0.93
Gyro: -7.08, -89.47, -13.79
Accel: 0.12, 0.11, -0.91
Gyro: -6.90, -91.44, -13.64
Accel: 0.06, 0.13, -0.92
Gyro: -7.71, -94.67, -14.82
Accel: -0.01, 0.16, -0.93
Gyro: -4.55, -95.71, -15.57
Accel: -0.07, 0.18, -0.94
Gyro: 3.71, -93.34, -15.30
Accel: -0.13, 0.16, -0.99
Gyro: 4.51, -85.45, -13.35
Accel: -0.16, 0.14, -0.98
Gyro: 6.28, -76.65, -10.08
Accel: -0.18, 0.14, -0.96
Gyro: 6.74, -70.67, -6.71
Accel: -0.22, 0.14, -0.95
Gyro: 8.84, -65.00, -2.70
Accel: -0.27, 0.14, -0.98
Gyro: 9.22, -57.51, 2.30
Accel: -0.28, 0.11, -0.98
Gyro: 5.14, -51.38, 5.66
Accel: -0.31, 0.12, -0.95
Gyro: 8.20, -48.93, 6.71
Accel: -0.36, 0.11, -1.00
Gyro: 7.85, -41.19, 8.16
Accel: -0.36, 0.09, -0.99
Gyro: 5.10, -31.85, 8.42
Accel: -0.36, 0.07, -0.97
Gyro: 3.60, -24.25, 7.09
Accel: -0.36, 0.06, -0.96
Gyro: 0.14, -17.02, 6.59
Accel: -0.35, 0.05, -0.95
Gyro: -1.91, -11.57, 4.51
Accel: -0.35, 0.06, -0.93
Gyro: -3.84, -9.45, 1.59
Accel: -0.36, 0.07, -0.95
Gyro: -4.00, -5.60, -1.32
Accel: -0.35, 0.09, -0.92
Gyro: -5.30, -2.30, -4.14
Accel: -0.35, 0.10, -0.91
Gyro: -4.13, -1.38, -5.29
Accel: -0.35, 0.10, -0.93
Gyro: -4.33, 0.86, -5.12
Accel: -0.34, 0.11, -0.91
Gyro: -3.60, 2.92, -3.67
Accel: -0.33, 0.11, -0.91
Gyro: -3.03, 3.46, -2.84
Accel: -0.33, 0.10, -0.90
Gyro: -2.88, 1.91, -2.00
Accel: -0.32, 0.10, -0.91
Gyro: -2.64, 3.14, -1.36
Accel: -0.33, 0.10, -0.92
Gyro: -2.56, 4.26, -0.93
Accel: -0.32, 0.10, -0.92
Gyro: -1.39, 5.60, -1.27
Accel: -0.32, 0.09, -0.92
Gyro: -0.27, 5.31, -1.88
Accel: -0.31, 0.10, -0.91
Gyro: -0.89, 3.87, -2.01
Accel: -0.31, 0.10, -0.92
Gyro: -1.36, 3.96, -0.92
Accel: -0.30, 0.10, -0.91
Gyro: -0.59, 4.48, 0.36
Accel: -0.30, 0.09, -0.92
Gyro: -0.72, 4.18, 0.37
Accel: -0.30, 0.09, -0.92
Gyro: -1.51, 3.01, 0.36
Accel: -0.30, 0.08, -0.93
Gyro: -2.49, 3.78, 0.24
Accel: -0.30, 0.09, -0.93
Gyro: -1.96, 4.85, -0.19
Accel: -0.29, 0.08, -0.92
Gyro: -2.01, 4.36, -0.69
Accel: -0.28, 0.08, -0.93
Gyro: -3.52, 4.17, -1.83
Accel: -0.28, 0.09, -0.94
Gyro: -3.75, 4.26, -3.54
Accel: -0.28, 0.09, -0.91
Gyro: -3.81, 3.84, -4.10
Accel: -0.28, 0.10, -0.91
Gyro: -2.69, 1.85, -3.82
Accel: -0.28, 0.10, -0.92
Gyro: -3.10, 1.24, -2.54
Accel: -0.28, 0.11, -0.93
Gyro: -3.10, 1.93, -1.36
