Accel: -0.25, 0.10, -0.94
Gyro: -1.42, 8.23, -0.86
Accel: -0.27, 0.11, -0.96
Gyro: -0.82, 9.48, -0.14
Accel: -0.28, 0.10, -0.97
Gyro: -1.61, 14.53, 0.95
Accel: -0.26, 0.10, -0.95
Gyro: -0.24, 18.42, 0.70
Accel: -0.23, 0.09, -0.94
Gyro: -0.31, 20.19, -0.47
Accel: -0.20, 0.10, -0.94
Gyro: 0.38, 19.20, -1.77
Accel: -0.21, 0.11, -0.95
Gyro: 0.47, 18.56, -1.70
Accel: -0.21, 0.10, -0.98
Gyro: -1.15, 21.35, 0.18
Accel: -0.21, 0.11, -0.97
Gyro: 0.18, 23.54, 0.66
Accel: -0.25, 0.11, -1.06
Gyro: 0.84, 33.82, 1.72
Accel: -0.21, 0.09, -0.98
Gyro: 0.72, 45.54, 2.94
Accel: -0.18, 0.08, -1.00
Gyro: 4.31, 49.45, 1.98
Accel: -0.24, 0.11, -1.17
Gyro: 0.10, 69.21, 2.91
Accel: -0.15, 0.10, -0.98
Gyro: 2.08, 87.93, 5.65
Accel: -0.09, 0.09, -0.99
Gyro: 8.75, 93.95, 5.42
Accel: -0.02, 0.08, -0.95
Gyro: 6.89, 100.72, 6.57
Accel: 0.06, 0.07, -0.88
Gyro: 8.67, 99.72, 5.94
Accel: 0.13, 0.06, -0.91
Gyro: 9.61, 96.62, 4.30
Accel: 0.20, 0.04, -0.89
Gyro: 6.61, 92.98, 3.17
Accel: 0.27, 0.03, -0.84
Gyro: 7.21, 86.28, 2.46
Accel: 0.32, 0.04, -0.86
Gyro: 6.41, 79.36, 2.53
Accel: 0.36, 0.05, -0.89
Gyro: 4.06, 75.82, 3.62
Accel: 0.40, 0.05, -0.85
Gyro: 3.88, 72.59, 6.78
Accel: 0.44, 0.01, -0.83
Gyro: 3.28, 71.46, 8.86
Accel: 0.50, -0.00, -0.78
Gyro: 2.58, 65.59, 8.06
Accel: 0.60, -0.04, -0.70
Gyro: -1.98, 53.35, 2.00
Accel: 0.63, 0.01, -0.75
Gyro: -6.00, 48.86, 5.70
Accel: 0.62, 0.01, -0.76
Gyro: -2.06, 42.15, 5.89
Accel: 0.63, 0.01, -0.76
Gyro: -2.21, 33.81, 4.53
Accel: 0.65, 0.00, -0.72
Gyro: -1.65, 26.98, 5.59
Accel: 0.64, -0.06, -0.71
Gyro: -6.32, 16.56, 2.91
Accel: 0.68, -0.01, -0.71
Gyro: -5.05, 5.71, -1.63
Accel: 0.66, 0.01, -0.73
Gyro: -5.71, -2.01, -3.61
Accel: 0.64, 0.01, -0.73
Gyro: -4.88, -8.34, -5.46
Accel: 0.64, 0.02, -0.74
Gyro: -4.51, -13.61, -6.22
Accel: 0.61, 0.03, -0.78
Gyro: -4.52, -17.07, -6.55
Accel: 0.60, 0.03, -0.77
Gyro: -4.33, -20.37, -6.33
Accel: 0.60, 0.02, -0.77
Gyro: -5.13, -26.22, -5.69
Accel: 0.60, 0.03, -0.75
Gyro: -5.06, -33.42, -5.36
Accel: 0.57, 0.03, -0.80
Gyro: -6.10, -39.99, -3.81
Accel: 0.54, 0.04, -0.80
Gyro: -7.49, -45.08, -4.68
Accel: 0.51, 0.04, -0.80
Gyro: -9.40, -49.69, -5.67
Accel: 0.48, 0.05, -0.81
Gyro: -6.17, -55.08, -5.83
Accel: 0.45, 0.07, -0.85
Gyro: -6.89, -57.72, -5.46
Accel: 0.41, 0.07, -0.89
Gyro: -5.53, -58.30, -4.71
Accel: 0.37, 0.06, -0.88
Gyro: -4.36, -58.50, -4.42
Accel: 0.33, 0.06, -0.90
Gyro: -4.88, -59.39, -4.97
Accel: 0.30, 0.06, -0.92
Gyro: -4.27, -57.91, -5.56
Accel: 0.28, 0.07, -0.92
Gyro: -3.71, -56.92, -6.21
Accel: 0.25, 0.06, -0.95
Gyro: -3.07, -56.61, -6.50
Accel: 0.20, 0.06, -0.96
Gyro: -4.46, -53.51, -6.84
Accel: 0.18, 0.05, -0.95
Gyro: -5.66, -50.64, -6.96
Accel: 0.16, 0.06, -0.96
Gyro: -6.80, -48.71, -7.64
Accel: 0.15, 0.07, -0.92
Gyro: -7.23, -49.79, -7.98
Accel: 0.12, 0.08, -0.93
Gyro: -5.94, -52.41, -7.64
Accel: 0.09, 0.08, -0.95
Gyro: -6.78, -52.49, -7.65
Accel: 0.05, 0.08, -0.97
Gyro: -6.16, -50.94, -8.06
Accel: 0.03, 0.08, -0.97
Gyro: -4.81, -48.85, -8.53
Accel: 0.01, 0.07, -0.94
Gyro: -3.51, -50.15, -9.03
Accel: -0.02, 0.06, -0.95
Gyro: -4.38, -52.32, -10.35
Accel: -0.06, 0.08, -0.97
Gyro: -6.26, -52.35, -11.12
Accel: -0.10, 0.10, -0.96
Gyro: -5.76, -52.13, -9.57
Accel: -0.14, 0.10, -1.00
Gyro: -5.97, -48.36, -7.74
Accel: -0.16, 0.11, -0.99
Gyro: -8.23, -42.38, -5.68
Accel: -0.16, 0.11, -0.95
Gyro: -7.66, -38.87, -4.26
Accel: -0.17, 0.11, -0.91
Gyro: -6.05, -39.61, -3.34
Accel: -0.21, 0.12, -0.96
Gyro: -3.46, -39.86, -1.73
Accel: -0.25, 0.13, -1.00
Gyro: -5.97, -34.48, 0.39
Accel: -0.26, 0.12, -0.97
Gyro: -5.43, -27.60, 1.77
Accel: -0.28, 0.12, -0.96
Gyro: -2.31, -22.90, 2.72
Accel: -0.29, 0.11, -0.98
Gyro: -1.63, -17.14, 2.46
Accel: -0.29, 0.11, -0.95
Gyro: -2.05, -12.79, 1.30
Accel: -0.29, 0.10, -0.97
Gyro: -1.55, -9.88, 0.09
Accel: -0.29, 0.11, -0.96
Gyro: -1.48, -5.99, -0.14
Accel: -0.30, 0.10, -0.94
Gyro: -1.15, -3.47, -0.19
Accel: -0.29, 0.10, -0.94
Gyro: -1.28, -2.33, -0.56
Accel: -0.27, 0.10, -0.94
Gyro: -1.91, -1.36, -1.05
Accel: -0.28, 0.10, -0.94
Gyro: -2.40, 0.10, -0.98
Accel: -0.27, 0.11, -0.93
Gyro: -2.01, 1.36, -1.17
Accel: -0.26, 0.11, -0.93
Gyro: -2.01, 0.68, -1.53
Accel: -0.26, 0.11, -0.93
Gyro: -1.40, -0.63, -1.82
Accel: -0.26, 0.11, -0.93
Gyro: -1.73, -1.27, -1.50
Accel: -0.26, 0.11, -0.93
Gyro: -1.55, -1.48, -0.92
Accel: -0.26, 0.11, -0.92
Gyro: -1.62, -1.14, -0.15
Accel: -0.27, 0.10, -0.94
Gyro: -2.28, -1.31, -0.43
Accel: -0.26, 0.10, -0.95
Gyro: -1.62, -0.85, -0.96
Accel: -0.27, 0.11, -0.93
Gyro: -0.81, 0.05, -0.98
Accel: -0.26, 0.10, -0.93
Gyro: -1.82, 0.39, -0.95
Accel: -0.26, 0.11, -0.93
Gyro: -1.76, -0.01, -1.05
Accel: -0.27, 0.10, -0.93
Gyro: -1.84, 0.74, -1.11
Accel: -0.26, 0.11, -0.93
Gyro: -1.78, 1.16, -1.33
Accel: -0.26, 0.10, -0.94
Gyro: -0.97, 0.14, -1.30
Accel: -0.27, 0.10, -0.93
Gyro: -2.59, 1.14, -0.98
Accel: -0.27, 0.11, -0.94
Gyro: -2.06, 1.75, -1.06
Accel: -0.26, 0.10, -0.93
Gyro: -1.27, 2.75, -0.59
Accel: -0.26, 0.11, -0.93
Gyro: -1.06, 2.60, -1.08
Accel: -0.25, 0.10, -0.93
Gyro: -1.36, 3.00, -1.02
Accel: -0.25, 0.11, -0.93
Gyro: -1.10, 3.05, -1.22
Accel: -0.24, 0.10, -0.93
Gyro: -0.57, 2.50, -1.08
Accel: -0.24, 0.10, -0.94
Gyro: -0.18, 1.96, -1.22
Accel: -0.25, 0.10, -0.93
Gyro: -0.72, 1.31, -0.60
