Accel: 0.07, 0.05, -0.95
Gyro: -3.05, -0.69, -0.53
Accel: 0.07, 0.06, -0.96
Gyro: -3.41, -0.33, -0.67
Accel: 0.07, 0.06, -0.96
Gyro: -2.44, -0.02, -0.36
Accel: 0.07, 0.06, -0.96
Gyro: -2.69, -0.52, -0.37
Accel: 0.07, 0.06, -0.96
Gyro: -2.82, -1.10, -0.76
Accel: 0.07, 0.06, -0.97
Gyro: -2.33, -0.53, -0.78
Accel: 0.07, 0.06, -0.96
Gyro: -2.38, -0.21, -1.11
Accel: 0.07, 0.07, -0.96
Gyro: -2.35, -0.17, -1.06
Accel: 0.07, 0.06, -0.96
Gyro: -1.85, 0.02, -0.72
Accel: 0.07, 0.06, -0.95
Gyro: -2.14, -0.47, -0.59
Accel: 0.07, 0.07, -0.97
Gyro: -2.43, -0.69, -0.13
Accel: 0.07, 0.08, -0.97
Gyro: -1.93, -0.31, 1.34
Accel: 0.07, 0.10, -0.96
Gyro: -2.48, -0.35, 4.95
Accel: 0.07, 0.17, -0.97
Gyro: -4.02, -0.45, 15.21
Accel: 0.07, 0.22, -0.96
Gyro: -8.39, -0.87, 33.15
Accel: 0.07, 0.24, -0.95
Gyro: -13.66, -2.02, 58.11
Accel: 0.06, 0.18, -0.96
Gyro: -20.67, -1.97, 76.33
Accel: 0.04, 0.15, -0.96
Gyro: -23.22, -2.61, 87.97
Accel: 0.05, 0.13, -0.98
Gyro: -24.19, -1.59, 94.29
Accel: 0.05, 0.12, -0.97
Gyro: -23.80, -1.07, 97.23
Accel: 0.05, 0.17, -0.98
Gyro: -20.81, -0.51, 99.46
Accel: 0.05, 0.16, -0.97
Gyro: -13.55, 1.64, 103.28
Accel: 0.06, 0.23, -0.96
Gyro: -11.52, 2.85, 106.49
Accel: 0.08, 0.29, -0.94
Gyro: -3.35, 2.84, 122.75
Accel: 0.08, 0.13, -0.91
Gyro: -1.42, -1.47, 128.75
Accel: 0.06, 0.06, -0.94
Gyro: 1.63, -4.81, 126.69
Accel: 0.06, -0.10, -0.91
Gyro: 5.18, -7.73, 110.35
Accel: 0.07, -0.07, -0.93
Gyro: 7.01, -12.08, 88.54
Accel: 0.04, -0.12, -1.00
Gyro: 7.08, -9.22, 71.59
Accel: 0.05, -0.11, -0.97
Gyro: 0.34, -6.10, 54.42
Accel: 0.06, -0.02, -1.01
Gyro: -1.85, -4.64, 43.22
Accel: 0.05, 0.02, -1.05
Gyro: 2.83, 2.85, 42.18
Accel: 0.08, -0.07, -0.96
Gyro: -1.05, 6.45, 34.77
Accel: 0.08, -0.09, -0.97
Gyro: 1.99, 5.46, 24.95
Accel: 0.11, -0.14, -0.94
Gyro: 1.50, 3.34, 8.88
Accel: 0.11, -0.04, -0.95
Gyro: -0.64, 1.39, -3.53
Accel: 0.12, -0.07, -0.93
Gyro: 0.37, -1.84, -9.45
Accel: 0.12, -0.00, -0.96
Gyro: 0.60, -2.60, -13.82
Accel: 0.12, -0.01, -0.96
Gyro: 0.54, -2.49, -13.53
Accel: 0.11, -0.07, -0.96
Gyro: -0.39, -3.51, -18.91
Accel: 0.10, -0.13, -0.98
Gyro: -0.20, -3.55, -30.15
Accel: 0.09, -0.21, -0.94
Gyro: -1.55, -3.48, -51.12
Accel: 0.08, -0.15, -0.94
Gyro: 4.43, -9.54, -75.16
Accel: 0.05, -0.15, -0.95
Gyro: 10.29, -13.47, -97.22
Accel: 0.03, -0.10, -0.98
Gyro: 13.82, -13.24, -113.73
Accel: 0.03, -0.02, -0.98
Gyro: 15.51, -13.96, -122.44
Accel: 0.02, 0.04, -0.97
Gyro: 17.92, -13.97, -121.81
Accel: 0.01, -0.03, -0.98
Gyro: 15.18, -13.26, -119.66
Accel: -0.00, 0.01, -0.98
Gyro: 13.78, -12.57, -119.16
Accel: 0.00, 0.08, -0.98
Gyro: 11.68, -10.42, -111.51
Accel: 0.00, 0.01, -0.98
Gyro: 9.96, -8.71, -105.74
Accel: 0.00, 0.01, -0.97
Gyro: 7.13, -6.32, -104.35
Accel: 0.00, 0.07, -0.96
Gyro: 5.18, -6.37, -97.25
Accel: 0.01, 0.05, -0.98
Gyro: 4.40, -6.10, -89.83
Accel: 0.00, 0.06, -0.97
Gyro: 3.62, -4.23, -81.77
Accel: 0.01, 0.05, -0.98
Gyro: 1.68, -2.77, -72.84
Accel: 0.01, 0.06, -0.96
Gyro: -0.60, -2.01, -64.73
Accel: 0.03, 0.06, -0.96
Gyro: -2.72, -1.73, -55.25
Accel: 0.04, 0.10, -0.96
Gyro: -5.75, -2.51, -44.57
Accel: 0.04, 0.12, -0.97
Gyro: -6.61, -2.76, -30.68
Accel: 0.04, 0.11, -0.98
Gyro: -7.55, -1.99, -18.18
Accel: 0.03, 0.09, -0.97
Gyro: -8.23, -0.33, -7.13
Accel: 0.03, 0.07, -0.97
Gyro: -9.54, 0.53, 0.99
Accel: 0.03, 0.04, -0.96
Gyro: -10.04, 1.53, 5.18
Accel: 0.04, 0.03, -0.96
Gyro: -9.50, 1.17, 6.78
Accel: 0.05, 0.03, -0.97
Gyro: -8.31, 0.88, 7.44
Accel: 0.05, 0.00, -0.97
Gyro: -7.17, 2.38, 5.74
Accel: 0.05, 0.00, -0.96
Gyro: -5.10, 3.29, 2.14
Accel: 0.07, 0.02, -0.95
Gyro: -3.40, 2.12, 0.07
Accel: 0.06, 0.03, -0.96
Gyro: -2.85, 0.66, -1.01
Accel: 0.06, 0.02, -0.96
Gyro: -2.66, 0.67, -0.88
Accel: 0.05, 0.02, -0.96
Gyro: -3.92, 0.98, -0.95
Accel: 0.05, 0.03, -0.96
Gyro: -4.54, 0.34, -0.62
Accel: 0.06, 0.03, -0.95
Gyro: -4.28, 0.38, -0.45
Accel: 0.06, 0.02, -0.96
Gyro: -3.86, 0.68, -0.79
Accel: 0.06, 0.02, -0.96
Gyro: -2.92, -0.02, -1.42
Accel: 0.06, 0.02, -0.96
Gyro: -2.02, -0.69, -2.04
Accel: 0.06, 0.02, -0.97
Gyro: -1.98, -0.81, -2.14
Accel: 0.06, 0.03, -0.96
Gyro: -2.91, -1.50, -1.69
Accel: 0.05, 0.04, -0.96
Gyro: -4.07, -1.56, -0.66
Accel: 0.05, 0.04, -0.97
Gyro: -4.33, -1.79, 0.55
Accel: 0.05, 0.04, -0.97
Gyro: -4.17, -1.37, 1.34
Accel: 0.06, 0.04, -0.96
Gyro: -4.15, -1.20, 1.53
Accel: 0.05, 0.04, -0.98
Gyro: -3.75, -1.05, 1.62
Accel: 0.05, 0.04, -0.97
Gyro: -3.08, -0.30, 1.27
Accel: 0.05, 0.03, -0.98
Gyro: -3.12, 0.14, 0.79
Accel: 0.05, 0.04, -0.98
Gyro: -3.81, -0.11, 0.70
Accel: 0.05, 0.03, -0.97
Gyro: -3.62, 0.78, 0.55
Accel: 0.06, 0.03, -0.96
Gyro: -4.01, 1.47, 0.17
Accel: 0.07, 0.04, -0.96
Gyro: -4.02, 0.92, -0.26
Accel: 0.07, 0.04, -0.97
Gyro: -3.29, 0.34, -0.46
Accel: 0.07, 0.04, -0.96
Gyro: -2.69, -0.52, -0.81
Accel: 0.06, 0.04, -0.96
Gyro: -3.17, -1.15, -1.33
Accel: 0.05, 0.04, -0.97
Gyro: -2.94, -1.49, -1.20
Accel: 0.06, 0.04, -0.97
Gyro: -2.62, -0.50, -1.41
Accel: 0.06, 0.05, -0.97
Gyro: -2.53, -0.17, -1.62
Accel: 0.06, 0.05, -0.97
Gyro: -2.18, -0.26, -1.23
Accel: 0.06, 0.04, -0.97
Gyro: -1.95, 0.22, -0.85
Accel: 0.06, 0.04, -0.95
Gyro: -2.20, -0.17, -0.72
Accel: 0.07, 0.04, -0.96
Gyro: -2.72, -0.48, -1.02
Accel: 0.06, 0.04, -0.97
Gyro: -2.18, -0.24, -0.63
