Accel: -0.02, 0.05, -0.96
Gyro: -3.36, -0.38, -1.44
Accel: -0.02, 0.04, -0.96
Gyro: -3.56, -0.46, -1.59
Accel: -0.02, 0.05, -0.96
Gyro: -3.52, -0.44, -1.71
Accel: -0.02, 0.05, -0.96
Gyro: -3.23, -0.60, -1.61
Accel: -0.02, 0.05, -0.97
Gyro: -2.98, -0.34, -1.62
Accel: -0.02, 0.05, -0.96
Gyro: -3.01, -0.35, -1.56
Accel: -0.02, 0.05, -0.96
Gyro: -3.43, -0.45, -1.37
Accel: -0.02, 0.05, -0.96
Gyro: -3.40, -0.25, -1.33
Accel: -0.02, 0.06, -0.97
Gyro: -3.15, -0.14, -1.75
Accel: -0.02, 0.05, -0.96
Gyro: -3.20, -0.57, -1.60
Accel: -0.02, 0.06, -0.96
Gyro: -3.49, -1.14, -1.68
Accel: -0.02, 0.06, -0.97
Gyro: -3.13, -0.87, -1.25
Accel: -0.02, 0.05, -0.97
Gyro: -2.99, -0.37, -1.71
Accel: -0.02, 0.05, -0.97
Gyro: -2.93, -0.07, -1.91
Accel: -0.02, 0.06, -0.97
Gyro: -2.82, 0.37, -1.52
Accel: -0.02, 0.06, -0.96
Gyro: -2.98, 0.85, -1.19
Accel: -0.01, 0.08, -0.96
Gyro: -2.53, 0.16, 0.72
Accel: -0.02, 0.09, -0.96
Gyro: -3.01, -0.85, 3.78
Accel: -0.01, 0.10, -0.96
Gyro: -3.08, -1.24, 8.34
Accel: -0.02, 0.09, -0.96
Gyro: -3.75, -1.29, 13.11
Accel: -0.01, 0.09, -0.96
Gyro: -4.08, -1.19, 16.09
Accel: -0.02, 0.11, -0.95
Gyro: -3.49, -2.04, 20.46
Accel: -0.01, 0.12, -0.96
Gyro: -3.97, -3.26, 26.72
Accel: -0.02, 0.12, -0.96
Gyro: -4.89, -3.29, 32.80
Accel: -0.02, 0.12, -0.96
Gyro: -4.77, -3.99, 39.02
Accel: -0.03, 0.12, -0.96
Gyro: -6.38, -3.91, 46.01
Accel: -0.03, 0.11, -0.97
Gyro: -8.47, -3.85, 52.95
Accel: -0.04, 0.15, -0.97
Gyro: -10.79, -3.72, 59.52
Accel: -0.03, 0.13, -0.97
Gyro: -11.57, -2.88, 66.46
Accel: -0.04, 0.12, -0.97
Gyro: -12.87, -2.40, 71.62
Accel: -0.04, 0.11, -0.96
Gyro: -13.44, -2.58, 75.07
Accel: -0.04, 0.09, -0.97
Gyro: -13.69, -2.98, 75.84
Accel: -0.03, 0.09, -0.96
Gyro: -13.39, -2.60, 72.35
Accel: -0.03, 0.19, -0.97
Gyro: -10.15, -4.02, 76.74
Accel: -0.03, 0.13, -0.98
Gyro: -10.71, -2.95, 80.23
Accel: -0.03, 0.22, -0.97
Gyro: -12.29, -1.48, 84.01
Accel: -0.05, 0.31, -0.97
Gyro: -7.42, -0.92, 103.88
Accel: -0.05, 0.17, -0.97
Gyro: -11.68, 1.89, 112.09
Accel: -0.05, 0.23, -0.99
Gyro: -9.00, 4.88, 120.03
Accel: -0.04, 0.07, -0.97
Gyro: -5.87, 6.42, 118.54
Accel: -0.02, 0.05, -0.99
Gyro: -0.69, 7.02, 99.22
Accel: -0.02, -0.02, -0.99
Gyro: 12.60, 11.39, 85.30
Accel: -0.00, -0.03, -0.96
Gyro: 9.50, 10.77, 63.33
Accel: 0.04, -0.02, -0.94
Gyro: 8.33, 8.77, 48.82
Accel: 0.07, 0.02, -0.93
Gyro: 9.03, 6.12, 38.86
Accel: 0.09, 0.01, -0.91
Gyro: 7.26, 2.28, 28.04
Accel: 0.09, 0.03, -0.93
Gyro: 8.07, -1.45, 22.97
Accel: 0.07, -0.01, -0.97
Gyro: 5.37, -3.05, 15.31
Accel: 0.07, 0.01, -0.97
Gyro: 3.65, -1.35, 10.41
Accel: 0.08, -0.07, -0.97
Gyro: -1.02, -1.53, 0.89
Accel: 0.08, -0.05, -0.96
Gyro: -3.81, -2.43, -12.00
Accel: 0.07, -0.00, -0.97
Gyro: -5.13, -1.31, -20.58
Accel: 0.07, 0.02, -0.96
Gyro: -2.76, -1.11, -25.52
Accel: 0.07, -0.05, -0.94
Gyro: -0.50, -2.66, -36.25
Accel: 0.05, -0.03, -0.97
Gyro: 2.48, -3.62, -51.22
Accel: 0.05, -0.03, -0.98
Gyro: 4.01, -2.95, -58.84
Accel: 0.04, -0.13, -0.96
Gyro: 1.21, -2.94, -75.16
Accel: 0.03, -0.03, -0.92
Gyro: 1.12, -6.99, -93.94
Accel: 0.02, -0.05, -0.96
Gyro: 3.96, -9.72, -105.72
Accel: -0.01, -0.02, -0.97
Gyro: 8.74, -10.70, -118.77
Accel: -0.02, 0.12, -0.98
Gyro: 12.76, -9.74, -121.41
Accel: -0.02, 0.11, -1.00
Gyro: 15.24, -7.60, -117.11
Accel: -0.04, 0.10, -0.97
Gyro: 14.63, -6.94, -114.32
Accel: -0.03, 0.20, -0.96
Gyro: 14.18, -7.97, -101.75
Accel: -0.03, 0.13, -0.99
Gyro: 10.85, -8.06, -87.72
Accel: -0.04, 0.08, -0.99
Gyro: 6.53, -4.67, -82.33
Accel: -0.04, 0.09, -0.97
Gyro: 4.62, -3.41, -76.46
Accel: -0.04, 0.05, -1.00
Gyro: 3.40, -1.34, -71.58
Accel: -0.04, 0.06, -0.99
Gyro: 0.82, 2.88, -73.07
Accel: -0.01, 0.11, -0.95
Gyro: 3.58, 1.78, -65.29
Accel: -0.02, 0.06, -0.97
Gyro: 2.03, 2.28, -58.34
Accel: -0.01, 0.06, -0.97
Gyro: -0.42, 3.80, -54.82
Accel: 0.01, 0.08, -0.94
Gyro: 2.52, 1.21, -47.67
Accel: 0.00, 0.04, -0.96
Gyro: 1.02, 0.26, -45.06
Accel: 0.00, 0.02, -0.96
Gyro: -0.88, -0.66, -44.75
Accel: 0.00, 0.09, -0.95
Gyro: -0.14, -0.91, -41.12
Accel: 0.01, 0.08, -0.97
Gyro: -0.48, -1.44, -33.39
Accel: 0.00, 0.09, -0.96
Gyro: -2.29, -1.53, -26.15
Accel: 0.01, 0.11, -0.96
Gyro: -2.27, -2.56, -16.62
Accel: 0.01, 0.08, -0.96
Gyro: -2.78, -4.05, -6.75
Accel: 0.01, 0.07, -0.97
Gyro: -1.94, -3.00, -0.85
Accel: 0.01, 0.06, -0.97
Gyro: -3.46, -2.04, 3.88
Accel: 0.01, 0.03, -0.98
Gyro: -3.91, -1.54, 6.81
Accel: -0.00, -0.00, -0.97
Gyro: -4.39, -0.45, 5.01
Accel: 0.00, 0.02, -0.96
Gyro: -3.91, -0.02, 2.12
Accel: 0.00, 0.03, -0.95
Gyro: -3.14, -1.22, 1.29
Accel: 0.00, 0.02, -0.97
Gyro: -2.94, -2.31, 0.27
Accel: -0.01, 0.02, -0.96
Gyro: -2.61, -2.04, -0.41
Accel: -0.00, 0.02, -0.97
Gyro: -2.85, -1.57, -0.21
Accel: -0.00, 0.02, -0.96
Gyro: -3.80, -1.77, 0.12
Accel: -0.00, 0.02, -0.97
Gyro: -4.35, -1.39, -0.05
Accel: -0.00, 0.02, -0.96
Gyro: -4.29, -1.22, -0.81
Accel: -0.01, 0.03, -0.96
Gyro: -4.13, -1.50, -1.07
Accel: -0.01, 0.04, -0.97
Gyro: -3.75, -1.46, -0.95
Accel: -0.01, 0.03, -0.96
Gyro: -3.48, -1.24, -0.75
Accel: -0.01, 0.03, -0.97
Gyro: -3.19, -0.79, -0.69
Accel: -0.01, 0.04, -0.97
Gyro: -3.03, -0.10, -0.61
Accel: -0.00, 0.03, -0.97
Gyro: -2.72, 0.31, -0.58
Accel: -0.01, 0.03, -0.96
Gyro: -2.51, 0.45, -0.42
Accel: 0.00, 0.03, -0.97
Gyro: -2.59, -0.13, -0.22
Accel: 0.00, 0.03, -0.97
Gyro: -2.91, -0.37, -0.37
