Accel: 0.02, 0.03, -0.97
Gyro: -3.91, -0.65, -0.55
Accel: 0.03, 0.03, -0.97
Gyro: -3.87, -0.51, -0.66
Accel: 0.03, 0.03, -0.96
Gyro: -3.59, -0.27, -1.08
Accel: 0.02, 0.04, -0.98
Gyro: -3.22, -0.27, -1.13
Accel: 0.02, 0.03, -0.97
Gyro: -3.01, 0.00, -1.21
Accel: 0.02, 0.03, -0.97
Gyro: -2.79, -0.23, -1.37
Accel: 0.02, 0.04, -0.96
Gyro: -2.57, -0.77, -1.27
Accel: 0.02, 0.03, -0.97
Gyro: -2.61, -0.69, -0.95
Accel: 0.02, 0.03, -0.97
Gyro: -2.43, -0.17, -0.82
Accel: 0.02, 0.04, -0.96
Gyro: -2.84, -0.55, -0.91
Accel: 0.02, 0.04, -0.98
Gyro: -2.88, -0.45, -0.82
Accel: 0.02, 0.04, -0.98
Gyro: -2.16, -0.19, -0.51
Accel: 0.02, 0.04, -0.96
Gyro: -2.44, -0.42, -0.77
Accel: 0.02, 0.05, -0.96
Gyro: -2.82, -0.91, -0.19
Accel: 0.02, 0.05, -0.98
Gyro: -2.83, -0.74, 1.07
Accel: 0.02, 0.05, -0.96
Gyro: -3.08, -0.21, 2.59
Accel: 0.02, 0.06, -0.97
Gyro: -3.33, -0.09, 4.46
Accel: 0.03, 0.06, -0.96
Gyro: -3.72, -0.11, 7.44
Accel: 0.02, 0.06, -0.96
Gyro: -4.34, -0.08, 10.42
Accel: 0.03, 0.09, -0.96
Gyro: -5.13, -0.66, 15.73
Accel: 0.02, 0.09, -0.96
Gyro: -6.35, -1.56, 22.35
Accel: 0.02, 0.09, -0.97
Gyro: -7.32, -1.74, 29.53
Accel: 0.03, 0.11, -0.96
Gyro: -9.70, -1.83, 37.05
Accel: 0.02, 0.11, -0.95
Gyro: -11.84, -2.09, 44.06
Accel: 0.01, 0.14, -0.96
Gyro: -12.90, -2.65, 52.79
Accel: 0.01, 0.17, -0.97
Gyro: -13.18, -2.61, 64.06
Accel: 0.01, 0.15, -0.96
Gyro: -13.56, -2.75, 73.78
Accel: 0.00, 0.19, -0.95
Gyro: -13.86, -3.04, 82.90
Accel: -0.00, 0.16, -0.96
Gyro: -12.89, -3.98, 94.75
Accel: -0.02, 0.16, -0.97
Gyro: -16.08, -3.34, 102.49
Accel: -0.02, 0.15, -0.99
Gyro: -16.26, -2.21, 111.27
Accel: -0.02, 0.07, -0.99
Gyro: -17.88, 0.56, 112.32
Accel: -0.01, 0.09, -0.97
Gyro: -17.97, 1.74, 107.83
Accel: -0.00, 0.05, -0.99
Gyro: -14.00, 3.53, 106.09
Accel: 0.03, 0.02, -0.96
Gyro: -15.27, 3.68, 92.23
Accel: 0.02, 0.12, -0.98
Gyro: -5.39, 4.20, 84.47
Accel: 0.03, -0.02, -0.97
Gyro: -1.79, 5.27, 71.09
Accel: 0.03, 0.05, -0.98
Gyro: 4.72, 6.61, 61.53
Accel: 0.06, -0.03, -0.93
Gyro: 5.22, 6.66, 49.61
Accel: 0.07, -0.02, -0.94
Gyro: 5.40, 1.60, 37.13
Accel: 0.09, -0.02, -0.95
Gyro: 3.78, -0.22, 24.38
Accel: 0.09, -0.02, -0.94
Gyro: 2.93, -0.47, 13.74
Accel: 0.09, 0.01, -0.95
Gyro: 3.15, -3.63, 4.15
Accel: 0.09, 0.00, -0.96
Gyro: 4.14, -3.53, -1.37
Accel: 0.09, 0.03, -0.96
Gyro: 2.22, -4.76, -6.41
Accel: 0.08, 0.03, -0.97
Gyro: 0.01, -3.51, -7.65
Accel: 0.07, 0.02, -0.97
Gyro: -0.37, -3.53, -10.14
Accel: 0.07, 0.02, -0.96
Gyro: -1.37, -2.83, -14.27
Accel: 0.07, 0.04, -0.99
Gyro: -1.17, -1.13, -17.07
Accel: 0.07, 0.03, -0.98
Gyro: -0.81, -0.21, -19.59
Accel: 0.08, -0.01, -0.96
Gyro: 0.14, -0.08, -26.34
Accel: 0.07, -0.07, -0.94
Gyro: 2.55, -3.14, -38.61
Accel: 0.06, -0.03, -0.95
Gyro: 4.65, -7.23, -55.08
Accel: 0.05, -0.07, -0.95
Gyro: 7.56, -8.90, -68.88
Accel: 0.04, -0.10, -0.94
Gyro: 8.81, -11.23, -86.36
Accel: 0.01, -0.05, -0.97
Gyro: 7.59, -12.48, -102.17
Accel: -0.00, 0.09, -1.01
Gyro: 12.26, -12.06, -103.03
Accel: -0.02, 0.03, -0.99
Gyro: 13.14, -9.21, -104.05
Accel: -0.02, 0.02, -0.98
Gyro: 11.98, -6.55, -106.27
Accel: -0.03, 0.05, -0.97
Gyro: 10.48, -7.37, -105.40
Accel: -0.03, 0.05, -0.97
Gyro: 8.44, -7.69, -102.44
Accel: -0.03, 0.07, -0.96
Gyro: 5.79, -7.50, -99.58
Accel: -0.03, 0.11, -0.97
Gyro: 5.83, -7.55, -89.68
Accel: -0.02, 0.12, -0.97
Gyro: 5.89, -7.15, -78.06
Accel: -0.02, 0.11, -0.98
Gyro: 4.44, -4.94, -68.03
Accel: -0.02, 0.12, -0.97
Gyro: 3.05, -3.85, -56.42
Accel: -0.02, 0.11, -0.97
Gyro: 1.30, -3.53, -43.62
Accel: -0.02, 0.08, -0.97
Gyro: -1.43, -1.68, -34.49
Accel: -0.01, 0.09, -0.98
Gyro: -3.35, -1.05, -24.41
Accel: -0.01, 0.08, -0.97
Gyro: -5.52, -0.52, -15.26
Accel: -0.01, 0.05, -0.96
Gyro: -7.71, 0.13, -10.41
Accel: -0.00, 0.05, -0.96
Gyro: -8.18, 0.48, -6.91
Accel: 0.00, 0.06, -0.97
Gyro: -6.94, 0.43, -3.61
Accel: -0.00, 0.03, -0.97
Gyro: -6.94, 0.43, -2.49
Accel: -0.00, 0.04, -0.97
Gyro: -6.20, 0.61, -4.11
Accel: -0.01, 0.04, -0.96
Gyro: -4.33, 0.06, -4.36
Accel: 0.00, 0.04, -0.97
Gyro: -3.52, 0.38, -3.93
Accel: 0.00, 0.05, -0.96
Gyro: -3.12, 0.34, -3.14
Accel: 0.01, 0.05, -0.96
Gyro: -2.78, 0.50, -1.68
Accel: 0.00, 0.04, -0.97
Gyro: -2.42, 0.72, -0.63
Accel: 0.00, 0.03, -0.96
Gyro: -2.35, 0.27, 0.06
Accel: 0.01, 0.03, -0.96
Gyro: -2.66, 0.19, 0.05
Accel: 0.01, 0.03, -0.97
Gyro: -2.08, 0.21, 0.10
Accel: 0.01, 0.03, -0.97
Gyro: -2.39, 0.27, -0.29
Accel: 0.01, 0.03, -0.96
Gyro: -2.53, 0.02, -0.51
Accel: 0.00, 0.03, -0.96
Gyro: -2.77, -0.53, -1.11
Accel: 0.01, 0.03, -0.96
Gyro: -2.75, -0.62, -1.39
Accel: 0.01, 0.03, -0.97
Gyro: -2.35, -0.66, -1.48
Accel: 0.00, 0.03, -0.96
Gyro: -2.57, -0.70, -1.28
Accel: 0.01, 0.03, -0.97
Gyro: -2.76, -0.86, -1.27
Accel: 0.00, 0.03, -0.96
Gyro: -2.72, -1.24, -1.07
Accel: -0.00, 0.03, -0.96
Gyro: -3.08, -1.14, -1.17
Accel: 0.00, 0.04, -0.97
Gyro: -3.23, -1.33, -0.99
Accel: 0.00, 0.03, -0.97
Gyro: -3.34, -1.00, -1.05
Accel: -0.01, 0.04, -0.97
Gyro: -3.23, -0.85, -0.56
Accel: 0.00, 0.04, -0.97
Gyro: -2.92, -0.45, -0.81
Accel: -0.00, 0.03, -0.97
Gyro: -2.75, -0.34, -1.27
Accel: 0.00, 0.03, -0.96
Gyro: -2.69, -0.69, -1.74
Accel: 0.01, 0.04, -0.96
Gyro: -2.86, -0.68, -1.71
Accel: 0.00, 0.05, -0.96
Gyro: -3.01, -0.80, -1.43
Accel: 0.00, 0.05, -0.97
Gyro: -3.25, -0.83, -1.04
