Accel: 0.07, 0.09, -0.93
Gyro: -7.34, 1.38, -1.75
Accel: 0.06, 0.10, -0.92
Gyro: -5.23, -1.95, -1.18
Accel: 0.04, 0.10, -0.94
Gyro: -2.45, -3.52, -0.40
Accel: 0.02, 0.10, -0.94
Gyro: 0.63, -4.39, 1.70
Accel: 0.01, 0.10, -0.93
Gyro: 1.50, -5.69, 3.44
Accel: -0.01, 0.10, -0.96
Gyro: 2.82, -7.00, 6.89
Accel: -0.02, 0.05, -1.02
Gyro: 4.06, -4.65, 9.69
Accel: -0.00, 0.02, -1.00
Gyro: 1.48, -0.08, 8.66
Accel: 0.01, 0.01, -0.99
Gyro: -0.90, 2.90, 6.90
Accel: 0.02, 0.02, -0.98
Gyro: -3.36, 5.70, 3.62
Accel: 0.04, 0.03, -0.95
Gyro: -4.13, 6.82, 0.34
Accel: 0.04, 0.06, -0.93
Gyro: -3.87, 3.06, -1.69
Accel: 0.05, 0.08, -0.97
Gyro: -1.17, -1.58, -0.71
Accel: 0.05, 0.04, -1.00
Gyro: -0.43, 0.15, -1.38
Accel: 0.07, 0.02, -1.01
Gyro: -2.40, 3.40, -4.95
Accel: 0.09, 0.06, -0.97
Gyro: -3.56, 3.63, -6.26
Accel: 0.07, 0.07, -0.95
Gyro: -1.67, -0.18, -4.16
Accel: 0.06, 0.06, -0.99
Gyro: -2.17, -1.21, -2.10
Accel: 0.08, 0.06, -1.01
Gyro: -2.01, 2.54, -0.54
Accel: 0.07, 0.03, -0.98
Gyro: -1.76, 5.51, -0.92
Accel: 0.10, 0.02, -0.96
Gyro: -2.53, 7.40, -3.66
Accel: 0.10, 0.03, -0.94
Gyro: -3.19, 6.81, -6.24
Accel: 0.10, 0.06, -0.91
Gyro: -3.92, 4.19, -7.03
Accel: 0.09, 0.09, -0.91
Gyro: -3.36, -0.35, -5.17
Accel: 0.08, 0.13, -0.93
Gyro: -2.95, -4.62, -0.06
Accel: 0.07, 0.19, -0.94
Gyro: -4.20, -7.07, 12.65
Accel: 0.05, 0.23, -0.93
Gyro: -6.96, -8.77, 30.64
Accel: 0.03, 0.29, -0.96
Gyro: -11.06, -10.15, 55.64
Accel: 0.01, 0.27, -0.98
Gyro: -15.91, -8.97, 83.10
Accel: -0.00, 0.21, -0.98
Gyro: -20.05, -6.56, 101.52
Accel: -0.02, 0.26, -1.00
Gyro: -22.08, -4.78, 119.16
Accel: -0.02, 0.15, -0.99
Gyro: -20.65, -1.01, 130.19
Accel: -0.00, 0.15, -0.97
Gyro: -20.18, 0.18, 132.60
Accel: 0.01, 0.09, -0.94
Gyro: -14.27, -0.56, 133.50
Accel: 0.02, 0.11, -0.95
Gyro: -13.85, -3.23, 127.84
Accel: 0.02, 0.07, -0.97
Gyro: -8.35, -4.27, 125.06
Accel: 0.03, 0.03, -0.97
Gyro: -7.00, -3.46, 115.05
Accel: 0.04, 0.02, -0.97
Gyro: -1.05, -3.78, 104.75
Accel: 0.05, -0.08, -0.95
Gyro: 0.76, -3.35, 88.07
Accel: 0.05, -0.05, -0.94
Gyro: 1.68, -5.68, 72.48
Accel: 0.04, -0.11, -0.99
Gyro: 1.95, -6.64, 56.30
Accel: 0.05, -0.11, -0.99
Gyro: -2.98, -3.21, 36.09
Accel: 0.05, -0.08, -0.99
Gyro: -1.54, 0.27, 20.63
Accel: 0.07, -0.07, -0.96
Gyro: -0.29, 0.07, 6.58
Accel: 0.08, -0.01, -0.97
Gyro: 2.22, 0.46, -1.42
Accel: 0.09, -0.02, -0.96
Gyro: 0.98, -0.64, -7.64
Accel: 0.09, -0.02, -0.97
Gyro: -1.05, -1.50, -13.08
Accel: 0.08, -0.01, -0.98
Gyro: -3.07, -0.05, -18.29
Accel: 0.07, -0.04, -0.95
Gyro: -2.97, -0.22, -25.89
Accel: 0.08, -0.07, -0.95
Gyro: -2.56, -1.89, -38.11
Accel: 0.06, -0.15, -0.95
Gyro: -1.83, -3.25, -59.70
Accel: 0.04, -0.15, -0.94
Gyro: 0.92, -5.45, -87.33
Accel: 0.02, -0.04, -0.98
Gyro: 4.65, -6.30, -105.55
Accel: 0.01, -0.04, -0.97
Gyro: 9.74, -4.85, -120.85
Accel: -0.02, 0.03, -0.99
Gyro: 14.37, -3.82, -132.60
Accel: -0.01, 0.05, -0.97
Gyro: 20.71, -2.49, -134.76
Accel: -0.02, 0.07, -0.96
Gyro: 22.87, -4.59, -135.60
Accel: -0.02, 0.11, -0.95
Gyro: 21.16, -5.68, -130.62
Accel: -0.00, 0.20, -0.96
Gyro: 17.99, -7.81, -116.78
Accel: 0.01, 0.18, -0.96
Gyro: 16.82, -8.13, -96.52
Accel: 0.01, 0.17, -0.98
Gyro: 12.89, -6.07, -78.17
Accel: 0.01, 0.13, -0.98
Gyro: 5.95, -4.45, -59.35
Accel: 0.00, 0.10, -0.98
Gyro: -0.15, -1.64, -45.72
Accel: 0.02, 0.12, -0.97
Gyro: -5.84, -0.53, -31.75
Accel: 0.02, 0.10, -0.96
Gyro: -10.55, 0.11, -18.33
Accel: 0.03, 0.07, -0.97
Gyro: -13.12, 1.59, -10.11
Accel: 0.03, 0.06, -0.96
Gyro: -13.81, 2.20, -6.42
Accel: 0.03, 0.07, -0.96
Gyro: -11.72, 2.11, -3.66
Accel: 0.03, 0.07, -0.97
Gyro: -9.27, 1.73, -1.70
Accel: 0.04, 0.05, -0.97
Gyro: -7.22, 1.88, -1.14
Accel: 0.03, 0.05, -0.97
Gyro: -5.64, 2.18, -2.58
Accel: 0.03, 0.05, -0.97
Gyro: -3.72, 2.67, -3.40
Accel: 0.04, 0.05, -0.97
Gyro: -3.16, 2.33, -3.88
Accel: 0.04, 0.06, -0.97
Gyro: -3.11, 2.40, -3.91
Accel: 0.05, 0.06, -0.97
Gyro: -2.29, 2.41, -3.28
Accel: 0.05, 0.06, -0.96
Gyro: -1.79, 2.14, -2.86
Accel: 0.06, 0.06, -0.96
Gyro: -1.88, 1.66, -2.29
Accel: 0.06, 0.05, -0.96
Gyro: -1.48, 1.29, -1.50
Accel: 0.06, 0.04, -0.97
Gyro: -1.40, 1.54, -1.65
Accel: 0.06, 0.03, -0.95
Gyro: -1.75, 0.60, -3.02
Accel: 0.06, 0.04, -0.96
Gyro: -1.80, -1.20, -3.82
Accel: 0.06, 0.04, -0.97
Gyro: -2.23, -1.53, -4.37
Accel: 0.05, 0.05, -0.97
Gyro: -2.95, -1.37, -3.87
Accel: 0.05, 0.05, -0.97
Gyro: -3.32, -1.50, -2.41
Accel: 0.05, 0.05, -0.98
Gyro: -2.82, -0.08, -1.32
Accel: 0.05, 0.05, -0.96
Gyro: -2.57, 0.26, -1.66
Accel: 0.04, 0.06, -0.96
Gyro: -2.25, -0.31, -1.87
Accel: 0.05, 0.05, -0.97
Gyro: -1.92, -0.56, -1.46
Accel: 0.05, 0.04, -0.96
Gyro: -2.11, -0.27, -1.20
Accel: 0.05, 0.05, -0.96
Gyro: -2.24, -0.31, -0.92
Accel: 0.06, 0.05, -0.97
Gyro: -1.69, -0.15, -0.34
Accel: 0.06, 0.04, -0.97
Gyro: -2.43, -0.21, -0.24
Accel: 0.05, 0.05, -0.96
Gyro: -3.40, -1.05, -0.49
Accel: 0.06, 0.05, -0.96
Gyro: -2.95, -1.17, -0.41
Accel: 0.05, 0.05, -0.97
Gyro: -3.04, -1.53, -0.70
Accel: 0.05, 0.05, -0.97
Gyro: -3.23, -1.45, -0.86
Accel: 0.05, 0.05, -0.98
Gyro: -2.98, -0.42, -0.69
Accel: 0.05, 0.05, -0.97
Gyro: -2.72, 0.27, -0.86
Accel: 0.05, 0.05, -0.95
Gyro: -2.74, 0.46, -0.92
Accel: 0.06, 0.06, -0.97
Gyro: -1.88, -0.45, -0.42
Accel: 0.05, 0.05, -0.96
Gyro: -1.80, -0.69, -0.53
