Accel: 0.03, 0.04, -0.96
Gyro: -3.70, -1.29, -0.84
Accel: 0.02, 0.05, -0.97
Gyro: -3.66, -1.79, -1.26
Accel: 0.02, 0.05, -0.98
Gyro: -3.33, -1.04, -1.51
Accel: 0.02, 0.05, -0.98
Gyro: -3.17, 0.02, -1.29
Accel: 0.03, 0.06, -0.97
Gyro: -2.66, 0.35, -0.53
Accel: 0.03, 0.05, -0.96
Gyro: -2.24, 0.18, -0.37
Accel: 0.03, 0.05, -0.97
Gyro: -2.36, -0.47, -0.59
Accel: 0.02, 0.05, -0.96
Gyro: -3.12, -0.34, -1.04
Accel: 0.03, 0.06, -0.96
Gyro: -2.66, -0.19, -0.37
Accel: 0.03, 0.04, -0.96
Gyro: -3.05, -0.40, -0.45
Accel: 0.02, 0.08, -0.97
Gyro: -2.93, -0.54, 0.79
Accel: 0.03, 0.06, -0.97
Gyro: -2.41, -0.24, 2.27
Accel: 0.03, 0.08, -0.96
Gyro: -2.33, -0.08, 3.92
Accel: 0.03, 0.11, -0.96
Gyro: -2.28, -0.67, 8.65
Accel: 0.03, 0.11, -0.97
Gyro: -3.14, -0.92, 16.77
Accel: 0.03, 0.12, -0.96
Gyro: -6.13, -0.85, 25.06
Accel: 0.03, 0.14, -0.94
Gyro: -7.16, -2.11, 35.45
Accel: 0.03, 0.14, -0.96
Gyro: -8.70, -3.19, 45.78
Accel: 0.02, 0.14, -0.97
Gyro: -10.24, -3.65, 55.62
Accel: 0.02, 0.12, -0.97
Gyro: -11.93, -3.80, 63.82
Accel: 0.01, 0.12, -0.95
Gyro: -13.30, -3.34, 70.44
Accel: 0.01, 0.13, -0.97
Gyro: -14.18, -3.20, 76.30
Accel: 0.00, 0.12, -0.98
Gyro: -14.95, -2.22, 81.99
Accel: 0.00, 0.16, -0.97
Gyro: -16.07, -1.82, 86.99
Accel: -0.00, 0.13, -0.98
Gyro: -16.33, -0.89, 96.41
Accel: 0.00, 0.10, -0.96
Gyro: -19.76, 0.09, 97.85
Accel: -0.00, 0.11, -0.96
Gyro: -19.38, 0.11, 99.39
Accel: 0.02, 0.11, -0.96
Gyro: -20.70, 0.36, 101.03
Accel: 0.02, 0.11, -0.97
Gyro: -22.58, 1.46, 98.33
Accel: 0.03, 0.10, -0.98
Gyro: -17.79, 2.18, 96.20
Accel: 0.05, 0.08, -0.96
Gyro: -12.26, 1.34, 88.28
Accel: 0.05, 0.11, -0.98
Gyro: -5.42, 2.45, 79.67
Accel: 0.06, 0.03, -0.94
Gyro: -1.54, 2.50, 69.42
Accel: 0.07, 0.08, -0.94
Gyro: -1.60, -1.14, 58.35
Accel: 0.08, 0.10, -0.94
Gyro: -1.21, -2.08, 56.80
Accel: 0.09, 0.02, -0.94
Gyro: -3.55, -5.10, 48.32
Accel: 0.08, 0.05, -0.96
Gyro: -2.36, -5.93, 38.92
Accel: 0.06, 0.02, -0.98
Gyro: -0.53, -3.80, 30.11
Accel: 0.07, 0.02, -0.96
Gyro: -0.14, -3.63, 20.08
Accel: 0.07, -0.01, -0.97
Gyro: -1.27, -2.72, 9.10
Accel: 0.07, 0.06, -0.99
Gyro: -1.04, -2.34, -0.64
Accel: 0.07, 0.04, -0.97
Gyro: -0.25, 0.05, -4.46
Accel: 0.08, 0.09, -0.95
Gyro: -0.72, -0.69, -8.19
Accel: 0.08, 0.10, -0.96
Gyro: 1.39, -0.67, -8.13
Accel: 0.08, 0.07, -0.96
Gyro: 1.18, -0.37, -10.96
Accel: 0.08, 0.11, -0.96
Gyro: 2.43, -1.46, -12.76
Accel: 0.07, 0.06, -0.97
Gyro: 2.08, -0.76, -14.43
Accel: 0.08, 0.03, -0.97
Gyro: 1.00, -0.32, -19.04
Accel: 0.07, -0.02, -0.95
Gyro: 2.08, -1.21, -29.29
Accel: 0.06, -0.10, -0.96
Gyro: 5.62, -3.35, -48.44
Accel: 0.05, -0.13, -0.94
Gyro: 8.43, -6.03, -77.05
Accel: 0.03, -0.06, -0.95
Gyro: 12.23, -8.98, -96.34
Accel: -0.00, -0.07, -0.95
Gyro: 14.05, -10.64, -115.51
Accel: -0.02, -0.00, -0.98
Gyro: 14.15, -10.49, -129.36
Accel: -0.02, 0.09, -0.99
Gyro: 17.33, -9.80, -130.43
Accel: -0.02, 0.07, -0.97
Gyro: 16.81, -8.97, -130.74
Accel: -0.04, 0.12, -0.99
Gyro: 16.79, -6.82, -127.59
Accel: -0.03, 0.15, -0.97
Gyro: 17.06, -5.61, -116.01
Accel: -0.02, 0.14, -0.96
Gyro: 15.39, -5.32, -103.93
Accel: -0.02, 0.15, -0.96
Gyro: 13.11, -5.69, -88.33
Accel: -0.02, 0.12, -0.98
Gyro: 8.13, -5.61, -75.58
Accel: -0.02, 0.11, -0.97
Gyro: 5.20, -5.26, -63.93
Accel: -0.02, 0.09, -0.98
Gyro: 1.85, -3.86, -54.46
Accel: -0.02, 0.08, -0.97
Gyro: 0.04, -3.40, -44.69
Accel: -0.02, 0.04, -0.98
Gyro: -1.89, -1.58, -40.71
Accel: -0.01, 0.09, -0.96
Gyro: -2.01, -1.26, -35.53
Accel: -0.01, 0.04, -0.97
Gyro: -0.69, -1.37, -29.30
Accel: -0.01, 0.06, -0.96
Gyro: 1.95, -0.73, -29.53
Accel: -0.00, 0.06, -0.96
Gyro: 4.15, -1.46, -25.74
Accel: -0.01, 0.07, -0.97
Gyro: 2.03, -2.70, -18.21
Accel: -0.01, 0.07, -0.98
Gyro: -1.46, -1.85, -12.00
Accel: -0.01, 0.06, -0.97
Gyro: -3.52, -0.85, -6.02
Accel: -0.02, 0.04, -0.96
Gyro: -5.10, -1.32, -1.05
Accel: -0.01, 0.02, -0.97
Gyro: -6.00, -1.02, 0.98
Accel: -0.01, 0.02, -0.98
Gyro: -5.32, -0.22, 1.59
Accel: -0.01, 0.01, -0.98
Gyro: -4.27, 0.22, 1.63
Accel: -0.01, 0.01, -0.97
Gyro: -4.17, 0.46, 1.53
Accel: -0.00, 0.02, -0.98
Gyro: -4.36, 0.72, 1.34
Accel: -0.00, 0.02, -0.98
Gyro: -4.61, 1.33, 1.17
Accel: 0.00, 0.02, -0.96
Gyro: -4.90, 1.61, 1.36
Accel: 0.01, 0.02, -0.96
Gyro: -5.11, 1.42, 1.12
Accel: 0.01, 0.02, -0.95
Gyro: -4.62, 0.91, 0.21
Accel: 0.00, 0.02, -0.96
Gyro: -3.93, 0.26, -0.47
Accel: 0.01, 0.03, -0.95
Gyro: -3.39, -0.51, -0.99
Accel: 0.00, 0.02, -0.96
Gyro: -3.15, -1.07, -1.07
Accel: 0.00, 0.02, -0.97
Gyro: -3.14, -1.21, -1.19
Accel: -0.00, 0.03, -0.96
Gyro: -3.65, -1.66, -1.31
Accel: 0.01, 0.03, -0.97
Gyro: -4.07, -1.72, -0.95
Accel: -0.00, 0.03, -0.97
Gyro: -3.50, -1.14, -0.51
Accel: 0.00, 0.03, -0.97
Gyro: -3.63, -1.37, -0.99
Accel: -0.00, 0.04, -0.96
Gyro: -3.56, -1.59, -1.51
Accel: -0.01, 0.03, -0.98
Gyro: -3.20, -1.63, -1.59
Accel: -0.00, 0.03, -0.97
Gyro: -3.41, -1.10, -1.55
Accel: -0.01, 0.04, -0.98
Gyro: -3.31, -0.53, -1.88
Accel: -0.00, 0.03, -0.97
Gyro: -2.98, 0.14, -2.20
Accel: 0.00, 0.04, -0.96
Gyro: -2.71, -0.18, -1.98
Accel: 0.00, 0.04, -0.96
Gyro: -2.43, -0.92, -1.89
Accel: 0.01, 0.02, -0.96
Gyro: -2.75, -1.71, -2.66
Accel: 0.01, 0.03, -0.97
Gyro: -2.26, -2.30, -2.62
Accel: -0.01, 0.04, -0.97
Gyro: -2.74, -1.91, -2.59
Accel: -0.01, 0.04, -0.98
Gyro: -2.96, -1.08, -1.94
