Accel: 0.05, 0.05, -0.96
Gyro: -2.53, -1.21, -1.23
Accel: 0.04, 0.06, -0.96
Gyro: -2.75, -0.82, -1.39
Accel: 0.05, 0.05, -0.96
Gyro: -2.27, -0.93, -1.17
Accel: 0.05, 0.06, -0.96
Gyro: -2.23, -1.05, -0.67
Accel: 0.05, 0.05, -0.96
Gyro: -2.31, -1.49, -0.68
Accel: 0.05, 0.05, -0.97
Gyro: -2.30, -1.59, -0.88
Accel: 0.05, 0.05, -0.97
Gyro: -2.59, -1.40, -1.12
Accel: 0.04, 0.05, -0.96
Gyro: -2.52, -1.11, -1.07
Accel: 0.05, 0.06, -0.97
Gyro: -2.46, -1.32, -0.43
Accel: 0.05, 0.07, -0.96
Gyro: -2.57, -1.08, 0.77
Accel: 0.05, 0.10, -0.97
Gyro: -2.70, -0.87, 4.85
Accel: 0.04, 0.12, -0.96
Gyro: -3.57, -0.69, 11.28
Accel: 0.05, 0.18, -0.97
Gyro: -4.02, -1.01, 22.51
Accel: 0.05, 0.17, -0.96
Gyro: -5.52, -0.72, 38.25
Accel: 0.05, 0.19, -0.96
Gyro: -7.97, -0.43, 52.95
Accel: 0.03, 0.19, -0.97
Gyro: -11.11, -1.05, 71.11
Accel: 0.03, 0.12, -0.96
Gyro: -15.32, -0.89, 81.61
Accel: 0.03, 0.13, -0.97
Gyro: -17.69, -0.43, 88.44
Accel: 0.02, 0.12, -0.97
Gyro: -17.14, 0.11, 94.70
Accel: 0.03, 0.13, -0.96
Gyro: -17.42, 0.18, 98.05
Accel: 0.01, 0.24, -0.99
Gyro: -13.43, 0.56, 108.63
Accel: 0.01, 0.10, -0.97
Gyro: -9.96, 3.39, 114.49
Accel: 0.02, 0.15, -0.97
Gyro: -12.37, 4.49, 115.56
Accel: 0.03, 0.06, -0.96
Gyro: -8.61, 5.10, 117.90
Accel: 0.05, -0.04, -0.96
Gyro: -8.61, 4.55, 102.99
Accel: 0.07, -0.06, -0.94
Gyro: -1.78, 5.10, 86.34
Accel: 0.10, -0.08, -0.91
Gyro: 3.29, -0.23, 66.10
Accel: 0.10, -0.01, -0.94
Gyro: 4.98, -4.94, 51.49
Accel: 0.08, -0.08, -0.99
Gyro: 2.05, -4.35, 42.66
Accel: 0.07, -0.03, -0.99
Gyro: -9.67, 0.27, 35.87
Accel: 0.08, -0.08, -0.97
Gyro: -18.32, 4.71, 34.08
Accel: 0.11, -0.04, -0.95
Gyro: -17.59, 1.70, 19.65
Accel: 0.11, -0.02, -0.96
Gyro: -8.54, 2.23, 7.50
Accel: 0.12, 0.01, -0.93
Gyro: -2.78, -1.08, -4.88
Accel: 0.12, 0.09, -0.96
Gyro: 2.22, -3.37, -7.83
Accel: 0.11, 0.06, -0.96
Gyro: 3.78, -2.85, -6.41
Accel: 0.10, 0.03, -0.96
Gyro: 3.33, -3.23, -8.57
Accel: 0.10, 0.00, -0.97
Gyro: 2.33, -1.69, -12.16
Accel: 0.10, -0.04, -0.96
Gyro: 2.08, -1.92, -21.16
Accel: 0.10, -0.07, -0.95
Gyro: 3.13, -3.68, -34.62
Accel: 0.10, -0.05, -0.96
Gyro: 2.32, -5.31, -49.40
Accel: 0.08, -0.06, -0.95
Gyro: 6.08, -6.60, -62.30
Accel: 0.07, -0.10, -0.94
Gyro: 10.37, -9.85, -80.54
Accel: 0.05, 0.01, -0.95
Gyro: 16.35, -14.92, -96.08
Accel: 0.04, 0.01, -0.98
Gyro: 20.84, -14.66, -103.62
Accel: 0.01, 0.01, -0.99
Gyro: 23.23, -12.24, -115.10
Accel: -0.01, 0.11, -1.02
Gyro: 28.00, -9.30, -106.50
Accel: -0.02, -0.03, -1.03
Gyro: 20.68, -2.00, -104.74
Accel: -0.00, 0.02, -0.98
Gyro: 12.75, 3.36, -105.34
Accel: 0.02, 0.07, -0.94
Gyro: 9.77, 0.50, -97.10
Accel: 0.03, 0.06, -0.95
Gyro: 7.96, -1.97, -87.99
Accel: 0.03, 0.03, -0.96
Gyro: 5.23, -2.13, -82.29
Accel: 0.03, 0.07, -0.96
Gyro: 4.00, -2.79, -75.43
Accel: 0.04, 0.08, -0.97
Gyro: 3.68, -3.43, -65.90
Accel: 0.05, 0.07, -0.97
Gyro: 2.19, -3.02, -57.08
Accel: 0.05, 0.08, -0.96
Gyro: 0.21, -3.05, -46.66
Accel: 0.05, 0.10, -0.97
Gyro: -1.43, -3.14, -34.04
Accel: 0.05, 0.08, -0.96
Gyro: -3.53, -2.37, -22.98
Accel: 0.05, 0.07, -0.97
Gyro: -5.87, -1.39, -15.37
Accel: 0.05, 0.05, -0.97
Gyro: -6.89, -1.20, -8.50
Accel: 0.04, 0.04, -0.97
Gyro: -7.68, -0.68, -3.85
Accel: 0.05, 0.01, -0.97
Gyro: -7.61, -0.17, -2.53
Accel: 0.05, 0.03, -0.96
Gyro: -6.69, -0.32, -3.04
Accel: 0.05, 0.02, -0.97
Gyro: -5.48, -0.98, -1.88
Accel: 0.05, 0.02, -0.96
Gyro: -4.72, -0.65, -1.56
Accel: 0.04, 0.02, -0.97
Gyro: -4.45, -0.07, -1.74
Accel: 0.04, 0.02, -0.97
Gyro: -4.20, 0.32, -1.73
Accel: 0.05, 0.03, -0.96
Gyro: -4.41, 0.89, -2.00
Accel: 0.05, 0.03, -0.96
Gyro: -4.14, 0.90, -2.54
Accel: 0.06, 0.03, -0.96
Gyro: -3.66, 0.08, -3.07
Accel: 0.06, 0.03, -0.97
Gyro: -3.00, -0.31, -2.78
Accel: 0.06, 0.04, -0.96
Gyro: -2.25, -0.11, -1.90
Accel: 0.06, 0.02, -0.95
Gyro: -1.80, -0.02, -1.57
Accel: 0.06, 0.02, -0.96
Gyro: -1.43, -0.36, -1.19
Accel: 0.07, 0.02, -0.97
Gyro: -2.02, -0.71, -0.82
Accel: 0.06, 0.03, -0.97
Gyro: -2.54, -1.00, -0.56
Accel: 0.06, 0.03, -0.98
Gyro: -2.53, -0.99, -0.01
Accel: 0.06, 0.02, -0.96
Gyro: -2.51, -1.03, 0.33
Accel: 0.06, 0.01, -0.96
Gyro: -3.05, -1.39, -0.16
Accel: 0.06, 0.03, -0.97
Gyro: -2.94, -1.69, -0.55
Accel: 0.06, 0.02, -0.96
Gyro: -2.46, -1.63, -1.04
Accel: 0.05, 0.03, -0.96
Gyro: -2.73, -1.53, -1.48
Accel: 0.05, 0.03, -0.97
Gyro: -2.79, -1.50, -1.43
Accel: 0.05, 0.03, -0.97
Gyro: -2.78, -1.22, -0.85
Accel: 0.05, 0.02, -0.96
Gyro: -3.16, -1.48, -0.53
Accel: 0.05, 0.02, -0.97
Gyro: -3.33, -1.78, -0.82
Accel: 0.04, 0.04, -0.97
Gyro: -3.11, -0.98, -0.95
Accel: 0.05, 0.02, -0.97
Gyro: -2.49, -0.24, -1.42
Accel: 0.05, 0.03, -0.96
Gyro: -2.46, -0.13, -1.74
Accel: 0.06, 0.03, -0.97
Gyro: -2.30, -0.62, -1.30
Accel: 0.04, 0.03, -0.97
Gyro: -2.33, -0.66, -1.01
Accel: 0.05, 0.03, -0.97
Gyro: -2.12, -0.37, -0.98
Accel: 0.05, 0.03, -0.97
Gyro: -2.08, -0.24, -1.08
Accel: 0.05, 0.03, -0.96
Gyro: -2.33, 0.02, -0.73
Accel: 0.05, 0.02, -0.96
Gyro: -2.49, -0.56, -0.79
Accel: 0.05, 0.02, -0.97
Gyro: -2.50, -0.66, -1.32
Accel: 0.06, 0.02, -0.97
Gyro: -2.54, -0.36, -1.60
Accel: 0.05, 0.03, -0.96
Gyro: -2.59, -0.68, -1.81
Accel: 0.05, 0.03, -0.96
Gyro: -2.66, -1.00, -1.59
Accel: 0.05, 0.03, -0.96
Gyro: -2.70, -0.66, -1.38
Accel: 0.05, 0.03, -0.97
Gyro: -2.81, -0.62, -1.19
