Accel: -0.01, 0.05, -0.96
Gyro: -3.10, -0.47, -0.72
Accel: -0.01, 0.06, -0.97
Gyro: -2.40, -0.31, -0.18
Accel: -0.01, 0.04, -0.97
Gyro: -2.05, -0.19, -0.83
Accel: -0.02, 0.06, -0.96
Gyro: -2.39, -0.53, -1.00
Accel: -0.01, 0.06, -0.97
Gyro: -2.47, -0.87, -0.11
Accel: -0.01, 0.06, -0.96
Gyro: -2.81, -1.02, 1.20
Accel: -0.02, 0.07, -0.97
Gyro: -2.92, -0.74, 3.19
Accel: -0.01, 0.06, -0.96
Gyro: -2.91, -0.06, 3.52
Accel: -0.01, 0.07, -0.96
Gyro: -3.06, -0.36, 5.08
Accel: -0.01, 0.13, -0.97
Gyro: -4.63, -0.32, 10.89
Accel: -0.01, 0.17, -0.96
Gyro: -7.63, -0.32, 25.48
Accel: -0.01, 0.20, -0.95
Gyro: -11.29, -0.56, 41.86
Accel: -0.02, 0.22, -0.97
Gyro: -14.23, -1.92, 63.59
Accel: -0.03, 0.15, -0.96
Gyro: -18.04, -1.90, 77.43
Accel: -0.03, 0.13, -0.95
Gyro: -20.41, -1.96, 84.47
Accel: -0.03, 0.14, -0.96
Gyro: -19.97, -2.46, 89.49
Accel: -0.03, 0.14, -0.95
Gyro: -20.45, -2.69, 94.86
Accel: -0.03, 0.16, -0.96
Gyro: -20.00, -3.14, 98.69
Accel: -0.03, 0.17, -0.96
Gyro: -17.78, -3.56, 102.10
Accel: -0.03, 0.17, -0.97
Gyro: -16.97, -3.02, 104.42
Accel: -0.03, 0.15, -0.98
Gyro: -16.08, -1.05, 105.86
Accel: -0.01, 0.14, -0.98
Gyro: -15.30, -0.85, 104.70
Accel: -0.00, 0.13, -0.96
Gyro: -14.27, 0.32, 101.26
Accel: -0.00, 0.16, -0.98
Gyro: -10.65, 1.29, 98.07
Accel: 0.01, 0.13, -0.97
Gyro: -5.40, 3.59, 93.83
Accel: 0.04, 0.08, -0.92
Gyro: 0.43, 1.94, 83.44
Accel: 0.04, 0.09, -0.92
Gyro: 5.42, -2.47, 72.18
Accel: 0.04, 0.09, -0.95
Gyro: 7.08, -3.97, 65.19
Accel: 0.04, 0.09, -0.94
Gyro: 3.97, -5.06, 56.66
Accel: 0.05, 0.06, -0.95
Gyro: 4.51, -5.13, 54.53
Accel: 0.05, -0.02, -0.96
Gyro: 3.85, -6.07, 43.61
Accel: 0.04, -0.00, -0.98
Gyro: 3.49, -5.19, 28.69
Accel: 0.04, -0.02, -0.98
Gyro: 2.54, -2.99, 15.42
Accel: 0.04, 0.01, -0.98
Gyro: 0.71, -1.50, 3.44
Accel: 0.05, 0.08, -0.96
Gyro: 2.72, 0.23, 0.18
Accel: 0.07, 0.06, -0.95
Gyro: 1.53, -1.48, -2.60
Accel: 0.06, 0.08, -0.96
Gyro: 0.36, -2.93, -4.38
Accel: 0.06, 0.06, -0.97
Gyro: -0.73, -1.36, -5.57
Accel: 0.05, 0.05, -0.97
Gyro: -0.04, -0.86, -10.37
Accel: 0.06, 0.07, -0.97
Gyro: -0.44, -0.21, -14.34
Accel: 0.06, 0.07, -0.97
Gyro: -1.51, 0.67, -14.96
Accel: 0.06, 0.02, -0.95
Gyro: -1.69, 1.11, -19.97
Accel: 0.06, 0.03, -0.93
Gyro: 0.27, -1.85, -27.79
Accel: 0.07, -0.01, -0.95
Gyro: -0.22, -5.10, -35.48
Accel: 0.04, -0.05, -0.95
Gyro: -2.52, -7.04, -50.80
Accel: 0.02, -0.02, -0.97
Gyro: 1.00, -8.74, -67.96
Accel: 0.01, 0.01, -0.95
Gyro: 8.22, -9.06, -80.41
Accel: 0.01, 0.00, -0.96
Gyro: 4.20, -10.83, -90.84
Accel: -0.02, 0.03, -0.97
Gyro: 4.75, -11.28, -100.93
Accel: -0.03, 0.05, -0.97
Gyro: 7.21, -11.89, -107.96
Accel: -0.04, 0.07, -0.95
Gyro: 8.94, -12.94, -112.24
Accel: -0.06, 0.11, -0.99
Gyro: 11.02, -11.09, -110.07
Accel: -0.07, 0.10, -0.97
Gyro: 10.92, -8.61, -107.76
Accel: -0.08, 0.09, -0.97
Gyro: 10.67, -7.71, -105.05
Accel: -0.07, 0.13, -0.97
Gyro: 10.30, -7.25, -99.03
Accel: -0.07, 0.12, -0.99
Gyro: 9.01, -6.17, -90.34
Accel: -0.09, 0.08, -0.99
Gyro: 6.81, -4.36, -84.00
Accel: -0.08, 0.10, -0.98
Gyro: 4.61, -2.33, -76.87
Accel: -0.07, 0.09, -0.97
Gyro: 3.61, -1.73, -68.92
Accel: -0.07, 0.08, -0.97
Gyro: 2.19, -1.59, -61.34
Accel: -0.06, 0.08, -0.96
Gyro: 0.32, -0.32, -55.34
Accel: -0.06, 0.08, -0.97
Gyro: -0.14, 0.01, -46.71
Accel: -0.06, 0.06, -0.97
Gyro: -1.51, 1.74, -41.32
Accel: -0.06, 0.09, -0.96
Gyro: -2.30, 1.70, -34.34
Accel: -0.05, 0.07, -0.99
Gyro: -2.96, 2.00, -27.57
Accel: -0.05, 0.05, -0.97
Gyro: -3.98, 3.04, -23.60
Accel: -0.04, 0.07, -0.95
Gyro: -4.88, 2.43, -19.45
Accel: -0.04, 0.05, -0.97
Gyro: -4.86, 1.47, -14.11
Accel: -0.04, 0.04, -0.97
Gyro: -4.97, 2.34, -13.88
Accel: -0.03, 0.06, -0.97
Gyro: -3.54, 1.85, -11.56
Accel: -0.02, 0.07, -0.96
Gyro: -3.27, 1.28, -6.74
Accel: -0.04, 0.06, -0.98
Gyro: -3.57, 1.31, -2.78
Accel: -0.02, 0.04, -0.97
Gyro: -4.07, 1.43, 0.02
Accel: -0.03, 0.02, -0.97
Gyro: -3.84, 1.19, 0.08
Accel: -0.03, 0.02, -0.98
Gyro: -2.81, 1.27, -2.33
Accel: -0.02, 0.03, -0.97
Gyro: -1.75, 1.59, -3.61
Accel: -0.02, 0.04, -0.96
Gyro: -2.23, 1.18, -2.47
Accel: -0.03, 0.03, -0.96
Gyro: -1.80, 0.53, -1.69
Accel: -0.02, 0.03, -0.96
Gyro: -1.76, 0.38, -1.45
Accel: -0.02, 0.03, -0.97
Gyro: -2.69, -0.10, -0.89
Accel: -0.02, 0.02, -0.96
Gyro: -2.94, -0.40, -1.14
Accel: -0.02, 0.03, -0.96
Gyro: -2.66, -1.14, -1.52
Accel: -0.03, 0.03, -0.96
Gyro: -2.51, -1.59, -0.64
Accel: -0.03, 0.03, -0.98
Gyro: -2.75, -1.11, -0.42
Accel: -0.03, 0.03, -0.97
Gyro: -2.89, -1.05, 0.24
Accel: -0.03, 0.03, -0.96
Gyro: -3.53, -1.27, 1.21
Accel: -0.03, 0.03, -0.98
Gyro: -3.29, -0.98, 2.08
Accel: -0.03, 0.02, -0.98
Gyro: -3.51, -0.22, 1.50
Accel: -0.04, 0.03, -0.96
Gyro: -3.49, -0.23, 0.92
Accel: -0.03, 0.03, -0.97
Gyro: -3.11, -0.36, 0.85
Accel: -0.03, 0.02, -0.97
Gyro: -3.01, 0.07, 0.82
Accel: -0.03, 0.03, -0.98
Gyro: -3.01, 0.96, 0.41
Accel: -0.02, 0.03, -0.97
Gyro: -3.35, 1.61, 0.72
Accel: -0.02, 0.04, -0.96
Gyro: -4.02, 1.30, 0.58
Accel: -0.03, 0.03, -0.96
Gyro: -4.10, 0.77, 0.40
Accel: -0.02, 0.04, -0.96
Gyro: -4.68, 0.31, 0.27
Accel: -0.02, 0.04, -0.96
Gyro: -4.08, 0.43, 0.76
Accel: -0.02, 0.04, -0.96
Gyro: -4.13, 0.63, 0.39
Accel: -0.02, 0.04, -0.96
Gyro: -4.01, 0.36, 0.03
Accel: -0.01, 0.04, -0.96
Gyro: -3.61, -0.05, -0.76
Accel: -0.02, 0.04, -0.97
Gyro: -3.31, -0.50, -1.11
