Accel: 0.08, 0.05, -0.97
Gyro: -3.27, -1.23, 0.82
Accel: 0.08, 0.05, -0.97
Gyro: -3.26, -0.78, 0.96
Accel: 0.08, 0.04, -0.97
Gyro: -3.04, -0.28, 1.08
Accel: 0.08, 0.04, -0.96
Gyro: -2.93, -0.23, 0.47
Accel: 0.08, 0.06, -0.95
Gyro: -2.88, -1.25, 0.70
Accel: 0.08, 0.06, -0.97
Gyro: -2.78, -1.08, 1.95
Accel: 0.08, 0.05, -0.96
Gyro: -3.07, -0.43, 3.62
Accel: 0.08, 0.06, -0.95
Gyro: -3.27, -0.80, 3.80
Accel: 0.08, 0.08, -0.95
Gyro: -3.65, -0.72, 5.87
Accel: 0.08, 0.11, -0.96
Gyro: -3.92, -0.67, 11.28
Accel: 0.08, 0.20, -0.96
Gyro: -6.50, -0.91, 24.98
Accel: 0.07, 0.22, -0.95
Gyro: -9.16, -1.22, 47.32
Accel: 0.07, 0.25, -0.96
Gyro: -14.42, -2.37, 69.36
Accel: 0.04, 0.24, -0.97
Gyro: -17.65, -1.65, 94.60
Accel: 0.04, 0.14, -0.97
Gyro: -22.09, 0.08, 108.45
Accel: 0.04, 0.13, -0.97
Gyro: -23.54, 0.89, 114.78
Accel: 0.04, 0.15, -0.96
Gyro: -21.95, 0.98, 120.64
Accel: 0.04, 0.09, -0.97
Gyro: -17.77, 0.57, 124.11
Accel: 0.06, 0.09, -0.96
Gyro: -16.78, 1.34, 118.66
Accel: 0.06, 0.16, -0.95
Gyro: -7.53, 1.05, 122.32
Accel: 0.06, 0.02, -0.96
Gyro: -4.44, 0.16, 113.53
Accel: 0.07, 0.03, -0.91
Gyro: 4.76, -0.98, 106.70
Accel: 0.09, -0.09, -0.89
Gyro: 5.08, -6.86, 93.42
Accel: 0.09, -0.12, -0.93
Gyro: 2.94, -13.43, 75.68
Accel: 0.07, -0.09, -1.01
Gyro: -0.02, -12.05, 56.21
Accel: 0.07, -0.11, -0.99
Gyro: -0.50, -8.29, 38.55
Accel: 0.07, -0.09, -0.98
Gyro: 0.85, -5.76, 25.24
Accel: 0.06, -0.04, -1.01
Gyro: 0.38, -2.97, 15.59
Accel: 0.08, -0.08, -0.97
Gyro: -2.78, 0.45, 8.64
Accel: 0.08, -0.01, -0.96
Gyro: -4.95, 0.32, 3.16
Accel: 0.08, -0.04, -0.96
Gyro: -6.16, 0.41, -1.37
Accel: 0.10, -0.01, -0.95
Gyro: -5.11, 0.11, -7.39
Accel: 0.09, -0.00, -0.97
Gyro: -3.30, -0.86, -9.70
Accel: 0.10, -0.04, -0.96
Gyro: -4.09, -0.97, -16.04
Accel: 0.08, -0.01, -0.98
Gyro: -3.97, -0.41, -23.96
Accel: 0.09, -0.02, -0.98
Gyro: -1.50, -0.47, -28.43
Accel: 0.09, -0.09, -0.95
Gyro: -3.00, -1.39, -37.22
Accel: 0.08, -0.05, -0.96
Gyro: -1.13, -3.61, -51.82
Accel: 0.08, -0.06, -0.95
Gyro: 4.68, -5.58, -65.31
Accel: 0.07, -0.09, -0.94
Gyro: 8.86, -8.73, -80.46
Accel: 0.03, -0.05, -0.98
Gyro: 9.01, -10.71, -95.79
Accel: 0.02, 0.08, -1.02
Gyro: 15.14, -7.05, -96.80
Accel: 0.03, 0.02, -1.01
Gyro: 20.26, -3.25, -97.43
Accel: 0.02, 0.00, -0.96
Gyro: 17.54, -1.77, -100.22
Accel: 0.03, 0.01, -0.95
Gyro: 14.32, -2.97, -100.07
Accel: 0.03, 0.01, -0.96
Gyro: 9.37, -4.02, -99.95
Accel: 0.03, 0.01, -0.96
Gyro: 6.73, -4.14, -99.38
Accel: 0.03, 0.05, -0.97
Gyro: 5.21, -4.01, -97.04
Accel: 0.04, 0.07, -0.96
Gyro: 4.65, -3.68, -89.36
Accel: 0.03, 0.11, -0.97
Gyro: 4.58, -3.65, -80.31
Accel: 0.04, 0.10, -0.97
Gyro: 3.23, -3.05, -69.83
Accel: 0.04, 0.08, -0.97
Gyro: 2.15, -2.10, -60.76
Accel: 0.04, 0.08, -0.97
Gyro: -0.14, -1.15, -52.16
Accel: 0.04, 0.09, -0.97
Gyro: -1.14, -0.91, -42.39
Accel: 0.04, 0.08, -0.97
Gyro: -3.00, -0.28, -32.99
Accel: 0.05, 0.10, -0.96
Gyro: -5.34, 0.69, -23.56
Accel: 0.05, 0.09, -0.96
Gyro: -6.58, 1.08, -13.88
Accel: 0.06, 0.06, -0.97
Gyro: -7.63, 1.78, -7.06
Accel: 0.06, 0.05, -0.96
Gyro: -8.28, 1.37, -2.85
Accel: 0.06, 0.04, -0.96
Gyro: -8.41, 0.25, -0.89
Accel: 0.06, 0.04, -0.96
Gyro: -7.58, 0.77, -0.34
Accel: 0.06, 0.02, -0.97
Gyro: -6.93, 1.43, -1.66
Accel: 0.07, 0.04, -0.95
Gyro: -6.00, 0.11, -2.82
Accel: 0.07, 0.04, -0.96
Gyro: -4.44, -1.43, -3.26
Accel: 0.07, 0.04, -0.97
Gyro: -3.39, -1.11, -3.56
Accel: 0.07, 0.05, -0.97
Gyro: -2.69, -0.68, -3.36
Accel: 0.07, 0.05, -0.96
Gyro: -2.68, -1.31, -2.42
Accel: 0.06, 0.05, -0.97
Gyro: -2.52, -1.69, -0.92
Accel: 0.06, 0.04, -0.97
Gyro: -3.02, -1.21, -0.65
Accel: 0.06, 0.05, -0.97
Gyro: -3.04, -0.53, -0.08
Accel: 0.06, 0.04, -0.97
Gyro: -2.36, -0.30, 0.28
Accel: 0.06, 0.04, -0.96
Gyro: -2.34, -0.34, 0.55
Accel: 0.07, 0.03, -0.96
Gyro: -2.99, -0.72, -0.31
Accel: 0.06, 0.05, -0.96
Gyro: -2.70, -1.46, -0.11
Accel: 0.06, 0.04, -0.97
Gyro: -2.56, -1.13, -0.23
Accel: 0.06, 0.04, -0.97
Gyro: -2.78, -0.66, -0.53
Accel: 0.06, 0.04, -0.96
Gyro: -2.20, -0.97, -0.76
Accel: 0.06, 0.04, -0.97
Gyro: -2.04, -0.82, -0.89
Accel: 0.06, 0.04, -0.96
Gyro: -2.17, -0.51, -0.88
Accel: 0.06, 0.03, -0.96
Gyro: -2.81, -0.54, -0.95
Accel: 0.05, 0.04, -0.97
Gyro: -2.27, -0.31, -0.89
Accel: 0.06, 0.04, -0.98
Gyro: -2.50, -0.08, -0.82
Accel: 0.06, 0.05, -0.96
Gyro: -2.63, -0.43, -1.02
Accel: 0.06, 0.04, -0.95
Gyro: -2.60, -0.43, -0.72
Accel: 0.06, 0.04, -0.97
Gyro: -2.76, -0.38, -0.43
Accel: 0.07, 0.04, -0.96
Gyro: -2.62, -0.72, -0.59
Accel: 0.07, 0.04, -0.96
Gyro: -2.80, -1.01, -1.22
Accel: 0.07, 0.04, -0.96
Gyro: -2.90, -0.86, -1.51
Accel: 0.06, 0.04, -0.96
Gyro: -2.90, -1.02, -1.42
Accel: 0.06, 0.04, -0.96
Gyro: -3.21, -0.89, -1.36
Accel: 0.06, 0.04, -0.96
Gyro: -3.19, -1.20, -1.75
Accel: 0.06, 0.04, -0.96
Gyro: -3.03, -1.80, -1.75
Accel: 0.06, 0.05, -0.96
Gyro: -2.94, -1.57, -1.63
Accel: 0.05, 0.06, -0.96
Gyro: -2.80, -1.32, -1.27
Accel: 0.05, 0.05, -0.96
Gyro: -2.75, -1.24, -0.79
Accel: 0.06, 0.05, -0.95
Gyro: -2.56, -1.40, -0.24
Accel: 0.06, 0.06, -0.96
Gyro: -2.55, -0.99, -0.18
Accel: 0.06, 0.04, -0.96
Gyro: -2.60, -1.45, -0.16
Accel: 0.05, 0.04, -0.96
Gyro: -2.78, -1.17, -0.30
Accel: 0.05, 0.05, -0.97
Gyro: -3.01, -0.79, -0.82
Accel: 0.05, 0.04, -0.98
Gyro: -3.22, -0.60, -0.95
