Accel: 0.05, 0.03, -0.96
Gyro: -2.96, -0.85, -1.30
Accel: 0.05, 0.03, -0.96
Gyro: -2.92, -1.29, -1.00
Accel: 0.05, 0.03, -0.97
Gyro: -2.89, -1.23, -0.55
Accel: 0.05, 0.03, -0.97
Gyro: -2.72, -0.96, -0.83
Accel: 0.05, 0.03, -0.96
Gyro: -2.53, -1.17, -1.08
Accel: 0.05, 0.03, -0.97
Gyro: -2.61, -1.17, -0.99
Accel: 0.05, 0.02, -0.97
Gyro: -2.67, -0.51, -0.76
Accel: 0.05, 0.03, -0.97
Gyro: -3.07, -0.86, -0.69
Accel: 0.05, 0.04, -0.95
Gyro: -2.91, -0.44, -0.82
Accel: 0.05, 0.03, -0.96
Gyro: -2.19, -0.36, -0.87
Accel: 0.05, 0.02, -0.96
Gyro: -2.26, -0.85, -1.56
Accel: 0.05, 0.04, -0.97
Gyro: -2.33, -1.24, -1.19
Accel: 0.05, 0.04, -0.96
Gyro: -2.13, -0.79, -0.61
Accel: 0.05, 0.04, -0.96
Gyro: -2.69, -0.34, 0.61
Accel: 0.05, 0.07, -0.96
Gyro: -2.95, -0.41, 3.63
Accel: 0.05, 0.09, -0.97
Gyro: -3.56, -0.33, 9.66
Accel: 0.05, 0.09, -0.96
Gyro: -5.48, -0.38, 17.43
Accel: 0.05, 0.10, -0.96
Gyro: -7.64, -0.95, 25.27
Accel: 0.05, 0.11, -0.96
Gyro: -8.67, -1.89, 34.22
Accel: 0.05, 0.10, -0.97
Gyro: -10.22, -1.29, 42.66
Accel: 0.04, 0.09, -0.96
Gyro: -11.70, -0.98, 48.52
Accel: 0.04, 0.11, -0.97
Gyro: -12.09, -1.05, 54.92
Accel: 0.04, 0.08, -0.97
Gyro: -11.99, -0.77, 59.33
Accel: 0.04, 0.08, -0.96
Gyro: -13.34, -0.24, 61.77
Accel: 0.04, 0.11, -0.98
Gyro: -13.73, -0.13, 65.86
Accel: 0.03, 0.13, -0.98
Gyro: -12.60, 0.81, 73.22
Accel: 0.04, 0.12, -0.98
Gyro: -13.93, 2.30, 80.02
Accel: 0.03, 0.11, -0.96
Gyro: -14.79, 2.66, 85.88
Accel: 0.03, 0.10, -0.97
Gyro: -15.17, 3.07, 89.31
Accel: 0.05, 0.03, -0.97
Gyro: -14.77, 4.02, 86.00
Accel: 0.06, 0.08, -0.96
Gyro: -13.06, 3.69, 81.51
Accel: 0.07, -0.00, -0.96
Gyro: -9.60, 3.07, 76.03
Accel: 0.08, 0.03, -0.95
Gyro: -10.10, 1.39, 62.20
Accel: 0.08, 0.10, -0.97
Gyro: -2.14, 2.13, 61.00
Accel: 0.09, 0.02, -0.94
Gyro: -1.72, 1.92, 55.44
Accel: 0.10, 0.07, -0.93
Gyro: -1.41, -1.24, 50.29
Accel: 0.08, 0.11, -0.99
Gyro: 1.23, -2.33, 51.09
Accel: 0.09, 0.01, -0.98
Gyro: 0.47, 1.13, 49.29
Accel: 0.09, -0.01, -0.94
Gyro: -0.92, 0.00, 43.07
Accel: 0.09, 0.01, -0.97
Gyro: 1.91, 0.10, 38.38
Accel: 0.10, -0.05, -0.96
Gyro: 1.30, 0.79, 27.16
Accel: 0.10, -0.01, -0.95
Gyro: 1.31, -0.40, 18.94
Accel: 0.12, -0.06, -0.93
Gyro: 2.08, -2.94, 8.60
Accel: 0.11, -0.03, -0.96
Gyro: 4.88, -5.18, -2.38
Accel: 0.10, -0.03, -0.97
Gyro: 4.06, -4.09, -7.71
Accel: 0.10, -0.01, -0.96
Gyro: 0.08, -4.26, -11.82
Accel: 0.09, 0.03, -0.99
Gyro: -2.72, -2.25, -10.62
Accel: 0.09, 0.03, -0.97
Gyro: -3.90, -0.11, -10.31
Accel: 0.10, 0.05, -0.96
Gyro: -3.22, -1.16, -10.18
Accel: 0.10, 0.04, -0.98
Gyro: -3.19, 0.18, -8.44
Accel: 0.10, 0.02, -0.94
Gyro: -2.87, -0.84, -9.77
Accel: 0.10, -0.01, -0.96
Gyro: -1.60, -1.56, -14.38
Accel: 0.09, -0.03, -0.97
Gyro: 0.62, -1.67, -22.46
Accel: 0.10, -0.10, -0.95
Gyro: 3.33, -2.07, -36.25
Accel: 0.09, -0.17, -0.93
Gyro: 5.73, -5.87, -59.27
Accel: 0.06, -0.07, -0.97
Gyro: 9.19, -9.65, -82.39
Accel: 0.05, -0.08, -0.98
Gyro: 14.34, -8.89, -95.90
Accel: 0.02, -0.10, -0.99
Gyro: 15.68, -8.45, -112.37
Accel: 0.01, -0.01, -0.94
Gyro: 17.08, -9.73, -122.02
Accel: 0.02, 0.01, -0.96
Gyro: 16.29, -9.87, -124.58
Accel: 0.00, 0.02, -0.96
Gyro: 16.46, -9.46, -125.15
Accel: 0.01, 0.05, -0.98
Gyro: 15.24, -8.67, -122.94
Accel: 0.01, 0.10, -0.96
Gyro: 14.54, -8.48, -115.33
Accel: 0.02, 0.14, -0.95
Gyro: 15.03, -10.61, -100.02
Accel: 0.01, 0.10, -0.99
Gyro: 12.53, -9.30, -85.21
Accel: 0.02, 0.09, -0.99
Gyro: 9.16, -5.62, -72.88
Accel: 0.02, 0.13, -0.98
Gyro: 7.02, -3.89, -56.41
Accel: 0.03, 0.09, -0.99
Gyro: 3.94, -2.08, -40.44
Accel: 0.04, 0.06, -0.98
Gyro: -0.14, 0.04, -28.89
Accel: 0.04, 0.04, -0.98
Gyro: -4.04, 1.17, -19.72
Accel: 0.04, 0.01, -0.96
Gyro: -6.70, 1.33, -12.63
Accel: 0.04, 0.00, -0.96
Gyro: -8.32, 1.50, -8.77
Accel: 0.05, 0.01, -0.96
Gyro: -9.70, -0.28, -6.90
Accel: 0.05, 0.01, -0.95
Gyro: -9.17, -1.34, -5.55
Accel: 0.05, -0.00, -0.96
Gyro: -8.64, -1.08, -6.56
Accel: 0.04, 0.01, -0.96
Gyro: -7.27, -0.93, -7.28
Accel: 0.04, 0.01, -0.98
Gyro: -6.26, -0.89, -7.55
Accel: 0.04, 0.01, -0.96
Gyro: -5.62, -0.39, -7.42
Accel: 0.05, 0.02, -0.96
Gyro: -5.49, -0.57, -7.52
Accel: 0.04, 0.02, -0.97
Gyro: -5.27, -0.70, -6.71
Accel: 0.04, 0.04, -0.97
Gyro: -4.56, -0.76, -4.78
Accel: 0.04, 0.03, -0.97
Gyro: -3.88, -0.14, -2.78
Accel: 0.04, 0.03, -0.97
Gyro: -3.11, 0.71, -1.65
Accel: 0.05, 0.03, -0.97
Gyro: -2.29, 0.77, -0.41
Accel: 0.05, 0.02, -0.97
Gyro: -2.26, 0.68, 0.31
Accel: 0.05, 0.01, -0.97
Gyro: -2.17, 0.76, 0.37
Accel: 0.06, 0.01, -0.96
Gyro: -2.53, 0.50, 0.08
Accel: 0.06, 0.01, -0.96
Gyro: -2.69, -0.08, -0.36
Accel: 0.06, 0.01, -0.96
Gyro: -2.88, -0.21, -0.80
Accel: 0.05, 0.01, -0.96
Gyro: -2.95, -0.91, -1.12
Accel: 0.05, 0.02, -0.96
Gyro: -3.05, -1.34, -0.98
Accel: 0.05, 0.01, -0.96
Gyro: -3.31, -1.66, -0.69
Accel: 0.05, 0.02, -0.97
Gyro: -3.33, -1.74, -0.26
Accel: 0.05, 0.02, -0.97
Gyro: -3.23, -1.14, -0.32
Accel: 0.04, 0.03, -0.97
Gyro: -2.98, -1.18, -0.33
Accel: 0.05, 0.03, -0.96
Gyro: -2.55, -1.57, -0.05
Accel: 0.05, 0.02, -0.95
Gyro: -1.85, -1.38, 0.32
Accel: 0.04, 0.02, -0.97
Gyro: -1.39, -1.18, 0.26
Accel: 0.05, 0.01, -0.96
Gyro: -1.62, -1.26, -0.06
Accel: 0.04, 0.02, -0.97
Gyro: -2.12, -1.59, -0.50
Accel: 0.04, 0.01, -0.97
Gyro: -2.84, -1.02, -0.53
