Accel: -0.01, 0.03, -0.97
Gyro: -3.02, -0.80, -0.90
Accel: -0.01, 0.04, -0.97
Gyro: -3.13, -0.27, -0.95
Accel: -0.01, 0.03, -0.98
Gyro: -3.33, -0.33, -0.73
Accel: -0.01, 0.04, -0.97
Gyro: -3.12, -0.18, -0.80
Accel: -0.01, 0.04, -0.96
Gyro: -2.88, -0.24, -0.37
Accel: -0.01, 0.03, -0.96
Gyro: -3.04, -0.54, -0.76
Accel: -0.01, 0.04, -0.98
Gyro: -2.92, -0.90, -0.76
Accel: -0.02, 0.03, -0.96
Gyro: -2.72, -0.62, -0.49
Accel: -0.01, 0.04, -0.97
Gyro: -2.78, -0.19, 0.01
Accel: -0.00, 0.05, -0.97
Gyro: -2.61, 0.44, 0.78
Accel: -0.01, 0.06, -0.97
Gyro: -2.64, 0.40, 3.13
Accel: 0.00, 0.07, -0.96
Gyro: -2.99, -0.05, 6.74
Accel: -0.01, 0.11, -0.96
Gyro: -3.40, -0.81, 13.68
Accel: -0.00, 0.12, -0.96
Gyro: -4.59, -1.11, 24.19
Accel: -0.00, 0.11, -0.96
Gyro: -7.87, -1.24, 34.47
Accel: -0.01, 0.11, -0.98
Gyro: -10.66, -1.73, 42.38
Accel: -0.01, 0.11, -0.97
Gyro: -11.96, -1.79, 50.80
Accel: -0.01, 0.10, -0.96
Gyro: -14.16, -1.48, 57.14
Accel: -0.02, 0.12, -0.96
Gyro: -15.75, -2.05, 64.03
Accel: -0.02, 0.11, -0.96
Gyro: -16.68, -2.41, 70.93
Accel: -0.02, 0.13, -0.98
Gyro: -17.15, -2.23, 76.16
Accel: -0.03, 0.13, -0.97
Gyro: -16.97, -1.25, 80.73
Accel: -0.03, 0.13, -0.96
Gyro: -17.14, -0.69, 84.08
Accel: -0.03, 0.12, -0.97
Gyro: -16.85, -0.36, 87.35
Accel: -0.02, 0.14, -0.97
Gyro: -17.07, 0.62, 88.46
Accel: -0.02, 0.14, -0.97
Gyro: -15.06, 1.42, 89.94
Accel: -0.02, 0.14, -0.97
Gyro: -15.32, 2.82, 90.35
Accel: -0.01, 0.15, -0.95
Gyro: -14.50, 4.15, 92.25
Accel: -0.00, 0.16, -0.95
Gyro: -11.73, 0.31, 93.28
Accel: -0.00, 0.17, -0.99
Gyro: -5.62, 1.61, 92.98
Accel: 0.03, 0.05, -0.96
Gyro: -2.20, 4.31, 84.37
Accel: 0.04, 0.11, -0.94
Gyro: 0.89, 4.15, 76.67
Accel: 0.05, 0.08, -0.94
Gyro: 2.85, 1.50, 72.36
Accel: 0.05, -0.01, -0.94
Gyro: 0.60, 1.26, 62.50
Accel: 0.04, -0.00, -0.98
Gyro: 1.53, 0.40, 48.59
Accel: 0.06, 0.00, -0.94
Gyro: 4.38, -0.05, 37.61
Accel: 0.07, -0.00, -0.97
Gyro: 4.10, -1.83, 24.22
Accel: 0.07, 0.02, -0.95
Gyro: 1.85, -0.16, 15.50
Accel: 0.07, 0.04, -0.98
Gyro: 0.66, -0.85, 9.38
Accel: 0.07, 0.05, -0.96
Gyro: 0.63, -0.56, 5.13
Accel: 0.07, 0.02, -0.97
Gyro: 0.57, -0.14, -0.06
Accel: 0.08, 0.05, -0.97
Gyro: -0.15, -1.17, -5.63
Accel: 0.08, 0.01, -0.95
Gyro: -2.13, -0.86, -9.14
Accel: 0.07, 0.06, -0.96
Gyro: -0.53, -1.89, -13.75
Accel: 0.07, 0.05, -0.98
Gyro: -0.03, 0.33, -16.05
Accel: 0.07, 0.03, -0.95
Gyro: -0.18, 0.56, -19.65
Accel: 0.08, 0.03, -0.95
Gyro: 0.17, -0.36, -25.48
Accel: 0.07, -0.01, -0.96
Gyro: 0.30, -0.60, -35.03
Accel: 0.06, -0.06, -0.95
Gyro: 0.99, -2.30, -49.07
Accel: 0.05, -0.07, -0.94
Gyro: 3.00, -6.25, -68.86
Accel: 0.03, -0.02, -0.95
Gyro: 6.95, -8.34, -86.85
Accel: 0.02, -0.03, -0.95
Gyro: 10.18, -10.17, -100.25
Accel: 0.00, 0.04, -0.97
Gyro: 10.09, -10.91, -112.67
Accel: -0.01, 0.10, -0.96
Gyro: 15.80, -12.41, -112.63
Accel: -0.02, 0.08, -0.97
Gyro: 16.28, -12.30, -110.87
Accel: -0.03, 0.07, -0.98
Gyro: 13.98, -11.86, -110.81
Accel: -0.05, 0.06, -0.98
Gyro: 11.98, -9.96, -110.88
Accel: -0.05, 0.11, -0.96
Gyro: 12.36, -8.86, -104.61
Accel: -0.04, 0.06, -0.98
Gyro: 11.52, -7.49, -99.78
Accel: -0.06, 0.08, -0.98
Gyro: 9.48, -5.28, -97.27
Accel: -0.05, 0.10, -0.98
Gyro: 11.02, -3.98, -89.00
Accel: -0.04, 0.08, -1.00
Gyro: 9.12, -2.24, -80.92
Accel: -0.05, 0.10, -0.99
Gyro: 6.88, 0.52, -71.39
Accel: -0.02, 0.11, -0.96
Gyro: 5.21, 1.35, -60.11
Accel: -0.02, 0.10, -0.94
Gyro: 2.98, -1.27, -46.92
Accel: -0.02, 0.05, -0.95
Gyro: 0.26, -2.96, -38.80
Accel: -0.02, 0.05, -0.97
Gyro: -1.15, -3.97, -32.32
Accel: -0.02, 0.03, -0.97
Gyro: -3.91, -3.24, -27.40
Accel: -0.02, 0.05, -0.97
Gyro: -5.76, -2.11, -22.21
Accel: -0.03, 0.01, -0.98
Gyro: -6.97, -0.04, -18.58
Accel: -0.02, 0.05, -0.95
Gyro: -6.27, 0.49, -16.23
Accel: -0.01, 0.05, -0.96
Gyro: -5.62, -0.79, -12.00
Accel: -0.02, 0.05, -0.98
Gyro: -5.35, -0.39, -8.03
Accel: -0.02, 0.04, -0.97
Gyro: -6.06, 0.71, -4.39
Accel: -0.01, 0.05, -0.97
Gyro: -6.58, 0.27, -1.50
Accel: -0.02, 0.03, -0.98
Gyro: -6.58, 0.63, 0.61
Accel: -0.01, 0.03, -0.96
Gyro: -6.18, 1.46, 1.21
Accel: -0.01, 0.02, -0.97
Gyro: -4.93, 1.72, 0.75
Accel: -0.01, 0.03, -0.97
Gyro: -3.94, 1.71, 0.46
Accel: -0.00, 0.03, -0.96
Gyro: -3.33, 1.09, 0.82
Accel: -0.00, 0.02, -0.97
Gyro: -3.20, 0.70, 0.85
Accel: -0.01, 0.02, -0.97
Gyro: -3.24, 0.89, -0.60
Accel: -0.01, 0.03, -0.96
Gyro: -3.44, 0.45, -1.24
Accel: 0.00, 0.03, -0.97
Gyro: -3.73, 0.40, -1.11
Accel: -0.01, 0.03, -0.96
Gyro: -3.72, 0.44, -1.19
Accel: -0.00, 0.04, -0.96
Gyro: -2.91, 0.47, -1.76
Accel: -0.01, 0.04, -0.96
Gyro: -2.35, 0.13, -1.58
Accel: -0.01, 0.03, -0.96
Gyro: -2.81, -0.25, -0.69
Accel: -0.00, 0.04, -0.96
Gyro: -3.07, -0.38, 0.20
Accel: -0.01, 0.03, -0.96
Gyro: -3.93, -0.82, 0.86
Accel: -0.01, 0.03, -0.97
Gyro: -4.59, -0.50, 1.39
Accel: -0.00, 0.03, -0.97
Gyro: -4.55, -0.69, 1.29
Accel: -0.00, 0.03, -0.98
Gyro: -3.76, 0.30, 0.50
Accel: -0.01, 0.02, -0.98
Gyro: -2.36, 0.37, 0.04
Accel: -0.01, 0.03, -0.96
Gyro: -2.43, -0.56, -0.29
Accel: -0.01, 0.03, -0.97
Gyro: -2.91, -0.89, -0.50
Accel: -0.01, 0.03, -0.97
Gyro: -2.63, -0.66, -1.27
Accel: -0.01, 0.03, -0.97
Gyro: -2.98, 0.18, -1.51
Accel: 0.00, 0.04, -0.97
Gyro: -3.13, 0.35, -0.89
Accel: -0.01, 0.04, -0.97
Gyro: -2.87, 0.50, -0.20
Accel: 0.00, 0.04, -0.96
Gyro: -2.86, 0.34, -0.19
