Accel: -0.00, 0.04, -0.98
Gyro: -2.86, -1.29, -0.35
Accel: -0.00, 0.04, -0.97
Gyro: -2.56, -0.66, -0.40
Accel: 0.01, 0.04, -0.97
Gyro: -2.49, -0.49, -0.37
Accel: 0.00, 0.04, -0.98
Gyro: -2.69, -0.50, -0.79
Accel: 0.00, 0.03, -0.96
Gyro: -2.56, -0.07, -1.06
Accel: -0.00, 0.03, -0.97
Gyro: -2.54, -0.08, -1.05
Accel: 0.00, 0.04, -0.96
Gyro: -2.54, -0.25, -0.84
Accel: 0.01, 0.04, -0.96
Gyro: -2.62, -0.25, -0.66
Accel: 0.00, 0.03, -0.96
Gyro: -2.62, -0.29, -0.39
Accel: 0.00, 0.05, -0.96
Gyro: -3.00, -0.20, 0.19
Accel: 0.00, 0.07, -0.98
Gyro: -3.24, -0.31, 2.24
Accel: 0.01, 0.08, -0.96
Gyro: -3.18, -0.43, 6.77
Accel: 0.01, 0.11, -0.96
Gyro: -4.03, -1.34, 14.85
Accel: -0.00, 0.14, -0.95
Gyro: -6.33, -2.63, 25.49
Accel: -0.00, 0.15, -0.97
Gyro: -7.25, -3.30, 39.37
Accel: -0.00, 0.16, -0.97
Gyro: -10.84, -3.46, 52.90
Accel: -0.01, 0.14, -0.97
Gyro: -14.45, -2.94, 64.17
Accel: -0.01, 0.13, -0.97
Gyro: -16.05, -2.45, 74.24
Accel: -0.02, 0.12, -0.97
Gyro: -17.02, -2.20, 81.45
Accel: -0.02, 0.12, -0.96
Gyro: -17.81, -2.31, 85.69
Accel: -0.02, 0.10, -0.95
Gyro: -18.08, -3.10, 88.29
Accel: -0.03, 0.12, -0.96
Gyro: -15.84, -4.02, 90.39
Accel: -0.03, 0.11, -0.97
Gyro: -15.40, -3.94, 90.55
Accel: -0.02, 0.13, -0.98
Gyro: -14.82, -2.72, 92.72
Accel: -0.02, 0.12, -0.96
Gyro: -15.50, -1.75, 94.04
Accel: -0.01, 0.15, -0.96
Gyro: -14.02, -2.04, 95.79
Accel: -0.02, 0.18, -0.96
Gyro: -11.91, -1.82, 98.15
Accel: 0.00, 0.11, -0.95
Gyro: -8.91, -4.68, 97.01
Accel: -0.02, 0.28, -1.01
Gyro: 0.05, -4.82, 99.95
Accel: -0.01, 0.03, -1.00
Gyro: 5.51, 4.11, 96.21
Accel: 0.00, -0.02, -0.92
Gyro: 9.32, 2.36, 79.91
Accel: 0.03, -0.01, -0.95
Gyro: 8.27, -0.53, 64.01
Accel: 0.04, -0.05, -0.96
Gyro: 4.60, -0.72, 50.71
Accel: 0.05, 0.01, -0.96
Gyro: 2.34, -0.75, 38.27
Accel: 0.05, 0.03, -0.95
Gyro: 5.97, -1.14, 32.94
Accel: 0.05, -0.03, -0.96
Gyro: 5.06, -1.14, 21.75
Accel: 0.05, -0.01, -0.95
Gyro: 6.23, -1.54, 12.15
Accel: 0.04, -0.04, -0.95
Gyro: 4.51, -2.56, 2.30
Accel: 0.04, -0.03, -0.98
Gyro: 1.42, -3.62, -7.74
Accel: 0.04, 0.03, -0.98
Gyro: 0.11, -2.30, -11.77
Accel: 0.04, 0.03, -0.98
Gyro: -0.40, -0.88, -13.40
Accel: 0.05, 0.00, -0.96
Gyro: 0.43, -1.34, -17.82
Accel: 0.04, -0.04, -0.97
Gyro: -0.47, -1.26, -26.09
Accel: 0.04, -0.05, -0.96
Gyro: 0.16, -1.50, -37.82
Accel: 0.04, -0.09, -0.95
Gyro: 0.88, -3.37, -52.48
Accel: 0.03, -0.09, -0.96
Gyro: -0.25, -5.65, -69.23
Accel: 0.00, -0.06, -0.96
Gyro: -0.37, -7.85, -85.27
Accel: 0.00, -0.04, -0.97
Gyro: 2.14, -8.64, -98.43
Accel: -0.02, 0.04, -0.99
Gyro: 9.03, -9.90, -104.77
Accel: -0.02, 0.08, -0.98
Gyro: 12.41, -9.64, -105.67
Accel: -0.02, 0.09, -0.98
Gyro: 13.05, -9.36, -102.00
Accel: -0.03, 0.05, -0.96
Gyro: 9.89, -9.88, -99.63
Accel: -0.05, 0.05, -0.97
Gyro: 6.52, -9.65, -98.64
Accel: -0.05, 0.06, -0.98
Gyro: 6.20, -8.58, -95.27
Accel: -0.06, 0.04, -0.98
Gyro: 4.98, -6.62, -94.58
Accel: -0.05, 0.05, -0.98
Gyro: 4.56, -4.98, -93.14
Accel: -0.06, 0.05, -0.98
Gyro: 4.12, -2.62, -89.32
Accel: -0.06, 0.06, -0.98
Gyro: 3.72, -0.85, -83.90
Accel: -0.06, 0.06, -0.98
Gyro: 3.01, 0.57, -77.65
Accel: -0.06, 0.03, -0.99
Gyro: 0.79, 3.30, -74.35
Accel: -0.04, 0.09, -0.96
Gyro: 0.12, 3.35, -65.97
Accel: -0.04, 0.05, -0.97
Gyro: -1.10, 3.97, -57.63
Accel: -0.03, 0.07, -0.96
Gyro: -3.43, 5.05, -51.94
Accel: -0.02, 0.09, -0.96
Gyro: -4.48, 4.71, -43.44
Accel: -0.01, 0.07, -0.96
Gyro: -4.24, 4.51, -37.83
Accel: -0.00, 0.08, -0.95
Gyro: -3.97, 3.93, -30.95
Accel: -0.01, 0.04, -0.96
Gyro: -3.87, 3.94, -26.16
Accel: 0.00, 0.07, -0.96
Gyro: -3.54, 2.61, -21.95
Accel: 0.00, 0.04, -0.97
Gyro: -3.00, 1.92, -17.18
Accel: 0.01, 0.02, -0.97
Gyro: -2.17, 2.80, -18.37
Accel: 0.01, 0.04, -0.96
Gyro: -0.74, 1.88, -16.81
Accel: 0.01, 0.05, -0.97
Gyro: -0.22, 1.71, -14.26
Accel: 0.01, 0.04, -0.96
Gyro: -0.49, 1.46, -11.25
Accel: 0.02, 0.06, -0.95
Gyro: -2.02, 0.02, -6.68
Accel: 0.01, 0.03, -0.98
Gyro: -3.53, -0.68, -2.40
Accel: 0.01, 0.02, -0.96
Gyro: -3.78, 0.14, -2.78
Accel: 0.02, 0.04, -0.97
Gyro: -4.46, 0.01, -0.73
Accel: 0.01, 0.02, -0.98
Gyro: -4.74, 0.02, 0.68
Accel: 0.02, 0.02, -0.97
Gyro: -4.49, 0.71, 0.65
Accel: 0.02, 0.05, -0.95
Gyro: -6.55, -0.80, 5.55
Accel: 0.02, -0.00, -0.96
Gyro: -9.99, -2.05, 8.76
Accel: 0.01, 0.01, -0.96
Gyro: -10.36, -2.05, 6.32
Accel: 0.01, 0.02, -0.96
Gyro: -9.06, -3.43, 4.72
Accel: 0.01, 0.03, -0.96
Gyro: -8.13, -3.20, 4.01
Accel: 0.01, 0.03, -0.97
Gyro: -5.89, -2.28, 1.68
Accel: -0.00, 0.04, -0.97
Gyro: -3.26, -1.75, 0.75
Accel: -0.00, 0.04, -0.97
Gyro: -3.00, -1.71, 1.30
Accel: -0.00, 0.01, -0.97
Gyro: -2.71, -0.18, -0.88
Accel: 0.00, 0.03, -0.96
Gyro: -2.08, 0.42, -2.83
Accel: 0.01, 0.05, -0.97
Gyro: -2.36, -0.38, -2.79
Accel: 0.01, 0.04, -0.97
Gyro: -3.09, -0.33, -2.18
Accel: -0.00, 0.04, -0.97
Gyro: -2.88, 0.85, -2.42
Accel: 0.01, 0.04, -0.96
Gyro: -3.24, 0.09, -1.83
Accel: 0.01, 0.05, -0.96
Gyro: -3.65, -0.49, -0.68
Accel: 0.01, 0.03, -0.98
Gyro: -4.36, -0.23, -0.92
Accel: 0.01, 0.05, -0.96
Gyro: -4.32, -0.23, -1.50
Accel: 0.01, 0.05, -0.97
Gyro: -4.14, -0.60, -0.93
Accel: 0.01, 0.05, -0.97
Gyro: -3.75, -0.46, 0.05
Accel: 0.01, 0.05, -0.97
Gyro: -3.11, -0.08, 0.21
Accel: 0.01, 0.06, -0.96
Gyro: -2.49, -0.34, 1.05
Accel: 0.01, 0.04, -0.96
Gyro: -2.71, -0.63, 1.82
