Accel: 0.05, 0.05, -0.96
Gyro: -2.52, -0.84, -1.29
Accel: 0.05, 0.04, -0.96
Gyro: -2.49, -0.69, -1.72
Accel: 0.05, 0.04, -0.98
Gyro: -2.54, -0.40, -1.76
Accel: 0.05, 0.04, -0.95
Gyro: -2.72, -0.53, -1.52
Accel: 0.05, 0.05, -0.96
Gyro: -2.86, -0.44, -1.04
Accel: 0.05, 0.04, -0.96
Gyro: -2.71, -0.53, -0.90
Accel: 0.06, 0.05, -0.97
Gyro: -2.66, -0.56, -1.00
Accel: 0.06, 0.05, -0.97
Gyro: -2.61, -0.60, -0.94
Accel: 0.06, 0.04, -0.97
Gyro: -2.50, -0.62, -1.14
Accel: 0.06, 0.04, -0.96
Gyro: -1.86, -0.61, -1.24
Accel: 0.05, 0.04, -0.97
Gyro: -2.22, -0.16, -1.65
Accel: 0.05, 0.05, -0.97
Gyro: -2.34, -0.56, -1.79
Accel: 0.05, 0.05, -0.97
Gyro: -2.59, -0.37, -1.61
Accel: 0.05, 0.05, -0.96
Gyro: -2.25, -0.31, -0.83
Accel: 0.05, 0.05, -0.95
Gyro: -2.69, -1.03, -0.32
Accel: 0.05, 0.07, -0.96
Gyro: -2.98, -1.27, 1.93
Accel: 0.05, 0.09, -0.97
Gyro: -3.59, -0.38, 6.87
Accel: 0.05, 0.10, -0.97
Gyro: -5.42, -0.37, 13.52
Accel: 0.05, 0.13, -0.97
Gyro: -6.90, -0.62, 22.19
Accel: 0.06, 0.13, -0.96
Gyro: -7.86, -0.57, 32.14
Accel: 0.05, 0.13, -0.96
Gyro: -9.38, -0.85, 41.71
Accel: 0.05, 0.14, -0.96
Gyro: -9.55, -1.54, 50.99
Accel: 0.04, 0.14, -0.96
Gyro: -9.39, -1.27, 59.33
Accel: 0.04, 0.11, -0.98
Gyro: -9.89, -1.05, 65.97
Accel: 0.04, 0.12, -0.96
Gyro: -11.44, -0.53, 71.91
Accel: 0.03, 0.12, -0.97
Gyro: -12.40, 0.31, 77.48
Accel: 0.03, 0.11, -0.97
Gyro: -13.78, 1.72, 81.72
Accel: 0.04, 0.12, -0.98
Gyro: -13.69, 2.57, 87.43
Accel: 0.05, 0.07, -0.96
Gyro: -14.52, 3.19, 89.08
Accel: 0.05, 0.08, -0.97
Gyro: -13.71, 3.00, 88.28
Accel: 0.05, 0.06, -0.98
Gyro: -14.43, 4.45, 86.76
Accel: 0.06, 0.08, -0.97
Gyro: -13.74, 4.99, 83.68
Accel: 0.08, 0.04, -0.97
Gyro: -10.62, 5.68, 79.72
Accel: 0.09, 0.08, -0.97
Gyro: -6.69, 4.20, 73.10
Accel: 0.09, 0.04, -0.96
Gyro: -1.75, 3.56, 66.99
Accel: 0.06, 0.21, -1.06
Gyro: 0.50, 9.84, 68.76
Accel: 0.08, -0.01, -0.97
Gyro: -3.07, 20.65, 75.95
Accel: 0.14, -0.06, -0.85
Gyro: -7.75, 9.53, 63.03
Accel: 0.15, -0.12, -0.91
Gyro: -3.52, -0.36, 42.02
Accel: 0.13, -0.05, -0.96
Gyro: -0.65, -0.23, 20.91
Accel: 0.14, 0.06, -0.95
Gyro: 3.04, -2.13, 13.60
Accel: 0.13, -0.01, -0.95
Gyro: 4.96, -2.93, 10.52
Accel: 0.13, -0.00, -0.97
Gyro: 3.86, -2.34, 6.22
Accel: 0.15, -0.07, -0.92
Gyro: -1.42, -3.86, -3.16
Accel: 0.13, -0.01, -0.97
Gyro: -1.39, -6.70, -10.73
Accel: 0.12, 0.04, -1.00
Gyro: -1.30, -2.13, -12.01
Accel: 0.13, 0.02, -0.95
Gyro: -0.98, -0.92, -13.59
Accel: 0.13, -0.04, -0.94
Gyro: -0.95, -2.37, -19.45
Accel: 0.13, -0.07, -0.95
Gyro: 0.26, -5.48, -32.87
Accel: 0.12, -0.11, -0.95
Gyro: 4.49, -8.07, -50.98
Accel: 0.10, -0.13, -0.93
Gyro: 8.46, -13.21, -73.19
Accel: 0.07, 0.01, -0.97
Gyro: 13.28, -17.49, -91.51
Accel: 0.05, -0.02, -1.00
Gyro: 18.39, -13.93, -96.58
Accel: 0.04, -0.00, -0.97
Gyro: 19.43, -10.80, -103.00
Accel: 0.04, 0.00, -0.96
Gyro: 19.72, -11.81, -104.19
Accel: 0.04, 0.03, -0.96
Gyro: 14.97, -11.12, -106.02
Accel: 0.03, 0.06, -0.96
Gyro: 13.69, -11.48, -101.46
Accel: 0.03, 0.04, -0.98
Gyro: 12.03, -10.20, -94.73
Accel: 0.03, 0.07, -0.97
Gyro: 9.35, -8.70, -90.15
Accel: 0.03, 0.08, -0.96
Gyro: 9.68, -8.15, -81.43
Accel: 0.03, 0.04, -0.97
Gyro: 7.99, -6.97, -74.94
Accel: 0.03, 0.05, -0.98
Gyro: 5.85, -5.52, -71.68
Accel: 0.02, 0.07, -0.97
Gyro: 5.39, -5.80, -63.48
Accel: 0.03, 0.05, -0.98
Gyro: 3.51, -4.89, -55.14
Accel: 0.03, 0.04, -0.99
Gyro: 0.52, -2.15, -49.79
Accel: 0.03, 0.07, -0.97
Gyro: -0.47, -1.59, -41.40
Accel: 0.04, 0.05, -0.98
Gyro: -1.29, -1.03, -33.46
Accel: 0.04, 0.04, -0.97
Gyro: -3.40, 0.16, -29.50
Accel: 0.04, 0.05, -0.97
Gyro: -4.63, 1.01, -23.67
Accel: 0.05, 0.04, -0.97
Gyro: -6.60, 0.91, -18.70
Accel: 0.05, 0.04, -0.96
Gyro: -5.87, 0.50, -14.18
Accel: 0.05, 0.04, -0.97
Gyro: -6.32, -0.11, -10.83
Accel: 0.05, 0.04, -0.96
Gyro: -6.81, -0.53, -7.60
Accel: 0.05, 0.02, -0.97
Gyro: -6.80, -0.09, -5.93
Accel: 0.06, 0.02, -0.97
Gyro: -6.01, 0.44, -6.06
Accel: 0.05, 0.02, -0.96
Gyro: -4.91, -0.77, -6.17
Accel: 0.05, 0.03, -0.96
Gyro: -4.54, -1.98, -5.70
Accel: 0.05, 0.03, -0.96
Gyro: -3.78, -1.66, -5.71
Accel: 0.04, 0.03, -0.98
Gyro: -3.05, -0.83, -6.02
Accel: 0.05, 0.04, -0.96
Gyro: -3.06, -0.43, -4.61
Accel: 0.05, 0.04, -0.96
Gyro: -3.25, -0.30, -3.10
Accel: 0.05, 0.03, -0.96
Gyro: -3.45, -0.47, -1.81
Accel: 0.05, 0.03, -0.97
Gyro: -3.47, -1.09, -0.63
Accel: 0.06, 0.03, -0.95
Gyro: -3.88, -1.50, -0.24
Accel: 0.05, 0.03, -0.96
Gyro: -3.33, -1.53, -0.37
Accel: 0.05, 0.03, -0.96
Gyro: -2.94, -1.63, -0.67
Accel: 0.05, 0.03, -0.98
Gyro: -2.83, -1.62, -0.72
Accel: 0.05, 0.03, -0.97
Gyro: -2.33, -1.57, -0.47
Accel: 0.04, 0.03, -0.96
Gyro: -1.95, -1.22, -0.55
Accel: 0.05, 0.02, -0.97
Gyro: -1.66, -1.11, -0.72
Accel: 0.04, 0.02, -0.97
Gyro: -1.58, -0.84, -0.52
Accel: 0.05, 0.02, -0.97
Gyro: -1.92, -0.18, -0.37
Accel: 0.05, 0.02, -0.96
Gyro: -2.16, 0.29, -0.76
Accel: 0.05, 0.02, -0.96
Gyro: -2.50, -0.18, -1.15
Accel: 0.04, 0.02, -0.97
Gyro: -2.71, -0.63, -1.21
Accel: 0.04, 0.02, -0.95
Gyro: -2.80, -0.08, -1.37
Accel: 0.05, 0.02, -0.97
Gyro: -2.83, -0.02, -1.43
Accel: 0.05, 0.03, -0.97
Gyro: -2.77, -0.41, -1.28
Accel: 0.05, 0.03, -0.97
Gyro: -2.91, -0.64, -0.86
Accel: 0.06, 0.03, -0.97
Gyro: -3.07, -0.70, -0.68
Accel: 0.05, 0.02, -0.96
Gyro: -3.19, -0.79, -0.53
