Accel: -0.02, 0.05, -0.96
Gyro: -2.91, -0.79, -1.34
Accel: -0.02, 0.05, -0.96
Gyro: -3.03, -0.76, -1.40
Accel: -0.02, 0.05, -0.98
Gyro: -3.14, -0.53, -0.86
Accel: -0.02, 0.05, -0.96
Gyro: -3.32, -0.08, -0.59
Accel: -0.02, 0.04, -0.96
Gyro: -3.85, -0.24, -0.57
Accel: -0.02, 0.04, -0.96
Gyro: -3.96, -0.58, -0.64
Accel: -0.02, 0.05, -0.98
Gyro: -3.96, -0.37, -0.90
Accel: -0.02, 0.04, -0.97
Gyro: -3.80, -0.51, -1.51
Accel: -0.03, 0.05, -0.97
Gyro: -3.56, -0.63, -1.27
Accel: -0.01, 0.06, -0.96
Gyro: -3.30, -0.40, -0.81
Accel: -0.02, 0.06, -0.97
Gyro: -3.14, -0.30, -0.32
Accel: -0.02, 0.06, -0.97
Gyro: -2.68, -0.30, 0.13
Accel: -0.01, 0.06, -0.97
Gyro: -2.63, -0.19, 1.05
Accel: -0.02, 0.08, -0.97
Gyro: -2.85, -0.29, 3.75
Accel: -0.02, 0.09, -0.97
Gyro: -3.64, -0.37, 7.35
Accel: -0.02, 0.11, -0.96
Gyro: -4.97, -0.85, 13.10
Accel: -0.01, 0.11, -0.96
Gyro: -7.08, -1.51, 19.71
Accel: -0.02, 0.13, -0.95
Gyro: -8.29, -2.11, 28.11
Accel: -0.02, 0.14, -0.96
Gyro: -9.77, -4.29, 36.97
Accel: -0.03, 0.13, -0.96
Gyro: -11.23, -4.81, 44.82
Accel: -0.03, 0.13, -0.97
Gyro: -12.27, -4.78, 51.69
Accel: -0.03, 0.12, -0.97
Gyro: -12.24, -4.47, 57.66
Accel: -0.04, 0.14, -0.98
Gyro: -12.47, -3.75, 62.35
Accel: -0.03, 0.17, -0.97
Gyro: -12.02, -3.66, 68.12
Accel: -0.04, 0.16, -0.96
Gyro: -12.33, -3.15, 76.40
Accel: -0.04, 0.18, -0.96
Gyro: -13.82, -3.31, 83.21
Accel: -0.04, 0.21, -0.97
Gyro: -13.77, -2.48, 93.31
Accel: -0.05, 0.20, -0.96
Gyro: -16.02, -2.33, 101.74
Accel: -0.05, 0.21, -0.98
Gyro: -15.88, -0.89, 111.50
Accel: -0.05, 0.19, -0.98
Gyro: -16.18, 0.42, 118.85
Accel: -0.05, 0.18, -0.98
Gyro: -14.05, 1.58, 124.14
Accel: -0.04, 0.13, -0.98
Gyro: -12.47, 3.64, 122.87
Accel: -0.01, 0.06, -0.97
Gyro: -10.50, 3.20, 112.49
Accel: -0.00, 0.03, -0.97
Gyro: -3.73, 5.60, 97.74
Accel: 0.04, 0.00, -0.92
Gyro: -1.88, 4.27, 78.32
Accel: 0.05, -0.02, -0.93
Gyro: -1.31, 0.38, 60.97
Accel: 0.06, -0.01, -0.91
Gyro: -0.50, -3.49, 42.71
Accel: 0.07, 0.08, -0.94
Gyro: 0.33, -4.84, 32.99
Accel: 0.07, 0.05, -0.94
Gyro: 1.79, -7.85, 26.95
Accel: 0.04, 0.06, -0.97
Gyro: 3.27, -8.83, 17.51
Accel: 0.03, 0.03, -1.00
Gyro: 3.10, -6.69, 9.33
Accel: 0.02, 0.00, -1.00
Gyro: 3.12, -5.04, -2.20
Accel: 0.02, 0.06, -1.01
Gyro: 3.11, -1.30, -10.20
Accel: 0.02, 0.04, -0.98
Gyro: 1.14, 2.21, -16.54
Accel: 0.03, 0.06, -0.95
Gyro: 3.43, 1.90, -22.34
Accel: 0.05, 0.06, -0.96
Gyro: 4.77, 2.01, -27.83
Accel: 0.04, 0.01, -0.95
Gyro: 5.00, 1.15, -36.47
Accel: 0.03, -0.02, -0.94
Gyro: 4.22, -2.15, -49.30
Accel: 0.02, 0.06, -0.98
Gyro: 3.36, -2.17, -57.69
Accel: 0.02, 0.03, -0.97
Gyro: 4.43, -0.53, -63.47
Accel: 0.02, 0.01, -0.96
Gyro: 2.49, -2.30, -73.18
Accel: 0.02, 0.08, -0.93
Gyro: 7.40, -5.36, -81.22
Accel: 0.01, 0.08, -0.95
Gyro: 10.57, -7.72, -84.21
Accel: -0.01, 0.04, -0.96
Gyro: 10.41, -8.61, -89.24
Accel: -0.02, 0.02, -0.96
Gyro: 9.38, -9.27, -95.51
Accel: -0.03, 0.07, -0.97
Gyro: 9.49, -10.21, -100.62
Accel: -0.03, 0.07, -0.98
Gyro: 10.38, -10.86, -100.07
Accel: -0.06, 0.05, -0.99
Gyro: 8.47, -8.99, -101.82
Accel: -0.06, 0.07, -0.97
Gyro: 8.21, -6.71, -102.52
Accel: -0.06, 0.11, -0.97
Gyro: 8.28, -6.18, -98.27
Accel: -0.07, 0.08, -0.99
Gyro: 8.62, -4.83, -94.65
Accel: -0.07, 0.12, -0.99
Gyro: 7.20, -1.96, -89.84
Accel: -0.06, 0.09, -0.98
Gyro: 7.32, -0.79, -81.54
Accel: -0.07, 0.12, -0.97
Gyro: 5.07, 0.63, -72.53
Accel: -0.05, 0.12, -0.97
Gyro: 3.20, 0.82, -60.35
Accel: -0.05, 0.10, -0.97
Gyro: -0.11, 2.37, -49.72
Accel: -0.04, 0.10, -0.98
Gyro: -2.84, 2.69, -38.72
Accel: -0.04, 0.08, -0.96
Gyro: -4.50, 2.69, -29.01
Accel: -0.03, 0.06, -0.96
Gyro: -5.41, 3.24, -24.29
Accel: -0.03, 0.07, -0.95
Gyro: -6.13, 2.00, -19.65
Accel: -0.02, 0.07, -0.96
Gyro: -6.18, 0.55, -14.26
Accel: -0.03, 0.08, -0.96
Gyro: -6.07, -0.31, -8.54
Accel: -0.02, 0.06, -0.96
Gyro: -5.29, 0.02, -5.19
Accel: -0.03, 0.06, -0.96
Gyro: -4.46, 0.02, -3.01
Accel: -0.03, 0.06, -0.96
Gyro: -4.78, -0.67, -1.23
Accel: -0.03, 0.04, -0.98
Gyro: -4.46, -0.26, -0.48
Accel: -0.03, 0.03, -0.98
Gyro: -3.58, 0.41, -1.81
Accel: -0.02, 0.05, -0.96
Gyro: -2.64, -0.08, -1.53
Accel: -0.03, 0.05, -0.97
Gyro: -3.23, -0.63, -0.35
Accel: -0.03, 0.05, -0.98
Gyro: -3.00, -0.01, 0.44
Accel: -0.02, 0.04, -0.97
Gyro: -2.69, 0.56, 0.36
Accel: -0.02, 0.05, -0.97
Gyro: -2.82, 0.91, 0.48
Accel: -0.02, 0.04, -0.97
Gyro: -2.56, 0.92, 1.40
Accel: -0.01, 0.03, -0.96
Gyro: -2.55, 0.99, 0.89
Accel: -0.01, 0.03, -0.96
Gyro: -2.14, 0.09, -0.20
Accel: -0.01, 0.04, -0.97
Gyro: -2.27, -0.60, -0.34
Accel: -0.01, 0.04, -0.97
Gyro: -2.09, -0.82, 0.29
Accel: -0.01, 0.04, -0.97
Gyro: -2.40, -1.32, 0.32
Accel: -0.02, 0.04, -0.96
Gyro: -2.67, -1.56, 0.13
Accel: -0.02, 0.03, -0.96
Gyro: -3.11, -1.66, -0.04
Accel: -0.02, 0.04, -0.97
Gyro: -2.89, -1.56, -0.08
Accel: -0.03, 0.04, -0.96
Gyro: -2.80, -1.34, -0.45
Accel: -0.03, 0.04, -0.97
Gyro: -2.66, -0.93, -0.37
Accel: -0.02, 0.04, -0.97
Gyro: -2.67, -0.74, -0.11
Accel: -0.02, 0.04, -0.97
Gyro: -2.82, -0.14, -0.34
Accel: -0.02, 0.04, -0.96
Gyro: -3.26, -0.27, -0.60
Accel: -0.02, 0.03, -0.97
Gyro: -3.70, -0.73, -0.43
Accel: -0.02, 0.04, -0.97
Gyro: -3.82, -0.36, -0.84
Accel: -0.02, 0.04, -0.98
Gyro: -3.63, -0.30, -1.49
Accel: -0.02, 0.05, -0.97
Gyro: -3.36, -0.21, -1.72
Accel: -0.01, 0.05, -0.96
Gyro: -3.40, -0.31, -1.50
