Accel: 0.01, 0.06, -0.96
Gyro: -2.65, -0.23, -2.33
Accel: 0.01, 0.06, -0.96
Gyro: -2.90, -0.69, -2.59
Accel: 0.00, 0.07, -0.96
Gyro: -3.09, -1.24, -2.31
Accel: 0.01, 0.06, -0.97
Gyro: -2.48, -1.02, -1.63
Accel: 0.01, 0.05, -0.97
Gyro: -2.49, -0.26, -1.27
Accel: 0.01, 0.06, -0.97
Gyro: -2.19, 0.00, -1.27
Accel: 0.01, 0.05, -0.97
Gyro: -2.06, 0.18, -1.36
Accel: 0.01, 0.05, -0.96
Gyro: -2.14, 0.11, -1.58
Accel: 0.01, 0.05, -0.96
Gyro: -2.20, -0.64, -1.75
Accel: 0.02, 0.06, -0.96
Gyro: -2.66, -1.20, -2.08
Accel: 0.01, 0.06, -0.96
Gyro: -1.98, -0.43, -1.59
Accel: 0.01, 0.06, -0.96
Gyro: -2.56, -0.43, -1.85
Accel: 0.01, 0.06, -0.97
Gyro: -2.73, -0.43, -1.58
Accel: 0.01, 0.06, -0.97
Gyro: -2.40, -0.49, -1.38
Accel: 0.01, 0.08, -0.98
Gyro: -2.11, -0.31, -0.63
Accel: 0.01, 0.07, -0.96
Gyro: -2.08, -0.02, 0.79
Accel: 0.02, 0.09, -0.96
Gyro: -2.04, -0.28, 4.57
Accel: 0.01, 0.10, -0.96
Gyro: -2.72, -0.37, 10.02
Accel: 0.02, 0.11, -0.96
Gyro: -3.73, -0.66, 16.49
Accel: 0.01, 0.11, -0.97
Gyro: -4.90, -1.55, 23.49
Accel: 0.01, 0.11, -0.97
Gyro: -6.09, -1.75, 30.20
Accel: 0.01, 0.12, -0.96
Gyro: -6.99, -1.73, 36.32
Accel: 0.01, 0.11, -0.96
Gyro: -7.15, -1.73, 42.08
Accel: 0.01, 0.12, -0.96
Gyro: -7.69, -1.67, 47.74
Accel: 0.01, 0.11, -0.96
Gyro: -7.93, -1.49, 52.61
Accel: 0.00, 0.09, -0.97
Gyro: -8.87, -1.17, 55.53
Accel: 0.01, 0.10, -0.96
Gyro: -9.36, -1.08, 58.19
Accel: 0.00, 0.08, -0.97
Gyro: -10.07, -0.37, 58.89
Accel: 0.00, 0.08, -0.97
Gyro: -10.51, -0.13, 58.04
Accel: 0.01, 0.09, -0.96
Gyro: -10.87, 0.76, 57.74
Accel: 0.02, 0.08, -0.99
Gyro: -10.24, 2.33, 56.78
Accel: 0.01, 0.09, -0.97
Gyro: -9.34, 2.99, 55.42
Accel: 0.02, 0.10, -0.96
Gyro: -8.61, 3.58, 55.25
Accel: 0.02, 0.15, -0.96
Gyro: -8.64, 3.42, 57.27
Accel: 0.03, 0.17, -0.97
Gyro: -8.06, 3.36, 65.58
Accel: 0.03, 0.21, -0.97
Gyro: -10.55, 4.24, 74.79
Accel: 0.04, 0.12, -0.95
Gyro: -11.86, 5.07, 85.30
Accel: 0.05, 0.10, -0.95
Gyro: -13.86, 3.11, 84.21
Accel: 0.05, 0.08, -0.99
Gyro: -7.08, 3.61, 80.80
Accel: 0.06, 0.07, -0.96
Gyro: -5.67, 4.82, 70.52
Accel: 0.06, 0.07, -0.95
Gyro: -2.98, 5.41, 68.86
Accel: 0.07, 0.00, -0.94
Gyro: -5.95, 2.49, 58.30
Accel: 0.07, -0.02, -0.96
Gyro: -2.68, 2.53, 47.61
Accel: 0.08, -0.02, -0.97
Gyro: -3.91, 3.52, 30.54
Accel: 0.09, 0.02, -0.96
Gyro: -0.37, 1.35, 17.04
Accel: 0.09, 0.02, -0.97
Gyro: 2.07, 1.53, 7.77
Accel: 0.10, 0.02, -0.94
Gyro: 3.36, 0.47, 0.08
Accel: 0.10, 0.03, -0.96
Gyro: 2.79, -0.56, -5.00
Accel: 0.11, 0.03, -0.94
Gyro: 0.34, -1.49, -8.38
Accel: 0.11, 0.04, -0.95
Gyro: 0.90, -2.62, -12.42
Accel: 0.10, 0.07, -0.97
Gyro: 0.92, -2.26, -14.36
Accel: 0.09, 0.07, -0.96
Gyro: 0.38, -1.18, -14.68
Accel: 0.09, 0.04, -0.96
Gyro: 1.43, -1.36, -17.46
Accel: 0.09, 0.03, -0.96
Gyro: 3.23, -1.94, -24.12
Accel: 0.09, -0.02, -0.96
Gyro: 4.05, -2.39, -32.30
Accel: 0.08, -0.09, -0.94
Gyro: 5.30, -4.56, -49.11
Accel: 0.06, -0.09, -0.94
Gyro: 8.66, -9.35, -72.22
Accel: 0.05, -0.05, -0.96
Gyro: 11.80, -10.48, -88.77
Accel: 0.02, -0.06, -1.00
Gyro: 14.18, -11.96, -102.36
Accel: 0.01, -0.02, -0.97
Gyro: 10.95, -9.74, -113.51
Accel: 0.01, 0.06, -0.96
Gyro: 13.23, -9.66, -116.82
Accel: 0.00, 0.07, -0.96
Gyro: 12.96, -9.64, -114.78
Accel: -0.01, 0.06, -0.99
Gyro: 11.43, -8.04, -112.85
Accel: -0.01, 0.08, -0.97
Gyro: 9.08, -7.19, -109.54
Accel: -0.01, 0.13, -0.96
Gyro: 9.03, -7.52, -100.51
Accel: -0.01, 0.14, -0.96
Gyro: 7.32, -7.26, -89.26
Accel: -0.01, 0.14, -0.96
Gyro: 5.36, -7.22, -78.22
Accel: -0.01, 0.12, -0.99
Gyro: 3.57, -5.78, -67.29
Accel: -0.01, 0.11, -0.99
Gyro: 1.52, -3.81, -57.79
Accel: -0.01, 0.12, -0.98
Gyro: -0.26, -1.88, -47.79
Accel: -0.00, 0.11, -0.98
Gyro: -2.45, -0.79, -37.48
Accel: -0.01, 0.11, -0.97
Gyro: -4.43, 0.46, -27.95
Accel: 0.00, 0.09, -0.97
Gyro: -6.02, 0.90, -21.06
Accel: 0.01, 0.10, -0.96
Gyro: -6.41, 1.05, -13.94
Accel: 0.01, 0.07, -0.98
Gyro: -7.25, 0.88, -9.33
Accel: 0.00, 0.07, -0.96
Gyro: -7.32, 1.17, -7.09
Accel: 0.02, 0.08, -0.96
Gyro: -6.74, 0.68, -4.98
Accel: 0.02, 0.08, -0.96
Gyro: -5.52, 0.76, -3.22
Accel: 0.01, 0.07, -0.96
Gyro: -4.14, 0.61, -2.31
Accel: 0.02, 0.07, -0.96
Gyro: -3.17, 0.70, -1.19
Accel: 0.02, 0.06, -0.96
Gyro: -2.49, 0.21, -0.33
Accel: 0.02, 0.06, -0.97
Gyro: -2.11, -0.03, 0.13
Accel: 0.02, 0.05, -0.97
Gyro: -2.02, 0.46, 0.14
Accel: 0.02, 0.05, -0.97
Gyro: -1.79, 0.40, -0.06
Accel: 0.02, 0.05, -0.97
Gyro: -1.62, 0.73, 0.02
Accel: 0.03, 0.05, -0.95
Gyro: -1.62, 0.84, -0.24
Accel: 0.03, 0.05, -0.97
Gyro: -1.46, 0.74, -0.49
Accel: 0.02, 0.05, -0.96
Gyro: -1.40, 0.05, -0.41
Accel: 0.02, 0.05, -0.96
Gyro: -1.81, -0.56, -0.59
Accel: 0.02, 0.05, -0.96
Gyro: -1.92, -0.74, -1.00
Accel: 0.02, 0.05, -0.95
Gyro: -1.93, -1.07, -1.26
Accel: 0.03, 0.05, -0.96
Gyro: -2.01, -1.70, -1.37
Accel: 0.02, 0.04, -0.96
Gyro: -2.33, -2.15, -0.92
Accel: 0.02, 0.04, -0.96
Gyro: -2.78, -1.96, -0.73
Accel: 0.02, 0.04, -0.96
Gyro: -3.13, -1.95, -1.29
Accel: 0.02, 0.06, -0.97
Gyro: -2.83, -1.75, -1.41
Accel: 0.01, 0.06, -0.97
Gyro: -2.14, -1.51, -0.77
Accel: 0.01, 0.05, -0.97
Gyro: -2.04, -1.34, -0.90
Accel: 0.02, 0.05, -0.97
Gyro: -2.49, -1.58, -1.21
Accel: 0.01, 0.05, -0.97
Gyro: -2.48, -1.16, -1.28
Accel: 0.01, 0.05, -0.97
Gyro: -2.75, -0.38, -1.92
