Accel: 0.05, 0.05, -0.96
Gyro: -2.43, -0.74, -0.79
Accel: 0.05, 0.06, -0.96
Gyro: -2.35, -1.09, -0.40
Accel: 0.06, 0.05, -0.96
Gyro: -2.07, -1.28, -0.23
Accel: 0.05, 0.05, -0.96
Gyro: -2.27, -1.34, -0.55
Accel: 0.05, 0.05, -0.96
Gyro: -2.23, -1.59, -0.62
Accel: 0.04, 0.05, -0.97
Gyro: -2.30, -1.17, -0.59
Accel: 0.05, 0.04, -0.97
Gyro: -2.40, -0.93, -0.60
Accel: 0.05, 0.05, -0.97
Gyro: -2.82, -0.90, -0.95
Accel: 0.05, 0.05, -0.96
Gyro: -3.30, -1.15, -0.98
Accel: 0.05, 0.05, -0.96
Gyro: -3.43, -0.83, -1.06
Accel: 0.04, 0.06, -0.97
Gyro: -3.11, -0.82, -0.95
Accel: 0.05, 0.07, -0.96
Gyro: -2.94, -0.92, -0.48
Accel: 0.05, 0.07, -0.97
Gyro: -2.35, -0.63, 0.59
Accel: 0.05, 0.07, -0.96
Gyro: -2.60, -0.76, 2.40
Accel: 0.05, 0.09, -0.96
Gyro: -3.16, -1.05, 5.49
Accel: 0.05, 0.09, -0.97
Gyro: -4.43, -0.92, 11.00
Accel: 0.04, 0.11, -0.97
Gyro: -5.84, -1.04, 17.22
Accel: 0.04, 0.13, -0.96
Gyro: -7.08, -1.16, 25.72
Accel: 0.05, 0.14, -0.97
Gyro: -7.63, -0.86, 34.43
Accel: 0.05, 0.15, -0.97
Gyro: -7.92, -0.96, 44.47
Accel: 0.04, 0.16, -0.97
Gyro: -9.62, -1.19, 55.59
Accel: 0.03, 0.17, -0.96
Gyro: -10.34, -1.25, 68.20
Accel: 0.04, 0.16, -0.96
Gyro: -11.92, -0.27, 78.79
Accel: 0.03, 0.14, -0.96
Gyro: -14.19, 0.41, 87.34
Accel: 0.03, 0.13, -0.96
Gyro: -15.01, 0.24, 94.16
Accel: 0.04, 0.09, -0.96
Gyro: -15.02, 0.05, 94.86
Accel: 0.03, 0.15, -0.98
Gyro: -15.21, 0.68, 98.50
Accel: 0.04, 0.11, -0.96
Gyro: -13.69, 1.53, 101.56
Accel: 0.05, 0.15, -0.90
Gyro: -12.25, -2.53, 103.58
Accel: 0.05, 0.10, -0.93
Gyro: -3.94, -9.58, 107.90
Accel: 0.04, 0.01, -0.98
Gyro: -4.29, -6.69, 97.65
Accel: 0.04, 0.08, -0.97
Gyro: 1.21, -2.59, 90.49
Accel: 0.04, -0.05, -0.92
Gyro: 1.43, -2.92, 81.10
Accel: 0.05, -0.01, -0.97
Gyro: -0.64, -5.35, 69.38
Accel: 0.05, -0.07, -0.98
Gyro: 0.91, -3.62, 61.35
Accel: 0.06, -0.11, -0.95
Gyro: -3.97, -4.64, 43.76
Accel: 0.04, -0.06, -1.02
Gyro: -4.68, -0.49, 30.73
Accel: 0.07, -0.05, -0.97
Gyro: -5.62, 3.98, 18.71
Accel: 0.10, 0.01, -0.94
Gyro: -3.15, 0.22, 9.92
Accel: 0.08, -0.01, -0.95
Gyro: -0.46, -1.82, 3.00
Accel: 0.07, 0.01, -0.95
Gyro: 4.05, -5.61, -4.78
Accel: 0.06, -0.01, -0.99
Gyro: 2.77, -3.20, -9.54
Accel: 0.06, -0.03, -0.97
Gyro: 0.57, -0.72, -14.48
Accel: 0.07, -0.03, -0.98
Gyro: -1.46, 0.27, -21.35
Accel: 0.07, -0.04, -0.96
Gyro: -1.46, 0.43, -30.97
Accel: 0.07, -0.12, -0.95
Gyro: 0.14, -0.73, -47.83
Accel: 0.04, -0.12, -0.97
Gyro: 4.19, -2.89, -72.03
Accel: 0.03, -0.07, -0.96
Gyro: 9.51, -3.84, -92.24
Accel: 0.01, -0.07, -0.97
Gyro: 13.05, -4.19, -105.55
Accel: -0.01, -0.07, -1.00
Gyro: 11.73, -2.66, -121.52
Accel: -0.02, 0.03, -0.99
Gyro: 12.75, -0.93, -128.22
Accel: -0.01, 0.00, -1.00
Gyro: 12.95, 2.48, -130.15
Accel: -0.00, 0.09, -0.99
Gyro: 8.35, 5.97, -130.49
Accel: 0.01, 0.15, -0.95
Gyro: 9.90, 5.99, -119.26
Accel: 0.03, 0.14, -0.95
Gyro: 11.25, 5.23, -108.07
Accel: 0.05, 0.16, -0.94
Gyro: 9.84, 2.85, -94.40
Accel: 0.06, 0.14, -0.93
Gyro: 8.49, -2.40, -80.45
Accel: 0.05, 0.11, -0.95
Gyro: 6.37, -4.62, -68.83
Accel: 0.05, 0.09, -0.98
Gyro: 2.89, -3.55, -59.61
Accel: 0.05, 0.11, -0.98
Gyro: -0.76, -1.98, -51.00
Accel: 0.05, 0.12, -0.98
Gyro: -1.86, -0.55, -39.30
Accel: 0.06, 0.11, -0.97
Gyro: -3.20, 0.98, -28.06
Accel: 0.06, 0.11, -0.96
Gyro: -5.21, 1.63, -18.97
Accel: 0.07, 0.10, -0.96
Gyro: -5.62, 0.95, -10.38
Accel: 0.07, 0.08, -0.96
Gyro: -6.51, 0.40, -3.75
Accel: 0.07, 0.05, -0.96
Gyro: -7.92, 0.08, -1.29
Accel: 0.07, 0.05, -0.96
Gyro: -8.64, 0.33, -1.56
Accel: 0.06, 0.06, -0.97
Gyro: -7.58, 0.87, -0.85
Accel: 0.07, 0.05, -0.96
Gyro: -6.52, 1.32, -0.96
Accel: 0.07, 0.06, -0.96
Gyro: -4.95, 1.46, -2.44
Accel: 0.08, 0.05, -0.95
Gyro: -2.91, 0.56, -3.11
Accel: 0.07, 0.05, -0.97
Gyro: -2.14, -0.34, -3.04
Accel: 0.07, 0.06, -0.96
Gyro: -1.93, -0.94, -2.85
Accel: 0.08, 0.05, -0.96
Gyro: -2.44, -0.73, -1.40
Accel: 0.08, 0.06, -0.97
Gyro: -3.15, -0.48, -0.21
Accel: 0.07, 0.05, -0.96
Gyro: -3.19, -0.66, 0.94
Accel: 0.08, 0.05, -0.96
Gyro: -3.40, -1.30, 1.14
Accel: 0.07, 0.05, -0.96
Gyro: -3.23, -1.51, 1.46
Accel: 0.07, 0.05, -0.96
Gyro: -3.01, -2.20, 1.03
Accel: 0.07, 0.06, -0.96
Gyro: -2.75, -2.01, 1.16
Accel: 0.07, 0.05, -0.97
Gyro: -2.55, -1.62, 0.90
Accel: 0.08, 0.04, -0.96
Gyro: -2.39, -1.47, 0.20
Accel: 0.07, 0.04, -0.95
Gyro: -2.91, -2.08, -0.36
Accel: 0.07, 0.05, -0.97
Gyro: -3.21, -2.83, -1.16
Accel: 0.06, 0.06, -0.98
Gyro: -2.79, -2.21, -0.90
Accel: 0.06, 0.06, -0.97
Gyro: -2.74, -1.14, -0.66
Accel: 0.06, 0.05, -0.97
Gyro: -2.54, -0.68, -0.32
Accel: 0.06, 0.05, -0.97
Gyro: -2.21, -0.96, -0.37
Accel: 0.06, 0.06, -0.97
Gyro: -2.19, -1.06, -0.39
Accel: 0.06, 0.05, -0.97
Gyro: -2.25, -0.30, -0.47
Accel: 0.07, 0.05, -0.97
Gyro: -2.33, -0.27, -0.46
Accel: 0.06, 0.05, -0.96
Gyro: -2.14, -0.35, -0.31
Accel: 0.06, 0.05, -0.97
Gyro: -2.36, -0.24, -0.32
Accel: 0.06, 0.05, -0.96
Gyro: -2.67, -0.18, -0.51
Accel: 0.07, 0.05, -0.96
Gyro: -2.85, -0.42, -0.74
Accel: 0.07, 0.05, -0.97
Gyro: -2.78, -0.49, -0.92
Accel: 0.07, 0.06, -0.96
Gyro: -2.66, -0.52, -0.91
Accel: 0.06, 0.06, -0.98
Gyro: -2.62, -0.45, -0.95
Accel: 0.07, 0.06, -0.96
Gyro: -2.52, -0.39, -0.69
Accel: 0.07, 0.05, -0.97
Gyro: -2.50, -0.43, -0.58
Accel: 0.07, 0.06, -0.96
Gyro: -2.67, -0.35, -0.31
