Accel: -0.08, 0.10, -0.96
Gyro: -3.24, -1.77, -1.73
Accel: -0.09, 0.09, -0.97
Gyro: -2.76, -1.60, -1.40
Accel: -0.09, 0.09, -0.97
Gyro: -2.46, -1.47, -1.08
Accel: -0.09, 0.09, -0.98
Gyro: -2.72, -0.51, -1.20
Accel: -0.09, 0.09, -0.96
Gyro: -2.40, -0.17, -1.44
Accel: -0.07, 0.09, -0.95
Gyro: -2.03, -1.10, -1.76
Accel: -0.08, 0.10, -0.98
Gyro: -1.61, -1.63, -1.14
Accel: -0.08, 0.11, -0.97
Gyro: -0.57, -0.05, -0.95
Accel: -0.07, 0.11, -0.95
Gyro: 0.79, -0.81, -0.12
Accel: -0.07, 0.13, -0.95
Gyro: 2.33, -3.66, 0.40
Accel: -0.07, 0.16, -0.94
Gyro: 6.80, -6.01, 2.11
Accel: -0.08, 0.20, -0.94
Gyro: 14.81, -7.95, 3.65
Accel: -0.08, 0.23, -0.94
Gyro: 32.49, -10.34, 6.26
Accel: -0.09, 0.24, -0.93
Gyro: 53.15, -11.81, 10.29
Accel: -0.11, 0.20, -0.94
Gyro: 69.62, -11.92, 16.30
Accel: -0.12, 0.15, -0.93
Gyro: 84.56, -11.48, 23.14
Accel: -0.14, 0.10, -0.89
Gyro: 98.12, -10.59, 31.27
Accel: -0.14, 0.02, -0.89
Gyro: 109.84, -10.57, 40.18
Accel: -0.16, -0.06, -0.87
Gyro: 115.96, -9.45, 47.85
Accel: -0.17, -0.15, -0.86
Gyro: 118.43, -6.96, 52.64
Accel: -0.18, -0.24, -0.79
Gyro: 117.81, -5.71, 53.67
Accel: -0.19, -0.32, -0.73
Gyro: 121.93, -10.94, 53.83
Accel: -0.22, -0.38, -0.76
Gyro: 124.53, -14.23, 54.16
Accel: -0.24, -0.48, -0.75
Gyro: 121.18, -10.57, 51.39
Accel: -0.24, -0.55, -0.69
Gyro: 118.25, -10.27, 45.01
Accel: -0.24, -0.64, -0.58
Gyro: 114.98, -12.72, 38.53
Accel: -0.26, -0.75, -0.59
Gyro: 108.76, -24.58, 33.79
Accel: -0.30, -0.84, -0.62
Gyro: 91.16, -29.39, 29.95
Accel: -0.34, -0.83, -0.68
Gyro: 70.89, -28.01, 27.45
Accel: -0.35, -0.80, -0.67
Gyro: 52.46, -18.16, 28.60
Accel: -0.36, -0.81, -0.52
Gyro: 42.11, -16.69, 28.11
Accel: -0.40, -0.82, -0.56
Gyro: 43.65, -20.03, 25.02
Accel: -0.44, -0.87, -0.61
Gyro: 33.66, -13.15, 19.10
Accel: -0.43, -0.89, -0.57
Gyro: 21.45, -7.37, 12.50
Accel: -0.44, -0.90, -0.57
Gyro: 11.07, -2.47, 6.48
Accel: -0.43, -0.89, -0.53
Gyro: 0.34, 3.42, -0.66
Accel: -0.42, -0.85, -0.52
Gyro: -4.33, 4.23, -5.71
Accel: -0.41, -0.84, -0.51
Gyro: -14.10, 4.26, -8.87
Accel: -0.41, -0.83, -0.53
Gyro: -23.99, 4.98, -9.53
Accel: -0.40, -0.87, -0.55
Gyro: -38.19, 5.91, -10.11
Accel: -0.40, -0.86, -0.59
Gyro: -49.05, 11.10, -12.84
Accel: -0.37, -0.83, -0.56
Gyro: -58.21, 13.71, -14.27
Accel: -0.36, -0.83, -0.58
Gyro: -71.05, 12.18, -16.57
Accel: -0.37, -0.76, -0.66
Gyro: -80.28, 16.64, -21.39
Accel: -0.35, -0.74, -0.64
Gyro: -86.74, 21.13, -23.06
Accel: -0.33, -0.65, -0.69
Gyro: -93.34, 22.83, -24.80
Accel: -0.30, -0.60, -0.69
Gyro: -99.34, 25.47, -24.32
Accel: -0.26, -0.53, -0.67
Gyro: -97.22, 24.31, -23.05
Accel: -0.24, -0.49, -0.73
Gyro: -94.63, 19.64, -22.71
Accel: -0.24, -0.44, -0.81
Gyro: -98.42, 19.60, -24.02
Accel: -0.24, -0.41, -0.82
Gyro: -99.92, 21.25, -24.35
Accel: -0.21, -0.37, -0.81
Gyro: -98.21, 23.08, -26.97
Accel: -0.19, -0.30, -0.83
Gyro: -93.28, 22.09, -28.18
Accel: -0.18, -0.26, -0.89
Gyro: -92.23, 24.15, -32.13
Accel: -0.15, -0.19, -0.84
Gyro: -95.46, 24.21, -38.69
Accel: -0.13, -0.12, -0.81
Gyro: -83.04, 16.37, -41.71
Accel: -0.13, -0.11, -0.88
Gyro: -75.32, 11.07, -44.16
Accel: -0.13, -0.03, -0.94
Gyro: -71.37, 12.08, -45.43
Accel: -0.11, 0.02, -0.91
Gyro: -63.26, 11.25, -43.45
Accel: -0.11, 0.02, -0.91
Gyro: -56.13, 8.10, -41.22
Accel: -0.10, 0.08, -0.98
Gyro: -49.64, 5.68, -38.02
Accel: -0.11, 0.10, -0.97
Gyro: -46.79, 12.42, -34.45
Accel: -0.07, 0.13, -0.89
Gyro: -35.19, 9.54, -30.18
Accel: -0.06, 0.10, -0.89
Gyro: -25.69, 0.18, -26.05
Accel: -0.08, 0.11, -0.96
Gyro: -26.92, -2.71, -22.62
Accel: -0.08, 0.13, -0.95
Gyro: -25.79, -2.72, -17.61
Accel: -0.08, 0.15, -0.93
Gyro: -21.56, -3.79, -11.88
Accel: -0.10, 0.15, -0.96
Gyro: -16.25, -4.88, -7.20
Accel: -0.09, 0.14, -0.97
Gyro: -12.39, -3.84, -4.23
Accel: -0.09, 0.15, -0.97
Gyro: -8.76, -2.20, -2.09
Accel: -0.09, 0.14, -0.97
Gyro: -4.30, -2.52, -0.72
Accel: -0.09, 0.13, -0.99
Gyro: -1.35, -0.30, 0.83
Accel: -0.08, 0.12, -0.95
Gyro: 1.73, -0.90, 2.57
Accel: -0.09, 0.10, -0.97
Gyro: 1.95, -2.16, 3.55
Accel: -0.08, 0.09, -0.98
Gyro: -0.25, -0.71, 3.26
Accel: -0.09, 0.09, -0.95
Gyro: 0.50, -0.52, 3.08
Accel: -0.09, 0.08, -0.95
Gyro: 1.46, -2.25, 2.82
Accel: -0.09, 0.08, -0.97
Gyro: 1.37, -1.34, 2.72
Accel: -0.09, 0.07, -0.96
Gyro: 0.78, -1.48, 2.72
Accel: -0.08, 0.05, -0.95
Gyro: -0.82, -2.89, 1.91
Accel: -0.09, 0.06, -0.98
Gyro: -1.95, -2.66, 0.72
Accel: -0.09, 0.06, -0.97
Gyro: -1.31, -2.85, -0.76
Accel: -0.09, 0.07, -0.96
Gyro: -0.40, -3.30, -1.67
Accel: -0.10, 0.08, -0.96
Gyro: 0.95, -4.33, -1.47
Accel: -0.10, 0.08, -0.97
Gyro: 0.83, -3.84, -0.49
Accel: -0.10, 0.07, -0.98
Gyro: 0.63, -2.81, 0.76
Accel: -0.10, 0.06, -0.96
Gyro: 0.66, -2.17, 0.60
Accel: -0.10, 0.05, -0.96
Gyro: 0.34, -2.72, -0.02
Accel: -0.10, 0.05, -0.96
Gyro: -1.18, -2.66, -0.89
Accel: -0.11, 0.06, -0.96
Gyro: -1.37, -2.91, -1.51
Accel: -0.11, 0.06, -0.96
Gyro: -1.77, -2.51, -1.92
Accel: -0.11, 0.07, -0.96
Gyro: -2.20, -3.08, -2.28
Accel: -0.11, 0.07, -0.97
Gyro: -1.49, -3.58, -1.80
Accel: -0.11, 0.07, -0.96
Gyro: -2.18, -3.65, -1.16
Accel: -0.11, 0.08, -0.96
Gyro: -1.39, -4.80, -0.27
Accel: -0.12, 0.07, -0.97
Gyro: -1.01, -4.42, 0.86
Accel: -0.13, 0.07, -0.99
Gyro: -1.37, -2.22, 1.10
Accel: -0.12, 0.06, -0.97
Gyro: -0.85, 0.49, 0.48
Accel: -0.12, 0.06, -0.96
Gyro: -0.30, 1.22, -0.46
Accel: -0.11, 0.06, -0.97
Gyro: 0.29, 1.29, -1.23
Accel: -0.11, 0.07, -0.96
Gyro: 0.08, 0.47, -1.21
