Accel: -0.10, 0.16, -0.95
Gyro: 0.88, -1.46, -0.90
Accel: -0.10, 0.16, -0.95
Gyro: 0.00, -2.52, -0.45
Accel: -0.11, 0.16, -0.94
Gyro: 0.73, -3.14, 0.55
Accel: -0.11, 0.14, -0.95
Gyro: 0.62, -3.89, 0.92
Accel: -0.12, 0.14, -0.95
Gyro: -0.49, -3.63, 0.19
Accel: -0.11, 0.15, -0.96
Gyro: -0.45, -3.39, -1.05
Accel: -0.11, 0.15, -0.95
Gyro: -0.54, -3.57, -1.53
Accel: -0.12, 0.16, -0.96
Gyro: -0.37, -3.42, -1.69
Accel: -0.12, 0.16, -0.96
Gyro: -0.25, -3.07, -1.00
Accel: -0.12, 0.16, -0.95
Gyro: -0.28, -3.04, -0.83
Accel: -0.11, 0.16, -0.95
Gyro: 0.63, -3.47, -0.51
Accel: -0.12, 0.19, -0.95
Gyro: 1.44, -3.85, -0.24
Accel: -0.10, 0.22, -0.94
Gyro: 5.55, -6.16, -0.49
Accel: -0.10, 0.26, -0.91
Gyro: 15.60, -8.87, 0.62
Accel: -0.10, 0.28, -0.91
Gyro: 30.72, -13.00, 2.61
Accel: -0.12, 0.28, -0.91
Gyro: 45.93, -16.43, 5.71
Accel: -0.12, 0.27, -0.88
Gyro: 64.56, -20.12, 10.40
Accel: -0.13, 0.23, -0.87
Gyro: 83.88, -25.91, 14.76
Accel: -0.15, 0.15, -0.87
Gyro: 101.13, -29.46, 18.41
Accel: -0.16, 0.05, -0.88
Gyro: 119.67, -31.72, 20.43
Accel: -0.17, -0.05, -0.81
Gyro: 128.14, -31.36, 18.26
Accel: -0.22, -0.14, -0.75
Gyro: 141.67, -37.82, 20.42
Accel: -0.27, -0.25, -0.85
Gyro: 137.63, -37.12, 23.77
Accel: -0.28, -0.31, -0.80
Gyro: 125.51, -33.11, 28.41
Accel: -0.31, -0.42, -0.72
Gyro: 116.01, -34.10, 34.54
Accel: -0.37, -0.52, -0.71
Gyro: 106.31, -35.78, 35.11
Accel: -0.42, -0.53, -0.79
Gyro: 103.28, -33.91, 30.88
Accel: -0.44, -0.61, -0.82
Gyro: 89.21, -20.39, 27.29
Accel: -0.43, -0.68, -0.70
Gyro: 70.48, -14.47, 23.77
Accel: -0.45, -0.75, -0.59
Gyro: 60.39, -17.17, 21.58
Accel: -0.56, -0.91, -0.77
Gyro: 42.96, -20.81, 16.56
Accel: -0.61, -0.79, -0.90
Gyro: 17.33, 6.58, 6.68
Accel: -0.50, -0.70, -0.70
Gyro: 2.68, 27.01, 2.49
Accel: -0.42, -0.71, -0.61
Gyro: 1.98, 24.71, -1.54
Accel: -0.40, -0.73, -0.63
Gyro: -7.77, 20.21, -8.74
Accel: -0.39, -0.74, -0.67
Gyro: -20.69, 19.66, -12.27
Accel: -0.38, -0.74, -0.65
Gyro: -30.85, 20.26, -14.02
Accel: -0.39, -0.75, -0.70
Gyro: -46.10, 20.12, -16.86
Accel: -0.35, -0.66, -0.71
Gyro: -56.13, 24.14, -19.65
Accel: -0.33, -0.60, -0.68
Gyro: -60.71, 23.61, -18.90
Accel: -0.31, -0.57, -0.71
Gyro: -63.90, 19.97, -19.38
Accel: -0.31, -0.52, -0.78
Gyro: -62.90, 21.65, -21.09
Accel: -0.28, -0.49, -0.77
Gyro: -63.35, 24.18, -21.44
Accel: -0.27, -0.49, -0.79
Gyro: -60.33, 22.32, -20.44
Accel: -0.26, -0.43, -0.86
Gyro: -67.15, 25.68, -20.97
Accel: -0.23, -0.39, -0.81
Gyro: -66.13, 27.86, -18.71
Accel: -0.21, -0.37, -0.83
Gyro: -68.59, 25.08, -16.83
Accel: -0.19, -0.33, -0.87
Gyro: -71.57, 25.38, -14.76
Accel: -0.17, -0.29, -0.87
Gyro: -71.25, 26.34, -13.63
Accel: -0.15, -0.27, -0.88
Gyro: -71.29, 24.83, -14.26
Accel: -0.13, -0.23, -0.88
Gyro: -73.27, 21.98, -17.49
Accel: -0.12, -0.16, -0.88
Gyro: -70.08, 19.08, -19.93
Accel: -0.11, -0.12, -0.87
Gyro: -64.37, 14.87, -21.77
Accel: -0.10, -0.07, -0.90
Gyro: -57.85, 10.25, -21.82
Accel: -0.10, -0.06, -0.94
Gyro: -54.02, 7.66, -20.97
Accel: -0.10, -0.04, -0.96
Gyro: -53.18, 8.93, -19.73
Accel: -0.10, 0.00, -0.93
Gyro: -51.51, 9.97, -19.49
Accel: -0.09, 0.03, -0.95
Gyro: -46.69, 9.12, -18.28
Accel: -0.08, 0.05, -0.94
Gyro: -41.27, 6.90, -17.02
Accel: -0.07, 0.07, -0.93
Gyro: -38.15, 3.65, -16.57
Accel: -0.07, 0.09, -0.94
Gyro: -36.44, 0.63, -14.74
Accel: -0.08, 0.08, -0.93
Gyro: -35.13, -2.04, -12.94
Accel: -0.08, 0.10, -0.94
Gyro: -35.59, -4.68, -12.04
Accel: -0.07, 0.13, -0.94
Gyro: -34.64, -6.36, -10.67
Accel: -0.09, 0.16, -0.96
Gyro: -32.04, -6.81, -8.18
Accel: -0.09, 0.18, -0.97
Gyro: -27.95, -5.67, -6.41
Accel: -0.10, 0.17, -0.99
Gyro: -23.29, -2.85, -5.89
Accel: -0.09, 0.20, -0.96
Gyro: -18.44, -1.11, -6.20
Accel: -0.09, 0.20, -0.94
Gyro: -11.09, -1.74, -5.78
Accel: -0.10, 0.20, -0.96
Gyro: -5.58, -2.27, -4.06
Accel: -0.10, 0.19, -0.96
Gyro: -4.34, -0.85, -2.56
Accel: -0.11, 0.17, -0.96
Gyro: -3.49, -0.27, -1.28
Accel: -0.10, 0.17, -0.96
Gyro: -3.20, 0.10, -0.59
Accel: -0.10, 0.16, -0.95
Gyro: -2.90, -0.17, -1.07
Accel: -0.10, 0.18, -0.96
Gyro: -3.00, 0.15, -1.43
Accel: -0.10, 0.18, -0.95
Gyro: -0.95, -0.31, -0.81
Accel: -0.10, 0.18, -0.94
Gyro: 1.25, -2.39, 0.05
Accel: -0.11, 0.17, -0.96
Gyro: 2.17, -2.16, 0.38
Accel: -0.10, 0.15, -0.95
Gyro: 2.43, -1.21, 0.78
Accel: -0.10, 0.14, -0.96
Gyro: 2.52, -1.56, 0.40
Accel: -0.11, 0.13, -0.95
Gyro: 1.45, -1.76, -0.15
Accel: -0.11, 0.13, -0.96
Gyro: 0.46, -1.27, -0.89
Accel: -0.10, 0.13, -0.96
Gyro: -0.37, -0.27, -1.42
Accel: -0.10, 0.13, -0.97
Gyro: -0.09, -0.66, -1.24
Accel: -0.09, 0.14, -0.96
Gyro: 0.30, -0.02, -1.96
Accel: -0.10, 0.14, -0.95
Gyro: 0.89, -0.21, -1.86
Accel: -0.10, 0.15, -0.95
Gyro: 0.39, -0.91, -1.55
Accel: -0.10, 0.14, -0.96
Gyro: 0.49, -1.61, -0.83
Accel: -0.10, 0.13, -0.95
Gyro: 0.31, -1.85, -0.29
Accel: -0.10, 0.12, -0.96
Gyro: -0.75, -2.12, -0.65
Accel: -0.10, 0.13, -0.97
Gyro: -1.56, -2.14, -0.88
Accel: -0.11, 0.13, -0.97
Gyro: -1.62, -2.07, -1.19
Accel: -0.11, 0.13, -0.96
Gyro: -1.33, -1.58, -1.21
Accel: -0.11, 0.13, -0.96
Gyro: -0.99, -1.37, -1.01
Accel: -0.10, 0.14, -0.95
Gyro: -0.99, -1.17, -1.10
Accel: -0.11, 0.13, -0.96
Gyro: -0.31, -0.97, -1.05
Accel: -0.11, 0.13, -0.95
Gyro: -0.41, -0.60, -1.02
Accel: -0.10, 0.13, -0.95
Gyro: -0.58, -1.26, -1.18
Accel: -0.11, 0.12, -0.96
Gyro: -1.23, -1.21, -0.82
Accel: -0.10, 0.12, -0.96
Gyro: -1.57, -1.40, -1.11
Accel: -0.10, 0.12, -0.96
Gyro: -1.37, -2.04, -1.43
