Accel: -0.11, 0.07, -0.96
Gyro: -0.26, -0.37, -0.59
Accel: -0.11, 0.06, -0.95
Gyro: 0.07, -0.99, 0.08
Accel: -0.11, 0.06, -0.97
Gyro: 0.18, -1.12, 0.04
Accel: -0.11, 0.05, -0.96
Gyro: -0.24, -1.36, -0.57
Accel: -0.11, 0.06, -0.96
Gyro: -0.33, -2.15, -0.96
Accel: -0.11, 0.05, -0.97
Gyro: -0.53, -1.46, -0.62
Accel: -0.11, 0.06, -0.96
Gyro: -0.08, -1.24, -0.49
Accel: -0.11, 0.06, -0.96
Gyro: -0.52, -1.79, -0.79
Accel: -0.11, 0.05, -0.96
Gyro: -0.65, -2.78, -1.00
Accel: -0.11, 0.05, -0.96
Gyro: -0.92, -2.66, -1.23
Accel: -0.12, 0.06, -0.97
Gyro: -1.59, -2.19, -1.84
Accel: -0.11, 0.09, -0.97
Gyro: 0.00, -2.07, -2.72
Accel: -0.12, 0.11, -0.95
Gyro: 2.53, -3.59, -1.75
Accel: -0.11, 0.16, -0.95
Gyro: 8.11, -5.41, -0.73
Accel: -0.11, 0.18, -0.94
Gyro: 20.58, -6.94, 1.80
Accel: -0.11, 0.17, -0.94
Gyro: 35.05, -8.34, 4.16
Accel: -0.11, 0.16, -0.92
Gyro: 49.29, -9.68, 6.81
Accel: -0.12, 0.15, -0.91
Gyro: 66.06, -11.80, 11.05
Accel: -0.12, 0.14, -0.92
Gyro: 81.60, -11.26, 16.01
Accel: -0.15, 0.10, -0.87
Gyro: 107.06, -12.21, 24.23
Accel: -0.16, -0.05, -0.82
Gyro: 129.59, -15.72, 36.67
Accel: -0.18, -0.16, -0.80
Gyro: 129.91, -17.24, 44.69
Accel: -0.19, -0.22, -0.77
Gyro: 129.33, -20.01, 50.83
Accel: -0.23, -0.29, -0.72
Gyro: 130.81, -24.54, 56.31
Accel: -0.25, -0.40, -0.74
Gyro: 132.69, -27.57, 59.66
Accel: -0.27, -0.54, -0.72
Gyro: 122.45, -27.99, 56.59
Accel: -0.29, -0.61, -0.65
Gyro: 109.59, -30.72, 51.42
Accel: -0.32, -0.68, -0.61
Gyro: 99.78, -36.48, 46.71
Accel: -0.37, -0.73, -0.65
Gyro: 86.97, -41.87, 42.51
Accel: -0.41, -0.75, -0.67
Gyro: 67.89, -40.36, 38.73
Accel: -0.43, -0.73, -0.64
Gyro: 54.23, -38.23, 34.89
Accel: -0.46, -0.69, -0.53
Gyro: 52.47, -40.25, 31.20
Accel: -0.50, -0.74, -0.57
Gyro: 45.69, -43.42, 27.60
Accel: -0.55, -0.77, -0.59
Gyro: 33.49, -41.06, 23.28
Accel: -0.61, -0.76, -0.58
Gyro: 25.82, -33.65, 19.39
Accel: -0.65, -0.77, -0.64
Gyro: 24.82, -22.28, 14.54
Accel: -0.65, -0.81, -0.63
Gyro: 17.36, -4.18, 8.00
Accel: -0.60, -0.81, -0.56
Gyro: 7.42, 8.29, 1.88
Accel: -0.57, -0.81, -0.52
Gyro: -2.20, 14.38, -1.91
Accel: -0.54, -0.80, -0.50
Gyro: -17.26, 15.45, -4.30
Accel: -0.54, -0.78, -0.52
Gyro: -28.37, 16.94, -5.23
Accel: -0.53, -0.79, -0.55
Gyro: -42.05, 18.39, -7.64
Accel: -0.53, -0.80, -0.56
Gyro: -54.74, 21.03, -9.98
Accel: -0.53, -0.79, -0.60
Gyro: -70.00, 24.21, -14.52
Accel: -0.51, -0.75, -0.62
Gyro: -81.12, 30.46, -20.55
Accel: -0.47, -0.70, -0.62
Gyro: -88.11, 33.25, -25.63
Accel: -0.44, -0.62, -0.62
Gyro: -93.54, 35.81, -29.33
Accel: -0.41, -0.57, -0.65
Gyro: -91.89, 35.92, -31.64
Accel: -0.37, -0.50, -0.66
Gyro: -96.70, 34.97, -33.48
Accel: -0.34, -0.47, -0.68
Gyro: -93.81, 28.95, -33.43
Accel: -0.32, -0.40, -0.75
Gyro: -95.77, 25.38, -35.05
Accel: -0.31, -0.37, -0.77
Gyro: -91.28, 24.99, -34.19
Accel: -0.29, -0.31, -0.80
Gyro: -89.90, 25.25, -34.16
Accel: -0.28, -0.29, -0.79
Gyro: -84.95, 23.71, -34.27
Accel: -0.27, -0.24, -0.82
Gyro: -81.29, 20.78, -34.66
Accel: -0.25, -0.20, -0.86
Gyro: -79.23, 20.17, -33.13
Accel: -0.24, -0.16, -0.89
Gyro: -80.07, 20.74, -32.55
Accel: -0.21, -0.14, -0.88
Gyro: -76.96, 21.38, -33.07
Accel: -0.20, -0.11, -0.84
Gyro: -73.34, 18.14, -35.17
Accel: -0.18, -0.04, -0.89
Gyro: -65.93, 12.40, -35.89
Accel: -0.17, 0.02, -0.92
Gyro: -62.12, 11.73, -32.14
Accel: -0.17, 0.04, -0.90
Gyro: -56.91, 10.33, -26.69
Accel: -0.16, 0.06, -0.92
Gyro: -49.55, 6.86, -21.83
Accel: -0.16, 0.08, -0.95
Gyro: -43.47, 6.67, -18.42
Accel: -0.15, 0.10, -0.95
Gyro: -37.67, 8.03, -16.08
Accel: -0.14, 0.10, -0.96
Gyro: -30.08, 6.24, -14.68
Accel: -0.14, 0.09, -0.95
Gyro: -25.03, 5.55, -15.97
Accel: -0.14, 0.14, -0.95
Gyro: -18.71, 4.79, -13.49
Accel: -0.12, 0.14, -0.92
Gyro: -15.31, 2.76, -8.66
Accel: -0.12, 0.12, -0.92
Gyro: -10.72, -2.36, -4.88
Accel: -0.13, 0.12, -0.93
Gyro: -8.21, -6.05, -3.18
Accel: -0.15, 0.11, -0.97
Gyro: -6.03, -6.74, -2.56
Accel: -0.16, 0.10, -0.95
Gyro: -4.08, -6.29, -0.95
Accel: -0.16, 0.09, -0.97
Gyro: -3.17, -6.53, -0.72
Accel: -0.17, 0.10, -0.97
Gyro: -2.67, -4.58, -0.14
Accel: -0.16, 0.10, -0.94
Gyro: -0.60, -5.20, 0.70
Accel: -0.17, 0.10, -0.96
Gyro: 1.70, -6.50, 2.04
Accel: -0.19, 0.09, -0.97
Gyro: 1.50, -4.74, 2.80
Accel: -0.18, 0.08, -0.97
Gyro: 2.13, -2.95, 2.99
Accel: -0.18, 0.07, -0.95
Gyro: 2.33, -2.92, 2.94
Accel: -0.18, 0.06, -0.95
Gyro: 2.21, -2.88, 2.18
Accel: -0.19, 0.05, -0.96
Gyro: 1.06, -2.14, 1.37
Accel: -0.18, 0.05, -0.95
Gyro: 0.09, -0.95, 0.03
Accel: -0.17, 0.05, -0.96
Gyro: 0.38, -0.83, -1.54
Accel: -0.18, 0.06, -0.95
Gyro: 0.92, -1.42, -2.48
Accel: -0.18, 0.06, -0.95
Gyro: 1.47, -1.92, -1.75
Accel: -0.18, 0.06, -0.96
Gyro: 1.24, -1.17, -0.77
Accel: -0.18, 0.05, -0.95
Gyro: 0.21, -0.79, -0.31
Accel: -0.18, 0.05, -0.95
Gyro: -0.02, -1.08, -0.02
Accel: -0.18, 0.04, -0.95
Gyro: -2.12, -1.08, -0.05
Accel: -0.17, 0.04, -0.96
Gyro: -3.67, -1.19, -1.06
Accel: -0.17, 0.06, -0.96
Gyro: -2.46, -1.05, -1.41
Accel: -0.17, 0.06, -0.96
Gyro: -0.78, -1.64, -1.25
Accel: -0.18, 0.07, -0.95
Gyro: -1.91, -2.32, -0.26
Accel: -0.17, 0.07, -0.96
Gyro: -2.03, -2.30, 0.27
Accel: -0.19, 0.06, -0.95
Gyro: -0.33, -2.44, 0.84
Accel: -0.19, 0.05, -0.96
Gyro: -1.44, -1.66, 0.30
Accel: -0.18, 0.04, -0.96
Gyro: -2.02, -1.95, -0.95
Accel: -0.18, 0.05, -0.95
Gyro: -2.87, -1.66, -1.42
Accel: -0.18, 0.06, -0.95
Gyro: -2.27, -2.20, -1.24
Accel: -0.19, 0.05, -0.96
Gyro: -2.42, -2.26, -0.92
