Accel: -0.11, 0.13, -0.95
Gyro: -0.66, -2.66, -1.42
Accel: -0.11, 0.12, -0.97
Gyro: -1.11, -2.40, -1.30
Accel: -0.11, 0.12, -0.96
Gyro: -1.54, -1.97, -1.01
Accel: -0.12, 0.13, -0.95
Gyro: -1.63, -2.40, -1.30
Accel: -0.11, 0.12, -0.96
Gyro: -1.60, -2.61, -0.92
Accel: -0.11, 0.13, -0.95
Gyro: -1.36, -2.49, -0.88
Accel: -0.11, 0.12, -0.95
Gyro: -0.83, -3.04, -1.05
Accel: -0.11, 0.12, -0.96
Gyro: -2.24, -2.46, -1.00
Accel: -0.12, 0.14, -0.96
Gyro: -2.84, -1.96, -1.17
Accel: -0.11, 0.16, -0.95
Gyro: -2.01, -3.56, -0.75
Accel: -0.10, 0.20, -0.94
Gyro: 2.81, -6.07, -1.01
Accel: -0.10, 0.22, -0.93
Gyro: 12.83, -8.87, -0.35
Accel: -0.10, 0.25, -0.94
Gyro: 23.79, -11.96, 1.14
Accel: -0.10, 0.27, -0.91
Gyro: 38.32, -15.35, 3.30
Accel: -0.11, 0.26, -0.89
Gyro: 58.39, -20.49, 7.48
Accel: -0.13, 0.20, -0.90
Gyro: 72.89, -24.12, 13.42
Accel: -0.14, 0.14, -0.89
Gyro: 82.60, -26.25, 19.72
Accel: -0.17, 0.10, -0.87
Gyro: 95.91, -29.86, 25.16
Accel: -0.19, 0.02, -0.86
Gyro: 109.20, -30.71, 27.08
Accel: -0.20, -0.05, -0.81
Gyro: 124.66, -32.11, 26.99
Accel: -0.23, -0.12, -0.75
Gyro: 143.42, -37.15, 26.68
Accel: -0.30, -0.21, -0.80
Gyro: 160.93, -34.84, 24.08
Accel: -0.32, -0.38, -0.78
Gyro: 157.28, -29.81, 26.92
Accel: -0.31, -0.51, -0.73
Gyro: 127.59, -27.36, 31.88
Accel: -0.34, -0.56, -0.71
Gyro: 109.28, -26.74, 32.31
Accel: -0.36, -0.60, -0.69
Gyro: 95.25, -23.39, 35.66
Accel: -0.39, -0.68, -0.62
Gyro: 86.51, -28.47, 41.86
Accel: -0.44, -0.77, -0.71
Gyro: 70.96, -25.04, 40.15
Accel: -0.48, -0.77, -0.66
Gyro: 52.64, -17.71, 31.27
Accel: -0.47, -0.76, -0.63
Gyro: 44.11, -14.69, 23.77
Accel: -0.51, -0.78, -0.64
Gyro: 35.15, -11.35, 15.75
Accel: -0.52, -0.77, -0.62
Gyro: 27.63, -8.07, 7.29
Accel: -0.54, -0.78, -0.67
Gyro: 16.62, 1.01, 1.13
Accel: -0.52, -0.80, -0.65
Gyro: 5.66, 10.64, -3.55
Accel: -0.49, -0.78, -0.60
Gyro: -5.78, 15.55, -7.56
Accel: -0.46, -0.76, -0.59
Gyro: -16.01, 15.88, -8.88
Accel: -0.45, -0.75, -0.60
Gyro: -29.05, 17.32, -10.13
Accel: -0.42, -0.72, -0.59
Gyro: -36.55, 17.43, -10.99
Accel: -0.43, -0.73, -0.64
Gyro: -46.10, 16.12, -12.76
Accel: -0.44, -0.73, -0.67
Gyro: -58.30, 20.92, -14.85
Accel: -0.41, -0.69, -0.67
Gyro: -67.79, 24.57, -20.02
Accel: -0.37, -0.60, -0.66
Gyro: -67.92, 25.28, -23.43
Accel: -0.35, -0.56, -0.68
Gyro: -67.02, 23.37, -23.19
Accel: -0.34, -0.54, -0.72
Gyro: -70.02, 21.34, -23.18
Accel: -0.33, -0.49, -0.77
Gyro: -70.46, 23.29, -22.80
Accel: -0.30, -0.45, -0.76
Gyro: -67.68, 23.84, -20.42
Accel: -0.29, -0.46, -0.77
Gyro: -68.37, 21.15, -18.91
Accel: -0.28, -0.42, -0.84
Gyro: -75.23, 21.66, -20.03
Accel: -0.26, -0.36, -0.83
Gyro: -75.36, 22.77, -19.55
Accel: -0.24, -0.32, -0.85
Gyro: -73.69, 23.54, -18.20
Accel: -0.21, -0.25, -0.88
Gyro: -70.66, 23.67, -16.53
Accel: -0.19, -0.23, -0.88
Gyro: -66.38, 24.52, -14.26
Accel: -0.17, -0.22, -0.87
Gyro: -65.35, 22.09, -15.73
Accel: -0.16, -0.17, -0.89
Gyro: -62.54, 19.42, -18.33
Accel: -0.15, -0.15, -0.92
Gyro: -56.88, 16.60, -18.85
Accel: -0.15, -0.12, -0.94
Gyro: -55.79, 16.94, -19.68
Accel: -0.14, -0.07, -0.92
Gyro: -51.98, 16.91, -19.38
Accel: -0.12, -0.08, -0.91
Gyro: -47.45, 13.34, -18.33
Accel: -0.13, -0.04, -0.95
Gyro: -45.47, 10.80, -17.58
Accel: -0.11, -0.01, -0.95
Gyro: -45.14, 13.20, -17.79
Accel: -0.10, -0.00, -0.94
Gyro: -39.77, 12.70, -17.34
Accel: -0.10, 0.00, -0.97
Gyro: -37.25, 12.34, -17.25
Accel: -0.08, 0.04, -0.95
Gyro: -36.64, 13.50, -16.91
Accel: -0.07, 0.06, -0.94
Gyro: -33.39, 11.55, -16.04
Accel: -0.07, 0.07, -0.94
Gyro: -28.63, 9.06, -15.13
Accel: -0.07, 0.08, -0.97
Gyro: -26.44, 9.25, -13.70
Accel: -0.06, 0.08, -0.94
Gyro: -24.66, 7.74, -12.82
Accel: -0.06, 0.10, -0.95
Gyro: -23.38, 5.94, -12.21
Accel: -0.06, 0.11, -0.97
Gyro: -21.23, 5.49, -11.09
Accel: -0.05, 0.13, -0.97
Gyro: -19.24, 6.00, -9.95
Accel: -0.04, 0.14, -0.93
Gyro: -14.97, 4.48, -8.87
Accel: -0.05, 0.14, -0.96
Gyro: -9.02, 2.37, -7.05
Accel: -0.05, 0.13, -0.97
Gyro: -7.80, 2.95, -5.75
Accel: -0.04, 0.13, -0.96
Gyro: -6.52, 2.82, -5.00
Accel: -0.04, 0.13, -0.95
Gyro: -4.39, 0.52, -4.21
Accel: -0.04, 0.14, -0.95
Gyro: -2.03, -0.71, -3.30
Accel: -0.04, 0.14, -0.97
Gyro: 0.34, -1.50, -1.80
Accel: -0.04, 0.13, -0.96
Gyro: 2.20, -2.19, 0.16
Accel: -0.05, 0.11, -0.95
Gyro: 2.91, -2.90, 2.59
Accel: -0.06, 0.09, -0.97
Gyro: 1.68, -3.03, 3.71
Accel: -0.06, 0.09, -0.98
Gyro: -1.70, -1.55, 3.08
Accel: -0.05, 0.08, -0.95
Gyro: -1.94, -1.78, 1.98
Accel: -0.06, 0.08, -0.97
Gyro: -2.29, -1.69, 0.60
Accel: -0.05, 0.10, -0.97
Gyro: -1.32, -1.77, -0.88
Accel: -0.06, 0.10, -0.97
Gyro: -0.51, -1.98, -1.53
Accel: -0.05, 0.09, -0.97
Gyro: -0.28, -2.81, -1.51
Accel: -0.06, 0.08, -0.97
Gyro: -1.13, -2.29, -1.39
Accel: -0.06, 0.09, -0.97
Gyro: -1.98, -1.98, -1.38
Accel: -0.06, 0.09, -0.97
Gyro: -2.22, -1.82, -1.43
Accel: -0.06, 0.09, -0.97
Gyro: -2.20, -1.38, -1.52
Accel: -0.05, 0.09, -0.95
Gyro: -2.73, -1.63, -1.88
Accel: -0.06, 0.09, -0.96
Gyro: -2.59, -3.02, -2.19
Accel: -0.06, 0.10, -0.95
Gyro: -1.63, -3.67, -1.56
Accel: -0.07, 0.08, -0.97
Gyro: -2.33, -3.36, -1.00
Accel: -0.07, 0.09, -0.96
Gyro: -3.03, -3.63, -1.29
Accel: -0.06, 0.09, -0.96
Gyro: -2.58, -4.00, -1.90
Accel: -0.07, 0.09, -0.98
Gyro: -2.61, -3.42, -1.81
Accel: -0.08, 0.09, -0.98
Gyro: -2.30, -2.80, -1.62
Accel: -0.07, 0.10, -0.97
Gyro: -2.60, -1.52, -1.49
Accel: -0.07, 0.10, -0.96
Gyro: -1.92, -1.80, -1.45
Accel: -0.07, 0.09, -0.97
Gyro: -1.41, -1.58, -1.17
