Accel: -0.13, 0.15, -0.96
Gyro: 0.57, -2.24, -0.39
Accel: -0.12, 0.15, -0.95
Gyro: 0.87, -2.54, -0.37
Accel: -0.12, 0.17, -0.94
Gyro: 2.17, -3.75, 0.66
Accel: -0.13, 0.16, -0.96
Gyro: 3.44, -4.21, 2.54
Accel: -0.12, 0.16, -0.96
Gyro: 4.81, -3.90, 3.43
Accel: -0.11, 0.16, -0.95
Gyro: 7.53, -4.52, 4.70
Accel: -0.12, 0.14, -0.94
Gyro: 10.79, -7.00, 5.40
Accel: -0.12, 0.12, -0.96
Gyro: 11.22, -8.22, 5.84
Accel: -0.13, 0.14, -0.94
Gyro: 9.80, -8.77, 6.42
Accel: -0.13, 0.16, -0.94
Gyro: 12.63, -10.89, 6.36
Accel: -0.12, 0.21, -0.94
Gyro: 19.02, -12.31, 6.91
Accel: -0.12, 0.24, -0.89
Gyro: 38.32, -18.24, 7.04
Accel: -0.12, 0.25, -0.85
Gyro: 57.84, -25.57, 7.80
Accel: -0.14, 0.21, -0.85
Gyro: 80.18, -32.85, 9.93
Accel: -0.17, 0.16, -0.86
Gyro: 101.51, -38.05, 14.08
Accel: -0.21, 0.09, -0.86
Gyro: 126.12, -39.58, 17.10
Accel: -0.24, -0.05, -0.80
Gyro: 149.07, -39.24, 19.38
Accel: -0.26, -0.19, -0.81
Gyro: 158.62, -38.41, 18.20
Accel: -0.32, -0.33, -0.83
Gyro: 154.21, -34.29, 18.32
Accel: -0.35, -0.45, -0.83
Gyro: 133.61, -27.69, 21.19
Accel: -0.34, -0.56, -0.83
Gyro: 111.11, -17.59, 18.17
Accel: -0.29, -0.63, -0.62
Gyro: 86.17, -18.14, 6.39
Accel: -0.32, -0.61, -0.63
Gyro: 87.51, -32.10, -0.06
Accel: -0.36, -0.57, -0.70
Gyro: 81.09, -32.77, 1.81
Accel: -0.41, -0.59, -0.71
Gyro: 80.14, -26.86, 13.66
Accel: -0.42, -0.74, -0.65
Gyro: 66.52, -23.28, 24.13
Accel: -0.46, -0.79, -0.69
Gyro: 50.67, -17.63, 20.94
Accel: -0.48, -0.77, -0.64
Gyro: 40.00, -10.35, 15.68
Accel: -0.49, -0.79, -0.64
Gyro: 27.78, -8.06, 14.27
Accel: -0.49, -0.78, -0.65
Gyro: 11.60, -1.25, 11.47
Accel: -0.50, -0.76, -0.59
Gyro: 3.56, 4.95, 7.26
Accel: -0.50, -0.72, -0.62
Gyro: -2.79, 8.16, 4.31
Accel: -0.48, -0.71, -0.63
Gyro: -10.37, 12.75, 3.85
Accel: -0.45, -0.76, -0.58
Gyro: -15.16, 13.95, 1.24
Accel: -0.44, -0.77, -0.58
Gyro: -26.76, 11.44, -2.59
Accel: -0.45, -0.72, -0.64
Gyro: -34.65, 13.10, -3.15
Accel: -0.46, -0.75, -0.66
Gyro: -45.61, 17.73, -5.65
Accel: -0.44, -0.70, -0.66
Gyro: -56.03, 21.73, -9.22
Accel: -0.43, -0.66, -0.69
Gyro: -61.38, 25.44, -10.50
Accel: -0.41, -0.64, -0.69
Gyro: -67.23, 28.95, -12.81
Accel: -0.37, -0.56, -0.70
Gyro: -70.63, 30.65, -14.39
Accel: -0.35, -0.56, -0.71
Gyro: -71.62, 29.68, -13.89
Accel: -0.33, -0.53, -0.73
Gyro: -74.86, 27.19, -16.15
Accel: -0.31, -0.47, -0.77
Gyro: -79.15, 28.17, -17.57
Accel: -0.29, -0.44, -0.78
Gyro: -78.70, 26.20, -16.59
Accel: -0.28, -0.42, -0.82
Gyro: -83.89, 25.56, -17.94
Accel: -0.27, -0.33, -0.84
Gyro: -88.14, 27.73, -18.52
Accel: -0.23, -0.26, -0.84
Gyro: -85.26, 28.96, -16.86
Accel: -0.21, -0.24, -0.82
Gyro: -78.58, 24.20, -15.08
Accel: -0.20, -0.23, -0.89
Gyro: -77.55, 20.21, -17.43
Accel: -0.19, -0.17, -0.88
Gyro: -78.74, 20.04, -22.21
Accel: -0.17, -0.10, -0.86
Gyro: -72.67, 17.02, -24.64
Accel: -0.17, -0.06, -0.89
Gyro: -65.03, 12.72, -24.43
Accel: -0.19, -0.05, -0.93
Gyro: -60.83, 11.43, -23.41
Accel: -0.17, 0.00, -0.96
Gyro: -60.41, 14.31, -23.15
Accel: -0.15, 0.06, -0.93
Gyro: -55.10, 15.00, -22.57
Accel: -0.15, 0.06, -0.94
Gyro: -45.74, 14.36, -19.81
Accel: -0.13, 0.07, -0.95
Gyro: -43.37, 15.45, -17.53
Accel: -0.12, 0.10, -0.93
Gyro: -41.01, 14.05, -15.71
Accel: -0.10, 0.13, -0.94
Gyro: -35.55, 11.65, -13.28
Accel: -0.10, 0.12, -0.95
Gyro: -30.83, 10.32, -11.23
Accel: -0.09, 0.13, -0.94
Gyro: -30.14, 10.48, -8.87
Accel: -0.09, 0.13, -0.94
Gyro: -26.89, 7.81, -7.91
Accel: -0.09, 0.14, -0.96
Gyro: -25.31, 6.85, -7.24
Accel: -0.09, 0.15, -0.96
Gyro: -24.64, 7.13, -7.66
Accel: -0.08, 0.17, -0.95
Gyro: -21.00, 6.77, -7.47
Accel: -0.08, 0.17, -0.97
Gyro: -17.95, 7.20, -6.86
Accel: -0.07, 0.17, -0.94
Gyro: -15.56, 6.04, -6.54
Accel: -0.07, 0.18, -0.94
Gyro: -13.40, 4.11, -7.22
Accel: -0.07, 0.19, -0.96
Gyro: -10.34, 3.79, -7.80
Accel: -0.06, 0.21, -0.95
Gyro: -5.51, 2.46, -7.33
Accel: -0.06, 0.19, -0.93
Gyro: -2.40, 0.58, -5.87
Accel: -0.05, 0.19, -0.93
Gyro: -0.72, -1.82, -4.62
Accel: -0.07, 0.19, -0.97
Gyro: 0.76, -4.32, -3.11
Accel: -0.08, 0.19, -0.96
Gyro: 2.15, -3.89, -0.60
Accel: -0.07, 0.18, -0.96
Gyro: 4.84, -4.23, 1.21
Accel: -0.08, 0.16, -0.94
Gyro: 4.96, -5.34, 1.93
Accel: -0.09, 0.16, -0.97
Gyro: 5.55, -5.70, 3.21
Accel: -0.09, 0.14, -0.96
Gyro: 4.24, -3.59, 3.46
Accel: -0.09, 0.14, -0.96
Gyro: 3.44, -2.91, 2.71
Accel: -0.09, 0.13, -0.96
Gyro: 3.17, -2.46, 1.79
Accel: -0.09, 0.13, -0.97
Gyro: 1.84, -2.06, 0.82
Accel: -0.09, 0.12, -0.96
Gyro: 0.79, -2.05, 0.21
Accel: -0.08, 0.13, -0.95
Gyro: 0.47, -2.01, 0.18
Accel: -0.09, 0.13, -0.96
Gyro: -0.22, -2.61, -0.28
Accel: -0.08, 0.13, -0.97
Gyro: -0.07, -2.34, -0.27
Accel: -0.09, 0.13, -0.96
Gyro: -0.76, -1.74, -0.88
Accel: -0.09, 0.13, -0.96
Gyro: -1.14, -1.85, -0.96
Accel: -0.10, 0.14, -0.96
Gyro: -0.51, -2.04, -1.22
Accel: -0.09, 0.13, -0.94
Gyro: 0.67, -2.54, -0.72
Accel: -0.10, 0.13, -0.95
Gyro: 0.45, -2.80, -0.75
Accel: -0.09, 0.13, -0.96
Gyro: 0.71, -3.54, -0.31
Accel: -0.10, 0.13, -0.96
Gyro: 0.58, -3.55, 0.14
Accel: -0.10, 0.12, -0.97
Gyro: 0.43, -2.37, -0.05
Accel: -0.10, 0.12, -0.95
Gyro: 0.86, -2.04, 0.23
Accel: -0.10, 0.12, -0.95
Gyro: 1.09, -2.60, -0.04
Accel: -0.10, 0.13, -0.97
Gyro: 1.32, -2.39, 0.32
Accel: -0.11, 0.13, -0.97
Gyro: 1.55, -1.30, 0.56
Accel: -0.10, 0.12, -0.96
Gyro: 2.27, -1.56, 0.73
Accel: -0.10, 0.12, -0.96
Gyro: 4.62, -1.38, 0.18
Accel: -0.09, 0.12, -0.95
Gyro: 9.57, -3.34, -1.25
