Accel: -0.14, 0.07, -0.95
Gyro: -1.19, -1.81, -1.09
Accel: -0.13, 0.07, -0.96
Gyro: -1.24, -2.53, -1.01
Accel: -0.13, 0.07, -0.98
Gyro: -0.92, -1.95, -0.44
Accel: -0.13, 0.06, -0.96
Gyro: -1.28, -0.05, -0.82
Accel: -0.12, 0.07, -0.96
Gyro: -1.32, -0.27, -0.78
Accel: -0.13, 0.07, -0.96
Gyro: -0.88, -0.45, -0.49
Accel: -0.12, 0.06, -0.96
Gyro: -0.79, -0.75, -0.40
Accel: -0.13, 0.06, -0.97
Gyro: -2.01, -1.77, -0.85
Accel: -0.12, 0.10, -0.95
Gyro: -3.02, -2.21, -0.72
Accel: -0.11, 0.12, -0.93
Gyro: 0.01, -5.18, -0.52
Accel: -0.11, 0.14, -0.94
Gyro: 7.73, -8.16, 0.69
Accel: -0.10, 0.18, -0.92
Gyro: 14.83, -10.28, 1.21
Accel: -0.10, 0.23, -0.92
Gyro: 28.98, -14.68, 2.83
Accel: -0.11, 0.27, -0.88
Gyro: 53.83, -20.33, 6.27
Accel: -0.13, 0.23, -0.89
Gyro: 83.80, -24.25, 11.51
Accel: -0.15, 0.13, -0.90
Gyro: 103.96, -26.49, 18.14
Accel: -0.18, -0.01, -0.84
Gyro: 114.78, -28.57, 23.49
Accel: -0.21, -0.13, -0.88
Gyro: 118.17, -28.75, 27.16
Accel: -0.22, -0.17, -0.86
Gyro: 117.39, -26.63, 28.25
Accel: -0.24, -0.26, -0.83
Gyro: 114.17, -24.25, 30.74
Accel: -0.25, -0.26, -0.79
Gyro: 112.03, -26.02, 33.39
Accel: -0.27, -0.29, -0.76
Gyro: 112.10, -23.78, 37.86
Accel: -0.29, -0.41, -0.63
Gyro: 116.45, -28.70, 41.63
Accel: -0.32, -0.64, -0.56
Gyro: 116.49, -51.68, 40.52
Accel: -0.43, -0.63, -0.79
Gyro: 97.05, -47.87, 27.43
Accel: -0.43, -0.54, -0.75
Gyro: 85.85, -32.70, 22.74
Accel: -0.46, -0.59, -0.60
Gyro: 88.29, -26.15, 28.69
Accel: -0.52, -0.66, -0.65
Gyro: 84.03, -24.45, 39.48
Accel: -0.58, -0.84, -0.69
Gyro: 69.82, -12.98, 46.26
Accel: -0.56, -0.93, -0.57
Gyro: 43.95, -2.88, 36.10
Accel: -0.55, -0.85, -0.54
Gyro: 31.97, -4.09, 22.30
Accel: -0.60, -0.85, -0.65
Gyro: 21.80, 5.17, 11.47
Accel: -0.57, -0.85, -0.60
Gyro: 12.51, 16.61, 1.08
Accel: -0.52, -0.81, -0.54
Gyro: -0.17, 21.71, -4.98
Accel: -0.48, -0.78, -0.52
Gyro: -12.72, 21.64, -4.93
Accel: -0.48, -0.78, -0.55
Gyro: -24.85, 20.91, -3.55
Accel: -0.47, -0.74, -0.59
Gyro: -32.55, 23.83, -3.29
Accel: -0.45, -0.78, -0.57
Gyro: -42.77, 24.38, -4.20
Accel: -0.44, -0.73, -0.63
Gyro: -51.99, 24.65, -4.78
Accel: -0.43, -0.69, -0.63
Gyro: -58.36, 29.82, -4.10
Accel: -0.40, -0.73, -0.61
Gyro: -67.33, 28.40, -9.28
Accel: -0.38, -0.63, -0.65
Gyro: -69.89, 25.96, -17.81
Accel: -0.36, -0.57, -0.69
Gyro: -69.67, 25.56, -20.91
Accel: -0.34, -0.55, -0.68
Gyro: -69.05, 22.32, -23.68
Accel: -0.33, -0.52, -0.73
Gyro: -72.62, 19.83, -26.64
Accel: -0.32, -0.43, -0.77
Gyro: -75.24, 21.44, -28.15
Accel: -0.29, -0.41, -0.76
Gyro: -72.61, 20.66, -25.87
Accel: -0.29, -0.37, -0.79
Gyro: -71.44, 18.26, -23.86
Accel: -0.29, -0.33, -0.82
Gyro: -70.04, 18.97, -22.25
Accel: -0.29, -0.32, -0.84
Gyro: -66.99, 20.00, -21.58
Accel: -0.29, -0.31, -0.90
Gyro: -68.49, 23.40, -21.20
Accel: -0.26, -0.28, -0.85
Gyro: -71.62, 26.19, -21.49
Accel: -0.23, -0.27, -0.87
Gyro: -69.24, 24.70, -23.52
Accel: -0.21, -0.22, -0.90
Gyro: -72.33, 24.98, -28.39
Accel: -0.17, -0.13, -0.87
Gyro: -70.22, 24.34, -30.62
Accel: -0.16, -0.11, -0.86
Gyro: -61.33, 18.58, -31.30
Accel: -0.15, -0.08, -0.92
Gyro: -56.31, 14.41, -31.19
Accel: -0.14, -0.04, -0.95
Gyro: -54.27, 15.75, -29.68
Accel: -0.11, -0.00, -0.92
Gyro: -50.18, 15.28, -27.42
Accel: -0.11, -0.01, -0.91
Gyro: -42.91, 9.96, -24.83
Accel: -0.12, -0.00, -0.94
Gyro: -42.30, 6.79, -22.90
Accel: -0.10, 0.01, -0.95
Gyro: -43.08, 6.67, -21.90
Accel: -0.11, 0.04, -0.97
Gyro: -41.24, 7.19, -20.64
Accel: -0.09, 0.06, -0.97
Gyro: -40.00, 9.99, -20.13
Accel: -0.09, 0.07, -0.91
Gyro: -35.64, 8.39, -20.31
Accel: -0.09, 0.08, -0.95
Gyro: -34.55, 7.16, -20.52
Accel: -0.08, 0.10, -0.94
Gyro: -34.38, 5.74, -20.38
Accel: -0.07, 0.14, -0.94
Gyro: -29.44, 3.33, -19.72
Accel: -0.08, 0.16, -0.96
Gyro: -24.67, 2.22, -18.06
Accel: -0.08, 0.17, -0.95
Gyro: -20.19, 2.08, -15.61
Accel: -0.09, 0.17, -0.96
Gyro: -16.50, 0.94, -13.23
Accel: -0.08, 0.19, -0.96
Gyro: -13.31, -0.71, -11.34
Accel: -0.09, 0.19, -0.95
Gyro: -8.61, -1.71, -8.09
Accel: -0.09, 0.18, -0.95
Gyro: -5.88, -2.09, -5.33
Accel: -0.09, 0.17, -0.96
Gyro: -3.79, -2.59, -2.85
Accel: -0.09, 0.17, -0.96
Gyro: -2.20, -2.79, -1.28
Accel: -0.10, 0.16, -0.95
Gyro: -0.90, -3.15, 0.06
Accel: -0.10, 0.15, -0.96
Gyro: -0.60, -3.32, 0.76
Accel: -0.10, 0.14, -0.97
Gyro: -0.08, -3.62, 1.05
Accel: -0.10, 0.14, -0.96
Gyro: -0.18, -3.17, 1.17
Accel: -0.10, 0.13, -0.95
Gyro: -0.63, -3.30, 0.31
Accel: -0.11, 0.13, -0.96
Gyro: -0.07, -4.10, 0.05
Accel: -0.11, 0.13, -0.97
Gyro: 0.01, -3.73, 0.06
Accel: -0.11, 0.13, -0.96
Gyro: 0.11, -2.97, 0.43
Accel: -0.11, 0.13, -0.96
Gyro: -0.18, -3.20, 0.41
Accel: -0.11, 0.12, -0.95
Gyro: 0.75, -2.74, -0.14
Accel: -0.10, 0.13, -0.96
Gyro: 1.11, -3.50, -0.18
Accel: -0.11, 0.13, -0.97
Gyro: 0.04, -2.94, 0.32
Accel: -0.12, 0.12, -0.95
Gyro: 0.27, -2.94, 0.61
Accel: -0.11, 0.12, -0.95
Gyro: 0.30, -3.29, 0.59
Accel: -0.12, 0.11, -0.97
Gyro: -0.26, -3.79, -0.14
Accel: -0.11, 0.12, -0.97
Gyro: -0.34, -3.43, -0.05
Accel: -0.12, 0.11, -0.96
Gyro: -0.34, -3.29, -0.40
Accel: -0.13, 0.11, -0.96
Gyro: -0.28, -2.56, -0.34
Accel: -0.12, 0.11, -0.96
Gyro: -0.87, -2.27, -0.91
Accel: -0.13, 0.13, -0.95
Gyro: -0.49, -2.29, -0.65
Accel: -0.12, 0.11, -0.96
Gyro: 0.09, -2.45, -0.41
Accel: -0.13, 0.12, -0.97
Gyro: -0.79, -1.11, -0.72
Accel: -0.13, 0.13, -0.95
Gyro: -0.16, -0.93, 0.16
Accel: -0.12, 0.13, -0.95
Gyro: 0.68, -1.72, 0.83
Accel: -0.13, 0.12, -0.96
Gyro: 0.95, -1.77, 1.08
