Accel: -0.07, 0.14, -0.95
Gyro: -0.76, -1.37, -0.75
Accel: -0.07, 0.13, -0.96
Gyro: -0.47, -2.06, -0.85
Accel: -0.08, 0.13, -0.96
Gyro: -0.40, -1.98, -0.91
Accel: -0.08, 0.14, -0.96
Gyro: -0.51, -2.05, -0.86
Accel: -0.08, 0.14, -0.96
Gyro: -0.40, -2.58, -0.65
Accel: -0.07, 0.14, -0.96
Gyro: -0.16, -3.15, -0.11
Accel: -0.08, 0.15, -0.96
Gyro: -0.25, -2.57, 0.30
Accel: -0.08, 0.13, -0.96
Gyro: 0.27, -2.18, 0.09
Accel: -0.07, 0.15, -0.94
Gyro: 1.88, -3.17, -0.54
Accel: -0.07, 0.18, -0.94
Gyro: 5.13, -5.57, 1.01
Accel: -0.07, 0.19, -0.95
Gyro: 9.22, -6.65, 3.20
Accel: -0.07, 0.21, -0.95
Gyro: 13.48, -8.46, 5.10
Accel: -0.06, 0.24, -0.89
Gyro: 23.73, -11.76, 6.71
Accel: -0.07, 0.24, -0.91
Gyro: 38.67, -17.36, 8.68
Accel: -0.09, 0.25, -0.91
Gyro: 54.01, -21.04, 11.24
Accel: -0.10, 0.23, -0.89
Gyro: 70.93, -23.11, 15.98
Accel: -0.13, 0.17, -0.92
Gyro: 87.43, -24.17, 21.18
Accel: -0.14, 0.11, -0.90
Gyro: 99.95, -23.07, 26.73
Accel: -0.14, 0.03, -0.89
Gyro: 109.84, -22.96, 32.93
Accel: -0.17, -0.09, -0.88
Gyro: 113.28, -21.87, 36.61
Accel: -0.17, -0.19, -0.81
Gyro: 113.34, -24.86, 37.75
Accel: -0.19, -0.22, -0.81
Gyro: 110.08, -28.98, 38.99
Accel: -0.23, -0.26, -0.82
Gyro: 109.29, -29.94, 41.81
Accel: -0.25, -0.35, -0.69
Gyro: 111.97, -34.10, 44.90
Accel: -0.29, -0.49, -0.66
Gyro: 115.96, -43.25, 44.01
Accel: -0.37, -0.59, -0.79
Gyro: 105.69, -42.72, 38.26
Accel: -0.40, -0.63, -0.83
Gyro: 90.58, -29.95, 32.79
Accel: -0.40, -0.65, -0.70
Gyro: 71.61, -20.32, 30.39
Accel: -0.42, -0.67, -0.70
Gyro: 66.83, -24.25, 32.61
Accel: -0.53, -0.67, -0.81
Gyro: 50.92, -10.75, 36.44
Accel: -0.49, -0.71, -0.71
Gyro: 37.12, 2.12, 41.05
Accel: -0.47, -0.79, -0.60
Gyro: 25.73, -0.02, 37.45
Accel: -0.49, -0.80, -0.66
Gyro: 11.03, -2.15, 24.40
Accel: -0.48, -0.73, -0.66
Gyro: 3.85, 0.29, 11.28
Accel: -0.52, -0.69, -0.70
Gyro: -1.22, 6.39, 3.36
Accel: -0.51, -0.68, -0.65
Gyro: -8.09, 11.80, 0.77
Accel: -0.49, -0.69, -0.67
Gyro: -18.13, 13.40, -0.12
Accel: -0.50, -0.72, -0.70
Gyro: -29.45, 17.94, -1.95
Accel: -0.47, -0.70, -0.68
Gyro: -41.76, 22.23, -5.97
Accel: -0.44, -0.69, -0.68
Gyro: -50.24, 23.21, -10.58
Accel: -0.42, -0.65, -0.68
Gyro: -58.67, 24.43, -17.14
Accel: -0.39, -0.59, -0.69
Gyro: -60.82, 23.77, -22.51
Accel: -0.37, -0.57, -0.70
Gyro: -63.97, 21.97, -27.08
Accel: -0.36, -0.52, -0.74
Gyro: -69.39, 20.57, -31.40
Accel: -0.34, -0.48, -0.74
Gyro: -69.79, 18.63, -33.16
Accel: -0.32, -0.43, -0.77
Gyro: -71.44, 16.72, -34.87
Accel: -0.31, -0.39, -0.79
Gyro: -69.91, 15.34, -34.67
Accel: -0.31, -0.41, -0.83
Gyro: -71.15, 13.39, -36.24
Accel: -0.30, -0.32, -0.88
Gyro: -76.52, 18.03, -38.57
Accel: -0.26, -0.26, -0.86
Gyro: -74.04, 21.49, -35.71
Accel: -0.24, -0.26, -0.83
Gyro: -69.18, 18.96, -32.33
Accel: -0.23, -0.23, -0.88
Gyro: -70.65, 16.86, -32.68
Accel: -0.21, -0.19, -0.91
Gyro: -73.20, 18.30, -34.05
Accel: -0.18, -0.14, -0.89
Gyro: -71.49, 17.75, -34.58
Accel: -0.17, -0.09, -0.89
Gyro: -67.41, 15.77, -34.71
Accel: -0.17, -0.06, -0.88
Gyro: -61.86, 13.29, -32.62
Accel: -0.17, -0.03, -0.92
Gyro: -56.58, 10.96, -30.67
Accel: -0.14, 0.01, -0.93
Gyro: -55.15, 11.38, -28.31
Accel: -0.14, 0.03, -0.94
Gyro: -52.46, 9.72, -26.16
Accel: -0.13, 0.08, -0.91
Gyro: -47.74, 8.26, -23.34
Accel: -0.12, 0.08, -0.95
Gyro: -41.08, 6.58, -20.75
Accel: -0.14, 0.09, -0.96
Gyro: -35.84, 7.06, -18.80
Accel: -0.12, 0.10, -0.96
Gyro: -32.89, 7.94, -17.34
Accel: -0.12, 0.11, -0.95
Gyro: -30.65, 7.06, -15.47
Accel: -0.12, 0.12, -0.97
Gyro: -28.59, 6.58, -13.57
Accel: -0.12, 0.12, -0.95
Gyro: -26.73, 6.42, -10.83
Accel: -0.12, 0.12, -0.96
Gyro: -27.77, 7.23, -9.14
Accel: -0.10, 0.15, -0.95
Gyro: -27.69, 7.16, -8.38
Accel: -0.09, 0.16, -0.96
Gyro: -25.06, 6.68, -8.54
Accel: -0.08, 0.18, -0.93
Gyro: -20.02, 5.11, -8.54
Accel: -0.08, 0.21, -0.93
Gyro: -13.55, 1.95, -7.99
Accel: -0.09, 0.19, -0.96
Gyro: -8.48, -0.02, -6.67
Accel: -0.10, 0.18, -0.95
Gyro: -6.88, -0.28, -4.65
Accel: -0.09, 0.17, -0.95
Gyro: -7.75, -0.41, -2.98
Accel: -0.09, 0.18, -0.93
Gyro: -6.63, -2.01, -1.59
Accel: -0.09, 0.17, -0.95
Gyro: -5.81, -3.02, -1.00
Accel: -0.10, 0.17, -0.97
Gyro: -6.79, -2.21, -1.61
Accel: -0.11, 0.19, -0.96
Gyro: -5.44, -1.11, -1.57
Accel: -0.10, 0.18, -0.96
Gyro: -2.94, -0.27, -0.56
Accel: -0.10, 0.18, -0.94
Gyro: -0.84, -0.64, 0.05
Accel: -0.11, 0.16, -0.96
Gyro: -1.61, -1.01, 0.60
Accel: -0.10, 0.16, -0.95
Gyro: -2.75, -0.64, -0.02
Accel: -0.10, 0.15, -0.95
Gyro: -2.53, -0.38, -0.54
Accel: -0.10, 0.16, -0.94
Gyro: -2.83, -0.96, -1.54
Accel: -0.10, 0.16, -0.95
Gyro: -2.97, -1.68, -1.52
Accel: -0.10, 0.16, -0.95
Gyro: -3.83, -2.22, -2.11
Accel: -0.10, 0.16, -0.95
Gyro: -4.15, -2.70, -2.27
Accel: -0.11, 0.17, -0.95
Gyro: -3.66, -2.66, -2.31
Accel: -0.10, 0.17, -0.96
Gyro: -2.64, -2.30, -1.81
Accel: -0.11, 0.18, -0.95
Gyro: -1.70, -1.72, -1.38
Accel: -0.11, 0.18, -0.95
Gyro: -0.60, -1.07, -0.77
Accel: -0.11, 0.16, -0.96
Gyro: -0.24, -0.65, -0.46
Accel: -0.11, 0.16, -0.96
Gyro: -0.54, -0.37, -0.06
Accel: -0.11, 0.16, -0.96
Gyro: -0.15, -0.89, 0.03
Accel: -0.11, 0.15, -0.95
Gyro: -0.48, -0.53, -0.21
Accel: -0.11, 0.15, -0.96
Gyro: -1.20, -0.46, -0.37
Accel: -0.11, 0.16, -0.95
Gyro: -0.69, -0.92, -0.85
Accel: -0.11, 0.16, -0.95
Gyro: -0.03, -1.46, -0.71
Accel: -0.11, 0.16, -0.96
Gyro: 0.08, -0.79, -0.95
Accel: -0.11, 0.16, -0.97
Gyro: -0.36, -0.72, -1.04
Accel: -0.10, 0.16, -0.95
Gyro: 0.09, -0.63, -1.32
