Accel: -0.11, 0.06, -0.96
Gyro: -0.47, -1.50, -0.83
Accel: -0.11, 0.07, -0.97
Gyro: -1.01, -1.47, -0.34
Accel: -0.11, 0.06, -0.96
Gyro: -1.34, -1.33, -0.75
Accel: -0.11, 0.06, -0.96
Gyro: -0.93, -1.44, -0.60
Accel: -0.11, 0.06, -0.96
Gyro: -0.96, -1.66, -0.56
Accel: -0.12, 0.06, -0.97
Gyro: -2.24, -1.43, -0.62
Accel: -0.11, 0.06, -0.97
Gyro: -1.56, -0.56, -0.78
Accel: -0.11, 0.06, -0.96
Gyro: -1.49, -0.05, -0.69
Accel: -0.11, 0.06, -0.96
Gyro: -2.02, -0.11, -1.07
Accel: -0.10, 0.06, -0.96
Gyro: -1.69, -0.33, -1.67
Accel: -0.11, 0.07, -0.97
Gyro: -2.13, -0.16, -2.21
Accel: -0.10, 0.11, -0.95
Gyro: -0.98, -1.17, -2.10
Accel: -0.10, 0.15, -0.94
Gyro: 4.91, -3.33, -1.52
Accel: -0.10, 0.17, -0.95
Gyro: 13.27, -4.81, -0.08
Accel: -0.10, 0.22, -0.94
Gyro: 26.08, -6.89, 2.14
Accel: -0.11, 0.21, -0.93
Gyro: 45.36, -9.31, 5.47
Accel: -0.10, 0.17, -0.92
Gyro: 63.46, -11.25, 9.12
Accel: -0.11, 0.11, -0.90
Gyro: 80.73, -15.02, 12.70
Accel: -0.13, 0.03, -0.89
Gyro: 92.25, -17.85, 16.45
Accel: -0.15, -0.06, -0.88
Gyro: 101.06, -18.97, 18.42
Accel: -0.15, -0.12, -0.84
Gyro: 110.34, -22.09, 20.65
Accel: -0.17, -0.20, -0.86
Gyro: 108.84, -23.88, 22.85
Accel: -0.19, -0.27, -0.86
Gyro: 104.85, -23.06, 23.52
Accel: -0.20, -0.33, -0.77
Gyro: 103.38, -25.88, 23.80
Accel: -0.23, -0.39, -0.82
Gyro: 100.39, -27.11, 24.44
Accel: -0.23, -0.45, -0.74
Gyro: 99.69, -26.79, 24.41
Accel: -0.27, -0.50, -0.71
Gyro: 100.65, -30.42, 22.89
Accel: -0.31, -0.49, -0.73
Gyro: 99.97, -26.76, 25.64
Accel: -0.32, -0.67, -0.63
Gyro: 88.32, -30.64, 34.05
Accel: -0.36, -0.80, -0.66
Gyro: 63.13, -35.45, 32.64
Accel: -0.42, -0.72, -0.75
Gyro: 52.01, -28.45, 27.16
Accel: -0.44, -0.69, -0.67
Gyro: 44.53, -18.14, 24.28
Accel: -0.44, -0.78, -0.67
Gyro: 38.38, -13.79, 20.78
Accel: -0.44, -0.80, -0.62
Gyro: 25.18, -11.59, 12.07
Accel: -0.47, -0.76, -0.65
Gyro: 17.34, -7.86, 6.56
Accel: -0.48, -0.79, -0.67
Gyro: 6.72, -0.02, 3.95
Accel: -0.47, -0.82, -0.67
Gyro: -7.48, 7.62, -1.68
Accel: -0.44, -0.75, -0.60
Gyro: -15.06, 10.21, -6.07
Accel: -0.45, -0.74, -0.65
Gyro: -22.04, 13.02, -6.97
Accel: -0.46, -0.73, -0.69
Gyro: -33.97, 19.73, -7.44
Accel: -0.43, -0.71, -0.64
Gyro: -42.75, 25.41, -6.52
Accel: -0.40, -0.72, -0.64
Gyro: -51.81, 26.67, -5.76
Accel: -0.38, -0.68, -0.67
Gyro: -60.07, 28.05, -8.64
Accel: -0.36, -0.65, -0.68
Gyro: -64.29, 29.69, -11.94
Accel: -0.34, -0.60, -0.69
Gyro: -68.07, 29.17, -14.71
Accel: -0.30, -0.54, -0.71
Gyro: -68.36, 27.26, -16.15
Accel: -0.29, -0.53, -0.72
Gyro: -67.09, 24.64, -16.83
Accel: -0.27, -0.49, -0.76
Gyro: -70.54, 21.33, -18.59
Accel: -0.26, -0.45, -0.79
Gyro: -71.49, 20.85, -19.49
Accel: -0.25, -0.42, -0.80
Gyro: -70.96, 18.53, -19.48
Accel: -0.24, -0.39, -0.87
Gyro: -72.25, 18.51, -21.14
Accel: -0.23, -0.32, -0.87
Gyro: -71.22, 22.51, -22.40
Accel: -0.20, -0.30, -0.84
Gyro: -66.91, 22.89, -21.61
Accel: -0.18, -0.27, -0.88
Gyro: -66.21, 20.68, -21.56
Accel: -0.17, -0.23, -0.92
Gyro: -65.34, 20.16, -21.13
Accel: -0.15, -0.21, -0.90
Gyro: -66.15, 20.89, -21.82
Accel: -0.13, -0.17, -0.90
Gyro: -63.57, 18.94, -23.21
Accel: -0.12, -0.12, -0.89
Gyro: -60.71, 16.49, -25.13
Accel: -0.11, -0.10, -0.90
Gyro: -56.37, 13.28, -26.20
Accel: -0.11, -0.08, -0.92
Gyro: -51.70, 8.64, -26.11
Accel: -0.11, -0.02, -0.96
Gyro: -50.96, 8.41, -25.73
Accel: -0.10, 0.01, -0.94
Gyro: -47.96, 8.19, -24.86
Accel: -0.10, 0.03, -0.95
Gyro: -41.47, 7.13, -22.51
Accel: -0.09, 0.05, -0.94
Gyro: -36.68, 5.83, -20.36
Accel: -0.09, 0.05, -0.95
Gyro: -31.99, 3.31, -17.62
Accel: -0.09, 0.05, -0.97
Gyro: -33.56, 3.98, -16.24
Accel: -0.08, 0.06, -0.94
Gyro: -34.04, 3.67, -14.83
Accel: -0.08, 0.09, -0.96
Gyro: -32.97, 2.52, -14.14
Accel: -0.07, 0.11, -0.96
Gyro: -28.52, 1.53, -13.40
Accel: -0.07, 0.13, -0.94
Gyro: -23.09, 0.51, -12.18
Accel: -0.07, 0.13, -0.96
Gyro: -17.96, -0.82, -10.60
Accel: -0.07, 0.14, -0.96
Gyro: -15.38, -1.98, -9.24
Accel: -0.08, 0.14, -0.98
Gyro: -12.85, -1.75, -7.80
Accel: -0.09, 0.14, -0.97
Gyro: -10.24, -1.25, -6.10
Accel: -0.08, 0.14, -0.96
Gyro: -9.22, -0.85, -5.04
Accel: -0.07, 0.13, -0.95
Gyro: -7.33, -1.60, -4.39
Accel: -0.08, 0.13, -0.95
Gyro: -4.76, -2.48, -3.56
Accel: -0.09, 0.14, -0.96
Gyro: -3.11, -2.49, -2.98
Accel: -0.09, 0.14, -0.96
Gyro: -1.21, -2.77, -1.72
Accel: -0.10, 0.13, -0.96
Gyro: -0.38, -2.95, 0.25
Accel: -0.10, 0.12, -0.96
Gyro: -0.58, -2.59, 1.57
Accel: -0.10, 0.11, -0.98
Gyro: -0.94, -1.46, 2.01
Accel: -0.09, 0.11, -0.97
Gyro: 0.43, -0.72, 1.95
Accel: -0.09, 0.11, -0.95
Gyro: 0.66, -0.68, 1.63
Accel: -0.09, 0.10, -0.95
Gyro: -0.19, -1.59, 0.88
Accel: -0.10, 0.10, -0.96
Gyro: -0.10, -3.00, 0.24
Accel: -0.09, 0.10, -0.95
Gyro: -0.27, -2.93, 0.02
Accel: -0.10, 0.10, -0.97
Gyro: -0.50, -2.63, -0.18
Accel: -0.11, 0.10, -0.96
Gyro: -0.79, -2.56, -0.16
Accel: -0.10, 0.10, -0.97
Gyro: -1.85, -2.98, -0.32
Accel: -0.10, 0.09, -0.97
Gyro: -1.42, -2.76, -0.59
Accel: -0.11, 0.10, -0.97
Gyro: -1.67, -1.76, -0.58
Accel: -0.10, 0.10, -0.96
Gyro: -0.95, -1.18, -1.03
Accel: -0.10, 0.09, -0.97
Gyro: 0.33, -1.26, -0.98
Accel: -0.10, 0.10, -0.97
Gyro: -0.84, -0.41, -0.81
Accel: -0.10, 0.10, -0.96
Gyro: -0.26, 0.09, -0.75
Accel: -0.10, 0.10, -0.96
Gyro: 0.11, -0.21, -0.37
Accel: -0.09, 0.09, -0.96
Gyro: -0.38, -0.99, -0.12
Accel: -0.10, 0.09, -0.96
Gyro: -0.82, -1.34, -0.19
Accel: -0.09, 0.09, -0.96
Gyro: -0.69, -1.27, -0.49
Accel: -0.10, 0.09, -0.96
Gyro: -0.50, -1.37, -0.77
