Accel: -0.26, 0.10, -0.95
Gyro: -2.12, 1.16, -0.60
Accel: -0.26, 0.10, -0.94
Gyro: -1.66, 2.68, -0.66
Accel: -0.25, 0.10, -0.93
Gyro: -0.34, 3.04, -0.50
Accel: -0.25, 0.09, -0.93
Gyro: -0.69, 2.45, -0.78
Accel: -0.24, 0.10, -0.92
Gyro: -0.38, 1.14, -0.64
Accel: -0.25, 0.09, -0.94
Gyro: -0.42, 0.13, -0.34
Accel: -0.25, 0.09, -0.94
Gyro: -1.34, 0.48, -0.27
Accel: -0.25, 0.10, -0.93
Gyro: -1.84, 0.47, -0.93
Accel: -0.24, 0.11, -0.93
Gyro: -0.90, -0.21, -1.56
Accel: -0.25, 0.13, -0.92
Gyro: 0.41, -2.17, -2.90
Accel: -0.25, 0.16, -0.93
Gyro: 2.59, -2.09, -3.50
Accel: -0.24, 0.24, -0.92
Gyro: 12.31, -3.33, -3.05
Accel: -0.24, 0.27, -0.92
Gyro: 29.75, -3.68, -0.88
Accel: -0.24, 0.29, -0.90
Gyro: 54.00, -4.88, 2.30
Accel: -0.26, 0.28, -0.89
Gyro: 84.91, -7.87, 7.87
Accel: -0.27, 0.21, -0.89
Gyro: 112.35, -8.28, 13.92
Accel: -0.27, 0.08, -0.86
Gyro: 130.34, -4.04, 18.88
Accel: -0.27, -0.05, -0.79
Gyro: 143.84, -4.14, 24.28
Accel: -0.28, -0.16, -0.82
Gyro: 142.96, -4.14, 30.02
Accel: -0.31, -0.20, -0.87
Gyro: 132.74, 3.26, 38.44
Accel: -0.30, -0.27, -0.74
Gyro: 124.28, 6.58, 49.27
Accel: -0.28, -0.43, -0.62
Gyro: 123.53, 1.26, 53.24
Accel: -0.29, -0.57, -0.57
Gyro: 121.89, -14.11, 45.15
Accel: -0.35, -0.64, -0.71
Gyro: 114.23, -18.50, 32.00
Accel: -0.35, -0.68, -0.72
Gyro: 98.84, -11.62, 20.10
Accel: -0.34, -0.72, -0.56
Gyro: 86.14, -13.74, 14.78
Accel: -0.36, -0.76, -0.58
Gyro: 78.93, -26.68, 15.35
Accel: -0.41, -0.74, -0.69
Gyro: 62.40, -23.93, 20.52
Accel: -0.39, -0.76, -0.63
Gyro: 46.10, -17.90, 26.83
Accel: -0.37, -0.81, -0.53
Gyro: 31.49, -17.53, 25.53
Accel: -0.40, -0.79, -0.48
Gyro: 23.02, -29.03, 15.59
Accel: -0.50, -0.78, -0.64
Gyro: 26.02, -29.05, 6.91
Accel: -0.51, -0.80, -0.63
Gyro: 17.55, -18.53, 0.33
Accel: -0.51, -0.76, -0.59
Gyro: 8.76, -12.49, 0.64
Accel: -0.54, -0.79, -0.64
Gyro: 1.01, -2.01, 2.29
Accel: -0.50, -0.82, -0.56
Gyro: -10.15, 4.78, -3.02
Accel: -0.50, -0.75, -0.60
Gyro: -16.24, 8.93, -8.65
Accel: -0.46, -0.73, -0.56
Gyro: -19.49, 13.96, -9.90
Accel: -0.45, -0.74, -0.55
Gyro: -24.31, 13.11, -10.25
Accel: -0.45, -0.78, -0.60
Gyro: -37.54, 12.75, -10.28
Accel: -0.46, -0.76, -0.63
Gyro: -52.16, 16.34, -10.02
Accel: -0.46, -0.76, -0.65
Gyro: -64.25, 21.87, -9.55
Accel: -0.43, -0.72, -0.63
Gyro: -74.68, 25.70, -12.15
Accel: -0.42, -0.70, -0.67
Gyro: -83.85, 27.34, -12.26
Accel: -0.41, -0.70, -0.72
Gyro: -101.46, 31.23, -15.93
Accel: -0.37, -0.55, -0.71
Gyro: -110.47, 36.28, -16.18
Accel: -0.32, -0.48, -0.68
Gyro: -113.02, 36.31, -12.98
Accel: -0.29, -0.43, -0.70
Gyro: -110.91, 30.63, -11.83
Accel: -0.27, -0.37, -0.75
Gyro: -106.37, 25.49, -14.70
Accel: -0.26, -0.31, -0.80
Gyro: -104.13, 24.71, -19.58
Accel: -0.24, -0.28, -0.80
Gyro: -101.79, 22.58, -24.75
Accel: -0.23, -0.20, -0.81
Gyro: -92.84, 18.01, -29.38
Accel: -0.22, -0.16, -0.83
Gyro: -82.63, 14.71, -31.78
Accel: -0.23, -0.19, -0.87
Gyro: -80.59, 10.44, -36.05
Accel: -0.22, -0.09, -0.92
Gyro: -84.53, 11.38, -44.56
Accel: -0.21, 0.08, -0.88
Gyro: -70.21, 12.30, -43.24
Accel: -0.19, 0.08, -0.86
Gyro: -52.80, 7.76, -31.89
Accel: -0.19, 0.07, -0.91
Gyro: -46.82, 2.53, -25.63
Accel: -0.20, 0.10, -0.93
Gyro: -47.34, 1.64, -20.71
Accel: -0.21, 0.09, -0.93
Gyro: -44.31, 1.33, -12.63
Accel: -0.21, 0.09, -0.97
Gyro: -45.07, 2.37, -9.80
Accel: -0.20, 0.12, -0.96
Gyro: -44.53, 4.09, -8.93
Accel: -0.18, 0.16, -0.94
Gyro: -37.15, 4.44, -6.18
Accel: -0.17, 0.22, -0.94
Gyro: -28.49, 3.30, -1.19
Accel: -0.16, 0.23, -0.93
Gyro: -22.10, 2.05, 5.84
Accel: -0.14, 0.23, -0.88
Gyro: -8.21, -3.37, 9.07
Accel: -0.18, 0.16, -0.91
Gyro: 7.10, -10.57, 10.71
Accel: -0.19, 0.08, -0.98
Gyro: 3.09, -8.32, 5.62
Accel: -0.20, 0.08, -0.95
Gyro: 1.81, -6.41, -0.17
Accel: -0.21, 0.09, -0.97
Gyro: 2.12, -6.41, -0.88
Accel: -0.21, 0.09, -0.96
Gyro: -1.56, -3.73, -1.01
Accel: -0.19, 0.10, -0.94
Gyro: -2.57, -2.91, -1.68
Accel: -0.19, 0.12, -0.93
Gyro: -0.78, -4.59, -2.24
Accel: -0.19, 0.12, -0.94
Gyro: 2.41, -6.71, -1.35
Accel: -0.20, 0.11, -0.94
Gyro: 3.46, -7.07, -1.22
Accel: -0.22, 0.10, -0.95
Gyro: 4.97, -8.19, -0.28
Accel: -0.22, 0.09, -0.96
Gyro: 3.32, -6.05, 0.17
Accel: -0.23, 0.07, -0.96
Gyro: 2.38, -3.46, -0.63
Accel: -0.22, 0.07, -0.93
Gyro: 1.90, -3.49, -1.65
Accel: -0.23, 0.07, -0.93
Gyro: 2.72, -4.63, -1.83
Accel: -0.24, 0.07, -0.96
Gyro: 2.11, -2.98, -1.31
Accel: -0.23, 0.07, -0.97
Gyro: 0.97, -0.88, -1.07
Accel: -0.22, 0.07, -0.93
Gyro: 2.66, -1.41, -0.67
Accel: -0.22, 0.05, -0.95
Gyro: 2.32, -2.24, -0.26
Accel: -0.23, 0.06, -0.94
Gyro: 1.11, -1.91, -0.02
Accel: -0.22, 0.06, -0.93
Gyro: 0.86, -2.64, 0.77
Accel: -0.23, 0.05, -0.94
Gyro: -0.76, -3.26, 0.60
Accel: -0.23, 0.05, -0.96
Gyro: -1.21, -2.36, -0.47
Accel: -0.23, 0.06, -0.94
Gyro: -0.26, -2.48, -0.78
Accel: -0.24, 0.07, -0.95
Gyro: -1.91, -2.17, -0.58
Accel: -0.24, 0.06, -0.94
Gyro: -1.46, -1.49, -0.85
Accel: -0.24, 0.06, -0.95
Gyro: -1.30, -0.25, -1.21
Accel: -0.23, 0.06, -0.94
Gyro: -1.60, 0.14, -0.61
Accel: -0.22, 0.06, -0.95
Gyro: -1.39, 0.09, -0.19
Accel: -0.23, 0.06, -0.94
Gyro: -1.88, 0.20, -0.63
Accel: -0.23, 0.07, -0.94
Gyro: -1.14, -0.37, -0.96
Accel: -0.23, 0.06, -0.95
Gyro: -1.47, 0.05, -0.93
Accel: -0.23, 0.08, -0.95
Gyro: -1.24, 1.51, -1.45
Accel: -0.22, 0.07, -0.95
Gyro: -0.06, 2.53, -1.49
Accel: -0.21, 0.06, -0.93
Gyro: 0.43, 1.70, -1.70
Accel: -0.21, 0.05, -0.93
Gyro: -0.46, -1.32, -1.04
