Accel: -0.21, 0.06, -0.95
Gyro: -2.00, -2.05, -0.33
Accel: -0.22, 0.06, -0.95
Gyro: -2.69, -1.50, 0.21
Accel: -0.22, 0.07, -0.93
Gyro: -2.53, -1.41, 0.16
Accel: -0.23, 0.07, -0.94
Gyro: -2.59, -1.24, -0.76
Accel: -0.22, 0.07, -0.93
Gyro: -0.91, -1.19, -1.82
Accel: -0.23, 0.07, -0.94
Gyro: -0.41, -0.82, -1.05
Accel: -0.22, 0.07, -0.94
Gyro: -0.06, -0.27, -1.17
Accel: -0.21, 0.07, -0.93
Gyro: -0.02, -1.24, -1.17
Accel: -0.21, 0.09, -0.92
Gyro: 0.92, -3.73, -2.43
Accel: -0.21, 0.12, -0.93
Gyro: 3.77, -6.32, -3.19
Accel: -0.22, 0.16, -0.91
Gyro: 12.02, -8.43, -4.43
Accel: -0.22, 0.18, -0.94
Gyro: 27.76, -10.69, -4.24
Accel: -0.22, 0.21, -0.91
Gyro: 46.02, -10.83, -3.20
Accel: -0.24, 0.21, -0.91
Gyro: 70.66, -13.07, 1.73
Accel: -0.25, 0.14, -0.89
Gyro: 89.55, -12.65, 7.74
Accel: -0.25, 0.05, -0.89
Gyro: 105.73, -12.44, 13.15
Accel: -0.25, -0.06, -0.86
Gyro: 114.33, -10.57, 15.50
Accel: -0.26, -0.12, -0.83
Gyro: 115.42, -10.76, 17.14
Accel: -0.27, -0.19, -0.80
Gyro: 116.73, -12.27, 21.45
Accel: -0.29, -0.27, -0.74
Gyro: 115.11, -16.23, 25.30
Accel: -0.31, -0.30, -0.77
Gyro: 114.20, -17.64, 28.39
Accel: -0.31, -0.37, -0.69
Gyro: 112.62, -17.59, 29.80
Accel: -0.34, -0.50, -0.62
Gyro: 118.10, -23.79, 30.76
Accel: -0.37, -0.59, -0.68
Gyro: 107.28, -26.28, 28.18
Accel: -0.39, -0.61, -0.65
Gyro: 95.38, -22.96, 26.28
Accel: -0.41, -0.70, -0.59
Gyro: 87.81, -26.65, 28.30
Accel: -0.44, -0.77, -0.62
Gyro: 74.47, -30.27, 27.56
Accel: -0.47, -0.81, -0.63
Gyro: 55.79, -26.56, 23.37
Accel: -0.48, -0.84, -0.56
Gyro: 41.34, -25.39, 14.74
Accel: -0.50, -0.80, -0.56
Gyro: 29.96, -28.37, 5.18
Accel: -0.56, -0.78, -0.66
Gyro: 23.74, -22.43, 0.79
Accel: -0.56, -0.79, -0.66
Gyro: 15.67, -7.88, -2.95
Accel: -0.53, -0.81, -0.54
Gyro: 7.81, -0.94, -5.22
Accel: -0.54, -0.83, -0.58
Gyro: -6.10, 0.76, -7.51
Accel: -0.54, -0.80, -0.60
Gyro: -19.70, 10.64, -8.32
Accel: -0.51, -0.78, -0.55
Gyro: -29.52, 15.97, -8.06
Accel: -0.50, -0.77, -0.57
Gyro: -42.07, 19.32, -6.58
Accel: -0.48, -0.72, -0.60
Gyro: -50.70, 23.47, -3.68
Accel: -0.45, -0.74, -0.59
Gyro: -54.92, 26.98, -4.59
Accel: -0.43, -0.69, -0.60
Gyro: -62.63, 26.45, -8.19
Accel: -0.43, -0.66, -0.63
Gyro: -67.88, 25.36, -10.29
Accel: -0.43, -0.65, -0.70
Gyro: -74.55, 26.88, -10.62
Accel: -0.40, -0.59, -0.73
Gyro: -82.96, 32.53, -9.86
Accel: -0.37, -0.53, -0.70
Gyro: -87.93, 35.90, -8.66
Accel: -0.34, -0.49, -0.69
Gyro: -86.41, 33.60, -8.16
Accel: -0.32, -0.46, -0.73
Gyro: -85.29, 29.82, -9.23
Accel: -0.31, -0.42, -0.81
Gyro: -87.10, 28.19, -13.89
Accel: -0.30, -0.34, -0.81
Gyro: -83.41, 30.08, -16.15
Accel: -0.27, -0.35, -0.77
Gyro: -81.75, 26.79, -15.95
Accel: -0.26, -0.28, -0.83
Gyro: -84.75, 24.17, -17.86
Accel: -0.24, -0.27, -0.80
Gyro: -80.57, 19.66, -18.34
Accel: -0.24, -0.28, -0.90
Gyro: -84.88, 16.94, -24.46
Accel: -0.22, -0.13, -0.87
Gyro: -87.80, 17.72, -28.92
Accel: -0.20, -0.13, -0.83
Gyro: -80.39, 13.73, -29.09
Accel: -0.21, -0.09, -0.89
Gyro: -78.56, 9.82, -32.28
Accel: -0.19, 0.02, -0.90
Gyro: -77.25, 8.32, -33.32
Accel: -0.20, 0.06, -0.90
Gyro: -67.92, 5.38, -31.28
Accel: -0.20, 0.11, -0.93
Gyro: -62.77, 6.90, -27.99
Accel: -0.17, 0.15, -0.89
Gyro: -54.37, 4.43, -24.12
Accel: -0.18, 0.16, -0.91
Gyro: -43.94, -0.37, -23.09
Accel: -0.20, 0.20, -0.95
Gyro: -37.12, -0.55, -21.04
Accel: -0.19, 0.22, -0.93
Gyro: -28.11, -0.14, -16.97
Accel: -0.19, 0.23, -0.95
Gyro: -18.66, -0.69, -14.47
Accel: -0.20, 0.23, -0.93
Gyro: -6.74, -1.48, -10.93
Accel: -0.20, 0.17, -0.94
Gyro: -0.04, -2.62, -6.49
Accel: -0.19, 0.16, -0.95
Gyro: -1.16, -2.80, -4.61
Accel: -0.20, 0.16, -0.94
Gyro: 1.14, -2.97, -1.14
Accel: -0.20, 0.14, -0.95
Gyro: 2.69, -1.95, 1.50
Accel: -0.20, 0.13, -0.95
Gyro: 4.34, -2.16, 3.36
Accel: -0.20, 0.11, -0.95
Gyro: 4.24, -1.84, 4.46
Accel: -0.20, 0.10, -0.94
Gyro: 3.69, -1.57, 4.56
Accel: -0.19, 0.09, -0.94
Gyro: 2.25, -1.85, 3.78
Accel: -0.19, 0.09, -0.93
Gyro: 3.58, -3.27, 2.49
Accel: -0.20, 0.08, -0.94
Gyro: 3.37, -4.09, 1.72
Accel: -0.19, 0.07, -0.95
Gyro: 2.78, -4.33, 0.92
Accel: -0.21, 0.07, -0.94
Gyro: 1.82, -4.43, 0.81
Accel: -0.21, 0.07, -0.95
Gyro: 0.84, -4.31, 1.02
Accel: -0.21, 0.06, -0.95
Gyro: -0.14, -4.06, 0.86
Accel: -0.21, 0.07, -0.95
Gyro: -0.53, -3.91, 0.19
Accel: -0.21, 0.07, -0.95
Gyro: -0.43, -4.38, -0.08
Accel: -0.21, 0.07, -0.95
Gyro: -1.11, -3.57, -0.50
Accel: -0.21, 0.07, -0.96
Gyro: -1.31, -3.16, -1.32
Accel: -0.22, 0.08, -0.94
Gyro: -0.01, -4.01, -1.69
Accel: -0.23, 0.07, -0.96
Gyro: -0.33, -3.67, -0.96
Accel: -0.22, 0.07, -0.96
Gyro: -1.43, -2.54, -0.79
Accel: -0.22, 0.08, -0.96
Gyro: -1.40, -1.32, -1.13
Accel: -0.22, 0.08, -0.94
Gyro: 0.21, -1.33, -0.76
Accel: -0.22, 0.07, -0.93
Gyro: -0.09, -2.85, -0.69
Accel: -0.22, 0.07, -0.94
Gyro: -0.43, -4.17, 0.02
Accel: -0.23, 0.06, -0.94
Gyro: -0.69, -4.17, 0.09
Accel: -0.23, 0.06, -0.94
Gyro: -0.82, -3.68, -0.14
Accel: -0.23, 0.07, -0.94
Gyro: -1.01, -4.47, -0.36
Accel: -0.24, 0.07, -0.95
Gyro: -1.99, -3.87, -0.50
Accel: -0.24, 0.07, -0.95
Gyro: -1.82, -2.61, -0.60
Accel: -0.24, 0.06, -0.94
Gyro: -2.18, -2.36, -1.08
Accel: -0.24, 0.07, -0.94
Gyro: -1.57, -2.66, -0.88
Accel: -0.24, 0.07, -0.96
Gyro: -1.63, -1.12, -1.09
Accel: -0.24, 0.07, -0.94
Gyro: -2.11, 0.05, -1.31
Accel: -0.24, 0.07, -0.95
Gyro: -1.52, 0.14, -1.28
Accel: -0.25, 0.07, -0.95
Gyro: -1.34, 0.76, -0.73
Accel: -0.25, 0.06, -0.95
Gyro: -2.59, 1.66, -0.31
