Accel: -0.24, 0.05, -0.94
Gyro: -4.97, 3.21, 0.11
Accel: -0.22, 0.06, -0.94
Gyro: -5.62, 2.97, -0.71
Accel: -0.21, 0.07, -0.93
Gyro: -4.78, 1.19, -2.29
Accel: -0.22, 0.09, -0.94
Gyro: -2.56, -0.90, -2.49
Accel: -0.23, 0.08, -0.96
Gyro: -2.52, -0.16, -1.45
Accel: -0.23, 0.07, -0.94
Gyro: -3.46, -0.23, -1.24
Accel: -0.22, 0.08, -0.94
Gyro: -2.27, -1.63, -0.63
Accel: -0.23, 0.08, -0.97
Gyro: -4.07, 0.19, -0.30
Accel: -0.22, 0.09, -0.95
Gyro: -2.82, 2.11, -1.61
Accel: -0.21, 0.09, -0.91
Gyro: -1.47, 0.46, -2.21
Accel: -0.22, 0.11, -0.92
Gyro: -0.38, -3.58, -1.97
Accel: -0.25, 0.14, -0.95
Gyro: 1.02, -4.18, -0.79
Accel: -0.26, 0.19, -0.97
Gyro: 6.97, -0.79, -0.16
Accel: -0.26, 0.22, -0.96
Gyro: 21.37, 3.43, 2.05
Accel: -0.25, 0.23, -0.95
Gyro: 40.66, 5.54, 4.17
Accel: -0.23, 0.22, -0.94
Gyro: 57.91, 8.38, 6.28
Accel: -0.21, 0.17, -0.91
Gyro: 77.32, 9.03, 9.27
Accel: -0.22, 0.14, -0.89
Gyro: 93.85, 9.49, 12.31
Accel: -0.21, 0.08, -0.86
Gyro: 114.57, 8.90, 16.73
Accel: -0.19, -0.02, -0.83
Gyro: 126.15, 7.15, 20.80
Accel: -0.20, -0.12, -0.80
Gyro: 132.98, 5.29, 26.80
Accel: -0.20, -0.22, -0.81
Gyro: 127.02, 4.82, 32.85
Accel: -0.19, -0.26, -0.80
Gyro: 118.51, 5.43, 37.26
Accel: -0.19, -0.31, -0.63
Gyro: 121.39, -0.69, 40.72
Accel: -0.22, -0.47, -0.60
Gyro: 136.80, -11.63, 45.20
Accel: -0.26, -0.60, -0.71
Gyro: 124.21, -15.41, 42.38
Accel: -0.28, -0.67, -0.67
Gyro: 108.88, -13.77, 38.53
Accel: -0.28, -0.75, -0.55
Gyro: 98.46, -20.05, 37.16
Accel: -0.32, -0.81, -0.64
Gyro: 82.48, -26.21, 36.25
Accel: -0.34, -0.84, -0.64
Gyro: 59.16, -25.48, 35.11
Accel: -0.37, -0.81, -0.56
Gyro: 38.17, -27.62, 29.95
Accel: -0.45, -0.73, -0.72
Gyro: 33.75, -19.14, 25.09
Accel: -0.43, -0.74, -0.60
Gyro: 29.64, -11.15, 25.02
Accel: -0.43, -0.84, -0.57
Gyro: 29.00, -12.00, 17.18
Accel: -0.46, -0.80, -0.55
Gyro: 27.61, -13.08, 3.78
Accel: -0.50, -0.81, -0.61
Gyro: 27.50, -5.29, -2.56
Accel: -0.47, -0.83, -0.59
Gyro: 14.25, 3.62, -5.68
Accel: -0.44, -0.84, -0.56
Gyro: 5.84, 8.02, -5.92
Accel: -0.42, -0.90, -0.54
Gyro: -9.54, 10.99, -4.93
Accel: -0.42, -0.94, -0.57
Gyro: -30.03, 13.41, -6.90
Accel: -0.40, -0.86, -0.56
Gyro: -42.85, 16.65, -9.67
Accel: -0.40, -0.86, -0.58
Gyro: -57.79, 17.43, -12.21
Accel: -0.39, -0.74, -0.61
Gyro: -67.42, 23.28, -12.40
Accel: -0.35, -0.75, -0.59
Gyro: -68.37, 25.01, -10.41
Accel: -0.34, -0.75, -0.62
Gyro: -79.41, 23.71, -14.75
Accel: -0.34, -0.65, -0.68
Gyro: -84.62, 25.93, -17.97
Accel: -0.33, -0.68, -0.68
Gyro: -89.73, 27.37, -18.66
Accel: -0.32, -0.61, -0.75
Gyro: -97.21, 28.88, -27.34
Accel: -0.29, -0.49, -0.74
Gyro: -90.94, 32.46, -27.78
Accel: -0.26, -0.55, -0.74
Gyro: -92.23, 28.74, -27.10
Accel: -0.26, -0.48, -0.82
Gyro: -104.97, 28.93, -30.16
Accel: -0.21, -0.37, -0.77
Gyro: -111.10, 32.17, -30.04
Accel: -0.18, -0.33, -0.78
Gyro: -107.27, 27.18, -29.97
Accel: -0.17, -0.25, -0.85
Gyro: -106.06, 26.33, -32.10
Accel: -0.14, -0.19, -0.83
Gyro: -101.81, 25.73, -35.89
Accel: -0.12, -0.14, -0.84
Gyro: -88.87, 17.72, -40.34
Accel: -0.13, -0.08, -0.90
Gyro: -79.60, 13.67, -43.30
Accel: -0.12, -0.03, -0.89
Gyro: -79.72, 13.96, -44.53
Accel: -0.11, 0.01, -0.89
Gyro: -71.90, 9.45, -43.56
Accel: -0.12, 0.05, -0.93
Gyro: -66.27, 8.30, -41.02
Accel: -0.10, 0.07, -0.90
Gyro: -65.13, 8.35, -38.67
Accel: -0.09, 0.11, -0.92
Gyro: -58.79, 3.44, -36.67
Accel: -0.08, 0.16, -0.95
Gyro: -54.90, 2.80, -35.11
Accel: -0.08, 0.19, -0.92
Gyro: -46.90, 2.10, -32.73
Accel: -0.08, 0.22, -0.92
Gyro: -34.90, -0.56, -29.34
Accel: -0.08, 0.23, -0.95
Gyro: -25.02, -2.35, -24.67
Accel: -0.09, 0.24, -0.96
Gyro: -17.71, -1.43, -19.63
Accel: -0.08, 0.24, -0.93
Gyro: -8.76, -3.83, -14.12
Accel: -0.09, 0.23, -0.97
Gyro: -1.81, -5.36, -8.18
Accel: -0.09, 0.21, -0.98
Gyro: -0.39, -2.40, -3.76
Accel: -0.09, 0.20, -0.94
Gyro: 3.14, -2.62, 0.56
Accel: -0.09, 0.18, -0.95
Gyro: 6.97, -5.05, 4.56
Accel: -0.10, 0.15, -0.96
Gyro: 7.64, -4.30, 6.94
Accel: -0.10, 0.12, -0.97
Gyro: 6.62, -2.38, 7.28
Accel: -0.10, 0.11, -0.95
Gyro: 5.71, -1.55, 6.78
Accel: -0.10, 0.11, -0.97
Gyro: 6.01, -1.75, 5.62
Accel: -0.10, 0.11, -0.96
Gyro: 6.38, -0.40, 5.09
Accel: -0.10, 0.11, -0.99
Gyro: 4.12, -0.29, 4.91
Accel: -0.10, 0.10, -0.97
Gyro: 2.89, 1.15, 4.04
Accel: -0.08, 0.09, -0.95
Gyro: 2.45, 0.58, 3.32
Accel: -0.08, 0.09, -0.94
Gyro: 0.92, -1.27, 2.11
Accel: -0.09, 0.10, -0.94
Gyro: 0.15, -2.66, 1.45
Accel: -0.09, 0.09, -0.97
Gyro: -0.45, -3.41, 1.37
Accel: -0.09, 0.09, -0.96
Gyro: -0.41, -2.81, 1.30
Accel: -0.10, 0.09, -0.96
Gyro: -0.34, -2.82, 1.56
Accel: -0.11, 0.08, -0.97
Gyro: -1.75, -2.58, 0.50
Accel: -0.10, 0.08, -0.97
Gyro: -3.49, -1.86, -0.74
Accel: -0.09, 0.10, -0.95
Gyro: -3.52, -2.07, -2.29
Accel: -0.10, 0.11, -0.96
Gyro: -1.68, -3.02, -2.95
Accel: -0.10, 0.11, -0.97
Gyro: -0.37, -1.77, -2.62
Accel: -0.10, 0.10, -0.97
Gyro: -0.23, -1.68, -1.91
Accel: -0.10, 0.09, -0.96
Gyro: -0.50, -2.16, -1.17
Accel: -0.10, 0.10, -0.96
Gyro: -0.15, -3.30, -0.01
Accel: -0.11, 0.08, -0.97
Gyro: -0.52, -2.84, 0.37
Accel: -0.11, 0.08, -0.96
Gyro: -0.95, -2.13, -0.04
Accel: -0.10, 0.08, -0.95
Gyro: -0.71, -2.24, -0.52
Accel: -0.11, 0.09, -0.96
Gyro: -0.16, -2.72, -0.95
Accel: -0.12, 0.08, -0.98
Gyro: -0.60, -2.90, -0.97
Accel: -0.11, 0.08, -0.97
Gyro: -1.27, -2.87, -0.79
Accel: -0.12, 0.08, -0.96
Gyro: -1.72, -2.37, -0.82
Accel: -0.12, 0.08, -0.97
Gyro: -1.93, -3.27, -1.16
