Accel: -0.08, 0.10, -0.98
Gyro: -1.59, -0.55, -1.65
Accel: -0.07, 0.09, -0.96
Gyro: -1.32, -0.28, -1.38
Accel: -0.07, 0.10, -0.95
Gyro: -0.95, -1.23, -0.67
Accel: -0.07, 0.09, -0.96
Gyro: -0.63, -2.14, -0.12
Accel: -0.07, 0.09, -0.97
Gyro: -0.93, -1.79, -0.08
Accel: -0.07, 0.09, -0.96
Gyro: -1.48, -1.47, -0.76
Accel: -0.07, 0.08, -0.95
Gyro: -1.23, -1.95, -1.31
Accel: -0.08, 0.09, -0.97
Gyro: -1.52, -2.28, -1.20
Accel: -0.08, 0.10, -0.97
Gyro: -1.32, -1.51, -0.73
Accel: -0.07, 0.10, -0.96
Gyro: -1.59, -1.06, -0.37
Accel: -0.08, 0.09, -0.96
Gyro: -1.41, -1.40, -0.64
Accel: -0.07, 0.10, -0.96
Gyro: -0.93, -1.79, -0.98
Accel: -0.07, 0.12, -0.96
Gyro: -0.29, -2.09, -1.03
Accel: -0.06, 0.15, -0.96
Gyro: 2.33, -3.86, 0.24
Accel: -0.07, 0.17, -0.95
Gyro: 8.83, -4.59, 0.89
Accel: -0.07, 0.17, -0.95
Gyro: 17.52, -6.46, 3.40
Accel: -0.07, 0.18, -0.95
Gyro: 23.94, -8.41, 5.88
Accel: -0.08, 0.19, -0.92
Gyro: 34.58, -11.80, 9.28
Accel: -0.07, 0.18, -0.93
Gyro: 48.42, -14.89, 13.05
Accel: -0.07, 0.15, -0.90
Gyro: 63.16, -18.34, 16.95
Accel: -0.09, 0.10, -0.87
Gyro: 78.33, -23.08, 20.13
Accel: -0.12, 0.03, -0.92
Gyro: 88.94, -27.28, 23.19
Accel: -0.14, -0.03, -0.91
Gyro: 99.95, -27.53, 23.55
Accel: -0.16, -0.10, -0.84
Gyro: 111.44, -28.47, 25.41
Accel: -0.20, -0.21, -0.88
Gyro: 110.39, -26.41, 28.05
Accel: -0.21, -0.24, -0.86
Gyro: 105.91, -22.85, 29.89
Accel: -0.23, -0.32, -0.77
Gyro: 104.91, -23.89, 32.98
Accel: -0.25, -0.46, -0.72
Gyro: 105.59, -33.65, 33.78
Accel: -0.30, -0.58, -0.82
Gyro: 93.04, -33.94, 25.04
Accel: -0.32, -0.55, -0.85
Gyro: 79.21, -24.60, 14.93
Accel: -0.30, -0.56, -0.74
Gyro: 75.38, -17.31, 11.20
Accel: -0.31, -0.61, -0.69
Gyro: 74.35, -19.71, 13.30
Accel: -0.33, -0.61, -0.70
Gyro: 66.09, -20.32, 17.04
Accel: -0.35, -0.64, -0.67
Gyro: 60.28, -20.23, 23.11
Accel: -0.38, -0.76, -0.67
Gyro: 44.72, -23.09, 26.76
Accel: -0.42, -0.80, -0.71
Gyro: 26.66, -19.93, 20.65
Accel: -0.43, -0.73, -0.69
Gyro: 15.40, -11.31, 13.79
Accel: -0.42, -0.72, -0.64
Gyro: 14.56, -7.29, 10.24
Accel: -0.44, -0.75, -0.65
Gyro: 6.10, -6.42, 4.66
Accel: -0.46, -0.70, -0.70
Gyro: 0.07, 0.32, 0.59
Accel: -0.46, -0.71, -0.69
Gyro: -2.76, 8.78, -0.07
Accel: -0.46, -0.77, -0.70
Gyro: -19.19, 14.38, -0.40
Accel: -0.42, -0.67, -0.67
Gyro: -26.40, 22.40, 2.85
Accel: -0.40, -0.75, -0.63
Gyro: -32.63, 20.40, 4.20
Accel: -0.40, -0.77, -0.71
Gyro: -45.66, 22.55, -6.25
Accel: -0.36, -0.68, -0.64
Gyro: -50.95, 26.12, -15.98
Accel: -0.35, -0.69, -0.66
Gyro: -57.15, 19.50, -21.70
Accel: -0.36, -0.59, -0.73
Gyro: -64.83, 18.46, -25.00
Accel: -0.35, -0.54, -0.77
Gyro: -68.41, 23.67, -20.26
Accel: -0.33, -0.54, -0.77
Gyro: -74.91, 24.31, -18.88
Accel: -0.31, -0.45, -0.83
Gyro: -78.04, 30.22, -18.55
Accel: -0.27, -0.42, -0.81
Gyro: -74.89, 34.31, -16.27
Accel: -0.22, -0.38, -0.80
Gyro: -70.69, 30.44, -14.78
Accel: -0.21, -0.35, -0.85
Gyro: -72.62, 29.80, -14.10
Accel: -0.19, -0.30, -0.87
Gyro: -72.20, 31.72, -13.99
Accel: -0.15, -0.27, -0.85
Gyro: -66.94, 29.51, -14.40
Accel: -0.13, -0.25, -0.84
Gyro: -62.93, 24.90, -18.14
Accel: -0.12, -0.22, -0.89
Gyro: -60.21, 21.80, -21.61
Accel: -0.09, -0.17, -0.83
Gyro: -58.32, 17.11, -22.61
Accel: -0.07, -0.14, -0.83
Gyro: -54.34, 5.87, -23.48
Accel: -0.11, -0.11, -0.97
Gyro: -48.51, 0.34, -23.29
Accel: -0.13, -0.10, -1.03
Gyro: -53.24, 10.07, -22.04
Accel: -0.09, -0.06, -0.92
Gyro: -49.17, 12.16, -21.79
Accel: -0.08, -0.06, -0.92
Gyro: -42.40, 9.61, -22.01
Accel: -0.09, -0.07, -0.94
Gyro: -42.18, 7.13, -23.47
Accel: -0.08, -0.03, -0.96
Gyro: -45.89, 5.89, -24.23
Accel: -0.07, 0.03, -0.95
Gyro: -43.98, 4.69, -24.08
Accel: -0.08, 0.07, -0.96
Gyro: -36.03, 5.26, -23.86
Accel: -0.08, 0.07, -0.96
Gyro: -28.56, 5.23, -22.50
Accel: -0.06, 0.11, -0.93
Gyro: -25.97, 3.28, -20.88
Accel: -0.06, 0.13, -0.93
Gyro: -18.26, -1.89, -17.84
Accel: -0.07, 0.12, -0.95
Gyro: -10.48, -4.36, -14.33
Accel: -0.08, 0.13, -0.97
Gyro: -8.06, -3.43, -9.09
Accel: -0.07, 0.12, -0.95
Gyro: -5.49, -4.95, -3.36
Accel: -0.07, 0.10, -0.97
Gyro: -1.99, -7.49, 0.84
Accel: -0.09, 0.08, -0.98
Gyro: -0.82, -7.00, 2.15
Accel: -0.09, 0.06, -0.98
Gyro: -0.36, -5.81, 2.59
Accel: -0.09, 0.05, -0.96
Gyro: -1.53, -4.59, 1.43
Accel: -0.10, 0.06, -0.96
Gyro: -0.24, -4.99, 0.05
Accel: -0.10, 0.06, -0.97
Gyro: 1.35, -4.70, -0.17
Accel: -0.11, 0.05, -0.97
Gyro: 1.42, -4.05, 0.73
Accel: -0.10, 0.05, -0.97
Gyro: 1.28, -3.25, 1.19
Accel: -0.11, 0.04, -0.97
Gyro: 0.57, -2.72, 1.01
Accel: -0.11, 0.04, -0.97
Gyro: 0.80, -2.62, 0.75
Accel: -0.10, 0.03, -0.97
Gyro: 0.36, -2.05, -0.11
Accel: -0.11, 0.04, -0.97
Gyro: 0.32, -2.26, -0.76
Accel: -0.11, 0.04, -0.97
Gyro: 0.18, -1.55, -1.00
Accel: -0.11, 0.04, -0.96
Gyro: 0.30, -1.19, -0.64
Accel: -0.12, 0.03, -0.96
Gyro: -0.01, -1.63, -0.03
Accel: -0.11, 0.03, -0.98
Gyro: -0.98, -1.11, -0.09
Accel: -0.11, 0.03, -0.97
Gyro: -1.27, -0.14, -0.40
Accel: -0.11, 0.03, -0.97
Gyro: -0.87, -0.67, -0.43
Accel: -0.11, 0.03, -0.98
Gyro: -0.49, -0.18, -0.82
Accel: -0.11, 0.03, -0.97
Gyro: -0.56, 0.51, -0.60
Accel: -0.11, 0.03, -0.95
Gyro: -0.95, -0.34, -0.65
Accel: -0.10, 0.03, -0.96
Gyro: -0.47, -2.24, -0.26
Accel: -0.12, 0.02, -0.97
Gyro: -1.85, -1.72, -0.14
Accel: -0.11, 0.02, -0.97
Gyro: -2.60, -0.81, -0.11
Accel: -0.11, 0.03, -0.95
Gyro: -1.92, -2.10, -0.47
Accel: -0.11, 0.03, -0.97
Gyro: -2.23, -2.59, -0.80
Accel: -0.12, 0.03, -0.97
Gyro: -1.15, -2.05, -1.40
