Accel: -0.07, 0.15, -0.96
Gyro: -2.01, -3.70, -0.34
Accel: -0.07, 0.15, -0.97
Gyro: -1.74, -3.02, 0.05
Accel: -0.08, 0.14, -0.97
Gyro: -1.25, -2.45, -0.06
Accel: -0.07, 0.14, -0.97
Gyro: -1.59, -1.80, -0.85
Accel: -0.08, 0.14, -0.97
Gyro: -0.82, -1.46, -0.95
Accel: -0.07, 0.15, -0.96
Gyro: -1.72, -0.98, -0.94
Accel: -0.08, 0.15, -0.96
Gyro: -1.29, -0.75, -1.11
Accel: -0.08, 0.14, -0.96
Gyro: -0.89, -1.48, -0.92
Accel: -0.08, 0.14, -0.97
Gyro: -1.40, -1.68, -0.88
Accel: -0.07, 0.14, -0.95
Gyro: -1.19, -1.56, -0.68
Accel: -0.07, 0.15, -0.94
Gyro: -1.23, -2.62, -0.82
Accel: -0.07, 0.19, -0.93
Gyro: -0.43, -5.23, -0.54
Accel: -0.07, 0.22, -0.93
Gyro: 3.62, -8.79, 0.04
Accel: -0.08, 0.27, -0.93
Gyro: 10.86, -10.93, 1.48
Accel: -0.09, 0.34, -0.92
Gyro: 28.19, -13.60, 5.35
Accel: -0.10, 0.36, -0.94
Gyro: 49.41, -14.36, 12.79
Accel: -0.10, 0.34, -0.92
Gyro: 73.98, -14.62, 21.71
Accel: -0.11, 0.29, -0.90
Gyro: 97.72, -14.29, 29.98
Accel: -0.11, 0.21, -0.86
Gyro: 122.64, -14.19, 37.82
Accel: -0.13, 0.06, -0.83
Gyro: 137.16, -14.46, 44.23
Accel: -0.17, -0.10, -0.81
Gyro: 141.57, -16.51, 48.39
Accel: -0.20, -0.21, -0.84
Gyro: 136.75, -16.76, 52.02
Accel: -0.20, -0.27, -0.83
Gyro: 127.71, -13.20, 54.12
Accel: -0.21, -0.37, -0.73
Gyro: 119.98, -14.49, 55.43
Accel: -0.22, -0.44, -0.72
Gyro: 115.87, -21.70, 55.82
Accel: -0.24, -0.51, -0.72
Gyro: 105.31, -23.30, 52.99
Accel: -0.26, -0.58, -0.70
Gyro: 100.11, -25.83, 48.52
Accel: -0.28, -0.66, -0.62
Gyro: 91.40, -31.73, 42.45
Accel: -0.31, -0.67, -0.65
Gyro: 83.08, -38.35, 37.73
Accel: -0.35, -0.67, -0.62
Gyro: 75.36, -39.94, 37.22
Accel: -0.39, -0.72, -0.53
Gyro: 65.40, -46.04, 38.90
Accel: -0.46, -0.76, -0.68
Gyro: 51.07, -48.87, 40.67
Accel: -0.51, -0.78, -0.71
Gyro: 36.54, -33.91, 38.31
Accel: -0.52, -0.79, -0.59
Gyro: 25.79, -23.67, 32.24
Accel: -0.55, -0.80, -0.63
Gyro: 21.42, -19.51, 24.21
Accel: -0.57, -0.81, -0.61
Gyro: 13.02, -9.16, 12.02
Accel: -0.55, -0.77, -0.54
Gyro: 7.52, -5.73, 0.67
Accel: -0.57, -0.74, -0.60
Gyro: 2.69, -2.08, -4.87
Accel: -0.58, -0.74, -0.64
Gyro: -4.30, 7.57, -7.13
Accel: -0.55, -0.74, -0.60
Gyro: -12.09, 16.87, -6.77
Accel: -0.53, -0.77, -0.58
Gyro: -25.67, 21.09, -6.79
Accel: -0.51, -0.73, -0.60
Gyro: -37.31, 26.02, -8.38
Accel: -0.48, -0.75, -0.59
Gyro: -44.46, 27.98, -9.22
Accel: -0.47, -0.72, -0.62
Gyro: -52.79, 29.79, -14.35
Accel: -0.44, -0.66, -0.66
Gyro: -57.48, 33.53, -16.76
Accel: -0.42, -0.65, -0.65
Gyro: -60.62, 35.63, -17.49
Accel: -0.41, -0.63, -0.68
Gyro: -66.96, 36.87, -20.90
Accel: -0.37, -0.58, -0.69
Gyro: -69.24, 37.76, -22.37
Accel: -0.35, -0.53, -0.75
Gyro: -69.24, 39.70, -22.73
Accel: -0.30, -0.50, -0.73
Gyro: -68.98, 37.86, -22.07
Accel: -0.28, -0.47, -0.77
Gyro: -66.24, 36.00, -23.95
Accel: -0.26, -0.48, -0.77
Gyro: -66.80, 33.93, -26.56
Accel: -0.23, -0.47, -0.79
Gyro: -73.68, 30.74, -31.97
Accel: -0.22, -0.40, -0.83
Gyro: -77.42, 29.97, -35.64
Accel: -0.20, -0.39, -0.82
Gyro: -80.68, 27.54, -39.24
Accel: -0.18, -0.31, -0.85
Gyro: -81.73, 25.38, -42.34
Accel: -0.15, -0.25, -0.85
Gyro: -80.87, 22.50, -44.58
Accel: -0.14, -0.21, -0.86
Gyro: -74.87, 16.88, -47.52
Accel: -0.13, -0.14, -0.89
Gyro: -73.80, 16.08, -49.45
Accel: -0.12, -0.09, -0.88
Gyro: -68.38, 15.44, -48.05
Accel: -0.11, -0.04, -0.92
Gyro: -61.74, 13.74, -45.38
Accel: -0.10, 0.00, -0.91
Gyro: -56.42, 11.93, -40.34
Accel: -0.08, -0.00, -0.89
Gyro: -49.68, 5.42, -35.45
Accel: -0.09, 0.01, -0.96
Gyro: -45.60, 1.50, -31.81
Accel: -0.09, -0.00, -0.99
Gyro: -48.42, 4.92, -29.98
Accel: -0.08, 0.04, -0.94
Gyro: -47.33, 6.15, -29.19
Accel: -0.08, 0.06, -0.94
Gyro: -42.67, 5.39, -27.66
Accel: -0.06, 0.09, -0.93
Gyro: -39.50, 4.17, -26.80
Accel: -0.07, 0.09, -0.93
Gyro: -35.64, 1.87, -25.68
Accel: -0.07, 0.12, -0.96
Gyro: -33.72, 0.51, -23.68
Accel: -0.06, 0.12, -0.95
Gyro: -33.62, 1.20, -21.18
Accel: -0.06, 0.14, -0.95
Gyro: -31.39, 0.12, -18.33
Accel: -0.07, 0.15, -0.96
Gyro: -29.12, 0.60, -15.58
Accel: -0.06, 0.16, -0.97
Gyro: -28.62, 2.20, -13.98
Accel: -0.06, 0.18, -0.95
Gyro: -26.90, 3.11, -13.21
Accel: -0.05, 0.20, -0.94
Gyro: -22.91, 1.69, -12.17
Accel: -0.06, 0.21, -0.94
Gyro: -16.69, -0.47, -10.44
Accel: -0.05, 0.22, -0.96
Gyro: -13.56, -0.61, -8.36
Accel: -0.05, 0.22, -0.95
Gyro: -10.91, -0.13, -6.67
Accel: -0.06, 0.22, -0.94
Gyro: -6.73, -0.82, -4.84
Accel: -0.06, 0.21, -0.95
Gyro: -3.48, -2.51, -2.21
Accel: -0.06, 0.22, -0.96
Gyro: -2.88, -2.82, -0.78
Accel: -0.07, 0.21, -0.95
Gyro: -0.35, -2.33, 1.66
Accel: -0.07, 0.20, -0.95
Gyro: 1.26, -2.50, 3.26
Accel: -0.07, 0.18, -0.95
Gyro: 1.90, -2.42, 3.86
Accel: -0.06, 0.17, -0.95
Gyro: 2.45, -2.37, 3.10
Accel: -0.06, 0.17, -0.97
Gyro: 3.61, -2.97, 2.62
Accel: -0.07, 0.17, -0.96
Gyro: 3.81, -2.32, 2.74
Accel: -0.07, 0.16, -0.96
Gyro: 2.87, -2.49, 2.24
Accel: -0.07, 0.15, -0.95
Gyro: 2.08, -3.73, 2.27
Accel: -0.07, 0.14, -0.96
Gyro: 0.76, -3.72, 1.61
Accel: -0.07, 0.15, -0.97
Gyro: 0.46, -3.51, 1.05
Accel: -0.08, 0.14, -0.96
Gyro: -0.46, -2.46, 0.81
Accel: -0.08, 0.14, -0.96
Gyro: -1.21, -2.56, -0.34
Accel: -0.08, 0.15, -0.95
Gyro: -1.43, -2.24, -0.79
Accel: -0.08, 0.15, -0.96
Gyro: -1.00, -2.46, -0.86
Accel: -0.08, 0.15, -0.96
Gyro: -1.35, -1.77, -0.90
Accel: -0.09, 0.16, -0.99
Gyro: -0.89, -1.14, -0.89
Accel: -0.08, 0.16, -0.95
Gyro: 0.00, -0.50, -0.91
Accel: -0.08, 0.14, -0.96
Gyro: -0.72, -0.91, -0.90
Accel: -0.08, 0.15, -0.96
Gyro: -1.79, -0.89, -1.08
