Accel: -0.24, 0.07, -0.93
Gyro: -2.18, -0.52, -2.30
Accel: -0.24, 0.07, -0.93
Gyro: -2.76, -1.46, -1.69
Accel: -0.24, 0.08, -0.94
Gyro: -2.29, -1.52, -0.58
Accel: -0.25, 0.07, -0.94
Gyro: -1.96, -0.60, 0.27
Accel: -0.24, 0.06, -0.94
Gyro: -2.46, -0.28, -0.34
Accel: -0.24, 0.06, -0.94
Gyro: -2.54, -0.31, -0.80
Accel: -0.24, 0.06, -0.93
Gyro: -2.57, -1.33, -1.77
Accel: -0.24, 0.07, -0.93
Gyro: -2.76, -2.24, -1.70
Accel: -0.25, 0.07, -0.94
Gyro: -2.44, -2.88, -1.75
Accel: -0.25, 0.07, -0.95
Gyro: -2.12, -1.12, -1.50
Accel: -0.24, 0.07, -0.94
Gyro: -2.24, -0.04, -2.11
Accel: -0.24, 0.10, -0.92
Gyro: -2.40, -1.24, -2.13
Accel: -0.25, 0.17, -0.94
Gyro: 1.91, -4.14, -0.62
Accel: -0.26, 0.23, -0.92
Gyro: 11.50, -4.71, 0.43
Accel: -0.27, 0.30, -0.94
Gyro: 31.63, -3.20, 3.61
Accel: -0.27, 0.29, -0.95
Gyro: 62.07, -0.89, 7.93
Accel: -0.25, 0.24, -0.88
Gyro: 95.86, 2.14, 6.87
Accel: -0.24, 0.11, -0.83
Gyro: 129.49, 0.54, 3.49
Accel: -0.23, -0.02, -0.78
Gyro: 144.06, -2.91, 2.48
Accel: -0.23, -0.12, -0.81
Gyro: 147.10, -7.12, 6.18
Accel: -0.26, -0.19, -0.85
Gyro: 140.18, -6.45, 15.93
Accel: -0.27, -0.27, -0.80
Gyro: 126.88, -1.27, 27.72
Accel: -0.25, -0.38, -0.66
Gyro: 116.73, -2.03, 34.26
Accel: -0.27, -0.43, -0.70
Gyro: 116.92, -9.96, 37.35
Accel: -0.28, -0.52, -0.65
Gyro: 108.86, -12.40, 36.55
Accel: -0.31, -0.69, -0.50
Gyro: 105.77, -25.23, 31.48
Accel: -0.42, -0.78, -0.75
Gyro: 96.18, -30.71, 21.59
Accel: -0.44, -0.74, -0.81
Gyro: 71.66, -13.60, 14.95
Accel: -0.39, -0.71, -0.59
Gyro: 58.01, -5.73, 16.43
Accel: -0.38, -0.78, -0.54
Gyro: 58.87, -17.67, 17.90
Accel: -0.43, -0.79, -0.62
Gyro: 51.72, -18.85, 13.80
Accel: -0.42, -0.81, -0.57
Gyro: 39.25, -14.56, 10.91
Accel: -0.43, -0.82, -0.57
Gyro: 29.66, -15.81, 8.00
Accel: -0.45, -0.81, -0.61
Gyro: 24.31, -8.60, 3.07
Accel: -0.45, -0.82, -0.57
Gyro: 17.14, -0.59, 0.07
Accel: -0.43, -0.82, -0.56
Gyro: 8.66, 2.61, -0.95
Accel: -0.42, -0.80, -0.55
Gyro: 4.68, 6.44, -3.45
Accel: -0.40, -0.80, -0.53
Gyro: -1.37, 7.64, -6.03
Accel: -0.38, -0.74, -0.52
Gyro: -6.23, 6.08, -5.86
Accel: -0.37, -0.75, -0.51
Gyro: -8.19, 5.44, -4.76
Accel: -0.37, -0.77, -0.52
Gyro: -12.78, 2.97, -5.58
Accel: -0.40, -0.80, -0.56
Gyro: -24.16, 1.54, -5.29
Accel: -0.42, -0.83, -0.61
Gyro: -36.13, 3.81, -4.20
Accel: -0.42, -0.84, -0.58
Gyro: -51.28, 6.65, -3.72
Accel: -0.40, -0.75, -0.61
Gyro: -58.76, 8.53, -5.79
Accel: -0.40, -0.69, -0.60
Gyro: -58.42, 12.51, -6.74
Accel: -0.37, -0.67, -0.56
Gyro: -59.39, 8.13, -5.46
Accel: -0.41, -0.74, -0.70
Gyro: -66.24, 8.48, -6.71
Accel: -0.38, -0.71, -0.71
Gyro: -82.41, 15.02, -13.77
Accel: -0.38, -0.67, -0.68
Gyro: -93.76, 15.61, -16.18
Accel: -0.34, -0.54, -0.70
Gyro: -97.76, 16.44, -18.41
Accel: -0.34, -0.55, -0.71
Gyro: -98.03, 15.72, -18.26
Accel: -0.33, -0.44, -0.78
Gyro: -112.84, 15.05, -20.46
Accel: -0.33, -0.37, -0.80
Gyro: -105.88, 19.47, -19.84
Accel: -0.33, -0.44, -0.79
Gyro: -113.19, 22.80, -24.28
Accel: -0.29, -0.25, -0.80
Gyro: -117.65, 26.47, -29.72
Accel: -0.24, -0.13, -0.79
Gyro: -102.61, 21.73, -25.89
Accel: -0.25, -0.24, -0.87
Gyro: -97.58, 18.58, -25.89
Accel: -0.22, -0.09, -0.85
Gyro: -113.02, 24.54, -34.69
Accel: -0.18, 0.00, -0.81
Gyro: -92.95, 14.06, -31.88
Accel: -0.20, -0.04, -0.91
Gyro: -85.53, 10.22, -31.69
Accel: -0.19, 0.06, -0.87
Gyro: -83.82, 10.19, -33.79
Accel: -0.20, 0.08, -0.90
Gyro: -72.31, 5.68, -31.78
Accel: -0.17, 0.10, -0.90
Gyro: -70.31, 5.65, -34.36
Accel: -0.14, 0.15, -0.86
Gyro: -68.48, 1.88, -36.87
Accel: -0.15, 0.27, -0.91
Gyro: -59.56, -5.96, -39.05
Accel: -0.20, 0.42, -0.95
Gyro: -38.26, -8.39, -27.52
Accel: -0.20, 0.38, -0.94
Gyro: -16.74, -6.37, -7.70
Accel: -0.20, 0.30, -0.93
Gyro: -6.12, -6.19, 2.94
Accel: -0.19, 0.27, -0.89
Gyro: 1.25, -9.67, 8.25
Accel: -0.21, 0.21, -0.91
Gyro: 10.31, -15.44, 11.51
Accel: -0.22, 0.16, -0.96
Gyro: 9.70, -14.63, 9.94
Accel: -0.24, 0.14, -0.97
Gyro: 9.19, -11.83, 6.95
Accel: -0.24, 0.12, -0.95
Gyro: 9.50, -8.54, 4.21
Accel: -0.24, 0.12, -0.96
Gyro: 7.74, -4.92, 1.85
Accel: -0.24, 0.13, -0.92
Gyro: 8.11, -4.59, 0.90
Accel: -0.25, 0.12, -0.93
Gyro: 9.35, -6.87, 2.56
Accel: -0.25, 0.11, -0.97
Gyro: 6.87, -4.53, 2.98
Accel: -0.24, 0.11, -0.96
Gyro: 7.34, -2.30, 2.31
Accel: -0.25, 0.09, -0.94
Gyro: 8.35, -1.63, 1.88
Accel: -0.23, 0.08, -0.94
Gyro: 6.49, -1.18, 1.18
Accel: -0.23, 0.08, -0.93
Gyro: 4.08, -1.55, -0.11
Accel: -0.23, 0.07, -0.91
Gyro: 2.88, -3.88, -0.67
Accel: -0.24, 0.07, -0.94
Gyro: 0.10, -5.56, -0.39
Accel: -0.26, 0.09, -0.96
Gyro: -1.88, -3.44, 0.02
Accel: -0.25, 0.09, -0.94
Gyro: -1.61, -2.09, -0.56
Accel: -0.25, 0.09, -0.94
Gyro: -0.92, -2.00, -0.36
Accel: -0.25, 0.08, -0.93
Gyro: -1.72, -2.08, -0.66
Accel: -0.25, 0.09, -0.94
Gyro: -1.35, -2.08, -0.71
Accel: -0.26, 0.09, -0.95
Gyro: -0.34, -2.27, 0.76
Accel: -0.25, 0.09, -0.94
Gyro: 0.11, -1.25, 1.51
Accel: -0.26, 0.08, -0.94
Gyro: -1.40, -1.24, 1.76
Accel: -0.25, 0.08, -0.92
Gyro: -2.40, -2.46, 1.10
Accel: -0.25, 0.08, -0.93
Gyro: -2.56, -3.88, 0.53
Accel: -0.25, 0.08, -0.94
Gyro: -3.04, -3.25, -0.11
Accel: -0.25, 0.10, -0.93
Gyro: -1.99, -3.54, -0.41
Accel: -0.26, 0.08, -0.94
Gyro: -2.69, -3.72, -0.18
Accel: -0.27, 0.10, -0.96
Gyro: -2.66, -2.39, -0.36
Accel: -0.27, 0.09, -0.94
Gyro: -2.50, 0.34, -0.37
Accel: -0.27, 0.09, -0.93
Gyro: -1.90, 0.36, -0.94
Accel: -0.26, 0.10, -0.93
Gyro: -1.43, -0.17, -0.63
