Accel: -0.12, 0.08, -0.97
Gyro: -2.82, -2.40, -1.66
Accel: -0.11, 0.09, -0.97
Gyro: -1.40, -1.18, -2.08
Accel: -0.11, 0.09, -0.95
Gyro: -1.67, -2.51, -2.36
Accel: -0.11, 0.09, -0.95
Gyro: -1.85, -4.46, -1.56
Accel: -0.12, 0.09, -0.95
Gyro: -1.71, -5.35, -0.98
Accel: -0.12, 0.08, -0.97
Gyro: -2.60, -4.66, -0.57
Accel: -0.13, 0.09, -0.96
Gyro: -1.95, -4.31, -1.04
Accel: -0.12, 0.08, -0.96
Gyro: -2.08, -3.64, -1.45
Accel: -0.13, 0.09, -0.98
Gyro: -1.28, -3.59, -1.72
Accel: -0.14, 0.08, -0.97
Gyro: -1.73, -2.42, -0.99
Accel: -0.13, 0.09, -0.95
Gyro: -2.07, -3.07, -0.53
Accel: -0.13, 0.09, -0.97
Gyro: -1.89, -2.91, -0.36
Accel: -0.13, 0.07, -0.97
Gyro: -2.37, -1.19, -1.28
Accel: -0.12, 0.09, -0.96
Gyro: -2.27, -0.22, -2.66
Accel: -0.13, 0.10, -0.95
Gyro: -1.63, -0.79, -3.70
Accel: -0.12, 0.11, -0.95
Gyro: -1.35, -2.12, -4.46
Accel: -0.12, 0.16, -0.94
Gyro: -0.65, -3.99, -4.36
Accel: -0.14, 0.20, -0.94
Gyro: 5.46, -6.33, -3.51
Accel: -0.15, 0.24, -0.96
Gyro: 17.86, -6.95, -1.00
Accel: -0.14, 0.26, -0.94
Gyro: 32.13, -6.31, 1.89
Accel: -0.14, 0.29, -0.93
Gyro: 52.98, -8.71, 6.83
Accel: -0.14, 0.27, -0.92
Gyro: 75.90, -8.97, 14.02
Accel: -0.15, 0.25, -0.90
Gyro: 101.20, -7.97, 22.71
Accel: -0.16, 0.14, -0.84
Gyro: 124.33, -8.03, 32.86
Accel: -0.17, 0.02, -0.79
Gyro: 137.99, -10.54, 42.58
Accel: -0.19, -0.17, -0.71
Gyro: 147.42, -19.97, 50.02
Accel: -0.23, -0.38, -0.77
Gyro: 142.01, -25.50, 46.38
Accel: -0.27, -0.39, -0.86
Gyro: 133.57, -20.17, 37.55
Accel: -0.26, -0.44, -0.79
Gyro: 121.45, -11.67, 36.91
Accel: -0.26, -0.48, -0.64
Gyro: 118.05, -14.08, 37.38
Accel: -0.28, -0.55, -0.61
Gyro: 125.33, -21.15, 39.05
Accel: -0.32, -0.65, -0.65
Gyro: 121.94, -21.34, 40.89
Accel: -0.34, -0.79, -0.62
Gyro: 106.79, -20.59, 38.76
Accel: -0.39, -0.87, -0.64
Gyro: 94.35, -21.19, 29.60
Accel: -0.44, -0.85, -0.60
Gyro: 76.52, -14.65, 21.79
Accel: -0.46, -0.96, -0.61
Gyro: 57.05, -12.33, 18.74
Accel: -0.49, -0.96, -0.66
Gyro: 34.62, -4.64, 11.43
Accel: -0.47, -0.87, -0.62
Gyro: 19.26, 10.04, 6.32
Accel: -0.42, -0.83, -0.53
Gyro: 12.00, 15.16, 6.94
Accel: -0.40, -0.86, -0.53
Gyro: 3.39, 15.36, 4.93
Accel: -0.39, -0.88, -0.55
Gyro: -7.83, 16.43, -1.46
Accel: -0.37, -0.89, -0.56
Gyro: -17.81, 16.93, -7.76
Accel: -0.35, -0.86, -0.56
Gyro: -30.46, 16.20, -10.56
Accel: -0.35, -0.85, -0.59
Gyro: -42.04, 18.71, -13.17
Accel: -0.33, -0.85, -0.57
Gyro: -52.47, 17.66, -17.22
Accel: -0.33, -0.83, -0.64
Gyro: -66.61, 17.25, -21.33
Accel: -0.32, -0.77, -0.66
Gyro: -75.94, 22.39, -23.95
Accel: -0.28, -0.70, -0.64
Gyro: -83.51, 22.05, -23.93
Accel: -0.30, -0.70, -0.71
Gyro: -94.38, 24.67, -23.48
Accel: -0.26, -0.61, -0.71
Gyro: -102.75, 28.72, -23.56
Accel: -0.24, -0.56, -0.72
Gyro: -105.93, 27.96, -22.52
Accel: -0.21, -0.52, -0.78
Gyro: -112.64, 27.27, -23.55
Accel: -0.20, -0.48, -0.79
Gyro: -118.60, 29.08, -26.54
Accel: -0.19, -0.40, -0.83
Gyro: -122.17, 30.40, -31.97
Accel: -0.15, -0.27, -0.82
Gyro: -118.18, 31.98, -34.97
Accel: -0.12, -0.25, -0.83
Gyro: -109.34, 29.21, -38.17
Accel: -0.10, -0.17, -0.84
Gyro: -104.74, 25.28, -46.55
Accel: -0.08, -0.08, -0.85
Gyro: -93.93, 22.49, -51.01
Accel: -0.08, -0.04, -0.84
Gyro: -83.29, 15.28, -51.93
Accel: -0.06, 0.03, -0.89
Gyro: -76.36, 9.90, -52.52
Accel: -0.08, 0.06, -0.93
Gyro: -71.07, 8.92, -49.92
Accel: -0.05, 0.11, -0.90
Gyro: -68.74, 11.44, -48.05
Accel: -0.04, 0.17, -0.90
Gyro: -53.79, 5.21, -43.40
Accel: -0.05, 0.18, -0.96
Gyro: -43.50, 2.59, -38.54
Accel: -0.06, 0.21, -0.97
Gyro: -38.37, 4.53, -33.71
Accel: -0.03, 0.25, -0.91
Gyro: -28.84, 2.70, -26.87
Accel: -0.03, 0.23, -0.94
Gyro: -17.56, -0.56, -18.65
Accel: -0.03, 0.23, -0.96
Gyro: -12.83, -1.08, -11.73
Accel: -0.03, 0.23, -0.93
Gyro: -5.74, -3.65, -4.30
Accel: -0.03, 0.20, -0.96
Gyro: -0.11, -6.15, 1.40
Accel: -0.04, 0.17, -0.96
Gyro: 2.37, -6.90, 5.11
Accel: -0.05, 0.14, -0.97
Gyro: 2.79, -7.29, 6.99
Accel: -0.06, 0.12, -0.97
Gyro: 3.70, -7.72, 8.06
Accel: -0.07, 0.11, -0.97
Gyro: 1.96, -6.62, 8.92
Accel: -0.07, 0.09, -0.97
Gyro: -0.02, -5.62, 7.80
Accel: -0.06, 0.09, -0.97
Gyro: 0.38, -4.20, 5.69
Accel: -0.07, 0.09, -0.98
Gyro: 1.43, -2.40, 3.62
Accel: -0.06, 0.10, -0.98
Gyro: 2.85, -1.46, 1.76
Accel: -0.06, 0.09, -0.97
Gyro: 3.11, -1.53, 1.14
Accel: -0.06, 0.08, -0.97
Gyro: 1.97, -2.68, 1.02
Accel: -0.06, 0.09, -0.96
Gyro: 0.70, -3.17, 1.63
Accel: -0.06, 0.09, -0.98
Gyro: 0.39, -3.06, 1.59
Accel: -0.06, 0.09, -0.96
Gyro: 1.13, -1.33, 0.86
Accel: -0.06, 0.08, -0.94
Gyro: 1.34, -3.06, 0.23
Accel: -0.07, 0.09, -0.95
Gyro: 0.47, -4.33, 0.39
Accel: -0.07, 0.09, -0.98
Gyro: 0.69, -4.01, 0.89
Accel: -0.07, 0.07, -0.97
Gyro: 0.91, -3.41, 1.05
Accel: -0.08, 0.07, -0.96
Gyro: -0.47, -2.53, 0.68
Accel: -0.07, 0.06, -0.97
Gyro: -2.19, -2.50, -0.13
Accel: -0.08, 0.08, -0.98
Gyro: -3.11, -2.40, -1.46
Accel: -0.08, 0.08, -0.96
Gyro: -3.02, -1.66, -2.11
Accel: -0.08, 0.08, -0.96
Gyro: -2.36, -2.21, -2.40
Accel: -0.08, 0.09, -0.97
Gyro: -2.73, -2.70, -2.17
Accel: -0.08, 0.09, -0.97
Gyro: -1.98, -2.62, -1.76
Accel: -0.08, 0.09, -0.96
Gyro: -1.61, -2.08, -1.19
Accel: -0.09, 0.09, -0.97
Gyro: -1.15, -1.58, -0.51
Accel: -0.08, 0.08, -0.97
Gyro: -1.24, -1.88, -0.31
Accel: -0.08, 0.07, -0.96
Gyro: -2.44, -2.20, -0.54
Accel: -0.09, 0.08, -0.97
Gyro: -2.96, -1.98, -1.31
Accel: -0.09, 0.09, -0.97
Gyro: -2.69, -0.72, -1.55
Accel: -0.08, 0.09, -0.96
Gyro: -2.53, -0.98, -1.63
