Accel: -0.29, 0.07, -0.92
Gyro: -2.17, -0.92, -1.17
Accel: -0.30, 0.06, -0.92
Gyro: -1.94, -1.02, -1.43
Accel: -0.31, 0.06, -0.92
Gyro: -0.95, -1.05, -0.82
Accel: -0.31, 0.05, -0.92
Gyro: -0.90, -0.01, -0.42
Accel: -0.30, 0.06, -0.92
Gyro: -0.44, -0.60, -0.71
Accel: -0.30, 0.05, -0.92
Gyro: -1.37, -1.05, -0.69
Accel: -0.30, 0.04, -0.93
Gyro: -2.02, -1.00, -0.93
Accel: -0.30, 0.06, -0.91
Gyro: -1.78, -0.90, -1.54
Accel: -0.30, 0.05, -0.91
Gyro: -1.59, -1.17, -1.70
Accel: -0.30, 0.05, -0.93
Gyro: -1.90, -1.27, -1.60
Accel: -0.30, 0.05, -0.92
Gyro: -2.39, -0.30, -1.21
Accel: -0.30, 0.06, -0.91
Gyro: -2.25, -1.46, -1.22
Accel: -0.30, 0.06, -0.92
Gyro: -2.33, -1.60, -1.88
Accel: -0.32, 0.08, -0.92
Gyro: -3.67, -1.93, -2.36
Accel: -0.33, 0.13, -0.91
Gyro: -2.66, -2.82, -1.57
Accel: -0.35, 0.18, -0.93
Gyro: 4.77, -2.24, -0.86
Accel: -0.35, 0.24, -0.94
Gyro: 19.72, -0.03, 0.82
Accel: -0.35, 0.30, -0.93
Gyro: 38.99, 2.67, 5.11
Accel: -0.35, 0.31, -0.92
Gyro: 68.37, 5.98, 10.76
Accel: -0.32, 0.18, -0.90
Gyro: 96.26, 12.70, 13.56
Accel: -0.29, 0.09, -0.81
Gyro: 116.88, 11.86, 16.43
Accel: -0.27, 0.01, -0.80
Gyro: 126.54, 9.05, 22.77
Accel: -0.27, -0.07, -0.78
Gyro: 134.93, 6.44, 28.84
Accel: -0.28, -0.14, -0.75
Gyro: 139.12, 4.22, 33.94
Accel: -0.28, -0.27, -0.69
Gyro: 145.59, 0.42, 35.30
Accel: -0.30, -0.42, -0.60
Gyro: 148.39, -9.85, 35.64
Accel: -0.35, -0.55, -0.72
Gyro: 132.87, -14.54, 32.21
Accel: -0.37, -0.59, -0.75
Gyro: 115.07, -7.67, 27.94
Accel: -0.36, -0.66, -0.63
Gyro: 100.06, -3.86, 23.25
Accel: -0.35, -0.71, -0.55
Gyro: 100.23, -11.94, 21.68
Accel: -0.37, -0.80, -0.61
Gyro: 83.11, -16.11, 18.14
Accel: -0.40, -0.78, -0.61
Gyro: 67.57, -18.25, 13.92
Accel: -0.42, -0.81, -0.66
Gyro: 54.77, -13.53, 12.92
Accel: -0.43, -0.80, -0.64
Gyro: 40.49, -6.40, 7.73
Accel: -0.45, -0.82, -0.61
Gyro: 36.98, 1.89, 2.88
Accel: -0.42, -0.82, -0.57
Gyro: 24.92, 4.82, -0.54
Accel: -0.41, -0.78, -0.56
Gyro: 16.89, 7.55, -0.46
Accel: -0.39, -0.81, -0.55
Gyro: 12.94, 10.07, -2.65
Accel: -0.35, -0.83, -0.49
Gyro: 3.77, 7.61, -7.55
Accel: -0.36, -0.76, -0.53
Gyro: -2.12, 4.06, -9.28
Accel: -0.37, -0.77, -0.54
Gyro: -7.86, 4.30, -5.66
Accel: -0.38, -0.81, -0.59
Gyro: -20.52, 5.39, 0.13
Accel: -0.38, -0.84, -0.60
Gyro: -33.12, 11.80, 2.22
Accel: -0.35, -0.86, -0.53
Gyro: -47.25, 10.27, 0.42
Accel: -0.37, -0.89, -0.58
Gyro: -62.72, 4.44, -4.30
Accel: -0.41, -0.80, -0.70
Gyro: -77.84, 10.26, -8.13
Accel: -0.39, -0.79, -0.67
Gyro: -85.50, 21.22, -10.73
Accel: -0.36, -0.73, -0.65
Gyro: -99.24, 23.17, -13.98
Accel: -0.34, -0.62, -0.69
Gyro: -104.74, 24.03, -15.80
Accel: -0.32, -0.56, -0.70
Gyro: -107.09, 26.69, -14.98
Accel: -0.29, -0.51, -0.70
Gyro: -104.74, 24.83, -16.55
Accel: -0.26, -0.45, -0.74
Gyro: -102.64, 21.98, -20.29
Accel: -0.25, -0.39, -0.78
Gyro: -97.60, 22.34, -25.18
Accel: -0.24, -0.34, -0.81
Gyro: -90.79, 23.16, -30.53
Accel: -0.23, -0.30, -0.83
Gyro: -85.67, 21.54, -35.31
Accel: -0.22, -0.23, -0.85
Gyro: -82.37, 20.59, -37.41
Accel: -0.21, -0.22, -0.86
Gyro: -78.46, 18.18, -35.75
Accel: -0.20, -0.19, -0.89
Gyro: -80.97, 18.37, -36.10
Accel: -0.18, -0.15, -0.90
Gyro: -83.06, 18.38, -36.21
Accel: -0.15, -0.14, -0.86
Gyro: -84.40, 15.23, -38.21
Accel: -0.15, -0.08, -0.89
Gyro: -83.96, 10.85, -42.08
Accel: -0.14, 0.01, -0.90
Gyro: -83.24, 9.86, -43.82
Accel: -0.13, 0.03, -0.86
Gyro: -80.61, 6.48, -44.04
Accel: -0.12, 0.09, -0.90
Gyro: -74.72, 0.65, -44.72
Accel: -0.12, 0.16, -0.89
Gyro: -69.74, -2.20, -43.67
Accel: -0.10, 0.22, -0.87
Gyro: -56.06, -8.67, -40.97
Accel: -0.12, 0.26, -0.90
Gyro: -40.95, -15.80, -36.29
Accel: -0.15, 0.31, -0.94
Gyro: -30.93, -18.16, -27.38
Accel: -0.15, 0.32, -0.92
Gyro: -20.77, -19.20, -17.83
Accel: -0.18, 0.33, -0.93
Gyro: -6.29, -22.30, -8.54
Accel: -0.22, 0.31, -0.96
Gyro: 5.36, -21.11, 2.03
Accel: -0.23, 0.26, -0.96
Gyro: 12.31, -17.85, 10.50
Accel: -0.23, 0.22, -0.96
Gyro: 16.02, -15.37, 15.37
Accel: -0.24, 0.17, -0.97
Gyro: 18.04, -12.57, 18.02
Accel: -0.23, 0.13, -0.95
Gyro: 17.87, -9.12, 17.75
Accel: -0.23, 0.10, -0.93
Gyro: 17.72, -7.77, 15.63
Accel: -0.23, 0.07, -0.93
Gyro: 16.22, -6.90, 12.19
Accel: -0.24, 0.07, -0.97
Gyro: 12.57, -5.43, 8.42
Accel: -0.23, 0.06, -0.95
Gyro: 10.17, -3.01, 4.84
Accel: -0.24, 0.05, -0.95
Gyro: 9.78, -2.94, 2.66
Accel: -0.23, 0.04, -0.95
Gyro: 4.24, -1.40, 0.37
Accel: -0.23, 0.05, -0.93
Gyro: 1.07, -1.44, -1.64
Accel: -0.22, 0.06, -0.92
Gyro: 0.21, -2.93, -2.90
Accel: -0.23, 0.08, -0.93
Gyro: 1.04, -5.39, -2.80
Accel: -0.24, 0.08, -0.96
Gyro: 0.40, -4.22, -1.46
Accel: -0.24, 0.07, -0.94
Gyro: 1.33, -2.66, -0.83
Accel: -0.24, 0.06, -0.93
Gyro: 2.23, -3.75, -0.05
Accel: -0.24, 0.05, -0.94
Gyro: -0.31, -3.70, -1.00
Accel: -0.24, 0.06, -0.95
Gyro: -1.68, -1.96, -1.44
Accel: -0.24, 0.06, -0.93
Gyro: -0.66, -1.91, -1.98
Accel: -0.24, 0.07, -0.93
Gyro: 0.00, -3.11, -1.95
Accel: -0.24, 0.06, -0.95
Gyro: -0.31, -2.11, -1.14
Accel: -0.25, 0.07, -0.94
Gyro: -0.05, -0.83, -0.19
Accel: -0.25, 0.05, -0.93
Gyro: 0.14, -1.25, 0.14
Accel: -0.25, 0.04, -0.93
Gyro: -1.40, -2.25, -0.36
Accel: -0.24, 0.05, -0.95
Gyro: -2.72, -2.05, -0.89
Accel: -0.25, 0.06, -0.93
Gyro: -2.46, -1.59, -1.11
Accel: -0.25, 0.06, -0.93
Gyro: -1.94, -2.04, -1.17
Accel: -0.25, 0.06, -0.94
Gyro: -1.95, -1.75, -0.92
Accel: -0.25, 0.05, -0.96
Gyro: -2.85, -0.76, -1.17
Accel: -0.25, 0.06, -0.94
Gyro: -3.43, 0.35, -2.40
