Accel: 0.16, 0.03, -0.95
Gyro: -2.84, -0.92, -1.63
Accel: 0.15, 0.04, -0.95
Gyro: -3.32, -1.34, -1.35
Accel: 0.15, 0.04, -0.96
Gyro: -3.42, -0.68, -1.10
Accel: 0.16, 0.04, -0.96
Gyro: -3.49, 0.40, -1.47
Accel: 0.16, 0.03, -0.95
Gyro: -3.62, 0.42, -1.78
Accel: 0.15, 0.04, -0.95
Gyro: -3.58, -0.09, -2.05
Accel: 0.15, 0.04, -0.95
Gyro: -3.62, 0.27, -2.06
Accel: 0.16, 0.05, -0.95
Gyro: -3.37, 0.43, -2.20
Accel: 0.16, 0.05, -0.95
Gyro: -3.26, -0.34, -1.91
Accel: 0.16, 0.05, -0.96
Gyro: -2.89, -0.91, -0.95
Accel: 0.17, 0.05, -0.96
Gyro: -2.91, -0.39, -0.50
Accel: 0.16, 0.03, -0.96
Gyro: -3.06, -0.79, -0.49
Accel: 0.16, 0.03, -0.96
Gyro: -3.84, -0.78, -1.17
Accel: 0.16, 0.03, -0.96
Gyro: -5.73, -0.97, -1.99
Accel: 0.16, 0.00, -0.95
Gyro: -8.25, -0.80, -3.19
Accel: 0.16, -0.01, -0.95
Gyro: -12.93, -0.73, -4.73
Accel: 0.16, -0.01, -0.93
Gyro: -20.86, -1.26, -5.99
Accel: 0.16, -0.03, -0.94
Gyro: -30.78, -2.56, -7.23
Accel: 0.16, -0.01, -0.94
Gyro: -40.63, -3.25, -9.04
Accel: 0.15, 0.01, -0.94
Gyro: -49.77, -3.00, -10.48
Accel: 0.16, 0.06, -0.95
Gyro: -54.27, -3.56, -12.27
Accel: 0.14, 0.09, -0.93
Gyro: -61.22, -4.10, -14.01
Accel: 0.14, 0.12, -0.93
Gyro: -65.53, -3.65, -15.95
Accel: 0.14, 0.18, -0.91
Gyro: -68.51, -3.85, -18.41
Accel: 0.12, 0.21, -0.91
Gyro: -69.56, -3.91, -21.21
Accel: 0.12, 0.25, -0.91
Gyro: -70.30, -2.40, -23.41
Accel: 0.12, 0.26, -0.89
Gyro: -72.28, -0.34, -26.62
Accel: 0.12, 0.27, -0.86
Gyro: -76.42, 1.00, -30.81
Accel: 0.12, 0.32, -0.81
Gyro: -82.75, 1.47, -33.94
Accel: 0.13, 0.36, -0.76
Gyro: -91.39, -0.22, -37.17
Accel: 0.11, 0.45, -0.72
Gyro: -95.61, -4.30, -44.37
Accel: 0.08, 0.58, -0.74
Gyro: -91.80, -6.83, -50.00
Accel: 0.06, 0.71, -0.72
Gyro: -77.72, -7.79, -50.38
Accel: 0.04, 0.78, -0.70
Gyro: -58.33, -10.56, -48.92
Accel: 0.01, 0.78, -0.68
Gyro: -41.03, -14.91, -48.46
Accel: -0.02, 0.79, -0.69
Gyro: -28.62, -19.51, -46.42
Accel: -0.06, 0.76, -0.71
Gyro: -23.32, -18.90, -42.82
Accel: -0.09, 0.83, -0.77
Gyro: -24.10, -11.72, -33.42
Accel: -0.09, 0.82, -0.72
Gyro: -23.67, -7.39, -22.47
Accel: -0.10, 0.85, -0.71
Gyro: -19.79, -2.97, -12.29
Accel: -0.09, 0.84, -0.71
Gyro: -15.03, 0.57, -2.48
Accel: -0.09, 0.83, -0.68
Gyro: -8.67, 1.92, 4.14
Accel: -0.07, 0.81, -0.68
Gyro: -0.31, 3.56, 7.79
Accel: -0.07, 0.79, -0.67
Gyro: 8.06, 3.36, 7.45
Accel: -0.07, 0.79, -0.68
Gyro: 17.12, 2.55, 7.30
Accel: -0.06, 0.79, -0.71
Gyro: 25.14, 4.28, 7.45
Accel: -0.06, 0.80, -0.69
Gyro: 33.59, 4.14, 10.14
Accel: -0.05, 0.76, -0.70
Gyro: 40.99, 2.94, 14.53
Accel: -0.03, 0.72, -0.72
Gyro: 45.48, 3.07, 18.04
Accel: -0.03, 0.70, -0.75
Gyro: 49.74, 3.33, 22.15
Accel: -0.02, 0.65, -0.78
Gyro: 52.37, 5.39, 25.25
Accel: -0.01, 0.62, -0.79
Gyro: 53.66, 7.80, 26.47
Accel: -0.00, 0.59, -0.80
Gyro: 56.15, 9.29, 28.55
Accel: 0.02, 0.55, -0.82
Gyro: 59.46, 11.90, 30.30
Accel: 0.04, 0.52, -0.81
Gyro: 60.50, 12.66, 31.24
Accel: 0.06, 0.49, -0.83
Gyro: 63.31, 12.09, 33.65
Accel: 0.06, 0.42, -0.83
Gyro: 67.49, 12.08, 32.18
Accel: 0.08, 0.41, -0.84
Gyro: 69.79, 9.83, 29.14
Accel: 0.10, 0.31, -0.85
Gyro: 73.62, 9.32, 27.57
Accel: 0.12, 0.25, -0.86
Gyro: 71.72, 7.94, 23.59
Accel: 0.12, 0.21, -0.87
Gyro: 65.91, 5.39, 21.68
Accel: 0.12, 0.18, -0.90
Gyro: 59.43, 4.31, 20.68
Accel: 0.14, 0.16, -0.91
Gyro: 52.64, 4.26, 19.38
Accel: 0.13, 0.14, -0.94
Gyro: 47.23, 4.23, 18.55
Accel: 0.13, 0.16, -0.95
Gyro: 47.72, 5.69, 18.46
Accel: 0.15, 0.12, -0.92
Gyro: 48.76, 5.90, 21.20
Accel: 0.16, 0.04, -0.92
Gyro: 47.03, 4.10, 20.13
Accel: 0.15, 0.00, -0.94
Gyro: 44.81, 2.68, 14.82
Accel: 0.16, -0.00, -0.93
Gyro: 40.22, 0.94, 12.38
Accel: 0.16, -0.05, -0.94
Gyro: 33.28, 0.37, 11.18
Accel: 0.16, -0.06, -0.95
Gyro: 25.89, 0.20, 8.99
Accel: 0.15, -0.05, -0.95
Gyro: 18.61, 0.16, 8.38
Accel: 0.15, -0.07, -0.97
Gyro: 11.99, 0.69, 8.42
Accel: 0.16, -0.09, -0.96
Gyro: 6.56, 1.18, 6.61
Accel: 0.16, -0.09, -0.96
Gyro: 3.52, 1.02, 3.74
Accel: 0.15, -0.08, -0.95
Gyro: 0.89, 0.78, 2.01
Accel: 0.16, -0.08, -0.94
Gyro: -0.25, 0.08, 1.45
Accel: 0.15, -0.07, -0.94
Gyro: -2.36, -1.34, -0.58
Accel: 0.16, -0.04, -0.97
Gyro: -3.70, -1.67, -1.63
Accel: 0.15, -0.04, -0.97
Gyro: -3.43, -0.50, -0.62
Accel: 0.15, -0.04, -0.95
Gyro: -4.31, -0.05, -0.17
Accel: 0.16, -0.04, -0.96
Gyro: -5.24, -0.50, -0.20
Accel: 0.16, -0.02, -0.96
Gyro: -5.17, 0.16, -0.34
Accel: 0.16, -0.03, -0.95
Gyro: -5.75, 0.43, -0.82
Accel: 0.17, -0.03, -0.94
Gyro: -5.63, -0.50, -1.34
Accel: 0.16, -0.03, -0.96
Gyro: -5.64, -1.31, -1.13
Accel: 0.16, -0.03, -0.95
Gyro: -6.12, -1.51, -1.78
Accel: 0.16, -0.02, -0.95
Gyro: -6.21, -1.29, -2.46
Accel: 0.16, -0.01, -0.95
Gyro: -5.90, -1.43, -2.68
Accel: 0.16, -0.00, -0.96
Gyro: -5.83, -1.17, -2.18
Accel: 0.16, -0.01, -0.96
Gyro: -5.74, -0.79, -2.33
Accel: 0.16, -0.01, -0.96
Gyro: -5.55, -0.98, -2.58
Accel: 0.16, 0.00, -0.95
Gyro: -5.80, -1.28, -2.44
Accel: 0.16, -0.00, -0.96
Gyro: -6.41, -1.15, -2.45
Accel: 0.16, -0.00, -0.95
Gyro: -6.77, -0.98, -2.91
Accel: 0.15, 0.01, -0.96
Gyro: -6.13, -1.76, -2.86
Accel: 0.16, 0.01, -0.96
Gyro: -4.91, -1.92, -2.77
Accel: 0.15, 0.02, -0.96
Gyro: -3.54, -1.27, -2.69
Accel: 0.16, 0.01, -0.95
Gyro: -2.52, -1.21, -2.09
Accel: 0.15, 0.01, -0.96
Gyro: -2.08, -1.30, -1.83
Accel: 0.15, 0.01, -0.97
Gyro: -2.11, -1.18, -1.15
