Accel: 0.15, 0.01, -0.96
Gyro: -5.38, -2.01, -1.69
Accel: 0.14, 0.02, -0.96
Gyro: -3.78, -0.82, -2.06
Accel: 0.14, 0.02, -0.97
Gyro: -3.00, -0.43, -2.25
Accel: 0.14, 0.02, -0.96
Gyro: -2.46, -0.54, -1.95
Accel: 0.15, 0.02, -0.96
Gyro: -2.10, -0.09, -1.21
Accel: 0.14, 0.02, -0.97
Gyro: -2.67, 0.45, -1.15
Accel: 0.15, 0.02, -0.97
Gyro: -3.05, 0.79, -1.13
Accel: 0.15, 0.02, -0.96
Gyro: -3.23, 1.09, -0.43
Accel: 0.16, 0.02, -0.95
Gyro: -3.45, 0.78, -0.51
Accel: 0.16, 0.01, -0.94
Gyro: -3.61, -0.50, -0.81
Accel: 0.15, 0.01, -0.95
Gyro: -4.10, -1.83, -2.08
Accel: 0.15, 0.01, -0.97
Gyro: -4.44, -0.96, -2.53
Accel: 0.15, -0.01, -0.96
Gyro: -5.83, -0.41, -4.05
Accel: 0.15, -0.02, -0.96
Gyro: -8.50, -0.42, -5.80
Accel: 0.15, -0.04, -0.96
Gyro: -12.64, -0.34, -7.95
Accel: 0.15, -0.05, -0.96
Gyro: -18.59, -0.92, -11.28
Accel: 0.15, -0.05, -0.94
Gyro: -24.93, -2.19, -14.93
Accel: 0.15, -0.04, -0.94
Gyro: -31.39, -3.40, -19.64
Accel: 0.13, -0.01, -0.94
Gyro: -37.45, -4.07, -24.08
Accel: 0.14, 0.03, -0.93
Gyro: -42.72, -4.81, -26.45
Accel: 0.13, 0.05, -0.95
Gyro: -47.15, -3.85, -28.28
Accel: 0.13, 0.08, -0.94
Gyro: -54.41, -3.56, -29.62
Accel: 0.13, 0.12, -0.91
Gyro: -60.06, -3.43, -31.01
Accel: 0.12, 0.17, -0.91
Gyro: -64.55, -3.34, -31.74
Accel: 0.12, 0.22, -0.90
Gyro: -69.03, -3.04, -32.26
Accel: 0.13, 0.26, -0.88
Gyro: -74.58, -2.11, -32.44
Accel: 0.13, 0.30, -0.86
Gyro: -78.09, -1.99, -32.88
Accel: 0.13, 0.36, -0.82
Gyro: -78.09, -4.68, -31.68
Accel: 0.10, 0.40, -0.79
Gyro: -77.52, -11.64, -31.29
Accel: 0.07, 0.43, -0.82
Gyro: -75.22, -17.33, -31.62
Accel: 0.05, 0.45, -0.83
Gyro: -76.37, -16.10, -33.94
Accel: 0.02, 0.52, -0.82
Gyro: -78.55, -12.55, -36.43
Accel: 0.01, 0.59, -0.81
Gyro: -75.04, -9.15, -36.58
Accel: -0.00, 0.64, -0.78
Gyro: -68.51, -5.37, -34.28
Accel: -0.01, 0.68, -0.72
Gyro: -61.11, -5.36, -31.59
Accel: -0.02, 0.70, -0.71
Gyro: -56.08, -8.54, -30.33
Accel: -0.03, 0.79, -0.71
Gyro: -50.07, -7.96, -27.98
Accel: -0.05, 0.77, -0.67
Gyro: -41.18, -11.27, -24.97
Accel: -0.07, 0.82, -0.71
Gyro: -34.65, -10.38, -21.28
Accel: -0.07, 0.84, -0.68
Gyro: -31.64, -6.52, -10.31
Accel: -0.09, 0.86, -0.71
Gyro: -26.44, -6.89, -3.25
Accel: -0.09, 0.86, -0.71
Gyro: -18.38, -1.45, 2.82
Accel: -0.08, 0.83, -0.68
Gyro: -8.65, 2.30, 4.48
Accel: -0.07, 0.78, -0.65
Gyro: 0.11, 3.27, 2.19
Accel: -0.06, 0.78, -0.67
Gyro: 6.28, 4.20, -0.16
Accel: -0.06, 0.78, -0.66
Gyro: 9.27, 6.23, -0.01
Accel: -0.04, 0.81, -0.65
Gyro: 12.54, 6.09, 2.62
Accel: -0.05, 0.83, -0.65
Gyro: 19.07, 2.90, 7.33
Accel: -0.04, 0.79, -0.67
Gyro: 27.30, 1.59, 10.50
Accel: -0.03, 0.78, -0.67
Gyro: 32.33, 1.65, 13.36
Accel: -0.03, 0.77, -0.68
Gyro: 38.16, -0.64, 18.78
Accel: -0.03, 0.71, -0.69
Gyro: 42.11, -2.23, 19.54
Accel: -0.03, 0.71, -0.73
Gyro: 45.84, -3.38, 20.95
Accel: -0.02, 0.69, -0.76
Gyro: 50.12, -1.29, 24.48
Accel: -0.02, 0.66, -0.78
Gyro: 53.92, 1.19, 27.00
Accel: -0.01, 0.61, -0.80
Gyro: 57.96, 3.91, 28.47
Accel: 0.00, 0.58, -0.80
Gyro: 61.80, 6.03, 29.88
Accel: 0.03, 0.53, -0.83
Gyro: 65.22, 7.57, 30.65
Accel: 0.05, 0.48, -0.82
Gyro: 67.23, 8.39, 30.82
Accel: 0.05, 0.44, -0.81
Gyro: 67.47, 7.09, 31.77
Accel: 0.06, 0.39, -0.83
Gyro: 66.44, 6.44, 31.30
Accel: 0.08, 0.38, -0.86
Gyro: 64.59, 5.70, 31.19
Accel: 0.08, 0.31, -0.88
Gyro: 64.61, 4.42, 33.41
Accel: 0.10, 0.23, -0.88
Gyro: 60.59, 4.49, 30.62
Accel: 0.11, 0.25, -0.88
Gyro: 55.60, 2.83, 29.55
Accel: 0.12, 0.17, -0.92
Gyro: 52.60, 1.86, 27.82
Accel: 0.11, 0.19, -0.93
Gyro: 44.53, 5.75, 23.03
Accel: 0.13, 0.16, -0.90
Gyro: 44.49, 4.71, 25.92
Accel: 0.14, 0.08, -0.90
Gyro: 41.93, 1.11, 23.96
Accel: 0.13, 0.06, -0.93
Gyro: 35.87, -1.63, 18.54
Accel: 0.14, 0.05, -0.94
Gyro: 32.04, -2.92, 15.45
Accel: 0.14, 0.02, -0.95
Gyro: 29.46, -2.16, 11.94
Accel: 0.13, 0.04, -0.95
Gyro: 25.53, -2.84, 6.02
Accel: 0.13, 0.02, -0.96
Gyro: 26.31, -1.07, 3.49
Accel: 0.13, 0.02, -0.96
Gyro: 23.08, 1.08, 1.78
Accel: 0.14, 0.02, -0.95
Gyro: 21.89, 0.24, 2.75
Accel: 0.14, -0.02, -0.95
Gyro: 20.10, 0.04, 2.14
Accel: 0.14, -0.04, -0.95
Gyro: 15.95, -0.33, 0.24
Accel: 0.14, -0.04, -0.95
Gyro: 11.02, -1.20, -0.56
Accel: 0.14, -0.05, -0.96
Gyro: 6.29, -2.45, -1.49
Accel: 0.13, -0.04, -0.97
Gyro: 2.82, -1.59, -1.95
Accel: 0.13, -0.03, -0.96
Gyro: -0.61, -0.95, -1.59
Accel: 0.13, -0.02, -0.96
Gyro: -1.93, -0.53, -1.48
Accel: 0.13, -0.02, -0.96
Gyro: -1.49, 0.46, -1.83
Accel: 0.14, -0.02, -0.95
Gyro: -0.91, 0.98, -2.65
Accel: 0.14, -0.00, -0.96
Gyro: -0.95, 0.48, -2.44
Accel: 0.13, -0.02, -0.96
Gyro: -1.58, 0.05, -1.98
Accel: 0.14, -0.02, -0.96
Gyro: -3.75, -0.18, -2.38
Accel: 0.14, -0.01, -0.94
Gyro: -5.50, -1.72, -2.76
Accel: 0.13, 0.01, -0.96
Gyro: -5.85, -2.96, -2.04
Accel: 0.13, 0.02, -0.97
Gyro: -5.83, -2.43, -1.66
Accel: 0.13, 0.03, -0.98
Gyro: -5.25, -1.21, -1.30
Accel: 0.13, 0.03, -0.96
Gyro: -4.13, -0.53, 0.05
Accel: 0.13, 0.02, -0.96
Gyro: -3.73, -0.66, 0.85
Accel: 0.13, 0.00, -0.96
Gyro: -3.75, -0.47, 0.37
Accel: 0.13, 0.01, -0.96
Gyro: -3.70, 0.24, 0.42
Accel: 0.14, -0.00, -0.96
Gyro: -4.73, 0.56, -0.56
Accel: 0.14, 0.01, -0.96
Gyro: -5.58, 0.26, -1.07
Accel: 0.14, 0.02, -0.96
Gyro: -5.31, -0.06, -1.30
Accel: 0.13, 0.02, -0.95
Gyro: -4.60, -0.22, -1.19
Accel: 0.14, 0.02, -0.96
Gyro: -3.83, -0.43, -1.05
