Accel: 0.18, 0.00, -0.97
Gyro: -4.93, -0.24, -2.02
Accel: 0.17, 0.00, -0.94
Gyro: -5.41, -0.43, -2.72
Accel: 0.18, 0.01, -0.96
Gyro: -5.42, -0.16, -2.78
Accel: 0.18, 0.02, -0.96
Gyro: -4.96, 0.18, -2.37
Accel: 0.18, 0.02, -0.94
Gyro: -4.16, 0.05, -2.30
Accel: 0.18, 0.02, -0.94
Gyro: -3.99, -0.21, -2.58
Accel: 0.17, 0.03, -0.95
Gyro: -3.50, -0.19, -2.20
Accel: 0.18, 0.02, -0.95
Gyro: -3.46, 0.05, -2.05
Accel: 0.18, 0.02, -0.96
Gyro: -3.35, -0.06, -1.92
Accel: 0.17, 0.02, -0.95
Gyro: -3.17, 0.06, -1.54
Accel: 0.18, 0.02, -0.96
Gyro: -3.22, -0.25, -1.20
Accel: 0.19, 0.01, -0.95
Gyro: -3.56, -0.37, -1.23
Accel: 0.18, 0.01, -0.95
Gyro: -4.19, -0.66, -2.11
Accel: 0.18, -0.02, -0.96
Gyro: -5.51, -0.79, -3.09
Accel: 0.19, -0.04, -0.95
Gyro: -9.52, -0.72, -6.05
Accel: 0.17, -0.04, -0.95
Gyro: -14.64, -0.51, -9.05
Accel: 0.18, -0.04, -0.95
Gyro: -20.91, -0.40, -12.57
Accel: 0.17, 0.01, -0.95
Gyro: -22.28, -0.89, -18.30
Accel: 0.18, 0.02, -0.94
Gyro: -19.70, -1.68, -22.87
Accel: 0.17, 0.02, -0.94
Gyro: -20.86, -2.46, -27.40
Accel: 0.17, -0.01, -0.95
Gyro: -26.50, -2.32, -30.03
Accel: 0.17, 0.02, -0.93
Gyro: -36.15, -2.00, -31.86
Accel: 0.18, 0.04, -0.92
Gyro: -46.62, -2.31, -31.93
Accel: 0.16, 0.07, -0.91
Gyro: -54.30, -3.98, -31.83
Accel: 0.15, 0.15, -0.91
Gyro: -64.72, -6.00, -30.46
Accel: 0.15, 0.19, -0.91
Gyro: -69.48, -7.19, -26.48
Accel: 0.15, 0.21, -0.91
Gyro: -74.10, -7.26, -23.96
Accel: 0.13, 0.27, -0.89
Gyro: -77.77, -6.39, -22.52
Accel: 0.13, 0.32, -0.88
Gyro: -79.68, -5.25, -20.60
Accel: 0.12, 0.37, -0.86
Gyro: -80.50, -5.16, -19.85
Accel: 0.10, 0.45, -0.84
Gyro: -77.34, -4.94, -18.08
Accel: 0.10, 0.41, -0.84
Gyro: -73.20, -3.94, -19.11
Accel: 0.10, 0.41, -0.81
Gyro: -73.37, -2.45, -24.49
Accel: 0.10, 0.44, -0.76
Gyro: -79.28, -2.24, -30.45
Accel: 0.07, 0.53, -0.75
Gyro: -80.41, -4.02, -36.49
Accel: 0.05, 0.65, -0.75
Gyro: -76.68, -2.98, -39.83
Accel: 0.04, 0.80, -0.71
Gyro: -64.45, -2.27, -39.70
Accel: 0.04, 0.88, -0.70
Gyro: -42.18, -4.26, -34.43
Accel: 0.02, 0.86, -0.71
Gyro: -24.89, -7.02, -27.91
Accel: 0.02, 0.82, -0.71
Gyro: -15.71, -7.12, -17.34
Accel: 0.01, 0.75, -0.73
Gyro: -14.43, -5.84, -9.58
Accel: 0.00, 0.77, -0.74
Gyro: -18.01, -0.11, -3.45
Accel: 0.00, 0.78, -0.71
Gyro: -15.96, 3.24, 0.42
Accel: 0.01, 0.78, -0.72
Gyro: -10.96, 6.49, 1.28
Accel: 0.03, 0.79, -0.67
Gyro: -4.68, 8.92, 2.36
Accel: 0.04, 0.81, -0.65
Gyro: 3.24, 5.96, 4.39
Accel: 0.04, 0.81, -0.68
Gyro: 11.41, 2.63, 7.83
Accel: 0.03, 0.80, -0.70
Gyro: 20.57, 1.56, 10.62
Accel: 0.05, 0.79, -0.71
Gyro: 30.40, 2.49, 12.08
Accel: 0.05, 0.77, -0.71
Gyro: 39.57, 3.39, 13.85
Accel: 0.06, 0.74, -0.73
Gyro: 51.45, 3.69, 15.79
Accel: 0.06, 0.64, -0.75
Gyro: 64.56, 6.16, 12.13
Accel: 0.07, 0.64, -0.74
Gyro: 71.07, 5.07, 7.51
Accel: 0.07, 0.59, -0.77
Gyro: 75.29, 4.26, 9.61
Accel: 0.09, 0.53, -0.80
Gyro: 72.92, 4.54, 11.47
Accel: 0.08, 0.54, -0.80
Gyro: 70.30, 2.98, 15.45
Accel: 0.08, 0.47, -0.85
Gyro: 70.57, 4.44, 20.61
Accel: 0.09, 0.39, -0.87
Gyro: 67.50, 7.49, 21.15
Accel: 0.10, 0.41, -0.86
Gyro: 62.32, 7.06, 24.60
Accel: 0.11, 0.32, -0.87
Gyro: 62.53, 6.20, 28.67
Accel: 0.13, 0.26, -0.88
Gyro: 56.25, 6.41, 27.45
Accel: 0.14, 0.31, -0.88
Gyro: 51.63, 3.17, 30.29
Accel: 0.14, 0.24, -0.90
Gyro: 51.49, 2.38, 34.36
Accel: 0.15, 0.22, -0.90
Gyro: 48.21, 2.28, 34.21
Accel: 0.16, 0.23, -0.91
Gyro: 47.78, 1.40, 39.22
Accel: 0.16, 0.14, -0.93
Gyro: 47.44, 1.60, 42.24
Accel: 0.16, 0.08, -0.90
Gyro: 42.35, 1.01, 40.98
Accel: 0.16, 0.07, -0.92
Gyro: 40.05, -1.18, 41.44
Accel: 0.18, -0.03, -0.93
Gyro: 36.79, -1.32, 38.06
Accel: 0.17, -0.06, -0.93
Gyro: 30.26, -1.58, 30.66
Accel: 0.17, -0.09, -0.95
Gyro: 24.53, -0.97, 23.75
Accel: 0.18, -0.14, -0.95
Gyro: 18.81, 0.31, 16.58
Accel: 0.17, -0.11, -0.95
Gyro: 8.80, -0.21, 8.04
Accel: 0.17, -0.07, -0.96
Gyro: 2.33, -0.22, 3.10
Accel: 0.18, -0.04, -0.96
Gyro: 1.52, 1.14, -0.44
Accel: 0.18, -0.04, -0.93
Gyro: 2.01, 0.94, -2.88
Accel: 0.17, -0.02, -0.95
Gyro: 2.14, -1.08, -3.82
Accel: 0.18, -0.01, -0.96
Gyro: 2.38, -1.46, -3.16
Accel: 0.18, -0.01, -0.96
Gyro: 2.01, -0.43, -2.82
Accel: 0.17, -0.01, -0.95
Gyro: 1.06, -0.72, -2.68
Accel: 0.18, -0.01, -0.94
Gyro: 0.82, -0.95, -1.55
Accel: 0.18, -0.02, -0.94
Gyro: -0.18, -0.89, -1.67
Accel: 0.18, -0.01, -0.94
Gyro: -1.46, -2.02, -1.91
Accel: 0.17, -0.01, -0.96
Gyro: -2.84, -2.14, -1.55
Accel: 0.18, -0.01, -0.96
Gyro: -3.20, -1.40, -1.04
Accel: 0.18, -0.01, -0.95
Gyro: -3.65, -1.05, -1.33
Accel: 0.17, -0.01, -0.97
Gyro: -4.14, -1.21, -1.40
Accel: 0.18, -0.01, -0.95
Gyro: -4.97, -1.19, -1.99
Accel: 0.18, -0.01, -0.94
Gyro: -6.49, -1.31, -2.62
Accel: 0.17, 0.01, -0.95
Gyro: -6.55, -1.30, -2.67
Accel: 0.18, 0.01, -0.95
Gyro: -6.03, -1.00, -2.75
Accel: 0.17, 0.02, -0.95
Gyro: -5.26, -0.81, -3.42
Accel: 0.18, 0.02, -0.96
Gyro: -4.22, -0.87, -3.36
Accel: 0.17, 0.01, -0.95
Gyro: -3.36, -0.79, -2.87
Accel: 0.18, 0.02, -0.96
Gyro: -2.86, -0.28, -2.02
Accel: 0.18, 0.01, -0.95
Gyro: -2.28, -0.08, -2.05
Accel: 0.17, 0.00, -0.94
Gyro: -2.32, -1.25, -1.50
Accel: 0.17, 0.01, -0.96
Gyro: -3.11, -1.69, -1.80
Accel: 0.17, 0.01, -0.95
Gyro: -3.54, -0.94, -1.50
Accel: 0.18, 0.01, -0.96
Gyro: -4.13, -0.50, -1.38
Accel: 0.17, 0.01, -0.95
Gyro: -4.45, -0.27, -1.10
