Accel: 0.14, -0.00, -0.96
Gyro: -2.66, -1.16, -1.76
Accel: 0.14, -0.00, -0.96
Gyro: -2.74, -1.02, -1.53
Accel: 0.14, 0.00, -0.96
Gyro: -2.57, -1.30, -0.93
Accel: 0.14, -0.01, -0.96
Gyro: -2.83, -0.60, -0.28
Accel: 0.14, -0.01, -0.96
Gyro: -3.17, -0.47, -0.29
Accel: 0.14, -0.01, -0.96
Gyro: -3.57, -0.37, -0.72
Accel: 0.14, -0.00, -0.96
Gyro: -3.23, 0.00, -0.60
Accel: 0.14, -0.02, -0.96
Gyro: -3.83, 0.89, -1.46
Accel: 0.15, -0.01, -0.95
Gyro: -4.05, 0.40, -1.97
Accel: 0.15, -0.00, -0.96
Gyro: -4.45, 0.02, -2.26
Accel: 0.14, -0.00, -0.96
Gyro: -5.04, -0.20, -2.11
Accel: 0.15, -0.01, -0.95
Gyro: -5.70, -0.13, -2.01
Accel: 0.14, -0.02, -0.95
Gyro: -7.37, -0.63, -2.40
Accel: 0.16, -0.03, -0.95
Gyro: -9.90, -0.88, -2.99
Accel: 0.15, -0.06, -0.96
Gyro: -14.24, -1.64, -4.81
Accel: 0.16, -0.08, -0.96
Gyro: -21.45, -1.93, -6.54
Accel: 0.16, -0.08, -0.95
Gyro: -31.17, -2.28, -8.96
Accel: 0.15, -0.05, -0.94
Gyro: -39.70, -3.43, -12.09
Accel: 0.14, -0.00, -0.95
Gyro: -46.46, -4.43, -14.64
Accel: 0.14, 0.01, -0.93
Gyro: -51.13, -2.87, -17.59
Accel: 0.14, 0.04, -0.94
Gyro: -53.42, -3.89, -19.13
Accel: 0.14, 0.07, -0.93
Gyro: -58.91, -4.03, -23.05
Accel: 0.13, 0.10, -0.90
Gyro: -63.47, -5.21, -25.47
Accel: 0.13, 0.14, -0.89
Gyro: -67.51, -7.12, -28.08
Accel: 0.12, 0.17, -0.89
Gyro: -73.51, -8.32, -30.49
Accel: 0.12, 0.19, -0.85
Gyro: -81.37, -9.17, -32.46
Accel: 0.10, 0.20, -0.81
Gyro: -91.17, -12.84, -37.72
Accel: 0.09, 0.27, -0.79
Gyro: -98.05, -17.33, -42.48
Accel: 0.07, 0.34, -0.76
Gyro: -105.86, -20.30, -46.52
Accel: 0.01, 0.44, -0.67
Gyro: -114.20, -28.08, -51.20
Accel: -0.04, 0.62, -0.70
Gyro: -114.56, -37.61, -50.12
Accel: -0.10, 0.83, -0.81
Gyro: -104.29, -35.90, -39.11
Accel: -0.15, 0.90, -0.87
Gyro: -85.01, -21.95, -24.07
Accel: -0.17, 0.88, -0.87
Gyro: -62.42, -4.39, -17.52
Accel: -0.12, 0.83, -0.76
Gyro: -44.49, 8.83, -11.70
Accel: -0.09, 0.69, -0.66
Gyro: -34.62, 6.73, -10.98
Accel: -0.08, 0.73, -0.71
Gyro: -38.83, 12.30, -12.70
Accel: -0.05, 0.74, -0.62
Gyro: -38.83, 11.96, -10.51
Accel: -0.06, 0.84, -0.66
Gyro: -36.43, 12.07, -11.08
Accel: -0.05, 0.87, -0.61
Gyro: -26.52, 11.41, -8.21
Accel: -0.05, 0.90, -0.61
Gyro: -17.24, 9.08, -4.84
Accel: -0.03, 0.89, -0.61
Gyro: -7.84, 8.39, -0.02
Accel: -0.02, 0.87, -0.59
Gyro: -1.56, 7.51, 3.63
Accel: -0.03, 0.84, -0.59
Gyro: 4.82, 4.76, 4.55
Accel: -0.04, 0.85, -0.61
Gyro: 10.16, 3.31, 3.82
Accel: -0.04, 0.87, -0.64
Gyro: 18.36, 5.76, 3.68
Accel: -0.03, 0.87, -0.64
Gyro: 28.17, 7.71, 4.68
Accel: -0.03, 0.85, -0.63
Gyro: 39.81, 6.16, 5.71
Accel: -0.02, 0.80, -0.64
Gyro: 47.68, 6.16, 5.92
Accel: -0.01, 0.81, -0.66
Gyro: 53.28, 5.07, 7.40
Accel: -0.01, 0.76, -0.69
Gyro: 60.20, 4.01, 11.20
Accel: -0.01, 0.71, -0.71
Gyro: 65.41, 4.21, 13.11
Accel: 0.00, 0.69, -0.72
Gyro: 71.08, 3.33, 16.36
Accel: 0.00, 0.64, -0.76
Gyro: 76.32, 4.08, 19.30
Accel: 0.01, 0.58, -0.78
Gyro: 78.75, 4.88, 20.70
Accel: 0.02, 0.54, -0.79
Gyro: 80.85, 4.80, 23.40
Accel: 0.03, 0.45, -0.83
Gyro: 81.31, 5.23, 23.50
Accel: 0.04, 0.45, -0.83
Gyro: 82.21, 5.08, 23.04
Accel: 0.05, 0.39, -0.86
Gyro: 82.32, 4.15, 24.90
Accel: 0.06, 0.34, -0.87
Gyro: 80.74, 4.47, 25.39
Accel: 0.06, 0.29, -0.88
Gyro: 79.73, 4.29, 28.02
Accel: 0.07, 0.22, -0.89
Gyro: 76.90, 4.62, 28.66
Accel: 0.08, 0.20, -0.90
Gyro: 72.74, 3.73, 30.36
Accel: 0.09, 0.10, -0.91
Gyro: 70.85, 3.76, 31.46
Accel: 0.09, 0.01, -0.90
Gyro: 61.71, 2.78, 27.44
Accel: 0.09, 0.02, -0.93
Gyro: 52.56, -1.05, 24.62
Accel: 0.08, -0.05, -0.96
Gyro: 46.90, 0.84, 21.51
Accel: 0.08, -0.06, -0.97
Gyro: 34.90, 3.71, 12.43
Accel: 0.10, -0.07, -0.94
Gyro: 31.72, 3.81, 9.16
Accel: 0.12, -0.10, -0.94
Gyro: 25.55, 0.98, 3.52
Accel: 0.11, -0.05, -0.94
Gyro: 20.22, -2.41, 2.75
Accel: 0.11, -0.07, -0.96
Gyro: 16.80, -1.88, 3.71
Accel: 0.11, -0.07, -0.96
Gyro: 12.83, -1.29, 3.27
Accel: 0.10, -0.05, -0.95
Gyro: 10.21, -2.49, 4.17
Accel: 0.09, -0.07, -0.98
Gyro: 8.27, -1.98, 5.11
Accel: 0.11, -0.08, -0.98
Gyro: 7.18, 2.40, 1.84
Accel: 0.12, -0.08, -0.95
Gyro: 6.35, 2.48, -0.01
Accel: 0.11, -0.07, -0.95
Gyro: 5.45, -0.14, -0.13
Accel: 0.10, -0.07, -0.98
Gyro: 4.31, -0.55, 0.08
Accel: 0.11, -0.07, -0.96
Gyro: 2.18, 0.02, 0.27
Accel: 0.11, -0.07, -0.96
Gyro: -0.07, -0.14, 0.52
Accel: 0.11, -0.08, -0.96
Gyro: -1.69, -0.07, -0.12
Accel: 0.12, -0.08, -0.96
Gyro: -3.41, -0.28, -1.35
Accel: 0.12, -0.07, -0.95
Gyro: -5.86, -1.08, -1.91
Accel: 0.11, -0.04, -0.95
Gyro: -6.35, -2.80, -1.28
Accel: 0.11, -0.05, -0.97
Gyro: -5.55, -3.09, -0.66
Accel: 0.10, -0.05, -0.95
Gyro: -5.31, -2.93, -1.31
Accel: 0.10, -0.03, -0.96
Gyro: -5.40, -3.53, -1.01
Accel: 0.10, -0.04, -0.98
Gyro: -5.46, -2.14, -0.48
Accel: 0.09, -0.04, -0.97
Gyro: -5.87, -0.31, 0.14
Accel: 0.11, -0.04, -0.96
Gyro: -6.00, 0.60, 0.21
Accel: 0.11, -0.03, -0.96
Gyro: -5.75, 0.31, 0.88
Accel: 0.11, -0.04, -0.97
Gyro: -5.65, 0.14, 0.79
Accel: 0.10, -0.04, -0.96
Gyro: -5.81, -0.03, -0.39
Accel: 0.10, -0.04, -0.97
Gyro: -5.74, 0.44, -0.99
Accel: 0.11, -0.06, -0.97
Gyro: -6.53, 0.43, -2.13
Accel: 0.10, -0.03, -0.96
Gyro: -7.41, -0.06, -3.65
Accel: 0.10, -0.01, -0.96
Gyro: -6.37, -0.21, -3.30
Accel: 0.10, -0.02, -0.97
Gyro: -5.05, 0.34, -2.06
Accel: 0.11, -0.03, -0.95
Gyro: -4.09, 0.38, -1.64
Accel: 0.11, -0.02, -0.96
Gyro: -3.97, -0.16, -1.74
