Accel: 0.19, 0.04, -0.95
Gyro: -3.08, -0.52, -0.89
Accel: 0.19, 0.03, -0.95
Gyro: -3.32, -0.18, -1.56
Accel: 0.20, 0.03, -0.95
Gyro: -3.84, -0.41, -2.11
Accel: 0.19, 0.04, -0.95
Gyro: -4.11, -0.82, -2.49
Accel: 0.19, 0.05, -0.96
Gyro: -3.57, 0.22, -2.46
Accel: 0.19, 0.03, -0.96
Gyro: -3.70, 0.76, -2.81
Accel: 0.19, 0.05, -0.95
Gyro: -4.05, 0.29, -2.81
Accel: 0.20, 0.05, -0.94
Gyro: -4.13, 0.11, -2.47
Accel: 0.20, 0.05, -0.95
Gyro: -4.26, 0.37, -2.95
Accel: 0.20, 0.03, -0.96
Gyro: -4.60, 0.90, -3.78
Accel: 0.19, 0.03, -0.94
Gyro: -5.54, 0.79, -4.62
Accel: 0.20, 0.02, -0.96
Gyro: -7.22, 0.80, -5.84
Accel: 0.20, 0.01, -0.95
Gyro: -9.91, 1.75, -7.64
Accel: 0.19, -0.01, -0.95
Gyro: -14.06, 2.41, -10.68
Accel: 0.20, -0.04, -0.95
Gyro: -22.26, 2.85, -15.16
Accel: 0.20, -0.02, -0.94
Gyro: -32.53, 3.93, -19.53
Accel: 0.20, 0.01, -0.93
Gyro: -40.25, 3.04, -22.42
Accel: 0.21, 0.07, -0.92
Gyro: -45.40, 1.61, -23.77
Accel: 0.19, 0.10, -0.93
Gyro: -48.33, 1.53, -25.42
Accel: 0.19, 0.16, -0.94
Gyro: -47.59, 2.52, -26.59
Accel: 0.19, 0.16, -0.92
Gyro: -47.03, 3.19, -28.14
Accel: 0.19, 0.18, -0.91
Gyro: -45.71, 2.67, -31.11
Accel: 0.17, 0.18, -0.91
Gyro: -49.40, 3.84, -34.05
Accel: 0.18, 0.19, -0.90
Gyro: -55.53, 4.61, -37.98
Accel: 0.17, 0.24, -0.87
Gyro: -61.92, 5.34, -41.37
Accel: 0.17, 0.29, -0.87
Gyro: -65.13, 5.90, -43.66
Accel: 0.16, 0.30, -0.85
Gyro: -68.57, 6.88, -45.73
Accel: 0.15, 0.36, -0.83
Gyro: -74.24, 7.97, -48.96
Accel: 0.14, 0.43, -0.79
Gyro: -74.90, 8.10, -51.45
Accel: 0.14, 0.45, -0.77
Gyro: -74.12, 7.07, -53.63
Accel: 0.13, 0.48, -0.74
Gyro: -73.62, 5.72, -56.40
Accel: 0.11, 0.55, -0.70
Gyro: -75.67, 4.10, -60.26
Accel: 0.11, 0.65, -0.69
Gyro: -75.10, 2.11, -61.66
Accel: 0.09, 0.75, -0.67
Gyro: -67.34, -2.43, -61.13
Accel: 0.06, 0.79, -0.64
Gyro: -54.37, -6.60, -58.53
Accel: 0.04, 0.87, -0.68
Gyro: -42.51, -8.61, -55.44
Accel: 0.02, 0.85, -0.65
Gyro: -30.23, -9.96, -49.31
Accel: -0.02, 0.84, -0.66
Gyro: -22.75, -10.29, -44.34
Accel: -0.03, 0.86, -0.68
Gyro: -20.48, -7.57, -35.72
Accel: -0.04, 0.85, -0.64
Gyro: -21.38, -6.16, -25.88
Accel: -0.04, 0.90, -0.66
Gyro: -19.73, -3.80, -14.14
Accel: -0.05, 0.90, -0.64
Gyro: -15.24, -1.53, -3.39
Accel: -0.05, 0.85, -0.63
Gyro: -10.80, -0.91, 2.86
Accel: -0.05, 0.84, -0.63
Gyro: -5.80, 1.58, 5.74
Accel: -0.04, 0.80, -0.62
Gyro: -0.77, 2.08, 5.65
Accel: -0.04, 0.82, -0.62
Gyro: 4.53, 1.86, 3.94
Accel: -0.04, 0.85, -0.63
Gyro: 10.86, 2.36, 4.75
Accel: -0.03, 0.89, -0.63
Gyro: 17.33, 2.88, 9.12
Accel: -0.03, 0.90, -0.63
Gyro: 25.87, 1.88, 16.55
Accel: -0.03, 0.87, -0.67
Gyro: 34.55, 1.83, 22.22
Accel: -0.02, 0.84, -0.69
Gyro: 43.05, 4.16, 28.85
Accel: -0.00, 0.80, -0.68
Gyro: 49.10, 6.41, 33.73
Accel: 0.01, 0.75, -0.70
Gyro: 54.82, 7.80, 38.77
Accel: 0.04, 0.70, -0.71
Gyro: 58.01, 9.63, 42.12
Accel: 0.06, 0.66, -0.74
Gyro: 60.67, 10.70, 45.05
Accel: 0.08, 0.63, -0.74
Gyro: 62.46, 11.18, 47.22
Accel: 0.10, 0.56, -0.75
Gyro: 63.75, 9.06, 49.68
Accel: 0.12, 0.52, -0.76
Gyro: 64.04, 7.29, 50.78
Accel: 0.14, 0.50, -0.77
Gyro: 61.71, 4.25, 51.63
Accel: 0.15, 0.46, -0.79
Gyro: 62.19, 1.21, 54.18
Accel: 0.17, 0.39, -0.81
Gyro: 60.04, -0.63, 52.92
Accel: 0.17, 0.35, -0.84
Gyro: 59.07, -2.10, 53.01
Accel: 0.18, 0.30, -0.85
Gyro: 56.83, -2.01, 51.78
Accel: 0.20, 0.26, -0.86
Gyro: 51.67, -2.73, 49.14
Accel: 0.20, 0.21, -0.88
Gyro: 48.11, -4.02, 46.24
Accel: 0.21, 0.17, -0.90
Gyro: 44.46, -3.75, 41.45
Accel: 0.22, 0.16, -0.90
Gyro: 41.10, -3.03, 36.91
Accel: 0.22, 0.15, -0.90
Gyro: 40.40, -4.80, 35.87
Accel: 0.22, 0.09, -0.91
Gyro: 39.27, -5.49, 31.74
Accel: 0.22, 0.10, -0.91
Gyro: 36.78, -6.27, 28.12
Accel: 0.22, 0.07, -0.93
Gyro: 35.95, -6.14, 26.81
Accel: 0.23, 0.02, -0.93
Gyro: 32.36, -5.56, 23.03
Accel: 0.22, 0.03, -0.94
Gyro: 29.09, -4.31, 20.80
Accel: 0.22, -0.01, -0.93
Gyro: 26.66, -2.95, 18.73
Accel: 0.23, -0.06, -0.92
Gyro: 21.31, -3.25, 13.14
Accel: 0.21, -0.04, -0.94
Gyro: 15.70, -5.49, 8.31
Accel: 0.21, -0.03, -0.96
Gyro: 12.69, -5.81, 6.52
Accel: 0.21, -0.05, -0.96
Gyro: 9.09, -4.50, 4.23
Accel: 0.21, -0.04, -0.95
Gyro: 4.60, -2.74, 0.88
Accel: 0.19, -0.02, -0.95
Gyro: 2.20, -2.05, -0.08
Accel: 0.20, -0.02, -0.95
Gyro: 0.60, -1.30, -0.80
Accel: 0.21, -0.03, -0.95
Gyro: -0.34, -0.63, -1.47
Accel: 0.21, -0.01, -0.95
Gyro: -1.75, -1.08, -3.18
Accel: 0.20, -0.00, -0.96
Gyro: -1.64, -0.80, -2.59
Accel: 0.20, 0.01, -0.96
Gyro: -2.27, 0.18, -2.32
Accel: 0.21, 0.01, -0.95
Gyro: -3.23, -0.05, -1.84
Accel: 0.21, 0.01, -0.95
Gyro: -3.87, -0.46, -1.12
Accel: 0.21, 0.01, -0.94
Gyro: -4.19, -0.51, -0.76
Accel: 0.21, 0.02, -0.94
Gyro: -3.89, 0.27, -0.85
Accel: 0.21, 0.02, -0.94
Gyro: -3.84, 0.47, -1.00
Accel: 0.22, 0.04, -0.94
Gyro: -2.73, 0.03, -0.40
Accel: 0.22, 0.04, -0.93
Gyro: -1.21, -1.21, -0.28
Accel: 0.22, 0.03, -0.94
Gyro: 1.18, -2.02, 0.31
Accel: 0.22, 0.01, -0.94
Gyro: 2.04, -1.85, 0.17
Accel: 0.22, -0.00, -0.95
Gyro: 1.66, -1.48, -0.33
Accel: 0.22, -0.01, -0.95
Gyro: -0.76, -1.57, -1.71
Accel: 0.21, -0.00, -0.95
Gyro: -2.50, -1.31, -1.75
Accel: 0.21, 0.01, -0.95
Gyro: -2.93, -1.27, -1.41
Accel: 0.21, -0.00, -0.94
Gyro: -3.00, -1.48, -1.14
Accel: 0.21, 0.00, -0.94
Gyro: -3.02, -2.13, -1.78
Accel: 0.21, 0.01, -0.96
Gyro: -2.99, -2.24, -1.87
