Accel: 0.13, 0.02, -0.95
Gyro: -3.44, -0.98, -1.05
Accel: 0.14, 0.01, -0.96
Gyro: -3.35, -1.17, -1.69
Accel: 0.14, 0.01, -0.96
Gyro: -3.30, -1.23, -2.25
Accel: 0.13, 0.02, -0.96
Gyro: -3.48, -1.46, -2.44
Accel: 0.14, 0.01, -0.96
Gyro: -3.88, -1.19, -2.36
Accel: 0.13, 0.02, -0.96
Gyro: -4.38, -0.95, -1.94
Accel: 0.14, 0.03, -0.96
Gyro: -4.01, -0.80, -1.11
Accel: 0.14, 0.03, -0.96
Gyro: -3.88, -0.53, -0.74
Accel: 0.14, 0.02, -0.96
Gyro: -4.03, -0.11, -0.52
Accel: 0.14, 0.02, -0.96
Gyro: -4.55, -0.51, -0.80
Accel: 0.14, -0.00, -0.96
Gyro: -5.72, -1.06, -1.43
Accel: 0.13, -0.01, -0.95
Gyro: -8.17, -1.27, -3.01
Accel: 0.14, -0.02, -0.95
Gyro: -12.00, -1.73, -5.07
Accel: 0.14, -0.03, -0.95
Gyro: -16.33, -2.80, -8.45
Accel: 0.13, -0.01, -0.96
Gyro: -19.13, -3.85, -11.96
Accel: 0.13, -0.03, -0.95
Gyro: -22.26, -4.04, -18.49
Accel: 0.13, -0.02, -0.96
Gyro: -26.57, -3.78, -26.34
Accel: 0.13, 0.02, -0.94
Gyro: -32.49, -4.23, -28.83
Accel: 0.12, 0.02, -0.93
Gyro: -38.46, -5.10, -29.56
Accel: 0.11, 0.06, -0.95
Gyro: -46.84, -6.47, -31.49
Accel: 0.10, 0.12, -0.94
Gyro: -51.86, -6.56, -30.91
Accel: 0.11, 0.12, -0.94
Gyro: -55.94, -6.00, -29.03
Accel: 0.09, 0.16, -0.92
Gyro: -61.67, -6.23, -28.91
Accel: 0.09, 0.19, -0.92
Gyro: -65.47, -6.73, -27.69
Accel: 0.09, 0.21, -0.91
Gyro: -68.66, -6.48, -27.60
Accel: 0.07, 0.25, -0.90
Gyro: -70.39, -4.24, -30.62
Accel: 0.08, 0.27, -0.87
Gyro: -73.09, -1.36, -34.18
Accel: 0.07, 0.29, -0.82
Gyro: -76.23, -2.41, -40.03
Accel: 0.07, 0.32, -0.78
Gyro: -81.10, -5.96, -44.97
Accel: 0.04, 0.36, -0.74
Gyro: -87.84, -11.58, -50.51
Accel: 0.00, 0.49, -0.73
Gyro: -93.66, -16.29, -55.63
Accel: -0.04, 0.63, -0.73
Gyro: -92.53, -19.81, -55.73
Accel: -0.07, 0.78, -0.77
Gyro: -80.57, -19.42, -51.12
Accel: -0.10, 0.84, -0.78
Gyro: -62.07, -15.11, -43.11
Accel: -0.13, 0.85, -0.78
Gyro: -41.69, -9.67, -37.12
Accel: -0.13, 0.84, -0.77
Gyro: -25.78, -4.68, -31.61
Accel: -0.12, 0.73, -0.68
Gyro: -20.26, -3.99, -23.88
Accel: -0.15, 0.75, -0.73
Gyro: -20.66, -4.44, -20.37
Accel: -0.14, 0.77, -0.72
Gyro: -21.53, 0.02, -13.57
Accel: -0.13, 0.77, -0.68
Gyro: -19.97, 1.07, -9.04
Accel: -0.13, 0.79, -0.69
Gyro: -15.48, 1.82, -5.93
Accel: -0.12, 0.81, -0.66
Gyro: -8.18, 2.76, -0.92
Accel: -0.13, 0.79, -0.67
Gyro: -0.56, 0.72, 2.74
Accel: -0.13, 0.78, -0.70
Gyro: 5.29, 0.82, 4.57
Accel: -0.13, 0.79, -0.71
Gyro: 10.67, 3.02, 7.45
Accel: -0.14, 0.82, -0.70
Gyro: 16.17, 4.87, 11.19
Accel: -0.13, 0.84, -0.71
Gyro: 27.51, 4.30, 17.07
Accel: -0.11, 0.81, -0.71
Gyro: 39.02, 6.20, 21.46
Accel: -0.09, 0.78, -0.74
Gyro: 48.59, 7.87, 25.91
Accel: -0.09, 0.71, -0.76
Gyro: 57.55, 10.35, 27.12
Accel: -0.07, 0.66, -0.77
Gyro: 64.60, 13.72, 26.36
Accel: -0.05, 0.64, -0.78
Gyro: 68.76, 15.92, 27.75
Accel: -0.03, 0.58, -0.79
Gyro: 73.46, 17.56, 29.65
Accel: -0.00, 0.52, -0.79
Gyro: 76.00, 17.78, 30.03
Accel: 0.01, 0.49, -0.79
Gyro: 76.19, 16.46, 33.42
Accel: 0.04, 0.42, -0.81
Gyro: 74.08, 14.53, 35.45
Accel: 0.05, 0.38, -0.83
Gyro: 71.86, 12.19, 37.24
Accel: 0.06, 0.34, -0.85
Gyro: 70.48, 9.06, 40.85
Accel: 0.07, 0.29, -0.87
Gyro: 65.70, 8.06, 40.72
Accel: 0.08, 0.26, -0.88
Gyro: 63.42, 6.75, 41.21
Accel: 0.09, 0.22, -0.88
Gyro: 61.22, 5.36, 42.36
Accel: 0.10, 0.16, -0.90
Gyro: 59.17, 5.09, 41.44
Accel: 0.10, 0.15, -0.91
Gyro: 56.37, 3.60, 40.57
Accel: 0.11, 0.08, -0.92
Gyro: 53.24, 3.40, 40.57
Accel: 0.11, 0.01, -0.92
Gyro: 45.97, 3.01, 37.33
Accel: 0.10, -0.01, -0.98
Gyro: 35.91, 6.04, 34.58
Accel: 0.13, -0.08, -0.93
Gyro: 25.98, 7.42, 32.28
Accel: 0.13, -0.09, -0.93
Gyro: 17.07, 4.29, 26.92
Accel: 0.13, -0.05, -0.95
Gyro: 10.83, 1.72, 21.95
Accel: 0.13, -0.05, -0.96
Gyro: 9.67, 1.57, 18.14
Accel: 0.14, -0.03, -0.94
Gyro: 9.01, 0.78, 13.53
Accel: 0.14, -0.02, -0.94
Gyro: 9.97, -0.82, 10.46
Accel: 0.14, -0.03, -0.95
Gyro: 11.08, -1.14, 8.00
Accel: 0.15, -0.05, -0.95
Gyro: 11.12, -0.56, 4.61
Accel: 0.15, -0.06, -0.95
Gyro: 10.22, -0.89, 1.81
Accel: 0.14, -0.04, -0.96
Gyro: 8.50, -1.52, -0.10
Accel: 0.15, -0.06, -0.98
Gyro: 6.75, -0.36, -2.21
Accel: 0.15, -0.07, -0.97
Gyro: 3.97, 0.57, -5.23
Accel: 0.15, -0.05, -0.96
Gyro: 1.51, 0.24, -6.39
Accel: 0.15, -0.03, -0.97
Gyro: -0.26, 0.24, -5.43
Accel: 0.15, -0.04, -0.96
Gyro: -2.01, 0.92, -4.88
Accel: 0.16, -0.03, -0.95
Gyro: -3.47, 1.00, -4.17
Accel: 0.15, -0.02, -0.95
Gyro: -4.14, 0.05, -2.67
Accel: 0.14, -0.02, -0.96
Gyro: -4.46, 0.02, -1.36
Accel: 0.16, -0.03, -0.95
Gyro: -4.94, 0.00, -1.46
Accel: 0.15, -0.02, -0.95
Gyro: -5.41, -1.13, -1.85
Accel: 0.15, -0.01, -0.96
Gyro: -5.10, -1.72, -2.03
Accel: 0.14, -0.01, -0.97
Gyro: -4.66, -1.13, -2.62
Accel: 0.14, -0.01, -0.96
Gyro: -4.30, -0.02, -3.14
Accel: 0.15, 0.00, -0.95
Gyro: -3.61, -0.29, -3.00
Accel: 0.15, 0.00, -0.95
Gyro: -3.36, -1.08, -1.91
Accel: 0.15, 0.00, -0.96
Gyro: -2.94, -1.53, -0.37
Accel: 0.15, -0.01, -0.97
Gyro: -2.94, -0.92, 0.72
Accel: 0.15, -0.01, -0.95
Gyro: -3.20, -0.36, 0.85
Accel: 0.15, -0.01, -0.96
Gyro: -3.62, -0.76, 0.88
Accel: 0.14, -0.01, -0.96
Gyro: -3.90, -1.05, 0.47
Accel: 0.14, -0.02, -0.96
Gyro: -4.07, -0.92, -0.29
Accel: 0.15, -0.01, -0.97
Gyro: -3.51, -0.66, -1.04
Accel: 0.14, -0.01, -0.95
Gyro: -2.72, -1.19, -1.47
Accel: 0.15, -0.01, -0.95
Gyro: -2.91, -2.01, -2.37
Accel: 0.14, 0.00, -0.96
Gyro: -2.69, -1.84, -2.07
