Accel: 0.13, -0.02, -0.97
Gyro: -4.62, 0.37, -2.47
Accel: 0.13, -0.01, -0.95
Gyro: -4.49, -0.08, -2.37
Accel: 0.14, -0.01, -0.96
Gyro: -3.75, -0.26, -2.23
Accel: 0.14, -0.02, -0.96
Gyro: -3.83, -0.73, -2.71
Accel: 0.14, -0.01, -0.96
Gyro: -3.79, -0.78, -3.15
Accel: 0.13, -0.01, -0.96
Gyro: -3.65, -0.52, -2.85
Accel: 0.13, -0.01, -0.96
Gyro: -3.85, -0.37, -2.79
Accel: 0.14, -0.01, -0.96
Gyro: -3.91, -0.56, -2.19
Accel: 0.14, -0.01, -0.96
Gyro: -4.31, -0.39, -1.86
Accel: 0.14, -0.01, -0.96
Gyro: -4.63, -0.29, -1.54
Accel: 0.13, -0.04, -0.95
Gyro: -6.40, -0.35, -2.91
Accel: 0.14, -0.04, -0.96
Gyro: -8.52, -0.58, -4.82
Accel: 0.14, -0.05, -0.95
Gyro: -12.64, -0.88, -6.77
Accel: 0.14, -0.07, -0.95
Gyro: -18.56, -1.34, -9.76
Accel: 0.14, -0.05, -0.95
Gyro: -25.50, -2.50, -12.41
Accel: 0.14, -0.03, -0.95
Gyro: -33.17, -2.72, -15.82
Accel: 0.14, -0.02, -0.95
Gyro: -37.96, -3.07, -17.82
Accel: 0.13, 0.02, -0.94
Gyro: -40.69, -3.62, -18.57
Accel: 0.13, 0.04, -0.95
Gyro: -44.15, -4.84, -18.98
Accel: 0.11, 0.03, -0.93
Gyro: -46.43, -7.06, -20.50
Accel: 0.12, 0.06, -0.95
Gyro: -52.25, -5.67, -23.80
Accel: 0.11, 0.08, -0.93
Gyro: -57.20, -5.08, -26.13
Accel: 0.11, 0.09, -0.93
Gyro: -61.56, -4.76, -29.21
Accel: 0.10, 0.12, -0.90
Gyro: -67.02, -5.38, -33.29
Accel: 0.10, 0.15, -0.88
Gyro: -73.93, -5.49, -37.22
Accel: 0.09, 0.18, -0.88
Gyro: -80.51, -5.30, -41.69
Accel: 0.08, 0.21, -0.83
Gyro: -88.36, -4.76, -45.51
Accel: 0.06, 0.27, -0.77
Gyro: -98.01, -8.50, -51.12
Accel: 0.02, 0.36, -0.76
Gyro: -104.45, -14.08, -56.21
Accel: -0.01, 0.48, -0.77
Gyro: -109.33, -14.43, -58.10
Accel: -0.04, 0.61, -0.76
Gyro: -107.35, -12.35, -57.69
Accel: -0.06, 0.76, -0.74
Gyro: -95.63, -10.13, -54.50
Accel: -0.08, 0.88, -0.73
Gyro: -73.14, -7.70, -46.78
Accel: -0.09, 0.83, -0.67
Gyro: -51.45, -10.26, -41.32
Accel: -0.11, 0.86, -0.72
Gyro: -37.72, -11.67, -36.82
Accel: -0.11, 0.83, -0.65
Gyro: -30.82, -10.56, -24.88
Accel: -0.13, 0.82, -0.69
Gyro: -28.85, -11.16, -17.46
Accel: -0.13, 0.87, -0.72
Gyro: -29.61, -4.28, -9.39
Accel: -0.13, 0.87, -0.69
Gyro: -22.76, 0.77, -2.47
Accel: -0.13, 0.84, -0.67
Gyro: -15.17, 3.60, 0.01
Accel: -0.11, 0.86, -0.66
Gyro: -6.83, 7.95, 3.18
Accel: -0.10, 0.83, -0.62
Gyro: 0.66, 8.40, 5.86
Accel: -0.09, 0.83, -0.63
Gyro: 7.19, 3.34, 5.86
Accel: -0.10, 0.81, -0.67
Gyro: 14.29, 4.53, 6.03
Accel: -0.10, 0.85, -0.67
Gyro: 23.26, 7.58, 6.42
Accel: -0.09, 0.84, -0.66
Gyro: 32.36, 8.56, 10.60
Accel: -0.08, 0.83, -0.66
Gyro: 41.58, 6.59, 14.82
Accel: -0.07, 0.80, -0.69
Gyro: 49.63, 4.28, 21.97
Accel: -0.06, 0.72, -0.71
Gyro: 55.00, 4.23, 26.38
Accel: -0.05, 0.67, -0.72
Gyro: 58.92, 2.85, 25.34
Accel: -0.04, 0.64, -0.77
Gyro: 63.45, 3.76, 26.16
Accel: -0.03, 0.61, -0.80
Gyro: 66.58, 6.65, 27.95
Accel: -0.02, 0.58, -0.81
Gyro: 70.93, 8.91, 30.08
Accel: -0.00, 0.53, -0.81
Gyro: 75.00, 10.75, 32.85
Accel: 0.02, 0.46, -0.81
Gyro: 75.10, 11.68, 33.62
Accel: 0.03, 0.43, -0.82
Gyro: 74.24, 9.81, 35.51
Accel: 0.04, 0.35, -0.85
Gyro: 73.30, 9.51, 35.55
Accel: 0.06, 0.33, -0.87
Gyro: 68.38, 8.83, 33.40
Accel: 0.07, 0.29, -0.88
Gyro: 67.28, 8.26, 35.03
Accel: 0.07, 0.23, -0.89
Gyro: 63.86, 7.03, 34.49
Accel: 0.09, 0.21, -0.88
Gyro: 59.89, 4.97, 35.17
Accel: 0.09, 0.13, -0.90
Gyro: 57.15, 3.52, 34.26
Accel: 0.10, 0.13, -0.90
Gyro: 49.50, 2.43, 30.14
Accel: 0.08, 0.10, -0.96
Gyro: 45.22, 2.81, 30.00
Accel: 0.10, 0.04, -0.96
Gyro: 40.82, 6.48, 26.47
Accel: 0.11, 0.07, -0.92
Gyro: 35.31, 4.65, 22.79
Accel: 0.12, 0.05, -0.92
Gyro: 36.14, 0.83, 25.00
Accel: 0.12, -0.02, -0.95
Gyro: 32.66, 0.22, 23.53
Accel: 0.12, -0.01, -0.95
Gyro: 25.92, 0.24, 19.36
Accel: 0.11, -0.03, -0.97
Gyro: 24.48, 1.15, 18.13
Accel: 0.13, -0.07, -0.97
Gyro: 22.32, 4.24, 13.47
Accel: 0.14, -0.08, -0.93
Gyro: 19.45, 3.97, 8.74
Accel: 0.14, -0.07, -0.94
Gyro: 17.29, 2.03, 7.03
Accel: 0.15, -0.10, -0.93
Gyro: 11.60, 0.46, 4.94
Accel: 0.14, -0.09, -0.95
Gyro: 5.49, -0.98, 2.74
Accel: 0.14, -0.08, -0.96
Gyro: 1.63, -2.44, 2.30
Accel: 0.13, -0.07, -0.96
Gyro: -0.82, -2.16, 1.85
Accel: 0.13, -0.05, -0.96
Gyro: -1.39, -1.35, 1.07
Accel: 0.13, -0.04, -0.96
Gyro: -1.34, -0.60, 0.60
Accel: 0.13, -0.06, -0.95
Gyro: -0.70, -0.33, 0.43
Accel: 0.13, -0.05, -0.95
Gyro: -1.21, -0.90, -0.09
Accel: 0.13, -0.04, -0.95
Gyro: -2.05, -1.45, -0.15
Accel: 0.12, -0.04, -0.96
Gyro: -2.74, -1.44, 0.47
Accel: 0.13, -0.04, -0.96
Gyro: -3.57, -0.85, 0.40
Accel: 0.13, -0.04, -0.96
Gyro: -3.40, 0.26, -0.41
Accel: 0.14, -0.04, -0.95
Gyro: -3.36, -0.34, -1.66
Accel: 0.13, -0.04, -0.96
Gyro: -2.94, -0.17, -2.55
Accel: 0.13, -0.04, -0.96
Gyro: -1.77, 1.30, -3.67
Accel: 0.14, -0.05, -0.95
Gyro: -1.96, 0.79, -5.85
Accel: 0.13, -0.02, -0.96
Gyro: -3.26, -0.69, -6.41
Accel: 0.13, -0.00, -0.97
Gyro: -3.76, -0.32, -4.80
Accel: 0.13, -0.02, -0.96
Gyro: -4.39, 0.39, -3.05
Accel: 0.14, -0.01, -0.96
Gyro: -4.69, 0.37, -1.90
Accel: 0.14, -0.02, -0.97
Gyro: -4.59, 0.45, -0.88
Accel: 0.14, -0.03, -0.95
Gyro: -4.84, -0.17, -1.04
Accel: 0.14, -0.03, -0.95
Gyro: -4.38, -0.76, -1.78
Accel: 0.14, -0.02, -0.95
Gyro: -4.16, -1.56, -2.30
Accel: 0.13, -0.02, -0.97
Gyro: -2.99, -1.03, -1.53
Accel: 0.13, -0.02, -0.96
Gyro: -3.52, -0.95, -1.56
Accel: 0.14, -0.01, -0.95
Gyro: -3.71, -1.53, -0.88
Accel: 0.13, -0.02, -0.96
Gyro: -3.36, -1.47, -0.76
