Accel: 0.18, 0.05, -0.96
Gyro: -4.32, 0.07, -0.98
Accel: 0.18, 0.05, -0.95
Gyro: -4.39, 0.66, -1.23
Accel: 0.18, 0.05, -0.96
Gyro: -4.10, 0.62, -1.56
Accel: 0.19, 0.05, -0.95
Gyro: -3.96, 0.27, -1.61
Accel: 0.18, 0.05, -0.95
Gyro: -3.40, 0.83, -1.31
Accel: 0.18, 0.05, -0.94
Gyro: -3.87, 0.95, -1.86
Accel: 0.19, 0.05, -0.95
Gyro: -4.32, 0.33, -1.74
Accel: 0.19, 0.05, -0.95
Gyro: -4.00, 0.26, -1.41
Accel: 0.19, 0.03, -0.94
Gyro: -4.04, -0.14, -1.91
Accel: 0.18, 0.02, -0.94
Gyro: -5.99, -0.64, -3.63
Accel: 0.18, 0.01, -0.95
Gyro: -8.87, -1.38, -5.21
Accel: 0.18, -0.01, -0.96
Gyro: -13.57, -1.01, -7.80
Accel: 0.18, -0.02, -0.95
Gyro: -20.29, -0.23, -11.10
Accel: 0.17, -0.02, -0.95
Gyro: -29.03, 0.65, -14.53
Accel: 0.18, -0.01, -0.95
Gyro: -37.13, 0.89, -19.71
Accel: 0.17, 0.03, -0.95
Gyro: -42.41, 0.55, -25.84
Accel: 0.18, 0.06, -0.93
Gyro: -45.77, 1.35, -29.53
Accel: 0.19, 0.06, -0.91
Gyro: -47.16, 1.93, -31.80
Accel: 0.18, 0.09, -0.91
Gyro: -51.73, 0.81, -35.86
Accel: 0.17, 0.12, -0.89
Gyro: -58.44, 0.28, -40.86
Accel: 0.17, 0.18, -0.88
Gyro: -63.42, -0.33, -43.85
Accel: 0.16, 0.22, -0.86
Gyro: -68.41, -2.19, -44.93
Accel: 0.15, 0.25, -0.85
Gyro: -75.42, -4.63, -47.54
Accel: 0.14, 0.34, -0.83
Gyro: -79.90, -6.36, -48.65
Accel: 0.12, 0.40, -0.82
Gyro: -81.48, -7.24, -47.45
Accel: 0.11, 0.44, -0.80
Gyro: -80.35, -9.33, -47.00
Accel: 0.08, 0.51, -0.78
Gyro: -81.25, -10.91, -46.62
Accel: 0.07, 0.58, -0.77
Gyro: -80.38, -11.87, -43.45
Accel: 0.05, 0.69, -0.76
Gyro: -75.77, -12.00, -37.49
Accel: 0.02, 0.76, -0.76
Gyro: -65.04, -12.06, -30.24
Accel: -0.01, 0.80, -0.78
Gyro: -52.08, -8.69, -24.30
Accel: 0.00, 0.77, -0.75
Gyro: -42.43, -4.17, -19.21
Accel: 0.00, 0.76, -0.74
Gyro: -35.11, -2.07, -16.63
Accel: -0.00, 0.80, -0.71
Gyro: -28.97, 1.13, -11.96
Accel: 0.00, 0.80, -0.67
Gyro: -22.22, -0.27, -7.71
Accel: -0.01, 0.83, -0.71
Gyro: -14.13, -0.02, -4.55
Accel: -0.01, 0.82, -0.70
Gyro: -7.60, 3.49, -1.08
Accel: 0.01, 0.80, -0.67
Gyro: -0.95, 4.65, 1.80
Accel: 0.01, 0.78, -0.66
Gyro: 5.13, 3.43, 2.51
Accel: 0.01, 0.77, -0.68
Gyro: 10.22, 2.66, 3.32
Accel: 0.02, 0.79, -0.69
Gyro: 16.26, 3.29, 5.89
Accel: 0.02, 0.83, -0.71
Gyro: 24.45, 2.89, 10.16
Accel: 0.03, 0.81, -0.72
Gyro: 34.91, 3.85, 16.47
Accel: 0.03, 0.80, -0.71
Gyro: 43.11, 2.72, 23.25
Accel: 0.04, 0.71, -0.72
Gyro: 51.77, 1.65, 28.75
Accel: 0.05, 0.63, -0.75
Gyro: 55.97, 2.14, 28.47
Accel: 0.07, 0.64, -0.76
Gyro: 58.53, 1.77, 29.24
Accel: 0.08, 0.56, -0.78
Gyro: 60.59, 2.71, 31.81
Accel: 0.09, 0.53, -0.80
Gyro: 60.20, 4.13, 31.49
Accel: 0.11, 0.54, -0.81
Gyro: 62.16, 2.96, 33.98
Accel: 0.11, 0.45, -0.83
Gyro: 65.78, 4.48, 36.15
Accel: 0.13, 0.41, -0.83
Gyro: 62.73, 6.57, 34.60
Accel: 0.14, 0.41, -0.83
Gyro: 62.69, 4.68, 36.80
Accel: 0.15, 0.31, -0.86
Gyro: 63.46, 3.73, 37.98
Accel: 0.17, 0.28, -0.86
Gyro: 59.13, 3.35, 35.19
Accel: 0.16, 0.27, -0.86
Gyro: 57.04, 1.07, 38.70
Accel: 0.19, 0.18, -0.87
Gyro: 52.45, -1.11, 38.22
Accel: 0.18, 0.16, -0.86
Gyro: 48.49, -4.84, 35.09
Accel: 0.18, 0.10, -0.90
Gyro: 45.49, -8.79, 32.03
Accel: 0.17, 0.07, -0.94
Gyro: 41.97, -10.14, 25.18
Accel: 0.17, 0.10, -0.94
Gyro: 39.24, -10.03, 22.22
Accel: 0.16, 0.05, -0.95
Gyro: 39.26, -8.45, 19.68
Accel: 0.14, 0.04, -0.96
Gyro: 36.70, -5.55, 14.67
Accel: 0.16, 0.04, -0.95
Gyro: 34.77, -4.07, 14.62
Accel: 0.15, -0.01, -0.96
Gyro: 32.21, -3.09, 13.89
Accel: 0.16, -0.03, -0.95
Gyro: 27.68, -2.43, 11.57
Accel: 0.15, -0.03, -0.95
Gyro: 23.71, -3.27, 11.14
Accel: 0.15, -0.07, -0.96
Gyro: 20.49, -3.09, 9.61
Accel: 0.16, -0.11, -0.95
Gyro: 14.90, -2.72, 4.69
Accel: 0.16, -0.08, -0.96
Gyro: 8.87, -2.79, 0.93
Accel: 0.15, -0.07, -0.98
Gyro: 6.07, -1.72, -0.47
Accel: 0.15, -0.08, -0.97
Gyro: 3.44, 0.69, -2.19
Accel: 0.16, -0.07, -0.96
Gyro: 0.90, 2.56, -3.59
Accel: 0.16, -0.05, -0.97
Gyro: -1.20, 3.07, -2.85
Accel: 0.16, -0.05, -0.95
Gyro: -2.37, 2.93, -2.14
Accel: 0.18, -0.04, -0.94
Gyro: -3.23, 2.69, -2.28
Accel: 0.17, -0.03, -0.94
Gyro: -3.63, 1.78, -2.61
Accel: 0.17, -0.02, -0.96
Gyro: -3.46, 0.53, -1.62
Accel: 0.17, -0.02, -0.96
Gyro: -3.85, 0.98, -0.72
Accel: 0.17, -0.03, -0.95
Gyro: -4.34, 1.57, -0.68
Accel: 0.17, -0.03, -0.96
Gyro: -4.65, 1.08, -1.27
Accel: 0.18, -0.03, -0.95
Gyro: -4.88, 0.06, -1.66
Accel: 0.18, -0.03, -0.97
Gyro: -5.62, -0.34, -2.33
Accel: 0.17, -0.01, -0.96
Gyro: -5.55, 0.34, -2.02
Accel: 0.18, -0.02, -0.95
Gyro: -5.97, 0.85, -2.41
Accel: 0.18, -0.01, -0.95
Gyro: -6.21, 0.34, -2.56
Accel: 0.18, -0.01, -0.94
Gyro: -6.01, -0.43, -2.49
Accel: 0.17, -0.01, -0.96
Gyro: -6.19, -0.64, -3.04
Accel: 0.18, -0.01, -0.96
Gyro: -6.13, -0.22, -3.70
Accel: 0.18, -0.01, -0.95
Gyro: -5.67, 0.16, -4.08
Accel: 0.18, 0.01, -0.95
Gyro: -4.75, -0.22, -3.64
Accel: 0.18, 0.00, -0.95
Gyro: -4.71, -1.12, -3.51
Accel: 0.17, 0.01, -0.96
Gyro: -4.23, -1.73, -3.00
Accel: 0.17, 0.01, -0.96
Gyro: -3.72, -1.01, -2.19
Accel: 0.17, 0.00, -0.95
Gyro: -3.16, -0.66, -1.82
Accel: 0.18, -0.00, -0.95
Gyro: -2.86, -0.75, -1.24
Accel: 0.18, 0.00, -0.96
Gyro: -3.19, -0.63, -1.24
Accel: 0.17, -0.00, -0.95
Gyro: -3.36, -0.26, -1.11
Accel: 0.18, 0.00, -0.95
Gyro: -3.57, 0.14, -1.33
Accel: 0.18, -0.00, -0.95
Gyro: -3.85, -0.53, -1.53
Accel: 0.17, 0.00, -0.95
Gyro: -4.67, -0.82, -1.67
