Accel: -0.15, 0.04, -0.96
Gyro: -2.60, 1.55, -0.47
Accel: -0.14, 0.05, -0.95
Gyro: -1.78, 1.37, -0.14
Accel: -0.13, 0.04, -0.95
Gyro: -1.95, 0.67, 0.14
Accel: -0.13, 0.04, -0.96
Gyro: -3.28, -0.78, -0.62
Accel: -0.14, 0.05, -0.97
Gyro: -3.23, -1.91, -1.77
Accel: -0.14, 0.05, -0.96
Gyro: -3.40, -1.09, -1.69
Accel: -0.13, 0.05, -0.95
Gyro: -1.48, -1.72, -1.36
Accel: -0.15, 0.05, -0.96
Gyro: -1.31, -2.05, -0.62
Accel: -0.15, 0.04, -0.97
Gyro: -2.62, -0.81, -0.97
Accel: -0.15, 0.05, -0.97
Gyro: -1.92, -0.57, -1.39
Accel: -0.13, 0.05, -0.95
Gyro: -1.25, -0.18, -1.53
Accel: -0.13, 0.06, -0.96
Gyro: -1.29, -1.51, -1.20
Accel: -0.12, 0.03, -0.92
Gyro: -2.47, -3.18, -0.84
Accel: -0.10, 0.02, -0.90
Gyro: -5.83, -10.31, -1.67
Accel: -0.08, 0.03, -0.88
Gyro: -8.09, -18.75, -2.56
Accel: -0.08, 0.05, -0.79
Gyro: -7.49, -32.77, -3.36
Accel: -0.06, 0.03, -0.71
Gyro: -7.33, -56.50, -4.07
Accel: -0.07, 0.02, -0.64
Gyro: -12.21, -86.72, -6.69
Accel: -0.13, 0.06, -0.62
Gyro: -12.82, -121.93, -7.48
Accel: -0.26, 0.05, -0.64
Gyro: -14.37, -150.75, -8.31
Accel: -0.41, 0.06, -0.60
Gyro: -16.28, -169.41, -8.99
Accel: -0.57, 0.07, -0.69
Gyro: -15.15, -175.82, -11.60
Accel: -0.72, 0.12, -0.76
Gyro: -11.22, -167.70, -13.34
Accel: -0.99, 0.16, -0.79
Gyro: 8.93, -153.21, -13.81
Accel: -1.28, 0.11, -1.38
Gyro: 34.92, -98.51, -11.68
Accel: -1.15, 0.10, -1.24
Gyro: -13.65, -11.60, -3.03
Accel: -0.93, 0.07, -0.78
Gyro: 8.25, 17.32, 3.94
Accel: -0.86, 0.04, -0.68
Gyro: 1.85, 24.67, 5.12
Accel: -0.81, 0.03, -0.78
Gyro: -17.92, 28.63, 1.75
Accel: -0.78, 0.10, -0.78
Gyro: 2.38, 47.68, 6.69
Accel: -0.79, 0.07, -0.75
Gyro: -0.32, 52.84, 4.74
Accel: -0.79, 0.09, -0.88
Gyro: -7.41, 66.57, 4.25
Accel: -0.75, 0.09, -0.92
Gyro: 0.84, 90.32, 6.01
Accel: -0.72, 0.09, -0.93
Gyro: 3.38, 110.26, 8.33
Accel: -0.62, 0.07, -0.88
Gyro: -1.45, 128.66, 10.32
Accel: -0.48, 0.06, -0.79
Gyro: 1.39, 132.50, 9.28
Accel: -0.38, 0.06, -0.77
Gyro: 0.55, 129.93, 8.37
Accel: -0.25, 0.06, -0.69
Gyro: 0.39, 113.05, 6.76
Accel: -0.20, 0.06, -0.81
Gyro: 1.47, 93.51, 3.35
Accel: -0.20, 0.07, -0.90
Gyro: -5.39, 87.28, 1.97
Accel: -0.09, 0.07, -0.74
Gyro: 1.86, 75.60, 0.07
Accel: -0.03, 0.08, -0.76
Gyro: 7.25, 57.72, -2.48
Accel: -0.03, 0.08, -0.83
Gyro: 10.27, 39.88, -3.94
Accel: -0.05, 0.07, -0.91
Gyro: 12.99, 25.79, -4.04
Accel: -0.03, 0.04, -0.88
Gyro: 6.48, 20.06, -0.38
Accel: -0.03, 0.03, -0.89
Gyro: 3.10, 10.92, 0.48
Accel: -0.04, 0.03, -0.90
Gyro: 0.24, 2.31, 1.26
Accel: -0.04, 0.01, -0.91
Gyro: 0.72, -7.93, 0.76
Accel: -0.08, 0.01, -0.99
Gyro: -3.11, -9.83, -0.75
Accel: -0.08, 0.03, -0.99
Gyro: -5.39, -6.97, -2.28
Accel: -0.07, 0.05, -0.95
Gyro: -4.66, -5.45, -3.07
Accel: -0.10, 0.05, -0.97
Gyro: -1.43, -6.16, -3.25
Accel: -0.11, 0.06, -0.99
Gyro: -2.55, -3.81, -2.53
Accel: -0.10, 0.05, -0.96
Gyro: -2.82, -2.66, -1.61
Accel: -0.09, 0.06, -0.96
Gyro: -3.84, -4.06, -0.47
Accel: -0.09, 0.06, -0.97
Gyro: -2.91, -6.00, 0.92
Accel: -0.11, 0.06, -0.97
Gyro: -2.17, -5.34, 2.21
Accel: -0.11, 0.04, -0.97
Gyro: -3.43, -4.04, 2.50
Accel: -0.10, 0.04, -0.96
Gyro: -4.62, -4.75, 1.10
Accel: -0.10, 0.06, -0.96
Gyro: -4.10, -6.20, 0.02
Accel: -0.10, 0.05, -0.97
Gyro: -1.44, -6.16, -0.33
Accel: -0.11, 0.05, -0.94
Gyro: -0.52, -6.64, -0.95
Accel: -0.12, 0.04, -0.97
Gyro: -1.61, -7.35, -1.21
Accel: -0.11, 0.05, -0.95
Gyro: -2.14, -7.49, -1.92
Accel: -0.13, 0.05, -0.96
Gyro: -1.11, -7.75, -1.88
Accel: -0.14, 0.05, -0.98
Gyro: -3.04, -5.38, -1.41
Accel: -0.14, 0.05, -0.98
Gyro: -2.28, -3.17, -2.09
Accel: -0.13, 0.05, -0.97
Gyro: -2.14, -1.28, -2.42
Accel: -0.13, 0.05, -0.93
Gyro: -1.06, -4.20, -1.65
Accel: -0.16, 0.04, -1.00
Gyro: -2.85, -2.64, -1.27
Accel: -0.15, 0.05, -0.97
Gyro: -2.29, 0.52, -1.37
Accel: -0.13, 0.05, -0.94
Gyro: -2.08, -1.50, -2.18
Accel: -0.14, 0.05, -0.96
Gyro: -1.85, -4.80, -1.72
Accel: -0.15, 0.06, -0.99
Gyro: -3.40, -2.33, -1.26
Accel: -0.14, 0.06, -0.96
Gyro: -2.24, -1.06, 0.08
Accel: -0.13, 0.05, -0.95
Gyro: -1.40, -2.56, -0.42
Accel: -0.14, 0.05, -0.96
Gyro: -1.08, -2.86, -0.07
Accel: -0.15, 0.05, -0.98
Gyro: -1.22, -1.88, -0.47
Accel: -0.14, 0.06, -0.96
Gyro: -1.86, -1.94, -0.16
Accel: -0.14, 0.06, -0.96
Gyro: 0.27, -2.20, 0.78
Accel: -0.15, 0.05, -0.95
Gyro: 1.09, -1.84, 0.95
Accel: -0.15, 0.04, -0.96
Gyro: -2.04, -1.59, 0.58
Accel: -0.15, 0.04, -0.96
Gyro: -2.75, -1.48, -0.35
Accel: -0.16, 0.03, -0.96
Gyro: -1.40, -1.01, -0.85
Accel: -0.15, 0.04, -0.96
Gyro: -1.90, -0.55, -1.56
Accel: -0.14, 0.05, -0.95
Gyro: -2.39, -1.53, -2.16
Accel: -0.15, 0.05, -0.96
Gyro: -2.11, -2.78, -2.06
Accel: -0.16, 0.06, -0.97
Gyro: -3.49, -1.27, -1.29
Accel: -0.16, 0.06, -0.97
Gyro: -2.72, -0.09, -1.04
Accel: -0.15, 0.05, -0.95
Gyro: -1.87, 0.18, -0.86
Accel: -0.16, 0.05, -0.97
Gyro: -2.98, -0.19, -0.53
Accel: -0.15, 0.06, -0.98
Gyro: -3.49, 1.27, -0.19
Accel: -0.15, 0.05, -0.96
Gyro: -1.12, 1.69, 0.00
Accel: -0.14, 0.04, -0.94
Gyro: -1.29, 0.21, -0.37
Accel: -0.15, 0.05, -0.96
Gyro: -2.60, -0.95, -0.50
Accel: -0.15, 0.04, -0.96
Gyro: -2.98, -1.08, -0.79
Accel: -0.15, 0.05, -0.97
Gyro: -3.08, -0.20, -0.65
Accel: -0.14, 0.05, -0.95
Gyro: -1.85, 0.20, -0.72
Accel: -0.14, 0.05, -0.96
Gyro: -1.91, -0.22, -1.19
Accel: -0.13, 0.06, -0.96
Gyro: -2.65, -0.47, -1.82
Accel: -0.15, 0.05, -0.96
Gyro: -2.17, -0.87, -1.27
