Accel: -0.23, 0.05, -0.95
Gyro: -2.04, 0.60, -0.11
Accel: -0.23, 0.05, -0.93
Gyro: 0.14, -1.15, 0.12
Accel: -0.24, 0.04, -0.93
Gyro: -1.24, -2.51, 0.10
Accel: -0.25, 0.05, -0.95
Gyro: -1.47, -2.23, 0.11
Accel: -0.25, 0.04, -0.95
Gyro: -1.48, -1.08, -0.33
Accel: -0.24, 0.03, -0.93
Gyro: -1.98, -1.57, -1.20
Accel: -0.26, 0.04, -0.95
Gyro: -2.35, -1.19, -1.71
Accel: -0.25, 0.04, -0.94
Gyro: -2.40, 0.08, -1.62
Accel: -0.24, 0.05, -0.94
Gyro: -2.25, 0.51, -1.84
Accel: -0.24, 0.05, -0.94
Gyro: -1.03, -0.34, -1.12
Accel: -0.25, 0.04, -0.96
Gyro: -2.40, 0.47, -0.89
Accel: -0.24, 0.03, -0.94
Gyro: -3.00, 1.04, -1.01
Accel: -0.22, 0.02, -0.92
Gyro: -4.75, -0.80, -2.17
Accel: -0.19, 0.03, -0.89
Gyro: -5.88, -6.45, -3.26
Accel: -0.20, 0.03, -0.90
Gyro: -6.44, -12.54, -4.47
Accel: -0.19, 0.04, -0.90
Gyro: -7.58, -15.86, -5.45
Accel: -0.18, 0.03, -0.90
Gyro: -8.36, -19.28, -6.61
Accel: -0.16, 0.06, -0.85
Gyro: -8.32, -27.21, -8.16
Accel: -0.14, 0.07, -0.80
Gyro: -6.39, -41.64, -9.10
Accel: -0.15, 0.06, -0.77
Gyro: -5.65, -57.06, -10.82
Accel: -0.18, 0.06, -0.68
Gyro: -4.57, -75.29, -12.50
Accel: -0.23, 0.02, -0.48
Gyro: 2.08, -111.82, -10.68
Accel: -0.34, -0.02, -0.56
Gyro: -3.33, -146.93, -9.85
Accel: -0.43, 0.00, -0.56
Gyro: -15.90, -164.12, -11.40
Accel: -0.56, 0.01, -0.35
Gyro: -20.27, -186.61, -15.56
Accel: -0.81, 0.04, -0.42
Gyro: 3.14, -206.31, -19.93
Accel: -1.04, 0.03, -0.89
Gyro: 10.96, -188.53, -23.95
Accel: -1.18, 0.02, -0.81
Gyro: -2.57, -141.40, -27.23
Accel: -1.28, 0.02, -0.77
Gyro: 16.20, -107.07, -24.58
Accel: -1.30, 0.04, -0.94
Gyro: 1.05, -57.41, -19.05
Accel: -1.14, 0.10, -0.53
Gyro: -10.62, -22.49, -9.04
Accel: -1.08, 0.07, -0.48
Gyro: 3.55, -15.11, 2.39
Accel: -1.05, 0.05, -0.56
Gyro: -2.92, -0.02, 9.68
Accel: -1.00, 0.04, -0.45
Gyro: -8.97, 12.67, 10.73
Accel: -0.99, 0.01, -0.44
Gyro: 0.89, 14.40, 8.22
Accel: -1.07, 0.02, -0.61
Gyro: -2.15, 27.44, 8.64
Accel: -1.10, 0.01, -0.61
Gyro: -2.24, 50.66, 6.41
Accel: -1.14, 0.03, -0.71
Gyro: -1.06, 75.98, 7.22
Accel: -1.03, 0.06, -0.63
Gyro: -3.01, 104.17, 8.64
Accel: -0.96, 0.03, -0.54
Gyro: 5.68, 112.30, 9.16
Accel: -0.90, 0.04, -0.64
Gyro: 3.16, 127.50, 11.38
Accel: -0.75, 0.05, -0.57
Gyro: 0.17, 132.01, 13.21
Accel: -0.72, 0.05, -0.66
Gyro: 5.67, 129.20, 13.85
Accel: -0.58, 0.03, -0.63
Gyro: -1.59, 129.26, 15.39
Accel: -0.45, 0.02, -0.57
Gyro: -0.42, 115.59, 13.08
Accel: -0.41, 0.03, -0.67
Gyro: 3.30, 99.30, 11.69
Accel: -0.32, 0.01, -0.66
Gyro: 2.16, 83.39, 9.00
Accel: -0.32, 0.01, -0.75
Gyro: 4.69, 63.98, 5.16
Accel: -0.28, 0.01, -0.82
Gyro: -1.82, 53.55, 2.78
Accel: -0.23, 0.01, -0.76
Gyro: -4.61, 37.64, 0.37
Accel: -0.25, 0.02, -0.78
Gyro: -0.27, 20.56, -3.27
Accel: -0.27, 0.04, -0.87
Gyro: -1.39, 13.08, -4.43
Accel: -0.28, 0.05, -0.87
Gyro: -1.83, 8.79, -4.56
Accel: -0.30, 0.05, -0.89
Gyro: -1.20, 5.81, -3.94
Accel: -0.30, 0.05, -0.90
Gyro: -1.36, 3.09, -2.72
Accel: -0.30, 0.04, -0.92
Gyro: -1.37, 1.45, -2.28
Accel: -0.31, 0.05, -0.91
Gyro: -0.79, -0.18, -1.82
Accel: -0.31, 0.03, -0.92
Gyro: -2.04, -1.14, -1.12
Accel: -0.32, 0.04, -0.94
Gyro: -3.27, 0.17, -1.37
Accel: -0.30, 0.03, -0.92
Gyro: -2.78, 1.21, -2.19
Accel: -0.30, 0.04, -0.91
Gyro: -1.57, -0.04, -3.11
Accel: -0.31, 0.04, -0.92
Gyro: -1.85, -1.91, -3.04
Accel: -0.31, 0.05, -0.93
Gyro: -3.33, -0.40, -2.46
Accel: -0.29, 0.05, -0.91
Gyro: -2.90, -0.99, -1.95
Accel: -0.31, 0.04, -0.90
Gyro: -2.59, -3.52, -1.43
Accel: -0.32, 0.04, -0.93
Gyro: -4.36, -3.78, -0.89
Accel: -0.31, 0.05, -0.93
Gyro: -4.94, -2.25, -1.45
Accel: -0.31, 0.05, -0.90
Gyro: -2.95, -3.05, -1.42
Accel: -0.34, 0.04, -0.92
Gyro: -3.25, -2.73, -1.48
Accel: -0.32, 0.05, -0.92
Gyro: -2.94, -0.89, -1.51
Accel: -0.32, 0.06, -0.93
Gyro: -1.85, -0.60, -1.57
Accel: -0.32, 0.06, -0.91
Gyro: -1.03, -1.14, -1.11
Accel: -0.33, 0.05, -0.92
Gyro: -0.15, -1.06, -0.26
Accel: -0.32, 0.05, -0.91
Gyro: -1.29, -1.61, -0.03
Accel: -0.33, 0.04, -0.91
Gyro: -2.06, -2.05, -0.31
Accel: -0.33, 0.04, -0.92
Gyro: -1.63, -1.55, -0.59
Accel: -0.33, 0.04, -0.92
Gyro: -2.00, -1.29, -1.07
Accel: -0.33, 0.05, -0.92
Gyro: -1.37, -1.85, -1.50
Accel: -0.33, 0.04, -0.91
Gyro: -2.44, -1.66, -1.95
Accel: -0.33, 0.05, -0.92
Gyro: -2.30, -1.37, -1.84
Accel: -0.32, 0.04, -0.92
Gyro: -3.04, -0.53, -1.54
Accel: -0.32, 0.05, -0.91
Gyro: -2.37, -1.56, -1.66
Accel: -0.32, 0.06, -0.91
Gyro: -0.96, -2.09, -1.69
Accel: -0.33, 0.05, -0.91
Gyro: -1.26, -1.11, -1.26
Accel: -0.32, 0.05, -0.91
Gyro: -0.98, -0.76, -0.45
Accel: -0.32, 0.04, -0.89
Gyro: -0.11, -2.20, -0.04
Accel: -0.33, 0.05, -0.92
Gyro: -0.78, -3.07, 0.31
Accel: -0.34, 0.04, -0.92
Gyro: -1.62, -1.58, 0.14
Accel: -0.33, 0.04, -0.93
Gyro: -1.40, -0.16, -0.19
Accel: -0.32, 0.03, -0.91
Gyro: -1.08, 0.32, -0.81
Accel: -0.32, 0.04, -0.91
Gyro: -1.21, -1.10, -0.97
Accel: -0.33, 0.03, -0.93
Gyro: -1.97, -0.81, -1.05
Accel: -0.32, 0.04, -0.90
Gyro: -1.88, -0.67, -1.43
Accel: -0.33, 0.04, -0.92
Gyro: -1.78, -0.75, -1.14
Accel: -0.34, 0.04, -0.92
Gyro: -2.56, -0.53, -1.31
Accel: -0.33, 0.04, -0.91
Gyro: -2.68, -0.74, -1.37
Accel: -0.32, 0.05, -0.91
Gyro: -2.48, -1.05, -0.85
Accel: -0.34, 0.04, -0.93
Gyro: -2.33, -1.44, -0.86
Accel: -0.34, 0.05, -0.92
Gyro: -3.17, -0.81, -1.15
Accel: -0.33, 0.05, -0.90
Gyro: -3.11, -1.28, -1.27
Accel: -0.34, 0.05, -0.92
Gyro: -3.01, -0.76, -0.98
