Accel: -0.31, 0.04, -0.92
Gyro: -1.52, 0.03, -1.55
Accel: -0.31, 0.04, -0.91
Gyro: -0.99, -0.14, -2.27
Accel: -0.30, 0.04, -0.92
Gyro: -1.50, -0.36, -2.01
Accel: -0.31, 0.05, -0.92
Gyro: -1.91, -0.50, -1.15
Accel: -0.31, 0.04, -0.92
Gyro: -1.75, -0.58, -0.51
Accel: -0.31, 0.03, -0.92
Gyro: -2.15, 0.17, -0.82
Accel: -0.31, 0.04, -0.93
Gyro: -2.62, 0.38, -1.01
Accel: -0.31, 0.04, -0.92
Gyro: -2.23, 0.65, -1.53
Accel: -0.31, 0.04, -0.92
Gyro: -1.48, -0.39, -1.05
Accel: -0.30, 0.04, -0.90
Gyro: -2.92, -1.43, -0.72
Accel: -0.30, 0.03, -0.91
Gyro: -3.07, -2.58, -0.74
Accel: -0.31, 0.03, -0.91
Gyro: -4.04, -2.27, -2.01
Accel: -0.30, 0.04, -0.91
Gyro: -4.18, -2.95, -2.81
Accel: -0.29, 0.04, -0.91
Gyro: -3.83, -4.02, -3.04
Accel: -0.28, 0.03, -0.90
Gyro: -5.52, -6.48, -2.77
Accel: -0.26, 0.02, -0.87
Gyro: -7.89, -11.86, -3.09
Accel: -0.23, 0.01, -0.82
Gyro: -11.48, -21.03, -4.33
Accel: -0.19, 0.02, -0.75
Gyro: -14.37, -37.26, -6.11
Accel: -0.20, 0.04, -0.72
Gyro: -15.91, -58.07, -7.96
Accel: -0.23, 0.05, -0.69
Gyro: -16.55, -79.57, -10.11
Accel: -0.29, 0.07, -0.66
Gyro: -15.43, -99.96, -10.25
Accel: -0.35, 0.05, -0.62
Gyro: -15.67, -119.77, -10.03
Accel: -0.43, 0.05, -0.53
Gyro: -15.87, -138.95, -10.83
Accel: -0.55, 0.05, -0.48
Gyro: -15.24, -157.77, -13.27
Accel: -0.72, 0.05, -0.50
Gyro: -11.71, -167.66, -17.48
Accel: -0.92, 0.04, -0.70
Gyro: -3.43, -159.95, -23.86
Accel: -1.05, 0.04, -0.82
Gyro: -10.54, -134.04, -26.99
Accel: -1.10, 0.08, -0.63
Gyro: -14.30, -102.60, -29.35
Accel: -1.19, 0.16, -0.58
Gyro: 0.08, -85.78, -26.28
Accel: -1.27, 0.15, -0.78
Gyro: 3.10, -55.73, -16.44
Accel: -1.22, 0.13, -0.70
Gyro: 1.02, -13.31, -7.26
Accel: -1.12, 0.10, -0.49
Gyro: 11.91, 3.97, 2.83
Accel: -1.11, 0.03, -0.60
Gyro: 5.38, 21.84, 9.63
Accel: -1.06, 0.02, -0.53
Gyro: -1.37, 38.81, 9.84
Accel: -1.04, 0.01, -0.57
Gyro: 1.67, 52.92, 6.65
Accel: -1.03, 0.03, -0.61
Gyro: -5.04, 69.54, 3.85
Accel: -1.03, 0.06, -0.70
Gyro: -3.76, 90.60, 3.78
Accel: -0.92, 0.07, -0.59
Gyro: -1.17, 109.13, 6.38
Accel: -0.81, 0.07, -0.52
Gyro: 0.27, 111.08, 9.75
Accel: -0.76, 0.05, -0.60
Gyro: 3.92, 109.86, 13.24
Accel: -0.67, 0.06, -0.61
Gyro: 0.69, 109.37, 14.16
Accel: -0.60, 0.06, -0.67
Gyro: 4.79, 106.69, 14.42
Accel: -0.55, 0.05, -0.67
Gyro: 5.51, 102.90, 13.34
Accel: -0.48, 0.05, -0.69
Gyro: 6.85, 92.13, 12.63
Accel: -0.41, 0.03, -0.70
Gyro: 5.15, 80.64, 11.16
Accel: -0.37, 0.04, -0.74
Gyro: 5.62, 67.50, 9.38
Accel: -0.34, 0.03, -0.73
Gyro: 4.01, 53.89, 7.79
Accel: -0.32, 0.04, -0.80
Gyro: 2.30, 41.63, 6.11
Accel: -0.30, 0.03, -0.82
Gyro: -0.02, 33.00, 5.06
Accel: -0.31, 0.04, -0.84
Gyro: 2.11, 25.92, 3.07
Accel: -0.31, 0.04, -0.87
Gyro: 2.55, 21.61, 1.24
Accel: -0.30, 0.04, -0.87
Gyro: 2.88, 16.73, -0.28
Accel: -0.30, 0.04, -0.87
Gyro: 2.86, 12.43, -0.86
Accel: -0.30, 0.04, -0.89
Gyro: 0.98, 8.61, -0.99
Accel: -0.31, 0.05, -0.89
Gyro: -0.72, 5.57, -0.56
Accel: -0.30, 0.05, -0.90
Gyro: -1.69, 3.14, -0.16
Accel: -0.31, 0.04, -0.89
Gyro: -3.01, 0.60, -0.13
Accel: -0.32, 0.04, -0.89
Gyro: -3.75, -1.89, -0.12
Accel: -0.33, 0.04, -0.92
Gyro: -5.87, -1.50, -0.69
Accel: -0.32, 0.05, -0.91
Gyro: -5.46, -0.40, -1.85
Accel: -0.32, 0.05, -0.91
Gyro: -4.65, -0.28, -2.63
Accel: -0.32, 0.06, -0.90
Gyro: -3.55, -1.79, -3.50
Accel: -0.33, 0.07, -0.91
Gyro: -2.91, -2.66, -2.85
Accel: -0.33, 0.06, -0.92
Gyro: -3.87, -1.71, -2.20
Accel: -0.33, 0.07, -0.91
Gyro: -2.78, -0.93, -1.55
Accel: -0.33, 0.05, -0.91
Gyro: -1.79, -1.18, -1.28
Accel: -0.33, 0.06, -0.90
Gyro: -1.76, -2.18, -1.29
Accel: -0.34, 0.06, -0.92
Gyro: -1.99, -2.90, -1.38
Accel: -0.34, 0.06, -0.91
Gyro: -1.37, -2.91, -1.19
Accel: -0.34, 0.05, -0.92
Gyro: -0.40, -2.89, -0.85
Accel: -0.34, 0.05, -0.91
Gyro: -1.20, -2.07, -0.53
Accel: -0.34, 0.05, -0.92
Gyro: -1.94, -1.39, -0.60
Accel: -0.34, 0.06, -0.91
Gyro: -2.27, -1.37, -1.37
Accel: -0.34, 0.06, -0.91
Gyro: -1.75, -1.58, -1.36
Accel: -0.34, 0.06, -0.90
Gyro: -1.33, -1.46, -0.99
Accel: -0.35, 0.06, -0.91
Gyro: -1.12, -1.91, -0.66
Accel: -0.34, 0.05, -0.91
Gyro: -0.29, -2.01, -0.24
Accel: -0.35, 0.04, -0.91
Gyro: -1.68, -1.39, 0.06
Accel: -0.34, 0.05, -0.90
Gyro: -2.69, -1.90, -0.60
Accel: -0.34, 0.05, -0.91
Gyro: -3.27, -1.40, -1.20
Accel: -0.34, 0.05, -0.90
Gyro: -2.66, -1.47, -1.70
Accel: -0.35, 0.06, -0.90
Gyro: -2.24, -1.93, -1.50
Accel: -0.35, 0.06, -0.91
Gyro: -2.61, -1.07, -0.52
Accel: -0.34, 0.06, -0.91
Gyro: -1.51, -0.49, -0.71
Accel: -0.34, 0.05, -0.89
Gyro: -1.21, -1.13, -0.85
Accel: -0.35, 0.04, -0.91
Gyro: -2.08, -1.83, -0.81
Accel: -0.35, 0.05, -0.92
Gyro: -2.27, -0.39, -0.97
Accel: -0.34, 0.05, -0.91
Gyro: -1.95, 0.71, -1.40
Accel: -0.33, 0.05, -0.90
Gyro: -1.66, -1.40, -1.53
Accel: -0.35, 0.06, -0.91
Gyro: -2.30, -2.16, -1.04
Accel: -0.35, 0.05, -0.92
Gyro: -2.00, -1.24, -0.71
Accel: -0.34, 0.05, -0.91
Gyro: -1.82, -0.89, -1.11
Accel: -0.35, 0.05, -0.90
Gyro: -1.43, -1.92, -1.17
Accel: -0.35, 0.06, -0.92
Gyro: -1.76, -1.41, -0.90
Accel: -0.35, 0.05, -0.92
Gyro: -2.36, -0.53, -0.72
Accel: -0.34, 0.05, -0.90
Gyro: -1.88, -0.19, -1.23
Accel: -0.34, 0.04, -0.90
Gyro: -1.24, -1.04, -1.40
Accel: -0.34, 0.05, -0.92
Gyro: -2.70, -0.31, -1.25
Accel: -0.34, 0.05, -0.91
Gyro: -3.20, 0.12, -1.21
Accel: -0.35, 0.06, -0.89
Gyro: -1.07, -0.17, -1.09
Accel: -0.34, 0.05, -0.92
Gyro: -2.33, -0.14, -0.44
