Accel: -0.05, 0.05, -0.97
Gyro: -1.47, -2.59, -0.15
Accel: -0.06, 0.04, -0.99
Gyro: -1.62, -1.82, 0.17
Accel: -0.05, 0.04, -0.98
Gyro: -2.70, 0.28, -0.47
Accel: -0.04, 0.04, -0.96
Gyro: -2.70, -0.56, -1.55
Accel: -0.05, 0.05, -1.00
Gyro: -2.56, -0.16, -1.86
Accel: -0.04, 0.05, -0.98
Gyro: -1.77, 1.53, -1.40
Accel: -0.04, 0.05, -0.96
Gyro: -1.68, 0.87, -0.46
Accel: -0.04, 0.04, -0.96
Gyro: -2.48, -0.65, -0.34
Accel: -0.04, 0.05, -0.98
Gyro: -2.57, -0.68, -0.31
Accel: -0.03, 0.04, -0.96
Gyro: -2.30, -1.01, -0.83
Accel: -0.02, 0.04, -0.96
Gyro: -4.18, -2.78, -1.89
Accel: -0.01, 0.03, -0.97
Gyro: -3.64, -4.63, -2.33
Accel: 0.02, 0.04, -0.93
Gyro: -4.63, -8.91, -2.85
Accel: 0.03, 0.03, -0.92
Gyro: -8.40, -15.29, -3.16
Accel: 0.06, 0.03, -0.86
Gyro: -12.72, -25.38, -2.78
Accel: 0.07, 0.04, -0.85
Gyro: -13.57, -39.93, -3.35
Accel: 0.04, 0.05, -0.84
Gyro: -16.19, -54.37, -4.95
Accel: 0.02, 0.06, -0.79
Gyro: -15.72, -71.86, -7.16
Accel: -0.03, 0.06, -0.75
Gyro: -16.39, -93.70, -8.62
Accel: -0.13, 0.07, -0.76
Gyro: -15.43, -112.97, -11.60
Accel: -0.22, 0.08, -0.75
Gyro: -14.50, -127.77, -13.53
Accel: -0.30, 0.08, -0.69
Gyro: -15.25, -139.88, -15.09
Accel: -0.39, 0.07, -0.57
Gyro: -16.22, -154.84, -16.82
Accel: -0.52, 0.07, -0.60
Gyro: -13.48, -169.29, -20.39
Accel: -0.71, 0.12, -0.76
Gyro: -16.37, -169.76, -26.43
Accel: -0.82, 0.10, -0.78
Gyro: -9.46, -154.52, -32.60
Accel: -0.88, 0.09, -0.75
Gyro: -5.55, -133.94, -40.70
Accel: -0.93, 0.11, -0.64
Gyro: 0.25, -120.37, -42.18
Accel: -0.98, 0.12, -0.66
Gyro: 4.63, -107.84, -37.12
Accel: -1.05, 0.14, -0.61
Gyro: 7.28, -94.53, -25.63
Accel: -1.15, 0.12, -0.63
Gyro: 10.88, -73.59, -12.36
Accel: -1.21, 0.06, -0.72
Gyro: 7.00, -42.49, -2.80
Accel: -1.18, 0.04, -0.66
Gyro: 3.62, -9.35, 2.85
Accel: -1.13, 0.02, -0.53
Gyro: 8.71, 12.97, 6.42
Accel: -1.08, 0.02, -0.55
Gyro: -6.49, 29.75, 6.13
Accel: -1.01, 0.01, -0.53
Gyro: -3.65, 41.65, 5.70
Accel: -1.01, 0.03, -0.56
Gyro: -4.38, 57.07, 7.05
Accel: -0.95, 0.05, -0.54
Gyro: -2.11, 67.66, 8.27
Accel: -0.95, 0.07, -0.65
Gyro: -0.68, 80.30, 9.20
Accel: -0.88, 0.07, -0.55
Gyro: -1.12, 92.96, 12.18
Accel: -0.81, 0.05, -0.55
Gyro: 3.48, 93.57, 13.54
Accel: -0.78, 0.07, -0.61
Gyro: 5.27, 91.21, 14.75
Accel: -0.72, 0.07, -0.66
Gyro: 5.89, 94.60, 15.25
Accel: -0.65, 0.06, -0.64
Gyro: 7.35, 92.69, 14.93
Accel: -0.60, 0.06, -0.69
Gyro: 8.05, 88.41, 13.74
Accel: -0.54, 0.04, -0.74
Gyro: 8.06, 85.62, 12.37
Accel: -0.47, 0.04, -0.74
Gyro: 7.41, 79.70, 11.16
Accel: -0.45, 0.05, -0.77
Gyro: 7.68, 73.47, 9.94
Accel: -0.43, 0.05, -0.84
Gyro: 7.66, 69.19, 9.32
Accel: -0.38, 0.03, -0.83
Gyro: 3.37, 66.44, 8.63
Accel: -0.34, 0.03, -0.84
Gyro: 1.85, 61.49, 7.47
Accel: -0.33, 0.04, -0.91
Gyro: 0.71, 59.19, 6.25
Accel: -0.28, 0.03, -0.86
Gyro: -1.34, 57.50, 5.22
Accel: -0.22, 0.03, -0.87
Gyro: -0.02, 51.62, 3.37
Accel: -0.21, 0.04, -0.86
Gyro: -0.84, 44.50, 1.06
Accel: -0.22, 0.04, -0.94
Gyro: 0.79, 39.57, 0.27
Accel: -0.18, 0.04, -0.90
Gyro: -1.39, 37.11, -0.43
Accel: -0.16, 0.05, -0.90
Gyro: -1.27, 32.20, -2.17
Accel: -0.14, 0.06, -0.90
Gyro: -1.24, 26.42, -2.29
Accel: -0.15, 0.10, -0.93
Gyro: 1.63, 20.08, 1.07
Accel: -0.17, 0.10, -0.97
Gyro: 2.23, 20.84, 8.02
Accel: -0.15, 0.07, -0.94
Gyro: 2.20, 21.36, 11.67
Accel: -0.14, 0.02, -0.94
Gyro: 1.94, 19.92, 10.99
Accel: -0.12, 0.00, -0.94
Gyro: 0.85, 17.87, 7.00
Accel: -0.11, -0.00, -0.94
Gyro: 1.26, 15.32, 1.89
Accel: -0.10, -0.01, -0.93
Gyro: -0.37, 13.48, -3.51
Accel: -0.09, 0.01, -0.95
Gyro: -2.98, 9.92, -7.61
Accel: -0.09, 0.04, -0.97
Gyro: -4.94, 9.69, -7.84
Accel: -0.08, 0.03, -0.94
Gyro: -4.41, 8.15, -6.29
Accel: -0.08, 0.04, -0.93
Gyro: -5.58, 4.46, -5.33
Accel: -0.07, 0.05, -0.95
Gyro: -6.96, 1.50, -4.63
Accel: -0.08, 0.06, -0.96
Gyro: -5.72, 1.35, -4.45
Accel: -0.08, 0.07, -0.96
Gyro: -2.14, 1.46, -3.18
Accel: -0.08, 0.06, -0.95
Gyro: -2.53, 0.27, -1.99
Accel: -0.09, 0.06, -0.97
Gyro: -2.16, -0.55, -0.88
Accel: -0.08, 0.04, -0.97
Gyro: -1.28, 0.24, -0.47
Accel: -0.08, 0.04, -0.97
Gyro: -1.54, -0.27, -0.87
Accel: -0.09, 0.04, -0.96
Gyro: -2.42, -0.53, -1.63
Accel: -0.08, 0.06, -0.95
Gyro: -2.08, -0.52, -1.44
Accel: -0.09, 0.05, -0.97
Gyro: -2.04, -0.57, -1.19
Accel: -0.09, 0.05, -0.96
Gyro: -1.89, -1.10, -1.03
Accel: -0.09, 0.05, -0.96
Gyro: -1.11, -1.72, -0.85
Accel: -0.09, 0.04, -0.95
Gyro: -1.01, -2.81, -0.94
Accel: -0.09, 0.04, -0.96
Gyro: -1.42, -3.36, -1.29
Accel: -0.09, 0.05, -0.95
Gyro: -1.51, -4.46, -1.38
Accel: -0.11, 0.04, -0.97
Gyro: -2.27, -4.40, -1.46
Accel: -0.11, 0.04, -0.98
Gyro: -2.08, -3.28, -1.09
Accel: -0.10, 0.04, -0.97
Gyro: -2.55, -2.17, -1.30
Accel: -0.11, 0.05, -0.97
Gyro: -2.24, -1.78, -1.48
Accel: -0.11, 0.05, -0.98
Gyro: -2.31, -0.68, -1.72
Accel: -0.11, 0.06, -0.98
Gyro: -1.00, 0.99, -1.40
Accel: -0.11, 0.04, -0.96
Gyro: -0.60, 1.30, -0.98
Accel: -0.10, 0.04, -0.99
Gyro: -1.24, 1.56, -0.98
Accel: -0.10, 0.04, -0.98
Gyro: -1.66, 2.30, -0.77
Accel: -0.09, 0.04, -0.96
Gyro: -2.50, 2.42, -0.76
Accel: -0.09, 0.03, -0.95
Gyro: -3.57, 0.73, -1.35
Accel: -0.09, 0.04, -0.97
Gyro: -4.36, 0.39, -2.01
Accel: -0.09, 0.05, -0.96
Gyro: -3.72, 0.19, -2.34
Accel: -0.10, 0.05, -0.97
Gyro: -3.21, -0.29, -2.72
Accel: -0.10, 0.07, -0.95
Gyro: -3.04, -0.63, -2.24
Accel: -0.10, 0.06, -0.97
Gyro: -0.76, -1.40, -1.12
