Accel: -0.14, 0.07, -0.93
Gyro: -2.27, -2.66, -1.44
Accel: -0.15, 0.07, -0.94
Gyro: -1.39, -4.80, -0.79
Accel: -0.15, 0.07, -0.96
Gyro: -2.40, -5.07, -0.13
Accel: -0.17, 0.06, -0.97
Gyro: -2.08, -4.19, 0.06
Accel: -0.17, 0.06, -0.97
Gyro: -1.02, -3.19, -0.34
Accel: -0.17, 0.06, -0.98
Gyro: -1.59, -2.72, -0.69
Accel: -0.17, 0.06, -0.97
Gyro: -1.40, -1.59, -0.29
Accel: -0.16, 0.06, -0.97
Gyro: -2.07, 0.01, -0.53
Accel: -0.16, 0.06, -0.96
Gyro: -1.90, 1.01, -0.96
Accel: -0.17, 0.06, -0.96
Gyro: -0.88, 0.79, -1.32
Accel: -0.17, 0.06, -0.98
Gyro: -1.61, 1.60, -0.85
Accel: -0.16, 0.06, -0.99
Gyro: -2.15, 4.11, -0.96
Accel: -0.16, 0.05, -0.98
Gyro: -3.25, 9.58, -1.27
Accel: -0.13, 0.05, -0.93
Gyro: -2.26, 9.32, -2.21
Accel: -0.10, 0.04, -0.92
Gyro: -4.20, 6.03, -2.97
Accel: -0.08, 0.04, -0.90
Gyro: -4.66, -1.09, -4.61
Accel: -0.08, 0.04, -0.92
Gyro: -5.84, -7.63, -5.94
Accel: -0.06, 0.06, -0.91
Gyro: -6.95, -11.66, -6.06
Accel: -0.04, 0.05, -0.85
Gyro: -8.21, -22.25, -5.77
Accel: -0.02, 0.07, -0.77
Gyro: -10.75, -40.30, -4.83
Accel: -0.04, 0.08, -0.77
Gyro: -10.44, -62.39, -2.95
Accel: -0.10, 0.06, -0.75
Gyro: -10.67, -80.98, -2.86
Accel: -0.15, 0.05, -0.67
Gyro: -10.68, -104.94, -5.46
Accel: -0.23, 0.05, -0.68
Gyro: -11.79, -129.06, -9.28
Accel: -0.31, 0.05, -0.65
Gyro: -11.25, -146.26, -11.42
Accel: -0.41, 0.04, -0.56
Gyro: -13.36, -162.90, -14.00
Accel: -0.57, 0.03, -0.55
Gyro: -14.37, -174.11, -17.02
Accel: -0.77, 0.08, -0.67
Gyro: -11.25, -176.10, -21.93
Accel: -0.90, 0.05, -0.83
Gyro: -13.63, -152.91, -27.86
Accel: -0.94, 0.08, -0.70
Gyro: -13.82, -130.59, -33.06
Accel: -0.98, 0.11, -0.57
Gyro: -3.83, -116.18, -34.04
Accel: -1.05, 0.10, -0.65
Gyro: -1.63, -105.58, -26.99
Accel: -1.07, 0.12, -0.62
Gyro: -10.73, -83.30, -19.62
Accel: -1.09, 0.13, -0.50
Gyro: -4.32, -68.13, -15.67
Accel: -1.20, 0.12, -0.63
Gyro: 9.93, -50.24, -6.23
Accel: -1.22, 0.09, -0.71
Gyro: 3.11, -13.19, 2.34
Accel: -1.15, 0.04, -0.45
Gyro: 0.08, 9.74, 6.57
Accel: -1.06, 0.05, -0.52
Gyro: 7.07, 23.07, 6.25
Accel: -0.98, 0.03, -0.46
Gyro: 0.92, 40.21, 5.55
Accel: -0.91, 0.02, -0.37
Gyro: -1.04, 39.08, 4.64
Accel: -0.99, 0.04, -0.53
Gyro: -0.21, 40.82, 3.01
Accel: -1.04, 0.06, -0.64
Gyro: -4.97, 61.90, 3.36
Accel: -0.96, 0.07, -0.53
Gyro: 4.27, 77.94, 2.88
Accel: -0.94, 0.09, -0.59
Gyro: -0.01, 84.72, 5.12
Accel: -0.93, 0.08, -0.66
Gyro: 2.89, 98.88, 7.86
Accel: -0.88, 0.05, -0.66
Gyro: 5.66, 107.96, 10.01
Accel: -0.76, 0.06, -0.61
Gyro: 2.05, 113.72, 13.12
Accel: -0.67, 0.05, -0.66
Gyro: 2.98, 113.06, 14.17
Accel: -0.61, 0.04, -0.69
Gyro: -0.43, 114.20, 13.85
Accel: -0.54, 0.06, -0.69
Gyro: -2.73, 108.91, 13.61
Accel: -0.50, 0.07, -0.76
Gyro: 5.05, 104.06, 12.44
Accel: -0.42, 0.04, -0.78
Gyro: 4.45, 101.39, 11.01
Accel: -0.41, 0.06, -0.81
Gyro: 4.46, 97.24, 8.71
Accel: -0.36, 0.05, -0.82
Gyro: 3.21, 91.62, 8.60
Accel: -0.27, 0.05, -0.79
Gyro: 0.74, 82.26, 8.03
Accel: -0.22, 0.06, -0.83
Gyro: -0.54, 72.63, 7.16
Accel: -0.19, 0.06, -0.85
Gyro: 2.40, 62.85, 6.34
Accel: -0.17, 0.05, -0.87
Gyro: 2.55, 55.98, 6.79
Accel: -0.15, 0.04, -0.91
Gyro: -0.05, 52.70, 6.23
Accel: -0.10, 0.04, -0.88
Gyro: -0.63, 45.37, 3.42
Accel: -0.07, 0.07, -0.87
Gyro: -2.74, 37.55, 3.15
Accel: -0.10, 0.07, -0.90
Gyro: 4.29, 24.60, 4.21
Accel: -0.10, 0.04, -0.95
Gyro: 0.96, 23.96, 3.71
Accel: -0.07, 0.04, -0.90
Gyro: -0.90, 19.82, 2.04
Accel: -0.04, 0.04, -0.90
Gyro: -1.08, 11.90, 0.38
Accel: -0.03, 0.05, -0.93
Gyro: -2.02, 6.03, -0.93
Accel: -0.03, 0.04, -0.93
Gyro: -2.37, 2.58, -2.64
Accel: -0.05, 0.06, -0.95
Gyro: -0.90, 0.14, -4.20
Accel: -0.05, 0.06, -0.95
Gyro: -1.05, -1.46, -3.43
Accel: -0.05, 0.06, -0.95
Gyro: -1.34, -2.94, -3.72
Accel: -0.06, 0.06, -0.97
Gyro: -1.21, -3.43, -4.86
Accel: -0.07, 0.06, -0.96
Gyro: 0.13, -4.55, -4.78
Accel: -0.08, 0.06, -0.96
Gyro: 0.14, -5.53, -3.94
Accel: -0.08, 0.05, -0.97
Gyro: -0.40, -6.00, -3.35
Accel: -0.08, 0.06, -0.98
Gyro: -3.07, -4.21, -2.81
Accel: -0.09, 0.06, -0.96
Gyro: -1.21, -3.92, -1.66
Accel: -0.10, 0.06, -0.99
Gyro: -0.86, -2.52, -0.95
Accel: -0.09, 0.05, -0.97
Gyro: -1.64, -1.21, -0.65
Accel: -0.09, 0.06, -0.97
Gyro: -1.26, -2.43, 0.08
Accel: -0.09, 0.04, -0.97
Gyro: -1.23, -3.02, 0.60
Accel: -0.09, 0.04, -0.96
Gyro: -1.94, -3.07, 0.42
Accel: -0.09, 0.04, -0.97
Gyro: -3.87, -3.71, -0.85
Accel: -0.10, 0.05, -0.96
Gyro: -4.18, -4.84, -2.32
Accel: -0.11, 0.06, -0.97
Gyro: -2.58, -3.98, -2.17
Accel: -0.13, 0.05, -1.00
Gyro: -1.04, -1.50, -1.00
Accel: -0.11, 0.05, -0.98
Gyro: -1.58, 1.01, -0.40
Accel: -0.10, 0.05, -0.95
Gyro: -1.34, 1.64, 0.08
Accel: -0.09, 0.05, -0.95
Gyro: -0.81, -0.18, -0.06
Accel: -0.09, 0.04, -0.97
Gyro: -2.06, -0.63, -0.18
Accel: -0.08, 0.04, -0.95
Gyro: -2.85, -1.22, -0.30
Accel: -0.08, 0.04, -0.96
Gyro: -3.01, -3.64, -0.75
Accel: -0.10, 0.05, -0.96
Gyro: -2.79, -4.52, -0.86
Accel: -0.10, 0.05, -0.97
Gyro: -2.89, -4.38, -0.31
Accel: -0.10, 0.05, -0.97
Gyro: -4.09, -4.44, -1.03
Accel: -0.10, 0.05, -0.96
Gyro: -3.36, -4.86, -1.64
Accel: -0.12, 0.06, -0.98
Gyro: -2.87, -3.88, -1.79
Accel: -0.12, 0.06, -0.98
Gyro: -1.72, -3.06, -1.42
Accel: -0.11, 0.05, -0.96
Gyro: -2.75, -2.60, -0.93
Accel: -0.12, 0.07, -0.97
Gyro: -2.52, -1.92, -0.70
Accel: -0.12, 0.06, -0.96
Gyro: -1.37, -2.82, -0.72
Accel: -0.13, 0.06, -0.97
Gyro: -2.41, -1.82, -0.15
