Accel: -0.34, 0.05, -0.94
Gyro: -3.00, 0.45, -1.46
Accel: -0.34, 0.04, -0.92
Gyro: -1.84, 1.38, -1.47
Accel: -0.33, 0.04, -0.91
Gyro: -2.26, 0.27, -1.61
Accel: -0.33, 0.04, -0.91
Gyro: -3.01, 1.04, -0.89
Accel: -0.33, 0.04, -0.91
Gyro: -2.01, 1.24, -1.35
Accel: -0.33, 0.05, -0.92
Gyro: -2.36, 0.81, -1.45
Accel: -0.33, 0.05, -0.92
Gyro: -2.49, 1.29, -1.02
Accel: -0.31, 0.05, -0.91
Gyro: -0.82, 1.14, -0.60
Accel: -0.32, 0.04, -0.89
Gyro: -1.27, -0.65, -0.62
Accel: -0.31, 0.03, -0.91
Gyro: -2.47, -2.10, -0.49
Accel: -0.30, 0.03, -0.89
Gyro: -3.45, -3.54, -1.28
Accel: -0.28, 0.03, -0.86
Gyro: -4.88, -7.79, -2.10
Accel: -0.28, 0.03, -0.88
Gyro: -5.61, -15.88, -3.07
Accel: -0.28, 0.03, -0.88
Gyro: -7.26, -20.35, -3.90
Accel: -0.26, 0.01, -0.83
Gyro: -9.26, -27.46, -5.25
Accel: -0.24, 0.02, -0.76
Gyro: -12.96, -39.81, -6.77
Accel: -0.22, 0.04, -0.68
Gyro: -14.68, -59.72, -8.74
Accel: -0.25, 0.05, -0.65
Gyro: -15.02, -84.97, -10.06
Accel: -0.30, 0.05, -0.58
Gyro: -16.09, -108.70, -11.63
Accel: -0.36, 0.06, -0.53
Gyro: -15.53, -132.13, -12.10
Accel: -0.46, 0.07, -0.47
Gyro: -10.80, -157.49, -12.38
Accel: -0.59, 0.05, -0.41
Gyro: -6.04, -177.99, -14.13
Accel: -0.75, 0.06, -0.42
Gyro: -5.11, -192.28, -15.83
Accel: -0.92, 0.03, -0.69
Gyro: -1.69, -185.50, -21.01
Accel: -1.04, 0.02, -0.53
Gyro: -6.31, -149.83, -33.93
Accel: -1.35, -0.01, -0.40
Gyro: 35.84, -150.73, -47.58
Accel: -1.66, -0.01, -1.24
Gyro: 35.27, -86.69, -41.63
Accel: -1.43, 0.09, -0.77
Gyro: -17.92, 5.34, -23.52
Accel: -1.12, 0.07, -0.30
Gyro: 3.18, 17.50, -5.51
Accel: -1.03, 0.04, -0.39
Gyro: -0.92, 13.04, 8.38
Accel: -0.96, -0.03, -0.35
Gyro: -7.64, 21.64, 16.35
Accel: -0.93, -0.03, -0.30
Gyro: -7.13, 20.68, 13.80
Accel: -0.96, -0.06, -0.40
Gyro: -9.61, 13.97, 9.16
Accel: -1.08, -0.01, -0.59
Gyro: -13.63, 30.65, 6.74
Accel: -1.13, 0.01, -0.57
Gyro: -5.62, 55.89, 4.52
Accel: -1.11, 0.02, -0.62
Gyro: -6.48, 80.28, 4.64
Accel: -1.05, 0.04, -0.62
Gyro: -11.36, 105.03, 7.26
Accel: -0.94, 0.05, -0.45
Gyro: -5.25, 112.39, 10.09
Accel: -0.89, 0.04, -0.56
Gyro: -3.94, 115.26, 10.94
Accel: -0.83, 0.03, -0.63
Gyro: -7.88, 124.64, 13.67
Accel: -0.75, 0.07, -0.61
Gyro: -2.90, 127.61, 13.14
Accel: -0.62, 0.04, -0.58
Gyro: 0.24, 126.40, 14.05
Accel: -0.53, 0.02, -0.58
Gyro: 2.02, 112.48, 12.08
Accel: -0.45, 0.04, -0.62
Gyro: -1.66, 96.57, 10.50
Accel: -0.41, 0.05, -0.67
Gyro: 3.23, 79.86, 9.95
Accel: -0.37, 0.04, -0.68
Gyro: 5.01, 65.40, 8.62
Accel: -0.33, 0.04, -0.72
Gyro: 5.92, 49.45, 6.79
Accel: -0.32, 0.04, -0.80
Gyro: 5.61, 35.68, 5.67
Accel: -0.33, 0.04, -0.82
Gyro: 3.34, 28.33, 5.29
Accel: -0.31, 0.03, -0.80
Gyro: 5.74, 20.94, 4.52
Accel: -0.32, 0.03, -0.85
Gyro: 4.91, 13.13, 2.98
Accel: -0.32, 0.02, -0.89
Gyro: 1.72, 9.81, 2.09
Accel: -0.33, 0.02, -0.87
Gyro: 2.85, 6.23, 1.41
Accel: -0.33, 0.02, -0.87
Gyro: 1.40, 3.53, 0.53
Accel: -0.33, 0.03, -0.87
Gyro: 0.05, -0.69, -0.41
Accel: -0.36, 0.04, -0.92
Gyro: 0.81, -3.06, -0.92
Accel: -0.36, 0.04, -0.94
Gyro: -1.41, 1.92, -0.08
Accel: -0.35, 0.04, -0.89
Gyro: 0.07, 3.71, 0.21
Accel: -0.33, 0.02, -0.87
Gyro: 1.38, -0.04, 0.45
Accel: -0.35, 0.03, -0.89
Gyro: -1.46, -4.63, 0.37
Accel: -0.37, 0.03, -0.94
Gyro: -4.49, -2.67, 0.00
Accel: -0.36, 0.03, -0.90
Gyro: -2.62, -0.50, -0.68
Accel: -0.35, 0.04, -0.89
Gyro: -1.07, -1.02, -1.36
Accel: -0.36, 0.03, -0.91
Gyro: -2.98, -1.66, -1.54
Accel: -0.36, 0.04, -0.91
Gyro: -4.06, -1.87, -1.94
Accel: -0.37, 0.04, -0.90
Gyro: -3.84, -1.53, -1.67
Accel: -0.37, 0.04, -0.89
Gyro: -3.09, -1.66, -1.67
Accel: -0.37, 0.04, -0.90
Gyro: -1.86, -1.63, -1.59
Accel: -0.37, 0.05, -0.90
Gyro: -1.71, -1.82, -1.05
Accel: -0.38, 0.04, -0.90
Gyro: -1.94, -1.75, -0.45
Accel: -0.38, 0.03, -0.90
Gyro: -0.73, -1.78, 0.23
Accel: -0.37, 0.03, -0.91
Gyro: -3.55, -0.65, -0.08
Accel: -0.37, 0.03, -0.91
Gyro: -4.18, -0.14, -1.17
Accel: -0.37, 0.03, -0.91
Gyro: -3.11, -0.21, -1.65
Accel: -0.37, 0.04, -0.90
Gyro: -2.15, 0.21, -1.85
Accel: -0.37, 0.04, -0.90
Gyro: -2.46, 0.74, -2.04
Accel: -0.37, 0.04, -0.90
Gyro: -1.89, 0.03, -1.65
Accel: -0.36, 0.04, -0.90
Gyro: -2.13, -0.43, -1.09
Accel: -0.36, 0.05, -0.90
Gyro: -2.56, -0.19, -0.43
Accel: -0.36, 0.04, -0.89
Gyro: -2.60, -1.03, 0.31
Accel: -0.36, 0.04, -0.89
Gyro: -2.54, -2.08, 0.40
Accel: -0.37, 0.04, -0.91
Gyro: -2.91, -1.55, 0.37
Accel: -0.37, 0.04, -0.90
Gyro: -3.21, -0.53, -0.31
Accel: -0.37, 0.05, -0.91
Gyro: -2.56, -0.79, -1.14
Accel: -0.37, 0.04, -0.91
Gyro: -2.31, -0.12, -0.98
Accel: -0.36, 0.04, -0.90
Gyro: -2.75, 0.49, -0.87
Accel: -0.36, 0.05, -0.90
Gyro: -2.66, 0.42, -1.12
Accel: -0.36, 0.05, -0.90
Gyro: -1.87, -0.59, -0.92
Accel: -0.38, 0.04, -0.90
Gyro: -2.36, -0.50, -0.69
Accel: -0.36, 0.05, -0.91
Gyro: -2.20, 0.62, -1.04
Accel: -0.35, 0.05, -0.90
Gyro: -1.74, 0.56, -1.12
Accel: -0.35, 0.04, -0.89
Gyro: -0.47, -1.03, -1.17
Accel: -0.36, 0.04, -0.90
Gyro: -2.27, -1.70, -0.95
Accel: -0.37, 0.04, -0.90
Gyro: -2.57, -2.01, -1.24
Accel: -0.37, 0.04, -0.91
Gyro: -2.23, -1.63, -0.81
Accel: -0.37, 0.04, -0.91
Gyro: -2.66, -1.59, -1.09
Accel: -0.37, 0.05, -0.91
Gyro: -3.01, -0.96, -1.21
Accel: -0.37, 0.04, -0.90
Gyro: -2.87, -1.23, -1.42
Accel: -0.37, 0.04, -0.90
Gyro: -3.45, -1.43, -2.01
Accel: -0.37, 0.05, -0.91
Gyro: -2.01, -1.02, -2.01
Accel: -0.36, 0.04, -0.90
Gyro: -2.13, -0.27, -2.07
