Accel: -0.12, 0.06, -0.97
Gyro: -2.43, -1.12, -0.66
Accel: -0.12, 0.05, -0.97
Gyro: -2.78, 0.18, -1.05
Accel: -0.12, 0.06, -0.97
Gyro: -1.12, -0.14, -0.92
Accel: -0.12, 0.05, -0.97
Gyro: -2.10, 0.94, -0.31
Accel: -0.11, 0.06, -0.96
Gyro: -2.53, 1.13, -0.46
Accel: -0.11, 0.05, -0.94
Gyro: -1.62, 0.50, -0.90
Accel: -0.11, 0.05, -0.96
Gyro: -1.44, -0.35, -1.21
Accel: -0.11, 0.06, -0.97
Gyro: -1.72, 0.18, -0.67
Accel: -0.11, 0.04, -0.97
Gyro: -1.85, 0.53, -0.60
Accel: -0.11, 0.05, -0.96
Gyro: -2.28, -0.45, -0.41
Accel: -0.12, 0.05, -0.97
Gyro: -2.88, 0.20, -0.56
Accel: -0.11, 0.05, -0.96
Gyro: -2.33, 0.53, -1.19
Accel: -0.10, 0.05, -0.96
Gyro: -2.47, 0.48, -1.76
Accel: -0.09, 0.04, -0.95
Gyro: -3.73, 0.11, -2.44
Accel: -0.08, 0.04, -0.93
Gyro: -4.95, -2.56, -3.42
Accel: -0.05, 0.03, -0.90
Gyro: -7.15, -7.79, -4.24
Accel: -0.03, 0.05, -0.85
Gyro: -8.85, -18.20, -4.84
Accel: -0.01, 0.06, -0.81
Gyro: -9.83, -33.53, -4.80
Accel: -0.01, 0.08, -0.80
Gyro: -10.67, -52.45, -5.00
Accel: -0.05, 0.07, -0.80
Gyro: -9.71, -71.43, -4.84
Accel: -0.11, 0.08, -0.75
Gyro: -8.96, -90.55, -5.26
Accel: -0.20, 0.06, -0.76
Gyro: -5.57, -110.35, -5.52
Accel: -0.28, 0.07, -0.73
Gyro: -7.59, -123.83, -4.91
Accel: -0.36, 0.05, -0.72
Gyro: -9.76, -136.22, -3.91
Accel: -0.45, 0.03, -0.70
Gyro: -19.02, -141.98, -6.52
Accel: -0.57, 0.05, -0.74
Gyro: -22.34, -143.86, -11.22
Accel: -0.71, 0.08, -0.77
Gyro: -18.77, -139.27, -19.26
Accel: -0.76, 0.12, -0.74
Gyro: -13.50, -122.34, -22.16
Accel: -0.84, 0.09, -0.68
Gyro: -6.95, -115.34, -28.50
Accel: -0.91, 0.10, -0.77
Gyro: -14.89, -102.14, -31.27
Accel: -0.95, 0.12, -0.66
Gyro: -5.39, -86.51, -27.50
Accel: -1.03, 0.12, -0.74
Gyro: -5.04, -69.21, -21.03
Accel: -1.07, 0.14, -0.75
Gyro: -6.84, -42.86, -14.32
Accel: -1.09, 0.12, -0.71
Gyro: 2.15, -18.74, -7.06
Accel: -1.07, 0.10, -0.75
Gyro: 2.51, 8.47, 0.06
Accel: -0.99, 0.07, -0.60
Gyro: 2.77, 26.15, 2.66
Accel: -0.95, 0.05, -0.68
Gyro: -3.32, 36.19, 4.65
Accel: -0.97, 0.09, -0.70
Gyro: 0.52, 53.13, 6.82
Accel: -0.90, 0.08, -0.63
Gyro: -4.97, 68.20, 6.95
Accel: -0.91, 0.09, -0.77
Gyro: 0.17, 77.96, 8.83
Accel: -0.84, 0.09, -0.70
Gyro: -1.53, 97.00, 9.61
Accel: -0.75, 0.09, -0.60
Gyro: 5.05, 100.73, 11.67
Accel: -0.70, 0.09, -0.69
Gyro: 6.50, 97.88, 13.54
Accel: -0.63, 0.07, -0.71
Gyro: 1.51, 100.49, 14.02
Accel: -0.58, 0.08, -0.74
Gyro: 3.70, 98.34, 14.57
Accel: -0.51, 0.07, -0.75
Gyro: 4.48, 97.37, 14.75
Accel: -0.46, 0.07, -0.76
Gyro: 3.82, 91.24, 14.11
Accel: -0.43, 0.08, -0.84
Gyro: 3.83, 87.46, 11.77
Accel: -0.35, 0.07, -0.79
Gyro: 2.56, 82.98, 10.06
Accel: -0.30, 0.08, -0.82
Gyro: 6.47, 73.71, 7.79
Accel: -0.25, 0.07, -0.83
Gyro: 4.85, 66.35, 7.86
Accel: -0.24, 0.05, -0.89
Gyro: 3.27, 63.50, 7.29
Accel: -0.18, 0.05, -0.81
Gyro: 4.55, 54.86, 5.47
Accel: -0.13, 0.04, -0.83
Gyro: 3.50, 41.76, 2.91
Accel: -0.12, 0.05, -0.85
Gyro: 0.98, 29.17, 1.49
Accel: -0.11, 0.05, -0.87
Gyro: -1.78, 18.86, 1.03
Accel: -0.12, 0.06, -0.91
Gyro: -4.81, 11.34, 2.08
Accel: -0.14, 0.07, -0.95
Gyro: -7.20, 8.34, 3.20
Accel: -0.15, 0.07, -1.00
Gyro: -4.99, 7.40, 2.88
Accel: -0.19, 0.07, -1.06
Gyro: -3.75, 18.36, -0.76
Accel: -0.13, 0.08, -0.88
Gyro: 3.09, 19.84, -3.97
Accel: -0.11, 0.08, -0.89
Gyro: 4.52, 12.35, -5.87
Accel: -0.11, 0.09, -0.91
Gyro: 3.05, 5.49, -4.55
Accel: -0.11, 0.08, -0.97
Gyro: 4.26, 1.00, -1.26
Accel: -0.13, 0.06, -0.96
Gyro: 1.63, 3.02, 0.34
Accel: -0.11, 0.05, -0.93
Gyro: -1.03, 1.07, 1.57
Accel: -0.10, 0.07, -0.95
Gyro: -2.17, -3.62, 2.53
Accel: -0.12, 0.06, -0.96
Gyro: -0.05, -3.30, 1.93
Accel: -0.13, 0.02, -0.95
Gyro: -0.93, -4.31, 0.07
Accel: -0.14, 0.04, -0.99
Gyro: -6.11, -3.81, -1.99
Accel: -0.14, 0.06, -1.00
Gyro: -7.52, 0.70, -1.56
Accel: -0.13, 0.07, -0.94
Gyro: -4.14, 0.69, -0.75
Accel: -0.13, 0.07, -0.95
Gyro: -5.59, -1.81, -0.73
Accel: -0.14, 0.08, -0.98
Gyro: -6.37, -0.21, -0.69
Accel: -0.13, 0.08, -0.96
Gyro: -0.88, 1.11, -0.60
Accel: -0.12, 0.07, -0.96
Gyro: -0.56, 0.16, -0.60
Accel: -0.12, 0.07, -0.94
Gyro: 0.49, -1.25, -0.85
Accel: -0.12, 0.06, -0.96
Gyro: 1.05, -2.45, -0.69
Accel: -0.14, 0.06, -0.98
Gyro: -1.61, -1.50, -1.39
Accel: -0.13, 0.07, -0.96
Gyro: -2.90, 0.46, -1.82
Accel: -0.12, 0.06, -0.94
Gyro: -0.48, -0.85, -2.57
Accel: -0.13, 0.07, -0.96
Gyro: -0.10, -3.97, -2.23
Accel: -0.13, 0.07, -0.98
Gyro: -0.73, -3.33, -1.55
Accel: -0.13, 0.06, -0.95
Gyro: 1.59, -3.76, -0.32
Accel: -0.14, 0.05, -0.97
Gyro: 1.36, -5.50, 0.21
Accel: -0.14, 0.05, -0.98
Gyro: -0.55, -3.65, 0.51
Accel: -0.14, 0.04, -0.96
Gyro: -0.77, -1.85, 0.43
Accel: -0.15, 0.03, -0.96
Gyro: -3.07, -2.50, -0.65
Accel: -0.15, 0.04, -0.96
Gyro: -5.23, -1.86, -2.39
Accel: -0.15, 0.06, -0.97
Gyro: -3.97, -1.02, -3.58
Accel: -0.15, 0.06, -0.97
Gyro: -4.36, 1.27, -3.71
Accel: -0.14, 0.07, -0.96
Gyro: -3.91, 0.13, -3.34
Accel: -0.14, 0.08, -0.96
Gyro: -2.94, -0.13, -1.57
Accel: -0.14, 0.08, -0.95
Gyro: -1.72, -0.94, 0.11
Accel: -0.14, 0.07, -0.97
Gyro: -2.16, -0.85, 1.36
Accel: -0.15, 0.05, -0.96
Gyro: -2.55, 0.08, 0.82
Accel: -0.14, 0.05, -0.97
Gyro: -2.30, 0.13, -0.04
Accel: -0.14, 0.07, -0.96
Gyro: -1.41, 0.57, -1.19
Accel: -0.14, 0.06, -0.95
Gyro: -0.63, -0.18, -1.01
Accel: -0.14, 0.07, -0.96
Gyro: -2.01, -0.97, -1.24
Accel: -0.14, 0.07, -0.96
Gyro: -2.12, -1.37, -0.71
