Accel: -0.35, 0.05, -0.91
Gyro: -1.77, -1.43, -0.60
Accel: -0.35, 0.04, -0.89
Gyro: -1.23, -1.93, -1.05
Accel: -0.37, 0.05, -0.92
Gyro: -0.68, -2.34, -0.71
Accel: -0.36, 0.04, -0.92
Gyro: -2.12, -0.47, -0.08
Accel: -0.35, 0.04, -0.89
Gyro: -1.17, -0.60, -0.55
Accel: -0.36, 0.04, -0.90
Gyro: -1.86, -1.33, -0.68
Accel: -0.36, 0.04, -0.91
Gyro: -3.07, -1.02, -1.01
Accel: -0.37, 0.04, -0.92
Gyro: -3.04, -0.15, -1.10
Accel: -0.36, 0.04, -0.89
Gyro: -2.51, -0.81, -1.40
Accel: -0.36, 0.05, -0.91
Gyro: -2.81, -0.09, -1.14
Accel: -0.36, 0.05, -0.92
Gyro: -1.90, 0.63, -1.14
Accel: -0.35, 0.05, -0.91
Gyro: -1.73, 1.19, -0.63
Accel: -0.33, 0.04, -0.89
Gyro: -1.89, 0.95, -0.70
Accel: -0.32, 0.03, -0.88
Gyro: -2.01, -1.17, -1.01
Accel: -0.32, 0.03, -0.87
Gyro: -2.66, -5.04, -2.01
Accel: -0.31, 0.04, -0.87
Gyro: -4.12, -9.82, -2.82
Accel: -0.30, 0.02, -0.87
Gyro: -5.07, -13.94, -3.14
Accel: -0.27, 0.01, -0.82
Gyro: -9.44, -20.21, -4.88
Accel: -0.23, 0.03, -0.73
Gyro: -10.55, -35.40, -6.12
Accel: -0.20, 0.03, -0.65
Gyro: -10.73, -58.46, -7.69
Accel: -0.24, 0.05, -0.62
Gyro: -12.02, -85.59, -8.16
Accel: -0.30, 0.06, -0.57
Gyro: -11.82, -110.92, -7.17
Accel: -0.38, 0.03, -0.48
Gyro: -10.93, -137.66, -5.33
Accel: -0.51, 0.00, -0.47
Gyro: -14.92, -162.77, -5.78
Accel: -0.63, 0.00, -0.49
Gyro: -20.21, -174.51, -9.83
Accel: -0.79, 0.00, -0.46
Gyro: -19.02, -179.68, -17.80
Accel: -0.97, 0.01, -0.53
Gyro: -20.07, -176.70, -25.54
Accel: -1.11, 0.04, -0.63
Gyro: -15.02, -155.61, -32.94
Accel: -1.21, 0.11, -0.56
Gyro: -12.53, -124.69, -38.73
Accel: -1.32, 0.17, -0.54
Gyro: 9.07, -102.28, -34.33
Accel: -1.39, 0.14, -0.76
Gyro: 17.53, -58.39, -20.84
Accel: -1.23, 0.12, -0.48
Gyro: -1.85, -15.09, -6.42
Accel: -1.16, 0.07, -0.30
Gyro: 9.16, -9.03, 6.25
Accel: -1.15, -0.01, -0.52
Gyro: 0.26, 11.25, 12.92
Accel: -1.05, -0.00, -0.28
Gyro: -3.80, 25.73, 11.54
Accel: -1.04, -0.00, -0.30
Gyro: -4.67, 24.43, 5.68
Accel: -1.09, 0.02, -0.48
Gyro: -5.57, 34.72, 0.92
Accel: -1.07, 0.06, -0.45
Gyro: -3.16, 56.82, -0.14
Accel: -1.04, 0.05, -0.41
Gyro: 6.96, 64.87, 0.86
Accel: -1.06, 0.06, -0.55
Gyro: 1.64, 78.74, 5.21
Accel: -1.01, 0.05, -0.50
Gyro: 0.50, 96.24, 8.38
Accel: -0.94, 0.02, -0.49
Gyro: 7.51, 103.42, 9.92
Accel: -0.96, 0.07, -0.58
Gyro: 4.75, 112.07, 9.70
Accel: -0.82, 0.06, -0.56
Gyro: 2.63, 123.11, 9.11
Accel: -0.80, 0.05, -0.57
Gyro: 8.46, 121.82, 10.11
Accel: -0.70, 0.03, -0.60
Gyro: 5.27, 120.64, 10.76
Accel: -0.62, 0.02, -0.62
Gyro: 1.75, 116.55, 9.52
Accel: -0.52, 0.04, -0.59
Gyro: -3.21, 102.65, 10.04
Accel: -0.48, 0.04, -0.66
Gyro: 3.34, 91.26, 9.77
Accel: -0.43, 0.01, -0.69
Gyro: 5.63, 79.51, 7.61
Accel: -0.40, -0.00, -0.76
Gyro: 1.60, 70.31, 5.83
Accel: -0.38, 0.02, -0.79
Gyro: -0.24, 57.95, 2.50
Accel: -0.41, 0.05, -0.92
Gyro: -1.46, 56.79, 1.35
Accel: -0.32, 0.04, -0.77
Gyro: -2.22, 54.89, 0.89
Accel: -0.29, 0.03, -0.79
Gyro: 3.36, 42.56, -1.08
Accel: -0.29, 0.02, -0.87
Gyro: -0.49, 35.87, -0.89
Accel: -0.25, 0.03, -0.85
Gyro: -3.50, 29.19, -2.43
Accel: -0.24, 0.03, -0.86
Gyro: -2.20, 20.00, -3.74
Accel: -0.28, 0.04, -0.96
Gyro: -2.45, 18.81, -3.76
Accel: -0.25, 0.05, -0.91
Gyro: -3.68, 21.04, -4.06
Accel: -0.22, 0.04, -0.89
Gyro: -0.24, 16.56, -4.14
Accel: -0.23, 0.04, -0.92
Gyro: -2.29, 12.24, -2.45
Accel: -0.23, 0.04, -0.92
Gyro: -5.75, 9.97, -1.75
Accel: -0.23, 0.05, -0.92
Gyro: -5.25, 7.29, -1.64
Accel: -0.24, 0.04, -0.98
Gyro: -4.87, 7.87, -1.16
Accel: -0.23, 0.04, -0.93
Gyro: -6.36, 9.04, -2.04
Accel: -0.23, 0.04, -0.92
Gyro: -5.62, 6.37, -3.78
Accel: -0.26, 0.04, -0.97
Gyro: -6.20, 8.86, -4.45
Accel: -0.24, 0.05, -0.96
Gyro: -7.62, 12.64, -5.23
Accel: -0.22, 0.07, -0.94
Gyro: -6.71, 13.05, -5.60
Accel: -0.20, 0.08, -0.91
Gyro: -5.90, 9.49, -5.69
Accel: -0.19, 0.09, -0.92
Gyro: -3.09, 5.74, -4.44
Accel: -0.19, 0.08, -0.92
Gyro: -1.01, 3.67, -2.87
Accel: -0.18, 0.07, -0.94
Gyro: 0.25, 1.01, -2.20
Accel: -0.20, 0.07, -0.93
Gyro: 0.79, 0.06, -0.56
Accel: -0.22, 0.05, -0.94
Gyro: 1.11, -1.55, 1.44
Accel: -0.22, 0.05, -0.97
Gyro: -1.52, -0.02, 1.28
Accel: -0.22, 0.04, -0.93
Gyro: -2.44, 0.66, 1.18
Accel: -0.21, 0.05, -0.92
Gyro: -1.21, -2.12, 0.46
Accel: -0.22, 0.05, -0.99
Gyro: -4.53, 1.37, 0.66
Accel: -0.20, 0.06, -0.97
Gyro: -4.05, 5.74, 1.05
Accel: -0.18, 0.07, -0.92
Gyro: -0.72, 3.78, 1.98
Accel: -0.18, 0.06, -0.94
Gyro: -1.32, 0.18, 2.82
Accel: -0.18, 0.05, -0.96
Gyro: -0.78, -1.18, 2.81
Accel: -0.18, 0.03, -0.95
Gyro: -2.18, -0.28, 1.87
Accel: -0.19, 0.04, -0.93
Gyro: -3.83, -1.70, -0.02
Accel: -0.19, 0.05, -0.95
Gyro: -3.07, -3.30, -1.82
Accel: -0.19, 0.06, -0.98
Gyro: -2.14, -1.32, -2.33
Accel: -0.19, 0.06, -0.96
Gyro: -3.22, 0.32, -1.72
Accel: -0.19, 0.05, -0.92
Gyro: -2.48, -1.85, -1.82
Accel: -0.20, 0.05, -0.94
Gyro: -0.90, -5.76, -1.12
Accel: -0.22, 0.05, -0.97
Gyro: -4.55, -3.53, -0.79
Accel: -0.20, 0.05, -0.93
Gyro: -5.11, -1.85, -0.93
Accel: -0.22, 0.06, -0.94
Gyro: -3.57, -4.09, -1.42
Accel: -0.23, 0.07, -0.97
Gyro: -3.23, -3.07, -1.02
Accel: -0.22, 0.06, -0.95
Gyro: -1.89, -1.84, -0.26
Accel: -0.21, 0.07, -0.93
Gyro: -1.66, -1.71, -0.49
Accel: -0.22, 0.07, -0.96
Gyro: -1.25, -2.82, -0.50
Accel: -0.22, 0.06, -0.96
Gyro: -1.27, -0.90, -0.47
Accel: -0.22, 0.07, -0.95
Gyro: -1.19, 0.49, -0.41
Accel: -0.22, 0.06, -0.93
Gyro: -0.56, 0.16, -0.48
