Accel: -0.16, 0.06, -0.96
Gyro: -0.98, 0.43, -1.07
Accel: -0.16, 0.05, -0.95
Gyro: -1.95, -0.95, -1.08
Accel: -0.16, 0.07, -0.96
Gyro: -2.95, -1.75, -0.51
Accel: -0.16, 0.07, -0.96
Gyro: -0.93, -1.59, 0.63
Accel: -0.17, 0.05, -0.94
Gyro: 1.01, -2.53, 1.16
Accel: -0.17, 0.04, -0.96
Gyro: -0.46, -2.25, 0.93
Accel: -0.17, 0.03, -0.97
Gyro: -2.65, -1.48, -0.39
Accel: -0.17, 0.04, -0.97
Gyro: -2.51, -0.66, -1.75
Accel: -0.17, 0.05, -0.97
Gyro: -3.49, 0.21, -2.04
Accel: -0.17, 0.06, -0.95
Gyro: -2.61, -0.03, -1.85
Accel: -0.18, 0.06, -0.98
Gyro: -2.08, 1.32, -0.75
Accel: -0.20, 0.05, -1.00
Gyro: -2.52, 5.41, 0.48
Accel: -0.18, 0.04, -0.99
Gyro: -2.38, 9.80, 0.26
Accel: -0.16, 0.03, -0.97
Gyro: -3.06, 13.35, -1.24
Accel: -0.13, 0.01, -0.96
Gyro: -5.65, 14.11, -3.88
Accel: -0.11, 0.02, -0.94
Gyro: -8.26, 11.91, -7.39
Accel: -0.09, 0.03, -0.92
Gyro: -9.80, 8.44, -9.73
Accel: -0.07, 0.05, -0.88
Gyro: -10.33, 1.85, -11.27
Accel: -0.06, 0.08, -0.85
Gyro: -9.00, -9.98, -11.22
Accel: -0.06, 0.08, -0.89
Gyro: -7.97, -21.20, -8.84
Accel: -0.05, 0.07, -0.88
Gyro: -11.25, -28.87, -6.03
Accel: -0.04, 0.07, -0.79
Gyro: -11.81, -42.48, -4.57
Accel: -0.04, 0.07, -0.73
Gyro: -11.50, -65.02, -5.46
Accel: -0.08, 0.08, -0.73
Gyro: -9.51, -88.52, -8.75
Accel: -0.15, 0.08, -0.72
Gyro: -6.36, -109.29, -12.18
Accel: -0.25, 0.09, -0.74
Gyro: -6.98, -125.47, -13.61
Accel: -0.32, 0.08, -0.71
Gyro: -5.83, -137.53, -12.72
Accel: -0.41, 0.09, -0.68
Gyro: -5.43, -147.57, -10.60
Accel: -0.52, 0.07, -0.59
Gyro: -8.27, -155.03, -10.57
Accel: -0.65, 0.03, -0.62
Gyro: 0.18, -162.62, -12.56
Accel: -0.81, 0.08, -0.77
Gyro: -0.92, -151.44, -13.14
Accel: -0.89, 0.04, -0.74
Gyro: -7.87, -137.72, -19.09
Accel: -0.91, 0.06, -0.64
Gyro: -4.67, -119.78, -22.32
Accel: -0.92, 0.03, -0.56
Gyro: -0.17, -107.97, -24.18
Accel: -0.98, 0.01, -0.46
Gyro: -15.52, -103.32, -24.57
Accel: -1.15, 0.03, -0.59
Gyro: -12.61, -95.29, -14.60
Accel: -1.23, 0.06, -0.69
Gyro: -28.40, -60.15, 4.11
Accel: -1.26, 0.11, -0.62
Gyro: -40.89, -27.92, 10.66
Accel: -1.23, 0.13, -0.53
Gyro: -17.62, -0.81, 2.12
Accel: -1.15, 0.15, -0.44
Gyro: -2.84, 19.19, -5.71
Accel: -1.12, 0.19, -0.50
Gyro: -11.36, 30.83, -2.67
Accel: -1.12, 0.16, -0.60
Gyro: 16.63, 51.62, 2.66
Accel: -1.07, 0.10, -0.53
Gyro: 6.38, 74.61, 11.32
Accel: -1.00, 0.10, -0.54
Gyro: 12.37, 85.72, 13.08
Accel: -0.95, 0.10, -0.57
Gyro: 11.41, 102.81, 10.89
Accel: -0.86, 0.07, -0.48
Gyro: 17.83, 106.86, 12.20
Accel: -0.82, 0.09, -0.54
Gyro: 17.34, 103.32, 10.03
Accel: -0.76, 0.10, -0.61
Gyro: 11.80, 105.44, 10.14
Accel: -0.65, 0.09, -0.57
Gyro: 16.93, 104.43, 11.31
Accel: -0.62, 0.05, -0.63
Gyro: 21.29, 94.28, 12.57
Accel: -0.57, 0.03, -0.68
Gyro: 10.26, 90.32, 12.19
Accel: -0.51, 0.03, -0.68
Gyro: 5.02, 81.30, 10.83
Accel: -0.53, 0.04, -0.79
Gyro: 8.95, 73.62, 9.06
Accel: -0.47, 0.04, -0.81
Gyro: 3.25, 77.48, 7.19
Accel: -0.39, 0.04, -0.73
Gyro: 3.33, 67.42, 5.68
Accel: -0.37, 0.05, -0.82
Gyro: 0.52, 59.39, 4.74
Accel: -0.34, 0.06, -0.84
Gyro: -2.49, 53.89, 3.83
Accel: -0.32, 0.06, -0.79
Gyro: 2.59, 45.00, 3.71
Accel: -0.32, 0.04, -0.93
Gyro: 2.62, 42.11, 3.67
Accel: -0.28, 0.05, -0.88
Gyro: -2.45, 43.23, 3.12
Accel: -0.27, 0.05, -0.90
Gyro: 0.57, 38.31, 1.85
Accel: -0.28, 0.05, -0.95
Gyro: -1.09, 40.90, 1.87
Accel: -0.22, 0.05, -0.88
Gyro: -0.14, 37.94, 1.17
Accel: -0.18, 0.06, -0.86
Gyro: 2.02, 30.03, 0.52
Accel: -0.19, 0.05, -0.90
Gyro: 1.61, 22.81, 0.74
Accel: -0.18, 0.04, -0.94
Gyro: -1.08, 20.09, 0.65
Accel: -0.18, 0.04, -0.94
Gyro: -1.93, 19.33, 0.56
Accel: -0.17, 0.05, -0.92
Gyro: -0.78, 17.81, 0.34
Accel: -0.17, 0.05, -0.94
Gyro: -0.88, 16.14, 0.22
Accel: -0.16, 0.05, -0.95
Gyro: -0.53, 14.50, 0.07
Accel: -0.14, 0.04, -0.95
Gyro: -1.03, 13.69, -0.65
Accel: -0.13, 0.04, -0.93
Gyro: -1.36, 11.01, -0.81
Accel: -0.12, 0.04, -0.92
Gyro: -1.49, 6.45, -0.83
Accel: -0.13, 0.05, -0.94
Gyro: -3.17, 2.87, -0.67
Accel: -0.14, 0.04, -0.93
Gyro: -3.00, 0.11, -0.69
Accel: -0.14, 0.05, -0.96
Gyro: -3.20, -0.81, -0.97
Accel: -0.14, 0.05, -0.97
Gyro: -3.59, -0.63, -1.37
Accel: -0.14, 0.05, -0.94
Gyro: -2.45, -1.09, -2.01
Accel: -0.15, 0.05, -0.95
Gyro: -1.43, -3.14, -1.63
Accel: -0.16, 0.05, -0.98
Gyro: -2.62, -3.59, -1.73
Accel: -0.16, 0.05, -0.98
Gyro: -3.64, -1.40, -0.98
Accel: -0.16, 0.05, -0.94
Gyro: -2.99, -0.85, -1.61
Accel: -0.16, 0.05, -0.96
Gyro: -1.34, -2.76, -1.50
Accel: -0.17, 0.06, -0.99
Gyro: -2.30, -0.75, -0.86
Accel: -0.16, 0.05, -0.96
Gyro: -1.98, 1.55, -0.34
Accel: -0.16, 0.05, -0.95
Gyro: -1.52, 1.34, -0.31
Accel: -0.16, 0.05, -0.96
Gyro: -1.84, 0.05, -0.42
Accel: -0.16, 0.04, -0.96
Gyro: -3.10, -0.13, -0.86
Accel: -0.15, 0.05, -0.95
Gyro: -3.59, -1.24, -1.22
Accel: -0.15, 0.06, -0.96
Gyro: -3.45, -2.47, -1.69
Accel: -0.15, 0.06, -0.96
Gyro: -3.06, -2.21, -1.39
Accel: -0.15, 0.06, -0.95
Gyro: -2.45, -3.11, -1.17
Accel: -0.17, 0.07, -0.97
Gyro: -2.63, -3.52, -0.57
Accel: -0.17, 0.06, -0.98
Gyro: -2.24, -1.63, 0.07
Accel: -0.16, 0.06, -0.98
Gyro: -1.75, 0.36, 0.05
Accel: -0.16, 0.05, -0.97
Gyro: -2.26, 1.23, -0.77
Accel: -0.15, 0.06, -0.94
Gyro: -0.75, 0.53, -0.89
Accel: -0.16, 0.05, -0.95
Gyro: -2.10, -0.34, -1.05
Accel: -0.16, 0.05, -0.96
Gyro: -2.98, -1.56, -0.89
Accel: -0.16, 0.05, -0.96
Gyro: -2.56, -1.04, -0.24
Accel: -0.16, 0.05, -0.96
Gyro: -2.69, -0.31, -0.53
