Accel: -0.20, 0.06, -0.95
Gyro: -2.15, 0.41, -0.43
Accel: -0.21, 0.05, -0.94
Gyro: -1.79, -0.02, -0.74
Accel: -0.20, 0.05, -0.97
Gyro: -1.69, 0.14, -1.04
Accel: -0.21, 0.05, -0.95
Gyro: -2.43, 0.63, -1.20
Accel: -0.20, 0.05, -0.93
Gyro: -2.01, -0.08, -1.41
Accel: -0.21, 0.05, -0.96
Gyro: -2.04, 0.13, -0.57
Accel: -0.21, 0.05, -0.95
Gyro: -1.55, 1.32, -0.33
Accel: -0.19, 0.05, -0.93
Gyro: -2.29, 0.50, -0.58
Accel: -0.21, 0.05, -0.94
Gyro: -3.03, -1.89, -0.89
Accel: -0.20, 0.05, -0.96
Gyro: -3.56, -1.02, -1.64
Accel: -0.19, 0.05, -0.95
Gyro: -2.43, -0.93, -2.16
Accel: -0.19, 0.04, -0.93
Gyro: -2.54, -2.05, -2.19
Accel: -0.15, 0.04, -0.89
Gyro: -5.78, -5.68, -1.46
Accel: -0.13, 0.04, -0.88
Gyro: -7.03, -16.01, -1.30
Accel: -0.12, 0.02, -0.88
Gyro: -10.75, -23.17, -2.59
Accel: -0.11, 0.03, -0.83
Gyro: -11.80, -33.83, -5.44
Accel: -0.12, 0.04, -0.82
Gyro: -11.86, -46.92, -8.87
Accel: -0.15, 0.05, -0.81
Gyro: -10.30, -61.05, -10.45
Accel: -0.19, 0.05, -0.79
Gyro: -9.37, -75.58, -10.39
Accel: -0.24, 0.06, -0.70
Gyro: -11.32, -93.50, -10.80
Accel: -0.31, 0.07, -0.69
Gyro: -11.79, -112.37, -11.54
Accel: -0.38, 0.07, -0.67
Gyro: -12.22, -125.07, -12.80
Accel: -0.47, 0.06, -0.58
Gyro: -10.57, -138.69, -14.66
Accel: -0.61, 0.03, -0.55
Gyro: -9.60, -155.35, -17.44
Accel: -0.75, 0.05, -0.78
Gyro: -9.51, -149.86, -22.03
Accel: -0.79, 0.05, -0.74
Gyro: -14.66, -132.10, -29.40
Accel: -0.81, 0.09, -0.52
Gyro: -9.45, -122.72, -30.01
Accel: -0.93, 0.10, -0.54
Gyro: 4.56, -127.11, -27.69
Accel: -1.00, 0.10, -0.68
Gyro: -1.65, -108.29, -24.19
Accel: -1.02, 0.11, -0.47
Gyro: 1.76, -92.20, -18.58
Accel: -1.09, 0.09, -0.49
Gyro: 11.98, -85.06, -9.01
Accel: -1.17, 0.07, -0.60
Gyro: 7.03, -63.78, -2.83
Accel: -1.20, 0.05, -0.55
Gyro: 11.52, -39.01, 1.32
Accel: -1.19, 0.01, -0.61
Gyro: 5.76, -7.74, 3.38
Accel: -1.09, -0.00, -0.43
Gyro: 2.79, 7.59, 2.73
Accel: -1.08, -0.01, -0.45
Gyro: -2.58, 22.04, 3.30
Accel: -1.04, 0.01, -0.42
Gyro: -4.33, 33.52, 2.43
Accel: -1.05, 0.03, -0.45
Gyro: -2.75, 41.96, 1.11
Accel: -1.03, 0.03, -0.49
Gyro: -4.88, 55.85, 1.17
Accel: -1.05, 0.05, -0.58
Gyro: -4.27, 73.23, 1.70
Accel: -1.00, 0.05, -0.50
Gyro: -6.25, 90.00, 4.36
Accel: -0.95, 0.05, -0.47
Gyro: -2.95, 93.67, 6.90
Accel: -0.93, 0.03, -0.57
Gyro: -4.95, 101.52, 9.80
Accel: -0.86, 0.06, -0.57
Gyro: -2.29, 109.95, 10.67
Accel: -0.77, 0.07, -0.57
Gyro: 1.52, 110.61, 10.83
Accel: -0.70, 0.05, -0.59
Gyro: 5.00, 107.07, 11.30
Accel: -0.62, 0.05, -0.65
Gyro: 3.71, 102.42, 9.60
Accel: -0.55, 0.06, -0.64
Gyro: 5.91, 95.82, 10.38
Accel: -0.48, 0.03, -0.67
Gyro: 11.60, 86.36, 9.84
Accel: -0.47, 0.03, -0.76
Gyro: 9.16, 77.03, 6.42
Accel: -0.49, 0.03, -0.82
Gyro: 7.71, 75.29, 4.22
Accel: -0.42, 0.02, -0.79
Gyro: 8.13, 72.56, 3.95
Accel: -0.37, 0.02, -0.80
Gyro: 5.52, 64.51, 2.60
Accel: -0.38, 0.04, -0.90
Gyro: 2.77, 59.72, 3.56
Accel: -0.33, 0.03, -0.86
Gyro: -1.11, 59.85, 5.05
Accel: -0.26, 0.01, -0.84
Gyro: 3.17, 54.73, 4.02
Accel: -0.25, 0.03, -0.88
Gyro: 1.78, 49.19, 2.85
Accel: -0.22, 0.02, -0.90
Gyro: 0.14, 44.27, 2.46
Accel: -0.20, 0.02, -0.90
Gyro: 1.08, 39.14, 1.57
Accel: -0.17, 0.02, -0.90
Gyro: 2.30, 34.39, 1.34
Accel: -0.15, 0.02, -0.90
Gyro: 2.20, 29.07, 0.60
Accel: -0.13, 0.03, -0.91
Gyro: 1.99, 23.26, 0.04
Accel: -0.13, 0.03, -0.93
Gyro: 3.10, 19.39, -1.09
Accel: -0.13, 0.03, -0.93
Gyro: 6.45, 16.13, -1.65
Accel: -0.14, -0.00, -0.95
Gyro: 6.93, 13.89, -0.67
Accel: -0.13, -0.01, -0.95
Gyro: 2.98, 12.63, 0.56
Accel: -0.13, -0.01, -0.96
Gyro: 0.01, 11.38, 1.37
Accel: -0.13, -0.00, -0.95
Gyro: -2.22, 10.58, 2.11
Accel: -0.12, -0.00, -0.94
Gyro: -3.28, 8.46, 2.81
Accel: -0.11, -0.00, -0.95
Gyro: -5.49, 6.90, 2.26
Accel: -0.11, -0.00, -0.96
Gyro: -6.11, 5.85, 1.61
Accel: -0.11, -0.00, -0.95
Gyro: -5.82, 4.95, 0.77
Accel: -0.11, 0.01, -0.97
Gyro: -6.30, 4.02, -0.43
Accel: -0.11, 0.01, -0.95
Gyro: -6.65, 2.38, -1.88
Accel: -0.10, 0.02, -0.96
Gyro: -5.63, 1.44, -2.78
Accel: -0.11, 0.03, -0.97
Gyro: -4.51, 0.35, -2.90
Accel: -0.11, 0.04, -0.95
Gyro: -4.52, -1.40, -1.90
Accel: -0.12, 0.03, -0.96
Gyro: -4.47, -1.95, -0.75
Accel: -0.12, 0.03, -0.98
Gyro: -4.10, -2.78, -0.76
Accel: -0.13, 0.02, -0.98
Gyro: -5.16, -0.66, -1.47
Accel: -0.13, 0.02, -0.97
Gyro: -5.48, 1.16, -2.38
Accel: -0.12, 0.03, -0.96
Gyro: -3.88, 1.51, -3.61
Accel: -0.12, 0.04, -0.97
Gyro: -3.10, 1.35, -3.92
Accel: -0.11, 0.04, -0.95
Gyro: -2.26, 0.66, -3.27
Accel: -0.11, 0.04, -0.97
Gyro: -2.21, 0.06, -1.80
Accel: -0.12, 0.04, -0.97
Gyro: -1.91, -0.85, -0.47
Accel: -0.11, 0.03, -0.96
Gyro: -2.04, -1.36, -0.04
Accel: -0.11, 0.03, -0.97
Gyro: -2.53, -1.75, 0.31
Accel: -0.12, 0.02, -0.96
Gyro: -2.44, -1.56, 0.16
Accel: -0.11, 0.02, -0.95
Gyro: -2.44, -2.40, -0.19
Accel: -0.11, 0.02, -0.97
Gyro: -3.07, -2.66, -1.02
Accel: -0.12, 0.03, -0.97
Gyro: -2.78, -3.04, -1.49
Accel: -0.12, 0.03, -0.96
Gyro: -3.07, -3.30, -1.34
Accel: -0.13, 0.03, -0.97
Gyro: -3.24, -3.37, -1.61
Accel: -0.12, 0.04, -0.96
Gyro: -2.55, -3.36, -1.24
Accel: -0.13, 0.04, -0.97
Gyro: -2.12, -3.54, -0.72
Accel: -0.12, 0.03, -0.96
Gyro: -2.01, -3.68, -0.63
Accel: -0.13, 0.04, -0.96
Gyro: -1.30, -4.13, -0.35
Accel: -0.14, 0.03, -0.97
Gyro: -1.92, -3.84, -0.08
Accel: -0.13, 0.03, -0.97
Gyro: -1.38, -2.89, -0.79
Accel: -0.14, 0.03, -0.97
Gyro: -1.17, -2.75, -0.79
