Accel: -0.18, 0.06, -0.95
Gyro: -2.94, -0.68, -1.77
Accel: -0.18, 0.06, -0.96
Gyro: -3.00, 0.05, -0.92
Accel: -0.19, 0.06, -0.95
Gyro: -1.06, -0.80, -0.58
Accel: -0.19, 0.05, -0.95
Gyro: -1.90, -1.49, -0.40
Accel: -0.19, 0.06, -0.95
Gyro: -2.74, -2.55, -0.52
Accel: -0.20, 0.05, -0.94
Gyro: -2.58, -2.27, -0.40
Accel: -0.20, 0.05, -0.97
Gyro: -3.03, -0.87, -0.50
Accel: -0.19, 0.05, -0.94
Gyro: -3.04, 0.02, -1.09
Accel: -0.20, 0.06, -0.96
Gyro: -2.96, -0.27, -1.56
Accel: -0.19, 0.06, -0.95
Gyro: -3.51, 0.50, -2.05
Accel: -0.19, 0.05, -0.96
Gyro: -2.32, 1.46, -1.56
Accel: -0.17, 0.05, -0.94
Gyro: -3.11, 1.30, -1.75
Accel: -0.14, 0.03, -0.89
Gyro: -6.07, -2.59, -2.23
Accel: -0.11, 0.04, -0.86
Gyro: -8.72, -12.60, -3.30
Accel: -0.09, 0.04, -0.85
Gyro: -10.48, -26.30, -4.61
Accel: -0.08, 0.05, -0.82
Gyro: -13.62, -41.26, -5.66
Accel: -0.11, 0.07, -0.76
Gyro: -12.66, -59.33, -6.92
Accel: -0.15, 0.08, -0.75
Gyro: -10.38, -78.95, -7.39
Accel: -0.23, 0.07, -0.77
Gyro: -10.45, -95.31, -8.13
Accel: -0.28, 0.07, -0.71
Gyro: -9.96, -109.31, -9.20
Accel: -0.37, 0.05, -0.70
Gyro: -10.27, -122.81, -9.62
Accel: -0.47, 0.05, -0.66
Gyro: -13.35, -132.77, -12.76
Accel: -0.57, 0.03, -0.69
Gyro: -12.75, -137.95, -18.75
Accel: -0.68, 0.07, -0.74
Gyro: -9.72, -134.38, -24.57
Accel: -0.72, 0.04, -0.70
Gyro: -1.71, -121.03, -30.66
Accel: -0.82, 0.04, -0.54
Gyro: -4.36, -122.15, -33.76
Accel: -0.97, -0.07, -0.74
Gyro: 1.40, -119.25, -41.53
Accel: -1.09, 0.02, -0.92
Gyro: -10.89, -89.48, -50.42
Accel: -1.00, 0.14, -0.71
Gyro: -11.18, -48.29, -46.26
Accel: -0.96, 0.17, -0.48
Gyro: -1.28, -46.59, -25.84
Accel: -1.05, 0.14, -0.67
Gyro: -0.02, -38.28, -2.04
Accel: -1.06, 0.12, -0.62
Gyro: -5.26, -17.32, 12.19
Accel: -1.01, 0.06, -0.59
Gyro: 2.12, -0.64, 19.82
Accel: -1.00, 0.04, -0.59
Gyro: -3.63, 12.06, 21.11
Accel: -0.99, 0.06, -0.57
Gyro: 7.16, 19.91, 15.50
Accel: -1.04, 0.04, -0.70
Gyro: 12.39, 38.13, 15.47
Accel: -0.97, 0.05, -0.65
Gyro: 3.54, 61.45, 15.95
Accel: -0.93, 0.01, -0.58
Gyro: 7.76, 71.44, 16.01
Accel: -0.89, 0.05, -0.64
Gyro: 7.94, 79.12, 15.24
Accel: -0.82, 0.05, -0.62
Gyro: 7.77, 86.57, 16.29
Accel: -0.76, 0.02, -0.60
Gyro: 4.44, 86.31, 16.80
Accel: -0.72, 0.04, -0.63
Gyro: -1.26, 83.17, 15.46
Accel: -0.66, 0.07, -0.66
Gyro: 5.59, 83.92, 12.57
Accel: -0.61, 0.05, -0.68
Gyro: 7.19, 81.76, 10.89
Accel: -0.56, 0.05, -0.73
Gyro: 6.03, 78.48, 9.82
Accel: -0.51, 0.05, -0.77
Gyro: 5.73, 78.76, 8.77
Accel: -0.46, 0.05, -0.72
Gyro: 4.75, 73.61, 7.64
Accel: -0.45, 0.06, -0.76
Gyro: 6.11, 61.87, 7.23
Accel: -0.42, 0.06, -0.86
Gyro: 3.73, 58.13, 7.58
Accel: -0.41, 0.05, -0.81
Gyro: -0.40, 53.88, 6.39
Accel: -0.42, 0.05, -0.87
Gyro: 4.68, 52.84, 6.35
Accel: -0.35, 0.04, -0.82
Gyro: 2.79, 51.38, 5.58
Accel: -0.32, 0.04, -0.82
Gyro: 3.32, 43.27, 3.34
Accel: -0.33, 0.03, -0.93
Gyro: 0.98, 42.22, 2.91
Accel: -0.28, 0.04, -0.87
Gyro: -2.80, 37.98, 2.17
Accel: -0.25, 0.04, -0.86
Gyro: -0.46, 30.49, 0.82
Accel: -0.25, 0.05, -0.91
Gyro: -0.11, 25.42, -0.14
Accel: -0.24, 0.05, -0.90
Gyro: -0.34, 21.74, -1.17
Accel: -0.24, 0.05, -0.93
Gyro: 0.18, 21.64, -1.47
Accel: -0.22, 0.04, -0.92
Gyro: 0.45, 19.64, -1.75
Accel: -0.21, 0.05, -0.94
Gyro: -1.14, 17.82, -2.10
Accel: -0.20, 0.05, -0.93
Gyro: -1.47, 15.62, -2.49
Accel: -0.19, 0.05, -0.92
Gyro: -2.03, 12.73, -2.65
Accel: -0.19, 0.06, -0.94
Gyro: -1.82, 10.01, -2.21
Accel: -0.18, 0.04, -0.95
Gyro: -2.42, 9.52, -2.12
Accel: -0.17, 0.04, -0.91
Gyro: -2.48, 6.89, -2.71
Accel: -0.17, 0.04, -0.93
Gyro: -2.91, 2.85, -2.82
Accel: -0.16, 0.05, -0.94
Gyro: -3.43, 1.98, -3.54
Accel: -0.17, 0.05, -0.95
Gyro: -2.00, 1.43, -3.71
Accel: -0.17, 0.06, -0.94
Gyro: -1.35, 0.00, -3.12
Accel: -0.17, 0.06, -0.96
Gyro: -1.72, -0.66, -1.95
Accel: -0.17, 0.06, -0.95
Gyro: -0.87, -0.31, -1.44
Accel: -0.17, 0.05, -0.95
Gyro: -0.20, -0.35, -1.15
Accel: -0.18, 0.04, -0.96
Gyro: -1.18, -1.17, -0.47
Accel: -0.17, 0.04, -0.94
Gyro: -1.45, -1.63, -0.66
Accel: -0.18, 0.04, -0.95
Gyro: -0.73, -2.53, -0.74
Accel: -0.18, 0.04, -0.94
Gyro: -1.01, -3.66, -0.82
Accel: -0.19, 0.04, -0.97
Gyro: -1.07, -2.82, -0.94
Accel: -0.19, 0.04, -0.97
Gyro: -1.04, -0.69, -0.32
Accel: -0.18, 0.05, -0.94
Gyro: -0.04, -0.54, -0.70
Accel: -0.18, 0.04, -0.93
Gyro: -0.26, -2.16, -0.69
Accel: -0.19, 0.03, -0.94
Gyro: -1.62, -3.72, -0.56
Accel: -0.19, 0.04, -0.96
Gyro: -2.20, -3.71, -0.39
Accel: -0.19, 0.04, -0.95
Gyro: -2.57, -2.78, -0.63
Accel: -0.20, 0.05, -0.95
Gyro: -2.85, -1.86, -1.16
Accel: -0.19, 0.05, -0.96
Gyro: -1.98, -2.80, -1.09
Accel: -0.21, 0.03, -0.95
Gyro: -2.43, -1.36, -2.25
Accel: -0.20, 0.04, -0.93
Gyro: -1.30, -3.41, -2.94
Accel: -0.20, 0.06, -0.96
Gyro: -3.72, -1.88, -1.23
Accel: -0.21, 0.05, -0.96
Gyro: -1.76, -0.50, -0.02
Accel: -0.20, 0.04, -0.96
Gyro: 0.18, -0.06, 0.05
Accel: -0.20, 0.03, -0.94
Gyro: -0.63, -0.53, 0.25
Accel: -0.20, 0.03, -0.96
Gyro: -1.34, -1.50, 0.02
Accel: -0.20, 0.03, -0.96
Gyro: -1.79, -0.89, 0.01
Accel: -0.20, 0.04, -0.95
Gyro: -2.14, -1.12, 0.06
Accel: -0.19, 0.04, -0.95
Gyro: -2.61, -1.34, 0.70
Accel: -0.19, 0.04, -0.97
Gyro: -3.57, -0.79, 0.12
Accel: -0.20, 0.04, -0.95
Gyro: -2.44, -0.68, -0.02
Accel: -0.20, 0.03, -0.93
Gyro: -1.96, -1.61, -0.78
Accel: -0.20, 0.03, -0.93
Gyro: -2.63, -2.75, -1.02
Accel: -0.20, 0.04, -0.94
Gyro: -3.86, -3.15, -0.95
