Accel: -0.20, 0.04, -0.95
Gyro: -2.88, -0.37, -1.04
Accel: -0.20, 0.03, -0.94
Gyro: -1.52, -0.79, -0.75
Accel: -0.20, 0.03, -0.95
Gyro: -2.27, -1.01, -0.69
Accel: -0.19, 0.03, -0.96
Gyro: -2.49, -1.10, -0.95
Accel: -0.19, 0.04, -0.95
Gyro: -2.78, -1.26, -0.87
Accel: -0.20, 0.04, -0.94
Gyro: -2.93, -1.64, -0.87
Accel: -0.21, 0.03, -0.96
Gyro: -2.27, -0.82, -0.61
Accel: -0.20, 0.04, -0.95
Gyro: -1.43, -0.42, -0.82
Accel: -0.20, 0.04, -0.95
Gyro: -1.36, -0.89, -1.09
Accel: -0.20, 0.04, -0.96
Gyro: -1.59, -0.76, -0.55
Accel: -0.20, 0.03, -0.96
Gyro: -2.54, 1.01, -0.18
Accel: -0.20, 0.03, -0.95
Gyro: -2.09, 0.47, -0.47
Accel: -0.19, 0.04, -0.95
Gyro: -2.00, 0.55, -1.40
Accel: -0.18, 0.03, -0.92
Gyro: -1.47, -0.65, -1.56
Accel: -0.18, 0.03, -0.94
Gyro: -2.85, -2.42, -1.54
Accel: -0.17, 0.03, -0.93
Gyro: -3.43, -4.71, -1.39
Accel: -0.17, 0.02, -0.91
Gyro: -3.95, -8.09, -2.18
Accel: -0.16, 0.02, -0.91
Gyro: -5.55, -12.68, -3.46
Accel: -0.16, 0.01, -0.89
Gyro: -7.16, -18.16, -4.44
Accel: -0.12, 0.00, -0.86
Gyro: -9.83, -27.02, -6.61
Accel: -0.10, 0.02, -0.81
Gyro: -12.25, -41.38, -8.02
Accel: -0.11, 0.02, -0.76
Gyro: -13.37, -59.24, -9.55
Accel: -0.14, 0.04, -0.68
Gyro: -14.19, -82.08, -12.72
Accel: -0.20, 0.04, -0.65
Gyro: -13.08, -108.65, -13.59
Accel: -0.28, 0.03, -0.63
Gyro: -14.72, -130.92, -13.55
Accel: -0.39, 0.02, -0.54
Gyro: -17.68, -152.87, -13.53
Accel: -0.52, 0.03, -0.50
Gyro: -20.98, -173.19, -16.98
Accel: -0.67, 0.05, -0.50
Gyro: -23.83, -187.31, -21.64
Accel: -0.94, 0.10, -0.54
Gyro: -6.37, -190.10, -23.92
Accel: -1.24, 0.11, -1.10
Gyro: 11.09, -159.30, -22.38
Accel: -1.34, 0.12, -1.17
Gyro: -16.91, -77.77, -18.13
Accel: -1.29, 0.14, -0.81
Gyro: 12.46, -31.87, -12.96
Accel: -1.27, 0.10, -0.94
Gyro: 1.34, 16.65, -4.63
Accel: -1.06, 0.09, -0.66
Gyro: -10.55, 45.09, 1.92
Accel: -1.05, 0.11, -0.73
Gyro: 9.91, 64.44, 13.79
Accel: -1.08, 0.11, -0.85
Gyro: -5.55, 90.29, 16.93
Accel: -0.98, 0.11, -0.77
Gyro: -9.29, 120.51, 21.29
Accel: -0.82, 0.10, -0.63
Gyro: 6.30, 134.90, 23.73
Accel: -0.67, 0.09, -0.60
Gyro: 6.20, 138.89, 23.97
Accel: -0.62, 0.08, -0.64
Gyro: 11.39, 129.10, 22.96
Accel: -0.58, 0.08, -0.77
Gyro: 7.93, 127.74, 22.40
Accel: -0.51, 0.09, -0.75
Gyro: 10.92, 126.16, 22.38
Accel: -0.53, 0.08, -0.96
Gyro: 16.51, 138.00, 21.73
Accel: -0.34, 0.05, -0.72
Gyro: 14.62, 135.41, 19.62
Accel: -0.27, 0.05, -0.76
Gyro: 15.36, 127.56, 16.02
Accel: -0.10, 0.00, -0.62
Gyro: 18.65, 103.25, 10.62
Accel: -0.01, -0.04, -0.69
Gyro: 15.71, 75.13, 0.17
Accel: 0.03, -0.06, -0.75
Gyro: 7.99, 49.17, -7.85
Accel: 0.07, -0.03, -0.78
Gyro: -8.87, 25.49, -12.21
Accel: 0.04, 0.06, -0.85
Gyro: -5.36, 5.00, -11.08
Accel: 0.01, 0.07, -0.93
Gyro: -0.68, -5.53, -5.85
Accel: -0.03, 0.07, -0.97
Gyro: -1.13, -8.49, -2.32
Accel: -0.03, 0.04, -0.93
Gyro: -1.91, -11.01, -1.08
Accel: -0.04, 0.04, -0.93
Gyro: -2.17, -15.95, -0.96
Accel: -0.07, 0.05, -0.95
Gyro: -4.31, -19.81, -0.48
Accel: -0.09, 0.06, -0.97
Gyro: -4.04, -22.30, -0.10
Accel: -0.16, 0.06, -1.03
Gyro: -1.82, -17.96, 1.33
Accel: -0.17, 0.04, -1.02
Gyro: -1.85, -6.33, 2.51
Accel: -0.14, 0.04, -0.94
Gyro: -1.45, -3.94, 1.08
Accel: -0.14, 0.04, -0.94
Gyro: -1.19, -7.30, -0.80
Accel: -0.15, 0.03, -0.97
Gyro: -1.26, -9.46, -2.24
Accel: -0.15, 0.04, -0.97
Gyro: -2.59, -8.14, -2.66
Accel: -0.16, 0.04, -0.96
Gyro: -3.18, -6.45, -3.11
Accel: -0.17, 0.05, -0.95
Gyro: -2.09, -8.13, -2.78
Accel: -0.18, 0.04, -0.96
Gyro: -2.95, -7.27, -2.53
Accel: -0.19, 0.04, -0.96
Gyro: -3.78, -5.58, -2.46
Accel: -0.18, 0.04, -0.96
Gyro: -4.28, -4.65, -3.30
Accel: -0.18, 0.05, -0.96
Gyro: -2.95, -4.34, -3.13
Accel: -0.18, 0.05, -0.97
Gyro: -1.94, -3.55, -2.96
Accel: -0.18, 0.05, -0.95
Gyro: -2.62, -2.85, -2.93
Accel: -0.19, 0.06, -0.98
Gyro: -1.37, -3.82, -2.92
Accel: -0.19, 0.06, -0.99
Gyro: -0.26, 0.58, -0.21
Accel: -0.17, 0.04, -0.96
Gyro: -1.08, 2.96, 0.95
Accel: -0.15, 0.04, -0.94
Gyro: -1.92, 2.14, -0.05
Accel: -0.15, 0.04, -0.93
Gyro: -0.56, -2.52, -0.96
Accel: -0.17, 0.03, -0.97
Gyro: -2.36, -2.66, -2.11
Accel: -0.16, 0.05, -0.95
Gyro: -3.60, -1.67, -2.28
Accel: -0.16, 0.05, -0.94
Gyro: -2.38, -2.88, -2.47
Accel: -0.17, 0.06, -0.96
Gyro: -2.25, -3.68, -2.28
Accel: -0.16, 0.05, -0.94
Gyro: -1.67, -3.86, -1.50
Accel: -0.17, 0.04, -0.95
Gyro: -1.83, -4.75, -0.97
Accel: -0.19, 0.05, -0.98
Gyro: -2.32, -4.19, -0.63
Accel: -0.18, 0.04, -0.96
Gyro: -1.46, -1.53, -0.18
Accel: -0.19, 0.04, -0.94
Gyro: 0.50, -2.52, 0.14
Accel: -0.21, 0.05, -0.98
Gyro: -2.27, -0.08, 2.43
Accel: -0.19, 0.03, -0.95
Gyro: -2.04, 2.01, 3.20
Accel: -0.19, 0.04, -0.97
Gyro: -0.72, 1.45, 3.35
Accel: -0.19, 0.03, -0.96
Gyro: -3.24, 3.65, 1.87
Accel: -0.16, 0.02, -0.94
Gyro: -0.53, 2.87, -0.47
Accel: -0.16, 0.03, -0.94
Gyro: -3.05, 0.29, -2.88
Accel: -0.17, 0.05, -0.95
Gyro: -2.24, -3.31, -3.21
Accel: -0.18, 0.04, -0.97
Gyro: -2.84, -3.01, -2.27
Accel: -0.17, 0.05, -0.94
Gyro: -3.68, -3.44, -1.40
Accel: -0.19, 0.06, -0.96
Gyro: -2.77, -4.40, -0.79
Accel: -0.19, 0.05, -0.97
Gyro: -1.53, -2.14, -0.66
Accel: -0.18, 0.04, -0.95
Gyro: -0.85, -1.75, -1.03
Accel: -0.18, 0.04, -0.94
Gyro: -0.62, -3.08, -1.27
Accel: -0.19, 0.04, -0.97
Gyro: -1.01, -2.23, -0.79
Accel: -0.19, 0.03, -0.96
Gyro: -2.30, -0.55, -0.91
Accel: -0.18, 0.03, -0.95
Gyro: -2.61, -0.89, -1.51
Accel: -0.18, 0.05, -0.96
Gyro: -2.01, -1.20, -1.65
