Accel: -0.05, 0.04, -0.97
Gyro: -1.37, -2.13, -1.14
Accel: -0.06, 0.04, -1.00
Gyro: -1.65, -1.34, -1.07
Accel: -0.07, 0.05, -0.98
Gyro: -1.47, -0.27, -1.05
Accel: -0.06, 0.05, -0.96
Gyro: -1.14, -0.32, -0.36
Accel: -0.06, 0.04, -0.98
Gyro: -2.68, 0.39, 0.25
Accel: -0.05, 0.04, -0.96
Gyro: -3.52, 0.93, 0.32
Accel: -0.05, 0.04, -0.98
Gyro: -3.49, 0.79, -0.64
Accel: -0.04, 0.05, -0.97
Gyro: -3.14, 0.24, -1.61
Accel: -0.05, 0.05, -0.97
Gyro: -2.00, -0.43, -2.07
Accel: -0.04, 0.05, -0.95
Gyro: -2.81, -0.49, -1.96
Accel: -0.02, 0.04, -0.96
Gyro: -3.32, -2.75, -1.62
Accel: -0.02, 0.04, -0.96
Gyro: -5.20, -4.68, -1.84
Accel: 0.02, 0.04, -0.91
Gyro: -6.97, -9.45, -2.33
Accel: 0.05, 0.04, -0.87
Gyro: -8.52, -19.17, -2.19
Accel: 0.06, 0.03, -0.85
Gyro: -11.31, -33.27, -2.25
Accel: 0.05, 0.04, -0.83
Gyro: -12.97, -49.55, -4.20
Accel: 0.02, 0.05, -0.83
Gyro: -12.67, -65.32, -6.87
Accel: -0.05, 0.06, -0.84
Gyro: -9.64, -80.00, -8.62
Accel: -0.10, 0.06, -0.82
Gyro: -10.22, -90.88, -10.90
Accel: -0.16, 0.08, -0.75
Gyro: -8.86, -104.31, -12.86
Accel: -0.23, 0.08, -0.73
Gyro: -5.52, -122.47, -12.44
Accel: -0.31, 0.06, -0.70
Gyro: -8.26, -134.76, -11.63
Accel: -0.41, 0.04, -0.57
Gyro: -12.21, -149.89, -12.05
Accel: -0.56, 0.04, -0.64
Gyro: -9.28, -164.44, -14.72
Accel: -0.68, 0.04, -0.72
Gyro: -13.54, -159.74, -18.45
Accel: -0.78, 0.06, -0.67
Gyro: -12.18, -149.80, -23.77
Accel: -0.87, 0.02, -0.60
Gyro: -6.03, -143.62, -31.68
Accel: -1.00, 0.04, -0.73
Gyro: -12.55, -131.18, -32.07
Accel: -1.03, 0.10, -0.75
Gyro: -15.43, -102.65, -32.75
Accel: -1.05, 0.12, -0.59
Gyro: -4.14, -84.55, -30.60
Accel: -1.14, 0.12, -0.59
Gyro: 4.37, -71.85, -20.23
Accel: -1.19, 0.09, -0.74
Gyro: -3.98, -40.75, -10.58
Accel: -1.17, 0.09, -0.56
Gyro: -3.52, -10.03, -3.74
Accel: -1.16, 0.07, -0.61
Gyro: 1.79, 9.30, 3.59
Accel: -1.11, 0.02, -0.58
Gyro: -7.42, 31.70, 2.53
Accel: -1.03, 0.04, -0.54
Gyro: 0.89, 46.07, 7.25
Accel: -1.03, 0.06, -0.56
Gyro: -0.27, 57.82, 9.42
Accel: -1.00, 0.09, -0.59
Gyro: -0.28, 73.39, 10.95
Accel: -0.95, 0.08, -0.64
Gyro: 4.80, 90.74, 13.95
Accel: -0.87, 0.04, -0.50
Gyro: 5.07, 98.59, 15.66
Accel: -0.83, 0.05, -0.52
Gyro: 9.80, 96.47, 16.74
Accel: -0.79, 0.06, -0.67
Gyro: 6.16, 101.11, 17.59
Accel: -0.70, 0.05, -0.62
Gyro: 8.08, 101.94, 17.78
Accel: -0.69, 0.06, -0.74
Gyro: 15.00, 100.62, 18.30
Accel: -0.60, 0.04, -0.73
Gyro: 12.54, 107.23, 18.26
Accel: -0.50, 0.02, -0.72
Gyro: 10.42, 102.85, 15.96
Accel: -0.44, 0.02, -0.72
Gyro: 9.45, 94.16, 14.47
Accel: -0.38, 0.02, -0.78
Gyro: 8.45, 85.16, 12.63
Accel: -0.32, 0.01, -0.81
Gyro: 4.78, 77.38, 10.15
Accel: -0.31, 0.02, -0.81
Gyro: 3.12, 67.35, 8.17
Accel: -0.29, 0.03, -0.84
Gyro: 1.90, 61.06, 6.95
Accel: -0.24, 0.03, -0.84
Gyro: 4.40, 54.95, 5.14
Accel: -0.24, 0.03, -0.92
Gyro: 4.74, 51.22, 2.91
Accel: -0.26, 0.04, -0.98
Gyro: 2.96, 54.63, 3.46
Accel: -0.21, 0.03, -0.91
Gyro: 1.75, 57.88, 3.77
Accel: -0.19, 0.02, -0.96
Gyro: 0.64, 58.36, 2.58
Accel: -0.16, 0.02, -0.97
Gyro: -3.93, 60.42, 2.73
Accel: -0.12, 0.03, -0.89
Gyro: -7.86, 60.34, 3.01
Accel: -0.04, 0.01, -0.86
Gyro: -4.99, 52.25, 1.62
Accel: -0.00, 0.04, -0.87
Gyro: -5.62, 42.13, -0.58
Accel: 0.05, 0.04, -0.90
Gyro: -4.81, 32.25, -2.18
Accel: 0.06, 0.04, -0.92
Gyro: -3.61, 22.12, -2.65
Accel: 0.05, 0.04, -0.90
Gyro: -3.17, 13.41, -2.50
Accel: 0.05, 0.04, -0.94
Gyro: -2.94, 7.77, -3.33
Accel: 0.04, 0.04, -0.96
Gyro: -4.07, 5.63, -4.28
Accel: 0.04, 0.05, -0.93
Gyro: -3.49, 1.52, -4.61
Accel: 0.03, 0.06, -0.96
Gyro: -2.40, -3.25, -4.38
Accel: 0.02, 0.06, -0.98
Gyro: -1.68, -3.06, -3.64
Accel: 0.03, 0.06, -0.96
Gyro: -0.13, -3.23, -2.45
Accel: 0.01, 0.06, -0.97
Gyro: 0.19, -5.52, -1.74
Accel: -0.00, 0.05, -0.98
Gyro: -2.14, -3.49, -1.24
Accel: -0.01, 0.04, -0.98
Gyro: -1.85, -2.26, -0.86
Accel: -0.00, 0.05, -0.96
Gyro: -3.20, -2.83, -1.58
Accel: -0.01, 0.06, -0.99
Gyro: -3.27, -3.49, -2.25
Accel: -0.01, 0.05, -0.98
Gyro: -1.21, -2.33, -2.14
Accel: -0.01, 0.05, -0.98
Gyro: -2.22, -1.99, -1.84
Accel: -0.01, 0.06, -0.97
Gyro: -3.02, -2.23, -1.21
Accel: -0.01, 0.05, -0.98
Gyro: -2.32, -2.08, -1.21
Accel: -0.02, 0.05, -0.96
Gyro: -2.41, -2.48, -1.68
Accel: -0.01, 0.05, -0.97
Gyro: -2.51, -2.97, -2.18
Accel: -0.03, 0.05, -0.99
Gyro: -1.91, -2.62, -1.73
Accel: -0.02, 0.05, -0.98
Gyro: -1.93, -1.44, -1.98
Accel: -0.02, 0.05, -0.96
Gyro: -0.74, -2.48, -1.83
Accel: -0.02, 0.06, -0.95
Gyro: -0.50, -3.74, -1.53
Accel: -0.02, 0.05, -0.97
Gyro: -1.46, -3.72, -1.18
Accel: -0.02, 0.04, -0.96
Gyro: -2.40, -4.35, -0.76
Accel: -0.02, 0.05, -0.97
Gyro: -2.91, -4.81, -0.65
Accel: -0.03, 0.05, -0.97
Gyro: -2.42, -4.35, -0.98
Accel: -0.04, 0.05, -0.98
Gyro: -2.56, -2.40, -1.30
Accel: -0.03, 0.05, -0.95
Gyro: -1.23, -2.86, -1.75
Accel: -0.03, 0.05, -0.97
Gyro: -1.84, -2.90, -1.21
Accel: -0.03, 0.05, -0.97
Gyro: -2.21, -2.62, -1.14
Accel: -0.02, 0.04, -0.98
Gyro: -2.04, -2.52, -1.08
Accel: -0.04, 0.05, -0.98
Gyro: -1.92, -2.59, -1.15
Accel: -0.04, 0.05, -0.98
Gyro: -1.64, -1.76, -0.91
Accel: -0.04, 0.04, -0.97
Gyro: -1.46, -1.38, -0.45
Accel: -0.03, 0.05, -0.95
Gyro: -2.00, -2.66, -0.36
Accel: -0.04, 0.04, -0.97
Gyro: -3.11, -3.19, -0.80
Accel: -0.04, 0.05, -0.98
Gyro: -3.23, -2.40, -1.65
Accel: -0.04, 0.06, -0.97
Gyro: -2.30, -1.53, -1.86
Accel: -0.05, 0.05, -0.96
Gyro: -1.22, -2.20, -0.86
