Accel: -0.19, 0.05, -0.97
Gyro: -1.94, -0.85, -1.18
Accel: -0.19, 0.04, -0.95
Gyro: -1.97, -0.80, -0.98
Accel: -0.18, 0.04, -0.94
Gyro: -1.35, -1.08, -0.94
Accel: -0.19, 0.03, -0.96
Gyro: -0.56, -2.13, -0.50
Accel: -0.19, 0.03, -0.96
Gyro: -2.99, -0.52, -0.72
Accel: -0.18, 0.03, -0.96
Gyro: -3.03, -0.22, -1.05
Accel: -0.18, 0.05, -0.94
Gyro: -2.00, -0.49, -2.08
Accel: -0.18, 0.04, -0.94
Gyro: 0.20, -2.55, -2.09
Accel: -0.19, 0.05, -0.96
Gyro: -2.08, -2.00, -0.88
Accel: -0.18, 0.04, -0.95
Gyro: -2.30, -1.43, -0.07
Accel: -0.20, 0.03, -0.96
Gyro: -1.03, -2.06, -0.18
Accel: -0.21, 0.03, -0.99
Gyro: -2.06, -0.62, -0.58
Accel: -0.22, 0.03, -1.01
Gyro: -2.94, 6.00, -1.20
Accel: -0.20, 0.03, -0.96
Gyro: -2.33, 9.82, -1.56
Accel: -0.19, 0.02, -0.99
Gyro: -2.42, 11.12, -3.08
Accel: -0.17, 0.01, -0.96
Gyro: -5.00, 15.27, -3.84
Accel: -0.14, -0.00, -0.89
Gyro: -7.42, 12.96, -5.41
Accel: -0.03, 0.01, -0.73
Gyro: -11.52, -1.71, -7.17
Accel: 0.03, -0.03, -0.70
Gyro: -6.27, -38.28, -13.95
Accel: -0.06, -0.04, -0.90
Gyro: -15.27, -55.43, -27.47
Accel: -0.03, 0.05, -0.68
Gyro: -17.23, -67.70, -31.79
Accel: -0.06, 0.08, -0.62
Gyro: -9.41, -104.24, -30.02
Accel: -0.13, 0.10, -0.55
Gyro: -11.47, -137.69, -25.26
Accel: -0.24, 0.13, -0.46
Gyro: -9.22, -173.11, -19.09
Accel: -0.39, 0.11, -0.30
Gyro: -1.72, -208.28, -13.72
Accel: -0.63, 0.13, -0.18
Gyro: 8.03, -250.00, -8.80
Accel: -1.04, 0.05, -0.54
Gyro: 22.67, -250.00, -5.62
Accel: -1.61, -0.02, -1.22
Gyro: 29.62, -212.39, -8.58
Accel: -1.85, 0.02, -1.80
Gyro: 0.62, -76.39, -11.76
Accel: -1.35, 0.08, -0.62
Gyro: 14.24, 11.81, -9.46
Accel: -1.16, -0.00, -0.64
Gyro: 10.85, 27.60, -3.14
Accel: -1.03, -0.01, -0.68
Gyro: -24.59, 43.95, 10.55
Accel: -1.06, 0.00, -0.64
Gyro: -5.56, 58.89, 14.58
Accel: -1.05, 0.03, -0.80
Gyro: -21.17, 85.61, 7.53
Accel: -0.95, 0.07, -0.75
Gyro: -14.51, 111.15, 9.22
Accel: -0.86, 0.10, -0.71
Gyro: -2.69, 130.39, 9.15
Accel: -0.77, 0.11, -0.75
Gyro: 1.31, 144.76, 12.09
Accel: -0.67, 0.09, -0.77
Gyro: 1.44, 158.47, 16.98
Accel: -0.55, 0.08, -0.71
Gyro: 6.04, 159.76, 20.29
Accel: -0.49, 0.07, -0.79
Gyro: 4.03, 162.32, 21.79
Accel: -0.32, 0.06, -0.65
Gyro: 6.00, 152.49, 21.79
Accel: -0.19, 0.02, -0.68
Gyro: 11.33, 130.36, 15.30
Accel: -0.11, 0.03, -0.68
Gyro: 8.97, 105.65, 9.30
Accel: -0.00, -0.01, -0.64
Gyro: 8.74, 72.15, 4.23
Accel: 0.02, -0.01, -0.66
Gyro: 9.55, 38.02, -3.39
Accel: 0.00, -0.02, -0.78
Gyro: 6.28, 10.57, -6.92
Accel: -0.03, -0.00, -0.87
Gyro: 0.14, -6.13, -8.92
Accel: -0.08, 0.03, -0.95
Gyro: -1.78, -13.33, -9.03
Accel: -0.10, 0.04, -0.96
Gyro: -0.27, -14.72, -6.79
Accel: -0.12, 0.03, -0.94
Gyro: -0.83, -15.16, -3.26
Accel: -0.13, 0.02, -0.94
Gyro: -4.33, -17.31, -0.21
Accel: -0.17, 0.02, -0.96
Gyro: -5.51, -18.59, 0.10
Accel: -0.21, 0.02, -1.00
Gyro: -4.89, -15.26, -0.93
Accel: -0.20, 0.03, -0.98
Gyro: -6.33, -10.28, -2.72
Accel: -0.19, 0.05, -0.97
Gyro: -2.82, -7.13, -3.87
Accel: -0.19, 0.05, -0.92
Gyro: 1.75, -7.63, -3.39
Accel: -0.21, 0.03, -0.97
Gyro: 0.59, -9.57, -2.59
Accel: -0.22, 0.04, -0.98
Gyro: -4.50, -6.19, -1.01
Accel: -0.21, 0.05, -0.95
Gyro: -3.27, -4.03, -0.23
Accel: -0.20, 0.05, -0.94
Gyro: -0.89, -4.89, 0.25
Accel: -0.23, 0.05, -0.97
Gyro: -0.91, -3.87, 1.48
Accel: -0.22, 0.04, -0.96
Gyro: -1.43, -2.14, 1.99
Accel: -0.21, 0.03, -0.93
Gyro: -0.19, -2.67, 2.61
Accel: -0.21, 0.01, -0.94
Gyro: -0.43, -4.24, 2.11
Accel: -0.22, 0.02, -0.95
Gyro: -1.02, -5.06, 0.50
Accel: -0.24, 0.03, -0.96
Gyro: -3.17, -3.06, -1.21
Accel: -0.23, 0.03, -0.95
Gyro: -3.24, -1.88, -2.62
Accel: -0.22, 0.04, -0.93
Gyro: -0.45, -2.88, -2.56
Accel: -0.23, 0.04, -0.96
Gyro: 0.03, -2.04, -0.93
Accel: -0.22, 0.04, -0.95
Gyro: -1.71, -0.72, -0.14
Accel: -0.22, 0.03, -0.93
Gyro: -1.27, -1.49, 0.12
Accel: -0.22, 0.02, -0.93
Gyro: -0.69, -3.67, -0.53
Accel: -0.23, 0.02, -0.96
Gyro: -3.06, -3.78, -1.15
Accel: -0.23, 0.02, -0.95
Gyro: -4.81, -2.20, -1.94
Accel: -0.22, 0.04, -0.93
Gyro: -2.99, -2.23, -1.81
Accel: -0.24, 0.05, -0.94
Gyro: -1.59, -2.49, -1.02
Accel: -0.25, 0.04, -0.95
Gyro: -1.36, -1.25, -0.09
Accel: -0.24, 0.02, -0.96
Gyro: -2.41, -0.03, -0.08
Accel: -0.23, 0.02, -0.94
Gyro: -3.00, 1.12, -0.86
Accel: -0.22, 0.03, -0.94
Gyro: -1.82, 0.82, -2.17
Accel: -0.23, 0.02, -0.95
Gyro: -1.84, -0.11, -2.62
Accel: -0.22, 0.05, -0.94
Gyro: -2.54, -1.10, -2.08
Accel: -0.22, 0.04, -0.93
Gyro: -1.18, -2.35, -1.17
Accel: -0.23, 0.03, -0.95
Gyro: -1.28, -3.03, -0.50
Accel: -0.24, 0.03, -0.96
Gyro: -1.84, -1.06, -0.59
Accel: -0.23, 0.03, -0.94
Gyro: -2.17, -0.21, -1.15
Accel: -0.22, 0.03, -0.92
Gyro: -1.94, -1.10, -1.75
Accel: -0.23, 0.03, -0.93
Gyro: -0.69, -2.69, -1.74
Accel: -0.23, 0.03, -0.96
Gyro: -2.18, -2.04, -1.21
Accel: -0.23, 0.02, -0.94
Gyro: -3.49, -0.74, -1.27
Accel: -0.23, 0.04, -0.95
Gyro: -3.31, -1.45, -1.58
Accel: -0.23, 0.04, -0.95
Gyro: -1.53, -2.02, -2.10
Accel: -0.24, 0.04, -0.95
Gyro: -1.34, -1.35, -1.11
Accel: -0.22, 0.04, -0.94
Gyro: -1.71, -1.34, -0.36
Accel: -0.23, 0.03, -0.93
Gyro: -0.79, -2.82, 0.19
Accel: -0.24, 0.02, -0.95
Gyro: -1.42, -3.62, -0.71
Accel: -0.24, 0.02, -0.95
Gyro: -3.13, -2.40, -1.35
Accel: -0.24, 0.03, -0.94
Gyro: -2.32, -2.11, -1.53
Accel: -0.23, 0.03, -0.94
Gyro: -2.88, -2.08, -2.04
Accel: -0.24, 0.05, -0.94
Gyro: -2.09, -2.60, -1.95
Accel: -0.25, 0.04, -0.95
Gyro: -1.38, -1.95, -1.13
