Accel: -0.15, 0.04, -0.96
Gyro: -2.11, -3.94, -0.02
Accel: -0.15, 0.04, -0.97
Gyro: -3.40, -3.43, -1.25
Accel: -0.15, 0.05, -0.96
Gyro: -3.51, -2.98, -2.11
Accel: -0.15, 0.06, -0.96
Gyro: -2.17, -3.22, -2.54
Accel: -0.15, 0.06, -0.96
Gyro: -2.59, -3.20, -1.90
Accel: -0.17, 0.06, -0.98
Gyro: -2.13, -2.09, -0.43
Accel: -0.16, 0.04, -0.97
Gyro: -2.42, 0.01, 0.29
Accel: -0.15, 0.04, -0.96
Gyro: -2.70, 0.42, -0.24
Accel: -0.15, 0.03, -0.96
Gyro: -2.95, 0.55, -1.75
Accel: -0.14, 0.03, -0.94
Gyro: -3.40, 0.02, -2.90
Accel: -0.10, 0.01, -0.90
Gyro: -7.13, -4.04, -3.69
Accel: -0.05, 0.04, -0.81
Gyro: -10.27, -16.26, -4.64
Accel: -0.03, 0.01, -0.75
Gyro: -13.11, -37.06, -4.65
Accel: -0.02, 0.06, -0.77
Gyro: -18.62, -58.98, -6.57
Accel: -0.05, 0.08, -0.73
Gyro: -14.68, -83.76, -7.65
Accel: -0.14, 0.09, -0.74
Gyro: -11.24, -105.85, -10.47
Accel: -0.26, 0.07, -0.76
Gyro: -8.31, -121.52, -12.13
Accel: -0.37, 0.06, -0.76
Gyro: -7.25, -131.20, -11.96
Accel: -0.47, 0.07, -0.76
Gyro: -11.22, -133.71, -12.29
Accel: -0.56, 0.06, -0.78
Gyro: -10.99, -132.31, -13.08
Accel: -0.63, 0.11, -0.79
Gyro: -11.51, -124.25, -14.78
Accel: -0.70, 0.12, -0.64
Gyro: -4.02, -121.75, -16.32
Accel: -0.78, 0.08, -0.66
Gyro: 3.94, -121.98, -17.90
Accel: -0.86, 0.08, -0.82
Gyro: -12.47, -109.50, -16.63
Accel: -0.86, 0.12, -0.61
Gyro: -13.34, -92.77, -16.19
Accel: -0.92, 0.12, -0.58
Gyro: 4.71, -91.11, -14.58
Accel: -1.00, 0.09, -0.71
Gyro: -2.49, -74.20, -9.13
Accel: -1.01, 0.09, -0.55
Gyro: -6.74, -54.85, -7.81
Accel: -1.12, 0.11, -0.63
Gyro: 8.87, -47.68, -4.81
Accel: -1.21, 0.07, -0.82
Gyro: 3.38, -11.66, 0.82
Accel: -1.11, 0.05, -0.57
Gyro: -0.87, 16.66, 1.12
Accel: -1.04, 0.06, -0.60
Gyro: 0.54, 29.66, -0.14
Accel: -1.00, 0.06, -0.55
Gyro: -0.53, 42.89, 0.38
Accel: -0.97, 0.07, -0.59
Gyro: 1.01, 54.44, -0.50
Accel: -0.96, 0.08, -0.66
Gyro: 1.17, 68.44, 0.36
Accel: -0.93, 0.07, -0.72
Gyro: -1.11, 89.61, 3.16
Accel: -0.83, 0.08, -0.60
Gyro: 6.49, 102.31, 4.60
Accel: -0.83, 0.05, -0.63
Gyro: 3.91, 105.11, 5.24
Accel: -0.74, 0.07, -0.63
Gyro: 0.80, 108.12, 8.08
Accel: -0.68, 0.07, -0.65
Gyro: 7.84, 106.58, 10.58
Accel: -0.61, 0.05, -0.74
Gyro: 6.62, 109.66, 10.89
Accel: -0.52, 0.04, -0.69
Gyro: 2.83, 106.13, 10.59
Accel: -0.47, 0.05, -0.73
Gyro: 4.86, 100.65, 11.17
Accel: -0.39, 0.03, -0.73
Gyro: 4.30, 92.72, 11.22
Accel: -0.35, 0.03, -0.81
Gyro: 4.49, 80.39, 9.18
Accel: -0.31, 0.03, -0.84
Gyro: -2.99, 74.49, 7.67
Accel: -0.27, 0.04, -0.82
Gyro: -2.82, 65.11, 6.52
Accel: -0.25, 0.04, -0.86
Gyro: 1.52, 58.88, 5.82
Accel: -0.20, 0.02, -0.86
Gyro: -1.12, 54.63, 4.43
Accel: -0.17, 0.03, -0.86
Gyro: -3.01, 47.32, 1.03
Accel: -0.15, 0.05, -0.87
Gyro: -2.16, 38.19, -1.51
Accel: -0.13, 0.05, -0.89
Gyro: -0.31, 29.77, -2.45
Accel: -0.12, 0.06, -0.90
Gyro: -1.44, 23.80, -1.92
Accel: -0.11, 0.06, -0.90
Gyro: -2.08, 16.42, -1.46
Accel: -0.15, 0.06, -0.97
Gyro: -2.01, 13.58, -1.08
Accel: -0.13, 0.05, -0.91
Gyro: -2.09, 12.76, -0.40
Accel: -0.12, 0.06, -0.92
Gyro: -1.99, 9.92, -1.09
Accel: -0.11, 0.06, -0.92
Gyro: -1.68, 5.54, -0.85
Accel: -0.12, 0.06, -0.94
Gyro: -2.37, 1.87, -0.59
Accel: -0.12, 0.06, -0.97
Gyro: -2.83, 1.61, 0.18
Accel: -0.13, 0.05, -0.96
Gyro: -2.86, 2.74, -0.18
Accel: -0.11, 0.04, -0.94
Gyro: -1.59, 1.76, -0.82
Accel: -0.11, 0.05, -0.93
Gyro: -3.25, -1.89, -2.53
Accel: -0.12, 0.07, -0.93
Gyro: -4.10, -4.76, -2.15
Accel: -0.13, 0.07, -0.98
Gyro: -2.30, -6.63, -1.64
Accel: -0.17, 0.07, -1.01
Gyro: -2.38, -1.00, 0.14
Accel: -0.15, 0.05, -0.96
Gyro: -2.24, 2.98, 0.54
Accel: -0.13, 0.06, -0.94
Gyro: -0.67, 0.97, -0.25
Accel: -0.14, 0.07, -0.95
Gyro: -0.55, -1.20, -0.98
Accel: -0.14, 0.07, -0.96
Gyro: -0.48, -1.17, -0.30
Accel: -0.13, 0.06, -0.95
Gyro: 0.52, -0.91, 1.12
Accel: -0.13, 0.05, -0.95
Gyro: -0.24, -2.27, 1.40
Accel: -0.14, 0.04, -0.96
Gyro: -0.82, -3.74, 0.54
Accel: -0.15, 0.05, -0.96
Gyro: -1.82, -1.94, -0.23
Accel: -0.15, 0.04, -0.97
Gyro: -2.07, -0.81, -0.99
Accel: -0.14, 0.05, -0.95
Gyro: -1.53, -1.38, -2.03
Accel: -0.14, 0.05, -0.96
Gyro: -1.09, -2.37, -2.00
Accel: -0.14, 0.06, -0.96
Gyro: -1.84, -3.34, -1.33
Accel: -0.14, 0.05, -0.96
Gyro: -2.24, -3.82, -0.63
Accel: -0.15, 0.05, -0.97
Gyro: -2.55, -3.54, -0.27
Accel: -0.15, 0.05, -0.96
Gyro: -2.42, -1.99, -0.38
Accel: -0.15, 0.05, -0.94
Gyro: -2.08, -2.62, -0.09
Accel: -0.15, 0.05, -0.96
Gyro: -2.71, -3.09, 0.09
Accel: -0.16, 0.05, -0.98
Gyro: -2.68, -2.14, 0.39
Accel: -0.16, 0.04, -0.96
Gyro: -2.38, -0.97, 0.08
Accel: -0.15, 0.04, -0.96
Gyro: -2.36, -1.07, -0.73
Accel: -0.15, 0.05, -0.96
Gyro: -2.94, -1.23, -2.01
Accel: -0.15, 0.06, -0.95
Gyro: -2.20, -2.41, -2.33
Accel: -0.16, 0.06, -0.96
Gyro: -3.30, -2.42, -0.89
Accel: -0.16, 0.05, -0.96
Gyro: -3.75, -2.46, -0.05
Accel: -0.16, 0.06, -0.96
Gyro: -3.75, -2.39, -0.16
Accel: -0.17, 0.06, -0.97
Gyro: -3.66, -1.46, -0.89
Accel: -0.16, 0.06, -0.97
Gyro: -3.16, -1.00, -1.11
Accel: -0.17, 0.06, -0.97
Gyro: -2.67, -0.02, -1.36
Accel: -0.18, 0.07, -1.01
Gyro: -1.68, 3.81, -1.69
Accel: -0.16, 0.06, -0.95
Gyro: 0.49, 6.01, -1.36
Accel: -0.14, 0.04, -0.92
Gyro: -1.06, 3.03, -1.64
Accel: -0.14, 0.06, -0.95
Gyro: -5.25, -0.44, -2.33
Accel: -0.14, 0.06, -0.97
Gyro: -5.17, -1.06, -2.03
Accel: -0.13, 0.06, -0.96
Gyro: -3.63, -0.37, -2.14
Accel: -0.14, 0.06, -0.95
Gyro: -3.07, -0.60, -1.63
