Accel: -0.11, 0.04, -0.96
Gyro: -2.74, -0.46, -1.66
Accel: -0.10, 0.05, -0.97
Gyro: -2.56, -0.67, -1.35
Accel: -0.10, 0.05, -0.98
Gyro: -3.30, 0.90, -1.24
Accel: -0.10, 0.05, -0.94
Gyro: -1.59, 0.63, -1.43
Accel: -0.10, 0.05, -0.96
Gyro: -2.45, -0.77, -1.53
Accel: -0.11, 0.05, -0.97
Gyro: -2.36, -1.31, -0.80
Accel: -0.11, 0.04, -0.96
Gyro: -2.04, -1.69, -0.31
Accel: -0.11, 0.04, -0.97
Gyro: -2.96, -0.69, -0.51
Accel: -0.09, 0.04, -0.97
Gyro: -2.81, -0.31, -1.17
Accel: -0.08, 0.03, -0.96
Gyro: -3.69, -0.37, -1.88
Accel: -0.05, 0.04, -0.91
Gyro: -5.24, -4.31, -2.91
Accel: -0.03, 0.03, -0.89
Gyro: -5.98, -11.85, -3.11
Accel: -0.03, 0.03, -0.90
Gyro: -6.45, -21.46, -4.65
Accel: -0.02, 0.03, -0.87
Gyro: -8.78, -31.01, -6.81
Accel: 0.00, 0.05, -0.81
Gyro: -8.98, -46.97, -7.42
Accel: -0.05, 0.06, -0.83
Gyro: -9.02, -65.14, -6.37
Accel: -0.09, 0.06, -0.83
Gyro: -10.11, -78.64, -7.33
Accel: -0.14, 0.07, -0.78
Gyro: -7.59, -92.39, -7.51
Accel: -0.21, 0.07, -0.75
Gyro: -6.00, -107.44, -8.08
Accel: -0.27, 0.05, -0.73
Gyro: -7.88, -122.19, -8.53
Accel: -0.34, 0.03, -0.69
Gyro: -9.78, -134.41, -9.25
Accel: -0.44, 0.04, -0.59
Gyro: -14.17, -147.54, -11.55
Accel: -0.58, 0.05, -0.60
Gyro: -11.80, -161.30, -16.96
Accel: -0.75, 0.03, -0.74
Gyro: -7.47, -156.41, -23.19
Accel: -0.82, 0.06, -0.76
Gyro: -7.86, -140.00, -27.39
Accel: -0.91, 0.08, -0.62
Gyro: -6.49, -129.45, -32.48
Accel: -1.01, 0.07, -0.65
Gyro: 3.14, -119.44, -30.49
Accel: -1.09, 0.06, -0.80
Gyro: -5.12, -93.71, -27.67
Accel: -1.10, 0.10, -0.61
Gyro: -3.53, -66.50, -21.13
Accel: -1.16, 0.08, -0.67
Gyro: 6.25, -48.29, -10.69
Accel: -1.16, 0.05, -0.69
Gyro: -6.23, -16.55, -3.34
Accel: -1.09, 0.04, -0.53
Gyro: 0.42, 5.29, 1.04
Accel: -1.06, 0.01, -0.58
Gyro: -5.68, 18.81, 2.23
Accel: -1.05, 0.02, -0.56
Gyro: -6.55, 35.70, 5.52
Accel: -1.05, 0.04, -0.59
Gyro: -8.29, 55.66, 5.94
Accel: -0.98, 0.06, -0.54
Gyro: -4.05, 67.72, 7.00
Accel: -0.93, 0.09, -0.58
Gyro: 2.93, 79.77, 8.42
Accel: -0.86, 0.08, -0.55
Gyro: 3.20, 87.35, 10.09
Accel: -0.80, 0.05, -0.50
Gyro: 8.12, 83.08, 10.85
Accel: -0.79, 0.03, -0.62
Gyro: 4.57, 79.45, 12.86
Accel: -0.76, 0.05, -0.65
Gyro: 3.85, 85.10, 13.75
Accel: -0.69, 0.05, -0.67
Gyro: 9.62, 87.94, 12.49
Accel: -0.65, 0.04, -0.73
Gyro: 11.15, 87.50, 12.28
Accel: -0.58, 0.03, -0.71
Gyro: 8.03, 87.49, 11.44
Accel: -0.51, 0.02, -0.70
Gyro: 7.88, 79.72, 10.37
Accel: -0.48, 0.02, -0.79
Gyro: 5.90, 74.86, 9.80
Accel: -0.44, 0.01, -0.80
Gyro: 1.66, 72.88, 8.90
Accel: -0.38, 0.01, -0.77
Gyro: 0.52, 65.93, 7.04
Accel: -0.37, 0.02, -0.84
Gyro: 1.43, 57.68, 5.16
Accel: -0.33, 0.02, -0.87
Gyro: -2.66, 54.93, 3.38
Accel: -0.28, 0.03, -0.83
Gyro: -1.84, 48.94, 1.53
Accel: -0.27, 0.04, -0.85
Gyro: 1.56, 41.52, -0.10
Accel: -0.28, 0.04, -0.91
Gyro: 1.34, 38.30, -0.82
Accel: -0.25, 0.03, -0.90
Gyro: 0.30, 36.66, -1.64
Accel: -0.23, 0.04, -0.92
Gyro: 0.73, 34.61, -1.51
Accel: -0.21, 0.04, -0.91
Gyro: -0.66, 32.36, -1.08
Accel: -0.19, 0.03, -0.89
Gyro: -0.71, 27.17, -0.61
Accel: -0.17, 0.03, -0.90
Gyro: -0.44, 20.44, 0.18
Accel: -0.17, 0.03, -0.91
Gyro: -2.66, 15.24, 0.18
Accel: -0.19, 0.03, -0.95
Gyro: -2.52, 12.06, -0.50
Accel: -0.20, 0.03, -0.96
Gyro: -3.44, 13.23, -0.05
Accel: -0.18, 0.02, -0.94
Gyro: -3.15, 12.72, -0.54
Accel: -0.17, 0.04, -0.93
Gyro: -4.26, 11.05, -0.91
Accel: -0.16, 0.03, -0.93
Gyro: -4.40, 7.57, -1.69
Accel: -0.16, 0.04, -0.94
Gyro: -4.73, 4.39, -2.33
Accel: -0.16, 0.04, -0.95
Gyro: -6.23, 3.43, -2.54
Accel: -0.16, 0.05, -0.96
Gyro: -5.04, 2.71, -3.04
Accel: -0.16, 0.05, -0.95
Gyro: -3.71, 2.12, -3.11
Accel: -0.16, 0.05, -0.95
Gyro: -2.43, 0.93, -1.85
Accel: -0.16, 0.06, -0.95
Gyro: -2.25, 0.16, -0.47
Accel: -0.16, 0.06, -0.95
Gyro: -1.50, -0.18, 0.40
Accel: -0.15, 0.05, -0.94
Gyro: -0.50, -1.66, 0.86
Accel: -0.16, 0.03, -0.95
Gyro: -1.30, -2.79, 0.76
Accel: -0.17, 0.03, -0.95
Gyro: -2.83, -3.11, 0.50
Accel: -0.17, 0.04, -0.96
Gyro: -3.04, -2.62, -0.80
Accel: -0.18, 0.04, -0.96
Gyro: -2.19, -2.69, -1.49
Accel: -0.19, 0.05, -0.96
Gyro: -1.80, -1.10, -1.05
Accel: -0.19, 0.04, -0.97
Gyro: -1.56, 0.55, -0.83
Accel: -0.18, 0.05, -0.97
Gyro: -0.72, 1.27, -0.45
Accel: -0.17, 0.04, -0.96
Gyro: -0.72, 1.17, -0.39
Accel: -0.16, 0.04, -0.96
Gyro: -1.27, 0.30, -0.26
Accel: -0.17, 0.03, -0.95
Gyro: -2.72, -0.92, -0.28
Accel: -0.17, 0.04, -0.94
Gyro: -2.67, -2.76, -0.63
Accel: -0.17, 0.03, -0.95
Gyro: -2.75, -3.30, -1.06
Accel: -0.19, 0.05, -0.97
Gyro: -3.35, -2.34, -1.39
Accel: -0.17, 0.05, -0.96
Gyro: -2.53, -1.37, -1.24
Accel: -0.18, 0.05, -0.96
Gyro: -2.30, -1.21, -1.34
Accel: -0.18, 0.05, -0.95
Gyro: -0.80, -2.66, -1.21
Accel: -0.19, 0.04, -0.97
Gyro: -1.40, -1.97, 0.03
Accel: -0.18, 0.04, -0.97
Gyro: -1.92, -1.13, -0.04
Accel: -0.18, 0.04, -0.95
Gyro: -1.55, -0.43, -0.19
Accel: -0.18, 0.03, -0.96
Gyro: -1.76, -0.14, -0.52
Accel: -0.18, 0.04, -0.95
Gyro: -2.12, 0.21, -0.66
Accel: -0.18, 0.04, -0.95
Gyro: -1.56, -0.26, -0.61
Accel: -0.18, 0.03, -0.95
Gyro: -1.66, -0.95, -0.39
Accel: -0.17, 0.04, -0.95
Gyro: -2.57, -0.72, -0.74
Accel: -0.18, 0.03, -0.96
Gyro: -2.60, -0.89, -1.29
Accel: -0.18, 0.04, -0.96
Gyro: -2.75, -0.92, -1.82
Accel: -0.18, 0.04, -0.95
Gyro: -2.32, -0.60, -1.82
Accel: -0.18, 0.05, -0.95
Gyro: -1.88, -0.21, -1.05
Accel: -0.18, 0.04, -0.94
Gyro: -1.73, -0.66, -0.11
