Accel: -0.35, 0.04, -0.91
Gyro: -2.80, 0.24, -0.84
Accel: -0.34, 0.04, -0.90
Gyro: -2.75, -0.99, -1.50
Accel: -0.36, 0.05, -0.92
Gyro: -3.39, -0.96, -1.86
Accel: -0.36, 0.05, -0.92
Gyro: -3.09, 1.11, -1.54
Accel: -0.33, 0.05, -0.90
Gyro: -2.13, 0.85, -2.01
Accel: -0.34, 0.05, -0.90
Gyro: -2.63, -0.56, -1.24
Accel: -0.34, 0.05, -0.92
Gyro: -3.32, 0.57, -1.38
Accel: -0.34, 0.05, -0.89
Gyro: -2.44, 0.43, -1.49
Accel: -0.34, 0.05, -0.91
Gyro: -2.35, -0.13, -2.09
Accel: -0.34, 0.06, -0.90
Gyro: -1.55, -0.11, -1.47
Accel: -0.33, 0.05, -0.91
Gyro: -0.87, -0.27, -0.54
Accel: -0.32, 0.05, -0.90
Gyro: -0.60, -1.68, -0.30
Accel: -0.32, 0.03, -0.89
Gyro: -1.18, -3.46, -0.66
Accel: -0.32, 0.03, -0.89
Gyro: -3.27, -5.84, -1.84
Accel: -0.30, 0.01, -0.86
Gyro: -6.45, -9.80, -3.20
Accel: -0.24, 0.01, -0.78
Gyro: -10.93, -19.22, -5.30
Accel: -0.21, 0.03, -0.74
Gyro: -13.55, -37.62, -7.61
Accel: -0.24, 0.04, -0.74
Gyro: -15.42, -56.16, -9.35
Accel: -0.25, 0.07, -0.68
Gyro: -14.88, -74.34, -11.72
Accel: -0.27, 0.08, -0.60
Gyro: -10.07, -99.34, -11.84
Accel: -0.35, 0.07, -0.62
Gyro: -9.89, -122.28, -11.60
Accel: -0.44, 0.06, -0.52
Gyro: -8.54, -140.14, -11.29
Accel: -0.55, 0.05, -0.43
Gyro: -8.13, -160.25, -12.65
Accel: -0.73, 0.06, -0.45
Gyro: -0.91, -177.47, -15.44
Accel: -0.92, 0.03, -0.69
Gyro: 6.22, -170.56, -18.59
Accel: -1.04, 0.02, -0.68
Gyro: -5.38, -142.78, -22.80
Accel: -1.16, 0.05, -0.48
Gyro: 9.74, -131.03, -23.55
Accel: -1.34, 0.06, -0.81
Gyro: 11.62, -101.30, -19.75
Accel: -1.29, 0.08, -0.82
Gyro: -8.22, -40.75, -12.83
Accel: -1.13, 0.09, -0.30
Gyro: 10.21, -26.08, -4.39
Accel: -1.17, 0.04, -0.57
Gyro: 5.52, -14.32, 4.95
Accel: -1.07, 0.02, -0.44
Gyro: -6.61, 7.43, 7.88
Accel: -1.00, 0.00, -0.39
Gyro: -3.41, 15.03, 4.93
Accel: -1.01, 0.01, -0.38
Gyro: -5.71, 16.06, 1.34
Accel: -1.02, 0.02, -0.47
Gyro: -6.48, 28.09, -1.75
Accel: -1.01, 0.02, -0.44
Gyro: -2.43, 38.52, -3.16
Accel: -1.03, 0.03, -0.53
Gyro: -4.00, 47.99, -3.11
Accel: -1.03, 0.06, -0.58
Gyro: -3.27, 66.31, -1.53
Accel: -0.94, 0.04, -0.46
Gyro: 3.50, 76.13, -0.18
Accel: -0.95, 0.04, -0.54
Gyro: 3.10, 81.35, 3.41
Accel: -0.87, 0.02, -0.55
Gyro: -7.97, 88.60, 5.88
Accel: -0.83, 0.02, -0.56
Gyro: -0.64, 92.25, 7.48
Accel: -0.77, 0.03, -0.56
Gyro: -4.23, 92.36, 7.97
Accel: -0.71, 0.04, -0.59
Gyro: -3.39, 91.42, 8.13
Accel: -0.67, 0.04, -0.63
Gyro: -0.85, 88.27, 8.07
Accel: -0.59, 0.03, -0.67
Gyro: -4.43, 85.09, 7.13
Accel: -0.56, 0.06, -0.66
Gyro: -2.08, 75.84, 7.93
Accel: -0.54, 0.06, -0.71
Gyro: 2.13, 71.80, 7.64
Accel: -0.49, 0.05, -0.73
Gyro: 3.99, 65.48, 7.61
Accel: -0.48, 0.05, -0.75
Gyro: 4.32, 57.51, 6.38
Accel: -0.45, 0.05, -0.82
Gyro: 3.37, 54.08, 6.46
Accel: -0.41, 0.04, -0.79
Gyro: 1.65, 49.00, 5.80
Accel: -0.39, 0.05, -0.81
Gyro: 4.17, 41.66, 5.38
Accel: -0.38, 0.03, -0.85
Gyro: 2.72, 37.94, 5.63
Accel: -0.34, 0.02, -0.83
Gyro: -0.35, 33.73, 4.39
Accel: -0.32, 0.03, -0.82
Gyro: 0.29, 24.93, 2.54
Accel: -0.33, 0.03, -0.84
Gyro: 0.17, 17.43, 1.18
Accel: -0.33, 0.03, -0.88
Gyro: 0.14, 13.49, 0.35
Accel: -0.33, 0.05, -0.86
Gyro: -0.72, 10.24, -0.96
Accel: -0.33, 0.04, -0.89
Gyro: -1.17, 6.02, -0.56
Accel: -0.35, 0.04, -0.91
Gyro: -2.97, 5.36, -0.11
Accel: -0.34, 0.04, -0.91
Gyro: -3.25, 5.57, -0.19
Accel: -0.33, 0.04, -0.90
Gyro: -3.07, 4.83, -0.85
Accel: -0.33, 0.04, -0.89
Gyro: -3.30, 2.92, -1.43
Accel: -0.33, 0.04, -0.91
Gyro: -3.29, 2.88, -1.87
Accel: -0.33, 0.04, -0.91
Gyro: -2.57, 2.16, -1.74
Accel: -0.32, 0.04, -0.90
Gyro: -2.33, 0.89, -2.09
Accel: -0.33, 0.03, -0.90
Gyro: -3.20, -0.21, -1.70
Accel: -0.33, 0.05, -0.91
Gyro: -3.18, -0.87, -1.96
Accel: -0.33, 0.04, -0.90
Gyro: -3.39, -2.19, -2.17
Accel: -0.34, 0.04, -0.90
Gyro: -4.03, -3.54, -2.15
Accel: -0.35, 0.05, -0.91
Gyro: -3.84, -3.71, -2.23
Accel: -0.36, 0.05, -0.92
Gyro: -3.97, -2.06, -2.19
Accel: -0.35, 0.05, -0.90
Gyro: -4.00, -1.14, -2.43
Accel: -0.35, 0.05, -0.91
Gyro: -3.97, -0.88, -2.22
Accel: -0.34, 0.07, -0.90
Gyro: -3.00, -0.56, -2.58
Accel: -0.34, 0.06, -0.89
Gyro: -1.62, -0.53, -1.54
Accel: -0.34, 0.05, -0.89
Gyro: -1.77, -1.03, -0.89
Accel: -0.35, 0.06, -0.91
Gyro: -1.57, -1.46, -0.63
Accel: -0.34, 0.05, -0.90
Gyro: -1.50, -1.67, -0.48
Accel: -0.35, 0.05, -0.91
Gyro: -0.82, -2.14, -0.41
Accel: -0.34, 0.05, -0.91
Gyro: -1.08, -1.01, -0.18
Accel: -0.33, 0.05, -0.91
Gyro: -1.06, -0.87, -0.08
Accel: -0.33, 0.05, -0.88
Gyro: -1.24, -3.00, -0.09
Accel: -0.35, 0.05, -0.90
Gyro: -0.31, -6.97, -0.23
Accel: -0.38, 0.05, -0.95
Gyro: -2.51, -3.84, 0.18
Accel: -0.36, 0.04, -0.93
Gyro: -1.79, 0.01, -0.46
Accel: -0.35, 0.03, -0.90
Gyro: -1.03, 0.87, -1.38
Accel: -0.34, 0.05, -0.88
Gyro: -0.94, -1.46, -2.13
Accel: -0.35, 0.04, -0.92
Gyro: -2.66, -2.26, -1.69
Accel: -0.35, 0.05, -0.91
Gyro: -3.42, -1.05, -1.26
Accel: -0.35, 0.04, -0.90
Gyro: -0.68, -1.32, -1.49
Accel: -0.36, 0.04, -0.91
Gyro: -1.05, -0.88, -1.44
Accel: -0.34, 0.04, -0.90
Gyro: -2.58, -1.09, -1.81
Accel: -0.35, 0.04, -0.90
Gyro: -2.31, -1.52, -1.48
Accel: -0.35, 0.04, -0.91
Gyro: -1.90, -2.35, -1.81
Accel: -0.36, 0.04, -0.92
Gyro: -2.45, -2.68, -2.20
Accel: -0.36, 0.05, -0.90
Gyro: -2.30, -2.15, -1.94
Accel: -0.36, 0.05, -0.90
Gyro: -2.66, -1.75, -1.46
Accel: -0.36, 0.05, -0.92
Gyro: -1.54, -1.14, -0.92
Accel: -0.36, 0.04, -0.90
Gyro: -1.41, -1.05, -0.76
