Accel: -0.21, 0.07, -0.95
Gyro: 0.24, -0.19, -0.24
Accel: -0.21, 0.05, -0.95
Gyro: 0.39, -0.18, 0.28
Accel: -0.21, 0.05, -0.95
Gyro: -0.34, 0.00, 0.53
Accel: -0.21, 0.05, -0.94
Gyro: -1.17, 0.76, 0.67
Accel: -0.21, 0.05, -0.94
Gyro: -1.26, 0.13, 0.12
Accel: -0.21, 0.05, -0.96
Gyro: -2.33, -0.17, -0.25
Accel: -0.21, 0.05, -0.96
Gyro: -3.07, 0.59, -1.07
Accel: -0.21, 0.05, -0.94
Gyro: -2.51, 1.23, -1.22
Accel: -0.20, 0.06, -0.93
Gyro: -1.94, 0.13, -1.41
Accel: -0.19, 0.05, -0.93
Gyro: -2.94, -1.37, -1.66
Accel: -0.17, 0.03, -0.90
Gyro: -4.72, -4.72, -2.00
Accel: -0.14, 0.04, -0.84
Gyro: -7.85, -13.58, -2.54
Accel: -0.12, 0.06, -0.83
Gyro: -9.28, -27.64, -1.92
Accel: -0.12, 0.04, -0.79
Gyro: -10.80, -43.28, -0.95
Accel: -0.15, 0.05, -0.81
Gyro: -13.11, -60.53, -3.03
Accel: -0.18, 0.05, -0.79
Gyro: -12.57, -75.32, -5.57
Accel: -0.24, 0.04, -0.78
Gyro: -11.70, -88.17, -8.42
Accel: -0.28, 0.05, -0.70
Gyro: -13.14, -103.98, -10.85
Accel: -0.35, 0.06, -0.69
Gyro: -14.60, -120.04, -12.83
Accel: -0.42, 0.07, -0.64
Gyro: -14.22, -132.92, -14.53
Accel: -0.51, 0.06, -0.60
Gyro: -13.34, -144.14, -17.18
Accel: -0.65, 0.07, -0.55
Gyro: -12.93, -154.19, -20.81
Accel: -0.83, 0.07, -0.68
Gyro: 1.24, -153.27, -22.68
Accel: -0.95, 0.08, -0.87
Gyro: -7.86, -131.10, -25.53
Accel: -0.98, 0.11, -0.71
Gyro: -8.31, -102.18, -26.58
Accel: -1.04, 0.14, -0.61
Gyro: 5.59, -89.62, -23.54
Accel: -1.10, 0.12, -0.76
Gyro: 1.35, -66.73, -14.89
Accel: -1.07, 0.11, -0.59
Gyro: -0.55, -41.19, -9.66
Accel: -1.13, 0.08, -0.65
Gyro: 10.19, -24.24, -1.91
Accel: -1.09, 0.06, -0.64
Gyro: 1.51, 1.90, 2.26
Accel: -1.02, 0.04, -0.50
Gyro: 4.88, 15.86, 1.92
Accel: -1.02, 0.03, -0.57
Gyro: 3.98, 24.46, 2.91
Accel: -1.00, 0.02, -0.59
Gyro: -0.44, 39.34, 3.06
Accel: -0.99, 0.04, -0.60
Gyro: 0.99, 52.87, 2.87
Accel: -0.94, 0.05, -0.60
Gyro: 0.30, 68.28, 4.67
Accel: -0.90, 0.05, -0.58
Gyro: 0.32, 76.72, 7.12
Accel: -0.91, 0.07, -0.66
Gyro: 3.91, 83.35, 7.28
Accel: -0.90, 0.05, -0.73
Gyro: 2.36, 101.66, 8.86
Accel: -0.82, 0.06, -0.72
Gyro: 6.53, 116.10, 9.57
Accel: -0.74, 0.04, -0.70
Gyro: 6.94, 124.37, 10.83
Accel: -0.66, 0.04, -0.71
Gyro: 10.30, 124.52, 10.70
Accel: -0.57, 0.03, -0.73
Gyro: 4.99, 125.96, 12.12
Accel: -0.45, 0.02, -0.67
Gyro: 2.20, 118.31, 11.91
Accel: -0.40, 0.03, -0.75
Gyro: 2.83, 107.35, 10.36
Accel: -0.34, 0.04, -0.80
Gyro: 2.98, 98.69, 10.13
Accel: -0.27, 0.03, -0.77
Gyro: 0.63, 87.70, 9.54
Accel: -0.22, 0.02, -0.78
Gyro: 1.79, 74.26, 7.11
Accel: -0.21, 0.03, -0.87
Gyro: 0.08, 66.10, 5.70
Accel: -0.15, 0.03, -0.83
Gyro: 1.23, 56.95, 5.16
Accel: -0.14, 0.02, -0.87
Gyro: 0.87, 49.44, 2.58
Accel: -0.11, 0.02, -0.91
Gyro: -1.13, 42.40, 0.06
Accel: -0.09, 0.02, -0.89
Gyro: -2.88, 35.22, -2.54
Accel: -0.07, 0.04, -0.91
Gyro: -3.31, 28.06, -4.50
Accel: -0.07, 0.05, -0.93
Gyro: -3.59, 23.03, -4.52
Accel: -0.06, 0.05, -0.92
Gyro: -4.17, 18.64, -3.54
Accel: -0.05, 0.05, -0.91
Gyro: -3.97, 12.26, -2.22
Accel: -0.05, 0.06, -0.96
Gyro: -3.56, 5.33, -0.72
Accel: -0.05, 0.06, -0.97
Gyro: -4.70, 6.11, -0.62
Accel: -0.03, 0.06, -0.92
Gyro: -2.18, 4.18, 0.40
Accel: -0.04, 0.05, -0.93
Gyro: -1.46, -1.63, -0.04
Accel: -0.06, 0.05, -0.95
Gyro: -3.05, -5.04, -0.26
Accel: -0.07, 0.06, -0.97
Gyro: -2.90, -5.25, -0.20
Accel: -0.07, 0.06, -0.95
Gyro: -2.95, -5.87, 0.08
Accel: -0.08, 0.06, -0.97
Gyro: -2.86, -7.28, -0.24
Accel: -0.08, 0.05, -0.97
Gyro: -1.53, -8.02, -0.40
Accel: -0.09, 0.05, -0.97
Gyro: -1.16, -8.01, -0.39
Accel: -0.10, 0.06, -0.97
Gyro: -1.11, -8.71, -0.47
Accel: -0.11, 0.05, -0.96
Gyro: 0.26, -7.04, 0.74
Accel: -0.11, 0.04, -0.97
Gyro: 0.50, -5.93, 0.92
Accel: -0.11, 0.04, -0.96
Gyro: -0.15, -5.49, 0.48
Accel: -0.11, 0.04, -0.98
Gyro: -1.09, -4.81, 0.26
Accel: -0.12, 0.05, -0.96
Gyro: -0.45, -4.33, -0.02
Accel: -0.12, 0.03, -0.97
Gyro: 0.08, -4.01, 0.15
Accel: -0.12, 0.03, -0.96
Gyro: -1.96, -3.75, -0.64
Accel: -0.12, 0.04, -0.96
Gyro: -2.53, -4.36, -1.18
Accel: -0.12, 0.04, -0.95
Gyro: -2.27, -5.76, -1.84
Accel: -0.13, 0.05, -0.98
Gyro: -2.15, -5.39, -1.82
Accel: -0.13, 0.05, -0.96
Gyro: -2.59, -3.75, -0.83
Accel: -0.13, 0.04, -0.96
Gyro: -3.40, -3.94, -0.64
Accel: -0.14, 0.04, -0.97
Gyro: -2.22, -4.35, -1.24
Accel: -0.14, 0.03, -0.99
Gyro: -3.11, -2.40, -1.73
Accel: -0.15, 0.04, -0.98
Gyro: -3.65, -0.19, -2.18
Accel: -0.12, 0.03, -0.95
Gyro: -3.54, 0.67, -1.87
Accel: -0.13, 0.04, -0.94
Gyro: -3.45, -1.18, -2.13
Accel: -0.13, 0.05, -0.96
Gyro: -6.17, -1.92, -1.98
Accel: -0.14, 0.06, -0.96
Gyro: -5.42, -1.34, -1.55
Accel: -0.13, 0.06, -0.95
Gyro: -2.62, -2.23, -0.70
Accel: -0.14, 0.06, -0.95
Gyro: -2.23, -2.92, -0.40
Accel: -0.14, 0.05, -0.96
Gyro: -1.93, -3.17, -0.71
Accel: -0.14, 0.05, -0.95
Gyro: -1.64, -3.53, -0.76
Accel: -0.15, 0.05, -0.97
Gyro: -2.05, -3.46, -0.65
Accel: -0.15, 0.05, -0.96
Gyro: -2.78, -2.20, -0.32
Accel: -0.16, 0.06, -0.97
Gyro: -1.98, -0.60, -0.75
Accel: -0.14, 0.05, -0.96
Gyro: -1.98, 0.03, -0.95
Accel: -0.14, 0.04, -0.97
Gyro: -2.49, -0.30, -1.40
Accel: -0.14, 0.05, -0.96
Gyro: -2.50, -1.17, -1.49
Accel: -0.13, 0.06, -0.96
Gyro: -2.44, -0.79, -1.10
Accel: -0.13, 0.06, -0.95
Gyro: -1.72, -0.77, -0.36
Accel: -0.14, 0.06, -0.95
Gyro: -0.95, -2.18, -0.43
Accel: -0.13, 0.05, -0.95
Gyro: -1.12, -3.13, -0.02
Accel: -0.14, 0.04, -0.96
Gyro: -1.35, -3.87, -0.14
