Accel: -0.18, 0.04, -0.96
Gyro: -2.71, -0.07, -0.19
Accel: -0.18, 0.04, -0.96
Gyro: -2.85, 1.14, -0.81
Accel: -0.17, 0.05, -0.95
Gyro: -2.17, 1.64, -1.56
Accel: -0.18, 0.04, -0.96
Gyro: -1.44, 1.16, -1.52
Accel: -0.17, 0.04, -0.95
Gyro: -2.52, 0.21, -1.05
Accel: -0.17, 0.04, -0.94
Gyro: -2.79, -0.80, -0.62
Accel: -0.17, 0.04, -0.95
Gyro: -2.43, -1.34, -0.69
Accel: -0.18, 0.04, -0.96
Gyro: -2.94, -1.14, -1.21
Accel: -0.17, 0.03, -0.95
Gyro: -3.31, -0.77, -2.12
Accel: -0.15, 0.02, -0.93
Gyro: -5.99, -2.79, -2.88
Accel: -0.12, 0.04, -0.89
Gyro: -6.94, -8.76, -3.92
Accel: -0.10, 0.04, -0.88
Gyro: -7.67, -18.08, -4.02
Accel: -0.08, 0.04, -0.85
Gyro: -10.93, -28.31, -4.61
Accel: -0.05, 0.04, -0.79
Gyro: -12.30, -45.07, -4.91
Accel: -0.08, 0.05, -0.78
Gyro: -11.88, -65.83, -6.02
Accel: -0.14, 0.05, -0.80
Gyro: -12.39, -81.83, -6.91
Accel: -0.20, 0.07, -0.76
Gyro: -10.51, -97.12, -9.71
Accel: -0.26, 0.06, -0.72
Gyro: -7.48, -111.31, -10.24
Accel: -0.33, 0.06, -0.67
Gyro: -6.81, -126.81, -10.64
Accel: -0.41, 0.05, -0.61
Gyro: -8.32, -141.60, -11.63
Accel: -0.57, 0.06, -0.53
Gyro: -7.43, -160.26, -15.62
Accel: -0.74, 0.03, -0.69
Gyro: -1.26, -164.41, -20.01
Accel: -0.82, 0.02, -0.88
Gyro: -6.52, -141.65, -26.08
Accel: -0.86, 0.02, -0.68
Gyro: -9.09, -121.35, -31.39
Accel: -0.91, 0.05, -0.56
Gyro: 1.42, -112.56, -30.78
Accel: -1.03, 0.03, -0.59
Gyro: -6.26, -104.58, -27.06
Accel: -1.16, 0.06, -0.71
Gyro: -4.36, -90.62, -20.20
Accel: -1.19, 0.05, -0.76
Gyro: -6.89, -47.65, -13.57
Accel: -1.18, 0.07, -0.52
Gyro: -3.25, -27.08, -6.97
Accel: -1.20, 0.05, -0.70
Gyro: -4.42, 0.18, -0.71
Accel: -1.09, 0.04, -0.54
Gyro: -5.72, 27.56, 2.91
Accel: -1.08, 0.05, -0.55
Gyro: -2.98, 41.26, 7.37
Accel: -1.01, 0.03, -0.55
Gyro: -10.22, 58.46, 9.68
Accel: -0.97, 0.06, -0.51
Gyro: -4.02, 69.36, 12.93
Accel: -0.94, 0.08, -0.54
Gyro: 0.87, 76.35, 14.40
Accel: -0.90, 0.06, -0.56
Gyro: -0.88, 83.68, 13.99
Accel: -0.84, 0.07, -0.55
Gyro: 4.07, 86.01, 15.05
Accel: -0.82, 0.05, -0.66
Gyro: 5.80, 91.61, 16.30
Accel: -0.75, 0.05, -0.61
Gyro: 8.24, 96.13, 17.27
Accel: -0.68, 0.04, -0.62
Gyro: 10.87, 91.64, 16.26
Accel: -0.63, 0.05, -0.68
Gyro: 10.15, 87.71, 16.11
Accel: -0.58, 0.04, -0.69
Gyro: 8.57, 83.84, 14.94
Accel: -0.53, 0.04, -0.72
Gyro: 9.04, 78.88, 14.22
Accel: -0.47, 0.03, -0.73
Gyro: 7.40, 71.58, 13.42
Accel: -0.42, 0.02, -0.75
Gyro: 3.94, 62.25, 11.26
Accel: -0.39, 0.03, -0.77
Gyro: 4.46, 52.28, 8.33
Accel: -0.39, 0.03, -0.84
Gyro: 6.07, 45.85, 5.71
Accel: -0.37, 0.03, -0.85
Gyro: 2.88, 45.24, 4.13
Accel: -0.35, 0.03, -0.84
Gyro: 4.45, 40.28, 1.40
Accel: -0.38, 0.04, -0.95
Gyro: 4.85, 40.23, 0.18
Accel: -0.33, 0.03, -0.91
Gyro: 0.45, 46.90, 0.02
Accel: -0.26, 0.02, -0.86
Gyro: 1.57, 43.91, -1.39
Accel: -0.22, 0.03, -0.83
Gyro: -0.29, 34.62, -2.46
Accel: -0.22, 0.04, -0.88
Gyro: -1.37, 24.66, -1.70
Accel: -0.22, 0.03, -0.94
Gyro: -3.84, 22.87, -1.41
Accel: -0.20, 0.03, -0.93
Gyro: -4.07, 21.52, -1.29
Accel: -0.21, 0.04, -0.93
Gyro: -3.19, 19.39, -1.08
Accel: -0.20, 0.04, -0.93
Gyro: -2.84, 18.20, -1.35
Accel: -0.19, 0.04, -0.94
Gyro: -3.68, 16.88, -2.25
Accel: -0.17, 0.04, -0.92
Gyro: -2.43, 13.96, -3.03
Accel: -0.18, 0.04, -0.92
Gyro: -2.24, 10.43, -2.97
Accel: -0.18, 0.05, -0.93
Gyro: -2.17, 8.06, -2.58
Accel: -0.17, 0.04, -0.92
Gyro: -2.31, 5.33, -1.90
Accel: -0.17, 0.04, -0.92
Gyro: -3.26, 1.56, -1.32
Accel: -0.18, 0.04, -0.95
Gyro: -3.20, -2.93, -1.11
Accel: -0.22, 0.05, -1.02
Gyro: -4.04, 0.99, -0.96
Accel: -0.20, 0.04, -0.96
Gyro: -3.52, 6.29, -1.15
Accel: -0.18, 0.05, -0.93
Gyro: -1.17, 5.02, -2.56
Accel: -0.17, 0.05, -0.92
Gyro: -1.59, 1.73, -3.11
Accel: -0.18, 0.05, -0.95
Gyro: -1.59, -0.56, -2.44
Accel: -0.19, 0.05, -0.96
Gyro: -2.55, -0.66, -0.81
Accel: -0.19, 0.05, -0.95
Gyro: -2.54, -0.49, 0.08
Accel: -0.19, 0.04, -0.94
Gyro: -2.72, -0.61, -0.08
Accel: -0.19, 0.03, -0.93
Gyro: -2.20, -2.04, -1.32
Accel: -0.18, 0.04, -0.94
Gyro: -2.46, -2.96, -2.27
Accel: -0.19, 0.05, -0.95
Gyro: -1.53, -3.41, -2.35
Accel: -0.19, 0.05, -0.95
Gyro: -0.79, -4.33, -1.34
Accel: -0.20, 0.05, -0.96
Gyro: -2.10, -4.73, -0.24
Accel: -0.20, 0.05, -0.96
Gyro: -2.11, -4.20, -0.22
Accel: -0.21, 0.04, -0.96
Gyro: -2.51, -2.64, -0.37
Accel: -0.21, 0.05, -0.95
Gyro: -2.10, -1.24, -1.12
Accel: -0.21, 0.05, -0.96
Gyro: -1.14, -0.60, -0.74
Accel: -0.21, 0.04, -0.96
Gyro: -0.79, 0.70, -0.58
Accel: -0.20, 0.04, -0.96
Gyro: -1.75, 1.17, -0.79
Accel: -0.20, 0.04, -0.95
Gyro: -1.82, 1.51, -0.87
Accel: -0.20, 0.04, -0.95
Gyro: -1.92, 0.48, -1.01
Accel: -0.19, 0.04, -0.95
Gyro: -2.44, 0.16, -0.87
Accel: -0.20, 0.05, -0.95
Gyro: -2.62, 0.46, -0.96
Accel: -0.19, 0.05, -0.95
Gyro: -1.73, 0.25, -1.03
Accel: -0.20, 0.05, -0.95
Gyro: -2.01, 0.11, -0.85
Accel: -0.20, 0.05, -0.95
Gyro: -1.49, -0.37, -0.83
Accel: -0.19, 0.04, -0.95
Gyro: -2.42, -0.33, -1.05
Accel: -0.19, 0.04, -0.96
Gyro: -2.24, -1.08, -1.16
Accel: -0.19, 0.04, -0.95
Gyro: -1.81, -1.01, -1.06
Accel: -0.20, 0.04, -0.95
Gyro: -0.89, -1.43, -0.88
Accel: -0.19, 0.04, -0.95
Gyro: -2.72, -1.72, -0.70
Accel: -0.20, 0.04, -0.94
Gyro: -1.54, -2.99, -0.94
Accel: -0.20, 0.05, -0.95
Gyro: -1.82, -3.15, -0.93
Accel: -0.21, 0.05, -0.96
Gyro: -2.02, -2.08, -0.79
Accel: -0.20, 0.04, -0.96
Gyro: -1.16, -1.27, -0.69
Accel: -0.20, 0.04, -0.95
Gyro: -2.04, -1.22, -0.44
