Accel: -0.40, 0.12, -0.90
Gyro: -39.56, 19.20, -17.81
Accel: -0.39, 0.13, -0.85
Gyro: -41.68, 21.61, -21.40
Accel: -0.39, 0.16, -0.91
Gyro: -47.36, 23.90, -25.89
Accel: -0.36, 0.21, -0.88
Gyro: -48.90, 26.89, -28.61
Accel: -0.36, 0.21, -0.86
Gyro: -48.17, 27.37, -31.36
Accel: -0.42, 0.16, -0.90
Gyro: -50.98, 28.54, -35.61
Accel: -0.44, 0.32, -0.96
Gyro: -64.42, 41.87, -43.04
Accel: -0.37, 0.48, -0.86
Gyro: -46.42, 49.01, -41.82
Accel: -0.34, 0.39, -0.86
Gyro: -27.00, 50.74, -37.46
Accel: -0.31, 0.43, -0.90
Gyro: -37.17, 56.40, -31.96
Accel: -0.23, 0.50, -0.83
Gyro: -30.53, 55.31, -23.77
Accel: -0.30, 0.30, -0.92
Gyro: -13.30, 51.48, -20.72
Accel: -0.50, 0.35, -1.29
Gyro: -30.82, 84.57, -24.57
Accel: -0.62, 0.37, -1.34
Gyro: -58.59, 160.17, -8.96
Accel: -0.38, 0.24, -0.83
Gyro: -62.03, 201.16, -6.75
Accel: -0.23, 0.22, -0.66
Gyro: -80.75, 211.92, -13.95
Accel: -0.05, 0.33, -0.49
Gyro: -90.49, 201.93, -22.20
Accel: 0.03, 0.55, -0.60
Gyro: -91.61, 193.23, -27.10
Accel: 0.21, 0.79, -0.52
Gyro: -76.03, 187.10, -23.86
Accel: 0.31, 0.96, -0.46
Gyro: -84.68, 176.93, 13.79
Accel: 0.53, 1.05, -0.26
Gyro: -29.36, 155.43, 32.93
Accel: 0.66, 1.05, -0.28
Gyro: -2.56, 125.62, 63.39
Accel: 0.65, 1.00, -0.24
Gyro: 1.53, 95.23, 96.75
Accel: 0.66, 0.92, -0.23
Gyro: 31.36, 72.16, 130.84
Accel: 0.66, 0.73, -0.31
Gyro: 49.79, 57.99, 156.81
Accel: 0.69, 0.54, -0.32
Gyro: 47.20, 42.61, 172.81
Accel: 0.70, 0.37, -0.28
Gyro: 38.09, 27.61, 189.90
Accel: 0.73, 0.19, -0.36
Gyro: 42.21, 17.07, 190.06
Accel: 0.75, 0.12, -0.35
Gyro: 25.44, 7.87, 190.81
Accel: 0.81, -0.06, -0.34
Gyro: 25.22, -1.72, 187.49
Accel: 0.84, -0.19, -0.32
Gyro: 21.42, -10.99, 176.77
Accel: 0.86, -0.27, -0.32
Gyro: 14.88, -24.01, 167.66
Accel: 0.86, -0.37, -0.27
Gyro: 18.03, -44.59, 155.97
Accel: 0.83, -0.46, -0.40
Gyro: 4.61, -51.79, 149.44
Accel: 0.78, -0.52, -0.39
Gyro: 0.31, -63.65, 138.17
Accel: 0.76, -0.59, -0.48
Gyro: -5.42, -75.86, 120.48
Accel: 0.72, -0.57, -0.44
Gyro: -13.79, -84.09, 108.67
Accel: 0.65, -0.59, -0.45
Gyro: -17.07, -103.64, 101.22
Accel: 0.58, -0.66, -0.49
Gyro: -28.22, -120.06, 91.57
Accel: 0.48, -0.68, -0.52
Gyro: -36.81, -134.22, 85.39
Accel: 0.36, -0.75, -0.56
Gyro: -39.05, -149.83, 70.45
Accel: 0.23, -0.78, -0.57
Gyro: -52.76, -165.43, 48.48
Accel: 0.17, -0.65, -0.51
Gyro: -67.31, -185.76, 24.03
Accel: -0.05, -0.61, -0.72
Gyro: -58.01, -197.37, 3.74
Accel: -0.27, -0.70, -0.89
Gyro: -72.27, -187.23, -25.15
Accel: -0.42, -0.68, -0.95
Gyro: -100.94, -163.25, -60.53
Accel: -0.48, -0.41, -0.95
Gyro: -114.14, -138.39, -85.34
Accel: -0.45, -0.25, -0.84
Gyro: -128.28, -120.57, -86.59
Accel: -0.45, -0.22, -0.85
Gyro: -139.78, -103.75, -83.57
Accel: -0.50, -0.13, -0.85
Gyro: -146.29, -88.28, -87.17
Accel: -0.52, 0.03, -0.89
Gyro: -139.48, -71.44, -83.03
Accel: -0.49, 0.06, -0.83
Gyro: -118.32, -56.54, -76.84
Accel: -0.55, 0.11, -0.95
Gyro: -89.50, -43.51, -72.55
Accel: -0.50, 0.14, -0.90
Gyro: -90.67, -27.15, -69.08
Accel: -0.47, 0.20, -0.70
Gyro: -77.70, -26.83, -64.96
Accel: -0.48, 0.26, -0.85
Gyro: -49.63, -20.69, -61.11
Accel: -0.49, 0.22, -1.00
Gyro: -53.22, -11.76, -51.47
Accel: -0.52, 0.27, -0.85
Gyro: -46.74, -16.85, -48.68
Accel: -0.49, 0.26, -0.88
Gyro: -42.73, -17.11, -42.95
Accel: -0.50, 0.28, -0.88
Gyro: -28.48, -8.44, -33.26
Accel: -0.47, 0.26, -0.88
Gyro: -10.28, -3.14, -27.41
Accel: -0.43, 0.23, -0.85
Gyro: -2.22, -1.44, -23.20
Accel: -0.43, 0.21, -0.76
Gyro: 11.28, -8.36, -19.67
Accel: -0.50, 0.20, -0.88
Gyro: 20.45, -12.46, -12.92
Accel: -0.51, 0.16, -0.91
Gyro: 8.08, -5.66, -1.86
Accel: -0.49, 0.13, -0.86
Gyro: 7.73, -1.88, 7.42
Accel: -0.48, 0.10, -0.87
Gyro: 3.21, -0.28, 14.11
Accel: -0.47, 0.08, -0.87
Gyro: -8.01, 1.79, 15.56
Accel: -0.45, 0.09, -0.84
Gyro: -7.68, 1.66, 12.87
Accel: -0.47, 0.11, -0.86
Gyro: -5.58, 0.47, 10.06
Accel: -0.47, 0.14, -0.88
Gyro: -5.62, 2.37, 6.94
Accel: -0.45, 0.13, -0.86
Gyro: 1.04, 3.96, 7.15
Accel: -0.44, 0.09, -0.86
Gyro: -0.20, 4.73, 6.84
Accel: -0.43, 0.10, -0.84
Gyro: -5.15, 2.99, 4.64
Accel: -0.44, 0.11, -0.86
Gyro: -6.36, 1.79, 3.12
Accel: -0.43, 0.11, -0.86
Gyro: -5.81, 1.59, 0.94
Accel: -0.43, 0.12, -0.86
Gyro: -5.60, 1.91, -0.97
Accel: -0.43, 0.13, -0.86
Gyro: -4.84, 1.33, -2.62
Accel: -0.42, 0.13, -0.83
Gyro: -2.64, -1.24, -3.49
Accel: -0.44, 0.13, -0.88
Gyro: -3.88, -2.17, -2.94
Accel: -0.44, 0.13, -0.87
Gyro: -4.61, -0.85, -2.19
Accel: -0.45, 0.14, -0.88
Gyro: -3.37, 0.44, -1.72
Accel: -0.44, 0.15, -0.86
Gyro: -1.89, 0.44, -0.96
Accel: -0.43, 0.12, -0.85
Gyro: -1.17, 0.20, -0.24
Accel: -0.44, 0.12, -0.85
Gyro: -2.72, 0.17, -0.14
Accel: -0.44, 0.14, -0.87
Gyro: -4.17, 1.34, -0.06
Accel: -0.43, 0.13, -0.87
Gyro: -3.10, 2.39, -0.30
Accel: -0.43, 0.12, -0.86
Gyro: -1.27, 1.31, -0.72
Accel: -0.42, 0.10, -0.87
Gyro: -5.90, 1.67, -2.42
Accel: -0.42, 0.11, -0.85
Gyro: -6.87, 0.79, -4.70
Accel: -0.43, 0.14, -0.88
Gyro: -4.88, 0.58, -4.76
Accel: -0.43, 0.15, -0.88
Gyro: -4.74, 2.93, -2.39
Accel: -0.43, 0.14, -0.86
Gyro: -2.51, 2.77, -0.86
Accel: -0.43, 0.12, -0.86
Gyro: -3.30, 3.32, 0.42
Accel: -0.42, 0.11, -0.86
Gyro: -6.02, 1.96, -0.29
Accel: -0.43, 0.13, -0.87
Gyro: -6.97, 1.79, -1.41
Accel: -0.42, 0.13, -0.87
Gyro: -4.80, 1.36, -1.55
Accel: -0.43, 0.12, -0.89
Gyro: -6.32, 2.00, -2.11
Accel: -0.43, 0.10, -0.88
Gyro: -9.86, 3.12, -2.21
Accel: -0.43, 0.10, -0.89
Gyro: -15.66, 5.91, -5.48
Accel: -0.42, 0.14, -0.88
Gyro: -14.57, 6.74, -7.44
