Accel: -0.42, 0.07, -0.88
Gyro: 2.94, -0.77, 0.38
Accel: -0.41, 0.07, -0.89
Gyro: -0.89, -0.91, -0.28
Accel: -0.40, 0.09, -0.90
Gyro: -1.30, 0.07, -0.70
Accel: -0.40, 0.10, -0.89
Gyro: 0.23, 1.96, -0.35
Accel: -0.39, 0.09, -0.87
Gyro: 1.25, 0.48, 0.69
Accel: -0.40, 0.08, -0.89
Gyro: -0.80, -0.47, 0.68
Accel: -0.40, 0.08, -0.90
Gyro: -1.73, 0.82, 0.47
Accel: -0.40, 0.06, -0.88
Gyro: -2.24, 2.23, 0.96
Accel: -0.39, 0.05, -0.87
Gyro: -1.75, -0.95, 0.36
Accel: -0.40, 0.02, -0.88
Gyro: -5.79, -2.68, -0.03
Accel: -0.40, -0.03, -0.88
Gyro: -10.78, -4.13, -2.30
Accel: -0.41, -0.08, -0.86
Gyro: -23.96, -4.45, -6.30
Accel: -0.42, -0.17, -0.83
Gyro: -39.82, -6.79, -12.66
Accel: -0.45, -0.20, -0.89
Gyro: -67.64, -7.29, -26.60
Accel: -0.47, -0.09, -0.85
Gyro: -89.71, -4.05, -42.89
Accel: -0.58, -0.06, -0.87
Gyro: -100.07, 1.63, -54.14
Accel: -0.62, 0.03, -0.95
Gyro: -117.48, 21.86, -67.92
Accel: -0.66, 0.15, -0.84
Gyro: -126.98, 39.52, -74.44
Accel: -0.70, 0.23, -0.88
Gyro: -138.33, 62.09, -72.23
Accel: -0.67, 0.24, -0.83
Gyro: -144.46, 82.82, -74.04
Accel: -0.70, 0.42, -0.87
Gyro: -149.78, 102.08, -75.68
Accel: -0.67, 0.64, -0.83
Gyro: -139.08, 133.81, -63.88
Accel: -0.56, 0.58, -0.69
Gyro: -120.99, 154.45, -49.54
Accel: -0.55, 0.69, -0.78
Gyro: -108.57, 155.09, -51.95
Accel: -0.38, 0.84, -0.62
Gyro: -91.66, 168.17, -29.34
Accel: -0.29, 0.86, -0.61
Gyro: -68.30, 176.56, -8.20
Accel: -0.20, 0.91, -0.60
Gyro: -62.25, 180.56, 17.07
Accel: -0.13, 0.97, -0.58
Gyro: -48.05, 184.93, 51.37
Accel: -0.00, 0.89, -0.51
Gyro: -32.55, 187.61, 78.84
Accel: 0.11, 0.84, -0.48
Gyro: -21.53, 182.21, 95.99
Accel: 0.27, 0.81, -0.41
Gyro: -17.79, 172.06, 110.66
Accel: 0.43, 0.74, -0.26
Gyro: -11.67, 148.81, 118.48
Accel: 0.56, 0.82, -0.21
Gyro: 22.06, 128.79, 130.81
Accel: 0.67, 0.61, -0.25
Gyro: 31.25, 104.59, 142.99
Accel: 0.74, 0.44, -0.21
Gyro: 16.14, 83.38, 140.61
Accel: 0.82, 0.50, -0.16
Gyro: 16.13, 65.80, 139.40
Accel: 0.83, 0.53, -0.22
Gyro: 32.14, 42.65, 152.89
Accel: 0.84, 0.36, -0.31
Gyro: 26.79, 28.81, 170.82
Accel: 0.86, 0.22, -0.21
Gyro: 17.34, 16.77, 181.14
Accel: 0.90, 0.16, -0.20
Gyro: 18.39, 0.72, 185.91
Accel: 0.88, -0.03, -0.27
Gyro: 21.67, -11.52, 189.56
Accel: 0.88, -0.16, -0.27
Gyro: 13.33, -26.57, 185.16
Accel: 0.86, -0.29, -0.24
Gyro: 21.81, -45.38, 169.13
Accel: 0.85, -0.45, -0.39
Gyro: 10.97, -44.06, 160.39
Accel: 0.82, -0.48, -0.37
Gyro: 7.39, -58.05, 147.07
Accel: 0.80, -0.55, -0.38
Gyro: 0.23, -66.68, 135.59
Accel: 0.76, -0.51, -0.40
Gyro: -35.26, -72.86, 131.04
Accel: 0.73, -0.61, -0.50
Gyro: -32.14, -87.13, 127.84
Accel: 0.65, -0.63, -0.50
Gyro: -40.55, -90.11, 120.86
Accel: 0.60, -0.64, -0.50
Gyro: -40.44, -103.17, 109.65
Accel: 0.54, -0.69, -0.49
Gyro: -39.90, -120.75, 98.99
Accel: 0.40, -0.73, -0.58
Gyro: -48.96, -135.41, 85.83
Accel: 0.29, -0.73, -0.65
Gyro: -58.98, -145.13, 68.59
Accel: 0.16, -0.75, -0.68
Gyro: -67.67, -154.27, 50.76
Accel: 0.02, -0.68, -0.70
Gyro: -81.30, -155.95, 30.43
Accel: -0.09, -0.59, -0.76
Gyro: -89.06, -154.85, 13.21
Accel: -0.25, -0.62, -0.84
Gyro: -112.25, -150.85, -9.86
Accel: -0.29, -0.47, -0.82
Gyro: -135.22, -143.04, -37.43
Accel: -0.36, -0.41, -0.71
Gyro: -150.37, -140.42, -60.94
Accel: -0.52, -0.36, -0.68
Gyro: -159.97, -138.32, -89.23
Accel: -0.57, -0.04, -0.74
Gyro: -151.86, -122.98, -108.09
Accel: -0.66, 0.02, -0.93
Gyro: -147.23, -102.36, -104.50
Accel: -0.73, -0.06, -1.05
Gyro: -147.11, -67.56, -119.32
Accel: -0.71, 0.30, -0.93
Gyro: -155.51, -30.62, -125.60
Accel: -0.66, 0.49, -0.81
Gyro: -85.24, -15.05, -91.93
Accel: -0.54, 0.18, -0.82
Gyro: -64.59, -9.45, -86.27
Accel: -0.54, 0.19, -0.78
Gyro: -66.78, -10.51, -92.32
Accel: -0.59, 0.29, -0.91
Gyro: -57.08, -6.22, -89.26
Accel: -0.53, 0.33, -0.88
Gyro: -36.88, 7.46, -79.29
Accel: -0.49, 0.40, -0.83
Gyro: -20.02, 12.80, -58.40
Accel: -0.46, 0.36, -0.85
Gyro: -12.45, 3.53, -35.46
Accel: -0.46, 0.30, -0.89
Gyro: -17.69, -1.43, -20.56
Accel: -0.47, 0.30, -0.91
Gyro: -2.33, 5.23, -3.88
Accel: -0.45, 0.22, -0.85
Gyro: 11.92, 6.11, 9.86
Accel: -0.43, 0.15, -0.87
Gyro: 12.08, 7.11, 16.65
Accel: -0.42, 0.12, -0.85
Gyro: 4.23, 4.65, 16.99
Accel: -0.41, 0.12, -0.87
Gyro: 8.01, 2.78, 14.82
Accel: -0.41, 0.10, -0.89
Gyro: 6.96, 4.50, 15.07
Accel: -0.39, 0.09, -0.87
Gyro: 10.21, 5.40, 11.51
Accel: -0.35, 0.08, -0.87
Gyro: -0.14, 7.10, 11.21
Accel: -0.38, 0.08, -0.87
Gyro: 4.10, 3.62, 6.69
Accel: -0.38, 0.08, -0.89
Gyro: -5.87, 1.91, 3.06
Accel: -0.38, 0.10, -0.88
Gyro: -4.05, 0.87, 1.83
Accel: -0.38, 0.10, -0.89
Gyro: -4.06, 0.98, 0.02
Accel: -0.39, 0.12, -0.89
Gyro: -5.21, 1.48, 0.19
Accel: -0.39, 0.11, -0.87
Gyro: -3.20, 3.13, 0.56
Accel: -0.38, 0.11, -0.89
Gyro: -2.16, 1.69, 0.58
Accel: -0.38, 0.11, -0.86
Gyro: -2.22, -0.21, 0.61
Accel: -0.40, 0.10, -0.88
Gyro: -3.49, -1.80, -0.22
Accel: -0.38, 0.10, -0.89
Gyro: -4.56, -1.62, -1.04
Accel: -0.39, 0.11, -0.89
Gyro: -4.24, -1.21, -1.94
Accel: -0.40, 0.11, -0.89
Gyro: -2.87, -1.32, -1.61
Accel: -0.40, 0.11, -0.89
Gyro: -2.82, -1.85, -1.21
Accel: -0.39, 0.11, -0.88
Gyro: -3.43, -2.59, -1.58
Accel: -0.40, 0.12, -0.88
Gyro: -4.17, -2.83, -1.56
Accel: -0.41, 0.11, -0.88
Gyro: -2.47, -3.01, -1.28
Accel: -0.41, 0.11, -0.90
Gyro: -3.10, -1.21, -1.59
Accel: -0.40, 0.13, -0.87
Gyro: -3.04, -0.07, -1.74
Accel: -0.40, 0.13, -0.89
Gyro: -2.11, -0.43, -0.87
Accel: -0.41, 0.12, -0.89
Gyro: -4.35, 0.66, -0.89
Accel: -0.40, 0.12, -0.89
Gyro: -4.39, 1.88, -0.79
