Accel: -0.39, 0.10, -0.88
Gyro: -3.37, 1.76, -2.38
Accel: -0.41, 0.11, -0.88
Gyro: -4.94, -0.04, -2.46
Accel: -0.41, 0.11, -0.89
Gyro: -5.23, -0.08, -3.02
Accel: -0.40, 0.11, -0.89
Gyro: -5.03, 1.60, -2.80
Accel: -0.40, 0.11, -0.87
Gyro: -5.66, 1.75, -2.99
Accel: -0.40, 0.10, -0.87
Gyro: -7.46, 1.11, -2.81
Accel: -0.41, 0.10, -0.88
Gyro: -8.26, 1.45, -3.97
Accel: -0.41, 0.10, -0.89
Gyro: -9.52, 1.98, -4.46
Accel: -0.40, 0.10, -0.87
Gyro: -11.14, 2.27, -4.83
Accel: -0.42, 0.06, -0.84
Gyro: -13.14, 1.85, -5.39
Accel: -0.44, -0.00, -0.92
Gyro: -19.96, 1.99, -7.29
Accel: -0.48, -0.02, -1.00
Gyro: -34.73, 11.22, -14.55
Accel: -0.50, -0.05, -0.93
Gyro: -40.90, 22.89, -26.39
Accel: -0.52, -0.12, -0.97
Gyro: -51.13, 32.53, -40.86
Accel: -0.51, 0.01, -1.01
Gyro: -82.33, 53.17, -55.89
Accel: -0.45, 0.17, -0.83
Gyro: -81.38, 64.92, -61.83
Accel: -0.41, 0.16, -0.73
Gyro: -71.27, 62.03, -62.52
Accel: -0.42, 0.33, -0.93
Gyro: -90.37, 67.57, -66.14
Accel: -0.36, 0.56, -0.77
Gyro: -74.72, 71.53, -50.16
Accel: -0.40, 0.48, -0.90
Gyro: -47.79, 69.27, -23.22
Accel: -0.40, 0.42, -1.04
Gyro: -68.27, 95.99, -10.88
Accel: -0.36, 0.31, -0.94
Gyro: -59.82, 112.52, -10.03
Accel: -0.40, 0.41, -1.02
Gyro: -70.40, 145.58, -15.74
Accel: -0.34, 0.48, -0.88
Gyro: -67.83, 170.99, -15.44
Accel: -0.24, 0.53, -0.80
Gyro: -57.26, 186.84, -10.46
Accel: -0.12, 0.63, -0.68
Gyro: -59.23, 199.26, 2.10
Accel: -0.00, 0.74, -0.69
Gyro: -57.14, 202.72, 20.59
Accel: 0.23, 0.79, -0.51
Gyro: -45.57, 194.44, 48.23
Accel: 0.44, 0.81, -0.39
Gyro: -20.38, 171.60, 66.80
Accel: 0.61, 0.76, -0.33
Gyro: -2.75, 136.89, 84.80
Accel: 0.73, 0.67, -0.26
Gyro: 3.81, 103.52, 97.39
Accel: 0.77, 0.70, -0.31
Gyro: 18.94, 68.50, 110.07
Accel: 0.74, 0.67, -0.33
Gyro: 25.81, 47.46, 127.04
Accel: 0.75, 0.64, -0.34
Gyro: 31.91, 27.77, 152.48
Accel: 0.75, 0.45, -0.31
Gyro: 40.73, 9.74, 173.01
Accel: 0.76, 0.35, -0.31
Gyro: 36.60, -9.56, 191.06
Accel: 0.72, 0.23, -0.35
Gyro: 38.91, -26.89, 204.52
Accel: 0.72, 0.02, -0.35
Gyro: 39.92, -40.54, 218.04
Accel: 0.69, -0.25, -0.36
Gyro: 41.30, -58.77, 214.84
Accel: 0.59, -0.22, -0.50
Gyro: 36.28, -71.54, 204.35
Accel: 0.48, -0.29, -0.62
Gyro: 28.67, -65.34, 207.04
Accel: 0.40, -0.80, -0.70
Gyro: 25.78, -53.86, 198.10
Accel: 0.49, -1.06, -0.52
Gyro: 19.67, -74.46, 130.68
Accel: 0.51, -0.79, -0.66
Gyro: -25.92, -69.96, 101.23
Accel: 0.51, -0.66, -0.56
Gyro: -10.47, -78.15, 81.62
Accel: 0.47, -0.64, -0.54
Gyro: -34.60, -84.90, 81.00
Accel: 0.31, -0.59, -0.61
Gyro: -25.78, -113.35, 74.20
Accel: 0.26, -0.69, -0.63
Gyro: -50.34, -120.01, 68.10
Accel: 0.21, -0.72, -0.61
Gyro: -50.32, -136.36, 48.32
Accel: 0.09, -0.64, -0.66
Gyro: -56.50, -151.63, 27.81
Accel: -0.04, -0.61, -0.73
Gyro: -57.09, -157.75, 12.30
Accel: -0.19, -0.63, -0.76
Gyro: -64.54, -161.17, -3.91
Accel: -0.34, -0.57, -0.82
Gyro: -86.37, -161.25, -17.62
Accel: -0.43, -0.47, -0.87
Gyro: -105.14, -150.70, -25.60
Accel: -0.52, -0.39, -0.87
Gyro: -118.13, -135.57, -34.82
Accel: -0.59, -0.31, -0.79
Gyro: -127.14, -116.47, -43.99
Accel: -0.62, -0.13, -0.82
Gyro: -118.38, -94.35, -50.97
Accel: -0.63, -0.12, -0.85
Gyro: -108.76, -76.52, -55.37
Accel: -0.70, -0.05, -1.07
Gyro: -96.59, -48.75, -58.94
Accel: -0.67, -0.06, -0.84
Gyro: -123.89, -34.32, -70.19
Accel: -0.63, 0.19, -0.63
Gyro: -105.30, -42.47, -68.04
Accel: -0.73, 0.18, -1.00
Gyro: -96.36, -27.99, -52.13
Accel: -0.67, 0.13, -0.90
Gyro: -95.98, -0.36, -52.48
Accel: -0.61, 0.30, -0.76
Gyro: -71.98, 6.25, -50.38
Accel: -0.56, 0.35, -0.77
Gyro: -52.91, 6.43, -34.26
Accel: -0.54, 0.28, -0.80
Gyro: -41.91, 7.52, -25.76
Accel: -0.52, 0.32, -0.78
Gyro: -26.35, 5.07, -19.03
Accel: -0.53, 0.26, -0.82
Gyro: -14.93, 5.81, -7.62
Accel: -0.50, 0.18, -0.83
Gyro: -13.51, 5.39, -3.83
Accel: -0.48, 0.14, -0.81
Gyro: -10.13, 4.33, -7.09
Accel: -0.49, 0.21, -0.84
Gyro: -6.48, 2.85, -8.33
Accel: -0.48, 0.19, -0.85
Gyro: -2.62, 5.33, -3.49
Accel: -0.46, 0.16, -0.82
Gyro: 0.11, 3.77, -2.05
Accel: -0.45, 0.10, -0.83
Gyro: 1.11, 0.41, -3.42
Accel: -0.46, 0.09, -0.87
Gyro: -3.59, 1.90, -7.65
Accel: -0.45, 0.11, -0.82
Gyro: -4.16, 1.56, -10.71
Accel: -0.46, 0.13, -0.83
Gyro: -1.92, -3.32, -11.31
Accel: -0.46, 0.12, -0.87
Gyro: -3.42, -2.72, -10.30
Accel: -0.47, 0.16, -0.85
Gyro: -1.11, -1.74, -7.81
Accel: -0.49, 0.15, -0.86
Gyro: -1.64, 1.30, -1.52
Accel: -0.48, 0.12, -0.85
Gyro: -1.83, 2.77, 0.59
Accel: -0.46, 0.11, -0.84
Gyro: -4.12, 3.70, -0.30
Accel: -0.46, 0.11, -0.84
Gyro: -1.46, 3.28, -1.53
Accel: -0.46, 0.11, -0.83
Gyro: -2.21, 2.26, -3.06
Accel: -0.47, 0.14, -0.84
Gyro: -3.52, 0.41, -3.49
Accel: -0.49, 0.14, -0.85
Gyro: -0.77, 1.70, -1.34
Accel: -0.47, 0.12, -0.86
Gyro: 0.90, 4.26, 0.69
Accel: -0.45, 0.10, -0.85
Gyro: -1.73, 4.10, -0.03
Accel: -0.45, 0.11, -0.83
Gyro: -2.09, 1.45, -1.40
Accel: -0.45, 0.10, -0.84
Gyro: -0.41, -1.38, -2.70
Accel: -0.46, 0.10, -0.85
Gyro: -0.96, -2.27, -3.40
Accel: -0.46, 0.11, -0.88
Gyro: -0.73, -0.84, -3.12
Accel: -0.47, 0.11, -0.86
Gyro: -1.53, 1.85, -2.08
Accel: -0.47, 0.10, -0.86
Gyro: -0.87, 1.98, 0.48
Accel: -0.45, 0.09, -0.84
Gyro: -3.27, 1.27, 0.34
Accel: -0.45, 0.08, -0.84
Gyro: -4.49, -0.40, -0.93
Accel: -0.46, 0.09, -0.86
Gyro: -5.59, -0.99, -2.74
Accel: -0.45, 0.10, -0.87
Gyro: -5.68, 0.34, -3.23
Accel: -0.46, 0.11, -0.85
Gyro: -5.31, 0.14, -2.85
Accel: -0.46, 0.11, -0.86
Gyro: -5.85, -0.42, -2.37
Accel: -0.46, 0.10, -0.86
Gyro: -5.71, 0.75, -3.33
