Accel: -0.51, 0.06, -0.82
Gyro: -2.62, 1.03, -1.73
Accel: -0.51, 0.05, -0.83
Gyro: -2.72, 0.21, -1.56
Accel: -0.50, 0.05, -0.82
Gyro: -2.31, 0.01, -1.52
Accel: -0.50, 0.06, -0.83
Gyro: -2.94, 0.82, -1.42
Accel: -0.50, 0.06, -0.83
Gyro: -3.18, 0.34, -1.35
Accel: -0.51, 0.06, -0.84
Gyro: -2.94, 0.48, -1.73
Accel: -0.51, 0.06, -0.83
Gyro: -2.07, 1.28, -1.30
Accel: -0.51, 0.04, -0.82
Gyro: -3.36, 0.83, -0.98
Accel: -0.52, 0.03, -0.82
Gyro: -5.47, -0.58, -1.30
Accel: -0.52, 0.02, -0.82
Gyro: -8.48, -0.33, -2.77
Accel: -0.53, -0.02, -0.81
Gyro: -9.09, -1.22, -4.16
Accel: -0.56, -0.11, -0.87
Gyro: -18.82, 0.28, -7.81
Accel: -0.58, -0.17, -0.85
Gyro: -42.00, 7.57, -17.59
Accel: -0.62, -0.30, -0.86
Gyro: -62.51, 12.08, -35.36
Accel: -0.68, -0.31, -0.93
Gyro: -97.24, 28.26, -65.99
Accel: -0.73, -0.13, -0.92
Gyro: -114.96, 48.52, -91.39
Accel: -0.76, -0.00, -0.92
Gyro: -124.19, 72.15, -105.54
Accel: -0.70, 0.12, -0.77
Gyro: -131.95, 92.51, -109.80
Accel: -0.71, 0.17, -0.83
Gyro: -132.93, 103.89, -110.52
Accel: -0.68, 0.32, -0.84
Gyro: -137.98, 125.91, -104.58
Accel: -0.58, 0.45, -0.74
Gyro: -124.09, 136.88, -93.68
Accel: -0.54, 0.56, -0.76
Gyro: -113.76, 146.69, -72.43
Accel: -0.40, 0.61, -0.69
Gyro: -102.47, 148.26, -50.51
Accel: -0.28, 0.67, -0.67
Gyro: -85.95, 145.13, -29.64
Accel: -0.25, 0.70, -0.76
Gyro: -91.61, 145.83, -1.17
Accel: -0.08, 0.70, -0.66
Gyro: -66.33, 138.66, 16.46
Accel: 0.06, 0.60, -0.75
Gyro: -54.57, 138.08, 28.47
Accel: 0.14, 0.63, -0.52
Gyro: -61.00, 127.56, 28.69
Accel: 0.22, 0.81, -0.53
Gyro: -39.86, 102.66, 36.60
Accel: 0.18, 0.90, -0.74
Gyro: -27.42, 94.55, 59.04
Accel: 0.21, 0.82, -0.72
Gyro: -23.11, 99.61, 84.72
Accel: 0.29, 0.69, -0.60
Gyro: -3.62, 99.97, 94.72
Accel: 0.37, 0.70, -0.53
Gyro: 8.82, 93.51, 98.65
Accel: 0.41, 0.74, -0.59
Gyro: 10.83, 78.49, 109.73
Accel: 0.45, 0.70, -0.54
Gyro: 11.49, 76.03, 131.21
Accel: 0.53, 0.60, -0.46
Gyro: 29.34, 74.36, 148.69
Accel: 0.58, 0.54, -0.45
Gyro: 32.36, 64.92, 163.49
Accel: 0.61, 0.41, -0.44
Gyro: 30.79, 53.54, 179.38
Accel: 0.67, 0.29, -0.40
Gyro: 31.61, 44.36, 188.77
Accel: 0.72, 0.17, -0.37
Gyro: 37.70, 32.81, 193.74
Accel: 0.78, -0.02, -0.35
Gyro: 40.22, 20.68, 193.27
Accel: 0.82, -0.19, -0.35
Gyro: 35.21, 7.06, 184.90
Accel: 0.86, -0.36, -0.33
Gyro: 28.77, -8.40, 167.61
Accel: 0.85, -0.39, -0.26
Gyro: 26.58, -26.76, 153.79
Accel: 0.77, -0.49, -0.50
Gyro: 24.69, -44.65, 139.19
Accel: 0.75, -0.48, -0.42
Gyro: 10.57, -52.59, 131.55
Accel: 0.76, -0.50, -0.46
Gyro: -6.45, -59.42, 127.43
Accel: 0.74, -0.51, -0.40
Gyro: -7.90, -75.87, 126.50
Accel: 0.69, -0.60, -0.45
Gyro: -6.55, -90.29, 119.66
Accel: 0.62, -0.67, -0.50
Gyro: -9.72, -104.91, 110.98
Accel: 0.50, -0.74, -0.53
Gyro: -19.57, -118.80, 99.60
Accel: 0.41, -0.75, -0.57
Gyro: -33.49, -131.65, 84.42
Accel: 0.31, -0.75, -0.57
Gyro: -43.56, -145.31, 70.19
Accel: 0.16, -0.73, -0.64
Gyro: -55.15, -156.98, 53.44
Accel: 0.02, -0.67, -0.74
Gyro: -73.04, -156.59, 38.37
Accel: -0.10, -0.64, -0.79
Gyro: -80.06, -149.51, 24.35
Accel: -0.21, -0.65, -0.83
Gyro: -89.94, -143.43, 6.58
Accel: -0.29, -0.56, -0.86
Gyro: -105.66, -131.45, -12.66
Accel: -0.33, -0.46, -0.84
Gyro: -106.53, -118.02, -27.46
Accel: -0.36, -0.38, -0.83
Gyro: -98.36, -102.68, -40.70
Accel: -0.41, -0.35, -0.82
Gyro: -94.83, -85.62, -48.85
Accel: -0.41, -0.29, -0.80
Gyro: -100.49, -76.11, -57.34
Accel: -0.44, -0.21, -0.76
Gyro: -114.43, -80.99, -66.22
Accel: -0.52, -0.06, -0.76
Gyro: -123.95, -81.26, -67.24
Accel: -0.57, 0.11, -0.78
Gyro: -94.95, -68.20, -61.13
Accel: -0.60, 0.05, -0.86
Gyro: -108.99, -73.13, -58.77
Accel: -0.76, 0.22, -1.10
Gyro: -98.27, -48.26, -52.87
Accel: -0.73, 0.25, -1.08
Gyro: -80.09, -6.07, -44.72
Accel: -0.56, 0.19, -0.76
Gyro: -39.90, 8.98, -40.64
Accel: -0.51, 0.15, -0.73
Gyro: -38.89, 1.92, -40.98
Accel: -0.53, 0.23, -0.81
Gyro: -33.86, -6.89, -36.77
Accel: -0.52, 0.27, -0.84
Gyro: -26.66, -6.26, -22.33
Accel: -0.50, 0.21, -0.80
Gyro: -16.95, -6.12, -10.28
Accel: -0.50, 0.16, -0.79
Gyro: -8.13, -8.64, -5.44
Accel: -0.50, 0.13, -0.85
Gyro: -6.89, -8.32, -3.25
Accel: -0.49, 0.10, -0.80
Gyro: -10.78, -7.74, -3.24
Accel: -0.53, 0.15, -0.86
Gyro: -4.27, -11.22, -4.18
Accel: -0.55, 0.12, -0.89
Gyro: -5.10, -1.12, 0.67
Accel: -0.50, 0.12, -0.83
Gyro: -3.97, 0.95, 0.43
Accel: -0.50, 0.10, -0.81
Gyro: 3.65, -1.79, 1.00
Accel: -0.51, 0.07, -0.86
Gyro: 4.36, -1.34, 1.12
Accel: -0.51, 0.06, -0.88
Gyro: 0.70, 3.42, -0.12
Accel: -0.48, 0.06, -0.86
Gyro: -2.41, 4.16, -2.31
Accel: -0.47, 0.09, -0.81
Gyro: -3.97, 2.88, -2.20
Accel: -0.48, 0.08, -0.83
Gyro: 1.15, -0.14, -2.53
Accel: -0.47, 0.08, -0.86
Gyro: -4.52, 1.74, -2.55
Accel: -0.46, 0.10, -0.82
Gyro: -2.43, 0.73, -1.08
Accel: -0.46, 0.07, -0.84
Gyro: 3.54, -1.77, 0.21
Accel: -0.48, 0.06, -0.86
Gyro: -1.52, -2.16, -0.52
Accel: -0.48, 0.06, -0.85
Gyro: -4.73, -1.59, -3.13
Accel: -0.50, 0.08, -0.90
Gyro: -2.82, 3.14, -2.37
Accel: -0.48, 0.07, -0.84
Gyro: -3.08, 5.28, -0.58
Accel: -0.47, 0.07, -0.82
Gyro: -3.74, 2.63, -0.88
Accel: -0.47, 0.08, -0.80
Gyro: -2.78, -2.59, -2.05
Accel: -0.48, 0.09, -0.86
Gyro: -1.20, -3.85, -1.66
Accel: -0.49, 0.06, -0.85
Gyro: -0.63, -0.70, -0.61
Accel: -0.48, 0.06, -0.84
Gyro: -2.98, 0.27, -0.80
Accel: -0.48, 0.07, -0.84
Gyro: -3.78, -0.42, -1.43
Accel: -0.47, 0.07, -0.85
Gyro: -1.63, -1.55, -2.03
Accel: -0.49, 0.07, -0.86
Gyro: -3.30, -0.68, -2.00
Accel: -0.48, 0.07, -0.84
Gyro: -5.10, -0.42, -2.89
