Accel: -0.41, 0.16, -0.87
Gyro: -13.80, 8.07, -6.83
Accel: -0.40, 0.18, -0.83
Gyro: -11.82, 6.42, -5.86
Accel: -0.41, 0.16, -0.87
Gyro: -10.35, 3.41, -4.23
Accel: -0.41, 0.17, -0.90
Gyro: -9.83, 4.58, -3.82
Accel: -0.41, 0.16, -0.89
Gyro: -9.19, 6.57, -3.08
Accel: -0.42, 0.13, -0.83
Gyro: -10.43, 6.13, -2.55
Accel: -0.43, 0.09, -0.92
Gyro: -17.66, 5.58, -6.23
Accel: -0.44, 0.14, -0.92
Gyro: -21.48, 10.64, -8.11
Accel: -0.53, -0.05, -0.88
Gyro: -24.32, 15.81, -9.68
Accel: -0.60, -0.16, -1.08
Gyro: -54.66, 32.07, -18.10
Accel: -0.61, -0.18, -1.10
Gyro: -95.14, 62.60, -32.97
Accel: -0.58, -0.07, -0.96
Gyro: -121.51, 95.97, -55.95
Accel: -0.51, 0.13, -0.82
Gyro: -123.86, 111.88, -72.03
Accel: -0.44, 0.28, -0.76
Gyro: -126.21, 117.56, -79.06
Accel: -0.39, 0.44, -0.74
Gyro: -121.51, 122.77, -80.07
Accel: -0.34, 0.52, -0.73
Gyro: -107.46, 125.16, -74.46
Accel: -0.28, 0.57, -0.73
Gyro: -102.88, 132.87, -69.88
Accel: -0.29, 0.72, -0.70
Gyro: -109.19, 146.30, -49.89
Accel: -0.23, 0.83, -0.66
Gyro: -88.68, 143.14, -34.43
Accel: -0.15, 0.95, -0.71
Gyro: -69.98, 146.09, -11.56
Accel: -0.08, 1.01, -0.65
Gyro: -60.84, 152.36, 19.33
Accel: 0.04, 1.00, -0.58
Gyro: -39.97, 152.15, 53.47
Accel: 0.14, 0.88, -0.51
Gyro: -24.22, 139.92, 71.45
Accel: 0.28, 0.82, -0.40
Gyro: -20.29, 128.96, 92.15
Accel: 0.34, 0.80, -0.48
Gyro: -3.78, 118.38, 104.42
Accel: 0.43, 0.78, -0.42
Gyro: -2.69, 104.64, 116.65
Accel: 0.50, 0.82, -0.46
Gyro: 8.91, 95.63, 130.70
Accel: 0.58, 0.74, -0.35
Gyro: 21.76, 86.87, 152.65
Accel: 0.63, 0.62, -0.32
Gyro: 25.73, 69.92, 167.17
Accel: 0.68, 0.53, -0.31
Gyro: 29.88, 52.95, 175.38
Accel: 0.73, 0.40, -0.25
Gyro: 28.04, 37.89, 188.66
Accel: 0.77, 0.24, -0.27
Gyro: 34.81, 27.06, 191.32
Accel: 0.83, 0.07, -0.25
Gyro: 33.26, 10.49, 186.68
Accel: 0.88, -0.06, -0.27
Gyro: 29.58, -7.89, 175.67
Accel: 0.89, -0.17, -0.30
Gyro: 28.07, -20.65, 165.30
Accel: 0.90, -0.20, -0.32
Gyro: 23.64, -32.88, 157.68
Accel: 0.87, -0.18, -0.26
Gyro: 23.85, -52.85, 156.07
Accel: 0.82, -0.14, -0.29
Gyro: 18.62, -72.81, 169.30
Accel: 0.71, -0.40, -0.36
Gyro: 30.05, -90.63, 175.67
Accel: 0.68, -0.63, -0.34
Gyro: 12.08, -102.62, 166.37
Accel: 0.63, -0.91, -0.47
Gyro: 8.31, -114.49, 129.81
Accel: 0.52, -0.96, -0.62
Gyro: -10.41, -112.24, 90.93
Accel: 0.49, -0.80, -0.62
Gyro: -24.73, -111.19, 58.75
Accel: 0.42, -0.62, -0.59
Gyro: -35.87, -114.75, 44.39
Accel: 0.30, -0.68, -0.57
Gyro: -46.62, -135.35, 42.41
Accel: 0.21, -0.76, -0.68
Gyro: -64.32, -149.83, 32.54
Accel: 0.11, -0.77, -0.76
Gyro: -77.92, -151.54, 6.13
Accel: -0.00, -0.70, -0.80
Gyro: -100.46, -146.37, -18.05
Accel: -0.10, -0.62, -0.74
Gyro: -111.41, -146.91, -41.02
Accel: -0.22, -0.51, -0.77
Gyro: -118.72, -147.06, -60.91
Accel: -0.34, -0.36, -0.85
Gyro: -124.79, -138.43, -75.38
Accel: -0.40, -0.20, -0.87
Gyro: -111.68, -120.59, -79.83
Accel: -0.41, -0.19, -0.81
Gyro: -103.90, -97.77, -80.62
Accel: -0.42, -0.06, -0.79
Gyro: -109.65, -90.05, -81.03
Accel: -0.46, 0.06, -0.85
Gyro: -106.95, -86.63, -74.82
Accel: -0.50, 0.05, -0.91
Gyro: -101.01, -77.39, -70.95
Accel: -0.58, 0.06, -0.89
Gyro: -58.63, -55.35, -77.85
Accel: -0.49, 0.02, -1.15
Gyro: -96.18, -47.47, -78.54
Accel: -0.53, 0.18, -0.74
Gyro: -85.78, -43.38, -76.32
Accel: -0.57, 0.30, -0.89
Gyro: -64.03, -44.26, -74.41
Accel: -0.58, 0.34, -1.02
Gyro: -44.94, -22.99, -56.19
Accel: -0.54, 0.28, -0.87
Gyro: -33.49, -9.94, -41.99
Accel: -0.52, 0.29, -0.86
Gyro: -12.47, -7.26, -30.37
Accel: -0.54, 0.28, -0.97
Gyro: -10.08, 1.30, -17.97
Accel: -0.47, 0.24, -0.87
Gyro: -2.77, 9.79, -6.18
Accel: -0.44, 0.18, -0.81
Gyro: 8.09, 9.64, 2.26
Accel: -0.41, 0.12, -0.83
Gyro: 6.42, 6.42, 6.90
Accel: -0.41, 0.10, -0.86
Gyro: -4.75, 3.01, 8.94
Accel: -0.42, 0.10, -0.84
Gyro: -4.07, 1.03, 10.19
Accel: -0.42, 0.10, -0.86
Gyro: -5.20, -0.70, 9.36
Accel: -0.42, 0.10, -0.88
Gyro: -8.80, -2.08, 6.15
Accel: -0.43, 0.12, -0.88
Gyro: -6.84, 0.31, 4.36
Accel: -0.42, 0.13, -0.86
Gyro: -0.69, 2.19, 3.84
Accel: -0.42, 0.12, -0.86
Gyro: 0.14, 0.93, 3.30
Accel: -0.42, 0.12, -0.88
Gyro: -2.26, -0.08, 2.53
Accel: -0.41, 0.12, -0.89
Gyro: -5.44, 2.24, 2.12
Accel: -0.42, 0.12, -0.87
Gyro: -0.18, 1.66, 1.43
Accel: -0.41, 0.11, -0.86
Gyro: -0.92, 0.13, 0.91
Accel: -0.42, 0.12, -0.86
Gyro: -2.07, -0.75, 0.28
Accel: -0.43, 0.12, -0.88
Gyro: -2.10, 0.25, 0.65
Accel: -0.43, 0.12, -0.86
Gyro: -0.15, 0.55, 0.60
Accel: -0.43, 0.10, -0.88
Gyro: -1.98, 0.47, 0.27
Accel: -0.42, 0.11, -0.87
Gyro: -3.72, 0.26, -0.84
Accel: -0.42, 0.12, -0.87
Gyro: -2.62, -0.43, -2.20
Accel: -0.43, 0.12, -0.89
Gyro: -1.83, 0.34, -1.57
Accel: -0.42, 0.11, -0.91
Gyro: -2.55, 3.46, -1.50
Accel: -0.41, 0.11, -0.86
Gyro: -2.12, 3.51, -1.77
Accel: -0.40, 0.12, -0.86
Gyro: -0.63, 0.44, -2.14
Accel: -0.41, 0.11, -0.90
Gyro: -2.50, 1.84, -1.36
Accel: -0.40, 0.11, -0.88
Gyro: -2.42, 3.88, -0.68
Accel: -0.40, 0.11, -0.86
Gyro: -2.02, 2.29, -0.87
Accel: -0.39, 0.11, -0.87
Gyro: -3.65, -0.53, -1.27
Accel: -0.40, 0.11, -0.88
Gyro: -4.28, -0.34, -1.16
Accel: -0.40, 0.11, -0.87
Gyro: -2.95, -0.05, -1.50
Accel: -0.41, 0.12, -0.86
Gyro: -1.89, -1.82, -1.68
Accel: -0.41, 0.11, -0.90
Gyro: -3.90, -0.35, -1.30
Accel: -0.41, 0.11, -0.89
Gyro: -3.71, 1.72, -1.44
Accel: -0.40, 0.11, -0.86
Gyro: -2.06, 0.82, -1.87
Accel: -0.40, 0.10, -0.88
Gyro: -5.22, 0.01, -2.30
Accel: -0.40, 0.11, -0.88
Gyro: -6.16, -0.16, -2.75
Accel: -0.40, 0.11, -0.87
Gyro: -5.18, -0.31, -2.63
