Accel: -0.35, 0.11, -0.93
Gyro: -3.81, -0.44, -0.96
Accel: -0.35, 0.11, -0.92
Gyro: -4.97, 2.27, -1.27
Accel: -0.34, 0.12, -0.90
Gyro: -3.56, 3.18, -1.01
Accel: -0.33, 0.12, -0.91
Gyro: -4.58, 2.43, -1.50
Accel: -0.34, 0.12, -0.90
Gyro: -5.46, 1.97, -1.46
Accel: -0.33, 0.12, -0.90
Gyro: -4.57, 1.67, -1.61
Accel: -0.33, 0.11, -0.91
Gyro: -5.20, 1.47, -1.98
Accel: -0.34, 0.12, -0.91
Gyro: -6.28, 0.53, -2.59
Accel: -0.33, 0.10, -0.88
Gyro: -6.31, 0.67, -2.20
Accel: -0.35, 0.06, -0.90
Gyro: -9.79, -0.65, -3.23
Accel: -0.38, -0.10, -0.86
Gyro: -16.56, -3.90, -4.45
Accel: -0.44, -0.28, -1.02
Gyro: -44.59, 0.83, -16.43
Accel: -0.48, -0.29, -0.98
Gyro: -91.21, 21.36, -39.55
Accel: -0.49, -0.22, -0.93
Gyro: -121.35, 34.15, -66.29
Accel: -0.50, -0.00, -0.91
Gyro: -141.34, 50.61, -89.88
Accel: -0.54, 0.19, -0.81
Gyro: -150.09, 69.87, -104.40
Accel: -0.55, 0.28, -0.75
Gyro: -140.85, 78.16, -108.22
Accel: -0.60, 0.43, -0.87
Gyro: -145.26, 96.66, -112.20
Accel: -0.61, 0.64, -0.84
Gyro: -142.23, 118.31, -105.37
Accel: -0.48, 0.77, -0.71
Gyro: -112.62, 129.08, -88.91
Accel: -0.43, 0.89, -0.76
Gyro: -93.95, 139.72, -65.81
Accel: -0.39, 1.02, -0.76
Gyro: -83.47, 152.15, -24.54
Accel: -0.29, 1.02, -0.73
Gyro: -51.43, 163.16, 15.73
Accel: -0.24, 0.96, -0.72
Gyro: -50.54, 175.78, 54.00
Accel: -0.09, 0.93, -0.53
Gyro: -47.27, 176.15, 94.42
Accel: 0.00, 0.85, -0.48
Gyro: -26.05, 169.01, 122.05
Accel: 0.16, 0.78, -0.32
Gyro: -13.79, 152.99, 146.67
Accel: 0.33, 0.71, -0.36
Gyro: 8.25, 133.40, 163.06
Accel: 0.45, 0.55, -0.50
Gyro: 16.12, 116.77, 165.79
Accel: 0.60, 0.48, -0.45
Gyro: 18.76, 110.19, 161.86
Accel: 0.73, 0.42, -0.36
Gyro: 26.42, 100.24, 157.37
Accel: 0.85, 0.32, -0.26
Gyro: 18.51, 79.99, 150.02
Accel: 0.94, 0.37, -0.17
Gyro: 30.43, 48.02, 143.48
Accel: 0.92, 0.30, -0.25
Gyro: 28.56, 20.47, 148.52
Accel: 0.88, 0.30, -0.17
Gyro: 34.14, 0.53, 161.18
Accel: 0.84, 0.13, -0.32
Gyro: 45.39, -11.16, 173.89
Accel: 0.84, 0.07, -0.33
Gyro: 26.45, -26.09, 185.40
Accel: 0.85, -0.15, -0.26
Gyro: 17.74, -48.43, 189.46
Accel: 0.82, -0.38, -0.37
Gyro: 42.66, -53.27, 181.95
Accel: 0.81, -0.49, -0.34
Gyro: 32.03, -69.42, 165.90
Accel: 0.74, -0.61, -0.42
Gyro: 22.80, -79.67, 141.33
Accel: 0.68, -0.60, -0.46
Gyro: 8.77, -89.87, 123.78
Accel: 0.59, -0.71, -0.49
Gyro: 2.24, -99.47, 105.81
Accel: 0.58, -0.74, -0.51
Gyro: -12.52, -104.84, 90.52
Accel: 0.40, -0.72, -0.55
Gyro: -18.49, -112.73, 75.78
Accel: 0.42, -0.62, -0.62
Gyro: -40.79, -115.84, 72.56
Accel: 0.36, -0.66, -0.58
Gyro: -43.67, -126.45, 68.15
Accel: 0.27, -0.68, -0.62
Gyro: -45.04, -137.02, 59.70
Accel: 0.15, -0.71, -0.71
Gyro: -48.26, -143.54, 47.55
Accel: 0.05, -0.70, -0.73
Gyro: -74.57, -150.36, 26.95
Accel: 0.01, -0.63, -0.58
Gyro: -99.72, -167.30, 2.43
Accel: -0.20, -0.54, -0.64
Gyro: -102.68, -193.82, -25.31
Accel: -0.49, -0.52, -0.78
Gyro: -106.18, -189.19, -52.96
Accel: -0.59, -0.44, -0.87
Gyro: -121.70, -160.67, -72.41
Accel: -0.68, -0.24, -0.95
Gyro: -154.44, -130.60, -79.42
Accel: -0.67, -0.04, -0.93
Gyro: -165.50, -101.45, -84.43
Accel: -0.68, 0.10, -0.97
Gyro: -155.27, -69.18, -78.91
Accel: -0.63, 0.10, -0.85
Gyro: -122.59, -40.70, -65.13
Accel: -0.54, 0.06, -0.69
Gyro: -103.47, -33.18, -67.27
Accel: -0.61, 0.13, -0.79
Gyro: -93.28, -38.22, -71.21
Accel: -0.64, 0.20, -0.98
Gyro: -105.94, -19.87, -66.87
Accel: -0.59, 0.33, -0.81
Gyro: -71.19, -7.23, -61.53
Accel: -0.54, 0.41, -0.77
Gyro: -36.40, 4.16, -42.96
Accel: -0.52, 0.34, -0.86
Gyro: -19.49, 2.59, -21.91
Accel: -0.51, 0.27, -0.87
Gyro: -33.58, -5.81, -12.80
Accel: -0.51, 0.26, -0.83
Gyro: -25.39, -3.58, -6.40
Accel: -0.50, 0.24, -0.85
Gyro: -5.93, -1.45, -3.88
Accel: -0.48, 0.21, -0.84
Gyro: 2.21, 1.19, -2.46
Accel: -0.47, 0.18, -0.84
Gyro: 12.15, 2.72, -1.82
Accel: -0.48, 0.17, -0.86
Gyro: 10.90, 1.76, 0.98
Accel: -0.47, 0.14, -0.83
Gyro: 8.35, 1.48, 4.14
Accel: -0.47, 0.11, -0.84
Gyro: 8.27, 1.79, 5.06
Accel: -0.47, 0.11, -0.86
Gyro: 2.30, 2.46, 5.09
Accel: -0.46, 0.10, -0.86
Gyro: 0.47, 4.39, 5.26
Accel: -0.45, 0.09, -0.86
Gyro: -0.98, 5.89, 3.89
Accel: -0.44, 0.10, -0.85
Gyro: -2.37, 4.67, 1.17
Accel: -0.44, 0.12, -0.86
Gyro: -3.71, 3.50, -0.42
Accel: -0.44, 0.14, -0.86
Gyro: -1.32, 4.52, 0.87
Accel: -0.43, 0.13, -0.87
Gyro: 0.40, 4.59, 2.10
Accel: -0.44, 0.12, -0.85
Gyro: -0.87, 3.30, 2.74
Accel: -0.43, 0.10, -0.88
Gyro: -2.46, 2.59, 2.42
Accel: -0.42, 0.11, -0.87
Gyro: -3.47, 3.14, 0.76
Accel: -0.42, 0.10, -0.87
Gyro: -4.87, 3.45, -1.71
Accel: -0.41, 0.12, -0.84
Gyro: -4.78, 1.10, -3.42
Accel: -0.43, 0.13, -0.86
Gyro: -3.38, -0.46, -4.70
Accel: -0.44, 0.13, -0.89
Gyro: -1.66, 0.34, -4.01
Accel: -0.43, 0.14, -0.89
Gyro: -1.85, 2.94, -2.89
Accel: -0.42, 0.13, -0.86
Gyro: -1.63, 2.04, -1.41
Accel: -0.42, 0.11, -0.85
Gyro: -1.91, 0.05, -1.11
Accel: -0.43, 0.11, -0.89
Gyro: -4.58, 1.09, -1.13
Accel: -0.42, 0.12, -0.87
Gyro: -4.39, 2.30, -1.80
Accel: -0.43, 0.13, -0.85
Gyro: -3.28, 0.05, -1.88
Accel: -0.43, 0.14, -0.87
Gyro: -4.72, -0.18, -1.68
Accel: -0.42, 0.15, -0.86
Gyro: -1.92, 0.59, -0.95
Accel: -0.43, 0.12, -0.85
Gyro: 0.74, -0.24, -0.56
Accel: -0.43, 0.11, -0.88
Gyro: -3.36, 0.19, -1.00
Accel: -0.43, 0.12, -0.87
Gyro: -3.77, 0.66, -1.76
Accel: -0.42, 0.13, -0.87
Gyro: -3.56, 0.61, -2.41
Accel: -0.43, 0.13, -0.88
Gyro: -2.49, 0.89, -1.91
Accel: -0.42, 0.12, -0.87
Gyro: -2.08, 2.14, -1.66
Accel: -0.42, 0.12, -0.85
Gyro: -1.18, 1.09, -1.28
