Accel: -0.50, 0.10, -0.81
Gyro: -3.44, 0.03, -1.14
Accel: -0.52, 0.10, -0.84
Gyro: -3.10, -0.43, -0.85
Accel: -0.50, 0.10, -0.83
Gyro: -1.95, 1.00, -0.91
Accel: -0.51, 0.10, -0.81
Gyro: -1.46, 0.64, -1.01
Accel: -0.51, 0.10, -0.82
Gyro: -3.34, 0.07, -0.62
Accel: -0.51, 0.09, -0.83
Gyro: -3.74, 0.54, -0.89
Accel: -0.50, 0.10, -0.82
Gyro: -3.57, 0.87, -1.95
Accel: -0.50, 0.11, -0.82
Gyro: -4.40, 0.22, -2.43
Accel: -0.51, 0.10, -0.83
Gyro: -4.20, -0.02, -2.07
Accel: -0.53, 0.07, -0.83
Gyro: -2.27, -1.01, -1.91
Accel: -0.57, -0.03, -0.86
Gyro: -7.17, -0.53, -1.77
Accel: -0.60, -0.15, -0.88
Gyro: -24.89, 4.90, -7.74
Accel: -0.66, -0.30, -0.92
Gyro: -48.17, 14.24, -24.77
Accel: -0.67, -0.33, -0.95
Gyro: -82.99, 33.61, -56.95
Accel: -0.71, -0.14, -0.93
Gyro: -102.42, 53.03, -86.43
Accel: -0.75, 0.09, -0.93
Gyro: -113.68, 79.58, -98.20
Accel: -0.69, 0.13, -0.81
Gyro: -117.15, 101.55, -94.60
Accel: -0.65, 0.21, -0.84
Gyro: -127.42, 113.45, -94.63
Accel: -0.64, 0.36, -0.84
Gyro: -130.20, 135.19, -89.97
Accel: -0.55, 0.45, -0.76
Gyro: -113.66, 147.81, -75.43
Accel: -0.46, 0.52, -0.73
Gyro: -109.38, 155.48, -60.98
Accel: -0.37, 0.63, -0.70
Gyro: -100.09, 158.84, -43.19
Accel: -0.27, 0.70, -0.69
Gyro: -84.08, 158.51, -19.47
Accel: -0.17, 0.69, -0.64
Gyro: -67.63, 154.56, 0.99
Accel: -0.10, 0.78, -0.70
Gyro: -75.85, 156.91, 28.85
Accel: -0.01, 0.79, -0.61
Gyro: -51.10, 152.31, 48.53
Accel: 0.15, 0.75, -0.63
Gyro: -31.14, 141.33, 63.51
Accel: 0.24, 0.76, -0.58
Gyro: -27.73, 131.67, 77.16
Accel: 0.34, 0.79, -0.56
Gyro: -11.91, 118.48, 94.57
Accel: 0.43, 0.72, -0.52
Gyro: 4.37, 105.13, 108.82
Accel: 0.49, 0.67, -0.51
Gyro: 9.32, 88.24, 118.23
Accel: 0.54, 0.67, -0.48
Gyro: 15.30, 72.04, 129.55
Accel: 0.57, 0.60, -0.47
Gyro: 25.35, 62.66, 143.95
Accel: 0.61, 0.52, -0.45
Gyro: 33.03, 54.57, 157.88
Accel: 0.65, 0.42, -0.41
Gyro: 44.36, 45.43, 170.84
Accel: 0.66, 0.25, -0.42
Gyro: 43.73, 37.50, 179.76
Accel: 0.71, 0.10, -0.38
Gyro: 42.90, 27.21, 177.64
Accel: 0.77, -0.04, -0.36
Gyro: 45.56, 14.68, 171.22
Accel: 0.81, -0.20, -0.39
Gyro: 39.33, 2.98, 162.89
Accel: 0.85, -0.30, -0.34
Gyro: 46.22, -12.73, 148.93
Accel: 0.85, -0.44, -0.43
Gyro: 37.34, -28.46, 135.37
Accel: 0.78, -0.48, -0.48
Gyro: 32.84, -38.31, 116.82
Accel: 0.76, -0.38, -0.42
Gyro: 8.18, -46.81, 113.27
Accel: 0.68, -0.50, -0.50
Gyro: 17.88, -54.85, 111.92
Accel: 0.65, -0.51, -0.48
Gyro: 2.11, -61.87, 106.03
Accel: 0.59, -0.61, -0.53
Gyro: 1.45, -70.43, 100.80
Accel: 0.55, -0.64, -0.55
Gyro: -2.56, -76.96, 91.43
Accel: 0.52, -0.66, -0.58
Gyro: -5.26, -83.55, 83.79
Accel: 0.47, -0.66, -0.53
Gyro: -10.27, -96.80, 77.87
Accel: 0.36, -0.73, -0.58
Gyro: -13.62, -112.04, 71.96
Accel: 0.26, -0.75, -0.65
Gyro: -25.07, -118.60, 64.83
Accel: 0.20, -0.72, -0.66
Gyro: -41.89, -123.50, 55.13
Accel: 0.12, -0.70, -0.71
Gyro: -53.92, -130.71, 41.28
Accel: 0.03, -0.65, -0.73
Gyro: -69.52, -134.84, 26.14
Accel: -0.06, -0.59, -0.75
Gyro: -73.49, -135.66, 11.85
Accel: -0.14, -0.59, -0.74
Gyro: -79.52, -136.19, -1.28
Accel: -0.24, -0.57, -0.75
Gyro: -90.10, -142.21, -22.54
Accel: -0.39, -0.49, -0.79
Gyro: -113.98, -138.13, -33.74
Accel: -0.42, -0.38, -0.79
Gyro: -115.42, -131.73, -52.04
Accel: -0.45, -0.27, -0.85
Gyro: -138.31, -121.86, -61.14
Accel: -0.52, -0.17, -0.72
Gyro: -145.75, -113.90, -66.47
Accel: -0.61, -0.03, -0.76
Gyro: -144.78, -105.62, -64.61
Accel: -0.66, 0.11, -0.87
Gyro: -124.57, -90.23, -60.09
Accel: -0.63, 0.17, -0.76
Gyro: -99.03, -72.89, -53.52
Accel: -0.68, 0.19, -0.87
Gyro: -76.65, -57.21, -45.43
Accel: -0.69, 0.16, -0.83
Gyro: -72.59, -37.39, -42.08
Accel: -0.68, 0.23, -0.75
Gyro: -48.97, -36.07, -40.70
Accel: -0.72, 0.23, -1.02
Gyro: -34.26, -21.90, -31.16
Accel: -0.67, 0.21, -0.79
Gyro: -35.22, -9.43, -29.36
Accel: -0.67, 0.24, -0.77
Gyro: -12.72, -13.79, -23.77
Accel: -0.68, 0.17, -0.88
Gyro: -10.03, -2.53, -10.48
Accel: -0.62, 0.13, -0.78
Gyro: -7.39, 4.55, -3.35
Accel: -0.59, 0.08, -0.75
Gyro: -1.93, 4.07, 0.02
Accel: -0.59, 0.06, -0.76
Gyro: 6.55, 4.19, -0.03
Accel: -0.57, 0.06, -0.83
Gyro: 2.19, 3.15, -0.58
Accel: -0.56, 0.06, -0.81
Gyro: -5.76, 3.53, -0.16
Accel: -0.56, 0.06, -0.81
Gyro: -4.60, 4.50, -0.70
Accel: -0.57, 0.06, -0.82
Gyro: -3.17, 6.34, -0.47
Accel: -0.55, 0.04, -0.81
Gyro: -2.85, 7.26, -0.21
Accel: -0.54, 0.04, -0.81
Gyro: -3.42, 6.97, -1.15
Accel: -0.54, 0.03, -0.83
Gyro: -6.82, 7.68, -1.62
Accel: -0.53, 0.04, -0.82
Gyro: -7.48, 8.74, -2.01
Accel: -0.52, 0.04, -0.80
Gyro: -4.85, 7.68, -3.02
Accel: -0.52, 0.06, -0.81
Gyro: -5.53, 6.79, -3.70
Accel: -0.52, 0.07, -0.80
Gyro: -5.84, 6.95, -3.62
Accel: -0.51, 0.05, -0.79
Gyro: -4.17, 5.29, -3.30
Accel: -0.53, 0.06, -0.82
Gyro: -3.21, 3.18, -2.43
Accel: -0.52, 0.06, -0.84
Gyro: -4.61, 3.65, -2.66
Accel: -0.51, 0.05, -0.80
Gyro: -5.47, 3.17, -2.01
Accel: -0.53, 0.06, -0.81
Gyro: -3.28, 1.78, -2.31
Accel: -0.52, 0.06, -0.83
Gyro: -3.59, 1.96, -2.55
Accel: -0.51, 0.07, -0.82
Gyro: -2.72, 1.91, -2.15
Accel: -0.51, 0.07, -0.81
Gyro: -1.46, 1.24, -2.42
Accel: -0.52, 0.06, -0.82
Gyro: -3.29, 0.42, -2.27
Accel: -0.51, 0.05, -0.82
Gyro: -3.80, 0.50, -1.85
Accel: -0.52, 0.05, -0.82
Gyro: -3.43, 1.09, -1.68
Accel: -0.52, 0.06, -0.81
Gyro: -3.46, 1.09, -1.33
Accel: -0.51, 0.06, -0.83
Gyro: -4.07, 0.80, -1.63
Accel: -0.51, 0.06, -0.82
Gyro: -3.88, 0.83, -2.05
Accel: -0.52, 0.06, -0.83
Gyro: -2.44, 0.84, -2.00
Accel: -0.51, 0.06, -0.83
Gyro: -2.37, 1.42, -1.84
