Accel: -0.49, 0.06, -0.86
Gyro: -4.80, -2.04, -0.78
Accel: -0.48, 0.02, -0.87
Gyro: -10.22, -0.23, -1.37
Accel: -0.47, 0.03, -0.84
Gyro: -21.06, 1.96, -4.88
Accel: -0.49, 0.04, -0.83
Gyro: -22.84, 0.44, -8.77
Accel: -0.52, 0.02, -0.88
Gyro: -24.99, 1.36, -11.44
Accel: -0.52, 0.07, -0.90
Gyro: -32.49, 7.48, -15.23
Accel: -0.48, 0.13, -0.86
Gyro: -35.71, 11.86, -18.71
Accel: -0.47, 0.15, -0.81
Gyro: -31.72, 11.51, -20.07
Accel: -0.54, -0.02, -0.88
Gyro: -33.93, 13.25, -21.73
Accel: -0.63, -0.18, -1.03
Gyro: -54.58, 25.70, -37.35
Accel: -0.73, -0.21, -1.07
Gyro: -80.44, 57.59, -64.58
Accel: -0.72, -0.30, -0.87
Gyro: -99.50, 86.39, -100.81
Accel: -0.71, -0.24, -0.87
Gyro: -134.72, 101.39, -139.91
Accel: -0.71, 0.15, -0.80
Gyro: -164.08, 121.05, -157.38
Accel: -0.64, 0.34, -0.61
Gyro: -157.71, 134.54, -148.54
Accel: -0.59, 0.49, -0.65
Gyro: -147.47, 135.94, -143.22
Accel: -0.52, 0.74, -0.66
Gyro: -134.59, 141.51, -121.30
Accel: -0.45, 0.88, -0.71
Gyro: -114.01, 144.69, -84.51
Accel: -0.38, 0.89, -0.74
Gyro: -105.62, 147.00, -48.81
Accel: -0.20, 0.99, -0.63
Gyro: -105.67, 146.11, 8.82
Accel: -0.16, 0.91, -0.62
Gyro: -49.59, 144.47, 44.46
Accel: -0.11, 0.91, -0.67
Gyro: -50.39, 139.95, 65.93
Accel: -0.01, 0.86, -0.59
Gyro: -40.18, 140.51, 96.57
Accel: 0.11, 0.77, -0.58
Gyro: -24.01, 134.21, 112.01
Accel: 0.22, 0.78, -0.55
Gyro: -20.97, 125.31, 124.71
Accel: 0.29, 0.72, -0.52
Gyro: -16.69, 111.69, 136.21
Accel: 0.41, 0.66, -0.42
Gyro: 3.23, 99.84, 142.67
Accel: 0.55, 0.59, -0.42
Gyro: 12.97, 79.99, 143.97
Accel: 0.65, 0.55, -0.38
Gyro: 15.85, 61.47, 144.64
Accel: 0.68, 0.55, -0.38
Gyro: 10.64, 51.16, 156.33
Accel: 0.71, 0.49, -0.36
Gyro: 31.16, 36.30, 166.31
Accel: 0.74, 0.41, -0.36
Gyro: 24.42, 22.73, 179.73
Accel: 0.78, 0.27, -0.35
Gyro: 31.08, 5.92, 192.58
Accel: 0.76, 0.02, -0.35
Gyro: 31.02, -4.28, 193.35
Accel: 0.82, -0.10, -0.34
Gyro: 28.24, -18.42, 183.75
Accel: 0.81, -0.29, -0.39
Gyro: 23.97, -32.74, 174.48
Accel: 0.81, -0.39, -0.40
Gyro: 19.61, -47.14, 153.54
Accel: 0.81, -0.42, -0.45
Gyro: 9.68, -55.41, 137.64
Accel: 0.79, -0.45, -0.41
Gyro: -4.73, -71.53, 126.03
Accel: 0.75, -0.45, -0.49
Gyro: -8.96, -95.19, 111.58
Accel: 0.65, -0.46, -0.53
Gyro: -19.59, -102.18, 115.10
Accel: 0.58, -0.50, -0.54
Gyro: -13.68, -119.29, 105.86
Accel: 0.47, -0.49, -0.63
Gyro: -24.95, -127.90, 104.94
Accel: 0.36, -0.46, -0.66
Gyro: -32.46, -137.86, 102.68
Accel: 0.29, -0.50, -0.68
Gyro: -42.02, -147.61, 96.82
Accel: 0.17, -0.49, -0.77
Gyro: -42.05, -152.12, 87.93
Accel: 0.00, -0.63, -0.71
Gyro: -52.64, -158.30, 73.17
Accel: -0.06, -0.60, -0.78
Gyro: -59.49, -154.17, 47.65
Accel: -0.18, -0.54, -0.87
Gyro: -75.30, -144.22, 32.51
Accel: -0.26, -0.54, -0.87
Gyro: -87.97, -140.62, 3.60
Accel: -0.36, -0.48, -0.90
Gyro: -108.18, -132.77, -24.56
Accel: -0.47, -0.37, -0.96
Gyro: -126.40, -113.72, -47.47
Accel: -0.51, -0.25, -0.93
Gyro: -127.79, -88.90, -59.32
Accel: -0.47, -0.22, -0.71
Gyro: -105.41, -80.42, -71.50
Accel: -0.57, -0.09, -0.81
Gyro: -78.57, -60.36, -83.68
Accel: -0.55, -0.04, -0.88
Gyro: -76.94, -52.02, -89.45
Accel: -0.59, 0.01, -0.76
Gyro: -78.12, -60.96, -99.83
Accel: -0.63, 0.10, -1.02
Gyro: -94.26, -53.48, -90.20
Accel: -0.60, 0.10, -0.84
Gyro: -87.57, -40.15, -81.08
Accel: -0.58, 0.07, -0.62
Gyro: -92.17, -46.01, -80.07
Accel: -0.66, 0.18, -0.88
Gyro: -79.10, -42.81, -73.09
Accel: -0.67, 0.29, -0.88
Gyro: -70.11, -28.18, -58.90
Accel: -0.72, 0.41, -0.93
Gyro: -53.98, -11.70, -36.29
Accel: -0.67, 0.40, -0.89
Gyro: -38.66, 6.51, -11.92
Accel: -0.59, 0.30, -0.77
Gyro: -10.43, 12.45, 2.02
Accel: -0.55, 0.20, -0.78
Gyro: 6.05, 8.47, 4.81
Accel: -0.54, 0.18, -0.81
Gyro: 2.00, 6.55, 6.92
Accel: -0.53, 0.16, -0.80
Gyro: 0.97, 5.90, 11.04
Accel: -0.52, 0.12, -0.79
Gyro: -0.04, 6.10, 12.84
Accel: -0.50, 0.11, -0.79
Gyro: -2.62, 4.50, 11.12
Accel: -0.49, 0.09, -0.78
Gyro: -2.02, 0.47, 7.51
Accel: -0.50, 0.11, -0.82
Gyro: -4.04, -2.63, 1.92
Accel: -0.50, 0.13, -0.81
Gyro: -1.88, -2.85, 0.55
Accel: -0.52, 0.13, -0.82
Gyro: 2.28, -2.98, 0.20
Accel: -0.53, 0.11, -0.84
Gyro: 0.85, -0.56, 0.18
Accel: -0.52, 0.12, -0.84
Gyro: -2.16, 1.49, 0.20
Accel: -0.51, 0.13, -0.83
Gyro: -3.46, 3.57, 1.19
Accel: -0.50, 0.11, -0.81
Gyro: -1.55, 2.78, 1.14
Accel: -0.50, 0.10, -0.81
Gyro: -2.88, 0.64, -0.01
Accel: -0.52, 0.12, -0.84
Gyro: -4.18, -0.05, -1.71
Accel: -0.51, 0.12, -0.83
Gyro: -5.04, 1.24, -2.61
Accel: -0.49, 0.12, -0.81
Gyro: -0.60, 1.53, -2.90
Accel: -0.49, 0.10, -0.81
Gyro: -0.92, 0.05, -3.62
Accel: -0.50, 0.12, -0.82
Gyro: -4.44, -0.58, -4.68
Accel: -0.51, 0.13, -0.84
Gyro: -3.01, -0.19, -4.97
Accel: -0.50, 0.12, -0.82
Gyro: -1.26, -0.18, -4.24
Accel: -0.50, 0.10, -0.83
Gyro: -2.40, -0.97, -4.23
Accel: -0.52, 0.11, -0.84
Gyro: -4.46, 0.11, -3.52
Accel: -0.50, 0.12, -0.83
Gyro: -3.67, 1.91, -2.89
Accel: -0.51, 0.11, -0.83
Gyro: -3.78, 1.68, -2.84
Accel: -0.51, 0.11, -0.85
Gyro: -4.60, 1.83, -2.67
Accel: -0.50, 0.12, -0.83
Gyro: -2.68, 3.00, -2.84
Accel: -0.50, 0.11, -0.84
Gyro: -2.17, 3.47, -2.39
Accel: -0.49, 0.12, -0.81
Gyro: -3.40, 2.63, -1.63
Accel: -0.50, 0.12, -0.82
Gyro: -3.14, 1.49, -0.89
Accel: -0.50, 0.11, -0.83
Gyro: -2.96, 2.40, -0.63
Accel: -0.50, 0.10, -0.85
Gyro: -4.09, 3.07, -1.51
Accel: -0.49, 0.11, -0.83
Gyro: -4.33, 3.04, -2.46
Accel: -0.50, 0.12, -0.83
Gyro: -4.40, 2.34, -2.43
Accel: -0.49, 0.12, -0.83
Gyro: -4.39, 2.69, -1.68
Accel: -0.49, 0.11, -0.84
Gyro: -3.54, 3.33, -1.52
