Accel: -0.42, 0.10, -0.87
Gyro: -4.77, 2.69, -3.17
Accel: -0.41, 0.11, -0.85
Gyro: -6.08, 0.94, -3.87
Accel: -0.41, 0.12, -0.88
Gyro: -6.33, 0.85, -3.18
Accel: -0.41, 0.13, -0.86
Gyro: -5.11, 0.45, -2.87
Accel: -0.41, 0.12, -0.87
Gyro: -4.54, -0.58, -1.95
Accel: -0.42, 0.10, -0.88
Gyro: -6.38, -0.68, -1.66
Accel: -0.42, 0.09, -0.87
Gyro: -8.16, -0.68, -2.65
Accel: -0.41, 0.09, -0.87
Gyro: -9.47, -1.27, -4.61
Accel: -0.40, 0.09, -0.86
Gyro: -10.02, -3.26, -6.41
Accel: -0.41, 0.06, -0.85
Gyro: -10.27, -5.89, -7.29
Accel: -0.44, 0.02, -0.87
Gyro: -16.06, -6.94, -8.04
Accel: -0.46, -0.03, -0.89
Gyro: -28.66, -6.51, -10.40
Accel: -0.50, -0.11, -0.85
Gyro: -47.19, -3.63, -16.07
Accel: -0.53, -0.14, -0.93
Gyro: -75.69, 5.00, -29.03
Accel: -0.54, -0.05, -0.87
Gyro: -99.76, 18.50, -41.85
Accel: -0.59, -0.12, -0.78
Gyro: -120.45, 27.78, -53.14
Accel: -0.65, 0.06, -0.95
Gyro: -150.37, 46.68, -72.94
Accel: -0.68, 0.22, -0.82
Gyro: -160.59, 69.80, -87.12
Accel: -0.68, 0.31, -0.76
Gyro: -146.64, 88.80, -100.36
Accel: -0.71, 0.52, -0.80
Gyro: -137.60, 105.49, -104.93
Accel: -0.68, 0.67, -0.79
Gyro: -133.55, 129.59, -88.83
Accel: -0.57, 0.78, -0.67
Gyro: -100.14, 137.46, -74.93
Accel: -0.49, 0.89, -0.73
Gyro: -73.27, 145.72, -50.39
Accel: -0.37, 0.87, -0.62
Gyro: -66.15, 148.06, -18.42
Accel: -0.28, 0.87, -0.60
Gyro: -55.37, 152.23, 23.38
Accel: -0.22, 0.74, -0.73
Gyro: -30.39, 150.71, 38.07
Accel: -0.15, 0.76, -0.66
Gyro: -44.09, 151.70, 59.59
Accel: -0.11, 0.74, -0.64
Gyro: -34.68, 152.65, 78.29
Accel: 0.01, 0.75, -0.62
Gyro: -33.20, 149.59, 90.02
Accel: 0.13, 0.77, -0.58
Gyro: -28.63, 150.48, 105.75
Accel: 0.24, 0.73, -0.53
Gyro: -14.61, 146.05, 120.02
Accel: 0.40, 0.64, -0.41
Gyro: -3.95, 132.81, 123.98
Accel: 0.51, 0.69, -0.38
Gyro: 6.47, 115.57, 126.88
Accel: 0.62, 0.68, -0.35
Gyro: 18.64, 93.99, 135.84
Accel: 0.69, 0.62, -0.28
Gyro: 19.23, 76.58, 149.13
Accel: 0.74, 0.59, -0.23
Gyro: 18.78, 55.75, 170.25
Accel: 0.78, 0.51, -0.26
Gyro: 23.29, 34.15, 188.87
Accel: 0.77, 0.35, -0.27
Gyro: 24.06, 14.64, 204.97
Accel: 0.79, 0.13, -0.29
Gyro: 27.76, -0.79, 212.49
Accel: 0.81, -0.12, -0.26
Gyro: 27.82, -11.50, 205.41
Accel: 0.87, -0.22, -0.30
Gyro: 24.87, -26.81, 186.08
Accel: 0.84, -0.21, -0.33
Gyro: 17.12, -41.42, 175.96
Accel: 0.76, -0.29, -0.35
Gyro: 17.64, -57.74, 176.55
Accel: 0.70, -0.47, -0.48
Gyro: 22.06, -64.39, 165.08
Accel: 0.73, -0.63, -0.37
Gyro: 4.17, -78.37, 147.25
Accel: 0.74, -0.70, -0.46
Gyro: -6.01, -88.25, 128.46
Accel: 0.64, -0.65, -0.53
Gyro: -12.72, -102.64, 118.35
Accel: 0.55, -0.65, -0.56
Gyro: -30.34, -104.06, 108.31
Accel: 0.48, -0.62, -0.54
Gyro: -38.02, -116.46, 100.49
Accel: 0.37, -0.63, -0.59
Gyro: -47.39, -129.49, 93.73
Accel: 0.28, -0.63, -0.59
Gyro: -54.40, -142.28, 89.17
Accel: 0.17, -0.69, -0.64
Gyro: -65.25, -154.78, 81.80
Accel: 0.03, -0.70, -0.74
Gyro: -77.58, -162.17, 62.06
Accel: -0.13, -0.66, -0.88
Gyro: -93.40, -156.33, 37.83
Accel: -0.25, -0.62, -0.88
Gyro: -108.92, -145.35, 10.86
Accel: -0.29, -0.60, -0.77
Gyro: -123.21, -140.21, -21.21
Accel: -0.37, -0.48, -0.79
Gyro: -128.23, -134.96, -52.42
Accel: -0.43, -0.40, -0.73
Gyro: -130.31, -121.16, -74.87
Accel: -0.46, -0.31, -0.58
Gyro: -131.42, -105.70, -95.70
Accel: -0.58, -0.10, -0.54
Gyro: -135.34, -118.91, -114.11
Accel: -0.74, 0.08, -0.83
Gyro: -118.95, -123.57, -117.05
Accel: -0.87, 0.11, -1.12
Gyro: -108.22, -92.38, -113.48
Accel: -0.74, 0.08, -0.79
Gyro: -123.39, -57.84, -108.78
Accel: -0.83, 0.15, -0.92
Gyro: -93.25, -47.07, -107.85
Accel: -0.83, 0.20, -0.99
Gyro: -103.07, -18.96, -99.76
Accel: -0.73, 0.20, -0.78
Gyro: -80.31, 5.05, -91.89
Accel: -0.69, 0.32, -0.82
Gyro: -58.90, 7.98, -76.98
Accel: -0.65, 0.28, -0.81
Gyro: -54.90, 13.21, -54.95
Accel: -0.59, 0.26, -0.76
Gyro: -51.14, 12.39, -42.78
Accel: -0.59, 0.29, -0.81
Gyro: -38.99, 13.92, -27.31
Accel: -0.53, 0.27, -0.79
Gyro: -24.31, 15.23, -12.26
Accel: -0.52, 0.21, -0.75
Gyro: -1.14, 13.56, -7.29
Accel: -0.47, 0.19, -0.84
Gyro: -22.10, 15.49, 5.62
Accel: -0.50, 0.19, -0.79
Gyro: -4.38, 10.73, 6.66
Accel: -0.49, 0.17, -0.81
Gyro: -0.79, 9.50, 8.23
Accel: -0.50, 0.15, -0.84
Gyro: 3.92, 8.35, 10.46
Accel: -0.48, 0.13, -0.85
Gyro: 4.74, 9.80, 10.73
Accel: -0.47, 0.13, -0.81
Gyro: 2.03, 10.14, 11.31
Accel: -0.47, 0.12, -0.86
Gyro: 6.87, 8.64, 11.17
Accel: -0.46, 0.11, -0.85
Gyro: 6.23, 8.38, 11.38
Accel: -0.45, 0.11, -0.84
Gyro: 7.35, 6.54, 11.67
Accel: -0.44, 0.08, -0.85
Gyro: 5.07, 5.78, 10.60
Accel: -0.43, 0.07, -0.83
Gyro: 1.05, 5.02, 9.38
Accel: -0.43, 0.07, -0.84
Gyro: -0.10, 2.09, 7.58
Accel: -0.43, 0.06, -0.87
Gyro: -2.33, 0.49, 5.20
Accel: -0.43, 0.07, -0.85
Gyro: -4.30, 0.47, 1.57
Accel: -0.44, 0.09, -0.85
Gyro: -4.87, -0.99, -2.19
Accel: -0.45, 0.12, -0.86
Gyro: -3.44, -1.34, -3.34
Accel: -0.45, 0.11, -0.88
Gyro: -2.06, 0.33, -2.93
Accel: -0.45, 0.11, -0.86
Gyro: -1.24, 1.53, -2.54
Accel: -0.45, 0.11, -0.86
Gyro: -3.08, 1.71, -1.85
Accel: -0.44, 0.11, -0.85
Gyro: -2.19, 1.14, -1.47
Accel: -0.45, 0.11, -0.85
Gyro: -1.83, 1.05, -0.60
Accel: -0.44, 0.10, -0.86
Gyro: -3.96, 0.55, -0.81
Accel: -0.44, 0.11, -0.87
Gyro: -4.75, 0.66, -1.34
Accel: -0.44, 0.11, -0.87
Gyro: -4.65, 1.45, -1.28
Accel: -0.44, 0.11, -0.87
Gyro: -5.11, 2.23, -1.39
Accel: -0.43, 0.12, -0.87
Gyro: -4.80, 1.65, -2.26
Accel: -0.43, 0.12, -0.85
Gyro: -3.07, 0.56, -2.12
Accel: -0.44, 0.11, -0.87
Gyro: -3.00, -0.79, -1.34
Accel: -0.44, 0.10, -0.88
Gyro: -5.01, 0.58, -0.28
