Accel: -0.24, 0.02, -0.94
Gyro: -4.84, -3.52, 0.30
Accel: -0.24, 0.03, -0.95
Gyro: -5.66, -2.59, 0.21
Accel: -0.25, 0.03, -0.94
Gyro: -4.65, -2.34, -0.25
Accel: -0.26, 0.02, -0.94
Gyro: -4.43, -1.85, -0.50
Accel: -0.25, 0.03, -0.95
Gyro: -5.20, -0.30, -1.66
Accel: -0.25, 0.04, -0.94
Gyro: -3.57, 0.40, -1.80
Accel: -0.25, 0.03, -0.93
Gyro: -1.68, 0.11, -1.48
Accel: -0.25, 0.03, -0.95
Gyro: -2.08, 0.22, -1.28
Accel: -0.24, 0.02, -0.96
Gyro: -2.23, 1.63, -1.19
Accel: -0.25, 0.01, -0.95
Gyro: -4.30, 2.27, -0.18
Accel: -0.25, -0.01, -0.96
Gyro: -7.23, 3.52, -0.02
Accel: -0.24, -0.03, -0.93
Gyro: -10.22, 4.81, -0.60
Accel: -0.25, -0.05, -0.93
Gyro: -15.11, 2.82, -0.68
Accel: -0.25, -0.08, -0.96
Gyro: -26.12, 4.32, -2.92
Accel: -0.24, -0.07, -0.94
Gyro: -36.87, 5.68, -6.76
Accel: -0.23, -0.07, -0.93
Gyro: -47.75, 6.17, -10.43
Accel: -0.24, -0.05, -0.93
Gyro: -62.97, 6.46, -15.11
Accel: -0.23, 0.00, -0.87
Gyro: -75.62, 6.25, -20.73
Accel: -0.23, 0.02, -0.89
Gyro: -84.27, 3.85, -26.18
Accel: -0.24, 0.09, -0.90
Gyro: -96.86, 6.68, -30.24
Accel: -0.23, 0.11, -0.87
Gyro: -110.21, 10.99, -33.84
Accel: -0.21, 0.12, -0.78
Gyro: -121.28, 9.75, -40.37
Accel: -0.32, 0.25, -0.81
Gyro: -146.55, 13.63, -42.82
Accel: -0.21, 0.36, -0.71
Gyro: -155.18, 14.24, -46.59
Accel: -0.20, 0.48, -0.65
Gyro: -150.88, 6.26, -46.99
Accel: -0.29, 0.60, -0.64
Gyro: -138.57, -6.51, -54.80
Accel: -0.35, 0.76, -0.68
Gyro: -130.20, 1.29, -54.41
Accel: -0.31, 0.86, -0.61
Gyro: -106.27, 1.98, -51.09
Accel: -0.31, 0.87, -0.55
Gyro: -70.62, -2.80, -48.36
Accel: -0.31, 0.79, -0.52
Gyro: -68.68, -9.99, -40.81
Accel: -0.33, 0.75, -0.39
Gyro: -36.58, -21.78, -47.89
Accel: -0.36, 0.76, -0.54
Gyro: -48.70, -26.10, -36.17
Accel: -0.44, 0.88, -0.55
Gyro: -62.35, -23.83, -32.20
Accel: -0.44, 0.88, -0.52
Gyro: -36.16, -22.96, -22.94
Accel: -0.55, 0.88, -0.57
Gyro: -34.84, -21.46, -16.98
Accel: -0.45, 0.91, -0.47
Gyro: -23.69, -13.32, -10.75
Accel: -0.49, 0.89, -0.51
Gyro: -7.89, -11.02, -5.67
Accel: -0.49, 0.89, -0.53
Gyro: -7.87, -5.95, 1.53
Accel: -0.45, 0.84, -0.49
Gyro: -1.11, -0.63, 5.43
Accel: -0.45, 0.82, -0.48
Gyro: 11.24, -0.25, 3.68
Accel: -0.44, 0.82, -0.50
Gyro: 12.06, 2.16, 4.57
Accel: -0.42, 0.83, -0.48
Gyro: 22.45, 1.40, 5.00
Accel: -0.44, 0.89, -0.52
Gyro: 25.89, 1.04, 9.89
Accel: -0.41, 0.93, -0.49
Gyro: 44.53, -0.25, 17.01
Accel: -0.49, 0.80, -0.50
Gyro: 55.57, -3.59, 26.92
Accel: -0.42, 0.81, -0.52
Gyro: 71.25, -0.93, 27.05
Accel: -0.49, 0.64, -0.52
Gyro: 70.26, -3.59, 28.79
Accel: -0.44, 0.73, -0.59
Gyro: 70.88, -0.56, 22.00
Accel: -0.37, 0.67, -0.60
Gyro: 96.29, 1.96, 18.22
Accel: -0.39, 0.62, -0.68
Gyro: 87.05, 7.48, 19.17
Accel: -0.38, 0.70, -0.66
Gyro: 95.35, 6.21, 24.05
Accel: -0.36, 0.57, -0.70
Gyro: 108.47, 6.94, 30.75
Accel: -0.34, 0.52, -0.70
Gyro: 106.48, 8.78, 29.02
Accel: -0.33, 0.46, -0.73
Gyro: 117.62, 4.54, 31.52
Accel: -0.32, 0.32, -0.79
Gyro: 108.76, 6.97, 31.14
Accel: -0.31, 0.33, -0.81
Gyro: 100.32, 8.32, 29.53
Accel: -0.29, 0.24, -0.85
Gyro: 100.01, 9.52, 30.65
Accel: -0.26, 0.16, -0.83
Gyro: 87.79, 9.98, 27.85
Accel: -0.22, 0.14, -0.82
Gyro: 81.64, 7.45, 24.15
Accel: -0.24, 0.11, -0.87
Gyro: 70.63, 1.66, 21.79
Accel: -0.25, 0.07, -0.88
Gyro: 71.49, -1.80, 18.13
Accel: -0.26, 0.04, -0.90
Gyro: 64.89, -1.56, 15.21
Accel: -0.26, 0.00, -0.90
Gyro: 57.40, -0.89, 12.12
Accel: -0.26, -0.03, -0.88
Gyro: 48.29, -3.66, 9.56
Accel: -0.28, -0.06, -0.92
Gyro: 40.05, -6.81, 7.29
Accel: -0.29, -0.07, -0.96
Gyro: 29.63, -4.21, 5.15
Accel: -0.29, -0.08, -0.95
Gyro: 19.48, -1.08, 3.72
Accel: -0.29, -0.09, -0.94
Gyro: 10.68, 0.79, 1.63
Accel: -0.28, -0.06, -0.94
Gyro: 5.56, 1.88, -0.76
Accel: -0.27, -0.06, -0.93
Gyro: 2.75, 1.81, -1.76
Accel: -0.27, -0.05, -0.94
Gyro: -0.47, 1.40, -2.40
Accel: -0.25, -0.04, -0.94
Gyro: -2.48, 2.10, -2.06
Accel: -0.25, -0.04, -0.95
Gyro: -3.65, 3.91, -2.21
Accel: -0.25, -0.05, -0.93
Gyro: -5.17, 3.91, -2.83
Accel: -0.24, -0.03, -0.92
Gyro: -7.50, 2.01, -3.48
Accel: -0.24, -0.02, -0.92
Gyro: -7.76, -0.56, -4.42
Accel: -0.25, -0.01, -0.93
Gyro: -8.37, -1.03, -4.49
Accel: -0.24, 0.01, -0.93
Gyro: -7.90, -1.95, -4.52
Accel: -0.26, 0.02, -0.92
Gyro: -6.20, -2.47, -3.53
Accel: -0.25, 0.02, -0.93
Gyro: -4.67, -3.86, -2.81
Accel: -0.26, 0.00, -0.94
Gyro: -4.85, -3.70, -2.80
Accel: -0.27, 0.02, -0.95
Gyro: -4.47, -3.36, -2.55
Accel: -0.26, 0.02, -0.95
Gyro: -4.44, -2.68, -1.95
Accel: -0.27, 0.01, -0.93
Gyro: -3.67, -2.12, -1.56
Accel: -0.26, 0.01, -0.93
Gyro: -3.38, -2.67, -1.30
Accel: -0.27, 0.03, -0.94
Gyro: -3.71, -3.16, -1.32
Accel: -0.27, 0.02, -0.94
Gyro: -3.44, -1.98, -0.99
Accel: -0.27, 0.02, -0.93
Gyro: -2.61, -0.99, -0.34
Accel: -0.27, 0.01, -0.93
Gyro: -2.82, -2.12, 0.00
Accel: -0.27, 0.01, -0.95
Gyro: -3.91, -2.33, 0.03
Accel: -0.27, 0.02, -0.94
Gyro: -3.88, -1.00, -0.15
Accel: -0.27, 0.02, -0.93
Gyro: -3.75, -0.18, -0.05
Accel: -0.27, 0.03, -0.93
Gyro: -3.63, -0.24, -0.62
Accel: -0.27, 0.03, -0.93
Gyro: -3.46, -0.39, -0.71
Accel: -0.26, 0.02, -0.94
Gyro: -3.66, -0.11, -0.92
Accel: -0.26, 0.02, -0.93
Gyro: -3.33, -0.15, -1.27
Accel: -0.27, 0.02, -0.93
Gyro: -3.21, -0.05, -1.91
Accel: -0.27, 0.03, -0.93
Gyro: -2.91, -0.02, -1.62
Accel: -0.26, 0.03, -0.94
Gyro: -2.24, 0.06, -1.38
Accel: -0.26, 0.02, -0.94
Gyro: -2.01, -0.26, -1.14
Accel: -0.26, 0.02, -0.93
Gyro: -2.62, 0.02, -1.06
