Accel: -0.19, -0.02, -0.95
Gyro: -3.49, -2.75, -1.57
Accel: -0.20, -0.02, -0.96
Gyro: -4.14, -1.79, -1.80
Accel: -0.20, -0.01, -0.96
Gyro: -2.98, -1.63, -2.24
Accel: -0.19, -0.01, -0.96
Gyro: -2.71, -1.48, -2.10
Accel: -0.20, -0.01, -0.95
Gyro: -2.49, -1.77, -1.13
Accel: -0.20, -0.02, -0.95
Gyro: -1.74, -1.66, -0.37
Accel: -0.20, -0.02, -0.96
Gyro: -2.17, -1.72, -0.47
Accel: -0.20, -0.03, -0.94
Gyro: -2.37, -1.31, -1.34
Accel: -0.20, -0.03, -0.96
Gyro: -1.89, -0.56, -1.46
Accel: -0.20, -0.02, -0.95
Gyro: -2.17, 0.18, -1.70
Accel: -0.19, -0.01, -0.95
Gyro: -2.01, 0.11, -1.30
Accel: -0.20, -0.02, -0.94
Gyro: -2.33, 0.29, -0.63
Accel: -0.20, -0.05, -0.94
Gyro: -2.24, -0.31, -0.13
Accel: -0.22, -0.10, -0.97
Gyro: -7.79, 0.89, -0.54
Accel: -0.23, -0.12, -1.00
Gyro: -17.59, 4.90, -1.61
Accel: -0.22, -0.16, -0.97
Gyro: -28.55, 9.12, -3.04
Accel: -0.21, -0.18, -0.96
Gyro: -45.05, 11.56, -4.75
Accel: -0.21, -0.14, -0.97
Gyro: -64.91, 16.13, -9.73
Accel: -0.18, -0.10, -0.95
Gyro: -76.13, 19.99, -15.98
Accel: -0.16, -0.06, -0.91
Gyro: -86.52, 21.65, -24.20
Accel: -0.15, 0.00, -0.88
Gyro: -95.66, 20.87, -33.91
Accel: -0.14, 0.08, -0.85
Gyro: -100.92, 16.97, -42.34
Accel: -0.13, 0.14, -0.83
Gyro: -103.89, 11.92, -49.51
Accel: -0.12, 0.21, -0.83
Gyro: -113.82, 9.48, -53.05
Accel: -0.14, 0.30, -0.82
Gyro: -108.87, 8.83, -59.75
Accel: -0.15, 0.33, -0.75
Gyro: -121.19, 1.88, -58.02
Accel: -0.12, 0.37, -0.70
Gyro: -124.79, -5.85, -62.18
Accel: -0.13, 0.49, -0.68
Gyro: -127.53, -13.20, -64.74
Accel: -0.24, 0.60, -0.71
Gyro: -119.81, -16.33, -65.14
Accel: -0.22, 0.69, -0.67
Gyro: -107.99, -17.03, -64.12
Accel: -0.27, 0.80, -0.63
Gyro: -94.13, -25.25, -60.59
Accel: -0.28, 0.87, -0.58
Gyro: -69.13, -31.85, -54.20
Accel: -0.32, 0.84, -0.56
Gyro: -47.86, -39.41, -47.69
Accel: -0.32, 0.79, -0.57
Gyro: -25.87, -43.17, -41.81
Accel: -0.41, 0.80, -0.61
Gyro: -38.38, -43.24, -30.46
Accel: -0.40, 0.77, -0.62
Gyro: -27.72, -35.53, -27.46
Accel: -0.50, 0.74, -0.67
Gyro: -12.20, -22.20, -11.40
Accel: -0.51, 0.79, -0.57
Gyro: -45.98, -22.94, -7.60
Accel: -0.45, 0.78, -0.56
Gyro: -2.95, -13.27, -15.59
Accel: -0.51, 0.83, -0.62
Gyro: -15.26, -1.03, 1.04
Accel: -0.55, 0.83, -0.61
Gyro: -12.25, 7.53, 4.65
Accel: -0.50, 0.81, -0.56
Gyro: -0.47, 8.88, 5.18
Accel: -0.46, 0.79, -0.55
Gyro: 2.37, 13.83, 10.80
Accel: -0.42, 0.77, -0.52
Gyro: 14.21, 11.44, 10.86
Accel: -0.41, 0.76, -0.51
Gyro: 12.88, 8.78, 10.64
Accel: -0.44, 0.82, -0.58
Gyro: 21.84, 8.73, 14.76
Accel: -0.44, 0.81, -0.60
Gyro: 33.36, 13.92, 20.74
Accel: -0.35, 0.80, -0.52
Gyro: 46.52, 13.45, 20.71
Accel: -0.39, 0.80, -0.58
Gyro: 52.60, 12.89, 29.38
Accel: -0.36, 0.76, -0.61
Gyro: 56.02, 15.61, 32.59
Accel: -0.35, 0.74, -0.63
Gyro: 65.97, 13.56, 35.40
Accel: -0.32, 0.68, -0.64
Gyro: 72.64, 11.75, 41.53
Accel: -0.33, 0.63, -0.70
Gyro: 75.96, 11.53, 40.10
Accel: -0.31, 0.59, -0.74
Gyro: 80.60, 13.15, 40.41
Accel: -0.28, 0.53, -0.75
Gyro: 84.03, 15.94, 38.45
Accel: -0.25, 0.50, -0.77
Gyro: 86.46, 16.91, 35.79
Accel: -0.23, 0.44, -0.78
Gyro: 84.08, 17.36, 34.63
Accel: -0.21, 0.44, -0.77
Gyro: 83.27, 14.91, 32.81
Accel: -0.20, 0.39, -0.81
Gyro: 85.57, 11.54, 32.39
Accel: -0.18, 0.31, -0.86
Gyro: 83.83, 11.40, 30.72
Accel: -0.17, 0.28, -0.87
Gyro: 80.30, 11.67, 28.02
Accel: -0.16, 0.25, -0.86
Gyro: 80.51, 10.60, 27.07
Accel: -0.14, 0.17, -0.88
Gyro: 80.81, 10.71, 25.89
Accel: -0.12, 0.16, -0.88
Gyro: 75.68, 9.48, 23.54
Accel: -0.16, 0.14, -0.92
Gyro: 75.23, 7.09, 27.69
Accel: -0.13, 0.08, -0.95
Gyro: 68.89, 8.02, 26.40
Accel: -0.12, 0.05, -0.91
Gyro: 67.44, 8.09, 25.05
Accel: -0.12, -0.02, -0.92
Gyro: 64.23, 6.90, 23.53
Accel: -0.10, -0.10, -0.89
Gyro: 53.90, 2.55, 20.54
Accel: -0.10, -0.12, -0.90
Gyro: 41.40, -4.74, 17.15
Accel: -0.11, -0.14, -0.96
Gyro: 30.90, -9.49, 15.37
Accel: -0.12, -0.17, -0.96
Gyro: 16.85, -9.38, 13.34
Accel: -0.12, -0.15, -0.96
Gyro: 5.57, -9.02, 9.77
Accel: -0.13, -0.12, -0.95
Gyro: 2.96, -10.20, 5.90
Accel: -0.13, -0.13, -0.95
Gyro: 0.47, -10.60, 2.26
Accel: -0.15, -0.12, -0.95
Gyro: -4.73, -11.56, -1.99
Accel: -0.15, -0.10, -0.96
Gyro: -7.51, -11.76, -5.04
Accel: -0.16, -0.06, -0.96
Gyro: -6.76, -10.66, -6.31
Accel: -0.16, -0.05, -0.97
Gyro: -6.65, -9.40, -5.87
Accel: -0.17, -0.05, -0.95
Gyro: -7.28, -8.68, -5.28
Accel: -0.18, -0.05, -0.96
Gyro: -7.89, -8.01, -5.32
Accel: -0.18, -0.03, -0.95
Gyro: -6.77, -7.35, -5.17
Accel: -0.18, -0.02, -0.97
Gyro: -5.20, -6.44, -4.33
Accel: -0.19, -0.02, -0.96
Gyro: -4.17, -4.65, -3.21
Accel: -0.19, -0.03, -0.96
Gyro: -3.23, -4.81, -1.95
Accel: -0.21, -0.04, -0.96
Gyro: -3.48, -4.27, -2.39
Accel: -0.21, -0.04, -0.97
Gyro: -4.07, -2.21, -2.93
Accel: -0.21, -0.02, -0.96
Gyro: -4.36, -0.05, -3.11
Accel: -0.20, -0.02, -0.95
Gyro: -3.63, 0.84, -2.14
Accel: -0.19, -0.01, -0.96
Gyro: -2.62, 0.95, -1.40
Accel: -0.19, -0.03, -0.94
Gyro: -1.61, 1.11, -0.03
Accel: -0.19, -0.04, -0.95
Gyro: -2.83, 0.23, 0.00
Accel: -0.18, -0.03, -0.95
Gyro: -4.18, -0.83, -0.61
Accel: -0.19, -0.02, -0.97
Gyro: -3.63, -0.69, -1.01
Accel: -0.18, -0.02, -0.96
Gyro: -3.84, 0.17, -0.88
Accel: -0.18, -0.02, -0.94
Gyro: -3.95, -0.35, -0.66
Accel: -0.18, -0.02, -0.94
Gyro: -4.06, -1.78, -0.90
Accel: -0.19, -0.03, -0.95
Gyro: -3.36, -2.28, -1.41
Accel: -0.19, -0.03, -0.95
Gyro: -3.69, -1.64, -2.49
Accel: -0.20, -0.02, -0.96
Gyro: -4.37, -0.92, -2.91
Accel: -0.18, -0.01, -0.96
Gyro: -3.33, -0.30, -2.48
