Accel: -0.26, -0.04, -0.93
Gyro: -2.56, -0.46, -0.73
Accel: -0.26, -0.05, -0.94
Gyro: -4.14, -0.74, -1.05
Accel: -0.27, -0.04, -0.93
Gyro: -5.52, 0.21, -1.73
Accel: -0.25, -0.04, -0.94
Gyro: -7.13, 0.55, -2.67
Accel: -0.25, -0.03, -0.94
Gyro: -7.95, 0.40, -4.30
Accel: -0.25, -0.02, -0.92
Gyro: -6.94, -0.13, -4.50
Accel: -0.24, -0.01, -0.94
Gyro: -6.19, -1.18, -4.24
Accel: -0.26, -0.02, -0.93
Gyro: -6.07, -1.43, -3.17
Accel: -0.27, -0.05, -0.93
Gyro: -7.74, -1.82, -2.60
Accel: -0.28, -0.08, -0.96
Gyro: -13.82, 0.12, -2.72
Accel: -0.29, -0.11, -0.96
Gyro: -22.45, 2.62, -3.61
Accel: -0.28, -0.13, -0.97
Gyro: -36.97, 5.91, -5.26
Accel: -0.26, -0.11, -0.94
Gyro: -50.42, 8.74, -8.24
Accel: -0.23, -0.08, -0.91
Gyro: -61.90, 9.47, -11.81
Accel: -0.23, -0.04, -0.91
Gyro: -72.03, 7.58, -16.61
Accel: -0.22, 0.03, -0.90
Gyro: -79.23, 6.05, -21.10
Accel: -0.23, 0.07, -0.89
Gyro: -82.66, 4.53, -24.87
Accel: -0.23, 0.11, -0.87
Gyro: -89.87, 4.30, -28.63
Accel: -0.23, 0.16, -0.88
Gyro: -94.39, 3.29, -32.57
Accel: -0.24, 0.22, -0.86
Gyro: -99.92, 4.85, -34.94
Accel: -0.22, 0.25, -0.76
Gyro: -108.33, 2.88, -33.20
Accel: -0.24, 0.31, -0.80
Gyro: -106.91, -1.75, -36.96
Accel: -0.25, 0.38, -0.75
Gyro: -117.05, -6.20, -42.88
Accel: -0.25, 0.45, -0.73
Gyro: -111.84, -10.16, -46.37
Accel: -0.28, 0.53, -0.79
Gyro: -112.11, -2.59, -46.55
Accel: -0.30, 0.60, -0.67
Gyro: -105.03, -0.84, -47.50
Accel: -0.34, 0.65, -0.60
Gyro: -97.09, -10.86, -50.93
Accel: -0.36, 0.81, -0.64
Gyro: -69.88, -16.75, -46.65
Accel: -0.37, 0.80, -0.62
Gyro: -60.04, -20.00, -40.92
Accel: -0.38, 0.82, -0.60
Gyro: -46.20, -21.77, -31.40
Accel: -0.48, 0.69, -0.53
Gyro: -40.79, -26.49, -13.96
Accel: -0.46, 0.77, -0.70
Gyro: -27.24, -18.26, -8.47
Accel: -0.46, 0.79, -0.57
Gyro: -22.22, -21.15, -5.94
Accel: -0.50, 0.77, -0.65
Gyro: -11.39, -16.29, -0.22
Accel: -0.57, 0.73, -0.63
Gyro: -6.03, -9.25, 0.08
Accel: -0.43, 0.74, -0.57
Gyro: 1.82, -6.08, 0.79
Accel: -0.45, 0.73, -0.58
Gyro: -11.63, 2.14, 7.96
Accel: -0.47, 0.74, -0.62
Gyro: 4.14, 4.04, 3.05
Accel: -0.44, 0.76, -0.60
Gyro: 2.94, 4.27, 3.17
Accel: -0.44, 0.79, -0.61
Gyro: 20.68, 5.66, 6.11
Accel: -0.43, 0.77, -0.59
Gyro: 23.44, 6.45, 10.25
Accel: -0.43, 0.80, -0.59
Gyro: 34.75, 4.54, 15.46
Accel: -0.41, 0.78, -0.61
Gyro: 45.66, 5.70, 21.29
Accel: -0.38, 0.71, -0.60
Gyro: 57.11, 4.07, 24.86
Accel: -0.38, 0.70, -0.63
Gyro: 63.96, 1.04, 25.83
Accel: -0.38, 0.64, -0.69
Gyro: 70.56, 2.94, 29.57
Accel: -0.36, 0.60, -0.68
Gyro: 75.43, 3.91, 29.72
Accel: -0.35, 0.58, -0.68
Gyro: 80.67, 1.32, 30.96
Accel: -0.34, 0.53, -0.72
Gyro: 84.70, -1.01, 31.14
Accel: -0.34, 0.48, -0.76
Gyro: 85.69, -0.62, 29.92
Accel: -0.34, 0.47, -0.80
Gyro: 89.67, 2.72, 29.36
Accel: -0.34, 0.40, -0.81
Gyro: 92.49, 5.65, 32.40
Accel: -0.30, 0.35, -0.80
Gyro: 91.81, 6.80, 30.79
Accel: -0.28, 0.29, -0.80
Gyro: 92.07, 5.24, 30.62
Accel: -0.25, 0.18, -0.85
Gyro: 87.23, 5.14, 26.17
Accel: -0.26, 0.16, -0.85
Gyro: 80.51, 0.82, 19.52
Accel: -0.25, 0.14, -0.87
Gyro: 75.74, -0.58, 16.43
Accel: -0.25, 0.09, -0.88
Gyro: 66.70, -0.34, 13.60
Accel: -0.24, 0.07, -0.87
Gyro: 65.74, -0.93, 8.06
Accel: -0.25, 0.05, -0.87
Gyro: 61.43, -5.13, 5.73
Accel: -0.28, 0.01, -0.91
Gyro: 53.25, -6.78, 4.47
Accel: -0.28, -0.00, -0.93
Gyro: 45.93, -6.58, 4.94
Accel: -0.28, -0.03, -0.93
Gyro: 40.86, -5.07, 5.91
Accel: -0.29, -0.08, -0.92
Gyro: 32.07, -5.59, 6.26
Accel: -0.30, -0.10, -0.93
Gyro: 18.17, -5.17, 4.94
Accel: -0.30, -0.08, -0.94
Gyro: 8.42, -3.66, 3.36
Accel: -0.30, -0.07, -0.94
Gyro: 5.42, -2.33, 2.96
Accel: -0.30, -0.07, -0.92
Gyro: 2.82, -1.79, 0.91
Accel: -0.30, -0.07, -0.94
Gyro: -0.86, -0.44, -2.62
Accel: -0.30, -0.06, -0.94
Gyro: -3.23, 0.27, -5.00
Accel: -0.29, -0.05, -0.93
Gyro: -5.57, 0.34, -6.20
Accel: -0.29, -0.03, -0.93
Gyro: -7.57, 0.17, -6.32
Accel: -0.29, -0.01, -0.93
Gyro: -7.42, 1.06, -5.17
Accel: -0.28, -0.02, -0.93
Gyro: -7.61, 1.91, -4.72
Accel: -0.28, -0.01, -0.91
Gyro: -7.24, 1.41, -4.84
Accel: -0.28, -0.01, -0.92
Gyro: -6.52, 0.27, -4.62
Accel: -0.27, 0.00, -0.93
Gyro: -6.23, 0.41, -4.14
Accel: -0.28, 0.01, -0.93
Gyro: -5.25, 0.69, -3.69
Accel: -0.27, 0.01, -0.93
Gyro: -3.95, 0.88, -2.98
Accel: -0.27, 0.01, -0.93
Gyro: -2.96, 0.44, -1.96
Accel: -0.27, 0.00, -0.92
Gyro: -2.85, -0.42, -1.19
Accel: -0.28, -0.00, -0.93
Gyro: -2.56, -0.90, -1.26
Accel: -0.28, -0.01, -0.93
Gyro: -2.47, -1.30, -1.38
Accel: -0.27, -0.00, -0.92
Gyro: -3.14, -1.89, -1.37
Accel: -0.27, -0.00, -0.94
Gyro: -3.86, -1.90, -1.68
Accel: -0.28, 0.00, -0.92
Gyro: -2.90, -1.91, -1.56
Accel: -0.28, -0.00, -0.93
Gyro: -3.61, -2.22, -1.73
Accel: -0.29, 0.01, -0.92
Gyro: -4.39, -2.89, -1.58
Accel: -0.30, 0.01, -0.93
Gyro: -4.15, -2.85, -1.32
Accel: -0.29, 0.01, -0.93
Gyro: -3.22, -2.34, -1.33
Accel: -0.30, -0.00, -0.93
Gyro: -4.07, -1.92, -1.93
Accel: -0.29, 0.00, -0.94
Gyro: -4.96, -0.93, -2.16
Accel: -0.28, 0.01, -0.93
Gyro: -4.45, -0.39, -2.21
Accel: -0.29, 0.01, -0.92
Gyro: -4.16, -0.39, -1.49
Accel: -0.29, 0.01, -0.93
Gyro: -4.52, -0.54, -1.78
Accel: -0.29, 0.01, -0.93
Gyro: -4.37, 0.00, -1.77
Accel: -0.28, 0.02, -0.93
Gyro: -3.30, -0.01, -1.91
Accel: -0.28, 0.02, -0.92
Gyro: -3.65, -0.96, -1.28
Accel: -0.28, 0.01, -0.94
Gyro: -3.97, -1.23, -0.96
Accel: -0.29, 0.01, -0.94
Gyro: -3.79, -0.47, -0.95
Accel: -0.28, 0.01, -0.91
Gyro: -3.38, -0.21, -1.16
