Accel: -0.24, -0.01, -0.94
Gyro: -2.31, -0.84, -1.04
Accel: -0.25, -0.01, -0.94
Gyro: -2.52, -0.32, -1.27
Accel: -0.24, -0.01, -0.94
Gyro: -2.72, -0.18, -1.45
Accel: -0.24, -0.02, -0.95
Gyro: -3.32, -0.64, -2.12
Accel: -0.24, -0.03, -0.95
Gyro: -4.00, -0.61, -2.24
Accel: -0.24, -0.04, -0.95
Gyro: -5.65, -1.05, -1.21
Accel: -0.25, -0.06, -0.97
Gyro: -13.14, 1.79, -1.19
Accel: -0.24, -0.04, -0.94
Gyro: -17.81, 2.75, -2.87
Accel: -0.24, -0.06, -0.94
Gyro: -20.81, 2.37, -4.94
Accel: -0.25, -0.06, -0.95
Gyro: -25.79, 2.24, -5.20
Accel: -0.24, -0.08, -0.96
Gyro: -36.71, 4.91, -6.48
Accel: -0.24, -0.09, -0.94
Gyro: -49.96, 6.94, -7.94
Accel: -0.23, -0.07, -0.93
Gyro: -64.75, 8.83, -11.30
Accel: -0.21, -0.04, -0.91
Gyro: -77.81, 10.43, -16.09
Accel: -0.19, -0.01, -0.88
Gyro: -89.20, 9.59, -22.15
Accel: -0.18, 0.05, -0.84
Gyro: -101.04, 5.46, -30.84
Accel: -0.18, 0.15, -0.83
Gyro: -108.23, 0.63, -38.03
Accel: -0.21, 0.23, -0.83
Gyro: -111.31, -1.05, -41.55
Accel: -0.19, 0.27, -0.75
Gyro: -112.56, -2.58, -45.42
Accel: -0.21, 0.34, -0.75
Gyro: -126.14, -4.81, -43.95
Accel: -0.22, 0.43, -0.70
Gyro: -125.24, -11.93, -51.16
Accel: -0.26, 0.52, -0.68
Gyro: -117.94, -18.08, -54.73
Accel: -0.21, 0.60, -0.64
Gyro: -108.22, -20.02, -59.99
Accel: -0.34, 0.70, -0.64
Gyro: -95.60, -28.71, -57.53
Accel: -0.36, 0.76, -0.64
Gyro: -74.18, -35.30, -54.63
Accel: -0.41, 0.78, -0.59
Gyro: -58.90, -38.28, -47.35
Accel: -0.43, 0.80, -0.59
Gyro: -37.09, -42.08, -41.21
Accel: -0.47, 0.82, -0.56
Gyro: -24.31, -43.29, -29.79
Accel: -0.53, 0.75, -0.67
Gyro: -35.45, -29.01, -13.34
Accel: -0.56, 0.77, -0.65
Gyro: -17.27, -27.53, -13.15
Accel: -0.54, 0.77, -0.61
Gyro: -10.28, -17.90, -5.23
Accel: -0.57, 0.75, -0.62
Gyro: -5.49, -8.59, 0.36
Accel: -0.56, 0.72, -0.63
Gyro: -9.65, -3.14, 2.86
Accel: -0.54, 0.72, -0.63
Gyro: -0.98, 2.85, 5.62
Accel: -0.56, 0.73, -0.65
Gyro: 5.65, 6.30, 8.54
Accel: -0.50, 0.74, -0.62
Gyro: 14.26, 9.06, 8.82
Accel: -0.48, 0.73, -0.59
Gyro: 17.82, 9.18, 10.82
Accel: -0.46, 0.75, -0.63
Gyro: 30.64, 7.74, 16.32
Accel: -0.44, 0.68, -0.60
Gyro: 33.61, 9.88, 19.69
Accel: -0.43, 0.66, -0.58
Gyro: 38.83, 7.20, 19.91
Accel: -0.46, 0.68, -0.68
Gyro: 46.87, 8.77, 20.74
Accel: -0.42, 0.62, -0.64
Gyro: 54.54, 10.77, 19.26
Accel: -0.41, 0.63, -0.67
Gyro: 58.43, 10.58, 16.52
Accel: -0.41, 0.64, -0.69
Gyro: 65.69, 11.25, 18.94
Accel: -0.38, 0.57, -0.68
Gyro: 71.92, 12.15, 22.69
Accel: -0.37, 0.55, -0.72
Gyro: 73.41, 10.92, 24.22
Accel: -0.36, 0.50, -0.74
Gyro: 77.98, 9.50, 26.14
Accel: -0.35, 0.46, -0.76
Gyro: 78.93, 9.80, 25.64
Accel: -0.32, 0.42, -0.78
Gyro: 83.10, 9.49, 26.36
Accel: -0.32, 0.34, -0.81
Gyro: 82.36, 9.25, 25.48
Accel: -0.32, 0.31, -0.83
Gyro: 76.42, 9.17, 23.22
Accel: -0.31, 0.27, -0.85
Gyro: 74.30, 8.94, 22.65
Accel: -0.28, 0.21, -0.85
Gyro: 70.66, 9.20, 19.91
Accel: -0.26, 0.20, -0.82
Gyro: 69.37, 7.33, 15.45
Accel: -0.28, 0.21, -0.86
Gyro: 66.74, 3.22, 15.69
Accel: -0.29, 0.14, -0.89
Gyro: 62.43, 3.95, 13.96
Accel: -0.28, 0.11, -0.92
Gyro: 68.60, 4.43, 11.53
Accel: -0.27, 0.07, -0.90
Gyro: 66.75, 4.78, 9.06
Accel: -0.28, -0.01, -0.91
Gyro: 56.86, 4.48, 8.33
Accel: -0.28, -0.04, -0.93
Gyro: 44.42, 5.55, 5.52
Accel: -0.28, -0.04, -0.92
Gyro: 38.21, 5.92, 3.81
Accel: -0.27, -0.07, -0.92
Gyro: 30.78, 5.26, 3.52
Accel: -0.27, -0.08, -0.94
Gyro: 20.55, 5.82, 2.92
Accel: -0.26, -0.07, -0.95
Gyro: 13.26, 7.25, 2.49
Accel: -0.25, -0.07, -0.93
Gyro: 9.03, 7.61, 1.76
Accel: -0.24, -0.06, -0.93
Gyro: 3.98, 6.30, 0.92
Accel: -0.23, -0.05, -0.93
Gyro: -1.37, 4.14, 0.39
Accel: -0.23, -0.05, -0.93
Gyro: -3.67, 2.82, 0.10
Accel: -0.23, -0.05, -0.92
Gyro: -5.20, 1.59, -0.60
Accel: -0.23, -0.05, -0.92
Gyro: -7.99, 0.01, -1.98
Accel: -0.23, -0.03, -0.94
Gyro: -9.47, -0.72, -3.49
Accel: -0.23, -0.01, -0.94
Gyro: -9.29, -1.25, -4.04
Accel: -0.23, 0.00, -0.93
Gyro: -8.57, -2.34, -4.23
Accel: -0.23, 0.02, -0.93
Gyro: -7.51, -3.27, -3.69
Accel: -0.25, 0.02, -0.94
Gyro: -6.59, -3.49, -3.26
Accel: -0.25, 0.02, -0.95
Gyro: -4.38, -2.52, -2.53
Accel: -0.25, -0.00, -0.95
Gyro: -4.65, -1.72, -2.43
Accel: -0.24, 0.00, -0.93
Gyro: -6.15, -1.63, -2.81
Accel: -0.24, 0.01, -0.94
Gyro: -5.59, -1.82, -3.13
Accel: -0.24, 0.02, -0.94
Gyro: -4.62, -2.36, -2.85
Accel: -0.24, 0.03, -0.94
Gyro: -2.96, -3.64, -1.91
Accel: -0.25, 0.02, -0.95
Gyro: -2.44, -3.63, -0.73
Accel: -0.25, 0.01, -0.94
Gyro: -1.92, -3.52, -0.01
Accel: -0.25, 0.00, -0.92
Gyro: -2.88, -3.30, 0.18
Accel: -0.25, 0.01, -0.94
Gyro: -3.02, -3.54, -0.62
Accel: -0.26, 0.00, -0.93
Gyro: -2.42, -3.11, -1.31
Accel: -0.26, 0.01, -0.95
Gyro: -2.99, -2.66, -2.02
Accel: -0.26, 0.01, -0.94
Gyro: -3.70, -2.36, -2.77
Accel: -0.26, 0.02, -0.95
Gyro: -3.52, -1.30, -2.79
Accel: -0.25, 0.02, -0.93
Gyro: -2.82, -1.35, -2.33
Accel: -0.26, 0.02, -0.94
Gyro: -2.61, -1.94, -1.72
Accel: -0.27, 0.02, -0.94
Gyro: -1.99, -1.56, -0.77
Accel: -0.26, 0.01, -0.94
Gyro: -1.39, -1.17, -0.40
Accel: -0.25, 0.01, -0.94
Gyro: -1.04, -0.11, -0.47
Accel: -0.25, 0.01, -0.93
Gyro: -0.81, -0.82, -0.50
Accel: -0.26, 0.01, -0.95
Gyro: -1.78, -0.85, -0.68
Accel: -0.26, 0.01, -0.96
Gyro: -1.68, -0.56, -0.78
Accel: -0.25, 0.01, -0.94
Gyro: -0.69, 0.24, -1.19
Accel: -0.25, 0.01, -0.92
Gyro: -0.22, -1.10, -0.53
Accel: -0.26, 0.01, -0.93
Gyro: -1.54, -2.18, -0.79
Accel: -0.26, 0.01, -0.94
Gyro: -1.37, -1.27, -0.56
