Accel: -0.22, -0.00, -0.95
Gyro: -2.62, -1.80, -0.82
Accel: -0.22, -0.00, -0.94
Gyro: -3.30, -1.98, -0.98
Accel: -0.22, 0.00, -0.95
Gyro: -3.40, -2.68, -1.15
Accel: -0.22, 0.01, -0.97
Gyro: -2.51, -2.48, -1.08
Accel: -0.22, -0.01, -0.95
Gyro: -2.92, -1.03, -0.79
Accel: -0.23, -0.00, -0.94
Gyro: -3.73, -1.66, -1.36
Accel: -0.22, 0.00, -0.94
Gyro: -3.44, -2.20, -1.88
Accel: -0.22, -0.00, -0.96
Gyro: -2.86, -1.04, -1.98
Accel: -0.23, -0.00, -0.95
Gyro: -2.56, -0.82, -1.87
Accel: -0.23, -0.02, -0.95
Gyro: -3.49, -0.76, -1.15
Accel: -0.23, -0.05, -0.95
Gyro: -6.88, -0.37, 1.17
Accel: -0.24, -0.10, -0.96
Gyro: -17.78, 0.76, 2.64
Accel: -0.23, -0.10, -0.96
Gyro: -30.74, 3.20, 2.69
Accel: -0.22, -0.11, -0.94
Gyro: -42.64, 4.11, 1.54
Accel: -0.21, -0.10, -0.94
Gyro: -55.47, 3.88, -1.50
Accel: -0.20, -0.06, -0.92
Gyro: -67.38, 4.08, -6.40
Accel: -0.19, -0.03, -0.90
Gyro: -77.71, 3.37, -12.65
Accel: -0.19, 0.01, -0.86
Gyro: -88.43, -0.07, -20.93
Accel: -0.20, 0.09, -0.83
Gyro: -95.89, -5.05, -28.66
Accel: -0.23, 0.16, -0.91
Gyro: -100.75, -6.85, -34.96
Accel: -0.25, 0.21, -0.88
Gyro: -103.83, -1.54, -41.03
Accel: -0.24, 0.27, -0.80
Gyro: -102.91, 4.26, -44.44
Accel: -0.21, 0.33, -0.80
Gyro: -110.27, -0.69, -56.44
Accel: -0.26, 0.45, -0.70
Gyro: -108.83, -8.24, -55.44
Accel: -0.28, 0.53, -0.69
Gyro: -105.56, -15.21, -48.69
Accel: -0.27, 0.56, -0.62
Gyro: -106.90, -24.40, -42.76
Accel: -0.30, 0.62, -0.64
Gyro: -91.45, -35.60, -41.52
Accel: -0.35, 0.71, -0.65
Gyro: -86.88, -38.15, -40.27
Accel: -0.39, 0.76, -0.63
Gyro: -63.79, -38.22, -34.43
Accel: -0.42, 0.75, -0.64
Gyro: -42.98, -39.02, -29.20
Accel: -0.39, 0.72, -0.60
Gyro: -47.86, -36.09, -20.79
Accel: -0.49, 0.72, -0.59
Gyro: -35.21, -42.55, -16.72
Accel: -0.52, 0.70, -0.64
Gyro: -30.19, -37.84, -9.08
Accel: -0.55, 0.71, -0.61
Gyro: -26.48, -30.52, -6.57
Accel: -0.55, 0.73, -0.63
Gyro: -32.94, -17.62, 2.00
Accel: -0.55, 0.80, -0.62
Gyro: -28.75, -11.09, 1.01
Accel: -0.55, 0.77, -0.60
Gyro: -17.23, -3.58, 2.01
Accel: -0.52, 0.75, -0.55
Gyro: -13.99, 2.32, 4.73
Accel: -0.51, 0.73, -0.53
Gyro: -7.01, 3.90, 5.32
Accel: -0.50, 0.73, -0.54
Gyro: -6.07, 7.32, 3.67
Accel: -0.49, 0.74, -0.56
Gyro: 0.77, 9.11, 1.68
Accel: -0.45, 0.78, -0.49
Gyro: 4.07, 11.50, 4.00
Accel: -0.45, 0.83, -0.50
Gyro: 15.44, 5.38, 5.92
Accel: -0.48, 0.85, -0.59
Gyro: 28.29, 6.37, 10.48
Accel: -0.48, 0.86, -0.59
Gyro: 41.37, 11.68, 15.59
Accel: -0.45, 0.84, -0.55
Gyro: 61.42, 13.13, 19.68
Accel: -0.43, 0.75, -0.56
Gyro: 72.81, 12.19, 24.54
Accel: -0.42, 0.68, -0.59
Gyro: 77.45, 10.51, 26.63
Accel: -0.42, 0.68, -0.65
Gyro: 80.96, 9.43, 29.34
Accel: -0.40, 0.59, -0.64
Gyro: 90.63, 9.83, 30.94
Accel: -0.38, 0.53, -0.69
Gyro: 90.26, 8.70, 29.00
Accel: -0.38, 0.50, -0.76
Gyro: 86.32, 12.98, 28.79
Accel: -0.36, 0.49, -0.75
Gyro: 87.92, 15.59, 27.31
Accel: -0.34, 0.45, -0.72
Gyro: 101.54, 13.40, 27.83
Accel: -0.31, 0.32, -0.78
Gyro: 99.93, 13.58, 23.96
Accel: -0.29, 0.30, -0.82
Gyro: 89.08, 12.70, 17.11
Accel: -0.28, 0.27, -0.84
Gyro: 89.37, 12.37, 16.05
Accel: -0.27, 0.20, -0.85
Gyro: 89.19, 11.74, 15.50
Accel: -0.26, 0.16, -0.84
Gyro: 80.87, 10.94, 11.99
Accel: -0.27, 0.17, -0.87
Gyro: 77.67, 7.63, 11.72
Accel: -0.25, 0.07, -0.90
Gyro: 71.66, 6.89, 10.58
Accel: -0.25, 0.04, -0.90
Gyro: 69.32, 6.77, 8.86
Accel: -0.25, 0.02, -0.92
Gyro: 65.37, 7.35, 10.73
Accel: -0.24, -0.05, -0.90
Gyro: 55.72, 7.32, 9.99
Accel: -0.24, -0.06, -0.89
Gyro: 45.29, 4.07, 8.60
Accel: -0.24, -0.10, -0.90
Gyro: 36.90, -0.37, 8.32
Accel: -0.25, -0.09, -0.95
Gyro: 26.70, 0.28, 5.55
Accel: -0.25, -0.10, -0.95
Gyro: 21.00, 3.50, 3.74
Accel: -0.24, -0.12, -0.93
Gyro: 13.82, 3.11, 2.82
Accel: -0.24, -0.14, -0.94
Gyro: 3.03, 3.62, 1.23
Accel: -0.22, -0.12, -0.92
Gyro: -3.19, 2.30, -0.66
Accel: -0.22, -0.11, -0.92
Gyro: -7.17, -1.02, -3.09
Accel: -0.22, -0.09, -0.92
Gyro: -10.13, -4.25, -5.62
Accel: -0.24, -0.07, -0.94
Gyro: -12.41, -3.89, -7.32
Accel: -0.25, -0.04, -0.93
Gyro: -13.73, -3.30, -7.72
Accel: -0.26, -0.03, -0.95
Gyro: -13.39, -3.13, -7.44
Accel: -0.25, -0.01, -0.94
Gyro: -11.79, -2.19, -6.71
Accel: -0.25, -0.00, -0.94
Gyro: -9.67, -1.37, -5.22
Accel: -0.25, 0.01, -0.94
Gyro: -9.03, -1.34, -4.20
Accel: -0.25, -0.01, -0.93
Gyro: -8.23, -1.66, -3.27
Accel: -0.24, -0.01, -0.93
Gyro: -7.65, -2.23, -2.53
Accel: -0.25, -0.02, -0.94
Gyro: -8.22, -2.08, -2.64
Accel: -0.26, -0.01, -0.94
Gyro: -8.52, -1.31, -2.84
Accel: -0.25, 0.01, -0.94
Gyro: -7.80, -0.60, -2.78
Accel: -0.24, 0.02, -0.95
Gyro: -6.42, -0.22, -2.37
Accel: -0.24, 0.02, -0.93
Gyro: -5.42, -0.50, -1.83
Accel: -0.24, 0.01, -0.93
Gyro: -3.67, -2.34, -1.08
Accel: -0.25, 0.00, -0.93
Gyro: -2.90, -3.99, -0.75
Accel: -0.25, 0.00, -0.94
Gyro: -3.97, -4.60, -1.08
Accel: -0.26, -0.01, -0.94
Gyro: -4.82, -3.72, -1.75
Accel: -0.26, -0.00, -0.94
Gyro: -5.28, -3.01, -2.22
Accel: -0.25, 0.01, -0.93
Gyro: -5.43, -2.78, -2.66
Accel: -0.25, 0.01, -0.94
Gyro: -5.34, -2.84, -2.49
Accel: -0.25, 0.02, -0.95
Gyro: -5.17, -2.62, -2.24
Accel: -0.25, 0.03, -0.92
Gyro: -3.02, -3.29, -1.83
Accel: -0.26, 0.02, -0.93
Gyro: -2.06, -4.76, -1.12
Accel: -0.27, 0.01, -0.94
Gyro: -2.53, -4.64, -1.03
Accel: -0.27, 0.02, -0.94
Gyro: -2.04, -3.59, -0.83
Accel: -0.27, 0.01, -0.94
Gyro: -2.20, -3.13, -1.11
Accel: -0.27, 0.01, -0.93
Gyro: -2.85, -3.40, -1.35
Accel: -0.27, 0.01, -0.93
Gyro: -2.76, -3.06, -1.40
