Accel: -0.26, 0.03, -0.93
Gyro: -2.34, -1.08, -1.09
Accel: -0.26, 0.03, -0.94
Gyro: -2.45, -0.93, -0.85
Accel: -0.27, 0.02, -0.94
Gyro: -1.77, -0.60, -1.06
Accel: -0.27, 0.01, -0.94
Gyro: -2.98, -0.10, -0.85
Accel: -0.26, 0.02, -0.92
Gyro: -2.82, 0.14, -1.22
Accel: -0.25, 0.02, -0.92
Gyro: -2.88, -1.05, -1.37
Accel: -0.26, 0.02, -0.94
Gyro: -3.36, -1.58, -1.49
Accel: -0.26, 0.03, -0.94
Gyro: -3.46, -0.60, -1.76
Accel: -0.27, 0.02, -0.94
Gyro: -2.24, 0.02, -1.08
Accel: -0.27, 0.01, -0.93
Gyro: -3.06, -0.08, -1.56
Accel: -0.29, -0.02, -0.95
Gyro: -4.86, -0.38, -0.50
Accel: -0.30, -0.04, -0.97
Gyro: -12.04, 3.09, -0.53
Accel: -0.29, -0.07, -0.95
Gyro: -18.94, 5.88, -0.72
Accel: -0.29, -0.10, -0.97
Gyro: -29.77, 9.13, -2.40
Accel: -0.28, -0.09, -0.97
Gyro: -44.41, 14.72, -6.86
Accel: -0.26, -0.08, -0.92
Gyro: -55.32, 17.52, -11.70
Accel: -0.25, -0.09, -0.92
Gyro: -70.43, 17.75, -19.09
Accel: -0.23, -0.02, -0.93
Gyro: -84.60, 20.38, -27.65
Accel: -0.22, 0.08, -0.89
Gyro: -93.65, 23.00, -32.62
Accel: -0.19, 0.13, -0.81
Gyro: -97.78, 20.35, -35.37
Accel: -0.19, 0.17, -0.81
Gyro: -106.45, 14.50, -40.21
Accel: -0.18, 0.22, -0.79
Gyro: -117.80, 14.77, -44.30
Accel: -0.16, 0.28, -0.78
Gyro: -119.94, 11.56, -50.53
Accel: -0.21, 0.38, -0.79
Gyro: -128.26, 9.00, -48.93
Accel: -0.26, 0.45, -0.74
Gyro: -125.48, 5.68, -49.29
Accel: -0.22, 0.48, -0.63
Gyro: -127.60, -4.49, -53.65
Accel: -0.27, 0.48, -0.57
Gyro: -122.70, -15.24, -61.99
Accel: -0.30, 0.63, -0.68
Gyro: -122.09, -18.14, -78.67
Accel: -0.37, 0.93, -0.72
Gyro: -97.96, -10.29, -76.63
Accel: -0.35, 0.99, -0.55
Gyro: -63.36, -10.51, -61.71
Accel: -0.36, 0.91, -0.47
Gyro: -35.77, -24.69, -39.10
Accel: -0.48, 0.75, -0.61
Gyro: -22.59, -26.78, -26.94
Accel: -0.38, 0.72, -0.62
Gyro: -57.48, -23.51, -16.72
Accel: -0.44, 0.75, -0.57
Gyro: -33.02, -29.34, -21.87
Accel: -0.47, 0.81, -0.62
Gyro: -40.60, -19.52, -14.08
Accel: -0.50, 0.83, -0.53
Gyro: -25.98, -15.45, -7.11
Accel: -0.52, 0.86, -0.58
Gyro: -19.57, -13.43, -4.06
Accel: -0.54, 0.90, -0.57
Gyro: -8.22, -6.88, 5.20
Accel: -0.49, 0.83, -0.55
Gyro: -1.01, 1.74, 9.46
Accel: -0.47, 0.80, -0.50
Gyro: 7.16, 3.12, 9.19
Accel: -0.46, 0.78, -0.52
Gyro: 10.93, 5.44, 8.60
Accel: -0.44, 0.80, -0.48
Gyro: 17.61, 6.09, 10.24
Accel: -0.42, 0.83, -0.52
Gyro: 22.51, 4.36, 9.37
Accel: -0.40, 0.89, -0.53
Gyro: 32.87, 2.65, 15.56
Accel: -0.42, 0.87, -0.53
Gyro: 58.24, 8.65, 23.74
Accel: -0.39, 0.84, -0.55
Gyro: 65.77, 6.66, 28.45
Accel: -0.37, 0.81, -0.56
Gyro: 77.08, 5.65, 38.02
Accel: -0.37, 0.71, -0.54
Gyro: 85.52, 1.70, 44.77
Accel: -0.38, 0.72, -0.59
Gyro: 93.44, -1.39, 44.21
Accel: -0.39, 0.73, -0.66
Gyro: 106.00, -4.13, 50.09
Accel: -0.37, 0.56, -0.72
Gyro: 118.36, 0.27, 53.11
Accel: -0.34, 0.48, -0.76
Gyro: 114.07, 8.62, 48.42
Accel: -0.32, 0.46, -0.74
Gyro: 114.78, 9.52, 46.85
Accel: -0.29, 0.31, -0.77
Gyro: 115.81, 10.65, 44.60
Accel: -0.26, 0.24, -0.79
Gyro: 103.60, 12.75, 35.58
Accel: -0.24, 0.27, -0.79
Gyro: 100.29, 7.46, 31.46
Accel: -0.24, 0.16, -0.86
Gyro: 93.35, 6.25, 29.87
Accel: -0.24, 0.14, -0.90
Gyro: 82.07, 8.78, 24.64
Accel: -0.23, 0.14, -0.91
Gyro: 77.78, 9.89, 20.00
Accel: -0.23, 0.08, -0.90
Gyro: 79.70, 10.09, 16.20
Accel: -0.20, 0.01, -0.88
Gyro: 73.49, 10.05, 12.44
Accel: -0.19, -0.02, -0.92
Gyro: 66.70, 6.65, 6.90
Accel: -0.19, -0.05, -0.92
Gyro: 57.72, 4.75, 3.27
Accel: -0.19, -0.09, -0.94
Gyro: 44.43, 4.48, 1.05
Accel: -0.19, -0.08, -0.94
Gyro: 31.55, 3.59, 1.04
Accel: -0.19, -0.08, -0.94
Gyro: 21.71, 3.45, 3.35
Accel: -0.18, -0.09, -0.94
Gyro: 13.26, 1.63, 4.91
Accel: -0.19, -0.11, -0.96
Gyro: 4.27, -0.04, 5.74
Accel: -0.18, -0.10, -0.97
Gyro: -2.94, 0.62, 3.05
Accel: -0.17, -0.09, -0.94
Gyro: -3.45, 0.34, 0.05
Accel: -0.18, -0.07, -0.95
Gyro: -4.94, -0.61, -2.70
Accel: -0.18, -0.04, -0.95
Gyro: -6.59, -1.08, -3.60
Accel: -0.18, -0.03, -0.95
Gyro: -4.83, -1.65, -2.92
Accel: -0.19, -0.05, -0.96
Gyro: -4.71, -2.25, -2.31
Accel: -0.18, -0.04, -0.96
Gyro: -6.23, -1.44, -2.30
Accel: -0.18, -0.03, -0.95
Gyro: -8.03, -1.79, -1.85
Accel: -0.19, -0.03, -0.95
Gyro: -8.96, -2.53, -0.90
Accel: -0.19, -0.02, -0.97
Gyro: -9.40, -2.59, -0.82
Accel: -0.19, -0.02, -0.95
Gyro: -8.64, -1.66, -2.22
Accel: -0.19, -0.01, -0.95
Gyro: -7.55, -1.65, -2.85
Accel: -0.18, -0.00, -0.96
Gyro: -6.35, -1.54, -2.79
Accel: -0.19, 0.00, -0.95
Gyro: -5.20, -1.41, -2.78
Accel: -0.19, 0.01, -0.96
Gyro: -3.90, -0.85, -2.27
Accel: -0.19, 0.01, -0.95
Gyro: -2.94, -2.07, -1.88
Accel: -0.19, 0.00, -0.94
Gyro: -2.14, -2.01, -1.63
Accel: -0.20, 0.01, -0.96
Gyro: -2.43, -2.45, -1.04
Accel: -0.19, 0.00, -0.95
Gyro: -1.53, -2.69, -0.52
Accel: -0.20, 0.00, -0.94
Gyro: -2.00, -3.46, 0.39
Accel: -0.20, -0.00, -0.95
Gyro: -3.85, -4.26, 0.24
Accel: -0.21, -0.00, -0.95
Gyro: -4.53, -4.04, 0.02
Accel: -0.21, -0.01, -0.96
Gyro: -4.78, -2.53, -0.87
Accel: -0.20, 0.00, -0.95
Gyro: -5.54, -1.84, -1.91
Accel: -0.21, 0.02, -0.96
Gyro: -5.02, -2.41, -2.05
Accel: -0.21, 0.01, -0.96
Gyro: -4.94, -1.58, -1.71
Accel: -0.21, 0.02, -0.96
Gyro: -3.27, -1.02, -0.92
Accel: -0.21, 0.01, -0.96
Gyro: -3.44, 0.27, -1.18
Accel: -0.20, 0.01, -0.95
Gyro: -3.54, 0.58, -1.68
Accel: -0.20, 0.01, -0.94
Gyro: -3.40, -0.40, -2.04
Accel: -0.21, 0.01, -0.96
Gyro: -3.33, -1.12, -2.15
Accel: -0.20, 0.02, -0.96
Gyro: -3.14, -0.24, -1.98
Accel: -0.20, 0.01, -0.96
Gyro: -2.30, 0.47, -1.17
