Accel: -0.25, -0.04, -0.93
Gyro: -7.19, -0.35, -2.13
Accel: -0.25, -0.04, -0.92
Gyro: -7.40, -1.40, -2.16
Accel: -0.26, -0.04, -0.95
Gyro: -9.32, -1.96, -3.04
Accel: -0.27, -0.01, -0.95
Gyro: -10.02, 0.56, -3.23
Accel: -0.27, 0.00, -0.96
Gyro: -9.29, 2.72, -3.48
Accel: -0.25, -0.01, -0.94
Gyro: -8.42, 3.81, -3.08
Accel: -0.25, -0.02, -0.93
Gyro: -8.10, 2.46, -2.49
Accel: -0.25, -0.04, -0.95
Gyro: -11.93, 2.62, -1.95
Accel: -0.25, -0.04, -0.94
Gyro: -17.00, 3.74, -2.42
Accel: -0.26, -0.07, -0.92
Gyro: -19.91, 3.16, -2.78
Accel: -0.28, -0.11, -0.98
Gyro: -31.45, 5.04, -4.16
Accel: -0.27, -0.11, -1.00
Gyro: -47.80, 12.37, -7.60
Accel: -0.24, -0.07, -0.94
Gyro: -58.88, 17.78, -12.72
Accel: -0.21, -0.03, -0.90
Gyro: -67.18, 18.08, -18.26
Accel: -0.20, 0.02, -0.90
Gyro: -74.71, 16.33, -24.10
Accel: -0.18, 0.05, -0.86
Gyro: -82.37, 13.95, -29.56
Accel: -0.18, 0.10, -0.85
Gyro: -89.65, 9.36, -35.13
Accel: -0.19, 0.14, -0.84
Gyro: -96.97, 6.95, -40.00
Accel: -0.19, 0.20, -0.83
Gyro: -106.29, 7.37, -42.37
Accel: -0.19, 0.25, -0.78
Gyro: -110.53, 6.10, -43.78
Accel: -0.23, 0.31, -0.81
Gyro: -123.51, 3.40, -45.17
Accel: -0.22, 0.29, -0.66
Gyro: -136.12, -4.53, -51.61
Accel: -0.21, 0.35, -0.66
Gyro: -148.06, -11.96, -61.58
Accel: -0.29, 0.60, -0.78
Gyro: -144.43, -7.58, -71.82
Accel: -0.26, 0.83, -0.64
Gyro: -117.55, 0.63, -74.82
Accel: -0.36, 0.93, -0.54
Gyro: -83.36, -1.99, -66.65
Accel: -0.37, 0.94, -0.58
Gyro: -42.50, -15.88, -57.41
Accel: -0.37, 0.89, -0.61
Gyro: -42.86, -14.73, -37.58
Accel: -0.39, 0.80, -0.58
Gyro: -31.77, -12.83, -23.38
Accel: -0.48, 0.72, -0.50
Gyro: -9.18, -10.41, -21.46
Accel: -0.36, 0.74, -0.66
Gyro: -55.50, -7.22, -1.92
Accel: -0.38, 0.77, -0.50
Gyro: -30.66, -14.60, -6.11
Accel: -0.27, 0.82, -0.57
Gyro: -2.17, -12.60, -5.25
Accel: -0.41, 0.82, -0.55
Gyro: 5.43, -8.32, -5.84
Accel: -0.41, 0.80, -0.57
Gyro: -5.03, 0.44, 6.61
Accel: -0.40, 0.78, -0.54
Gyro: 7.70, -0.98, 5.07
Accel: -0.41, 0.80, -0.62
Gyro: 8.10, -0.04, 6.62
Accel: -0.42, 0.80, -0.56
Gyro: 19.17, 4.62, 12.16
Accel: -0.40, 0.85, -0.59
Gyro: 28.90, 0.74, 15.71
Accel: -0.40, 0.83, -0.61
Gyro: 36.96, 1.70, 24.43
Accel: -0.36, 0.77, -0.61
Gyro: 45.59, 4.03, 29.21
Accel: -0.35, 0.77, -0.59
Gyro: 51.17, 1.41, 31.82
Accel: -0.36, 0.74, -0.65
Gyro: 62.81, 0.70, 34.50
Accel: -0.34, 0.66, -0.67
Gyro: 68.56, 1.92, 35.35
Accel: -0.33, 0.68, -0.68
Gyro: 76.00, 2.37, 34.20
Accel: -0.32, 0.66, -0.70
Gyro: 85.49, 3.23, 37.36
Accel: -0.30, 0.57, -0.72
Gyro: 93.67, 4.35, 37.19
Accel: -0.29, 0.57, -0.74
Gyro: 99.40, 4.46, 34.74
Accel: -0.27, 0.50, -0.77
Gyro: 108.83, 3.13, 35.93
Accel: -0.26, 0.36, -0.81
Gyro: 109.14, 6.74, 34.45
Accel: -0.24, 0.30, -0.80
Gyro: 99.83, 7.73, 30.44
Accel: -0.22, 0.29, -0.80
Gyro: 98.08, 3.46, 30.24
Accel: -0.22, 0.20, -0.84
Gyro: 91.36, 1.00, 29.72
Accel: -0.22, 0.17, -0.86
Gyro: 85.32, -0.95, 27.63
Accel: -0.21, 0.11, -0.90
Gyro: 82.35, -1.71, 23.65
Accel: -0.19, 0.07, -0.86
Gyro: 78.57, -0.85, 20.49
Accel: -0.20, 0.04, -0.87
Gyro: 75.56, -4.41, 19.05
Accel: -0.21, 0.02, -0.90
Gyro: 70.95, -8.37, 18.52
Accel: -0.22, -0.02, -0.95
Gyro: 62.22, -7.75, 19.45
Accel: -0.23, -0.05, -0.92
Gyro: 51.92, -5.46, 20.89
Accel: -0.24, -0.11, -0.91
Gyro: 44.04, -7.67, 20.87
Accel: -0.25, -0.13, -0.93
Gyro: 34.13, -9.12, 18.32
Accel: -0.26, -0.17, -0.95
Gyro: 22.45, -7.61, 14.48
Accel: -0.26, -0.16, -0.97
Gyro: 12.47, -4.57, 9.43
Accel: -0.25, -0.15, -0.95
Gyro: 7.14, -2.53, 4.52
Accel: -0.25, -0.14, -0.94
Gyro: 3.34, -1.66, 0.21
Accel: -0.25, -0.13, -0.95
Gyro: -0.73, -1.06, -3.32
Accel: -0.24, -0.10, -0.95
Gyro: -3.65, -0.71, -5.62
Accel: -0.24, -0.08, -0.94
Gyro: -5.00, 0.19, -6.20
Accel: -0.24, -0.07, -0.93
Gyro: -4.84, -0.34, -5.60
Accel: -0.24, -0.08, -0.94
Gyro: -5.58, -1.13, -4.38
Accel: -0.25, -0.09, -0.94
Gyro: -7.05, -0.86, -4.14
Accel: -0.24, -0.07, -0.93
Gyro: -8.38, -0.82, -4.91
Accel: -0.23, -0.07, -0.92
Gyro: -9.22, -1.80, -5.65
Accel: -0.24, -0.05, -0.92
Gyro: -9.61, -2.79, -5.97
Accel: -0.24, -0.04, -0.95
Gyro: -9.25, -2.46, -5.48
Accel: -0.24, -0.03, -0.94
Gyro: -8.09, -2.27, -5.22
Accel: -0.24, -0.03, -0.93
Gyro: -6.98, -2.55, -4.47
Accel: -0.25, -0.03, -0.94
Gyro: -6.07, -3.40, -3.95
Accel: -0.25, -0.02, -0.95
Gyro: -4.84, -3.01, -3.14
Accel: -0.25, -0.03, -0.94
Gyro: -4.36, -2.70, -2.37
Accel: -0.25, -0.02, -0.94
Gyro: -4.61, -2.98, -1.92
Accel: -0.25, -0.02, -0.95
Gyro: -4.30, -2.27, -1.17
Accel: -0.25, -0.02, -0.94
Gyro: -3.69, -1.10, -0.96
Accel: -0.24, -0.03, -0.93
Gyro: -3.98, -0.89, -0.98
Accel: -0.25, -0.03, -0.92
Gyro: -4.24, -2.43, -1.43
Accel: -0.25, -0.02, -0.94
Gyro: -3.70, -3.40, -1.88
Accel: -0.26, -0.02, -0.95
Gyro: -3.41, -2.88, -2.08
Accel: -0.25, -0.02, -0.94
Gyro: -2.94, -1.66, -2.07
Accel: -0.25, -0.02, -0.94
Gyro: -2.63, -1.75, -1.87
Accel: -0.25, -0.02, -0.94
Gyro: -2.10, -2.99, -1.38
Accel: -0.26, -0.02, -0.94
Gyro: -2.46, -2.06, -1.24
Accel: -0.26, -0.02, -0.96
Gyro: -3.01, -0.47, -1.10
Accel: -0.25, -0.03, -0.93
Gyro: -2.01, -0.22, -1.37
Accel: -0.26, -0.02, -0.93
Gyro: -2.29, -0.79, -1.23
Accel: -0.26, -0.01, -0.93
Gyro: -2.53, -2.12, -1.24
Accel: -0.25, -0.02, -0.94
Gyro: -2.03, -1.81, -0.71
Accel: -0.26, -0.02, -0.95
Gyro: -1.70, -1.41, -0.66
Accel: -0.25, -0.03, -0.93
Gyro: -1.66, -1.81, -0.88
Accel: -0.26, -0.03, -0.95
Gyro: -1.30, -1.82, -0.91
Accel: -0.26, -0.03, -0.94
Gyro: -2.24, -0.98, -1.18
