Accel: -0.28, 0.02, -0.93
Gyro: -3.47, -0.92, -1.55
Accel: -0.29, 0.02, -0.94
Gyro: -3.39, -0.59, -1.98
Accel: -0.28, 0.02, -0.94
Gyro: -2.74, -0.01, -1.48
Accel: -0.28, 0.02, -0.93
Gyro: -1.73, -0.39, -1.27
Accel: -0.28, 0.02, -0.93
Gyro: -2.06, 0.10, -1.14
Accel: -0.29, 0.02, -0.94
Gyro: -2.03, -0.17, -0.76
Accel: -0.28, 0.02, -0.94
Gyro: -1.86, 0.47, -0.96
Accel: -0.28, 0.02, -0.92
Gyro: -1.29, 0.13, -0.75
Accel: -0.29, 0.01, -0.92
Gyro: -2.53, -1.21, -0.88
Accel: -0.29, 0.01, -0.94
Gyro: -2.53, -1.08, -0.72
Accel: -0.30, -0.01, -0.94
Gyro: -3.19, -0.28, -0.89
Accel: -0.29, -0.03, -0.93
Gyro: -7.13, -0.01, -0.47
Accel: -0.29, -0.06, -0.94
Gyro: -12.93, 1.28, -0.60
Accel: -0.29, -0.08, -0.94
Gyro: -21.97, 1.98, -1.05
Accel: -0.30, -0.08, -0.94
Gyro: -32.15, 3.07, -2.11
Accel: -0.29, -0.09, -0.92
Gyro: -45.48, 4.78, -3.39
Accel: -0.27, -0.08, -0.91
Gyro: -62.04, 6.57, -5.71
Accel: -0.25, -0.06, -0.89
Gyro: -76.87, 4.54, -10.33
Accel: -0.26, 0.00, -0.88
Gyro: -88.73, 3.33, -17.09
Accel: -0.24, 0.04, -0.85
Gyro: -97.55, 2.63, -23.07
Accel: -0.22, 0.05, -0.81
Gyro: -110.18, 0.71, -28.38
Accel: -0.20, 0.13, -0.73
Gyro: -127.13, -5.61, -37.74
Accel: -0.24, 0.28, -0.72
Gyro: -145.65, -9.74, -43.62
Accel: -0.33, 0.41, -0.69
Gyro: -137.99, -18.14, -50.02
Accel: -0.33, 0.54, -0.71
Gyro: -132.76, -21.17, -51.56
Accel: -0.43, 0.63, -0.77
Gyro: -123.62, -15.38, -52.44
Accel: -0.40, 0.71, -0.69
Gyro: -104.58, -7.14, -47.58
Accel: -0.39, 0.74, -0.57
Gyro: -84.60, -14.47, -41.47
Accel: -0.43, 0.75, -0.66
Gyro: -69.00, -18.94, -39.60
Accel: -0.50, 0.73, -0.62
Gyro: -43.95, -14.87, -37.80
Accel: -0.45, 0.75, -0.61
Gyro: -48.26, -15.00, -28.69
Accel: -0.51, 0.76, -0.58
Gyro: -37.03, -15.12, -20.57
Accel: -0.50, 0.75, -0.64
Gyro: -28.67, -11.15, -13.85
Accel: -0.50, 0.75, -0.59
Gyro: -28.24, -7.58, -5.15
Accel: -0.52, 0.78, -0.62
Gyro: -21.93, -4.43, -1.05
Accel: -0.50, 0.80, -0.58
Gyro: -12.82, -1.08, 3.04
Accel: -0.49, 0.75, -0.56
Gyro: 2.49, -0.44, 5.54
Accel: -0.47, 0.73, -0.58
Gyro: 3.19, 2.01, 6.82
Accel: -0.48, 0.74, -0.57
Gyro: 11.62, 1.95, 8.28
Accel: -0.49, 0.76, -0.61
Gyro: 20.39, 4.65, 9.54
Accel: -0.47, 0.77, -0.60
Gyro: 30.49, 7.31, 11.79
Accel: -0.45, 0.76, -0.60
Gyro: 41.69, 8.45, 13.06
Accel: -0.45, 0.77, -0.59
Gyro: 55.02, 7.05, 14.43
Accel: -0.42, 0.72, -0.59
Gyro: 69.70, 4.65, 20.14
Accel: -0.42, 0.65, -0.65
Gyro: 74.71, 3.34, 20.22
Accel: -0.43, 0.67, -0.71
Gyro: 83.97, 6.52, 22.04
Accel: -0.44, 0.59, -0.75
Gyro: 94.48, 15.69, 24.79
Accel: -0.39, 0.51, -0.71
Gyro: 96.29, 19.39, 22.55
Accel: -0.35, 0.49, -0.68
Gyro: 99.46, 15.43, 23.71
Accel: -0.34, 0.39, -0.75
Gyro: 96.60, 12.01, 25.86
Accel: -0.32, 0.34, -0.80
Gyro: 86.47, 12.05, 24.99
Accel: -0.31, 0.32, -0.77
Gyro: 83.57, 10.58, 25.20
Accel: -0.30, 0.28, -0.79
Gyro: 81.55, 8.18, 25.03
Accel: -0.29, 0.23, -0.82
Gyro: 81.50, 4.39, 24.60
Accel: -0.29, 0.16, -0.84
Gyro: 79.86, 1.65, 20.71
Accel: -0.28, 0.14, -0.84
Gyro: 76.19, -0.02, 17.49
Accel: -0.28, 0.08, -0.87
Gyro: 71.69, -1.51, 14.95
Accel: -0.28, 0.03, -0.93
Gyro: 66.41, -0.27, 8.96
Accel: -0.28, 0.02, -0.91
Gyro: 60.70, 3.39, 4.20
Accel: -0.27, -0.01, -0.86
Gyro: 54.07, 1.42, 1.48
Accel: -0.30, -0.04, -0.90
Gyro: 47.41, -3.05, -0.55
Accel: -0.31, -0.06, -0.93
Gyro: 37.08, -3.33, -1.95
Accel: -0.30, -0.06, -0.92
Gyro: 26.49, -1.21, -1.17
Accel: -0.31, -0.09, -0.92
Gyro: 18.72, -1.54, 0.76
Accel: -0.32, -0.10, -0.95
Gyro: 10.15, -0.76, 0.43
Accel: -0.30, -0.07, -0.93
Gyro: 4.17, 0.47, -0.09
Accel: -0.29, -0.07, -0.92
Gyro: 0.12, -0.18, -0.09
Accel: -0.29, -0.06, -0.93
Gyro: -1.95, -1.15, 0.04
Accel: -0.30, -0.07, -0.94
Gyro: -3.79, -1.31, -0.49
Accel: -0.29, -0.06, -0.93
Gyro: -5.74, -0.46, -1.02
Accel: -0.29, -0.05, -0.91
Gyro: -7.32, -2.02, -1.93
Accel: -0.31, -0.03, -0.94
Gyro: -7.06, -2.16, -2.53
Accel: -0.31, -0.03, -0.94
Gyro: -7.08, -0.92, -2.42
Accel: -0.30, -0.03, -0.92
Gyro: -7.10, -0.56, -2.57
Accel: -0.30, -0.01, -0.92
Gyro: -6.82, -0.66, -2.18
Accel: -0.30, -0.02, -0.91
Gyro: -5.81, -1.88, -1.71
Accel: -0.30, -0.03, -0.93
Gyro: -6.02, -2.04, -1.65
Accel: -0.31, -0.02, -0.93
Gyro: -6.74, -1.27, -1.73
Accel: -0.30, -0.01, -0.92
Gyro: -6.54, -1.17, -1.84
Accel: -0.30, -0.00, -0.92
Gyro: -6.74, -1.39, -2.01
Accel: -0.31, 0.01, -0.93
Gyro: -5.36, -1.91, -2.04
Accel: -0.30, 0.00, -0.93
Gyro: -5.33, -1.37, -1.50
Accel: -0.30, 0.01, -0.91
Gyro: -5.25, -1.25, -1.85
Accel: -0.30, 0.01, -0.92
Gyro: -4.00, -1.77, -1.11
Accel: -0.31, 0.01, -0.93
Gyro: -4.30, -2.11, -0.64
Accel: -0.31, 0.01, -0.93
Gyro: -5.01, -1.63, -0.43
Accel: -0.30, 0.01, -0.93
Gyro: -4.33, -0.67, -0.79
Accel: -0.31, 0.01, -0.91
Gyro: -3.46, -1.47, -0.93
Accel: -0.31, 0.01, -0.92
Gyro: -3.46, -1.66, -1.64
Accel: -0.31, -0.00, -0.92
Gyro: -2.20, -1.55, -4.44
Accel: -0.30, 0.00, -0.94
Gyro: -0.72, -1.87, -6.87
Accel: -0.31, 0.01, -0.94
Gyro: -3.30, 0.65, -6.75
Accel: -0.30, 0.02, -0.92
Gyro: -5.57, 1.01, -3.70
Accel: -0.30, 0.04, -0.92
Gyro: -6.10, -0.43, -0.26
Accel: -0.30, 0.03, -0.94
Gyro: -4.78, 0.44, 1.72
Accel: -0.30, 0.02, -0.91
Gyro: -1.37, -0.19, 1.69
Accel: -0.30, 0.00, -0.92
Gyro: -1.85, -0.83, 0.70
Accel: -0.30, 0.01, -0.92
Gyro: -2.20, -1.15, -0.40
Accel: -0.30, 0.01, -0.91
Gyro: -1.88, -0.62, -0.53
Accel: -0.30, 0.01, -0.92
Gyro: -2.31, -0.82, -0.67
Accel: -0.31, 0.02, -0.93
Gyro: -2.34, -0.65, -0.72
