Accel: -0.24, -0.03, -0.97
Gyro: -10.28, 2.34, -1.65
Accel: -0.23, -0.01, -0.98
Gyro: -13.78, 6.26, -2.02
Accel: -0.22, 0.02, -0.95
Gyro: -14.07, 8.80, -1.97
Accel: -0.19, 0.05, -0.91
Gyro: -11.96, 6.07, -2.24
Accel: -0.20, 0.04, -0.95
Gyro: -9.93, 3.49, -2.33
Accel: -0.20, 0.03, -0.96
Gyro: -9.63, 4.68, -2.43
Accel: -0.20, 0.01, -0.96
Gyro: -10.53, 4.78, -2.29
Accel: -0.21, -0.01, -0.96
Gyro: -14.28, 4.92, -2.14
Accel: -0.22, -0.08, -0.94
Gyro: -21.22, 6.84, -3.40
Accel: -0.23, -0.19, -0.97
Gyro: -39.27, 8.97, -5.04
Accel: -0.24, -0.22, -0.99
Gyro: -68.50, 13.44, -11.48
Accel: -0.22, -0.19, -0.94
Gyro: -98.18, 22.21, -20.60
Accel: -0.20, -0.14, -0.88
Gyro: -122.76, 28.09, -35.01
Accel: -0.19, -0.04, -0.83
Gyro: -144.23, 29.61, -51.81
Accel: -0.18, 0.13, -0.78
Gyro: -155.36, 29.83, -66.05
Accel: -0.19, 0.30, -0.68
Gyro: -166.08, 31.01, -71.27
Accel: -0.19, 0.40, -0.66
Gyro: -150.38, 21.18, -76.43
Accel: -0.14, 0.57, -0.63
Gyro: -156.48, 19.45, -80.70
Accel: -0.16, 0.69, -0.57
Gyro: -140.84, 5.49, -78.68
Accel: -0.18, 0.75, -0.61
Gyro: -126.90, 2.94, -73.14
Accel: -0.19, 0.78, -0.55
Gyro: -115.03, -7.24, -72.03
Accel: -0.21, 0.85, -0.42
Gyro: -100.97, -19.05, -70.76
Accel: -0.28, 0.93, -0.47
Gyro: -82.36, -33.39, -64.90
Accel: -0.34, 0.97, -0.45
Gyro: -65.55, -38.96, -56.43
Accel: -0.41, 0.97, -0.42
Gyro: -42.69, -48.16, -48.47
Accel: -0.45, 0.97, -0.50
Gyro: -36.73, -47.86, -33.58
Accel: -0.60, 0.92, -0.60
Gyro: -8.67, -35.39, -24.89
Accel: -0.46, 0.90, -0.57
Gyro: -31.56, -21.87, -7.23
Accel: -0.51, 0.94, -0.49
Gyro: -5.90, -20.69, -6.24
Accel: -0.53, 0.91, -0.58
Gyro: -2.89, -9.35, 0.21
Accel: -0.59, 0.89, -0.57
Gyro: 0.36, -2.49, 3.27
Accel: -0.44, 0.86, -0.48
Gyro: 11.57, 6.66, 9.47
Accel: -0.44, 0.84, -0.48
Gyro: 22.85, 4.43, 7.37
Accel: -0.45, 0.94, -0.48
Gyro: 16.90, 0.72, 12.46
Accel: -0.46, 0.98, -0.47
Gyro: 41.18, 5.14, 25.04
Accel: -0.41, 0.91, -0.53
Gyro: 60.96, 7.16, 34.96
Accel: -0.45, 0.85, -0.53
Gyro: 70.11, 2.45, 39.17
Accel: -0.39, 0.76, -0.55
Gyro: 73.87, 7.90, 45.49
Accel: -0.36, 0.69, -0.54
Gyro: 81.28, 6.33, 40.12
Accel: -0.35, 0.72, -0.60
Gyro: 84.59, 3.97, 38.65
Accel: -0.34, 0.64, -0.63
Gyro: 84.07, 6.38, 38.29
Accel: -0.31, 0.63, -0.64
Gyro: 90.33, 6.81, 37.22
Accel: -0.33, 0.66, -0.71
Gyro: 94.60, 5.71, 37.48
Accel: -0.30, 0.58, -0.71
Gyro: 104.09, 6.48, 42.05
Accel: -0.28, 0.45, -0.74
Gyro: 104.98, 8.51, 38.38
Accel: -0.25, 0.45, -0.73
Gyro: 106.32, 4.93, 33.15
Accel: -0.24, 0.36, -0.82
Gyro: 108.76, 4.29, 33.36
Accel: -0.23, 0.29, -0.83
Gyro: 99.71, 7.88, 30.52
Accel: -0.21, 0.27, -0.81
Gyro: 98.24, 5.62, 30.73
Accel: -0.21, 0.19, -0.87
Gyro: 90.14, 5.39, 30.49
Accel: -0.15, 0.13, -0.87
Gyro: 86.06, 5.28, 25.51
Accel: -0.18, 0.12, -0.88
Gyro: 82.93, 1.69, 23.87
Accel: -0.19, 0.08, -0.91
Gyro: 82.02, -0.17, 22.29
Accel: -0.20, 0.05, -0.93
Gyro: 76.05, 2.07, 19.68
Accel: -0.16, 0.03, -0.89
Gyro: 73.91, 0.95, 15.75
Accel: -0.16, 0.01, -0.88
Gyro: 74.13, -4.58, 14.81
Accel: -0.18, -0.03, -0.99
Gyro: 49.87, -9.72, 23.17
Accel: -0.20, -0.10, -0.87
Gyro: 52.35, -15.43, 25.02
Accel: -0.21, -0.20, -0.89
Gyro: 38.43, -18.39, 24.51
Accel: -0.23, -0.21, -0.96
Gyro: 23.97, -18.31, 19.07
Accel: -0.25, -0.21, -0.98
Gyro: 14.95, -14.85, 14.99
Accel: -0.27, -0.21, -1.01
Gyro: 4.01, -7.33, 10.66
Accel: -0.26, -0.16, -0.96
Gyro: -3.20, -2.49, 6.29
Accel: -0.24, -0.16, -0.94
Gyro: -7.95, -1.98, 3.46
Accel: -0.25, -0.14, -0.97
Gyro: -11.88, -0.55, -0.18
Accel: -0.24, -0.12, -0.95
Gyro: -13.81, 2.32, -3.54
Accel: -0.22, -0.10, -0.95
Gyro: -16.86, 3.60, -5.65
Accel: -0.21, -0.07, -0.92
Gyro: -17.91, 3.70, -6.65
Accel: -0.22, -0.04, -0.94
Gyro: -15.96, 2.69, -7.10
Accel: -0.22, -0.03, -0.94
Gyro: -13.50, 1.53, -6.49
Accel: -0.22, -0.02, -0.94
Gyro: -15.25, 1.34, -5.37
Accel: -0.21, -0.00, -0.93
Gyro: -13.36, 0.30, -4.34
Accel: -0.22, -0.03, -0.94
Gyro: -9.57, -0.55, -3.78
Accel: -0.22, -0.03, -0.97
Gyro: -11.92, 0.78, -5.35
Accel: -0.21, -0.00, -0.93
Gyro: -13.08, 1.07, -6.02
Accel: -0.21, 0.02, -0.94
Gyro: -9.71, 0.43, -5.20
Accel: -0.21, 0.02, -0.94
Gyro: -6.31, 0.48, -3.89
Accel: -0.21, -0.00, -0.95
Gyro: -4.59, -0.38, -2.85
Accel: -0.22, -0.00, -0.94
Gyro: -5.84, 0.20, -3.15
Accel: -0.21, 0.01, -0.94
Gyro: -5.46, -0.79, -2.82
Accel: -0.22, 0.01, -0.95
Gyro: -4.23, -1.84, -2.42
Accel: -0.22, 0.01, -0.95
Gyro: -4.10, -1.03, -1.64
Accel: -0.22, -0.00, -0.94
Gyro: -4.13, -0.84, -1.24
Accel: -0.21, 0.00, -0.95
Gyro: -3.34, -0.73, -1.16
Accel: -0.21, 0.01, -0.94
Gyro: -2.97, -1.22, -1.54
Accel: -0.22, 0.01, -0.94
Gyro: -2.92, -1.95, -1.40
Accel: -0.22, 0.02, -0.94
Gyro: -2.31, -2.88, -1.70
Accel: -0.22, -0.00, -0.94
Gyro: -1.61, -2.91, -1.38
Accel: -0.23, -0.01, -0.95
Gyro: -3.64, -1.52, -1.67
Accel: -0.23, 0.00, -0.95
Gyro: -4.42, -0.56, -1.92
Accel: -0.23, 0.02, -0.95
Gyro: -3.23, -0.51, -1.85
Accel: -0.22, 0.02, -0.94
Gyro: -2.31, -0.54, -1.35
Accel: -0.22, 0.01, -0.93
Gyro: -1.34, -1.44, -0.69
Accel: -0.23, -0.01, -0.96
Gyro: -2.31, -1.08, -0.73
Accel: -0.23, -0.01, -0.97
Gyro: -3.45, 0.64, -1.46
Accel: -0.22, 0.01, -0.96
Gyro: -3.43, 1.74, -2.37
Accel: -0.22, 0.01, -0.95
Gyro: -1.82, 1.14, -2.24
Accel: -0.21, 0.02, -0.94
Gyro: -1.75, 0.02, -1.11
Accel: -0.21, 0.02, -0.93
Gyro: 0.26, -1.19, 0.67
Accel: -0.23, -0.01, -0.96
Gyro: -0.21, -0.98, 1.12
Accel: -0.22, -0.01, -0.95
Gyro: -2.24, -0.34, -0.33
