Accel: -0.15, 0.00, -0.97
Gyro: -3.40, 0.71, -1.78
Accel: -0.14, 0.01, -0.96
Gyro: -2.07, 0.98, -1.56
Accel: -0.14, 0.01, -0.95
Gyro: -1.17, -0.40, -0.95
Accel: -0.15, -0.00, -0.97
Gyro: -2.06, -0.50, -0.51
Accel: -0.15, 0.00, -0.97
Gyro: -2.05, 0.40, -0.40
Accel: -0.14, -0.00, -0.96
Gyro: -2.37, 1.06, -0.63
Accel: -0.15, -0.01, -0.96
Gyro: -2.54, 0.63, -0.89
Accel: -0.14, -0.02, -0.96
Gyro: -3.94, -0.20, -0.62
Accel: -0.15, -0.07, -0.96
Gyro: -8.32, -1.51, 0.55
Accel: -0.17, -0.10, -0.99
Gyro: -17.68, 0.56, -0.29
Accel: -0.17, -0.12, -1.00
Gyro: -26.34, 5.26, -2.18
Accel: -0.16, -0.15, -0.98
Gyro: -36.16, 8.35, -3.92
Accel: -0.17, -0.14, -0.99
Gyro: -53.31, 12.76, -7.87
Accel: -0.15, -0.12, -0.99
Gyro: -68.45, 16.82, -13.78
Accel: -0.13, -0.10, -0.95
Gyro: -82.74, 19.77, -21.84
Accel: -0.11, -0.04, -0.92
Gyro: -98.75, 21.98, -31.74
Accel: -0.09, 0.04, -0.86
Gyro: -110.08, 21.68, -41.62
Accel: -0.08, 0.11, -0.80
Gyro: -114.33, 16.01, -50.06
Accel: -0.07, 0.24, -0.78
Gyro: -118.10, 7.46, -55.96
Accel: -0.09, 0.30, -0.76
Gyro: -120.24, 8.90, -59.14
Accel: -0.11, 0.34, -0.76
Gyro: -122.92, 0.76, -59.20
Accel: -0.11, 0.40, -0.70
Gyro: -136.72, -2.33, -62.74
Accel: -0.11, 0.47, -0.63
Gyro: -136.43, -7.40, -71.73
Accel: -0.16, 0.62, -0.57
Gyro: -137.02, -13.42, -76.37
Accel: -0.33, 0.77, -0.55
Gyro: -128.08, -15.99, -73.62
Accel: -0.26, 0.90, -0.53
Gyro: -106.23, -20.72, -72.05
Accel: -0.34, 0.98, -0.55
Gyro: -87.10, -23.91, -63.39
Accel: -0.32, 0.96, -0.52
Gyro: -59.78, -27.02, -53.76
Accel: -0.37, 0.89, -0.47
Gyro: -43.65, -33.77, -46.29
Accel: -0.36, 0.88, -0.51
Gyro: -15.69, -42.20, -42.69
Accel: -0.42, 0.89, -0.48
Gyro: -40.38, -41.71, -26.99
Accel: -0.55, 0.89, -0.59
Gyro: -21.87, -28.61, -15.53
Accel: -0.47, 0.89, -0.64
Gyro: -43.80, -15.96, -2.94
Accel: -0.46, 0.92, -0.47
Gyro: -12.17, -13.05, -3.95
Accel: -0.49, 0.87, -0.53
Gyro: -8.64, -6.27, -1.94
Accel: -0.46, 0.89, -0.47
Gyro: -1.53, 1.72, 6.65
Accel: -0.43, 0.81, -0.48
Gyro: 5.98, 1.95, 4.43
Accel: -0.49, 0.82, -0.48
Gyro: -10.30, 1.85, 4.97
Accel: -0.37, 0.84, -0.44
Gyro: 8.07, 2.91, 8.57
Accel: -0.38, 0.84, -0.53
Gyro: 18.65, 3.37, 8.48
Accel: -0.40, 0.86, -0.45
Gyro: 15.08, 6.63, 9.41
Accel: -0.40, 0.90, -0.48
Gyro: 36.88, 3.33, 9.93
Accel: -0.41, 0.91, -0.53
Gyro: 41.69, 3.55, 16.73
Accel: -0.37, 0.87, -0.50
Gyro: 52.37, 5.21, 22.48
Accel: -0.42, 0.86, -0.56
Gyro: 66.29, 3.09, 26.37
Accel: -0.35, 0.79, -0.53
Gyro: 75.03, 4.68, 27.02
Accel: -0.35, 0.78, -0.55
Gyro: 74.49, 1.83, 30.78
Accel: -0.36, 0.79, -0.64
Gyro: 90.46, 0.56, 34.89
Accel: -0.34, 0.68, -0.67
Gyro: 94.75, 7.09, 40.86
Accel: -0.29, 0.61, -0.65
Gyro: 95.59, 7.90, 40.08
Accel: -0.27, 0.54, -0.69
Gyro: 96.85, 5.30, 38.77
Accel: -0.26, 0.52, -0.70
Gyro: 95.21, 3.73, 37.97
Accel: -0.26, 0.45, -0.73
Gyro: 99.30, -0.07, 36.41
Accel: -0.25, 0.38, -0.78
Gyro: 96.31, -1.52, 30.90
Accel: -0.26, 0.37, -0.86
Gyro: 95.75, -0.37, 28.56
Accel: -0.25, 0.35, -0.87
Gyro: 92.61, 5.78, 31.61
Accel: -0.22, 0.26, -0.84
Gyro: 91.89, 7.83, 33.14
Accel: -0.18, 0.18, -0.83
Gyro: 84.66, 7.03, 30.22
Accel: -0.20, 0.13, -0.85
Gyro: 76.93, 0.06, 28.08
Accel: -0.18, 0.11, -0.86
Gyro: 70.88, -5.83, 24.61
Accel: -0.19, 0.10, -0.91
Gyro: 66.49, -7.64, 21.15
Accel: -0.21, 0.12, -0.90
Gyro: 70.85, -8.45, 22.01
Accel: -0.17, 0.04, -0.92
Gyro: 66.55, -9.15, 22.42
Accel: -0.20, -0.01, -0.91
Gyro: 61.31, -11.00, 20.62
Accel: -0.22, -0.07, -0.95
Gyro: 52.59, -10.89, 21.03
Accel: -0.23, -0.16, -0.96
Gyro: 38.11, -7.68, 15.63
Accel: -0.24, -0.16, -0.95
Gyro: 22.73, -6.55, 7.24
Accel: -0.24, -0.10, -0.95
Gyro: 13.60, -5.91, 1.96
Accel: -0.25, -0.08, -0.96
Gyro: 6.99, -3.56, -0.37
Accel: -0.24, -0.07, -0.95
Gyro: 2.28, -1.78, -0.72
Accel: -0.23, -0.05, -0.93
Gyro: -1.72, -2.30, -1.52
Accel: -0.23, -0.03, -0.95
Gyro: -2.76, -2.88, -2.27
Accel: -0.24, -0.03, -0.97
Gyro: -2.75, -1.61, -2.64
Accel: -0.24, -0.04, -0.96
Gyro: -3.93, 0.91, -3.20
Accel: -0.23, -0.03, -0.93
Gyro: -5.23, 1.65, -3.58
Accel: -0.23, -0.03, -0.92
Gyro: -6.03, 0.20, -3.81
Accel: -0.23, -0.01, -0.94
Gyro: -5.91, -0.50, -4.39
Accel: -0.23, -0.00, -0.94
Gyro: -4.51, 0.46, -4.08
Accel: -0.22, -0.01, -0.95
Gyro: -4.43, 0.83, -3.54
Accel: -0.22, -0.02, -0.93
Gyro: -6.42, -0.11, -3.78
Accel: -0.23, -0.01, -0.96
Gyro: -7.62, -1.50, -4.41
Accel: -0.23, -0.00, -0.95
Gyro: -7.59, -0.77, -4.74
Accel: -0.22, 0.01, -0.94
Gyro: -6.75, -0.73, -4.23
Accel: -0.23, 0.02, -0.94
Gyro: -5.23, -0.47, -3.56
Accel: -0.23, 0.01, -0.94
Gyro: -2.54, 0.02, -2.33
Accel: -0.23, 0.01, -0.95
Gyro: -3.14, 1.01, -1.34
Accel: -0.22, 0.01, -0.95
Gyro: -2.62, 1.28, -0.65
Accel: -0.21, -0.01, -0.93
Gyro: -2.33, 0.54, -0.97
Accel: -0.21, -0.00, -0.93
Gyro: -3.22, -0.96, -1.63
Accel: -0.23, 0.00, -0.95
Gyro: -4.26, -2.04, -2.07
Accel: -0.21, -0.00, -0.95
Gyro: -4.81, -1.56, -1.60
Accel: -0.22, -0.00, -0.96
Gyro: -5.30, -0.37, -1.88
Accel: -0.23, 0.01, -0.96
Gyro: -3.52, 0.69, -3.39
Accel: -0.22, 0.00, -0.94
Gyro: -1.95, 0.70, -3.30
Accel: -0.22, -0.00, -0.93
Gyro: -4.07, -0.53, -3.07
Accel: -0.23, 0.01, -0.95
Gyro: -4.75, -0.64, -2.08
Accel: -0.22, 0.00, -0.95
Gyro: -4.22, 1.22, -0.60
Accel: -0.23, 0.00, -0.95
Gyro: -4.62, 2.47, -0.76
Accel: -0.22, 0.01, -0.94
Gyro: -4.64, 2.18, -0.97
Accel: -0.22, 0.00, -0.93
Gyro: -4.30, 0.96, -1.56
Accel: -0.24, -0.02, -0.96
Gyro: -4.84, -0.42, -1.45
