Accel: -0.26, -0.02, -0.93
Gyro: -2.85, -1.16, -2.06
Accel: -0.26, -0.01, -0.94
Gyro: -2.79, -0.94, -1.69
Accel: -0.26, -0.02, -0.95
Gyro: -3.10, -0.36, -1.68
Accel: -0.25, -0.02, -0.94
Gyro: -2.88, 0.42, -1.57
Accel: -0.25, -0.02, -0.93
Gyro: -2.93, 0.07, -1.36
Accel: -0.25, -0.02, -0.93
Gyro: -3.09, -0.05, -1.43
Accel: -0.25, -0.02, -0.95
Gyro: -3.03, 0.36, -1.38
Accel: -0.25, -0.03, -0.93
Gyro: -3.70, 0.62, -1.19
Accel: -0.25, -0.05, -0.94
Gyro: -6.69, 0.14, -0.87
Accel: -0.26, -0.08, -0.95
Gyro: -11.60, 1.25, -0.16
Accel: -0.25, -0.10, -0.94
Gyro: -18.78, 1.05, 1.34
Accel: -0.26, -0.12, -0.96
Gyro: -33.56, 2.80, 2.08
Accel: -0.25, -0.11, -0.95
Gyro: -49.86, 4.43, 2.71
Accel: -0.23, -0.08, -0.93
Gyro: -62.32, 4.81, 1.32
Accel: -0.23, -0.04, -0.91
Gyro: -71.63, 4.47, -1.28
Accel: -0.22, -0.01, -0.89
Gyro: -81.05, 4.10, -5.60
Accel: -0.23, 0.03, -0.88
Gyro: -87.99, 1.96, -11.70
Accel: -0.23, 0.09, -0.88
Gyro: -97.00, 2.25, -15.74
Accel: -0.23, 0.15, -0.86
Gyro: -106.65, 2.89, -20.16
Accel: -0.24, 0.23, -0.80
Gyro: -108.84, 0.69, -24.51
Accel: -0.21, 0.28, -0.85
Gyro: -108.18, 2.76, -32.14
Accel: -0.29, 0.40, -0.81
Gyro: -105.70, 1.13, -32.36
Accel: -0.22, 0.43, -0.76
Gyro: -105.45, 3.75, -29.41
Accel: -0.20, 0.48, -0.75
Gyro: -102.43, -2.03, -34.05
Accel: -0.25, 0.56, -0.71
Gyro: -98.27, -8.26, -34.47
Accel: -0.25, 0.60, -0.64
Gyro: -86.95, -15.64, -36.20
Accel: -0.29, 0.64, -0.65
Gyro: -84.31, -22.98, -37.89
Accel: -0.32, 0.72, -0.64
Gyro: -69.78, -26.12, -36.74
Accel: -0.38, 0.71, -0.61
Gyro: -56.88, -26.13, -30.60
Accel: -0.39, 0.71, -0.63
Gyro: -60.08, -25.47, -27.17
Accel: -0.42, 0.80, -0.64
Gyro: -53.60, -22.59, -23.26
Accel: -0.46, 0.80, -0.61
Gyro: -44.01, -17.83, -15.85
Accel: -0.46, 0.82, -0.58
Gyro: -35.61, -14.72, -11.67
Accel: -0.48, 0.84, -0.64
Gyro: -25.06, -9.54, -6.12
Accel: -0.47, 0.84, -0.59
Gyro: -20.39, -3.73, -1.15
Accel: -0.47, 0.82, -0.57
Gyro: -6.05, -0.60, 0.05
Accel: -0.46, 0.83, -0.57
Gyro: -0.82, 2.71, 2.24
Accel: -0.45, 0.85, -0.58
Gyro: 10.35, 5.76, 4.49
Accel: -0.42, 0.85, -0.54
Gyro: 21.42, 9.42, 9.49
Accel: -0.40, 0.83, -0.54
Gyro: 32.80, 9.80, 12.21
Accel: -0.40, 0.80, -0.57
Gyro: 41.98, 8.43, 14.56
Accel: -0.39, 0.76, -0.58
Gyro: 51.15, 9.09, 16.88
Accel: -0.37, 0.70, -0.60
Gyro: 57.29, 8.82, 17.28
Accel: -0.36, 0.68, -0.60
Gyro: 60.13, 5.86, 16.75
Accel: -0.36, 0.67, -0.67
Gyro: 62.23, 5.94, 19.18
Accel: -0.35, 0.62, -0.68
Gyro: 65.59, 6.56, 21.46
Accel: -0.33, 0.59, -0.68
Gyro: 66.22, 5.77, 21.41
Accel: -0.32, 0.56, -0.73
Gyro: 69.40, 4.38, 21.59
Accel: -0.31, 0.53, -0.75
Gyro: 68.54, 6.74, 22.43
Accel: -0.30, 0.49, -0.72
Gyro: 72.37, 4.32, 22.87
Accel: -0.30, 0.45, -0.79
Gyro: 73.18, 2.08, 22.58
Accel: -0.29, 0.40, -0.82
Gyro: 69.69, 3.66, 20.77
Accel: -0.29, 0.39, -0.82
Gyro: 74.29, 5.54, 19.71
Accel: -0.28, 0.34, -0.86
Gyro: 75.24, 6.51, 18.05
Accel: -0.26, 0.32, -0.86
Gyro: 75.52, 8.51, 15.08
Accel: -0.25, 0.29, -0.85
Gyro: 78.87, 8.39, 15.44
Accel: -0.24, 0.27, -0.87
Gyro: 82.69, 5.87, 15.22
Accel: -0.25, 0.17, -0.91
Gyro: 84.86, 5.54, 14.60
Accel: -0.24, 0.11, -0.90
Gyro: 78.32, 8.31, 12.34
Accel: -0.22, 0.08, -0.87
Gyro: 74.36, 6.86, 11.53
Accel: -0.22, 0.04, -0.87
Gyro: 67.92, 3.27, 11.38
Accel: -0.22, -0.02, -0.89
Gyro: 58.88, -0.69, 11.68
Accel: -0.24, -0.06, -0.94
Gyro: 45.61, -2.77, 11.27
Accel: -0.24, -0.06, -0.94
Gyro: 34.80, -1.40, 10.28
Accel: -0.24, -0.08, -0.94
Gyro: 25.51, -0.93, 8.77
Accel: -0.23, -0.09, -0.93
Gyro: 15.13, -1.95, 6.57
Accel: -0.25, -0.07, -0.94
Gyro: 8.90, -2.85, 4.65
Accel: -0.25, -0.07, -0.94
Gyro: 5.91, -2.49, 2.57
Accel: -0.24, -0.08, -0.95
Gyro: 2.48, -2.12, 0.34
Accel: -0.25, -0.07, -0.94
Gyro: -2.39, -1.27, -2.67
Accel: -0.25, -0.05, -0.94
Gyro: -3.46, -1.18, -4.92
Accel: -0.24, -0.04, -0.94
Gyro: -4.05, -1.05, -5.82
Accel: -0.24, -0.02, -0.95
Gyro: -5.14, -0.65, -5.89
Accel: -0.24, -0.01, -0.95
Gyro: -4.98, -0.10, -5.13
Accel: -0.24, -0.00, -0.94
Gyro: -3.66, 0.54, -4.30
Accel: -0.23, -0.01, -0.94
Gyro: -2.98, 0.85, -3.73
Accel: -0.24, -0.02, -0.94
Gyro: -3.17, 0.63, -3.74
Accel: -0.22, -0.02, -0.93
Gyro: -3.06, -0.31, -3.71
Accel: -0.24, -0.01, -0.94
Gyro: -2.74, -1.40, -3.17
Accel: -0.24, -0.01, -0.95
Gyro: -2.05, -1.64, -2.61
Accel: -0.24, -0.02, -0.94
Gyro: -1.79, -1.78, -1.99
Accel: -0.24, -0.01, -0.94
Gyro: -1.59, -2.14, -1.66
Accel: -0.24, -0.02, -0.93
Gyro: -1.99, -2.53, -1.25
Accel: -0.24, -0.02, -0.94
Gyro: -2.25, -3.16, -1.37
Accel: -0.25, -0.02, -0.94
Gyro: -2.19, -2.72, -1.27
Accel: -0.25, -0.03, -0.95
Gyro: -2.91, -2.27, -1.27
Accel: -0.24, -0.03, -0.94
Gyro: -4.00, -2.33, -2.14
Accel: -0.24, -0.02, -0.95
Gyro: -3.93, -1.95, -2.69
Accel: -0.25, -0.01, -0.93
Gyro: -2.10, -1.95, -2.97
Accel: -0.25, -0.01, -0.93
Gyro: -2.62, -2.55, -2.12
Accel: -0.25, -0.01, -0.94
Gyro: -2.53, -3.27, -1.17
Accel: -0.26, -0.02, -0.95
Gyro: -2.03, -2.66, -0.64
Accel: -0.25, -0.02, -0.95
Gyro: -2.72, -1.50, -1.11
Accel: -0.25, -0.01, -0.93
Gyro: -2.64, -1.72, -1.30
Accel: -0.25, -0.02, -0.94
Gyro: -3.41, -1.81, -1.59
Accel: -0.25, -0.01, -0.94
Gyro: -3.62, -0.99, -2.08
Accel: -0.25, -0.01, -0.94
Gyro: -3.54, -0.31, -1.50
Accel: -0.24, 0.00, -0.94
Gyro: -3.90, -0.75, -1.40
Accel: -0.25, 0.00, -0.94
Gyro: -3.10, -1.13, -1.17
Accel: -0.25, -0.00, -0.94
Gyro: -2.67, -0.89, -1.45
Accel: -0.25, 0.00, -0.94
Gyro: -2.45, -0.76, -1.38
