Accel: -0.23, 0.01, -0.96
Gyro: -2.13, 0.53, -1.48
Accel: -0.21, 0.02, -0.95
Gyro: -1.59, 1.26, -1.37
Accel: -0.21, 0.00, -0.93
Gyro: 0.08, 0.43, -0.63
Accel: -0.21, -0.02, -0.94
Gyro: -0.82, -0.68, -0.12
Accel: -0.22, -0.02, -0.95
Gyro: -3.55, -0.69, -0.03
Accel: -0.22, 0.00, -0.96
Gyro: -4.61, 0.07, -0.63
Accel: -0.21, 0.01, -0.96
Gyro: -4.30, 1.24, -1.30
Accel: -0.21, 0.01, -0.93
Gyro: -2.27, 1.43, -0.94
Accel: -0.21, -0.01, -0.94
Gyro: -1.66, 0.50, -0.16
Accel: -0.21, -0.04, -0.95
Gyro: -3.91, -0.02, 0.50
Accel: -0.23, -0.08, -0.97
Gyro: -9.02, 0.14, 0.81
Accel: -0.24, -0.11, -0.97
Gyro: -18.94, 2.97, 0.18
Accel: -0.24, -0.13, -0.95
Gyro: -28.33, 5.28, -3.28
Accel: -0.23, -0.15, -0.95
Gyro: -40.04, 6.44, -7.58
Accel: -0.23, -0.15, -0.96
Gyro: -59.71, 9.02, -13.15
Accel: -0.22, -0.12, -0.96
Gyro: -80.55, 13.28, -19.93
Accel: -0.19, -0.07, -0.90
Gyro: -95.68, 15.15, -27.35
Accel: -0.18, 0.00, -0.86
Gyro: -106.90, 15.14, -34.84
Accel: -0.18, 0.08, -0.83
Gyro: -116.56, 13.66, -41.76
Accel: -0.19, 0.22, -0.81
Gyro: -121.89, 10.61, -48.07
Accel: -0.19, 0.31, -0.79
Gyro: -120.41, 7.99, -49.93
Accel: -0.13, 0.34, -0.70
Gyro: -123.25, 10.10, -49.95
Accel: -0.16, 0.38, -0.68
Gyro: -132.42, 1.93, -55.47
Accel: -0.17, 0.47, -0.64
Gyro: -137.83, -4.43, -60.50
Accel: -0.22, 0.59, -0.67
Gyro: -135.92, -5.37, -60.07
Accel: -0.29, 0.70, -0.66
Gyro: -123.38, -10.50, -57.95
Accel: -0.31, 0.82, -0.64
Gyro: -104.29, -14.01, -61.39
Accel: -0.37, 0.92, -0.67
Gyro: -87.76, -8.70, -50.81
Accel: -0.39, 0.93, -0.52
Gyro: -58.74, -9.80, -38.83
Accel: -0.38, 0.84, -0.54
Gyro: -36.14, -13.74, -36.64
Accel: -0.42, 0.84, -0.62
Gyro: -47.97, -15.54, -23.15
Accel: -0.46, 0.82, -0.51
Gyro: -19.67, -10.21, -17.78
Accel: -0.35, 0.76, -0.39
Gyro: -35.64, -17.52, -5.29
Accel: -0.40, 0.91, -0.56
Gyro: -28.96, 0.80, 2.90
Accel: -0.39, 0.88, -0.58
Gyro: -0.14, 1.80, -1.64
Accel: -0.38, 0.83, -0.42
Gyro: 10.33, -8.67, -1.80
Accel: -0.34, 0.84, -0.56
Gyro: -3.01, 5.20, 10.17
Accel: -0.34, 0.79, -0.51
Gyro: 12.20, 2.17, 8.01
Accel: -0.34, 0.80, -0.57
Gyro: 7.23, 2.10, 10.85
Accel: -0.34, 0.80, -0.54
Gyro: 13.29, 2.58, 12.73
Accel: -0.32, 0.81, -0.55
Gyro: 21.09, -0.93, 11.83
Accel: -0.34, 0.85, -0.58
Gyro: 27.66, 0.37, 15.97
Accel: -0.33, 0.83, -0.58
Gyro: 38.80, -0.07, 18.72
Accel: -0.33, 0.86, -0.64
Gyro: 51.97, 1.05, 20.35
Accel: -0.31, 0.81, -0.60
Gyro: 66.62, 3.27, 21.50
Accel: -0.31, 0.82, -0.61
Gyro: 77.24, -1.14, 29.88
Accel: -0.31, 0.72, -0.63
Gyro: 86.10, -1.95, 38.42
Accel: -0.31, 0.69, -0.66
Gyro: 92.22, -4.70, 38.25
Accel: -0.31, 0.61, -0.74
Gyro: 104.40, -4.14, 39.36
Accel: -0.31, 0.58, -0.78
Gyro: 100.35, 5.72, 35.29
Accel: -0.29, 0.60, -0.71
Gyro: 115.90, 5.39, 40.84
Accel: -0.26, 0.40, -0.76
Gyro: 119.02, 6.22, 42.01
Accel: -0.23, 0.32, -0.77
Gyro: 110.28, 5.23, 36.87
Accel: -0.23, 0.27, -0.84
Gyro: 106.64, 3.85, 34.56
Accel: -0.22, 0.18, -0.90
Gyro: 96.64, 9.86, 31.97
Accel: -0.19, 0.16, -0.84
Gyro: 87.85, 9.05, 27.69
Accel: -0.20, 0.12, -0.84
Gyro: 91.31, 5.56, 23.39
Accel: -0.18, 0.03, -0.88
Gyro: 83.80, 5.04, 21.02
Accel: -0.15, -0.00, -0.89
Gyro: 73.69, 2.82, 16.04
Accel: -0.15, -0.01, -0.89
Gyro: 68.60, -0.53, 13.72
Accel: -0.15, -0.05, -0.89
Gyro: 62.52, -4.59, 12.70
Accel: -0.17, -0.15, -0.90
Gyro: 49.89, -9.12, 13.07
Accel: -0.20, -0.17, -0.94
Gyro: 31.79, -11.24, 11.51
Accel: -0.21, -0.15, -0.99
Gyro: 20.29, -8.38, 9.41
Accel: -0.20, -0.15, -0.98
Gyro: 12.96, -4.44, 7.33
Accel: -0.19, -0.14, -0.96
Gyro: 5.32, -1.97, 3.31
Accel: -0.19, -0.08, -0.93
Gyro: 1.06, -3.58, 0.17
Accel: -0.17, -0.04, -0.93
Gyro: 3.30, -6.94, 2.33
Accel: -0.18, -0.06, -0.94
Gyro: -1.23, -8.29, 6.54
Accel: -0.21, -0.10, -0.96
Gyro: -5.77, -9.57, 8.74
Accel: -0.24, -0.10, -0.99
Gyro: -8.19, -4.62, 6.03
Accel: -0.22, -0.11, -0.96
Gyro: -10.15, -0.85, 1.75
Accel: -0.21, -0.10, -0.95
Gyro: -14.38, -0.61, -4.38
Accel: -0.20, -0.06, -0.95
Gyro: -15.25, -0.72, -9.41
Accel: -0.20, -0.03, -0.94
Gyro: -14.53, -1.45, -11.93
Accel: -0.20, -0.00, -0.93
Gyro: -12.99, -1.66, -11.66
Accel: -0.21, -0.00, -0.94
Gyro: -13.05, -3.04, -9.95
Accel: -0.22, 0.01, -0.97
Gyro: -12.81, -1.82, -9.05
Accel: -0.22, 0.02, -0.96
Gyro: -10.24, 0.81, -8.91
Accel: -0.20, 0.02, -0.94
Gyro: -8.08, 1.25, -8.06
Accel: -0.20, 0.02, -0.93
Gyro: -7.12, -1.23, -6.63
Accel: -0.21, 0.04, -0.96
Gyro: -6.20, -2.83, -4.30
Accel: -0.21, 0.04, -0.95
Gyro: -5.57, -2.06, -1.72
Accel: -0.20, 0.02, -0.95
Gyro: -3.97, -1.56, -0.05
Accel: -0.21, -0.01, -0.94
Gyro: -4.71, -2.25, -0.05
Accel: -0.22, 0.01, -0.96
Gyro: -7.06, -1.13, -1.31
Accel: -0.21, 0.03, -0.95
Gyro: -5.80, -0.26, -1.53
Accel: -0.21, 0.03, -0.95
Gyro: -4.23, -0.59, -1.57
Accel: -0.21, 0.03, -0.94
Gyro: -3.06, 0.79, -1.31
Accel: -0.20, 0.02, -0.94
Gyro: -2.82, 0.65, -0.81
Accel: -0.20, 0.01, -0.93
Gyro: -3.04, -1.51, -0.19
Accel: -0.22, 0.00, -0.97
Gyro: -4.84, -0.87, -0.70
Accel: -0.21, 0.01, -0.96
Gyro: -5.08, 1.40, -1.74
Accel: -0.21, 0.03, -0.94
Gyro: -4.19, 1.53, -2.29
Accel: -0.20, 0.03, -0.95
Gyro: -2.92, 0.14, -2.59
Accel: -0.21, 0.03, -0.96
Gyro: -1.81, -0.34, -2.05
Accel: -0.19, 0.03, -0.94
Gyro: -0.46, -1.07, -0.82
Accel: -0.20, 0.01, -0.94
Gyro: -1.00, -1.88, -0.44
Accel: -0.21, 0.01, -0.96
Gyro: -2.01, -2.69, -0.21
Accel: -0.21, 0.02, -0.96
Gyro: -2.21, -1.50, -0.35
Accel: -0.21, 0.02, -0.95
Gyro: -1.71, -0.53, -0.72
