Accel: -0.19, -0.01, -0.95
Gyro: -2.94, -0.08, -1.51
Accel: -0.18, -0.02, -0.93
Gyro: -2.11, -0.58, -1.11
Accel: -0.19, -0.02, -0.94
Gyro: -2.31, -2.66, -0.28
Accel: -0.19, -0.03, -0.97
Gyro: -3.86, -2.08, -0.70
Accel: -0.20, -0.03, -0.97
Gyro: -3.63, 0.90, -1.33
Accel: -0.18, -0.03, -0.94
Gyro: -3.26, 1.85, -2.53
Accel: -0.17, -0.01, -0.93
Gyro: -2.94, -0.25, -3.20
Accel: -0.18, 0.01, -0.95
Gyro: -1.28, -3.63, -2.82
Accel: -0.19, -0.01, -0.96
Gyro: -1.27, -3.38, -0.85
Accel: -0.19, -0.02, -0.95
Gyro: -1.95, -1.24, -0.17
Accel: -0.20, -0.04, -0.95
Gyro: -0.09, -2.36, -0.17
Accel: -0.22, -0.08, -0.97
Gyro: -3.18, -1.51, -0.11
Accel: -0.25, -0.17, -0.97
Gyro: -10.67, 0.31, -0.37
Accel: -0.28, -0.25, -1.02
Gyro: -28.21, 4.00, -2.19
Accel: -0.27, -0.22, -1.02
Gyro: -51.61, 14.52, -7.93
Accel: -0.24, -0.19, -0.97
Gyro: -67.54, 22.28, -13.13
Accel: -0.22, -0.18, -0.94
Gyro: -85.87, 27.80, -20.55
Accel: -0.20, -0.11, -0.95
Gyro: -107.15, 33.16, -29.59
Accel: -0.18, -0.03, -0.90
Gyro: -121.56, 38.09, -36.12
Accel: -0.14, 0.06, -0.82
Gyro: -132.34, 40.81, -40.15
Accel: -0.11, 0.15, -0.75
Gyro: -141.83, 38.02, -43.93
Accel: -0.11, 0.31, -0.75
Gyro: -156.52, 32.04, -41.74
Accel: -0.07, 0.44, -0.78
Gyro: -140.98, 30.04, -41.75
Accel: -0.07, 0.50, -0.75
Gyro: -148.77, 31.42, -42.17
Accel: -0.02, 0.60, -0.65
Gyro: -131.07, 23.92, -47.92
Accel: -0.06, 0.71, -0.65
Gyro: -115.39, 15.26, -55.56
Accel: -0.06, 0.80, -0.60
Gyro: -94.86, 8.36, -56.92
Accel: -0.08, 0.85, -0.55
Gyro: -73.26, -0.19, -54.11
Accel: -0.10, 0.79, -0.54
Gyro: -66.38, -5.83, -49.21
Accel: -0.13, 0.73, -0.49
Gyro: -69.63, -14.87, -46.58
Accel: -0.18, 0.78, -0.50
Gyro: -73.73, -22.16, -49.21
Accel: -0.23, 0.96, -0.54
Gyro: -66.55, -24.88, -45.09
Accel: -0.29, 1.01, -0.48
Gyro: -56.68, -23.57, -32.65
Accel: -0.28, 0.98, -0.48
Gyro: -38.06, -24.60, -24.73
Accel: -0.32, 0.96, -0.44
Gyro: 5.55, -20.52, -23.95
Accel: -0.33, 0.98, -0.70
Gyro: -21.81, -10.48, -19.08
Accel: -0.36, 0.89, -0.43
Gyro: 20.29, -9.09, -21.14
Accel: -0.32, 0.91, -0.54
Gyro: -11.29, 5.82, 5.31
Accel: -0.30, 0.94, -0.48
Gyro: 1.85, 6.55, 5.39
Accel: -0.28, 0.88, -0.54
Gyro: 9.21, 5.07, 9.70
Accel: -0.31, 0.94, -0.56
Gyro: 3.81, -2.27, 18.88
Accel: -0.29, 0.84, -0.58
Gyro: 17.35, 7.11, 15.97
Accel: -0.24, 0.86, -0.49
Gyro: 22.71, 2.38, 9.04
Accel: -0.25, 0.87, -0.51
Gyro: 30.93, -3.30, 8.18
Accel: -0.23, 0.90, -0.50
Gyro: 36.13, -6.19, 13.92
Accel: -0.26, 0.88, -0.57
Gyro: 46.42, -8.38, 20.58
Accel: -0.26, 0.83, -0.55
Gyro: 54.52, -8.70, 25.18
Accel: -0.25, 0.83, -0.59
Gyro: 62.46, -7.45, 29.11
Accel: -0.27, 0.81, -0.63
Gyro: 70.21, -7.56, 32.70
Accel: -0.24, 0.81, -0.61
Gyro: 84.73, -7.36, 37.06
Accel: -0.24, 0.68, -0.66
Gyro: 94.56, -6.89, 36.67
Accel: -0.21, 0.64, -0.70
Gyro: 100.69, -5.90, 33.39
Accel: -0.24, 0.56, -0.81
Gyro: 110.49, -2.22, 32.98
Accel: -0.25, 0.49, -0.87
Gyro: 112.86, 11.86, 31.85
Accel: -0.19, 0.37, -0.79
Gyro: 103.94, 18.68, 29.43
Accel: -0.13, 0.42, -0.72
Gyro: 92.51, 12.87, 25.61
Accel: -0.12, 0.35, -0.82
Gyro: 94.05, 6.04, 26.08
Accel: -0.12, 0.33, -0.88
Gyro: 88.52, 5.98, 24.39
Accel: -0.12, 0.27, -0.85
Gyro: 94.92, 4.61, 25.92
Accel: -0.10, 0.22, -0.87
Gyro: 90.60, 5.78, 26.93
Accel: -0.11, 0.10, -1.00
Gyro: 74.40, 2.67, 31.12
Accel: -0.09, 0.13, -0.85
Gyro: 72.70, -2.51, 29.17
Accel: -0.11, 0.09, -0.89
Gyro: 74.78, -4.64, 29.11
Accel: -0.11, 0.07, -0.92
Gyro: 72.24, -4.94, 30.76
Accel: -0.12, 0.00, -0.96
Gyro: 70.43, -4.88, 32.73
Accel: -0.11, -0.08, -0.94
Gyro: 59.94, -4.26, 32.65
Accel: -0.10, -0.14, -0.93
Gyro: 47.39, -5.40, 30.72
Accel: -0.10, -0.18, -0.96
Gyro: 33.44, -7.22, 25.31
Accel: -0.10, -0.20, -0.95
Gyro: 18.62, -9.38, 19.94
Accel: -0.11, -0.19, -0.97
Gyro: 11.35, -10.54, 13.76
Accel: -0.12, -0.18, -1.00
Gyro: 5.21, -7.98, 7.21
Accel: -0.13, -0.17, -0.97
Gyro: -4.07, -5.16, 1.44
Accel: -0.13, -0.13, -0.96
Gyro: -12.83, -4.65, -3.43
Accel: -0.12, -0.09, -0.95
Gyro: -12.95, -5.96, -5.83
Accel: -0.12, -0.07, -0.97
Gyro: -11.73, -5.13, -8.04
Accel: -0.12, -0.07, -0.97
Gyro: -12.97, -4.18, -9.82
Accel: -0.13, -0.04, -0.96
Gyro: -13.07, -4.19, -10.51
Accel: -0.13, -0.02, -0.97
Gyro: -11.04, -4.36, -10.93
Accel: -0.13, -0.01, -0.97
Gyro: -8.48, -2.76, -10.07
Accel: -0.13, -0.01, -0.97
Gyro: -8.74, -1.34, -8.06
Accel: -0.13, -0.00, -0.96
Gyro: -8.78, -0.72, -5.92
Accel: -0.13, -0.01, -0.95
Gyro: -8.25, -2.27, -4.71
Accel: -0.13, 0.00, -0.95
Gyro: -6.72, -3.65, -4.47
Accel: -0.14, -0.01, -0.96
Gyro: -6.25, -3.49, -4.02
Accel: -0.14, -0.01, -0.96
Gyro: -7.73, -2.46, -4.41
Accel: -0.14, 0.00, -0.96
Gyro: -7.22, -3.07, -4.86
Accel: -0.14, 0.02, -0.95
Gyro: -5.44, -3.39, -4.24
Accel: -0.14, 0.02, -0.97
Gyro: -2.60, -3.65, -3.06
Accel: -0.15, 0.01, -0.96
Gyro: -2.02, -2.14, -1.62
Accel: -0.14, 0.00, -0.96
Gyro: -1.67, -1.41, -0.58
Accel: -0.15, -0.01, -0.97
Gyro: -2.22, -1.35, -0.40
Accel: -0.15, -0.01, -0.96
Gyro: -2.60, -1.82, -0.97
Accel: -0.15, -0.01, -0.96
Gyro: -4.19, -1.12, -1.69
Accel: -0.15, -0.01, -0.98
Gyro: -5.43, 1.17, -2.50
Accel: -0.14, -0.01, -0.95
Gyro: -4.16, 1.53, -3.07
Accel: -0.14, 0.01, -0.95
Gyro: -3.81, -0.85, -3.12
Accel: -0.14, 0.01, -0.95
Gyro: -3.40, -2.87, -2.30
Accel: -0.15, 0.01, -0.98
Gyro: -2.75, -1.01, -1.61
Accel: -0.15, 0.01, -0.96
Gyro: -3.04, -0.44, -1.34
Accel: -0.15, 0.00, -0.95
Gyro: -2.39, -1.59, -1.17
Accel: -0.15, -0.00, -0.97
Gyro: -3.56, -1.08, -1.28
