Accel: -0.39, 0.09, -0.89
Gyro: -5.27, -0.31, -0.68
Accel: -0.38, 0.09, -0.88
Gyro: -3.19, 0.24, -0.63
Accel: -0.39, 0.08, -0.89
Gyro: -1.82, -0.20, -0.23
Accel: -0.40, 0.09, -0.90
Gyro: -4.08, 1.08, -0.63
Accel: -0.39, 0.09, -0.89
Gyro: -3.33, 1.75, -1.51
Accel: -0.38, 0.10, -0.88
Gyro: -2.61, 1.65, -2.49
Accel: -0.38, 0.10, -0.88
Gyro: -0.78, 0.32, -2.53
Accel: -0.37, 0.10, -0.88
Gyro: -0.50, 0.17, -1.77
Accel: -0.37, 0.11, -0.88
Gyro: 0.37, -1.53, -0.82
Accel: -0.36, 0.13, -0.85
Gyro: 2.50, -3.27, -1.17
Accel: -0.36, 0.21, -0.79
Gyro: 7.44, -9.79, -0.90
Accel: -0.37, 0.30, -0.78
Gyro: 23.18, -21.39, 3.42
Accel: -0.41, 0.42, -0.79
Gyro: 44.03, -29.85, 14.66
Accel: -0.49, 0.56, -0.81
Gyro: 87.14, -35.05, 38.03
Accel: -0.57, 0.44, -0.84
Gyro: 134.64, -26.15, 67.09
Accel: -0.60, 0.20, -0.73
Gyro: 162.52, -13.98, 83.70
Accel: -0.64, 0.00, -0.68
Gyro: 181.15, -8.66, 90.49
Accel: -0.71, -0.17, -0.80
Gyro: 189.25, 5.51, 92.19
Accel: -0.73, -0.44, -0.79
Gyro: 172.29, 27.36, 85.78
Accel: -0.72, -0.50, -0.80
Gyro: 143.51, 45.65, 75.27
Accel: -0.69, -0.59, -0.84
Gyro: 126.31, 67.77, 62.42
Accel: -0.61, -0.64, -0.74
Gyro: 93.64, 83.66, 40.92
Accel: -0.59, -0.60, -0.74
Gyro: 88.18, 90.71, 25.34
Accel: -0.54, -0.59, -0.81
Gyro: 72.22, 104.75, 15.69
Accel: -0.51, -0.58, -0.83
Gyro: 60.75, 121.10, 6.00
Accel: -0.46, -0.62, -0.78
Gyro: 57.03, 137.09, -4.41
Accel: -0.37, -0.67, -0.72
Gyro: 50.29, 147.93, -20.07
Accel: -0.30, -0.60, -0.75
Gyro: 50.55, 155.35, -33.54
Accel: -0.20, -0.64, -0.70
Gyro: 51.64, 160.60, -44.02
Accel: -0.06, -0.71, -0.69
Gyro: 46.58, 158.94, -58.61
Accel: 0.04, -0.67, -0.63
Gyro: 31.56, 155.76, -71.77
Accel: 0.20, -0.67, -0.53
Gyro: 21.58, 142.32, -76.63
Accel: 0.26, -0.73, -0.62
Gyro: -2.43, 135.75, -79.73
Accel: 0.43, -0.67, -0.46
Gyro: 10.30, 119.60, -85.77
Accel: 0.50, -0.74, -0.55
Gyro: -4.64, 105.02, -91.13
Accel: 0.52, -0.70, -0.54
Gyro: -15.28, 95.96, -100.02
Accel: 0.59, -0.62, -0.48
Gyro: -30.01, 89.36, -105.84
Accel: 0.65, -0.62, -0.45
Gyro: -35.59, 78.39, -110.45
Accel: 0.66, -0.59, -0.51
Gyro: -45.36, 73.67, -120.86
Accel: 0.71, -0.56, -0.44
Gyro: -51.44, 68.24, -132.98
Accel: 0.73, -0.44, -0.39
Gyro: -43.72, 62.06, -147.83
Accel: 0.79, -0.32, -0.40
Gyro: -44.26, 52.56, -159.38
Accel: 0.84, -0.18, -0.34
Gyro: -52.76, 33.46, -163.75
Accel: 0.84, -0.03, -0.30
Gyro: -51.62, 16.82, -166.11
Accel: 0.86, 0.03, -0.31
Gyro: -53.66, -3.27, -161.15
Accel: 0.78, 0.19, -0.35
Gyro: -15.77, -0.76, -134.38
Accel: 0.84, 0.25, -0.29
Gyro: -42.35, -13.95, -148.31
Accel: 0.86, 0.27, -0.24
Gyro: -37.52, -33.33, -143.17
Accel: 0.86, 0.27, -0.24
Gyro: -28.84, -54.77, -140.63
Accel: 0.85, 0.42, -0.08
Gyro: -23.49, -87.09, -136.42
Accel: 0.80, 0.41, -0.05
Gyro: 0.13, -133.58, -140.69
Accel: 0.66, 0.63, -0.40
Gyro: 2.75, -161.03, -146.02
Accel: 0.45, 0.69, -0.57
Gyro: -0.12, -167.60, -120.40
Accel: 0.27, 0.63, -0.66
Gyro: 25.98, -165.92, -107.62
Accel: 0.14, 0.74, -0.64
Gyro: 26.85, -153.50, -90.97
Accel: 0.08, 0.78, -0.59
Gyro: 33.81, -154.95, -64.32
Accel: -0.04, 0.80, -0.68
Gyro: 58.53, -158.74, -34.62
Accel: -0.15, 0.72, -0.80
Gyro: 70.86, -148.82, -11.52
Accel: -0.21, 0.68, -0.75
Gyro: 81.72, -145.93, 6.19
Accel: -0.25, 0.55, -0.78
Gyro: 101.57, -138.33, 22.90
Accel: -0.30, 0.39, -0.91
Gyro: 101.02, -121.96, 40.18
Accel: -0.32, 0.33, -0.81
Gyro: 87.69, -113.63, 48.37
Accel: -0.40, 0.27, -0.83
Gyro: 88.87, -110.58, 51.40
Accel: -0.47, 0.21, -0.97
Gyro: 78.98, -98.57, 47.52
Accel: -0.47, 0.24, -0.92
Gyro: 72.97, -84.62, 50.76
Accel: -0.49, 0.20, -0.91
Gyro: 76.16, -73.63, 56.43
Accel: -0.55, 0.12, -0.84
Gyro: 69.16, -65.08, 59.30
Accel: -0.60, 0.02, -0.99
Gyro: 68.05, -51.98, 53.21
Accel: -0.59, -0.03, -0.99
Gyro: 45.61, -34.13, 44.16
Accel: -0.53, -0.04, -0.90
Gyro: 29.60, -22.54, 32.35
Accel: -0.54, -0.02, -0.83
Gyro: 25.25, -19.89, 23.19
Accel: -0.56, -0.04, -0.96
Gyro: 17.75, -12.04, 17.17
Accel: -0.52, -0.03, -0.93
Gyro: 7.78, -0.98, 8.25
Accel: -0.47, 0.02, -0.86
Gyro: 0.77, 2.67, -1.14
Accel: -0.45, 0.06, -0.82
Gyro: 2.53, 1.50, -5.71
Accel: -0.45, 0.08, -0.84
Gyro: 0.57, -0.72, -6.17
Accel: -0.46, 0.08, -0.88
Gyro: 1.43, -1.61, -6.11
Accel: -0.46, 0.09, -0.88
Gyro: -1.40, 1.53, -4.97
Accel: -0.44, 0.08, -0.86
Gyro: 2.94, 2.20, -3.01
Accel: -0.44, 0.07, -0.85
Gyro: -1.17, 0.60, -1.82
Accel: -0.44, 0.07, -0.87
Gyro: -0.91, 0.29, -2.08
Accel: -0.45, 0.07, -0.88
Gyro: -2.17, 1.21, -1.25
Accel: -0.45, 0.08, -0.87
Gyro: -2.53, 1.56, -1.49
Accel: -0.44, 0.08, -0.85
Gyro: -1.28, 0.98, -2.24
Accel: -0.43, 0.09, -0.86
Gyro: -0.60, -0.17, -2.30
Accel: -0.43, 0.09, -0.86
Gyro: 0.71, -1.46, -1.46
Accel: -0.44, 0.07, -0.86
Gyro: 2.16, -4.03, -0.83
Accel: -0.44, 0.07, -0.89
Gyro: -1.45, -1.67, -1.16
Accel: -0.44, 0.08, -0.87
Gyro: -1.49, -0.72, -1.33
Accel: -0.44, 0.08, -0.88
Gyro: -0.37, -2.01, -2.02
Accel: -0.44, 0.08, -0.88
Gyro: -1.75, 0.58, -1.06
Accel: -0.43, 0.08, -0.86
Gyro: -1.41, 0.44, -1.85
Accel: -0.43, 0.09, -0.85
Gyro: 1.17, -1.43, -1.51
Accel: -0.45, 0.09, -0.87
Gyro: 2.66, -2.05, -0.10
Accel: -0.44, 0.08, -0.87
Gyro: 1.45, -1.33, 0.32
Accel: -0.44, 0.08, -0.87
Gyro: 1.27, -0.87, -0.47
Accel: -0.44, 0.07, -0.87
Gyro: 2.24, -0.01, 0.40
Accel: -0.43, 0.07, -0.86
Gyro: 2.44, -0.92, 0.43
Accel: -0.43, 0.06, -0.87
Gyro: 1.19, -1.63, -0.30
Accel: -0.43, 0.06, -0.88
Gyro: 0.81, -0.33, -0.49
Accel: -0.43, 0.06, -0.87
Gyro: 1.14, 0.17, -0.76
