Accel: -0.39, 0.06, -0.90
Gyro: -0.07, -3.98, -1.17
Accel: -0.38, 0.07, -0.91
Gyro: -0.99, -2.94, -0.80
Accel: -0.37, 0.06, -0.89
Gyro: 0.83, -1.64, -1.23
Accel: -0.37, 0.06, -0.88
Gyro: 1.52, -3.90, -1.71
Accel: -0.38, 0.07, -0.90
Gyro: -0.27, -3.76, -1.38
Accel: -0.37, 0.09, -0.87
Gyro: 0.89, -4.11, -1.21
Accel: -0.38, 0.09, -0.85
Gyro: 5.26, -7.42, -1.27
Accel: -0.42, 0.09, -0.92
Gyro: 7.85, -8.83, -0.02
Accel: -0.42, 0.12, -0.93
Gyro: 10.36, -4.15, 2.61
Accel: -0.41, 0.14, -0.89
Gyro: 19.12, -0.32, 5.07
Accel: -0.41, 0.18, -0.86
Gyro: 30.96, -1.44, 7.08
Accel: -0.43, 0.20, -0.87
Gyro: 47.90, -2.74, 11.86
Accel: -0.43, 0.24, -0.85
Gyro: 68.28, -0.31, 18.80
Accel: -0.45, 0.24, -0.85
Gyro: 99.16, 0.89, 28.44
Accel: -0.46, 0.12, -0.80
Gyro: 122.38, 5.96, 37.35
Accel: -0.48, -0.01, -0.78
Gyro: 136.63, 8.00, 40.48
Accel: -0.55, -0.10, -0.86
Gyro: 145.00, 19.37, 44.59
Accel: -0.55, -0.22, -0.82
Gyro: 138.76, 33.02, 48.10
Accel: -0.56, -0.28, -0.80
Gyro: 138.00, 44.45, 48.00
Accel: -0.57, -0.45, -0.79
Gyro: 134.78, 57.53, 46.75
Accel: -0.57, -0.56, -0.82
Gyro: 118.31, 73.49, 41.89
Accel: -0.55, -0.59, -0.83
Gyro: 95.38, 94.02, 29.29
Accel: -0.52, -0.59, -0.80
Gyro: 91.44, 113.04, 20.48
Accel: -0.46, -0.74, -0.78
Gyro: 76.49, 130.42, 8.73
Accel: -0.40, -0.69, -0.72
Gyro: 59.27, 142.51, -6.22
Accel: -0.30, -0.70, -0.71
Gyro: 57.10, 153.47, -15.50
Accel: -0.22, -0.77, -0.65
Gyro: 50.31, 158.72, -27.33
Accel: -0.14, -0.81, -0.70
Gyro: 42.15, 163.91, -41.17
Accel: -0.07, -0.79, -0.68
Gyro: 28.76, 172.78, -53.79
Accel: 0.07, -0.80, -0.59
Gyro: 13.77, 173.81, -63.40
Accel: 0.23, -0.77, -0.48
Gyro: 2.38, 164.84, -69.42
Accel: 0.34, -0.80, -0.41
Gyro: -26.66, 151.55, -73.63
Accel: 0.52, -0.82, -0.39
Gyro: -19.07, 138.44, -85.68
Accel: 0.63, -0.79, -0.37
Gyro: -38.28, 120.84, -95.05
Accel: 0.68, -0.75, -0.34
Gyro: -45.80, 104.90, -108.73
Accel: 0.74, -0.77, -0.34
Gyro: -60.47, 84.75, -125.05
Accel: 0.71, -0.69, -0.37
Gyro: -66.35, 76.27, -150.25
Accel: 0.71, -0.59, -0.34
Gyro: -64.19, 70.47, -172.07
Accel: 0.75, -0.39, -0.31
Gyro: -59.35, 64.54, -183.61
Accel: 0.82, -0.15, -0.23
Gyro: -40.17, 49.76, -188.89
Accel: 0.91, 0.08, -0.20
Gyro: -42.01, 24.12, -166.64
Accel: 0.90, 0.11, -0.20
Gyro: -67.01, 3.19, -158.53
Accel: 0.84, 0.30, -0.29
Gyro: -45.67, -7.90, -146.23
Accel: 0.78, 0.21, -0.04
Gyro: 6.87, -27.02, -140.08
Accel: 1.12, 0.10, -0.58
Gyro: -41.95, -13.34, -139.79
Accel: 0.80, 0.33, -0.34
Gyro: -30.42, -28.19, -140.44
Accel: 0.80, 0.26, -0.30
Gyro: -32.95, -41.90, -146.69
Accel: 0.74, 0.54, -0.31
Gyro: -38.70, -55.02, -146.46
Accel: 0.65, 0.79, -0.33
Gyro: -16.65, -70.52, -127.45
Accel: 0.57, 0.74, -0.40
Gyro: -13.96, -82.41, -111.52
Accel: 0.44, 0.64, -0.50
Gyro: -3.01, -79.35, -107.06
Accel: 0.43, 0.61, -0.44
Gyro: 4.46, -74.56, -104.73
Accel: 0.47, 0.64, -0.35
Gyro: 4.66, -92.02, -106.09
Accel: 0.40, 0.78, -0.40
Gyro: 5.52, -113.46, -98.17
Accel: 0.34, 0.92, -0.41
Gyro: 13.40, -131.90, -78.37
Accel: 0.21, 0.95, -0.47
Gyro: 27.31, -148.64, -53.57
Accel: 0.09, 0.85, -0.55
Gyro: 44.31, -154.11, -32.55
Accel: 0.03, 0.87, -0.63
Gyro: 47.36, -152.28, -19.12
Accel: -0.05, 0.82, -0.61
Gyro: 63.19, -159.30, -1.90
Accel: -0.17, 0.73, -0.64
Gyro: 88.33, -152.78, 11.63
Accel: -0.25, 0.70, -0.66
Gyro: 105.94, -150.39, 27.23
Accel: -0.34, 0.58, -0.74
Gyro: 125.57, -146.97, 40.36
Accel: -0.39, 0.53, -0.75
Gyro: 115.07, -149.31, 45.88
Accel: -0.47, 0.49, -0.76
Gyro: 136.59, -139.55, 56.99
Accel: -0.52, 0.32, -0.86
Gyro: 132.45, -123.07, 65.83
Accel: -0.62, 0.31, -0.86
Gyro: 134.13, -105.19, 67.99
Accel: -0.64, 0.19, -0.89
Gyro: 143.36, -83.66, 73.33
Accel: -0.62, 0.02, -0.92
Gyro: 122.85, -61.43, 69.21
Accel: -0.59, -0.02, -0.90
Gyro: 99.71, -42.85, 58.06
Accel: -0.55, -0.00, -0.87
Gyro: 87.33, -29.77, 50.02
Accel: -0.51, -0.07, -0.71
Gyro: 80.49, -26.06, 45.46
Accel: -0.51, -0.16, -0.79
Gyro: 69.37, -35.28, 39.75
Accel: -0.53, -0.21, -0.87
Gyro: 41.69, -32.22, 29.22
Accel: -0.56, -0.22, -0.84
Gyro: 18.91, -27.44, 11.59
Accel: -0.59, -0.17, -0.90
Gyro: 4.49, -22.74, -3.87
Accel: -0.60, -0.11, -0.90
Gyro: -8.35, -10.96, -14.97
Accel: -0.61, -0.00, -0.89
Gyro: -11.74, -1.14, -16.46
Accel: -0.57, 0.02, -0.83
Gyro: -15.79, 4.44, -8.64
Accel: -0.55, -0.01, -0.80
Gyro: -20.66, 2.43, -9.06
Accel: -0.56, 0.04, -0.82
Gyro: -21.01, 2.51, -12.43
Accel: -0.56, 0.06, -0.86
Gyro: -13.21, 6.67, -13.34
Accel: -0.53, 0.06, -0.83
Gyro: -8.04, 10.41, -12.90
Accel: -0.51, 0.05, -0.80
Gyro: -7.18, 9.04, -12.24
Accel: -0.50, 0.03, -0.82
Gyro: -7.29, 6.23, -11.55
Accel: -0.50, 0.04, -0.83
Gyro: -7.50, 5.09, -10.39
Accel: -0.50, 0.04, -0.84
Gyro: -8.37, 4.52, -10.14
Accel: -0.49, 0.06, -0.85
Gyro: -7.35, 4.88, -9.62
Accel: -0.48, 0.06, -0.84
Gyro: -4.98, 5.49, -7.28
Accel: -0.47, 0.05, -0.83
Gyro: -4.65, 3.39, -6.25
Accel: -0.48, 0.05, -0.84
Gyro: -4.30, 2.36, -5.57
Accel: -0.48, 0.08, -0.86
Gyro: -2.33, 2.88, -1.38
Accel: -0.48, 0.05, -0.83
Gyro: -2.55, 1.93, 0.86
Accel: -0.48, 0.05, -0.85
Gyro: -2.53, 0.28, 1.12
Accel: -0.49, 0.03, -0.86
Gyro: -3.31, 1.69, 0.82
Accel: -0.48, 0.03, -0.84
Gyro: -4.05, 1.96, -0.34
Accel: -0.47, 0.03, -0.83
Gyro: -4.76, 0.79, -2.55
Accel: -0.49, 0.06, -0.86
Gyro: -4.23, 0.76, -3.42
Accel: -0.47, 0.06, -0.85
Gyro: -2.53, 1.50, -2.58
Accel: -0.47, 0.06, -0.82
Gyro: -1.21, 0.25, -2.30
Accel: -0.49, 0.06, -0.88
Gyro: -1.47, 0.41, -1.34
Accel: -0.48, 0.05, -0.86
Gyro: -1.43, 2.74, 0.40
