Accel: -0.46, 0.09, -0.86
Gyro: 1.17, -4.91, -2.37
Accel: -0.47, 0.08, -0.87
Gyro: 0.48, -3.70, -2.35
Accel: -0.45, 0.10, -0.83
Gyro: 1.41, -3.25, -2.67
Accel: -0.45, 0.10, -0.80
Gyro: 4.56, -6.96, -3.69
Accel: -0.46, 0.10, -0.80
Gyro: 6.32, -11.54, -4.23
Accel: -0.48, 0.09, -0.82
Gyro: 7.93, -14.70, -5.79
Accel: -0.49, 0.13, -0.84
Gyro: 10.67, -14.34, -5.09
Accel: -0.49, 0.15, -0.80
Gyro: 18.60, -15.66, -3.45
Accel: -0.50, 0.23, -0.74
Gyro: 28.20, -21.35, -2.88
Accel: -0.54, 0.31, -0.76
Gyro: 54.89, -28.66, 1.28
Accel: -0.60, 0.33, -0.79
Gyro: 88.97, -26.55, 9.73
Accel: -0.67, 0.40, -0.79
Gyro: 131.99, -19.33, 27.21
Accel: -0.72, 0.19, -0.82
Gyro: 170.71, 0.41, 47.48
Accel: -0.75, -0.03, -0.75
Gyro: 185.08, 22.47, 57.28
Accel: -0.77, -0.24, -0.73
Gyro: 183.12, 42.44, 63.88
Accel: -0.76, -0.36, -0.74
Gyro: 163.22, 62.59, 63.67
Accel: -0.70, -0.42, -0.68
Gyro: 139.69, 79.01, 58.24
Accel: -0.66, -0.49, -0.62
Gyro: 129.70, 87.03, 50.52
Accel: -0.63, -0.60, -0.67
Gyro: 124.62, 94.37, 41.08
Accel: -0.57, -0.65, -0.66
Gyro: 105.90, 102.38, 27.25
Accel: -0.54, -0.71, -0.76
Gyro: 93.62, 113.41, 14.98
Accel: -0.47, -0.72, -0.74
Gyro: 66.60, 126.66, 3.88
Accel: -0.42, -0.73, -0.66
Gyro: 59.45, 134.25, -6.97
Accel: -0.37, -0.75, -0.73
Gyro: 57.27, 143.10, -19.49
Accel: -0.27, -0.77, -0.67
Gyro: 41.18, 148.53, -32.20
Accel: -0.19, -0.79, -0.66
Gyro: 32.23, 148.25, -44.77
Accel: -0.13, -0.77, -0.67
Gyro: 20.41, 150.46, -55.91
Accel: -0.06, -0.79, -0.65
Gyro: 7.11, 150.31, -64.86
Accel: 0.07, -0.79, -0.65
Gyro: -4.62, 148.42, -75.36
Accel: 0.21, -0.68, -0.60
Gyro: -17.29, 141.40, -80.57
Accel: 0.27, -0.72, -0.37
Gyro: -42.22, 128.81, -86.14
Accel: 0.38, -0.73, -0.55
Gyro: -25.28, 122.24, -97.91
Accel: 0.46, -0.65, -0.51
Gyro: -42.85, 114.08, -105.82
Accel: 0.54, -0.64, -0.47
Gyro: -46.84, 102.24, -111.69
Accel: 0.60, -0.59, -0.49
Gyro: -55.30, 88.59, -121.76
Accel: 0.64, -0.51, -0.45
Gyro: -64.54, 81.71, -132.17
Accel: 0.69, -0.42, -0.42
Gyro: -62.26, 72.46, -142.40
Accel: 0.75, -0.28, -0.38
Gyro: -52.54, 61.92, -149.29
Accel: 0.77, -0.16, -0.39
Gyro: -35.29, 44.65, -150.17
Accel: 0.86, -0.04, -0.38
Gyro: -43.66, 26.72, -149.64
Accel: 0.87, 0.10, -0.34
Gyro: -52.77, 12.28, -143.46
Accel: 0.86, 0.14, -0.35
Gyro: -40.74, -5.60, -134.24
Accel: 0.87, 0.17, -0.47
Gyro: -31.02, -32.20, -129.71
Accel: 0.70, 0.24, -0.60
Gyro: -32.09, -10.70, -109.89
Accel: 0.80, 0.25, -0.35
Gyro: -54.75, -22.45, -130.22
Accel: 0.77, 0.34, -0.36
Gyro: -25.31, -48.19, -132.00
Accel: 0.70, 0.48, -0.34
Gyro: -32.20, -58.94, -124.94
Accel: 0.70, 0.55, -0.33
Gyro: -9.71, -79.38, -117.10
Accel: 0.63, 0.55, -0.41
Gyro: 1.85, -105.64, -109.38
Accel: 0.59, 0.62, -0.43
Gyro: -4.40, -125.58, -100.24
Accel: 0.46, 0.70, -0.46
Gyro: 6.71, -140.30, -79.86
Accel: 0.38, 0.62, -0.49
Gyro: 6.45, -154.52, -65.52
Accel: 0.25, 0.70, -0.59
Gyro: 14.69, -173.32, -59.91
Accel: 0.07, 0.69, -0.72
Gyro: 33.63, -172.97, -49.06
Accel: 0.00, 0.66, -0.74
Gyro: 49.41, -164.03, -38.21
Accel: -0.07, 0.62, -0.79
Gyro: 71.73, -155.01, -28.48
Accel: -0.20, 0.61, -0.86
Gyro: 78.49, -148.28, -14.28
Accel: -0.27, 0.58, -0.80
Gyro: 85.69, -141.52, 1.68
Accel: -0.31, 0.49, -0.79
Gyro: 102.87, -132.55, 20.78
Accel: -0.35, 0.36, -0.87
Gyro: 104.93, -120.53, 36.22
Accel: -0.41, 0.29, -0.80
Gyro: 94.69, -113.75, 43.37
Accel: -0.50, 0.24, -0.91
Gyro: 100.22, -102.49, 50.16
Accel: -0.52, 0.13, -1.02
Gyro: 83.66, -84.35, 55.92
Accel: -0.53, 0.09, -0.92
Gyro: 67.38, -68.60, 52.47
Accel: -0.57, 0.08, -0.92
Gyro: 65.39, -59.21, 50.11
Accel: -0.58, 0.01, -0.97
Gyro: 56.57, -43.50, 45.92
Accel: -0.56, -0.04, -0.91
Gyro: 41.32, -28.76, 36.87
Accel: -0.55, -0.06, -0.89
Gyro: 26.67, -21.90, 25.34
Accel: -0.54, -0.05, -0.87
Gyro: 15.21, -15.53, 15.91
Accel: -0.55, -0.05, -0.87
Gyro: 6.71, -12.73, 4.26
Accel: -0.53, -0.02, -0.86
Gyro: -2.02, -11.52, -5.55
Accel: -0.52, 0.04, -0.85
Gyro: -2.93, -8.74, -11.42
Accel: -0.53, 0.08, -0.87
Gyro: -7.02, -4.27, -12.64
Accel: -0.52, 0.11, -0.87
Gyro: -6.48, -1.84, -11.54
Accel: -0.50, 0.10, -0.83
Gyro: -2.88, -0.76, -9.38
Accel: -0.51, 0.09, -0.82
Gyro: -1.67, -1.07, -6.69
Accel: -0.52, 0.10, -0.86
Gyro: -3.40, -0.54, -4.79
Accel: -0.51, 0.09, -0.85
Gyro: -3.43, 1.95, -3.47
Accel: -0.49, 0.07, -0.82
Gyro: -2.14, 1.72, -3.97
Accel: -0.49, 0.08, -0.83
Gyro: -1.68, -1.35, -4.62
Accel: -0.51, 0.09, -0.86
Gyro: -3.07, -0.42, -2.96
Accel: -0.49, 0.09, -0.83
Gyro: -1.37, 1.38, -1.97
Accel: -0.48, 0.07, -0.84
Gyro: -1.33, 0.77, -1.17
Accel: -0.50, 0.08, -0.86
Gyro: -3.78, 1.08, -2.06
Accel: -0.49, 0.09, -0.85
Gyro: -1.81, 2.84, -1.78
Accel: -0.48, 0.09, -0.84
Gyro: 0.46, 2.75, -2.11
Accel: -0.48, 0.08, -0.85
Gyro: -0.56, 2.42, -1.75
Accel: -0.47, 0.08, -0.85
Gyro: -1.43, 2.53, -1.05
Accel: -0.47, 0.07, -0.84
Gyro: -0.41, 1.61, -1.27
Accel: -0.47, 0.08, -0.84
Gyro: -0.72, 0.90, -1.11
Accel: -0.46, 0.09, -0.85
Gyro: -0.48, 0.56, -0.50
Accel: -0.46, 0.08, -0.83
Gyro: 0.47, 0.28, -0.18
Accel: -0.47, 0.07, -0.85
Gyro: -0.57, -0.02, -0.63
Accel: -0.47, 0.07, -0.84
Gyro: -2.10, 0.14, -0.60
Accel: -0.46, 0.07, -0.83
Gyro: -1.38, -0.59, -1.05
Accel: -0.46, 0.08, -0.82
Gyro: -1.12, -3.17, -1.79
Accel: -0.46, 0.09, -0.84
Gyro: -2.05, -4.83, -2.78
Accel: -0.46, 0.09, -0.84
Gyro: 0.09, -6.22, -3.29
Accel: -0.48, 0.09, -0.86
Gyro: 1.52, -5.91, -2.19
Accel: -0.48, 0.09, -0.84
Gyro: 0.31, -4.29, -1.76
Accel: -0.47, 0.08, -0.81
Gyro: 2.42, -6.08, -2.09
