Accel: -0.49, 0.08, -0.85
Gyro: 0.11, 0.60, -1.17
Accel: -0.48, 0.07, -0.83
Gyro: 1.62, 0.22, -0.95
Accel: -0.48, 0.08, -0.84
Gyro: 0.90, -0.78, -0.66
Accel: -0.47, 0.09, -0.84
Gyro: 2.08, -1.79, -0.48
Accel: -0.47, 0.09, -0.81
Gyro: 7.35, -3.07, -0.71
Accel: -0.47, 0.11, -0.81
Gyro: 11.18, -6.36, -0.43
Accel: -0.47, 0.11, -0.78
Gyro: 16.89, -10.72, 0.16
Accel: -0.50, 0.09, -0.84
Gyro: 24.56, -13.84, 1.53
Accel: -0.51, 0.12, -0.84
Gyro: 26.38, -10.98, 4.68
Accel: -0.52, 0.20, -0.78
Gyro: 35.24, -11.34, 7.50
Accel: -0.53, 0.24, -0.76
Gyro: 57.75, -15.71, 12.15
Accel: -0.56, 0.33, -0.75
Gyro: 88.70, -18.55, 19.82
Accel: -0.63, 0.27, -0.75
Gyro: 128.44, -14.22, 34.45
Accel: -0.67, 0.16, -0.72
Gyro: 157.39, -5.01, 44.36
Accel: -0.76, -0.02, -0.81
Gyro: 179.92, 13.89, 52.65
Accel: -0.76, -0.20, -0.73
Gyro: 173.00, 36.19, 54.99
Accel: -0.79, -0.26, -0.70
Gyro: 168.91, 52.19, 54.05
Accel: -0.80, -0.38, -0.78
Gyro: 167.48, 75.50, 52.33
Accel: -0.74, -0.50, -0.67
Gyro: 140.65, 96.55, 45.64
Accel: -0.69, -0.66, -0.61
Gyro: 132.09, 108.11, 34.36
Accel: -0.68, -0.70, -0.74
Gyro: 119.02, 122.52, 15.57
Accel: -0.62, -0.71, -0.80
Gyro: 95.28, 149.18, -2.99
Accel: -0.52, -0.69, -0.60
Gyro: 78.00, 165.16, -16.85
Accel: -0.42, -0.72, -0.54
Gyro: 83.63, 173.43, -24.28
Accel: -0.29, -0.78, -0.58
Gyro: 74.40, 174.22, -35.31
Accel: -0.21, -0.84, -0.57
Gyro: 59.21, 176.28, -45.96
Accel: -0.10, -0.96, -0.54
Gyro: 42.63, 172.20, -66.92
Accel: 0.00, -0.92, -0.51
Gyro: 28.45, 163.44, -88.63
Accel: 0.15, -0.91, -0.48
Gyro: 15.30, 153.76, -100.21
Accel: 0.27, -1.05, -0.47
Gyro: -19.45, 141.54, -117.48
Accel: 0.37, -0.86, -0.32
Gyro: -42.91, 127.08, -121.96
Accel: 0.52, -0.81, -0.39
Gyro: -38.46, 113.66, -127.54
Accel: 0.56, -0.79, -0.34
Gyro: -55.63, 95.81, -134.41
Accel: 0.61, -0.68, -0.35
Gyro: -62.61, 83.98, -149.21
Accel: 0.63, -0.72, -0.41
Gyro: -71.59, 71.57, -160.55
Accel: 0.63, -0.63, -0.36
Gyro: -84.56, 68.18, -181.95
Accel: 0.66, -0.33, -0.39
Gyro: -76.97, 66.09, -193.33
Accel: 0.75, -0.19, -0.25
Gyro: -64.42, 60.44, -188.73
Accel: 0.79, 0.02, -0.17
Gyro: -32.16, 35.04, -187.57
Accel: 0.90, 0.11, -0.25
Gyro: -39.97, 4.37, -176.28
Accel: 0.88, 0.17, -0.21
Gyro: -59.66, -13.63, -170.22
Accel: 0.86, 0.22, -0.25
Gyro: -46.97, -31.42, -169.31
Accel: 0.76, 0.32, -0.11
Gyro: 6.61, -63.19, -176.43
Accel: 0.97, 0.41, -0.30
Gyro: -58.24, -67.17, -172.10
Accel: 0.79, 0.50, -0.26
Gyro: -15.83, -97.73, -169.07
Accel: 0.66, 0.53, -0.27
Gyro: -15.08, -117.94, -165.15
Accel: 0.51, 0.59, -0.28
Gyro: -2.60, -146.34, -159.09
Accel: 0.33, 0.77, -0.38
Gyro: 17.86, -166.60, -142.14
Accel: 0.24, 0.81, -0.50
Gyro: 11.71, -171.91, -118.04
Accel: 0.14, 0.69, -0.45
Gyro: 18.76, -185.39, -101.09
Accel: -0.03, 0.69, -0.53
Gyro: 24.44, -193.73, -98.14
Accel: -0.18, 0.76, -0.65
Gyro: 45.58, -195.18, -90.35
Accel: -0.30, 0.80, -0.69
Gyro: 61.59, -187.76, -70.63
Accel: -0.39, 0.87, -0.59
Gyro: 81.13, -184.00, -44.82
Accel: -0.53, 0.91, -0.71
Gyro: 122.38, -172.23, -1.82
Accel: -0.63, 0.82, -0.81
Gyro: 134.89, -152.38, 40.56
Accel: -0.75, 0.76, -0.78
Gyro: 159.45, -131.27, 80.24
Accel: -0.89, 0.50, -0.87
Gyro: 217.19, -82.27, 107.25
Accel: -0.72, 0.23, -0.91
Gyro: 135.55, -62.25, 117.28
Accel: -0.57, 0.10, -0.70
Gyro: 140.58, -57.95, 105.61
Accel: -0.65, 0.11, -0.67
Gyro: 149.15, -56.38, 95.53
Accel: -0.67, -0.07, -0.76
Gyro: 155.21, -47.78, 87.17
Accel: -0.66, -0.29, -0.89
Gyro: 123.52, -36.05, 73.11
Accel: -0.62, -0.34, -0.93
Gyro: 70.95, -16.37, 49.46
Accel: -0.58, -0.22, -0.91
Gyro: 47.11, -2.36, 25.99
Accel: -0.53, -0.19, -0.79
Gyro: 30.17, 2.59, 14.46
Accel: -0.52, -0.20, -0.80
Gyro: 12.67, -3.47, 1.38
Accel: -0.52, -0.12, -0.86
Gyro: -8.04, -4.10, -7.70
Accel: -0.53, -0.05, -0.85
Gyro: -12.07, -0.90, -13.05
Accel: -0.52, -0.03, -0.83
Gyro: -11.62, 2.46, -15.38
Accel: -0.51, 0.02, -0.81
Gyro: -14.98, 0.72, -15.82
Accel: -0.52, 0.05, -0.86
Gyro: -15.49, 0.64, -11.41
Accel: -0.51, 0.04, -0.85
Gyro: -13.47, 3.86, -6.87
Accel: -0.50, 0.01, -0.81
Gyro: -12.80, 1.66, -6.52
Accel: -0.50, 0.01, -0.84
Gyro: -14.69, 0.53, -8.78
Accel: -0.50, 0.04, -0.83
Gyro: -13.42, 0.92, -11.06
Accel: -0.50, 0.05, -0.83
Gyro: -10.54, 1.10, -11.80
Accel: -0.50, 0.07, -0.82
Gyro: -9.09, -0.27, -10.37
Accel: -0.50, 0.07, -0.84
Gyro: -7.52, -1.07, -8.79
Accel: -0.51, 0.08, -0.86
Gyro: -5.03, 0.19, -6.00
Accel: -0.51, 0.08, -0.86
Gyro: -2.16, 3.85, -2.45
Accel: -0.49, 0.06, -0.83
Gyro: -4.60, 2.61, -1.32
Accel: -0.48, 0.04, -0.83
Gyro: -0.25, -1.07, -1.96
Accel: -0.50, 0.06, -0.86
Gyro: -3.87, 0.49, -1.02
Accel: -0.49, 0.06, -0.82
Gyro: 1.71, 0.93, -0.22
Accel: -0.48, 0.03, -0.82
Gyro: 1.24, -1.53, -0.71
Accel: -0.48, 0.04, -0.84
Gyro: -2.66, -3.44, -1.30
Accel: -0.50, 0.06, -0.84
Gyro: -1.47, -1.70, -0.52
Accel: -0.50, 0.04, -0.82
Gyro: 0.31, -1.08, -0.85
Accel: -0.49, 0.02, -0.82
Gyro: -4.80, -3.05, -2.34
Accel: -0.51, 0.04, -0.85
Gyro: -6.61, -4.10, -3.85
Accel: -0.52, 0.06, -0.88
Gyro: -3.62, -0.15, -3.67
Accel: -0.50, 0.06, -0.83
Gyro: -0.33, 1.35, -2.80
Accel: -0.49, 0.06, -0.85
Gyro: -2.31, -0.68, -2.50
Accel: -0.50, 0.07, -0.86
Gyro: -2.10, 0.90, -1.71
Accel: -0.49, 0.05, -0.83
Gyro: 0.73, 2.01, -0.79
Accel: -0.48, 0.04, -0.82
Gyro: -0.38, -0.15, -1.11
Accel: -0.49, 0.04, -0.87
Gyro: -1.61, 0.02, -2.49
Accel: -0.48, 0.05, -0.84
Gyro: -0.50, 2.76, -3.56
Accel: -0.47, 0.07, -0.82
Gyro: 2.60, 0.81, -4.22
Accel: -0.48, 0.06, -0.82
Gyro: 3.04, -2.98, -4.29
