Accel: -0.38, 0.10, -0.89
Gyro: -1.27, -1.23, -1.53
Accel: -0.39, 0.10, -0.89
Gyro: -0.60, -0.56, -0.18
Accel: -0.38, 0.09, -0.89
Gyro: 0.80, -0.20, -0.04
Accel: -0.38, 0.09, -0.87
Gyro: 0.66, -1.28, -0.27
Accel: -0.38, 0.08, -0.88
Gyro: 0.02, -2.36, -0.05
Accel: -0.39, 0.08, -0.90
Gyro: -0.70, -1.95, 0.24
Accel: -0.38, 0.08, -0.89
Gyro: -0.79, -2.14, -0.41
Accel: -0.38, 0.09, -0.89
Gyro: -0.83, -2.61, -0.78
Accel: -0.39, 0.09, -0.89
Gyro: -1.16, -2.33, -0.47
Accel: -0.39, 0.08, -0.89
Gyro: -0.30, -2.68, -0.78
Accel: -0.38, 0.08, -0.89
Gyro: -0.82, -1.93, -1.42
Accel: -0.36, 0.09, -0.85
Gyro: -1.60, -3.78, -2.40
Accel: -0.36, 0.14, -0.81
Gyro: -0.93, -9.03, -3.10
Accel: -0.35, 0.21, -0.79
Gyro: 7.82, -18.76, -2.46
Accel: -0.38, 0.32, -0.78
Gyro: 18.96, -27.41, 1.67
Accel: -0.42, 0.61, -0.71
Gyro: 50.56, -40.38, 13.89
Accel: -0.56, 0.64, -0.86
Gyro: 112.78, -44.06, 46.24
Accel: -0.63, 0.30, -0.81
Gyro: 147.35, -23.08, 68.63
Accel: -0.71, 0.19, -0.73
Gyro: 184.08, -13.08, 79.39
Accel: -0.78, -0.01, -0.85
Gyro: 208.31, 10.95, 84.50
Accel: -0.81, -0.28, -0.84
Gyro: 203.16, 46.55, 76.84
Accel: -0.76, -0.44, -0.73
Gyro: 179.19, 75.40, 66.48
Accel: -0.65, -0.57, -0.68
Gyro: 153.34, 88.04, 55.10
Accel: -0.61, -0.58, -0.72
Gyro: 132.16, 94.09, 38.58
Accel: -0.58, -0.63, -0.83
Gyro: 109.43, 113.78, 25.54
Accel: -0.48, -0.67, -0.70
Gyro: 80.51, 126.39, 9.11
Accel: -0.44, -0.66, -0.66
Gyro: 80.76, 132.82, -0.58
Accel: -0.40, -0.73, -0.78
Gyro: 74.41, 146.21, -10.62
Accel: -0.29, -0.76, -0.71
Gyro: 52.31, 156.62, -25.12
Accel: -0.15, -0.72, -0.60
Gyro: 48.32, 154.07, -35.17
Accel: -0.07, -0.74, -0.61
Gyro: 42.61, 151.36, -44.18
Accel: 0.01, -0.82, -0.66
Gyro: 30.80, 146.80, -55.36
Accel: 0.13, -0.76, -0.61
Gyro: 11.55, 140.97, -64.92
Accel: 0.25, -0.75, -0.50
Gyro: 0.01, 127.46, -66.47
Accel: 0.31, -0.78, -0.53
Gyro: -23.61, 111.99, -75.34
Accel: 0.40, -0.76, -0.54
Gyro: -15.15, 106.96, -86.15
Accel: 0.45, -0.73, -0.53
Gyro: -32.84, 97.79, -92.50
Accel: 0.49, -0.67, -0.52
Gyro: -34.93, 91.85, -100.95
Accel: 0.56, -0.64, -0.52
Gyro: -48.66, 85.49, -110.28
Accel: 0.61, -0.57, -0.51
Gyro: -58.14, 78.81, -118.03
Accel: 0.66, -0.49, -0.44
Gyro: -60.53, 74.70, -125.45
Accel: 0.71, -0.43, -0.45
Gyro: -54.76, 68.08, -134.07
Accel: 0.76, -0.38, -0.40
Gyro: -44.19, 62.93, -143.18
Accel: 0.81, -0.23, -0.33
Gyro: -34.84, 47.52, -150.76
Accel: 0.88, -0.08, -0.36
Gyro: -42.68, 28.80, -151.08
Accel: 0.91, 0.03, -0.28
Gyro: -53.38, 15.29, -148.45
Accel: 0.91, 0.14, -0.29
Gyro: -43.51, -6.02, -140.79
Accel: 0.91, 0.15, -0.13
Gyro: -2.18, -37.32, -145.96
Accel: 1.01, 0.13, -0.52
Gyro: -37.37, -16.69, -121.32
Accel: 0.88, 0.27, -0.27
Gyro: -36.71, -39.98, -134.85
Accel: 0.80, 0.33, -0.37
Gyro: -29.94, -62.61, -136.66
Accel: 0.74, 0.48, -0.33
Gyro: -25.02, -74.69, -129.21
Accel: 0.69, 0.54, -0.37
Gyro: -0.19, -95.00, -117.20
Accel: 0.63, 0.53, -0.45
Gyro: -4.46, -108.60, -108.60
Accel: 0.56, 0.57, -0.39
Gyro: -3.91, -131.55, -98.75
Accel: 0.42, 0.63, -0.52
Gyro: -0.81, -150.31, -85.72
Accel: 0.34, 0.71, -0.49
Gyro: 1.81, -160.77, -72.31
Accel: 0.22, 0.71, -0.55
Gyro: 20.61, -178.05, -59.17
Accel: 0.06, 0.68, -0.73
Gyro: 42.87, -179.91, -48.03
Accel: -0.06, 0.73, -0.80
Gyro: 56.51, -169.74, -35.30
Accel: -0.18, 0.66, -0.80
Gyro: 74.58, -159.58, -15.64
Accel: -0.27, 0.54, -0.82
Gyro: 90.47, -145.32, 4.80
Accel: -0.27, 0.42, -0.83
Gyro: 91.99, -131.64, 16.92
Accel: -0.32, 0.35, -0.83
Gyro: 88.23, -126.03, 27.73
Accel: -0.40, 0.28, -0.93
Gyro: 85.09, -114.12, 35.55
Accel: -0.42, 0.24, -0.97
Gyro: 74.42, -97.18, 37.84
Accel: -0.45, 0.23, -0.85
Gyro: 60.52, -88.39, 38.58
Accel: -0.52, 0.18, -0.91
Gyro: 71.40, -81.99, 39.00
Accel: -0.53, 0.09, -1.00
Gyro: 68.44, -64.50, 34.32
Accel: -0.54, 0.07, -0.96
Gyro: 49.79, -48.25, 27.63
Accel: -0.55, 0.04, -0.85
Gyro: 47.72, -45.09, 24.40
Accel: -0.60, -0.01, -0.97
Gyro: 32.46, -30.82, 20.45
Accel: -0.56, 0.02, -0.96
Gyro: 8.80, -15.76, 13.20
Accel: -0.50, 0.06, -0.84
Gyro: 6.31, -10.78, 7.51
Accel: -0.50, 0.06, -0.81
Gyro: 8.71, -12.79, 3.68
Accel: -0.52, 0.06, -0.88
Gyro: 8.24, -10.97, -0.97
Accel: -0.52, 0.08, -0.87
Gyro: 4.01, -6.54, -4.44
Accel: -0.51, 0.10, -0.85
Gyro: 1.61, -2.24, -4.32
Accel: -0.50, 0.09, -0.83
Gyro: 2.94, -2.27, -3.16
Accel: -0.49, 0.08, -0.84
Gyro: 0.25, -2.85, -2.65
Accel: -0.49, 0.09, -0.85
Gyro: -3.00, -2.39, -3.27
Accel: -0.49, 0.10, -0.83
Gyro: -1.71, -2.56, -3.32
Accel: -0.49, 0.11, -0.84
Gyro: 0.45, -3.80, -2.99
Accel: -0.49, 0.12, -0.85
Gyro: -0.40, -2.54, -2.49
Accel: -0.50, 0.12, -0.85
Gyro: 0.66, -1.56, -1.56
Accel: -0.48, 0.10, -0.84
Gyro: 0.68, -0.77, -0.38
Accel: -0.49, 0.10, -0.84
Gyro: -0.77, 0.29, -0.28
Accel: -0.48, 0.10, -0.85
Gyro: 1.20, -0.63, -1.01
Accel: -0.49, 0.12, -0.86
Gyro: 0.77, 1.56, 0.30
Accel: -0.47, 0.11, -0.85
Gyro: 3.48, 2.43, -0.28
Accel: -0.48, 0.09, -0.82
Gyro: 2.97, 1.19, -0.11
Accel: -0.48, 0.09, -0.85
Gyro: 3.11, 0.67, 0.13
Accel: -0.48, 0.09, -0.88
Gyro: 1.74, 2.75, 0.66
Accel: -0.46, 0.08, -0.84
Gyro: 1.57, 4.07, 0.45
Accel: -0.46, 0.08, -0.82
Gyro: 1.53, 1.36, -0.05
Accel: -0.46, 0.09, -0.87
Gyro: 1.60, 0.66, -0.66
Accel: -0.46, 0.08, -0.86
Gyro: 0.71, 1.77, -1.18
Accel: -0.46, 0.07, -0.83
Gyro: 1.91, -0.79, -1.46
Accel: -0.46, 0.07, -0.86
Gyro: 0.02, -1.13, -1.24
Accel: -0.45, 0.08, -0.84
Gyro: -2.16, -0.97, -1.26
Accel: -0.46, 0.09, -0.82
Gyro: -2.78, -3.52, -2.01
