Accel: -0.48, 0.07, -0.82
Gyro: 4.81, -1.21, -0.72
Accel: -0.49, 0.07, -0.84
Gyro: 4.74, -2.27, 0.31
Accel: -0.48, 0.07, -0.84
Gyro: 7.07, -1.59, 0.88
Accel: -0.47, 0.06, -0.83
Gyro: 9.32, -2.14, 0.92
Accel: -0.46, 0.07, -0.80
Gyro: 9.83, -5.26, 0.24
Accel: -0.46, 0.09, -0.80
Gyro: 12.59, -9.67, -0.97
Accel: -0.45, 0.14, -0.80
Gyro: 20.52, -13.35, -0.14
Accel: -0.44, 0.17, -0.77
Gyro: 28.55, -15.84, 6.77
Accel: -0.45, 0.24, -0.72
Gyro: 45.94, -25.29, 12.53
Accel: -0.49, 0.22, -0.71
Gyro: 76.83, -34.74, 20.93
Accel: -0.58, 0.10, -0.74
Gyro: 96.71, -38.88, 26.61
Accel: -0.66, 0.08, -0.82
Gyro: 112.81, -31.36, 30.94
Accel: -0.73, 0.03, -0.84
Gyro: 132.70, -14.45, 33.97
Accel: -0.77, -0.07, -0.79
Gyro: 151.25, 6.90, 35.50
Accel: -0.76, -0.20, -0.77
Gyro: 161.19, 27.17, 35.27
Accel: -0.73, -0.31, -0.69
Gyro: 149.73, 43.50, 31.74
Accel: -0.72, -0.42, -0.64
Gyro: 142.81, 48.76, 31.61
Accel: -0.72, -0.57, -0.75
Gyro: 119.73, 61.08, 29.61
Accel: -0.67, -0.60, -0.74
Gyro: 89.20, 74.57, 20.10
Accel: -0.65, -0.55, -0.76
Gyro: 74.56, 89.02, 8.26
Accel: -0.59, -0.58, -0.70
Gyro: 66.62, 104.72, 3.52
Accel: -0.52, -0.55, -0.61
Gyro: 58.48, 109.96, 0.69
Accel: -0.52, -0.61, -0.78
Gyro: 62.60, 115.23, -1.94
Accel: -0.48, -0.67, -0.77
Gyro: 44.88, 135.39, -8.99
Accel: -0.36, -0.64, -0.60
Gyro: 35.90, 136.93, -12.28
Accel: -0.30, -0.72, -0.65
Gyro: 34.59, 133.48, -16.83
Accel: -0.25, -0.74, -0.69
Gyro: 26.41, 136.45, -27.40
Accel: -0.15, -0.76, -0.63
Gyro: 17.64, 134.20, -38.62
Accel: -0.08, -0.81, -0.68
Gyro: 10.28, 131.56, -48.92
Accel: -0.04, -0.84, -0.68
Gyro: -6.77, 130.65, -63.83
Accel: 0.05, -0.77, -0.66
Gyro: -19.35, 129.35, -75.30
Accel: 0.18, -0.82, -0.58
Gyro: -28.66, 126.59, -85.56
Accel: 0.23, -0.73, -0.55
Gyro: -45.49, 122.60, -94.01
Accel: 0.34, -0.68, -0.57
Gyro: -40.92, 123.34, -101.39
Accel: 0.44, -0.64, -0.50
Gyro: -55.11, 110.55, -109.90
Accel: 0.50, -0.63, -0.52
Gyro: -51.29, 99.50, -122.60
Accel: 0.54, -0.56, -0.50
Gyro: -58.88, 90.50, -137.22
Accel: 0.60, -0.47, -0.52
Gyro: -59.59, 85.06, -151.54
Accel: 0.67, -0.36, -0.43
Gyro: -49.52, 73.78, -161.42
Accel: 0.72, -0.20, -0.40
Gyro: -57.99, 60.51, -170.21
Accel: 0.80, -0.03, -0.36
Gyro: -61.91, 44.09, -168.91
Accel: 0.84, 0.12, -0.29
Gyro: -50.26, 21.99, -158.18
Accel: 0.86, 0.15, -0.31
Gyro: -36.06, -7.40, -148.95
Accel: 0.85, 0.21, -0.41
Gyro: -32.87, -27.79, -142.59
Accel: 0.69, 0.22, -0.47
Gyro: -42.99, -29.02, -141.06
Accel: 0.76, 0.34, -0.30
Gyro: -52.94, -47.58, -145.82
Accel: 0.75, 0.45, -0.31
Gyro: -31.74, -74.18, -139.38
Accel: 0.69, 0.51, -0.32
Gyro: -29.20, -100.03, -131.36
Accel: 0.55, 0.59, -0.36
Gyro: -3.59, -129.04, -123.66
Accel: 0.46, 0.61, -0.47
Gyro: -5.09, -143.27, -111.84
Accel: 0.37, 0.70, -0.47
Gyro: -4.01, -169.23, -93.54
Accel: 0.20, 0.76, -0.57
Gyro: -0.28, -180.50, -73.75
Accel: 0.07, 0.82, -0.64
Gyro: 16.14, -184.21, -56.68
Accel: -0.04, 0.81, -0.62
Gyro: 37.52, -188.35, -37.19
Accel: -0.19, 0.77, -0.75
Gyro: 71.32, -188.13, -19.36
Accel: -0.31, 0.76, -0.80
Gyro: 102.10, -169.64, 2.13
Accel: -0.35, 0.63, -0.79
Gyro: 121.51, -153.77, 27.85
Accel: -0.40, 0.44, -0.80
Gyro: 128.75, -135.12, 47.52
Accel: -0.45, 0.34, -0.79
Gyro: 126.42, -126.34, 59.08
Accel: -0.50, 0.18, -0.84
Gyro: 120.54, -115.04, 63.38
Accel: -0.53, 0.01, -0.82
Gyro: 108.51, -106.64, 57.91
Accel: -0.57, -0.12, -0.87
Gyro: 90.88, -93.60, 43.82
Accel: -0.62, -0.06, -1.04
Gyro: 79.91, -79.77, 34.69
Accel: -0.73, -0.06, -1.12
Gyro: 43.46, -47.38, 32.17
Accel: -0.63, -0.05, -0.91
Gyro: 17.78, -21.03, 21.80
Accel: -0.58, -0.06, -0.82
Gyro: 20.33, -20.12, 10.54
Accel: -0.59, -0.02, -0.88
Gyro: 5.79, -15.18, 2.57
Accel: -0.59, 0.02, -0.84
Gyro: 0.08, -8.29, -2.26
Accel: -0.58, 0.04, -0.84
Gyro: -0.77, -6.21, -7.23
Accel: -0.57, 0.06, -0.87
Gyro: -3.81, -0.74, -7.82
Accel: -0.56, 0.08, -0.85
Gyro: -6.19, 4.28, -7.73
Accel: -0.55, 0.08, -0.81
Gyro: -4.20, 5.77, -7.41
Accel: -0.54, 0.09, -0.83
Gyro: -4.48, 6.39, -7.05
Accel: -0.52, 0.09, -0.83
Gyro: -5.25, 7.49, -6.17
Accel: -0.51, 0.09, -0.81
Gyro: -3.22, 7.66, -5.36
Accel: -0.50, 0.08, -0.82
Gyro: -1.28, 5.94, -4.26
Accel: -0.51, 0.09, -0.84
Gyro: -1.21, 4.78, -3.71
Accel: -0.50, 0.09, -0.84
Gyro: -1.28, 5.53, -2.33
Accel: -0.50, 0.08, -0.83
Gyro: 1.11, 5.36, -1.35
Accel: -0.49, 0.06, -0.84
Gyro: -0.51, 4.68, -1.77
Accel: -0.48, 0.08, -0.84
Gyro: -1.99, 4.29, -2.41
Accel: -0.48, 0.08, -0.84
Gyro: -1.40, 4.40, -2.46
Accel: -0.47, 0.07, -0.83
Gyro: -0.29, 3.98, -1.85
Accel: -0.47, 0.07, -0.84
Gyro: -1.53, 3.00, -1.75
Accel: -0.47, 0.06, -0.86
Gyro: -2.35, 3.23, -1.90
Accel: -0.47, 0.07, -0.84
Gyro: -1.48, 3.27, -1.56
Accel: -0.47, 0.07, -0.84
Gyro: -1.81, 2.27, -1.61
Accel: -0.47, 0.07, -0.84
Gyro: -1.17, 0.65, -2.02
Accel: -0.47, 0.07, -0.85
Gyro: -1.46, 1.72, -2.00
Accel: -0.46, 0.07, -0.85
Gyro: -1.35, 0.95, -1.54
Accel: -0.46, 0.07, -0.85
Gyro: -0.69, 0.22, -1.75
Accel: -0.47, 0.08, -0.85
Gyro: 0.19, 0.05, -1.66
Accel: -0.47, 0.07, -0.85
Gyro: -1.14, 0.27, -0.92
Accel: -0.46, 0.07, -0.84
Gyro: -0.76, 0.06, -0.36
Accel: -0.47, 0.06, -0.83
Gyro: -0.68, -1.05, -0.50
Accel: -0.48, 0.07, -0.86
Gyro: -2.78, 0.01, -0.51
Accel: -0.47, 0.07, -0.85
Gyro: -1.55, -0.14, -0.88
Accel: -0.46, 0.07, -0.84
Gyro: -1.28, -0.79, -1.78
Accel: -0.47, 0.08, -0.86
Gyro: -1.19, -1.47, -1.90
Accel: -0.47, 0.08, -0.86
Gyro: -1.05, 0.26, -1.37
Accel: -0.45, 0.08, -0.84
Gyro: 1.00, 1.01, -1.50
