Accel: -0.46, 0.09, -0.85
Gyro: 1.61, -1.86, -0.71
Accel: -0.46, 0.10, -0.85
Gyro: 1.79, -2.86, -0.83
Accel: -0.47, 0.09, -0.85
Gyro: 3.18, -2.82, 0.18
Accel: -0.47, 0.07, -0.85
Gyro: 2.01, -3.22, 0.47
Accel: -0.46, 0.08, -0.84
Gyro: -0.66, -2.84, 0.06
Accel: -0.47, 0.09, -0.83
Gyro: -0.40, -3.48, -1.61
Accel: -0.48, 0.10, -0.86
Gyro: 2.30, -2.93, -1.63
Accel: -0.48, 0.10, -0.86
Gyro: 4.03, -1.64, -0.91
Accel: -0.46, 0.12, -0.81
Gyro: 4.10, -2.16, -0.89
Accel: -0.46, 0.14, -0.80
Gyro: 9.28, -7.55, -1.46
Accel: -0.48, 0.19, -0.83
Gyro: 18.38, -10.44, -1.45
Accel: -0.48, 0.28, -0.78
Gyro: 37.70, -12.74, -0.38
Accel: -0.50, 0.33, -0.76
Gyro: 69.43, -16.78, 3.00
Accel: -0.52, 0.26, -0.77
Gyro: 107.34, -17.97, 7.43
Accel: -0.57, 0.19, -0.74
Gyro: 132.41, -13.81, 11.73
Accel: -0.65, 0.10, -0.81
Gyro: 173.07, -4.05, 19.78
Accel: -0.67, -0.11, -0.80
Gyro: 177.25, 17.88, 25.21
Accel: -0.70, -0.27, -0.72
Gyro: 170.58, 33.18, 29.84
Accel: -0.72, -0.35, -0.78
Gyro: 154.31, 49.03, 37.96
Accel: -0.71, -0.44, -0.81
Gyro: 131.03, 69.85, 43.77
Accel: -0.70, -0.57, -0.77
Gyro: 106.23, 87.58, 43.55
Accel: -0.64, -0.60, -0.73
Gyro: 87.80, 102.42, 38.64
Accel: -0.57, -0.61, -0.71
Gyro: 74.90, 113.21, 31.91
Accel: -0.52, -0.67, -0.76
Gyro: 67.46, 125.43, 21.90
Accel: -0.44, -0.69, -0.72
Gyro: 46.25, 136.70, 9.00
Accel: -0.39, -0.61, -0.67
Gyro: 45.29, 143.19, 0.24
Accel: -0.32, -0.70, -0.72
Gyro: 45.49, 149.33, -7.19
Accel: -0.22, -0.75, -0.69
Gyro: 35.50, 153.14, -19.40
Accel: -0.11, -0.78, -0.61
Gyro: 24.71, 149.02, -34.36
Accel: -0.03, -0.74, -0.66
Gyro: 21.77, 142.67, -45.23
Accel: 0.05, -0.77, -0.66
Gyro: 9.24, 140.75, -55.38
Accel: 0.18, -0.72, -0.59
Gyro: -5.72, 132.77, -64.83
Accel: 0.26, -0.72, -0.58
Gyro: -10.36, 119.46, -70.09
Accel: 0.33, -0.70, -0.63
Gyro: -39.66, 116.89, -78.08
Accel: 0.39, -0.73, -0.59
Gyro: -30.39, 116.81, -84.85
Accel: 0.49, -0.66, -0.54
Gyro: -50.68, 109.38, -95.15
Accel: 0.57, -0.58, -0.48
Gyro: -49.80, 99.48, -100.76
Accel: 0.63, -0.60, -0.45
Gyro: -55.48, 83.75, -109.79
Accel: 0.64, -0.55, -0.49
Gyro: -58.97, 74.68, -124.56
Accel: 0.64, -0.42, -0.50
Gyro: -59.51, 72.09, -136.39
Accel: 0.73, -0.29, -0.42
Gyro: -52.76, 66.70, -143.37
Accel: 0.78, -0.17, -0.42
Gyro: -41.11, 49.59, -148.38
Accel: 0.81, -0.03, -0.40
Gyro: -44.86, 34.75, -152.57
Accel: 0.87, 0.07, -0.33
Gyro: -45.35, 20.45, -146.01
Accel: 0.88, 0.15, -0.32
Gyro: -33.35, -1.87, -138.40
Accel: 0.73, 0.13, -0.34
Gyro: -32.86, -27.68, -121.21
Accel: 0.76, 0.18, -0.52
Gyro: -24.15, -20.18, -108.60
Accel: 0.82, 0.27, -0.32
Gyro: -55.80, -35.40, -127.01
Accel: 0.77, 0.35, -0.37
Gyro: -25.71, -58.66, -125.30
Accel: 0.77, 0.44, -0.32
Gyro: -28.45, -73.34, -118.96
Accel: 0.70, 0.49, -0.32
Gyro: -11.83, -102.36, -113.78
Accel: 0.61, 0.51, -0.42
Gyro: -11.58, -124.60, -107.42
Accel: 0.52, 0.57, -0.42
Gyro: -16.10, -149.28, -100.37
Accel: 0.37, 0.64, -0.49
Gyro: -1.32, -172.13, -87.70
Accel: 0.24, 0.71, -0.58
Gyro: -5.99, -180.85, -71.60
Accel: 0.12, 0.76, -0.59
Gyro: 11.61, -187.77, -55.02
Accel: -0.04, 0.72, -0.65
Gyro: 39.37, -192.45, -40.25
Accel: -0.16, 0.68, -0.78
Gyro: 57.02, -184.27, -30.01
Accel: -0.28, 0.67, -0.81
Gyro: 78.84, -166.51, -13.28
Accel: -0.33, 0.64, -0.81
Gyro: 96.26, -155.43, 8.16
Accel: -0.40, 0.50, -0.84
Gyro: 109.86, -139.33, 32.20
Accel: -0.45, 0.37, -0.83
Gyro: 105.87, -123.83, 44.01
Accel: -0.52, 0.30, -0.88
Gyro: 103.68, -111.52, 50.57
Accel: -0.58, 0.20, -0.97
Gyro: 96.43, -90.16, 53.40
Accel: -0.51, 0.12, -0.93
Gyro: 83.58, -75.94, 45.43
Accel: -0.53, 0.07, -0.85
Gyro: 82.50, -70.09, 38.10
Accel: -0.64, 0.02, -1.00
Gyro: 72.91, -52.60, 33.39
Accel: -0.60, -0.02, -0.97
Gyro: 52.28, -31.12, 27.92
Accel: -0.53, -0.04, -0.83
Gyro: 39.01, -22.24, 18.86
Accel: -0.54, -0.06, -0.84
Gyro: 30.62, -25.11, 10.82
Accel: -0.57, -0.05, -0.93
Gyro: 10.29, -16.24, 4.56
Accel: -0.54, -0.01, -0.85
Gyro: 2.02, -8.77, -0.37
Accel: -0.54, 0.03, -0.84
Gyro: 0.18, -6.95, -4.99
Accel: -0.53, 0.07, -0.84
Gyro: -1.49, -6.22, -7.95
Accel: -0.53, 0.10, -0.84
Gyro: -1.56, -4.17, -8.13
Accel: -0.52, 0.08, -0.83
Gyro: 3.13, -3.21, -7.02
Accel: -0.53, 0.07, -0.86
Gyro: 1.32, -1.79, -5.31
Accel: -0.52, 0.06, -0.83
Gyro: -1.41, -0.72, -2.56
Accel: -0.51, 0.05, -0.82
Gyro: -2.25, -1.27, -2.29
Accel: -0.51, 0.05, -0.85
Gyro: -3.01, -0.80, -2.91
Accel: -0.51, 0.06, -0.84
Gyro: -3.59, 1.02, -4.68
Accel: -0.51, 0.07, -0.83
Gyro: -0.58, 1.85, -5.43
Accel: -0.50, 0.07, -0.84
Gyro: -0.76, 2.75, -4.54
Accel: -0.50, 0.07, -0.83
Gyro: -1.11, 2.49, -3.52
Accel: -0.49, 0.07, -0.82
Gyro: -0.37, 1.79, -2.82
Accel: -0.49, 0.06, -0.83
Gyro: -0.60, 1.01, -2.37
Accel: -0.50, 0.07, -0.84
Gyro: -1.21, 0.81, -1.66
Accel: -0.50, 0.06, -0.83
Gyro: -1.69, 1.24, -1.79
Accel: -0.49, 0.06, -0.84
Gyro: -0.27, 0.27, -2.13
Accel: -0.50, 0.06, -0.85
Gyro: -1.31, 1.32, -1.98
Accel: -0.48, 0.07, -0.86
Gyro: -2.20, 3.07, -1.73
Accel: -0.48, 0.07, -0.83
Gyro: -0.10, 2.96, -1.84
Accel: -0.48, 0.06, -0.83
Gyro: 0.66, 0.57, -1.80
Accel: -0.48, 0.07, -0.84
Gyro: 0.34, 0.43, -1.34
Accel: -0.47, 0.06, -0.83
Gyro: 1.96, 0.18, -0.70
Accel: -0.48, 0.06, -0.83
Gyro: 1.91, -0.92, -0.35
Accel: -0.48, 0.04, -0.86
Gyro: -0.71, -0.92, -0.23
Accel: -0.47, 0.05, -0.84
Gyro: -0.42, -1.63, -0.99
Accel: -0.48, 0.07, -0.85
Gyro: -0.08, -2.17, -1.53
Accel: -0.49, 0.06, -0.86
Gyro: 0.10, -0.39, -1.20
Accel: -0.48, 0.08, -0.83
Gyro: 2.78, 0.71, -1.00
