Accel: -0.46, 0.05, -0.83
Gyro: 1.01, -1.05, 0.89
Accel: -0.47, 0.06, -0.87
Gyro: -2.05, -1.17, -0.11
Accel: -0.47, 0.07, -0.87
Gyro: 0.08, 1.28, -0.30
Accel: -0.46, 0.06, -0.84
Gyro: 0.89, 0.98, -0.34
Accel: -0.46, 0.06, -0.85
Gyro: -2.85, -1.43, -1.11
Accel: -0.46, 0.07, -0.89
Gyro: -5.55, -0.64, -1.67
Accel: -0.45, 0.07, -0.84
Gyro: -3.27, -0.07, -2.16
Accel: -0.46, 0.09, -0.84
Gyro: -3.14, -2.74, -2.01
Accel: -0.46, 0.11, -0.84
Gyro: -3.57, -5.29, -2.38
Accel: -0.46, 0.14, -0.80
Gyro: 0.02, -6.82, -2.66
Accel: -0.46, 0.26, -0.75
Gyro: 11.09, -15.24, -2.56
Accel: -0.48, 0.38, -0.77
Gyro: 33.61, -23.74, 2.24
Accel: -0.55, 0.53, -0.80
Gyro: 77.20, -25.89, 20.04
Accel: -0.61, 0.46, -0.80
Gyro: 129.04, -19.11, 45.27
Accel: -0.65, 0.28, -0.79
Gyro: 157.17, -6.31, 65.06
Accel: -0.67, 0.11, -0.72
Gyro: 176.98, 5.36, 79.81
Accel: -0.72, 0.01, -0.72
Gyro: 187.32, 18.48, 89.03
Accel: -0.81, -0.07, -0.72
Gyro: 198.05, 38.17, 107.89
Accel: -0.85, -0.41, -0.71
Gyro: 185.37, 62.30, 122.24
Accel: -0.79, -0.65, -0.76
Gyro: 143.14, 84.85, 110.35
Accel: -0.72, -0.66, -0.77
Gyro: 123.34, 100.20, 80.49
Accel: -0.61, -0.70, -0.70
Gyro: 102.72, 114.90, 48.36
Accel: -0.49, -0.65, -0.56
Gyro: 92.51, 116.20, 20.10
Accel: -0.43, -0.68, -0.62
Gyro: 96.11, 108.75, 0.34
Accel: -0.39, -0.69, -0.75
Gyro: 76.37, 110.34, -19.04
Accel: -0.37, -0.66, -0.80
Gyro: 63.65, 118.00, -33.52
Accel: -0.35, -0.71, -0.85
Gyro: 59.07, 136.47, -48.02
Accel: -0.22, -0.67, -0.66
Gyro: 44.28, 146.51, -56.66
Accel: -0.09, -0.72, -0.60
Gyro: 40.18, 139.76, -61.55
Accel: -0.06, -0.77, -0.74
Gyro: 31.33, 138.89, -75.71
Accel: 0.06, -0.70, -0.70
Gyro: 10.96, 143.63, -87.86
Accel: 0.20, -0.67, -0.54
Gyro: 5.42, 130.98, -88.92
Accel: 0.27, -0.73, -0.46
Gyro: -13.11, 116.73, -92.86
Accel: 0.34, -0.72, -0.63
Gyro: -8.75, 116.93, -98.77
Accel: 0.46, -0.67, -0.55
Gyro: -29.62, 112.51, -99.07
Accel: 0.54, -0.76, -0.48
Gyro: -36.49, 98.94, -108.25
Accel: 0.58, -0.64, -0.45
Gyro: -46.47, 88.83, -124.53
Accel: 0.62, -0.57, -0.44
Gyro: -47.78, 76.78, -136.02
Accel: 0.65, -0.53, -0.49
Gyro: -49.44, 69.22, -147.83
Accel: 0.68, -0.35, -0.48
Gyro: -45.05, 63.46, -158.42
Accel: 0.74, -0.28, -0.39
Gyro: -47.77, 54.76, -166.40
Accel: 0.79, -0.14, -0.34
Gyro: -54.87, 44.79, -171.03
Accel: 0.85, 0.03, -0.31
Gyro: -47.39, 27.35, -168.17
Accel: 0.87, 0.22, -0.28
Gyro: -31.56, 7.33, -154.85
Accel: 0.75, 0.25, -0.40
Gyro: -18.78, -7.39, -138.43
Accel: 0.82, 0.28, -0.25
Gyro: -36.02, -20.61, -131.90
Accel: 0.89, 0.41, -0.25
Gyro: -30.05, -45.56, -119.38
Accel: 0.84, 0.28, -0.26
Gyro: -4.39, -78.72, -110.79
Accel: 0.66, 0.36, -0.41
Gyro: -5.98, -98.91, -121.15
Accel: 0.64, 0.48, -0.43
Gyro: 7.27, -101.68, -126.47
Accel: 0.66, 0.47, -0.35
Gyro: 10.43, -123.78, -114.64
Accel: 0.51, 0.47, -0.58
Gyro: 11.86, -146.74, -104.30
Accel: 0.38, 0.61, -0.72
Gyro: 2.29, -140.07, -93.40
Accel: 0.29, 0.68, -0.74
Gyro: 10.18, -131.85, -75.49
Accel: 0.23, 0.63, -0.75
Gyro: 19.08, -125.69, -59.56
Accel: 0.15, 0.59, -0.80
Gyro: 26.93, -118.23, -48.97
Accel: 0.12, 0.59, -0.74
Gyro: 39.09, -114.51, -37.24
Accel: 0.07, 0.60, -0.73
Gyro: 40.15, -118.01, -26.99
Accel: -0.02, 0.58, -0.82
Gyro: 53.78, -116.39, -13.63
Accel: -0.13, 0.58, -0.89
Gyro: 58.91, -111.32, -0.75
Accel: -0.16, 0.53, -0.87
Gyro: 63.00, -104.56, 14.51
Accel: -0.20, 0.46, -0.88
Gyro: 60.71, -103.64, 27.81
Accel: -0.24, 0.41, -0.89
Gyro: 62.78, -94.60, 38.31
Accel: -0.28, 0.35, -0.89
Gyro: 69.41, -86.49, 46.47
Accel: -0.32, 0.28, -0.92
Gyro: 70.09, -77.22, 51.58
Accel: -0.34, 0.28, -0.88
Gyro: 67.76, -73.90, 53.89
Accel: -0.36, 0.22, -0.88
Gyro: 73.43, -70.04, 57.85
Accel: -0.39, 0.13, -0.87
Gyro: 69.82, -64.32, 58.11
Accel: -0.42, 0.06, -0.84
Gyro: 66.96, -63.74, 51.46
Accel: -0.48, -0.02, -0.95
Gyro: 64.28, -55.88, 44.30
Accel: -0.51, -0.07, -1.01
Gyro: 48.03, -40.25, 34.00
Accel: -0.50, -0.03, -0.94
Gyro: 25.18, -31.27, 22.66
Accel: -0.53, 0.04, -1.00
Gyro: 21.32, -20.33, 13.82
Accel: -0.50, 0.02, -0.91
Gyro: 26.38, -6.08, 10.54
Accel: -0.47, -0.05, -0.88
Gyro: 27.50, -5.46, 8.32
Accel: -0.46, -0.10, -0.91
Gyro: 8.99, -3.28, 3.68
Accel: -0.43, -0.06, -0.89
Gyro: -5.71, -0.63, -2.06
Accel: -0.41, -0.00, -0.86
Gyro: -5.70, 0.06, -5.53
Accel: -0.43, 0.03, -0.87
Gyro: -3.37, -2.20, -6.99
Accel: -0.43, 0.06, -0.88
Gyro: -4.27, -3.22, -6.65
Accel: -0.43, 0.06, -0.89
Gyro: -3.15, -1.73, -5.13
Accel: -0.43, 0.04, -0.88
Gyro: -2.08, -0.21, -3.56
Accel: -0.43, 0.03, -0.88
Gyro: -6.13, 0.40, -4.25
Accel: -0.42, 0.02, -0.87
Gyro: -6.53, -0.63, -5.18
Accel: -0.41, 0.02, -0.88
Gyro: -8.96, 0.30, -6.36
Accel: -0.41, 0.06, -0.86
Gyro: -9.63, -1.08, -7.64
Accel: -0.43, 0.09, -0.88
Gyro: -6.31, -1.84, -7.02
Accel: -0.42, 0.08, -0.90
Gyro: -3.14, -0.19, -5.36
Accel: -0.41, 0.08, -0.88
Gyro: -3.55, 1.63, -3.48
Accel: -0.41, 0.07, -0.85
Gyro: -3.55, 0.08, -1.32
Accel: -0.42, 0.08, -0.90
Gyro: -2.85, -1.89, -0.11
Accel: -0.42, 0.07, -0.90
Gyro: -1.92, 0.92, 0.54
Accel: -0.41, 0.06, -0.87
Gyro: -1.91, 1.57, -0.05
Accel: -0.40, 0.07, -0.88
Gyro: -2.09, 0.91, -0.67
Accel: -0.40, 0.07, -0.90
Gyro: -1.93, 1.43, -1.39
Accel: -0.40, 0.07, -0.88
Gyro: 0.40, 1.03, -1.25
Accel: -0.40, 0.06, -0.88
Gyro: -0.10, -0.51, -0.69
Accel: -0.39, 0.07, -0.88
Gyro: -1.33, -1.01, -0.60
Accel: -0.40, 0.07, -0.88
Gyro: 0.33, -1.66, -0.86
Accel: -0.41, 0.06, -0.88
Gyro: 1.29, -3.21, 0.12
Accel: -0.42, 0.06, -0.90
Gyro: -2.35, -2.25, 0.15
