Accel: -0.46, 0.08, -0.81
Gyro: 1.68, -4.39, -4.01
Accel: -0.46, 0.09, -0.81
Gyro: 1.02, -7.80, -5.66
Accel: -0.48, 0.10, -0.84
Gyro: 3.45, -10.48, -6.73
Accel: -0.49, 0.11, -0.85
Gyro: 4.99, -9.12, -4.53
Accel: -0.49, 0.11, -0.86
Gyro: 7.54, -6.51, -2.83
Accel: -0.47, 0.12, -0.77
Gyro: 11.15, -8.14, -1.79
Accel: -0.47, 0.12, -0.75
Gyro: 17.60, -16.94, -1.67
Accel: -0.55, 0.13, -0.86
Gyro: 23.93, -20.21, 0.05
Accel: -0.56, 0.20, -0.88
Gyro: 35.42, -12.32, 5.45
Accel: -0.57, 0.22, -0.82
Gyro: 54.47, -7.11, 10.31
Accel: -0.58, 0.28, -0.78
Gyro: 81.33, -7.84, 14.60
Accel: -0.63, 0.24, -0.82
Gyro: 114.81, -0.92, 23.39
Accel: -0.65, 0.14, -0.80
Gyro: 147.15, 12.71, 31.76
Accel: -0.68, -0.01, -0.80
Gyro: 167.95, 30.40, 37.67
Accel: -0.66, -0.19, -0.74
Gyro: 166.19, 45.38, 43.16
Accel: -0.64, -0.31, -0.74
Gyro: 148.00, 56.72, 46.18
Accel: -0.65, -0.37, -0.77
Gyro: 137.26, 69.92, 48.50
Accel: -0.61, -0.49, -0.71
Gyro: 115.35, 82.76, 46.19
Accel: -0.55, -0.56, -0.68
Gyro: 104.62, 86.24, 38.34
Accel: -0.55, -0.60, -0.79
Gyro: 90.27, 96.37, 29.83
Accel: -0.50, -0.68, -0.78
Gyro: 68.87, 110.27, 21.77
Accel: -0.44, -0.65, -0.70
Gyro: 52.64, 117.18, 10.22
Accel: -0.40, -0.70, -0.73
Gyro: 62.42, 125.16, -2.69
Accel: -0.33, -0.69, -0.76
Gyro: 47.58, 134.94, -18.68
Accel: -0.27, -0.63, -0.71
Gyro: 40.08, 142.85, -27.20
Accel: -0.18, -0.67, -0.69
Gyro: 40.33, 146.02, -27.79
Accel: -0.10, -0.76, -0.69
Gyro: 31.33, 145.67, -36.03
Accel: -0.07, -0.72, -0.73
Gyro: 18.38, 152.55, -45.43
Accel: 0.08, -0.70, -0.66
Gyro: 7.19, 154.39, -49.00
Accel: 0.24, -0.69, -0.55
Gyro: 2.28, 143.05, -52.00
Accel: 0.32, -0.77, -0.43
Gyro: -28.28, 129.39, -61.46
Accel: 0.43, -0.75, -0.50
Gyro: -17.62, 118.84, -71.15
Accel: 0.48, -0.72, -0.50
Gyro: -34.55, 103.12, -79.19
Accel: 0.53, -0.73, -0.49
Gyro: -38.65, 89.77, -90.93
Accel: 0.56, -0.68, -0.51
Gyro: -52.60, 78.64, -104.18
Accel: 0.60, -0.60, -0.53
Gyro: -61.61, 74.10, -116.17
Accel: 0.63, -0.54, -0.46
Gyro: -66.66, 68.96, -124.78
Accel: 0.67, -0.49, -0.48
Gyro: -64.62, 62.65, -139.07
Accel: 0.70, -0.34, -0.40
Gyro: -57.06, 59.05, -152.74
Accel: 0.74, -0.19, -0.41
Gyro: -36.71, 42.27, -156.86
Accel: 0.83, -0.09, -0.39
Gyro: -47.07, 20.87, -157.26
Accel: 0.84, 0.08, -0.35
Gyro: -66.80, 8.74, -162.28
Accel: 0.84, 0.26, -0.32
Gyro: -50.99, -7.55, -152.21
Accel: 1.01, 0.32, -0.25
Gyro: -19.09, -27.31, -148.75
Accel: 0.80, 0.37, -0.62
Gyro: -25.02, -18.81, -116.69
Accel: 0.77, 0.44, -0.24
Gyro: -34.75, -36.91, -127.59
Accel: 0.76, 0.39, -0.43
Gyro: 1.59, -70.05, -134.17
Accel: 0.70, 0.36, -0.44
Gyro: 11.83, -76.57, -140.55
Accel: 0.61, 0.47, -0.45
Gyro: 24.09, -95.37, -132.18
Accel: 0.53, 0.52, -0.51
Gyro: 5.61, -111.89, -113.42
Accel: 0.43, 0.56, -0.59
Gyro: -10.95, -124.28, -93.97
Accel: 0.35, 0.66, -0.52
Gyro: -11.59, -134.37, -79.06
Accel: 0.25, 0.74, -0.49
Gyro: 1.14, -153.77, -63.84
Accel: 0.14, 0.77, -0.54
Gyro: 18.95, -174.45, -46.12
Accel: -0.01, 0.82, -0.72
Gyro: 37.96, -179.46, -22.03
Accel: -0.13, 0.73, -0.86
Gyro: 64.25, -167.26, 3.36
Accel: -0.21, 0.64, -0.91
Gyro: 67.56, -149.68, 18.71
Accel: -0.22, 0.53, -0.92
Gyro: 85.17, -125.29, 33.21
Accel: -0.31, 0.44, -0.93
Gyro: 86.07, -110.03, 44.39
Accel: -0.29, 0.36, -0.88
Gyro: 82.53, -96.50, 47.55
Accel: -0.30, 0.31, -0.84
Gyro: 81.26, -90.07, 50.26
Accel: -0.31, 0.26, -0.87
Gyro: 79.82, -84.96, 50.07
Accel: -0.39, 0.26, -0.82
Gyro: 82.24, -82.31, 50.75
Accel: -0.39, 0.16, -0.88
Gyro: 78.96, -81.31, 47.39
Accel: -0.44, 0.08, -0.91
Gyro: 69.06, -72.98, 47.72
Accel: -0.46, -0.02, -0.93
Gyro: 58.02, -62.81, 38.89
Accel: -0.48, -0.02, -0.94
Gyro: 36.83, -51.22, 28.44
Accel: -0.54, -0.01, -0.95
Gyro: 34.72, -41.16, 23.38
Accel: -0.54, -0.01, -0.96
Gyro: 19.92, -28.34, 18.37
Accel: -0.52, -0.03, -0.85
Gyro: 7.61, -22.87, 10.37
Accel: -0.54, 0.00, -0.92
Gyro: 4.03, -20.83, 1.72
Accel: -0.53, 0.04, -0.93
Gyro: -2.63, -9.83, -2.30
Accel: -0.49, 0.06, -0.87
Gyro: -5.10, -3.52, -6.61
Accel: -0.49, 0.08, -0.86
Gyro: -2.82, -4.02, -9.90
Accel: -0.50, 0.11, -0.89
Gyro: -5.65, -1.11, -9.93
Accel: -0.49, 0.11, -0.85
Gyro: -5.03, 2.04, -8.09
Accel: -0.48, 0.09, -0.83
Gyro: -3.07, 0.85, -7.45
Accel: -0.47, 0.08, -0.83
Gyro: -3.64, -0.63, -6.90
Accel: -0.48, 0.09, -0.88
Gyro: -4.97, 0.61, -6.48
Accel: -0.47, 0.09, -0.86
Gyro: -5.33, 2.56, -6.16
Accel: -0.47, 0.11, -0.85
Gyro: -2.84, 3.06, -6.45
Accel: -0.47, 0.11, -0.85
Gyro: -3.21, 1.62, -6.14
Accel: -0.47, 0.12, -0.87
Gyro: -1.53, 1.70, -4.84
Accel: -0.46, 0.10, -0.86
Gyro: 0.36, 3.79, -3.10
Accel: -0.46, 0.10, -0.87
Gyro: -0.03, 5.11, -1.53
Accel: -0.45, 0.09, -0.86
Gyro: -1.30, 4.84, -0.89
Accel: -0.44, 0.10, -0.84
Gyro: -0.94, 3.74, -1.41
Accel: -0.44, 0.10, -0.86
Gyro: 0.92, 2.86, -1.12
Accel: -0.43, 0.09, -0.85
Gyro: -0.18, 2.75, -0.45
Accel: -0.43, 0.08, -0.83
Gyro: -0.45, 0.93, -0.27
Accel: -0.44, 0.10, -0.86
Gyro: -0.59, -1.66, -0.11
Accel: -0.45, 0.09, -0.88
Gyro: -1.95, -0.14, -0.23
Accel: -0.43, 0.09, -0.86
Gyro: -1.01, 0.25, -1.01
Accel: -0.44, 0.09, -0.84
Gyro: -0.83, -1.53, -1.98
Accel: -0.45, 0.11, -0.86
Gyro: -1.98, -2.03, -1.66
Accel: -0.44, 0.11, -0.84
Gyro: 3.83, -4.35, -0.58
Accel: -0.45, 0.08, -0.88
Gyro: 0.98, -3.20, -0.02
Accel: -0.44, 0.09, -0.84
Gyro: 0.27, -4.04, 0.18
Accel: -0.45, 0.09, -0.88
Gyro: 2.33, -4.55, -0.78
Accel: -0.46, 0.09, -0.89
Gyro: 3.59, -1.49, -0.43
Accel: -0.46, 0.07, -0.87
Gyro: 3.17, 0.18, -1.23
