Accel: -0.45, 0.10, -0.85
Gyro: -2.06, -4.44, 1.68
Accel: -0.46, 0.09, -0.88
Gyro: 0.01, -3.01, 2.34
Accel: -0.47, 0.08, -0.87
Gyro: -0.56, -0.84, 2.63
Accel: -0.47, 0.08, -0.86
Gyro: 1.81, -1.16, 0.63
Accel: -0.47, 0.08, -0.86
Gyro: -1.16, 0.72, 0.17
Accel: -0.46, 0.09, -0.86
Gyro: -0.24, 0.77, -0.04
Accel: -0.46, 0.08, -0.86
Gyro: 0.61, 1.36, -0.87
Accel: -0.46, 0.09, -0.86
Gyro: 1.59, 0.14, -0.89
Accel: -0.46, 0.09, -0.87
Gyro: 1.56, 0.47, -0.70
Accel: -0.44, 0.10, -0.83
Gyro: 2.95, -0.57, -0.91
Accel: -0.44, 0.19, -0.80
Gyro: 8.58, -6.13, -0.25
Accel: -0.47, 0.28, -0.81
Gyro: 22.26, -10.99, 6.48
Accel: -0.48, 0.36, -0.80
Gyro: 43.40, -14.09, 19.62
Accel: -0.54, 0.44, -0.81
Gyro: 77.51, -16.72, 39.68
Accel: -0.59, 0.31, -0.80
Gyro: 113.40, -12.25, 60.33
Accel: -0.65, 0.12, -0.87
Gyro: 133.11, 0.60, 69.98
Accel: -0.68, 0.03, -0.85
Gyro: 141.95, 19.40, 73.15
Accel: -0.68, -0.08, -0.83
Gyro: 153.86, 37.63, 72.86
Accel: -0.66, -0.22, -0.80
Gyro: 150.02, 56.62, 68.08
Accel: -0.61, -0.27, -0.74
Gyro: 141.52, 69.41, 61.06
Accel: -0.59, -0.35, -0.74
Gyro: 138.11, 79.09, 54.43
Accel: -0.55, -0.45, -0.74
Gyro: 128.14, 89.42, 41.76
Accel: -0.50, -0.60, -0.76
Gyro: 119.42, 99.69, 24.77
Accel: -0.45, -0.67, -0.76
Gyro: 98.68, 108.18, 4.71
Accel: -0.41, -0.64, -0.80
Gyro: 84.32, 118.12, -10.22
Accel: -0.33, -0.68, -0.79
Gyro: 66.45, 132.11, -22.32
Accel: -0.21, -0.71, -0.69
Gyro: 54.05, 133.64, -34.81
Accel: -0.14, -0.65, -0.68
Gyro: 47.70, 131.48, -42.88
Accel: -0.10, -0.71, -0.75
Gyro: 38.45, 133.35, -50.07
Accel: -0.05, -0.78, -0.76
Gyro: 23.90, 137.99, -62.27
Accel: 0.02, -0.77, -0.72
Gyro: -0.80, 146.72, -76.39
Accel: 0.17, -0.73, -0.56
Gyro: -7.68, 139.08, -83.60
Accel: 0.24, -0.68, -0.67
Gyro: -31.35, 136.72, -93.90
Accel: 0.36, -0.61, -0.59
Gyro: -23.09, 140.44, -93.50
Accel: 0.48, -0.64, -0.54
Gyro: -47.39, 133.50, -90.16
Accel: 0.59, -0.59, -0.44
Gyro: -49.99, 123.03, -94.80
Accel: 0.71, -0.54, -0.33
Gyro: -60.78, 103.87, -98.47
Accel: 0.76, -0.53, -0.35
Gyro: -54.42, 76.75, -105.09
Accel: 0.74, -0.44, -0.47
Gyro: -55.53, 69.07, -118.51
Accel: 0.78, -0.38, -0.42
Gyro: -55.53, 62.90, -127.69
Accel: 0.83, -0.27, -0.31
Gyro: -32.58, 46.64, -136.74
Accel: 0.86, -0.19, -0.39
Gyro: -40.79, 27.92, -142.38
Accel: 0.85, -0.03, -0.35
Gyro: -58.12, 18.65, -148.46
Accel: 0.87, 0.08, -0.32
Gyro: -44.64, 2.67, -143.92
Accel: 0.97, 0.19, -0.39
Gyro: -30.17, -15.29, -142.81
Accel: 0.82, 0.26, -0.52
Gyro: -31.12, -7.51, -108.53
Accel: 0.82, 0.31, -0.28
Gyro: -47.95, -24.35, -119.00
Accel: 0.79, 0.49, -0.45
Gyro: -22.80, -44.14, -108.49
Accel: 0.84, 0.72, -0.24
Gyro: -34.10, -52.59, -70.70
Accel: 0.81, 0.39, -0.26
Gyro: -6.94, -93.22, -49.51
Accel: 0.66, 0.24, -0.57
Gyro: -12.12, -102.91, -60.35
Accel: 0.63, 0.29, -0.49
Gyro: -26.32, -103.41, -75.68
Accel: 0.60, 0.42, -0.44
Gyro: -26.54, -119.59, -81.98
Accel: 0.49, 0.59, -0.54
Gyro: -26.47, -128.75, -79.54
Accel: 0.40, 0.60, -0.54
Gyro: -11.74, -141.72, -71.70
Accel: 0.29, 0.62, -0.57
Gyro: -7.13, -150.38, -69.24
Accel: 0.14, 0.70, -0.83
Gyro: 7.16, -142.13, -62.88
Accel: 0.10, 0.68, -0.79
Gyro: 25.21, -125.18, -50.90
Accel: 0.09, 0.64, -0.71
Gyro: 36.75, -123.12, -41.40
Accel: -0.07, 0.64, -0.79
Gyro: 60.48, -122.01, -27.21
Accel: -0.16, 0.59, -0.92
Gyro: 61.40, -118.87, -16.59
Accel: -0.20, 0.53, -0.95
Gyro: 67.17, -102.55, -8.40
Accel: -0.23, 0.50, -0.94
Gyro: 71.21, -90.95, 1.83
Accel: -0.25, 0.44, -0.96
Gyro: 68.88, -74.75, 12.25
Accel: -0.24, 0.43, -0.87
Gyro: 66.20, -65.67, 20.69
Accel: -0.25, 0.36, -0.86
Gyro: 68.21, -65.77, 28.91
Accel: -0.28, 0.28, -0.86
Gyro: 69.89, -63.98, 32.97
Accel: -0.30, 0.21, -0.88
Gyro: 69.66, -63.06, 34.46
Accel: -0.35, 0.15, -0.92
Gyro: 62.48, -58.99, 32.60
Accel: -0.39, 0.10, -0.79
Gyro: 63.34, -58.48, 30.57
Accel: -0.51, 0.05, -0.98
Gyro: 67.14, -53.99, 29.97
Accel: -0.59, 0.03, -1.23
Gyro: 34.70, -20.35, 34.32
Accel: -0.41, 0.04, -0.86
Gyro: 1.26, -0.14, 35.71
Accel: -0.36, 0.02, -0.85
Gyro: 14.11, -14.56, 25.67
Accel: -0.37, 0.03, -0.95
Gyro: 8.82, -12.95, 13.48
Accel: -0.37, 0.05, -0.85
Gyro: 6.60, -9.54, 2.45
Accel: -0.36, 0.08, -0.85
Gyro: 11.31, -13.69, -7.26
Accel: -0.37, 0.09, -0.90
Gyro: 9.40, -13.92, -11.18
Accel: -0.38, 0.09, -0.88
Gyro: 6.48, -10.58, -10.65
Accel: -0.38, 0.07, -0.88
Gyro: 4.36, -10.70, -8.70
Accel: -0.40, 0.07, -0.90
Gyro: -1.69, -10.70, -7.53
Accel: -0.41, 0.09, -0.93
Gyro: -7.99, -6.82, -6.42
Accel: -0.41, 0.11, -0.90
Gyro: -6.77, -3.07, -5.36
Accel: -0.39, 0.11, -0.88
Gyro: -3.61, -2.33, -5.41
Accel: -0.40, 0.12, -0.89
Gyro: -2.78, -2.88, -6.13
Accel: -0.40, 0.13, -0.89
Gyro: -0.33, -2.59, -5.65
Accel: -0.42, 0.14, -0.91
Gyro: 2.24, -0.95, -1.69
Accel: -0.40, 0.12, -0.90
Gyro: 1.84, 1.93, 1.63
Accel: -0.40, 0.09, -0.89
Gyro: 1.82, 2.20, 2.44
Accel: -0.39, 0.07, -0.88
Gyro: 0.50, 0.98, 2.02
Accel: -0.39, 0.08, -0.91
Gyro: -3.09, 1.07, 0.31
Accel: -0.39, 0.09, -0.90
Gyro: -3.61, 1.86, -1.69
Accel: -0.38, 0.09, -0.88
Gyro: -1.60, 2.37, -2.80
Accel: -0.38, 0.10, -0.86
Gyro: -1.56, -0.79, -3.02
Accel: -0.39, 0.11, -0.89
Gyro: -1.62, -1.85, -1.96
Accel: -0.38, 0.09, -0.88
Gyro: -1.12, -0.11, -0.58
Accel: -0.39, 0.09, -0.85
Gyro: -0.19, -1.55, -0.73
Accel: -0.40, 0.09, -0.92
Gyro: -2.19, -3.41, -1.09
Accel: -0.40, 0.10, -0.92
Gyro: -3.79, -0.08, -1.02
Accel: -0.39, 0.10, -0.90
Gyro: -0.21, 1.46, -1.46
Accel: -0.37, 0.09, -0.88
Gyro: -0.25, 0.65, -2.08
