Accel: -0.27, 0.05, -0.93
Gyro: -2.62, -0.87, -0.99
Accel: -0.27, 0.05, -0.92
Gyro: -3.44, -1.42, -1.05
Accel: -0.28, 0.07, -0.93
Gyro: -3.36, -1.74, -0.65
Accel: -0.28, 0.07, -0.93
Gyro: -2.57, -1.87, -0.18
Accel: -0.28, 0.07, -0.93
Gyro: -3.43, -1.42, -0.74
Accel: -0.27, 0.07, -0.94
Gyro: -2.98, -1.26, -0.24
Accel: -0.28, 0.07, -0.93
Gyro: -2.62, -0.44, -0.18
Accel: -0.27, 0.06, -0.93
Gyro: -2.61, -0.33, -0.75
Accel: -0.27, 0.09, -0.93
Gyro: -2.17, -1.11, 0.01
Accel: -0.27, 0.13, -0.92
Gyro: -0.33, -2.11, 2.20
Accel: -0.28, 0.25, -0.92
Gyro: 3.81, -2.69, 15.17
Accel: -0.28, 0.34, -0.90
Gyro: 8.95, -5.64, 41.01
Accel: -0.30, 0.44, -0.91
Gyro: 12.25, -7.32, 78.39
Accel: -0.34, 0.49, -0.91
Gyro: 14.85, -7.12, 126.73
Accel: -0.37, 0.37, -0.84
Gyro: 23.52, -10.94, 166.37
Accel: -0.45, 0.45, -0.89
Gyro: 34.26, -15.34, 197.59
Accel: -0.50, 0.30, -0.91
Gyro: 37.03, -9.52, 229.29
Accel: -0.52, 0.17, -0.88
Gyro: 47.16, -9.24, 238.41
Accel: -0.53, 0.13, -0.94
Gyro: 55.18, -5.44, 234.25
Accel: -0.49, 0.05, -0.90
Gyro: 54.89, 2.34, 223.93
Accel: -0.43, -0.04, -0.86
Gyro: 52.25, 4.18, 204.94
Accel: -0.41, 0.03, -0.93
Gyro: 45.27, 3.76, 190.73
Accel: -0.36, -0.06, -0.88
Gyro: 33.38, 4.52, 177.15
Accel: -0.28, -0.09, -0.85
Gyro: 31.64, -1.89, 153.06
Accel: -0.28, -0.22, -0.97
Gyro: 37.13, -2.55, 120.03
Accel: -0.23, -0.24, -0.92
Gyro: 23.37, -0.21, 79.80
Accel: -0.23, -0.04, -0.99
Gyro: 19.36, -0.22, 54.65
Accel: -0.17, -0.14, -0.89
Gyro: 17.45, -1.43, 40.73
Accel: -0.20, -0.11, -0.97
Gyro: 1.56, -3.36, 15.46
Accel: -0.19, 0.02, -0.96
Gyro: 0.07, -2.77, 3.95
Accel: -0.17, -0.09, -0.91
Gyro: -8.93, -1.97, -1.40
Accel: -0.22, 0.05, -1.01
Gyro: -3.23, -3.17, -12.00
Accel: -0.18, -0.11, -0.97
Gyro: -12.98, 4.91, -15.11
Accel: -0.18, 0.12, -0.91
Gyro: -11.28, -4.54, -33.72
Accel: -0.24, 0.07, -1.00
Gyro: 5.95, 2.37, -38.30
Accel: -0.15, -0.03, -0.83
Gyro: -2.20, -2.91, -43.78
Accel: -0.27, -0.18, -1.06
Gyro: 14.58, -8.03, -72.84
Accel: -0.28, -0.06, -1.08
Gyro: -29.56, 15.47, -74.82
Accel: -0.16, -0.11, -0.74
Gyro: -27.39, 3.29, -84.26
Accel: -0.20, -0.13, -0.86
Gyro: -6.03, -15.52, -120.84
Accel: -0.29, -0.03, -1.00
Gyro: -15.93, -10.78, -141.91
Accel: -0.27, -0.00, -0.84
Gyro: -15.15, -15.51, -146.42
Accel: -0.37, 0.12, -1.07
Gyro: -14.48, -15.55, -145.48
Accel: -0.34, 0.16, -1.01
Gyro: -19.77, 0.89, -128.47
Accel: -0.28, 0.00, -0.87
Gyro: -18.24, 0.55, -130.37
Accel: -0.29, 0.11, -0.92
Gyro: -13.74, -8.21, -128.91
Accel: -0.27, 0.01, -0.91
Gyro: -16.72, -8.51, -119.93
Accel: -0.27, -0.03, -0.92
Gyro: -21.68, -14.22, -124.34
Accel: -0.33, 0.01, -1.00
Gyro: -28.31, -9.17, -122.45
Accel: -0.32, 0.01, -0.92
Gyro: -35.10, -3.23, -116.94
Accel: -0.30, 0.04, -0.91
Gyro: -29.05, -4.20, -112.68
Accel: -0.31, 0.05, -0.98
Gyro: -30.24, -2.25, -108.25
Accel: -0.29, 0.07, -0.91
Gyro: -31.46, -0.23, -100.98
Accel: -0.27, 0.09, -0.91
Gyro: -28.88, -2.43, -94.15
Accel: -0.29, 0.10, -0.94
Gyro: -24.28, -3.09, -86.43
Accel: -0.29, 0.09, -0.96
Gyro: -21.10, -0.77, -76.31
Accel: -0.29, 0.05, -0.96
Gyro: -22.71, 2.78, -71.39
Accel: -0.28, 0.08, -0.91
Gyro: -20.93, 3.14, -64.96
Accel: -0.26, 0.06, -0.91
Gyro: -18.94, 2.78, -58.92
Accel: -0.27, 0.06, -0.94
Gyro: -16.91, 1.27, -53.81
Accel: -0.26, 0.06, -0.93
Gyro: -17.60, 2.01, -50.06
Accel: -0.25, 0.07, -0.92
Gyro: -13.85, -0.98, -44.04
Accel: -0.24, 0.09, -0.93
Gyro: -12.57, -1.34, -36.89
Accel: -0.24, 0.09, -0.92
Gyro: -9.70, -2.59, -28.40
Accel: -0.25, 0.11, -0.93
Gyro: -9.06, -4.04, -19.71
Accel: -0.24, 0.10, -0.95
Gyro: -8.44, -5.04, -9.48
Accel: -0.26, 0.08, -0.96
Gyro: -7.88, -2.52, -3.99
Accel: -0.25, 0.07, -0.92
Gyro: -3.90, -1.63, 0.44
Accel: -0.25, 0.08, -0.93
Gyro: -1.08, -3.42, 4.80
Accel: -0.26, 0.05, -0.95
Gyro: -0.62, -4.04, 8.59
Accel: -0.27, 0.04, -0.96
Gyro: -1.27, -0.94, 9.84
Accel: -0.26, 0.04, -0.93
Gyro: -1.07, -0.69, 10.38
Accel: -0.28, 0.05, -0.95
Gyro: -0.21, -0.87, 11.22
Accel: -0.26, 0.05, -0.94
Gyro: 1.55, 0.46, 12.34
Accel: -0.27, 0.02, -0.96
Gyro: 1.96, 1.63, 12.24
Accel: -0.25, 0.01, -0.93
Gyro: 1.25, 3.37, 10.31
Accel: -0.24, 0.01, -0.92
Gyro: 1.52, 1.43, 8.72
Accel: -0.25, -0.01, -0.94
Gyro: -2.94, 0.53, 4.04
Accel: -0.24, 0.01, -0.92
Gyro: -3.63, 0.61, 0.43
Accel: -0.24, 0.04, -0.93
Gyro: -1.72, -0.96, -0.58
Accel: -0.24, 0.04, -0.95
Gyro: -1.81, -1.47, 0.96
Accel: -0.25, 0.04, -0.95
Gyro: -2.85, 0.23, 1.82
Accel: -0.24, 0.05, -0.92
Gyro: -1.67, -0.92, 2.82
Accel: -0.24, 0.03, -0.93
Gyro: -1.89, -2.53, 3.36
Accel: -0.25, 0.03, -0.93
Gyro: -1.82, -3.20, 3.00
Accel: -0.26, 0.02, -0.94
Gyro: -2.63, -2.59, 2.16
Accel: -0.25, 0.03, -0.93
Gyro: -2.60, -2.98, 1.41
Accel: -0.25, 0.02, -0.95
Gyro: -2.35, -3.12, 0.18
Accel: -0.26, 0.03, -0.94
Gyro: -2.57, -2.74, -1.16
Accel: -0.26, 0.04, -0.94
Gyro: -3.79, -2.60, -1.42
Accel: -0.26, 0.03, -0.95
Gyro: -3.46, -1.47, -1.20
Accel: -0.25, 0.04, -0.94
Gyro: -3.06, -0.18, -1.38
Accel: -0.26, 0.05, -0.92
Gyro: -2.89, -0.95, -0.92
Accel: -0.26, 0.04, -0.93
Gyro: -2.32, -1.92, -0.76
Accel: -0.26, 0.04, -0.95
Gyro: -2.76, -0.53, -0.95
Accel: -0.25, 0.04, -0.93
Gyro: -2.62, -0.03, -0.81
Accel: -0.25, 0.05, -0.92
Gyro: -1.88, -1.11, -0.37
Accel: -0.25, 0.04, -0.94
Gyro: -1.45, -2.53, 0.31
Accel: -0.25, 0.04, -0.96
Gyro: -2.07, -1.04, 0.73
Accel: -0.25, 0.04, -0.93
Gyro: -1.71, -0.62, 1.03
Accel: -0.26, 0.03, -0.92
Gyro: -1.17, -1.64, 1.37
