Accel: -0.26, 0.04, -0.94
Gyro: -3.17, -1.72, 1.23
Accel: -0.27, 0.05, -0.94
Gyro: -2.51, -1.08, 0.58
Accel: -0.27, 0.04, -0.93
Gyro: -1.65, -1.05, -0.40
Accel: -0.26, 0.05, -0.94
Gyro: -1.92, -1.30, -0.41
Accel: -0.26, 0.05, -0.94
Gyro: -2.77, -0.02, -0.16
Accel: -0.26, 0.05, -0.94
Gyro: -1.56, -0.04, 0.14
Accel: -0.26, 0.05, -0.93
Gyro: -1.24, -0.58, 0.72
Accel: -0.26, 0.05, -0.94
Gyro: -0.63, -0.98, 0.98
Accel: -0.27, 0.04, -0.93
Gyro: -1.19, -0.69, 1.65
Accel: -0.26, 0.05, -0.94
Gyro: -2.14, -0.53, 1.71
Accel: -0.25, 0.05, -0.93
Gyro: -2.28, -1.14, 1.58
Accel: -0.25, 0.10, -0.92
Gyro: -1.37, -3.18, 3.15
Accel: -0.25, 0.22, -0.92
Gyro: 1.24, -4.68, 15.20
Accel: -0.27, 0.28, -0.93
Gyro: 5.94, -5.88, 40.23
Accel: -0.28, 0.33, -0.96
Gyro: 7.64, -5.56, 70.36
Accel: -0.31, 0.38, -0.93
Gyro: 8.70, -3.05, 107.90
Accel: -0.35, 0.35, -0.91
Gyro: 12.31, -4.65, 144.62
Accel: -0.39, 0.36, -0.92
Gyro: 21.77, -5.92, 173.07
Accel: -0.42, 0.26, -0.92
Gyro: 27.79, -3.34, 196.97
Accel: -0.41, 0.17, -0.85
Gyro: 35.66, -6.29, 202.77
Accel: -0.44, 0.18, -0.90
Gyro: 46.08, -7.90, 202.19
Accel: -0.45, 0.14, -0.96
Gyro: 51.26, -2.12, 201.85
Accel: -0.39, 0.02, -0.83
Gyro: 49.85, -0.80, 192.08
Accel: -0.38, 0.10, -0.91
Gyro: 52.06, -2.61, 180.06
Accel: -0.37, -0.02, -0.89
Gyro: 47.17, 1.15, 173.70
Accel: -0.34, -0.06, -0.87
Gyro: 43.07, 0.05, 157.92
Accel: -0.31, -0.15, -0.92
Gyro: 44.65, -2.27, 136.67
Accel: -0.32, -0.17, -1.03
Gyro: 37.48, 4.89, 110.17
Accel: -0.23, -0.20, -0.82
Gyro: 30.14, 6.11, 86.02
Accel: -0.24, -0.16, -0.96
Gyro: 20.74, -5.64, 58.59
Accel: -0.27, -0.17, -1.05
Gyro: 7.80, 4.49, 36.90
Accel: -0.21, -0.11, -0.96
Gyro: 3.96, 9.08, 16.39
Accel: -0.18, 0.06, -0.98
Gyro: -1.90, 10.88, 11.95
Accel: -0.10, -0.08, -0.81
Gyro: 9.00, 0.95, 13.42
Accel: -0.16, -0.08, -1.00
Gyro: -4.90, -4.14, -2.07
Accel: -0.16, 0.00, -0.98
Gyro: -1.39, 1.46, -1.84
Accel: -0.14, -0.10, -0.92
Gyro: -8.54, -3.19, -7.57
Accel: -0.19, 0.07, -1.00
Gyro: -2.37, -2.52, -15.37
Accel: -0.18, -0.08, -0.96
Gyro: -2.35, 5.18, -12.90
Accel: -0.16, 0.02, -0.89
Gyro: -11.78, -3.46, -19.73
Accel: -0.19, -0.11, -0.97
Gyro: 6.20, -4.03, -35.02
Accel: -0.17, -0.11, -0.95
Gyro: -17.10, -3.86, -46.91
Accel: -0.22, -0.11, -0.95
Gyro: 7.64, -10.91, -71.82
Accel: -0.26, -0.10, -1.05
Gyro: -6.93, 2.70, -84.00
Accel: -0.20, -0.16, -0.83
Gyro: -11.47, -1.43, -95.47
Accel: -0.26, -0.22, -0.97
Gyro: -12.56, -8.79, -120.85
Accel: -0.27, -0.07, -0.94
Gyro: -45.27, -2.48, -125.97
Accel: -0.22, -0.08, -0.79
Gyro: -41.04, -12.36, -135.05
Accel: -0.31, 0.01, -0.92
Gyro: -26.26, -24.77, -150.86
Accel: -0.36, 0.06, -1.06
Gyro: -30.35, -8.72, -145.31
Accel: -0.28, -0.02, -0.88
Gyro: -33.32, -3.11, -142.09
Accel: -0.28, -0.02, -0.81
Gyro: -34.84, -13.59, -149.09
Accel: -0.36, 0.17, -0.99
Gyro: -31.04, -17.39, -141.58
Accel: -0.33, 0.12, -0.99
Gyro: -31.75, -8.19, -123.28
Accel: -0.30, 0.05, -0.88
Gyro: -34.32, -7.66, -118.43
Accel: -0.31, 0.06, -0.90
Gyro: -34.14, -12.34, -117.04
Accel: -0.32, 0.07, -0.95
Gyro: -32.38, -11.89, -111.85
Accel: -0.32, 0.09, -0.95
Gyro: -29.97, -6.75, -107.04
Accel: -0.30, 0.10, -0.92
Gyro: -25.83, -4.45, -99.86
Accel: -0.33, 0.07, -0.98
Gyro: -26.68, -2.34, -94.38
Accel: -0.32, 0.11, -0.97
Gyro: -29.33, 3.99, -85.97
Accel: -0.29, 0.12, -0.92
Gyro: -23.54, 5.29, -75.60
Accel: -0.28, 0.12, -0.90
Gyro: -19.58, 1.77, -65.68
Accel: -0.29, 0.06, -0.95
Gyro: -19.70, 0.10, -58.07
Accel: -0.28, 0.09, -0.95
Gyro: -22.34, 2.74, -55.11
Accel: -0.26, 0.10, -0.89
Gyro: -17.11, 1.00, -47.68
Accel: -0.26, 0.08, -0.92
Gyro: -14.71, -1.59, -41.36
Accel: -0.27, 0.08, -0.93
Gyro: -16.13, -1.41, -37.00
Accel: -0.27, 0.10, -0.95
Gyro: -16.33, -1.82, -31.56
Accel: -0.26, 0.10, -0.95
Gyro: -15.03, -1.53, -25.64
Accel: -0.26, 0.13, -0.92
Gyro: -11.18, -1.58, -19.45
Accel: -0.24, 0.15, -0.88
Gyro: -7.00, -4.59, -4.92
Accel: -0.26, 0.09, -0.92
Gyro: -9.15, -10.57, 5.59
Accel: -0.30, 0.06, -0.96
Gyro: -14.43, -7.91, 6.92
Accel: -0.29, 0.08, -0.93
Gyro: -9.63, -5.39, 5.38
Accel: -0.29, 0.10, -0.92
Gyro: -4.01, -5.24, 5.80
Accel: -0.30, 0.09, -0.96
Gyro: -2.63, -3.42, 5.10
Accel: -0.30, 0.09, -0.93
Gyro: -0.10, -1.03, 4.07
Accel: -0.28, 0.09, -0.93
Gyro: 1.08, -1.05, 4.41
Accel: -0.29, 0.08, -0.94
Gyro: 1.45, -0.92, 6.85
Accel: -0.28, 0.07, -0.94
Gyro: 1.56, 0.63, 5.29
Accel: -0.28, 0.08, -0.91
Gyro: 2.77, 0.22, 4.69
Accel: -0.29, 0.07, -0.95
Gyro: 3.14, -0.78, 6.19
Accel: -0.29, 0.04, -0.95
Gyro: 2.04, 1.81, 6.56
Accel: -0.28, 0.05, -0.92
Gyro: 1.08, 2.40, 5.13
Accel: -0.27, 0.06, -0.92
Gyro: -0.09, 1.31, 4.04
Accel: -0.27, 0.06, -0.93
Gyro: 0.09, 0.52, 4.39
Accel: -0.27, 0.06, -0.93
Gyro: -0.08, 1.09, 2.94
Accel: -0.27, 0.05, -0.92
Gyro: 0.35, 0.72, 2.31
Accel: -0.26, 0.06, -0.94
Gyro: -0.79, -0.07, 2.91
Accel: -0.27, 0.05, -0.94
Gyro: -2.53, 0.27, 2.90
Accel: -0.27, 0.07, -0.92
Gyro: -2.18, 0.16, 2.10
Accel: -0.26, 0.07, -0.92
Gyro: -1.89, -0.89, 1.83
Accel: -0.27, 0.06, -0.94
Gyro: -1.82, -0.76, 1.63
Accel: -0.27, 0.06, -0.94
Gyro: -1.53, 0.44, -0.11
Accel: -0.27, 0.06, -0.91
Gyro: -0.32, -0.82, -0.08
Accel: -0.27, 0.06, -0.93
Gyro: -0.59, -2.08, 0.51
Accel: -0.27, 0.05, -0.95
Gyro: -2.20, -0.47, 0.74
Accel: -0.27, 0.06, -0.92
Gyro: -2.23, 0.19, 0.44
Accel: -0.27, 0.05, -0.92
Gyro: -1.36, -0.92, 0.98
Accel: -0.27, 0.05, -0.93
Gyro: -2.40, -0.89, -0.74
