Accel: -0.30, 0.06, -0.92
Gyro: -1.55, 0.00, 0.43
Accel: -0.30, 0.06, -0.92
Gyro: -1.27, -0.92, 0.60
Accel: -0.30, 0.05, -0.93
Gyro: -2.42, 0.21, 0.72
Accel: -0.29, 0.06, -0.93
Gyro: -1.90, 0.86, 1.01
Accel: -0.28, 0.06, -0.92
Gyro: -0.84, -0.01, 1.57
Accel: -0.28, 0.05, -0.92
Gyro: -0.09, -1.35, 1.79
Accel: -0.29, 0.05, -0.93
Gyro: -0.64, -0.85, 1.59
Accel: -0.29, 0.07, -0.92
Gyro: -0.63, -0.97, 2.43
Accel: -0.28, 0.12, -0.93
Gyro: 0.73, -1.43, 7.81
Accel: -0.28, 0.11, -0.92
Gyro: 2.57, -1.99, 14.15
Accel: -0.29, 0.20, -0.93
Gyro: 4.79, -3.09, 22.20
Accel: -0.30, 0.29, -0.92
Gyro: 7.52, -3.07, 48.71
Accel: -0.29, 0.34, -0.89
Gyro: 6.52, -6.17, 81.21
Accel: -0.32, 0.40, -0.86
Gyro: 10.87, -11.87, 116.07
Accel: -0.38, 0.37, -0.91
Gyro: 17.00, -14.07, 151.76
Accel: -0.42, 0.34, -0.91
Gyro: 22.32, -13.99, 178.09
Accel: -0.49, 0.35, -0.93
Gyro: 28.95, -11.70, 201.63
Accel: -0.51, 0.25, -0.90
Gyro: 37.61, -9.09, 217.75
Accel: -0.51, 0.12, -0.94
Gyro: 38.90, -4.04, 216.15
Accel: -0.48, 0.03, -0.92
Gyro: 40.32, 1.91, 201.53
Accel: -0.42, 0.06, -0.87
Gyro: 38.50, 3.86, 181.88
Accel: -0.35, 0.00, -0.87
Gyro: 40.50, 1.52, 165.92
Accel: -0.30, 0.02, -0.85
Gyro: 32.20, -3.03, 147.53
Accel: -0.29, 0.03, -0.86
Gyro: 28.82, -7.99, 135.66
Accel: -0.28, -0.04, -0.93
Gyro: 31.81, -11.29, 115.07
Accel: -0.26, -0.03, -0.88
Gyro: 24.41, -10.91, 92.52
Accel: -0.28, -0.00, -0.98
Gyro: 25.60, -8.61, 74.04
Accel: -0.24, -0.08, -0.87
Gyro: 21.90, -12.67, 55.55
Accel: -0.32, -0.04, -1.09
Gyro: 9.54, -5.99, 33.49
Accel: -0.24, -0.06, -0.92
Gyro: 3.87, -0.46, 18.99
Accel: -0.23, 0.01, -0.95
Gyro: 3.35, -2.09, 2.74
Accel: -0.23, 0.00, -0.96
Gyro: -3.37, 3.23, -3.39
Accel: -0.18, 0.04, -0.86
Gyro: -7.56, -1.34, -9.47
Accel: -0.21, -0.00, -0.97
Gyro: 2.82, -4.88, -22.22
Accel: -0.22, -0.01, -0.92
Gyro: -2.75, -2.91, -38.48
Accel: -0.26, -0.06, -0.94
Gyro: 5.84, -5.16, -58.79
Accel: -0.31, -0.07, -1.01
Gyro: -5.26, 2.67, -73.65
Accel: -0.28, -0.10, -0.88
Gyro: -7.39, 3.17, -89.98
Accel: -0.29, -0.18, -0.94
Gyro: 0.05, -1.61, -118.51
Accel: -0.33, -0.14, -0.94
Gyro: -14.47, 2.89, -144.35
Accel: -0.33, -0.18, -0.88
Gyro: -15.10, -1.80, -169.08
Accel: -0.39, -0.14, -0.89
Gyro: -23.92, -9.19, -194.84
Accel: -0.47, -0.02, -1.01
Gyro: -36.25, -4.37, -204.10
Accel: -0.43, 0.06, -0.93
Gyro: -42.54, 5.77, -195.47
Accel: -0.39, 0.06, -0.83
Gyro: -41.81, 2.05, -191.45
Accel: -0.40, 0.10, -0.94
Gyro: -36.25, -4.72, -185.07
Accel: -0.36, 0.15, -0.91
Gyro: -48.58, -4.78, -169.22
Accel: -0.35, 0.14, -0.89
Gyro: -44.36, -5.15, -149.89
Accel: -0.34, 0.18, -0.89
Gyro: -45.36, -6.50, -135.60
Accel: -0.32, 0.20, -0.89
Gyro: -39.67, -6.75, -115.20
Accel: -0.32, 0.21, -0.94
Gyro: -35.20, -8.66, -96.89
Accel: -0.30, 0.20, -0.95
Gyro: -31.74, -5.66, -78.51
Accel: -0.30, 0.20, -0.95
Gyro: -29.56, -3.23, -62.86
Accel: -0.29, 0.19, -0.95
Gyro: -24.44, -1.27, -47.47
Accel: -0.28, 0.20, -0.93
Gyro: -18.32, -0.79, -34.68
Accel: -0.27, 0.19, -0.92
Gyro: -11.74, -1.24, -23.12
Accel: -0.27, 0.17, -0.92
Gyro: -6.21, -3.29, -12.92
Accel: -0.27, 0.15, -0.92
Gyro: -0.08, -4.43, -5.58
Accel: -0.28, 0.10, -0.95
Gyro: 2.37, -3.33, 0.60
Accel: -0.29, 0.07, -0.94
Gyro: 1.05, -0.91, 2.69
Accel: -0.29, 0.04, -0.92
Gyro: 0.12, -0.42, 2.77
Accel: -0.29, 0.05, -0.94
Gyro: -0.97, -0.66, 2.67
Accel: -0.28, 0.04, -0.95
Gyro: -2.36, 0.05, 3.59
Accel: -0.28, 0.05, -0.93
Gyro: -3.02, -0.05, 3.86
Accel: -0.28, 0.06, -0.92
Gyro: -3.20, -0.43, 4.55
Accel: -0.27, 0.06, -0.93
Gyro: -2.53, -0.75, 4.73
Accel: -0.27, 0.05, -0.93
Gyro: -1.00, -1.71, 4.90
Accel: -0.28, 0.05, -0.94
Gyro: -1.08, -1.85, 4.55
Accel: -0.28, 0.05, -0.93
Gyro: -1.43, -1.57, 3.97
Accel: -0.28, 0.04, -0.93
Gyro: -1.27, -1.59, 3.40
Accel: -0.28, 0.03, -0.93
Gyro: -1.99, -2.01, 1.82
Accel: -0.28, 0.04, -0.92
Gyro: -1.82, -3.15, 0.77
Accel: -0.28, 0.05, -0.93
Gyro: -2.78, -2.74, -0.31
Accel: -0.27, 0.06, -0.94
Gyro: -2.99, -1.71, 0.11
Accel: -0.28, 0.07, -0.93
Gyro: -1.89, -1.69, 0.93
Accel: -0.28, 0.06, -0.92
Gyro: -1.11, -2.22, 2.27
Accel: -0.28, 0.06, -0.93
Gyro: -1.81, -1.21, 2.68
Accel: -0.28, 0.05, -0.93
Gyro: -2.15, -0.21, 2.33
Accel: -0.28, 0.06, -0.91
Gyro: -1.43, -1.04, 2.63
Accel: -0.28, 0.05, -0.94
Gyro: -1.47, -1.71, 2.25
Accel: -0.28, 0.04, -0.95
Gyro: -2.47, -0.14, 1.44
Accel: -0.27, 0.04, -0.91
Gyro: -2.07, 0.47, 0.14
Accel: -0.28, 0.05, -0.92
Gyro: -1.66, -1.52, -0.42
Accel: -0.28, 0.06, -0.94
Gyro: -1.61, -1.95, -0.58
Accel: -0.28, 0.06, -0.92
Gyro: -0.77, -1.08, -0.50
Accel: -0.27, 0.06, -0.91
Gyro: -0.99, -1.85, -0.42
Accel: -0.28, 0.06, -0.92
Gyro: -0.66, -3.69, 0.36
Accel: -0.29, 0.05, -0.94
Gyro: -1.42, -3.51, 1.05
Accel: -0.29, 0.04, -0.93
Gyro: -2.94, -2.20, 0.31
Accel: -0.29, 0.05, -0.92
Gyro: -1.82, -1.94, -0.09
Accel: -0.28, 0.05, -0.93
Gyro: -1.47, -2.93, 0.00
Accel: -0.30, 0.05, -0.94
Gyro: -2.65, -2.41, -0.74
Accel: -0.30, 0.06, -0.93
Gyro: -2.07, -1.69, -0.46
Accel: -0.30, 0.06, -0.93
Gyro: -1.71, -0.98, -0.19
Accel: -0.30, 0.06, -0.94
Gyro: -2.78, -0.40, -0.45
Accel: -0.29, 0.06, -0.94
Gyro: -2.62, 0.08, -1.10
Accel: -0.29, 0.06, -0.92
Gyro: -1.88, -0.02, -1.53
Accel: -0.29, 0.06, -0.93
Gyro: -0.93, -0.51, -1.02
Accel: -0.29, 0.05, -0.92
Gyro: -0.95, -0.31, -0.77
Accel: -0.29, 0.04, -0.93
Gyro: -1.53, -0.82, -0.43
Accel: -0.29, 0.05, -0.92
Gyro: -2.10, -0.41, -0.34
