Accel: -0.34, 0.07, -0.91
Gyro: -1.72, -1.57, -2.12
Accel: -0.34, 0.07, -0.91
Gyro: -0.87, -1.30, -1.72
Accel: -0.34, 0.06, -0.91
Gyro: -1.02, -1.39, -1.72
Accel: -0.34, 0.06, -0.91
Gyro: -2.09, -0.24, -1.43
Accel: -0.34, 0.06, -0.91
Gyro: -1.74, -0.18, -1.79
Accel: -0.34, 0.07, -0.90
Gyro: -1.90, -0.65, -1.90
Accel: -0.35, 0.06, -0.91
Gyro: -1.91, -0.79, -1.57
Accel: -0.34, 0.06, -0.91
Gyro: -1.98, -1.15, -1.21
Accel: -0.34, 0.07, -0.91
Gyro: -2.33, -0.98, -1.26
Accel: -0.34, 0.05, -0.90
Gyro: -2.04, -1.90, -1.66
Accel: -0.35, 0.06, -0.92
Gyro: -2.82, -1.33, -2.10
Accel: -0.35, 0.06, -0.91
Gyro: -3.45, -0.54, -2.12
Accel: -0.34, 0.06, -0.91
Gyro: -3.27, -0.29, -2.36
Accel: -0.35, 0.06, -0.89
Gyro: -2.77, -1.12, -3.49
Accel: -0.35, 0.07, -0.89
Gyro: -3.02, -1.64, -4.39
Accel: -0.35, 0.27, -0.91
Gyro: -1.26, -2.01, 4.55
Accel: -0.36, 0.37, -0.89
Gyro: 6.61, -2.86, 34.32
Accel: -0.35, 0.35, -0.86
Gyro: 18.45, -6.26, 64.93
Accel: -0.38, 0.46, -0.90
Gyro: 23.99, -8.58, 98.59
Accel: -0.45, 0.49, -0.89
Gyro: 23.47, -4.84, 154.98
Accel: -0.48, 0.40, -0.84
Gyro: 28.98, -9.25, 188.96
Accel: -0.57, 0.44, -0.86
Gyro: 44.06, -10.89, 220.00
Accel: -0.58, 0.26, -0.89
Gyro: 53.06, -5.77, 239.01
Accel: -0.58, 0.15, -0.84
Gyro: 63.32, -4.43, 238.48
Accel: -0.57, 0.07, -0.84
Gyro: 67.64, -2.96, 227.82
Accel: -0.52, -0.04, -0.85
Gyro: 63.05, -0.30, 211.28
Accel: -0.46, -0.07, -0.90
Gyro: 50.58, 1.79, 186.64
Accel: -0.39, -0.16, -0.86
Gyro: 36.67, 2.53, 159.18
Accel: -0.35, -0.13, -0.95
Gyro: 29.71, 3.81, 128.11
Accel: -0.28, -0.15, -0.87
Gyro: 13.28, 3.64, 100.51
Accel: -0.23, -0.02, -0.89
Gyro: 14.38, -6.22, 72.11
Accel: -0.29, 0.01, -1.08
Gyro: 15.95, -0.53, 50.90
Accel: -0.22, -0.05, -0.89
Gyro: 6.16, 5.71, 34.13
Accel: -0.21, -0.02, -0.94
Gyro: 3.33, -0.34, 13.89
Accel: -0.23, 0.05, -0.98
Gyro: -3.65, 3.81, 4.23
Accel: -0.18, 0.07, -0.85
Gyro: -11.26, 1.54, -1.42
Accel: -0.21, 0.16, -0.95
Gyro: 0.35, -2.99, -4.46
Accel: -0.21, 0.02, -0.93
Gyro: -5.58, -1.49, -7.71
Accel: -0.23, 0.10, -0.89
Gyro: 2.57, -7.31, -24.99
Accel: -0.28, 0.07, -1.02
Gyro: 4.59, -0.05, -30.56
Accel: -0.23, -0.01, -0.88
Gyro: 4.83, -2.02, -40.50
Accel: -0.30, -0.02, -1.09
Gyro: 4.44, 3.22, -56.33
Accel: -0.24, 0.03, -0.88
Gyro: -18.95, 11.31, -55.65
Accel: -0.22, -0.14, -0.78
Gyro: -3.36, -3.35, -77.25
Accel: -0.30, -0.12, -1.00
Gyro: -4.56, -6.19, -113.53
Accel: -0.30, 0.04, -0.88
Gyro: -15.93, -1.91, -125.82
Accel: -0.30, -0.12, -0.82
Gyro: -8.96, -14.43, -142.02
Accel: -0.38, -0.09, -0.90
Gyro: -20.07, -22.22, -166.59
Accel: -0.42, 0.05, -0.95
Gyro: -33.24, -18.26, -165.82
Accel: -0.43, 0.03, -0.83
Gyro: -22.92, -18.25, -164.85
Accel: -0.44, 0.13, -1.02
Gyro: -41.72, -10.84, -157.34
Accel: -0.40, 0.08, -0.93
Gyro: -47.67, -5.81, -145.48
Accel: -0.37, 0.13, -0.88
Gyro: -41.96, -6.12, -136.71
Accel: -0.41, 0.18, -0.88
Gyro: -34.87, -6.78, -123.56
Accel: -0.38, 0.12, -0.92
Gyro: -26.08, -4.97, -108.99
Accel: -0.38, 0.08, -0.93
Gyro: -27.48, -4.57, -102.82
Accel: -0.39, 0.10, -0.92
Gyro: -28.18, -2.75, -94.26
Accel: -0.37, 0.11, -0.93
Gyro: -27.89, 0.62, -86.57
Accel: -0.36, 0.11, -0.91
Gyro: -23.06, 2.77, -75.95
Accel: -0.33, 0.10, -0.89
Gyro: -19.95, 1.82, -65.88
Accel: -0.34, 0.07, -0.91
Gyro: -20.68, 1.28, -56.47
Accel: -0.34, 0.07, -0.91
Gyro: -22.61, 2.07, -50.11
Accel: -0.31, 0.09, -0.88
Gyro: -21.62, 0.41, -42.01
Accel: -0.32, 0.08, -0.91
Gyro: -18.22, -2.75, -35.05
Accel: -0.33, 0.06, -0.94
Gyro: -17.20, -1.09, -30.01
Accel: -0.32, 0.07, -0.90
Gyro: -15.01, -0.56, -27.37
Accel: -0.33, 0.08, -0.89
Gyro: -11.46, -3.59, -22.45
Accel: -0.34, 0.07, -0.92
Gyro: -11.56, -3.64, -16.78
Accel: -0.34, 0.07, -0.92
Gyro: -11.08, -2.77, -11.97
Accel: -0.33, 0.08, -0.90
Gyro: -10.08, -2.55, -7.04
Accel: -0.34, 0.08, -0.92
Gyro: -9.48, -2.75, -2.67
Accel: -0.34, 0.07, -0.92
Gyro: -8.13, -1.63, 0.34
Accel: -0.34, 0.07, -0.92
Gyro: -6.32, -0.13, 1.69
Accel: -0.32, 0.07, -0.90
Gyro: -4.09, -1.11, 2.65
Accel: -0.33, 0.06, -0.91
Gyro: -3.32, -1.62, 3.12
Accel: -0.33, 0.06, -0.92
Gyro: -2.20, -1.46, 3.10
Accel: -0.33, 0.06, -0.91
Gyro: -2.04, -1.35, 3.11
Accel: -0.33, 0.06, -0.93
Gyro: -1.71, -1.79, 3.66
Accel: -0.33, 0.06, -0.93
Gyro: -1.77, 0.35, 3.63
Accel: -0.34, 0.05, -0.91
Gyro: -0.18, 0.63, 3.67
Accel: -0.33, 0.04, -0.90
Gyro: -0.60, -0.59, 3.30
Accel: -0.34, 0.04, -0.92
Gyro: -1.27, -0.64, 2.77
Accel: -0.33, 0.04, -0.91
Gyro: -2.14, -0.16, 1.66
Accel: -0.33, 0.06, -0.92
Gyro: -2.69, -0.64, 1.44
Accel: -0.33, 0.05, -0.91
Gyro: -2.14, -1.07, 0.82
Accel: -0.33, 0.04, -0.91
Gyro: -3.01, -0.98, 0.13
Accel: -0.33, 0.06, -0.91
Gyro: -3.27, -1.26, -0.34
Accel: -0.34, 0.05, -0.92
Gyro: -2.44, -0.11, -0.40
Accel: -0.33, 0.05, -0.91
Gyro: -2.26, 0.14, -0.74
Accel: -0.32, 0.06, -0.91
Gyro: -3.39, -0.61, -0.62
Accel: -0.32, 0.06, -0.92
Gyro: -2.85, -0.43, -0.47
Accel: -0.32, 0.06, -0.91
Gyro: -2.05, -0.70, -0.20
Accel: -0.32, 0.07, -0.92
Gyro: -1.78, -1.39, 0.63
Accel: -0.33, 0.06, -0.92
Gyro: -1.37, -1.36, 1.63
Accel: -0.34, 0.05, -0.92
Gyro: -1.53, -0.79, 0.92
Accel: -0.33, 0.05, -0.90
Gyro: -2.07, -0.69, -0.05
Accel: -0.33, 0.05, -0.91
Gyro: -2.27, -1.26, -0.84
Accel: -0.33, 0.05, -0.92
Gyro: -2.81, -0.71, -1.28
Accel: -0.32, 0.06, -0.91
Gyro: -2.45, -0.85, -1.66
Accel: -0.32, 0.06, -0.91
Gyro: -2.20, -0.77, -1.35
Accel: -0.32, 0.06, -0.91
Gyro: -2.17, -0.87, -1.19
