Accel: -0.26, 0.05, -0.93
Gyro: -1.53, -0.46, -0.61
Accel: -0.25, 0.04, -0.94
Gyro: -1.68, -0.16, -0.50
Accel: -0.26, 0.04, -0.93
Gyro: -1.72, 0.08, -0.33
Accel: -0.26, 0.03, -0.93
Gyro: -1.28, 0.37, 0.06
Accel: -0.25, 0.03, -0.94
Gyro: -1.54, 0.43, -0.02
Accel: -0.26, 0.04, -0.93
Gyro: -1.69, -0.11, -0.04
Accel: -0.25, 0.04, -0.92
Gyro: -1.82, -1.27, 0.23
Accel: -0.25, 0.03, -0.94
Gyro: -2.00, -1.97, -0.05
Accel: -0.26, 0.04, -0.95
Gyro: -2.63, -0.61, -0.43
Accel: -0.26, 0.06, -0.94
Gyro: -1.43, -0.96, 0.54
Accel: -0.25, 0.10, -0.92
Gyro: -0.76, -2.58, 5.80
Accel: -0.26, 0.19, -0.92
Gyro: 0.64, -4.50, 18.68
Accel: -0.29, 0.32, -0.94
Gyro: 2.61, -6.60, 49.60
Accel: -0.32, 0.38, -0.94
Gyro: -1.80, -5.71, 96.06
Accel: -0.34, 0.35, -0.89
Gyro: -3.38, -9.20, 135.03
Accel: -0.41, 0.41, -0.95
Gyro: 6.30, -11.03, 169.46
Accel: -0.44, 0.35, -0.96
Gyro: 13.98, -6.24, 195.19
Accel: -0.46, 0.29, -0.97
Gyro: 23.72, 0.97, 212.95
Accel: -0.45, 0.28, -0.88
Gyro: 38.25, 2.65, 222.60
Accel: -0.43, 0.11, -0.87
Gyro: 52.13, 3.11, 223.02
Accel: -0.39, -0.06, -0.89
Gyro: 48.87, 2.18, 205.04
Accel: -0.34, -0.07, -0.89
Gyro: 32.32, 3.14, 181.41
Accel: -0.27, -0.14, -0.86
Gyro: 31.37, -2.38, 154.51
Accel: -0.24, -0.15, -0.94
Gyro: 25.83, -5.71, 119.31
Accel: -0.21, -0.18, -0.94
Gyro: 24.11, -5.07, 84.42
Accel: -0.18, -0.16, -0.93
Gyro: 15.47, -5.33, 51.97
Accel: -0.19, -0.11, -0.98
Gyro: 14.66, -4.90, 24.54
Accel: -0.19, -0.09, -0.98
Gyro: 10.39, -3.30, 2.49
Accel: -0.18, -0.05, -0.95
Gyro: 2.39, -2.06, -14.27
Accel: -0.18, -0.03, -0.94
Gyro: 0.35, -2.60, -25.45
Accel: -0.19, -0.06, -0.98
Gyro: -1.50, -0.92, -39.42
Accel: -0.19, -0.03, -0.95
Gyro: -6.13, 0.86, -51.35
Accel: -0.21, -0.08, -0.95
Gyro: -6.91, 0.41, -62.93
Accel: -0.20, -0.11, -0.92
Gyro: -12.80, -0.63, -80.52
Accel: -0.23, -0.05, -0.97
Gyro: -13.36, -2.43, -98.50
Accel: -0.23, -0.05, -0.94
Gyro: -15.34, -0.77, -111.17
Accel: -0.24, -0.09, -0.90
Gyro: -18.58, -3.59, -127.08
Accel: -0.28, -0.01, -0.96
Gyro: -24.68, -6.59, -139.21
Accel: -0.28, 0.07, -0.93
Gyro: -27.70, -5.58, -140.03
Accel: -0.28, 0.06, -0.91
Gyro: -28.50, -5.65, -140.92
Accel: -0.30, 0.11, -0.97
Gyro: -25.63, -5.62, -139.79
Accel: -0.30, 0.12, -0.94
Gyro: -28.59, -1.17, -129.00
Accel: -0.28, 0.15, -0.89
Gyro: -23.77, -3.95, -120.77
Accel: -0.28, 0.18, -0.95
Gyro: -24.11, -4.61, -109.57
Accel: -0.28, 0.16, -0.93
Gyro: -21.80, -3.00, -97.09
Accel: -0.24, 0.13, -0.90
Gyro: -16.53, -6.18, -88.42
Accel: -0.28, 0.10, -0.96
Gyro: -12.88, -6.39, -80.14
Accel: -0.27, 0.11, -0.95
Gyro: -14.03, -4.34, -73.88
Accel: -0.27, 0.10, -0.95
Gyro: -12.60, -4.29, -65.90
Accel: -0.26, 0.09, -0.94
Gyro: -13.44, -3.20, -58.77
Accel: -0.27, 0.08, -0.94
Gyro: -14.16, -2.29, -51.81
Accel: -0.27, 0.08, -0.94
Gyro: -14.41, -1.69, -45.43
Accel: -0.27, 0.08, -0.94
Gyro: -14.21, -1.15, -39.48
Accel: -0.27, 0.08, -0.94
Gyro: -14.89, -0.86, -33.97
Accel: -0.28, 0.09, -0.94
Gyro: -14.23, -0.99, -29.10
Accel: -0.27, 0.09, -0.93
Gyro: -11.39, -0.50, -24.57
Accel: -0.27, 0.09, -0.94
Gyro: -9.83, -0.90, -19.39
Accel: -0.26, 0.09, -0.93
Gyro: -9.87, -0.52, -15.16
Accel: -0.26, 0.10, -0.95
Gyro: -8.74, -0.18, -10.54
Accel: -0.27, 0.09, -0.93
Gyro: -7.19, -0.08, -5.68
Accel: -0.27, 0.09, -0.93
Gyro: -4.97, -0.79, -2.21
Accel: -0.27, 0.09, -0.94
Gyro: -4.40, -0.33, 0.29
Accel: -0.26, 0.08, -0.94
Gyro: -2.62, -0.02, 1.53
Accel: -0.26, 0.07, -0.93
Gyro: -0.62, -0.56, 2.43
Accel: -0.26, 0.06, -0.93
Gyro: 0.31, -1.75, 3.09
Accel: -0.26, 0.06, -0.94
Gyro: 0.80, -1.62, 3.18
Accel: -0.26, 0.05, -0.94
Gyro: 0.37, -1.83, 3.30
Accel: -0.26, 0.05, -0.93
Gyro: 0.34, -2.24, 3.06
Accel: -0.26, 0.04, -0.93
Gyro: 0.56, -2.89, 3.28
Accel: -0.26, 0.04, -0.94
Gyro: -1.24, -2.29, 2.66
Accel: -0.26, 0.04, -0.93
Gyro: -1.05, -1.46, 2.17
Accel: -0.27, 0.04, -0.93
Gyro: -0.86, -0.59, 1.44
Accel: -0.26, 0.05, -0.94
Gyro: -1.90, -0.21, 0.70
Accel: -0.26, 0.05, -0.94
Gyro: -1.98, -0.27, 0.50
Accel: -0.25, 0.06, -0.94
Gyro: -1.43, -0.54, 0.63
Accel: -0.26, 0.05, -0.93
Gyro: -1.45, -0.63, 0.50
Accel: -0.26, 0.05, -0.93
Gyro: -1.27, -0.89, 0.26
Accel: -0.25, 0.04, -0.93
Gyro: -1.69, -1.50, 0.14
Accel: -0.25, 0.04, -0.93
Gyro: -2.58, -1.63, -0.11
Accel: -0.26, 0.05, -0.93
Gyro: -1.84, -1.95, -0.72
Accel: -0.26, 0.05, -0.93
Gyro: -2.17, -2.15, -0.81
Accel: -0.26, 0.05, -0.93
Gyro: -2.44, -2.04, -1.16
Accel: -0.27, 0.05, -0.93
Gyro: -2.17, -1.52, -1.10
Accel: -0.27, 0.06, -0.93
Gyro: -1.95, -1.53, -0.87
Accel: -0.27, 0.05, -0.93
Gyro: -1.50, -1.48, -0.40
Accel: -0.26, 0.05, -0.93
Gyro: -1.44, -1.50, -0.05
Accel: -0.26, 0.05, -0.94
Gyro: -2.09, -1.02, 0.27
Accel: -0.26, 0.05, -0.94
Gyro: -1.72, -1.65, 0.27
Accel: -0.27, 0.05, -0.93
Gyro: -1.89, -1.41, -0.16
Accel: -0.26, 0.05, -0.93
Gyro: -1.17, -2.05, -0.35
Accel: -0.27, 0.05, -0.93
Gyro: -1.46, -2.02, -0.36
Accel: -0.27, 0.05, -0.93
Gyro: -1.62, -2.36, -0.01
Accel: -0.28, 0.05, -0.92
Gyro: -1.98, -2.48, -0.26
Accel: -0.27, 0.05, -0.93
Gyro: -2.02, -2.84, -0.55
Accel: -0.27, 0.05, -0.93
Gyro: -1.87, -1.78, -0.89
Accel: -0.28, 0.05, -0.93
Gyro: -2.40, -1.36, -0.94
Accel: -0.27, 0.06, -0.94
Gyro: -2.08, -1.17, -1.29
Accel: -0.28, 0.05, -0.93
Gyro: -1.79, -0.56, -0.82
Accel: -0.27, 0.06, -0.93
Gyro: -2.03, -0.70, -0.65
Accel: -0.27, 0.06, -0.93
Gyro: -1.79, -0.69, -0.20
Accel: -0.26, 0.05, -0.93
Gyro: -1.17, -0.89, -0.56
