Accel: -0.38, -0.03, -0.90
Gyro: 6.74, 16.11, 16.06
Accel: -0.37, -0.02, -0.90
Gyro: 7.28, 15.82, 13.43
Accel: -0.36, -0.03, -0.88
Gyro: 9.32, 14.73, 11.28
Accel: -0.35, -0.04, -0.91
Gyro: 8.58, 14.04, 8.77
Accel: -0.35, -0.03, -0.91
Gyro: 8.48, 14.15, 7.31
Accel: -0.35, -0.04, -0.91
Gyro: 9.11, 13.59, 5.78
Accel: -0.34, -0.06, -0.93
Gyro: 8.10, 14.78, 2.75
Accel: -0.32, -0.05, -0.93
Gyro: 9.64, 15.43, 1.27
Accel: -0.31, -0.06, -0.92
Gyro: 8.59, 16.55, 0.27
Accel: -0.31, -0.06, -0.93
Gyro: 8.11, 15.65, 0.16
Accel: -0.30, -0.04, -0.94
Gyro: 6.03, 16.47, 0.26
Accel: -0.28, -0.04, -0.95
Gyro: 9.03, 17.94, 1.38
Accel: -0.27, -0.06, -0.93
Gyro: 11.12, 19.26, 2.79
Accel: -0.25, -0.07, -0.90
Gyro: 10.89, 17.90, 2.61
Accel: -0.24, -0.07, -0.93
Gyro: 9.47, 16.83, 2.16
Accel: -0.23, -0.07, -0.91
Gyro: 10.26, 14.05, 1.97
Accel: -0.23, -0.08, -0.92
Gyro: 13.76, 12.19, 2.37
Accel: -0.23, -0.09, -0.92
Gyro: 16.08, 9.93, 2.80
Accel: -0.24, -0.12, -0.91
Gyro: 16.19, 8.57, 3.08
Accel: -0.24, -0.14, -0.92
Gyro: 15.40, 7.92, 2.88
Accel: -0.24, -0.17, -0.92
Gyro: 15.95, 6.54, 1.87
Accel: -0.25, -0.17, -0.96
Gyro: 11.65, 7.49, -0.43
Accel: -0.24, -0.16, -0.94
Gyro: 11.76, 9.08, -1.01
Accel: -0.25, -0.18, -0.95
Gyro: 9.46, 10.75, -1.66
Accel: -0.25, -0.18, -0.97
Gyro: 7.41, 13.28, -1.56
Accel: -0.24, -0.18, -0.98
Gyro: 4.93, 16.17, -2.24
Accel: -0.21, -0.17, -0.96
Gyro: 2.33, 18.88, -2.07
Accel: -0.18, -0.16, -0.96
Gyro: -1.56, 19.95, -1.99
Accel: -0.16, -0.13, -0.97
Gyro: -1.55, 21.30, 0.56
Accel: -0.15, -0.14, -0.94
Gyro: -1.33, 21.90, 3.29
Accel: -0.13, -0.15, -0.94
Gyro: -0.68, 20.61, 5.43
Accel: -0.11, -0.16, -0.95
Gyro: -0.89, 20.03, 6.12
Accel: -0.09, -0.20, -0.94
Gyro: -0.55, 19.26, 4.55
Accel: -0.10, -0.21, -0.93
Gyro: -1.54, 16.30, -1.37
Accel: -0.09, -0.18, -0.92
Gyro: -0.89, 13.97, -5.21
Accel: -0.09, -0.15, -0.92
Gyro: 0.50, 10.44, -5.42
Accel: -0.08, -0.15, -0.93
Gyro: -0.40, 7.47, -2.83
Accel: -0.07, -0.17, -0.94
Gyro: -1.30, 6.30, -0.07
Accel: -0.07, -0.18, -0.94
Gyro: -3.97, 4.59, 0.35
Accel: -0.07, -0.17, -0.95
Gyro: -4.04, 4.39, 1.08
Accel: -0.06, -0.17, -0.96
Gyro: -3.39, 3.11, 1.53
Accel: -0.07, -0.18, -0.92
Gyro: -2.36, -0.92, 0.54
Accel: -0.07, -0.19, -0.94
Gyro: -2.64, -5.29, -1.80
Accel: -0.09, -0.19, -0.98
Gyro: -3.00, -7.58, -3.65
Accel: -0.11, -0.17, -0.99
Gyro: -4.05, -5.30, -3.35
Accel: -0.11, -0.15, -0.99
Gyro: -5.17, -2.14, -1.83
Accel: -0.10, -0.14, -0.97
Gyro: -5.10, -0.24, 0.09
Accel: -0.09, -0.15, -0.94
Gyro: -4.84, 0.26, 0.43
Accel: -0.09, -0.15, -0.95
Gyro: -4.74, -0.23, -0.72
Accel: -0.09, -0.14, -0.94
Gyro: -3.55, -1.04, -2.08
Accel: -0.09, -0.14, -0.95
Gyro: -1.85, -1.19, -1.88
Accel: -0.08, -0.15, -0.95
Gyro: -2.23, -1.20, -1.37
Accel: -0.09, -0.14, -0.95
Gyro: -2.43, -1.93, -0.85
Accel: -0.10, -0.16, -0.96
Gyro: -1.93, -3.31, 0.29
Accel: -0.11, -0.15, -0.97
Gyro: -2.74, -3.34, -0.56
Accel: -0.11, -0.16, -0.98
Gyro: -2.36, -1.91, -1.09
Accel: -0.11, -0.16, -0.96
Gyro: -2.05, -0.73, -1.91
Accel: -0.11, -0.15, -0.97
Gyro: -2.22, 0.11, -2.63
Accel: -0.10, -0.15, -0.97
Gyro: -1.80, 0.41, -2.30
Accel: -0.09, -0.15, -0.98
Gyro: -0.94, 1.00, -1.26
Accel: -0.08, -0.15, -0.97
Gyro: -1.17, 1.59, -1.30
Accel: -0.08, -0.14, -0.97
Gyro: 0.52, 2.29, -0.63
Accel: -0.07, -0.16, -0.95
Gyro: 1.32, 0.24, -0.54
Accel: -0.07, -0.15, -0.95
Gyro: 1.21, -0.73, -0.88
Accel: -0.08, -0.15, -0.94
Gyro: 1.69, -1.97, -0.43
Accel: -0.07, -0.16, -0.93
Gyro: 1.73, -3.79, 0.86
Accel: -0.10, -0.18, -0.94
Gyro: 0.98, -4.68, 1.71
Accel: -0.10, -0.18, -0.95
Gyro: -0.10, -5.10, 1.88
Accel: -0.11, -0.19, -0.97
Gyro: -1.34, -4.00, 1.66
Accel: -0.11, -0.20, -0.95
Gyro: -2.64, -3.31, 0.75
Accel: -0.11, -0.19, -0.96
Gyro: -3.72, -2.82, -1.09
Accel: -0.12, -0.19, -0.96
Gyro: -3.68, -3.46, -3.02
Accel: -0.12, -0.17, -0.95
Gyro: -4.46, -2.98, -4.85
Accel: -0.12, -0.17, -0.97
Gyro: -4.50, -2.38, -5.48
Accel: -0.11, -0.15, -0.96
Gyro: -5.32, -1.68, -5.00
Accel: -0.12, -0.14, -0.98
Gyro: -4.96, -0.61, -4.07
Accel: -0.11, -0.14, -0.96
Gyro: -3.30, -0.36, -1.66
Accel: -0.11, -0.15, -0.96
Gyro: -3.84, -0.43, -1.33
Accel: -0.10, -0.15, -0.94
Gyro: -3.17, 0.45, -1.34
Accel: -0.11, -0.15, -0.96
Gyro: -2.85, 0.32, -1.79
Accel: -0.10, -0.15, -0.95
Gyro: -3.01, 0.05, -2.33
Accel: -0.10, -0.15, -0.95
Gyro: -2.43, -0.76, -2.66
Accel: -0.10, -0.16, -0.96
Gyro: -2.18, -0.92, -2.37
Accel: -0.11, -0.15, -0.97
Gyro: -3.44, -0.27, -1.77
Accel: -0.10, -0.14, -0.95
Gyro: -3.07, -0.26, -0.63
Accel: -0.11, -0.16, -0.96
Gyro: -2.70, -0.52, 0.11
Accel: -0.11, -0.17, -0.96
Gyro: -3.13, 0.02, -1.09
Accel: -0.11, -0.16, -0.95
Gyro: -3.49, 0.50, -2.16
Accel: -0.10, -0.15, -0.96
Gyro: -2.87, 0.24, -2.19
Accel: -0.11, -0.15, -0.95
Gyro: -2.20, 0.17, -1.97
Accel: -0.10, -0.16, -0.95
Gyro: -1.98, 0.03, -1.58
Accel: -0.11, -0.15, -0.96
Gyro: -2.91, -0.27, -1.41
Accel: -0.09, -0.16, -0.95
Gyro: -2.61, -0.04, -1.56
Accel: -0.10, -0.16, -0.97
Gyro: -2.92, -0.56, -1.63
Accel: -0.10, -0.16, -0.95
Gyro: -2.83, -0.40, -2.28
Accel: -0.10, -0.15, -0.96
Gyro: -2.31, -2.29, -2.84
Accel: -0.09, -0.16, -0.97
Gyro: -2.82, -0.50, -2.86
Accel: -0.10, -0.15, -0.97
Gyro: -3.46, 0.32, -3.75
Accel: -0.10, -0.13, -0.95
Gyro: -1.79, -0.69, -3.32
Accel: -0.10, -0.14, -0.97
Gyro: -0.44, -0.82, -2.72
Accel: -0.10, -0.14, -0.96
Gyro: 0.95, -0.80, -2.33
