Accel: -0.12, -0.04, -0.97
Gyro: -3.46, 0.26, -0.79
Accel: -0.12, -0.05, -0.98
Gyro: -3.34, 1.42, 0.61
Accel: -0.12, -0.06, -0.98
Gyro: -2.89, 1.76, 1.09
Accel: -0.11, -0.08, -0.97
Gyro: -3.55, 1.99, -0.26
Accel: -0.12, -0.06, -0.98
Gyro: -3.36, 1.68, -2.06
Accel: -0.12, -0.05, -0.97
Gyro: -1.19, 1.61, -1.84
Accel: -0.11, -0.07, -0.97
Gyro: -2.15, 1.98, -1.86
Accel: -0.11, -0.06, -0.96
Gyro: -3.19, 2.12, -2.27
Accel: -0.10, -0.06, -0.96
Gyro: -2.56, 1.60, -2.17
Accel: -0.09, -0.06, -0.97
Gyro: -2.82, 1.11, -2.39
Accel: -0.10, -0.06, -0.96
Gyro: -2.82, 0.29, -2.67
Accel: -0.10, -0.06, -0.97
Gyro: -2.60, -0.26, -2.62
Accel: -0.11, -0.06, -0.98
Gyro: -3.24, -0.06, -2.98
Accel: -0.10, -0.05, -0.98
Gyro: -3.36, 1.21, -3.03
Accel: -0.10, -0.06, -0.98
Gyro: -2.78, 2.24, -2.83
Accel: -0.10, -0.06, -0.98
Gyro: -4.24, 3.10, -3.43
Accel: -0.09, -0.05, -0.98
Gyro: -4.68, 3.94, -4.35
Accel: -0.09, -0.06, -0.98
Gyro: -4.00, 4.19, -5.32
Accel: -0.08, -0.04, -0.97
Gyro: -3.87, 4.34, -5.73
Accel: -0.08, -0.04, -0.96
Gyro: -3.94, 4.48, -5.26
Accel: -0.08, -0.04, -0.96
Gyro: -3.73, 3.45, -3.65
Accel: -0.07, -0.04, -0.96
Gyro: -3.88, 3.20, -2.62
Accel: -0.08, -0.05, -0.97
Gyro: -3.91, 2.72, -2.15
Accel: -0.08, -0.05, -0.96
Gyro: -3.49, 1.86, -2.36
Accel: -0.07, -0.06, -0.96
Gyro: -3.78, 0.80, -3.33
Accel: -0.07, -0.06, -0.97
Gyro: -4.43, -0.27, -3.91
Accel: -0.07, -0.05, -0.97
Gyro: -4.73, -0.16, -4.27
Accel: -0.07, -0.05, -0.97
Gyro: -4.59, -0.51, -4.06
Accel: -0.08, -0.05, -0.98
Gyro: -4.71, -0.43, -3.91
Accel: -0.07, -0.06, -0.98
Gyro: -4.75, 0.30, -3.62
Accel: -0.07, -0.05, -0.98
Gyro: -6.25, 0.66, -4.65
Accel: -0.08, -0.03, -0.98
Gyro: -4.28, 1.19, -4.53
Accel: -0.07, -0.04, -0.98
Gyro: -3.82, 0.76, -4.33
Accel: -0.07, -0.03, -0.97
Gyro: -4.76, 0.89, -4.51
Accel: -0.08, -0.03, -0.97
Gyro: -4.39, 1.38, -3.83
Accel: -0.07, -0.03, -0.97
Gyro: -4.48, 1.78, -3.65
Accel: -0.07, -0.03, -0.97
Gyro: -4.70, 1.38, -4.28
Accel: -0.07, -0.02, -0.98
Gyro: -4.49, 1.37, -4.05
Accel: -0.06, -0.03, -0.98
Gyro: -4.34, 1.15, -3.78
Accel: -0.06, -0.01, -0.98
Gyro: -4.54, 1.16, -3.44
Accel: -0.06, -0.01, -0.97
Gyro: -2.90, 1.24, -2.61
Accel: -0.06, -0.02, -0.98
Gyro: -3.20, 1.27, -2.11
Accel: -0.06, -0.01, -0.97
Gyro: -3.04, 1.60, -1.89
Accel: -0.06, -0.01, -0.97
Gyro: -1.65, 1.37, -1.21
Accel: -0.06, -0.01, -0.97
Gyro: -0.89, 1.21, -0.82
Accel: -0.06, -0.02, -0.97
Gyro: -0.23, 0.49, 0.08
Accel: -0.04, -0.01, -0.97
Gyro: 0.55, 0.03, 1.14
Accel: -0.05, -0.02, -0.97
Gyro: 0.93, -1.09, 2.30
Accel: -0.05, -0.03, -0.97
Gyro: 0.62, -1.46, 2.54
Accel: -0.05, -0.03, -0.96
Gyro: 0.80, -2.24, 2.33
Accel: -0.06, -0.01, -0.96
Gyro: 1.78, -3.68, 2.47
Accel: -0.07, -0.00, -0.96
Gyro: 3.18, -4.41, 4.49
Accel: -0.08, -0.00, -0.95
Gyro: 4.11, -5.15, 7.71
Accel: -0.08, -0.02, -0.96
Gyro: 3.66, -6.40, 10.21
Accel: -0.09, -0.03, -0.98
Gyro: 4.14, -7.36, 11.00
Accel: -0.09, -0.05, -1.00
Gyro: 6.68, -6.93, 11.03
Accel: -0.09, -0.06, -0.99
Gyro: 5.62, -4.99, 8.09
Accel: -0.08, -0.03, -0.98
Gyro: 9.74, -4.14, 6.52
Accel: -0.08, -0.06, -0.96
Gyro: 13.74, -4.71, 7.84
Accel: -0.09, -0.08, -0.97
Gyro: 14.05, -5.46, 9.65
Accel: -0.09, -0.13, -0.98
Gyro: 12.65, -4.71, 10.01
Accel: -0.08, -0.17, -0.99
Gyro: 11.15, -3.11, 6.45
Accel: -0.08, -0.18, -0.97
Gyro: 8.75, -1.92, 1.27
Accel: -0.07, -0.17, -0.98
Gyro: 5.28, -1.05, -1.90
Accel: -0.05, -0.16, -0.93
Gyro: 1.15, -0.23, -3.81
Accel: -0.05, -0.14, -0.89
Gyro: -0.82, -4.43, -6.17
Accel: -0.07, -0.11, -0.88
Gyro: 2.06, -11.15, -8.01
Accel: -0.12, -0.12, -0.91
Gyro: 3.04, -18.53, -8.97
Accel: -0.17, -0.12, -0.99
Gyro: -0.24, -15.02, -8.63
Accel: -0.17, -0.08, -0.95
Gyro: -0.40, -6.03, -5.39
Accel: -0.18, -0.09, -0.85
Gyro: -0.61, -6.16, 0.14
Accel: -0.21, -0.12, -0.91
Gyro: -3.94, -9.55, 3.63
Accel: -0.21, -0.14, -0.97
Gyro: -7.71, -9.19, 5.29
Accel: -0.19, -0.12, -1.00
Gyro: -12.86, -7.54, 2.38
Accel: -0.18, -0.05, -1.04
Gyro: -11.51, -5.51, 2.27
Accel: -0.17, -0.05, -1.06
Gyro: -7.52, 1.68, 7.40
Accel: -0.12, -0.07, -1.04
Gyro: -7.11, 8.12, 13.49
Accel: -0.11, -0.08, -1.00
Gyro: -8.80, 8.06, 19.22
Accel: -0.14, -0.06, -0.96
Gyro: -7.64, 2.29, 27.73
Accel: -0.11, -0.12, -1.04
Gyro: -8.48, 5.19, 34.36
Accel: -0.02, -0.09, -1.01
Gyro: -12.97, 5.90, 34.80
Accel: 0.00, -0.10, -0.99
Gyro: -14.79, 1.28, 34.17
Accel: -0.00, -0.13, -0.95
Gyro: -24.37, -4.63, 27.77
Accel: -0.02, -0.10, -0.95
Gyro: -29.49, -12.50, 16.28
Accel: -0.04, -0.09, -1.05
Gyro: -30.86, -10.54, 0.26
Accel: -0.04, 0.00, -1.08
Gyro: -31.01, 2.12, -12.86
Accel: -0.02, 0.09, -0.98
Gyro: -26.34, 5.81, -17.63
Accel: -0.03, 0.09, -0.94
Gyro: -19.07, 0.23, -17.45
Accel: -0.06, 0.12, -0.91
Gyro: -13.83, -4.68, -17.85
Accel: -0.11, 0.16, -0.87
Gyro: -3.40, -14.05, -9.95
Accel: -0.20, 0.09, -0.96
Gyro: 0.34, -17.31, 0.17
Accel: -0.28, 0.04, -0.91
Gyro: 6.37, -15.97, 10.53
Accel: -0.35, -0.03, -1.01
Gyro: 10.85, -12.81, 10.92
Accel: -0.33, -0.04, -1.05
Gyro: 9.77, 1.91, 8.67
Accel: -0.26, -0.04, -0.93
Gyro: 2.49, 6.81, 7.09
Accel: -0.23, 0.02, -0.86
Gyro: 0.16, 1.37, 4.65
Accel: -0.24, 0.05, -0.87
Gyro: 10.98, -5.48, 0.87
Accel: -0.24, 0.02, -0.92
Gyro: 15.88, -6.61, -3.43
Accel: -0.23, 0.01, -0.93
Gyro: 16.62, -9.18, -4.14
Accel: -0.22, -0.02, -0.96
Gyro: 15.91, -5.92, -4.30
Accel: -0.21, -0.08, -0.95
Gyro: 13.76, -2.17, -4.52
