Accel: -0.27, -0.09, -0.95
Gyro: -10.55, -1.56, -29.35
Accel: -0.27, -0.07, -0.93
Gyro: -9.14, -0.59, -28.47
Accel: -0.27, -0.06, -0.93
Gyro: -8.08, -1.14, -26.34
Accel: -0.26, -0.08, -0.94
Gyro: -8.69, -1.53, -23.96
Accel: -0.26, -0.07, -0.95
Gyro: -8.70, 0.62, -21.91
Accel: -0.27, -0.08, -0.96
Gyro: -7.78, 2.11, -20.19
Accel: -0.25, -0.08, -0.95
Gyro: -8.45, 3.72, -19.37
Accel: -0.24, -0.07, -0.94
Gyro: -8.19, 3.65, -17.79
Accel: -0.24, -0.08, -0.95
Gyro: -8.87, 3.97, -16.10
Accel: -0.24, -0.09, -0.94
Gyro: -11.41, 4.43, -15.76
Accel: -0.24, -0.06, -0.94
Gyro: -10.94, 4.52, -14.20
Accel: -0.22, -0.05, -0.94
Gyro: -9.28, 4.02, -11.61
Accel: -0.21, -0.05, -0.95
Gyro: -8.83, 4.12, -8.90
Accel: -0.22, -0.04, -0.95
Gyro: -8.50, 3.78, -6.26
Accel: -0.21, -0.04, -0.93
Gyro: -7.29, 2.72, -3.97
Accel: -0.21, -0.05, -0.94
Gyro: -5.62, 1.72, -2.75
Accel: -0.21, -0.05, -0.93
Gyro: -4.54, 0.33, -1.40
Accel: -0.22, -0.05, -0.94
Gyro: -3.94, -0.36, -0.70
Accel: -0.23, -0.07, -0.94
Gyro: -3.51, -0.43, -0.91
Accel: -0.22, -0.05, -0.94
Gyro: -4.31, -0.37, -1.70
Accel: -0.23, -0.05, -0.95
Gyro: -2.06, -0.03, -1.48
Accel: -0.23, -0.07, -0.95
Gyro: -2.14, 0.02, -1.73
Accel: -0.23, -0.06, -0.95
Gyro: -2.77, 0.78, -1.85
Accel: -0.22, -0.05, -0.95
Gyro: -2.42, 1.17, -0.76
Accel: -0.22, -0.06, -0.96
Gyro: -2.28, 1.63, -0.23
Accel: -0.21, -0.06, -0.95
Gyro: -3.13, 1.97, -0.53
Accel: -0.22, -0.05, -0.95
Gyro: -2.64, 1.93, -0.30
Accel: -0.21, -0.06, -0.96
Gyro: -1.45, 1.27, 0.29
Accel: -0.21, -0.05, -0.95
Gyro: -2.03, 1.09, 0.40
Accel: -0.21, -0.06, -0.94
Gyro: -0.50, 0.89, 1.68
Accel: -0.21, -0.08, -0.94
Gyro: -1.95, 0.80, 0.85
Accel: -0.20, -0.07, -0.94
Gyro: -2.92, 0.47, -0.49
Accel: -0.21, -0.05, -0.94
Gyro: -1.29, -0.43, -0.70
Accel: -0.21, -0.05, -0.95
Gyro: -0.09, -0.87, -0.38
Accel: -0.21, -0.06, -0.94
Gyro: 0.22, -1.05, 0.73
Accel: -0.21, -0.06, -0.96
Gyro: 0.12, -0.94, 1.88
Accel: -0.22, -0.07, -0.95
Gyro: 0.02, -0.16, 2.82
Accel: -0.21, -0.07, -0.95
Gyro: -0.02, -0.03, 2.60
Accel: -0.22, -0.09, -0.95
Gyro: -0.37, -0.21, 1.69
Accel: -0.22, -0.08, -0.95
Gyro: -0.67, -0.34, 0.37
Accel: -0.21, -0.08, -0.95
Gyro: -1.52, -0.50, -0.59
Accel: -0.21, -0.07, -0.96
Gyro: -2.21, -0.60, -0.85
Accel: -0.22, -0.06, -0.97
Gyro: -2.65, -0.11, -0.53
Accel: -0.21, -0.07, -0.94
Gyro: -3.30, 0.05, -0.67
Accel: -0.21, -0.07, -0.94
Gyro: -4.36, -0.05, -1.91
Accel: -0.21, -0.06, -0.93
Gyro: -1.95, -0.52, -2.27
Accel: -0.22, -0.07, -0.94
Gyro: -2.50, -1.51, -3.08
Accel: -0.22, -0.05, -0.95
Gyro: -3.75, -1.53, -3.23
Accel: -0.22, -0.05, -0.95
Gyro: -3.72, -0.84, -2.77
Accel: -0.21, -0.06, -0.95
Gyro: -3.11, -0.67, -2.27
Accel: -0.22, -0.05, -0.95
Gyro: -3.79, -0.92, -2.68
Accel: -0.22, -0.05, -0.96
Gyro: -3.05, -1.28, -2.14
Accel: -0.22, -0.06, -0.98
Gyro: -2.85, -0.21, -1.47
Accel: -0.22, -0.05, -0.97
Gyro: -3.15, 1.97, -1.76
Accel: -0.21, -0.05, -0.95
Gyro: -1.07, 2.69, -0.70
Accel: -0.20, -0.05, -0.94
Gyro: -1.11, 2.44, -0.65
Accel: -0.20, -0.05, -0.94
Gyro: -0.61, 1.79, 0.44
Accel: -0.19, -0.05, -0.94
Gyro: 1.18, 0.76, 1.18
Accel: -0.20, -0.07, -0.94
Gyro: 1.35, -0.20, 1.65
Accel: -0.20, -0.08, -0.94
Gyro: 0.96, -1.22, 1.24
Accel: -0.22, -0.08, -0.96
Gyro: 0.55, -1.70, 0.68
Accel: -0.21, -0.09, -0.95
Gyro: -0.11, -1.14, -0.05
Accel: -0.22, -0.08, -0.95
Gyro: -1.12, -0.42, -0.95
Accel: -0.22, -0.08, -0.95
Gyro: -1.08, 0.19, -1.08
Accel: -0.21, -0.08, -0.95
Gyro: -1.69, 0.34, -1.21
Accel: -0.21, -0.08, -0.95
Gyro: -2.24, 0.27, -1.36
Accel: -0.20, -0.08, -0.95
Gyro: -2.92, 0.14, -1.40
Accel: -0.21, -0.07, -0.95
Gyro: -2.40, 0.23, -1.48
Accel: -0.21, -0.08, -0.95
Gyro: -3.49, 1.02, -2.25
Accel: -0.20, -0.06, -0.96
Gyro: -3.20, 0.75, -2.75
Accel: -0.20, -0.07, -0.95
Gyro: -1.34, 0.18, -2.10
Accel: -0.20, -0.08, -0.95
Gyro: -2.82, -0.20, -2.09
Accel: -0.20, -0.07, -0.95
Gyro: -3.33, -0.15, -1.40
Accel: -0.20, -0.07, -0.95
Gyro: -2.82, 0.17, -1.28
Accel: -0.20, -0.07, -0.95
Gyro: -3.36, 0.12, -1.50
Accel: -0.20, -0.07, -0.95
Gyro: -3.23, -0.75, -1.70
Accel: -0.20, -0.08, -0.95
Gyro: -2.79, -1.01, -1.31
Accel: -0.21, -0.07, -0.96
Gyro: -3.70, -0.19, -1.99
Accel: -0.21, -0.06, -0.96
Gyro: -2.21, -0.14, -1.96
Accel: -0.21, -0.07, -0.96
Gyro: -2.49, 0.18, -2.48
Accel: -0.21, -0.05, -0.95
Gyro: -2.87, 0.34, -2.24
Accel: -0.21, -0.05, -0.96
Gyro: -2.17, -0.06, -1.78
Accel: -0.21, -0.06, -0.97
Gyro: -1.79, 0.86, -1.48
Accel: -0.21, -0.06, -0.95
Gyro: -1.60, 2.06, -1.49
Accel: -0.22, -0.06, -0.98
Gyro: -1.01, 3.81, -1.72
Accel: -0.21, -0.07, -0.97
Gyro: -0.34, 7.03, -2.34
Accel: -0.20, -0.08, -0.96
Gyro: -0.24, 7.42, -3.79
Accel: -0.19, -0.08, -0.96
Gyro: -0.60, 8.32, -5.28
Accel: -0.19, -0.08, -0.95
Gyro: 0.53, 7.97, -7.39
Accel: -0.18, -0.08, -0.98
Gyro: 2.81, 9.37, -9.34
Accel: -0.18, -0.09, -0.96
Gyro: 5.02, 11.65, -12.54
Accel: -0.16, -0.11, -0.95
Gyro: 4.29, 10.82, -15.15
Accel: -0.15, -0.09, -0.95
Gyro: 0.98, 9.67, -16.38
Accel: -0.15, -0.06, -0.96
Gyro: 1.24, 8.90, -15.17
Accel: -0.14, -0.09, -0.95
Gyro: 1.17, 6.97, -12.49
Accel: -0.14, -0.08, -0.96
Gyro: -0.26, 6.22, -10.80
Accel: -0.13, -0.07, -0.95
Gyro: -0.79, 5.32, -7.58
Accel: -0.13, -0.07, -0.97
Gyro: -1.37, 4.99, -4.30
Accel: -0.13, -0.08, -0.97
Gyro: -1.88, 5.70, -1.19
Accel: -0.12, -0.08, -0.96
Gyro: -2.31, 5.33, 1.50
Accel: -0.13, -0.09, -1.00
Gyro: -1.98, 6.83, 2.98
