Accel: -0.29, 0.06, -0.92
Gyro: -0.69, -1.05, -0.92
Accel: -0.29, 0.06, -0.93
Gyro: -1.01, -1.36, -0.56
Accel: -0.29, 0.05, -0.92
Gyro: -1.08, -2.49, -0.27
Accel: -0.28, 0.02, -0.91
Gyro: -0.67, -4.96, -2.20
Accel: -0.28, -0.03, -0.90
Gyro: -0.77, -8.26, -13.62
Accel: -0.29, 0.04, -0.91
Gyro: 2.11, -13.37, -23.93
Accel: -0.30, 0.07, -0.93
Gyro: 7.09, -14.68, -23.08
Accel: -0.32, 0.07, -0.95
Gyro: 4.10, -11.83, -17.46
Accel: -0.32, 0.07, -0.93
Gyro: -0.09, -9.50, -11.12
Accel: -0.33, 0.07, -0.93
Gyro: -2.47, -8.46, -4.62
Accel: -0.34, 0.05, -0.93
Gyro: -3.68, -7.31, 0.03
Accel: -0.34, 0.03, -0.92
Gyro: -4.74, -6.47, 0.99
Accel: -0.35, 0.04, -0.92
Gyro: -4.77, -6.05, -0.08
Accel: -0.34, 0.04, -0.92
Gyro: -3.81, -5.51, -0.83
Accel: -0.35, 0.06, -0.91
Gyro: -2.64, -5.72, -1.43
Accel: -0.34, 0.06, -0.91
Gyro: -0.75, -5.66, 0.28
Accel: -0.36, 0.05, -0.92
Gyro: -0.40, -5.39, 0.95
Accel: -0.36, 0.06, -0.90
Gyro: -0.06, -5.65, 1.16
Accel: -0.36, 0.05, -0.92
Gyro: 1.05, -5.10, 1.31
Accel: -0.37, 0.05, -0.92
Gyro: 2.09, -4.33, 1.83
Accel: -0.36, 0.05, -0.91
Gyro: 2.12, -3.98, 2.17
Accel: -0.37, 0.05, -0.92
Gyro: 2.28, -3.35, 3.04
Accel: -0.37, 0.04, -0.91
Gyro: 2.62, -2.78, 4.16
Accel: -0.36, 0.05, -0.90
Gyro: 1.88, -2.98, 5.06
Accel: -0.35, 0.06, -0.90
Gyro: 2.47, -3.36, 9.31
Accel: -0.36, 0.04, -0.90
Gyro: 0.72, -4.27, 12.19
Accel: -0.36, 0.02, -0.90
Gyro: -0.96, -4.18, 12.37
Accel: -0.37, 0.02, -0.90
Gyro: -0.62, -4.30, 10.57
Accel: -0.36, 0.01, -0.91
Gyro: -0.35, -3.94, 7.35
Accel: -0.38, 0.01, -0.92
Gyro: -1.22, -3.84, 3.94
Accel: -0.38, 0.03, -0.91
Gyro: -0.70, -2.27, 1.42
Accel: -0.38, 0.03, -0.90
Gyro: 0.57, -1.82, -0.21
Accel: -0.38, 0.03, -0.92
Gyro: -0.39, -1.82, -1.10
Accel: -0.37, 0.04, -0.90
Gyro: -0.33, -0.79, -0.02
Accel: -0.38, 0.03, -0.90
Gyro: -0.11, -0.72, 1.23
Accel: -0.38, 0.05, -0.90
Gyro: -1.19, -0.66, 2.24
Accel: -0.37, 0.05, -0.88
Gyro: -1.30, -1.43, 4.12
Accel: -0.36, 0.05, -0.88
Gyro: -1.57, -2.55, 6.73
Accel: -0.37, 0.04, -0.89
Gyro: -1.94, -3.07, 7.13
Accel: -0.36, 0.04, -0.87
Gyro: -0.27, -3.56, 6.67
Accel: -0.37, 0.03, -0.89
Gyro: -0.33, -5.75, 6.07
Accel: -0.37, 0.04, -0.88
Gyro: -1.09, -8.18, 5.67
Accel: -0.38, 0.05, -0.88
Gyro: -2.01, -8.68, 5.57
Accel: -0.38, 0.05, -0.91
Gyro: -1.85, -9.96, 5.75
Accel: -0.39, 0.03, -0.91
Gyro: -0.67, -9.49, 5.07
Accel: -0.41, 0.03, -0.90
Gyro: 0.80, -8.86, 3.12
Accel: -0.41, 0.02, -0.91
Gyro: -0.91, -6.93, -0.42
Accel: -0.41, 0.04, -0.90
Gyro: -0.61, -4.78, -2.08
Accel: -0.42, 0.04, -0.90
Gyro: -1.13, -3.66, -1.65
Accel: -0.42, 0.05, -0.89
Gyro: -1.20, -2.68, -0.63
Accel: -0.41, 0.04, -0.88
Gyro: -1.36, -2.58, -0.72
Accel: -0.41, 0.05, -0.87
Gyro: -0.60, -2.79, -1.01
Accel: -0.40, 0.04, -0.87
Gyro: 0.24, -3.14, -1.59
Accel: -0.39, 0.05, -0.86
Gyro: 0.53, -4.78, -1.85
Accel: -0.41, 0.05, -0.90
Gyro: 1.56, -5.59, -1.13
Accel: -0.41, 0.05, -0.88
Gyro: 1.69, -5.55, 0.85
Accel: -0.42, 0.04, -0.89
Gyro: -0.19, -5.97, 1.94
Accel: -0.43, 0.04, -0.92
Gyro: 0.69, -4.24, 1.70
Accel: -0.44, 0.02, -0.91
Gyro: 3.33, -2.62, -0.29
Accel: -0.45, 0.02, -0.92
Gyro: 2.20, 0.07, -2.94
Accel: -0.46, 0.03, -0.92
Gyro: 3.04, 2.72, -4.74
Accel: -0.45, 0.03, -0.89
Gyro: 4.09, 4.40, -4.94
Accel: -0.44, 0.03, -0.95
Gyro: 6.40, 7.92, -4.95
Accel: -0.41, 0.03, -0.88
Gyro: 5.55, 12.85, -2.71
Accel: -0.38, 0.02, -0.84
Gyro: 4.50, 8.55, 0.03
Accel: -0.38, 0.00, -0.85
Gyro: 3.48, 3.84, 0.30
Accel: -0.39, 0.01, -0.89
Gyro: 2.51, 3.52, -0.54
Accel: -0.40, -0.00, -0.91
Gyro: 2.75, 4.23, -2.14
Accel: -0.42, -0.00, -0.91
Gyro: 3.55, 4.92, -3.68
Accel: -0.41, 0.02, -0.89
Gyro: 4.52, 5.20, -3.96
Accel: -0.41, 0.01, -0.91
Gyro: 5.49, 5.61, -2.78
Accel: -0.40, 0.01, -0.90
Gyro: 5.79, 6.43, -2.17
Accel: -0.40, 0.00, -0.91
Gyro: 6.57, 7.66, -1.05
Accel: -0.38, -0.00, -0.90
Gyro: 7.10, 8.03, -0.13
Accel: -0.37, -0.02, -0.90
Gyro: 6.45, 8.27, 0.72
Accel: -0.36, -0.02, -0.90
Gyro: 6.09, 7.95, 1.22
Accel: -0.36, -0.03, -0.90
Gyro: 5.46, 6.83, 1.21
Accel: -0.35, -0.02, -0.90
Gyro: 5.18, 5.42, 1.58
Accel: -0.35, -0.03, -0.90
Gyro: 4.23, 4.62, 2.29
Accel: -0.36, -0.04, -0.90
Gyro: 4.84, 3.72, 2.29
Accel: -0.35, -0.04, -0.90
Gyro: 5.29, 3.05, 2.04
Accel: -0.35, -0.04, -0.90
Gyro: 5.53, 1.94, 2.91
Accel: -0.35, -0.05, -0.91
Gyro: 3.92, 1.46, 3.49
Accel: -0.35, -0.05, -0.92
Gyro: 3.49, 1.05, 3.68
Accel: -0.35, -0.06, -0.92
Gyro: 3.98, 1.94, 2.74
Accel: -0.35, -0.07, -0.90
Gyro: 3.74, 1.42, 1.49
Accel: -0.35, -0.06, -0.91
Gyro: 3.10, 1.21, 0.76
Accel: -0.35, -0.06, -0.90
Gyro: 2.25, 0.76, 1.19
Accel: -0.35, -0.07, -0.90
Gyro: 1.15, 0.71, 1.27
Accel: -0.35, -0.07, -0.90
Gyro: 0.31, 0.90, 1.13
Accel: -0.35, -0.07, -0.92
Gyro: -0.02, 1.29, 0.38
Accel: -0.36, -0.07, -0.92
Gyro: -0.09, 2.17, -0.05
Accel: -0.36, -0.06, -0.92
Gyro: -0.73, 2.20, -0.54
Accel: -0.34, -0.07, -0.91
Gyro: 0.11, 2.18, -0.22
Accel: -0.35, -0.07, -0.91
Gyro: -1.08, 1.91, -0.58
Accel: -0.35, -0.06, -0.91
Gyro: -1.40, 2.02, -0.98
Accel: -0.34, -0.05, -0.90
Gyro: -0.64, 2.10, -0.72
Accel: -0.34, -0.06, -0.91
Gyro: 0.50, 1.39, -0.14
Accel: -0.34, -0.07, -0.92
Gyro: 0.64, 1.25, -0.46
Accel: -0.34, -0.07, -0.93
Gyro: 0.74, 2.20, -1.36
Accel: -0.35, -0.07, -0.92
Gyro: 0.95, 2.52, -1.92
