Accel: -0.29, -0.08, -0.96
Gyro: 1.53, 18.17, -9.04
Accel: -0.28, -0.07, -0.96
Gyro: 1.28, 20.85, -6.52
Accel: -0.26, -0.09, -0.92
Gyro: 3.42, 21.88, -3.56
Accel: -0.25, -0.13, -0.94
Gyro: 1.62, 21.54, -4.43
Accel: -0.24, -0.13, -0.93
Gyro: 0.82, 21.58, -6.56
Accel: -0.25, -0.12, -0.94
Gyro: -0.55, 20.51, -8.41
Accel: -0.27, -0.11, -0.96
Gyro: -2.37, 20.97, -7.54
Accel: -0.25, -0.10, -1.00
Gyro: -5.42, 23.96, -7.11
Accel: -0.21, -0.08, -0.98
Gyro: -6.13, 28.32, -6.80
Accel: -0.18, -0.06, -0.94
Gyro: -5.57, 30.47, -5.29
Accel: -0.14, -0.05, -0.92
Gyro: -2.49, 27.09, -3.85
Accel: -0.13, -0.05, -0.93
Gyro: -1.63, 25.52, -2.27
Accel: -0.11, -0.05, -0.95
Gyro: -0.77, 23.54, -0.79
Accel: -0.08, -0.04, -0.95
Gyro: -1.08, 21.19, 1.08
Accel: -0.07, -0.03, -0.93
Gyro: -0.19, 17.56, 5.11
Accel: -0.06, -0.05, -0.93
Gyro: 0.69, 14.52, 9.64
Accel: -0.05, -0.09, -0.92
Gyro: -1.32, 11.12, 10.22
Accel: -0.04, -0.10, -0.91
Gyro: -3.24, 6.31, 7.79
Accel: -0.04, -0.09, -0.95
Gyro: -2.88, 2.88, 5.06
Accel: -0.03, -0.09, -0.93
Gyro: -1.71, -1.49, 1.59
Accel: -0.05, -0.09, -0.93
Gyro: -1.34, -5.67, -0.03
Accel: -0.07, -0.08, -0.96
Gyro: -1.44, -8.65, 0.54
Accel: -0.09, -0.10, -0.97
Gyro: -2.58, -9.99, 0.72
Accel: -0.11, -0.10, -1.00
Gyro: -3.69, -9.20, -0.40
Accel: -0.11, -0.09, -0.97
Gyro: -5.33, -6.01, -1.29
Accel: -0.12, -0.08, -0.96
Gyro: -4.44, -6.04, -0.91
Accel: -0.12, -0.08, -0.96
Gyro: -3.36, -5.55, -0.51
Accel: -0.11, -0.07, -0.96
Gyro: -1.24, -5.14, -0.19
Accel: -0.11, -0.08, -0.96
Gyro: -0.17, -5.64, 0.92
Accel: -0.12, -0.07, -0.94
Gyro: 1.17, -6.29, 2.56
Accel: -0.13, -0.08, -0.95
Gyro: 1.27, -8.04, 2.82
Accel: -0.14, -0.07, -0.93
Gyro: 0.68, -9.86, 2.72
Accel: -0.14, -0.06, -0.97
Gyro: 3.50, -11.86, 4.24
Accel: -0.16, -0.10, -1.01
Gyro: 3.50, -8.23, 4.62
Accel: -0.14, -0.09, -0.98
Gyro: -0.85, -4.29, 2.43
Accel: -0.14, -0.07, -0.96
Gyro: -1.52, -3.33, 2.21
Accel: -0.14, -0.08, -0.96
Gyro: 1.70, -4.66, 3.99
Accel: -0.15, -0.10, -0.96
Gyro: 2.03, -5.44, 4.12
Accel: -0.15, -0.10, -0.97
Gyro: 0.84, -4.85, 3.01
Accel: -0.14, -0.08, -0.96
Gyro: 1.57, -5.53, 1.75
Accel: -0.14, -0.08, -0.95
Gyro: 4.11, -6.24, 2.25
Accel: -0.15, -0.10, -0.97
Gyro: 6.03, -6.16, 3.58
Accel: -0.14, -0.12, -0.97
Gyro: 5.42, -4.33, 3.85
Accel: -0.14, -0.12, -0.97
Gyro: 3.36, -3.34, 2.68
Accel: -0.15, -0.11, -0.96
Gyro: 2.62, -2.82, 1.72
Accel: -0.15, -0.12, -0.95
Gyro: 4.75, -3.41, 2.20
Accel: -0.16, -0.14, -0.95
Gyro: 3.47, -3.97, 0.74
Accel: -0.17, -0.13, -0.95
Gyro: 1.33, -3.94, -0.85
Accel: -0.18, -0.13, -0.95
Gyro: 1.28, -4.05, -1.27
Accel: -0.18, -0.14, -0.94
Gyro: 1.21, -4.28, -1.25
Accel: -0.19, -0.13, -0.94
Gyro: 0.82, -4.22, -0.80
Accel: -0.19, -0.12, -0.95
Gyro: 1.91, -5.14, 0.06
Accel: -0.20, -0.13, -0.96
Gyro: 2.78, -5.13, 1.11
Accel: -0.20, -0.13, -0.96
Gyro: 3.50, -4.46, 2.44
Accel: -0.20, -0.13, -0.96
Gyro: 3.83, -3.14, 3.15
Accel: -0.20, -0.15, -0.95
Gyro: 4.04, -1.81, 2.99
Accel: -0.19, -0.16, -0.94
Gyro: 3.95, -1.37, 1.91
Accel: -0.18, -0.15, -0.94
Gyro: 3.81, -2.09, 0.98
Accel: -0.18, -0.14, -0.94
Gyro: 2.78, -2.50, 0.54
Accel: -0.19, -0.11, -0.94
Gyro: 4.19, -2.14, 2.10
Accel: -0.19, -0.12, -0.92
Gyro: 7.61, -2.46, 5.83
Accel: -0.19, -0.14, -0.92
Gyro: 7.35, -3.89, 8.41
Accel: -0.20, -0.16, -0.94
Gyro: 5.73, -6.10, 10.41
Accel: -0.22, -0.18, -0.97
Gyro: 3.34, -4.97, 10.53
Accel: -0.22, -0.20, -0.98
Gyro: 0.87, -1.40, 8.77
Accel: -0.20, -0.19, -0.98
Gyro: -2.17, 1.92, 5.57
Accel: -0.20, -0.20, -0.95
Gyro: -4.70, 2.44, 2.01
Accel: -0.19, -0.17, -0.93
Gyro: -7.54, 2.05, -2.37
Accel: -0.19, -0.15, -0.93
Gyro: -8.57, -0.41, -5.29
Accel: -0.20, -0.13, -0.95
Gyro: -9.19, -1.49, -6.52
Accel: -0.20, -0.10, -0.94
Gyro: -8.13, -1.27, -6.24
Accel: -0.20, -0.11, -0.95
Gyro: -6.53, -1.75, -3.84
Accel: -0.20, -0.12, -0.95
Gyro: -6.82, -2.01, -1.99
Accel: -0.21, -0.13, -0.95
Gyro: -6.13, -1.15, -1.17
Accel: -0.21, -0.13, -0.95
Gyro: -3.98, -1.48, -1.05
Accel: -0.20, -0.12, -0.95
Gyro: -3.07, -0.79, -0.60
Accel: -0.23, -0.11, -0.96
Gyro: -1.24, 0.22, 1.84
Accel: -0.22, -0.11, -0.96
Gyro: 0.43, 2.53, 6.26
Accel: -0.21, -0.15, -0.96
Gyro: -2.01, 2.81, 7.83
Accel: -0.20, -0.15, -0.95
Gyro: -4.14, 3.33, 6.67
Accel: -0.19, -0.16, -0.95
Gyro: -2.93, 3.27, 4.45
Accel: -0.19, -0.16, -0.94
Gyro: -2.43, 2.84, 1.14
Accel: -0.18, -0.16, -0.93
Gyro: -2.56, 1.37, -2.31
Accel: -0.18, -0.14, -0.93
Gyro: -2.69, -0.57, -4.30
Accel: -0.19, -0.13, -0.94
Gyro: -3.54, -1.66, -4.27
Accel: -0.19, -0.13, -0.96
Gyro: -4.69, -1.88, -3.81
Accel: -0.19, -0.12, -0.95
Gyro: -3.78, -2.20, -2.91
Accel: -0.20, -0.14, -0.95
Gyro: -4.06, -2.66, -2.91
Accel: -0.20, -0.13, -0.95
Gyro: -4.99, -2.62, -4.00
Accel: -0.20, -0.12, -0.96
Gyro: -4.23, -1.81, -4.56
Accel: -0.20, -0.11, -0.95
Gyro: -3.20, -1.85, -4.49
Accel: -0.19, -0.12, -0.96
Gyro: -3.66, -1.55, -4.33
Accel: -0.20, -0.11, -0.96
Gyro: -2.91, -1.01, -3.47
Accel: -0.19, -0.13, -0.95
Gyro: -3.04, -0.97, -2.53
Accel: -0.19, -0.12, -0.93
Gyro: -4.26, -0.31, -2.95
Accel: -0.19, -0.14, -0.94
Gyro: -3.82, -0.79, -3.17
Accel: -0.19, -0.13, -0.94
Gyro: -4.47, -1.57, -4.26
Accel: -0.19, -0.13, -0.93
Gyro: -4.79, -2.84, -5.09
Accel: -0.20, -0.12, -0.94
Gyro: -4.10, -3.12, -4.96
Accel: -0.21, -0.12, -0.96
Gyro: -4.34, -2.81, -4.70
Accel: -0.20, -0.12, -0.95
Gyro: -4.80, -2.88, -4.59
