Accel: -0.13, -0.05, -0.96
Gyro: -0.46, -6.32, -0.11
Accel: -0.13, -0.05, -0.97
Gyro: -1.81, -6.43, -0.15
Accel: -0.13, -0.05, -0.98
Gyro: -1.57, -5.82, 0.14
Accel: -0.13, -0.05, -0.97
Gyro: -1.55, -5.39, -0.21
Accel: -0.14, -0.06, -0.97
Gyro: -1.85, -5.26, -0.83
Accel: -0.14, -0.05, -0.96
Gyro: -1.66, -4.87, -1.17
Accel: -0.13, -0.06, -0.97
Gyro: -1.61, -5.02, -1.01
Accel: -0.14, -0.06, -0.96
Gyro: -2.49, -4.93, -1.17
Accel: -0.14, -0.05, -0.97
Gyro: -1.45, -4.88, -0.52
Accel: -0.15, -0.06, -0.98
Gyro: -1.91, -4.67, -0.47
Accel: -0.16, -0.05, -0.97
Gyro: -2.97, -4.27, -1.16
Accel: -0.15, -0.04, -0.96
Gyro: -2.51, -4.08, -1.10
Accel: -0.15, -0.06, -0.97
Gyro: -2.27, -4.01, -1.48
Accel: -0.15, -0.06, -0.96
Gyro: -2.44, -4.55, -1.40
Accel: -0.15, -0.05, -0.96
Gyro: -2.11, -4.72, -1.11
Accel: -0.15, -0.05, -0.96
Gyro: -2.44, -4.64, -0.78
Accel: -0.15, -0.05, -0.96
Gyro: -2.70, -4.78, -0.87
Accel: -0.16, -0.05, -0.97
Gyro: -2.78, -5.39, -1.16
Accel: -0.17, -0.05, -0.97
Gyro: -2.68, -5.23, -1.48
Accel: -0.16, -0.05, -0.97
Gyro: -2.84, -4.93, -1.68
Accel: -0.17, -0.04, -0.96
Gyro: -3.21, -4.46, -1.90
Accel: -0.18, -0.05, -0.97
Gyro: -3.14, -3.87, -2.01
Accel: -0.18, -0.04, -0.97
Gyro: -2.56, -3.24, -1.72
Accel: -0.18, -0.05, -0.97
Gyro: -2.76, -2.98, -1.64
Accel: -0.18, -0.04, -0.97
Gyro: -2.43, -2.28, -1.34
Accel: -0.18, -0.05, -0.96
Gyro: -2.49, -1.50, -1.46
Accel: -0.18, -0.04, -0.95
Gyro: -3.11, -1.81, -2.01
Accel: -0.18, -0.03, -0.97
Gyro: -1.52, -1.40, -1.27
Accel: -0.18, -0.05, -0.97
Gyro: -1.04, -1.50, -1.04
Accel: -0.18, -0.03, -0.95
Gyro: -1.76, -1.23, -0.50
Accel: -0.18, -0.04, -0.95
Gyro: -1.67, -1.00, 0.05
Accel: -0.19, -0.05, -0.96
Gyro: -0.73, -0.88, -0.18
Accel: -0.18, -0.04, -0.95
Gyro: -1.59, -0.46, -1.04
Accel: -0.17, -0.05, -0.96
Gyro: -1.21, -0.40, -1.28
Accel: -0.18, -0.05, -0.96
Gyro: -0.64, -0.56, -0.95
Accel: -0.18, -0.04, -0.96
Gyro: -1.40, -0.47, -0.79
Accel: -0.17, -0.03, -0.96
Gyro: 0.21, -0.43, -0.08
Accel: -0.18, -0.05, -0.96
Gyro: -0.10, -0.07, 0.51
Accel: -0.18, -0.03, -0.98
Gyro: -0.21, 0.61, 1.09
Accel: -0.18, -0.04, -0.96
Gyro: 1.51, 1.34, 2.40
Accel: -0.19, -0.05, -0.96
Gyro: 2.48, 1.48, 2.35
Accel: -0.18, -0.05, -0.96
Gyro: 2.81, 1.92, 2.27
Accel: -0.17, -0.05, -0.96
Gyro: 3.16, 1.79, 2.30
Accel: -0.17, -0.06, -0.95
Gyro: 3.01, 1.72, 2.23
Accel: -0.18, -0.06, -0.96
Gyro: 2.88, 2.30, 2.15
Accel: -0.18, -0.06, -0.97
Gyro: 2.91, 2.88, 1.93
Accel: -0.17, -0.07, -0.96
Gyro: 2.84, 2.71, 1.99
Accel: -0.17, -0.06, -0.97
Gyro: 2.47, 3.27, 2.07
Accel: -0.17, -0.07, -0.96
Gyro: 2.35, 3.25, 2.23
Accel: -0.17, -0.08, -0.96
Gyro: 1.56, 3.58, 2.15
Accel: -0.16, -0.07, -0.97
Gyro: 1.50, 3.75, 2.40
Accel: -0.16, -0.08, -0.96
Gyro: 1.69, 4.20, 2.29
Accel: -0.15, -0.08, -0.97
Gyro: 1.60, 4.30, 1.84
Accel: -0.15, -0.09, -0.96
Gyro: 1.79, 4.75, 1.27
Accel: -0.14, -0.09, -0.96
Gyro: 1.25, 4.17, 0.31
Accel: -0.14, -0.08, -0.95
Gyro: 2.05, 4.45, 0.78
Accel: -0.14, -0.09, -0.96
Gyro: 2.20, 3.91, 1.11
Accel: -0.15, -0.10, -0.95
Gyro: 0.72, 2.98, 0.87
Accel: -0.14, -0.09, -0.95
Gyro: 0.28, 2.82, 0.95
Accel: -0.14, -0.11, -0.95
Gyro: -0.31, 2.11, 0.05
Accel: -0.14, -0.12, -0.96
Gyro: -1.65, 1.86, -1.30
Accel: -0.13, -0.11, -0.96
Gyro: -2.23, 1.27, -2.56
Accel: -0.12, -0.11, -0.96
Gyro: -2.88, 0.52, -3.46
Accel: -0.13, -0.09, -0.96
Gyro: -4.31, 0.34, -4.14
Accel: -0.13, -0.09, -0.97
Gyro: -3.21, 0.00, -3.62
Accel: -0.13, -0.10, -0.97
Gyro: -4.19, -0.12, -3.50
Accel: -0.13, -0.09, -0.97
Gyro: -5.11, 0.85, -3.43
Accel: -0.14, -0.09, -0.96
Gyro: -3.85, 0.72, -3.37
Accel: -0.13, -0.09, -0.97
Gyro: -3.72, 0.88, -3.75
Accel: -0.13, -0.09, -0.97
Gyro: -3.34, 0.50, -3.78
Accel: -0.13, -0.08, -0.97
Gyro: -3.72, 0.51, -3.62
Accel: -0.13, -0.09, -0.96
Gyro: -4.60, 0.63, -3.93
Accel: -0.13, -0.10, -0.96
Gyro: -5.62, 0.61, -4.78
Accel: -0.13, -0.11, -0.95
Gyro: -6.84, 0.43, -6.49
Accel: -0.14, -0.11, -0.97
Gyro: -8.78, 0.50, -8.57
Accel: -0.13, -0.08, -0.97
Gyro: -10.19, 1.33, -9.40
Accel: -0.13, -0.07, -0.96
Gyro: -10.02, 0.89, -8.74
Accel: -0.13, -0.06, -0.96
Gyro: -10.06, 0.72, -7.97
Accel: -0.13, -0.06, -0.97
Gyro: -10.01, 1.10, -7.80
Accel: -0.12, -0.06, -0.97
Gyro: -8.91, 1.33, -7.21
Accel: -0.11, -0.06, -0.97
Gyro: -9.57, 1.12, -7.85
Accel: -0.12, -0.04, -0.97
Gyro: -9.12, 1.43, -8.06
Accel: -0.12, -0.04, -0.98
Gyro: -7.16, 0.62, -7.05
Accel: -0.11, -0.05, -0.96
Gyro: -7.57, 0.33, -7.13
Accel: -0.12, -0.03, -0.96
Gyro: -8.35, -0.32, -6.61
Accel: -0.11, -0.03, -0.96
Gyro: -6.97, -1.28, -5.65
Accel: -0.12, -0.04, -0.95
Gyro: -7.01, -1.59, -5.23
Accel: -0.11, -0.03, -0.97
Gyro: -7.03, -1.95, -5.35
Accel: -0.12, -0.03, -0.97
Gyro: -5.88, -2.37, -4.85
Accel: -0.12, -0.03, -0.97
Gyro: -6.63, -2.40, -5.16
Accel: -0.11, -0.02, -0.97
Gyro: -5.88, -2.54, -4.89
Accel: -0.12, -0.03, -0.98
Gyro: -5.78, -2.05, -4.88
Accel: -0.12, -0.03, -0.98
Gyro: -6.71, -2.14, -5.44
Accel: -0.12, -0.01, -0.97
Gyro: -6.55, -2.01, -5.44
Accel: -0.13, -0.02, -0.98
Gyro: -4.99, -2.11, -5.19
Accel: -0.12, -0.00, -0.97
Gyro: -4.15, -1.92, -4.65
Accel: -0.13, -0.00, -0.97
Gyro: -3.29, -1.63, -3.15
Accel: -0.13, -0.01, -0.97
Gyro: -2.67, -1.49, -1.79
Accel: -0.12, -0.01, -0.96
Gyro: -2.54, -1.59, -1.14
Accel: -0.13, -0.02, -0.96
Gyro: -2.32, -1.66, -1.00
Accel: -0.13, -0.02, -0.96
Gyro: -2.12, -1.59, -1.06
