Accel: -0.02, -0.01, -0.98
Gyro: -3.51, -0.35, -1.46
Accel: -0.02, -0.01, -0.96
Gyro: -2.66, -1.20, -1.49
Accel: -0.03, -0.01, -0.97
Gyro: -3.34, -1.82, -1.75
Accel: -0.03, 0.00, -0.97
Gyro: -2.08, -2.04, -1.35
Accel: -0.04, -0.02, -0.97
Gyro: -1.15, -3.37, -0.89
Accel: -0.03, -0.02, -0.98
Gyro: -1.94, -3.38, -1.42
Accel: -0.05, -0.01, -0.98
Gyro: -1.41, -3.56, -1.35
Accel: -0.05, -0.02, -0.98
Gyro: -0.88, -3.47, -1.00
Accel: -0.05, -0.02, -0.96
Gyro: -0.75, -3.41, -0.90
Accel: -0.06, -0.02, -0.98
Gyro: -0.52, -3.07, -0.17
Accel: -0.05, -0.02, -0.96
Gyro: -0.33, -2.80, -0.26
Accel: -0.05, -0.02, -0.97
Gyro: -0.65, -3.29, 0.00
Accel: -0.06, -0.04, -0.99
Gyro: -0.89, -2.58, -0.29
Accel: -0.06, -0.03, -0.98
Gyro: -1.53, -1.64, -1.11
Accel: -0.06, -0.04, -0.98
Gyro: -2.61, -1.27, -2.11
Accel: -0.06, -0.03, -0.98
Gyro: -3.75, -1.21, -2.78
Accel: -0.06, -0.03, -0.99
Gyro: -4.11, -0.12, -3.52
Accel: -0.06, -0.02, -0.98
Gyro: -5.49, 0.34, -4.09
Accel: -0.06, -0.01, -1.00
Gyro: -5.33, 1.08, -4.14
Accel: -0.04, 0.01, -0.98
Gyro: -3.64, 1.38, -3.60
Accel: -0.04, -0.01, -0.98
Gyro: -4.24, 1.05, -3.63
Accel: -0.04, -0.00, -0.97
Gyro: -4.53, 0.50, -3.78
Accel: -0.04, -0.00, -0.98
Gyro: -3.62, -0.34, -3.04
Accel: -0.04, -0.00, -0.97
Gyro: -4.20, -0.23, -3.33
Accel: -0.04, 0.01, -0.98
Gyro: -3.93, -0.30, -3.31
Accel: -0.04, 0.01, -0.98
Gyro: -2.76, -0.83, -2.93
Accel: -0.04, 0.01, -0.99
Gyro: -2.69, -1.08, -2.88
Accel: -0.05, 0.01, -0.97
Gyro: -2.07, -0.72, -2.08
Accel: -0.05, -0.01, -0.98
Gyro: -0.59, -1.08, -0.44
Accel: -0.05, -0.01, -0.98
Gyro: -1.79, -1.30, -0.43
Accel: -0.04, -0.00, -0.97
Gyro: -1.90, -1.40, 0.21
Accel: -0.05, -0.01, -0.98
Gyro: -1.07, -1.45, 0.03
Accel: -0.05, -0.01, -0.99
Gyro: -1.44, -0.51, -0.50
Accel: -0.05, -0.02, -0.98
Gyro: -1.24, -0.39, -0.63
Accel: -0.05, -0.02, -0.99
Gyro: -1.84, -0.05, -0.34
Accel: -0.05, -0.02, -0.98
Gyro: -2.46, -0.36, -0.81
Accel: -0.05, -0.02, -0.98
Gyro: -3.11, -0.07, -1.40
Accel: -0.05, -0.02, -0.97
Gyro: -3.07, 0.21, -2.44
Accel: -0.05, -0.01, -0.98
Gyro: -3.31, 0.03, -2.61
Accel: -0.04, 0.00, -0.97
Gyro: -3.35, -0.75, -2.50
Accel: -0.04, 0.00, -0.98
Gyro: -3.15, -0.97, -1.37
Accel: -0.05, -0.00, -0.99
Gyro: -3.14, -0.29, -0.46
Accel: -0.04, -0.01, -0.97
Gyro: -3.30, -0.79, -0.68
Accel: -0.04, -0.01, -0.96
Gyro: -3.16, -1.28, -1.10
Accel: -0.05, -0.01, -0.98
Gyro: -4.13, -0.79, -2.99
Accel: -0.05, 0.01, -0.99
Gyro: -3.63, -0.02, -3.71
Accel: -0.05, 0.00, -0.98
Gyro: -2.58, 0.11, -2.52
Accel: -0.04, 0.00, -0.97
Gyro: -3.85, 0.60, -1.54
Accel: -0.05, 0.01, -0.97
Gyro: -3.60, 0.54, -0.52
Accel: -0.05, -0.00, -0.97
Gyro: -2.19, 0.03, -0.63
Accel: -0.05, -0.00, -0.98
Gyro: -3.14, 0.17, -1.72
Accel: -0.06, 0.01, -0.99
Gyro: -2.59, 0.40, -1.95
Accel: -0.04, 0.00, -0.99
Gyro: -1.73, 1.08, -1.82
Accel: -0.04, 0.01, -0.98
Gyro: -2.17, 1.57, -1.29
Accel: -0.04, 0.02, -0.97
Gyro: -1.63, 1.69, -0.66
Accel: -0.04, -0.00, -0.99
Gyro: -0.84, 1.05, 0.26
Accel: -0.04, -0.00, -0.97
Gyro: -2.09, 1.56, -0.34
Accel: -0.04, 0.01, -0.98
Gyro: -1.43, 1.53, -0.66
Accel: -0.04, 0.00, -0.97
Gyro: -0.37, 1.00, -0.53
Accel: -0.03, 0.00, -0.96
Gyro: -0.56, 0.98, -0.21
Accel: -0.03, -0.00, -0.96
Gyro: -0.63, 0.38, 0.48
Accel: -0.03, -0.00, -0.98
Gyro: -0.66, 0.02, 0.68
Accel: -0.02, -0.02, -0.98
Gyro: -0.92, -0.21, 0.14
Accel: -0.03, -0.01, -0.96
Gyro: -1.27, -0.53, -0.28
Accel: -0.03, -0.01, -0.97
Gyro: -1.21, -1.18, -0.40
Accel: -0.03, 0.00, -0.97
Gyro: -1.17, -1.41, -0.27
Accel: -0.04, 0.00, -0.98
Gyro: -0.40, -2.12, 0.53
Accel: -0.03, 0.00, -0.98
Gyro: -0.03, -2.05, 1.34
Accel: -0.04, 0.00, -0.97
Gyro: 0.37, -2.09, 1.71
Accel: -0.04, -0.01, -0.99
Gyro: 0.57, -2.23, 2.00
Accel: -0.04, -0.01, -0.99
Gyro: 0.78, -1.79, 2.09
Accel: -0.05, -0.02, -0.98
Gyro: 0.69, -0.94, 1.56
Accel: -0.04, -0.01, -0.98
Gyro: 0.02, -1.46, 0.76
Accel: -0.04, -0.01, -0.97
Gyro: 1.19, -1.66, 1.21
Accel: -0.04, -0.02, -0.97
Gyro: 1.29, -2.29, 1.58
Accel: -0.04, -0.01, -0.98
Gyro: 0.52, -2.08, 1.62
Accel: -0.04, -0.01, -0.96
Gyro: 1.07, -2.28, 2.63
Accel: -0.05, -0.02, -0.97
Gyro: 1.48, -2.77, 3.13
Accel: -0.05, -0.03, -0.98
Gyro: 1.27, -3.07, 2.69
Accel: -0.05, -0.02, -0.98
Gyro: 1.59, -3.33, 2.58
Accel: -0.04, -0.03, -0.97
Gyro: 1.25, -3.53, 2.11
Accel: -0.04, -0.03, -0.96
Gyro: 1.14, -4.12, 1.84
Accel: -0.05, -0.03, -0.98
Gyro: 2.46, -5.02, 2.75
Accel: -0.05, -0.04, -0.98
Gyro: 1.65, -5.06, 2.82
Accel: -0.05, -0.04, -0.97
Gyro: 0.60, -5.49, 2.46
Accel: -0.05, -0.03, -0.95
Gyro: 1.44, -7.04, 2.70
Accel: -0.06, -0.03, -0.97
Gyro: 1.05, -7.45, 2.37
Accel: -0.06, -0.04, -0.96
Gyro: 0.89, -7.99, 1.97
Accel: -0.07, -0.04, -0.97
Gyro: 0.79, -8.54, 2.14
Accel: -0.08, -0.05, -0.98
Gyro: 0.03, -8.64, 1.91
Accel: -0.08, -0.04, -0.97
Gyro: -0.30, -8.64, 2.03
Accel: -0.08, -0.04, -0.97
Gyro: -0.61, -9.38, 2.18
Accel: -0.10, -0.05, -0.98
Gyro: -0.72, -9.40, 1.60
Accel: -0.10, -0.05, -0.98
Gyro: -0.60, -8.42, 1.08
Accel: -0.10, -0.06, -0.98
Gyro: -0.65, -7.75, 0.63
Accel: -0.11, -0.04, -0.98
Gyro: -0.76, -7.37, 0.45
Accel: -0.12, -0.05, -0.98
Gyro: -0.85, -7.10, 0.63
Accel: -0.12, -0.05, -0.97
Gyro: -0.82, -6.30, 0.73
Accel: -0.11, -0.05, -0.97
Gyro: -1.40, -5.71, 0.14
Accel: -0.12, -0.04, -0.97
Gyro: -2.05, -6.46, -0.52
Accel: -0.12, -0.05, -0.97
Gyro: -0.65, -6.08, -0.07
