Accel: -0.05, 0.01, -0.96
Gyro: -3.57, -0.26, 2.85
Accel: -0.05, 0.01, -0.97
Gyro: -2.95, -0.69, 3.89
Accel: -0.05, 0.00, -0.96
Gyro: -2.78, -1.30, 4.67
Accel: -0.05, 0.01, -0.98
Gyro: -2.36, -1.98, 5.35
Accel: -0.06, 0.02, -0.98
Gyro: -1.81, -1.99, 6.13
Accel: -0.06, 0.01, -0.97
Gyro: -1.95, -2.05, 6.45
Accel: -0.06, 0.02, -0.98
Gyro: -1.14, -1.85, 6.50
Accel: -0.07, 0.01, -0.97
Gyro: 0.18, -2.57, 7.56
Accel: -0.07, 0.01, -0.98
Gyro: -0.29, -2.54, 7.86
Accel: -0.08, 0.01, -0.97
Gyro: 0.05, -2.20, 8.19
Accel: -0.07, 0.00, -0.97
Gyro: 0.89, -1.88, 8.59
Accel: -0.07, -0.00, -0.97
Gyro: 1.50, -1.91, 8.93
Accel: -0.07, -0.00, -0.97
Gyro: 1.11, -1.95, 9.53
Accel: -0.08, -0.00, -0.98
Gyro: 1.42, -1.84, 9.89
Accel: -0.08, -0.01, -0.98
Gyro: 1.17, -1.10, 9.58
Accel: -0.07, -0.03, -0.97
Gyro: 0.08, -0.96, 8.16
Accel: -0.08, -0.02, -0.98
Gyro: -0.34, -0.56, 6.61
Accel: -0.08, -0.02, -0.98
Gyro: -1.18, -0.26, 5.21
Accel: -0.07, -0.01, -0.98
Gyro: -1.53, 0.10, 3.81
Accel: -0.07, -0.02, -0.98
Gyro: -2.06, 0.40, 2.83
Accel: -0.07, -0.01, -0.97
Gyro: -2.56, 0.24, 2.16
Accel: -0.07, -0.01, -0.97
Gyro: -3.26, 0.18, 1.27
Accel: -0.07, -0.02, -0.97
Gyro: -3.81, 0.71, -0.23
Accel: -0.07, -0.01, -0.97
Gyro: -5.34, 0.37, -2.32
Accel: -0.07, 0.01, -0.98
Gyro: -4.43, 0.72, -3.86
Accel: -0.07, -0.01, -0.98
Gyro: -3.58, -0.28, -4.38
Accel: -0.07, 0.01, -0.98
Gyro: -5.10, -0.56, -6.05
Accel: -0.07, 0.02, -0.98
Gyro: -4.13, -0.65, -5.39
Accel: -0.07, 0.02, -0.97
Gyro: -3.15, -0.50, -4.58
Accel: -0.07, 0.01, -0.98
Gyro: -3.08, 0.06, -3.98
Accel: -0.06, 0.01, -0.97
Gyro: -1.99, -0.87, -3.98
Accel: -0.07, -0.01, -0.97
Gyro: -0.03, -2.09, -5.71
Accel: -0.08, -0.01, -0.97
Gyro: -0.72, -2.88, -7.39
Accel: -0.08, 0.02, -0.99
Gyro: -1.11, -1.94, -6.66
Accel: -0.08, 0.00, -0.99
Gyro: -0.95, -1.35, -4.43
Accel: -0.07, -0.01, -0.98
Gyro: -2.46, -1.08, -4.14
Accel: -0.07, -0.00, -0.98
Gyro: -2.02, -0.60, -4.71
Accel: -0.07, 0.00, -0.98
Gyro: -1.11, 0.30, -4.43
Accel: -0.07, 0.01, -0.97
Gyro: -0.72, 0.95, -4.07
Accel: -0.07, -0.01, -0.98
Gyro: 0.21, 0.99, -3.62
Accel: -0.06, -0.01, -0.98
Gyro: 0.36, 1.14, -3.14
Accel: -0.06, -0.01, -0.97
Gyro: -0.22, 0.69, -3.30
Accel: -0.06, -0.02, -0.97
Gyro: -0.08, 0.10, -3.94
Accel: -0.06, -0.01, -0.97
Gyro: -0.53, -0.78, -4.12
Accel: -0.05, 0.00, -0.96
Gyro: -0.66, -1.69, -3.07
Accel: -0.06, -0.00, -0.97
Gyro: 0.11, -1.96, -2.50
Accel: -0.06, 0.00, -0.97
Gyro: 0.84, -2.09, -1.75
Accel: -0.07, -0.00, -0.97
Gyro: 1.28, -2.71, -0.90
Accel: -0.08, -0.00, -0.98
Gyro: 1.11, -2.74, 0.02
Accel: -0.08, -0.01, -0.98
Gyro: 1.49, -2.04, 0.51
Accel: -0.08, -0.02, -0.97
Gyro: 1.15, -1.74, 0.16
Accel: -0.08, -0.02, -0.99
Gyro: 1.24, -1.21, -0.43
Accel: -0.07, -0.01, -0.98
Gyro: 3.89, -0.81, 0.53
Accel: -0.07, -0.03, -0.97
Gyro: 3.24, -0.71, 0.82
Accel: -0.08, -0.03, -0.97
Gyro: 3.20, -0.35, 1.46
Accel: -0.07, -0.03, -0.96
Gyro: 3.91, -0.77, 2.40
Accel: -0.07, -0.03, -0.96
Gyro: 4.23, -0.89, 3.04
Accel: -0.07, -0.02, -0.97
Gyro: 4.73, -1.63, 3.41
Accel: -0.07, -0.00, -0.95
Gyro: 7.42, -3.08, 5.85
Accel: -0.07, -0.04, -0.98
Gyro: 7.80, -4.05, 8.20
Accel: -0.08, -0.06, -0.99
Gyro: 6.38, -3.07, 7.31
Accel: -0.08, -0.06, -0.97
Gyro: 6.95, -2.51, 6.55
Accel: -0.08, -0.07, -0.97
Gyro: 6.22, -3.36, 6.90
Accel: -0.09, -0.07, -0.99
Gyro: 5.81, -2.79, 5.54
Accel: -0.08, -0.07, -0.96
Gyro: 6.01, -2.12, 4.86
Accel: -0.08, -0.06, -0.97
Gyro: 7.12, -2.75, 5.65
Accel: -0.08, -0.06, -0.97
Gyro: 7.83, -2.94, 6.84
Accel: -0.08, -0.07, -0.96
Gyro: 8.87, -2.96, 8.63
Accel: -0.09, -0.09, -0.96
Gyro: 8.97, -3.23, 9.42
Accel: -0.09, -0.12, -0.96
Gyro: 6.40, -3.09, 9.63
Accel: -0.09, -0.12, -0.96
Gyro: 4.67, -3.49, 8.70
Accel: -0.10, -0.12, -0.96
Gyro: 4.21, -3.76, 6.92
Accel: -0.10, -0.12, -0.96
Gyro: 3.69, -4.34, 4.71
Accel: -0.09, -0.12, -0.96
Gyro: 3.64, -4.46, 3.46
Accel: -0.10, -0.10, -0.96
Gyro: 5.38, -4.98, 3.86
Accel: -0.10, -0.11, -0.95
Gyro: 6.67, -5.60, 5.17
Accel: -0.11, -0.12, -0.98
Gyro: 4.92, -5.20, 4.90
Accel: -0.12, -0.13, -0.98
Gyro: 3.10, -3.78, 4.00
Accel: -0.12, -0.14, -0.97
Gyro: 2.62, -2.81, 3.28
Accel: -0.12, -0.14, -0.96
Gyro: 0.87, -2.30, 1.46
Accel: -0.12, -0.12, -0.97
Gyro: 1.11, -1.64, 0.59
Accel: -0.12, -0.13, -0.96
Gyro: 2.18, -2.23, 1.17
Accel: -0.12, -0.13, -0.97
Gyro: 1.28, -2.15, 1.08
Accel: -0.12, -0.14, -0.96
Gyro: 0.56, -1.31, 1.21
Accel: -0.13, -0.15, -0.96
Gyro: 0.07, -0.78, 0.49
Accel: -0.12, -0.14, -0.96
Gyro: -0.95, -0.65, -0.82
Accel: -0.12, -0.14, -0.96
Gyro: -1.32, -0.49, -1.59
Accel: -0.12, -0.14, -0.96
Gyro: -1.28, -0.95, -1.34
Accel: -0.11, -0.14, -0.96
Gyro: -2.58, -0.46, -1.59
Accel: -0.12, -0.12, -0.96
Gyro: -2.22, 0.10, -1.75
Accel: -0.12, -0.14, -0.96
Gyro: -2.08, 0.22, -1.55
Accel: -0.12, -0.13, -0.95
Gyro: -3.11, -0.39, -1.93
Accel: -0.12, -0.12, -0.97
Gyro: -2.52, -0.71, -2.17
Accel: -0.11, -0.13, -0.96
Gyro: -1.51, -0.31, -1.95
Accel: -0.12, -0.13, -0.96
Gyro: -1.85, -0.24, -1.75
Accel: -0.12, -0.12, -0.96
Gyro: -1.37, -0.53, -1.14
Accel: -0.11, -0.13, -0.96
Gyro: -1.24, -0.66, -0.69
Accel: -0.11, -0.13, -0.97
Gyro: -1.46, -0.22, -0.48
Accel: -0.12, -0.13, -0.97
Gyro: -1.17, -0.53, -0.76
Accel: -0.11, -0.13, -0.94
Gyro: -0.94, -1.04, -0.96
Accel: -0.11, -0.13, -0.95
Gyro: -0.95, -1.85, -1.02
