Accel: -0.09, -0.00, -0.98
Gyro: -1.61, -0.35, -0.18
Accel: -0.08, 0.01, -0.98
Gyro: -1.49, -0.08, 0.00
Accel: -0.08, -0.00, -0.98
Gyro: -1.79, 0.40, -0.40
Accel: -0.08, 0.01, -0.98
Gyro: -2.58, 0.17, -1.39
Accel: -0.08, 0.02, -0.97
Gyro: -0.11, 0.46, -0.85
Accel: -0.08, 0.00, -0.98
Gyro: -0.92, 0.24, -0.82
Accel: -0.09, 0.02, -0.98
Gyro: -1.55, 0.20, -0.52
Accel: -0.09, 0.00, -0.97
Gyro: -1.10, 0.30, 0.34
Accel: -0.08, -0.00, -0.98
Gyro: -1.75, 0.83, 0.03
Accel: -0.08, 0.01, -0.97
Gyro: -2.08, 0.81, -0.71
Accel: -0.08, 0.01, -0.97
Gyro: -1.87, 0.85, -0.91
Accel: -0.08, 0.01, -0.97
Gyro: -1.76, 0.33, -0.66
Accel: -0.08, 0.01, -0.98
Gyro: -3.04, 1.13, -1.19
Accel: -0.07, 0.02, -0.97
Gyro: -1.13, 0.85, -0.39
Accel: -0.07, 0.00, -0.98
Gyro: -1.55, 0.52, -0.55
Accel: -0.08, 0.01, -0.98
Gyro: -2.27, 0.89, -0.72
Accel: -0.07, 0.02, -0.97
Gyro: -1.32, 0.60, -0.33
Accel: -0.07, 0.02, -0.97
Gyro: -0.89, 0.76, -0.33
Accel: -0.07, 0.01, -0.98
Gyro: -0.53, 0.27, 0.01
Accel: -0.07, 0.01, -0.98
Gyro: -0.71, 0.18, 0.47
Accel: -0.07, 0.01, -0.97
Gyro: -0.55, -0.05, 0.77
Accel: -0.07, 0.00, -0.98
Gyro: -0.64, 0.00, 0.93
Accel: -0.06, 0.00, -0.97
Gyro: -0.55, -0.17, 0.18
Accel: -0.07, 0.01, -0.98
Gyro: -0.38, -0.11, 0.31
Accel: -0.07, -0.01, -0.98
Gyro: -0.31, -0.26, 0.33
Accel: -0.07, 0.00, -0.97
Gyro: -0.56, -0.36, 0.37
Accel: -0.07, -0.00, -0.97
Gyro: -0.62, -0.34, 0.72
Accel: -0.07, 0.00, -0.97
Gyro: -0.28, -0.13, 0.82
Accel: -0.06, -0.00, -0.98
Gyro: -0.03, -0.07, 0.77
Accel: -0.07, -0.00, -0.97
Gyro: -0.43, 0.25, 0.79
Accel: -0.07, -0.01, -0.97
Gyro: -0.37, 0.43, 0.33
Accel: -0.06, -0.00, -0.97
Gyro: -1.40, 0.20, -0.41
Accel: -0.07, 0.00, -0.98
Gyro: 0.43, 0.19, -0.18
Accel: -0.07, -0.01, -0.98
Gyro: 0.31, -0.09, 0.00
Accel: -0.07, -0.00, -0.98
Gyro: -0.68, -0.06, 0.42
Accel: -0.07, -0.00, -0.97
Gyro: -0.02, 0.37, 1.22
Accel: -0.06, -0.01, -0.97
Gyro: -0.05, 0.18, 1.28
Accel: -0.07, -0.01, -0.97
Gyro: -0.05, 0.07, 0.72
Accel: -0.06, -0.00, -0.98
Gyro: 0.62, -0.02, 0.95
Accel: -0.06, 0.00, -0.98
Gyro: 1.14, -0.56, 1.43
Accel: -0.06, -0.02, -0.98
Gyro: 0.15, -0.26, 1.46
Accel: -0.06, -0.01, -0.96
Gyro: 1.34, 0.08, 1.82
Accel: -0.06, -0.02, -0.97
Gyro: 1.13, -0.49, 1.51
Accel: -0.07, -0.02, -0.98
Gyro: 0.51, -0.16, 1.41
Accel: -0.06, -0.02, -0.97
Gyro: 1.13, -0.16, 1.46
Accel: -0.05, -0.02, -0.97
Gyro: 1.43, -0.43, 1.68
Accel: -0.06, -0.02, -0.98
Gyro: 1.37, -0.23, 1.78
Accel: -0.06, -0.02, -0.97
Gyro: 1.77, -0.29, 2.14
Accel: -0.06, -0.02, -0.98
Gyro: 1.93, -0.07, 3.07
Accel: -0.06, -0.03, -0.98
Gyro: 1.70, 0.02, 3.14
Accel: -0.07, -0.03, -0.97
Gyro: 1.39, -0.06, 2.52
Accel: -0.06, -0.04, -0.98
Gyro: 1.72, -0.02, 2.20
Accel: -0.06, -0.04, -0.98
Gyro: 1.76, -0.11, 2.11
Accel: -0.06, -0.04, -0.97
Gyro: 1.44, -0.14, 1.98
Accel: -0.06, -0.05, -0.98
Gyro: 1.39, 0.07, 2.08
Accel: -0.06, -0.04, -0.98
Gyro: 0.89, 0.27, 1.61
Accel: -0.06, -0.04, -0.97
Gyro: 0.82, 0.39, 1.43
Accel: -0.05, -0.04, -0.98
Gyro: 0.78, 0.44, 1.51
Accel: -0.06, -0.04, -0.97
Gyro: 0.72, 0.12, 1.38
Accel: -0.06, -0.05, -0.98
Gyro: 0.60, 0.31, 1.44
Accel: -0.06, -0.06, -0.97
Gyro: 0.14, 0.34, 1.02
Accel: -0.06, -0.04, -0.99
Gyro: -0.91, 0.03, 0.11
Accel: -0.06, -0.04, -0.97
Gyro: 1.16, -0.18, 0.76
Accel: -0.06, -0.05, -0.97
Gyro: 0.86, -0.75, 0.85
Accel: -0.05, -0.05, -0.97
Gyro: 0.07, -0.54, 0.99
Accel: -0.06, -0.05, -0.97
Gyro: 0.69, -0.72, 1.78
Accel: -0.06, -0.06, -0.97
Gyro: 0.27, -0.70, 1.28
Accel: -0.06, -0.05, -0.97
Gyro: 0.07, -0.40, 0.78
Accel: -0.06, -0.05, -0.97
Gyro: 0.71, -0.48, 0.89
Accel: -0.05, -0.05, -0.98
Gyro: 1.09, -1.36, 1.53
Accel: -0.06, -0.04, -0.99
Gyro: 0.61, -0.64, 1.74
Accel: -0.06, -0.04, -0.97
Gyro: 2.60, -0.82, 3.20
Accel: -0.06, -0.06, -0.97
Gyro: 3.17, -1.08, 3.92
Accel: -0.06, -0.06, -0.97
Gyro: 2.59, -0.80, 3.91
Accel: -0.07, -0.05, -0.97
Gyro: 3.56, -1.26, 4.19
Accel: -0.06, -0.07, -0.97
Gyro: 4.42, -1.21, 4.55
Accel: -0.06, -0.07, -0.97
Gyro: 5.13, -1.26, 4.90
Accel: -0.06, -0.07, -0.97
Gyro: 5.42, -1.59, 5.52
Accel: -0.07, -0.08, -0.96
Gyro: 5.49, -1.60, 6.28
Accel: -0.06, -0.10, -0.98
Gyro: 4.85, -1.40, 5.91
Accel: -0.06, -0.09, -0.96
Gyro: 4.78, -1.53, 5.13
Accel: -0.06, -0.10, -0.96
Gyro: 4.73, -1.75, 4.78
Accel: -0.07, -0.09, -0.97
Gyro: 5.01, -2.00, 4.67
Accel: -0.07, -0.09, -0.96
Gyro: 4.97, -2.10, 4.58
Accel: -0.07, -0.10, -0.97
Gyro: 4.82, -2.20, 4.67
Accel: -0.07, -0.10, -0.97
Gyro: 4.93, -2.12, 4.92
Accel: -0.07, -0.12, -0.97
Gyro: 4.94, -1.93, 4.82
Accel: -0.08, -0.12, -0.96
Gyro: 5.05, -1.88, 4.58
Accel: -0.08, -0.13, -0.97
Gyro: 4.89, -1.56, 4.33
Accel: -0.07, -0.12, -0.97
Gyro: 4.75, -1.46, 4.43
Accel: -0.08, -0.13, -0.96
Gyro: 4.87, -1.98, 4.36
Accel: -0.08, -0.14, -0.96
Gyro: 3.75, -1.82, 4.00
Accel: -0.08, -0.12, -0.95
Gyro: 3.59, -2.33, 3.14
Accel: -0.07, -0.14, -0.96
Gyro: 4.84, -3.27, 3.53
Accel: -0.08, -0.15, -0.97
Gyro: 3.27, -3.18, 2.31
Accel: -0.09, -0.14, -0.96
Gyro: 2.58, -3.20, 1.66
Accel: -0.08, -0.15, -0.95
Gyro: 2.53, -3.91, 1.66
Accel: -0.08, -0.15, -0.95
Gyro: 1.53, -5.06, 1.17
Accel: -0.08, -0.16, -0.97
Gyro: 1.06, -5.47, 0.97
Accel: -0.09, -0.15, -0.96
Gyro: 0.85, -5.60, 1.19
Accel: -0.09, -0.16, -0.96
Gyro: 0.14, -5.83, 0.92
