Accel: -0.34, -0.07, -0.91
Gyro: 0.56, 2.78, -2.93
Accel: -0.33, -0.06, -0.90
Gyro: 1.17, 1.56, -2.54
Accel: -0.33, -0.06, -0.92
Gyro: 1.12, 0.92, -1.47
Accel: -0.33, -0.06, -0.91
Gyro: 1.05, 0.95, -0.29
Accel: -0.33, -0.06, -0.91
Gyro: 1.32, 0.51, 0.63
Accel: -0.32, -0.07, -0.92
Gyro: 1.70, 0.29, 1.30
Accel: -0.32, -0.07, -0.91
Gyro: 2.14, -0.35, 1.40
Accel: -0.33, -0.08, -0.92
Gyro: 2.28, -1.17, 1.63
Accel: -0.33, -0.11, -0.91
Gyro: 0.41, -1.43, 0.02
Accel: -0.34, -0.09, -0.93
Gyro: -1.37, -1.16, -2.98
Accel: -0.33, -0.08, -0.91
Gyro: 1.50, -0.79, -3.67
Accel: -0.34, -0.09, -0.92
Gyro: 0.51, -0.32, -3.43
Accel: -0.34, -0.07, -0.92
Gyro: 0.51, -0.51, -2.18
Accel: -0.33, -0.08, -0.92
Gyro: 1.59, 0.16, -0.31
Accel: -0.33, -0.08, -0.92
Gyro: 1.28, -0.05, -0.17
Accel: -0.33, -0.09, -0.92
Gyro: 1.42, 0.24, -0.02
Accel: -0.33, -0.09, -0.91
Gyro: 1.95, 0.11, 0.00
Accel: -0.33, -0.10, -0.91
Gyro: 2.02, 0.20, 0.56
Accel: -0.33, -0.09, -0.92
Gyro: 0.85, 0.61, 0.59
Accel: -0.33, -0.10, -0.90
Gyro: 1.11, -0.12, 1.58
Accel: -0.33, -0.09, -0.91
Gyro: -0.08, -0.02, 2.14
Accel: -0.33, -0.10, -0.92
Gyro: -0.31, -0.10, 2.05
Accel: -0.33, -0.10, -0.92
Gyro: -0.20, 0.14, 1.44
Accel: -0.33, -0.10, -0.92
Gyro: 0.68, 0.31, 1.13
Accel: -0.33, -0.11, -0.92
Gyro: 1.05, 0.34, 0.53
Accel: -0.33, -0.11, -0.92
Gyro: 1.34, 0.45, 0.75
Accel: -0.33, -0.11, -0.92
Gyro: 1.21, 0.43, 1.49
Accel: -0.33, -0.11, -0.91
Gyro: 1.08, 0.08, 1.72
Accel: -0.32, -0.11, -0.91
Gyro: 0.71, -0.09, 1.10
Accel: -0.33, -0.11, -0.91
Gyro: 0.75, -0.27, 1.00
Accel: -0.33, -0.10, -0.91
Gyro: 0.95, -0.37, 1.21
Accel: -0.33, -0.11, -0.91
Gyro: 0.72, -0.53, 1.28
Accel: -0.32, -0.10, -0.91
Gyro: 1.08, -0.90, 1.94
Accel: -0.33, -0.10, -0.92
Gyro: 1.59, -0.79, 2.01
Accel: -0.33, -0.11, -0.92
Gyro: 1.94, -0.41, 2.34
Accel: -0.34, -0.11, -0.91
Gyro: 2.19, 0.35, 1.94
Accel: -0.34, -0.13, -0.92
Gyro: 2.08, 0.59, 1.69
Accel: -0.34, -0.12, -0.92
Gyro: 1.41, 1.11, 1.22
Accel: -0.34, -0.11, -0.92
Gyro: 1.71, 2.07, 1.08
Accel: -0.34, -0.12, -0.92
Gyro: 2.38, 1.94, 1.99
Accel: -0.34, -0.12, -0.94
Gyro: 1.06, 3.61, 2.79
Accel: -0.34, -0.11, -0.91
Gyro: 0.14, 4.88, 3.74
Accel: -0.34, -0.12, -0.92
Gyro: -0.63, 5.29, 4.46
Accel: -0.32, -0.13, -0.91
Gyro: -1.10, 5.29, 3.69
Accel: -0.31, -0.13, -0.93
Gyro: -1.95, 5.11, 2.91
Accel: -0.31, -0.13, -0.90
Gyro: -2.98, 4.09, 2.73
Accel: -0.30, -0.13, -0.91
Gyro: -4.88, 2.30, 1.92
Accel: -0.30, -0.12, -0.89
Gyro: -5.41, 1.45, 1.37
Accel: -0.30, -0.12, -0.90
Gyro: -5.86, -0.80, 2.15
Accel: -0.30, -0.14, -0.92
Gyro: -11.15, -1.99, 1.43
Accel: -0.30, -0.13, -0.90
Gyro: -14.28, -3.36, 0.34
Accel: -0.31, -0.12, -0.91
Gyro: -14.81, -5.04, -1.45
Accel: -0.32, -0.12, -0.91
Gyro: -16.48, -5.61, -3.91
Accel: -0.32, -0.12, -0.93
Gyro: -18.49, -4.49, -5.36
Accel: -0.32, -0.08, -0.92
Gyro: -19.65, -4.36, -5.72
Accel: -0.32, -0.06, -0.93
Gyro: -17.85, -3.99, -4.38
Accel: -0.33, -0.05, -0.93
Gyro: -15.20, -2.11, -3.62
Accel: -0.33, -0.05, -0.94
Gyro: -12.07, -0.77, -3.57
Accel: -0.32, -0.05, -0.92
Gyro: -9.99, -0.23, -4.83
Accel: -0.32, -0.05, -0.93
Gyro: -7.26, -0.46, -5.98
Accel: -0.32, -0.06, -0.91
Gyro: -6.41, -1.09, -7.16
Accel: -0.33, -0.07, -0.94
Gyro: -7.77, -1.54, -9.37
Accel: -0.33, -0.05, -0.92
Gyro: -9.80, -0.59, -11.15
Accel: -0.32, -0.04, -0.91
Gyro: -9.44, -1.07, -11.30
Accel: -0.32, -0.05, -0.92
Gyro: -7.38, -2.59, -10.19
Accel: -0.32, -0.03, -0.92
Gyro: -7.64, -1.95, -11.35
Accel: -0.32, -0.01, -0.91
Gyro: -5.00, -2.96, -9.05
Accel: -0.32, -0.02, -0.91
Gyro: -3.31, -4.81, -5.54
Accel: -0.33, -0.02, -0.91
Gyro: -4.39, -5.45, -2.91
Accel: -0.33, -0.04, -0.93
Gyro: -5.20, -4.91, -1.83
Accel: -0.33, -0.05, -0.91
Gyro: -5.53, -4.67, -1.62
Accel: -0.32, -0.05, -0.89
Gyro: -5.40, -6.59, -1.50
Accel: -0.31, -0.05, -0.89
Gyro: -6.07, -9.58, -2.40
Accel: -0.32, -0.05, -0.91
Gyro: -6.94, -11.16, -2.97
Accel: -0.33, -0.06, -0.92
Gyro: -9.16, -12.34, -5.00
Accel: -0.35, -0.05, -0.89
Gyro: -8.00, -13.48, -7.09
Accel: -0.37, -0.05, -0.91
Gyro: -6.30, -15.11, -9.55
Accel: -0.39, -0.03, -0.96
Gyro: -8.29, -11.62, -10.82
Accel: -0.40, 0.00, -0.94
Gyro: -6.90, -6.86, -8.58
Accel: -0.39, 0.01, -0.92
Gyro: -6.30, -4.66, -5.46
Accel: -0.39, 0.01, -0.90
Gyro: -5.51, -3.72, -2.56
Accel: -0.39, -0.00, -0.91
Gyro: -4.65, -3.54, -0.70
Accel: -0.39, -0.01, -0.91
Gyro: -3.91, -3.06, 0.05
Accel: -0.38, -0.02, -0.89
Gyro: -3.47, -3.01, 0.02
Accel: -0.39, -0.01, -0.90
Gyro: -2.42, -3.03, 0.53
Accel: -0.39, -0.02, -0.90
Gyro: -1.67, -2.81, 1.08
Accel: -0.38, -0.01, -0.89
Gyro: -0.97, -3.13, 1.05
Accel: -0.40, -0.02, -0.90
Gyro: -1.20, -2.85, 0.34
Accel: -0.39, -0.01, -0.91
Gyro: -0.51, -2.11, 0.24
Accel: -0.40, -0.01, -0.92
Gyro: -0.13, -0.94, 0.38
Accel: -0.39, -0.02, -0.90
Gyro: 0.58, -0.23, 0.11
Accel: -0.39, -0.02, -0.90
Gyro: 0.34, 0.34, 0.24
Accel: -0.39, -0.02, -0.91
Gyro: -0.02, 0.21, -0.02
Accel: -0.38, -0.01, -0.90
Gyro: 2.04, 0.55, 0.37
Accel: -0.38, -0.01, -0.89
Gyro: 2.03, 0.08, 1.01
Accel: -0.38, -0.03, -0.90
Gyro: 2.45, -0.26, 1.15
Accel: -0.38, -0.02, -0.90
Gyro: 2.64, -0.61, 0.97
Accel: -0.38, -0.04, -0.89
Gyro: 3.43, -1.05, 0.71
Accel: -0.39, -0.03, -0.90
Gyro: 1.70, -0.92, 0.44
Accel: -0.39, -0.04, -0.89
Gyro: 1.32, -1.07, -0.34
Accel: -0.39, -0.05, -0.91
Gyro: 1.22, -1.41, -1.05
