Accel: -0.22, -0.10, -0.97
Gyro: -7.17, 3.73, -3.40
Accel: -0.21, -0.07, -0.96
Gyro: -7.03, 6.00, -7.57
Accel: -0.20, -0.05, -0.93
Gyro: -5.52, 4.96, -10.49
Accel: -0.20, -0.01, -0.95
Gyro: -5.04, 4.77, -9.48
Accel: -0.18, -0.01, -0.95
Gyro: -4.36, 4.93, -6.72
Accel: -0.17, -0.01, -0.95
Gyro: -3.61, 4.65, -3.24
Accel: -0.16, -0.01, -0.95
Gyro: -4.39, 4.16, -0.05
Accel: -0.15, 0.01, -0.95
Gyro: -3.99, 3.98, 2.86
Accel: -0.15, -0.01, -0.95
Gyro: -2.16, 1.63, 4.26
Accel: -0.18, -0.01, -0.94
Gyro: 0.95, -0.03, 5.53
Accel: -0.19, -0.04, -0.97
Gyro: 3.14, -1.75, 6.42
Accel: -0.20, -0.06, -1.02
Gyro: 0.31, 1.79, 4.26
Accel: -0.20, -0.04, -0.99
Gyro: 2.53, 6.65, 2.93
Accel: -0.19, -0.10, -0.97
Gyro: 4.39, 6.87, 0.87
Accel: -0.19, -0.08, -1.00
Gyro: -0.63, 9.74, -2.56
Accel: -0.16, -0.03, -0.99
Gyro: -0.95, 14.37, -0.18
Accel: -0.14, -0.05, -0.97
Gyro: -1.05, 14.19, 3.19
Accel: -0.14, -0.05, -0.97
Gyro: -3.27, 15.39, 4.10
Accel: -0.12, -0.05, -0.97
Gyro: -2.91, 15.90, 4.39
Accel: -0.11, -0.05, -0.96
Gyro: -1.51, 16.35, 4.57
Accel: -0.10, -0.03, -0.96
Gyro: -0.87, 17.29, 5.61
Accel: -0.08, -0.03, -0.95
Gyro: 0.55, 18.44, 8.49
Accel: -0.07, -0.05, -0.92
Gyro: 1.79, 15.73, 11.04
Accel: -0.06, -0.07, -0.91
Gyro: 1.22, 11.89, 10.90
Accel: -0.08, -0.10, -0.95
Gyro: -1.37, 7.29, 7.54
Accel: -0.10, -0.04, -0.98
Gyro: -5.10, 8.89, 6.31
Accel: -0.09, -0.04, -0.91
Gyro: -5.13, 5.10, 8.98
Accel: -0.09, -0.05, -0.92
Gyro: -5.52, 1.54, 9.52
Accel: -0.08, -0.06, -0.94
Gyro: -2.21, -0.57, 7.23
Accel: -0.07, -0.08, -0.93
Gyro: 2.43, -5.28, 3.28
Accel: -0.08, -0.07, -0.98
Gyro: 2.51, -7.59, -0.60
Accel: -0.09, -0.05, -1.00
Gyro: 3.54, -6.74, -0.27
Accel: -0.09, -0.07, -0.96
Gyro: 3.30, -7.25, 0.77
Accel: -0.10, -0.06, -0.98
Gyro: 0.95, -9.96, -0.08
Accel: -0.12, -0.07, -1.00
Gyro: 1.41, -9.20, -0.09
Accel: -0.11, -0.11, -1.02
Gyro: -2.89, -3.33, -2.32
Accel: -0.10, -0.07, -0.98
Gyro: -9.41, 1.78, -4.97
Accel: -0.08, -0.03, -0.94
Gyro: -5.91, 0.68, -2.59
Accel: -0.08, -0.06, -0.93
Gyro: -4.88, -1.64, -2.12
Accel: -0.09, -0.05, -0.92
Gyro: -5.60, -2.90, -3.81
Accel: -0.09, -0.02, -0.93
Gyro: -4.06, -3.31, -4.07
Accel: -0.10, -0.04, -0.91
Gyro: -2.09, -5.17, -2.74
Accel: -0.10, -0.06, -0.92
Gyro: -3.71, -8.00, -2.14
Accel: -0.13, -0.06, -0.96
Gyro: -6.00, -12.42, -2.72
Accel: -0.14, -0.06, -1.05
Gyro: -7.68, -12.43, -4.30
Accel: -0.14, -0.03, -1.10
Gyro: -6.99, -6.26, -4.78
Accel: -0.12, -0.03, -1.09
Gyro: -5.63, -0.01, -3.74
Accel: -0.08, -0.02, -1.06
Gyro: -4.94, 5.13, -2.24
Accel: -0.06, -0.02, -1.02
Gyro: -2.74, 6.17, -1.06
Accel: -0.05, -0.05, -0.96
Gyro: -1.45, 4.59, -2.53
Accel: -0.07, -0.04, -0.96
Gyro: -1.50, 3.04, -5.56
Accel: -0.08, -0.02, -0.96
Gyro: 0.54, 4.94, -6.27
Accel: -0.08, -0.02, -0.94
Gyro: 4.97, 4.77, -4.88
Accel: -0.07, -0.02, -0.91
Gyro: 6.50, 3.11, -1.98
Accel: -0.09, -0.03, -0.90
Gyro: 6.93, -1.07, 1.09
Accel: -0.11, -0.04, -0.92
Gyro: 8.13, -5.23, 3.90
Accel: -0.13, -0.06, -0.95
Gyro: 8.90, -7.51, 5.70
Accel: -0.16, -0.09, -0.99
Gyro: 9.77, -6.41, 6.61
Accel: -0.16, -0.12, -0.98
Gyro: 7.74, -3.60, 5.68
Accel: -0.15, -0.12, -0.97
Gyro: 4.88, -1.85, 3.95
Accel: -0.14, -0.13, -0.94
Gyro: 4.18, -2.49, 3.33
Accel: -0.14, -0.15, -0.94
Gyro: 0.39, -3.61, 0.72
Accel: -0.14, -0.14, -0.94
Gyro: -3.40, -4.98, -2.14
Accel: -0.14, -0.12, -0.95
Gyro: -4.89, -5.91, -4.19
Accel: -0.14, -0.10, -0.97
Gyro: -5.80, -4.96, -5.13
Accel: -0.15, -0.08, -0.99
Gyro: -6.75, -3.80, -5.31
Accel: -0.14, -0.07, -0.99
Gyro: -6.20, -2.89, -4.32
Accel: -0.14, -0.08, -1.00
Gyro: -6.25, -1.24, -4.26
Accel: -0.13, -0.06, -0.99
Gyro: -5.18, 1.17, -4.76
Accel: -0.12, -0.07, -0.99
Gyro: -3.38, 2.88, -3.80
Accel: -0.11, -0.07, -0.98
Gyro: -4.02, 4.31, -3.45
Accel: -0.10, -0.07, -0.97
Gyro: -4.39, 4.99, -2.85
Accel: -0.09, -0.07, -0.97
Gyro: -4.86, 5.41, -2.53
Accel: -0.09, -0.07, -0.95
Gyro: -5.28, 4.68, -2.47
Accel: -0.08, -0.06, -0.96
Gyro: -5.23, 3.21, -3.00
Accel: -0.08, -0.05, -0.95
Gyro: -4.02, 1.47, -2.37
Accel: -0.09, -0.06, -0.96
Gyro: -2.93, -0.56, -2.07
Accel: -0.10, -0.05, -0.96
Gyro: -2.35, -1.26, -2.18
Accel: -0.10, -0.06, -0.94
Gyro: -1.46, -2.24, -2.24
Accel: -0.12, -0.06, -0.96
Gyro: -1.57, -2.79, -2.17
Accel: -0.11, -0.07, -0.97
Gyro: -1.05, -3.10, -1.76
Accel: -0.12, -0.07, -0.96
Gyro: -1.88, -3.16, -1.53
Accel: -0.12, -0.06, -0.96
Gyro: -0.40, -3.09, -0.57
Accel: -0.13, -0.09, -0.95
Gyro: 0.14, -4.42, -0.04
Accel: -0.14, -0.09, -0.98
Gyro: -2.56, -4.19, -1.07
Accel: -0.13, -0.08, -0.98
Gyro: -2.44, -1.84, -1.77
Accel: -0.13, -0.09, -0.98
Gyro: -2.39, 0.14, -2.14
Accel: -0.13, -0.10, -0.98
Gyro: -5.48, 2.17, -2.69
Accel: -0.12, -0.07, -0.96
Gyro: -6.52, 3.00, -2.82
Accel: -0.11, -0.07, -0.95
Gyro: -5.01, 0.53, -2.16
Accel: -0.11, -0.07, -0.96
Gyro: -4.50, 0.17, -3.13
Accel: -0.10, -0.07, -0.96
Gyro: -3.13, -0.11, -3.83
Accel: -0.11, -0.06, -0.96
Gyro: -2.98, -1.34, -4.03
Accel: -0.11, -0.05, -0.97
Gyro: -3.07, -1.30, -2.99
Accel: -0.11, -0.06, -0.98
Gyro: -2.97, -0.50, -1.36
Accel: -0.12, -0.07, -0.98
Gyro: -3.31, 0.09, -1.24
Accel: -0.10, -0.07, -0.97
Gyro: -3.27, 1.00, -2.56
Accel: -0.10, -0.07, -0.96
Gyro: -3.15, 0.36, -3.59
Accel: -0.10, -0.06, -0.97
Gyro: -3.41, 0.04, -3.85
Accel: -0.10, -0.05, -0.96
Gyro: -4.17, -0.47, -3.56
Accel: -0.11, -0.05, -0.96
Gyro: -4.02, -0.33, -2.35
