Accel: -0.18, -0.13, -0.93
Gyro: 8.96, 3.56, -7.13
Accel: -0.16, -0.14, -0.91
Gyro: 6.12, 5.34, -16.90
Accel: -0.15, -0.09, -0.89
Gyro: 9.67, 7.55, -31.12
Accel: -0.14, -0.08, -0.82
Gyro: 18.11, 2.40, -31.80
Accel: -0.14, -0.14, -0.95
Gyro: 12.72, -6.82, -39.71
Accel: -0.14, 0.13, -1.05
Gyro: 6.48, -4.42, -32.50
Accel: -0.12, 0.09, -1.00
Gyro: 10.22, -1.39, 1.01
Accel: -0.14, -0.13, -0.99
Gyro: 6.27, -3.97, 8.57
Accel: -0.15, -0.20, -0.98
Gyro: 4.24, 1.66, -3.72
Accel: -0.14, -0.12, -0.92
Gyro: 0.34, 8.06, -13.73
Accel: -0.12, -0.04, -0.90
Gyro: -5.02, 4.05, -9.74
Accel: -0.12, -0.05, -0.91
Gyro: -10.96, 1.27, -3.30
Accel: -0.11, -0.07, -0.95
Gyro: -13.55, -3.78, -3.36
Accel: -0.12, -0.06, -0.96
Gyro: -14.28, -7.93, -6.66
Accel: -0.15, -0.06, -0.99
Gyro: -13.05, -12.63, -10.63
Accel: -0.19, -0.02, -1.00
Gyro: -10.09, -16.24, -9.72
Accel: -0.23, -0.02, -1.07
Gyro: -3.92, -12.14, -1.77
Accel: -0.22, -0.11, -1.06
Gyro: -2.89, -1.61, 0.67
Accel: -0.19, -0.12, -1.05
Gyro: -0.24, 8.49, -4.86
Accel: -0.15, -0.01, -1.01
Gyro: 21.59, 10.56, -11.18
Accel: -0.17, -0.10, -1.03
Gyro: 35.36, 14.07, -6.88
Accel: -0.13, -0.16, -0.93
Gyro: 23.02, 17.46, 1.13
Accel: -0.12, -0.18, -0.92
Gyro: 17.06, 11.85, 3.78
Accel: -0.11, -0.24, -0.92
Gyro: 13.13, 7.86, -0.17
Accel: -0.10, -0.23, -0.89
Gyro: 0.84, -0.75, -10.33
Accel: -0.14, -0.10, -0.96
Gyro: -8.40, -5.30, -11.91
Accel: -0.18, -0.05, -0.98
Gyro: -7.71, -7.21, -4.99
Accel: -0.21, -0.04, -0.96
Gyro: -5.57, -1.78, 6.16
Accel: -0.21, -0.13, -0.88
Gyro: -2.99, -0.12, 14.63
Accel: -0.21, -0.16, -0.89
Gyro: -2.19, -1.21, 16.06
Accel: -0.20, -0.17, -0.91
Gyro: 2.68, -3.55, 14.19
Accel: -0.19, -0.17, -0.95
Gyro: 3.01, -3.91, 10.77
Accel: -0.17, -0.15, -0.99
Gyro: -0.38, -2.60, 8.26
Accel: -0.16, -0.13, -0.99
Gyro: -1.23, -1.30, 7.80
Accel: -0.16, -0.16, -1.02
Gyro: -3.05, -0.81, 6.42
Accel: -0.15, -0.16, -0.99
Gyro: -3.87, 1.14, 5.11
Accel: -0.15, -0.16, -0.97
Gyro: -4.36, 2.36, 3.38
Accel: -0.13, -0.15, -0.96
Gyro: -5.56, 2.91, 1.64
Accel: -0.12, -0.13, -0.96
Gyro: -5.98, 3.75, 0.79
Accel: -0.10, -0.13, -0.94
Gyro: -6.73, 2.69, 0.35
Accel: -0.11, -0.11, -0.93
Gyro: -7.56, 1.01, -0.47
Accel: -0.10, -0.11, -0.93
Gyro: -6.10, -1.55, -0.30
Accel: -0.11, -0.10, -0.93
Gyro: -6.23, -4.07, -1.38
Accel: -0.13, -0.08, -0.94
Gyro: -4.00, -5.74, -1.79
Accel: -0.15, -0.08, -0.95
Gyro: -0.03, -7.14, -1.55
Accel: -0.17, -0.08, -0.95
Gyro: 3.33, -7.46, -1.67
Accel: -0.20, -0.13, -0.98
Gyro: 6.31, -6.45, -3.88
Accel: -0.20, -0.12, -0.99
Gyro: 8.46, -1.05, -10.17
Accel: -0.18, -0.10, -0.93
Gyro: 17.70, -3.80, -12.02
Accel: -0.18, -0.10, -0.94
Gyro: 22.36, -6.28, -11.49
Accel: -0.20, -0.13, -0.96
Gyro: 21.97, -5.43, -8.95
Accel: -0.20, -0.15, -0.97
Gyro: 18.14, -2.63, -4.91
Accel: -0.19, -0.16, -0.94
Gyro: 13.50, -2.18, 0.69
Accel: -0.19, -0.19, -0.94
Gyro: 8.91, -1.75, 5.26
Accel: -0.19, -0.23, -0.95
Gyro: 4.15, -1.55, 7.09
Accel: -0.19, -0.23, -0.94
Gyro: 1.36, -0.72, 4.46
Accel: -0.18, -0.29, -0.93
Gyro: -0.53, -2.23, -0.94
Accel: -0.16, -0.28, -0.91
Gyro: -5.91, -3.78, -10.28
Accel: -0.15, -0.21, -0.94
Gyro: -4.84, -5.81, -15.15
Accel: -0.16, -0.19, -0.94
Gyro: -1.44, -5.71, -15.21
Accel: -0.17, -0.18, -0.96
Gyro: -0.85, -4.03, -13.79
Accel: -0.16, -0.17, -0.94
Gyro: -0.80, -2.53, -11.91
Accel: -0.16, -0.17, -0.93
Gyro: 1.65, -3.43, -9.77
Accel: -0.16, -0.19, -0.94
Gyro: 2.68, -4.28, -8.54
Accel: -0.17, -0.18, -0.94
Gyro: 3.84, -3.59, -8.41
Accel: -0.18, -0.21, -0.94
Gyro: 5.07, -4.36, -7.61
Accel: -0.18, -0.20, -0.93
Gyro: 5.26, -5.31, -7.79
Accel: -0.18, -0.18, -0.92
Gyro: 7.23, -5.52, -6.79
Accel: -0.18, -0.17, -0.92
Gyro: 12.41, -6.10, -3.34
Accel: -0.19, -0.20, -0.94
Gyro: 14.14, -3.91, 0.19
Accel: -0.20, -0.21, -0.93
Gyro: 14.40, -2.94, 3.79
Accel: -0.21, -0.25, -0.92
Gyro: 14.27, -2.37, 6.16
Accel: -0.21, -0.29, -0.91
Gyro: 12.55, -1.42, 5.42
Accel: -0.22, -0.31, -0.93
Gyro: 9.40, -0.59, 2.48
Accel: -0.21, -0.33, -0.91
Gyro: 6.32, -0.40, -0.37
Accel: -0.21, -0.33, -0.92
Gyro: 3.25, 0.03, -1.66
Accel: -0.21, -0.33, -0.91
Gyro: -1.05, 0.52, -2.45
Accel: -0.20, -0.33, -0.92
Gyro: -5.50, 1.69, -2.28
Accel: -0.20, -0.33, -0.91
Gyro: -10.43, 1.82, -2.74
Accel: -0.20, -0.30, -0.92
Gyro: -12.78, 1.61, -2.24
Accel: -0.19, -0.30, -0.93
Gyro: -14.03, 1.33, -1.55
Accel: -0.18, -0.29, -0.92
Gyro: -17.13, 1.37, -2.92
Accel: -0.18, -0.29, -0.93
Gyro: -19.36, 1.80, -4.74
Accel: -0.18, -0.26, -0.94
Gyro: -19.91, 2.46, -5.99
Accel: -0.19, -0.25, -0.94
Gyro: -20.62, 3.20, -7.46
Accel: -0.18, -0.23, -0.93
Gyro: -20.67, 2.84, -8.59
Accel: -0.17, -0.22, -0.93
Gyro: -19.79, 1.76, -8.83
Accel: -0.17, -0.21, -0.93
Gyro: -20.87, 1.91, -9.37
Accel: -0.17, -0.18, -0.92
Gyro: -20.14, 1.40, -8.72
Accel: -0.16, -0.18, -0.93
Gyro: -19.25, -0.27, -8.05
Accel: -0.17, -0.15, -0.93
Gyro: -19.07, -1.50, -7.97
Accel: -0.17, -0.13, -0.93
Gyro: -16.91, -2.52, -7.74
Accel: -0.17, -0.13, -0.95
Gyro: -13.26, -3.29, -7.36
Accel: -0.18, -0.11, -0.97
Gyro: -11.61, -1.88, -5.66
Accel: -0.18, -0.11, -0.95
Gyro: -9.64, -0.60, -3.09
Accel: -0.18, -0.12, -0.95
Gyro: -7.97, -0.89, -1.17
Accel: -0.18, -0.13, -0.95
Gyro: -6.97, -1.15, -0.98
Accel: -0.18, -0.14, -0.96
Gyro: -6.06, -0.86, -2.31
Accel: -0.18, -0.14, -0.96
Gyro: -4.81, -0.49, -3.89
Accel: -0.17, -0.12, -0.96
Gyro: -3.96, 0.05, -3.91
Accel: -0.17, -0.12, -0.95
Gyro: -3.52, 0.56, -2.48
