Accel: -0.15, 0.18, -0.95
Gyro: 6.97, -2.82, 9.53
Accel: -0.14, 0.18, -0.95
Gyro: 9.95, -3.06, 13.92
Accel: -0.15, 0.16, -0.96
Gyro: 11.80, -2.76, 18.40
Accel: -0.14, 0.14, -0.94
Gyro: 11.93, -3.68, 20.33
Accel: -0.15, 0.10, -0.95
Gyro: 13.55, -5.01, 20.05
Accel: -0.15, 0.07, -0.95
Gyro: 13.11, -5.49, 17.51
Accel: -0.15, 0.06, -0.95
Gyro: 12.50, -6.93, 13.79
Accel: -0.15, 0.05, -0.98
Gyro: 13.22, -7.17, 11.70
Accel: -0.16, 0.05, -0.97
Gyro: 13.73, -6.58, 10.08
Accel: -0.16, 0.05, -0.98
Gyro: 12.60, -4.84, 10.05
Accel: -0.16, 0.06, -0.96
Gyro: 12.40, -5.16, 11.64
Accel: -0.16, 0.06, -0.97
Gyro: 8.91, -5.10, 14.06
Accel: -0.16, 0.00, -0.95
Gyro: 11.02, -4.93, 9.41
Accel: -0.16, 0.02, -0.94
Gyro: 11.56, -4.65, 2.33
Accel: -0.17, 0.03, -0.92
Gyro: 17.67, -8.45, 0.34
Accel: -0.19, 0.03, -0.96
Gyro: 19.74, -9.84, 2.39
Accel: -0.20, 0.02, -0.95
Gyro: 19.68, -9.00, 4.78
Accel: -0.20, 0.01, -0.97
Gyro: 21.64, -8.10, 9.08
Accel: -0.21, -0.03, -0.94
Gyro: 20.10, -8.54, 10.93
Accel: -0.21, -0.03, -0.95
Gyro: 19.52, -9.26, 13.73
Accel: -0.22, -0.07, -0.99
Gyro: 18.18, -6.60, 16.74
Accel: -0.21, -0.09, -0.97
Gyro: 14.39, -4.09, 16.62
Accel: -0.22, -0.05, -0.95
Gyro: 10.99, -2.66, 16.43
Accel: -0.21, -0.07, -0.95
Gyro: 14.01, -2.19, 16.90
Accel: -0.21, -0.11, -0.96
Gyro: 10.52, -1.19, 14.57
Accel: -0.20, -0.08, -0.96
Gyro: 8.75, -0.59, 12.64
Accel: -0.19, -0.08, -0.97
Gyro: 9.73, 0.66, 12.76
Accel: -0.19, -0.10, -0.94
Gyro: 7.33, 1.40, 12.94
Accel: -0.20, -0.10, -0.92
Gyro: 2.42, -0.73, 12.10
Accel: -0.20, -0.12, -0.98
Gyro: -4.08, -0.55, 11.10
Accel: -0.19, -0.09, -0.93
Gyro: -10.60, 0.49, 8.76
Accel: -0.17, -0.04, -0.95
Gyro: -12.36, 0.00, 8.77
Accel: -0.17, -0.09, -0.93
Gyro: -15.26, -2.85, 4.00
Accel: -0.19, -0.04, -0.93
Gyro: -16.82, -8.90, -7.48
Accel: -0.21, 0.02, -1.00
Gyro: -11.87, -7.31, -12.09
Accel: -0.20, 0.04, -1.00
Gyro: -6.98, -2.39, -13.22
Accel: -0.18, 0.05, -0.96
Gyro: -2.51, -0.19, -11.32
Accel: -0.19, 0.02, -0.90
Gyro: 0.30, -3.47, -9.60
Accel: -0.21, 0.01, -0.91
Gyro: -1.06, -8.95, -9.86
Accel: -0.23, 0.03, -0.92
Gyro: -2.27, -10.87, -7.87
Accel: -0.27, 0.03, -0.95
Gyro: -1.20, -10.77, -4.39
Accel: -0.27, 0.01, -0.98
Gyro: -0.53, -7.58, -1.56
Accel: -0.28, -0.03, -0.98
Gyro: 0.53, -4.09, -0.40
Accel: -0.27, -0.03, -0.95
Gyro: 0.28, -2.17, -0.63
Accel: -0.26, -0.04, -0.95
Gyro: 1.00, -1.40, -1.05
Accel: -0.26, -0.05, -0.97
Gyro: -0.22, 0.76, -3.10
Accel: -0.24, -0.03, -0.97
Gyro: 0.26, 2.19, -4.78
Accel: -0.24, -0.03, -0.95
Gyro: 1.11, 2.91, -5.37
Accel: -0.25, -0.03, -0.94
Gyro: 4.13, 1.71, -4.72
Accel: -0.24, -0.04, -0.96
Gyro: 4.77, 2.51, -4.49
Accel: -0.24, -0.03, -0.96
Gyro: 5.06, 4.67, -4.14
Accel: -0.23, -0.05, -0.95
Gyro: 7.48, 4.77, -1.67
Accel: -0.23, -0.08, -0.95
Gyro: 5.73, 4.70, -1.57
Accel: -0.22, -0.09, -0.96
Gyro: 4.18, 5.67, -1.39
Accel: -0.21, -0.08, -0.95
Gyro: 4.37, 5.69, -0.93
Accel: -0.19, -0.09, -0.93
Gyro: 3.85, 4.57, -1.21
Accel: -0.19, -0.10, -0.93
Gyro: 3.72, 2.11, -1.98
Accel: -0.20, -0.10, -0.94
Gyro: 2.98, 0.68, -3.07
Accel: -0.20, -0.09, -0.94
Gyro: 1.59, 0.41, -3.78
Accel: -0.21, -0.09, -0.95
Gyro: 1.38, -0.05, -3.01
Accel: -0.21, -0.10, -0.94
Gyro: 1.02, -1.16, -1.84
Accel: -0.21, -0.09, -0.95
Gyro: -0.63, 0.27, -1.63
Accel: -0.21, -0.10, -0.94
Gyro: -0.45, -0.20, -2.02
Accel: -0.21, -0.09, -0.95
Gyro: -0.64, -0.79, -3.14
Accel: -0.21, -0.09, -0.96
Gyro: -0.95, -0.69, -3.26
Accel: -0.21, -0.09, -0.93
Gyro: -1.34, -1.11, -2.27
Accel: -0.20, -0.10, -0.93
Gyro: -2.19, -2.08, -1.24
Accel: -0.20, -0.11, -0.94
Gyro: -2.75, -2.96, -1.88
Accel: -0.20, -0.11, -0.93
Gyro: -3.53, -4.22, -3.27
Accel: -0.20, -0.11, -0.91
Gyro: -4.97, -6.90, -4.23
Accel: -0.19, -0.11, -0.91
Gyro: -6.23, -10.55, -4.24
Accel: -0.19, -0.11, -0.91
Gyro: -7.32, -14.89, -4.84
Accel: -0.21, -0.12, -0.93
Gyro: -7.42, -18.31, -7.29
Accel: -0.24, -0.12, -0.98
Gyro: -8.06, -15.02, -10.99
Accel: -0.25, -0.08, -0.97
Gyro: -7.16, -11.44, -13.43
Accel: -0.27, -0.07, -0.96
Gyro: -3.27, -10.38, -10.74
Accel: -0.27, -0.07, -0.94
Gyro: -3.05, -9.94, -8.78
Accel: -0.29, -0.07, -0.97
Gyro: -4.07, -9.00, -6.87
Accel: -0.30, -0.07, -0.97
Gyro: -5.41, -4.23, -4.49
Accel: -0.28, -0.06, -0.96
Gyro: -5.56, -2.46, -3.38
Accel: -0.28, -0.06, -0.94
Gyro: -5.59, -1.21, -1.98
Accel: -0.28, -0.07, -0.94
Gyro: -2.93, -0.21, -1.02
Accel: -0.27, -0.07, -0.93
Gyro: -3.45, -0.24, -1.01
Accel: -0.27, -0.06, -0.92
Gyro: -2.33, -0.26, -0.40
Accel: -0.28, -0.08, -0.93
Gyro: -2.15, -1.35, -0.04
Accel: -0.27, -0.08, -0.92
Gyro: -3.44, -1.90, -0.85
Accel: -0.27, -0.08, -0.93
Gyro: -4.21, -2.13, -1.61
Accel: -0.27, -0.09, -0.93
Gyro: -4.25, -2.69, -2.24
Accel: -0.27, -0.08, -0.93
Gyro: -5.36, -3.13, -3.03
Accel: -0.27, -0.08, -0.94
Gyro: -5.74, -3.26, -3.36
Accel: -0.27, -0.08, -0.94
Gyro: -6.47, -2.75, -3.20
Accel: -0.26, -0.07, -0.94
Gyro: -7.36, -2.09, -2.66
Accel: -0.26, -0.06, -0.94
Gyro: -6.94, -1.56, -2.02
Accel: -0.26, -0.07, -0.94
Gyro: -6.55, -1.21, -2.14
Accel: -0.26, -0.07, -0.94
Gyro: -6.48, -1.50, -3.39
Accel: -0.26, -0.06, -0.94
Gyro: -5.94, -2.52, -3.62
Accel: -0.26, -0.05, -0.94
Gyro: -5.39, -2.82, -2.78
Accel: -0.26, -0.05, -0.93
Gyro: -6.29, -3.30, -1.75
Accel: -0.26, -0.04, -0.92
Gyro: -5.88, -4.14, -1.19
Accel: -0.27, -0.06, -0.91
Gyro: -4.82, -6.30, -0.13
Accel: -0.28, -0.06, -0.91
Gyro: -7.00, -7.86, -0.03
