Accel: -0.18, -0.01, -0.97
Gyro: -0.80, -1.72, -2.40
Accel: -0.19, -0.01, -0.97
Gyro: -2.11, -0.43, -1.41
Accel: -0.17, -0.00, -0.97
Gyro: -2.18, 0.24, -0.47
Accel: -0.17, -0.01, -0.96
Gyro: -1.24, 0.77, -0.47
Accel: -0.16, -0.02, -0.95
Gyro: -1.93, 1.01, -1.40
Accel: -0.16, -0.00, -0.96
Gyro: -1.46, 0.57, -1.23
Accel: -0.15, -0.01, -0.96
Gyro: -0.88, 0.34, 0.93
Accel: -0.16, -0.02, -0.97
Gyro: -2.31, -0.66, 0.98
Accel: -0.16, -0.02, -0.96
Gyro: -1.34, -0.69, 0.70
Accel: -0.17, -0.03, -0.96
Gyro: -1.31, -0.61, -1.46
Accel: -0.17, -0.02, -0.96
Gyro: -1.72, -0.18, -2.74
Accel: -0.16, -0.01, -0.96
Gyro: -0.43, -0.53, -2.56
Accel: -0.17, -0.02, -0.97
Gyro: 0.52, -0.76, -1.08
Accel: -0.16, -0.03, -0.96
Gyro: 0.31, -0.42, -0.20
Accel: -0.17, -0.04, -0.96
Gyro: 0.07, -0.31, 0.08
Accel: -0.17, -0.04, -0.98
Gyro: -0.41, -0.33, -0.14
Accel: -0.18, -0.03, -0.99
Gyro: -1.29, 1.73, 0.22
Accel: -0.17, -0.03, -0.95
Gyro: -1.27, 3.79, 1.56
Accel: -0.15, -0.04, -0.94
Gyro: -1.56, 1.72, 0.14
Accel: -0.16, -0.04, -0.95
Gyro: -1.96, -0.42, -1.44
Accel: -0.16, -0.05, -0.95
Gyro: -1.85, -1.56, -2.75
Accel: -0.16, -0.03, -0.96
Gyro: -2.81, -1.78, -3.57
Accel: -0.16, -0.04, -0.96
Gyro: -3.91, -1.48, -3.86
Accel: -0.17, -0.03, -0.97
Gyro: -4.89, -1.38, -4.84
Accel: -0.16, -0.00, -0.97
Gyro: -3.36, -0.85, -3.55
Accel: -0.17, -0.02, -0.97
Gyro: -3.04, -0.99, -2.59
Accel: -0.16, -0.02, -0.96
Gyro: -3.67, -0.61, -2.24
Accel: -0.16, -0.01, -0.97
Gyro: -2.96, -0.69, -1.11
Accel: -0.16, -0.02, -0.97
Gyro: -2.78, 0.34, -1.19
Accel: -0.16, -0.01, -0.96
Gyro: -3.03, 0.56, -1.30
Accel: -0.16, -0.01, -0.97
Gyro: -2.32, 0.16, -0.56
Accel: -0.16, -0.02, -0.96
Gyro: -2.37, -0.44, -0.38
Accel: -0.15, -0.02, -0.96
Gyro: -2.07, -0.48, -1.01
Accel: -0.16, -0.03, -0.96
Gyro: -0.57, -1.34, -1.01
Accel: -0.16, -0.03, -0.95
Gyro: -1.51, -1.59, -1.39
Accel: -0.17, -0.02, -0.96
Gyro: -2.30, -1.11, -1.51
Accel: -0.16, -0.02, -0.96
Gyro: -1.88, -1.62, -0.97
Accel: -0.17, -0.03, -0.97
Gyro: -1.96, -1.34, -1.30
Accel: -0.16, -0.03, -0.96
Gyro: -1.50, -1.65, -1.52
Accel: -0.17, -0.02, -0.97
Gyro: -1.36, -1.12, -1.11
Accel: -0.17, -0.03, -0.97
Gyro: -1.43, -0.86, -1.18
Accel: -0.16, -0.03, -0.96
Gyro: -2.04, -1.07, -1.33
Accel: -0.16, -0.03, -0.96
Gyro: -1.97, -1.15, -1.50
Accel: -0.17, -0.03, -0.96
Gyro: -2.06, -1.40, -1.73
Accel: -0.17, -0.03, -0.96
Gyro: -2.46, -1.59, -1.69
Accel: -0.17, -0.02, -0.96
Gyro: -2.33, -1.48, -1.29
Accel: -0.17, -0.03, -0.97
Gyro: -2.29, -1.22, -1.03
Accel: -0.17, -0.04, -0.97
Gyro: -2.53, -0.53, -1.01
Accel: -0.17, -0.03, -0.97
Gyro: -3.56, -0.66, -1.96
Accel: -0.17, -0.02, -0.98
Gyro: -3.81, 0.18, -3.17
Accel: -0.17, -0.01, -0.97
Gyro: -0.63, 1.08, -1.80
Accel: -0.17, -0.02, -0.97
Gyro: -2.35, 0.85, -1.29
Accel: -0.16, -0.01, -0.97
Gyro: -2.88, 0.81, -0.40
Accel: -0.16, -0.02, -0.96
Gyro: -1.52, 0.45, -0.24
Accel: -0.16, -0.02, -0.96
Gyro: -2.08, 0.40, -0.97
Accel: -0.16, -0.02, -0.97
Gyro: -1.88, 0.18, -1.56
Accel: -0.16, -0.02, -0.96
Gyro: -1.56, -0.85, -1.23
Accel: -0.16, -0.03, -0.98
Gyro: -2.16, -1.21, -0.82
Accel: -0.17, -0.01, -0.97
Gyro: -2.55, -0.76, -0.79
Accel: -0.17, -0.03, -0.96
Gyro: -1.62, -1.21, -0.52
Accel: -0.17, -0.03, -0.96
Gyro: -2.69, -1.10, -1.24
Accel: -0.16, -0.02, -0.96
Gyro: -2.65, -0.87, -1.50
Accel: -0.17, -0.02, -0.96
Gyro: -1.82, -0.56, -1.69
Accel: -0.17, -0.02, -0.98
Gyro: -1.92, 1.81, -1.46
Accel: -0.17, -0.02, -0.95
Gyro: -1.40, 1.56, -1.11
Accel: -0.16, -0.02, -0.95
Gyro: -1.59, 0.71, -0.29
Accel: -0.16, -0.03, -0.96
Gyro: -1.76, 0.47, -0.35
Accel: -0.16, -0.03, -0.96
Gyro: -2.04, 0.24, -0.85
Accel: -0.16, -0.03, -0.96
Gyro: -2.35, -0.38, -1.61
Accel: -0.16, -0.03, -0.98
Gyro: -2.51, -0.60, -2.19
Accel: -0.15, -0.03, -0.97
Gyro: -2.93, -0.51, -2.30
Accel: -0.17, -0.02, -0.97
Gyro: -2.85, -0.69, -2.06
Accel: -0.16, -0.02, -0.96
Gyro: -2.77, -0.56, -1.93
Accel: -0.16, -0.02, -0.97
Gyro: -2.98, -0.68, -2.07
Accel: -0.16, -0.02, -0.97
Gyro: -2.84, -0.34, -1.92
Accel: -0.16, -0.03, -0.97
Gyro: -2.33, -0.34, -1.95
Accel: -0.16, -0.01, -0.96
Gyro: -3.58, -0.47, -2.63
Accel: -0.16, -0.00, -0.97
Gyro: -1.50, 0.59, -1.86
Accel: -0.17, -0.02, -0.97
Gyro: -0.85, 0.05, -1.00
Accel: -0.16, -0.03, -0.96
Gyro: -2.34, 0.46, -0.61
Accel: -0.16, -0.02, -0.97
Gyro: -1.56, 0.15, -0.36
Accel: -0.15, -0.03, -0.95
Gyro: -1.79, 0.38, -1.37
Accel: -0.15, -0.03, -0.96
Gyro: -2.53, -0.12, -2.14
Accel: -0.15, -0.02, -0.96
Gyro: -2.32, -0.86, -2.14
Accel: -0.15, -0.02, -0.97
Gyro: -2.14, -1.33, -1.46
Accel: -0.16, -0.02, -0.97
Gyro: -3.20, -1.04, -1.32
Accel: -0.16, -0.02, -0.96
Gyro: -1.00, -1.34, -0.69
Accel: -0.16, -0.03, -0.96
Gyro: -2.04, -0.86, -1.39
Accel: -0.15, -0.03, -0.97
Gyro: -2.67, -0.50, -1.40
Accel: -0.16, -0.02, -0.96
Gyro: -1.58, -0.40, -1.24
Accel: -0.16, -0.03, -0.96
Gyro: -1.94, -0.53, -1.60
Accel: -0.16, -0.02, -0.96
Gyro: -1.73, -0.37, -1.11
Accel: -0.16, -0.02, -0.96
Gyro: -1.99, -0.34, -0.76
Accel: -0.16, -0.03, -0.97
Gyro: -2.01, -0.40, -0.63
Accel: -0.16, -0.03, -0.97
Gyro: -2.66, -0.42, -1.18
Accel: -0.16, -0.04, -0.95
Gyro: -2.69, -0.40, -1.93
Accel: -0.16, -0.03, -0.97
Gyro: -2.84, -0.48, -2.37
Accel: -0.16, -0.03, -0.96
Gyro: -2.68, -0.56, -2.24
Accel: -0.16, -0.02, -0.96
Gyro: -2.86, -1.12, -1.95
Accel: -0.16, -0.02, -0.97
Gyro: -3.29, -1.11, -2.08
Accel: -0.15, -0.02, -0.97
Gyro: -2.82, -0.87, -1.88
