Accel: -0.21, -0.11, -0.95
Gyro: -4.66, -2.38, -4.31
Accel: -0.21, -0.11, -0.96
Gyro: -4.06, -2.13, -4.15
Accel: -0.22, -0.12, -0.94
Gyro: -4.23, -1.00, -4.14
Accel: -0.21, -0.11, -0.95
Gyro: -4.00, -0.80, -4.04
Accel: -0.20, -0.12, -0.95
Gyro: -4.30, -1.05, -3.86
Accel: -0.20, -0.12, -0.95
Gyro: -4.37, -0.98, -4.29
Accel: -0.20, -0.13, -0.95
Gyro: -4.17, -1.11, -4.38
Accel: -0.20, -0.12, -0.96
Gyro: -5.78, -1.30, -5.39
Accel: -0.20, -0.10, -0.94
Gyro: -5.68, -0.49, -5.39
Accel: -0.20, -0.12, -0.94
Gyro: -4.98, -1.48, -5.14
Accel: -0.20, -0.12, -0.95
Gyro: -6.56, -1.56, -5.71
Accel: -0.20, -0.12, -0.95
Gyro: -7.61, -1.63, -6.44
Accel: -0.20, -0.12, -0.94
Gyro: -8.16, -1.69, -7.10
Accel: -0.21, -0.12, -0.94
Gyro: -9.57, -1.43, -8.34
Accel: -0.20, -0.11, -0.96
Gyro: -10.19, -1.32, -9.42
Accel: -0.20, -0.09, -0.95
Gyro: -9.57, -1.89, -9.45
Accel: -0.21, -0.10, -0.96
Gyro: -9.57, -1.56, -9.09
Accel: -0.20, -0.07, -0.94
Gyro: -7.89, -0.96, -8.23
Accel: -0.21, -0.08, -0.95
Gyro: -6.22, -1.25, -7.62
Accel: -0.20, -0.08, -0.95
Gyro: -5.70, -1.72, -8.06
Accel: -0.21, -0.06, -0.96
Gyro: -4.36, -1.77, -8.38
Accel: -0.21, -0.06, -0.96
Gyro: -2.26, -1.69, -7.54
Accel: -0.20, -0.07, -0.96
Gyro: -0.98, -1.87, -6.17
Accel: -0.21, -0.06, -0.96
Gyro: -0.17, -1.95, -4.23
Accel: -0.20, -0.07, -0.95
Gyro: 0.34, -1.53, -2.50
Accel: -0.21, -0.08, -0.96
Gyro: -0.11, -0.85, -0.76
Accel: -0.21, -0.08, -0.95
Gyro: -0.72, -0.96, 0.14
Accel: -0.20, -0.09, -0.95
Gyro: -0.64, -0.80, 0.63
Accel: -0.21, -0.09, -0.96
Gyro: -0.27, -0.82, 0.54
Accel: -0.21, -0.09, -0.96
Gyro: -0.27, -0.73, 0.07
Accel: -0.20, -0.09, -0.95
Gyro: -0.11, -0.36, 0.08
Accel: -0.20, -0.10, -0.95
Gyro: -0.96, -0.34, -0.21
Accel: -0.20, -0.09, -0.95
Gyro: -1.04, 0.31, -0.89
Accel: -0.20, -0.09, -0.95
Gyro: 1.70, -0.69, -0.27
Accel: -0.20, -0.10, -0.95
Gyro: 0.37, -0.90, -0.02
Accel: -0.21, -0.09, -0.95
Gyro: 0.31, -0.46, 0.73
Accel: -0.21, -0.10, -0.96
Gyro: 1.43, -0.34, 1.11
Accel: -0.21, -0.11, -0.95
Gyro: 1.05, -0.27, 0.80
Accel: -0.20, -0.11, -0.95
Gyro: 1.09, -0.37, 0.18
Accel: -0.20, -0.11, -0.95
Gyro: 1.47, -1.21, 0.12
Accel: -0.21, -0.12, -0.95
Gyro: 0.92, -0.95, -0.08
Accel: -0.21, -0.11, -0.95
Gyro: 0.47, 0.04, -0.60
Accel: -0.20, -0.11, -0.95
Gyro: 0.76, -0.47, -0.21
Accel: -0.21, -0.11, -0.95
Gyro: -0.38, -0.54, -0.34
Accel: -0.21, -0.11, -0.94
Gyro: -0.85, 0.06, -0.29
Accel: -0.20, -0.11, -0.95
Gyro: -0.11, -0.32, -0.33
Accel: -0.21, -0.11, -0.95
Gyro: -0.46, -0.47, -0.71
Accel: -0.21, -0.11, -0.95
Gyro: 0.18, -0.52, -0.44
Accel: -0.21, -0.11, -0.95
Gyro: 1.05, -0.50, -0.01
Accel: -0.20, -0.12, -0.95
Gyro: 1.28, -0.34, -0.38
Accel: -0.20, -0.12, -0.95
Gyro: 1.43, -0.43, -1.85
Accel: -0.20, -0.11, -0.94
Gyro: 2.14, -0.66, -1.55
Accel: -0.21, -0.11, -0.95
Gyro: 2.34, -1.04, -0.95
Accel: -0.21, -0.11, -0.96
Gyro: 2.33, -1.22, -0.05
Accel: -0.21, -0.12, -0.94
Gyro: 2.58, -1.13, 1.55
Accel: -0.21, -0.12, -0.94
Gyro: 2.53, -1.24, 2.68
Accel: -0.21, -0.13, -0.95
Gyro: 1.98, -0.76, 3.00
Accel: -0.21, -0.13, -0.94
Gyro: 2.03, -0.48, 3.04
Accel: -0.21, -0.15, -0.95
Gyro: 2.11, -0.48, 2.25
Accel: -0.21, -0.14, -0.95
Gyro: 1.01, -0.98, 0.79
Accel: -0.21, -0.12, -0.94
Gyro: 3.25, -1.25, 1.05
Accel: -0.21, -0.14, -0.94
Gyro: 3.76, -1.76, 1.13
Accel: -0.21, -0.14, -0.94
Gyro: 2.08, -1.27, 1.52
Accel: -0.22, -0.13, -0.94
Gyro: 3.27, -1.27, 1.89
Accel: -0.21, -0.14, -0.94
Gyro: 4.59, -1.42, 2.08
Accel: -0.20, -0.14, -0.94
Gyro: 4.46, -1.85, 1.50
Accel: -0.21, -0.14, -0.94
Gyro: 5.33, -2.37, 1.65
Accel: -0.22, -0.15, -0.94
Gyro: 6.65, -2.87, 2.26
Accel: -0.21, -0.15, -0.94
Gyro: 6.22, -2.71, 2.24
Accel: -0.22, -0.15, -0.93
Gyro: 7.91, -2.77, 3.45
Accel: -0.21, -0.17, -0.94
Gyro: 7.84, -3.46, 3.91
Accel: -0.22, -0.19, -0.94
Gyro: 6.34, -2.83, 3.31
Accel: -0.22, -0.19, -0.92
Gyro: 6.16, -2.66, 2.66
Accel: -0.22, -0.19, -0.93
Gyro: 5.49, -3.16, 2.32
Accel: -0.22, -0.20, -0.93
Gyro: 4.97, -3.06, 2.17
Accel: -0.23, -0.20, -0.93
Gyro: 4.20, -2.59, 1.93
Accel: -0.23, -0.21, -0.93
Gyro: 3.33, -2.81, 0.84
Accel: -0.23, -0.21, -0.93
Gyro: 1.55, -2.79, -0.60
Accel: -0.23, -0.21, -0.92
Gyro: 1.19, -3.02, -1.98
Accel: -0.23, -0.20, -0.92
Gyro: 1.46, -3.26, -3.23
Accel: -0.23, -0.21, -0.93
Gyro: 1.97, -3.48, -3.72
Accel: -0.23, -0.21, -0.92
Gyro: 1.26, -4.02, -3.91
Accel: -0.23, -0.21, -0.92
Gyro: 0.76, -4.20, -3.62
Accel: -0.23, -0.22, -0.93
Gyro: -0.63, -3.59, -3.94
Accel: -0.23, -0.21, -0.93
Gyro: -1.56, -3.88, -5.28
Accel: -0.23, -0.21, -0.92
Gyro: -1.95, -4.36, -5.90
Accel: -0.23, -0.21, -0.93
Gyro: -1.72, -5.08, -7.19
Accel: -0.24, -0.21, -0.94
Gyro: -6.07, -4.88, -11.48
Accel: -0.24, -0.18, -0.96
Gyro: -8.38, -4.01, -15.65
Accel: -0.22, -0.14, -0.92
Gyro: -5.17, -3.71, -16.60
Accel: -0.23, -0.15, -0.91
Gyro: -2.00, -5.23, -17.85
Accel: -0.22, -0.16, -0.92
Gyro: 1.35, -7.74, -18.73
Accel: -0.23, -0.17, -0.93
Gyro: 3.89, -8.33, -18.10
Accel: -0.24, -0.18, -0.94
Gyro: 4.13, -6.65, -14.75
Accel: -0.24, -0.22, -0.92
Gyro: 2.34, -7.13, -11.08
Accel: -0.25, -0.26, -0.91
Gyro: -2.22, -8.59, -10.28
Accel: -0.25, -0.26, -0.93
Gyro: -4.81, -7.72, -12.20
Accel: -0.26, -0.25, -0.92
Gyro: -4.18, -5.65, -14.45
Accel: -0.26, -0.26, -0.89
Gyro: -5.35, -5.47, -16.68
Accel: -0.26, -0.26, -0.89
Gyro: -8.54, -6.35, -19.62
Accel: -0.26, -0.21, -0.89
Gyro: -8.21, -6.53, -19.68
