Accel: -0.26, 0.05, -0.92
Gyro: -3.17, -1.85, -1.22
Accel: -0.26, 0.06, -0.94
Gyro: -3.47, -2.02, -1.87
Accel: -0.27, 0.07, -0.95
Gyro: -3.79, -0.97, -2.33
Accel: -0.26, 0.07, -0.94
Gyro: -1.63, -1.28, -1.84
Accel: -0.26, 0.07, -0.94
Gyro: -2.01, -1.40, -1.52
Accel: -0.26, 0.07, -0.95
Gyro: -2.43, -0.79, -1.59
Accel: -0.26, 0.06, -0.94
Gyro: -2.35, 0.76, -1.21
Accel: -0.26, 0.05, -0.93
Gyro: -2.33, 0.24, -2.20
Accel: -0.26, 0.05, -0.94
Gyro: -2.93, 0.27, -3.62
Accel: -0.26, 0.02, -0.94
Gyro: -2.98, 0.45, -5.72
Accel: -0.26, -0.04, -0.95
Gyro: -5.12, 0.81, -12.77
Accel: -0.27, -0.18, -0.94
Gyro: -11.18, 3.88, -32.60
Accel: -0.29, -0.23, -0.93
Gyro: -15.38, 5.01, -63.46
Accel: -0.33, -0.26, -0.99
Gyro: -26.30, 10.33, -98.60
Accel: -0.37, -0.23, -0.98
Gyro: -35.64, 17.85, -131.96
Accel: -0.38, -0.15, -0.93
Gyro: -44.99, 23.68, -155.36
Accel: -0.41, -0.11, -0.96
Gyro: -53.38, 29.13, -170.88
Accel: -0.42, -0.05, -0.95
Gyro: -59.02, 36.91, -180.53
Accel: -0.44, -0.05, -0.97
Gyro: -67.57, 45.32, -190.40
Accel: -0.44, 0.06, -0.96
Gyro: -72.25, 55.85, -199.14
Accel: -0.43, 0.13, -0.92
Gyro: -69.60, 63.78, -200.35
Accel: -0.37, 0.29, -0.85
Gyro: -67.18, 70.34, -193.01
Accel: -0.21, 0.37, -0.77
Gyro: -53.56, 60.27, -172.98
Accel: 0.01, 0.38, -0.76
Gyro: -52.44, 56.21, -150.36
Accel: -0.12, 0.55, -0.87
Gyro: -45.72, 30.30, -118.06
Accel: -0.10, 0.51, -0.84
Gyro: -25.70, 19.53, -79.87
Accel: -0.09, 0.45, -0.93
Gyro: -27.31, 15.36, -51.99
Accel: -0.07, 0.37, -0.88
Gyro: -24.26, 8.52, -34.07
Accel: -0.08, 0.36, -0.91
Gyro: -15.63, 3.91, -22.56
Accel: -0.09, 0.43, -0.92
Gyro: -9.94, 0.47, -5.74
Accel: -0.09, 0.38, -0.91
Gyro: -1.44, -3.08, 8.27
Accel: -0.08, 0.41, -0.90
Gyro: 4.70, -8.03, 19.68
Accel: -0.08, 0.38, -0.88
Gyro: 16.94, -14.36, 34.46
Accel: -0.09, 0.39, -0.89
Gyro: 9.97, -21.53, 51.28
Accel: -0.13, 0.35, -0.93
Gyro: 9.03, -19.87, 66.18
Accel: -0.11, 0.39, -0.84
Gyro: 11.51, -25.76, 79.48
Accel: -0.12, 0.44, -0.82
Gyro: 22.42, -38.85, 105.27
Accel: -0.18, 0.39, -0.96
Gyro: 27.54, -42.82, 126.26
Accel: -0.19, 0.38, -0.85
Gyro: 28.28, -45.19, 142.01
Accel: -0.25, 0.27, -0.90
Gyro: 39.57, -51.51, 157.52
Accel: -0.28, 0.19, -0.97
Gyro: 22.78, -45.20, 157.19
Accel: -0.25, 0.26, -0.85
Gyro: 28.91, -45.80, 156.53
Accel: -0.28, 0.23, -0.85
Gyro: 42.38, -54.66, 164.38
Accel: -0.33, 0.14, -0.95
Gyro: 44.30, -55.81, 161.97
Accel: -0.33, 0.10, -0.96
Gyro: 37.70, -47.22, 153.80
Accel: -0.34, 0.07, -0.95
Gyro: 37.06, -40.71, 143.73
Accel: -0.32, 0.01, -0.95
Gyro: 32.33, -33.54, 128.88
Accel: -0.30, -0.05, -0.96
Gyro: 25.91, -30.79, 107.31
Accel: -0.31, -0.05, -1.01
Gyro: 17.43, -21.69, 85.88
Accel: -0.29, -0.02, -1.00
Gyro: 16.85, -13.17, 61.75
Accel: -0.26, -0.00, -0.98
Gyro: 9.57, -3.98, 45.95
Accel: -0.23, -0.03, -0.89
Gyro: 6.59, -3.88, 29.08
Accel: -0.24, -0.02, -0.93
Gyro: 2.58, -5.25, 12.41
Accel: -0.23, -0.02, -0.94
Gyro: -1.94, -6.13, -5.85
Accel: -0.23, 0.02, -0.94
Gyro: -4.21, -6.21, -23.04
Accel: -0.26, 0.08, -0.93
Gyro: -3.55, -4.67, -33.29
Accel: -0.26, 0.11, -0.95
Gyro: -0.60, -3.97, -35.30
Accel: -0.26, 0.14, -0.96
Gyro: -1.92, -1.14, -34.58
Accel: -0.27, 0.14, -0.93
Gyro: -0.01, 0.35, -30.77
Accel: -0.26, 0.15, -0.93
Gyro: -0.01, -0.18, -27.99
Accel: -0.26, 0.15, -0.92
Gyro: 0.05, -0.25, -23.39
Accel: -0.27, 0.18, -0.95
Gyro: 2.23, -1.33, -16.59
Accel: -0.26, 0.17, -0.93
Gyro: 1.14, -0.66, -6.62
Accel: -0.26, 0.15, -0.92
Gyro: -0.09, -1.50, 1.07
Accel: -0.26, 0.12, -0.94
Gyro: -0.39, -2.32, 6.08
Accel: -0.27, 0.11, -0.95
Gyro: 0.15, -0.73, 7.66
Accel: -0.26, 0.11, -0.94
Gyro: 0.42, 1.44, 7.75
Accel: -0.25, 0.09, -0.92
Gyro: 0.63, 0.18, 6.42
Accel: -0.25, 0.08, -0.93
Gyro: -2.48, 1.29, 4.27
Accel: -0.25, 0.09, -0.94
Gyro: -2.52, 0.44, 2.05
Accel: -0.25, 0.10, -0.93
Gyro: -1.95, 0.11, -0.29
Accel: -0.24, 0.09, -0.92
Gyro: -2.42, 0.75, -0.75
Accel: -0.25, 0.10, -0.93
Gyro: -2.59, -1.11, -1.17
Accel: -0.25, 0.10, -0.94
Gyro: -4.55, -0.76, -0.63
Accel: -0.24, 0.10, -0.93
Gyro: -4.90, -0.74, -1.15
Accel: -0.25, 0.12, -0.94
Gyro: -4.99, 0.12, -1.68
Accel: -0.25, 0.11, -0.94
Gyro: -3.72, -0.24, -1.67
Accel: -0.25, 0.12, -0.94
Gyro: -3.12, -0.25, -2.21
Accel: -0.24, 0.12, -0.94
Gyro: -2.67, 0.05, -2.19
Accel: -0.25, 0.13, -0.92
Gyro: -0.85, -0.50, -1.82
Accel: -0.24, 0.12, -0.94
Gyro: -0.79, -1.89, -1.07
Accel: -0.25, 0.11, -0.94
Gyro: -2.50, -1.26, -0.63
Accel: -0.25, 0.12, -0.94
Gyro: -1.93, -1.88, -0.92
Accel: -0.25, 0.12, -0.95
Gyro: -2.25, -1.10, -0.94
Accel: -0.24, 0.12, -0.93
Gyro: -0.29, -1.00, -1.00
Accel: -0.24, 0.11, -0.93
Gyro: -0.97, -0.50, -0.28
Accel: -0.25, 0.12, -0.93
Gyro: -1.92, -1.76, -0.01
Accel: -0.25, 0.11, -0.92
Gyro: -1.96, -1.86, 0.12
Accel: -0.26, 0.10, -0.93
Gyro: -2.04, -2.85, -0.35
Accel: -0.26, 0.11, -0.94
Gyro: -3.56, -2.29, -1.11
Accel: -0.25, 0.10, -0.94
Gyro: -2.80, -1.24, -1.05
Accel: -0.25, 0.11, -0.94
Gyro: -3.25, -0.66, -2.14
Accel: -0.25, 0.12, -0.93
Gyro: -1.82, -1.15, -1.65
Accel: -0.26, 0.11, -0.93
Gyro: -1.59, -0.97, -1.25
Accel: -0.25, 0.12, -0.95
Gyro: -2.16, -0.53, -1.14
Accel: -0.24, 0.11, -0.93
Gyro: -1.63, -0.69, -1.27
Accel: -0.25, 0.11, -0.92
Gyro: -1.37, -1.54, -1.46
Accel: -0.25, 0.11, -0.93
Gyro: -1.63, -2.00, -1.70
Accel: -0.26, 0.11, -0.95
Gyro: -2.05, -1.15, -1.48
Accel: -0.25, 0.11, -0.93
Gyro: -2.08, -0.72, -1.57
Accel: -0.25, 0.11, -0.92
Gyro: -2.11, -0.97, -1.36
