Accel: -0.29, 0.07, -0.93
Gyro: -2.23, -1.01, -1.70
Accel: -0.29, 0.09, -0.92
Gyro: -2.30, -0.89, -1.90
Accel: -0.29, 0.08, -0.92
Gyro: -2.68, -0.76, -1.92
Accel: -0.30, 0.09, -0.93
Gyro: -2.53, -0.10, -1.75
Accel: -0.29, 0.08, -0.92
Gyro: -1.72, -0.12, -1.39
Accel: -0.30, 0.07, -0.93
Gyro: -2.45, 0.29, -1.44
Accel: -0.29, 0.08, -0.92
Gyro: -2.45, 0.32, -1.53
Accel: -0.29, 0.07, -0.92
Gyro: -2.08, -0.36, -2.00
Accel: -0.29, 0.07, -0.94
Gyro: -2.94, -0.62, -2.82
Accel: -0.30, 0.02, -0.94
Gyro: -3.89, 0.18, -5.87
Accel: -0.31, -0.08, -0.96
Gyro: -7.08, 1.90, -17.81
Accel: -0.31, -0.16, -0.93
Gyro: -10.93, 3.17, -40.54
Accel: -0.33, -0.22, -0.94
Gyro: -13.78, 5.35, -74.04
Accel: -0.39, -0.24, -1.01
Gyro: -18.56, 14.34, -111.85
Accel: -0.41, -0.21, -0.98
Gyro: -21.29, 25.41, -147.29
Accel: -0.42, -0.14, -0.94
Gyro: -22.57, 30.89, -174.71
Accel: -0.43, -0.08, -0.94
Gyro: -26.34, 33.43, -188.69
Accel: -0.44, -0.10, -0.97
Gyro: -33.96, 35.77, -196.81
Accel: -0.41, -0.01, -0.96
Gyro: -46.07, 43.59, -203.18
Accel: -0.38, 0.07, -0.87
Gyro: -44.92, 45.07, -195.36
Accel: -0.35, 0.09, -0.91
Gyro: -46.52, 45.28, -185.22
Accel: -0.28, 0.20, -0.88
Gyro: -47.92, 42.88, -169.52
Accel: -0.22, 0.20, -0.89
Gyro: -40.95, 37.65, -148.33
Accel: -0.22, 0.21, -0.91
Gyro: -29.57, 28.14, -130.89
Accel: -0.14, 0.26, -0.85
Gyro: -37.17, 27.60, -109.72
Accel: -0.11, 0.33, -0.84
Gyro: -27.92, 16.75, -86.65
Accel: -0.11, 0.39, -0.95
Gyro: -18.92, 10.07, -57.32
Accel: -0.10, 0.34, -0.94
Gyro: -14.83, 8.06, -25.20
Accel: -0.09, 0.25, -0.91
Gyro: -12.47, 2.12, -3.23
Accel: -0.10, 0.17, -0.96
Gyro: -6.36, -0.95, 5.84
Accel: -0.09, 0.13, -0.97
Gyro: -4.78, 0.83, 6.68
Accel: -0.07, 0.14, -0.95
Gyro: -2.29, 0.43, 5.13
Accel: -0.06, 0.20, -0.94
Gyro: 0.67, -2.47, 11.37
Accel: -0.07, 0.19, -0.94
Gyro: 4.80, -5.66, 18.65
Accel: -0.08, 0.17, -0.97
Gyro: 5.53, -9.00, 27.96
Accel: -0.08, 0.20, -0.94
Gyro: 3.95, -8.51, 37.38
Accel: -0.07, 0.25, -0.87
Gyro: 8.78, -16.19, 52.55
Accel: -0.12, 0.24, -0.96
Gyro: 8.15, -22.57, 70.06
Accel: -0.12, 0.30, -0.93
Gyro: 8.71, -21.43, 87.36
Accel: -0.11, 0.32, -0.82
Gyro: 20.24, -32.80, 110.10
Accel: -0.19, 0.21, -0.88
Gyro: 31.79, -47.18, 131.97
Accel: -0.25, 0.14, -0.98
Gyro: 19.79, -41.05, 139.63
Accel: -0.23, 0.16, -0.83
Gyro: 25.41, -47.35, 149.30
Accel: -0.31, 0.10, -0.98
Gyro: 32.18, -51.25, 154.71
Accel: -0.37, -0.03, -1.07
Gyro: 22.67, -35.50, 147.50
Accel: -0.31, 0.07, -0.90
Gyro: 27.08, -29.98, 137.73
Accel: -0.33, 0.03, -0.91
Gyro: 30.80, -34.05, 138.90
Accel: -0.35, -0.04, -1.04
Gyro: 17.89, -28.44, 126.68
Accel: -0.33, 0.01, -0.94
Gyro: 17.31, -19.04, 115.14
Accel: -0.32, -0.01, -0.93
Gyro: 20.93, -17.52, 106.43
Accel: -0.31, -0.02, -0.96
Gyro: 15.14, -15.13, 94.40
Accel: -0.31, 0.00, -0.93
Gyro: 13.47, -12.56, 83.13
Accel: -0.31, 0.01, -0.95
Gyro: 13.44, -10.04, 72.91
Accel: -0.30, 0.02, -0.96
Gyro: 11.03, -7.19, 62.63
Accel: -0.29, 0.02, -0.94
Gyro: 9.92, -3.50, 54.08
Accel: -0.28, 0.01, -0.92
Gyro: 10.54, -3.94, 42.96
Accel: -0.28, 0.03, -0.95
Gyro: 6.71, -2.04, 33.87
Accel: -0.26, 0.02, -0.93
Gyro: 6.75, -2.10, 23.92
Accel: -0.27, 0.03, -0.94
Gyro: 7.20, -2.66, 15.24
Accel: -0.26, 0.04, -0.93
Gyro: 6.61, -1.85, 8.23
Accel: -0.27, 0.04, -0.94
Gyro: 5.13, -1.54, 2.82
Accel: -0.26, 0.05, -0.92
Gyro: 4.46, -2.08, -1.79
Accel: -0.27, 0.05, -0.94
Gyro: 2.63, -2.32, -4.23
Accel: -0.26, 0.05, -0.93
Gyro: 0.60, -1.41, -5.62
Accel: -0.26, 0.06, -0.94
Gyro: -0.30, -1.27, -7.09
Accel: -0.26, 0.06, -0.94
Gyro: -1.05, -1.33, -8.54
Accel: -0.26, 0.07, -0.92
Gyro: -0.85, -1.54, -8.81
Accel: -0.26, 0.07, -0.93
Gyro: -2.30, -2.14, -8.71
Accel: -0.26, 0.08, -0.93
Gyro: -2.73, -2.85, -8.17
Accel: -0.27, 0.08, -0.94
Gyro: -3.33, -2.40, -6.71
Accel: -0.26, 0.08, -0.94
Gyro: -3.63, -1.53, -5.26
Accel: -0.27, 0.08, -0.93
Gyro: -3.92, -1.09, -4.49
Accel: -0.27, 0.07, -0.94
Gyro: -3.61, -1.36, -4.04
Accel: -0.26, 0.08, -0.93
Gyro: -3.93, -0.35, -4.43
Accel: -0.26, 0.07, -0.94
Gyro: -2.66, 0.05, -3.75
Accel: -0.26, 0.06, -0.93
Gyro: -2.44, -0.23, -4.33
Accel: -0.26, 0.08, -0.95
Gyro: -2.33, -0.32, -5.20
Accel: -0.26, 0.08, -0.93
Gyro: -2.27, 0.41, -4.74
Accel: -0.26, 0.09, -0.92
Gyro: -1.82, 0.02, -2.59
Accel: -0.26, 0.08, -0.92
Gyro: -1.47, -1.13, -1.01
Accel: -0.28, 0.07, -0.93
Gyro: -0.89, -2.19, -0.33
Accel: -0.27, 0.07, -0.94
Gyro: -3.00, -0.94, -0.87
Accel: -0.27, 0.07, -0.93
Gyro: -2.62, -0.62, -2.06
Accel: -0.27, 0.06, -0.94
Gyro: -2.23, -0.85, -2.88
Accel: -0.27, 0.08, -0.93
Gyro: -1.68, -1.59, -3.72
Accel: -0.28, 0.07, -0.94
Gyro: -1.49, -1.35, -3.68
Accel: -0.27, 0.08, -0.93
Gyro: -1.56, -1.38, -2.94
Accel: -0.27, 0.07, -0.92
Gyro: -1.50, -1.62, -1.86
Accel: -0.27, 0.06, -0.94
Gyro: -1.94, -1.57, -1.28
Accel: -0.27, 0.07, -0.94
Gyro: -2.71, -1.17, -1.64
Accel: -0.26, 0.07, -0.93
Gyro: -2.67, -0.51, -1.34
Accel: -0.27, 0.07, -0.93
Gyro: -2.24, -0.88, -1.56
Accel: -0.27, 0.07, -0.95
Gyro: -2.69, -0.42, -1.81
Accel: -0.27, 0.07, -0.92
Gyro: -0.79, -0.77, -2.44
Accel: -0.27, 0.07, -0.93
Gyro: -1.37, -0.76, -2.03
Accel: -0.27, 0.07, -0.92
Gyro: -1.94, -1.27, -1.63
Accel: -0.27, 0.08, -0.92
Gyro: -1.69, -1.71, -0.50
Accel: -0.27, 0.07, -0.92
Gyro: -2.04, -2.98, -0.33
Accel: -0.28, 0.06, -0.93
Gyro: -2.99, -3.17, -1.49
Accel: -0.28, 0.07, -0.95
Gyro: -1.86, -2.43, -2.84
Accel: -0.27, 0.06, -0.94
Gyro: -2.91, -0.89, -3.56
