Accel: -0.26, 0.06, -0.93
Gyro: -1.72, -0.48, -1.50
Accel: -0.27, 0.05, -0.93
Gyro: -1.22, -0.84, -1.66
Accel: -0.27, 0.05, -0.94
Gyro: -1.93, -0.94, -1.81
Accel: -0.27, 0.05, -0.95
Gyro: -3.02, 0.57, -2.33
Accel: -0.26, 0.06, -0.92
Gyro: -2.72, 1.04, -2.70
Accel: -0.26, 0.07, -0.92
Gyro: -2.97, -0.50, -2.46
Accel: -0.26, 0.07, -0.93
Gyro: -2.67, -0.98, -2.02
Accel: -0.26, 0.07, -0.95
Gyro: -3.20, -0.30, -1.17
Accel: -0.25, 0.06, -0.93
Gyro: -1.85, 0.08, -1.37
Accel: -0.25, 0.05, -0.92
Gyro: -0.30, -1.35, -1.34
Accel: -0.26, -0.06, -0.95
Gyro: -4.32, -0.86, -8.38
Accel: -0.26, -0.12, -0.91
Gyro: -8.70, -0.10, -28.19
Accel: -0.29, -0.17, -0.93
Gyro: -11.27, -1.15, -52.24
Accel: -0.33, -0.17, -0.98
Gyro: -17.75, 2.82, -77.26
Accel: -0.35, -0.14, -1.01
Gyro: -17.05, 9.99, -99.91
Accel: -0.35, -0.13, -0.96
Gyro: -20.66, 18.86, -119.64
Accel: -0.35, -0.08, -0.94
Gyro: -21.76, 20.48, -134.24
Accel: -0.36, -0.12, -0.97
Gyro: -28.05, 24.54, -147.58
Accel: -0.38, -0.13, -0.98
Gyro: -31.66, 29.54, -158.95
Accel: -0.40, -0.13, -1.02
Gyro: -38.20, 39.83, -178.84
Accel: -0.38, -0.07, -0.93
Gyro: -41.39, 47.07, -189.76
Accel: -0.35, -0.09, -0.93
Gyro: -40.76, 50.64, -197.41
Accel: -0.36, -0.12, -0.94
Gyro: -51.35, 54.83, -206.81
Accel: -0.34, -0.00, -0.94
Gyro: -61.94, 59.15, -216.34
Accel: -0.29, 0.17, -0.83
Gyro: -63.10, 58.83, -208.25
Accel: -0.21, 0.35, -0.79
Gyro: -48.96, 48.65, -188.90
Accel: -0.07, 0.56, -0.69
Gyro: -54.13, 32.02, -146.42
Accel: -0.09, 0.56, -0.90
Gyro: -42.23, 11.67, -91.62
Accel: -0.07, 0.55, -0.94
Gyro: -35.48, 11.91, -42.18
Accel: -0.04, 0.39, -0.89
Gyro: -22.54, 3.36, -11.25
Accel: -0.06, 0.23, -0.98
Gyro: -17.07, 1.28, -3.65
Accel: -0.03, 0.32, -0.92
Gyro: -10.37, 2.97, -5.23
Accel: -0.00, 0.40, -0.86
Gyro: -0.51, -6.29, 7.26
Accel: -0.04, 0.42, -0.95
Gyro: 12.82, -9.91, 21.79
Accel: -0.04, 0.30, -0.89
Gyro: 24.95, -12.57, 35.87
Accel: -0.07, 0.20, -0.94
Gyro: 14.38, -16.24, 45.94
Accel: -0.08, 0.32, -0.93
Gyro: 10.86, -21.13, 59.32
Accel: -0.07, 0.33, -0.91
Gyro: 22.38, -26.82, 73.55
Accel: -0.08, 0.32, -0.89
Gyro: 27.96, -31.79, 90.30
Accel: -0.10, 0.39, -0.78
Gyro: 25.95, -45.46, 118.41
Accel: -0.18, 0.37, -0.90
Gyro: 37.85, -53.89, 151.19
Accel: -0.23, 0.35, -0.84
Gyro: 36.24, -60.59, 176.98
Accel: -0.29, 0.20, -0.84
Gyro: 47.40, -73.95, 199.34
Accel: -0.45, -0.02, -1.17
Gyro: 47.61, -63.48, 196.46
Accel: -0.38, 0.05, -0.91
Gyro: 28.74, -39.86, 176.75
Accel: -0.36, 0.08, -0.79
Gyro: 50.08, -47.10, 178.35
Accel: -0.42, -0.05, -1.00
Gyro: 38.38, -45.97, 170.81
Accel: -0.41, -0.06, -0.99
Gyro: 22.49, -34.48, 155.26
Accel: -0.40, -0.02, -0.98
Gyro: 28.31, -26.73, 141.34
Accel: -0.38, -0.07, -0.98
Gyro: 24.44, -19.60, 127.80
Accel: -0.34, -0.08, -0.93
Gyro: 19.17, -14.21, 107.24
Accel: -0.32, -0.06, -0.92
Gyro: 21.02, -13.09, 87.47
Accel: -0.32, -0.05, -0.97
Gyro: 16.60, -8.87, 69.60
Accel: -0.30, -0.03, -0.93
Gyro: 13.74, -6.23, 53.20
Accel: -0.29, -0.04, -0.93
Gyro: 11.81, -4.52, 38.09
Accel: -0.29, -0.03, -0.93
Gyro: 10.16, -4.74, 23.83
Accel: -0.28, 0.01, -0.93
Gyro: 7.45, -4.11, 13.50
Accel: -0.27, 0.02, -0.92
Gyro: 4.18, -3.70, 6.09
Accel: -0.29, 0.03, -0.93
Gyro: 4.03, -6.35, -0.55
Accel: -0.29, 0.04, -0.93
Gyro: 1.15, -6.04, -3.68
Accel: -0.29, 0.06, -0.93
Gyro: -0.82, -4.87, -6.19
Accel: -0.30, 0.07, -0.91
Gyro: -0.92, -5.09, -6.62
Accel: -0.30, 0.07, -0.94
Gyro: -2.20, -5.11, -6.44
Accel: -0.30, 0.07, -0.93
Gyro: -3.04, -3.81, -6.84
Accel: -0.30, 0.07, -0.94
Gyro: -3.15, -2.20, -7.58
Accel: -0.30, 0.07, -0.93
Gyro: -1.27, -1.68, -8.18
Accel: -0.30, 0.07, -0.94
Gyro: -1.01, -0.25, -7.79
Accel: -0.30, 0.07, -0.93
Gyro: -2.23, 1.30, -8.03
Accel: -0.29, 0.08, -0.94
Gyro: -2.50, 2.14, -7.02
Accel: -0.29, 0.08, -0.94
Gyro: -2.88, 3.21, -5.16
Accel: -0.28, 0.08, -0.92
Gyro: -1.72, 2.04, -3.72
Accel: -0.28, 0.06, -0.93
Gyro: -3.64, 2.00, -3.36
Accel: -0.29, 0.07, -0.92
Gyro: -4.07, 2.75, -3.04
Accel: -0.28, 0.06, -0.94
Gyro: -4.23, 2.88, -3.65
Accel: -0.27, 0.06, -0.93
Gyro: -3.93, 2.61, -4.36
Accel: -0.28, 0.07, -0.92
Gyro: -3.97, 2.51, -4.66
Accel: -0.27, 0.08, -0.92
Gyro: -3.56, 1.39, -4.56
Accel: -0.27, 0.08, -0.94
Gyro: -3.27, 0.59, -4.16
Accel: -0.27, 0.08, -0.92
Gyro: -2.89, -0.08, -3.56
Accel: -0.27, 0.08, -0.93
Gyro: -2.01, -1.06, -2.75
Accel: -0.27, 0.08, -0.92
Gyro: -2.24, -2.00, -2.35
Accel: -0.28, 0.07, -0.94
Gyro: -2.17, -2.47, -2.15
Accel: -0.27, 0.07, -0.92
Gyro: -1.24, -1.82, -2.32
Accel: -0.28, 0.07, -0.93
Gyro: -0.67, -1.87, -2.40
Accel: -0.28, 0.07, -0.92
Gyro: -2.15, -1.93, -2.56
Accel: -0.28, 0.07, -0.92
Gyro: -2.29, -2.15, -2.56
Accel: -0.29, 0.07, -0.94
Gyro: -2.66, -1.74, -2.72
Accel: -0.29, 0.08, -0.93
Gyro: -2.27, -1.30, -2.60
Accel: -0.28, 0.07, -0.94
Gyro: -1.99, -1.36, -1.98
Accel: -0.29, 0.08, -0.93
Gyro: -1.86, -0.95, -1.69
Accel: -0.29, 0.08, -0.93
Gyro: -1.18, -0.76, -1.43
Accel: -0.28, 0.07, -0.92
Gyro: -1.30, -0.94, -1.46
Accel: -0.28, 0.06, -0.93
Gyro: -1.03, -1.08, -1.47
Accel: -0.29, 0.07, -0.93
Gyro: -1.11, -0.62, -1.72
Accel: -0.29, 0.06, -0.92
Gyro: -1.15, -0.46, -1.82
Accel: -0.28, 0.06, -0.92
Gyro: -1.17, -0.70, -2.04
Accel: -0.28, 0.07, -0.93
Gyro: -0.92, -0.97, -1.82
Accel: -0.28, 0.06, -0.94
Gyro: -1.45, -0.58, -1.58
Accel: -0.28, 0.06, -0.93
Gyro: -2.11, -0.39, -1.43
Accel: -0.28, 0.06, -0.94
Gyro: -2.26, -0.63, -1.93
Accel: -0.28, 0.06, -0.92
Gyro: -1.91, -1.17, -1.97
