Accel: -0.29, 0.06, -0.94
Gyro: -2.24, -0.91, -1.58
Accel: -0.28, 0.07, -0.93
Gyro: -2.25, -0.75, -1.54
Accel: -0.28, 0.07, -0.92
Gyro: -2.16, -0.76, -1.56
Accel: -0.28, 0.06, -0.92
Gyro: -2.60, -0.57, -1.63
Accel: -0.28, 0.07, -0.94
Gyro: -3.49, -0.30, -1.64
Accel: -0.29, 0.07, -0.92
Gyro: -3.46, 0.47, -2.19
Accel: -0.29, 0.07, -0.92
Gyro: -1.27, -0.64, -2.01
Accel: -0.28, 0.06, -0.93
Gyro: -3.40, -0.38, -2.08
Accel: -0.28, 0.07, -0.92
Gyro: -3.92, -0.01, -2.04
Accel: -0.28, 0.07, -0.92
Gyro: -3.30, 0.26, -2.72
Accel: -0.29, 0.04, -0.93
Gyro: -3.03, -0.33, -4.32
Accel: -0.28, -0.06, -0.95
Gyro: -3.19, -0.50, -11.80
Accel: -0.29, -0.23, -0.94
Gyro: -9.15, 2.11, -36.67
Accel: -0.35, -0.36, -0.99
Gyro: -13.65, 8.29, -83.35
Accel: -0.41, -0.30, -1.02
Gyro: -19.55, 19.22, -133.65
Accel: -0.45, -0.28, -1.01
Gyro: -20.86, 28.85, -173.21
Accel: -0.48, -0.19, -0.97
Gyro: -34.37, 40.48, -203.29
Accel: -0.49, -0.13, -1.00
Gyro: -38.89, 49.29, -218.03
Accel: -0.47, -0.03, -0.96
Gyro: -49.29, 59.81, -226.61
Accel: -0.40, 0.07, -0.86
Gyro: -47.10, 59.52, -219.39
Accel: -0.34, 0.14, -0.88
Gyro: -49.10, 56.41, -207.52
Accel: -0.26, 0.21, -0.85
Gyro: -47.61, 49.05, -186.87
Accel: -0.20, 0.19, -0.85
Gyro: -44.01, 42.85, -167.54
Accel: -0.17, 0.20, -0.86
Gyro: -42.79, 33.93, -149.40
Accel: -0.07, 0.27, -0.97
Gyro: -46.45, 43.13, -135.47
Accel: -0.11, 0.31, -0.89
Gyro: -38.57, 23.79, -111.56
Accel: -0.06, 0.29, -0.90
Gyro: -29.24, 18.61, -87.47
Accel: -0.04, 0.38, -0.90
Gyro: -31.30, 9.59, -61.24
Accel: -0.06, 0.37, -0.93
Gyro: -23.07, 2.32, -32.10
Accel: -0.06, 0.33, -0.96
Gyro: -19.91, 4.33, -14.42
Accel: -0.03, 0.32, -0.92
Gyro: -7.68, 0.16, -2.22
Accel: -0.05, 0.22, -0.96
Gyro: -3.63, -1.91, 3.48
Accel: -0.01, 0.32, -0.94
Gyro: 1.85, -1.59, 7.74
Accel: 0.00, 0.31, -0.87
Gyro: 15.91, -10.97, 20.91
Accel: -0.08, 0.22, -0.90
Gyro: 15.53, -16.04, 37.02
Accel: -0.09, 0.23, -0.96
Gyro: 3.69, -10.93, 46.37
Accel: -0.04, 0.32, -0.91
Gyro: 7.88, -19.67, 60.78
Accel: -0.08, 0.43, -0.92
Gyro: 21.21, -24.79, 84.37
Accel: -0.07, 0.43, -0.80
Gyro: 38.60, -34.59, 112.30
Accel: -0.14, 0.34, -0.72
Gyro: 54.57, -54.04, 148.43
Accel: -0.28, 0.15, -1.06
Gyro: 45.61, -56.01, 173.00
Accel: -0.31, 0.14, -0.96
Gyro: 15.30, -38.29, 177.28
Accel: -0.28, 0.19, -0.76
Gyro: 37.25, -51.58, 185.69
Accel: -0.35, 0.01, -0.94
Gyro: 42.83, -59.40, 193.15
Accel: -0.40, -0.12, -1.06
Gyro: 22.40, -46.24, 174.26
Accel: -0.36, 0.07, -0.89
Gyro: 31.34, -37.83, 159.03
Accel: -0.37, 0.03, -0.92
Gyro: 45.91, -40.52, 163.25
Accel: -0.41, -0.07, -1.07
Gyro: 30.08, -29.91, 154.50
Accel: -0.36, -0.07, -0.95
Gyro: 16.65, -17.49, 140.08
Accel: -0.33, -0.06, -0.91
Gyro: 18.29, -17.60, 124.63
Accel: -0.32, -0.05, -0.96
Gyro: 14.32, -17.53, 107.15
Accel: -0.31, -0.07, -0.95
Gyro: 13.06, -14.21, 88.55
Accel: -0.30, -0.08, -0.95
Gyro: 13.15, -12.64, 68.66
Accel: -0.29, -0.04, -0.95
Gyro: 9.53, -9.74, 50.77
Accel: -0.29, -0.04, -0.94
Gyro: 6.94, -5.29, 36.13
Accel: -0.27, -0.03, -0.92
Gyro: 9.90, -5.96, 20.62
Accel: -0.28, -0.00, -0.95
Gyro: 7.10, -5.78, 8.81
Accel: -0.27, 0.02, -0.91
Gyro: 4.62, -6.97, 0.65
Accel: -0.29, 0.03, -0.92
Gyro: 4.14, -8.19, -3.75
Accel: -0.30, 0.03, -0.93
Gyro: 0.53, -7.46, -6.20
Accel: -0.31, 0.03, -0.94
Gyro: -1.49, -6.61, -9.29
Accel: -0.31, 0.05, -0.93
Gyro: -1.92, -5.77, -10.92
Accel: -0.31, 0.06, -0.94
Gyro: -3.03, -4.30, -11.55
Accel: -0.31, 0.06, -0.94
Gyro: -3.23, -2.78, -10.87
Accel: -0.31, 0.05, -0.93
Gyro: -3.40, -2.10, -11.09
Accel: -0.30, 0.07, -0.93
Gyro: -4.33, -1.55, -10.77
Accel: -0.31, 0.08, -0.92
Gyro: -4.12, -1.08, -9.72
Accel: -0.31, 0.08, -0.92
Gyro: -4.36, -0.31, -7.38
Accel: -0.30, 0.07, -0.93
Gyro: -3.81, -0.67, -5.23
Accel: -0.31, 0.06, -0.93
Gyro: -4.66, -0.86, -5.16
Accel: -0.30, 0.06, -0.93
Gyro: -4.71, -0.23, -5.49
Accel: -0.30, 0.07, -0.93
Gyro: -4.46, 1.43, -5.10
Accel: -0.29, 0.07, -0.92
Gyro: -4.56, 1.78, -4.71
Accel: -0.29, 0.07, -0.92
Gyro: -3.71, 0.83, -4.55
Accel: -0.29, 0.08, -0.91
Gyro: -3.55, -0.33, -4.33
Accel: -0.29, 0.08, -0.93
Gyro: -3.67, -0.22, -3.55
Accel: -0.29, 0.08, -0.93
Gyro: -2.92, -0.43, -2.87
Accel: -0.29, 0.07, -0.93
Gyro: -2.93, -0.16, -2.53
Accel: -0.29, 0.07, -0.93
Gyro: -3.33, -0.91, -2.64
Accel: -0.28, 0.07, -0.91
Gyro: -3.27, -0.33, -2.63
Accel: -0.29, 0.06, -0.93
Gyro: -3.04, -0.34, -2.74
Accel: -0.29, 0.07, -0.91
Gyro: -2.75, 0.04, -3.88
Accel: -0.29, 0.07, -0.92
Gyro: -1.29, -0.98, -4.09
Accel: -0.29, 0.07, -0.91
Gyro: -2.12, -1.43, -4.08
Accel: -0.29, 0.08, -0.92
Gyro: -2.37, -2.25, -3.68
Accel: -0.30, 0.07, -0.93
Gyro: -2.81, -2.04, -3.17
Accel: -0.30, 0.08, -0.93
Gyro: -3.10, -1.83, -2.72
Accel: -0.30, 0.08, -0.92
Gyro: -2.53, -2.12, -1.95
Accel: -0.30, 0.07, -0.93
Gyro: -2.43, -1.99, -1.57
Accel: -0.29, 0.07, -0.93
Gyro: -2.81, -0.76, -1.80
Accel: -0.30, 0.07, -0.92
Gyro: -1.85, -0.47, -1.86
Accel: -0.31, 0.07, -0.92
Gyro: -2.17, -0.08, -2.32
Accel: -0.30, 0.08, -0.93
Gyro: -1.89, 0.19, -2.23
Accel: -0.29, 0.08, -0.92
Gyro: -1.07, 0.27, -2.08
Accel: -0.29, 0.07, -0.92
Gyro: -0.91, -0.14, -1.69
Accel: -0.30, 0.06, -0.92
Gyro: -1.21, -0.48, -1.05
Accel: -0.30, 0.06, -0.94
Gyro: -1.78, -0.18, -0.92
Accel: -0.30, 0.06, -0.93
Gyro: -2.43, 0.05, -1.11
Accel: -0.30, 0.06, -0.92
Gyro: -1.85, -0.40, -1.50
Accel: -0.29, 0.07, -0.92
Gyro: -1.63, -0.45, -1.64
Accel: -0.30, 0.07, -0.92
Gyro: -1.91, -0.11, -1.55
