Accel: -0.27, 0.09, -0.91
Gyro: -2.04, -1.77, -3.07
Accel: -0.28, 0.09, -0.93
Gyro: -2.28, -1.78, -2.46
Accel: -0.28, 0.09, -0.92
Gyro: -2.01, -2.26, -1.88
Accel: -0.28, 0.09, -0.93
Gyro: -2.75, -2.26, -1.43
Accel: -0.29, 0.08, -0.93
Gyro: -2.86, -2.17, -1.34
Accel: -0.28, 0.09, -0.93
Gyro: -2.52, -1.57, -1.49
Accel: -0.29, 0.08, -0.94
Gyro: -2.72, -1.24, -2.01
Accel: -0.29, 0.09, -0.94
Gyro: -2.44, -0.56, -2.19
Accel: -0.30, 0.08, -0.93
Gyro: -2.55, -0.11, -2.97
Accel: -0.29, 0.08, -0.93
Gyro: -4.13, 1.28, -3.89
Accel: -0.29, 0.09, -0.94
Gyro: -3.87, 1.39, -4.90
Accel: -0.28, 0.07, -0.93
Gyro: -3.97, 0.92, -5.35
Accel: -0.28, 0.02, -0.94
Gyro: -3.99, 0.70, -9.68
Accel: -0.31, -0.20, -0.96
Gyro: -7.56, 4.96, -29.37
Accel: -0.32, -0.26, -0.98
Gyro: -12.86, 9.33, -72.97
Accel: -0.36, -0.29, -0.97
Gyro: -15.38, 16.45, -114.85
Accel: -0.43, -0.26, -1.04
Gyro: -24.69, 28.23, -160.80
Accel: -0.43, -0.12, -0.91
Gyro: -26.87, 35.64, -189.27
Accel: -0.46, -0.13, -0.96
Gyro: -27.24, 38.43, -207.04
Accel: -0.47, -0.07, -0.94
Gyro: -35.73, 44.59, -221.00
Accel: -0.43, 0.04, -0.94
Gyro: -39.62, 48.90, -220.56
Accel: -0.40, 0.06, -0.92
Gyro: -41.63, 51.58, -210.95
Accel: -0.33, 0.14, -0.92
Gyro: -50.66, 53.39, -200.06
Accel: -0.25, 0.20, -0.85
Gyro: -44.20, 48.19, -180.27
Accel: -0.21, 0.13, -0.85
Gyro: -41.60, 44.14, -165.25
Accel: -0.18, 0.26, -0.89
Gyro: -37.43, 32.84, -152.73
Accel: -0.10, 0.43, -0.79
Gyro: -32.65, 18.65, -121.03
Accel: -0.09, 0.43, -0.91
Gyro: -27.58, 10.07, -78.44
Accel: -0.07, 0.44, -0.93
Gyro: -21.06, 4.22, -38.82
Accel: -0.10, 0.31, -0.96
Gyro: -14.03, -0.12, -10.67
Accel: -0.10, 0.21, -0.98
Gyro: -13.08, -0.41, -1.36
Accel: -0.07, 0.30, -0.96
Gyro: -3.94, 0.14, 5.81
Accel: -0.06, 0.28, -0.94
Gyro: 3.91, -2.64, 16.04
Accel: -0.06, 0.31, -0.92
Gyro: 6.26, -6.56, 31.83
Accel: -0.07, 0.31, -0.89
Gyro: 13.11, -10.57, 50.95
Accel: -0.08, 0.27, -0.91
Gyro: 15.80, -16.86, 70.06
Accel: -0.11, 0.27, -0.98
Gyro: 13.86, -20.65, 88.29
Accel: -0.11, 0.29, -0.88
Gyro: 23.25, -23.12, 102.93
Accel: -0.12, 0.33, -0.79
Gyro: 33.23, -39.69, 128.25
Accel: -0.22, 0.19, -1.00
Gyro: 39.41, -46.52, 152.67
Accel: -0.26, 0.11, -1.02
Gyro: 19.00, -28.59, 154.38
Accel: -0.23, 0.07, -0.80
Gyro: 37.41, -36.17, 154.20
Accel: -0.24, -0.01, -0.82
Gyro: 39.79, -49.35, 150.33
Accel: -0.29, 0.06, -1.02
Gyro: 26.47, -51.58, 144.23
Accel: -0.38, 0.06, -1.07
Gyro: 22.54, -32.05, 153.64
Accel: -0.33, -0.01, -0.92
Gyro: 30.24, -27.18, 150.89
Accel: -0.33, -0.09, -0.97
Gyro: 21.86, -24.89, 137.27
Accel: -0.31, -0.04, -0.92
Gyro: 12.45, -22.04, 120.42
Accel: -0.32, -0.00, -0.93
Gyro: 20.27, -22.64, 113.21
Accel: -0.33, -0.01, -0.99
Gyro: 18.35, -20.14, 106.06
Accel: -0.32, -0.04, -0.95
Gyro: 10.38, -13.79, 95.59
Accel: -0.30, -0.03, -0.95
Gyro: 8.86, -10.99, 83.27
Accel: -0.31, -0.02, -0.97
Gyro: 7.43, -8.35, 72.21
Accel: -0.29, -0.02, -0.92
Gyro: 5.04, -7.42, 60.25
Accel: -0.28, -0.05, -0.92
Gyro: 3.56, -9.22, 45.37
Accel: -0.29, -0.02, -0.96
Gyro: 0.86, -6.64, 29.89
Accel: -0.29, 0.01, -0.96
Gyro: 1.10, -3.06, 17.94
Accel: -0.26, 0.02, -0.91
Gyro: 2.45, -3.33, 7.45
Accel: -0.27, 0.03, -0.92
Gyro: 2.35, -5.63, -1.73
Accel: -0.28, 0.06, -0.92
Gyro: 2.00, -6.03, -7.38
Accel: -0.29, 0.05, -0.93
Gyro: 1.46, -6.07, -10.23
Accel: -0.29, 0.05, -0.93
Gyro: 0.29, -5.84, -12.03
Accel: -0.30, 0.07, -0.94
Gyro: -1.94, -4.17, -13.40
Accel: -0.29, 0.09, -0.94
Gyro: -2.53, -2.55, -11.79
Accel: -0.28, 0.07, -0.91
Gyro: -2.16, -3.68, -10.31
Accel: -0.29, 0.08, -0.94
Gyro: -0.83, -4.23, -9.32
Accel: -0.30, 0.09, -0.95
Gyro: -3.62, -1.76, -7.02
Accel: -0.28, 0.09, -0.91
Gyro: -3.63, -1.33, -4.43
Accel: -0.29, 0.08, -0.92
Gyro: -2.54, -2.51, -3.44
Accel: -0.29, 0.06, -0.93
Gyro: -4.45, -2.36, -3.25
Accel: -0.29, 0.06, -0.93
Gyro: -5.74, -1.03, -3.95
Accel: -0.28, 0.08, -0.92
Gyro: -4.58, -1.30, -5.04
Accel: -0.29, 0.07, -0.92
Gyro: -3.28, -2.09, -4.85
Accel: -0.29, 0.08, -0.92
Gyro: -3.41, -2.31, -4.45
Accel: -0.29, 0.08, -0.91
Gyro: -2.81, -3.33, -3.94
Accel: -0.30, 0.08, -0.93
Gyro: -3.40, -3.60, -3.59
Accel: -0.30, 0.10, -0.93
Gyro: -2.79, -3.19, -1.93
Accel: -0.29, 0.09, -0.91
Gyro: -1.40, -4.25, -0.98
Accel: -0.30, 0.08, -0.93
Gyro: -2.25, -4.14, -0.16
Accel: -0.30, 0.08, -0.93
Gyro: -2.03, -4.63, -0.56
Accel: -0.31, 0.07, -0.93
Gyro: -1.71, -3.21, -0.68
Accel: -0.31, 0.07, -0.93
Gyro: -3.01, -2.37, -2.01
Accel: -0.31, 0.07, -0.94
Gyro: -3.01, -1.85, -2.75
Accel: -0.30, 0.08, -0.93
Gyro: -2.57, -1.46, -3.44
Accel: -0.30, 0.08, -0.92
Gyro: -2.07, -1.04, -3.72
Accel: -0.31, 0.08, -0.91
Gyro: -1.84, -1.09, -3.09
Accel: -0.31, 0.08, -0.92
Gyro: -1.27, -1.91, -2.18
Accel: -0.31, 0.08, -0.93
Gyro: -1.86, -1.56, -1.62
Accel: -0.31, 0.08, -0.92
Gyro: -2.38, -1.19, -1.01
Accel: -0.31, 0.08, -0.92
Gyro: -2.37, -1.06, -0.94
Accel: -0.31, 0.08, -0.92
Gyro: -2.38, -0.21, -0.97
Accel: -0.30, 0.07, -0.91
Gyro: -2.33, -0.04, -1.26
Accel: -0.30, 0.08, -0.91
Gyro: -2.14, -0.55, -1.50
Accel: -0.31, 0.07, -0.92
Gyro: -1.79, -0.42, -1.19
Accel: -0.31, 0.07, -0.93
Gyro: -2.08, -0.20, -0.87
Accel: -0.30, 0.08, -0.92
Gyro: -2.02, -0.22, -1.27
Accel: -0.30, 0.07, -0.91
Gyro: -2.70, 0.46, -1.42
Accel: -0.30, 0.08, -0.92
Gyro: -1.17, -0.37, -1.99
Accel: -0.30, 0.07, -0.91
Gyro: -2.52, -0.58, -1.95
Accel: -0.31, 0.08, -0.90
Gyro: -2.71, -1.72, -2.27
Accel: -0.32, 0.08, -0.92
Gyro: -2.16, -1.95, -2.16
