Accel: -0.27, 0.06, -0.94
Gyro: -2.89, 0.42, -1.84
Accel: -0.26, 0.07, -0.93
Gyro: -2.30, 0.05, -1.97
Accel: -0.26, 0.07, -0.94
Gyro: -1.92, -0.21, -1.66
Accel: -0.26, 0.07, -0.93
Gyro: -2.23, -0.14, -1.11
Accel: -0.26, 0.06, -0.93
Gyro: -1.62, -0.91, -0.85
Accel: -0.27, 0.06, -0.94
Gyro: -2.19, -0.97, -0.81
Accel: -0.27, 0.06, -0.93
Gyro: -2.33, -1.06, -1.32
Accel: -0.27, 0.06, -0.94
Gyro: -2.50, -1.11, -1.45
Accel: -0.27, 0.07, -0.93
Gyro: -2.00, -0.82, -1.64
Accel: -0.26, 0.06, -0.93
Gyro: -1.64, -0.33, -1.73
Accel: -0.26, 0.04, -0.94
Gyro: -1.82, -0.07, -2.69
Accel: -0.26, -0.01, -0.93
Gyro: -2.82, 0.55, -7.35
Accel: -0.26, -0.07, -0.93
Gyro: -5.80, 0.98, -20.09
Accel: -0.27, -0.17, -0.94
Gyro: -9.82, 0.89, -42.77
Accel: -0.30, -0.19, -0.97
Gyro: -11.92, 5.13, -74.12
Accel: -0.33, -0.23, -0.99
Gyro: -11.89, 11.63, -105.63
Accel: -0.37, -0.26, -1.00
Gyro: -16.40, 18.30, -139.47
Accel: -0.41, -0.26, -1.01
Gyro: -24.41, 27.43, -174.04
Accel: -0.45, -0.17, -1.00
Gyro: -31.11, 36.57, -198.25
Accel: -0.44, -0.11, -0.95
Gyro: -39.38, 43.95, -209.60
Accel: -0.40, -0.00, -0.92
Gyro: -49.29, 48.48, -210.82
Accel: -0.35, 0.09, -0.89
Gyro: -51.63, 47.46, -200.67
Accel: -0.31, 0.09, -0.90
Gyro: -51.72, 44.14, -188.18
Accel: -0.26, 0.19, -0.89
Gyro: -52.47, 41.79, -177.38
Accel: -0.20, 0.23, -0.85
Gyro: -43.35, 35.05, -155.75
Accel: -0.18, 0.20, -0.85
Gyro: -34.57, 30.38, -141.05
Accel: -0.11, 0.30, -0.80
Gyro: -44.11, 26.95, -118.67
Accel: -0.12, 0.26, -0.92
Gyro: -39.30, 16.30, -98.50
Accel: -0.09, 0.43, -0.91
Gyro: -32.55, 15.40, -75.60
Accel: -0.05, 0.46, -0.89
Gyro: -21.21, 5.44, -40.45
Accel: -0.09, 0.33, -0.97
Gyro: -17.37, 3.35, -12.15
Accel: -0.07, 0.26, -0.95
Gyro: -11.34, 2.81, -0.57
Accel: -0.06, 0.20, -0.93
Gyro: -6.62, -2.69, 5.04
Accel: -0.07, 0.23, -1.00
Gyro: -4.43, -1.81, 4.64
Accel: -0.04, 0.31, -0.94
Gyro: 7.29, -2.03, 9.57
Accel: -0.07, 0.20, -0.93
Gyro: 8.29, -6.27, 20.87
Accel: -0.08, 0.20, -0.97
Gyro: 4.85, -4.02, 29.35
Accel: -0.05, 0.21, -0.93
Gyro: 4.78, -5.97, 33.16
Accel: -0.07, 0.25, -0.94
Gyro: 7.87, -8.98, 40.60
Accel: -0.07, 0.27, -0.96
Gyro: 11.72, -7.50, 49.88
Accel: -0.05, 0.30, -0.90
Gyro: 17.17, -11.29, 63.23
Accel: -0.06, 0.22, -0.87
Gyro: 26.17, -20.07, 77.95
Accel: -0.07, 0.22, -0.88
Gyro: 20.91, -29.21, 90.69
Accel: -0.09, 0.25, -0.89
Gyro: 24.00, -36.00, 103.38
Accel: -0.13, 0.26, -0.85
Gyro: 30.34, -46.02, 119.49
Accel: -0.20, 0.19, -0.90
Gyro: 35.85, -54.70, 138.61
Accel: -0.26, 0.09, -1.00
Gyro: 29.40, -51.72, 146.94
Accel: -0.27, 0.13, -0.90
Gyro: 27.35, -45.75, 148.09
Accel: -0.29, 0.11, -0.84
Gyro: 40.88, -53.31, 157.15
Accel: -0.36, -0.05, -1.02
Gyro: 36.30, -50.70, 155.53
Accel: -0.39, -0.03, -1.00
Gyro: 11.03, -37.15, 143.96
Accel: -0.35, 0.04, -0.91
Gyro: 20.59, -36.28, 140.15
Accel: -0.37, -0.02, -1.00
Gyro: 16.49, -30.54, 133.18
Accel: -0.37, -0.03, -0.98
Gyro: 9.62, -23.13, 120.59
Accel: -0.34, -0.02, -0.97
Gyro: 8.91, -18.68, 104.42
Accel: -0.34, 0.02, -0.96
Gyro: 12.18, -13.95, 90.29
Accel: -0.34, 0.03, -0.97
Gyro: 14.78, -9.43, 77.82
Accel: -0.32, 0.05, -0.92
Gyro: 12.53, -4.81, 67.57
Accel: -0.31, 0.05, -0.92
Gyro: 16.39, -3.69, 59.00
Accel: -0.30, 0.01, -0.91
Gyro: 16.03, -3.52, 47.69
Accel: -0.29, 0.02, -0.93
Gyro: 13.95, -2.12, 36.77
Accel: -0.29, 0.01, -0.92
Gyro: 10.60, -0.90, 26.74
Accel: -0.28, 0.01, -0.92
Gyro: 8.71, -2.63, 16.67
Accel: -0.28, 0.01, -0.92
Gyro: 4.88, -2.44, 7.48
Accel: -0.27, 0.03, -0.92
Gyro: 2.88, -2.69, -0.90
Accel: -0.28, 0.06, -0.94
Gyro: 1.57, -3.16, -3.93
Accel: -0.28, 0.06, -0.93
Gyro: -0.24, -3.41, -5.79
Accel: -0.28, 0.06, -0.94
Gyro: -2.32, -2.45, -6.91
Accel: -0.29, 0.09, -0.94
Gyro: -2.46, -1.18, -7.05
Accel: -0.28, 0.08, -0.92
Gyro: -1.19, -0.79, -6.39
Accel: -0.28, 0.07, -0.93
Gyro: -2.26, -1.26, -7.10
Accel: -0.28, 0.07, -0.91
Gyro: -3.80, -2.02, -8.59
Accel: -0.29, 0.09, -0.94
Gyro: -3.23, -2.14, -9.41
Accel: -0.28, 0.09, -0.93
Gyro: -2.67, -1.27, -8.68
Accel: -0.28, 0.08, -0.93
Gyro: -2.28, -1.59, -9.06
Accel: -0.28, 0.08, -0.93
Gyro: -3.25, -0.72, -8.61
Accel: -0.28, 0.10, -0.94
Gyro: -3.04, 0.14, -7.92
Accel: -0.28, 0.10, -0.91
Gyro: -3.12, 0.84, -5.89
Accel: -0.28, 0.08, -0.93
Gyro: -2.69, 0.47, -5.15
Accel: -0.27, 0.08, -0.93
Gyro: -3.66, 0.69, -5.14
Accel: -0.27, 0.08, -0.94
Gyro: -4.12, 0.91, -5.29
Accel: -0.27, 0.09, -0.91
Gyro: -3.46, 0.28, -5.39
Accel: -0.28, 0.09, -0.93
Gyro: -2.82, -0.71, -4.99
Accel: -0.27, 0.09, -0.93
Gyro: -3.17, -0.72, -4.74
Accel: -0.27, 0.09, -0.93
Gyro: -2.66, -0.76, -4.46
Accel: -0.28, 0.09, -0.93
Gyro: -2.01, -1.53, -4.05
Accel: -0.28, 0.09, -0.92
Gyro: -1.76, -0.41, -3.54
Accel: -0.27, 0.09, -0.93
Gyro: -1.59, -0.65, -2.89
Accel: -0.28, 0.09, -0.93
Gyro: -1.63, -0.78, -2.56
Accel: -0.28, 0.08, -0.93
Gyro: -0.97, -0.67, -2.23
Accel: -0.28, 0.08, -0.93
Gyro: -1.35, 0.18, -2.15
Accel: -0.27, 0.08, -0.93
Gyro: -1.40, 0.38, -1.95
Accel: -0.28, 0.08, -0.92
Gyro: -1.75, 0.67, -1.55
Accel: -0.27, 0.08, -0.94
Gyro: -2.45, 0.09, -1.78
Accel: -0.27, 0.08, -0.92
Gyro: -2.08, 0.86, -2.29
Accel: -0.27, 0.08, -0.91
Gyro: -0.68, -0.35, -1.82
Accel: -0.27, 0.08, -0.92
Gyro: -1.87, -0.80, -2.16
Accel: -0.27, 0.08, -0.92
Gyro: -1.82, -1.55, -2.01
Accel: -0.28, 0.07, -0.93
Gyro: -2.01, -1.62, -2.66
Accel: -0.27, 0.08, -0.93
Gyro: -2.27, -1.82, -2.78
Accel: -0.28, 0.08, -0.93
Gyro: -1.63, -1.73, -3.00
