Accel: -0.29, 0.08, -0.94
Gyro: -2.00, -0.90, -1.82
Accel: -0.28, 0.08, -0.92
Gyro: -1.79, -0.79, -1.43
Accel: -0.29, 0.08, -0.93
Gyro: -2.40, -1.52, -1.66
Accel: -0.29, 0.09, -0.95
Gyro: -2.88, 0.66, -1.76
Accel: -0.28, 0.07, -0.92
Gyro: -1.23, 1.92, -2.02
Accel: -0.28, 0.08, -0.92
Gyro: -2.26, 1.38, -2.73
Accel: -0.27, 0.09, -0.90
Gyro: -2.04, -1.04, -2.53
Accel: -0.29, 0.08, -0.92
Gyro: -1.26, -1.86, -1.19
Accel: -0.29, 0.08, -0.94
Gyro: -2.02, -1.31, -0.34
Accel: -0.28, 0.07, -0.91
Gyro: -0.44, -1.85, -0.20
Accel: -0.28, 0.05, -0.93
Gyro: -0.54, -2.87, -1.30
Accel: -0.28, 0.01, -0.95
Gyro: -2.15, -2.75, -5.28
Accel: -0.30, -0.16, -0.91
Gyro: -7.83, -0.29, -23.11
Accel: -0.34, -0.35, -0.94
Gyro: -9.67, -2.83, -61.10
Accel: -0.41, -0.41, -1.04
Gyro: -19.85, 4.52, -115.89
Accel: -0.46, -0.30, -1.04
Gyro: -30.03, 22.21, -163.96
Accel: -0.49, -0.22, -0.96
Gyro: -33.85, 32.40, -193.48
Accel: -0.53, -0.20, -1.01
Gyro: -44.43, 43.16, -218.06
Accel: -0.49, -0.03, -0.91
Gyro: -55.99, 52.01, -230.38
Accel: -0.45, 0.06, -0.85
Gyro: -49.78, 51.34, -224.20
Accel: -0.43, 0.08, -0.88
Gyro: -52.67, 50.05, -217.55
Accel: -0.36, 0.21, -0.88
Gyro: -55.43, 47.00, -204.54
Accel: -0.32, 0.21, -0.90
Gyro: -45.20, 43.24, -179.70
Accel: -0.26, 0.21, -0.92
Gyro: -47.14, 44.65, -162.93
Accel: -0.21, 0.20, -0.81
Gyro: -28.72, 36.06, -149.80
Accel: -0.14, 0.30, -0.79
Gyro: -31.37, 30.67, -129.30
Accel: -0.11, 0.40, -0.90
Gyro: -19.87, 19.57, -105.39
Accel: -0.09, 0.45, -0.92
Gyro: -12.73, 14.50, -68.14
Accel: -0.02, 0.39, -0.85
Gyro: -16.32, 7.39, -33.24
Accel: -0.09, 0.19, -0.95
Gyro: -1.25, -5.67, -11.28
Accel: -0.16, 0.05, -1.12
Gyro: -12.34, 5.16, -9.99
Accel: -0.04, 0.20, -0.92
Gyro: -18.57, 9.02, -10.62
Accel: -0.05, 0.22, -0.96
Gyro: -4.54, -3.38, -1.70
Accel: -0.03, 0.30, -0.94
Gyro: 4.17, -1.63, 8.46
Accel: -0.07, 0.07, -0.94
Gyro: 8.77, -9.17, 14.00
Accel: -0.08, 0.15, -1.02
Gyro: 0.79, -11.09, 15.97
Accel: -0.07, 0.29, -0.95
Gyro: 0.82, -11.32, 31.39
Accel: -0.10, 0.25, -0.96
Gyro: 8.21, -14.03, 47.85
Accel: -0.12, 0.32, -0.97
Gyro: 4.22, -13.81, 67.44
Accel: -0.12, 0.34, -0.93
Gyro: 21.08, -9.97, 83.15
Accel: -0.09, 0.36, -0.74
Gyro: 39.83, -25.15, 103.03
Accel: -0.17, 0.28, -0.79
Gyro: 48.35, -47.15, 139.65
Accel: -0.31, 0.21, -1.09
Gyro: 29.82, -37.21, 168.88
Accel: -0.27, 0.26, -0.81
Gyro: 12.73, -30.71, 187.39
Accel: -0.28, 0.26, -0.69
Gyro: 41.33, -57.96, 212.62
Accel: -0.42, 0.03, -0.89
Gyro: 53.60, -65.88, 225.40
Accel: -0.48, -0.18, -1.11
Gyro: 35.88, -49.02, 203.54
Accel: -0.41, 0.06, -0.87
Gyro: 26.89, -39.79, 182.33
Accel: -0.41, 0.01, -0.87
Gyro: 48.82, -45.95, 187.45
Accel: -0.48, -0.18, -1.09
Gyro: 38.37, -32.60, 168.44
Accel: -0.40, -0.13, -0.95
Gyro: 14.39, -17.53, 144.37
Accel: -0.39, -0.13, -0.96
Gyro: 18.42, -17.88, 124.58
Accel: -0.37, -0.14, -1.03
Gyro: 8.37, -9.15, 100.14
Accel: -0.34, -0.12, -0.96
Gyro: 10.72, -2.16, 73.59
Accel: -0.32, -0.08, -0.97
Gyro: 9.82, 3.62, 50.64
Accel: -0.28, -0.06, -0.90
Gyro: 6.28, 6.59, 30.66
Accel: -0.26, -0.02, -0.88
Gyro: 6.26, 2.17, 13.66
Accel: -0.28, -0.00, -0.92
Gyro: 4.20, -1.34, 2.52
Accel: -0.27, 0.01, -0.93
Gyro: 2.20, -2.13, -5.86
Accel: -0.27, 0.02, -0.93
Gyro: -0.47, -2.33, -12.24
Accel: -0.28, 0.05, -0.95
Gyro: -1.46, -2.28, -16.86
Accel: -0.28, 0.07, -0.95
Gyro: -0.78, -1.30, -18.16
Accel: -0.28, 0.08, -0.94
Gyro: -1.43, 0.80, -16.39
Accel: -0.28, 0.08, -0.92
Gyro: -1.36, 0.31, -14.41
Accel: -0.27, 0.07, -0.92
Gyro: 0.07, -1.65, -12.18
Accel: -0.27, 0.07, -0.93
Gyro: -1.64, -0.99, -10.60
Accel: -0.27, 0.07, -0.91
Gyro: -0.51, -1.83, -9.36
Accel: -0.28, 0.07, -0.92
Gyro: 1.05, -2.37, -7.91
Accel: -0.28, 0.06, -0.94
Gyro: 1.33, -2.31, -7.78
Accel: -0.28, 0.07, -0.95
Gyro: -0.69, -0.63, -6.81
Accel: -0.28, 0.07, -0.95
Gyro: -1.30, 1.40, -4.22
Accel: -0.27, 0.06, -0.93
Gyro: -1.90, 1.28, -1.85
Accel: -0.27, 0.06, -0.92
Gyro: -3.30, 0.14, -1.16
Accel: -0.28, 0.05, -0.93
Gyro: -2.94, -0.37, -1.82
Accel: -0.27, 0.05, -0.93
Gyro: -2.61, 0.40, -1.96
Accel: -0.27, 0.05, -0.93
Gyro: -2.11, 0.27, -2.14
Accel: -0.27, 0.05, -0.94
Gyro: -2.56, 0.55, -2.11
Accel: -0.27, 0.05, -0.93
Gyro: -2.91, 0.57, -2.28
Accel: -0.27, 0.05, -0.93
Gyro: -2.94, 0.17, -2.64
Accel: -0.27, 0.06, -0.92
Gyro: -3.39, 0.16, -2.51
Accel: -0.26, 0.06, -0.93
Gyro: -3.75, 0.27, -2.85
Accel: -0.26, 0.07, -0.93
Gyro: -1.35, -1.50, -2.87
Accel: -0.27, 0.07, -0.93
Gyro: -1.29, -1.41, -0.97
Accel: -0.26, 0.06, -0.92
Gyro: -1.48, -2.04, 0.28
Accel: -0.27, 0.06, -0.93
Gyro: -2.20, -2.40, -0.12
Accel: -0.28, 0.05, -0.95
Gyro: -2.20, -2.45, -2.10
Accel: -0.28, 0.06, -0.93
Gyro: -2.33, -1.14, -2.17
Accel: -0.27, 0.07, -0.93
Gyro: -1.33, -1.15, -1.43
Accel: -0.27, 0.07, -0.94
Gyro: -2.36, -1.34, -1.22
Accel: -0.27, 0.05, -0.94
Gyro: -1.97, -0.83, -1.17
Accel: -0.27, 0.06, -0.94
Gyro: -2.22, -0.46, -2.20
Accel: -0.27, 0.06, -0.93
Gyro: -1.39, -0.97, -2.50
Accel: -0.27, 0.06, -0.94
Gyro: -1.15, -0.85, -2.13
Accel: -0.27, 0.07, -0.93
Gyro: -1.98, -0.18, -1.60
Accel: -0.28, 0.06, -0.92
Gyro: -1.21, -0.80, -0.43
Accel: -0.27, 0.05, -0.94
Gyro: -1.21, -0.88, 0.08
Accel: -0.28, 0.05, -0.94
Gyro: -2.43, 0.56, 0.11
Accel: -0.27, 0.05, -0.93
Gyro: -2.03, 0.31, -0.72
Accel: -0.28, 0.05, -0.92
Gyro: -1.14, -0.04, -1.51
Accel: -0.28, 0.05, -0.93
Gyro: -0.66, -0.01, -1.43
Accel: -0.27, 0.06, -0.94
Gyro: -1.04, 0.25, -1.39
