Accel: -0.29, 0.09, -0.92
Gyro: -1.59, 0.11, -1.66
Accel: -0.29, 0.10, -0.92
Gyro: -1.06, -1.58, -1.73
Accel: -0.30, 0.09, -0.93
Gyro: -0.52, -1.91, -1.13
Accel: -0.29, 0.09, -0.92
Gyro: -0.02, -1.66, -0.41
Accel: -0.30, 0.09, -0.92
Gyro: 0.37, -1.62, 0.50
Accel: -0.30, 0.07, -0.93
Gyro: -1.93, -0.69, 0.87
Accel: -0.30, 0.07, -0.92
Gyro: -2.71, -0.24, 0.28
Accel: -0.29, 0.08, -0.92
Gyro: -2.40, -0.63, -0.60
Accel: -0.30, 0.08, -0.91
Gyro: -2.09, -1.44, -1.41
Accel: -0.30, 0.07, -0.92
Gyro: -2.56, -1.37, -2.18
Accel: -0.31, 0.03, -0.93
Gyro: -2.46, -1.95, -4.26
Accel: -0.35, -0.18, -0.97
Gyro: -8.93, 2.92, -19.07
Accel: -0.35, -0.22, -0.98
Gyro: -18.98, 11.88, -51.69
Accel: -0.38, -0.29, -1.00
Gyro: -22.55, 18.68, -87.89
Accel: -0.40, -0.32, -0.97
Gyro: -34.77, 29.68, -135.22
Accel: -0.45, -0.20, -0.97
Gyro: -41.45, 35.52, -169.33
Accel: -0.47, -0.12, -0.96
Gyro: -50.27, 45.58, -196.00
Accel: -0.49, -0.09, -0.93
Gyro: -53.89, 54.06, -212.46
Accel: -0.49, 0.01, -0.94
Gyro: -60.60, 62.21, -226.36
Accel: -0.45, 0.16, -0.89
Gyro: -61.69, 67.31, -223.81
Accel: -0.39, 0.23, -0.86
Gyro: -53.77, 67.06, -208.55
Accel: -0.32, 0.24, -0.82
Gyro: -50.29, 64.34, -192.39
Accel: -0.21, 0.26, -0.76
Gyro: -33.71, 49.71, -178.08
Accel: -0.29, 0.38, -0.88
Gyro: -47.21, 44.40, -146.54
Accel: -0.13, 0.42, -0.76
Gyro: -56.65, 41.71, -120.38
Accel: -0.10, 0.56, -0.87
Gyro: -34.10, 20.04, -84.41
Accel: -0.10, 0.59, -0.94
Gyro: -23.59, 17.88, -39.63
Accel: -0.06, 0.38, -0.81
Gyro: -14.59, 7.64, -9.00
Accel: -0.07, 0.28, -0.94
Gyro: -10.89, 2.75, 1.43
Accel: -0.05, 0.30, -0.91
Gyro: -4.75, 3.93, 1.81
Accel: -0.04, 0.31, -0.89
Gyro: 3.65, -4.10, 6.00
Accel: -0.04, 0.35, -0.93
Gyro: 9.14, -7.60, 15.40
Accel: -0.06, 0.29, -0.90
Gyro: 19.23, -13.60, 26.54
Accel: -0.11, 0.23, -0.94
Gyro: 7.06, -16.56, 37.66
Accel: -0.09, 0.34, -0.94
Gyro: 5.39, -16.70, 52.31
Accel: -0.08, 0.35, -0.93
Gyro: 19.70, -22.13, 64.59
Accel: -0.12, 0.22, -0.95
Gyro: 29.12, -23.19, 78.93
Accel: -0.12, 0.24, -0.93
Gyro: 13.16, -16.98, 85.17
Accel: -0.08, 0.38, -0.78
Gyro: 19.02, -34.10, 106.47
Accel: -0.17, 0.28, -1.02
Gyro: 41.79, -44.20, 128.92
Accel: -0.20, 0.22, -0.99
Gyro: 31.88, -26.03, 129.78
Accel: -0.17, 0.22, -0.73
Gyro: 52.34, -40.31, 138.90
Accel: -0.26, 0.07, -0.92
Gyro: 55.87, -57.76, 149.80
Accel: -0.32, 0.03, -1.08
Gyro: 25.61, -38.31, 141.17
Accel: -0.29, 0.16, -0.83
Gyro: 39.56, -36.32, 148.80
Accel: -0.29, 0.04, -0.88
Gyro: 43.11, -47.13, 157.23
Accel: -0.36, -0.03, -1.06
Gyro: 24.22, -38.93, 150.26
Accel: -0.35, -0.00, -0.92
Gyro: 29.03, -30.88, 144.61
Accel: -0.33, -0.04, -0.93
Gyro: 23.83, -31.36, 137.80
Accel: -0.34, -0.03, -0.95
Gyro: 12.90, -30.31, 126.98
Accel: -0.35, -0.05, -0.99
Gyro: 10.20, -23.48, 115.72
Accel: -0.35, -0.05, -0.96
Gyro: 12.17, -17.47, 99.15
Accel: -0.33, -0.05, -0.96
Gyro: 8.89, -13.31, 81.22
Accel: -0.33, -0.03, -0.96
Gyro: 6.70, -9.47, 63.62
Accel: -0.30, -0.03, -0.94
Gyro: 8.74, -5.29, 46.04
Accel: -0.30, -0.02, -0.94
Gyro: 9.38, -1.97, 29.59
Accel: -0.29, 0.00, -0.93
Gyro: 8.26, -1.01, 15.12
Accel: -0.29, -0.00, -0.91
Gyro: 6.03, -0.53, 4.83
Accel: -0.28, 0.01, -0.93
Gyro: 3.01, -1.40, -4.53
Accel: -0.28, 0.04, -0.93
Gyro: 0.49, -1.37, -9.86
Accel: -0.28, 0.07, -0.94
Gyro: -0.02, -0.74, -11.98
Accel: -0.29, 0.08, -0.92
Gyro: -0.43, -0.95, -10.89
Accel: -0.28, 0.09, -0.93
Gyro: -1.61, -0.92, -8.80
Accel: -0.28, 0.08, -0.92
Gyro: -2.47, -1.42, -8.08
Accel: -0.28, 0.08, -0.93
Gyro: -3.04, -1.53, -7.34
Accel: -0.28, 0.07, -0.92
Gyro: -4.43, -1.37, -6.81
Accel: -0.28, 0.07, -0.93
Gyro: -2.62, -1.06, -7.14
Accel: -0.27, 0.08, -0.93
Gyro: -4.38, -1.14, -7.35
Accel: -0.28, 0.09, -0.93
Gyro: -6.13, -0.96, -5.92
Accel: -0.28, 0.09, -0.93
Gyro: -4.80, -1.24, -5.13
Accel: -0.28, 0.08, -0.95
Gyro: -5.75, 0.19, -4.87
Accel: -0.28, 0.09, -0.92
Gyro: -5.43, 0.27, -5.18
Accel: -0.28, 0.10, -0.93
Gyro: -4.83, -0.09, -4.77
Accel: -0.27, 0.09, -0.93
Gyro: -4.39, -0.46, -4.18
Accel: -0.27, 0.09, -0.92
Gyro: -2.93, -0.21, -3.84
Accel: -0.27, 0.10, -0.92
Gyro: -2.03, -0.60, -3.14
Accel: -0.27, 0.09, -0.93
Gyro: -2.41, -1.27, -2.88
Accel: -0.28, 0.09, -0.93
Gyro: -3.46, -1.40, -2.49
Accel: -0.28, 0.09, -0.93
Gyro: -3.94, -1.52, -3.14
Accel: -0.28, 0.09, -0.93
Gyro: -3.71, -2.07, -3.68
Accel: -0.28, 0.10, -0.93
Gyro: -3.12, -1.42, -3.68
Accel: -0.28, 0.10, -0.93
Gyro: -3.11, -0.54, -3.35
Accel: -0.28, 0.10, -0.94
Gyro: -2.41, -0.23, -3.64
Accel: -0.28, 0.10, -0.92
Gyro: -0.70, -0.32, -2.69
Accel: -0.29, 0.10, -0.93
Gyro: -1.75, -0.47, -2.32
Accel: -0.28, 0.09, -0.93
Gyro: -1.53, 0.04, -1.70
Accel: -0.28, 0.09, -0.92
Gyro: -0.99, -0.88, -1.94
Accel: -0.28, 0.09, -0.94
Gyro: -1.41, -1.21, -1.63
Accel: -0.28, 0.09, -0.93
Gyro: -2.15, -1.11, -1.26
Accel: -0.28, 0.09, -0.92
Gyro: -1.93, -0.92, -1.39
Accel: -0.28, 0.09, -0.94
Gyro: -2.21, -0.80, -1.45
Accel: -0.28, 0.09, -0.93
Gyro: -3.02, -0.14, -2.01
Accel: -0.28, 0.08, -0.93
Gyro: -2.13, -0.45, -2.18
Accel: -0.28, 0.08, -0.92
Gyro: -2.45, -1.05, -2.32
Accel: -0.29, 0.09, -0.92
Gyro: -2.27, -1.08, -2.33
Accel: -0.28, 0.09, -0.93
Gyro: -2.18, -1.11, -1.83
Accel: -0.28, 0.09, -0.93
Gyro: -2.04, -1.21, -1.87
Accel: -0.29, 0.09, -0.92
Gyro: -1.50, -1.56, -1.71
Accel: -0.28, 0.09, -0.94
Gyro: -1.72, -1.45, -1.18
Accel: -0.29, 0.09, -0.92
Gyro: -1.73, -0.74, -1.19
Accel: -0.28, 0.09, -0.92
Gyro: -1.62, -0.65, -1.21
