Accel: -0.29, 0.07, -0.92
Gyro: -1.75, -0.80, -2.07
Accel: -0.29, 0.07, -0.92
Gyro: -1.91, -0.82, -2.30
Accel: -0.29, 0.07, -0.93
Gyro: -1.93, -0.11, -2.04
Accel: -0.29, 0.07, -0.91
Gyro: -0.68, -0.79, -1.97
Accel: -0.29, 0.07, -0.91
Gyro: -1.71, -0.98, -1.75
Accel: -0.29, 0.07, -0.93
Gyro: -2.23, -1.81, -1.72
Accel: -0.30, 0.06, -0.92
Gyro: -2.47, -1.33, -1.31
Accel: -0.30, 0.06, -0.93
Gyro: -2.69, -1.21, -2.03
Accel: -0.30, 0.06, -0.93
Gyro: -2.36, -1.15, -2.91
Accel: -0.31, 0.04, -0.94
Gyro: -2.52, -0.09, -4.99
Accel: -0.30, 0.02, -0.94
Gyro: -4.79, 0.93, -9.34
Accel: -0.30, -0.05, -0.94
Gyro: -5.56, 2.51, -18.45
Accel: -0.30, -0.15, -0.93
Gyro: -10.48, 3.92, -39.39
Accel: -0.32, -0.19, -0.95
Gyro: -12.31, 5.46, -69.61
Accel: -0.35, -0.24, -0.99
Gyro: -13.24, 11.66, -104.73
Accel: -0.40, -0.28, -0.98
Gyro: -16.40, 19.97, -142.27
Accel: -0.45, -0.27, -0.99
Gyro: -25.79, 28.81, -179.35
Accel: -0.46, -0.14, -0.96
Gyro: -33.58, 37.67, -202.87
Accel: -0.44, -0.05, -0.94
Gyro: -37.92, 44.59, -210.13
Accel: -0.42, -0.03, -0.92
Gyro: -43.07, 47.36, -208.17
Accel: -0.37, 0.08, -0.90
Gyro: -50.02, 46.53, -200.30
Accel: -0.32, 0.10, -0.89
Gyro: -49.16, 45.40, -186.26
Accel: -0.28, 0.12, -0.89
Gyro: -50.25, 44.14, -173.68
Accel: -0.23, 0.18, -0.90
Gyro: -46.86, 42.04, -159.16
Accel: -0.16, 0.22, -0.87
Gyro: -41.40, 34.22, -141.49
Accel: -0.14, 0.25, -0.92
Gyro: -44.35, 38.25, -121.32
Accel: -0.08, 0.32, -0.84
Gyro: -39.62, 19.25, -99.85
Accel: -0.09, 0.36, -0.94
Gyro: -27.02, 8.63, -69.47
Accel: -0.08, 0.38, -0.92
Gyro: -24.59, 8.10, -39.11
Accel: -0.08, 0.31, -0.94
Gyro: -17.15, 1.51, -14.28
Accel: -0.09, 0.25, -0.98
Gyro: -14.34, 2.13, -0.05
Accel: -0.07, 0.25, -0.96
Gyro: -6.20, 3.41, 7.87
Accel: -0.05, 0.21, -0.93
Gyro: 0.31, -0.08, 12.61
Accel: -0.05, 0.27, -0.93
Gyro: 4.23, -4.91, 22.40
Accel: -0.06, 0.26, -0.91
Gyro: 10.47, -7.39, 34.58
Accel: -0.07, 0.25, -0.97
Gyro: 9.70, -12.30, 49.64
Accel: -0.08, 0.32, -0.90
Gyro: 9.00, -16.70, 67.99
Accel: -0.08, 0.31, -0.90
Gyro: 18.68, -24.62, 89.82
Accel: -0.14, 0.19, -0.96
Gyro: 20.45, -27.23, 106.03
Accel: -0.14, 0.18, -0.91
Gyro: 17.30, -24.75, 111.85
Accel: -0.12, 0.25, -0.83
Gyro: 25.41, -34.27, 120.54
Accel: -0.19, 0.23, -0.90
Gyro: 36.79, -46.32, 139.25
Accel: -0.24, 0.17, -0.93
Gyro: 32.58, -42.47, 151.96
Accel: -0.25, 0.14, -0.83
Gyro: 33.49, -48.77, 164.65
Accel: -0.35, -0.01, -1.04
Gyro: 36.23, -48.36, 167.08
Accel: -0.35, -0.05, -1.07
Gyro: 11.76, -25.45, 152.55
Accel: -0.29, 0.06, -0.86
Gyro: 22.51, -24.96, 146.11
Accel: -0.30, -0.02, -0.89
Gyro: 25.99, -31.11, 142.90
Accel: -0.29, -0.03, -0.93
Gyro: 12.18, -30.98, 128.86
Accel: -0.31, -0.00, -0.94
Gyro: 10.73, -29.48, 118.74
Accel: -0.31, -0.01, -1.00
Gyro: 12.69, -26.56, 106.77
Accel: -0.32, -0.00, -1.01
Gyro: 12.50, -18.94, 94.43
Accel: -0.31, -0.02, -0.95
Gyro: 13.93, -12.11, 80.83
Accel: -0.30, -0.00, -0.96
Gyro: 13.45, -8.94, 66.15
Accel: -0.29, 0.01, -0.96
Gyro: 9.85, -3.68, 54.76
Accel: -0.28, -0.01, -0.90
Gyro: 11.65, -3.78, 41.44
Accel: -0.28, -0.01, -0.96
Gyro: 9.07, -3.70, 28.26
Accel: -0.27, 0.01, -0.96
Gyro: 5.39, 0.08, 17.34
Accel: -0.25, 0.01, -0.92
Gyro: 5.20, -0.38, 7.65
Accel: -0.26, 0.02, -0.92
Gyro: 4.06, -3.24, -1.49
Accel: -0.25, 0.05, -0.92
Gyro: 1.06, -3.47, -6.81
Accel: -0.26, 0.07, -0.93
Gyro: 1.34, -3.30, -8.10
Accel: -0.26, 0.07, -0.93
Gyro: 0.63, -4.83, -9.12
Accel: -0.27, 0.08, -0.94
Gyro: -0.47, -5.07, -8.58
Accel: -0.27, 0.08, -0.94
Gyro: -0.37, -3.82, -7.53
Accel: -0.27, 0.06, -0.94
Gyro: -1.50, -3.52, -6.78
Accel: -0.27, 0.06, -0.93
Gyro: -2.61, -3.65, -7.23
Accel: -0.27, 0.06, -0.94
Gyro: -2.02, -3.69, -7.51
Accel: -0.28, 0.07, -0.94
Gyro: -3.97, -1.08, -7.16
Accel: -0.27, 0.07, -0.93
Gyro: -3.79, -0.79, -6.81
Accel: -0.27, 0.08, -0.94
Gyro: -3.16, -0.28, -5.93
Accel: -0.27, 0.08, -0.93
Gyro: -2.40, -0.11, -4.70
Accel: -0.26, 0.07, -0.93
Gyro: -2.36, -0.92, -4.36
Accel: -0.28, 0.08, -0.95
Gyro: -2.84, -0.59, -4.30
Accel: -0.27, 0.07, -0.92
Gyro: -3.14, 0.88, -4.09
Accel: -0.27, 0.07, -0.92
Gyro: -2.77, 0.40, -5.02
Accel: -0.27, 0.07, -0.93
Gyro: -3.45, 0.44, -5.13
Accel: -0.26, 0.08, -0.93
Gyro: -3.00, -0.14, -4.97
Accel: -0.26, 0.09, -0.92
Gyro: -3.02, -0.86, -4.52
Accel: -0.27, 0.08, -0.93
Gyro: -2.73, -1.52, -3.55
Accel: -0.27, 0.09, -0.94
Gyro: -2.36, -1.24, -2.85
Accel: -0.27, 0.09, -0.94
Gyro: -2.21, -0.84, -2.72
Accel: -0.27, 0.08, -0.93
Gyro: -1.94, -0.45, -2.13
Accel: -0.26, 0.08, -0.93
Gyro: -1.56, -1.66, -2.31
Accel: -0.28, 0.08, -0.95
Gyro: -2.85, -0.76, -1.95
Accel: -0.26, 0.08, -0.92
Gyro: -1.68, -0.81, -2.68
Accel: -0.27, 0.07, -0.92
Gyro: -1.39, -1.08, -2.21
Accel: -0.27, 0.08, -0.92
Gyro: -1.82, -2.21, -2.04
Accel: -0.28, 0.08, -0.93
Gyro: -1.72, -2.10, -2.00
Accel: -0.28, 0.08, -0.94
Gyro: -2.72, -1.64, -2.03
Accel: -0.28, 0.08, -0.94
Gyro: -1.90, -1.34, -1.56
Accel: -0.28, 0.08, -0.92
Gyro: -0.99, -1.36, -1.13
Accel: -0.28, 0.07, -0.94
Gyro: -1.74, -1.56, -1.08
Accel: -0.28, 0.07, -0.95
Gyro: -1.63, -1.31, -1.79
Accel: -0.28, 0.07, -0.93
Gyro: -1.24, -0.37, -1.30
Accel: -0.28, 0.07, -0.93
Gyro: -1.54, 0.14, -1.77
Accel: -0.28, 0.07, -0.93
Gyro: -1.08, -0.06, -1.63
Accel: -0.27, 0.06, -0.94
Gyro: -1.53, 0.17, -2.28
Accel: -0.27, 0.07, -0.92
Gyro: -1.44, 0.05, -2.00
Accel: -0.27, 0.07, -0.93
Gyro: -1.38, -0.32, -1.85
Accel: -0.27, 0.07, -0.93
Gyro: -1.59, -1.21, -1.66
