Accel: -0.25, 0.04, -0.92
Gyro: -2.60, -2.05, -3.49
Accel: -0.26, 0.04, -0.94
Gyro: -1.81, -2.37, -3.36
Accel: -0.26, 0.04, -0.95
Gyro: -3.36, -0.93, -3.98
Accel: -0.26, 0.06, -0.94
Gyro: -3.30, 0.78, -3.96
Accel: -0.25, 0.03, -0.94
Gyro: -2.36, 0.21, -3.34
Accel: -0.25, 0.03, -0.95
Gyro: -5.13, 0.41, -5.17
Accel: -0.25, 0.02, -0.93
Gyro: -7.03, 0.61, -7.27
Accel: -0.25, 0.03, -0.93
Gyro: -7.11, -0.33, -9.60
Accel: -0.28, -0.10, -0.96
Gyro: -7.82, -0.37, -15.52
Accel: -0.30, -0.21, -0.99
Gyro: -16.43, 5.44, -40.66
Accel: -0.32, -0.32, -0.96
Gyro: -15.04, 9.51, -75.41
Accel: -0.39, -0.47, -1.01
Gyro: -24.15, 18.81, -130.81
Accel: -0.44, -0.33, -1.01
Gyro: -36.35, 29.14, -183.08
Accel: -0.49, -0.23, -1.00
Gyro: -44.85, 40.50, -216.48
Accel: -0.50, -0.12, -0.94
Gyro: -53.12, 49.09, -233.22
Accel: -0.49, -0.03, -0.94
Gyro: -59.82, 55.67, -237.50
Accel: -0.44, 0.06, -0.88
Gyro: -63.00, 59.91, -231.05
Accel: -0.40, 0.06, -0.88
Gyro: -70.53, 59.07, -224.52
Accel: -0.36, 0.18, -0.91
Gyro: -72.78, 60.22, -219.91
Accel: -0.31, 0.29, -0.83
Gyro: -67.56, 57.25, -208.10
Accel: -0.22, 0.37, -0.79
Gyro: -55.89, 49.91, -186.11
Accel: -0.30, 0.59, -0.93
Gyro: -71.56, 55.61, -143.16
Accel: -0.10, 0.69, -0.82
Gyro: -48.03, 28.14, -102.35
Accel: -0.06, 0.69, -0.89
Gyro: -33.73, 23.73, -49.96
Accel: -0.02, 0.58, -0.89
Gyro: -23.11, 14.47, -4.20
Accel: -0.03, 0.31, -0.93
Gyro: -15.15, 8.80, 11.67
Accel: -0.01, 0.33, -0.95
Gyro: -2.14, 5.24, 4.79
Accel: 0.01, 0.40, -0.88
Gyro: 6.88, -1.08, 8.73
Accel: -0.02, 0.36, -0.94
Gyro: 12.67, -5.04, 20.32
Accel: 0.00, 0.39, -0.92
Gyro: 13.60, -7.37, 31.56
Accel: -0.01, 0.42, -0.88
Gyro: 22.56, -14.29, 49.77
Accel: -0.02, 0.41, -0.88
Gyro: 20.41, -20.85, 69.40
Accel: -0.02, 0.50, -0.87
Gyro: 30.04, -32.25, 95.66
Accel: -0.04, 0.47, -0.84
Gyro: 45.02, -38.05, 119.59
Accel: -0.09, 0.43, -0.74
Gyro: 55.72, -53.72, 146.91
Accel: -0.15, 0.36, -0.77
Gyro: 59.89, -69.76, 179.13
Accel: -0.26, 0.25, -0.92
Gyro: 54.21, -75.70, 204.31
Accel: -0.35, 0.15, -0.87
Gyro: 46.04, -71.21, 217.36
Accel: -0.36, 0.08, -0.81
Gyro: 52.24, -77.77, 221.97
Accel: -0.47, -0.11, -1.00
Gyro: 49.02, -72.36, 214.65
Accel: -0.48, -0.12, -1.07
Gyro: 21.05, -55.61, 189.65
Accel: -0.41, -0.03, -0.89
Gyro: 35.76, -50.33, 173.15
Accel: -0.43, -0.08, -0.98
Gyro: 36.86, -47.12, 157.01
Accel: -0.43, -0.11, -1.01
Gyro: 23.32, -33.83, 139.40
Accel: -0.41, -0.13, -0.99
Gyro: 15.86, -25.78, 117.50
Accel: -0.37, -0.10, -0.99
Gyro: 6.32, -17.75, 95.81
Accel: -0.37, -0.09, -0.96
Gyro: 8.19, -12.58, 72.52
Accel: -0.35, -0.07, -1.01
Gyro: 8.19, -5.21, 49.10
Accel: -0.32, -0.04, -0.94
Gyro: 1.05, 3.79, 28.31
Accel: -0.31, 0.02, -0.91
Gyro: 3.12, 5.11, 11.82
Accel: -0.30, 0.04, -0.89
Gyro: 3.88, 3.08, 1.98
Accel: -0.30, 0.07, -0.91
Gyro: 3.34, 0.60, -4.21
Accel: -0.31, 0.06, -0.92
Gyro: 0.15, 0.64, -8.61
Accel: -0.30, 0.06, -0.92
Gyro: -1.79, 1.33, -13.11
Accel: -0.31, 0.10, -0.94
Gyro: -1.75, 2.07, -15.45
Accel: -0.30, 0.11, -0.92
Gyro: -3.08, 3.88, -13.63
Accel: -0.29, 0.11, -0.92
Gyro: -1.55, 2.25, -11.91
Accel: -0.29, 0.10, -0.94
Gyro: -1.60, 1.34, -10.31
Accel: -0.28, 0.10, -0.92
Gyro: -2.66, 2.37, -8.84
Accel: -0.28, 0.10, -0.92
Gyro: -1.01, 1.51, -9.02
Accel: -0.27, 0.09, -0.92
Gyro: 0.34, 0.41, -9.29
Accel: -0.27, 0.10, -0.93
Gyro: 0.31, 0.00, -9.27
Accel: -0.27, 0.10, -0.94
Gyro: -1.19, 1.05, -7.61
Accel: -0.27, 0.10, -0.92
Gyro: -0.77, 1.31, -5.74
Accel: -0.27, 0.09, -0.92
Gyro: -0.42, 0.12, -4.02
Accel: -0.27, 0.08, -0.94
Gyro: -1.98, -0.27, -3.85
Accel: -0.28, 0.08, -0.94
Gyro: -3.59, 1.73, -3.82
Accel: -0.27, 0.09, -0.94
Gyro: -2.49, 2.72, -3.72
Accel: -0.26, 0.09, -0.92
Gyro: -1.61, 2.33, -2.17
Accel: -0.26, 0.07, -0.92
Gyro: -0.96, 0.63, -1.34
Accel: -0.27, 0.08, -0.94
Gyro: -2.66, 0.67, -1.27
Accel: -0.26, 0.08, -0.94
Gyro: -3.23, 0.56, -1.82
Accel: -0.26, 0.09, -0.92
Gyro: -1.81, -0.31, -2.46
Accel: -0.26, 0.09, -0.93
Gyro: -1.37, -1.24, -3.14
Accel: -0.27, 0.08, -0.94
Gyro: -0.31, -1.86, -3.26
Accel: -0.27, 0.09, -0.92
Gyro: -0.37, -1.85, -2.51
Accel: -0.27, 0.08, -0.92
Gyro: -0.64, -2.49, -1.24
Accel: -0.27, 0.08, -0.92
Gyro: 0.50, -3.34, -0.41
Accel: -0.28, 0.08, -0.94
Gyro: -1.24, -2.89, -0.25
Accel: -0.29, 0.07, -0.93
Gyro: -1.95, -2.14, -0.91
Accel: -0.28, 0.07, -0.93
Gyro: -1.69, -1.28, -1.45
Accel: -0.28, 0.07, -0.94
Gyro: -2.05, -0.84, -2.58
Accel: -0.28, 0.09, -0.94
Gyro: -1.56, -0.34, -2.49
Accel: -0.28, 0.08, -0.94
Gyro: -1.34, 0.11, -1.82
Accel: -0.27, 0.08, -0.93
Gyro: -1.56, -0.02, -1.40
Accel: -0.27, 0.07, -0.93
Gyro: -1.26, 0.32, -1.51
Accel: -0.27, 0.07, -0.93
Gyro: -1.53, 0.11, -1.56
Accel: -0.28, 0.08, -0.92
Gyro: -2.24, -0.40, -1.21
Accel: -0.27, 0.08, -0.93
Gyro: -1.93, -0.71, -0.95
Accel: -0.28, 0.06, -0.93
Gyro: -1.50, -0.71, -0.89
Accel: -0.28, 0.07, -0.94
Gyro: -2.18, -0.24, -1.46
Accel: -0.28, 0.08, -0.93
Gyro: -2.15, 0.56, -2.14
Accel: -0.27, 0.07, -0.92
Gyro: -1.55, 0.38, -2.15
Accel: -0.27, 0.08, -0.93
Gyro: -1.85, -0.08, -2.24
Accel: -0.27, 0.08, -0.93
Gyro: -1.30, -0.32, -1.96
Accel: -0.26, 0.07, -0.92
Gyro: -1.85, -0.04, -1.65
Accel: -0.27, 0.07, -0.93
Gyro: -2.08, -0.68, -1.37
Accel: -0.28, 0.07, -0.93
Gyro: -2.24, 0.07, -1.17
Accel: -0.27, 0.07, -0.94
Gyro: -2.49, -0.24, -1.63
Accel: -0.26, 0.08, -0.91
Gyro: -1.75, -0.28, -2.13
Accel: -0.27, 0.08, -0.92
Gyro: -0.83, -0.85, -1.33
