Accel: 0.28, 0.13, -0.93
Gyro: -2.55, 0.19, 0.04
Accel: 0.27, 0.12, -0.93
Gyro: -2.69, -0.06, -0.45
Accel: 0.27, 0.12, -0.92
Gyro: -2.98, -0.82, -1.84
Accel: 0.27, 0.13, -0.93
Gyro: -3.01, 0.01, -2.31
Accel: 0.27, 0.13, -0.93
Gyro: -3.36, 0.40, -2.62
Accel: 0.27, 0.13, -0.93
Gyro: -3.53, -0.05, -2.99
Accel: 0.27, 0.14, -0.92
Gyro: -3.17, -0.64, -3.48
Accel: 0.27, 0.14, -0.93
Gyro: -3.15, -0.35, -3.34
Accel: 0.27, 0.15, -0.93
Gyro: -3.44, 0.19, -3.03
Accel: 0.27, 0.14, -0.93
Gyro: -3.30, 0.95, -2.82
Accel: 0.27, 0.14, -0.92
Gyro: -3.44, 1.07, -2.18
Accel: 0.27, 0.15, -0.93
Gyro: -3.81, 1.11, -2.31
Accel: 0.26, 0.14, -0.95
Gyro: -3.94, 3.05, -2.62
Accel: 0.27, 0.14, -0.96
Gyro: -3.65, 4.89, -2.88
Accel: 0.24, 0.14, -1.00
Gyro: -5.36, 12.51, -2.30
Accel: 0.24, 0.15, -0.99
Gyro: -6.50, 21.34, -1.46
Accel: 0.22, 0.19, -1.06
Gyro: -7.97, 34.13, 0.66
Accel: 0.26, 0.19, -0.96
Gyro: -8.55, 46.78, 5.06
Accel: 0.26, 0.19, -1.02
Gyro: -9.11, 53.79, 9.08
Accel: 0.31, 0.23, -0.94
Gyro: -16.96, 73.71, 17.56
Accel: 0.41, 0.22, -0.77
Gyro: -13.77, 64.38, 26.55
Accel: 0.42, 0.25, -0.85
Gyro: -15.84, 58.55, 35.87
Accel: 0.45, 0.21, -0.82
Gyro: -19.64, 64.30, 45.57
Accel: 0.48, 0.22, -0.80
Gyro: -21.88, 59.13, 52.24
Accel: 0.50, 0.17, -0.82
Gyro: -27.72, 65.61, 62.54
Accel: 0.59, 0.20, -0.66
Gyro: -35.93, 56.48, 70.62
Accel: 0.64, 0.21, -0.64
Gyro: -37.15, 40.73, 85.88
Accel: 0.65, 0.18, -0.66
Gyro: -41.50, 31.06, 96.41
Accel: 0.69, 0.20, -0.61
Gyro: -44.55, 17.59, 111.31
Accel: 0.65, 0.14, -0.67
Gyro: -43.79, 7.35, 121.06
Accel: 0.65, 0.20, -0.63
Gyro: -35.75, 0.44, 138.40
Accel: 0.69, -0.18, -0.60
Gyro: -34.70, -9.26, 139.66
Accel: 0.73, -0.18, -0.53
Gyro: -47.13, -31.43, 117.13
Accel: 0.67, -0.16, -0.65
Gyro: -47.61, -51.03, 104.71
Accel: 0.63, -0.13, -0.68
Gyro: -49.09, -58.77, 91.96
Accel: 0.60, -0.14, -0.69
Gyro: -43.68, -68.28, 82.95
Accel: 0.54, -0.13, -0.74
Gyro: -41.05, -75.42, 72.74
Accel: 0.51, -0.15, -0.78
Gyro: -40.48, -78.74, 63.05
Accel: 0.47, -0.20, -0.78
Gyro: -37.50, -81.92, 45.57
Accel: 0.41, -0.20, -0.81
Gyro: -31.77, -87.70, 27.93
Accel: 0.36, -0.13, -0.83
Gyro: -29.45, -90.44, 13.22
Accel: 0.30, -0.19, -0.87
Gyro: -29.44, -90.94, 0.02
Accel: 0.23, -0.14, -0.83
Gyro: -32.98, -99.56, -17.23
Accel: 0.15, -0.08, -0.95
Gyro: -31.16, -97.23, -26.54
Accel: 0.13, -0.21, -0.83
Gyro: -41.63, -97.13, -46.16
Accel: 0.03, 0.07, -0.91
Gyro: -40.27, -108.01, -65.11
Accel: -0.07, 0.02, -1.09
Gyro: -33.17, -95.24, -61.66
Accel: -0.12, -0.05, -0.95
Gyro: -34.53, -88.64, -78.45
Accel: -0.19, 0.01, -1.02
Gyro: -34.40, -81.64, -98.11
Accel: -0.28, -0.00, -1.08
Gyro: -32.72, -65.76, -108.62
Accel: -0.30, 0.00, -1.06
Gyro: -27.90, -52.89, -127.37
Accel: -0.33, 0.07, -1.02
Gyro: -20.58, -42.41, -143.52
Accel: -0.36, 0.18, -1.04
Gyro: -7.79, -34.03, -148.76
Accel: -0.38, 0.09, -1.04
Gyro: -2.16, -22.79, -152.53
Accel: -0.40, 0.19, -1.05
Gyro: 1.24, -12.35, -150.47
Accel: -0.41, 0.13, -1.10
Gyro: 4.27, 2.62, -143.53
Accel: -0.38, 0.15, -1.05
Gyro: 2.27, 18.44, -134.33
Accel: -0.37, 0.08, -1.05
Gyro: -2.33, 31.54, -126.12
Accel: -0.29, 0.19, -0.95
Gyro: -3.43, 35.63, -110.04
Accel: -0.26, 0.16, -0.98
Gyro: -6.08, 39.11, -92.48
Accel: -0.21, 0.14, -0.95
Gyro: -12.05, 44.34, -78.09
Accel: -0.17, 0.22, -0.95
Gyro: -11.44, 44.77, -58.20
Accel: -0.15, 0.10, -0.97
Gyro: -12.88, 47.84, -42.79
Accel: -0.10, 0.15, -0.95
Gyro: -16.90, 47.13, -32.83
Accel: -0.05, 0.14, -0.93
Gyro: -15.24, 43.79, -18.92
Accel: -0.02, 0.09, -0.94
Gyro: -18.59, 40.63, -14.33
Accel: -0.01, 0.18, -0.98
Gyro: -16.88, 43.31, -7.68
Accel: 0.02, 0.15, -0.94
Gyro: -14.19, 41.44, 2.69
Accel: 0.01, 0.13, -1.03
Gyro: -16.58, 45.50, 8.58
Accel: 0.03, 0.17, -1.03
Gyro: -15.55, 54.50, 16.34
Accel: 0.08, 0.10, -0.94
Gyro: -15.38, 59.20, 21.74
Accel: 0.12, 0.08, -0.95
Gyro: -15.05, 58.54, 20.58
Accel: 0.15, 0.13, -0.93
Gyro: -13.63, 58.02, 21.84
Accel: 0.21, 0.08, -0.84
Gyro: -13.16, 51.12, 22.95
Accel: 0.23, 0.09, -0.88
Gyro: -11.93, 41.08, 18.42
Accel: 0.25, 0.11, -0.89
Gyro: -7.76, 37.04, 17.06
Accel: 0.30, 0.10, -0.84
Gyro: -6.27, 28.15, 16.62
Accel: 0.31, 0.07, -0.83
Gyro: -5.26, 16.67, 16.26
Accel: 0.30, 0.06, -0.89
Gyro: -5.40, 9.12, 13.16
Accel: 0.30, 0.05, -0.90
Gyro: -6.20, 7.11, 10.41
Accel: 0.31, 0.08, -0.90
Gyro: -7.57, 3.16, 7.83
Accel: 0.31, 0.07, -0.89
Gyro: -4.76, -1.00, 6.07
Accel: 0.29, 0.06, -0.92
Gyro: -4.64, -2.16, 2.34
Accel: 0.29, 0.08, -0.92
Gyro: -3.88, -2.26, 0.31
Accel: 0.29, 0.08, -0.93
Gyro: -2.92, -3.28, -0.65
Accel: 0.28, 0.09, -0.93
Gyro: -2.71, -2.96, -1.82
Accel: 0.28, 0.10, -0.94
Gyro: -3.27, -1.24, -1.38
Accel: 0.29, 0.10, -0.92
Gyro: -3.97, -0.65, -0.64
Accel: 0.28, 0.10, -0.92
Gyro: -3.80, -1.34, -1.11
Accel: 0.28, 0.10, -0.92
Gyro: -4.06, -1.68, -1.38
Accel: 0.27, 0.10, -0.93
Gyro: -4.45, -1.62, -1.50
Accel: 0.28, 0.11, -0.91
Gyro: -4.36, -2.34, -1.66
Accel: 0.27, 0.11, -0.92
Gyro: -3.96, -3.54, -2.01
Accel: 0.28, 0.11, -0.93
Gyro: -4.39, -3.11, -2.68
Accel: 0.27, 0.12, -0.92
Gyro: -4.08, -3.45, -2.27
Accel: 0.26, 0.12, -0.94
Gyro: -4.08, -3.48, -1.82
Accel: 0.26, 0.11, -0.94
Gyro: -3.91, -1.75, -1.69
Accel: 0.27, 0.12, -0.93
Gyro: -3.78, -1.05, -2.08
Accel: 0.27, 0.12, -0.93
Gyro: -3.73, -1.30, -1.91
Accel: 0.27, 0.12, -0.94
Gyro: -3.85, -1.54, -1.36
Accel: 0.27, 0.12, -0.94
Gyro: -3.51, -0.49, -1.40
