Accel: 0.25, 0.12, -0.94
Gyro: -4.44, -1.89, -0.88
Accel: 0.25, 0.11, -0.94
Gyro: -4.13, -1.38, -0.73
Accel: 0.24, 0.10, -0.95
Gyro: -3.27, -0.36, -1.17
Accel: 0.25, 0.11, -0.94
Gyro: -2.59, 0.08, -2.13
Accel: 0.25, 0.11, -0.93
Gyro: -2.99, -0.24, -1.87
Accel: 0.24, 0.12, -0.93
Gyro: -3.04, -0.27, -1.56
Accel: 0.25, 0.11, -0.94
Gyro: -3.13, -0.02, -1.57
Accel: 0.25, 0.11, -0.93
Gyro: -3.22, -0.08, -1.53
Accel: 0.25, 0.10, -0.93
Gyro: -3.72, -0.53, -2.08
Accel: 0.26, 0.11, -0.94
Gyro: -3.71, -1.18, -2.42
Accel: 0.25, 0.12, -0.94
Gyro: -3.59, -0.94, -2.98
Accel: 0.25, 0.11, -0.94
Gyro: -3.40, -0.39, -2.91
Accel: 0.23, 0.12, -0.96
Gyro: -4.72, 1.45, -2.03
Accel: 0.20, 0.12, -1.05
Gyro: -7.26, 8.30, -1.61
Accel: 0.15, 0.14, -1.11
Gyro: -11.44, 29.53, 1.63
Accel: 0.13, 0.14, -1.18
Gyro: -14.79, 55.08, 5.07
Accel: 0.19, 0.18, -1.05
Gyro: -16.30, 76.90, 8.27
Accel: 0.24, 0.20, -0.99
Gyro: -12.55, 87.75, 16.07
Accel: 0.31, 0.19, -0.91
Gyro: -13.63, 96.67, 18.88
Accel: 0.40, 0.24, -0.79
Gyro: -13.37, 94.56, 29.79
Accel: 0.50, 0.21, -0.67
Gyro: -14.54, 82.10, 39.86
Accel: 0.56, 0.20, -0.66
Gyro: -18.17, 66.53, 50.95
Accel: 0.59, 0.19, -0.68
Gyro: -25.16, 51.49, 64.16
Accel: 0.60, 0.14, -0.68
Gyro: -33.86, 43.21, 75.62
Accel: 0.62, 0.20, -0.67
Gyro: -42.82, 32.33, 86.88
Accel: 0.63, 0.10, -0.71
Gyro: -46.79, 25.22, 98.73
Accel: 0.68, 0.11, -0.64
Gyro: -50.58, 15.43, 102.29
Accel: 0.71, 0.09, -0.58
Gyro: -45.26, -2.88, 111.50
Accel: 0.69, -0.01, -0.63
Gyro: -46.13, -17.56, 111.27
Accel: 0.69, 0.02, -0.62
Gyro: -45.01, -31.59, 108.93
Accel: 0.66, -0.06, -0.66
Gyro: -41.55, -47.36, 108.03
Accel: 0.63, -0.07, -0.67
Gyro: -42.94, -58.17, 100.78
Accel: 0.58, -0.11, -0.76
Gyro: -37.82, -68.05, 92.84
Accel: 0.54, -0.17, -0.80
Gyro: -34.97, -65.36, 77.16
Accel: 0.52, -0.22, -0.78
Gyro: -24.67, -66.61, 53.76
Accel: 0.48, -0.22, -0.79
Gyro: -18.07, -70.08, 30.58
Accel: 0.45, -0.21, -0.80
Gyro: -17.39, -76.40, 13.78
Accel: 0.38, -0.15, -0.84
Gyro: -19.45, -78.54, 2.41
Accel: 0.34, -0.18, -0.83
Gyro: -22.14, -80.06, -6.20
Accel: 0.30, -0.19, -0.84
Gyro: -27.22, -83.60, -21.08
Accel: 0.23, -0.16, -0.85
Gyro: -31.88, -91.13, -44.54
Accel: 0.14, -0.03, -0.97
Gyro: -26.26, -88.94, -54.49
Accel: 0.09, -0.09, -0.95
Gyro: -32.82, -82.21, -64.73
Accel: 0.02, -0.08, -0.95
Gyro: -35.09, -82.67, -82.63
Accel: -0.05, -0.07, -1.03
Gyro: -31.80, -73.15, -99.01
Accel: -0.10, 0.02, -1.05
Gyro: -28.88, -63.55, -107.45
Accel: -0.13, 0.08, -1.06
Gyro: -26.72, -54.12, -116.28
Accel: -0.16, 0.16, -1.06
Gyro: -16.85, -43.72, -118.74
Accel: -0.19, 0.11, -1.04
Gyro: -11.22, -33.04, -121.52
Accel: -0.20, 0.20, -1.02
Gyro: -4.14, -24.60, -122.70
Accel: -0.21, 0.18, -1.03
Gyro: 2.61, -18.60, -117.52
Accel: -0.23, 0.13, -1.04
Gyro: 2.32, -9.61, -116.63
Accel: -0.24, 0.21, -1.04
Gyro: 4.13, 0.72, -110.98
Accel: -0.22, 0.19, -1.02
Gyro: 4.91, 9.90, -101.24
Accel: -0.19, 0.24, -1.01
Gyro: 3.72, 14.69, -87.10
Accel: -0.20, 0.22, -1.06
Gyro: 1.31, 24.97, -69.47
Accel: -0.16, 0.22, -0.99
Gyro: -1.59, 32.62, -51.93
Accel: -0.13, 0.20, -1.02
Gyro: -4.38, 36.36, -36.16
Accel: -0.12, 0.21, -1.03
Gyro: -6.68, 46.55, -20.83
Accel: -0.07, 0.17, -0.96
Gyro: -9.76, 49.46, -7.78
Accel: -0.03, 0.15, -0.97
Gyro: -11.59, 49.68, 0.25
Accel: -0.00, 0.14, -0.96
Gyro: -11.69, 51.68, 6.36
Accel: 0.05, 0.12, -0.93
Gyro: -12.10, 51.48, 7.90
Accel: 0.07, 0.13, -0.96
Gyro: -11.71, 49.13, 8.89
Accel: 0.10, 0.12, -0.94
Gyro: -11.34, 50.47, 8.96
Accel: 0.14, 0.15, -0.91
Gyro: -8.80, 47.44, 9.49
Accel: 0.16, 0.12, -0.96
Gyro: -6.59, 46.03, 11.06
Accel: 0.18, 0.11, -0.91
Gyro: -6.45, 47.00, 9.49
Accel: 0.24, 0.13, -0.87
Gyro: -6.46, 40.90, 8.95
Accel: 0.25, 0.12, -0.93
Gyro: -5.96, 37.52, 10.17
Accel: 0.28, 0.10, -0.85
Gyro: -5.97, 32.79, 9.98
Accel: 0.31, 0.10, -0.84
Gyro: -3.30, 24.09, 7.61
Accel: 0.32, 0.10, -0.87
Gyro: -2.71, 15.17, 5.20
Accel: 0.32, 0.10, -0.88
Gyro: -1.70, 11.20, 3.96
Accel: 0.33, 0.09, -0.88
Gyro: -1.75, 7.17, 1.50
Accel: 0.33, 0.10, -0.87
Gyro: -1.47, 2.42, -0.01
Accel: 0.32, 0.10, -0.88
Gyro: -2.01, -1.69, -1.63
Accel: 0.31, 0.11, -0.91
Gyro: -2.41, -3.62, -2.69
Accel: 0.31, 0.10, -0.92
Gyro: -2.11, -4.25, -3.27
Accel: 0.30, 0.10, -0.93
Gyro: -2.60, -3.78, -3.85
Accel: 0.29, 0.11, -0.93
Gyro: -2.82, -2.27, -3.82
Accel: 0.29, 0.12, -0.92
Gyro: -3.23, -2.20, -3.70
Accel: 0.29, 0.13, -0.92
Gyro: -2.11, -2.53, -2.53
Accel: 0.28, 0.12, -0.93
Gyro: -2.04, -3.01, -2.45
Accel: 0.28, 0.13, -0.93
Gyro: -2.26, -2.23, -1.87
Accel: 0.28, 0.13, -0.92
Gyro: -2.31, -2.23, -0.92
Accel: 0.29, 0.12, -0.91
Gyro: -1.98, -2.70, -0.78
Accel: 0.28, 0.12, -0.93
Gyro: -1.75, -2.59, -0.82
Accel: 0.27, 0.11, -0.92
Gyro: -1.87, -2.08, -0.95
Accel: 0.27, 0.12, -0.92
Gyro: -2.16, -2.08, -0.69
Accel: 0.28, 0.11, -0.93
Gyro: -2.59, -2.55, -0.97
Accel: 0.27, 0.11, -0.93
Gyro: -2.68, -2.49, -1.78
Accel: 0.28, 0.13, -0.95
Gyro: -2.59, -1.01, -1.79
Accel: 0.28, 0.12, -0.93
Gyro: -2.46, -0.50, -1.37
Accel: 0.28, 0.12, -0.93
Gyro: -2.46, -1.15, -1.37
Accel: 0.28, 0.12, -0.94
Gyro: -2.21, -0.95, -1.81
Accel: 0.28, 0.12, -0.93
Gyro: -2.53, -0.69, -1.82
Accel: 0.28, 0.12, -0.92
Gyro: -2.74, -1.06, -1.66
Accel: 0.28, 0.11, -0.92
Gyro: -2.82, -2.47, -2.01
Accel: 0.28, 0.12, -0.93
Gyro: -3.17, -2.62, -2.55
Accel: 0.27, 0.12, -0.93
Gyro: -3.37, -2.34, -2.24
