Accel: 0.26, 0.10, -0.93
Gyro: -2.72, -1.31, -1.51
Accel: 0.26, 0.09, -0.94
Gyro: -2.89, -1.03, -2.22
Accel: 0.25, 0.11, -0.93
Gyro: -3.20, -0.73, -2.81
Accel: 0.25, 0.12, -0.94
Gyro: -2.87, -1.04, -2.30
Accel: 0.25, 0.11, -0.93
Gyro: -3.17, -0.75, -2.18
Accel: 0.25, 0.10, -0.95
Gyro: -3.54, 0.15, -2.03
Accel: 0.26, 0.12, -0.93
Gyro: -3.40, 0.26, -1.79
Accel: 0.26, 0.10, -0.94
Gyro: -2.75, -0.53, -1.93
Accel: 0.26, 0.10, -0.94
Gyro: -3.20, -0.58, -2.63
Accel: 0.25, 0.10, -0.94
Gyro: -3.94, 0.02, -3.55
Accel: 0.25, 0.12, -0.96
Gyro: -4.51, 2.84, -3.21
Accel: 0.22, 0.13, -1.02
Gyro: -6.14, 9.15, -1.85
Accel: 0.18, 0.13, -1.10
Gyro: -8.57, 26.37, 0.93
Accel: 0.19, 0.17, -1.08
Gyro: -10.30, 42.06, 4.88
Accel: 0.18, 0.17, -1.12
Gyro: -13.63, 67.39, 11.65
Accel: 0.28, 0.20, -0.88
Gyro: -14.70, 73.19, 19.45
Accel: 0.27, 0.19, -1.01
Gyro: -16.52, 82.99, 28.06
Accel: 0.38, 0.23, -0.81
Gyro: -21.36, 87.88, 39.54
Accel: 0.46, 0.22, -0.77
Gyro: -25.41, 74.65, 56.41
Accel: 0.47, 0.16, -0.78
Gyro: -29.83, 75.34, 66.21
Accel: 0.56, 0.18, -0.68
Gyro: -37.48, 64.79, 77.96
Accel: 0.58, 0.14, -0.69
Gyro: -43.14, 50.89, 89.38
Accel: 0.62, 0.16, -0.67
Gyro: -49.22, 42.24, 98.59
Accel: 0.65, 0.11, -0.65
Gyro: -52.83, 28.95, 112.24
Accel: 0.68, 0.07, -0.64
Gyro: -55.33, 17.79, 111.66
Accel: 0.71, 0.06, -0.60
Gyro: -46.04, -0.56, 114.82
Accel: 0.72, -0.04, -0.59
Gyro: -43.40, -16.56, 108.73
Accel: 0.71, -0.00, -0.58
Gyro: -41.88, -35.35, 105.02
Accel: 0.68, -0.10, -0.63
Gyro: -40.89, -52.35, 103.29
Accel: 0.63, -0.12, -0.72
Gyro: -45.74, -60.33, 89.93
Accel: 0.61, -0.11, -0.68
Gyro: -40.99, -69.14, 80.26
Accel: 0.55, -0.18, -0.76
Gyro: -34.35, -76.75, 63.45
Accel: 0.51, -0.20, -0.77
Gyro: -26.63, -82.28, 41.28
Accel: 0.46, -0.19, -0.80
Gyro: -22.58, -84.92, 20.09
Accel: 0.40, -0.11, -0.82
Gyro: -20.68, -89.21, 6.67
Accel: 0.32, -0.15, -0.91
Gyro: -20.82, -87.20, -0.20
Accel: 0.28, -0.13, -0.87
Gyro: -29.29, -84.99, -17.75
Accel: 0.24, -0.10, -0.90
Gyro: -22.42, -83.02, -24.34
Accel: 0.21, -0.16, -0.87
Gyro: -30.42, -84.76, -43.17
Accel: 0.13, -0.04, -0.90
Gyro: -30.96, -90.59, -59.18
Accel: 0.05, -0.05, -0.97
Gyro: -28.67, -88.54, -65.99
Accel: -0.03, -0.10, -0.90
Gyro: -41.26, -82.70, -83.02
Accel: -0.10, 0.10, -1.02
Gyro: -25.62, -81.63, -94.83
Accel: -0.16, 0.10, -1.10
Gyro: -28.86, -64.71, -92.06
Accel: -0.18, 0.09, -1.02
Gyro: -26.92, -53.57, -99.05
Accel: -0.20, 0.13, -1.02
Gyro: -18.23, -46.17, -106.90
Accel: -0.23, 0.15, -1.04
Gyro: -11.83, -37.62, -109.61
Accel: -0.25, 0.09, -1.03
Gyro: -8.85, -27.98, -113.58
Accel: -0.26, 0.18, -1.00
Gyro: -1.94, -20.16, -115.19
Accel: -0.26, 0.19, -1.02
Gyro: 2.38, -13.88, -110.20
Accel: -0.28, 0.14, -1.04
Gyro: 3.29, -4.49, -107.54
Accel: -0.27, 0.17, -1.01
Gyro: 1.50, 3.95, -103.24
Accel: -0.26, 0.19, -1.03
Gyro: 2.42, 10.01, -91.29
Accel: -0.25, 0.12, -1.01
Gyro: -1.18, 21.06, -81.57
Accel: -0.21, 0.18, -0.96
Gyro: -4.57, 23.55, -75.50
Accel: -0.20, 0.20, -1.01
Gyro: -5.15, 27.86, -58.96
Accel: -0.18, 0.13, -1.00
Gyro: -10.02, 35.06, -49.32
Accel: -0.16, 0.19, -1.02
Gyro: -10.70, 36.19, -39.54
Accel: -0.15, 0.16, -1.01
Gyro: -11.11, 48.50, -27.26
Accel: -0.09, 0.10, -0.96
Gyro: -14.41, 52.07, -24.66
Accel: -0.06, 0.18, -1.00
Gyro: -14.43, 54.59, -19.16
Accel: -0.02, 0.12, -0.98
Gyro: -15.46, 63.32, -8.36
Accel: 0.04, 0.09, -0.88
Gyro: -16.46, 58.20, -12.89
Accel: 0.05, 0.20, -0.95
Gyro: -9.28, 53.86, -10.78
Accel: 0.07, 0.19, -0.95
Gyro: -6.03, 53.26, -2.46
Accel: 0.08, 0.19, -0.99
Gyro: -7.95, 57.09, 5.73
Accel: 0.11, 0.17, -0.96
Gyro: -8.28, 60.95, 12.25
Accel: 0.18, 0.14, -0.88
Gyro: -7.85, 57.42, 17.24
Accel: 0.23, 0.10, -0.84
Gyro: -7.06, 46.44, 15.92
Accel: 0.26, 0.10, -0.84
Gyro: -5.24, 36.19, 12.28
Accel: 0.28, 0.10, -0.84
Gyro: -4.80, 25.31, 9.95
Accel: 0.31, 0.09, -0.84
Gyro: -2.52, 14.42, 7.55
Accel: 0.31, 0.10, -0.84
Gyro: -1.79, 4.04, 5.71
Accel: 0.30, 0.09, -0.90
Gyro: -3.77, -1.76, 4.54
Accel: 0.28, 0.10, -0.92
Gyro: -4.88, -2.03, 2.72
Accel: 0.28, 0.12, -0.91
Gyro: -3.86, -3.03, 2.40
Accel: 0.27, 0.12, -0.94
Gyro: -3.65, -3.44, 3.40
Accel: 0.27, 0.11, -0.93
Gyro: -3.99, -1.99, 3.24
Accel: 0.28, 0.11, -0.93
Gyro: -3.65, -2.06, 2.49
Accel: 0.27, 0.12, -0.93
Gyro: -2.98, -3.04, 2.98
Accel: 0.27, 0.11, -0.95
Gyro: -3.76, -2.27, 2.66
Accel: 0.27, 0.11, -0.93
Gyro: -2.93, -0.95, 1.48
Accel: 0.27, 0.10, -0.91
Gyro: -3.04, -1.62, 0.14
Accel: 0.26, 0.11, -0.93
Gyro: -3.69, -2.54, -0.47
Accel: 0.25, 0.11, -0.93
Gyro: -3.96, -2.27, -1.21
Accel: 0.25, 0.12, -0.92
Gyro: -3.62, -3.04, -2.20
Accel: 0.25, 0.14, -0.93
Gyro: -3.16, -4.10, -1.36
Accel: 0.24, 0.13, -0.95
Gyro: -3.42, -3.82, -0.47
Accel: 0.24, 0.12, -0.94
Gyro: -3.69, -2.94, -0.59
Accel: 0.25, 0.13, -0.94
Gyro: -3.46, -2.14, -0.41
Accel: 0.24, 0.12, -0.94
Gyro: -3.11, -1.76, -0.45
Accel: 0.25, 0.12, -0.93
Gyro: -3.09, -1.37, -1.01
Accel: 0.25, 0.12, -0.93
Gyro: -3.16, -1.56, -1.40
Accel: 0.26, 0.12, -0.94
Gyro: -2.78, -1.47, -1.56
Accel: 0.25, 0.12, -0.93
Gyro: -3.14, -1.92, -1.82
Accel: 0.25, 0.12, -0.94
Gyro: -3.54, -1.37, -1.83
Accel: 0.25, 0.13, -0.93
Gyro: -3.54, -0.75, -1.75
Accel: 0.25, 0.13, -0.93
Gyro: -3.81, -1.03, -1.54
Accel: 0.25, 0.13, -0.93
Gyro: -3.71, -1.37, -0.90
Accel: 0.25, 0.13, -0.94
Gyro: -3.32, -1.84, -0.66
Accel: 0.25, 0.13, -0.93
Gyro: -2.94, -1.64, -0.35
