Accel: 0.24, 0.10, -0.94
Gyro: -3.21, -0.80, -1.59
Accel: 0.24, 0.12, -0.94
Gyro: -4.36, -0.53, -0.72
Accel: 0.24, 0.11, -0.93
Gyro: -4.62, -1.18, 0.44
Accel: 0.24, 0.11, -0.94
Gyro: -5.04, -1.57, 0.14
Accel: 0.23, 0.11, -0.95
Gyro: -3.89, -0.45, 0.24
Accel: 0.23, 0.09, -0.94
Gyro: -3.46, 0.71, -0.87
Accel: 0.24, 0.11, -0.93
Gyro: -2.85, 0.93, -1.76
Accel: 0.24, 0.10, -0.95
Gyro: -3.17, 1.08, -2.32
Accel: 0.24, 0.11, -0.93
Gyro: -3.46, 1.25, -2.42
Accel: 0.23, 0.11, -0.95
Gyro: -3.90, 1.74, -2.00
Accel: 0.23, 0.10, -0.97
Gyro: -4.11, 4.55, -1.93
Accel: 0.21, 0.11, -1.01
Gyro: -4.93, 12.15, -2.90
Accel: 0.19, 0.12, -1.04
Gyro: -4.92, 22.51, -2.18
Accel: 0.17, 0.15, -1.11
Gyro: -5.36, 42.23, -1.10
Accel: 0.20, 0.14, -1.06
Gyro: -4.29, 62.22, -0.72
Accel: 0.24, 0.17, -0.94
Gyro: -0.37, 69.63, 1.08
Accel: 0.32, 0.14, -0.87
Gyro: 0.69, 70.85, 3.74
Accel: 0.37, 0.16, -0.84
Gyro: -0.60, 68.02, 7.77
Accel: 0.42, 0.17, -0.83
Gyro: -6.41, 63.88, 17.49
Accel: 0.46, 0.19, -0.78
Gyro: -12.44, 58.12, 26.74
Accel: 0.50, 0.16, -0.75
Gyro: -18.95, 49.45, 39.48
Accel: 0.53, 0.16, -0.75
Gyro: -29.42, 41.43, 50.61
Accel: 0.56, 0.10, -0.72
Gyro: -39.85, 30.44, 57.08
Accel: 0.55, 0.17, -0.80
Gyro: -41.31, 22.19, 58.11
Accel: 0.54, 0.18, -0.83
Gyro: -44.63, 28.69, 75.92
Accel: 0.58, 0.06, -0.74
Gyro: -47.80, 28.18, 82.02
Accel: 0.62, 0.13, -0.71
Gyro: -45.26, 21.79, 81.22
Accel: 0.66, 0.05, -0.67
Gyro: -46.25, 10.63, 88.73
Accel: 0.67, 0.01, -0.66
Gyro: -44.95, -0.40, 84.56
Accel: 0.70, 0.01, -0.59
Gyro: -41.38, -17.21, 81.62
Accel: 0.67, -0.01, -0.64
Gyro: -39.83, -34.55, 74.39
Accel: 0.65, -0.03, -0.67
Gyro: -39.71, -46.86, 67.85
Accel: 0.62, -0.01, -0.67
Gyro: -40.79, -57.98, 59.50
Accel: 0.58, -0.03, -0.72
Gyro: -38.35, -69.41, 51.26
Accel: 0.54, -0.04, -0.77
Gyro: -35.62, -75.75, 39.12
Accel: 0.48, -0.02, -0.77
Gyro: -32.07, -82.34, 27.19
Accel: 0.42, -0.03, -0.83
Gyro: -27.08, -87.35, 14.41
Accel: 0.37, -0.04, -0.89
Gyro: -22.45, -85.25, -1.45
Accel: 0.33, -0.03, -0.87
Gyro: -17.25, -85.46, -18.15
Accel: 0.27, -0.01, -0.89
Gyro: -12.31, -87.85, -31.27
Accel: 0.21, -0.02, -0.90
Gyro: -12.83, -88.04, -45.62
Accel: 0.17, 0.03, -0.91
Gyro: -14.60, -87.53, -54.63
Accel: 0.11, 0.07, -0.88
Gyro: -15.05, -88.21, -58.95
Accel: 0.03, 0.10, -1.00
Gyro: -18.68, -85.28, -64.99
Accel: -0.03, 0.16, -1.02
Gyro: -19.97, -76.48, -68.76
Accel: -0.08, 0.18, -1.06
Gyro: -17.22, -64.83, -70.73
Accel: -0.13, 0.18, -1.07
Gyro: -10.37, -51.69, -74.25
Accel: -0.16, 0.16, -1.08
Gyro: -3.59, -40.21, -77.96
Accel: -0.20, 0.18, -1.08
Gyro: 4.50, -27.01, -82.45
Accel: -0.19, 0.17, -1.04
Gyro: 11.55, -16.40, -85.49
Accel: -0.20, 0.10, -1.04
Gyro: 16.32, -8.51, -89.88
Accel: -0.19, 0.13, -1.00
Gyro: 17.10, 0.77, -98.75
Accel: -0.17, 0.15, -0.97
Gyro: 19.77, 0.47, -94.64
Accel: -0.19, 0.05, -1.04
Gyro: 17.14, 6.40, -95.07
Accel: -0.16, 0.16, -0.97
Gyro: 14.67, 12.19, -93.50
Accel: -0.17, 0.11, -1.02
Gyro: 12.28, 16.04, -82.64
Accel: -0.18, 0.12, -1.07
Gyro: 7.12, 26.60, -74.17
Accel: -0.16, 0.16, -1.06
Gyro: 0.64, 39.94, -60.80
Accel: -0.12, 0.15, -1.01
Gyro: -2.13, 49.15, -46.55
Accel: -0.08, 0.15, -0.96
Gyro: -3.50, 50.51, -33.49
Accel: -0.03, 0.16, -0.97
Gyro: -4.27, 50.77, -22.09
Accel: -0.01, 0.15, -0.97
Gyro: -6.43, 54.42, -8.01
Accel: 0.04, 0.08, -0.93
Gyro: -9.61, 54.18, -2.07
Accel: 0.09, 0.12, -0.90
Gyro: -12.01, 49.29, 2.10
Accel: 0.11, 0.12, -0.90
Gyro: -12.21, 44.44, 9.58
Accel: 0.14, 0.09, -0.89
Gyro: -12.31, 37.70, 11.90
Accel: 0.18, 0.10, -0.85
Gyro: -8.87, 28.29, 13.82
Accel: 0.20, 0.08, -0.89
Gyro: -8.33, 18.51, 14.92
Accel: 0.18, 0.07, -0.95
Gyro: -9.46, 15.85, 13.69
Accel: 0.19, 0.07, -0.93
Gyro: -10.95, 15.32, 10.57
Accel: 0.20, 0.08, -0.90
Gyro: -7.14, 10.93, 9.63
Accel: 0.21, 0.07, -0.95
Gyro: -5.39, 8.00, 8.21
Accel: 0.21, 0.08, -0.95
Gyro: -4.85, 8.17, 4.99
Accel: 0.22, 0.09, -0.93
Gyro: -3.38, 7.24, 3.55
Accel: 0.23, 0.09, -0.93
Gyro: -2.77, 4.42, 3.87
Accel: 0.23, 0.07, -0.93
Gyro: -2.98, 1.73, 3.56
Accel: 0.22, 0.07, -0.94
Gyro: -3.65, 0.84, 1.47
Accel: 0.22, 0.08, -0.93
Gyro: -4.02, -0.59, 0.70
Accel: 0.22, 0.09, -0.94
Gyro: -4.12, -2.27, 0.79
Accel: 0.21, 0.09, -0.94
Gyro: -5.10, -2.69, 0.94
Accel: 0.20, 0.10, -0.95
Gyro: -5.69, -2.13, 2.90
Accel: 0.19, 0.09, -0.94
Gyro: -6.18, -2.04, 3.82
Accel: 0.19, 0.09, -0.96
Gyro: -5.38, -1.46, 2.82
Accel: 0.19, 0.09, -0.97
Gyro: -4.20, -0.71, 0.90
Accel: 0.19, 0.10, -0.94
Gyro: -2.73, -0.30, -0.08
Accel: 0.20, 0.10, -0.95
Gyro: -2.82, -0.02, -0.43
Accel: 0.20, 0.09, -0.95
Gyro: -3.23, 0.47, -0.61
Accel: 0.20, 0.10, -0.94
Gyro: -3.08, 0.40, -1.49
Accel: 0.21, 0.10, -0.94
Gyro: -2.49, 0.07, -1.89
Accel: 0.22, 0.11, -0.94
Gyro: -1.87, -0.23, -1.46
Accel: 0.21, 0.10, -0.94
Gyro: -2.24, -1.17, -0.83
Accel: 0.21, 0.10, -0.94
Gyro: -3.24, -1.53, -0.41
Accel: 0.21, 0.11, -0.95
Gyro: -3.15, -1.59, -0.30
Accel: 0.20, 0.10, -0.95
Gyro: -3.20, -1.17, -0.28
Accel: 0.21, 0.10, -0.95
Gyro: -2.66, -0.89, -0.52
Accel: 0.20, 0.10, -0.95
Gyro: -2.33, -0.43, -0.23
Accel: 0.21, 0.09, -0.94
Gyro: -2.46, 0.20, -0.61
Accel: 0.21, 0.10, -0.94
Gyro: -2.32, 0.07, -0.59
Accel: 0.20, 0.09, -0.94
Gyro: -2.78, -0.05, -0.96
Accel: 0.21, 0.11, -0.94
Gyro: -2.30, -0.24, -0.50
Accel: 0.21, 0.10, -0.94
Gyro: -2.35, -0.72, -0.45
