Accel: 0.27, 0.08, -0.95
Gyro: -2.37, 0.79, -0.06
Accel: 0.27, 0.08, -0.94
Gyro: -2.69, 1.48, -0.79
Accel: 0.28, 0.08, -0.94
Gyro: -2.95, 1.75, -1.17
Accel: 0.28, 0.08, -0.93
Gyro: -3.29, 1.22, -1.31
Accel: 0.29, 0.09, -0.93
Gyro: -3.85, 1.08, -1.81
Accel: 0.29, 0.09, -0.91
Gyro: -3.56, 0.63, -2.17
Accel: 0.28, 0.10, -0.93
Gyro: -3.43, 0.55, -1.92
Accel: 0.28, 0.10, -0.92
Gyro: -3.56, 0.62, -1.98
Accel: 0.28, 0.09, -0.93
Gyro: -3.69, 1.13, -2.11
Accel: 0.29, 0.10, -0.92
Gyro: -3.60, 1.07, -2.46
Accel: 0.28, 0.09, -0.93
Gyro: -3.37, 1.21, -2.47
Accel: 0.28, 0.10, -0.94
Gyro: -4.12, 1.79, -2.12
Accel: 0.26, 0.09, -0.98
Gyro: -5.10, 5.06, -1.94
Accel: 0.24, 0.10, -1.01
Gyro: -7.50, 15.57, -1.88
Accel: 0.16, 0.07, -1.21
Gyro: -13.23, 33.81, -2.04
Accel: 0.18, 0.14, -1.20
Gyro: -18.68, 72.60, -4.05
Accel: 0.21, 0.19, -1.05
Gyro: -6.71, 82.96, 3.05
Accel: 0.24, 0.18, -1.03
Gyro: -16.02, 113.85, 10.82
Accel: 0.40, 0.19, -0.72
Gyro: -10.38, 109.24, 19.53
Accel: 0.46, 0.20, -0.77
Gyro: -12.18, 99.82, 29.36
Accel: 0.56, 0.15, -0.63
Gyro: -19.66, 88.58, 39.99
Accel: 0.61, 0.14, -0.65
Gyro: -26.60, 72.13, 48.14
Accel: 0.66, 0.15, -0.62
Gyro: -37.14, 61.44, 57.95
Accel: 0.70, 0.15, -0.60
Gyro: -42.45, 45.10, 68.53
Accel: 0.72, 0.12, -0.64
Gyro: -48.06, 34.81, 75.65
Accel: 0.77, 0.14, -0.52
Gyro: -58.62, 20.51, 88.14
Accel: 0.76, 0.13, -0.56
Gyro: -58.46, 2.49, 99.59
Accel: 0.76, 0.09, -0.59
Gyro: -58.39, -8.96, 110.51
Accel: 0.76, -0.00, -0.57
Gyro: -57.35, -20.49, 111.96
Accel: 0.75, -0.02, -0.58
Gyro: -52.12, -36.05, 109.44
Accel: 0.72, -0.10, -0.64
Gyro: -49.89, -46.66, 102.58
Accel: 0.70, -0.15, -0.63
Gyro: -43.59, -53.69, 85.14
Accel: 0.68, -0.15, -0.65
Gyro: -34.49, -65.79, 68.08
Accel: 0.63, -0.13, -0.71
Gyro: -34.69, -72.24, 53.28
Accel: 0.58, -0.15, -0.74
Gyro: -34.73, -78.01, 40.45
Accel: 0.50, -0.13, -0.84
Gyro: -36.19, -76.42, 28.33
Accel: 0.47, -0.13, -0.84
Gyro: -36.51, -65.54, 17.61
Accel: 0.47, -0.15, -0.76
Gyro: -33.30, -70.82, 1.92
Accel: 0.41, -0.10, -0.82
Gyro: -28.68, -76.55, -12.47
Accel: 0.37, -0.16, -0.82
Gyro: -27.21, -78.93, -29.94
Accel: 0.29, -0.06, -0.83
Gyro: -30.32, -85.42, -50.70
Accel: 0.23, -0.02, -0.88
Gyro: -28.52, -85.71, -60.04
Accel: 0.18, -0.01, -0.88
Gyro: -29.97, -87.38, -71.97
Accel: 0.10, 0.06, -0.92
Gyro: -25.92, -90.20, -85.24
Accel: 0.02, 0.05, -1.04
Gyro: -19.52, -82.45, -93.54
Accel: -0.05, 0.12, -1.07
Gyro: -11.34, -69.37, -95.56
Accel: -0.07, 0.16, -1.08
Gyro: -9.73, -56.47, -97.21
Accel: -0.10, 0.19, -1.07
Gyro: -1.05, -45.07, -99.05
Accel: -0.11, 0.19, -1.07
Gyro: 8.42, -33.87, -99.27
Accel: -0.14, 0.11, -1.04
Gyro: 12.92, -24.75, -103.14
Accel: -0.14, 0.18, -1.03
Gyro: 17.72, -15.85, -105.32
Accel: -0.15, 0.14, -1.05
Gyro: 20.71, -7.89, -103.32
Accel: -0.15, 0.12, -1.05
Gyro: 19.19, 1.51, -102.77
Accel: -0.15, 0.14, -1.06
Gyro: 17.47, 11.22, -96.89
Accel: -0.14, 0.13, -1.06
Gyro: 15.09, 22.04, -88.95
Accel: -0.12, 0.18, -1.06
Gyro: 10.81, 33.50, -78.99
Accel: -0.07, 0.21, -1.00
Gyro: 7.06, 38.27, -62.32
Accel: -0.06, 0.13, -1.04
Gyro: 1.87, 45.35, -50.43
Accel: -0.02, 0.19, -0.99
Gyro: -1.24, 51.17, -37.99
Accel: 0.02, 0.16, -0.97
Gyro: -2.78, 51.50, -22.41
Accel: 0.05, 0.11, -0.98
Gyro: -8.69, 57.23, -11.55
Accel: 0.10, 0.11, -0.93
Gyro: -13.03, 57.21, -5.85
Accel: 0.13, 0.12, -0.97
Gyro: -13.38, 55.75, -1.95
Accel: 0.17, 0.10, -0.92
Gyro: -16.60, 59.80, 2.14
Accel: 0.21, 0.05, -0.90
Gyro: -13.40, 55.18, -0.82
Accel: 0.26, 0.13, -0.87
Gyro: -9.86, 48.53, -2.88
Accel: 0.27, 0.13, -0.88
Gyro: -7.39, 43.56, 1.56
Accel: 0.33, 0.12, -0.79
Gyro: -9.45, 33.11, 4.17
Accel: 0.35, 0.12, -0.81
Gyro: -8.46, 19.84, 5.15
Accel: 0.35, 0.10, -0.84
Gyro: -5.93, 8.40, 5.54
Accel: 0.34, 0.10, -0.89
Gyro: -5.42, 2.11, 3.54
Accel: 0.34, 0.12, -0.89
Gyro: -3.65, -0.34, 3.11
Accel: 0.34, 0.10, -0.89
Gyro: -2.66, -2.01, 2.99
Accel: 0.33, 0.10, -0.92
Gyro: -2.52, -2.75, 1.88
Accel: 0.32, 0.09, -0.91
Gyro: -2.88, -2.15, 1.05
Accel: 0.32, 0.11, -0.91
Gyro: -3.63, -2.63, 1.06
Accel: 0.31, 0.10, -0.92
Gyro: -3.52, -3.88, 1.37
Accel: 0.29, 0.10, -0.93
Gyro: -3.20, -2.48, -0.52
Accel: 0.30, 0.11, -0.93
Gyro: -2.40, -1.32, -1.63
Accel: 0.31, 0.11, -0.91
Gyro: -1.56, -2.27, -1.08
Accel: 0.30, 0.10, -0.93
Gyro: -1.65, -2.53, -0.99
Accel: 0.29, 0.11, -0.93
Gyro: -2.54, -2.46, -1.03
Accel: 0.29, 0.10, -0.92
Gyro: -0.87, -1.88, -0.87
Accel: 0.28, 0.10, -0.93
Gyro: 0.47, -0.50, -2.06
Accel: 0.29, 0.11, -0.93
Gyro: 0.54, -0.40, -2.39
Accel: 0.29, 0.11, -0.92
Gyro: -0.52, -0.51, -0.97
Accel: 0.29, 0.10, -0.92
Gyro: -2.21, -0.89, -0.03
Accel: 0.29, 0.10, -0.93
Gyro: -3.78, -0.95, 0.89
Accel: 0.29, 0.10, -0.93
Gyro: -5.16, -0.24, 1.28
Accel: 0.29, 0.11, -0.93
Gyro: -3.72, 1.26, 1.62
Accel: 0.30, 0.10, -0.92
Gyro: -3.14, 1.45, 0.50
Accel: 0.31, 0.11, -0.92
Gyro: -2.99, 0.92, -0.02
Accel: 0.30, 0.10, -0.93
Gyro: -2.48, 0.40, -0.47
Accel: 0.31, 0.09, -0.92
Gyro: -1.72, 0.27, -1.87
Accel: 0.31, 0.10, -0.92
Gyro: -1.50, -0.43, -2.78
Accel: 0.31, 0.10, -0.90
Gyro: -2.58, -1.40, -2.59
Accel: 0.31, 0.10, -0.92
Gyro: -3.65, -1.50, -1.79
Accel: 0.30, 0.10, -0.92
Gyro: -3.62, -1.66, -2.11
Accel: 0.30, 0.11, -0.93
Gyro: -3.28, -1.99, -2.77
Accel: 0.29, 0.11, -0.91
Gyro: -2.98, -1.53, -2.42
Accel: 0.30, 0.10, -0.92
Gyro: -3.25, -0.96, -1.72
