Accel: 0.25, 0.12, -0.94
Gyro: -2.87, -0.46, -1.56
Accel: 0.25, 0.10, -0.93
Gyro: -2.46, -0.60, -1.29
Accel: 0.25, 0.11, -0.93
Gyro: -2.75, -0.76, -1.18
Accel: 0.25, 0.11, -0.94
Gyro: -3.04, -0.40, -0.82
Accel: 0.25, 0.11, -0.93
Gyro: -3.01, -0.60, -1.02
Accel: 0.25, 0.11, -0.93
Gyro: -2.99, -0.89, -1.23
Accel: 0.25, 0.11, -0.94
Gyro: -3.07, -0.23, -1.54
Accel: 0.25, 0.11, -0.93
Gyro: -2.70, -0.04, -1.74
Accel: 0.25, 0.11, -0.93
Gyro: -2.52, 0.13, -1.85
Accel: 0.25, 0.11, -0.94
Gyro: -3.08, 0.09, -1.96
Accel: 0.25, 0.12, -0.94
Gyro: -3.36, 1.26, -1.99
Accel: 0.24, 0.12, -0.96
Gyro: -3.28, 3.54, -1.77
Accel: 0.23, 0.11, -0.98
Gyro: -4.12, 7.93, -1.04
Accel: 0.22, 0.14, -1.02
Gyro: -4.95, 17.77, -0.37
Accel: 0.23, 0.13, -1.02
Gyro: -6.13, 27.21, 1.25
Accel: 0.22, 0.16, -1.05
Gyro: -3.20, 37.89, 1.87
Accel: 0.23, 0.18, -1.07
Gyro: -0.66, 57.29, 3.46
Accel: 0.31, 0.15, -0.86
Gyro: 10.15, 58.43, 2.17
Accel: 0.31, 0.13, -0.98
Gyro: 14.25, 61.67, 2.67
Accel: 0.37, 0.11, -0.89
Gyro: 10.70, 67.32, 4.36
Accel: 0.42, 0.13, -0.82
Gyro: 5.11, 63.73, 9.14
Accel: 0.44, 0.16, -0.84
Gyro: -3.60, 66.49, 21.42
Accel: 0.54, 0.14, -0.69
Gyro: -12.65, 54.50, 33.21
Accel: 0.58, 0.18, -0.69
Gyro: -21.40, 37.69, 49.30
Accel: 0.59, 0.19, -0.70
Gyro: -32.17, 25.27, 71.94
Accel: 0.59, 0.13, -0.73
Gyro: -42.62, 14.78, 89.26
Accel: 0.58, 0.12, -0.76
Gyro: -51.48, 9.78, 103.26
Accel: 0.58, 0.04, -0.75
Gyro: -54.70, 4.22, 109.38
Accel: 0.60, 0.06, -0.73
Gyro: -56.07, -5.00, 117.23
Accel: 0.58, -0.03, -0.74
Gyro: -57.13, -12.28, 114.16
Accel: 0.57, -0.03, -0.78
Gyro: -53.09, -18.01, 112.17
Accel: 0.59, -0.11, -0.72
Gyro: -50.03, -22.98, 100.26
Accel: 0.59, -0.11, -0.70
Gyro: -45.04, -38.80, 86.77
Accel: 0.55, -0.12, -0.77
Gyro: -41.60, -48.19, 72.93
Accel: 0.52, -0.09, -0.77
Gyro: -40.05, -52.87, 58.38
Accel: 0.50, -0.08, -0.77
Gyro: -33.90, -61.87, 48.10
Accel: 0.47, -0.10, -0.77
Gyro: -32.88, -70.62, 33.97
Accel: 0.41, -0.05, -0.80
Gyro: -28.74, -79.80, 22.60
Accel: 0.35, -0.09, -0.88
Gyro: -26.55, -81.15, 9.29
Accel: 0.29, -0.04, -0.90
Gyro: -24.19, -81.61, -5.73
Accel: 0.25, -0.00, -0.93
Gyro: -18.01, -79.48, -13.95
Accel: 0.21, -0.08, -0.91
Gyro: -20.13, -79.21, -27.08
Accel: 0.17, -0.02, -0.88
Gyro: -21.11, -83.71, -43.80
Accel: 0.09, 0.00, -0.96
Gyro: -16.83, -83.55, -52.57
Accel: 0.04, -0.00, -0.97
Gyro: -21.04, -79.00, -62.86
Accel: -0.02, 0.06, -1.00
Gyro: -16.25, -77.29, -70.64
Accel: -0.04, 0.13, -1.01
Gyro: -11.20, -72.01, -70.66
Accel: -0.08, 0.07, -0.99
Gyro: -4.96, -66.25, -74.91
Accel: -0.15, 0.04, -1.00
Gyro: 0.40, -62.72, -86.74
Accel: -0.20, 0.07, -1.01
Gyro: 5.27, -58.19, -93.36
Accel: -0.26, 0.05, -1.08
Gyro: 8.20, -46.99, -95.25
Accel: -0.28, 0.02, -1.07
Gyro: 8.46, -32.38, -101.77
Accel: -0.29, 0.05, -1.04
Gyro: 9.74, -22.11, -106.13
Accel: -0.30, 0.05, -1.05
Gyro: 10.89, -13.37, -102.97
Accel: -0.30, 0.05, -1.01
Gyro: 8.93, -2.56, -104.02
Accel: -0.28, 0.07, -1.03
Gyro: 9.27, 2.20, -96.00
Accel: -0.28, 0.00, -1.04
Gyro: 4.69, 11.56, -91.87
Accel: -0.24, 0.13, -0.98
Gyro: 0.78, 18.49, -82.08
Accel: -0.23, 0.10, -1.02
Gyro: -3.10, 23.46, -62.00
Accel: -0.22, -0.01, -1.04
Gyro: -11.05, 33.06, -54.79
Accel: -0.19, 0.10, -1.00
Gyro: -11.49, 39.42, -45.56
Accel: -0.17, 0.05, -1.02
Gyro: -13.41, 46.23, -34.05
Accel: -0.14, 0.01, -1.03
Gyro: -16.08, 51.82, -29.65
Accel: -0.10, 0.10, -1.00
Gyro: -18.34, 60.22, -23.78
Accel: -0.05, 0.08, -0.94
Gyro: -15.53, 60.59, -12.66
Accel: -0.02, 0.08, -0.97
Gyro: -16.11, 57.71, -5.03
Accel: 0.03, 0.09, -0.94
Gyro: -17.03, 60.42, 2.10
Accel: 0.09, 0.06, -0.89
Gyro: -15.62, 54.24, 6.58
Accel: 0.10, 0.07, -0.94
Gyro: -15.91, 50.50, 6.56
Accel: 0.14, 0.07, -0.91
Gyro: -15.11, 47.84, 9.11
Accel: 0.19, 0.09, -0.86
Gyro: -15.21, 39.32, 11.40
Accel: 0.22, 0.05, -0.86
Gyro: -12.46, 28.10, 11.55
Accel: 0.22, 0.06, -0.89
Gyro: -11.25, 22.13, 8.96
Accel: 0.24, 0.06, -0.88
Gyro: -9.54, 16.41, 7.30
Accel: 0.25, 0.08, -0.91
Gyro: -8.20, 10.73, 7.31
Accel: 0.25, 0.06, -0.93
Gyro: -8.06, 9.77, 6.32
Accel: 0.25, 0.07, -0.92
Gyro: -6.08, 8.09, 4.31
Accel: 0.27, 0.08, -0.91
Gyro: -5.04, 4.30, 4.01
Accel: 0.25, 0.07, -0.94
Gyro: -5.06, 2.49, 3.77
Accel: 0.25, 0.07, -0.93
Gyro: -5.15, 3.66, 3.51
Accel: 0.25, 0.07, -0.93
Gyro: -4.54, 1.57, 3.11
Accel: 0.25, 0.06, -0.92
Gyro: -4.75, -1.00, 1.95
Accel: 0.24, 0.09, -0.93
Gyro: -4.61, -1.44, 1.56
Accel: 0.23, 0.08, -0.94
Gyro: -4.15, -1.32, 1.25
Accel: 0.23, 0.08, -0.94
Gyro: -2.72, -1.08, 0.16
Accel: 0.22, 0.07, -0.94
Gyro: -2.49, -1.73, -0.43
Accel: 0.22, 0.08, -0.94
Gyro: -3.06, -2.31, -0.10
Accel: 0.22, 0.08, -0.94
Gyro: -3.51, -2.05, 0.08
Accel: 0.21, 0.08, -0.96
Gyro: -3.80, -0.67, -0.05
Accel: 0.22, 0.09, -0.94
Gyro: -3.20, 0.33, 0.60
Accel: 0.22, 0.08, -0.94
Gyro: -2.88, 0.52, 1.00
Accel: 0.23, 0.07, -0.94
Gyro: -2.85, 0.39, 0.39
Accel: 0.24, 0.07, -0.94
Gyro: -3.44, 0.00, -0.46
Accel: 0.23, 0.09, -0.93
Gyro: -3.98, -0.68, -0.86
Accel: 0.24, 0.09, -0.94
Gyro: -2.96, -0.85, -0.54
Accel: 0.24, 0.07, -0.94
Gyro: -3.18, -1.19, -1.09
Accel: 0.23, 0.09, -0.94
Gyro: -3.46, -1.21, -1.26
Accel: 0.23, 0.08, -0.94
Gyro: -3.60, -1.57, -1.12
Accel: 0.24, 0.08, -0.93
Gyro: -3.47, -1.88, -1.62
Accel: 0.23, 0.09, -0.95
Gyro: -3.24, -1.59, -1.86
Accel: 0.22, 0.08, -0.94
Gyro: -3.26, -0.95, -1.33
