Accel: 0.32, 0.13, -0.92
Gyro: -3.27, -1.87, -1.45
Accel: 0.31, 0.14, -0.92
Gyro: -3.36, -1.57, -1.31
Accel: 0.32, 0.13, -0.90
Gyro: -3.36, -1.17, -1.50
Accel: 0.32, 0.13, -0.91
Gyro: -3.99, -0.86, -1.71
Accel: 0.31, 0.14, -0.92
Gyro: -3.74, -0.50, -1.43
Accel: 0.31, 0.13, -0.92
Gyro: -4.03, 0.04, -1.29
Accel: 0.32, 0.14, -0.91
Gyro: -4.22, -0.07, -1.87
Accel: 0.32, 0.14, -0.91
Gyro: -4.36, -0.61, -1.92
Accel: 0.32, 0.14, -0.92
Gyro: -4.29, -0.64, -1.85
Accel: 0.31, 0.14, -0.92
Gyro: -4.32, 0.00, -2.20
Accel: 0.31, 0.14, -0.93
Gyro: -4.49, 0.92, -2.51
Accel: 0.29, 0.15, -0.97
Gyro: -5.81, 5.68, -2.65
Accel: 0.28, 0.14, -0.99
Gyro: -6.50, 13.97, -2.27
Accel: 0.28, 0.13, -1.00
Gyro: -6.26, 22.44, -5.10
Accel: 0.25, 0.14, -1.06
Gyro: -6.61, 41.18, -7.02
Accel: 0.26, 0.17, -1.04
Gyro: -9.67, 60.05, -8.58
Accel: 0.30, 0.21, -0.99
Gyro: -7.77, 74.37, -4.07
Accel: 0.37, 0.23, -0.88
Gyro: -8.61, 80.66, 2.39
Accel: 0.42, 0.30, -0.81
Gyro: -10.31, 80.67, 16.67
Accel: 0.47, 0.27, -0.80
Gyro: -16.89, 79.84, 33.69
Accel: 0.55, 0.30, -0.70
Gyro: -26.45, 75.78, 50.30
Accel: 0.59, 0.29, -0.69
Gyro: -35.75, 64.99, 75.46
Accel: 0.61, 0.18, -0.69
Gyro: -43.88, 60.11, 88.27
Accel: 0.68, 0.21, -0.59
Gyro: -51.73, 45.54, 100.46
Accel: 0.66, 0.09, -0.66
Gyro: -53.82, 36.01, 109.67
Accel: 0.73, 0.07, -0.56
Gyro: -60.71, 27.46, 106.51
Accel: 0.78, 0.12, -0.51
Gyro: -60.18, 7.06, 116.13
Accel: 0.78, -0.02, -0.53
Gyro: -59.94, -10.86, 115.93
Accel: 0.78, 0.09, -0.54
Gyro: -58.57, -31.30, 118.94
Accel: 0.73, -0.07, -0.62
Gyro: -59.91, -43.55, 117.00
Accel: 0.72, -0.00, -0.59
Gyro: -54.91, -55.02, 110.80
Accel: 0.67, -0.06, -0.65
Gyro: -49.21, -65.49, 103.03
Accel: 0.63, -0.11, -0.69
Gyro: -44.26, -72.47, 90.06
Accel: 0.59, -0.10, -0.71
Gyro: -37.77, -78.12, 80.32
Accel: 0.54, -0.18, -0.79
Gyro: -34.96, -76.42, 65.82
Accel: 0.52, -0.20, -0.78
Gyro: -29.70, -78.03, 47.35
Accel: 0.48, -0.23, -0.77
Gyro: -26.50, -81.69, 26.86
Accel: 0.41, -0.09, -0.82
Gyro: -24.99, -87.29, 12.46
Accel: 0.35, -0.13, -0.89
Gyro: -25.34, -84.30, 9.54
Accel: 0.32, -0.20, -0.85
Gyro: -34.03, -84.14, -4.14
Accel: 0.24, -0.08, -0.90
Gyro: -34.46, -87.56, -16.85
Accel: 0.20, -0.19, -0.93
Gyro: -40.99, -83.73, -29.69
Accel: 0.18, -0.24, -0.76
Gyro: -52.13, -91.79, -58.25
Accel: 0.02, 0.12, -0.94
Gyro: -43.47, -104.15, -77.29
Accel: -0.06, -0.01, -1.04
Gyro: -42.25, -96.14, -84.21
Accel: -0.11, 0.08, -0.91
Gyro: -35.83, -89.41, -98.33
Accel: -0.14, 0.15, -0.99
Gyro: -34.90, -80.66, -101.04
Accel: -0.20, 0.10, -0.98
Gyro: -36.56, -72.49, -99.52
Accel: -0.26, 0.08, -1.04
Gyro: -37.75, -64.48, -112.99
Accel: -0.31, 0.19, -1.08
Gyro: -22.54, -48.90, -123.35
Accel: -0.33, 0.20, -1.08
Gyro: -15.51, -33.10, -123.50
Accel: -0.34, 0.28, -1.04
Gyro: -9.72, -19.20, -118.78
Accel: -0.34, 0.19, -1.03
Gyro: -2.77, -11.03, -113.71
Accel: -0.35, 0.15, -1.03
Gyro: -1.84, -0.50, -114.62
Accel: -0.33, 0.20, -0.97
Gyro: 0.01, 6.95, -115.78
Accel: -0.32, 0.24, -0.96
Gyro: 3.65, 6.29, -105.80
Accel: -0.33, 0.16, -1.04
Gyro: 0.24, 13.32, -98.85
Accel: -0.30, 0.21, -0.97
Gyro: -1.58, 20.97, -89.51
Accel: -0.27, 0.21, -0.97
Gyro: -1.24, 24.60, -73.46
Accel: -0.27, 0.12, -0.99
Gyro: -4.45, 31.11, -67.54
Accel: -0.24, 0.19, -0.99
Gyro: -7.76, 37.32, -60.97
Accel: -0.22, 0.19, -0.96
Gyro: -6.32, 39.60, -44.85
Accel: -0.21, 0.09, -1.01
Gyro: -9.61, 44.09, -42.60
Accel: -0.17, 0.20, -0.98
Gyro: -9.68, 48.32, -36.63
Accel: -0.12, 0.18, -0.96
Gyro: -7.17, 50.82, -22.85
Accel: -0.11, 0.16, -1.02
Gyro: -10.79, 55.17, -16.40
Accel: -0.06, 0.22, -0.96
Gyro: -12.50, 61.68, -3.77
Accel: -0.00, 0.20, -0.91
Gyro: -9.83, 57.41, 10.48
Accel: 0.01, 0.11, -0.94
Gyro: -10.60, 54.61, 16.69
Accel: 0.04, 0.12, -0.94
Gyro: -11.48, 54.41, 16.46
Accel: 0.07, 0.13, -0.94
Gyro: -9.61, 52.02, 19.11
Accel: 0.10, 0.07, -0.93
Gyro: -10.03, 49.81, 17.81
Accel: 0.12, 0.09, -0.95
Gyro: -9.76, 49.39, 12.42
Accel: 0.15, 0.12, -0.92
Gyro: -9.38, 50.34, 13.11
Accel: 0.21, 0.09, -0.86
Gyro: -8.13, 41.47, 12.05
Accel: 0.23, 0.10, -0.87
Gyro: -6.75, 32.78, 8.91
Accel: 0.25, 0.11, -0.88
Gyro: -5.96, 29.05, 7.51
Accel: 0.28, 0.12, -0.87
Gyro: -4.62, 20.91, 7.19
Accel: 0.29, 0.10, -0.87
Gyro: -4.25, 12.98, 5.45
Accel: 0.29, 0.10, -0.91
Gyro: -3.60, 9.06, 2.55
Accel: 0.30, 0.12, -0.90
Gyro: -4.55, 7.43, 2.35
Accel: 0.30, 0.12, -0.89
Gyro: -4.46, 4.55, 3.17
Accel: 0.30, 0.11, -0.91
Gyro: -3.92, 1.59, 2.84
Accel: 0.29, 0.11, -0.92
Gyro: -4.39, 1.50, 2.61
Accel: 0.29, 0.12, -0.92
Gyro: -4.28, 1.94, 2.77
Accel: 0.29, 0.12, -0.91
Gyro: -3.23, 0.27, 3.04
Accel: 0.29, 0.11, -0.92
Gyro: -3.65, -1.38, 1.66
Accel: 0.28, 0.12, -0.93
Gyro: -4.48, -1.45, 1.41
Accel: 0.28, 0.11, -0.92
Gyro: -4.36, -1.43, 0.51
Accel: 0.27, 0.13, -0.91
Gyro: -3.66, -2.56, -0.49
Accel: 0.27, 0.13, -0.93
Gyro: -3.67, -2.53, -0.66
Accel: 0.27, 0.12, -0.94
Gyro: -4.43, -0.94, -1.19
Accel: 0.27, 0.13, -0.92
Gyro: -4.61, -0.74, -2.08
Accel: 0.26, 0.13, -0.92
Gyro: -3.61, -2.02, -2.23
Accel: 0.26, 0.14, -0.94
Gyro: -4.21, -1.25, -2.38
Accel: 0.26, 0.14, -0.93
Gyro: -3.59, -0.47, -2.01
Accel: 0.27, 0.14, -0.91
Gyro: -3.52, -1.11, -1.82
Accel: 0.27, 0.14, -0.92
Gyro: -3.05, -1.69, -1.38
Accel: 0.26, 0.12, -0.94
Gyro: -2.71, -0.92, -1.76
Accel: 0.27, 0.15, -0.93
Gyro: -2.09, 0.11, -1.66
Accel: 0.27, 0.15, -0.92
Gyro: -1.85, 0.23, -0.17
