Accel: 0.26, 0.09, -0.94
Gyro: -2.69, -2.06, -1.68
Accel: 0.25, 0.10, -0.93
Gyro: -3.41, -2.30, -1.47
Accel: 0.24, 0.09, -0.94
Gyro: -3.01, -1.88, -1.81
Accel: 0.25, 0.10, -0.93
Gyro: -2.78, -1.52, -2.27
Accel: 0.24, 0.10, -0.93
Gyro: -2.75, -1.54, -2.34
Accel: 0.24, 0.10, -0.94
Gyro: -2.75, -1.88, -2.05
Accel: 0.25, 0.10, -0.94
Gyro: -2.40, -1.94, -1.78
Accel: 0.24, 0.09, -0.94
Gyro: -2.70, -1.69, -2.03
Accel: 0.24, 0.10, -0.93
Gyro: -2.59, -1.34, -2.37
Accel: 0.25, 0.09, -0.93
Gyro: -2.82, -1.40, -2.31
Accel: 0.24, 0.09, -0.94
Gyro: -3.50, -1.24, -2.24
Accel: 0.24, 0.09, -0.95
Gyro: -3.71, -0.34, -2.04
Accel: 0.22, 0.10, -0.98
Gyro: -5.68, 3.64, -1.94
Accel: 0.19, 0.08, -1.02
Gyro: -11.12, 10.70, -0.09
Accel: 0.13, 0.00, -1.16
Gyro: -22.46, 30.56, -7.64
Accel: 0.18, 0.18, -1.06
Gyro: -23.29, 47.71, -8.62
Accel: 0.10, 0.19, -1.21
Gyro: -23.41, 71.66, 1.59
Accel: 0.16, 0.17, -1.10
Gyro: -31.48, 104.29, 6.85
Accel: 0.23, 0.28, -0.94
Gyro: -27.46, 116.30, 16.11
Accel: 0.30, 0.25, -0.88
Gyro: -23.57, 123.03, 31.50
Accel: 0.45, 0.23, -0.66
Gyro: -24.66, 115.72, 40.12
Accel: 0.55, 0.26, -0.63
Gyro: -25.26, 103.16, 54.66
Accel: 0.66, 0.22, -0.54
Gyro: -33.24, 85.82, 70.92
Accel: 0.72, 0.19, -0.52
Gyro: -42.51, 65.97, 85.27
Accel: 0.75, 0.16, -0.51
Gyro: -51.44, 46.77, 98.17
Accel: 0.77, 0.10, -0.54
Gyro: -56.14, 29.69, 104.00
Accel: 0.80, 0.06, -0.54
Gyro: -58.82, 15.68, 103.64
Accel: 0.81, 0.02, -0.52
Gyro: -54.05, -0.67, 103.48
Accel: 0.82, 0.02, -0.52
Gyro: -53.02, -15.82, 99.54
Accel: 0.83, 0.00, -0.50
Gyro: -50.27, -33.24, 102.75
Accel: 0.81, -0.02, -0.52
Gyro: -45.46, -51.75, 95.49
Accel: 0.77, -0.01, -0.53
Gyro: -39.76, -70.08, 95.61
Accel: 0.73, -0.04, -0.54
Gyro: -33.07, -88.71, 89.40
Accel: 0.63, -0.09, -0.64
Gyro: -21.00, -106.20, 86.57
Accel: 0.53, -0.28, -0.82
Gyro: -21.97, -99.22, 68.31
Accel: 0.51, -0.30, -0.72
Gyro: -26.64, -96.68, 39.56
Accel: 0.43, -0.21, -0.81
Gyro: -27.84, -99.69, 16.65
Accel: 0.37, -0.22, -0.82
Gyro: -26.28, -100.30, 1.03
Accel: 0.33, -0.29, -0.76
Gyro: -29.05, -108.04, -22.62
Accel: 0.23, -0.21, -0.84
Gyro: -29.87, -115.37, -50.59
Accel: 0.13, -0.14, -0.91
Gyro: -31.38, -113.79, -73.30
Accel: 0.02, -0.07, -0.98
Gyro: -29.58, -108.49, -86.52
Accel: -0.05, -0.02, -1.04
Gyro: -25.06, -99.66, -98.75
Accel: -0.10, 0.07, -1.14
Gyro: -19.91, -81.93, -104.41
Accel: -0.16, 0.06, -1.08
Gyro: -10.06, -61.23, -104.21
Accel: -0.16, 0.08, -1.08
Gyro: -14.08, -46.89, -107.94
Accel: -0.17, 0.12, -1.08
Gyro: -6.74, -34.42, -109.18
Accel: -0.18, 0.08, -1.08
Gyro: 1.14, -23.32, -112.27
Accel: -0.20, 0.04, -1.09
Gyro: 4.78, -10.51, -122.64
Accel: -0.18, 0.14, -1.05
Gyro: 14.20, -1.64, -121.29
Accel: -0.17, 0.09, -1.07
Gyro: 16.47, 8.13, -118.99
Accel: -0.13, 0.19, -1.00
Gyro: 15.98, 15.91, -111.11
Accel: -0.13, 0.13, -1.06
Gyro: 19.74, 23.70, -100.85
Accel: -0.09, 0.18, -1.01
Gyro: 18.78, 33.13, -86.22
Accel: -0.05, 0.16, -0.99
Gyro: 13.03, 36.04, -64.05
Accel: -0.04, 0.08, -1.01
Gyro: 3.62, 40.37, -47.57
Accel: -0.01, 0.12, -1.00
Gyro: -4.29, 45.56, -32.88
Accel: 0.04, 0.07, -1.00
Gyro: -8.11, 46.06, -18.44
Accel: 0.05, 0.05, -1.03
Gyro: -15.60, 57.27, -12.33
Accel: 0.12, 0.08, -0.91
Gyro: -17.31, 54.88, -4.65
Accel: 0.16, 0.05, -0.91
Gyro: -17.65, 48.55, 1.18
Accel: 0.17, 0.02, -0.94
Gyro: -18.71, 48.20, 1.60
Accel: 0.22, 0.05, -0.86
Gyro: -18.12, 42.70, -0.22
Accel: 0.25, 0.06, -0.90
Gyro: -15.82, 34.11, 0.66
Accel: 0.26, 0.08, -0.90
Gyro: -17.77, 31.75, 0.19
Accel: 0.29, 0.11, -0.86
Gyro: -14.39, 24.86, 0.50
Accel: 0.30, 0.10, -0.85
Gyro: -8.86, 15.85, 1.56
Accel: 0.31, 0.08, -0.87
Gyro: -6.32, 8.23, 1.34
Accel: 0.30, 0.07, -0.89
Gyro: -5.91, 2.56, 0.11
Accel: 0.29, 0.09, -0.89
Gyro: -5.46, -1.12, -0.79
Accel: 0.29, 0.11, -0.92
Gyro: -3.69, -4.37, 1.03
Accel: 0.28, 0.09, -0.94
Gyro: -3.40, -3.59, 1.63
Accel: 0.28, 0.09, -0.93
Gyro: -3.78, -2.09, 1.13
Accel: 0.28, 0.08, -0.93
Gyro: -3.52, -2.62, 1.50
Accel: 0.27, 0.07, -0.95
Gyro: -3.77, -0.88, 0.69
Accel: 0.27, 0.08, -0.93
Gyro: -3.84, 0.56, -0.70
Accel: 0.27, 0.09, -0.93
Gyro: -4.14, 1.11, -0.99
Accel: 0.26, 0.09, -0.93
Gyro: -3.85, 1.82, -0.23
Accel: 0.27, 0.09, -0.93
Gyro: -3.70, 1.75, 0.31
Accel: 0.27, 0.09, -0.91
Gyro: -3.44, 0.22, 0.50
Accel: 0.27, 0.09, -0.92
Gyro: -2.98, -1.86, 0.32
Accel: 0.27, 0.09, -0.93
Gyro: -2.32, -1.47, -0.68
Accel: 0.27, 0.09, -0.92
Gyro: -0.76, -2.10, -1.21
Accel: 0.27, 0.09, -0.92
Gyro: -0.69, -3.23, -1.30
Accel: 0.26, 0.09, -0.93
Gyro: 0.48, -3.49, -2.27
Accel: 0.26, 0.09, -0.94
Gyro: 1.76, -2.89, -2.29
Accel: 0.26, 0.08, -0.95
Gyro: 0.92, -1.41, -1.64
Accel: 0.26, 0.07, -0.95
Gyro: -1.48, 0.09, -0.66
Accel: 0.27, 0.07, -0.94
Gyro: -3.09, 0.89, 0.41
Accel: 0.27, 0.07, -0.94
Gyro: -4.14, 1.61, 0.41
Accel: 0.27, 0.07, -0.93
Gyro: -4.37, 1.43, -0.45
Accel: 0.27, 0.09, -0.93
Gyro: -4.04, 1.41, -1.13
Accel: 0.27, 0.08, -0.93
Gyro: -2.84, 1.01, -0.53
Accel: 0.28, 0.07, -0.93
Gyro: -2.94, 0.94, -1.49
Accel: 0.27, 0.09, -0.91
Gyro: -3.12, 0.62, -2.25
Accel: 0.27, 0.10, -0.91
Gyro: -3.17, -0.59, -2.05
Accel: 0.27, 0.09, -0.93
Gyro: -3.20, -1.08, -1.62
Accel: 0.27, 0.09, -0.93
Gyro: -3.05, -0.31, -1.25
Accel: 0.27, 0.09, -0.93
Gyro: -2.75, 0.00, -0.65
Accel: 0.27, 0.09, -0.93
Gyro: -2.66, -0.14, -0.05
Accel: 0.27, 0.09, -0.94
Gyro: -2.40, 0.16, 0.12
