Accel: 0.24, 0.13, -0.95
Gyro: -3.27, -1.61, -0.17
Accel: 0.24, 0.13, -0.93
Gyro: -3.29, -1.28, -0.10
Accel: 0.24, 0.13, -0.93
Gyro: -3.46, -1.06, -1.04
Accel: 0.24, 0.13, -0.93
Gyro: -3.02, -1.75, -1.08
Accel: 0.24, 0.13, -0.94
Gyro: -3.56, -1.53, -1.46
Accel: 0.23, 0.14, -0.94
Gyro: -4.03, -1.21, -1.21
Accel: 0.24, 0.14, -0.94
Gyro: -3.90, -0.73, -0.81
Accel: 0.23, 0.13, -0.94
Gyro: -3.59, 0.17, -1.10
Accel: 0.24, 0.13, -0.94
Gyro: -3.56, 1.20, -1.66
Accel: 0.24, 0.14, -0.94
Gyro: -3.88, 1.11, -1.72
Accel: 0.24, 0.14, -0.94
Gyro: -4.59, 1.95, -1.17
Accel: 0.21, 0.12, -1.00
Gyro: -5.68, 6.67, -2.52
Accel: 0.17, 0.15, -1.09
Gyro: -8.85, 20.13, -2.15
Accel: 0.17, 0.16, -1.09
Gyro: -10.01, 41.05, 1.21
Accel: 0.16, 0.18, -1.12
Gyro: -10.81, 58.53, 1.99
Accel: 0.20, 0.20, -1.04
Gyro: -9.38, 75.95, 6.90
Accel: 0.19, 0.22, -1.10
Gyro: -8.93, 95.57, 11.83
Accel: 0.31, 0.22, -0.86
Gyro: -14.65, 115.68, 20.09
Accel: 0.34, 0.19, -0.87
Gyro: -7.32, 111.56, 28.59
Accel: 0.46, 0.19, -0.69
Gyro: -13.36, 112.98, 33.21
Accel: 0.59, 0.19, -0.57
Gyro: -16.23, 91.86, 42.95
Accel: 0.64, 0.16, -0.63
Gyro: -24.80, 76.41, 52.26
Accel: 0.72, 0.19, -0.54
Gyro: -34.93, 60.34, 62.74
Accel: 0.76, 0.15, -0.52
Gyro: -40.83, 37.89, 76.63
Accel: 0.77, 0.15, -0.55
Gyro: -48.94, 22.35, 86.89
Accel: 0.78, 0.14, -0.55
Gyro: -52.78, 7.98, 95.77
Accel: 0.78, 0.06, -0.56
Gyro: -54.53, -6.51, 103.10
Accel: 0.77, 0.04, -0.58
Gyro: -53.82, -19.72, 104.01
Accel: 0.73, -0.01, -0.63
Gyro: -53.20, -26.32, 104.44
Accel: 0.73, -0.03, -0.60
Gyro: -50.32, -35.29, 100.81
Accel: 0.70, -0.03, -0.68
Gyro: -52.22, -43.53, 98.56
Accel: 0.68, -0.08, -0.67
Gyro: -47.27, -48.36, 93.17
Accel: 0.67, -0.07, -0.64
Gyro: -42.73, -55.57, 82.21
Accel: 0.64, -0.14, -0.68
Gyro: -34.03, -67.15, 72.40
Accel: 0.60, -0.14, -0.72
Gyro: -34.29, -71.10, 57.08
Accel: 0.56, -0.20, -0.75
Gyro: -25.82, -80.47, 40.35
Accel: 0.48, -0.16, -0.80
Gyro: -24.38, -80.38, 19.74
Accel: 0.41, -0.17, -0.85
Gyro: -18.34, -79.66, 3.97
Accel: 0.36, -0.18, -0.86
Gyro: -20.29, -77.37, -11.12
Accel: 0.36, -0.12, -0.82
Gyro: -24.79, -77.50, -23.86
Accel: 0.34, -0.09, -0.78
Gyro: -29.63, -84.53, -39.13
Accel: 0.28, -0.06, -0.84
Gyro: -25.83, -94.06, -48.51
Accel: 0.20, -0.10, -0.87
Gyro: -31.49, -98.83, -63.30
Accel: 0.12, 0.02, -0.92
Gyro: -34.00, -98.77, -74.68
Accel: 0.04, 0.07, -1.03
Gyro: -31.53, -91.26, -77.60
Accel: -0.05, 0.07, -1.06
Gyro: -21.26, -74.68, -85.98
Accel: -0.05, 0.16, -1.08
Gyro: -22.95, -62.55, -83.56
Accel: -0.10, 0.07, -1.06
Gyro: -21.78, -49.26, -85.17
Accel: -0.11, 0.14, -1.02
Gyro: -16.43, -41.31, -91.49
Accel: -0.13, 0.11, -1.01
Gyro: -9.94, -35.80, -97.77
Accel: -0.17, 0.13, -1.01
Gyro: -4.72, -28.66, -105.98
Accel: -0.17, 0.19, -1.02
Gyro: 6.16, -24.13, -105.06
Accel: -0.21, 0.12, -1.05
Gyro: 10.82, -16.56, -109.61
Accel: -0.23, 0.14, -1.05
Gyro: 9.35, -4.05, -113.26
Accel: -0.23, 0.13, -1.04
Gyro: 13.92, 5.49, -108.77
Accel: -0.23, 0.15, -1.05
Gyro: 10.64, 15.89, -105.61
Accel: -0.21, 0.14, -1.00
Gyro: 8.24, 22.90, -96.55
Accel: -0.19, 0.16, -1.02
Gyro: 5.76, 28.72, -88.71
Accel: -0.18, 0.23, -1.04
Gyro: 4.12, 36.46, -74.11
Accel: -0.15, 0.15, -1.04
Gyro: 0.30, 45.47, -56.35
Accel: -0.11, 0.10, -1.03
Gyro: -3.91, 53.60, -53.73
Accel: -0.07, 0.21, -1.00
Gyro: -3.96, 58.87, -38.90
Accel: -0.03, 0.16, -0.99
Gyro: -7.45, 62.61, -23.40
Accel: 0.01, 0.14, -1.01
Gyro: -12.66, 68.53, -16.54
Accel: 0.08, 0.22, -0.90
Gyro: -15.69, 70.45, -0.68
Accel: 0.16, 0.16, -0.82
Gyro: -17.24, 60.49, 13.78
Accel: 0.20, 0.13, -0.83
Gyro: -17.85, 45.85, 19.28
Accel: 0.21, 0.14, -0.89
Gyro: -16.14, 36.41, 22.26
Accel: 0.23, 0.12, -0.89
Gyro: -14.43, 30.01, 23.56
Accel: 0.24, 0.11, -0.89
Gyro: -13.08, 24.44, 23.13
Accel: 0.26, 0.11, -0.92
Gyro: -12.45, 21.22, 24.12
Accel: 0.28, 0.06, -0.90
Gyro: -11.38, 17.75, 19.16
Accel: 0.29, 0.06, -0.89
Gyro: -9.60, 13.73, 12.89
Accel: 0.29, 0.08, -0.91
Gyro: -6.42, 8.35, 9.59
Accel: 0.29, 0.08, -0.91
Gyro: -5.07, 6.17, 5.74
Accel: 0.30, 0.08, -0.90
Gyro: -2.78, 4.71, 1.25
Accel: 0.30, 0.10, -0.91
Gyro: -2.49, 1.79, -0.73
Accel: 0.29, 0.10, -0.92
Gyro: -3.68, 1.01, -1.28
Accel: 0.28, 0.11, -0.93
Gyro: -3.05, 1.27, -2.83
Accel: 0.28, 0.12, -0.91
Gyro: -2.27, -0.13, -2.85
Accel: 0.28, 0.12, -0.92
Gyro: -2.43, -1.25, -1.49
Accel: 0.28, 0.12, -0.92
Gyro: -3.46, -0.60, -0.10
Accel: 0.27, 0.12, -0.92
Gyro: -3.56, -1.73, 0.51
Accel: 0.27, 0.12, -0.93
Gyro: -3.84, -2.16, 0.82
Accel: 0.27, 0.12, -0.93
Gyro: -3.85, -1.36, 0.59
Accel: 0.27, 0.11, -0.93
Gyro: -4.16, -1.93, 0.49
Accel: 0.27, 0.11, -0.93
Gyro: -4.40, -1.98, 0.15
Accel: 0.27, 0.12, -0.93
Gyro: -3.96, -1.34, -0.85
Accel: 0.28, 0.13, -0.93
Gyro: -3.38, -1.23, -0.85
Accel: 0.27, 0.12, -0.93
Gyro: -3.36, -2.01, -0.39
Accel: 0.27, 0.12, -0.94
Gyro: -2.59, -0.50, -1.21
Accel: 0.28, 0.13, -0.93
Gyro: -2.16, 0.23, -2.01
Accel: 0.27, 0.13, -0.92
Gyro: -2.11, -0.69, -1.54
Accel: 0.27, 0.13, -0.93
Gyro: -2.85, -1.15, -0.89
Accel: 0.27, 0.12, -0.92
Gyro: -3.13, -0.14, -0.87
Accel: 0.28, 0.12, -0.91
Gyro: -3.02, -0.51, -1.32
Accel: 0.28, 0.12, -0.92
Gyro: -2.98, -1.18, -1.01
Accel: 0.27, 0.14, -0.94
Gyro: -3.02, -0.92, -0.70
Accel: 0.27, 0.12, -0.93
Gyro: -2.69, -0.85, -0.39
Accel: 0.27, 0.12, -0.93
Gyro: -2.61, -1.29, -1.24
Accel: 0.27, 0.12, -0.93
Gyro: -2.96, -1.92, -1.43
