Accel: 0.25, 0.11, -0.94
Gyro: -3.14, -1.07, -1.08
Accel: 0.25, 0.10, -0.94
Gyro: -3.02, -0.84, -0.82
Accel: 0.25, 0.10, -0.93
Gyro: -3.39, -0.94, -1.56
Accel: 0.24, 0.11, -0.94
Gyro: -3.22, -1.11, -2.04
Accel: 0.24, 0.11, -0.94
Gyro: -2.91, -0.79, -1.98
Accel: 0.25, 0.10, -0.93
Gyro: -2.89, -0.80, -2.26
Accel: 0.25, 0.10, -0.93
Gyro: -3.20, -0.84, -2.72
Accel: 0.24, 0.12, -0.94
Gyro: -3.04, -1.14, -2.44
Accel: 0.25, 0.11, -0.94
Gyro: -3.11, -1.19, -2.34
Accel: 0.25, 0.12, -0.93
Gyro: -3.23, -0.21, -2.04
Accel: 0.24, 0.11, -0.94
Gyro: -3.33, 0.14, -1.79
Accel: 0.25, 0.12, -0.94
Gyro: -3.49, 0.18, -2.10
Accel: 0.23, 0.12, -0.96
Gyro: -3.55, 1.35, -1.53
Accel: 0.22, 0.12, -1.01
Gyro: -5.23, 7.36, 0.10
Accel: 0.21, 0.14, -1.01
Gyro: -6.97, 15.05, 2.69
Accel: 0.19, 0.16, -1.07
Gyro: -10.66, 28.84, 6.58
Accel: 0.20, 0.19, -1.06
Gyro: -13.73, 44.35, 14.08
Accel: 0.17, 0.16, -1.12
Gyro: -14.94, 64.74, 19.33
Accel: 0.18, 0.19, -1.11
Gyro: -17.59, 91.54, 26.31
Accel: 0.26, 0.23, -0.95
Gyro: -23.02, 108.90, 37.28
Accel: 0.40, 0.20, -0.74
Gyro: -21.20, 100.09, 53.83
Accel: 0.49, 0.15, -0.68
Gyro: -25.79, 83.92, 61.38
Accel: 0.56, 0.17, -0.64
Gyro: -31.16, 65.54, 69.59
Accel: 0.60, 0.16, -0.66
Gyro: -39.52, 45.83, 81.76
Accel: 0.63, 0.12, -0.67
Gyro: -44.18, 34.58, 88.54
Accel: 0.67, 0.10, -0.62
Gyro: -47.93, 19.66, 96.76
Accel: 0.69, 0.04, -0.63
Gyro: -48.96, 5.10, 95.23
Accel: 0.69, 0.06, -0.62
Gyro: -48.07, -9.75, 96.08
Accel: 0.71, -0.00, -0.62
Gyro: -49.55, -23.91, 93.66
Accel: 0.68, 0.02, -0.62
Gyro: -49.93, -41.34, 91.26
Accel: 0.65, 0.02, -0.68
Gyro: -48.09, -53.09, 92.21
Accel: 0.60, 0.01, -0.72
Gyro: -45.48, -61.85, 86.98
Accel: 0.56, 0.07, -0.77
Gyro: -42.22, -68.06, 88.13
Accel: 0.53, 0.00, -0.79
Gyro: -34.74, -70.30, 87.61
Accel: 0.46, -0.17, -0.87
Gyro: -31.30, -68.97, 74.38
Accel: 0.45, -0.16, -0.82
Gyro: -35.32, -67.39, 52.51
Accel: 0.42, -0.24, -0.81
Gyro: -32.81, -72.44, 26.51
Accel: 0.38, -0.18, -0.79
Gyro: -27.71, -81.03, -7.33
Accel: 0.31, -0.14, -0.86
Gyro: -21.51, -84.94, -32.02
Accel: 0.24, -0.16, -0.86
Gyro: -21.80, -86.93, -55.02
Accel: 0.16, 0.00, -0.83
Gyro: -24.87, -94.60, -77.97
Accel: 0.07, 0.11, -1.03
Gyro: -12.95, -91.68, -75.85
Accel: 0.01, 0.01, -1.01
Gyro: -16.79, -81.79, -85.40
Accel: -0.05, 0.05, -1.00
Gyro: -11.69, -75.10, -99.63
Accel: -0.10, 0.08, -1.04
Gyro: -4.66, -67.99, -107.65
Accel: -0.15, 0.14, -1.05
Gyro: -0.64, -58.37, -116.21
Accel: -0.18, 0.14, -1.09
Gyro: 7.79, -46.72, -117.64
Accel: -0.21, 0.15, -1.14
Gyro: 12.72, -29.48, -118.64
Accel: -0.21, 0.21, -1.12
Gyro: 19.36, -11.51, -110.92
Accel: -0.20, 0.15, -1.07
Gyro: 21.39, 1.29, -102.32
Accel: -0.19, 0.11, -1.08
Gyro: 17.68, 12.52, -94.99
Accel: -0.16, 0.14, -1.06
Gyro: 14.87, 25.25, -86.14
Accel: -0.13, 0.07, -1.02
Gyro: 12.31, 31.94, -80.59
Accel: -0.10, 0.10, -0.98
Gyro: 8.75, 36.52, -75.29
Accel: -0.07, 0.07, -0.99
Gyro: 5.74, 39.34, -67.72
Accel: -0.03, 0.12, -0.96
Gyro: 2.32, 40.66, -59.43
Accel: -0.00, 0.13, -0.99
Gyro: 0.79, 42.56, -44.94
Accel: 0.01, 0.06, -1.01
Gyro: -3.73, 47.98, -38.62
Accel: 0.05, 0.14, -0.95
Gyro: -7.04, 52.57, -30.27
Accel: 0.10, 0.10, -0.93
Gyro: -6.53, 48.59, -17.79
Accel: 0.11, 0.09, -0.97
Gyro: -11.25, 51.89, -10.01
Accel: 0.16, 0.09, -0.91
Gyro: -14.99, 51.46, -2.47
Accel: 0.22, 0.07, -0.84
Gyro: -16.16, 42.05, -0.95
Accel: 0.25, 0.08, -0.85
Gyro: -12.59, 27.00, 1.76
Accel: 0.25, 0.08, -0.90
Gyro: -12.35, 19.93, 3.04
Accel: 0.26, 0.09, -0.90
Gyro: -11.20, 16.31, 3.76
Accel: 0.27, 0.09, -0.90
Gyro: -11.86, 13.40, 3.75
Accel: 0.28, 0.10, -0.88
Gyro: -8.32, 8.29, 4.61
Accel: 0.28, 0.09, -0.90
Gyro: -5.83, 2.30, 6.00
Accel: 0.26, 0.07, -0.92
Gyro: -5.49, 1.88, 4.39
Accel: 0.27, 0.06, -0.92
Gyro: -5.29, 0.68, 2.03
Accel: 0.27, 0.07, -0.92
Gyro: -5.15, -2.37, 0.82
Accel: 0.26, 0.07, -0.95
Gyro: -6.12, -3.40, -0.37
Accel: 0.25, 0.09, -0.95
Gyro: -6.54, -1.90, -0.32
Accel: 0.25, 0.10, -0.94
Gyro: -6.08, -1.40, 1.93
Accel: 0.25, 0.08, -0.94
Gyro: -6.48, -2.20, 2.50
Accel: 0.24, 0.09, -0.94
Gyro: -6.11, -2.48, 1.73
Accel: 0.23, 0.10, -0.95
Gyro: -4.81, -2.17, 1.49
Accel: 0.24, 0.10, -0.95
Gyro: -2.53, -1.95, 1.79
Accel: 0.24, 0.09, -0.93
Gyro: -2.23, -1.87, 1.05
Accel: 0.23, 0.09, -0.95
Gyro: -2.36, -2.34, 0.45
Accel: 0.23, 0.09, -0.94
Gyro: -2.53, -1.66, -0.33
Accel: 0.23, 0.09, -0.94
Gyro: -2.17, -0.98, -0.98
Accel: 0.23, 0.09, -0.95
Gyro: -2.68, -1.69, -1.61
Accel: 0.22, 0.10, -0.95
Gyro: -2.62, -0.43, -1.21
Accel: 0.24, 0.08, -0.95
Gyro: -2.91, 0.68, -1.51
Accel: 0.24, 0.09, -0.93
Gyro: -2.97, 0.79, -2.20
Accel: 0.25, 0.10, -0.93
Gyro: -3.01, 0.02, -1.81
Accel: 0.24, 0.11, -0.95
Gyro: -2.44, -0.47, -0.99
Accel: 0.25, 0.10, -0.94
Gyro: -2.30, 0.66, -0.57
Accel: 0.25, 0.08, -0.93
Gyro: -2.62, 0.82, -0.72
Accel: 0.24, 0.09, -0.93
Gyro: -3.23, -0.19, -0.98
Accel: 0.25, 0.10, -0.94
Gyro: -3.07, -0.32, -0.79
Accel: 0.25, 0.09, -0.93
Gyro: -3.34, -0.41, -1.24
Accel: 0.25, 0.10, -0.93
Gyro: -3.07, -0.72, -1.27
Accel: 0.24, 0.09, -0.93
Gyro: -2.77, -1.56, -1.05
Accel: 0.24, 0.09, -0.94
Gyro: -2.69, -1.85, -1.52
Accel: 0.24, 0.10, -0.94
Gyro: -2.72, -1.86, -1.64
Accel: 0.23, 0.10, -0.94
Gyro: -2.93, -1.09, -1.22
Accel: 0.23, 0.10, -0.95
Gyro: -3.11, -0.56, -1.27
Accel: 0.24, 0.10, -0.94
Gyro: -3.10, -0.08, -1.33
