Accel: 0.14, 0.09, -0.94
Gyro: -2.37, -2.92, -1.63
Accel: 0.15, 0.10, -0.94
Gyro: -2.40, -2.73, -1.53
Accel: 0.15, 0.09, -0.94
Gyro: -2.40, -3.46, -1.55
Accel: 0.15, 0.11, -0.94
Gyro: -2.10, -4.76, -1.35
Accel: 0.14, 0.10, -0.94
Gyro: -2.11, -6.20, -1.06
Accel: 0.14, 0.10, -0.95
Gyro: -2.37, -5.86, -0.76
Accel: 0.13, 0.09, -0.95
Gyro: -2.59, -6.05, -0.93
Accel: 0.14, 0.08, -0.94
Gyro: -3.11, -7.03, -1.88
Accel: 0.15, 0.09, -0.93
Gyro: -3.81, -9.41, -2.94
Accel: 0.15, 0.09, -0.90
Gyro: -3.54, -13.25, -4.01
Accel: 0.16, 0.06, -0.85
Gyro: -3.53, -20.94, -7.10
Accel: 0.15, 0.08, -0.84
Gyro: -3.46, -32.65, -9.98
Accel: 0.12, 0.08, -0.86
Gyro: -2.63, -44.17, -12.18
Accel: 0.10, 0.08, -0.88
Gyro: -1.99, -53.00, -14.22
Accel: 0.07, 0.09, -0.89
Gyro: 2.87, -58.30, -15.75
Accel: 0.01, 0.09, -0.93
Gyro: 2.20, -63.72, -16.19
Accel: -0.03, 0.09, -0.92
Gyro: 2.18, -65.45, -16.93
Accel: -0.08, 0.11, -0.94
Gyro: 1.41, -66.87, -16.20
Accel: -0.12, 0.11, -0.97
Gyro: 1.09, -65.03, -14.29
Accel: -0.17, 0.10, -1.00
Gyro: 0.34, -59.33, -12.70
Accel: -0.21, 0.09, -0.99
Gyro: -0.90, -52.41, -10.74
Accel: -0.23, 0.10, -0.99
Gyro: -2.51, -46.35, -8.80
Accel: -0.25, 0.08, -0.97
Gyro: -3.62, -42.50, -6.73
Accel: -0.25, 0.06, -0.92
Gyro: -4.58, -40.55, -8.10
Accel: -0.27, 0.09, -0.89
Gyro: -5.51, -43.07, -9.18
Accel: -0.32, 0.11, -0.94
Gyro: -3.23, -43.57, -5.31
Accel: -0.36, 0.09, -0.97
Gyro: -5.87, -35.82, -3.91
Accel: -0.38, 0.12, -0.97
Gyro: -6.00, -29.04, -3.14
Accel: -0.41, 0.10, -0.97
Gyro: -4.07, -20.61, -0.74
Accel: -0.41, 0.11, -0.95
Gyro: -3.99, -13.63, -0.94
Accel: -0.40, 0.10, -0.92
Gyro: -1.43, -9.02, -0.40
Accel: -0.40, 0.09, -0.90
Gyro: -0.62, -8.14, -2.20
Accel: -0.41, 0.11, -0.91
Gyro: 0.28, -5.01, -1.37
Accel: -0.41, 0.08, -0.93
Gyro: -2.11, -1.01, -0.67
Accel: -0.39, 0.09, -0.91
Gyro: -3.04, 1.72, -1.21
Accel: -0.37, 0.10, -0.90
Gyro: -3.04, 3.11, -0.40
Accel: -0.36, 0.11, -0.91
Gyro: -2.68, 4.07, 0.49
Accel: -0.37, 0.10, -0.92
Gyro: -1.82, 6.30, 1.08
Accel: -0.37, 0.12, -0.95
Gyro: -1.97, 9.77, 1.99
Accel: -0.37, 0.12, -0.94
Gyro: -1.08, 15.44, 5.20
Accel: -0.38, 0.13, -0.96
Gyro: -0.85, 19.77, 7.55
Accel: -0.36, 0.11, -0.94
Gyro: -0.20, 26.60, 10.54
Accel: -0.35, 0.11, -0.96
Gyro: -0.43, 30.17, 11.40
Accel: -0.35, 0.12, -0.94
Gyro: 0.02, 36.51, 13.25
Accel: -0.29, 0.08, -0.88
Gyro: -1.30, 33.58, 13.52
Accel: -0.28, 0.07, -0.92
Gyro: -5.33, 31.57, 12.75
Accel: -0.24, 0.08, -0.91
Gyro: -8.17, 31.30, 12.39
Accel: -0.24, 0.08, -0.97
Gyro: -8.93, 31.81, 11.49
Accel: -0.22, 0.12, -0.97
Gyro: -7.35, 36.51, 10.27
Accel: -0.21, 0.13, -0.96
Gyro: -4.45, 41.44, 9.83
Accel: -0.21, 0.13, -1.02
Gyro: -2.33, 44.38, 9.50
Accel: -0.18, 0.14, -1.00
Gyro: 0.05, 55.79, 10.38
Accel: -0.13, 0.10, -0.95
Gyro: 1.23, 56.76, 9.35
Accel: -0.10, 0.09, -0.96
Gyro: 0.06, 59.73, 7.25
Accel: -0.05, 0.08, -0.91
Gyro: -1.69, 59.83, 2.76
Accel: 0.02, 0.09, -0.85
Gyro: -2.30, 50.07, 1.04
Accel: 0.04, 0.10, -0.92
Gyro: -3.62, 41.50, 0.56
Accel: 0.06, 0.11, -0.92
Gyro: -7.27, 42.68, 0.66
Accel: 0.09, 0.12, -0.88
Gyro: -5.48, 37.25, 1.70
Accel: 0.11, 0.12, -0.89
Gyro: -4.15, 30.83, 2.18
Accel: 0.12, 0.10, -0.92
Gyro: -4.08, 27.84, 1.15
Accel: 0.14, 0.12, -0.90
Gyro: -4.08, 25.77, -0.13
Accel: 0.17, 0.13, -0.89
Gyro: -1.77, 19.62, -0.63
Accel: 0.16, 0.13, -0.93
Gyro: -1.19, 15.79, -1.59
Accel: 0.17, 0.13, -0.94
Gyro: -0.55, 14.56, -1.77
Accel: 0.19, 0.12, -0.90
Gyro: -0.14, 11.59, -2.06
Accel: 0.20, 0.11, -0.91
Gyro: -0.56, 7.06, -2.95
Accel: 0.19, 0.12, -0.92
Gyro: -1.07, 5.10, -3.12
Accel: 0.19, 0.12, -0.92
Gyro: -1.02, 3.33, -3.43
Accel: 0.19, 0.12, -0.93
Gyro: -1.59, 1.88, -3.44
Accel: 0.18, 0.12, -0.94
Gyro: -1.98, 1.66, -2.91
Accel: 0.18, 0.11, -0.92
Gyro: -2.62, 1.37, -2.82
Accel: 0.19, 0.13, -0.93
Gyro: -3.26, -0.72, -2.89
Accel: 0.18, 0.14, -0.95
Gyro: -2.99, -1.97, -2.07
Accel: 0.17, 0.13, -0.93
Gyro: -2.01, -2.20, -1.17
Accel: 0.17, 0.13, -0.94
Gyro: -1.71, -2.28, -1.54
Accel: 0.16, 0.13, -0.94
Gyro: -1.67, -2.33, -1.20
Accel: 0.16, 0.12, -0.95
Gyro: -0.60, -1.66, -0.69
Accel: 0.16, 0.11, -0.93
Gyro: -0.78, -1.99, -1.27
Accel: 0.16, 0.12, -0.95
Gyro: -0.56, -1.62, -1.46
Accel: 0.16, 0.12, -0.95
Gyro: -0.70, -0.83, -0.70
Accel: 0.17, 0.11, -0.94
Gyro: -1.07, -0.30, -0.53
Accel: 0.17, 0.11, -0.95
Gyro: -1.56, -1.25, -1.18
Accel: 0.16, 0.12, -0.94
Gyro: -2.30, -1.61, -1.57
Accel: 0.16, 0.11, -0.95
Gyro: -1.95, -1.09, -1.24
Accel: 0.16, 0.12, -0.94
Gyro: -1.95, -1.33, -1.53
Accel: 0.16, 0.12, -0.96
Gyro: -1.58, -1.03, -1.14
Accel: 0.16, 0.11, -0.95
Gyro: -1.49, -0.90, -1.34
Accel: 0.16, 0.11, -0.94
Gyro: -1.59, -1.09, -1.76
Accel: 0.17, 0.12, -0.94
Gyro: -1.16, -1.40, -1.49
Accel: 0.17, 0.11, -0.95
Gyro: -1.26, -0.76, -1.15
Accel: 0.16, 0.11, -0.93
Gyro: -1.78, -1.09, -1.11
Accel: 0.17, 0.11, -0.94
Gyro: -2.46, -2.03, -1.14
Accel: 0.16, 0.11, -0.94
Gyro: -2.71, -2.33, -1.08
Accel: 0.16, 0.11, -0.95
Gyro: -2.90, -2.35, -1.34
Accel: 0.16, 0.11, -0.94
Gyro: -2.88, -2.33, -1.82
Accel: 0.16, 0.12, -0.95
Gyro: -2.56, -2.88, -1.82
Accel: 0.15, 0.12, -0.95
Gyro: -2.02, -1.86, -1.24
Accel: 0.16, 0.11, -0.94
Gyro: -1.75, -1.84, -1.14
Accel: 0.16, 0.12, -0.93
Gyro: -1.56, -2.82, -1.37
Accel: 0.16, 0.11, -0.93
Gyro: -1.50, -3.90, -1.28
