Accel: 0.13, 0.11, -0.94
Gyro: -1.67, -1.10, -1.43
Accel: 0.13, 0.11, -0.95
Gyro: -1.59, -1.11, -0.94
Accel: 0.13, 0.10, -0.95
Gyro: -1.66, -1.23, -0.66
Accel: 0.12, 0.10, -0.95
Gyro: -2.32, -1.34, -0.98
Accel: 0.12, 0.10, -0.95
Gyro: -2.44, -1.41, -1.14
Accel: 0.12, 0.10, -0.96
Gyro: -2.56, -1.23, -1.49
Accel: 0.12, 0.10, -0.96
Gyro: -2.63, -0.75, -1.61
Accel: 0.12, 0.11, -0.95
Gyro: -2.23, -0.98, -1.81
Accel: 0.13, 0.11, -0.94
Gyro: -2.14, -1.60, -1.63
Accel: 0.12, 0.11, -0.94
Gyro: -2.06, -2.66, -1.26
Accel: 0.12, 0.10, -0.94
Gyro: -1.84, -3.57, -1.04
Accel: 0.13, 0.09, -0.93
Gyro: -2.31, -5.51, -1.38
Accel: 0.13, 0.10, -0.90
Gyro: -2.53, -9.11, -2.36
Accel: 0.13, 0.12, -0.90
Gyro: -1.52, -15.50, -2.38
Accel: 0.13, 0.14, -0.90
Gyro: 0.45, -21.29, -0.81
Accel: 0.13, 0.12, -0.87
Gyro: 2.45, -28.02, 2.06
Accel: 0.11, 0.10, -0.88
Gyro: 1.44, -34.84, 2.43
Accel: 0.09, 0.07, -0.88
Gyro: 0.20, -42.90, 1.42
Accel: 0.06, 0.07, -0.90
Gyro: -2.73, -48.98, -1.89
Accel: 0.03, 0.06, -0.89
Gyro: -2.52, -54.34, -6.17
Accel: -0.01, 0.05, -0.91
Gyro: -1.93, -57.84, -9.99
Accel: -0.05, 0.07, -0.91
Gyro: -1.90, -60.17, -12.44
Accel: -0.09, 0.08, -0.92
Gyro: -2.59, -63.26, -13.35
Accel: -0.14, 0.08, -0.93
Gyro: -4.08, -64.90, -12.42
Accel: -0.19, 0.11, -1.00
Gyro: -8.07, -61.47, -11.38
Accel: -0.25, 0.10, -1.00
Gyro: -9.74, -52.47, -9.09
Accel: -0.27, 0.11, -0.99
Gyro: -12.38, -45.10, -8.66
Accel: -0.30, 0.15, -0.98
Gyro: -9.44, -39.51, -5.99
Accel: -0.32, 0.10, -1.00
Gyro: -8.84, -31.91, -5.57
Accel: -0.34, 0.16, -1.00
Gyro: -6.87, -25.06, -4.75
Accel: -0.36, 0.13, -1.04
Gyro: -4.95, -12.75, -2.82
Accel: -0.35, 0.12, -0.97
Gyro: -3.86, -3.60, -1.79
Accel: -0.33, 0.13, -0.94
Gyro: -1.98, 1.60, -0.85
Accel: -0.32, 0.11, -0.92
Gyro: -2.15, 3.82, -2.01
Accel: -0.31, 0.15, -0.92
Gyro: -1.30, 5.16, -2.03
Accel: -0.30, 0.14, -0.94
Gyro: 0.60, 8.20, -0.28
Accel: -0.29, 0.14, -0.93
Gyro: 1.00, 10.07, 0.21
Accel: -0.28, 0.13, -0.92
Gyro: 0.71, 10.95, 1.15
Accel: -0.28, 0.12, -0.98
Gyro: 0.69, 13.41, 2.37
Accel: -0.26, 0.10, -0.94
Gyro: -0.23, 18.02, 2.03
Accel: -0.26, 0.13, -0.98
Gyro: 0.68, 20.39, 1.34
Accel: -0.27, 0.14, -1.02
Gyro: 1.30, 27.50, 2.49
Accel: -0.25, 0.12, -0.96
Gyro: 2.01, 33.25, 3.68
Accel: -0.23, 0.11, -1.00
Gyro: 2.11, 37.13, 3.97
Accel: -0.19, 0.10, -0.95
Gyro: 2.09, 41.53, 3.95
Accel: -0.15, 0.10, -0.94
Gyro: 2.28, 40.52, 4.50
Accel: -0.15, 0.09, -0.98
Gyro: 1.48, 45.35, 3.81
Accel: -0.10, 0.08, -0.88
Gyro: 2.01, 42.94, 1.21
Accel: -0.08, 0.08, -0.93
Gyro: 2.75, 37.12, -0.72
Accel: -0.08, 0.10, -0.96
Gyro: 1.70, 41.07, -0.71
Accel: -0.05, 0.08, -0.91
Gyro: 0.53, 37.84, -0.73
Accel: -0.02, 0.08, -0.95
Gyro: -1.69, 37.41, -0.75
Accel: -0.01, 0.08, -0.91
Gyro: -3.99, 35.13, -1.15
Accel: 0.01, 0.09, -0.92
Gyro: -3.56, 28.88, -1.30
Accel: 0.01, 0.11, -0.99
Gyro: -4.95, 35.15, -0.64
Accel: 0.06, 0.11, -0.88
Gyro: -2.14, 29.04, 1.03
Accel: 0.06, 0.09, -0.97
Gyro: -0.76, 26.12, 1.37
Accel: 0.07, 0.11, -0.98
Gyro: -0.63, 31.37, 1.55
Accel: 0.12, 0.08, -0.88
Gyro: -0.85, 27.44, 1.75
Accel: 0.14, 0.09, -0.88
Gyro: 0.04, 19.84, 1.71
Accel: 0.15, 0.09, -0.92
Gyro: -0.48, 15.84, 1.01
Accel: 0.16, 0.07, -0.90
Gyro: -1.33, 12.66, 0.34
Accel: 0.17, 0.07, -0.92
Gyro: -1.98, 8.19, -1.13
Accel: 0.16, 0.10, -0.94
Gyro: -2.48, 6.26, -1.19
Accel: 0.17, 0.09, -0.93
Gyro: -2.22, 4.26, -0.94
Accel: 0.17, 0.08, -0.93
Gyro: -2.63, 2.04, -1.72
Accel: 0.17, 0.10, -0.93
Gyro: -2.93, 0.10, -1.88
Accel: 0.16, 0.10, -0.94
Gyro: -2.88, -1.56, -1.72
Accel: 0.16, 0.09, -0.95
Gyro: -2.94, -2.41, -1.32
Accel: 0.15, 0.10, -0.97
Gyro: -3.22, -1.07, -1.10
Accel: 0.15, 0.09, -0.95
Gyro: -2.86, 0.05, -0.53
Accel: 0.15, 0.08, -0.95
Gyro: -3.20, -0.43, -1.13
Accel: 0.14, 0.09, -0.95
Gyro: -3.47, -1.10, -1.69
Accel: 0.15, 0.10, -0.94
Gyro: -3.33, -0.85, -1.72
Accel: 0.15, 0.09, -0.93
Gyro: -2.82, -1.82, -1.74
Accel: 0.14, 0.10, -0.95
Gyro: -2.17, -1.59, -1.75
Accel: 0.14, 0.09, -0.94
Gyro: -2.17, -1.46, -0.86
Accel: 0.14, 0.09, -0.93
Gyro: -2.88, -2.39, -0.89
Accel: 0.14, 0.09, -0.94
Gyro: -2.91, -3.45, -0.76
Accel: 0.14, 0.10, -0.95
Gyro: -3.27, -2.87, -1.05
Accel: 0.13, 0.11, -0.95
Gyro: -2.90, -1.77, -0.62
Accel: 0.14, 0.10, -0.95
Gyro: -2.09, -1.45, -0.11
Accel: 0.14, 0.09, -0.95
Gyro: -2.03, -0.98, -0.37
Accel: 0.14, 0.09, -0.96
Gyro: -2.11, -0.36, -0.31
Accel: 0.14, 0.09, -0.95
Gyro: -2.16, 0.42, -0.92
Accel: 0.15, 0.09, -0.94
Gyro: -1.44, 0.12, -1.11
Accel: 0.14, 0.10, -0.96
Gyro: -2.15, -0.17, -1.38
Accel: 0.15, 0.10, -0.95
Gyro: -1.95, 0.13, -0.89
Accel: 0.15, 0.09, -0.94
Gyro: -1.85, 0.08, -0.96
Accel: 0.15, 0.10, -0.93
Gyro: -1.77, -0.98, -0.89
Accel: 0.14, 0.09, -0.94
Gyro: -1.49, -0.69, -0.60
Accel: 0.14, 0.09, -0.95
Gyro: -2.31, -0.81, -0.83
Accel: 0.14, 0.09, -0.94
Gyro: -2.63, -1.46, -1.11
Accel: 0.14, 0.10, -0.95
Gyro: -2.62, -1.34, -1.34
Accel: 0.15, 0.10, -0.95
Gyro: -2.53, -1.25, -1.04
Accel: 0.13, 0.09, -0.94
Gyro: -2.53, -1.53, -1.34
Accel: 0.14, 0.10, -0.95
Gyro: -2.78, -1.27, -1.69
Accel: 0.13, 0.10, -0.95
Gyro: -2.53, -0.94, -1.43
Accel: 0.13, 0.10, -0.95
Gyro: -2.20, -0.58, -1.43
Accel: 0.14, 0.09, -0.95
Gyro: -2.33, -0.89, -1.50
Accel: 0.14, 0.11, -0.94
Gyro: -2.21, -0.58, -0.89
