Accel: 0.12, 0.11, -0.94
Gyro: -2.04, -2.14, -1.54
Accel: 0.11, 0.12, -0.95
Gyro: -2.26, -2.22, -1.06
Accel: 0.11, 0.12, -0.96
Gyro: -2.43, -1.69, -0.79
Accel: 0.11, 0.11, -0.96
Gyro: -2.15, -0.98, -0.90
Accel: 0.12, 0.11, -0.94
Gyro: -2.27, -1.48, -1.11
Accel: 0.12, 0.12, -0.94
Gyro: -2.30, -3.09, -0.74
Accel: 0.11, 0.11, -0.95
Gyro: -2.49, -3.27, -0.31
Accel: 0.12, 0.11, -0.95
Gyro: -2.59, -3.56, -0.32
Accel: 0.12, 0.12, -0.94
Gyro: -2.80, -4.39, -0.53
Accel: 0.12, 0.10, -0.91
Gyro: -2.24, -6.52, -0.30
Accel: 0.13, 0.10, -0.85
Gyro: -3.67, -13.60, -2.10
Accel: 0.16, 0.12, -0.78
Gyro: -3.36, -30.48, -1.53
Accel: 0.14, 0.10, -0.81
Gyro: -2.82, -46.04, -1.33
Accel: 0.10, 0.10, -0.84
Gyro: -4.56, -56.69, -3.94
Accel: 0.04, 0.10, -0.90
Gyro: 0.71, -66.28, -6.42
Accel: -0.03, 0.10, -0.94
Gyro: 0.39, -65.87, -8.52
Accel: -0.06, 0.11, -0.97
Gyro: 0.50, -63.21, -10.15
Accel: -0.10, 0.10, -0.95
Gyro: 0.48, -59.76, -10.77
Accel: -0.15, 0.12, -0.98
Gyro: 0.26, -57.11, -11.18
Accel: -0.18, 0.12, -0.99
Gyro: 0.67, -51.68, -8.96
Accel: -0.20, 0.08, -0.96
Gyro: -0.73, -46.65, -7.48
Accel: -0.22, 0.09, -0.95
Gyro: -3.89, -44.30, -7.47
Accel: -0.24, 0.08, -0.95
Gyro: -5.52, -41.53, -7.16
Accel: -0.27, 0.10, -0.97
Gyro: -7.09, -37.96, -7.31
Accel: -0.28, 0.10, -0.96
Gyro: -8.45, -32.15, -7.33
Accel: -0.29, 0.11, -0.91
Gyro: -8.06, -29.49, -7.21
Accel: -0.33, 0.12, -0.95
Gyro: -6.87, -27.47, -5.97
Accel: -0.34, 0.11, -0.94
Gyro: -6.96, -22.84, -5.60
Accel: -0.36, 0.16, -0.96
Gyro: -4.51, -19.32, -3.77
Accel: -0.37, 0.12, -0.97
Gyro: -3.23, -10.76, -1.46
Accel: -0.37, 0.13, -0.91
Gyro: -3.15, -7.14, -2.40
Accel: -0.39, 0.15, -0.95
Gyro: -0.16, -6.74, -1.08
Accel: -0.39, 0.13, -0.95
Gyro: 0.51, 0.41, 0.69
Accel: -0.37, 0.12, -0.93
Gyro: -0.08, 4.19, 0.32
Accel: -0.35, 0.11, -0.91
Gyro: 1.34, 6.06, 0.84
Accel: -0.35, 0.10, -0.92
Gyro: 0.59, 7.11, 0.53
Accel: -0.34, 0.11, -0.95
Gyro: -0.35, 10.41, 0.21
Accel: -0.34, 0.12, -0.95
Gyro: -0.82, 14.95, 0.76
Accel: -0.33, 0.12, -0.96
Gyro: -0.99, 19.71, 1.13
Accel: -0.34, 0.14, -1.00
Gyro: 0.12, 24.53, 1.57
Accel: -0.30, 0.11, -0.92
Gyro: 0.77, 30.98, 2.78
Accel: -0.29, 0.12, -0.96
Gyro: 0.53, 31.97, 3.23
Accel: -0.30, 0.13, -1.01
Gyro: -0.50, 38.69, 4.75
Accel: -0.25, 0.10, -0.92
Gyro: -1.53, 44.09, 6.32
Accel: -0.21, 0.09, -0.93
Gyro: -1.91, 42.45, 5.56
Accel: -0.21, 0.11, -1.01
Gyro: -2.48, 45.96, 5.10
Accel: -0.16, 0.11, -0.94
Gyro: -1.83, 50.06, 5.83
Accel: -0.13, 0.11, -0.99
Gyro: -2.33, 53.34, 7.23
Accel: -0.09, 0.10, -0.93
Gyro: -2.27, 58.41, 8.48
Accel: -0.03, 0.08, -0.84
Gyro: -0.73, 48.77, 6.55
Accel: -0.02, 0.09, -0.89
Gyro: -1.39, 38.86, 4.13
Accel: 0.01, 0.10, -0.88
Gyro: -2.02, 32.81, 2.77
Accel: 0.02, 0.09, -0.90
Gyro: -3.90, 27.65, 1.14
Accel: 0.04, 0.10, -0.91
Gyro: -2.71, 20.35, -0.23
Accel: 0.03, 0.10, -0.96
Gyro: -3.53, 22.17, -0.97
Accel: 0.05, 0.10, -0.92
Gyro: -3.07, 19.69, -2.04
Accel: 0.07, 0.11, -0.92
Gyro: -2.37, 15.87, -3.05
Accel: 0.07, 0.12, -0.95
Gyro: -1.19, 14.59, -3.09
Accel: 0.08, 0.11, -0.94
Gyro: -0.63, 14.31, -2.73
Accel: 0.09, 0.09, -0.91
Gyro: -0.84, 11.63, -3.36
Accel: 0.11, 0.12, -0.91
Gyro: -1.51, 7.04, -3.32
Accel: 0.11, 0.12, -0.91
Gyro: -1.56, 3.49, -2.66
Accel: 0.11, 0.11, -0.92
Gyro: -1.66, 0.22, -2.01
Accel: 0.10, 0.11, -0.93
Gyro: -2.32, -2.59, -1.95
Accel: 0.10, 0.11, -0.95
Gyro: -2.27, -4.15, -1.98
Accel: 0.09, 0.11, -0.94
Gyro: -2.39, -4.99, -1.73
Accel: 0.08, 0.12, -0.97
Gyro: -2.61, -3.32, -1.37
Accel: 0.08, 0.11, -0.96
Gyro: -2.31, -1.80, -0.82
Accel: 0.07, 0.11, -0.96
Gyro: -1.67, -2.34, -0.83
Accel: 0.07, 0.10, -0.97
Gyro: -1.65, -1.34, -0.96
Accel: 0.07, 0.11, -0.97
Gyro: -2.47, -0.12, -1.61
Accel: 0.07, 0.12, -0.96
Gyro: -1.35, 0.30, -0.83
Accel: 0.07, 0.10, -0.96
Gyro: -1.35, 0.27, -0.37
Accel: 0.08, 0.10, -0.95
Gyro: -1.95, -0.19, -0.50
Accel: 0.08, 0.10, -0.95
Gyro: -2.33, -1.25, -0.63
Accel: 0.08, 0.10, -0.95
Gyro: -2.09, -1.26, -1.24
Accel: 0.07, 0.10, -0.95
Gyro: -1.76, -1.41, -1.52
Accel: 0.08, 0.11, -0.95
Gyro: -2.01, -1.14, -1.34
Accel: 0.08, 0.11, -0.95
Gyro: -2.45, -1.56, -0.63
Accel: 0.07, 0.10, -0.95
Gyro: -2.58, -1.57, -0.73
Accel: 0.06, 0.11, -0.95
Gyro: -2.68, -1.69, -0.82
Accel: 0.07, 0.11, -0.96
Gyro: -2.63, -1.22, -0.45
Accel: 0.07, 0.11, -0.96
Gyro: -2.56, -0.67, -0.31
Accel: 0.07, 0.11, -0.95
Gyro: -1.93, -0.49, -0.07
Accel: 0.08, 0.11, -0.96
Gyro: -1.72, -0.15, -0.53
Accel: 0.08, 0.11, -0.95
Gyro: -1.63, 0.22, -0.48
Accel: 0.08, 0.11, -0.95
Gyro: -1.77, -0.09, -0.52
Accel: 0.08, 0.10, -0.95
Gyro: -1.93, -0.58, -0.69
Accel: 0.08, 0.10, -0.95
Gyro: -2.51, -0.82, -1.19
Accel: 0.07, 0.11, -0.95
Gyro: -2.27, -0.77, -1.01
Accel: 0.08, 0.10, -0.95
Gyro: -2.14, -0.72, -1.33
Accel: 0.07, 0.11, -0.95
Gyro: -2.49, -1.25, -1.96
Accel: 0.07, 0.11, -0.95
Gyro: -2.12, -1.27, -1.41
Accel: 0.07, 0.12, -0.97
Gyro: -2.30, -0.91, -1.37
Accel: 0.08, 0.11, -0.96
Gyro: -2.31, -0.40, -1.24
Accel: 0.08, 0.12, -0.95
Gyro: -1.54, -0.22, -1.03
Accel: 0.07, 0.11, -0.95
Gyro: -1.92, -0.43, -1.07
Accel: 0.07, 0.11, -0.95
Gyro: -1.98, -0.47, -0.88
Accel: 0.07, 0.10, -0.95
Gyro: -1.54, -0.24, -0.72
Accel: 0.08, 0.10, -0.95
Gyro: -1.50, 0.08, -1.04
Accel: 0.07, 0.10, -0.95
Gyro: -2.21, 0.21, -1.38
