Accel: 0.08, 0.11, -0.95
Gyro: -2.91, 0.06, -1.68
Accel: 0.08, 0.12, -0.95
Gyro: -2.62, -0.09, -1.35
Accel: 0.07, 0.10, -0.96
Gyro: -2.30, 0.16, -1.08
Accel: 0.07, 0.11, -0.95
Gyro: -2.58, -0.62, -1.31
Accel: 0.07, 0.11, -0.96
Gyro: -2.18, -0.48, -0.99
Accel: 0.08, 0.11, -0.96
Gyro: -2.75, 0.17, -1.39
Accel: 0.08, 0.11, -0.96
Gyro: -2.59, 0.25, -1.19
Accel: 0.08, 0.11, -0.95
Gyro: -2.09, 0.22, -1.71
Accel: 0.08, 0.11, -0.95
Gyro: -1.89, 0.37, -1.62
Accel: 0.09, 0.10, -0.95
Gyro: -1.87, -0.36, -1.50
Accel: 0.09, 0.10, -0.94
Gyro: -2.30, -1.59, -1.52
Accel: 0.09, 0.11, -0.94
Gyro: -2.49, -3.10, -1.46
Accel: 0.09, 0.10, -0.93
Gyro: -2.76, -5.26, -1.88
Accel: 0.09, 0.11, -0.92
Gyro: -2.55, -8.13, -2.43
Accel: 0.09, 0.10, -0.94
Gyro: -2.62, -11.02, -3.00
Accel: 0.06, 0.07, -0.99
Gyro: -2.78, -7.78, -7.81
Accel: 0.08, 0.10, -0.90
Gyro: 0.98, -7.80, -12.02
Accel: 0.08, 0.11, -0.89
Gyro: 3.46, -15.46, -13.08
Accel: 0.07, 0.11, -0.89
Gyro: 3.16, -22.55, -12.93
Accel: 0.07, 0.11, -0.84
Gyro: 3.02, -30.95, -11.08
Accel: 0.06, 0.10, -0.81
Gyro: 1.32, -45.57, -9.21
Accel: 0.01, 0.11, -0.82
Gyro: 0.60, -61.01, -6.02
Accel: -0.04, 0.08, -0.86
Gyro: -1.09, -71.69, -5.32
Accel: -0.10, 0.08, -0.89
Gyro: -2.71, -77.70, -6.30
Accel: -0.15, 0.09, -0.92
Gyro: -2.98, -78.54, -6.77
Accel: -0.22, 0.10, -1.01
Gyro: -4.35, -71.68, -4.93
Accel: -0.27, 0.15, -1.05
Gyro: -5.39, -58.49, -2.89
Accel: -0.30, 0.12, -1.07
Gyro: -5.91, -43.39, 2.04
Accel: -0.33, 0.11, -1.05
Gyro: -6.09, -30.17, 3.88
Accel: -0.33, 0.07, -1.04
Gyro: -4.81, -16.61, 2.23
Accel: -0.30, 0.07, -0.93
Gyro: -6.18, -10.06, -1.67
Accel: -0.31, 0.12, -0.93
Gyro: -4.16, -12.65, -3.14
Accel: -0.32, 0.10, -0.99
Gyro: -4.40, -7.65, -3.45
Accel: -0.31, 0.11, -0.96
Gyro: -6.03, -2.27, -4.61
Accel: -0.30, 0.12, -0.95
Gyro: -4.35, 1.16, -2.75
Accel: -0.29, 0.13, -0.95
Gyro: -4.19, 3.47, -2.43
Accel: -0.29, 0.12, -0.93
Gyro: -3.68, 5.30, -1.65
Accel: -0.29, 0.13, -0.92
Gyro: -3.40, 7.93, -1.20
Accel: -0.28, 0.13, -0.92
Gyro: -3.05, 9.26, -1.38
Accel: -0.29, 0.14, -0.95
Gyro: -2.73, 11.55, -1.28
Accel: -0.30, 0.16, -0.97
Gyro: -1.27, 17.90, 1.27
Accel: -0.29, 0.15, -0.96
Gyro: 0.15, 20.94, 3.13
Accel: -0.29, 0.15, -1.01
Gyro: 0.69, 27.91, 5.06
Accel: -0.27, 0.11, -0.97
Gyro: 0.76, 34.84, 6.77
Accel: -0.23, 0.09, -0.96
Gyro: -0.81, 36.51, 4.65
Accel: -0.21, 0.08, -0.94
Gyro: -2.23, 39.73, 1.98
Accel: -0.17, 0.11, -0.90
Gyro: -3.17, 36.80, 0.28
Accel: -0.15, 0.14, -0.94
Gyro: -3.38, 32.86, 2.31
Accel: -0.13, 0.14, -0.95
Gyro: -3.18, 34.60, 5.31
Accel: -0.11, 0.11, -0.95
Gyro: -2.98, 35.77, 6.76
Accel: -0.09, 0.11, -0.95
Gyro: -2.98, 36.93, 6.48
Accel: -0.07, 0.10, -0.97
Gyro: -2.79, 39.33, 4.97
Accel: -0.05, 0.12, -0.94
Gyro: -1.81, 39.09, 4.06
Accel: -0.02, 0.12, -0.96
Gyro: -1.25, 40.01, 3.46
Accel: 0.00, 0.10, -0.95
Gyro: -1.50, 41.88, 3.20
Accel: 0.02, 0.11, -0.94
Gyro: -0.79, 38.97, 0.62
Accel: 0.05, 0.10, -0.94
Gyro: -0.26, 38.01, 0.00
Accel: 0.08, 0.10, -0.91
Gyro: -0.70, 34.55, -1.85
Accel: 0.11, 0.11, -0.89
Gyro: -0.01, 29.06, -2.40
Accel: 0.12, 0.12, -0.90
Gyro: 0.11, 23.96, -1.83
Accel: 0.14, 0.10, -0.90
Gyro: -0.85, 18.14, -1.55
Accel: 0.16, 0.12, -0.89
Gyro: -1.34, 12.47, -1.08
Accel: 0.15, 0.12, -0.91
Gyro: -1.78, 7.66, 0.12
Accel: 0.15, 0.11, -0.92
Gyro: -2.56, 4.72, 0.66
Accel: 0.15, 0.11, -0.91
Gyro: -3.42, 1.83, 0.04
Accel: 0.15, 0.12, -0.95
Gyro: -2.46, 0.03, 0.13
Accel: 0.14, 0.11, -0.95
Gyro: -2.04, 0.14, 0.28
Accel: 0.14, 0.11, -0.93
Gyro: -2.28, 0.21, -0.21
Accel: 0.15, 0.12, -0.93
Gyro: -1.10, -1.56, -0.16
Accel: 0.15, 0.12, -0.95
Gyro: -0.79, -1.76, -0.17
Accel: 0.14, 0.10, -0.96
Gyro: -1.26, -0.77, -0.08
Accel: 0.14, 0.11, -0.94
Gyro: -1.52, -1.11, -0.27
Accel: 0.14, 0.11, -0.94
Gyro: -1.64, -1.38, 0.21
Accel: 0.14, 0.10, -0.95
Gyro: -1.74, -1.55, 0.35
Accel: 0.14, 0.10, -0.94
Gyro: -2.04, -1.48, -0.06
Accel: 0.13, 0.11, -0.93
Gyro: -1.95, -2.33, -0.56
Accel: 0.13, 0.11, -0.94
Gyro: -1.91, -2.54, -0.78
Accel: 0.13, 0.11, -0.95
Gyro: -1.71, -1.77, -0.40
Accel: 0.12, 0.11, -0.95
Gyro: -2.01, -1.44, -0.14
Accel: 0.12, 0.11, -0.95
Gyro: -2.04, -2.00, -0.13
Accel: 0.13, 0.12, -0.95
Gyro: -2.15, -2.27, -0.16
Accel: 0.13, 0.11, -0.94
Gyro: -1.84, -1.99, 0.04
Accel: 0.12, 0.10, -0.95
Gyro: -1.75, -1.87, -0.18
Accel: 0.12, 0.11, -0.95
Gyro: -1.99, -1.79, -0.53
Accel: 0.12, 0.10, -0.95
Gyro: -2.18, -1.42, -1.03
Accel: 0.13, 0.11, -0.95
Gyro: -2.14, -1.11, -1.15
Accel: 0.12, 0.11, -0.94
Gyro: -2.08, -0.60, -1.71
Accel: 0.13, 0.11, -0.95
Gyro: -1.52, -0.79, -1.37
Accel: 0.12, 0.11, -0.94
Gyro: -2.04, -1.62, -1.09
Accel: 0.12, 0.11, -0.94
Gyro: -2.17, -1.73, -0.76
Accel: 0.12, 0.10, -0.95
Gyro: -2.01, -1.27, -0.92
Accel: 0.12, 0.11, -0.94
Gyro: -2.20, -1.08, -0.95
Accel: 0.13, 0.11, -0.95
Gyro: -1.90, -0.92, -0.78
Accel: 0.12, 0.11, -0.95
Gyro: -2.09, -1.09, -0.88
Accel: 0.13, 0.11, -0.94
Gyro: -2.09, -1.26, -1.05
Accel: 0.13, 0.11, -0.95
Gyro: -2.33, -1.84, -1.34
Accel: 0.12, 0.11, -0.97
Gyro: -1.98, -0.95, -0.98
Accel: 0.12, 0.10, -0.95
Gyro: -2.10, -0.87, -0.97
Accel: 0.13, 0.11, -0.96
Gyro: -2.34, -1.31, -1.09
Accel: 0.12, 0.11, -0.96
Gyro: -2.38, -1.22, -1.01
Accel: 0.12, 0.10, -0.95
Gyro: -2.11, -0.62, -1.33
