Accel: 0.12, 0.10, -0.94
Gyro: -2.13, -1.32, -1.78
Accel: 0.12, 0.10, -0.95
Gyro: -2.68, -1.63, -1.70
Accel: 0.12, 0.10, -0.95
Gyro: -2.41, -1.47, -1.36
Accel: 0.12, 0.10, -0.96
Gyro: -2.09, -0.97, -1.13
Accel: 0.13, 0.10, -0.94
Gyro: -2.12, -0.66, -1.10
Accel: 0.13, 0.10, -0.95
Gyro: -2.59, -1.59, -1.73
Accel: 0.12, 0.11, -0.95
Gyro: -2.40, -1.83, -1.43
Accel: 0.13, 0.10, -0.95
Gyro: -1.89, -1.54, -0.92
Accel: 0.13, 0.10, -0.93
Gyro: -2.05, -2.30, -1.22
Accel: 0.13, 0.09, -0.93
Gyro: -2.36, -3.86, -1.48
Accel: 0.13, 0.09, -0.92
Gyro: -2.50, -5.38, -1.91
Accel: 0.14, 0.09, -0.90
Gyro: -2.55, -9.92, -2.09
Accel: 0.13, 0.08, -0.86
Gyro: -3.35, -16.97, -2.63
Accel: 0.16, 0.09, -0.79
Gyro: -4.26, -31.62, -4.68
Accel: 0.13, 0.09, -0.79
Gyro: -3.23, -51.33, -4.44
Accel: 0.06, 0.07, -0.81
Gyro: -6.06, -68.69, -8.32
Accel: -0.02, 0.09, -0.89
Gyro: -3.09, -79.61, -12.79
Accel: -0.07, 0.09, -1.04
Gyro: -5.44, -72.73, -13.82
Accel: -0.10, 0.09, -0.99
Gyro: -7.03, -61.74, -15.25
Accel: -0.13, 0.14, -0.97
Gyro: -5.98, -56.22, -13.22
Accel: -0.16, 0.14, -1.01
Gyro: -4.52, -50.14, -8.74
Accel: -0.18, 0.13, -1.00
Gyro: -5.15, -42.28, -5.44
Accel: -0.21, 0.15, -1.00
Gyro: -3.21, -34.65, -2.61
Accel: -0.21, 0.11, -0.97
Gyro: -5.18, -30.46, -2.30
Accel: -0.22, 0.09, -0.94
Gyro: -5.02, -27.82, -5.06
Accel: -0.24, 0.16, -0.94
Gyro: -3.89, -27.83, -5.73
Accel: -0.28, 0.15, -1.00
Gyro: -2.26, -24.12, -2.75
Accel: -0.29, 0.15, -1.00
Gyro: -2.43, -13.95, -1.43
Accel: -0.29, 0.14, -0.98
Gyro: -2.15, -6.84, 2.00
Accel: -0.28, 0.09, -0.96
Gyro: -3.60, -3.81, 1.66
Accel: -0.28, 0.12, -0.93
Gyro: -2.58, -1.86, -1.04
Accel: -0.29, 0.13, -0.95
Gyro: -0.77, -0.81, -1.27
Accel: -0.29, 0.12, -0.95
Gyro: -1.63, 3.65, -1.05
Accel: -0.27, 0.13, -0.93
Gyro: -1.17, 5.22, -0.79
Accel: -0.27, 0.11, -0.93
Gyro: -1.33, 6.77, -0.82
Accel: -0.27, 0.13, -0.96
Gyro: -0.99, 9.71, -0.64
Accel: -0.27, 0.13, -0.98
Gyro: 0.06, 15.78, 0.98
Accel: -0.24, 0.11, -0.95
Gyro: -0.04, 20.10, 0.11
Accel: -0.24, 0.11, -0.99
Gyro: 0.62, 23.46, -0.72
Accel: -0.22, 0.12, -0.97
Gyro: 0.54, 30.78, -1.24
Accel: -0.21, 0.12, -0.94
Gyro: 1.30, 31.31, -0.19
Accel: -0.19, 0.10, -0.94
Gyro: 0.56, 31.54, -0.70
Accel: -0.17, 0.06, -0.94
Gyro: -0.07, 32.95, -4.49
Accel: -0.16, 0.08, -0.95
Gyro: -2.15, 33.29, -9.74
Accel: -0.14, 0.14, -0.93
Gyro: -0.82, 32.13, -9.99
Accel: -0.13, 0.14, -0.98
Gyro: -0.21, 32.29, -5.58
Accel: -0.09, 0.12, -0.95
Gyro: -1.65, 34.83, -0.68
Accel: -0.07, 0.11, -0.95
Gyro: -3.14, 35.76, 1.82
Accel: -0.06, 0.10, -0.96
Gyro: -3.85, 36.60, 2.54
Accel: -0.02, 0.09, -0.94
Gyro: -5.12, 36.68, 1.24
Accel: -0.00, 0.10, -0.96
Gyro: -5.44, 35.84, 0.21
Accel: 0.02, 0.12, -0.93
Gyro: -2.71, 35.84, -2.44
Accel: 0.04, 0.14, -0.93
Gyro: 3.42, 32.19, -2.12
Accel: 0.05, 0.13, -0.96
Gyro: 4.53, 31.26, -0.11
Accel: 0.07, 0.10, -0.93
Gyro: 2.67, 30.30, 2.40
Accel: 0.09, 0.08, -0.92
Gyro: 0.37, 27.11, 3.23
Accel: 0.11, 0.09, -0.94
Gyro: -2.44, 23.67, 3.89
Accel: 0.13, 0.09, -0.92
Gyro: -4.48, 21.93, 4.61
Accel: 0.15, 0.08, -0.90
Gyro: -5.03, 16.75, 4.30
Accel: 0.17, 0.09, -0.89
Gyro: -5.29, 11.26, 3.29
Accel: 0.17, 0.09, -0.89
Gyro: -5.16, 5.06, 2.29
Accel: 0.17, 0.09, -0.91
Gyro: -4.80, 0.69, 1.05
Accel: 0.16, 0.09, -0.90
Gyro: -4.69, -2.27, -0.74
Accel: 0.15, 0.11, -0.94
Gyro: -3.81, -4.92, -1.59
Accel: 0.14, 0.12, -0.95
Gyro: -3.40, -3.62, -1.96
Accel: 0.14, 0.13, -0.94
Gyro: -3.09, -3.08, -0.85
Accel: 0.13, 0.13, -0.96
Gyro: -1.57, -4.24, 0.77
Accel: 0.12, 0.11, -0.97
Gyro: -0.89, -3.75, 2.14
Accel: 0.13, 0.09, -0.96
Gyro: -1.11, -2.03, 1.76
Accel: 0.13, 0.10, -0.96
Gyro: -1.08, -1.74, 0.79
Accel: 0.13, 0.10, -0.94
Gyro: -1.11, -1.67, -0.06
Accel: 0.12, 0.10, -0.95
Gyro: -2.01, -1.00, -0.66
Accel: 0.13, 0.09, -0.94
Gyro: -2.59, -0.83, -1.42
Accel: 0.13, 0.10, -0.94
Gyro: -2.55, -1.33, -1.76
Accel: 0.12, 0.11, -0.95
Gyro: -2.52, -1.50, -1.78
Accel: 0.12, 0.10, -0.95
Gyro: -2.98, -1.95, -1.44
Accel: 0.12, 0.10, -0.94
Gyro: -2.61, -2.90, -1.30
Accel: 0.11, 0.11, -0.96
Gyro: -2.16, -3.04, -1.18
Accel: 0.11, 0.11, -0.96
Gyro: -1.88, -1.82, -1.19
Accel: 0.11, 0.11, -0.95
Gyro: -1.62, -1.04, -0.99
Accel: 0.12, 0.11, -0.95
Gyro: -1.20, -0.90, -0.64
Accel: 0.12, 0.10, -0.96
Gyro: -1.37, -0.70, -0.49
Accel: 0.12, 0.10, -0.95
Gyro: -1.82, -0.25, -0.20
Accel: 0.13, 0.09, -0.94
Gyro: -2.15, 0.06, -0.92
Accel: 0.12, 0.10, -0.95
Gyro: -1.94, -0.24, -1.05
Accel: 0.13, 0.10, -0.95
Gyro: -2.39, 0.16, -1.55
Accel: 0.13, 0.10, -0.95
Gyro: -2.48, 0.14, -1.67
Accel: 0.13, 0.11, -0.94
Gyro: -2.96, -0.20, -2.02
Accel: 0.13, 0.11, -0.95
Gyro: -2.81, -1.14, -1.63
Accel: 0.12, 0.11, -0.94
Gyro: -2.37, -1.05, -1.36
Accel: 0.13, 0.11, -0.94
Gyro: -2.38, -0.85, -1.15
Accel: 0.13, 0.11, -0.95
Gyro: -2.08, -1.30, -0.81
Accel: 0.12, 0.10, -0.95
Gyro: -2.27, -1.70, -0.67
Accel: 0.12, 0.10, -0.95
Gyro: -2.49, -2.04, -1.08
Accel: 0.12, 0.10, -0.95
Gyro: -2.40, -1.92, -1.12
Accel: 0.12, 0.11, -0.95
Gyro: -2.57, -1.66, -1.32
Accel: 0.12, 0.10, -0.96
Gyro: -2.95, -1.57, -1.44
Accel: 0.12, 0.11, -0.95
Gyro: -2.82, -1.17, -1.12
Accel: 0.12, 0.11, -0.96
Gyro: -2.74, -1.11, -0.94
Accel: 0.12, 0.10, -0.94
Gyro: -2.95, -1.50, -0.92
Accel: 0.12, 0.11, -0.95
Gyro: -2.69, -1.08, -0.92
