Accel: 0.17, 0.09, -0.93
Gyro: -2.40, -3.96, -0.87
Accel: 0.18, 0.08, -0.94
Gyro: -2.73, -4.22, -1.47
Accel: 0.17, 0.09, -0.94
Gyro: -3.12, -4.03, -1.52
Accel: 0.17, 0.10, -0.95
Gyro: -2.87, -3.77, -1.15
Accel: 0.17, 0.09, -0.94
Gyro: -2.78, -3.95, -1.41
Accel: 0.17, 0.10, -0.93
Gyro: -2.81, -5.09, -1.59
Accel: 0.15, 0.11, -0.96
Gyro: -3.01, -5.24, -1.14
Accel: 0.15, 0.10, -0.95
Gyro: -2.76, -3.86, -1.05
Accel: 0.16, 0.10, -0.92
Gyro: -3.03, -4.55, -1.42
Accel: 0.18, 0.09, -0.89
Gyro: -3.37, -9.09, -1.91
Accel: 0.18, 0.08, -0.87
Gyro: -4.30, -16.18, -3.41
Accel: 0.19, 0.07, -0.82
Gyro: -3.89, -26.99, -4.61
Accel: 0.19, 0.08, -0.79
Gyro: -4.02, -46.17, -7.74
Accel: 0.14, 0.08, -0.85
Gyro: -3.38, -57.12, -9.32
Accel: 0.09, 0.09, -0.86
Gyro: -4.19, -65.56, -12.65
Accel: 0.03, 0.12, -0.89
Gyro: 3.04, -72.45, -13.63
Accel: -0.02, 0.09, -0.94
Gyro: -1.37, -74.65, -14.79
Accel: -0.07, 0.10, -0.97
Gyro: -1.08, -72.90, -14.74
Accel: -0.12, 0.11, -1.00
Gyro: -2.26, -67.02, -13.85
Accel: -0.17, 0.12, -1.01
Gyro: -3.09, -60.42, -11.80
Accel: -0.20, 0.12, -1.03
Gyro: -3.38, -51.44, -9.49
Accel: -0.23, 0.10, -1.02
Gyro: -4.17, -42.16, -7.63
Accel: -0.24, 0.08, -0.99
Gyro: -4.62, -35.52, -7.01
Accel: -0.26, 0.10, -0.96
Gyro: -5.07, -32.14, -9.25
Accel: -0.28, 0.11, -0.98
Gyro: -3.87, -28.36, -7.96
Accel: -0.30, 0.09, -0.99
Gyro: -3.52, -22.80, -8.96
Accel: -0.30, 0.10, -0.96
Gyro: -3.65, -16.33, -9.19
Accel: -0.31, 0.14, -0.95
Gyro: -4.33, -13.71, -5.41
Accel: -0.32, 0.12, -0.94
Gyro: -4.20, -10.70, -1.98
Accel: -0.32, 0.12, -0.95
Gyro: -5.12, -5.66, -0.41
Accel: -0.32, 0.12, -0.91
Gyro: -4.29, -2.82, 0.53
Accel: -0.32, 0.12, -0.93
Gyro: -2.08, -2.21, 1.28
Accel: -0.33, 0.12, -0.96
Gyro: -2.11, 2.46, 1.42
Accel: -0.31, 0.11, -0.95
Gyro: -2.00, 6.32, 1.25
Accel: -0.31, 0.12, -0.97
Gyro: -1.68, 10.81, 0.93
Accel: -0.30, 0.12, -0.96
Gyro: -0.69, 14.60, 1.49
Accel: -0.27, 0.13, -0.96
Gyro: 0.11, 18.95, 3.15
Accel: -0.27, 0.12, -0.95
Gyro: 0.22, 22.77, 5.52
Accel: -0.24, 0.13, -0.95
Gyro: 0.07, 24.63, 7.58
Accel: -0.23, 0.12, -0.95
Gyro: 0.79, 26.70, 9.12
Accel: -0.23, 0.12, -0.95
Gyro: 0.95, 27.80, 10.09
Accel: -0.21, 0.13, -0.97
Gyro: 1.57, 31.46, 11.58
Accel: -0.19, 0.12, -0.95
Gyro: 1.92, 35.09, 12.41
Accel: -0.16, 0.09, -0.92
Gyro: 2.69, 34.87, 11.99
Accel: -0.14, 0.09, -0.93
Gyro: 2.20, 32.53, 9.50
Accel: -0.13, 0.09, -0.94
Gyro: 1.93, 34.26, 8.07
Accel: -0.11, 0.10, -0.94
Gyro: 1.43, 33.34, 7.45
Accel: -0.10, 0.10, -0.97
Gyro: 0.02, 36.61, 7.29
Accel: -0.06, 0.08, -0.93
Gyro: -0.18, 35.81, 6.64
Accel: -0.04, 0.05, -0.94
Gyro: -0.04, 34.38, 2.67
Accel: -0.03, 0.08, -0.96
Gyro: -0.83, 34.48, -2.40
Accel: 0.00, 0.12, -0.94
Gyro: -0.14, 32.51, -2.53
Accel: 0.02, 0.11, -0.95
Gyro: 1.93, 30.37, 0.08
Accel: 0.04, 0.10, -0.95
Gyro: 1.11, 32.14, 3.52
Accel: 0.06, 0.08, -0.93
Gyro: -1.27, 29.62, 5.56
Accel: 0.07, 0.07, -0.95
Gyro: -3.54, 27.04, 6.20
Accel: 0.10, 0.07, -0.94
Gyro: -4.78, 27.26, 5.31
Accel: 0.12, 0.07, -0.91
Gyro: -4.55, 23.76, 3.51
Accel: 0.13, 0.07, -0.93
Gyro: -3.77, 21.91, 1.74
Accel: 0.15, 0.07, -0.92
Gyro: -3.49, 19.03, -0.05
Accel: 0.15, 0.07, -0.92
Gyro: -3.49, 15.38, -1.54
Accel: 0.15, 0.08, -0.94
Gyro: -3.78, 15.01, -2.30
Accel: 0.15, 0.09, -0.95
Gyro: -3.15, 14.16, -4.06
Accel: 0.16, 0.10, -0.94
Gyro: -2.90, 14.48, -4.87
Accel: 0.17, 0.10, -0.92
Gyro: -2.28, 12.21, -3.91
Accel: 0.18, 0.10, -0.92
Gyro: -2.38, 10.03, -3.50
Accel: 0.19, 0.10, -0.93
Gyro: -2.58, 7.50, -3.36
Accel: 0.19, 0.11, -0.91
Gyro: -2.17, 4.71, -2.37
Accel: 0.20, 0.10, -0.92
Gyro: -2.38, 1.29, -1.81
Accel: 0.20, 0.09, -0.92
Gyro: -2.58, -1.56, -2.06
Accel: 0.19, 0.11, -0.94
Gyro: -2.66, -2.49, -1.77
Accel: 0.19, 0.10, -0.94
Gyro: -2.70, -2.63, -1.36
Accel: 0.18, 0.10, -0.94
Gyro: -2.30, -3.56, -1.71
Accel: 0.17, 0.11, -0.96
Gyro: -2.15, -1.96, -2.18
Accel: 0.18, 0.10, -0.94
Gyro: -1.40, -1.14, -1.66
Accel: 0.18, 0.10, -0.93
Gyro: -1.59, -2.31, -2.09
Accel: 0.17, 0.10, -0.94
Gyro: -2.11, -2.72, -1.91
Accel: 0.16, 0.11, -0.96
Gyro: -2.02, -1.69, -1.22
Accel: 0.17, 0.10, -0.94
Gyro: -2.42, -1.97, -0.83
Accel: 0.16, 0.11, -0.95
Gyro: -2.27, -1.57, -0.24
Accel: 0.17, 0.10, -0.95
Gyro: -2.40, -0.56, 0.08
Accel: 0.17, 0.09, -0.93
Gyro: -2.33, -0.51, -0.62
Accel: 0.17, 0.08, -0.94
Gyro: -2.36, -2.43, -1.78
Accel: 0.16, 0.11, -0.95
Gyro: -2.01, -2.27, -2.08
Accel: 0.17, 0.09, -0.94
Gyro: -1.91, -1.86, -1.67
Accel: 0.17, 0.10, -0.93
Gyro: -2.46, -2.30, -1.91
Accel: 0.16, 0.11, -0.94
Gyro: -2.25, -2.87, -1.43
Accel: 0.17, 0.10, -0.95
Gyro: -2.33, -1.59, -0.92
Accel: 0.17, 0.10, -0.95
Gyro: -2.68, -1.78, -0.69
Accel: 0.16, 0.10, -0.96
Gyro: -2.54, -1.55, -0.47
Accel: 0.17, 0.10, -0.95
Gyro: -2.46, -0.96, -0.53
Accel: 0.17, 0.08, -0.94
Gyro: -2.69, -1.18, -1.30
Accel: 0.17, 0.09, -0.94
Gyro: -2.85, -2.42, -2.18
Accel: 0.16, 0.10, -0.96
Gyro: -2.77, -2.44, -1.94
Accel: 0.16, 0.09, -0.93
Gyro: -2.64, -1.75, -1.71
Accel: 0.16, 0.09, -0.94
Gyro: -2.49, -2.61, -1.83
Accel: 0.16, 0.11, -0.94
Gyro: -2.49, -3.49, -2.01
Accel: 0.15, 0.10, -0.94
Gyro: -2.84, -3.29, -1.73
Accel: 0.15, 0.10, -0.94
Gyro: -2.62, -2.88, -1.48
Accel: 0.15, 0.10, -0.95
Gyro: -2.47, -2.92, -1.53
Accel: 0.15, 0.10, -0.96
Gyro: -2.24, -1.98, -1.21
