Accel: 0.12, 0.10, -0.96
Gyro: -2.27, -0.61, -1.71
Accel: 0.11, 0.09, -0.95
Gyro: -1.99, -0.57, -1.82
Accel: 0.12, 0.09, -0.95
Gyro: -2.59, -1.05, -1.85
Accel: 0.12, 0.10, -0.96
Gyro: -2.98, -0.85, -1.78
Accel: 0.12, 0.09, -0.95
Gyro: -2.77, -0.90, -1.67
Accel: 0.12, 0.10, -0.95
Gyro: -2.70, -1.27, -1.73
Accel: 0.12, 0.10, -0.95
Gyro: -2.69, -1.60, -1.76
Accel: 0.11, 0.10, -0.95
Gyro: -2.40, -1.56, -1.45
Accel: 0.12, 0.09, -0.94
Gyro: -2.43, -1.40, -1.28
Accel: 0.11, 0.10, -0.95
Gyro: -2.46, -1.72, -1.56
Accel: 0.12, 0.10, -0.95
Gyro: -2.17, -1.58, -1.58
Accel: 0.11, 0.09, -0.96
Gyro: -2.17, -1.07, -1.65
Accel: 0.11, 0.10, -0.95
Gyro: -2.13, -1.48, -1.58
Accel: 0.12, 0.09, -0.94
Gyro: -2.21, -1.56, -1.51
Accel: 0.12, 0.10, -0.95
Gyro: -2.21, -1.92, -1.15
Accel: 0.11, 0.10, -0.95
Gyro: -2.40, -2.23, -1.52
Accel: 0.12, 0.10, -0.96
Gyro: -2.33, -2.17, -1.44
Accel: 0.11, 0.10, -0.95
Gyro: -1.72, -2.70, -1.43
Accel: 0.12, 0.09, -0.94
Gyro: -2.32, -4.14, -1.63
Accel: 0.10, 0.09, -0.94
Gyro: -2.24, -5.27, -2.28
Accel: 0.11, 0.09, -0.94
Gyro: -2.15, -5.98, -2.41
Accel: 0.11, 0.09, -0.93
Gyro: -2.08, -6.90, -2.59
Accel: 0.11, 0.09, -0.94
Gyro: -2.29, -8.65, -2.93
Accel: 0.11, 0.09, -0.93
Gyro: -2.28, -10.34, -3.67
Accel: 0.10, 0.08, -0.92
Gyro: -2.27, -12.94, -4.58
Accel: 0.10, 0.06, -0.91
Gyro: -2.75, -16.17, -6.94
Accel: 0.10, 0.08, -0.91
Gyro: -1.86, -20.86, -9.40
Accel: 0.08, 0.08, -0.90
Gyro: -0.49, -25.63, -10.63
Accel: 0.07, 0.10, -0.90
Gyro: 0.18, -31.72, -11.12
Accel: 0.07, 0.10, -0.89
Gyro: 0.14, -37.63, -11.51
Accel: 0.03, 0.10, -0.91
Gyro: -0.11, -44.56, -10.07
Accel: 0.01, 0.09, -0.91
Gyro: -0.45, -49.88, -9.06
Accel: -0.04, 0.10, -0.92
Gyro: -1.45, -52.43, -7.28
Accel: -0.07, 0.09, -0.92
Gyro: -2.59, -54.47, -6.03
Accel: -0.11, 0.08, -0.92
Gyro: -3.91, -56.59, -5.65
Accel: -0.15, 0.09, -0.96
Gyro: -3.89, -57.03, -5.92
Accel: -0.19, 0.10, -0.97
Gyro: -4.63, -53.74, -5.30
Accel: -0.21, 0.08, -0.95
Gyro: -7.00, -50.13, -4.97
Accel: -0.23, 0.10, -0.95
Gyro: -7.23, -46.60, -3.78
Accel: -0.26, 0.09, -0.93
Gyro: -7.64, -44.17, -2.82
Accel: -0.28, 0.08, -0.95
Gyro: -9.38, -40.87, -4.12
Accel: -0.30, 0.05, -0.91
Gyro: -10.42, -38.32, -7.20
Accel: -0.31, -0.03, -0.87
Gyro: -11.33, -38.60, -16.42
Accel: -0.36, 0.10, -0.94
Gyro: -13.19, -40.08, -26.57
Accel: -0.39, 0.18, -0.97
Gyro: -9.48, -32.36, -23.67
Accel: -0.40, 0.20, -0.91
Gyro: -7.70, -25.49, -14.99
Accel: -0.45, 0.21, -0.96
Gyro: -4.71, -22.81, -4.83
Accel: -0.47, 0.16, -0.99
Gyro: -5.44, -11.21, 1.31
Accel: -0.44, 0.13, -0.92
Gyro: -4.70, -3.53, 3.30
Accel: -0.42, 0.11, -0.88
Gyro: -2.89, -3.76, 2.06
Accel: -0.43, 0.11, -0.90
Gyro: -1.68, -0.93, -0.38
Accel: -0.42, 0.12, -0.90
Gyro: -2.47, 0.86, -1.21
Accel: -0.40, 0.13, -0.87
Gyro: -2.40, 2.79, -0.08
Accel: -0.39, 0.13, -0.89
Gyro: -2.69, 4.29, 0.58
Accel: -0.39, 0.15, -0.89
Gyro: -2.75, 5.39, 1.50
Accel: -0.38, 0.13, -0.89
Gyro: -2.28, 6.64, 3.77
Accel: -0.39, 0.14, -0.91
Gyro: -1.75, 9.73, 4.97
Accel: -0.38, 0.12, -0.91
Gyro: -0.79, 12.31, 4.84
Accel: -0.39, 0.16, -0.95
Gyro: -0.79, 15.11, 5.07
Accel: -0.39, 0.16, -0.95
Gyro: 0.60, 23.51, 8.62
Accel: -0.36, 0.13, -0.89
Gyro: 1.09, 25.92, 9.10
Accel: -0.34, 0.14, -0.95
Gyro: 2.26, 26.95, 9.45
Accel: -0.32, 0.13, -0.92
Gyro: 3.37, 31.31, 11.45
Accel: -0.30, 0.12, -0.92
Gyro: 2.13, 31.38, 11.05
Accel: -0.30, 0.12, -0.95
Gyro: 2.11, 34.84, 10.56
Accel: -0.27, 0.12, -0.93
Gyro: 3.00, 38.85, 10.08
Accel: -0.24, 0.09, -0.91
Gyro: 3.78, 37.74, 8.42
Accel: -0.23, 0.11, -0.97
Gyro: 2.83, 40.48, 6.77
Accel: -0.21, 0.12, -0.96
Gyro: 2.22, 47.13, 6.97
Accel: -0.17, 0.09, -0.94
Gyro: 2.22, 46.83, 6.07
Accel: -0.15, 0.10, -0.96
Gyro: 1.43, 50.19, 5.17
Accel: -0.11, 0.10, -0.93
Gyro: 2.72, 50.21, 4.81
Accel: -0.10, 0.08, -0.97
Gyro: 2.88, 49.57, 3.33
Accel: -0.06, 0.10, -0.92
Gyro: -0.34, 52.51, 2.14
Accel: -0.02, 0.09, -0.93
Gyro: 0.95, 45.62, 1.73
Accel: -0.01, 0.08, -0.97
Gyro: -2.62, 46.44, -0.14
Accel: 0.04, 0.10, -0.88
Gyro: -3.79, 44.10, -0.77
Accel: 0.08, 0.09, -0.87
Gyro: -1.64, 33.64, -0.53
Accel: 0.07, 0.10, -0.94
Gyro: -2.20, 29.19, -0.64
Accel: 0.10, 0.09, -0.89
Gyro: -3.34, 25.96, -0.28
Accel: 0.13, 0.10, -0.89
Gyro: -3.75, 19.19, -1.43
Accel: 0.11, 0.11, -0.94
Gyro: -3.86, 16.65, -1.05
Accel: 0.13, 0.09, -0.90
Gyro: -5.10, 15.43, -0.92
Accel: 0.16, 0.09, -0.89
Gyro: -5.96, 8.09, -3.65
Accel: 0.15, 0.12, -0.92
Gyro: -4.67, 2.09, -4.20
Accel: 0.15, 0.12, -0.93
Gyro: -4.08, 1.52, -3.67
Accel: 0.15, 0.12, -0.92
Gyro: -3.88, -1.18, -3.72
Accel: 0.14, 0.14, -0.96
Gyro: -2.33, -0.55, -2.30
Accel: 0.14, 0.11, -0.94
Gyro: -1.97, 0.12, -1.14
Accel: 0.13, 0.11, -0.94
Gyro: -2.60, -1.30, -1.65
Accel: 0.12, 0.13, -0.97
Gyro: -2.76, -0.69, -1.41
Accel: 0.12, 0.12, -0.95
Gyro: -2.62, 0.48, -1.05
Accel: 0.13, 0.12, -0.93
Gyro: -1.80, -1.04, -0.88
Accel: 0.13, 0.13, -0.95
Gyro: -1.85, -1.46, -0.71
Accel: 0.13, 0.12, -0.95
Gyro: -1.69, -0.97, -0.12
Accel: 0.13, 0.11, -0.93
Gyro: -1.95, -1.56, -0.35
Accel: 0.12, 0.11, -0.94
Gyro: -2.12, -3.10, -0.82
Accel: 0.12, 0.12, -0.95
Gyro: -2.33, -2.49, -0.52
Accel: 0.12, 0.10, -0.94
Gyro: -2.53, -2.59, -0.61
Accel: 0.11, 0.12, -0.94
Gyro: -2.66, -3.52, -1.02
Accel: 0.12, 0.12, -0.96
Gyro: -2.46, -2.82, -1.01
