Accel: 0.12, 0.11, -0.94
Gyro: -2.62, -1.14, -1.01
Accel: 0.12, 0.11, -0.94
Gyro: -2.23, -1.86, -1.10
Accel: 0.12, 0.11, -0.95
Gyro: -2.00, -2.04, -0.80
Accel: 0.11, 0.10, -0.94
Gyro: -2.62, -1.95, -1.11
Accel: 0.11, 0.11, -0.95
Gyro: -2.53, -1.97, -1.31
Accel: 0.13, 0.11, -0.93
Gyro: -1.92, -2.52, -1.16
Accel: 0.11, 0.11, -0.94
Gyro: -1.87, -4.14, -0.67
Accel: 0.11, 0.11, -0.95
Gyro: -2.59, -4.26, -0.57
Accel: 0.11, 0.10, -0.93
Gyro: -2.65, -4.77, -0.42
Accel: 0.12, 0.11, -0.92
Gyro: -2.69, -6.36, -0.47
Accel: 0.14, 0.10, -0.87
Gyro: -3.33, -12.18, -0.93
Accel: 0.16, 0.13, -0.78
Gyro: -1.91, -27.89, 0.38
Accel: 0.16, 0.10, -0.70
Gyro: -3.22, -50.88, 0.07
Accel: 0.14, 0.14, -0.67
Gyro: -0.47, -82.99, 2.37
Accel: 0.02, 0.04, -0.88
Gyro: -2.94, -94.90, 1.45
Accel: -0.08, 0.08, -1.03
Gyro: -0.20, -90.00, 1.69
Accel: -0.13, 0.08, -1.07
Gyro: -5.26, -76.14, -0.79
Accel: -0.20, 0.11, -1.09
Gyro: -7.71, -58.67, -3.31
Accel: -0.24, 0.10, -1.09
Gyro: -5.81, -42.58, -4.61
Accel: -0.22, 0.10, -1.01
Gyro: -3.94, -31.37, -5.75
Accel: -0.24, 0.08, -0.96
Gyro: -4.16, -26.16, -7.96
Accel: -0.23, 0.08, -0.93
Gyro: -4.88, -26.80, -10.65
Accel: -0.24, 0.12, -0.93
Gyro: -3.89, -27.31, -11.44
Accel: -0.26, 0.10, -0.97
Gyro: -7.42, -24.72, -11.48
Accel: -0.29, 0.14, -0.99
Gyro: -9.00, -19.97, -10.57
Accel: -0.30, 0.16, -0.99
Gyro: -5.55, -13.63, -5.43
Accel: -0.29, 0.12, -0.94
Gyro: -6.29, -7.54, -4.74
Accel: -0.29, 0.14, -0.94
Gyro: -3.90, -4.18, -4.30
Accel: -0.29, 0.13, -0.92
Gyro: -2.44, -3.39, -3.42
Accel: -0.30, 0.12, -0.90
Gyro: -1.66, -3.09, -3.09
Accel: -0.32, 0.14, -0.95
Gyro: -0.53, -1.97, -2.68
Accel: -0.30, 0.14, -0.94
Gyro: -1.23, 1.67, -0.79
Accel: -0.30, 0.13, -0.94
Gyro: -1.55, 5.22, 0.25
Accel: -0.28, 0.13, -0.94
Gyro: -1.80, 6.74, 1.52
Accel: -0.29, 0.14, -0.98
Gyro: -0.58, 10.79, 2.97
Accel: -0.27, 0.11, -0.97
Gyro: -0.60, 16.88, 3.28
Accel: -0.26, 0.11, -0.98
Gyro: -1.17, 22.77, 1.03
Accel: -0.26, 0.14, -1.00
Gyro: -0.07, 28.87, 1.52
Accel: -0.26, 0.12, -0.99
Gyro: -0.24, 34.92, 1.98
Accel: -0.24, 0.10, -0.98
Gyro: -0.52, 40.77, -0.71
Accel: -0.19, 0.11, -0.92
Gyro: 0.45, 42.42, -3.31
Accel: -0.16, 0.12, -0.92
Gyro: 1.85, 39.27, -3.18
Accel: -0.15, 0.11, -0.97
Gyro: 0.15, 42.62, -2.40
Accel: -0.12, 0.10, -0.92
Gyro: -1.35, 42.09, -2.13
Accel: -0.09, 0.10, -0.93
Gyro: -1.98, 38.56, -1.39
Accel: -0.08, 0.11, -0.97
Gyro: -3.22, 41.37, -0.56
Accel: -0.05, 0.12, -0.93
Gyro: -3.88, 42.79, 1.06
Accel: -0.01, 0.10, -0.92
Gyro: -2.83, 37.90, 2.08
Accel: -0.00, 0.12, -0.96
Gyro: -4.64, 39.84, 2.88
Accel: 0.04, 0.12, -0.89
Gyro: -4.31, 33.74, 4.26
Accel: 0.07, 0.10, -0.90
Gyro: -3.52, 27.08, 4.30
Accel: 0.06, 0.11, -0.97
Gyro: -4.19, 27.93, 1.55
Accel: 0.09, 0.11, -0.90
Gyro: -3.51, 26.37, 2.14
Accel: 0.11, 0.10, -0.92
Gyro: -2.43, 19.87, 1.95
Accel: 0.07, 0.12, -1.03
Gyro: -4.59, 25.98, 1.50
Accel: 0.12, 0.11, -0.92
Gyro: -6.23, 27.65, 2.43
Accel: 0.15, 0.11, -0.88
Gyro: -3.71, 21.19, 2.88
Accel: 0.17, 0.11, -0.90
Gyro: -2.34, 15.50, 1.26
Accel: 0.18, 0.12, -0.88
Gyro: -1.58, 9.32, -0.30
Accel: 0.18, 0.12, -0.89
Gyro: -1.22, 2.98, -0.68
Accel: 0.18, 0.11, -0.92
Gyro: -1.30, -1.25, -1.17
Accel: 0.17, 0.12, -0.92
Gyro: -1.91, -2.08, -1.83
Accel: 0.17, 0.12, -0.91
Gyro: -2.17, -4.48, -2.68
Accel: 0.15, 0.12, -0.95
Gyro: -2.27, -6.68, -2.33
Accel: 0.14, 0.13, -0.96
Gyro: -3.17, -4.34, -1.53
Accel: 0.14, 0.12, -0.94
Gyro: -2.37, -4.25, -1.23
Accel: 0.13, 0.12, -0.94
Gyro: -1.87, -5.43, -1.39
Accel: 0.12, 0.13, -0.98
Gyro: -1.58, -3.99, -0.60
Accel: 0.13, 0.13, -0.96
Gyro: -0.11, -1.63, -0.10
Accel: 0.14, 0.12, -0.93
Gyro: 0.52, -2.84, 0.03
Accel: 0.13, 0.11, -0.96
Gyro: -0.40, -3.56, 0.07
Accel: 0.13, 0.11, -0.95
Gyro: -1.95, -2.30, 0.37
Accel: 0.13, 0.10, -0.95
Gyro: -2.52, -1.55, -0.27
Accel: 0.13, 0.12, -0.94
Gyro: -2.37, -2.43, -1.15
Accel: 0.12, 0.13, -0.95
Gyro: -2.36, -2.77, -1.02
Accel: 0.13, 0.11, -0.94
Gyro: -2.41, -2.14, -0.94
Accel: 0.13, 0.12, -0.93
Gyro: -2.17, -2.31, -0.77
Accel: 0.11, 0.12, -0.96
Gyro: -1.81, -3.04, -0.98
Accel: 0.12, 0.12, -0.96
Gyro: -1.59, -1.65, -0.67
Accel: 0.12, 0.11, -0.95
Gyro: -1.90, -1.69, -0.72
Accel: 0.12, 0.11, -0.96
Gyro: -1.96, -1.87, -0.53
Accel: 0.12, 0.12, -0.95
Gyro: -1.94, -1.51, -0.11
Accel: 0.13, 0.11, -0.95
Gyro: -2.11, -0.60, -0.30
Accel: 0.13, 0.10, -0.95
Gyro: -1.78, -0.17, -0.61
Accel: 0.12, 0.12, -0.94
Gyro: -1.57, -1.24, -0.89
Accel: 0.13, 0.12, -0.95
Gyro: -1.65, -1.48, -0.48
Accel: 0.13, 0.11, -0.95
Gyro: -2.09, -1.63, -0.53
Accel: 0.13, 0.11, -0.95
Gyro: -2.57, -2.00, -1.16
Accel: 0.12, 0.11, -0.95
Gyro: -2.55, -1.97, -1.40
Accel: 0.12, 0.11, -0.95
Gyro: -2.51, -1.59, -1.73
Accel: 0.12, 0.11, -0.95
Gyro: -2.36, -2.22, -2.07
Accel: 0.12, 0.12, -0.95
Gyro: -1.98, -2.15, -1.47
Accel: 0.11, 0.12, -0.96
Gyro: -1.75, -1.65, -1.09
Accel: 0.12, 0.11, -0.94
Gyro: -1.85, -1.79, -1.13
Accel: 0.12, 0.11, -0.95
Gyro: -1.75, -2.02, -1.13
Accel: 0.12, 0.11, -0.95
Gyro: -1.84, -1.72, -0.87
Accel: 0.11, 0.12, -0.96
Gyro: -2.25, -1.13, -0.89
Accel: 0.12, 0.10, -0.95
Gyro: -2.17, -1.12, -0.78
Accel: 0.12, 0.12, -0.94
Gyro: -1.98, -1.69, -0.70
Accel: 0.12, 0.11, -0.96
Gyro: -1.86, -1.30, -0.97
Accel: 0.12, 0.11, -0.95
Gyro: -1.53, -0.92, -0.95
