Accel: 0.07, 0.08, -0.95
Gyro: -1.74, 0.90, -1.16
Accel: 0.07, 0.09, -0.96
Gyro: -1.78, 0.39, -1.40
Accel: 0.07, 0.09, -0.97
Gyro: -1.82, 1.10, -0.79
Accel: 0.07, 0.08, -0.95
Gyro: -1.88, 1.30, -0.55
Accel: 0.07, 0.08, -0.95
Gyro: -1.93, 0.83, -0.57
Accel: 0.07, 0.09, -0.96
Gyro: -2.21, 0.66, -0.79
Accel: 0.06, 0.09, -0.96
Gyro: -2.06, 2.05, -0.82
Accel: 0.07, 0.09, -0.94
Gyro: -2.26, 1.97, -1.14
Accel: 0.07, 0.09, -0.96
Gyro: -2.46, 1.50, -1.38
Accel: 0.07, 0.09, -0.96
Gyro: -2.17, 2.19, -1.05
Accel: 0.07, 0.09, -0.96
Gyro: -2.53, 2.37, -1.13
Accel: 0.07, 0.09, -0.97
Gyro: -2.73, 3.47, -1.19
Accel: 0.08, 0.09, -0.96
Gyro: -2.54, 4.20, -0.73
Accel: 0.06, 0.09, -1.00
Gyro: -3.36, 7.47, -0.57
Accel: 0.07, 0.09, -0.99
Gyro: -4.88, 12.82, 0.60
Accel: 0.07, 0.09, -1.02
Gyro: -6.52, 15.48, 1.08
Accel: 0.09, 0.10, -0.98
Gyro: -7.76, 22.83, 2.58
Accel: 0.12, 0.10, -0.91
Gyro: -6.58, 20.64, 2.81
Accel: 0.16, 0.10, -0.89
Gyro: -4.84, 15.48, 1.96
Accel: 0.18, 0.09, -0.86
Gyro: -3.10, 8.46, 0.57
Accel: 0.20, 0.07, -0.81
Gyro: -1.88, -2.87, -1.44
Accel: 0.21, 0.07, -0.80
Gyro: -2.17, -18.04, -5.32
Accel: 0.20, 0.10, -0.77
Gyro: -0.78, -32.95, -6.31
Accel: 0.19, 0.05, -0.74
Gyro: -1.06, -53.90, -9.54
Accel: 0.14, 0.09, -0.74
Gyro: -0.31, -76.18, -12.78
Accel: 0.06, 0.07, -0.81
Gyro: 0.18, -93.19, -14.60
Accel: -0.00, 0.08, -0.84
Gyro: 2.53, -103.43, -16.88
Accel: -0.11, 0.10, -0.92
Gyro: 2.78, -106.41, -16.78
Accel: -0.18, 0.08, -0.98
Gyro: 1.35, -102.84, -15.87
Accel: -0.26, 0.08, -1.07
Gyro: -4.33, -88.81, -15.14
Accel: -0.32, 0.12, -1.09
Gyro: -8.15, -69.50, -11.87
Accel: -0.33, 0.12, -1.02
Gyro: -10.02, -55.04, -7.03
Accel: -0.35, 0.10, -0.99
Gyro: -10.40, -46.44, -4.80
Accel: -0.37, 0.08, -0.99
Gyro: -7.73, -38.26, -4.83
Accel: -0.38, 0.09, -0.98
Gyro: -9.60, -29.70, -7.45
Accel: -0.38, 0.11, -0.93
Gyro: -9.72, -23.99, -6.27
Accel: -0.39, 0.11, -0.93
Gyro: -9.47, -20.42, -5.52
Accel: -0.40, 0.14, -0.94
Gyro: -8.35, -15.26, -4.78
Accel: -0.40, 0.13, -0.93
Gyro: -6.61, -11.25, -3.37
Accel: -0.41, 0.11, -0.93
Gyro: -3.61, -5.51, -3.50
Accel: -0.41, 0.12, -0.91
Gyro: -1.98, -1.99, -6.71
Accel: -0.40, 0.12, -0.89
Gyro: 0.40, -0.95, -4.61
Accel: -0.41, 0.12, -0.92
Gyro: -1.37, 2.59, -3.68
Accel: -0.40, 0.14, -0.88
Gyro: -0.72, 2.25, -1.10
Accel: -0.40, 0.13, -0.90
Gyro: -2.56, 3.22, 1.85
Accel: -0.40, 0.09, -0.91
Gyro: -3.78, 6.98, 2.53
Accel: -0.38, 0.12, -0.92
Gyro: -4.60, 7.74, 2.63
Accel: -0.39, 0.11, -0.96
Gyro: -4.17, 13.04, 3.51
Accel: -0.39, 0.11, -0.95
Gyro: -4.57, 19.50, 2.00
Accel: -0.36, 0.13, -0.93
Gyro: -1.93, 23.74, 2.19
Accel: -0.36, 0.16, -0.97
Gyro: 0.14, 30.45, 3.37
Accel: -0.34, 0.15, -0.94
Gyro: 0.79, 35.93, 6.25
Accel: -0.33, 0.15, -0.97
Gyro: 1.40, 39.29, 9.45
Accel: -0.33, 0.15, -0.99
Gyro: 2.44, 49.93, 12.88
Accel: -0.29, 0.13, -0.96
Gyro: 2.85, 56.49, 14.64
Accel: -0.27, 0.10, -0.95
Gyro: 0.25, 63.43, 14.79
Accel: -0.20, 0.06, -0.87
Gyro: -4.26, 62.29, 12.84
Accel: -0.15, 0.08, -0.85
Gyro: -7.05, 51.96, 10.01
Accel: -0.13, 0.09, -0.90
Gyro: -6.48, 43.61, 8.05
Accel: -0.14, 0.12, -0.99
Gyro: -7.06, 46.81, 5.78
Accel: -0.08, 0.12, -0.91
Gyro: -5.78, 48.84, 5.11
Accel: -0.05, 0.11, -0.93
Gyro: -3.15, 44.09, 3.57
Accel: -0.02, 0.13, -0.93
Gyro: -2.58, 45.28, 3.17
Accel: 0.02, 0.12, -0.89
Gyro: -5.45, 41.73, 2.43
Accel: 0.05, 0.11, -0.88
Gyro: -2.00, 36.22, 2.50
Accel: 0.05, 0.09, -0.95
Gyro: -3.36, 34.64, -0.95
Accel: 0.09, 0.13, -0.89
Gyro: -1.52, 30.78, -2.85
Accel: 0.12, 0.13, -0.89
Gyro: 0.63, 24.02, -2.51
Accel: 0.14, 0.12, -0.89
Gyro: -0.08, 17.55, -2.50
Accel: 0.16, 0.12, -0.88
Gyro: -0.76, 11.46, -1.92
Accel: 0.15, 0.12, -0.91
Gyro: -2.04, 6.71, -1.14
Accel: 0.15, 0.13, -0.94
Gyro: -2.80, 5.81, 0.27
Accel: 0.15, 0.12, -0.93
Gyro: -2.58, 4.75, 1.24
Accel: 0.14, 0.12, -0.95
Gyro: -3.05, 3.97, 0.46
Accel: 0.14, 0.12, -0.94
Gyro: -2.78, 4.64, 0.08
Accel: 0.15, 0.12, -0.92
Gyro: -2.05, 3.28, -0.56
Accel: 0.14, 0.12, -0.94
Gyro: -1.97, 1.82, -2.44
Accel: 0.13, 0.14, -0.95
Gyro: -1.30, 1.58, -2.94
Accel: 0.13, 0.13, -0.93
Gyro: -0.40, 2.34, -2.25
Accel: 0.14, 0.12, -0.93
Gyro: -0.47, 1.45, -1.98
Accel: 0.13, 0.14, -0.95
Gyro: -1.07, -0.31, -1.64
Accel: 0.13, 0.12, -0.94
Gyro: -1.32, 1.05, -0.73
Accel: 0.14, 0.12, -0.92
Gyro: -1.80, 0.40, -1.13
Accel: 0.14, 0.12, -0.93
Gyro: -1.61, -2.18, -1.82
Accel: 0.12, 0.13, -0.96
Gyro: -1.61, -2.02, -1.20
Accel: 0.13, 0.12, -0.95
Gyro: -2.40, -0.82, -1.17
Accel: 0.13, 0.12, -0.94
Gyro: -2.53, -1.43, -1.37
Accel: 0.12, 0.12, -0.95
Gyro: -2.50, -1.91, -2.11
Accel: 0.13, 0.12, -0.95
Gyro: -2.13, -0.57, -2.56
Accel: 0.14, 0.12, -0.94
Gyro: -1.97, -0.58, -3.03
Accel: 0.13, 0.13, -0.95
Gyro: -1.89, -0.60, -2.46
Accel: 0.14, 0.13, -0.95
Gyro: -1.97, -0.45, -1.99
Accel: 0.13, 0.11, -0.93
Gyro: -2.16, -0.97, -2.02
Accel: 0.13, 0.13, -0.94
Gyro: -2.20, -2.24, -2.51
Accel: 0.13, 0.13, -0.95
Gyro: -0.84, -1.11, -0.98
Accel: 0.13, 0.12, -0.94
Gyro: -1.30, -1.28, -0.74
Accel: 0.13, 0.12, -0.94
Gyro: -1.94, -1.74, -0.76
Accel: 0.12, 0.11, -0.95
Gyro: -2.31, -1.60, -0.95
Accel: 0.12, 0.12, -0.94
Gyro: -2.46, -1.06, -1.42
Accel: 0.13, 0.12, -0.94
Gyro: -2.27, -0.91, -2.31
Accel: 0.11, 0.13, -0.94
Gyro: -2.11, -1.05, -2.01
