Accel: 0.08, 0.11, -0.96
Gyro: -2.67, -1.27, -1.49
Accel: 0.09, 0.12, -0.95
Gyro: -1.79, -1.39, -1.13
Accel: 0.09, 0.11, -0.95
Gyro: -2.10, -1.17, -1.40
Accel: 0.09, 0.11, -0.95
Gyro: -2.11, -1.14, -1.59
Accel: 0.09, 0.11, -0.95
Gyro: -2.42, -1.38, -1.63
Accel: 0.09, 0.11, -0.95
Gyro: -2.17, -1.30, -1.82
Accel: 0.09, 0.11, -0.95
Gyro: -1.91, -1.54, -1.79
Accel: 0.09, 0.11, -0.95
Gyro: -2.13, -2.37, -1.92
Accel: 0.10, 0.11, -0.94
Gyro: -2.40, -3.56, -1.65
Accel: 0.09, 0.10, -0.94
Gyro: -2.78, -5.34, -2.37
Accel: 0.11, 0.08, -0.93
Gyro: -3.17, -8.38, -4.26
Accel: 0.11, 0.08, -0.89
Gyro: -3.36, -13.31, -7.06
Accel: 0.10, 0.10, -0.89
Gyro: -2.85, -20.88, -10.05
Accel: 0.09, 0.10, -0.90
Gyro: -1.68, -27.84, -11.80
Accel: 0.07, 0.11, -0.92
Gyro: 0.72, -34.17, -13.78
Accel: 0.04, 0.11, -0.90
Gyro: -0.27, -39.10, -14.69
Accel: 0.01, 0.12, -0.95
Gyro: 0.92, -41.53, -14.95
Accel: -0.02, 0.11, -0.95
Gyro: -0.57, -41.06, -14.33
Accel: -0.05, 0.12, -0.95
Gyro: -1.40, -40.71, -13.35
Accel: -0.08, 0.11, -0.95
Gyro: -2.13, -40.57, -12.28
Accel: -0.10, 0.12, -0.96
Gyro: -2.17, -40.07, -10.85
Accel: -0.11, 0.11, -0.97
Gyro: -1.65, -38.19, -10.23
Accel: -0.15, 0.10, -0.97
Gyro: -2.10, -34.13, -11.18
Accel: -0.15, 0.10, -0.95
Gyro: -1.31, -32.11, -12.34
Accel: -0.17, 0.09, -0.94
Gyro: -2.31, -31.41, -12.91
Accel: -0.17, 0.09, -0.85
Gyro: -2.79, -34.90, -13.13
Accel: -0.17, 0.10, -0.76
Gyro: -5.06, -50.10, -11.96
Accel: -0.23, 0.10, -0.92
Gyro: -7.20, -58.77, -9.43
Accel: -0.30, 0.13, -1.04
Gyro: -14.27, -46.89, -5.34
Accel: -0.33, 0.14, -1.02
Gyro: -14.08, -34.42, -1.74
Accel: -0.35, 0.13, -0.98
Gyro: -10.84, -27.95, -0.40
Accel: -0.36, 0.16, -0.98
Gyro: -8.19, -18.06, -0.50
Accel: -0.34, 0.16, -0.93
Gyro: -3.78, -13.99, 1.17
Accel: -0.36, 0.15, -0.93
Gyro: -1.55, -13.87, 0.97
Accel: -0.38, 0.16, -0.94
Gyro: 1.46, -10.86, 1.40
Accel: -0.38, 0.13, -0.96
Gyro: 0.64, -5.45, 2.15
Accel: -0.37, 0.12, -0.92
Gyro: -0.63, -2.30, 1.17
Accel: -0.36, 0.12, -0.92
Gyro: 0.03, -0.06, 0.95
Accel: -0.34, 0.12, -0.91
Gyro: -0.43, 2.44, 0.32
Accel: -0.35, 0.13, -0.90
Gyro: -0.45, 2.53, 0.76
Accel: -0.34, 0.13, -0.91
Gyro: -0.55, 3.64, 1.50
Accel: -0.35, 0.16, -0.94
Gyro: -0.62, 7.65, 2.82
Accel: -0.35, 0.16, -0.92
Gyro: -0.22, 11.82, 6.16
Accel: -0.35, 0.15, -0.94
Gyro: 0.25, 13.43, 7.51
Accel: -0.33, 0.14, -0.92
Gyro: 1.79, 17.62, 8.29
Accel: -0.33, 0.15, -0.94
Gyro: 3.16, 21.49, 9.71
Accel: -0.32, 0.15, -0.95
Gyro: 3.03, 23.43, 10.25
Accel: -0.31, 0.13, -0.97
Gyro: 3.46, 29.20, 11.79
Accel: -0.28, 0.12, -0.96
Gyro: 3.80, 32.98, 12.18
Accel: -0.26, 0.12, -0.96
Gyro: 3.44, 36.40, 12.63
Accel: -0.23, 0.11, -0.99
Gyro: 2.60, 42.08, 12.93
Accel: -0.22, 0.12, -0.99
Gyro: 0.79, 49.05, 12.51
Accel: -0.16, 0.13, -0.92
Gyro: 1.70, 49.16, 13.24
Accel: -0.17, 0.11, -1.00
Gyro: 1.58, 51.18, 13.91
Accel: -0.12, 0.09, -0.92
Gyro: 1.14, 51.87, 13.38
Accel: -0.09, 0.07, -0.95
Gyro: 0.27, 48.65, 11.16
Accel: -0.06, 0.08, -0.94
Gyro: -0.69, 50.70, 8.54
Accel: -0.02, 0.10, -0.89
Gyro: -0.77, 46.11, 6.71
Accel: -0.01, 0.10, -0.95
Gyro: -1.95, 44.47, 5.45
Accel: 0.01, 0.10, -0.91
Gyro: -3.99, 43.96, 5.37
Accel: 0.06, 0.10, -0.89
Gyro: -0.63, 37.57, 4.23
Accel: 0.07, 0.11, -0.95
Gyro: -0.24, 34.89, 3.81
Accel: 0.10, 0.10, -0.93
Gyro: -0.09, 34.36, 3.95
Accel: 0.13, 0.09, -0.86
Gyro: 1.12, 27.64, 3.32
Accel: 0.15, 0.08, -0.90
Gyro: 0.08, 19.29, 2.35
Accel: 0.16, 0.09, -0.92
Gyro: -1.23, 16.20, 1.49
Accel: 0.17, 0.08, -0.89
Gyro: -1.55, 11.81, 0.82
Accel: 0.17, 0.09, -0.92
Gyro: -2.56, 7.19, -0.94
Accel: 0.17, 0.09, -0.93
Gyro: -2.46, 4.98, -2.46
Accel: 0.18, 0.10, -0.94
Gyro: -2.57, 3.77, -3.59
Accel: 0.17, 0.10, -0.94
Gyro: -1.82, 2.28, -4.12
Accel: 0.16, 0.10, -0.96
Gyro: -2.18, 3.72, -4.22
Accel: 0.17, 0.11, -0.93
Gyro: -1.92, 3.22, -3.53
Accel: 0.18, 0.11, -0.93
Gyro: -2.33, 1.51, -3.20
Accel: 0.17, 0.12, -0.94
Gyro: -2.37, 0.90, -2.05
Accel: 0.17, 0.10, -0.93
Gyro: -2.30, 0.28, -1.58
Accel: 0.17, 0.11, -0.92
Gyro: -2.11, -2.00, -1.99
Accel: 0.16, 0.11, -0.95
Gyro: -1.91, -3.04, -1.91
Accel: 0.15, 0.10, -0.96
Gyro: -2.11, -2.20, -1.70
Accel: 0.15, 0.10, -0.93
Gyro: -1.65, -2.54, -1.86
Accel: 0.15, 0.11, -0.95
Gyro: -1.28, -3.42, -2.21
Accel: 0.14, 0.11, -0.96
Gyro: -1.95, -2.21, -2.00
Accel: 0.15, 0.10, -0.96
Gyro: -1.75, -0.98, -1.40
Accel: 0.15, 0.10, -0.94
Gyro: -2.04, -1.80, -1.75
Accel: 0.15, 0.11, -0.95
Gyro: -2.27, -1.87, -1.60
Accel: 0.15, 0.11, -0.96
Gyro: -1.85, -0.41, -1.06
Accel: 0.16, 0.09, -0.94
Gyro: -1.75, -0.57, -1.67
Accel: 0.16, 0.10, -0.94
Gyro: -2.11, -2.25, -2.42
Accel: 0.15, 0.10, -0.96
Gyro: -1.83, -2.14, -2.12
Accel: 0.15, 0.10, -0.94
Gyro: -1.80, -1.66, -1.68
Accel: 0.15, 0.11, -0.95
Gyro: -2.22, -2.14, -1.88
Accel: 0.15, 0.10, -0.95
Gyro: -2.37, -1.93, -1.24
Accel: 0.15, 0.10, -0.96
Gyro: -2.89, -1.46, -1.37
Accel: 0.15, 0.11, -0.96
Gyro: -2.87, -1.74, -1.95
Accel: 0.15, 0.11, -0.94
Gyro: -3.08, -1.95, -2.53
Accel: 0.15, 0.10, -0.95
Gyro: -2.36, -1.76, -2.32
Accel: 0.15, 0.10, -0.94
Gyro: -2.66, -1.58, -2.36
Accel: 0.15, 0.11, -0.93
Gyro: -2.68, -2.49, -2.00
Accel: 0.14, 0.11, -0.94
Gyro: -2.56, -3.11, -1.50
Accel: 0.14, 0.10, -0.95
Gyro: -2.22, -2.19, -1.30
Accel: 0.14, 0.10, -0.94
Gyro: -2.15, -2.62, -1.59
