Accel: 0.12, 0.13, -0.94
Gyro: -1.98, -0.52, -1.59
Accel: 0.13, 0.12, -0.94
Gyro: -1.98, -1.05, -1.82
Accel: 0.12, 0.13, -0.96
Gyro: -1.80, -1.40, -1.82
Accel: 0.13, 0.12, -0.95
Gyro: -2.04, -0.97, -1.59
Accel: 0.12, 0.12, -0.94
Gyro: -2.22, -1.48, -1.41
Accel: 0.12, 0.12, -0.95
Gyro: -2.15, -1.31, -1.17
Accel: 0.12, 0.13, -0.96
Gyro: -1.73, 0.31, -0.71
Accel: 0.13, 0.12, -0.94
Gyro: -1.36, 0.61, -1.05
Accel: 0.13, 0.12, -0.95
Gyro: -1.31, 0.14, -1.20
Accel: 0.14, 0.13, -0.95
Gyro: -1.21, -0.11, -0.71
Accel: 0.13, 0.12, -0.95
Gyro: -1.44, -0.05, -0.58
Accel: 0.13, 0.11, -0.94
Gyro: -1.43, -0.11, -0.98
Accel: 0.13, 0.12, -0.95
Gyro: -2.03, -0.82, -1.75
Accel: 0.12, 0.12, -0.96
Gyro: -1.77, -0.05, -1.38
Accel: 0.13, 0.11, -0.94
Gyro: -2.37, 0.17, -1.59
Accel: 0.14, 0.12, -0.92
Gyro: -2.27, -1.26, -1.49
Accel: 0.14, 0.13, -0.93
Gyro: -1.88, -2.17, -1.65
Accel: 0.14, 0.11, -0.92
Gyro: -1.67, -4.07, -1.40
Accel: 0.14, 0.12, -0.93
Gyro: -1.71, -6.22, -1.85
Accel: 0.13, 0.12, -0.93
Gyro: -1.23, -7.55, -2.04
Accel: 0.15, 0.11, -0.90
Gyro: -0.67, -11.10, -2.61
Accel: 0.16, 0.10, -0.86
Gyro: -0.51, -17.28, -3.55
Accel: 0.16, 0.10, -0.84
Gyro: 0.37, -27.25, -5.70
Accel: 0.14, 0.11, -0.84
Gyro: 1.14, -39.34, -8.00
Accel: 0.11, 0.11, -0.85
Gyro: 1.95, -49.96, -9.25
Accel: 0.07, 0.15, -0.86
Gyro: 4.26, -57.15, -10.56
Accel: 0.01, 0.11, -0.86
Gyro: 2.77, -67.25, -10.39
Accel: -0.04, 0.12, -0.87
Gyro: 4.07, -75.65, -10.44
Accel: -0.10, 0.11, -0.91
Gyro: 5.65, -79.96, -9.45
Accel: -0.16, 0.09, -0.94
Gyro: 4.55, -81.05, -9.27
Accel: -0.21, 0.11, -0.97
Gyro: 2.11, -75.62, -8.16
Accel: -0.27, 0.09, -1.05
Gyro: -0.24, -64.61, -4.04
Accel: -0.28, 0.10, -1.01
Gyro: -3.57, -51.60, -2.32
Accel: -0.30, 0.11, -0.97
Gyro: -3.35, -44.86, -0.59
Accel: -0.34, 0.10, -1.00
Gyro: -1.56, -38.99, -0.09
Accel: -0.37, 0.12, -0.99
Gyro: -1.65, -28.56, 1.95
Accel: -0.38, 0.10, -1.00
Gyro: 0.43, -19.90, 3.56
Accel: -0.35, 0.12, -0.88
Gyro: -2.38, -14.30, 4.09
Accel: -0.36, 0.07, -0.99
Gyro: 0.97, -14.55, 2.44
Accel: -0.36, 0.11, -0.97
Gyro: -0.95, -3.49, -0.43
Accel: -0.37, 0.07, -0.96
Gyro: -1.08, 0.89, -1.30
Accel: -0.34, 0.07, -0.92
Gyro: -1.25, 4.40, -4.60
Accel: -0.32, 0.12, -0.91
Gyro: -0.56, 6.27, -4.03
Accel: -0.31, 0.10, -0.87
Gyro: -1.85, 5.74, -2.08
Accel: -0.32, 0.06, -0.91
Gyro: -1.66, 3.01, -3.92
Accel: -0.33, 0.11, -0.93
Gyro: -1.96, 4.42, -5.39
Accel: -0.32, 0.12, -0.94
Gyro: -3.20, 6.75, -3.55
Accel: -0.33, 0.12, -1.01
Gyro: -3.79, 11.98, 0.08
Accel: -0.32, 0.12, -0.95
Gyro: -2.79, 22.03, 1.45
Accel: -0.30, 0.07, -0.93
Gyro: -1.09, 23.56, 1.85
Accel: -0.33, 0.09, -1.05
Gyro: -3.23, 30.64, 0.92
Accel: -0.31, 0.13, -0.97
Gyro: -4.06, 43.81, 2.56
Accel: -0.26, 0.11, -0.92
Gyro: -2.24, 42.56, 5.16
Accel: -0.23, 0.11, -0.98
Gyro: -2.50, 44.96, 6.30
Accel: -0.20, 0.11, -0.91
Gyro: -1.59, 48.89, 7.60
Accel: -0.17, 0.09, -0.92
Gyro: -0.79, 45.65, 7.15
Accel: -0.16, 0.09, -0.95
Gyro: -0.31, 45.76, 5.84
Accel: -0.13, 0.11, -0.93
Gyro: -0.98, 48.42, 6.68
Accel: -0.12, 0.10, -1.00
Gyro: 0.85, 50.12, 6.87
Accel: -0.10, 0.09, -0.98
Gyro: -0.89, 56.02, 7.24
Accel: -0.06, 0.08, -1.00
Gyro: -1.27, 57.54, 6.65
Accel: -0.03, 0.08, -0.96
Gyro: -3.49, 63.81, 5.78
Accel: 0.05, 0.08, -0.87
Gyro: -1.09, 57.31, 5.31
Accel: 0.08, 0.06, -0.90
Gyro: -0.68, 49.03, 2.96
Accel: 0.13, 0.08, -0.87
Gyro: -0.72, 42.80, 1.02
Accel: 0.15, 0.08, -0.89
Gyro: -0.70, 33.14, 0.22
Accel: 0.17, 0.07, -0.87
Gyro: -1.74, 27.21, -0.50
Accel: 0.20, 0.07, -0.87
Gyro: -1.98, 19.20, -2.00
Accel: 0.20, 0.07, -0.90
Gyro: -2.17, 13.95, -3.04
Accel: 0.19, 0.08, -0.91
Gyro: -3.04, 10.70, -3.92
Accel: 0.20, 0.09, -0.92
Gyro: -3.34, 8.25, -3.94
Accel: 0.20, 0.10, -0.93
Gyro: -2.89, 5.12, -3.22
Accel: 0.20, 0.10, -0.93
Gyro: -1.76, 3.78, -2.23
Accel: 0.18, 0.11, -0.96
Gyro: -2.36, 5.86, -0.49
Accel: 0.20, 0.09, -0.94
Gyro: -1.96, 6.00, 1.17
Accel: 0.20, 0.09, -0.92
Gyro: -2.63, 4.57, 1.26
Accel: 0.21, 0.10, -0.93
Gyro: -2.66, 2.88, 1.14
Accel: 0.20, 0.08, -0.92
Gyro: -2.27, 1.87, 0.51
Accel: 0.21, 0.08, -0.92
Gyro: -2.40, 0.47, -0.69
Accel: 0.20, 0.07, -0.93
Gyro: -3.27, -0.93, -1.95
Accel: 0.20, 0.08, -0.93
Gyro: -3.08, -1.76, -2.27
Accel: 0.20, 0.10, -0.93
Gyro: -3.88, -2.40, -3.06
Accel: 0.19, 0.10, -0.93
Gyro: -2.63, -2.46, -1.89
Accel: 0.19, 0.10, -0.94
Gyro: -2.49, -3.61, -1.40
Accel: 0.18, 0.10, -0.95
Gyro: -2.37, -4.28, -0.44
Accel: 0.18, 0.10, -0.96
Gyro: -2.07, -2.16, 0.31
Accel: 0.18, 0.08, -0.95
Gyro: -2.11, -1.32, -0.34
Accel: 0.19, 0.09, -0.94
Gyro: -2.10, -1.27, -1.07
Accel: 0.19, 0.10, -0.95
Gyro: -2.02, -1.09, -0.99
Accel: 0.20, 0.09, -0.94
Gyro: -1.63, -0.56, -0.79
Accel: 0.20, 0.09, -0.92
Gyro: -2.05, -1.97, -1.21
Accel: 0.19, 0.10, -0.94
Gyro: -1.41, -2.43, -1.05
Accel: 0.18, 0.08, -0.94
Gyro: -1.90, -1.04, -1.29
Accel: 0.20, 0.09, -0.93
Gyro: -2.20, -2.24, -2.33
Accel: 0.18, 0.09, -0.94
Gyro: -2.22, -2.62, -2.18
Accel: 0.18, 0.09, -0.95
Gyro: -2.64, -1.86, -2.37
Accel: 0.18, 0.09, -0.94
Gyro: -2.81, -2.00, -2.27
Accel: 0.18, 0.10, -0.95
Gyro: -2.71, -1.79, -1.87
Accel: 0.18, 0.10, -0.95
Gyro: -2.49, -0.69, -1.18
Accel: 0.19, 0.08, -0.93
Gyro: -2.91, -0.66, -1.34
Accel: 0.18, 0.09, -0.94
Gyro: -2.99, -1.24, -1.72
