Accel: -0.02, 0.08, -0.96
Gyro: -1.91, 0.60, -2.27
Accel: -0.02, 0.07, -0.95
Gyro: -2.03, -0.37, -1.80
Accel: -0.03, 0.07, -0.95
Gyro: -2.53, -0.89, -1.72
Accel: -0.03, 0.07, -0.95
Gyro: -2.12, -0.89, -1.67
Accel: -0.02, 0.07, -0.96
Gyro: -1.99, -0.93, -2.05
Accel: -0.03, 0.08, -0.96
Gyro: -1.94, -0.54, -1.95
Accel: -0.02, 0.07, -0.96
Gyro: -1.85, 0.01, -1.52
Accel: -0.03, 0.07, -0.96
Gyro: -1.77, -0.01, -2.30
Accel: -0.03, 0.07, -0.95
Gyro: -1.66, -0.50, -2.78
Accel: -0.03, 0.08, -0.97
Gyro: -1.75, -0.85, -2.66
Accel: -0.03, 0.07, -0.95
Gyro: -1.53, -0.44, -1.80
Accel: -0.03, 0.07, -0.95
Gyro: -2.30, -0.63, -1.53
Accel: -0.03, 0.07, -0.96
Gyro: -2.14, -0.53, -1.05
Accel: -0.02, 0.08, -0.96
Gyro: -2.18, -0.66, -1.19
Accel: -0.02, 0.06, -0.96
Gyro: -2.06, -0.64, -1.44
Accel: -0.02, 0.07, -0.96
Gyro: -2.27, -0.22, -1.25
Accel: -0.02, 0.08, -0.96
Gyro: -2.26, -0.39, -1.04
Accel: -0.02, 0.07, -0.96
Gyro: -2.40, -0.90, -1.01
Accel: -0.03, 0.07, -0.96
Gyro: -2.57, -0.92, -1.11
Accel: -0.02, 0.07, -0.96
Gyro: -2.75, -0.98, -1.69
Accel: -0.03, 0.07, -0.95
Gyro: -2.94, -1.64, -2.02
Accel: -0.01, 0.07, -0.94
Gyro: -2.88, -2.57, -2.15
Accel: -0.02, 0.07, -0.94
Gyro: -3.07, -3.50, -2.55
Accel: -0.01, 0.06, -0.93
Gyro: -3.33, -5.20, -3.47
Accel: -0.00, 0.06, -0.90
Gyro: -3.31, -9.68, -4.87
Accel: 0.01, 0.06, -0.84
Gyro: -3.86, -17.33, -5.44
Accel: 0.04, 0.04, -0.79
Gyro: -7.21, -33.45, -7.44
Accel: 0.02, 0.07, -0.79
Gyro: -7.48, -47.41, -8.67
Accel: -0.02, 0.08, -0.75
Gyro: -8.09, -63.13, -8.41
Accel: -0.06, 0.10, -0.69
Gyro: -8.39, -85.47, -8.03
Accel: -0.15, 0.08, -0.75
Gyro: -9.58, -103.73, -7.40
Accel: -0.26, 0.12, -0.87
Gyro: -11.96, -109.33, -7.70
Accel: -0.37, 0.10, -1.05
Gyro: -12.23, -98.77, -5.49
Accel: -0.43, 0.07, -1.06
Gyro: -14.16, -74.14, -6.58
Accel: -0.45, 0.10, -0.96
Gyro: -14.02, -62.68, -7.33
Accel: -0.48, 0.10, -0.96
Gyro: -12.70, -53.19, -9.17
Accel: -0.50, 0.12, -0.94
Gyro: -12.19, -44.00, -10.15
Accel: -0.53, 0.15, -0.97
Gyro: -9.67, -34.48, -9.99
Accel: -0.57, 0.13, -0.98
Gyro: -7.32, -24.64, -9.52
Accel: -0.55, 0.17, -0.90
Gyro: -3.33, -12.92, -9.61
Accel: -0.54, 0.13, -0.94
Gyro: -1.10, -7.47, -7.39
Accel: -0.53, 0.15, -0.90
Gyro: -0.94, 1.28, -5.46
Accel: -0.53, 0.13, -0.88
Gyro: -0.39, 5.37, -3.81
Accel: -0.53, 0.11, -0.92
Gyro: 0.16, 10.27, -2.60
Accel: -0.50, 0.14, -0.86
Gyro: 1.94, 15.11, 0.03
Accel: -0.47, 0.11, -0.83
Gyro: 1.86, 14.92, 1.50
Accel: -0.48, 0.11, -0.91
Gyro: 2.68, 16.13, 1.98
Accel: -0.53, 0.13, -0.98
Gyro: 3.61, 30.55, 3.16
Accel: -0.49, 0.10, -0.92
Gyro: 4.95, 34.89, 2.86
Accel: -0.49, 0.11, -0.99
Gyro: 6.14, 46.59, 2.48
Accel: -0.46, 0.12, -0.97
Gyro: 8.09, 57.27, 3.37
Accel: -0.46, 0.10, -1.05
Gyro: 7.48, 70.27, 4.03
Accel: -0.41, 0.08, -0.97
Gyro: 4.63, 86.31, 3.73
Accel: -0.33, 0.06, -0.91
Gyro: 6.42, 87.65, 3.18
Accel: -0.29, 0.05, -0.94
Gyro: 4.29, 93.15, 0.76
Accel: -0.20, 0.05, -0.88
Gyro: 2.96, 91.29, -2.21
Accel: -0.16, 0.07, -0.89
Gyro: 1.82, 88.89, -3.11
Accel: -0.06, 0.07, -0.75
Gyro: 2.20, 77.06, -3.03
Accel: -0.03, 0.05, -0.86
Gyro: -0.45, 66.93, -3.90
Accel: 0.05, 0.05, -0.79
Gyro: -2.72, 53.43, -3.59
Accel: 0.10, 0.07, -0.78
Gyro: -6.52, 35.90, -2.61
Accel: 0.11, 0.07, -0.83
Gyro: -7.64, 21.17, -2.30
Accel: 0.11, 0.08, -0.87
Gyro: -7.42, 11.56, -1.51
Accel: 0.10, 0.07, -0.90
Gyro: -6.80, 5.70, -1.70
Accel: 0.09, 0.08, -0.92
Gyro: -6.13, 1.33, -1.85
Accel: 0.09, 0.08, -0.95
Gyro: -4.57, 0.02, -1.93
Accel: 0.09, 0.08, -0.95
Gyro: -3.46, -0.55, -2.50
Accel: 0.07, 0.10, -0.99
Gyro: -2.87, -1.32, -1.74
Accel: 0.07, 0.10, -0.99
Gyro: -2.38, 2.59, 0.57
Accel: 0.08, 0.09, -0.96
Gyro: -2.43, 4.10, 1.52
Accel: 0.08, 0.09, -0.96
Gyro: -2.95, 2.10, 0.77
Accel: 0.09, 0.09, -0.96
Gyro: -2.37, 2.40, 0.84
Accel: 0.09, 0.08, -0.94
Gyro: -2.46, 1.64, 0.05
Accel: 0.09, 0.09, -0.92
Gyro: -2.85, -1.06, -0.52
Accel: 0.08, 0.09, -0.94
Gyro: -2.94, -2.56, 0.24
Accel: 0.07, 0.08, -0.93
Gyro: -3.38, -2.94, 0.04
Accel: 0.07, 0.09, -0.93
Gyro: -3.69, -4.14, -0.50
Accel: 0.06, 0.10, -0.94
Gyro: -3.07, -5.27, -0.19
Accel: 0.05, 0.09, -0.94
Gyro: -3.21, -5.27, -0.21
Accel: 0.03, 0.10, -0.96
Gyro: -3.65, -5.85, -0.79
Accel: 0.02, 0.10, -0.98
Gyro: -2.49, -4.38, 0.12
Accel: 0.04, 0.10, -0.97
Gyro: -2.02, -2.64, 0.25
Accel: 0.03, 0.09, -0.97
Gyro: -2.09, -2.17, -0.06
Accel: 0.04, 0.09, -0.97
Gyro: -1.63, -0.68, -0.04
Accel: 0.05, 0.09, -0.96
Gyro: -1.81, 0.13, -0.51
Accel: 0.06, 0.09, -0.96
Gyro: -1.62, 0.17, -1.03
Accel: 0.07, 0.09, -0.95
Gyro: -1.27, -0.29, -0.90
Accel: 0.08, 0.09, -0.95
Gyro: -1.48, -0.98, -1.27
Accel: 0.06, 0.09, -0.95
Gyro: -1.45, -1.82, -1.09
Accel: 0.06, 0.09, -0.96
Gyro: -1.48, -2.06, -0.72
Accel: 0.06, 0.08, -0.96
Gyro: -1.98, -2.04, -1.14
Accel: 0.05, 0.09, -0.95
Gyro: -1.61, -2.82, -1.20
Accel: 0.05, 0.08, -0.96
Gyro: -1.95, -2.64, -1.54
Accel: 0.04, 0.09, -0.94
Gyro: -2.23, -3.14, -1.69
Accel: 0.05, 0.10, -0.95
Gyro: -1.82, -3.34, -1.08
Accel: 0.04, 0.07, -0.95
Gyro: -1.51, -2.62, -1.05
Accel: 0.05, 0.07, -0.96
Gyro: -2.68, -2.59, -1.25
Accel: 0.04, 0.09, -0.96
Gyro: -2.92, -2.13, -1.17
Accel: 0.05, 0.09, -0.96
Gyro: -2.61, -1.97, -1.40
Accel: 0.04, 0.09, -0.95
Gyro: -2.79, -2.51, -1.71
Accel: 0.03, 0.10, -0.96
Gyro: -1.59, -2.94, -0.76
