Accel: 0.16, 0.10, -0.94
Gyro: -2.07, -4.48, -1.82
Accel: 0.15, 0.11, -0.94
Gyro: -2.35, -4.35, -1.80
Accel: 0.15, 0.10, -0.94
Gyro: -2.17, -4.95, -1.99
Accel: 0.15, 0.11, -0.93
Gyro: -2.48, -6.42, -2.56
Accel: 0.15, 0.11, -0.92
Gyro: -3.13, -8.78, -2.91
Accel: 0.15, 0.12, -0.91
Gyro: -2.69, -11.29, -2.48
Accel: 0.15, 0.10, -0.90
Gyro: -2.23, -15.50, -3.11
Accel: 0.16, 0.10, -0.89
Gyro: -2.11, -22.01, -4.64
Accel: 0.15, 0.10, -0.88
Gyro: -1.58, -28.91, -6.22
Accel: 0.13, 0.09, -0.86
Gyro: -1.46, -36.95, -8.44
Accel: 0.12, 0.10, -0.87
Gyro: -1.34, -47.23, -10.97
Accel: 0.07, 0.11, -0.89
Gyro: 2.69, -54.47, -12.01
Accel: 0.04, 0.10, -0.90
Gyro: 2.20, -60.22, -13.30
Accel: -0.00, 0.09, -0.90
Gyro: 1.85, -65.31, -15.05
Accel: -0.05, 0.09, -0.93
Gyro: 0.45, -67.54, -16.06
Accel: -0.10, 0.10, -0.93
Gyro: -0.74, -67.56, -16.65
Accel: -0.14, 0.10, -0.95
Gyro: -1.85, -66.20, -17.02
Accel: -0.19, 0.11, -0.96
Gyro: -2.46, -63.19, -15.62
Accel: -0.23, 0.12, -0.98
Gyro: -3.60, -57.56, -12.62
Accel: -0.26, 0.11, -0.98
Gyro: -4.53, -50.03, -9.98
Accel: -0.28, 0.10, -0.96
Gyro: -5.88, -43.62, -8.68
Accel: -0.29, 0.11, -0.93
Gyro: -4.88, -40.88, -7.61
Accel: -0.32, 0.12, -0.92
Gyro: -4.60, -39.86, -6.53
Accel: -0.34, 0.10, -0.91
Gyro: -6.08, -38.11, -5.58
Accel: -0.37, 0.13, -0.91
Gyro: -6.50, -36.91, -4.80
Accel: -0.42, 0.12, -0.97
Gyro: -5.26, -31.93, -2.56
Accel: -0.43, 0.13, -0.98
Gyro: -6.55, -21.64, -1.36
Accel: -0.43, 0.11, -0.91
Gyro: -5.58, -14.56, -0.72
Accel: -0.43, 0.11, -0.92
Gyro: -3.98, -11.47, -1.34
Accel: -0.43, 0.11, -0.91
Gyro: -2.61, -7.40, -1.28
Accel: -0.42, 0.12, -0.88
Gyro: -2.86, -6.06, -0.82
Accel: -0.42, 0.11, -0.91
Gyro: -1.63, -4.81, -0.43
Accel: -0.42, 0.13, -0.91
Gyro: -2.39, -1.35, -0.35
Accel: -0.41, 0.13, -0.90
Gyro: -2.20, 2.07, 0.74
Accel: -0.40, 0.13, -0.91
Gyro: -1.95, 3.78, 1.00
Accel: -0.39, 0.12, -0.91
Gyro: -0.98, 5.93, 1.27
Accel: -0.39, 0.13, -0.92
Gyro: -0.53, 8.60, 1.96
Accel: -0.40, 0.12, -0.92
Gyro: -0.37, 13.57, 3.32
Accel: -0.38, 0.12, -0.88
Gyro: -0.82, 13.47, 3.23
Accel: -0.39, 0.15, -0.97
Gyro: -0.46, 17.62, 4.39
Accel: -0.38, 0.13, -0.92
Gyro: -0.74, 24.95, 6.95
Accel: -0.36, 0.14, -0.91
Gyro: -0.12, 25.36, 7.84
Accel: -0.36, 0.15, -0.95
Gyro: 0.11, 28.85, 10.07
Accel: -0.33, 0.13, -0.93
Gyro: 0.43, 34.36, 12.15
Accel: -0.31, 0.12, -0.94
Gyro: 0.40, 35.97, 12.04
Accel: -0.31, 0.13, -0.96
Gyro: 1.28, 42.72, 12.22
Accel: -0.26, 0.11, -0.93
Gyro: 2.46, 44.51, 10.80
Accel: -0.25, 0.10, -0.93
Gyro: 3.20, 47.22, 9.25
Accel: -0.24, 0.12, -0.98
Gyro: 3.16, 53.43, 8.63
Accel: -0.18, 0.09, -0.90
Gyro: 3.54, 54.48, 8.47
Accel: -0.14, 0.08, -0.91
Gyro: 1.93, 50.99, 5.78
Accel: -0.10, 0.10, -0.90
Gyro: 2.54, 47.61, 4.74
Accel: -0.06, 0.08, -0.89
Gyro: 1.82, 42.37, 3.21
Accel: -0.05, 0.09, -0.94
Gyro: 1.32, 37.93, 1.75
Accel: -0.03, 0.09, -0.93
Gyro: -0.66, 37.66, 1.16
Accel: 0.01, 0.08, -0.92
Gyro: -0.48, 33.29, 0.11
Accel: 0.02, 0.09, -0.92
Gyro: -1.33, 29.61, -1.67
Accel: 0.03, 0.10, -0.94
Gyro: -2.94, 28.93, -2.51
Accel: 0.04, 0.11, -0.94
Gyro: -2.44, 26.92, -1.02
Accel: 0.05, 0.10, -0.95
Gyro: -3.42, 27.04, 0.30
Accel: 0.08, 0.09, -0.92
Gyro: -3.94, 23.94, 0.35
Accel: 0.08, 0.08, -0.95
Gyro: -5.60, 23.74, -0.62
Accel: 0.11, 0.08, -0.91
Gyro: -8.13, 21.40, -2.10
Accel: 0.13, 0.10, -0.91
Gyro: -8.54, 16.24, -2.75
Accel: 0.13, 0.12, -0.92
Gyro: -7.11, 12.13, -2.55
Accel: 0.13, 0.13, -0.93
Gyro: -5.70, 10.32, -3.06
Accel: 0.14, 0.14, -0.92
Gyro: -4.04, 7.42, -3.07
Accel: 0.15, 0.14, -0.91
Gyro: -1.95, 3.59, -1.93
Accel: 0.14, 0.12, -0.93
Gyro: -1.17, 0.69, -1.25
Accel: 0.14, 0.12, -0.93
Gyro: -1.40, 0.15, -0.75
Accel: 0.14, 0.12, -0.93
Gyro: -1.61, -1.43, -0.58
Accel: 0.13, 0.13, -0.95
Gyro: -1.58, -2.40, -0.08
Accel: 0.12, 0.12, -0.95
Gyro: -1.69, -1.48, 0.21
Accel: 0.13, 0.10, -0.94
Gyro: -1.99, -1.20, -0.21
Accel: 0.12, 0.11, -0.95
Gyro: -2.55, -2.03, -1.01
Accel: 0.11, 0.11, -0.97
Gyro: -2.75, -0.11, -1.11
Accel: 0.13, 0.11, -0.94
Gyro: -2.35, 0.38, -1.05
Accel: 0.12, 0.11, -0.93
Gyro: -2.37, -1.30, -1.35
Accel: 0.13, 0.11, -0.95
Gyro: -3.07, -2.41, -1.72
Accel: 0.12, 0.12, -0.95
Gyro: -2.91, -1.62, -1.65
Accel: 0.12, 0.12, -0.94
Gyro: -2.42, -1.64, -1.50
Accel: 0.12, 0.12, -0.95
Gyro: -1.75, -2.50, -1.27
Accel: 0.11, 0.12, -0.95
Gyro: -1.51, -2.17, -1.02
Accel: 0.12, 0.11, -0.95
Gyro: -1.86, -1.97, -1.04
Accel: 0.12, 0.12, -0.95
Gyro: -1.76, -2.36, -1.14
Accel: 0.10, 0.12, -0.97
Gyro: -1.63, -1.96, -0.67
Accel: 0.11, 0.11, -0.96
Gyro: -1.19, -0.64, -0.05
Accel: 0.11, 0.10, -0.96
Gyro: -2.33, -0.34, -0.69
Accel: 0.11, 0.12, -0.95
Gyro: -2.30, -0.11, -0.59
Accel: 0.12, 0.11, -0.95
Gyro: -2.52, 0.49, -0.42
Accel: 0.13, 0.11, -0.96
Gyro: -2.89, 0.34, -0.95
Accel: 0.12, 0.11, -0.94
Gyro: -3.07, -0.53, -1.12
Accel: 0.12, 0.12, -0.95
Gyro: -3.34, -0.69, -1.10
Accel: 0.12, 0.12, -0.95
Gyro: -2.99, -0.37, -1.08
Accel: 0.12, 0.11, -0.94
Gyro: -2.79, -1.27, -1.75
Accel: 0.11, 0.12, -0.95
Gyro: -2.30, -1.82, -1.96
Accel: 0.11, 0.12, -0.95
Gyro: -2.60, -2.09, -1.87
Accel: 0.12, 0.12, -0.95
Gyro: -2.73, -2.00, -1.59
Accel: 0.11, 0.12, -0.95
Gyro: -2.40, -1.62, -1.05
Accel: 0.11, 0.12, -0.95
Gyro: -2.27, -0.82, -0.81
Accel: 0.12, 0.11, -0.95
Gyro: -2.37, -1.17, -1.09
