Accel: 0.02, 0.09, -0.95
Gyro: -1.61, -0.80, -1.08
Accel: 0.03, 0.09, -0.95
Gyro: -1.69, -0.74, -1.32
Accel: 0.03, 0.09, -0.96
Gyro: -1.91, -1.21, -1.16
Accel: 0.02, 0.09, -0.96
Gyro: -1.85, -0.89, -0.76
Accel: 0.03, 0.08, -0.95
Gyro: -1.69, -0.84, -0.71
Accel: 0.03, 0.09, -0.96
Gyro: -2.01, -1.34, -1.22
Accel: 0.03, 0.08, -0.96
Gyro: -1.61, -1.06, -0.79
Accel: 0.03, 0.08, -0.96
Gyro: -1.41, -0.20, -1.15
Accel: 0.02, 0.08, -0.95
Gyro: -1.55, -1.23, -1.21
Accel: 0.02, 0.09, -0.96
Gyro: -1.84, -0.96, -1.28
Accel: 0.02, 0.09, -0.96
Gyro: -1.62, -0.15, -1.11
Accel: 0.03, 0.08, -0.95
Gyro: -1.68, 0.10, -1.24
Accel: 0.02, 0.09, -0.96
Gyro: -1.85, 0.22, -1.34
Accel: 0.03, 0.09, -0.95
Gyro: -1.57, 0.66, -0.69
Accel: 0.03, 0.08, -0.95
Gyro: -1.54, 0.05, -0.54
Accel: 0.03, 0.08, -0.95
Gyro: -1.92, -0.81, -0.53
Accel: 0.03, 0.08, -0.96
Gyro: -1.82, -2.28, -0.90
Accel: 0.03, 0.08, -0.95
Gyro: -1.03, -1.90, -0.79
Accel: 0.03, 0.08, -0.95
Gyro: -1.71, -2.38, -1.17
Accel: 0.04, 0.08, -0.93
Gyro: -1.59, -4.01, -0.80
Accel: 0.03, 0.08, -0.95
Gyro: -1.50, -5.43, -0.81
Accel: 0.03, 0.09, -0.94
Gyro: -1.62, -6.74, -0.71
Accel: 0.04, 0.08, -0.93
Gyro: -1.01, -9.02, -0.50
Accel: 0.03, 0.08, -0.91
Gyro: -0.81, -12.90, -0.54
Accel: 0.04, 0.07, -0.89
Gyro: -0.51, -18.50, -1.09
Accel: 0.03, 0.07, -0.89
Gyro: -0.71, -24.59, -2.11
Accel: 0.02, 0.08, -0.87
Gyro: -1.31, -32.17, -3.09
Accel: 0.01, 0.07, -0.86
Gyro: -0.82, -41.43, -3.43
Accel: -0.02, 0.08, -0.86
Gyro: -1.03, -50.68, -4.03
Accel: -0.07, 0.07, -0.83
Gyro: -2.55, -60.91, -5.17
Accel: -0.12, 0.07, -0.86
Gyro: -3.17, -71.78, -7.50
Accel: -0.18, 0.10, -0.93
Gyro: -0.76, -74.77, -7.16
Accel: -0.24, 0.08, -0.97
Gyro: -0.18, -69.73, -5.60
Accel: -0.28, 0.06, -0.98
Gyro: -3.13, -61.68, -5.30
Accel: -0.30, 0.06, -0.95
Gyro: -5.03, -53.43, -5.45
Accel: -0.33, 0.05, -0.89
Gyro: -7.70, -53.49, -4.28
Accel: -0.36, 0.06, -0.92
Gyro: -9.06, -52.24, -6.27
Accel: -0.39, 0.11, -0.96
Gyro: -8.47, -45.97, -6.80
Accel: -0.43, 0.13, -0.97
Gyro: -5.36, -40.18, -3.11
Accel: -0.46, 0.12, -1.00
Gyro: -5.78, -27.37, 1.95
Accel: -0.46, 0.08, -0.94
Gyro: -6.04, -20.28, 2.68
Accel: -0.48, 0.07, -0.98
Gyro: -3.19, -11.61, -0.39
Accel: -0.46, 0.10, -0.91
Gyro: -0.49, -2.94, -2.00
Accel: -0.43, 0.08, -0.90
Gyro: -1.13, -1.70, -2.28
Accel: -0.44, 0.09, -0.92
Gyro: 0.20, 1.49, -1.43
Accel: -0.41, 0.10, -0.86
Gyro: -0.74, 2.31, -0.95
Accel: -0.41, 0.10, -0.88
Gyro: -0.50, 0.55, -0.60
Accel: -0.41, 0.09, -0.89
Gyro: -0.53, 4.38, 0.46
Accel: -0.40, 0.08, -0.89
Gyro: -1.22, 5.20, 0.47
Accel: -0.41, 0.09, -0.90
Gyro: -0.20, 7.27, 0.53
Accel: -0.41, 0.09, -0.93
Gyro: 0.68, 10.82, 0.49
Accel: -0.41, 0.08, -0.92
Gyro: 0.05, 14.16, -0.72
Accel: -0.41, 0.09, -0.94
Gyro: 0.56, 19.42, -0.69
Accel: -0.40, 0.11, -0.94
Gyro: 2.12, 26.41, 0.95
Accel: -0.40, 0.13, -0.94
Gyro: 3.95, 30.96, 4.92
Accel: -0.38, 0.09, -0.94
Gyro: 3.56, 34.68, 6.56
Accel: -0.36, 0.07, -0.94
Gyro: 2.34, 37.80, 6.94
Accel: -0.35, 0.06, -0.96
Gyro: 1.37, 47.06, 6.24
Accel: -0.33, 0.06, -0.99
Gyro: 1.00, 50.62, 4.99
Accel: -0.30, 0.06, -0.97
Gyro: 0.36, 59.62, 3.05
Accel: -0.22, 0.05, -0.86
Gyro: 0.36, 60.31, 0.59
Accel: -0.16, 0.05, -0.85
Gyro: 1.19, 51.52, -1.76
Accel: -0.16, 0.08, -0.91
Gyro: 0.16, 54.98, -1.95
Accel: -0.10, 0.06, -0.85
Gyro: 0.10, 46.54, -1.91
Accel: -0.05, 0.05, -0.84
Gyro: -1.14, 35.15, -2.03
Accel: -0.08, 0.07, -0.96
Gyro: -3.27, 27.76, -1.58
Accel: -0.05, 0.07, -0.91
Gyro: -5.42, 27.88, -0.07
Accel: -0.03, 0.07, -0.92
Gyro: -5.40, 22.26, 1.03
Accel: -0.02, 0.08, -0.96
Gyro: -5.10, 19.95, 1.18
Accel: -0.02, 0.09, -0.91
Gyro: -2.46, 18.20, 3.65
Accel: -0.00, 0.06, -0.92
Gyro: -0.63, 14.39, 4.06
Accel: 0.01, 0.06, -0.92
Gyro: -0.97, 9.91, 2.50
Accel: 0.00, 0.06, -0.96
Gyro: -1.90, 9.00, 0.92
Accel: 0.00, 0.06, -0.95
Gyro: -1.95, 8.31, -0.38
Accel: 0.02, 0.06, -0.92
Gyro: -2.77, 5.22, -2.02
Accel: 0.01, 0.07, -0.94
Gyro: -2.18, 3.02, -2.42
Accel: 0.01, 0.07, -0.94
Gyro: -2.32, 2.68, -2.19
Accel: 0.02, 0.07, -0.94
Gyro: -3.08, 0.85, -2.76
Accel: 0.01, 0.08, -0.95
Gyro: -2.56, -0.94, -2.44
Accel: -0.00, 0.07, -0.97
Gyro: -2.60, 0.13, -2.04
Accel: 0.01, 0.08, -0.94
Gyro: -2.25, -0.11, -1.72
Accel: 0.01, 0.07, -0.95
Gyro: -2.20, -1.69, -1.72
Accel: 0.00, 0.07, -0.96
Gyro: -2.76, -1.07, -1.76
Accel: 0.00, 0.07, -0.97
Gyro: -2.89, -0.11, -1.82
Accel: 0.01, 0.08, -0.96
Gyro: -3.06, 0.37, -1.58
Accel: 0.01, 0.08, -0.96
Gyro: -2.67, 0.67, -1.14
Accel: 0.01, 0.06, -0.96
Gyro: -2.46, 1.02, -1.25
Accel: 0.01, 0.08, -0.95
Gyro: -2.45, 0.60, -1.78
Accel: 0.01, 0.07, -0.95
Gyro: -2.68, 0.35, -2.04
Accel: 0.01, 0.07, -0.96
Gyro: -2.60, 0.14, -2.18
Accel: 0.01, 0.08, -0.96
Gyro: -2.48, -0.04, -2.34
Accel: 0.01, 0.08, -0.97
Gyro: -2.40, -0.50, -1.69
Accel: 0.01, 0.08, -0.96
Gyro: -2.23, 0.10, -1.14
Accel: 0.01, 0.07, -0.95
Gyro: -2.65, 0.53, -0.90
Accel: 0.02, 0.08, -0.94
Gyro: -3.00, -0.75, -0.88
Accel: 0.01, 0.07, -0.97
Gyro: -2.70, -1.08, -0.86
Accel: 0.01, 0.07, -0.97
Gyro: -2.56, 0.30, -1.54
Accel: 0.02, 0.06, -0.96
Gyro: -2.41, 0.37, -2.22
Accel: 0.01, 0.08, -0.95
Gyro: -2.39, -1.62, -2.40
Accel: 0.01, 0.08, -0.96
Gyro: -2.29, -1.43, -2.17
Accel: 0.02, 0.08, -0.96
Gyro: -1.56, -0.85, -1.49
