Accel: 0.16, 0.12, -0.95
Gyro: -1.75, -3.97, -1.19
Accel: 0.15, 0.11, -0.95
Gyro: -2.26, -3.58, -1.66
Accel: 0.15, 0.11, -0.94
Gyro: -2.31, -4.28, -1.92
Accel: 0.15, 0.12, -0.95
Gyro: -2.43, -3.97, -2.05
Accel: 0.15, 0.11, -0.94
Gyro: -2.08, -3.27, -1.85
Accel: 0.15, 0.12, -0.94
Gyro: -2.30, -3.84, -1.85
Accel: 0.13, 0.12, -0.95
Gyro: -2.40, -3.75, -1.79
Accel: 0.14, 0.11, -0.95
Gyro: -2.01, -3.39, -2.03
Accel: 0.14, 0.10, -0.93
Gyro: -2.14, -3.89, -2.78
Accel: 0.16, 0.10, -0.92
Gyro: -2.50, -5.77, -3.63
Accel: 0.15, 0.10, -0.91
Gyro: -2.58, -8.32, -4.62
Accel: 0.16, 0.10, -0.90
Gyro: -2.88, -13.00, -6.58
Accel: 0.16, 0.09, -0.87
Gyro: -3.02, -19.99, -8.81
Accel: 0.15, 0.10, -0.87
Gyro: -2.76, -28.53, -11.34
Accel: 0.14, 0.11, -0.86
Gyro: -1.43, -36.14, -12.60
Accel: 0.11, 0.11, -0.89
Gyro: -0.78, -43.20, -14.20
Accel: 0.07, 0.14, -0.92
Gyro: 2.04, -49.26, -14.17
Accel: 0.04, 0.13, -0.91
Gyro: 2.75, -52.08, -14.33
Accel: 0.01, 0.13, -0.92
Gyro: 3.97, -55.20, -13.24
Accel: -0.02, 0.12, -0.92
Gyro: 2.71, -59.39, -12.15
Accel: -0.07, 0.11, -0.93
Gyro: 2.78, -62.03, -10.79
Accel: -0.11, 0.10, -0.94
Gyro: 1.05, -62.61, -9.64
Accel: -0.15, 0.10, -0.93
Gyro: -1.21, -62.84, -9.17
Accel: -0.19, 0.10, -0.97
Gyro: -2.33, -59.33, -8.25
Accel: -0.22, 0.11, -0.97
Gyro: -4.31, -52.38, -7.80
Accel: -0.25, 0.15, -0.93
Gyro: -2.27, -49.58, -4.95
Accel: -0.27, 0.07, -0.89
Gyro: 0.56, -49.70, -2.69
Accel: -0.32, 0.12, -0.92
Gyro: -0.84, -51.06, -7.00
Accel: -0.38, 0.12, -0.99
Gyro: 2.18, -45.62, -3.49
Accel: -0.39, 0.09, -0.99
Gyro: -4.58, -35.65, -2.53
Accel: -0.43, 0.11, -0.98
Gyro: -7.20, -27.28, 0.10
Accel: -0.43, 0.09, -0.97
Gyro: -8.45, -18.47, -0.34
Accel: -0.42, 0.10, -0.93
Gyro: -6.97, -10.02, -1.62
Accel: -0.40, 0.12, -0.91
Gyro: -4.16, -8.83, -2.19
Accel: -0.39, 0.12, -0.90
Gyro: -1.63, -6.73, -1.87
Accel: -0.39, 0.13, -0.92
Gyro: -0.47, -4.82, -1.18
Accel: -0.40, 0.12, -0.91
Gyro: 0.02, -1.76, 0.01
Accel: -0.39, 0.12, -0.91
Gyro: -1.51, -0.79, -0.05
Accel: -0.39, 0.12, -0.92
Gyro: -1.55, 2.17, 1.05
Accel: -0.40, 0.13, -0.93
Gyro: -1.75, 6.08, 2.37
Accel: -0.39, 0.12, -0.94
Gyro: -0.38, 10.31, 4.04
Accel: -0.39, 0.12, -0.93
Gyro: -0.11, 16.27, 4.50
Accel: -0.39, 0.12, -0.97
Gyro: 1.07, 20.96, 5.44
Accel: -0.39, 0.13, -1.01
Gyro: 0.69, 29.30, 6.81
Accel: -0.35, 0.11, -0.93
Gyro: 0.16, 34.98, 7.65
Accel: -0.34, 0.13, -0.94
Gyro: 0.47, 39.14, 8.75
Accel: -0.34, 0.16, -0.96
Gyro: 2.09, 46.81, 11.52
Accel: -0.30, 0.15, -0.96
Gyro: 3.45, 51.10, 14.59
Accel: -0.26, 0.12, -0.94
Gyro: 3.73, 56.31, 16.96
Accel: -0.20, 0.10, -0.87
Gyro: 3.51, 54.82, 17.97
Accel: -0.19, 0.07, -0.95
Gyro: 2.42, 53.74, 15.41
Accel: -0.15, 0.06, -0.94
Gyro: 1.69, 54.79, 11.14
Accel: -0.14, 0.07, -0.97
Gyro: 1.66, 57.49, 7.56
Accel: -0.09, 0.08, -0.94
Gyro: 1.97, 57.30, 5.04
Accel: -0.06, 0.07, -0.96
Gyro: 1.28, 58.01, 2.99
Accel: -0.01, 0.07, -0.93
Gyro: 1.01, 56.03, 1.00
Accel: 0.02, 0.08, -0.92
Gyro: -0.58, 51.77, -0.83
Accel: 0.05, 0.08, -0.93
Gyro: -1.27, 49.42, -1.63
Accel: 0.08, 0.08, -0.94
Gyro: -0.97, 47.41, -2.69
Accel: 0.12, 0.09, -0.91
Gyro: -0.67, 45.65, -2.50
Accel: 0.16, 0.09, -0.88
Gyro: -1.30, 40.82, -1.95
Accel: 0.20, 0.08, -0.86
Gyro: -1.91, 32.33, -2.46
Accel: 0.22, 0.08, -0.88
Gyro: -2.01, 25.56, -3.03
Accel: 0.22, 0.08, -0.89
Gyro: -2.93, 19.55, -3.83
Accel: 0.22, 0.08, -0.88
Gyro: -3.30, 13.89, -3.36
Accel: 0.22, 0.09, -0.91
Gyro: -4.28, 10.97, -2.82
Accel: 0.22, 0.10, -0.92
Gyro: -5.50, 10.69, -2.43
Accel: 0.24, 0.09, -0.91
Gyro: -5.77, 7.58, -2.17
Accel: 0.23, 0.10, -0.92
Gyro: -4.36, 4.11, -2.18
Accel: 0.22, 0.11, -0.93
Gyro: -4.11, 2.79, -2.20
Accel: 0.23, 0.10, -0.92
Gyro: -3.46, 0.81, -2.12
Accel: 0.23, 0.11, -0.92
Gyro: -2.76, -0.70, -2.38
Accel: 0.22, 0.10, -0.93
Gyro: -2.54, -1.43, -2.28
Accel: 0.21, 0.11, -0.93
Gyro: -2.48, -0.82, -2.09
Accel: 0.22, 0.11, -0.92
Gyro: -2.56, -1.81, -1.73
Accel: 0.22, 0.10, -0.92
Gyro: -2.64, -3.76, -1.66
Accel: 0.20, 0.11, -0.94
Gyro: -2.70, -3.45, -1.34
Accel: 0.21, 0.10, -0.93
Gyro: -2.46, -3.40, -0.95
Accel: 0.20, 0.11, -0.95
Gyro: -2.42, -4.56, -0.89
Accel: 0.19, 0.11, -0.96
Gyro: -2.46, -2.76, -0.79
Accel: 0.19, 0.10, -0.95
Gyro: -2.46, -1.59, -0.70
Accel: 0.20, 0.10, -0.94
Gyro: -2.69, -2.07, -1.36
Accel: 0.19, 0.11, -0.94
Gyro: -2.93, -1.89, -1.66
Accel: 0.20, 0.11, -0.93
Gyro: -3.42, -2.29, -1.77
Accel: 0.20, 0.10, -0.94
Gyro: -3.35, -3.22, -1.67
Accel: 0.19, 0.12, -0.94
Gyro: -2.88, -3.12, -1.28
Accel: 0.18, 0.11, -0.95
Gyro: -2.23, -2.24, -0.94
Accel: 0.20, 0.10, -0.93
Gyro: -2.22, -2.65, -1.06
Accel: 0.20, 0.10, -0.94
Gyro: -2.19, -3.69, -1.53
Accel: 0.19, 0.10, -0.95
Gyro: -2.62, -2.80, -1.58
Accel: 0.19, 0.10, -0.95
Gyro: -2.88, -2.07, -1.53
Accel: 0.19, 0.11, -0.92
Gyro: -3.04, -2.43, -2.05
Accel: 0.20, 0.11, -0.94
Gyro: -2.85, -3.11, -1.63
Accel: 0.19, 0.12, -0.94
Gyro: -2.11, -2.41, -1.14
Accel: 0.19, 0.10, -0.92
Gyro: -2.17, -3.33, -1.05
Accel: 0.18, 0.11, -0.93
Gyro: -2.62, -4.08, -1.35
Accel: 0.18, 0.11, -0.95
Gyro: -2.69, -3.75, -1.23
Accel: 0.17, 0.11, -0.94
Gyro: -2.67, -3.56, -1.63
Accel: 0.18, 0.11, -0.95
Gyro: -2.53, -3.91, -2.06
Accel: 0.17, 0.11, -0.96
Gyro: -2.46, -3.31, -1.97
Accel: 0.18, 0.11, -0.95
Gyro: -2.62, -2.86, -1.71
