Accel: 0.17, 0.10, -0.95
Gyro: -2.65, -1.01, -1.93
Accel: 0.18, 0.11, -0.93
Gyro: -1.69, -0.90, -1.24
Accel: 0.17, 0.10, -0.94
Gyro: -2.16, -1.41, -1.29
Accel: 0.17, 0.11, -0.95
Gyro: -2.49, -1.27, -1.10
Accel: 0.17, 0.11, -0.95
Gyro: -2.40, -0.92, -1.27
Accel: 0.17, 0.11, -0.95
Gyro: -1.92, -0.63, -1.55
Accel: 0.18, 0.11, -0.95
Gyro: -1.37, -0.85, -1.28
Accel: 0.17, 0.10, -0.94
Gyro: -1.57, -0.47, -0.90
Accel: 0.17, 0.10, -0.95
Gyro: -2.06, -0.23, -0.76
Accel: 0.17, 0.11, -0.94
Gyro: -2.01, -0.63, -0.79
Accel: 0.18, 0.10, -0.95
Gyro: -1.96, -0.43, -0.98
Accel: 0.18, 0.10, -0.93
Gyro: -2.31, -1.34, -1.59
Accel: 0.18, 0.11, -0.95
Gyro: -2.61, -2.14, -1.72
Accel: 0.17, 0.10, -0.94
Gyro: -2.20, -2.43, -1.24
Accel: 0.17, 0.10, -0.94
Gyro: -2.45, -2.20, -1.17
Accel: 0.17, 0.10, -0.95
Gyro: -2.57, -2.77, -1.50
Accel: 0.18, 0.10, -0.93
Gyro: -2.14, -3.92, -1.46
Accel: 0.18, 0.09, -0.92
Gyro: -2.62, -5.47, -2.91
Accel: 0.18, 0.10, -0.92
Gyro: -2.82, -8.39, -3.70
Accel: 0.20, 0.08, -0.88
Gyro: -3.42, -13.00, -5.60
Accel: 0.20, 0.06, -0.83
Gyro: -3.88, -23.38, -8.77
Accel: 0.19, 0.08, -0.83
Gyro: -4.20, -37.87, -12.57
Accel: 0.17, 0.09, -0.85
Gyro: -3.27, -47.73, -14.04
Accel: 0.13, 0.10, -0.85
Gyro: -2.35, -56.56, -16.15
Accel: 0.09, 0.12, -0.87
Gyro: -0.82, -63.81, -16.46
Accel: 0.03, 0.11, -0.90
Gyro: 2.14, -68.48, -16.31
Accel: -0.01, 0.12, -0.90
Gyro: 3.40, -70.17, -14.96
Accel: -0.06, 0.08, -0.91
Gyro: 1.21, -75.16, -12.92
Accel: -0.11, 0.07, -0.96
Gyro: -4.49, -74.73, -13.70
Accel: -0.16, 0.10, -1.00
Gyro: -7.23, -69.62, -13.98
Accel: -0.21, 0.12, -0.99
Gyro: -10.09, -63.09, -12.66
Accel: -0.26, 0.14, -1.03
Gyro: -9.14, -55.89, -9.82
Accel: -0.29, 0.11, -1.02
Gyro: -8.93, -44.56, -7.70
Accel: -0.30, 0.14, -0.96
Gyro: -8.62, -37.53, -7.16
Accel: -0.32, 0.16, -0.97
Gyro: -4.46, -33.80, -3.51
Accel: -0.32, 0.11, -0.92
Gyro: -3.90, -29.21, -2.53
Accel: -0.33, 0.11, -0.86
Gyro: -5.42, -30.53, -2.01
Accel: -0.36, 0.14, -0.92
Gyro: -4.91, -33.52, 0.61
Accel: -0.38, 0.08, -0.96
Gyro: -10.11, -25.21, -0.69
Accel: -0.39, 0.14, -0.93
Gyro: -12.54, -19.95, -3.17
Accel: -0.42, 0.17, -0.96
Gyro: -8.09, -14.85, -1.67
Accel: -0.43, 0.15, -0.95
Gyro: -5.29, -6.94, -1.46
Accel: -0.41, 0.16, -0.92
Gyro: -2.09, -2.63, -1.03
Accel: -0.41, 0.14, -0.92
Gyro: -0.71, 0.29, -1.03
Accel: -0.39, 0.13, -0.89
Gyro: -0.21, 3.14, -0.83
Accel: -0.40, 0.14, -0.91
Gyro: -0.92, 4.33, -0.38
Accel: -0.38, 0.15, -0.92
Gyro: -1.42, 6.81, 0.61
Accel: -0.37, 0.14, -0.93
Gyro: -1.08, 11.21, 1.52
Accel: -0.37, 0.16, -0.94
Gyro: -0.37, 15.24, 2.71
Accel: -0.36, 0.16, -0.94
Gyro: 1.58, 19.04, 4.71
Accel: -0.35, 0.16, -0.97
Gyro: 2.43, 24.80, 6.44
Accel: -0.34, 0.15, -0.97
Gyro: 3.30, 32.21, 8.11
Accel: -0.32, 0.15, -0.93
Gyro: 3.49, 36.77, 9.59
Accel: -0.30, 0.15, -0.92
Gyro: 4.78, 37.33, 10.86
Accel: -0.28, 0.14, -0.93
Gyro: 5.16, 39.74, 12.28
Accel: -0.24, 0.10, -0.91
Gyro: 4.77, 40.06, 11.25
Accel: -0.21, 0.10, -0.92
Gyro: 4.07, 38.51, 8.82
Accel: -0.20, 0.11, -0.94
Gyro: 3.36, 38.42, 7.07
Accel: -0.18, 0.11, -0.93
Gyro: 3.46, 39.57, 6.39
Accel: -0.15, 0.10, -0.93
Gyro: 2.82, 40.34, 5.07
Accel: -0.14, 0.11, -0.96
Gyro: 3.61, 42.08, 4.83
Accel: -0.10, 0.10, -0.93
Gyro: 4.54, 42.75, 4.18
Accel: -0.08, 0.10, -0.95
Gyro: 4.68, 42.30, 3.64
Accel: -0.05, 0.11, -0.93
Gyro: 4.47, 42.07, 3.99
Accel: -0.03, 0.08, -0.96
Gyro: 4.76, 41.05, 4.62
Accel: -0.00, 0.07, -0.95
Gyro: 2.09, 41.34, 2.86
Accel: 0.02, 0.08, -0.93
Gyro: 1.44, 37.99, 2.43
Accel: 0.05, 0.07, -0.92
Gyro: 0.76, 33.33, 1.62
Accel: 0.06, 0.07, -0.94
Gyro: -1.08, 31.37, 0.08
Accel: 0.09, 0.09, -0.91
Gyro: -2.43, 28.78, -0.07
Accel: 0.10, 0.07, -0.92
Gyro: -1.75, 22.80, -0.45
Accel: 0.11, 0.08, -0.96
Gyro: -3.03, 23.13, -1.72
Accel: 0.13, 0.08, -0.90
Gyro: -3.08, 20.35, -1.97
Accel: 0.15, 0.08, -0.90
Gyro: -1.79, 14.92, -2.90
Accel: 0.14, 0.09, -0.94
Gyro: -1.79, 13.15, -3.97
Accel: 0.15, 0.09, -0.90
Gyro: -1.95, 9.86, -4.09
Accel: 0.16, 0.10, -0.90
Gyro: -2.00, 5.20, -3.85
Accel: 0.16, 0.09, -0.92
Gyro: -1.89, 0.99, -3.33
Accel: 0.16, 0.09, -0.94
Gyro: -2.66, -0.66, -2.84
Accel: 0.16, 0.11, -0.94
Gyro: -3.19, -2.17, -1.98
Accel: 0.15, 0.10, -0.94
Gyro: -3.56, -3.39, -1.27
Accel: 0.15, 0.11, -0.96
Gyro: -2.98, -2.48, -0.69
Accel: 0.15, 0.09, -0.94
Gyro: -3.01, -2.68, -0.77
Accel: 0.13, 0.10, -0.95
Gyro: -2.87, -3.77, -1.01
Accel: 0.13, 0.10, -0.96
Gyro: -2.09, -2.75, -0.18
Accel: 0.13, 0.09, -0.96
Gyro: -2.00, -1.50, -0.25
Accel: 0.14, 0.08, -0.95
Gyro: -2.61, -1.30, -1.13
Accel: 0.13, 0.09, -0.95
Gyro: -2.75, -1.01, -1.67
Accel: 0.14, 0.09, -0.94
Gyro: -2.91, -0.67, -1.83
Accel: 0.13, 0.09, -0.95
Gyro: -3.14, -1.83, -2.51
Accel: 0.13, 0.12, -0.96
Gyro: -3.04, -2.12, -2.53
Accel: 0.12, 0.10, -0.95
Gyro: -2.50, -1.17, -1.14
Accel: 0.13, 0.10, -0.95
Gyro: -2.71, -1.86, -0.90
Accel: 0.12, 0.10, -0.95
Gyro: -2.20, -2.30, -0.51
Accel: 0.12, 0.09, -0.96
Gyro: -2.17, -1.01, -0.51
Accel: 0.12, 0.09, -0.95
Gyro: -2.10, -0.65, -0.67
Accel: 0.12, 0.10, -0.95
Gyro: -1.79, -0.99, -0.61
Accel: 0.12, 0.10, -0.96
Gyro: -1.85, -0.31, -0.21
Accel: 0.13, 0.09, -0.96
Gyro: -2.30, 0.03, -0.43
Accel: 0.13, 0.09, -0.94
Gyro: -2.71, -0.36, -1.30
Accel: 0.13, 0.10, -0.95
Gyro: -2.82, -0.76, -1.72
