Accel: 0.14, 0.08, -0.96
Gyro: -1.89, -0.83, -0.95
Accel: 0.14, 0.08, -0.96
Gyro: -1.96, -0.79, -0.90
Accel: 0.14, 0.08, -0.96
Gyro: -2.04, -0.54, -0.87
Accel: 0.13, 0.08, -0.95
Gyro: -2.15, -0.84, -1.41
Accel: 0.14, 0.08, -0.96
Gyro: -2.11, -0.51, -1.65
Accel: 0.14, 0.08, -0.95
Gyro: -1.32, -0.72, -1.21
Accel: 0.14, 0.08, -0.95
Gyro: -1.86, -1.43, -1.05
Accel: 0.14, 0.08, -0.95
Gyro: -2.14, -1.54, -0.85
Accel: 0.13, 0.08, -0.96
Gyro: -1.99, -1.19, -1.01
Accel: 0.13, 0.08, -0.96
Gyro: -1.85, -0.43, -1.22
Accel: 0.14, 0.08, -0.96
Gyro: -1.61, -0.54, -1.34
Accel: 0.13, 0.09, -0.95
Gyro: -1.47, -0.31, -0.88
Accel: 0.13, 0.08, -0.96
Gyro: -1.72, -0.53, -0.90
Accel: 0.13, 0.07, -0.96
Gyro: -1.67, -0.81, -0.72
Accel: 0.14, 0.07, -0.95
Gyro: -2.07, -0.25, -1.13
Accel: 0.14, 0.08, -0.97
Gyro: -1.53, -0.38, -0.99
Accel: 0.14, 0.07, -0.95
Gyro: -2.07, 0.03, -1.21
Accel: 0.15, 0.08, -0.94
Gyro: -2.12, -0.54, -1.23
Accel: 0.14, 0.08, -0.95
Gyro: -2.07, -0.79, -1.19
Accel: 0.13, 0.08, -0.95
Gyro: -1.91, -1.01, -1.56
Accel: 0.13, 0.08, -0.95
Gyro: -1.91, -0.86, -1.31
Accel: 0.13, 0.08, -0.95
Gyro: -2.24, -0.81, -0.90
Accel: 0.13, 0.07, -0.95
Gyro: -2.24, -0.76, -0.65
Accel: 0.13, 0.07, -0.95
Gyro: -2.54, -0.96, -1.12
Accel: 0.13, 0.07, -0.96
Gyro: -2.33, -0.94, -1.72
Accel: 0.13, 0.08, -0.95
Gyro: -2.26, -0.32, -2.00
Accel: 0.13, 0.08, -0.96
Gyro: -2.50, -0.16, -1.69
Accel: 0.14, 0.08, -0.96
Gyro: -2.43, -0.24, -1.49
Accel: 0.14, 0.08, -0.95
Gyro: -2.40, -0.31, -1.25
Accel: 0.14, 0.09, -0.96
Gyro: -2.32, -0.56, -1.21
Accel: 0.14, 0.08, -0.96
Gyro: -2.49, -0.43, -1.23
Accel: 0.14, 0.08, -0.96
Gyro: -2.28, -0.48, -1.27
Accel: 0.14, 0.08, -0.97
Gyro: -2.19, -0.40, -1.48
Accel: 0.14, 0.08, -0.95
Gyro: -2.18, -0.31, -1.73
Accel: 0.14, 0.08, -0.95
Gyro: -2.17, -0.62, -1.63
Accel: 0.14, 0.08, -0.96
Gyro: -2.31, -0.70, -1.37
Accel: 0.14, 0.09, -0.96
Gyro: -2.32, -0.65, -0.96
Accel: 0.14, 0.08, -0.96
Gyro: -2.61, -0.92, -1.15
Accel: 0.14, 0.07, -0.95
Gyro: -2.36, -0.32, -1.43
Accel: 0.14, 0.08, -0.96
Gyro: -1.55, -0.34, -1.37
Accel: 0.14, 0.08, -0.95
Gyro: -1.78, -0.74, -1.05
Accel: 0.14, 0.09, -0.96
Gyro: -2.33, -1.31, -1.01
Accel: 0.13, 0.08, -0.95
Gyro: -2.20, -0.88, -1.03
Accel: 0.13, 0.08, -0.96
Gyro: -2.02, -0.49, -1.67
Accel: 0.13, 0.08, -0.96
Gyro: -2.14, -0.39, -1.78
Accel: 0.14, 0.08, -0.96
Gyro: -2.15, -0.22, -1.27
Accel: 0.13, 0.08, -0.96
Gyro: -2.16, -0.36, -0.85
Accel: 0.13, 0.08, -0.96
Gyro: -2.13, -0.55, -0.92
Accel: 0.14, 0.07, -0.96
Gyro: -2.31, -0.48, -1.59
Accel: 0.14, 0.09, -0.97
Gyro: -1.95, -0.04, -1.57
Accel: 0.14, 0.07, -0.95
Gyro: -1.92, -0.33, -1.14
Accel: 0.14, 0.08, -0.96
Gyro: -2.43, -0.63, -1.17
Accel: 0.14, 0.08, -0.95
Gyro: -2.05, -0.92, -1.10
Accel: 0.14, 0.08, -0.97
Gyro: -2.14, -1.35, -1.39
Accel: 0.13, 0.09, -0.95
Gyro: -1.79, -1.23, -1.29
Accel: 0.14, 0.08, -0.96
Gyro: -1.95, -0.77, -0.98
Accel: 0.14, 0.08, -0.96
Gyro: -2.47, -0.94, -0.89
Accel: 0.14, 0.07, -0.95
Gyro: -2.46, -1.12, -1.00
Accel: 0.14, 0.07, -0.95
Gyro: -2.36, -1.06, -1.73
Accel: 0.13, 0.08, -0.96
Gyro: -2.26, -0.70, -2.11
Accel: 0.13, 0.08, -0.96
Gyro: -2.35, -0.61, -1.78
Accel: 0.14, 0.09, -0.95
Gyro: -2.35, -0.31, -1.39
Accel: 0.14, 0.09, -0.95
Gyro: -2.33, -0.58, -1.13
Accel: 0.14, 0.09, -0.96
Gyro: -2.26, -0.55, -1.11
Accel: 0.14, 0.09, -0.96
Gyro: -2.08, -0.54, -1.19
Accel: 0.13, 0.08, -0.96
Gyro: -1.91, -0.46, -1.24
Accel: 0.14, 0.08, -0.95
Gyro: -2.16, -0.62, -1.29
Accel: 0.14, 0.08, -0.96
Gyro: -2.26, -0.60, -1.39
Accel: 0.14, 0.08, -0.96
Gyro: -2.08, -0.71, -1.30
Accel: 0.14, 0.08, -0.95
Gyro: -2.01, -0.84, -1.29
Accel: 0.14, 0.08, -0.96
Gyro: -1.96, -0.75, -1.07
Accel: 0.14, 0.08, -0.95
Gyro: -2.04, -0.58, -0.90
Accel: 0.14, 0.08, -0.95
Gyro: -2.37, -0.37, -1.44
Accel: 0.14, 0.08, -0.97
Gyro: -2.17, -0.59, -1.53
Accel: 0.14, 0.09, -0.96
Gyro: -1.87, -0.84, -1.56
Accel: 0.14, 0.08, -0.95
Gyro: -1.67, -0.93, -0.91
Accel: 0.13, 0.08, -0.95
Gyro: -2.30, -1.24, -0.95
Accel: 0.13, 0.09, -0.97
Gyro: -2.14, -1.21, -0.89
Accel: 0.13, 0.08, -0.95
Gyro: -1.89, -0.69, -1.57
Accel: 0.14, 0.08, -0.96
Gyro: -1.97, -0.47, -1.82
Accel: 0.14, 0.09, -0.96
Gyro: -2.07, -0.15, -1.24
Accel: 0.14, 0.09, -0.95
Gyro: -2.23, -0.31, -0.67
Accel: 0.14, 0.08, -0.96
Gyro: -2.11, -0.74, -0.95
Accel: 0.14, 0.08, -0.96
Gyro: -1.87, -0.76, -1.34
Accel: 0.13, 0.09, -0.96
Gyro: -2.18, -0.64, -1.80
Accel: 0.14, 0.09, -0.95
Gyro: -1.52, -0.22, -0.94
Accel: 0.14, 0.09, -0.95
Gyro: -2.22, -0.67, -1.07
Accel: 0.14, 0.08, -0.96
Gyro: -1.72, -0.95, -0.77
Accel: 0.14, 0.08, -0.95
Gyro: -1.70, -1.49, -1.05
Accel: 0.14, 0.09, -0.95
Gyro: -1.45, -1.50, -1.17
Accel: 0.14, 0.08, -0.96
Gyro: -1.51, -1.11, -0.98
Accel: 0.14, 0.08, -0.96
Gyro: -1.92, -0.80, -0.68
Accel: 0.14, 0.08, -0.96
Gyro: -2.04, -0.79, -0.73
Accel: 0.13, 0.07, -0.97
Gyro: -1.95, -1.33, -1.11
Accel: 0.14, 0.08, -0.95
Gyro: -2.17, -1.21, -1.63
Accel: 0.13, 0.08, -0.96
Gyro: -2.11, -0.80, -1.71
Accel: 0.13, 0.09, -0.95
Gyro: -2.33, -0.62, -1.40
Accel: 0.14, 0.08, -0.96
Gyro: -2.14, -0.51, -1.07
Accel: 0.13, 0.08, -0.96
Gyro: -2.13, -0.68, -1.19
Accel: 0.13, 0.09, -0.96
Gyro: -1.95, -0.78, -1.14
Accel: 0.14, 0.08, -0.95
Gyro: -2.00, -0.84, -1.21
