Accel: 0.13, 0.09, -0.96
Gyro: -1.88, -0.30, -1.59
Accel: 0.12, 0.09, -0.95
Gyro: -2.20, -0.53, -0.90
Accel: 0.14, 0.09, -0.96
Gyro: -2.00, -0.53, -1.08
Accel: 0.13, 0.08, -0.96
Gyro: -2.11, -0.78, -1.28
Accel: 0.13, 0.09, -0.96
Gyro: -2.34, -0.45, -1.89
Accel: 0.13, 0.09, -0.95
Gyro: -1.70, 0.11, -1.47
Accel: 0.14, 0.09, -0.95
Gyro: -2.54, -0.26, -1.30
Accel: 0.14, 0.09, -0.95
Gyro: -2.09, -0.68, -1.13
Accel: 0.13, 0.09, -0.95
Gyro: -2.04, -1.03, -1.46
Accel: 0.13, 0.09, -0.96
Gyro: -1.73, -1.24, -1.43
Accel: 0.13, 0.09, -0.96
Gyro: -1.90, -0.82, -1.11
Accel: 0.13, 0.08, -0.96
Gyro: -2.10, -0.88, -0.54
Accel: 0.13, 0.08, -0.96
Gyro: -2.24, -0.69, -0.80
Accel: 0.12, 0.08, -0.97
Gyro: -2.25, -1.01, -1.40
Accel: 0.13, 0.08, -0.96
Gyro: -2.11, -1.14, -2.04
Accel: 0.13, 0.09, -0.96
Gyro: -2.17, -0.69, -2.03
Accel: 0.13, 0.10, -0.96
Gyro: -2.30, -0.69, -1.48
Accel: 0.12, 0.10, -0.96
Gyro: -2.17, -0.40, -1.28
Accel: 0.13, 0.09, -0.95
Gyro: -2.08, -0.61, -1.10
Accel: 0.13, 0.09, -0.95
Gyro: -2.04, -1.05, -1.15
Accel: 0.13, 0.09, -0.96
Gyro: -1.92, -1.17, -1.33
Accel: 0.13, 0.09, -0.95
Gyro: -1.95, -0.96, -1.31
Accel: 0.13, 0.09, -0.96
Gyro: -1.91, -0.71, -1.37
Accel: 0.13, 0.09, -0.97
Gyro: -1.85, -0.91, -1.12
Accel: 0.13, 0.08, -0.96
Gyro: -1.66, -0.89, -0.89
Accel: 0.13, 0.09, -0.96
Gyro: -1.74, -1.01, -0.86
Accel: 0.12, 0.09, -0.96
Gyro: -1.55, -0.63, -0.79
Accel: 0.13, 0.09, -0.96
Gyro: -1.91, -0.92, -1.31
Accel: 0.13, 0.08, -0.95
Gyro: -1.94, -0.63, -1.43
Accel: 0.13, 0.09, -0.96
Gyro: -1.48, -0.54, -1.39
Accel: 0.13, 0.08, -0.96
Gyro: -1.73, -1.39, -1.29
Accel: 0.13, 0.09, -0.96
Gyro: -2.18, -1.60, -1.31
Accel: 0.13, 0.09, -0.97
Gyro: -2.04, -1.27, -1.14
Accel: 0.13, 0.08, -0.96
Gyro: -2.02, -0.67, -1.30
Accel: 0.13, 0.09, -0.96
Gyro: -1.85, -0.35, -1.35
Accel: 0.12, 0.09, -0.96
Gyro: -1.75, -0.31, -0.92
Accel: 0.13, 0.09, -0.96
Gyro: -2.02, -0.29, -0.95
Accel: 0.13, 0.08, -0.95
Gyro: -1.94, -0.98, -1.12
Accel: 0.13, 0.08, -0.96
Gyro: -2.43, -0.17, -1.43
Accel: 0.13, 0.10, -0.95
Gyro: -1.73, -0.15, -1.07
Accel: 0.13, 0.09, -0.95
Gyro: -2.19, 0.02, -1.29
Accel: 0.13, 0.09, -0.96
Gyro: -2.15, -0.47, -1.38
Accel: 0.14, 0.09, -0.96
Gyro: -2.12, -0.48, -1.27
Accel: 0.13, 0.09, -0.95
Gyro: -1.79, -0.76, -1.24
Accel: 0.13, 0.08, -0.96
Gyro: -1.69, -0.97, -1.16
Accel: 0.14, 0.08, -0.96
Gyro: -2.24, -0.98, -0.76
Accel: 0.13, 0.09, -0.97
Gyro: -2.20, -0.92, -0.66
Accel: 0.13, 0.08, -0.95
Gyro: -2.29, -1.04, -1.11
Accel: 0.12, 0.08, -0.95
Gyro: -2.24, -1.58, -1.55
Accel: 0.12, 0.09, -0.97
Gyro: -2.08, -0.94, -1.56
Accel: 0.12, 0.09, -0.96
Gyro: -2.11, -0.31, -1.45
Accel: 0.12, 0.08, -0.96
Gyro: -2.23, -0.16, -1.34
Accel: 0.12, 0.09, -0.96
Gyro: -2.27, 0.04, -1.01
Accel: 0.13, 0.09, -0.95
Gyro: -2.14, 0.02, -1.25
Accel: 0.13, 0.09, -0.96
Gyro: -2.04, -0.31, -1.24
Accel: 0.13, 0.09, -0.95
Gyro: -1.90, -0.40, -1.11
Accel: 0.13, 0.09, -0.96
Gyro: -1.69, -0.71, -0.54
Accel: 0.13, 0.08, -0.96
Gyro: -1.95, -0.56, -0.65
Accel: 0.13, 0.08, -0.96
Gyro: -2.24, -0.68, -0.98
Accel: 0.13, 0.08, -0.96
Gyro: -2.30, -0.14, -1.37
Accel: 0.13, 0.09, -0.96
Gyro: -1.61, -0.17, -1.46
Accel: 0.13, 0.08, -0.95
Gyro: -2.26, -0.57, -1.22
Accel: 0.13, 0.09, -0.95
Gyro: -2.53, -0.81, -1.37
Accel: 0.12, 0.09, -0.95
Gyro: -2.37, -0.85, -1.09
Accel: 0.13, 0.08, -0.96
Gyro: -2.53, -0.44, -1.57
Accel: 0.13, 0.09, -0.96
Gyro: -2.43, -0.53, -1.79
Accel: 0.12, 0.09, -0.96
Gyro: -2.33, -0.25, -1.42
Accel: 0.13, 0.09, -0.95
Gyro: -2.30, -0.39, -0.95
Accel: 0.13, 0.09, -0.96
Gyro: -2.15, -0.95, -0.89
Accel: 0.13, 0.09, -0.95
Gyro: -2.54, -0.57, -1.47
Accel: 0.13, 0.09, -0.97
Gyro: -1.68, -0.12, -1.17
Accel: 0.12, 0.08, -0.95
Gyro: -2.33, 0.08, -1.40
Accel: 0.13, 0.10, -0.96
Gyro: -2.36, -0.25, -1.02
Accel: 0.13, 0.08, -0.95
Gyro: -2.49, -0.98, -1.20
Accel: 0.13, 0.09, -0.96
Gyro: -2.17, -0.81, -1.71
Accel: 0.13, 0.09, -0.96
Gyro: -2.16, -0.74, -1.67
Accel: 0.12, 0.09, -0.96
Gyro: -2.31, -0.64, -0.81
Accel: 0.13, 0.09, -0.96
Gyro: -2.44, -0.55, -0.46
Accel: 0.13, 0.08, -0.95
Gyro: -2.40, -0.83, -0.98
Accel: 0.13, 0.08, -0.96
Gyro: -2.34, -1.19, -1.59
Accel: 0.13, 0.09, -0.96
Gyro: -2.04, -0.72, -1.85
Accel: 0.12, 0.09, -0.96
Gyro: -1.99, -0.50, -1.40
Accel: 0.13, 0.09, -0.95
Gyro: -2.04, -0.50, -1.14
Accel: 0.13, 0.09, -0.96
Gyro: -2.14, -0.39, -0.94
Accel: 0.14, 0.09, -0.95
Gyro: -2.14, -0.54, -1.06
Accel: 0.13, 0.08, -0.96
Gyro: -2.08, -0.53, -1.10
Accel: 0.13, 0.09, -0.97
Gyro: -2.31, -0.55, -1.31
Accel: 0.13, 0.09, -0.95
Gyro: -2.13, -0.42, -1.36
Accel: 0.13, 0.09, -0.95
Gyro: -2.09, -0.48, -1.39
Accel: 0.12, 0.09, -0.96
Gyro: -2.07, -0.51, -1.21
Accel: 0.13, 0.09, -0.96
Gyro: -2.27, -0.63, -1.04
Accel: 0.13, 0.08, -0.96
Gyro: -2.51, -0.40, -1.26
Accel: 0.13, 0.09, -0.96
Gyro: -2.41, -0.80, -1.50
Accel: 0.14, 0.09, -0.96
Gyro: -2.30, -0.50, -1.75
Accel: 0.13, 0.10, -0.96
Gyro: -1.35, -0.53, -1.34
Accel: 0.13, 0.09, -0.95
Gyro: -2.16, -1.04, -0.95
Accel: 0.13, 0.10, -0.96
Gyro: -2.47, -1.21, -0.78
Accel: 0.12, 0.08, -0.96
Gyro: -2.22, -0.81, -1.33
Accel: 0.12, 0.09, -0.96
Gyro: -2.04, -0.47, -1.94
Accel: 0.13, 0.10, -0.96
Gyro: -2.10, -0.43, -1.63
Accel: 0.13, 0.10, -0.96
Gyro: -2.11, -0.27, -0.84
