Accel: 0.13, 0.07, -0.95
Gyro: -1.84, -0.73, -0.92
Accel: 0.14, 0.06, -0.96
Gyro: -2.01, -1.22, -0.79
Accel: 0.13, 0.06, -0.96
Gyro: -2.05, -0.85, -0.74
Accel: 0.13, 0.05, -0.96
Gyro: -2.01, -0.26, -1.21
Accel: 0.14, 0.06, -0.96
Gyro: -2.11, -0.20, -1.38
Accel: 0.14, 0.07, -0.95
Gyro: -2.07, -0.30, -1.27
Accel: 0.14, 0.06, -0.96
Gyro: -2.08, -0.47, -1.01
Accel: 0.13, 0.07, -0.95
Gyro: -1.85, -1.01, -0.83
Accel: 0.13, 0.06, -0.95
Gyro: -2.24, -0.71, -1.22
Accel: 0.13, 0.07, -0.95
Gyro: -1.63, -0.18, -0.92
Accel: 0.14, 0.05, -0.96
Gyro: -2.13, -0.11, -1.25
Accel: 0.14, 0.07, -0.96
Gyro: -2.37, -0.74, -1.01
Accel: 0.13, 0.06, -0.96
Gyro: -2.20, -0.69, -1.16
Accel: 0.13, 0.07, -0.96
Gyro: -1.87, -0.86, -1.37
Accel: 0.13, 0.07, -0.96
Gyro: -2.00, -0.99, -1.34
Accel: 0.13, 0.07, -0.96
Gyro: -2.13, -0.86, -1.10
Accel: 0.14, 0.06, -0.96
Gyro: -2.41, -0.92, -0.80
Accel: 0.14, 0.06, -0.96
Gyro: -2.56, -0.88, -1.17
Accel: 0.13, 0.06, -0.96
Gyro: -2.62, -1.11, -1.66
Accel: 0.13, 0.07, -0.96
Gyro: -2.43, -0.65, -2.08
Accel: 0.13, 0.07, -0.96
Gyro: -2.20, -0.56, -1.64
Accel: 0.14, 0.07, -0.96
Gyro: -2.29, -0.45, -1.30
Accel: 0.13, 0.07, -0.96
Gyro: -2.34, -0.18, -1.07
Accel: 0.13, 0.06, -0.96
Gyro: -2.30, -0.39, -0.84
Accel: 0.14, 0.06, -0.96
Gyro: -2.28, -0.56, -1.17
Accel: 0.14, 0.07, -0.97
Gyro: -2.16, -0.36, -1.36
Accel: 0.13, 0.07, -0.96
Gyro: -2.14, -0.52, -1.42
Accel: 0.13, 0.06, -0.96
Gyro: -2.00, -0.82, -1.62
Accel: 0.14, 0.08, -0.95
Gyro: -1.99, -0.91, -1.21
Accel: 0.13, 0.06, -0.95
Gyro: -2.19, -0.85, -1.21
Accel: 0.14, 0.07, -0.96
Gyro: -2.08, -0.85, -1.06
Accel: 0.13, 0.07, -0.95
Gyro: -2.56, -0.69, -1.41
Accel: 0.14, 0.07, -0.96
Gyro: -2.42, -0.43, -1.80
Accel: 0.14, 0.08, -0.96
Gyro: -1.44, -0.34, -1.63
Accel: 0.14, 0.07, -0.96
Gyro: -1.91, -0.79, -1.24
Accel: 0.14, 0.07, -0.96
Gyro: -2.39, -1.25, -1.00
Accel: 0.13, 0.06, -0.96
Gyro: -2.24, -0.96, -1.11
Accel: 0.13, 0.06, -0.95
Gyro: -2.22, -0.61, -1.52
Accel: 0.13, 0.07, -0.96
Gyro: -2.17, -0.51, -1.75
Accel: 0.13, 0.07, -0.97
Gyro: -2.31, -0.22, -1.40
Accel: 0.13, 0.07, -0.95
Gyro: -2.11, -0.28, -1.08
Accel: 0.14, 0.07, -0.96
Gyro: -2.29, -0.76, -1.10
Accel: 0.13, 0.07, -0.95
Gyro: -2.49, -0.31, -1.54
Accel: 0.13, 0.08, -0.95
Gyro: -1.92, -0.06, -1.28
Accel: 0.14, 0.06, -0.96
Gyro: -2.27, -0.11, -1.40
Accel: 0.14, 0.08, -0.94
Gyro: -2.39, -0.74, -1.25
Accel: 0.14, 0.07, -0.96
Gyro: -2.14, -0.89, -1.31
Accel: 0.14, 0.07, -0.95
Gyro: -2.04, -1.36, -1.59
Accel: 0.13, 0.06, -0.96
Gyro: -1.84, -1.31, -1.36
Accel: 0.13, 0.07, -0.95
Gyro: -2.07, -1.07, -0.95
Accel: 0.14, 0.06, -0.95
Gyro: -2.36, -1.01, -0.72
Accel: 0.14, 0.07, -0.96
Gyro: -2.58, -1.04, -1.01
Accel: 0.13, 0.06, -0.96
Gyro: -2.46, -0.86, -1.61
Accel: 0.13, 0.07, -0.96
Gyro: -2.12, -0.61, -2.18
Accel: 0.13, 0.07, -0.96
Gyro: -2.11, -0.08, -1.80
Accel: 0.13, 0.07, -0.96
Gyro: -2.27, -0.41, -1.21
Accel: 0.14, 0.07, -0.96
Gyro: -2.23, -0.65, -0.92
Accel: 0.14, 0.07, -0.96
Gyro: -2.21, -0.57, -1.10
Accel: 0.13, 0.06, -0.96
Gyro: -2.21, -0.79, -1.27
Accel: 0.13, 0.07, -0.96
Gyro: -1.91, -0.67, -1.50
Accel: 0.14, 0.07, -0.96
Gyro: -1.92, -0.47, -1.20
Accel: 0.14, 0.07, -0.96
Gyro: -1.79, -0.55, -1.11
Accel: 0.13, 0.07, -0.96
Gyro: -1.69, -0.53, -1.14
Accel: 0.13, 0.07, -0.95
Gyro: -1.63, -0.82, -0.99
Accel: 0.14, 0.07, -0.96
Gyro: -1.79, -0.89, -0.82
Accel: 0.13, 0.07, -0.97
Gyro: -2.00, -0.92, -0.78
Accel: 0.14, 0.06, -0.95
Gyro: -2.16, -1.06, -1.11
Accel: 0.14, 0.07, -0.97
Gyro: -1.96, -1.01, -1.36
Accel: 0.13, 0.07, -0.96
Gyro: -1.21, -0.92, -1.36
Accel: 0.14, 0.06, -0.95
Gyro: -1.40, -1.16, -1.16
Accel: 0.13, 0.06, -0.95
Gyro: -2.14, -1.48, -0.92
Accel: 0.13, 0.06, -0.96
Gyro: -2.14, -1.15, -1.02
Accel: 0.13, 0.07, -0.96
Gyro: -1.92, -0.60, -1.56
Accel: 0.13, 0.07, -0.95
Gyro: -1.82, -0.40, -1.61
Accel: 0.13, 0.07, -0.96
Gyro: -1.94, -0.37, -1.09
Accel: 0.14, 0.06, -0.95
Gyro: -2.08, -0.34, -0.86
Accel: 0.14, 0.06, -0.95
Gyro: -2.04, -0.83, -1.12
Accel: 0.13, 0.06, -0.96
Gyro: -2.53, -0.74, -1.68
Accel: 0.13, 0.08, -0.97
Gyro: -2.08, -0.18, -1.72
Accel: 0.14, 0.06, -0.96
Gyro: -2.41, 0.02, -1.39
Accel: 0.14, 0.07, -0.96
Gyro: -2.42, -0.38, -1.31
Accel: 0.13, 0.07, -0.95
Gyro: -2.17, -0.88, -1.16
Accel: 0.14, 0.07, -0.96
Gyro: -1.86, -1.12, -1.51
Accel: 0.13, 0.07, -0.96
Gyro: -1.65, -1.05, -1.24
Accel: 0.13, 0.06, -0.96
Gyro: -2.07, -0.86, -0.94
Accel: 0.14, 0.07, -0.96
Gyro: -2.27, -1.08, -0.88
Accel: 0.14, 0.07, -0.96
Gyro: -2.23, -1.08, -0.88
Accel: 0.13, 0.06, -0.96
Gyro: -2.26, -0.89, -1.53
Accel: 0.14, 0.06, -0.96
Gyro: -2.26, -0.87, -1.97
Accel: 0.13, 0.07, -0.96
Gyro: -2.25, -0.53, -1.83
Accel: 0.13, 0.07, -0.96
Gyro: -2.40, -0.52, -1.62
Accel: 0.13, 0.07, -0.96
Gyro: -2.53, -0.43, -1.61
Accel: 0.14, 0.07, -0.97
Gyro: -2.56, -0.42, -1.43
Accel: 0.14, 0.07, -0.95
Gyro: -2.63, -0.55, -1.69
Accel: 0.13, 0.07, -0.96
Gyro: -2.37, -0.63, -1.52
Accel: 0.13, 0.07, -0.97
Gyro: -2.18, -0.56, -1.43
Accel: 0.13, 0.07, -0.96
Gyro: -2.19, -0.53, -1.51
Accel: 0.13, 0.07, -0.96
Gyro: -2.14, -0.88, -1.67
Accel: 0.13, 0.07, -0.95
Gyro: -2.24, -1.30, -1.36
Accel: 0.13, 0.08, -0.96
Gyro: -2.13, -1.01, -1.01
Accel: 0.13, 0.06, -0.95
Gyro: -2.68, -0.78, -1.36
