Accel: 0.13, 0.09, -0.96
Gyro: -1.82, -0.20, -1.31
Accel: 0.13, 0.08, -0.96
Gyro: -2.37, 0.11, -1.38
Accel: 0.13, 0.09, -0.95
Gyro: -2.40, -0.27, -1.06
Accel: 0.13, 0.09, -0.95
Gyro: -2.23, -0.76, -1.40
Accel: 0.13, 0.09, -0.96
Gyro: -1.77, -1.20, -1.69
Accel: 0.13, 0.09, -0.96
Gyro: -1.72, -1.14, -1.08
Accel: 0.12, 0.09, -0.95
Gyro: -2.15, -0.76, -0.50
Accel: 0.13, 0.09, -0.96
Gyro: -2.20, -0.60, -0.60
Accel: 0.12, 0.08, -0.95
Gyro: -2.42, -1.21, -1.34
Accel: 0.12, 0.09, -0.97
Gyro: -2.20, -0.82, -1.90
Accel: 0.13, 0.09, -0.96
Gyro: -2.31, -0.31, -1.91
Accel: 0.12, 0.09, -0.97
Gyro: -2.22, -0.27, -1.43
Accel: 0.12, 0.09, -0.95
Gyro: -2.32, -0.28, -1.13
Accel: 0.12, 0.09, -0.95
Gyro: -2.20, -0.48, -0.96
Accel: 0.13, 0.09, -0.96
Gyro: -2.00, -0.54, -1.19
Accel: 0.12, 0.08, -0.96
Gyro: -2.11, -0.65, -1.23
Accel: 0.12, 0.09, -0.95
Gyro: -2.24, -0.37, -1.29
Accel: 0.12, 0.09, -0.96
Gyro: -2.16, -0.16, -1.16
Accel: 0.13, 0.09, -0.96
Gyro: -2.08, -0.40, -1.24
Accel: 0.13, 0.09, -0.95
Gyro: -1.88, -0.77, -1.34
Accel: 0.13, 0.09, -0.95
Gyro: -2.08, -0.76, -1.19
Accel: 0.13, 0.09, -0.96
Gyro: -2.14, -0.60, -0.94
Accel: 0.12, 0.08, -0.96
Gyro: -2.33, -0.34, -0.80
Accel: 0.12, 0.09, -0.95
Gyro: -2.48, -0.95, -1.53
Accel: 0.13, 0.09, -0.95
Gyro: -2.36, -0.79, -1.86
Accel: 0.13, 0.10, -0.95
Gyro: -1.39, -0.43, -1.15
Accel: 0.13, 0.09, -0.95
Gyro: -2.04, -1.05, -0.97
Accel: 0.12, 0.08, -0.97
Gyro: -2.45, -1.27, -0.76
Accel: 0.12, 0.08, -0.96
Gyro: -2.19, -0.74, -1.21
Accel: 0.12, 0.09, -0.96
Gyro: -1.94, -0.72, -2.15
Accel: 0.12, 0.09, -0.97
Gyro: -2.14, -0.31, -1.50
Accel: 0.13, 0.10, -0.96
Gyro: -2.04, -0.31, -0.72
Accel: 0.13, 0.08, -0.95
Gyro: -2.17, -0.25, -0.58
Accel: 0.12, 0.09, -0.97
Gyro: -2.02, -0.62, -0.94
Accel: 0.13, 0.09, -0.95
Gyro: -2.34, -0.31, -1.70
Accel: 0.13, 0.09, -0.96
Gyro: -1.70, -0.04, -1.44
Accel: 0.13, 0.09, -0.95
Gyro: -2.23, -0.05, -1.47
Accel: 0.14, 0.09, -0.95
Gyro: -2.05, -0.96, -1.01
Accel: 0.12, 0.09, -0.96
Gyro: -1.98, -1.18, -1.01
Accel: 0.13, 0.09, -0.95
Gyro: -1.97, -1.59, -1.41
Accel: 0.12, 0.09, -0.96
Gyro: -1.63, -1.23, -1.01
Accel: 0.13, 0.08, -0.96
Gyro: -2.14, -0.81, -0.60
Accel: 0.13, 0.09, -0.96
Gyro: -2.24, -0.77, -0.63
Accel: 0.13, 0.08, -0.96
Gyro: -2.24, -0.86, -1.27
Accel: 0.12, 0.09, -0.96
Gyro: -2.15, -0.65, -1.85
Accel: 0.12, 0.09, -0.96
Gyro: -2.09, -0.65, -1.77
Accel: 0.12, 0.09, -0.96
Gyro: -2.44, -0.46, -1.46
Accel: 0.13, 0.09, -0.96
Gyro: -2.46, -0.23, -1.06
Accel: 0.13, 0.09, -0.96
Gyro: -2.24, -0.46, -1.31
Accel: 0.13, 0.09, -0.96
Gyro: -1.86, -0.37, -1.17
Accel: 0.12, 0.09, -0.96
Gyro: -1.97, -0.69, -1.22
Accel: 0.12, 0.09, -0.96
Gyro: -1.98, -0.60, -1.03
Accel: 0.13, 0.09, -0.95
Gyro: -1.90, -0.40, -1.03
Accel: 0.13, 0.09, -0.96
Gyro: -1.94, -0.53, -1.30
Accel: 0.13, 0.09, -0.96
Gyro: -1.82, -0.76, -1.17
Accel: 0.13, 0.09, -0.96
Gyro: -1.72, -0.80, -1.15
Accel: 0.13, 0.08, -0.96
Gyro: -1.91, -0.76, -1.12
Accel: 0.12, 0.09, -0.96
Gyro: -1.86, -0.98, -1.01
Accel: 0.13, 0.09, -0.96
Gyro: -2.33, -0.85, -1.46
Accel: 0.13, 0.09, -0.96
Gyro: -2.35, -0.85, -1.65
Accel: 0.13, 0.10, -0.96
Gyro: -1.82, -0.86, -1.51
Accel: 0.13, 0.09, -0.95
Gyro: -1.81, -1.28, -1.13
Accel: 0.13, 0.09, -0.96
Gyro: -2.23, -1.75, -1.12
Accel: 0.12, 0.09, -0.97
Gyro: -2.10, -1.45, -1.05
Accel: 0.12, 0.08, -0.97
Gyro: -1.83, -0.50, -1.46
Accel: 0.12, 0.08, -0.96
Gyro: -1.82, -0.38, -1.56
Accel: 0.12, 0.09, -0.96
Gyro: -2.01, -0.02, -1.01
Accel: 0.13, 0.09, -0.96
Gyro: -1.98, -0.28, -0.87
Accel: 0.12, 0.09, -0.96
Gyro: -2.11, -0.70, -1.10
Accel: 0.12, 0.08, -0.97
Gyro: -2.52, -0.48, -1.54
Accel: 0.12, 0.10, -0.96
Gyro: -1.79, 0.18, -1.27
Accel: 0.13, 0.09, -0.95
Gyro: -2.32, 0.00, -1.30
Accel: 0.13, 0.09, -0.95
Gyro: -2.38, -0.53, -1.05
Accel: 0.13, 0.09, -0.95
Gyro: -2.11, -0.77, -1.08
Accel: 0.12, 0.09, -0.95
Gyro: -1.89, -1.01, -1.39
Accel: 0.13, 0.09, -0.96
Gyro: -1.69, -1.10, -1.46
Accel: 0.13, 0.09, -0.96
Gyro: -1.86, -1.01, -0.61
Accel: 0.13, 0.09, -0.96
Gyro: -2.27, -0.95, -0.40
Accel: 0.12, 0.08, -0.95
Gyro: -2.13, -1.05, -0.71
Accel: 0.13, 0.08, -0.96
Gyro: -2.12, -1.22, -1.59
Accel: 0.12, 0.10, -0.96
Gyro: -2.12, -0.45, -2.00
Accel: 0.12, 0.09, -0.96
Gyro: -2.31, -0.33, -1.61
Accel: 0.12, 0.09, -0.96
Gyro: -2.55, -0.47, -1.41
Accel: 0.12, 0.08, -0.96
Gyro: -2.37, -0.47, -1.25
Accel: 0.13, 0.09, -0.96
Gyro: -2.36, -0.67, -1.48
Accel: 0.13, 0.09, -0.96
Gyro: -2.27, -0.35, -1.40
Accel: 0.13, 0.09, -0.96
Gyro: -2.00, -0.63, -1.10
Accel: 0.13, 0.09, -0.96
Gyro: -2.06, -0.53, -1.07
Accel: 0.12, 0.09, -0.96
Gyro: -1.95, -0.72, -0.96
Accel: 0.13, 0.09, -0.96
Gyro: -1.82, -0.63, -1.05
Accel: 0.13, 0.08, -0.95
Gyro: -1.95, -0.38, -0.98
Accel: 0.13, 0.08, -0.95
Gyro: -2.42, -0.46, -1.40
Accel: 0.13, 0.08, -0.96
Gyro: -2.31, -0.48, -1.27
Accel: 0.13, 0.09, -0.96
Gyro: -1.82, -0.45, -1.31
Accel: 0.13, 0.09, -0.95
Gyro: -1.81, -0.92, -1.22
Accel: 0.13, 0.09, -0.96
Gyro: -2.43, -1.56, -1.05
Accel: 0.12, 0.09, -0.97
Gyro: -2.33, -1.26, -1.00
Accel: 0.12, 0.09, -0.96
Gyro: -2.19, -0.49, -1.60
Accel: 0.12, 0.09, -0.97
Gyro: -2.14, -0.43, -1.78
Accel: 0.12, 0.09, -0.96
Gyro: -1.94, -0.10, -1.18
Accel: 0.13, 0.09, -0.96
Gyro: -1.82, -0.12, -0.68
