Accel: 0.13, 0.09, -0.95
Gyro: -2.09, -0.60, -1.21
Accel: 0.13, 0.09, -0.96
Gyro: -1.97, -0.45, -1.96
Accel: 0.13, 0.09, -0.96
Gyro: -1.50, -0.32, -1.28
Accel: 0.13, 0.09, -0.95
Gyro: -2.30, -0.92, -1.17
Accel: 0.13, 0.09, -0.95
Gyro: -2.05, -1.36, -0.88
Accel: 0.13, 0.09, -0.95
Gyro: -2.04, -1.14, -1.08
Accel: 0.12, 0.09, -0.97
Gyro: -1.88, -0.76, -1.53
Accel: 0.13, 0.09, -0.96
Gyro: -1.95, -0.16, -1.46
Accel: 0.14, 0.08, -0.95
Gyro: -1.75, -0.08, -0.91
Accel: 0.13, 0.08, -0.96
Gyro: -1.63, -0.72, -0.73
Accel: 0.13, 0.09, -0.96
Gyro: -1.58, -0.95, -0.85
Accel: 0.14, 0.08, -0.96
Gyro: -2.11, -0.85, -1.50
Accel: 0.14, 0.09, -0.95
Gyro: -1.43, -0.17, -1.03
Accel: 0.14, 0.08, -0.95
Gyro: -2.03, -0.71, -1.43
Accel: 0.14, 0.08, -0.95
Gyro: -1.85, -1.17, -1.08
Accel: 0.14, 0.08, -0.96
Gyro: -1.97, -1.31, -1.08
Accel: 0.13, 0.09, -0.95
Gyro: -1.56, -1.67, -1.20
Accel: 0.13, 0.09, -0.95
Gyro: -1.64, -1.01, -0.89
Accel: 0.13, 0.09, -0.96
Gyro: -1.89, -0.88, -0.77
Accel: 0.13, 0.08, -0.96
Gyro: -2.04, -1.00, -0.53
Accel: 0.13, 0.07, -0.96
Gyro: -2.01, -0.99, -1.10
Accel: 0.13, 0.08, -0.96
Gyro: -2.11, -0.88, -1.71
Accel: 0.13, 0.09, -0.96
Gyro: -2.11, -0.75, -1.85
Accel: 0.13, 0.09, -0.96
Gyro: -2.31, -0.64, -1.56
Accel: 0.13, 0.09, -0.96
Gyro: -2.24, -0.61, -1.35
Accel: 0.13, 0.08, -0.96
Gyro: -2.19, -0.50, -1.04
Accel: 0.13, 0.08, -0.95
Gyro: -2.33, -0.69, -1.28
Accel: 0.13, 0.09, -0.97
Gyro: -2.01, -0.69, -1.37
Accel: 0.13, 0.08, -0.96
Gyro: -2.09, -0.56, -1.38
Accel: 0.14, 0.09, -0.95
Gyro: -2.14, -0.71, -1.34
Accel: 0.13, 0.09, -0.96
Gyro: -1.95, -0.79, -1.28
Accel: 0.13, 0.09, -0.96
Gyro: -2.01, -0.98, -1.06
Accel: 0.13, 0.09, -0.96
Gyro: -1.96, -0.72, -1.21
Accel: 0.13, 0.08, -0.96
Gyro: -2.43, -0.12, -1.37
Accel: 0.13, 0.09, -0.96
Gyro: -2.36, -0.17, -1.37
Accel: 0.13, 0.09, -0.96
Gyro: -2.21, -0.50, -1.59
Accel: 0.13, 0.08, -0.96
Gyro: -1.72, -0.99, -1.45
Accel: 0.13, 0.09, -0.97
Gyro: -2.13, -1.13, -1.34
Accel: 0.13, 0.08, -0.95
Gyro: -2.42, -0.92, -0.99
Accel: 0.14, 0.08, -0.96
Gyro: -2.08, -0.50, -1.18
Accel: 0.13, 0.08, -0.95
Gyro: -2.26, -0.37, -1.51
Accel: 0.12, 0.09, -0.95
Gyro: -1.93, -0.67, -1.43
Accel: 0.13, 0.09, -0.96
Gyro: -2.01, -0.33, -1.18
Accel: 0.13, 0.10, -0.96
Gyro: -1.89, -0.72, -1.06
Accel: 0.14, 0.08, -0.96
Gyro: -2.13, -0.51, -1.01
Accel: 0.13, 0.09, -0.95
Gyro: -2.37, -0.50, -1.41
Accel: 0.12, 0.08, -0.96
Gyro: -1.77, 0.21, -1.02
Accel: 0.13, 0.09, -0.95
Gyro: -2.43, -0.21, -1.37
Accel: 0.14, 0.09, -0.95
Gyro: -2.14, -0.57, -1.11
Accel: 0.14, 0.09, -0.95
Gyro: -1.92, -0.97, -1.15
Accel: 0.13, 0.09, -0.96
Gyro: -1.72, -0.85, -1.24
Accel: 0.13, 0.09, -0.95
Gyro: -1.73, -0.85, -0.87
Accel: 0.14, 0.08, -0.95
Gyro: -2.21, -0.82, -0.85
Accel: 0.13, 0.08, -0.95
Gyro: -2.35, -0.83, -0.66
Accel: 0.13, 0.08, -0.96
Gyro: -2.28, -0.85, -1.37
Accel: 0.13, 0.08, -0.97
Gyro: -2.37, -0.79, -1.79
Accel: 0.13, 0.09, -0.96
Gyro: -2.40, -0.21, -1.92
Accel: 0.13, 0.09, -0.95
Gyro: -2.61, -0.45, -1.69
Accel: 0.14, 0.09, -0.96
Gyro: -2.41, -0.36, -1.43
Accel: 0.13, 0.09, -0.95
Gyro: -2.49, -0.65, -1.34
Accel: 0.13, 0.09, -0.95
Gyro: -2.46, -0.79, -1.11
Accel: 0.13, 0.09, -0.95
Gyro: -2.45, -0.66, -1.08
Accel: 0.13, 0.09, -0.96
Gyro: -2.46, -0.40, -1.43
Accel: 0.13, 0.09, -0.95
Gyro: -2.12, -0.50, -1.22
Accel: 0.13, 0.08, -0.95
Gyro: -2.53, -0.76, -1.56
Accel: 0.13, 0.08, -0.96
Gyro: -2.50, -0.71, -1.75
Accel: 0.14, 0.09, -0.96
Gyro: -2.17, -0.29, -1.53
Accel: 0.13, 0.10, -0.96
Gyro: -1.67, -0.79, -1.11
Accel: 0.13, 0.08, -0.95
Gyro: -2.27, -1.13, -1.06
Accel: 0.13, 0.09, -0.96
Gyro: -2.35, -1.37, -1.03
Accel: 0.13, 0.08, -0.96
Gyro: -2.03, -0.98, -1.45
Accel: 0.13, 0.09, -0.96
Gyro: -2.31, -0.50, -1.68
Accel: 0.12, 0.09, -0.95
Gyro: -2.16, -0.27, -1.46
Accel: 0.13, 0.09, -0.96
Gyro: -2.28, -0.30, -1.07
Accel: 0.14, 0.09, -0.95
Gyro: -2.04, -0.82, -0.92
Accel: 0.14, 0.08, -0.97
Gyro: -2.13, -0.62, -1.10
Accel: 0.13, 0.10, -0.96
Gyro: -2.09, -0.14, -1.21
Accel: 0.14, 0.08, -0.96
Gyro: -1.88, -0.46, -1.17
Accel: 0.14, 0.09, -0.96
Gyro: -2.28, -0.71, -0.93
Accel: 0.14, 0.09, -0.95
Gyro: -2.02, -1.06, -1.05
Accel: 0.13, 0.09, -0.96
Gyro: -1.88, -1.40, -1.23
Accel: 0.14, 0.09, -0.96
Gyro: -1.75, -1.43, -1.08
Accel: 0.13, 0.09, -0.97
Gyro: -1.67, -0.83, -0.88
Accel: 0.13, 0.08, -0.96
Gyro: -2.30, -0.83, -0.67
Accel: 0.13, 0.09, -0.96
Gyro: -2.27, -0.85, -0.74
Accel: 0.13, 0.09, -0.96
Gyro: -2.08, -1.21, -1.53
Accel: 0.13, 0.09, -0.96
Gyro: -2.10, -0.91, -1.79
Accel: 0.13, 0.09, -0.96
Gyro: -2.11, -0.66, -1.76
Accel: 0.13, 0.09, -0.95
Gyro: -1.99, -0.12, -1.12
Accel: 0.13, 0.10, -0.96
Gyro: -1.86, -0.77, -0.90
Accel: 0.13, 0.09, -0.95
Gyro: -1.79, -0.49, -0.93
Accel: 0.14, 0.09, -0.97
Gyro: -1.75, -0.69, -0.68
Accel: 0.14, 0.09, -0.96
Gyro: -1.86, -0.53, -0.76
Accel: 0.13, 0.09, -0.95
Gyro: -1.63, -0.11, -0.85
Accel: 0.13, 0.08, -0.96
Gyro: -1.60, -0.53, -1.13
Accel: 0.14, 0.08, -0.96
Gyro: -1.63, -0.96, -1.00
Accel: 0.14, 0.09, -0.96
Gyro: -1.91, -1.08, -0.85
Accel: 0.13, 0.08, -0.96
Gyro: -1.85, -0.49, -0.85
Accel: 0.13, 0.09, -0.95
Gyro: -2.08, -0.85, -1.35
Accel: 0.13, 0.09, -0.95
Gyro: -1.99, -0.60, -1.74
Accel: 0.13, 0.09, -0.96
Gyro: -1.47, -0.63, -1.45
