Accel: 0.13, 0.07, -0.97
Gyro: -2.93, -0.75, -1.72
Accel: 0.13, 0.07, -0.96
Gyro: -2.43, -0.59, -2.02
Accel: 0.13, 0.06, -0.95
Gyro: -1.96, -1.16, -2.02
Accel: 0.13, 0.07, -0.96
Gyro: -2.84, -1.53, -1.91
Accel: 0.13, 0.08, -0.96
Gyro: -2.58, -1.33, -1.60
Accel: 0.13, 0.07, -0.97
Gyro: -2.50, -0.57, -1.56
Accel: 0.13, 0.07, -0.94
Gyro: -2.71, -0.68, -1.86
Accel: 0.13, 0.07, -0.97
Gyro: -2.49, -0.33, -1.62
Accel: 0.13, 0.07, -0.96
Gyro: -2.29, -0.27, -1.50
Accel: 0.13, 0.08, -0.96
Gyro: -2.27, -0.36, -1.63
Accel: 0.13, 0.07, -0.97
Gyro: -2.42, -0.68, -1.84
Accel: 0.14, 0.08, -0.97
Gyro: -2.14, -0.34, -1.52
Accel: 0.13, 0.07, -0.95
Gyro: -2.26, -0.02, -1.46
Accel: 0.14, 0.08, -0.95
Gyro: -2.53, -0.36, -1.62
Accel: 0.13, 0.07, -0.96
Gyro: -1.79, -0.52, -1.55
Accel: 0.14, 0.08, -0.96
Gyro: -1.74, -0.76, -1.61
Accel: 0.14, 0.08, -0.96
Gyro: -1.63, -1.10, -1.45
Accel: 0.13, 0.07, -0.96
Gyro: -1.79, -1.11, -1.09
Accel: 0.13, 0.07, -0.96
Gyro: -2.20, -0.57, -0.76
Accel: 0.13, 0.07, -0.96
Gyro: -2.43, -0.72, -0.87
Accel: 0.14, 0.07, -0.96
Gyro: -2.40, -0.73, -1.46
Accel: 0.13, 0.08, -0.96
Gyro: -2.24, -0.56, -1.98
Accel: 0.13, 0.07, -0.96
Gyro: -2.13, -0.48, -1.92
Accel: 0.13, 0.07, -0.96
Gyro: -2.16, -0.33, -1.61
Accel: 0.13, 0.07, -0.96
Gyro: -2.42, -0.25, -1.53
Accel: 0.13, 0.08, -0.96
Gyro: -2.37, -0.32, -1.30
Accel: 0.14, 0.07, -0.95
Gyro: -2.37, -0.50, -1.49
Accel: 0.14, 0.07, -0.97
Gyro: -2.28, -0.50, -1.51
Accel: 0.13, 0.07, -0.95
Gyro: -2.30, -0.61, -1.39
Accel: 0.13, 0.07, -0.96
Gyro: -2.19, -0.76, -1.24
Accel: 0.13, 0.07, -0.96
Gyro: -2.36, -0.48, -1.50
Accel: 0.14, 0.07, -0.95
Gyro: -2.90, -0.49, -1.85
Accel: 0.14, 0.07, -0.96
Gyro: -2.84, -0.46, -1.91
Accel: 0.13, 0.08, -0.96
Gyro: -2.31, -0.17, -1.75
Accel: 0.13, 0.07, -0.95
Gyro: -2.18, -0.46, -1.39
Accel: 0.14, 0.07, -0.95
Gyro: -3.12, -0.95, -1.29
Accel: 0.12, 0.07, -0.96
Gyro: -3.07, -0.82, -1.24
Accel: 0.12, 0.07, -0.96
Gyro: -2.76, -0.57, -1.91
Accel: 0.13, 0.08, -0.96
Gyro: -2.78, -0.27, -2.33
Accel: 0.14, 0.09, -0.97
Gyro: -2.33, -0.12, -1.86
Accel: 0.13, 0.08, -0.95
Gyro: -2.04, -0.29, -0.94
Accel: 0.13, 0.08, -0.95
Gyro: -1.99, -0.45, -0.63
Accel: 0.13, 0.07, -0.95
Gyro: -2.56, -0.25, -1.09
Accel: 0.14, 0.08, -0.96
Gyro: -1.98, -0.23, -1.43
Accel: 0.13, 0.07, -0.96
Gyro: -2.21, -0.11, -1.62
Accel: 0.14, 0.08, -0.96
Gyro: -2.46, -0.34, -1.51
Accel: 0.14, 0.08, -0.95
Gyro: -2.14, -0.68, -0.91
Accel: 0.13, 0.08, -0.96
Gyro: -1.77, -0.91, -0.82
Accel: 0.14, 0.08, -0.95
Gyro: -1.24, -1.01, -0.74
Accel: 0.14, 0.07, -0.96
Gyro: -1.42, -1.00, -0.54
Accel: 0.13, 0.07, -0.95
Gyro: -1.80, -0.98, -0.40
Accel: 0.13, 0.07, -0.96
Gyro: -2.06, -0.90, -0.68
Accel: 0.14, 0.07, -0.95
Gyro: -2.08, -0.95, -1.08
Accel: 0.13, 0.07, -0.96
Gyro: -2.09, -0.85, -1.46
Accel: 0.13, 0.08, -0.96
Gyro: -1.91, -0.46, -1.32
Accel: 0.13, 0.08, -0.95
Gyro: -1.81, -0.24, -1.01
Accel: 0.13, 0.07, -0.96
Gyro: -1.56, -0.11, -0.64
Accel: 0.13, 0.08, -0.97
Gyro: -1.69, -0.24, -0.55
Accel: 0.13, 0.07, -0.96
Gyro: -1.80, -0.17, -0.47
Accel: 0.14, 0.07, -0.96
Gyro: -1.98, -0.36, -0.62
Accel: 0.14, 0.07, -0.96
Gyro: -1.85, -0.08, -0.88
Accel: 0.14, 0.07, -0.95
Gyro: -1.76, -0.10, -1.16
Accel: 0.13, 0.07, -0.96
Gyro: -1.62, -0.24, -1.12
Accel: 0.14, 0.08, -0.95
Gyro: -1.72, -0.35, -0.98
Accel: 0.14, 0.07, -0.97
Gyro: -2.00, -0.24, -0.85
Accel: 0.14, 0.07, -0.95
Gyro: -2.61, -0.35, -1.14
Accel: 0.14, 0.07, -0.96
Gyro: -2.45, -0.32, -1.40
Accel: 0.14, 0.08, -0.96
Gyro: -1.99, -0.23, -1.50
Accel: 0.14, 0.08, -0.96
Gyro: -1.87, -0.69, -1.23
Accel: 0.14, 0.07, -0.96
Gyro: -2.59, -1.07, -1.17
Accel: 0.14, 0.08, -0.96
Gyro: -2.25, -1.27, -0.95
Accel: 0.14, 0.07, -0.95
Gyro: -2.00, -0.61, -1.48
Accel: 0.14, 0.08, -0.97
Gyro: -2.03, -0.42, -1.86
Accel: 0.14, 0.08, -0.96
Gyro: -2.17, -0.41, -1.27
Accel: 0.14, 0.08, -0.96
Gyro: -2.20, -0.44, -1.04
Accel: 0.14, 0.08, -0.95
Gyro: -2.01, -0.47, -0.85
Accel: 0.14, 0.06, -0.97
Gyro: -2.27, -0.23, -1.37
Accel: 0.13, 0.08, -0.97
Gyro: -2.17, 0.00, -1.53
Accel: 0.14, 0.07, -0.96
Gyro: -2.04, -0.18, -1.22
Accel: 0.14, 0.07, -0.96
Gyro: -2.63, -0.32, -1.29
Accel: 0.14, 0.08, -0.95
Gyro: -2.24, -0.60, -1.19
Accel: 0.14, 0.08, -0.95
Gyro: -2.14, -1.27, -1.43
Accel: 0.14, 0.07, -0.96
Gyro: -1.72, -1.17, -1.53
Accel: 0.13, 0.08, -0.96
Gyro: -1.81, -0.85, -0.84
Accel: 0.14, 0.07, -0.96
Gyro: -2.01, -0.58, -0.69
Accel: 0.13, 0.07, -0.96
Gyro: -2.11, -0.77, -0.58
Accel: 0.14, 0.07, -0.97
Gyro: -2.24, -0.90, -1.21
Accel: 0.14, 0.07, -0.95
Gyro: -2.24, -0.76, -1.71
Accel: 0.14, 0.08, -0.96
Gyro: -2.14, -0.30, -1.72
Accel: 0.14, 0.08, -0.95
Gyro: -2.31, -0.43, -1.40
Accel: 0.14, 0.09, -0.96
Gyro: -1.96, -0.36, -1.24
Accel: 0.14, 0.07, -0.95
Gyro: -2.24, -0.60, -0.94
Accel: 0.13, 0.07, -0.96
Gyro: -2.24, -0.91, -1.26
Accel: 0.13, 0.07, -0.96
Gyro: -2.24, -0.53, -1.14
Accel: 0.14, 0.07, -0.95
Gyro: -2.01, -0.38, -1.26
Accel: 0.13, 0.08, -0.95
Gyro: -2.04, -0.40, -1.37
Accel: 0.14, 0.08, -0.95
Gyro: -1.95, -0.52, -1.20
Accel: 0.14, 0.07, -0.96
Gyro: -1.85, -0.79, -1.26
Accel: 0.13, 0.08, -0.96
Gyro: -1.92, -0.93, -0.98
Accel: 0.14, 0.07, -0.96
Gyro: -1.95, -0.93, -1.02
Accel: 0.14, 0.07, -0.96
Gyro: -2.06, -1.00, -0.77
