Accel: 0.13, 0.09, -0.96
Gyro: -1.53, -0.86, -1.18
Accel: 0.14, 0.09, -0.96
Gyro: -2.40, -1.33, -0.83
Accel: 0.13, 0.08, -0.96
Gyro: -1.95, -1.36, -1.10
Accel: 0.13, 0.08, -0.96
Gyro: -1.66, -1.27, -1.76
Accel: 0.13, 0.08, -0.97
Gyro: -1.70, -0.68, -1.63
Accel: 0.13, 0.09, -0.97
Gyro: -1.74, -0.40, -1.08
Accel: 0.13, 0.09, -0.95
Gyro: -1.91, -0.61, -0.92
Accel: 0.12, 0.09, -0.95
Gyro: -1.56, -0.97, -0.92
Accel: 0.12, 0.07, -0.96
Gyro: -2.12, -0.56, -1.48
Accel: 0.13, 0.10, -0.96
Gyro: -1.53, 0.02, -1.24
Accel: 0.14, 0.08, -0.95
Gyro: -1.89, -0.14, -1.17
Accel: 0.13, 0.09, -0.96
Gyro: -2.03, -0.79, -1.27
Accel: 0.13, 0.09, -0.96
Gyro: -1.80, -1.16, -1.09
Accel: 0.12, 0.08, -0.95
Gyro: -1.60, -1.46, -1.14
Accel: 0.13, 0.09, -0.96
Gyro: -1.53, -1.36, -1.09
Accel: 0.13, 0.09, -0.96
Gyro: -1.69, -1.40, -1.01
Accel: 0.13, 0.08, -0.96
Gyro: -1.81, -0.88, -0.72
Accel: 0.13, 0.08, -0.96
Gyro: -1.91, -1.05, -0.77
Accel: 0.13, 0.08, -0.96
Gyro: -1.95, -0.96, -1.13
Accel: 0.13, 0.09, -0.96
Gyro: -2.15, -0.85, -1.66
Accel: 0.13, 0.07, -0.96
Gyro: -1.97, -0.93, -1.85
Accel: 0.13, 0.09, -0.96
Gyro: -2.14, -0.61, -1.71
Accel: 0.13, 0.09, -0.95
Gyro: -2.11, -0.59, -1.16
Accel: 0.13, 0.08, -0.97
Gyro: -1.98, -0.57, -1.16
Accel: 0.13, 0.08, -0.96
Gyro: -2.00, -0.72, -1.14
Accel: 0.13, 0.08, -0.95
Gyro: -2.05, -0.53, -1.22
Accel: 0.13, 0.09, -0.97
Gyro: -2.07, -0.84, -1.60
Accel: 0.13, 0.08, -0.97
Gyro: -1.86, -0.57, -1.28
Accel: 0.13, 0.09, -0.97
Gyro: -2.01, -0.46, -1.11
Accel: 0.13, 0.08, -0.96
Gyro: -1.97, -0.47, -0.89
Accel: 0.13, 0.08, -0.96
Gyro: -2.34, -0.60, -1.25
Accel: 0.13, 0.08, -0.97
Gyro: -2.24, -0.66, -1.27
Accel: 0.13, 0.08, -0.95
Gyro: -2.26, -0.37, -1.56
Accel: 0.13, 0.09, -0.95
Gyro: -1.79, -0.92, -1.34
Accel: 0.13, 0.09, -0.95
Gyro: -2.32, -1.12, -1.33
Accel: 0.12, 0.08, -0.96
Gyro: -2.43, -1.36, -1.07
Accel: 0.12, 0.09, -0.96
Gyro: -2.09, -0.56, -1.20
Accel: 0.13, 0.08, -0.96
Gyro: -2.24, -0.24, -1.33
Accel: 0.13, 0.08, -0.97
Gyro: -2.00, -0.29, -1.12
Accel: 0.13, 0.08, -0.95
Gyro: -2.12, -0.59, -1.08
Accel: 0.13, 0.09, -0.96
Gyro: -1.98, -0.77, -0.99
Accel: 0.12, 0.08, -0.97
Gyro: -2.27, -0.84, -1.37
Accel: 0.12, 0.10, -0.97
Gyro: -2.55, -0.85, -1.45
Accel: 0.12, 0.08, -0.96
Gyro: -1.96, 0.09, -1.22
Accel: 0.14, 0.09, -0.95
Gyro: -2.53, -0.02, -1.27
Accel: 0.13, 0.09, -0.96
Gyro: -2.28, -0.48, -1.17
Accel: 0.13, 0.09, -0.96
Gyro: -1.85, -0.66, -1.17
Accel: 0.13, 0.09, -0.96
Gyro: -1.92, -0.77, -1.32
Accel: 0.13, 0.09, -0.96
Gyro: -1.94, -0.73, -0.95
Accel: 0.13, 0.09, -0.96
Gyro: -2.16, -0.66, -0.71
Accel: 0.13, 0.09, -0.96
Gyro: -2.12, -0.78, -0.76
Accel: 0.13, 0.08, -0.96
Gyro: -2.04, -1.09, -1.13
Accel: 0.13, 0.09, -0.96
Gyro: -2.06, -0.69, -1.59
Accel: 0.12, 0.08, -0.97
Gyro: -2.13, -0.56, -1.52
Accel: 0.12, 0.08, -0.95
Gyro: -2.33, -0.51, -1.21
Accel: 0.14, 0.08, -0.96
Gyro: -2.40, -0.30, -1.30
Accel: 0.13, 0.09, -0.97
Gyro: -2.52, -0.40, -1.48
Accel: 0.13, 0.08, -0.96
Gyro: -2.19, -0.45, -1.37
Accel: 0.13, 0.08, -0.96
Gyro: -2.19, -0.43, -1.14
Accel: 0.14, 0.09, -0.96
Gyro: -2.19, -0.56, -1.02
Accel: 0.13, 0.08, -0.95
Gyro: -2.43, -0.25, -1.53
Accel: 0.13, 0.08, -0.97
Gyro: -2.36, -0.53, -1.55
Accel: 0.13, 0.09, -0.96
Gyro: -2.17, -0.69, -1.79
Accel: 0.13, 0.09, -0.95
Gyro: -1.66, -0.62, -1.34
Accel: 0.13, 0.08, -0.96
Gyro: -2.31, -1.00, -1.27
Accel: 0.12, 0.09, -0.96
Gyro: -2.51, -1.21, -1.00
Accel: 0.13, 0.08, -0.97
Gyro: -2.27, -0.42, -1.26
Accel: 0.13, 0.09, -0.95
Gyro: -2.37, -0.19, -1.91
Accel: 0.13, 0.08, -0.97
Gyro: -2.33, -0.33, -1.74
Accel: 0.13, 0.09, -0.96
Gyro: -2.31, -0.31, -1.16
Accel: 0.13, 0.08, -0.95
Gyro: -2.56, -0.27, -1.06
Accel: 0.12, 0.08, -0.96
Gyro: -2.23, -0.56, -1.47
Accel: 0.13, 0.09, -0.97
Gyro: -2.46, -0.60, -1.64
Accel: 0.13, 0.08, -0.96
Gyro: -1.67, -0.01, -1.28
Accel: 0.14, 0.08, -0.95
Gyro: -2.38, -0.23, -1.30
Accel: 0.13, 0.08, -0.96
Gyro: -2.09, -0.71, -0.98
Accel: 0.14, 0.09, -0.96
Gyro: -2.23, -1.10, -1.37
Accel: 0.12, 0.09, -0.96
Gyro: -1.85, -1.35, -1.27
Accel: 0.13, 0.09, -0.96
Gyro: -2.01, -1.17, -1.23
Accel: 0.13, 0.09, -0.96
Gyro: -2.19, -0.87, -1.17
Accel: 0.13, 0.08, -0.96
Gyro: -2.34, -0.79, -0.70
Accel: 0.13, 0.08, -0.95
Gyro: -2.39, -0.93, -1.37
Accel: 0.13, 0.09, -0.96
Gyro: -2.35, -0.89, -1.80
Accel: 0.13, 0.10, -0.95
Gyro: -2.37, -0.57, -1.86
Accel: 0.13, 0.09, -0.96
Gyro: -2.49, -0.44, -1.40
Accel: 0.13, 0.09, -0.96
Gyro: -2.48, -0.37, -1.14
Accel: 0.13, 0.10, -0.96
Gyro: -2.16, -0.69, -1.11
Accel: 0.13, 0.09, -0.96
Gyro: -1.85, -0.57, -1.01
Accel: 0.13, 0.09, -0.96
Gyro: -1.90, -0.66, -1.17
Accel: 0.13, 0.09, -0.96
Gyro: -2.08, -0.69, -1.11
Accel: 0.13, 0.09, -0.96
Gyro: -1.94, -0.49, -1.22
Accel: 0.14, 0.09, -0.95
Gyro: -1.96, -0.70, -1.13
Accel: 0.13, 0.08, -0.96
Gyro: -1.91, -0.61, -1.14
Accel: 0.13, 0.09, -0.97
Gyro: -1.99, -0.50, -1.10
Accel: 0.13, 0.08, -0.95
Gyro: -2.36, -0.51, -1.46
Accel: 0.14, 0.09, -0.95
Gyro: -2.16, -0.33, -1.55
Accel: 0.13, 0.10, -0.96
Gyro: -1.82, -0.69, -1.53
Accel: 0.13, 0.08, -0.95
Gyro: -1.56, -0.81, -0.94
Accel: 0.13, 0.09, -0.96
Gyro: -2.38, -0.93, -0.76
Accel: 0.13, 0.09, -0.95
Gyro: -2.03, -0.98, -0.66
Accel: 0.13, 0.08, -0.97
Gyro: -2.08, -0.48, -1.40
