Accel: 0.14, 0.06, -0.96
Gyro: -1.98, -0.33, -1.42
Accel: 0.14, 0.07, -0.96
Gyro: -2.20, -0.14, -0.98
Accel: 0.14, 0.06, -0.96
Gyro: -2.16, -0.74, -1.15
Accel: 0.14, 0.05, -0.96
Gyro: -2.27, -1.11, -1.27
Accel: 0.13, 0.07, -0.97
Gyro: -2.40, -0.34, -1.62
Accel: 0.14, 0.05, -0.96
Gyro: -1.91, 0.14, -1.24
Accel: 0.15, 0.07, -0.95
Gyro: -2.60, -0.37, -1.40
Accel: 0.14, 0.06, -0.95
Gyro: -2.25, -0.90, -1.19
Accel: 0.14, 0.06, -0.95
Gyro: -2.18, -0.98, -1.41
Accel: 0.14, 0.06, -0.96
Gyro: -1.89, -1.13, -1.54
Accel: 0.13, 0.06, -0.96
Gyro: -1.88, -0.81, -1.21
Accel: 0.14, 0.06, -0.95
Gyro: -2.19, -0.53, -0.89
Accel: 0.14, 0.05, -0.96
Gyro: -2.31, -0.75, -0.70
Accel: 0.14, 0.06, -0.95
Gyro: -2.37, -1.06, -1.34
Accel: 0.13, 0.06, -0.96
Gyro: -2.09, -0.72, -2.08
Accel: 0.14, 0.06, -0.97
Gyro: -2.26, -0.40, -2.30
Accel: 0.14, 0.07, -0.96
Gyro: -2.11, -0.17, -1.64
Accel: 0.13, 0.07, -0.95
Gyro: -2.21, -0.50, -1.26
Accel: 0.14, 0.06, -0.96
Gyro: -2.07, -0.91, -0.96
Accel: 0.14, 0.06, -0.97
Gyro: -2.11, -0.81, -1.15
Accel: 0.14, 0.06, -0.95
Gyro: -2.12, -0.79, -1.26
Accel: 0.14, 0.06, -0.96
Gyro: -2.13, -0.65, -1.32
Accel: 0.13, 0.07, -0.97
Gyro: -1.97, -0.32, -1.12
Accel: 0.14, 0.06, -0.95
Gyro: -1.92, -0.40, -1.24
Accel: 0.14, 0.06, -0.96
Gyro: -1.95, -0.44, -1.36
Accel: 0.14, 0.07, -0.96
Gyro: -1.89, -0.44, -1.34
Accel: 0.14, 0.06, -0.96
Gyro: -1.91, -0.72, -1.05
Accel: 0.14, 0.07, -0.96
Gyro: -2.24, -0.69, -0.96
Accel: 0.14, 0.06, -0.97
Gyro: -2.17, -0.31, -0.85
Accel: 0.14, 0.06, -0.95
Gyro: -2.24, -0.26, -1.43
Accel: 0.14, 0.06, -0.97
Gyro: -1.90, -0.42, -2.08
Accel: 0.13, 0.06, -0.96
Gyro: -1.56, -0.39, -2.78
Accel: 0.15, 0.07, -0.96
Gyro: -1.21, -0.47, -2.49
Accel: 0.13, 0.07, -0.94
Gyro: -2.05, -0.80, -2.17
Accel: 0.13, 0.07, -0.96
Gyro: -1.98, -1.11, -0.97
Accel: 0.13, 0.06, -0.96
Gyro: -1.75, -0.49, -0.54
Accel: 0.13, 0.06, -0.96
Gyro: -2.00, 0.02, -0.97
Accel: 0.14, 0.06, -0.97
Gyro: -1.95, -0.13, -0.79
Accel: 0.14, 0.06, -0.95
Gyro: -2.12, -0.14, -1.04
Accel: 0.14, 0.06, -0.95
Gyro: -2.22, -0.73, -1.08
Accel: 0.13, 0.06, -0.97
Gyro: -2.14, -1.07, -1.34
Accel: 0.14, 0.06, -0.96
Gyro: -2.48, -0.88, -1.63
Accel: 0.13, 0.06, -0.96
Gyro: -1.87, -0.37, -1.09
Accel: 0.14, 0.06, -0.96
Gyro: -2.38, -0.49, -1.22
Accel: 0.14, 0.06, -0.95
Gyro: -1.97, -0.87, -0.81
Accel: 0.14, 0.06, -0.95
Gyro: -1.77, -1.30, -1.00
Accel: 0.14, 0.07, -0.96
Gyro: -1.57, -1.35, -0.95
Accel: 0.14, 0.06, -0.96
Gyro: -1.51, -0.96, -0.65
Accel: 0.14, 0.06, -0.96
Gyro: -1.88, -0.66, -0.26
Accel: 0.14, 0.05, -0.96
Gyro: -1.94, -1.10, -0.42
Accel: 0.14, 0.05, -0.96
Gyro: -1.98, -1.18, -1.29
Accel: 0.13, 0.05, -0.96
Gyro: -2.08, -1.29, -2.07
Accel: 0.13, 0.07, -0.96
Gyro: -2.11, -0.56, -2.12
Accel: 0.14, 0.06, -0.96
Gyro: -2.20, -0.52, -1.74
Accel: 0.13, 0.07, -0.96
Gyro: -2.19, -0.53, -1.29
Accel: 0.14, 0.07, -0.96
Gyro: -1.99, -0.46, -0.96
Accel: 0.14, 0.06, -0.94
Gyro: -1.91, -0.72, -0.86
Accel: 0.13, 0.06, -0.97
Gyro: -1.80, -0.87, -0.90
Accel: 0.14, 0.06, -0.96
Gyro: -1.91, -0.71, -1.15
Accel: 0.14, 0.06, -0.96
Gyro: -2.00, -0.69, -1.26
Accel: 0.14, 0.06, -0.96
Gyro: -1.84, -0.80, -1.33
Accel: 0.14, 0.06, -0.96
Gyro: -1.83, -1.27, -1.43
Accel: 0.14, 0.06, -0.96
Gyro: -1.92, -1.19, -1.04
Accel: 0.14, 0.06, -0.96
Gyro: -2.21, -1.27, -0.96
Accel: 0.14, 0.06, -0.96
Gyro: -2.25, -1.05, -0.83
Accel: 0.13, 0.05, -0.96
Gyro: -2.82, -0.45, -1.27
Accel: 0.13, 0.06, -0.96
Gyro: -2.73, -0.68, -1.72
Accel: 0.14, 0.06, -0.96
Gyro: -2.28, -0.50, -2.14
Accel: 0.14, 0.06, -0.96
Gyro: -1.86, -1.10, -1.69
Accel: 0.13, 0.07, -0.95
Gyro: -2.39, -1.39, -1.39
Accel: 0.13, 0.07, -0.96
Gyro: -2.33, -1.43, -1.13
Accel: 0.13, 0.06, -0.96
Gyro: -2.02, -0.61, -1.14
Accel: 0.13, 0.06, -0.95
Gyro: -2.15, -0.50, -1.30
Accel: 0.14, 0.06, -0.96
Gyro: -1.93, -0.51, -1.21
Accel: 0.13, 0.06, -0.96
Gyro: -2.11, -0.37, -1.20
Accel: 0.14, 0.06, -0.96
Gyro: -2.18, -0.55, -1.28
Accel: 0.13, 0.06, -0.97
Gyro: -2.30, -0.80, -1.32
Accel: 0.14, 0.07, -0.96
Gyro: -2.51, -0.14, -1.71
Accel: 0.14, 0.06, -0.96
Gyro: -2.30, 0.23, -1.18
Accel: 0.15, 0.06, -0.96
Gyro: -2.69, -0.45, -1.34
Accel: 0.14, 0.06, -0.95
Gyro: -2.07, -0.56, -1.22
Accel: 0.14, 0.06, -0.96
Gyro: -2.03, -0.77, -1.40
Accel: 0.14, 0.06, -0.96
Gyro: -1.87, -1.14, -1.43
Accel: 0.14, 0.06, -0.96
Gyro: -1.99, -1.00, -1.05
Accel: 0.13, 0.06, -0.96
Gyro: -2.14, -0.81, -0.64
Accel: 0.14, 0.06, -0.95
Gyro: -2.42, -1.22, -0.76
Accel: 0.14, 0.06, -0.95
Gyro: -2.37, -1.34, -1.15
Accel: 0.13, 0.06, -0.96
Gyro: -2.39, -1.01, -1.58
Accel: 0.13, 0.06, -0.96
Gyro: -2.37, -0.83, -1.90
Accel: 0.14, 0.07, -0.96
Gyro: -2.56, -0.41, -1.55
Accel: 0.14, 0.06, -0.96
Gyro: -2.42, -0.38, -1.20
Accel: 0.13, 0.06, -0.96
Gyro: -2.53, -0.31, -1.10
Accel: 0.14, 0.06, -0.95
Gyro: -2.43, -0.42, -1.20
Accel: 0.14, 0.07, -0.96
Gyro: -2.19, -0.63, -1.47
Accel: 0.13, 0.07, -0.97
Gyro: -1.97, -0.53, -1.37
Accel: 0.13, 0.07, -0.95
Gyro: -2.03, -0.50, -1.01
Accel: 0.14, 0.06, -0.96
Gyro: -1.88, -0.91, -0.82
Accel: 0.14, 0.06, -0.96
Gyro: -2.03, -0.48, -1.01
Accel: 0.14, 0.07, -0.96
Gyro: -2.15, -0.80, -1.59
Accel: 0.14, 0.07, -0.96
Gyro: -2.25, -0.49, -1.44
Accel: 0.14, 0.07, -0.96
Gyro: -1.50, -0.31, -1.12
