Accel: 0.14, 0.05, -0.95
Gyro: -2.03, -1.17, -0.89
Accel: 0.15, 0.06, -0.95
Gyro: -2.37, -1.39, -1.82
Accel: 0.15, 0.06, -0.95
Gyro: -1.46, -0.72, -1.41
Accel: 0.14, 0.06, -0.97
Gyro: -2.33, -0.18, -1.44
Accel: 0.14, 0.06, -0.95
Gyro: -2.32, -0.40, -1.17
Accel: 0.14, 0.05, -0.95
Gyro: -1.98, -0.96, -1.39
Accel: 0.15, 0.06, -0.96
Gyro: -1.92, -1.20, -1.72
Accel: 0.14, 0.06, -0.97
Gyro: -1.71, -1.13, -1.76
Accel: 0.14, 0.06, -0.95
Gyro: -1.81, -1.04, -0.89
Accel: 0.14, 0.05, -0.96
Gyro: -1.91, -1.32, -0.69
Accel: 0.14, 0.05, -0.97
Gyro: -2.14, -1.50, -0.91
Accel: 0.13, 0.05, -0.96
Gyro: -2.11, -1.05, -2.04
Accel: 0.13, 0.05, -0.96
Gyro: -1.93, -0.98, -2.20
Accel: 0.14, 0.06, -0.95
Gyro: -2.08, -1.05, -2.08
Accel: 0.13, 0.06, -0.97
Gyro: -2.19, -0.76, -1.57
Accel: 0.14, 0.07, -0.95
Gyro: -2.11, -0.80, -1.24
Accel: 0.14, 0.06, -0.96
Gyro: -1.94, -0.98, -1.21
Accel: 0.14, 0.06, -0.96
Gyro: -1.98, -1.25, -1.11
Accel: 0.14, 0.06, -0.96
Gyro: -1.85, -1.37, -1.05
Accel: 0.14, 0.05, -0.96
Gyro: -1.74, -0.95, -1.34
Accel: 0.14, 0.06, -0.96
Gyro: -1.66, -0.96, -1.17
Accel: 0.14, 0.05, -0.96
Gyro: -1.90, -1.31, -0.89
Accel: 0.14, 0.05, -0.95
Gyro: -2.07, -1.22, -1.00
Accel: 0.14, 0.05, -0.95
Gyro: -1.98, -1.63, -0.85
Accel: 0.14, 0.05, -0.95
Gyro: -2.38, -2.05, -1.43
Accel: 0.14, 0.06, -0.96
Gyro: -2.27, -1.93, -1.95
Accel: 0.14, 0.05, -0.96
Gyro: -1.53, -2.04, -1.97
Accel: 0.14, 0.05, -0.96
Gyro: -2.17, -2.62, -2.09
Accel: 0.13, 0.06, -0.96
Gyro: -2.56, -2.90, -1.77
Accel: 0.13, 0.06, -0.95
Gyro: -2.33, -2.45, -1.56
Accel: 0.13, 0.06, -0.96
Gyro: -2.14, -2.18, -1.63
Accel: 0.13, 0.06, -0.98
Gyro: -2.33, -2.16, -1.54
Accel: 0.13, 0.06, -0.96
Gyro: -2.16, -1.63, -1.05
Accel: 0.14, 0.05, -0.95
Gyro: -2.26, -1.99, -1.11
Accel: 0.13, 0.05, -0.95
Gyro: -2.30, -2.49, -0.95
Accel: 0.13, 0.07, -0.96
Gyro: -2.43, -3.95, -0.45
Accel: 0.13, 0.06, -0.96
Gyro: -2.69, -3.76, 0.12
Accel: 0.13, 0.05, -0.96
Gyro: -2.51, -3.92, -0.08
Accel: 0.13, 0.06, -0.96
Gyro: -2.24, -4.09, -0.41
Accel: 0.12, 0.06, -0.96
Gyro: -2.01, -3.88, -1.02
Accel: 0.11, 0.06, -0.96
Gyro: -1.64, -3.32, -1.34
Accel: 0.11, 0.06, -0.95
Gyro: -1.43, -2.99, -1.43
Accel: 0.11, 0.06, -0.96
Gyro: -1.19, -3.23, -1.38
Accel: 0.11, 0.06, -0.96
Gyro: -1.17, -3.17, -1.29
Accel: 0.11, 0.06, -0.96
Gyro: -1.43, -3.30, -1.27
Accel: 0.12, 0.05, -0.96
Gyro: -1.74, -3.62, -1.16
Accel: 0.11, 0.05, -0.96
Gyro: -1.80, -3.73, -1.09
Accel: 0.11, 0.05, -0.95
Gyro: -2.14, -3.52, -1.04
Accel: 0.10, 0.06, -0.96
Gyro: -1.98, -3.24, -1.17
Accel: 0.11, 0.05, -0.96
Gyro: -1.95, -3.25, -1.46
Accel: 0.10, 0.05, -0.97
Gyro: -1.95, -2.94, -1.40
Accel: 0.10, 0.06, -0.97
Gyro: -2.07, -2.43, -1.40
Accel: 0.09, 0.05, -0.96
Gyro: -1.87, -1.62, -1.24
Accel: 0.10, 0.05, -0.97
Gyro: -2.02, -1.24, -1.17
Accel: 0.10, 0.05, -0.97
Gyro: -1.85, -0.63, -1.37
Accel: 0.10, 0.05, -0.97
Gyro: -1.56, 0.05, -1.17
Accel: 0.10, 0.05, -0.96
Gyro: -2.03, -0.08, -1.51
Accel: 0.11, 0.05, -0.96
Gyro: -1.76, 0.17, -1.57
Accel: 0.10, 0.06, -0.96
Gyro: -0.97, -0.01, -1.30
Accel: 0.11, 0.05, -0.96
Gyro: -1.48, -0.13, -1.27
Accel: 0.11, 0.05, -0.96
Gyro: -2.03, -0.97, -1.27
Accel: 0.10, 0.06, -0.96
Gyro: -2.02, -0.99, -1.31
Accel: 0.10, 0.05, -0.96
Gyro: -2.01, -0.42, -1.50
Accel: 0.11, 0.05, -0.97
Gyro: -2.37, -0.08, -1.88
Accel: 0.11, 0.06, -0.97
Gyro: -2.07, -0.05, -1.53
Accel: 0.10, 0.06, -0.97
Gyro: -2.31, 0.33, -1.35
Accel: 0.10, 0.05, -0.96
Gyro: -2.49, 0.08, -1.39
Accel: 0.10, 0.06, -0.96
Gyro: -2.40, 0.23, -1.87
Accel: 0.11, 0.05, -0.97
Gyro: -1.48, 0.78, -2.17
Accel: 0.11, 0.04, -0.96
Gyro: -0.59, 0.12, -4.65
Accel: 0.10, 0.04, -0.97
Gyro: -0.02, 0.51, -6.26
Accel: 0.11, 0.05, -0.96
Gyro: -0.08, 0.13, -6.61
Accel: 0.11, 0.05, -0.96
Gyro: -0.29, 0.03, -5.93
Accel: 0.11, 0.06, -0.96
Gyro: -1.19, -0.12, -4.70
Accel: 0.11, 0.05, -0.97
Gyro: -1.75, -0.12, -3.88
Accel: 0.10, 0.05, -0.97
Gyro: -2.24, -0.06, -3.27
Accel: 0.11, 0.05, -0.96
Gyro: -2.87, -0.10, -2.90
Accel: 0.10, 0.04, -0.97
Gyro: -2.67, -0.11, -3.02
Accel: 0.11, 0.04, -0.96
Gyro: -2.51, 0.02, -3.49
Accel: 0.11, 0.05, -0.96
Gyro: -2.55, 0.56, -3.51
Accel: 0.11, 0.05, -0.97
Gyro: -2.80, 0.73, -3.14
Accel: 0.11, 0.06, -0.96
Gyro: -3.04, 0.91, -2.59
Accel: 0.12, 0.06, -0.96
Gyro: -3.16, 1.24, -1.95
Accel: 0.11, 0.06, -0.96
Gyro: -3.01, 1.01, -1.33
Accel: 0.11, 0.06, -0.97
Gyro: -2.88, 0.85, -1.01
Accel: 0.12, 0.06, -0.96
Gyro: -2.48, 0.47, -0.85
Accel: 0.11, 0.05, -0.96
Gyro: -2.43, 0.31, -0.66
Accel: 0.11, 0.05, -0.96
Gyro: -2.45, 0.53, -0.75
Accel: 0.12, 0.06, -0.96
Gyro: -2.77, 0.56, -1.10
Accel: 0.12, 0.06, -0.97
Gyro: -3.01, 0.76, -1.14
Accel: 0.12, 0.06, -0.98
Gyro: -2.06, 1.09, -0.84
Accel: 0.11, 0.05, -0.96
Gyro: -1.42, 2.17, -0.33
Accel: 0.12, 0.07, -0.96
Gyro: -1.69, 2.53, 0.33
Accel: 0.12, 0.06, -0.96
Gyro: -1.51, 2.41, 1.05
Accel: 0.12, 0.06, -0.97
Gyro: -1.28, 2.49, 1.25
Accel: 0.13, 0.05, -0.96
Gyro: -1.71, 2.86, 0.91
Accel: 0.13, 0.06, -0.97
Gyro: -1.88, 2.47, 0.64
Accel: 0.13, 0.05, -0.96
Gyro: -1.79, 2.06, 0.18
Accel: 0.13, 0.05, -0.95
Gyro: -1.73, 1.49, -0.42
Accel: 0.13, 0.05, -0.96
Gyro: -2.14, 1.00, -1.21
Accel: 0.14, 0.05, -0.95
Gyro: -1.30, 0.38, -1.06
