Accel: 0.14, 0.08, -0.96
Gyro: -1.85, -0.93, -1.17
Accel: 0.13, 0.08, -0.97
Gyro: -1.94, -0.92, -0.94
Accel: 0.13, 0.08, -0.96
Gyro: -1.84, -0.51, -0.76
Accel: 0.14, 0.09, -0.96
Gyro: -2.04, -0.60, -1.28
Accel: 0.14, 0.08, -0.97
Gyro: -2.06, -0.36, -1.59
Accel: 0.14, 0.08, -0.96
Gyro: -1.62, -0.43, -1.46
Accel: 0.14, 0.08, -0.96
Gyro: -1.53, -1.07, -1.16
Accel: 0.13, 0.08, -0.95
Gyro: -2.19, -1.56, -1.17
Accel: 0.13, 0.08, -0.96
Gyro: -2.11, -1.35, -1.21
Accel: 0.13, 0.08, -0.96
Gyro: -2.07, -0.80, -1.54
Accel: 0.13, 0.08, -0.96
Gyro: -1.94, -0.69, -1.84
Accel: 0.13, 0.08, -0.97
Gyro: -1.88, -0.22, -1.30
Accel: 0.13, 0.09, -0.96
Gyro: -2.07, -0.51, -0.95
Accel: 0.13, 0.08, -0.95
Gyro: -1.94, -0.98, -0.93
Accel: 0.14, 0.07, -0.96
Gyro: -2.01, -0.61, -1.20
Accel: 0.13, 0.10, -0.96
Gyro: -1.83, 0.14, -1.55
Accel: 0.14, 0.08, -0.96
Gyro: -1.75, 0.02, -1.24
Accel: 0.14, 0.08, -0.95
Gyro: -2.33, -0.54, -1.38
Accel: 0.14, 0.08, -0.95
Gyro: -2.02, -0.63, -1.09
Accel: 0.13, 0.08, -0.95
Gyro: -1.81, -1.11, -1.21
Accel: 0.13, 0.09, -0.96
Gyro: -1.60, -1.06, -1.24
Accel: 0.13, 0.08, -0.96
Gyro: -1.96, -0.79, -1.02
Accel: 0.13, 0.09, -0.96
Gyro: -2.19, -0.94, -0.72
Accel: 0.13, 0.08, -0.96
Gyro: -2.30, -1.10, -0.94
Accel: 0.13, 0.07, -0.96
Gyro: -2.14, -1.13, -1.48
Accel: 0.13, 0.08, -0.96
Gyro: -2.08, -0.76, -1.71
Accel: 0.13, 0.08, -0.96
Gyro: -2.15, -1.08, -1.68
Accel: 0.13, 0.08, -0.96
Gyro: -2.14, -0.93, -1.48
Accel: 0.13, 0.09, -0.95
Gyro: -2.54, -0.46, -1.34
Accel: 0.12, 0.08, -0.95
Gyro: -2.29, -0.31, -1.42
Accel: 0.13, 0.08, -0.96
Gyro: -2.17, -0.42, -1.26
Accel: 0.13, 0.08, -0.95
Gyro: -2.27, -0.57, -1.30
Accel: 0.13, 0.08, -0.96
Gyro: -2.15, -0.69, -1.09
Accel: 0.13, 0.08, -0.96
Gyro: -2.24, -0.52, -1.09
Accel: 0.13, 0.08, -0.96
Gyro: -2.34, -0.31, -1.26
Accel: 0.13, 0.09, -0.95
Gyro: -2.52, -0.73, -1.51
Accel: 0.14, 0.08, -0.96
Gyro: -2.47, -0.35, -1.85
Accel: 0.14, 0.08, -0.97
Gyro: -1.98, -0.76, -1.45
Accel: 0.13, 0.09, -0.96
Gyro: -2.24, -1.24, -1.32
Accel: 0.13, 0.09, -0.95
Gyro: -2.23, -1.24, -1.13
Accel: 0.13, 0.09, -0.97
Gyro: -2.15, -0.66, -1.04
Accel: 0.13, 0.08, -0.96
Gyro: -2.24, -0.60, -1.34
Accel: 0.13, 0.08, -0.95
Gyro: -2.14, -0.82, -1.46
Accel: 0.13, 0.09, -0.97
Gyro: -1.91, -0.43, -1.32
Accel: 0.12, 0.09, -0.95
Gyro: -1.75, -0.33, -1.17
Accel: 0.13, 0.09, -0.96
Gyro: -1.73, -1.03, -0.90
Accel: 0.12, 0.08, -0.96
Gyro: -2.14, -0.11, -1.07
Accel: 0.13, 0.08, -0.96
Gyro: -1.51, -0.19, -0.93
Accel: 0.13, 0.08, -0.95
Gyro: -2.04, 0.18, -1.40
Accel: 0.14, 0.09, -0.95
Gyro: -2.20, -0.37, -1.27
Accel: 0.14, 0.08, -0.96
Gyro: -1.99, -0.95, -1.06
Accel: 0.14, 0.09, -0.95
Gyro: -2.03, -1.25, -0.99
Accel: 0.13, 0.09, -0.96
Gyro: -1.79, -1.06, -1.05
Accel: 0.13, 0.09, -0.96
Gyro: -1.85, -0.86, -0.84
Accel: 0.13, 0.09, -0.96
Gyro: -2.11, -0.51, -0.87
Accel: 0.13, 0.08, -0.95
Gyro: -2.20, -0.79, -0.80
Accel: 0.13, 0.08, -0.95
Gyro: -2.23, -0.89, -1.31
Accel: 0.13, 0.08, -0.96
Gyro: -2.24, -0.82, -1.43
Accel: 0.13, 0.08, -0.96
Gyro: -2.35, -0.41, -1.82
Accel: 0.13, 0.09, -0.95
Gyro: -2.53, -0.09, -1.55
Accel: 0.12, 0.08, -0.95
Gyro: -2.50, -0.27, -1.27
Accel: 0.13, 0.09, -0.96
Gyro: -2.25, -0.41, -1.08
Accel: 0.13, 0.08, -0.96
Gyro: -2.29, -0.60, -1.00
Accel: 0.13, 0.08, -0.96
Gyro: -2.19, -0.65, -1.16
Accel: 0.14, 0.08, -0.96
Gyro: -2.16, -0.21, -1.39
Accel: 0.13, 0.08, -0.94
Gyro: -2.66, -0.63, -1.67
Accel: 0.14, 0.08, -0.96
Gyro: -2.56, -0.53, -1.67
Accel: 0.13, 0.09, -0.95
Gyro: -2.07, -0.15, -1.54
Accel: 0.13, 0.08, -0.95
Gyro: -1.82, -0.76, -1.25
Accel: 0.13, 0.08, -0.96
Gyro: -2.48, -0.85, -0.96
Accel: 0.13, 0.09, -0.96
Gyro: -2.20, -0.86, -0.93
Accel: 0.13, 0.08, -0.95
Gyro: -2.28, -0.61, -1.37
Accel: 0.13, 0.09, -0.96
Gyro: -2.30, -0.20, -1.85
Accel: 0.13, 0.09, -0.95
Gyro: -2.20, -0.05, -1.56
Accel: 0.14, 0.09, -0.95
Gyro: -2.43, -0.21, -1.12
Accel: 0.13, 0.09, -0.95
Gyro: -2.25, -0.76, -1.03
Accel: 0.13, 0.09, -0.96
Gyro: -2.56, -0.58, -1.20
Accel: 0.14, 0.09, -0.96
Gyro: -1.95, -0.18, -1.31
Accel: 0.13, 0.08, -0.96
Gyro: -1.98, -0.37, -1.28
Accel: 0.14, 0.08, -0.95
Gyro: -2.22, -0.58, -1.37
Accel: 0.14, 0.09, -0.95
Gyro: -2.11, -1.06, -1.21
Accel: 0.13, 0.09, -0.95
Gyro: -2.14, -0.99, -1.51
Accel: 0.13, 0.09, -0.97
Gyro: -1.95, -1.17, -1.24
Accel: 0.13, 0.09, -0.96
Gyro: -2.19, -0.61, -0.90
Accel: 0.13, 0.09, -0.96
Gyro: -2.37, -0.72, -0.84
Accel: 0.14, 0.08, -0.95
Gyro: -2.34, -1.09, -1.09
Accel: 0.13, 0.08, -0.95
Gyro: -2.36, -0.94, -1.52
Accel: 0.13, 0.09, -0.97
Gyro: -2.24, -0.79, -1.84
Accel: 0.13, 0.09, -0.97
Gyro: -2.19, -0.31, -1.53
Accel: 0.13, 0.09, -0.96
Gyro: -2.35, -0.33, -1.36
Accel: 0.14, 0.09, -0.95
Gyro: -2.51, -0.30, -1.25
Accel: 0.13, 0.09, -0.96
Gyro: -2.20, -0.72, -1.17
Accel: 0.13, 0.09, -0.96
Gyro: -2.04, -0.53, -1.08
Accel: 0.13, 0.09, -0.96
Gyro: -1.99, -0.73, -1.14
Accel: 0.13, 0.09, -0.97
Gyro: -2.02, -0.49, -1.14
Accel: 0.14, 0.09, -0.95
Gyro: -2.11, -0.59, -1.18
Accel: 0.14, 0.09, -0.96
Gyro: -2.04, -0.54, -1.30
Accel: 0.13, 0.09, -0.95
Gyro: -2.14, -0.92, -1.31
Accel: 0.14, 0.08, -0.96
Gyro: -2.01, -0.92, -0.98
Accel: 0.13, 0.09, -0.96
Gyro: -2.02, -0.60, -0.65
Accel: 0.13, 0.08, -0.95
Gyro: -2.30, -0.46, -1.01
