Accel: 0.29, 0.08, -0.92
Gyro: -2.90, -2.55, -1.40
Accel: 0.29, 0.09, -0.93
Gyro: -3.14, -2.88, -2.11
Accel: 0.28, 0.10, -0.94
Gyro: -2.92, -2.17, -1.93
Accel: 0.29, 0.09, -0.92
Gyro: -2.75, -1.23, -2.08
Accel: 0.29, 0.09, -0.92
Gyro: -2.59, -1.51, -2.52
Accel: 0.29, 0.11, -0.93
Gyro: -2.80, -2.27, -2.25
Accel: 0.28, 0.10, -0.93
Gyro: -2.75, -1.60, -1.79
Accel: 0.28, 0.09, -0.92
Gyro: -2.93, -1.17, -1.42
Accel: 0.28, 0.10, -0.93
Gyro: -3.22, -1.71, -1.46
Accel: 0.27, 0.09, -0.94
Gyro: -3.84, -1.12, -1.15
Accel: 0.27, 0.08, -0.97
Gyro: -5.58, 2.74, -1.82
Accel: 0.25, 0.07, -1.00
Gyro: -7.23, 8.29, -3.20
Accel: 0.23, 0.06, -1.08
Gyro: -10.99, 23.39, -5.14
Accel: 0.21, 0.06, -1.10
Gyro: -13.28, 42.81, -8.16
Accel: 0.20, 0.04, -1.12
Gyro: -15.21, 65.00, -13.67
Accel: 0.27, 0.09, -0.97
Gyro: -13.80, 81.60, -22.11
Accel: 0.34, 0.04, -0.87
Gyro: -1.50, 83.91, -32.92
Accel: 0.42, 0.08, -0.77
Gyro: 9.14, 78.32, -48.90
Accel: 0.48, 0.01, -0.72
Gyro: 24.51, 64.54, -66.12
Accel: 0.49, 0.01, -0.75
Gyro: 34.68, 52.96, -91.30
Accel: 0.49, -0.02, -0.77
Gyro: 36.96, 46.91, -109.93
Accel: 0.49, 0.04, -0.80
Gyro: 33.84, 42.51, -132.34
Accel: 0.50, 0.13, -0.70
Gyro: 37.67, 36.12, -140.23
Accel: 0.51, 0.17, -0.71
Gyro: 29.50, 26.47, -145.10
Accel: 0.53, 0.26, -0.67
Gyro: 29.14, 15.84, -142.30
Accel: 0.54, 0.29, -0.73
Gyro: 24.69, 2.33, -139.24
Accel: 0.53, 0.36, -0.66
Gyro: 21.75, -7.72, -127.33
Accel: 0.51, 0.40, -0.71
Gyro: 16.35, -24.19, -114.60
Accel: 0.47, 0.48, -0.75
Gyro: 15.03, -32.04, -99.75
Accel: 0.43, 0.44, -0.73
Gyro: 14.72, -41.69, -83.12
Accel: 0.39, 0.49, -0.75
Gyro: 12.41, -48.81, -70.62
Accel: 0.36, 0.48, -0.75
Gyro: 10.01, -57.09, -56.28
Accel: 0.32, 0.49, -0.76
Gyro: 9.05, -67.38, -43.79
Accel: 0.25, 0.51, -0.82
Gyro: 8.75, -72.63, -29.49
Accel: 0.20, 0.52, -0.82
Gyro: 9.01, -77.49, -14.57
Accel: 0.15, 0.43, -0.86
Gyro: 15.31, -83.63, -1.85
Accel: 0.07, 0.40, -0.93
Gyro: 10.85, -80.56, 2.32
Accel: 0.05, 0.51, -0.85
Gyro: 16.51, -83.50, 15.20
Accel: -0.03, 0.37, -0.88
Gyro: 29.37, -84.85, 28.49
Accel: -0.05, 0.36, -1.05
Gyro: 22.16, -77.17, 32.19
Accel: -0.09, 0.45, -0.93
Gyro: 19.07, -69.41, 43.30
Accel: -0.14, 0.35, -0.95
Gyro: 24.16, -65.05, 53.89
Accel: -0.13, 0.35, -1.02
Gyro: 15.10, -56.50, 57.22
Accel: -0.16, 0.39, -0.98
Gyro: 14.04, -49.81, 65.23
Accel: -0.17, 0.34, -0.97
Gyro: 14.06, -44.58, 76.08
Accel: -0.18, 0.29, -0.99
Gyro: 9.09, -35.31, 77.80
Accel: -0.18, 0.33, -0.96
Gyro: 12.46, -31.79, 82.16
Accel: -0.19, 0.33, -0.97
Gyro: 12.43, -25.99, 89.74
Accel: -0.19, 0.33, -0.99
Gyro: 10.17, -19.17, 97.02
Accel: -0.20, 0.30, -0.96
Gyro: 12.02, -14.28, 103.37
Accel: -0.18, 0.29, -0.98
Gyro: 7.90, -9.13, 105.03
Accel: -0.17, 0.27, -0.99
Gyro: 8.53, -3.59, 106.34
Accel: -0.16, 0.22, -1.00
Gyro: 10.16, 4.63, 102.85
Accel: -0.13, 0.19, -0.96
Gyro: 11.24, 10.58, 95.03
Accel: -0.12, 0.17, -0.99
Gyro: 14.50, 13.71, 86.98
Accel: -0.09, 0.14, -1.00
Gyro: 14.56, 27.34, 74.73
Accel: -0.04, 0.16, -0.92
Gyro: 17.74, 29.57, 62.36
Accel: -0.01, 0.14, -0.94
Gyro: 21.41, 28.27, 54.47
Accel: 0.01, 0.09, -0.96
Gyro: 21.65, 30.11, 43.81
Accel: 0.01, 0.12, -0.99
Gyro: 19.46, 32.61, 32.49
Accel: 0.03, 0.14, -1.00
Gyro: 19.60, 43.32, 29.23
Accel: 0.09, 0.07, -0.93
Gyro: 18.29, 43.90, 23.21
Accel: 0.10, 0.07, -0.99
Gyro: 16.01, 47.91, 15.76
Accel: 0.14, 0.09, -0.96
Gyro: 14.61, 53.17, 10.85
Accel: 0.18, 0.05, -0.93
Gyro: 15.24, 54.66, 6.37
Accel: 0.22, 0.06, -0.91
Gyro: 13.47, 52.94, 0.83
Accel: 0.26, 0.06, -0.90
Gyro: 12.40, 50.11, -2.62
Accel: 0.32, 0.05, -0.83
Gyro: 11.96, 42.59, -6.71
Accel: 0.34, 0.05, -0.84
Gyro: 10.46, 33.36, -9.94
Accel: 0.35, 0.07, -0.83
Gyro: 6.63, 24.44, -10.53
Accel: 0.38, 0.06, -0.84
Gyro: 4.65, 15.30, -10.27
Accel: 0.38, 0.07, -0.83
Gyro: 2.24, 6.49, -10.11
Accel: 0.37, 0.08, -0.85
Gyro: 1.18, -1.85, -8.45
Accel: 0.35, 0.09, -0.89
Gyro: 0.08, -3.90, -6.12
Accel: 0.36, 0.09, -0.89
Gyro: -1.29, -3.88, -4.96
Accel: 0.35, 0.10, -0.88
Gyro: -1.57, -7.12, -3.51
Accel: 0.34, 0.10, -0.91
Gyro: -1.70, -9.32, -1.61
Accel: 0.33, 0.08, -0.92
Gyro: -2.63, -8.48, -1.57
Accel: 0.33, 0.09, -0.91
Gyro: -3.42, -6.94, -1.58
Accel: 0.31, 0.10, -0.93
Gyro: -3.49, -6.48, -1.36
Accel: 0.31, 0.08, -0.93
Gyro: -4.47, -4.73, -1.61
Accel: 0.31, 0.08, -0.90
Gyro: -6.51, -5.45, -2.99
Accel: 0.30, 0.11, -0.92
Gyro: -8.20, -6.36, -3.11
Accel: 0.30, 0.11, -0.92
Gyro: -7.53, -5.94, -2.11
Accel: 0.29, 0.12, -0.92
Gyro: -6.58, -6.37, -1.66
Accel: 0.28, 0.13, -0.94
Gyro: -4.59, -4.81, -0.30
Accel: 0.28, 0.11, -0.94
Gyro: -2.50, -2.78, 0.14
Accel: 0.29, 0.10, -0.93
Gyro: -1.76, -2.20, -0.55
Accel: 0.29, 0.10, -0.92
Gyro: -1.86, -2.59, -1.19
Accel: 0.29, 0.09, -0.93
Gyro: -2.01, -1.95, -1.14
Accel: 0.30, 0.09, -0.92
Gyro: -2.97, -1.51, -2.27
Accel: 0.30, 0.12, -0.92
Gyro: -3.46, -2.22, -2.61
Accel: 0.29, 0.11, -0.94
Gyro: -3.13, -0.99, -1.53
Accel: 0.30, 0.10, -0.93
Gyro: -3.12, 0.37, -1.71
Accel: 0.30, 0.10, -0.91
Gyro: -3.07, -0.27, -2.42
Accel: 0.29, 0.12, -0.91
Gyro: -3.00, -1.95, -2.35
Accel: 0.28, 0.11, -0.92
Gyro: -3.18, -1.48, -1.14
Accel: 0.29, 0.11, -0.92
Gyro: -3.20, -1.30, -0.44
Accel: 0.29, 0.11, -0.92
Gyro: -4.04, -1.90, -0.72
Accel: 0.29, 0.12, -0.93
Gyro: -3.91, -1.76, -0.50
Accel: 0.28, 0.11, -0.92
Gyro: -3.68, -1.43, -0.72
