Accel: 0.28, 0.10, -0.92
Gyro: -2.89, -1.45, -0.52
Accel: 0.28, 0.10, -0.92
Gyro: -2.52, -1.95, -1.05
Accel: 0.29, 0.11, -0.92
Gyro: -2.29, -1.99, -0.89
Accel: 0.27, 0.11, -0.93
Gyro: -1.76, -1.41, -0.50
Accel: 0.28, 0.10, -0.94
Gyro: -1.98, -0.85, -0.64
Accel: 0.27, 0.10, -0.93
Gyro: -2.26, -0.63, -0.82
Accel: 0.28, 0.10, -0.93
Gyro: -2.22, -0.11, -0.79
Accel: 0.29, 0.09, -0.92
Gyro: -2.59, -0.15, -1.54
Accel: 0.29, 0.10, -0.92
Gyro: -2.78, -1.37, -1.72
Accel: 0.28, 0.11, -0.93
Gyro: -2.91, -1.50, -1.44
Accel: 0.29, 0.10, -0.93
Gyro: -2.69, -0.81, -0.59
Accel: 0.28, 0.10, -0.92
Gyro: -3.04, -0.82, -0.56
Accel: 0.26, 0.09, -0.94
Gyro: -4.21, -0.08, -0.75
Accel: 0.25, 0.09, -0.98
Gyro: -6.71, 4.42, -1.01
Accel: 0.24, 0.10, -1.03
Gyro: -10.70, 15.70, -0.18
Accel: 0.20, 0.06, -1.12
Gyro: -13.99, 30.36, -0.05
Accel: 0.21, 0.10, -1.09
Gyro: -17.11, 56.92, 0.56
Accel: 0.19, 0.10, -1.14
Gyro: -17.85, 75.57, 0.94
Accel: 0.25, 0.04, -1.00
Gyro: -21.10, 101.44, -4.62
Accel: 0.37, 0.05, -0.80
Gyro: -8.87, 101.11, -18.71
Accel: 0.45, 0.08, -0.73
Gyro: 4.41, 89.40, -30.62
Accel: 0.50, -0.01, -0.73
Gyro: 14.93, 78.93, -49.74
Accel: 0.54, 0.06, -0.71
Gyro: 17.53, 70.37, -73.54
Accel: 0.55, 0.07, -0.70
Gyro: 23.89, 59.45, -85.10
Accel: 0.59, 0.05, -0.70
Gyro: 27.74, 55.11, -108.92
Accel: 0.64, 0.20, -0.58
Gyro: 25.86, 41.90, -118.03
Accel: 0.66, 0.12, -0.56
Gyro: 32.79, 21.47, -127.13
Accel: 0.65, 0.21, -0.57
Gyro: 30.52, 4.75, -131.72
Accel: 0.63, 0.27, -0.55
Gyro: 19.71, -11.35, -130.08
Accel: 0.57, 0.32, -0.63
Gyro: 18.27, -23.16, -127.38
Accel: 0.52, 0.48, -0.73
Gyro: 16.12, -32.82, -118.09
Accel: 0.47, 0.48, -0.74
Gyro: 21.22, -35.86, -105.74
Accel: 0.45, 0.54, -0.69
Gyro: 21.73, -40.15, -91.71
Accel: 0.42, 0.53, -0.72
Gyro: 20.16, -50.94, -76.67
Accel: 0.37, 0.51, -0.74
Gyro: 17.20, -56.78, -64.32
Accel: 0.31, 0.53, -0.82
Gyro: 18.45, -60.36, -51.61
Accel: 0.27, 0.51, -0.80
Gyro: 18.14, -61.39, -41.59
Accel: 0.24, 0.52, -0.80
Gyro: 18.05, -65.50, -31.73
Accel: 0.19, 0.51, -0.82
Gyro: 19.44, -73.57, -18.22
Accel: 0.15, 0.46, -0.88
Gyro: 23.32, -73.78, -7.87
Accel: 0.12, 0.48, -0.85
Gyro: 22.27, -71.35, 1.85
Accel: 0.06, 0.53, -0.78
Gyro: 29.14, -80.92, 19.00
Accel: -0.01, 0.29, -0.97
Gyro: 30.24, -82.82, 27.49
Accel: -0.02, 0.40, -1.00
Gyro: 26.28, -66.99, 28.58
Accel: -0.05, 0.45, -0.88
Gyro: 30.23, -67.50, 43.63
Accel: -0.09, 0.42, -0.93
Gyro: 28.24, -66.54, 59.75
Accel: -0.12, 0.41, -0.96
Gyro: 24.83, -61.03, 73.23
Accel: -0.15, 0.40, -0.98
Gyro: 22.90, -55.66, 86.14
Accel: -0.17, 0.36, -0.99
Gyro: 20.85, -48.23, 97.21
Accel: -0.18, 0.32, -1.00
Gyro: 18.32, -38.93, 101.81
Accel: -0.18, 0.33, -0.93
Gyro: 22.81, -37.46, 108.20
Accel: -0.19, 0.21, -1.02
Gyro: 22.09, -27.36, 107.44
Accel: -0.18, 0.20, -0.97
Gyro: 18.65, -19.24, 100.95
Accel: -0.17, 0.19, -0.93
Gyro: 20.22, -16.88, 99.32
Accel: -0.16, 0.16, -1.00
Gyro: 19.04, -12.44, 96.18
Accel: -0.16, 0.15, -1.00
Gyro: 14.63, -5.53, 90.77
Accel: -0.16, 0.15, -1.02
Gyro: 14.76, 0.30, 86.67
Accel: -0.16, 0.12, -1.06
Gyro: 11.56, 10.60, 82.12
Accel: -0.13, 0.10, -1.03
Gyro: 8.87, 22.24, 72.80
Accel: -0.10, 0.13, -1.00
Gyro: 8.95, 27.78, 63.00
Accel: -0.09, 0.11, -1.03
Gyro: 12.91, 37.84, 53.76
Accel: -0.03, 0.09, -0.95
Gyro: 20.31, 41.70, 41.17
Accel: 0.00, 0.10, -0.95
Gyro: 22.72, 42.72, 34.60
Accel: 0.02, 0.08, -0.96
Gyro: 20.72, 44.52, 31.14
Accel: 0.06, 0.05, -0.96
Gyro: 16.14, 48.00, 27.03
Accel: 0.09, 0.02, -0.96
Gyro: 11.41, 47.05, 20.20
Accel: 0.10, 0.03, -1.00
Gyro: 7.80, 50.32, 13.66
Accel: 0.16, 0.03, -0.93
Gyro: 5.93, 53.46, 9.07
Accel: 0.20, 0.03, -0.92
Gyro: 6.62, 48.70, 3.62
Accel: 0.24, 0.04, -0.90
Gyro: 5.49, 46.15, -0.58
Accel: 0.28, 0.02, -0.87
Gyro: 5.05, 40.75, -4.81
Accel: 0.31, 0.03, -0.84
Gyro: 4.16, 33.17, -10.53
Accel: 0.34, 0.08, -0.84
Gyro: 5.38, 23.35, -11.70
Accel: 0.36, 0.08, -0.86
Gyro: 5.60, 15.85, -10.15
Accel: 0.36, 0.07, -0.85
Gyro: 3.96, 9.08, -9.09
Accel: 0.36, 0.08, -0.87
Gyro: 2.05, 3.14, -7.77
Accel: 0.35, 0.08, -0.89
Gyro: 0.81, 1.45, -5.96
Accel: 0.35, 0.07, -0.89
Gyro: -1.19, -0.29, -5.07
Accel: 0.34, 0.08, -0.89
Gyro: -2.63, -3.76, -4.73
Accel: 0.32, 0.08, -0.93
Gyro: -3.53, -4.06, -3.27
Accel: 0.31, 0.08, -0.93
Gyro: -3.73, -2.61, -2.17
Accel: 0.32, 0.08, -0.91
Gyro: -3.65, -2.72, -2.43
Accel: 0.31, 0.10, -0.92
Gyro: -3.94, -3.55, -2.29
Accel: 0.31, 0.09, -0.93
Gyro: -4.24, -2.70, -1.75
Accel: 0.31, 0.09, -0.93
Gyro: -4.17, -1.61, -1.51
Accel: 0.31, 0.09, -0.91
Gyro: -3.62, -2.08, -2.02
Accel: 0.30, 0.08, -0.91
Gyro: -3.33, -3.05, -2.22
Accel: 0.30, 0.09, -0.92
Gyro: -3.33, -4.02, -2.40
Accel: 0.29, 0.10, -0.92
Gyro: -3.46, -4.75, -1.85
Accel: 0.29, 0.10, -0.94
Gyro: -2.98, -3.87, -1.39
Accel: 0.29, 0.10, -0.94
Gyro: -2.04, -3.15, -0.83
Accel: 0.29, 0.09, -0.92
Gyro: -1.96, -2.85, -0.92
Accel: 0.29, 0.10, -0.93
Gyro: -2.23, -2.71, -0.86
Accel: 0.29, 0.10, -0.93
Gyro: -1.85, -1.98, 0.00
Accel: 0.31, 0.08, -0.92
Gyro: -1.89, -1.33, -0.26
Accel: 0.30, 0.08, -0.91
Gyro: -2.14, -1.88, -0.95
Accel: 0.29, 0.09, -0.92
Gyro: -2.17, -2.04, -1.08
Accel: 0.29, 0.09, -0.92
Gyro: -2.46, -2.27, -1.16
Accel: 0.30, 0.09, -0.92
Gyro: -2.75, -2.82, -1.08
Accel: 0.29, 0.09, -0.92
Gyro: -3.29, -3.50, -1.32
Accel: 0.28, 0.09, -0.93
Gyro: -2.76, -2.85, -0.63
