Accel: 0.29, 0.10, -0.92
Gyro: -2.56, -0.98, -1.02
Accel: 0.29, 0.10, -0.92
Gyro: -2.82, -1.14, -1.25
Accel: 0.29, 0.10, -0.92
Gyro: -2.91, -0.92, -1.27
Accel: 0.29, 0.10, -0.92
Gyro: -3.04, -1.32, -1.49
Accel: 0.29, 0.10, -0.93
Gyro: -3.27, -1.34, -1.11
Accel: 0.28, 0.10, -0.93
Gyro: -3.37, -0.24, -0.67
Accel: 0.29, 0.10, -0.94
Gyro: -3.33, 0.73, -0.14
Accel: 0.29, 0.10, -0.92
Gyro: -3.21, 1.20, -0.10
Accel: 0.30, 0.10, -0.92
Gyro: -3.20, 0.88, -0.08
Accel: 0.29, 0.11, -0.93
Gyro: -2.82, 0.86, -0.31
Accel: 0.29, 0.10, -0.92
Gyro: -2.57, 1.36, -0.55
Accel: 0.29, 0.11, -0.92
Gyro: -2.56, 0.55, -0.71
Accel: 0.29, 0.11, -0.93
Gyro: -2.21, 0.98, -0.40
Accel: 0.29, 0.10, -0.93
Gyro: -2.25, 2.42, -0.13
Accel: 0.28, 0.09, -0.97
Gyro: -2.88, 5.15, -0.05
Accel: 0.24, 0.08, -1.04
Gyro: -4.53, 15.45, -1.71
Accel: 0.24, 0.07, -1.08
Gyro: -5.46, 34.79, -3.82
Accel: 0.26, 0.05, -0.99
Gyro: -5.39, 45.81, -8.29
Accel: 0.26, 0.04, -1.05
Gyro: -5.17, 61.70, -16.16
Accel: 0.30, 0.05, -0.97
Gyro: -0.26, 71.02, -25.64
Accel: 0.32, 0.06, -1.00
Gyro: 5.36, 84.02, -37.30
Accel: 0.39, 0.07, -0.83
Gyro: 8.81, 89.89, -44.81
Accel: 0.39, 0.09, -0.89
Gyro: 17.12, 93.35, -54.57
Accel: 0.48, 0.15, -0.73
Gyro: 12.76, 96.86, -60.54
Accel: 0.56, 0.15, -0.61
Gyro: 23.84, 80.24, -61.39
Accel: 0.61, 0.05, -0.69
Gyro: 29.01, 72.40, -74.37
Accel: 0.65, 0.15, -0.63
Gyro: 23.69, 60.47, -88.51
Accel: 0.69, 0.09, -0.57
Gyro: 32.49, 47.04, -94.87
Accel: 0.74, 0.18, -0.56
Gyro: 31.19, 31.03, -110.86
Accel: 0.76, 0.23, -0.45
Gyro: 38.15, 12.74, -111.61
Accel: 0.75, 0.25, -0.54
Gyro: 42.45, -10.86, -115.14
Accel: 0.69, 0.31, -0.53
Gyro: 48.82, -25.46, -117.76
Accel: 0.66, 0.33, -0.58
Gyro: 56.82, -39.30, -114.00
Accel: 0.61, 0.36, -0.61
Gyro: 51.03, -50.80, -105.06
Accel: 0.56, 0.41, -0.64
Gyro: 49.65, -63.29, -88.66
Accel: 0.51, 0.41, -0.68
Gyro: 41.07, -73.53, -72.85
Accel: 0.44, 0.40, -0.71
Gyro: 34.40, -86.52, -54.05
Accel: 0.35, 0.34, -0.80
Gyro: 30.39, -92.62, -43.68
Accel: 0.30, 0.37, -0.81
Gyro: 29.58, -95.22, -34.40
Accel: 0.24, 0.40, -0.83
Gyro: 31.85, -103.23, -21.76
Accel: 0.17, 0.36, -0.89
Gyro: 33.81, -106.61, -4.16
Accel: 0.11, 0.32, -0.96
Gyro: 28.69, -103.02, 7.52
Accel: 0.03, 0.34, -0.90
Gyro: 27.72, -102.65, 23.12
Accel: -0.02, 0.27, -0.99
Gyro: 29.56, -91.95, 34.65
Accel: -0.08, 0.28, -0.95
Gyro: 38.99, -87.97, 50.87
Accel: -0.14, 0.28, -1.01
Gyro: 30.98, -81.74, 67.95
Accel: -0.17, 0.21, -1.11
Gyro: 22.48, -67.61, 79.51
Accel: -0.20, 0.26, -1.03
Gyro: 3.57, -58.07, 89.04
Accel: -0.23, 0.21, -1.02
Gyro: 3.80, -51.66, 101.38
Accel: -0.24, 0.17, -1.07
Gyro: -4.81, -41.27, 101.95
Accel: -0.24, 0.21, -1.03
Gyro: -7.53, -32.52, 104.19
Accel: -0.24, 0.21, -1.01
Gyro: -7.06, -26.03, 107.40
Accel: -0.23, 0.20, -1.02
Gyro: -5.03, -17.53, 109.05
Accel: -0.23, 0.20, -1.01
Gyro: -2.78, -9.73, 109.73
Accel: -0.22, 0.16, -1.02
Gyro: -0.24, -2.40, 107.65
Accel: -0.20, 0.13, -1.04
Gyro: -0.11, 8.32, 99.72
Accel: -0.18, 0.15, -1.04
Gyro: -0.92, 17.35, 91.83
Accel: -0.15, 0.13, -0.98
Gyro: 0.77, 22.48, 83.23
Accel: -0.12, 0.12, -0.96
Gyro: 3.96, 23.63, 73.49
Accel: -0.09, 0.13, -0.94
Gyro: 7.11, 24.75, 64.30
Accel: -0.05, 0.08, -0.94
Gyro: 11.02, 24.64, 53.57
Accel: -0.04, 0.10, -0.98
Gyro: 13.71, 24.58, 42.30
Accel: -0.02, 0.11, -0.98
Gyro: 11.60, 31.45, 34.16
Accel: -0.01, 0.09, -1.03
Gyro: 13.54, 36.65, 27.05
Accel: 0.03, 0.08, -1.01
Gyro: 13.47, 44.29, 18.46
Accel: 0.05, 0.09, -0.99
Gyro: 14.98, 50.55, 11.42
Accel: 0.08, 0.08, -0.97
Gyro: 17.70, 52.55, 4.44
Accel: 0.13, 0.08, -0.94
Gyro: 19.25, 54.36, -1.56
Accel: 0.14, 0.09, -0.97
Gyro: 19.95, 53.63, -5.26
Accel: 0.20, 0.09, -0.91
Gyro: 16.49, 54.99, -8.23
Accel: 0.24, 0.07, -0.90
Gyro: 16.68, 50.57, -8.88
Accel: 0.28, 0.07, -0.87
Gyro: 14.28, 46.41, -9.70
Accel: 0.31, 0.07, -0.86
Gyro: 13.90, 38.99, -8.92
Accel: 0.34, 0.06, -0.82
Gyro: 9.62, 32.77, -8.03
Accel: 0.37, 0.05, -0.82
Gyro: 6.94, 22.48, -7.38
Accel: 0.39, 0.06, -0.82
Gyro: 3.04, 11.91, -6.62
Accel: 0.37, 0.06, -0.85
Gyro: 0.65, 4.41, -5.99
Accel: 0.37, 0.06, -0.88
Gyro: -0.60, 1.82, -4.99
Accel: 0.37, 0.06, -0.87
Gyro: -1.98, -1.11, -4.78
Accel: 0.36, 0.06, -0.90
Gyro: -2.84, -4.57, -4.04
Accel: 0.35, 0.07, -0.92
Gyro: -3.27, -4.26, -3.67
Accel: 0.35, 0.07, -0.92
Gyro: -4.15, -2.20, -3.50
Accel: 0.35, 0.08, -0.90
Gyro: -3.27, -2.82, -2.53
Accel: 0.33, 0.09, -0.93
Gyro: -3.40, -3.20, -1.37
Accel: 0.33, 0.08, -0.92
Gyro: -3.04, -1.47, -0.56
Accel: 0.32, 0.07, -0.91
Gyro: -2.45, -0.83, -1.14
Accel: 0.32, 0.07, -0.91
Gyro: -2.47, -1.94, -1.95
Accel: 0.32, 0.08, -0.91
Gyro: -2.04, -2.25, -1.50
Accel: 0.32, 0.08, -0.92
Gyro: -2.25, -2.26, -1.53
Accel: 0.31, 0.09, -0.91
Gyro: -2.62, -3.03, -1.26
Accel: 0.32, 0.08, -0.93
Gyro: -3.04, -2.80, 0.16
Accel: 0.31, 0.08, -0.94
Gyro: -3.42, -1.67, 0.16
Accel: 0.32, 0.06, -0.92
Gyro: -3.18, -1.24, -0.11
Accel: 0.32, 0.08, -0.92
Gyro: -3.48, -1.18, -1.27
Accel: 0.32, 0.08, -0.93
Gyro: -2.70, -0.47, -0.99
Accel: 0.32, 0.08, -0.92
Gyro: -2.24, 0.28, -1.01
Accel: 0.33, 0.08, -0.90
Gyro: -2.35, -0.12, -1.40
Accel: 0.33, 0.08, -0.91
Gyro: -2.69, -0.51, -1.24
Accel: 0.33, 0.08, -0.91
Gyro: -2.68, -0.11, -0.52
Accel: 0.33, 0.07, -0.90
Gyro: -2.68, -0.55, -0.71
Accel: 0.33, 0.07, -0.90
Gyro: -3.35, -2.49, -1.37
