Accel: 0.28, 0.12, -0.93
Gyro: -2.04, 0.09, -1.79
Accel: 0.28, 0.12, -0.92
Gyro: -2.27, -0.67, -1.56
Accel: 0.28, 0.12, -0.93
Gyro: -2.47, -0.27, -0.98
Accel: 0.29, 0.12, -0.93
Gyro: -2.59, -0.11, -0.82
Accel: 0.28, 0.12, -0.93
Gyro: -2.30, -0.24, -0.36
Accel: 0.29, 0.11, -0.92
Gyro: -2.48, -0.56, -0.43
Accel: 0.28, 0.12, -0.92
Gyro: -2.30, -0.82, -1.04
Accel: 0.28, 0.12, -0.93
Gyro: -1.98, -0.58, -1.13
Accel: 0.29, 0.11, -0.92
Gyro: -1.60, -0.63, -0.88
Accel: 0.29, 0.12, -0.91
Gyro: -1.68, -0.95, -0.74
Accel: 0.28, 0.12, -0.92
Gyro: -1.60, -2.13, -0.40
Accel: 0.28, 0.12, -0.93
Gyro: -1.71, -1.78, -0.21
Accel: 0.27, 0.12, -0.96
Gyro: -1.86, 0.70, 0.43
Accel: 0.23, 0.07, -1.03
Gyro: -2.85, 8.28, -0.40
Accel: 0.15, 0.06, -1.22
Gyro: -10.01, 32.33, -5.99
Accel: 0.18, 0.08, -1.14
Gyro: -17.03, 66.47, -8.30
Accel: 0.18, 0.05, -1.11
Gyro: -13.43, 82.05, -16.20
Accel: 0.26, 0.15, -0.96
Gyro: -11.29, 99.90, -22.22
Accel: 0.35, 0.21, -0.89
Gyro: 2.13, 103.71, -20.36
Accel: 0.38, 0.19, -0.90
Gyro: 2.88, 118.72, -14.63
Accel: 0.53, 0.13, -0.59
Gyro: 9.07, 107.18, -15.23
Accel: 0.59, 0.12, -0.64
Gyro: 10.96, 90.45, -18.78
Accel: 0.66, 0.04, -0.59
Gyro: 12.41, 76.56, -27.03
Accel: 0.72, -0.01, -0.58
Gyro: 12.92, 61.97, -49.70
Accel: 0.74, -0.02, -0.50
Gyro: 21.41, 44.90, -75.33
Accel: 0.75, 0.05, -0.54
Gyro: 38.74, 28.69, -102.87
Accel: 0.73, 0.16, -0.51
Gyro: 41.48, 11.67, -118.49
Accel: 0.70, 0.16, -0.54
Gyro: 54.59, -2.40, -125.98
Accel: 0.67, 0.29, -0.63
Gyro: 49.38, -10.58, -126.53
Accel: 0.67, 0.37, -0.62
Gyro: 50.28, -17.59, -111.84
Accel: 0.63, 0.32, -0.64
Gyro: 47.21, -28.76, -102.54
Accel: 0.61, 0.36, -0.69
Gyro: 45.07, -34.64, -94.73
Accel: 0.60, 0.36, -0.66
Gyro: 39.98, -44.65, -81.63
Accel: 0.55, 0.39, -0.68
Gyro: 37.96, -54.35, -72.85
Accel: 0.53, 0.36, -0.67
Gyro: 36.41, -66.18, -59.92
Accel: 0.45, 0.35, -0.71
Gyro: 29.87, -78.42, -50.86
Accel: 0.38, 0.38, -0.78
Gyro: 22.03, -87.46, -37.44
Accel: 0.33, 0.37, -0.81
Gyro: 17.11, -89.02, -23.42
Accel: 0.25, 0.29, -0.88
Gyro: 13.88, -90.09, -16.24
Accel: 0.23, 0.37, -0.80
Gyro: 12.41, -92.33, -11.81
Accel: 0.16, 0.34, -0.82
Gyro: 20.33, -106.07, 0.90
Accel: 0.07, 0.26, -0.88
Gyro: 33.39, -103.51, 8.05
Accel: 0.02, 0.34, -0.90
Gyro: 28.91, -106.29, 17.35
Accel: -0.06, 0.40, -0.88
Gyro: 32.82, -113.44, 38.64
Accel: -0.19, 0.25, -1.20
Gyro: 33.58, -96.42, 56.99
Accel: -0.19, 0.31, -1.10
Gyro: 0.55, -68.51, 62.34
Accel: -0.20, 0.32, -1.02
Gyro: 1.64, -62.33, 75.50
Accel: -0.24, 0.29, -1.10
Gyro: -3.67, -48.42, 87.21
Accel: -0.23, 0.29, -1.06
Gyro: -6.45, -33.84, 96.05
Accel: -0.22, 0.29, -1.00
Gyro: -7.48, -24.09, 105.37
Accel: -0.22, 0.24, -1.03
Gyro: -5.00, -16.98, 109.68
Accel: -0.22, 0.21, -1.04
Gyro: 0.49, -5.05, 105.77
Accel: -0.18, 0.14, -1.02
Gyro: 4.57, 3.29, 96.30
Accel: -0.17, 0.05, -1.07
Gyro: 5.88, 17.52, 70.03
Accel: -0.12, 0.22, -1.00
Gyro: 10.50, 26.50, 58.20
Accel: -0.09, 0.23, -0.98
Gyro: 8.01, 31.28, 61.85
Accel: -0.08, 0.20, -0.99
Gyro: 1.66, 34.02, 65.88
Accel: -0.04, 0.14, -0.98
Gyro: -0.73, 41.53, 62.87
Accel: 0.01, 0.12, -0.93
Gyro: 0.81, 42.06, 53.67
Accel: 0.04, 0.12, -0.97
Gyro: 1.26, 43.72, 44.01
Accel: 0.09, 0.14, -0.91
Gyro: 5.54, 42.42, 34.87
Accel: 0.12, 0.11, -0.90
Gyro: 9.30, 37.82, 25.39
Accel: 0.13, 0.12, -0.95
Gyro: 10.28, 39.50, 16.72
Accel: 0.16, 0.13, -0.93
Gyro: 11.63, 40.31, 11.47
Accel: 0.18, 0.12, -0.94
Gyro: 12.45, 42.72, 5.31
Accel: 0.17, 0.17, -1.02
Gyro: 12.86, 47.55, 3.47
Accel: 0.23, 0.14, -0.89
Gyro: 12.69, 50.17, 3.71
Accel: 0.29, 0.11, -0.85
Gyro: 12.62, 43.15, 2.30
Accel: 0.32, 0.10, -0.84
Gyro: 10.35, 31.77, 0.41
Accel: 0.34, 0.10, -0.86
Gyro: 5.27, 25.65, -0.24
Accel: 0.36, 0.09, -0.84
Gyro: 2.65, 18.16, -0.51
Accel: 0.37, 0.10, -0.83
Gyro: 0.22, 10.57, -1.53
Accel: 0.38, 0.10, -0.84
Gyro: -0.24, 3.85, -2.46
Accel: 0.37, 0.11, -0.84
Gyro: -0.82, -2.29, -3.13
Accel: 0.36, 0.12, -0.88
Gyro: -1.16, -5.47, -3.17
Accel: 0.35, 0.13, -0.90
Gyro: -2.28, -6.26, -2.66
Accel: 0.33, 0.13, -0.90
Gyro: -2.56, -7.13, -1.16
Accel: 0.32, 0.13, -0.92
Gyro: -2.64, -7.53, -0.79
Accel: 0.32, 0.13, -0.94
Gyro: -1.56, -5.20, -1.30
Accel: 0.32, 0.14, -0.93
Gyro: -0.43, -3.35, -1.82
Accel: 0.32, 0.13, -0.90
Gyro: 0.72, -3.52, -1.39
Accel: 0.31, 0.12, -0.92
Gyro: 0.14, -4.66, -1.14
Accel: 0.29, 0.14, -0.92
Gyro: -0.89, -3.75, -0.38
Accel: 0.30, 0.12, -0.92
Gyro: -1.43, -2.52, 0.34
Accel: 0.30, 0.11, -0.92
Gyro: -2.17, -2.12, -0.33
Accel: 0.29, 0.12, -0.92
Gyro: -2.70, -2.30, -0.95
Accel: 0.29, 0.13, -0.92
Gyro: -2.51, -2.46, -0.22
Accel: 0.29, 0.12, -0.92
Gyro: -2.43, -2.04, -0.12
Accel: 0.29, 0.11, -0.92
Gyro: -2.78, -1.91, -0.36
Accel: 0.29, 0.13, -0.93
Gyro: -3.51, -1.91, -0.59
Accel: 0.29, 0.13, -0.93
Gyro: -2.66, -0.38, 0.21
Accel: 0.30, 0.11, -0.92
Gyro: -2.33, 0.44, -0.53
Accel: 0.30, 0.12, -0.92
Gyro: -1.95, 0.17, -0.86
Accel: 0.30, 0.13, -0.92
Gyro: -1.75, -0.36, -1.49
Accel: 0.31, 0.12, -0.92
Gyro: -1.63, -0.22, -1.30
Accel: 0.31, 0.12, -0.91
Gyro: -1.17, -0.14, -0.95
Accel: 0.31, 0.12, -0.90
Gyro: -1.88, -1.10, -0.86
Accel: 0.31, 0.12, -0.90
Gyro: -2.66, -2.18, -0.64
Accel: 0.30, 0.12, -0.91
Gyro: -2.95, -2.14, -0.53
Accel: 0.30, 0.11, -0.92
Gyro: -2.66, -1.95, -1.24
Accel: 0.30, 0.12, -0.92
Gyro: -2.74, -2.33, -1.63
