Accel: 0.27, 0.10, -0.94
Gyro: -2.85, -1.80, -0.79
Accel: 0.26, 0.10, -0.94
Gyro: -2.85, -1.20, -0.77
Accel: 0.27, 0.11, -0.93
Gyro: -2.71, -1.00, -0.64
Accel: 0.26, 0.09, -0.93
Gyro: -2.85, -2.02, -0.85
Accel: 0.26, 0.10, -0.94
Gyro: -3.32, -1.52, -1.16
Accel: 0.26, 0.10, -0.93
Gyro: -3.26, -1.08, -0.77
Accel: 0.26, 0.11, -0.94
Gyro: -2.78, -0.66, -0.48
Accel: 0.26, 0.11, -0.94
Gyro: -2.85, -0.40, -0.49
Accel: 0.26, 0.11, -0.94
Gyro: -2.45, 0.34, 0.00
Accel: 0.27, 0.11, -0.93
Gyro: -2.28, 1.31, 0.02
Accel: 0.27, 0.11, -0.92
Gyro: -2.67, 0.87, 0.06
Accel: 0.26, 0.11, -0.94
Gyro: -2.81, 1.53, 0.23
Accel: 0.27, 0.11, -0.94
Gyro: -2.31, 2.26, 1.17
Accel: 0.27, 0.10, -0.92
Gyro: -2.87, 2.69, 1.21
Accel: 0.27, 0.11, -0.94
Gyro: -3.60, 3.43, 1.58
Accel: 0.27, 0.11, -0.94
Gyro: -4.06, 3.69, 2.37
Accel: 0.26, 0.10, -0.94
Gyro: -5.04, 4.66, 2.61
Accel: 0.26, 0.10, -0.95
Gyro: -5.87, 7.08, 1.72
Accel: 0.26, 0.10, -0.97
Gyro: -6.66, 10.35, 1.27
Accel: 0.25, 0.09, -0.99
Gyro: -7.10, 15.81, 0.28
Accel: 0.26, 0.10, -0.98
Gyro: -7.74, 26.31, -1.43
Accel: 0.28, 0.08, -0.96
Gyro: -6.65, 29.72, -3.36
Accel: 0.26, 0.07, -1.03
Gyro: -7.19, 40.06, -8.11
Accel: 0.27, 0.04, -1.02
Gyro: -6.44, 58.83, -16.82
Accel: 0.30, 0.02, -1.02
Gyro: 0.94, 73.83, -34.34
Accel: 0.34, -0.04, -0.87
Gyro: 15.22, 84.02, -52.70
Accel: 0.41, -0.02, -0.80
Gyro: 25.91, 81.41, -80.60
Accel: 0.44, 0.01, -0.81
Gyro: 33.05, 75.64, -99.33
Accel: 0.41, -0.00, -0.89
Gyro: 36.49, 79.64, -125.38
Accel: 0.48, 0.19, -0.71
Gyro: 32.72, 78.80, -138.73
Accel: 0.49, 0.15, -0.73
Gyro: 48.18, 67.79, -144.49
Accel: 0.56, 0.30, -0.70
Gyro: 36.70, 58.90, -148.00
Accel: 0.63, 0.30, -0.51
Gyro: 31.27, 40.66, -132.93
Accel: 0.62, 0.34, -0.59
Gyro: 20.36, 23.35, -123.21
Accel: 0.63, 0.38, -0.58
Gyro: 20.10, 4.39, -112.34
Accel: 0.61, 0.43, -0.61
Gyro: 12.95, -9.73, -102.29
Accel: 0.59, 0.39, -0.60
Gyro: 21.50, -22.10, -94.26
Accel: 0.58, 0.42, -0.59
Gyro: 21.87, -39.17, -93.49
Accel: 0.52, 0.42, -0.63
Gyro: 31.54, -49.93, -82.18
Accel: 0.45, 0.44, -0.75
Gyro: 30.73, -57.66, -77.37
Accel: 0.43, 0.50, -0.68
Gyro: 31.38, -67.70, -64.62
Accel: 0.35, 0.43, -0.77
Gyro: 28.20, -78.56, -52.77
Accel: 0.28, 0.52, -0.81
Gyro: 26.47, -79.27, -40.28
Accel: 0.23, 0.53, -0.80
Gyro: 26.37, -86.78, -19.39
Accel: 0.16, 0.47, -0.86
Gyro: 21.77, -92.80, 0.79
Accel: 0.12, 0.58, -0.88
Gyro: 17.56, -91.56, 19.70
Accel: 0.07, 0.53, -0.77
Gyro: 29.49, -102.68, 44.91
Accel: -0.06, 0.16, -0.94
Gyro: 32.23, -102.99, 51.79
Accel: -0.13, 0.36, -1.11
Gyro: 15.20, -84.54, 48.49
Accel: -0.11, 0.39, -0.91
Gyro: 30.71, -75.52, 57.99
Accel: -0.13, 0.38, -0.93
Gyro: 32.77, -74.04, 75.61
Accel: -0.17, 0.36, -1.00
Gyro: 24.72, -69.77, 88.52
Accel: -0.22, 0.36, -0.98
Gyro: 19.48, -61.75, 103.08
Accel: -0.24, 0.27, -1.04
Gyro: 17.41, -52.41, 114.36
Accel: -0.25, 0.23, -1.03
Gyro: 6.79, -40.51, 111.16
Accel: -0.23, 0.23, -0.98
Gyro: 6.37, -33.78, 108.93
Accel: -0.22, 0.24, -0.99
Gyro: 2.25, -26.78, 108.41
Accel: -0.21, 0.28, -0.99
Gyro: 2.33, -20.51, 111.17
Accel: -0.20, 0.25, -0.96
Gyro: 4.44, -16.82, 113.97
Accel: -0.19, 0.21, -0.97
Gyro: 3.65, -12.25, 113.73
Accel: -0.18, 0.23, -0.98
Gyro: 0.89, -7.23, 110.98
Accel: -0.16, 0.17, -0.97
Gyro: 3.07, -4.52, 105.26
Accel: -0.14, 0.14, -1.01
Gyro: 3.06, 2.69, 91.01
Accel: -0.11, 0.14, -0.97
Gyro: 6.53, 8.40, 77.20
Accel: -0.09, 0.17, -0.99
Gyro: 11.76, 12.04, 64.56
Accel: -0.06, 0.12, -0.97
Gyro: 15.08, 15.59, 52.43
Accel: -0.07, 0.14, -1.00
Gyro: 18.81, 21.09, 40.60
Accel: -0.06, 0.14, -1.02
Gyro: 22.15, 30.10, 32.27
Accel: -0.03, 0.13, -1.01
Gyro: 21.80, 38.98, 24.31
Accel: -0.00, 0.15, -1.01
Gyro: 21.29, 43.54, 18.12
Accel: 0.01, 0.14, -1.05
Gyro: 22.54, 51.90, 14.66
Accel: 0.06, 0.08, -0.94
Gyro: 20.29, 61.70, 9.60
Accel: 0.14, 0.09, -0.85
Gyro: 20.32, 54.27, 2.86
Accel: 0.17, 0.10, -0.86
Gyro: 19.52, 45.12, 0.88
Accel: 0.21, 0.05, -0.87
Gyro: 16.07, 35.77, -3.93
Accel: 0.20, 0.07, -0.93
Gyro: 12.02, 32.23, -8.28
Accel: 0.23, 0.09, -0.89
Gyro: 8.53, 27.50, -9.25
Accel: 0.26, 0.06, -0.86
Gyro: 6.71, 20.55, -9.80
Accel: 0.27, 0.06, -0.87
Gyro: 3.51, 13.65, -12.66
Accel: 0.28, 0.07, -0.90
Gyro: 2.66, 8.97, -13.53
Accel: 0.28, 0.09, -0.90
Gyro: 1.37, 5.95, -14.23
Accel: 0.28, 0.12, -0.90
Gyro: 2.44, 2.24, -12.41
Accel: 0.27, 0.11, -0.95
Gyro: 2.65, 2.91, -9.50
Accel: 0.28, 0.11, -0.94
Gyro: 1.41, 3.69, -6.82
Accel: 0.28, 0.12, -0.91
Gyro: -0.19, 2.31, -3.98
Accel: 0.28, 0.11, -0.91
Gyro: -1.58, 0.18, -1.75
Accel: 0.27, 0.09, -0.92
Gyro: -2.61, -1.02, -0.96
Accel: 0.27, 0.10, -0.92
Gyro: -3.01, -2.44, -1.53
Accel: 0.26, 0.10, -0.93
Gyro: -2.94, -2.26, -1.62
Accel: 0.26, 0.09, -0.93
Gyro: -2.38, -1.91, -1.73
Accel: 0.26, 0.11, -0.92
Gyro: -2.34, -2.22, -2.08
Accel: 0.25, 0.12, -0.93
Gyro: -2.45, -2.86, -1.81
Accel: 0.25, 0.12, -0.94
Gyro: -1.69, -1.78, -0.55
Accel: 0.25, 0.10, -0.93
Gyro: -1.76, -1.46, 0.01
Accel: 0.25, 0.09, -0.93
Gyro: -2.05, -2.30, -0.40
Accel: 0.25, 0.09, -0.94
Gyro: -2.11, -2.69, -1.24
Accel: 0.25, 0.10, -0.94
Gyro: -2.38, -1.83, -2.04
Accel: 0.26, 0.11, -0.94
Gyro: -1.91, -1.15, -2.70
Accel: 0.25, 0.11, -0.93
Gyro: -0.97, -1.40, -1.79
Accel: 0.25, 0.10, -0.94
Gyro: -1.50, -1.80, -1.07
Accel: 0.25, 0.10, -0.94
Gyro: -1.69, -0.95, -0.56
