Accel: 0.24, 0.10, -0.95
Gyro: -2.96, -1.56, 0.37
Accel: 0.24, 0.10, -0.94
Gyro: -2.82, -0.91, 0.05
Accel: 0.25, 0.10, -0.94
Gyro: -2.83, -0.80, 0.11
Accel: 0.24, 0.10, -0.93
Gyro: -2.91, -1.23, 0.01
Accel: 0.25, 0.11, -0.93
Gyro: -3.08, -1.56, -0.37
Accel: 0.24, 0.11, -0.93
Gyro: -3.00, -1.46, -0.37
Accel: 0.24, 0.11, -0.95
Gyro: -2.82, -0.68, 0.16
Accel: 0.24, 0.10, -0.94
Gyro: -2.78, -0.07, 0.08
Accel: 0.24, 0.10, -0.94
Gyro: -3.14, -0.49, -0.37
Accel: 0.25, 0.12, -0.93
Gyro: -3.08, -0.99, -0.08
Accel: 0.25, 0.11, -0.94
Gyro: -3.13, -1.46, 0.26
Accel: 0.24, 0.10, -0.96
Gyro: -4.20, -0.38, 0.84
Accel: 0.23, 0.10, -0.96
Gyro: -6.15, 4.00, 1.45
Accel: 0.24, 0.08, -0.97
Gyro: -7.79, 7.05, 0.14
Accel: 0.22, 0.10, -1.01
Gyro: -9.70, 11.41, -0.65
Accel: 0.20, 0.10, -1.07
Gyro: -12.54, 24.57, -1.09
Accel: 0.23, 0.12, -0.98
Gyro: -11.74, 33.07, -1.16
Accel: 0.18, 0.10, -1.14
Gyro: -13.12, 50.16, -3.65
Accel: 0.24, 0.11, -0.98
Gyro: -13.34, 70.06, -9.52
Accel: 0.25, 0.12, -1.01
Gyro: -2.50, 78.22, -13.74
Accel: 0.31, 0.09, -0.91
Gyro: 1.95, 88.64, -21.32
Accel: 0.37, 0.05, -0.83
Gyro: 11.96, 89.00, -31.97
Accel: 0.43, 0.02, -0.83
Gyro: 17.40, 92.63, -53.50
Accel: 0.52, 0.08, -0.67
Gyro: 27.54, 78.02, -67.96
Accel: 0.54, -0.04, -0.69
Gyro: 37.59, 65.00, -89.56
Accel: 0.57, 0.09, -0.68
Gyro: 36.71, 51.71, -112.51
Accel: 0.58, 0.14, -0.62
Gyro: 38.08, 37.22, -117.27
Accel: 0.59, 0.22, -0.71
Gyro: 35.72, 30.91, -119.45
Accel: 0.61, 0.28, -0.59
Gyro: 28.05, 19.43, -111.65
Accel: 0.60, 0.22, -0.69
Gyro: 29.03, 6.13, -106.16
Accel: 0.61, 0.32, -0.72
Gyro: 24.15, 0.25, -103.74
Accel: 0.59, 0.33, -0.63
Gyro: 23.57, -12.97, -93.38
Accel: 0.57, 0.35, -0.73
Gyro: 24.30, -22.62, -88.38
Accel: 0.56, 0.43, -0.67
Gyro: 22.82, -31.88, -74.40
Accel: 0.52, 0.34, -0.69
Gyro: 20.26, -44.29, -61.47
Accel: 0.45, 0.33, -0.79
Gyro: 14.88, -50.10, -62.68
Accel: 0.43, 0.40, -0.76
Gyro: 13.79, -52.33, -57.11
Accel: 0.40, 0.40, -0.72
Gyro: 12.76, -64.09, -49.52
Accel: 0.34, 0.44, -0.76
Gyro: 12.87, -72.96, -38.96
Accel: 0.30, 0.48, -0.76
Gyro: 13.60, -82.57, -25.25
Accel: 0.23, 0.42, -0.81
Gyro: 17.35, -91.56, -10.99
Accel: 0.13, 0.37, -0.91
Gyro: 13.89, -90.88, -3.56
Accel: 0.11, 0.40, -0.92
Gyro: 12.89, -84.28, 3.94
Accel: 0.08, 0.43, -0.88
Gyro: 23.03, -84.56, 15.02
Accel: 0.02, 0.43, -0.86
Gyro: 35.68, -89.62, 34.19
Accel: -0.05, 0.37, -0.98
Gyro: 32.23, -83.86, 48.27
Accel: -0.09, 0.38, -0.95
Gyro: 24.96, -79.10, 60.66
Accel: -0.14, 0.35, -1.01
Gyro: 26.01, -70.41, 76.14
Accel: -0.16, 0.30, -1.04
Gyro: 15.75, -59.14, 87.29
Accel: -0.16, 0.30, -0.96
Gyro: 8.22, -52.62, 93.81
Accel: -0.17, 0.26, -0.97
Gyro: 10.99, -50.80, 100.60
Accel: -0.19, 0.25, -1.00
Gyro: 5.81, -42.88, 105.16
Accel: -0.20, 0.26, -0.99
Gyro: 3.88, -36.12, 110.94
Accel: -0.21, 0.21, -1.00
Gyro: 3.85, -28.54, 112.53
Accel: -0.22, 0.17, -1.03
Gyro: 4.30, -20.17, 107.73
Accel: -0.20, 0.15, -1.05
Gyro: 4.00, -8.30, 98.88
Accel: -0.19, 0.15, -1.06
Gyro: 5.26, 2.14, 88.94
Accel: -0.18, 0.10, -1.08
Gyro: 5.81, 18.13, 76.90
Accel: -0.13, 0.10, -0.97
Gyro: 7.24, 25.80, 60.17
Accel: -0.11, 0.15, -0.99
Gyro: 11.39, 30.59, 48.89
Accel: -0.07, 0.13, -0.95
Gyro: 14.18, 32.74, 41.05
Accel: -0.03, 0.13, -0.93
Gyro: 14.77, 31.68, 33.10
Accel: -0.05, 0.15, -1.05
Gyro: 16.77, 36.09, 29.50
Accel: 0.01, 0.06, -0.95
Gyro: 11.31, 47.90, 22.45
Accel: 0.07, 0.12, -0.93
Gyro: 9.20, 42.27, 13.73
Accel: 0.04, 0.15, -1.06
Gyro: 11.38, 51.31, 13.66
Accel: 0.09, 0.08, -0.95
Gyro: 13.89, 61.10, 5.21
Accel: 0.16, 0.08, -0.86
Gyro: 20.79, 55.86, -3.62
Accel: 0.15, 0.11, -0.95
Gyro: 20.00, 52.84, -5.74
Accel: 0.23, 0.07, -0.85
Gyro: 15.20, 49.77, -5.53
Accel: 0.27, 0.08, -0.83
Gyro: 10.79, 35.99, -7.24
Accel: 0.29, 0.09, -0.88
Gyro: 7.23, 27.31, -6.90
Accel: 0.31, 0.11, -0.86
Gyro: 5.46, 19.40, -4.39
Accel: 0.32, 0.08, -0.86
Gyro: 1.82, 11.44, -3.77
Accel: 0.33, 0.08, -0.87
Gyro: 0.05, 5.22, -4.39
Accel: 0.32, 0.09, -0.89
Gyro: -0.95, 0.83, -3.99
Accel: 0.32, 0.11, -0.92
Gyro: -1.05, -0.68, -2.17
Accel: 0.31, 0.11, -0.89
Gyro: -1.38, -1.53, -0.95
Accel: 0.31, 0.09, -0.90
Gyro: -1.86, -3.54, -0.85
Accel: 0.29, 0.09, -0.91
Gyro: -2.98, -5.78, -1.67
Accel: 0.29, 0.09, -0.93
Gyro: -3.68, -7.09, -2.78
Accel: 0.27, 0.12, -0.94
Gyro: -2.92, -5.20, -3.26
Accel: 0.27, 0.11, -0.94
Gyro: -2.26, -2.56, -3.66
Accel: 0.27, 0.12, -0.93
Gyro: -1.99, -2.23, -3.48
Accel: 0.27, 0.12, -0.93
Gyro: -1.84, -1.86, -2.32
Accel: 0.27, 0.12, -0.92
Gyro: -1.63, -0.97, -1.03
Accel: 0.27, 0.11, -0.90
Gyro: -2.40, -1.68, -0.83
Accel: 0.27, 0.14, -0.93
Gyro: -1.40, -3.70, 0.47
Accel: 0.26, 0.11, -0.94
Gyro: -1.50, -2.79, 1.11
Accel: 0.27, 0.10, -0.93
Gyro: -1.75, -2.30, 0.25
Accel: 0.26, 0.10, -0.94
Gyro: -1.77, -2.62, -0.56
Accel: 0.26, 0.10, -0.95
Gyro: -1.97, -2.29, -1.43
Accel: 0.26, 0.10, -0.93
Gyro: -1.86, -1.55, -1.17
Accel: 0.27, 0.11, -0.93
Gyro: -1.79, -1.19, -0.75
Accel: 0.27, 0.10, -0.92
Gyro: -1.44, -2.05, 0.11
Accel: 0.26, 0.09, -0.93
Gyro: -1.59, -2.04, -0.21
Accel: 0.27, 0.08, -0.93
Gyro: -2.57, -1.45, -0.98
Accel: 0.27, 0.10, -0.93
Gyro: -3.22, -1.22, -1.83
Accel: 0.27, 0.10, -0.93
Gyro: -3.27, -1.57, -2.18
Accel: 0.26, 0.10, -0.93
Gyro: -3.57, -1.74, -2.09
Accel: 0.26, 0.11, -0.92
Gyro: -3.33, -1.53, -1.92
