Accel: 0.25, 0.09, -0.92
Gyro: -2.23, -0.90, -1.17
Accel: 0.24, 0.10, -0.94
Gyro: -2.49, -1.21, -1.17
Accel: 0.24, 0.10, -0.95
Gyro: -2.43, -0.34, -1.53
Accel: 0.25, 0.10, -0.93
Gyro: -2.28, 0.31, -1.55
Accel: 0.25, 0.11, -0.93
Gyro: -2.24, 0.44, -1.53
Accel: 0.25, 0.10, -0.93
Gyro: -2.97, 0.47, -1.51
Accel: 0.24, 0.10, -0.94
Gyro: -2.70, 0.67, -1.09
Accel: 0.25, 0.10, -0.93
Gyro: -2.61, 1.11, -1.43
Accel: 0.24, 0.08, -0.95
Gyro: -2.23, 2.93, -2.25
Accel: 0.24, 0.08, -0.95
Gyro: -3.02, 5.47, -4.90
Accel: 0.23, 0.08, -0.98
Gyro: -4.59, 10.11, -6.75
Accel: 0.21, 0.05, -1.04
Gyro: -7.38, 18.44, -10.14
Accel: 0.22, 0.06, -1.02
Gyro: -8.85, 32.00, -16.24
Accel: 0.23, 0.06, -1.00
Gyro: -8.09, 37.67, -20.39
Accel: 0.20, -0.03, -1.10
Gyro: -12.20, 58.87, -30.22
Accel: 0.28, 0.05, -0.91
Gyro: -12.56, 66.83, -42.63
Accel: 0.30, -0.01, -0.91
Gyro: -3.90, 65.97, -55.01
Accel: 0.35, -0.01, -0.85
Gyro: 0.60, 67.52, -79.34
Accel: 0.39, -0.02, -0.78
Gyro: 14.23, 59.98, -104.69
Accel: 0.40, 0.08, -0.79
Gyro: 23.06, 52.60, -133.37
Accel: 0.42, 0.21, -0.77
Gyro: 36.64, 43.38, -146.28
Accel: 0.40, 0.22, -0.79
Gyro: 40.64, 34.74, -148.60
Accel: 0.41, 0.34, -0.85
Gyro: 36.87, 37.46, -147.40
Accel: 0.45, 0.32, -0.69
Gyro: 32.99, 28.01, -136.45
Accel: 0.48, 0.35, -0.70
Gyro: 33.59, 12.49, -130.16
Accel: 0.49, 0.47, -0.68
Gyro: 24.79, -6.23, -112.15
Accel: 0.48, 0.41, -0.66
Gyro: 22.70, -24.05, -93.84
Accel: 0.41, 0.39, -0.79
Gyro: 26.15, -33.94, -84.78
Accel: 0.40, 0.45, -0.77
Gyro: 21.64, -37.41, -72.95
Accel: 0.39, 0.47, -0.73
Gyro: 21.75, -51.77, -55.65
Accel: 0.33, 0.42, -0.77
Gyro: 19.73, -65.44, -40.65
Accel: 0.28, 0.45, -0.79
Gyro: 17.77, -72.57, -27.53
Accel: 0.20, 0.46, -0.81
Gyro: 18.43, -82.42, -10.12
Accel: 0.12, 0.32, -0.92
Gyro: 16.27, -85.93, -3.27
Accel: 0.08, 0.39, -0.94
Gyro: 18.15, -79.65, 1.94
Accel: 0.03, 0.47, -0.88
Gyro: 33.24, -81.99, 21.19
Accel: 0.00, 0.37, -0.87
Gyro: 29.60, -85.54, 39.56
Accel: -0.07, 0.36, -0.93
Gyro: 27.66, -83.30, 53.36
Accel: -0.12, 0.35, -0.93
Gyro: 27.52, -84.35, 70.67
Accel: -0.17, 0.30, -1.00
Gyro: 23.35, -78.73, 86.13
Accel: -0.22, 0.25, -1.01
Gyro: 9.59, -71.11, 93.14
Accel: -0.24, 0.24, -1.03
Gyro: 4.35, -62.14, 96.71
Accel: -0.27, 0.25, -1.02
Gyro: 1.31, -52.51, 101.26
Accel: -0.28, 0.26, -1.01
Gyro: 0.93, -42.50, 107.38
Accel: -0.28, 0.24, -1.01
Gyro: -0.05, -32.71, 110.07
Accel: -0.28, 0.24, -0.99
Gyro: 3.00, -25.00, 112.17
Accel: -0.27, 0.23, -0.99
Gyro: 6.48, -17.75, 111.98
Accel: -0.26, 0.20, -1.00
Gyro: 8.23, -10.01, 108.12
Accel: -0.26, 0.22, -1.02
Gyro: 8.30, -3.33, 102.59
Accel: -0.23, 0.18, -1.01
Gyro: 6.96, 8.26, 96.69
Accel: -0.18, 0.18, -0.95
Gyro: 10.53, 13.35, 87.77
Accel: -0.17, 0.18, -0.99
Gyro: 13.79, 14.63, 78.38
Accel: -0.15, 0.16, -0.98
Gyro: 18.04, 23.49, 70.36
Accel: -0.11, 0.12, -0.93
Gyro: 20.78, 25.18, 61.74
Accel: -0.09, 0.06, -0.97
Gyro: 18.75, 27.40, 48.70
Accel: -0.07, 0.08, -0.98
Gyro: 15.66, 29.01, 34.66
Accel: -0.07, 0.11, -1.02
Gyro: 13.97, 36.28, 25.43
Accel: -0.03, 0.07, -0.98
Gyro: 13.07, 42.45, 16.62
Accel: -0.02, 0.09, -1.03
Gyro: 9.76, 54.84, 7.00
Accel: 0.04, 0.13, -0.94
Gyro: 14.81, 52.89, 3.15
Accel: 0.08, 0.09, -0.93
Gyro: 14.80, 51.33, 0.39
Accel: 0.10, 0.11, -0.95
Gyro: 11.10, 52.10, -5.33
Accel: 0.15, 0.14, -0.89
Gyro: 9.51, 51.05, -5.07
Accel: 0.20, 0.11, -0.87
Gyro: 11.09, 41.90, -4.96
Accel: 0.22, 0.12, -0.89
Gyro: 8.38, 36.98, -6.48
Accel: 0.25, 0.13, -0.86
Gyro: 7.94, 30.36, -5.68
Accel: 0.28, 0.12, -0.86
Gyro: 6.98, 21.96, -4.49
Accel: 0.29, 0.11, -0.87
Gyro: 6.32, 14.87, -2.17
Accel: 0.29, 0.09, -0.86
Gyro: 4.67, 8.37, -1.40
Accel: 0.29, 0.09, -0.89
Gyro: 2.14, 3.36, -1.44
Accel: 0.28, 0.10, -0.92
Gyro: 0.48, 2.80, -1.39
Accel: 0.29, 0.08, -0.91
Gyro: -0.34, 2.03, -2.00
Accel: 0.29, 0.09, -0.90
Gyro: -1.36, -0.33, -3.34
Accel: 0.27, 0.10, -0.93
Gyro: -2.58, -1.34, -3.82
Accel: 0.28, 0.10, -0.93
Gyro: -2.98, -0.91, -3.69
Accel: 0.28, 0.11, -0.92
Gyro: -4.27, -2.27, -3.73
Accel: 0.26, 0.12, -0.94
Gyro: -4.21, -2.96, -2.75
Accel: 0.26, 0.12, -0.94
Gyro: -3.40, -0.69, -1.71
Accel: 0.26, 0.09, -0.91
Gyro: -3.37, -0.48, -2.10
Accel: 0.26, 0.12, -0.92
Gyro: -3.35, -1.93, -3.17
Accel: 0.26, 0.12, -0.93
Gyro: -2.32, -1.81, -2.78
Accel: 0.25, 0.11, -0.93
Gyro: -1.95, -1.69, -2.82
Accel: 0.26, 0.12, -0.93
Gyro: -2.01, -2.17, -2.33
Accel: 0.25, 0.12, -0.93
Gyro: -1.66, -2.64, -1.61
Accel: 0.25, 0.11, -0.94
Gyro: -2.07, -2.09, -1.14
Accel: 0.25, 0.10, -0.95
Gyro: -2.09, -1.28, -1.39
Accel: 0.25, 0.11, -0.93
Gyro: -2.41, -0.55, -1.79
Accel: 0.25, 0.11, -0.94
Gyro: -2.40, -0.34, -1.25
Accel: 0.26, 0.11, -0.94
Gyro: -2.33, 0.05, -0.97
Accel: 0.26, 0.10, -0.93
Gyro: -2.60, -0.08, -1.59
Accel: 0.26, 0.11, -0.93
Gyro: -2.36, -0.66, -2.04
Accel: 0.26, 0.11, -0.93
Gyro: -2.04, -0.18, -2.56
Accel: 0.25, 0.12, -0.93
Gyro: -2.31, -0.45, -2.75
Accel: 0.26, 0.13, -0.94
Gyro: -1.84, -0.79, -1.90
Accel: 0.25, 0.12, -0.93
Gyro: -1.87, -0.91, -1.16
Accel: 0.26, 0.11, -0.93
Gyro: -2.33, -1.11, -0.98
Accel: 0.25, 0.12, -0.94
Gyro: -2.29, -1.34, -0.85
Accel: 0.25, 0.11, -0.94
Gyro: -1.99, -1.69, -0.81
Accel: 0.25, 0.11, -0.94
Gyro: -2.43, -1.70, -1.40
Accel: 0.25, 0.12, -0.95
Gyro: -2.72, -1.34, -1.59
Accel: 0.24, 0.12, -0.94
Gyro: -2.59, -1.02, -1.19
