Accel: 0.29, 0.11, -0.92
Gyro: -2.60, -0.56, -1.05
Accel: 0.29, 0.11, -0.92
Gyro: -2.67, -0.91, -1.31
Accel: 0.29, 0.11, -0.91
Gyro: -2.91, -1.10, -1.70
Accel: 0.28, 0.11, -0.92
Gyro: -2.45, -1.29, -1.62
Accel: 0.29, 0.11, -0.92
Gyro: -2.58, -1.62, -1.68
Accel: 0.29, 0.12, -0.92
Gyro: -2.88, -1.60, -1.76
Accel: 0.29, 0.13, -0.93
Gyro: -2.71, -0.78, -1.07
Accel: 0.29, 0.12, -0.93
Gyro: -2.39, -0.49, -1.14
Accel: 0.29, 0.11, -0.92
Gyro: -2.53, -1.26, -1.26
Accel: 0.28, 0.12, -0.92
Gyro: -2.81, -0.65, -1.53
Accel: 0.29, 0.12, -0.93
Gyro: -2.12, 0.10, -1.03
Accel: 0.29, 0.11, -0.92
Gyro: -2.02, 0.30, -1.01
Accel: 0.28, 0.13, -0.93
Gyro: -2.75, -0.25, -0.67
Accel: 0.28, 0.12, -0.93
Gyro: -2.88, 0.22, -0.05
Accel: 0.28, 0.12, -0.93
Gyro: -2.98, 1.10, 0.09
Accel: 0.28, 0.12, -0.94
Gyro: -3.46, 1.85, 0.36
Accel: 0.25, 0.10, -1.01
Gyro: -5.49, 7.24, -0.19
Accel: 0.23, 0.12, -1.07
Gyro: -9.76, 21.97, 0.77
Accel: 0.22, 0.13, -1.08
Gyro: -12.65, 41.47, 3.57
Accel: 0.25, 0.12, -1.01
Gyro: -13.75, 55.50, 5.48
Accel: 0.25, 0.11, -1.09
Gyro: -15.14, 77.39, 4.54
Accel: 0.31, 0.10, -0.91
Gyro: -10.18, 86.88, 1.92
Accel: 0.38, 0.08, -0.86
Gyro: -5.08, 90.23, -6.05
Accel: 0.46, 0.06, -0.78
Gyro: 2.52, 89.11, -16.62
Accel: 0.51, 0.06, -0.74
Gyro: 8.99, 79.43, -27.69
Accel: 0.57, -0.00, -0.67
Gyro: 14.36, 71.35, -46.47
Accel: 0.59, 0.04, -0.71
Gyro: 22.56, 59.19, -66.30
Accel: 0.60, 0.04, -0.70
Gyro: 23.12, 53.24, -79.84
Accel: 0.66, 0.07, -0.63
Gyro: 31.68, 46.78, -102.89
Accel: 0.69, 0.16, -0.52
Gyro: 39.57, 29.47, -113.72
Accel: 0.68, 0.22, -0.59
Gyro: 39.38, 13.89, -115.33
Accel: 0.68, 0.25, -0.61
Gyro: 38.60, 0.56, -114.77
Accel: 0.65, 0.32, -0.65
Gyro: 36.54, -12.19, -108.56
Accel: 0.61, 0.29, -0.66
Gyro: 30.97, -18.71, -101.49
Accel: 0.60, 0.36, -0.64
Gyro: 30.47, -28.77, -97.36
Accel: 0.55, 0.33, -0.69
Gyro: 33.39, -39.82, -90.86
Accel: 0.53, 0.38, -0.70
Gyro: 34.74, -45.88, -89.20
Accel: 0.49, 0.34, -0.69
Gyro: 34.29, -57.11, -84.55
Accel: 0.43, 0.39, -0.74
Gyro: 32.99, -67.01, -80.36
Accel: 0.39, 0.38, -0.73
Gyro: 31.52, -74.66, -71.91
Accel: 0.30, 0.35, -0.80
Gyro: 29.91, -84.38, -65.08
Accel: 0.24, 0.42, -0.85
Gyro: 24.93, -83.99, -56.63
Accel: 0.19, 0.37, -0.84
Gyro: 24.92, -89.54, -42.59
Accel: 0.11, 0.39, -0.93
Gyro: 23.08, -87.09, -34.68
Accel: 0.05, 0.46, -0.83
Gyro: 25.63, -91.19, -16.16
Accel: -0.00, 0.40, -0.90
Gyro: 37.88, -93.61, 6.38
Accel: -0.07, 0.38, -0.99
Gyro: 27.72, -90.96, 19.86
Accel: -0.10, 0.46, -0.91
Gyro: 27.98, -91.00, 42.13
Accel: -0.14, 0.40, -0.93
Gyro: 35.55, -90.10, 66.23
Accel: -0.22, 0.29, -0.98
Gyro: 25.25, -86.65, 78.50
Accel: -0.26, 0.32, -1.03
Gyro: 13.91, -76.27, 86.81
Accel: -0.27, 0.31, -1.00
Gyro: 12.28, -66.64, 99.70
Accel: -0.31, 0.28, -1.01
Gyro: 9.63, -56.97, 107.85
Accel: -0.33, 0.28, -1.01
Gyro: 8.29, -47.10, 113.22
Accel: -0.33, 0.26, -1.03
Gyro: 9.02, -33.78, 117.98
Accel: -0.34, 0.24, -0.99
Gyro: 10.33, -24.05, 118.97
Accel: -0.31, 0.23, -0.98
Gyro: 12.41, -16.84, 117.34
Accel: -0.30, 0.20, -0.97
Gyro: 13.47, -10.68, 114.74
Accel: -0.28, 0.18, -0.96
Gyro: 11.80, -6.07, 109.04
Accel: -0.27, 0.21, -0.97
Gyro: 9.71, -1.47, 103.45
Accel: -0.25, 0.15, -0.97
Gyro: 12.16, 2.43, 96.24
Accel: -0.23, 0.13, -1.01
Gyro: 12.28, 13.81, 82.34
Accel: -0.19, 0.15, -0.96
Gyro: 17.30, 19.38, 68.72
Accel: -0.17, 0.14, -1.00
Gyro: 22.00, 22.76, 56.50
Accel: -0.16, 0.13, -1.00
Gyro: 23.73, 32.48, 46.10
Accel: -0.12, 0.13, -0.97
Gyro: 26.29, 35.71, 37.32
Accel: -0.11, 0.13, -1.05
Gyro: 29.28, 41.76, 30.09
Accel: -0.07, 0.09, -0.98
Gyro: 26.04, 51.36, 23.06
Accel: -0.02, 0.07, -0.95
Gyro: 24.21, 53.49, 15.21
Accel: -0.01, 0.07, -1.01
Gyro: 21.71, 59.29, 9.45
Accel: 0.06, 0.06, -0.93
Gyro: 22.22, 59.27, 4.56
Accel: 0.08, 0.04, -0.97
Gyro: 19.70, 63.64, -1.15
Accel: 0.15, 0.08, -0.91
Gyro: 18.02, 60.21, -4.39
Accel: 0.19, 0.05, -0.88
Gyro: 16.26, 56.39, -6.07
Accel: 0.22, 0.03, -0.92
Gyro: 13.17, 53.63, -9.48
Accel: 0.28, 0.05, -0.83
Gyro: 11.66, 44.62, -11.57
Accel: 0.31, 0.05, -0.83
Gyro: 11.38, 31.41, -11.87
Accel: 0.31, 0.03, -0.88
Gyro: 8.48, 25.49, -13.48
Accel: 0.34, 0.04, -0.85
Gyro: 5.36, 19.07, -14.71
Accel: 0.34, 0.05, -0.86
Gyro: 4.12, 10.19, -14.67
Accel: 0.33, 0.05, -0.91
Gyro: 2.29, 6.70, -14.60
Accel: 0.32, 0.07, -0.90
Gyro: 0.71, 5.37, -12.76
Accel: 0.33, 0.08, -0.88
Gyro: -1.02, 2.78, -10.16
Accel: 0.32, 0.09, -0.89
Gyro: -2.49, -0.52, -6.88
Accel: 0.32, 0.09, -0.91
Gyro: -3.60, -2.25, -3.30
Accel: 0.32, 0.08, -0.90
Gyro: -4.62, -3.10, -1.57
Accel: 0.31, 0.09, -0.91
Gyro: -5.58, -4.26, -0.23
Accel: 0.30, 0.09, -0.92
Gyro: -5.63, -4.33, 1.14
Accel: 0.30, 0.07, -0.92
Gyro: -5.04, -4.01, 0.92
Accel: 0.28, 0.07, -0.93
Gyro: -4.46, -3.73, -1.12
Accel: 0.28, 0.08, -0.93
Gyro: -3.74, -3.01, -2.37
Accel: 0.28, 0.08, -0.92
Gyro: -3.10, -2.56, -2.56
Accel: 0.28, 0.08, -0.95
Gyro: -3.07, -1.69, -2.89
Accel: 0.28, 0.10, -0.95
Gyro: -3.20, 1.10, -1.26
Accel: 0.29, 0.09, -0.92
Gyro: -2.65, 1.60, 0.14
Accel: 0.29, 0.07, -0.91
Gyro: -2.93, -0.60, -0.63
Accel: 0.29, 0.09, -0.92
Gyro: -2.92, -0.67, -0.60
Accel: 0.29, 0.07, -0.92
Gyro: -1.91, -1.43, -0.79
Accel: 0.30, 0.08, -0.92
Gyro: -1.28, -2.23, -1.76
Accel: 0.29, 0.08, -0.93
Gyro: -1.48, -2.37, -2.17
Accel: 0.29, 0.08, -0.94
Gyro: -1.66, -1.57, -2.19
