Accel: 0.26, 0.09, -0.93
Gyro: -1.95, -2.83, -1.72
Accel: 0.25, 0.09, -0.94
Gyro: -2.93, -2.89, -2.75
Accel: 0.26, 0.12, -0.94
Gyro: -2.64, -2.08, -1.95
Accel: 0.26, 0.12, -0.93
Gyro: -1.96, -1.25, -0.93
Accel: 0.26, 0.11, -0.94
Gyro: -1.37, -1.04, -0.32
Accel: 0.26, 0.10, -0.93
Gyro: -1.65, -1.51, -0.25
Accel: 0.26, 0.09, -0.94
Gyro: -1.86, -1.62, -0.75
Accel: 0.25, 0.09, -0.94
Gyro: -2.36, -1.23, -1.27
Accel: 0.27, 0.09, -0.94
Gyro: -2.85, -1.14, -1.98
Accel: 0.26, 0.08, -0.92
Gyro: -4.01, -1.06, -2.78
Accel: 0.26, 0.11, -0.92
Gyro: -4.84, -1.43, -2.82
Accel: 0.26, 0.12, -0.94
Gyro: -3.62, -1.37, -1.69
Accel: 0.26, 0.11, -0.93
Gyro: -2.05, -1.17, -0.82
Accel: 0.25, 0.09, -0.94
Gyro: -1.68, -1.43, -1.01
Accel: 0.25, 0.10, -0.95
Gyro: -2.05, -0.72, -2.35
Accel: 0.24, 0.09, -0.97
Gyro: -2.49, 1.48, -3.70
Accel: 0.24, 0.08, -0.96
Gyro: -2.86, 3.95, -6.24
Accel: 0.22, 0.05, -1.01
Gyro: -3.76, 9.77, -10.28
Accel: 0.24, 0.06, -1.00
Gyro: -4.48, 20.06, -14.67
Accel: 0.19, -0.00, -1.09
Gyro: -3.74, 26.32, -23.50
Accel: 0.17, -0.00, -1.15
Gyro: -6.55, 53.28, -38.38
Accel: 0.20, 0.02, -1.00
Gyro: -0.34, 59.36, -46.01
Accel: 0.18, -0.02, -1.12
Gyro: -5.42, 85.27, -61.94
Accel: 0.27, 0.10, -0.89
Gyro: -1.68, 93.75, -72.71
Accel: 0.29, 0.10, -0.92
Gyro: 5.48, 97.88, -79.57
Accel: 0.36, 0.17, -0.81
Gyro: 5.71, 106.25, -88.29
Accel: 0.51, 0.20, -0.54
Gyro: 20.45, 88.10, -93.48
Accel: 0.55, 0.15, -0.64
Gyro: 32.11, 66.54, -104.10
Accel: 0.59, 0.21, -0.63
Gyro: 23.82, 54.57, -112.26
Accel: 0.61, 0.23, -0.56
Gyro: 23.39, 34.81, -113.75
Accel: 0.62, 0.27, -0.61
Gyro: 18.97, 19.55, -118.29
Accel: 0.63, 0.39, -0.53
Gyro: 22.78, 2.14, -113.64
Accel: 0.60, 0.40, -0.61
Gyro: 30.93, -12.79, -108.58
Accel: 0.59, 0.43, -0.63
Gyro: 29.53, -26.76, -104.32
Accel: 0.55, 0.38, -0.64
Gyro: 39.03, -42.45, -96.60
Accel: 0.48, 0.45, -0.69
Gyro: 36.71, -50.56, -88.50
Accel: 0.45, 0.44, -0.65
Gyro: 36.22, -64.91, -74.92
Accel: 0.36, 0.39, -0.79
Gyro: 35.96, -73.49, -68.28
Accel: 0.32, 0.47, -0.76
Gyro: 33.20, -78.54, -56.05
Accel: 0.23, 0.39, -0.79
Gyro: 28.42, -91.97, -41.24
Accel: 0.14, 0.42, -0.87
Gyro: 20.35, -92.81, -28.98
Accel: 0.11, 0.50, -0.86
Gyro: 15.41, -94.64, -7.51
Accel: 0.02, 0.51, -0.99
Gyro: 15.88, -100.40, 16.62
Accel: -0.08, 0.44, -0.91
Gyro: 27.25, -96.53, 38.47
Accel: -0.09, 0.45, -0.97
Gyro: 22.75, -88.65, 52.16
Accel: -0.14, 0.39, -0.94
Gyro: 36.57, -86.57, 68.43
Accel: -0.19, 0.29, -1.02
Gyro: 36.77, -77.38, 71.38
Accel: -0.21, 0.29, -0.93
Gyro: 34.14, -72.69, 77.26
Accel: -0.25, 0.22, -1.03
Gyro: 30.01, -64.42, 84.49
Accel: -0.25, 0.21, -1.04
Gyro: 18.14, -52.19, 85.04
Accel: -0.26, 0.25, -1.02
Gyro: 13.39, -40.33, 89.86
Accel: -0.27, 0.23, -1.04
Gyro: 10.05, -31.36, 99.09
Accel: -0.27, 0.21, -1.04
Gyro: 7.95, -18.84, 100.78
Accel: -0.26, 0.23, -0.99
Gyro: 10.42, -11.30, 102.85
Accel: -0.26, 0.19, -0.98
Gyro: 14.09, -5.46, 105.90
Accel: -0.25, 0.14, -1.03
Gyro: 10.39, 3.56, 102.68
Accel: -0.22, 0.12, -1.05
Gyro: 7.02, 12.33, 93.25
Accel: -0.21, 0.13, -1.04
Gyro: 3.34, 28.26, 85.82
Accel: -0.15, 0.10, -0.96
Gyro: 4.17, 34.73, 76.84
Accel: -0.11, 0.13, -0.95
Gyro: 5.99, 35.99, 65.49
Accel: -0.07, 0.11, -0.95
Gyro: 9.19, 36.99, 56.82
Accel: -0.04, 0.08, -0.97
Gyro: 12.05, 39.45, 44.97
Accel: -0.01, 0.09, -0.94
Gyro: 15.84, 38.83, 30.96
Accel: 0.02, 0.11, -0.96
Gyro: 17.78, 37.88, 22.28
Accel: 0.04, 0.08, -0.98
Gyro: 18.40, 41.82, 15.82
Accel: 0.09, 0.09, -0.89
Gyro: 16.77, 39.31, 9.97
Accel: 0.11, 0.11, -0.93
Gyro: 16.93, 35.83, 8.30
Accel: 0.13, 0.08, -0.94
Gyro: 14.47, 34.68, 7.61
Accel: 0.16, 0.07, -0.90
Gyro: 11.06, 34.39, 5.68
Accel: 0.19, 0.09, -0.91
Gyro: 8.91, 30.50, 4.58
Accel: 0.22, 0.08, -0.89
Gyro: 8.54, 24.60, 5.10
Accel: 0.22, 0.05, -0.90
Gyro: 5.98, 20.46, 3.91
Accel: 0.23, 0.05, -0.90
Gyro: 2.27, 18.20, 1.95
Accel: 0.23, 0.06, -0.92
Gyro: 0.30, 14.53, 1.11
Accel: 0.24, 0.06, -0.93
Gyro: -0.97, 12.57, 0.27
Accel: 0.25, 0.07, -0.92
Gyro: -1.80, 11.60, -0.92
Accel: 0.25, 0.09, -0.92
Gyro: -3.02, 10.41, -1.24
Accel: 0.26, 0.09, -0.90
Gyro: -1.88, 7.47, -0.19
Accel: 0.27, 0.07, -0.90
Gyro: -1.21, 3.62, -0.82
Accel: 0.25, 0.08, -0.91
Gyro: -2.09, -0.32, -2.89
Accel: 0.25, 0.09, -0.93
Gyro: -2.38, -1.92, -3.62
Accel: 0.25, 0.09, -0.94
Gyro: -3.19, -1.91, -4.14
Accel: 0.24, 0.11, -0.94
Gyro: -3.46, -1.45, -3.40
Accel: 0.24, 0.10, -0.93
Gyro: -2.68, -1.46, -1.99
Accel: 0.24, 0.10, -0.94
Gyro: -2.88, -1.82, -1.50
Accel: 0.23, 0.10, -0.94
Gyro: -3.54, -1.60, -1.41
Accel: 0.23, 0.11, -0.94
Gyro: -3.23, -0.75, -0.71
Accel: 0.24, 0.11, -0.94
Gyro: -2.40, -0.17, -0.36
Accel: 0.24, 0.09, -0.93
Gyro: -2.45, -0.67, -1.14
Accel: 0.24, 0.10, -0.93
Gyro: -2.68, -1.35, -1.73
Accel: 0.24, 0.09, -0.95
Gyro: -2.22, -0.31, -1.84
Accel: 0.24, 0.10, -0.94
Gyro: -1.84, 0.11, -2.46
Accel: 0.25, 0.10, -0.92
Gyro: -1.75, -0.91, -3.12
Accel: 0.24, 0.10, -0.95
Gyro: -1.20, -0.72, -2.94
Accel: 0.24, 0.10, -0.95
Gyro: -1.27, 0.56, -2.53
Accel: 0.25, 0.09, -0.94
Gyro: -1.17, 1.17, -2.81
Accel: 0.25, 0.10, -0.92
Gyro: -1.34, -0.18, -2.67
Accel: 0.25, 0.10, -0.93
Gyro: -1.66, -0.64, -2.20
Accel: 0.25, 0.09, -0.93
Gyro: -2.14, -0.87, -1.36
Accel: 0.25, 0.11, -0.93
Gyro: -2.81, -1.65, -0.93
Accel: 0.24, 0.10, -0.94
Gyro: -2.79, -1.91, 0.01
