Accel: 0.23, 0.10, -0.94
Gyro: -1.70, -1.33, -3.01
Accel: 0.22, 0.10, -0.94
Gyro: -1.49, -0.23, -3.11
Accel: 0.23, 0.11, -0.94
Gyro: -1.90, -0.60, -2.72
Accel: 0.22, 0.11, -0.94
Gyro: -1.87, -0.76, -1.85
Accel: 0.22, 0.10, -0.94
Gyro: -1.98, -0.94, -1.56
Accel: 0.23, 0.10, -0.95
Gyro: -2.47, -1.34, -1.72
Accel: 0.23, 0.11, -0.95
Gyro: -2.59, -1.30, -1.69
Accel: 0.22, 0.11, -0.95
Gyro: -2.78, -0.40, -1.53
Accel: 0.22, 0.10, -0.94
Gyro: -3.07, 0.43, -1.72
Accel: 0.22, 0.10, -0.94
Gyro: -2.80, 0.49, -2.06
Accel: 0.22, 0.10, -0.94
Gyro: -2.59, 0.07, -2.29
Accel: 0.23, 0.10, -0.93
Gyro: -2.71, 0.05, -2.14
Accel: 0.21, 0.09, -0.97
Gyro: -3.82, 1.23, -2.18
Accel: 0.20, 0.10, -1.01
Gyro: -6.29, 6.61, -3.05
Accel: 0.21, 0.11, -1.00
Gyro: -7.43, 13.95, -2.43
Accel: 0.18, 0.12, -1.05
Gyro: -9.28, 21.19, -1.61
Accel: 0.19, 0.15, -1.03
Gyro: -7.13, 32.70, 0.76
Accel: 0.19, 0.11, -1.05
Gyro: -4.33, 40.04, 2.03
Accel: 0.14, 0.12, -1.18
Gyro: -7.67, 69.32, 1.01
Accel: 0.25, 0.07, -0.91
Gyro: -4.55, 80.59, -0.76
Accel: 0.27, 0.01, -0.98
Gyro: -1.03, 86.99, -11.31
Accel: 0.30, 0.08, -1.00
Gyro: -1.63, 103.50, -20.73
Accel: 0.44, 0.10, -0.71
Gyro: 3.68, 97.96, -26.95
Accel: 0.50, 0.03, -0.74
Gyro: 16.43, 83.16, -40.82
Accel: 0.55, 0.10, -0.69
Gyro: 17.33, 75.90, -54.52
Accel: 0.61, 0.09, -0.61
Gyro: 25.03, 57.89, -61.65
Accel: 0.59, 0.07, -0.71
Gyro: 27.09, 48.55, -74.69
Accel: 0.64, 0.16, -0.65
Gyro: 20.03, 43.25, -79.28
Accel: 0.66, 0.10, -0.60
Gyro: 22.40, 28.26, -86.08
Accel: 0.66, 0.20, -0.66
Gyro: 22.24, 17.51, -91.97
Accel: 0.64, 0.24, -0.65
Gyro: 24.55, 10.91, -87.63
Accel: 0.64, 0.23, -0.74
Gyro: 21.68, 6.16, -88.52
Accel: 0.65, 0.28, -0.66
Gyro: 22.49, 3.28, -83.04
Accel: 0.66, 0.30, -0.61
Gyro: 19.18, -9.15, -75.13
Accel: 0.65, 0.30, -0.59
Gyro: 14.03, -22.67, -68.96
Accel: 0.63, 0.31, -0.62
Gyro: 12.53, -37.09, -64.23
Accel: 0.59, 0.36, -0.63
Gyro: 10.96, -49.82, -58.20
Accel: 0.55, 0.33, -0.65
Gyro: 10.48, -64.14, -52.42
Accel: 0.49, 0.34, -0.67
Gyro: 9.22, -75.51, -49.50
Accel: 0.40, 0.28, -0.71
Gyro: 9.20, -90.07, -48.65
Accel: 0.33, 0.31, -0.81
Gyro: 10.96, -93.47, -52.77
Accel: 0.27, 0.41, -0.79
Gyro: 11.67, -99.21, -47.92
Accel: 0.18, 0.39, -0.84
Gyro: 12.70, -102.93, -36.36
Accel: 0.13, 0.43, -0.91
Gyro: 12.24, -99.04, -25.25
Accel: 0.09, 0.41, -0.89
Gyro: 13.82, -94.22, -10.79
Accel: 0.01, 0.41, -0.90
Gyro: 25.40, -92.22, 5.84
Accel: -0.04, 0.40, -1.04
Gyro: 17.44, -88.20, 19.74
Accel: -0.07, 0.47, -1.01
Gyro: 12.92, -78.57, 35.31
Accel: -0.12, 0.44, -1.03
Gyro: 9.44, -68.63, 53.49
Accel: -0.16, 0.40, -1.03
Gyro: 5.00, -54.95, 65.86
Accel: -0.15, 0.41, -0.98
Gyro: 2.23, -47.74, 76.07
Accel: -0.16, 0.39, -0.97
Gyro: 4.19, -41.64, 85.59
Accel: -0.17, 0.34, -0.97
Gyro: 4.94, -35.74, 90.37
Accel: -0.17, 0.34, -0.95
Gyro: 8.62, -30.63, 93.76
Accel: -0.17, 0.30, -0.96
Gyro: 11.12, -26.28, 95.42
Accel: -0.18, 0.26, -0.98
Gyro: 11.17, -19.83, 92.10
Accel: -0.17, 0.26, -1.01
Gyro: 13.02, -12.79, 86.51
Accel: -0.15, 0.25, -0.98
Gyro: 15.00, -5.08, 82.40
Accel: -0.13, 0.25, -0.97
Gyro: 18.07, -0.43, 78.77
Accel: -0.13, 0.20, -1.03
Gyro: 21.15, 7.97, 71.95
Accel: -0.10, 0.22, -0.97
Gyro: 22.17, 16.08, 65.19
Accel: -0.09, 0.18, -0.99
Gyro: 25.05, 19.75, 60.75
Accel: -0.09, 0.16, -1.03
Gyro: 25.36, 27.89, 55.40
Accel: -0.05, 0.14, -1.02
Gyro: 25.18, 38.93, 50.52
Accel: -0.05, 0.10, -1.08
Gyro: 24.61, 53.44, 44.67
Accel: 0.02, 0.04, -0.94
Gyro: 21.40, 59.42, 35.61
Accel: 0.05, 0.06, -0.98
Gyro: 19.32, 60.93, 26.13
Accel: 0.07, 0.05, -1.02
Gyro: 18.55, 67.76, 19.13
Accel: 0.14, 0.03, -0.93
Gyro: 17.01, 72.07, 10.18
Accel: 0.20, 0.03, -0.90
Gyro: 15.69, 70.98, 2.92
Accel: 0.24, 0.04, -0.93
Gyro: 13.95, 71.55, -1.50
Accel: 0.32, 0.00, -0.81
Gyro: 13.10, 63.46, -8.08
Accel: 0.37, 0.02, -0.79
Gyro: 10.77, 49.70, -14.36
Accel: 0.41, 0.06, -0.78
Gyro: 7.31, 33.80, -15.21
Accel: 0.41, 0.08, -0.81
Gyro: 5.47, 21.96, -12.32
Accel: 0.43, 0.07, -0.83
Gyro: 2.37, 15.49, -9.90
Accel: 0.45, 0.08, -0.83
Gyro: 0.78, 8.93, -8.42
Accel: 0.44, 0.10, -0.84
Gyro: 0.64, 2.86, -5.29
Accel: 0.43, 0.07, -0.85
Gyro: -0.45, -2.17, -3.40
Accel: 0.42, 0.07, -0.86
Gyro: -2.59, -4.80, -4.38
Accel: 0.42, 0.08, -0.87
Gyro: -2.14, -7.59, -4.20
Accel: 0.40, 0.09, -0.89
Gyro: -1.43, -9.29, -3.33
Accel: 0.39, 0.09, -0.90
Gyro: -2.56, -8.06, -2.44
Accel: 0.38, 0.09, -0.90
Gyro: -3.40, -7.26, -1.78
Accel: 0.37, 0.08, -0.91
Gyro: -3.53, -7.95, -1.12
Accel: 0.36, 0.08, -0.92
Gyro: -4.24, -6.75, -1.65
Accel: 0.35, 0.10, -0.91
Gyro: -4.05, -4.68, -2.27
Accel: 0.36, 0.09, -0.90
Gyro: -3.29, -4.71, -1.95
Accel: 0.34, 0.10, -0.92
Gyro: -2.78, -4.49, -1.58
Accel: 0.34, 0.10, -0.91
Gyro: -2.57, -4.00, -0.99
Accel: 0.34, 0.09, -0.90
Gyro: -2.76, -3.62, -0.82
Accel: 0.35, 0.10, -0.90
Gyro: -2.81, -4.20, 0.09
Accel: 0.34, 0.09, -0.91
Gyro: -2.91, -3.85, 0.52
Accel: 0.34, 0.09, -0.92
Gyro: -3.14, -2.53, 0.35
Accel: 0.35, 0.08, -0.90
Gyro: -3.09, -1.98, 0.20
Accel: 0.35, 0.08, -0.91
Gyro: -3.50, -2.04, -0.75
Accel: 0.35, 0.09, -0.91
Gyro: -3.23, -2.41, -0.89
Accel: 0.35, 0.08, -0.91
Gyro: -2.70, -1.80, -0.81
Accel: 0.35, 0.08, -0.90
Gyro: -2.61, -1.70, -1.76
Accel: 0.35, 0.09, -0.89
Gyro: -2.55, -2.90, -2.13
Accel: 0.35, 0.10, -0.91
Gyro: -2.72, -2.98, -2.04
