Accel: 0.29, 0.12, -0.91
Gyro: -1.72, -1.50, -0.23
Accel: 0.30, 0.12, -0.92
Gyro: -2.06, -1.32, -0.24
Accel: 0.29, 0.13, -0.92
Gyro: -2.59, -2.19, -0.40
Accel: 0.28, 0.13, -0.93
Gyro: -2.69, -1.85, -0.48
Accel: 0.29, 0.13, -0.93
Gyro: -2.45, -1.10, -0.69
Accel: 0.29, 0.12, -0.92
Gyro: -2.39, -0.88, -1.01
Accel: 0.29, 0.13, -0.92
Gyro: -2.30, -0.75, -1.45
Accel: 0.29, 0.13, -0.92
Gyro: -2.16, -0.08, -1.83
Accel: 0.29, 0.14, -0.93
Gyro: -1.79, 0.66, -1.77
Accel: 0.28, 0.13, -0.93
Gyro: -1.75, 2.10, -1.55
Accel: 0.28, 0.13, -0.94
Gyro: -2.47, 3.95, -2.04
Accel: 0.27, 0.12, -0.96
Gyro: -3.52, 7.22, -2.56
Accel: 0.27, 0.10, -0.97
Gyro: -3.98, 12.63, -6.34
Accel: 0.26, 0.09, -1.00
Gyro: -4.78, 21.18, -10.24
Accel: 0.24, 0.09, -1.05
Gyro: -6.64, 32.97, -15.58
Accel: 0.25, 0.09, -1.07
Gyro: -9.20, 53.36, -20.58
Accel: 0.27, 0.06, -1.01
Gyro: -4.93, 64.40, -28.09
Accel: 0.27, 0.10, -1.07
Gyro: -5.84, 87.21, -37.65
Accel: 0.33, 0.04, -0.88
Gyro: 1.56, 94.97, -47.31
Accel: 0.37, 0.01, -0.84
Gyro: 5.01, 101.53, -65.70
Accel: 0.43, -0.04, -0.78
Gyro: 16.33, 99.85, -94.73
Accel: 0.52, 0.12, -0.70
Gyro: 26.38, 89.74, -123.03
Accel: 0.59, 0.16, -0.56
Gyro: 40.14, 71.00, -143.00
Accel: 0.61, 0.27, -0.55
Gyro: 53.54, 46.23, -155.51
Accel: 0.61, 0.39, -0.59
Gyro: 50.38, 23.54, -157.79
Accel: 0.61, 0.40, -0.60
Gyro: 53.00, 6.46, -145.52
Accel: 0.59, 0.38, -0.64
Gyro: 53.87, -11.09, -142.80
Accel: 0.58, 0.55, -0.64
Gyro: 47.66, -23.22, -129.97
Accel: 0.55, 0.51, -0.61
Gyro: 51.13, -41.05, -104.64
Accel: 0.50, 0.45, -0.68
Gyro: 50.07, -53.54, -90.77
Accel: 0.44, 0.49, -0.71
Gyro: 51.49, -63.25, -75.02
Accel: 0.40, 0.46, -0.74
Gyro: 51.54, -75.46, -56.94
Accel: 0.31, 0.43, -0.81
Gyro: 46.23, -85.38, -39.79
Accel: 0.25, 0.49, -0.84
Gyro: 41.02, -88.91, -21.40
Accel: 0.17, 0.45, -0.75
Gyro: 45.72, -97.27, 6.40
Accel: 0.10, 0.38, -0.89
Gyro: 33.29, -104.87, 24.04
Accel: 0.05, 0.44, -0.88
Gyro: 28.23, -102.13, 47.36
Accel: -0.03, 0.38, -0.87
Gyro: 23.41, -103.58, 70.41
Accel: -0.13, 0.24, -0.90
Gyro: 39.45, -98.53, 86.10
Accel: -0.12, 0.21, -1.10
Gyro: 22.42, -85.88, 87.35
Accel: -0.19, 0.28, -0.99
Gyro: 7.02, -78.21, 98.54
Accel: -0.24, 0.24, -1.09
Gyro: 6.23, -66.68, 108.99
Accel: -0.26, 0.24, -1.08
Gyro: -8.93, -51.94, 115.12
Accel: -0.26, 0.27, -1.05
Gyro: -13.50, -42.18, 122.07
Accel: -0.27, 0.27, -1.04
Gyro: -15.49, -30.84, 128.72
Accel: -0.25, 0.27, -1.02
Gyro: -15.24, -21.47, 134.85
Accel: -0.23, 0.28, -1.00
Gyro: -14.31, -13.40, 136.59
Accel: -0.21, 0.25, -1.00
Gyro: -7.26, -6.25, 135.28
Accel: -0.19, 0.22, -0.98
Gyro: -1.13, 0.48, 129.02
Accel: -0.15, 0.18, -0.98
Gyro: 2.59, 5.84, 119.77
Accel: -0.13, 0.13, -1.04
Gyro: 5.56, 14.15, 105.71
Accel: -0.11, 0.09, -1.01
Gyro: 3.72, 23.74, 87.43
Accel: -0.09, 0.13, -1.04
Gyro: 4.33, 36.27, 70.64
Accel: -0.03, 0.12, -1.00
Gyro: 8.27, 43.59, 57.12
Accel: 0.00, 0.10, -0.97
Gyro: 11.22, 48.27, 41.10
Accel: 0.05, 0.12, -0.97
Gyro: 14.44, 50.54, 27.66
Accel: 0.08, 0.13, -0.95
Gyro: 15.56, 58.03, 18.45
Accel: 0.10, 0.12, -0.97
Gyro: 16.20, 58.89, 8.35
Accel: 0.12, 0.15, -0.99
Gyro: 15.53, 70.43, 1.01
Accel: 0.22, 0.15, -0.83
Gyro: 18.78, 64.53, -3.56
Accel: 0.28, 0.13, -0.80
Gyro: 19.81, 51.14, -7.47
Accel: 0.32, 0.14, -0.80
Gyro: 17.20, 36.01, -10.96
Accel: 0.35, 0.13, -0.80
Gyro: 15.28, 21.60, -10.23
Accel: 0.36, 0.13, -0.82
Gyro: 12.50, 10.71, -9.75
Accel: 0.35, 0.13, -0.84
Gyro: 10.54, 2.91, -8.77
Accel: 0.33, 0.14, -0.90
Gyro: 7.80, 0.27, -7.34
Accel: 0.33, 0.12, -0.90
Gyro: 5.68, 0.82, -6.11
Accel: 0.33, 0.12, -0.89
Gyro: 3.91, 0.10, -5.77
Accel: 0.33, 0.12, -0.90
Gyro: 3.27, -1.70, -5.84
Accel: 0.32, 0.12, -0.91
Gyro: 3.40, -3.09, -6.39
Accel: 0.32, 0.12, -0.91
Gyro: 2.98, -3.69, -6.90
Accel: 0.31, 0.13, -0.92
Gyro: 3.17, -4.73, -6.32
Accel: 0.31, 0.12, -0.92
Gyro: 2.85, -3.95, -5.05
Accel: 0.31, 0.12, -0.92
Gyro: 0.67, -3.27, -4.12
Accel: 0.30, 0.13, -0.92
Gyro: -0.86, -2.12, -3.29
Accel: 0.30, 0.13, -0.92
Gyro: -1.82, -1.91, -2.62
Accel: 0.29, 0.13, -0.91
Gyro: -1.99, -2.81, -2.00
Accel: 0.29, 0.13, -0.92
Gyro: -2.43, -4.01, -1.06
Accel: 0.28, 0.13, -0.94
Gyro: -2.62, -2.88, -0.53
Accel: 0.28, 0.13, -0.93
Gyro: -2.37, -1.82, -0.04
Accel: 0.28, 0.14, -0.94
Gyro: -1.98, -2.04, 0.45
Accel: 0.28, 0.13, -0.92
Gyro: -1.66, -1.71, 1.10
Accel: 0.28, 0.12, -0.94
Gyro: -1.48, -1.01, 1.33
Accel: 0.29, 0.12, -0.93
Gyro: -1.92, -1.14, 1.32
Accel: 0.29, 0.12, -0.93
Gyro: -2.26, -0.48, 1.56
Accel: 0.30, 0.11, -0.92
Gyro: -2.49, -0.29, 1.08
Accel: 0.30, 0.12, -0.92
Gyro: -2.59, -0.90, 0.65
Accel: 0.31, 0.12, -0.91
Gyro: -2.21, -2.54, 0.90
Accel: 0.29, 0.12, -0.93
Gyro: -2.56, -2.87, 0.57
Accel: 0.30, 0.11, -0.93
Gyro: -2.73, -1.82, 0.05
Accel: 0.29, 0.11, -0.91
Gyro: -3.11, -2.10, -0.96
Accel: 0.29, 0.12, -0.92
Gyro: -2.27, -2.43, -1.56
Accel: 0.28, 0.11, -0.92
Gyro: -1.95, -2.41, -1.98
Accel: 0.29, 0.12, -0.92
Gyro: -1.78, -2.21, -2.46
Accel: 0.29, 0.12, -0.92
Gyro: -1.88, -2.36, -2.07
Accel: 0.28, 0.13, -0.93
Gyro: -1.85, -2.21, -1.39
Accel: 0.28, 0.12, -0.93
Gyro: -1.59, -1.43, -0.93
Accel: 0.28, 0.12, -0.92
Gyro: -2.44, -0.82, -1.30
Accel: 0.27, 0.13, -0.93
Gyro: -1.97, -0.55, -0.72
Accel: 0.27, 0.12, -0.94
Gyro: -2.09, 0.16, -0.30
Accel: 0.28, 0.12, -0.92
Gyro: -2.30, 0.55, 0.05
