Accel: 0.27, 0.11, -0.93
Gyro: -1.50, -1.33, -0.52
Accel: 0.26, 0.10, -0.93
Gyro: -1.86, -0.86, -0.65
Accel: 0.26, 0.11, -0.93
Gyro: -2.35, -0.40, -1.58
Accel: 0.26, 0.11, -0.92
Gyro: -2.46, -0.84, -2.22
Accel: 0.26, 0.11, -0.93
Gyro: -2.70, -1.22, -2.44
Accel: 0.26, 0.13, -0.93
Gyro: -2.60, -0.86, -2.07
Accel: 0.27, 0.12, -0.94
Gyro: -2.29, -0.60, -1.78
Accel: 0.26, 0.12, -0.93
Gyro: -2.38, -0.23, -1.45
Accel: 0.26, 0.12, -0.93
Gyro: -2.18, 0.15, -1.08
Accel: 0.27, 0.12, -0.93
Gyro: -2.06, 0.29, -0.85
Accel: 0.27, 0.12, -0.94
Gyro: -2.43, 0.40, -0.87
Accel: 0.27, 0.12, -0.95
Gyro: -2.28, 1.27, -0.49
Accel: 0.27, 0.12, -0.94
Gyro: -2.43, 2.66, -0.09
Accel: 0.26, 0.10, -0.96
Gyro: -3.26, 4.71, 0.43
Accel: 0.25, 0.10, -1.01
Gyro: -6.05, 11.83, -0.41
Accel: 0.22, 0.07, -1.05
Gyro: -10.69, 22.17, -0.03
Accel: 0.20, 0.07, -1.09
Gyro: -18.83, 42.05, -2.76
Accel: 0.27, 0.10, -0.96
Gyro: -22.22, 51.71, -3.43
Accel: 0.23, 0.09, -1.09
Gyro: -19.74, 62.39, -8.09
Accel: 0.24, 0.13, -1.10
Gyro: -17.56, 88.82, -15.33
Accel: 0.36, 0.07, -0.82
Gyro: -6.52, 95.31, -25.62
Accel: 0.46, 0.03, -0.71
Gyro: 15.32, 81.51, -46.93
Accel: 0.48, 0.00, -0.77
Gyro: 30.28, 70.69, -73.18
Accel: 0.49, 0.07, -0.78
Gyro: 36.24, 69.05, -96.67
Accel: 0.49, 0.11, -0.75
Gyro: 36.86, 68.05, -108.82
Accel: 0.55, 0.18, -0.64
Gyro: 35.70, 59.66, -120.61
Accel: 0.61, 0.24, -0.59
Gyro: 42.15, 42.77, -119.58
Accel: 0.64, 0.25, -0.59
Gyro: 35.53, 23.64, -119.45
Accel: 0.67, 0.34, -0.57
Gyro: 25.09, 2.89, -111.57
Accel: 0.61, 0.28, -0.64
Gyro: 32.60, -16.48, -109.38
Accel: 0.57, 0.34, -0.65
Gyro: 31.54, -25.34, -106.47
Accel: 0.52, 0.35, -0.76
Gyro: 35.72, -33.04, -104.30
Accel: 0.49, 0.44, -0.67
Gyro: 32.08, -38.22, -94.70
Accel: 0.47, 0.43, -0.70
Gyro: 30.69, -49.93, -78.60
Accel: 0.41, 0.43, -0.77
Gyro: 27.64, -60.36, -63.66
Accel: 0.36, 0.43, -0.81
Gyro: 21.93, -63.06, -49.18
Accel: 0.31, 0.41, -0.85
Gyro: 18.47, -64.92, -36.58
Accel: 0.26, 0.42, -0.86
Gyro: 14.95, -63.93, -26.05
Accel: 0.24, 0.45, -0.85
Gyro: 16.19, -67.06, -13.22
Accel: 0.22, 0.47, -0.79
Gyro: 20.73, -72.17, 1.88
Accel: 0.16, 0.41, -0.80
Gyro: 27.25, -85.98, 21.70
Accel: 0.08, 0.25, -0.96
Gyro: 18.02, -85.93, 22.45
Accel: 0.05, 0.36, -0.90
Gyro: 21.05, -82.05, 27.04
Accel: 0.02, 0.35, -0.91
Gyro: 30.11, -82.73, 39.88
Accel: -0.03, 0.31, -0.92
Gyro: 21.64, -84.45, 50.01
Accel: -0.10, 0.33, -0.93
Gyro: 19.26, -83.85, 62.04
Accel: -0.14, 0.33, -1.00
Gyro: 14.09, -78.58, 75.65
Accel: -0.18, 0.29, -1.05
Gyro: 8.24, -68.49, 86.20
Accel: -0.22, 0.26, -1.06
Gyro: 1.17, -56.08, 91.19
Accel: -0.23, 0.29, -1.03
Gyro: -0.43, -45.65, 96.18
Accel: -0.23, 0.28, -1.03
Gyro: -0.11, -34.75, 102.91
Accel: -0.23, 0.28, -1.00
Gyro: 0.59, -26.47, 107.16
Accel: -0.22, 0.27, -0.97
Gyro: 4.16, -19.78, 110.66
Accel: -0.22, 0.25, -0.98
Gyro: 4.13, -15.18, 111.12
Accel: -0.20, 0.23, -0.98
Gyro: 4.77, -10.79, 109.28
Accel: -0.19, 0.22, -0.97
Gyro: 2.75, -5.16, 104.46
Accel: -0.17, 0.19, -0.97
Gyro: 4.50, -0.97, 97.89
Accel: -0.15, 0.15, -0.94
Gyro: 5.94, 2.42, 87.41
Accel: -0.13, 0.13, -0.95
Gyro: 8.26, 3.53, 74.86
Accel: -0.14, 0.13, -1.01
Gyro: 10.68, 9.22, 63.48
Accel: -0.10, 0.12, -0.97
Gyro: 8.89, 16.15, 52.27
Accel: -0.09, 0.12, -0.98
Gyro: 9.45, 19.06, 41.37
Accel: -0.06, 0.11, -0.97
Gyro: 7.48, 23.38, 30.62
Accel: -0.04, 0.11, -0.99
Gyro: 5.68, 24.73, 19.14
Accel: -0.03, 0.14, -1.03
Gyro: 2.20, 32.77, 10.59
Accel: 0.00, 0.16, -0.99
Gyro: 5.04, 36.25, 6.01
Accel: 0.01, 0.18, -0.99
Gyro: 7.45, 40.47, 2.39
Accel: 0.04, 0.17, -0.98
Gyro: 9.71, 45.68, 0.47
Accel: 0.08, 0.15, -0.94
Gyro: 12.04, 48.58, -3.52
Accel: 0.11, 0.16, -0.94
Gyro: 11.91, 46.14, -6.94
Accel: 0.13, 0.15, -0.96
Gyro: 12.14, 50.49, -9.32
Accel: 0.18, 0.15, -0.86
Gyro: 11.75, 45.87, -12.06
Accel: 0.23, 0.16, -0.83
Gyro: 10.92, 35.19, -13.24
Accel: 0.26, 0.16, -0.84
Gyro: 10.89, 23.44, -12.83
Accel: 0.26, 0.16, -0.87
Gyro: 10.15, 14.41, -12.66
Accel: 0.26, 0.16, -0.89
Gyro: 9.12, 10.06, -11.47
Accel: 0.26, 0.17, -0.93
Gyro: 9.10, 8.47, -8.81
Accel: 0.26, 0.16, -0.93
Gyro: 9.21, 8.46, -7.77
Accel: 0.24, 0.15, -0.96
Gyro: 8.48, 11.51, -7.13
Accel: 0.26, 0.15, -0.91
Gyro: 7.45, 12.69, -5.92
Accel: 0.28, 0.14, -0.90
Gyro: 7.05, 10.06, -4.18
Accel: 0.29, 0.13, -0.89
Gyro: 4.87, 6.50, -3.27
Accel: 0.29, 0.11, -0.90
Gyro: 2.49, 2.61, -3.25
Accel: 0.29, 0.11, -0.89
Gyro: 0.55, -0.89, -4.09
Accel: 0.29, 0.13, -0.90
Gyro: 0.35, -3.43, -4.28
Accel: 0.27, 0.12, -0.91
Gyro: 0.80, -5.18, -3.56
Accel: 0.27, 0.11, -0.92
Gyro: -0.38, -4.75, -3.56
Accel: 0.27, 0.12, -0.92
Gyro: -0.96, -5.12, -3.46
Accel: 0.26, 0.12, -0.92
Gyro: 0.20, -6.35, -2.40
Accel: 0.24, 0.11, -0.94
Gyro: 0.93, -7.90, -1.57
Accel: 0.24, 0.11, -0.94
Gyro: 0.76, -7.90, -1.82
Accel: 0.23, 0.11, -0.93
Gyro: 0.35, -7.64, -2.20
Accel: 0.23, 0.11, -0.95
Gyro: 0.35, -5.73, -1.82
Accel: 0.23, 0.10, -0.96
Gyro: 0.32, -3.36, -1.54
Accel: 0.23, 0.10, -0.95
Gyro: -0.80, -1.99, -1.72
Accel: 0.23, 0.11, -0.95
Gyro: -1.32, -1.25, -1.00
Accel: 0.23, 0.09, -0.95
Gyro: -1.34, 0.20, -1.24
Accel: 0.24, 0.11, -0.94
Gyro: -1.90, 0.37, -1.97
Accel: 0.24, 0.11, -0.93
Gyro: -1.53, -0.20, -1.85
Accel: 0.24, 0.11, -0.93
Gyro: -2.30, -0.79, -1.85
Accel: 0.23, 0.11, -0.93
Gyro: -2.65, -0.89, -1.31
