Accel: 0.29, 0.08, -0.93
Gyro: -2.03, -2.08, -2.09
Accel: 0.28, 0.08, -0.93
Gyro: -2.40, -2.26, -2.53
Accel: 0.28, 0.08, -0.93
Gyro: -1.85, -1.68, -1.48
Accel: 0.28, 0.07, -0.93
Gyro: -2.48, -0.98, -1.36
Accel: 0.29, 0.08, -0.93
Gyro: -3.04, -1.32, -1.82
Accel: 0.28, 0.09, -0.93
Gyro: -2.96, -1.56, -1.59
Accel: 0.28, 0.09, -0.93
Gyro: -2.23, -1.51, -1.50
Accel: 0.28, 0.08, -0.93
Gyro: -2.01, -0.90, -1.63
Accel: 0.28, 0.08, -0.93
Gyro: -2.15, -0.72, -1.86
Accel: 0.28, 0.09, -0.92
Gyro: -2.70, -1.21, -1.43
Accel: 0.28, 0.09, -0.92
Gyro: -2.91, -1.79, -1.08
Accel: 0.28, 0.08, -0.93
Gyro: -3.62, -1.90, -0.41
Accel: 0.26, 0.09, -0.97
Gyro: -5.38, 1.20, 0.59
Accel: 0.25, 0.08, -0.99
Gyro: -6.78, 7.39, 1.45
Accel: 0.18, 0.09, -1.18
Gyro: -11.25, 24.22, 2.35
Accel: 0.17, 0.11, -1.17
Gyro: -15.38, 60.25, 6.37
Accel: 0.25, 0.11, -0.99
Gyro: -11.86, 69.83, 9.17
Accel: 0.30, 0.07, -0.93
Gyro: -9.30, 79.53, 7.48
Accel: 0.38, 0.02, -0.85
Gyro: -3.75, 81.63, -2.91
Accel: 0.37, 0.02, -0.95
Gyro: -0.24, 86.99, -14.98
Accel: 0.48, 0.01, -0.71
Gyro: 2.68, 86.97, -26.05
Accel: 0.56, -0.05, -0.66
Gyro: 19.33, 63.25, -44.57
Accel: 0.51, 0.02, -0.84
Gyro: 19.00, 63.38, -64.65
Accel: 0.59, -0.03, -0.67
Gyro: 24.27, 57.98, -79.34
Accel: 0.58, 0.05, -0.67
Gyro: 26.12, 48.27, -101.34
Accel: 0.64, 0.23, -0.64
Gyro: 21.55, 43.63, -96.02
Accel: 0.69, 0.16, -0.56
Gyro: 26.30, 25.05, -94.53
Accel: 0.71, 0.17, -0.55
Gyro: 20.42, 7.87, -91.92
Accel: 0.70, 0.15, -0.54
Gyro: 21.00, -13.15, -92.38
Accel: 0.67, 0.18, -0.60
Gyro: 20.28, -28.74, -99.85
Accel: 0.62, 0.27, -0.60
Gyro: 24.34, -43.81, -99.47
Accel: 0.56, 0.29, -0.65
Gyro: 23.87, -57.62, -96.44
Accel: 0.51, 0.35, -0.72
Gyro: 21.58, -62.06, -91.67
Accel: 0.48, 0.33, -0.69
Gyro: 21.17, -72.80, -85.82
Accel: 0.40, 0.30, -0.73
Gyro: 17.72, -84.98, -82.75
Accel: 0.31, 0.37, -0.82
Gyro: 15.01, -87.40, -79.35
Accel: 0.25, 0.45, -0.80
Gyro: 11.21, -88.75, -67.47
Accel: 0.17, 0.42, -0.86
Gyro: 10.06, -93.82, -56.98
Accel: 0.10, 0.51, -0.92
Gyro: 15.21, -86.39, -42.47
Accel: 0.07, 0.49, -0.85
Gyro: 27.21, -91.23, -22.90
Accel: 0.02, 0.49, -0.88
Gyro: 25.89, -95.03, -4.34
Accel: -0.02, 0.46, -0.84
Gyro: 29.11, -100.50, 14.82
Accel: -0.10, 0.47, -0.86
Gyro: 27.95, -104.03, 36.06
Accel: -0.19, 0.39, -0.87
Gyro: 27.60, -110.70, 56.81
Accel: -0.25, 0.34, -1.00
Gyro: 19.00, -104.65, 67.53
Accel: -0.30, 0.36, -1.02
Gyro: 10.57, -92.10, 76.02
Accel: -0.34, 0.35, -1.09
Gyro: 7.93, -73.50, 85.84
Accel: -0.35, 0.33, -1.04
Gyro: 7.66, -53.05, 90.91
Accel: -0.34, 0.33, -1.00
Gyro: 10.40, -41.55, 97.17
Accel: -0.35, 0.31, -1.00
Gyro: 12.71, -30.91, 100.27
Accel: -0.34, 0.31, -0.98
Gyro: 19.68, -20.38, 103.06
Accel: -0.33, 0.25, -0.98
Gyro: 18.99, -11.70, 104.18
Accel: -0.30, 0.22, -0.93
Gyro: 13.96, -9.23, 98.18
Accel: -0.29, 0.24, -0.96
Gyro: 17.68, -6.87, 92.82
Accel: -0.26, 0.19, -0.95
Gyro: 17.07, 0.56, 85.45
Accel: -0.23, 0.20, -0.92
Gyro: 19.23, 3.75, 76.77
Accel: -0.24, 0.20, -0.97
Gyro: 23.96, 5.37, 69.30
Accel: -0.22, 0.16, -1.01
Gyro: 24.19, 17.00, 60.36
Accel: -0.19, 0.16, -0.96
Gyro: 23.21, 24.61, 52.01
Accel: -0.18, 0.13, -1.00
Gyro: 23.96, 29.93, 42.89
Accel: -0.15, 0.14, -0.99
Gyro: 20.64, 42.80, 34.17
Accel: -0.13, 0.14, -1.03
Gyro: 21.98, 47.42, 28.05
Accel: -0.10, 0.11, -1.02
Gyro: 18.73, 61.80, 19.68
Accel: -0.04, 0.14, -0.93
Gyro: 22.00, 64.54, 13.23
Accel: 0.02, 0.10, -0.92
Gyro: 23.26, 61.10, 8.67
Accel: 0.07, 0.11, -0.91
Gyro: 19.81, 56.94, 4.49
Accel: 0.11, 0.09, -0.90
Gyro: 16.76, 52.67, 1.54
Accel: 0.15, 0.08, -0.89
Gyro: 12.44, 45.89, -2.23
Accel: 0.17, 0.11, -0.90
Gyro: 7.64, 41.79, -5.62
Accel: 0.20, 0.09, -0.87
Gyro: 8.67, 36.03, -5.97
Accel: 0.21, 0.10, -0.91
Gyro: 4.86, 30.49, -8.63
Accel: 0.21, 0.13, -0.93
Gyro: 4.78, 29.26, -6.42
Accel: 0.24, 0.09, -0.91
Gyro: 3.76, 28.41, -6.25
Accel: 0.27, 0.09, -0.88
Gyro: 4.17, 23.10, -5.89
Accel: 0.28, 0.07, -0.88
Gyro: 3.11, 17.63, -6.42
Accel: 0.30, 0.07, -0.87
Gyro: 2.02, 11.90, -8.86
Accel: 0.31, 0.10, -0.86
Gyro: 1.63, 4.63, -10.26
Accel: 0.30, 0.11, -0.91
Gyro: 0.88, -0.79, -9.59
Accel: 0.29, 0.11, -0.93
Gyro: -0.27, 0.72, -8.49
Accel: 0.29, 0.12, -0.92
Gyro: -2.96, -0.46, -7.59
Accel: 0.27, 0.15, -0.93
Gyro: -2.33, -3.01, -4.52
Accel: 0.26, 0.12, -0.94
Gyro: -2.33, -1.82, -2.56
Accel: 0.26, 0.13, -0.93
Gyro: -3.88, -1.51, -2.85
Accel: 0.25, 0.14, -0.94
Gyro: -2.81, -1.51, -1.17
Accel: 0.25, 0.12, -0.94
Gyro: -1.21, 0.49, 0.40
Accel: 0.26, 0.10, -0.93
Gyro: -0.89, 1.29, -0.02
Accel: 0.26, 0.10, -0.92
Gyro: -1.68, -0.21, -0.98
Accel: 0.27, 0.10, -0.93
Gyro: -2.35, -1.51, -1.27
Accel: 0.26, 0.10, -0.93
Gyro: -3.17, -1.52, -1.66
Accel: 0.26, 0.12, -0.91
Gyro: -4.00, -2.77, -2.88
Accel: 0.26, 0.14, -0.92
Gyro: -2.29, -4.66, -1.66
Accel: 0.25, 0.12, -0.95
Gyro: -1.47, -2.85, -0.39
Accel: 0.26, 0.12, -0.93
Gyro: -1.46, -1.14, -0.63
Accel: 0.25, 0.12, -0.94
Gyro: -0.89, -1.82, -0.74
Accel: 0.25, 0.11, -0.94
Gyro: -0.09, -0.76, -0.60
Accel: 0.26, 0.10, -0.95
Gyro: -0.35, 0.25, -1.05
Accel: 0.26, 0.10, -0.93
Gyro: -0.53, 0.36, -1.83
Accel: 0.26, 0.10, -0.93
Gyro: -1.65, -0.78, -2.37
Accel: 0.25, 0.10, -0.94
Gyro: -2.41, -0.44, -2.30
Accel: 0.26, 0.11, -0.92
Gyro: -3.03, -0.08, -1.77
Accel: 0.26, 0.11, -0.93
Gyro: -2.81, -1.53, -1.60
