Accel: 0.32, 0.08, -0.92
Gyro: -3.62, -2.92, -1.15
Accel: 0.31, 0.07, -0.91
Gyro: -3.59, -2.40, -1.11
Accel: 0.32, 0.08, -0.92
Gyro: -3.72, -2.08, -1.30
Accel: 0.31, 0.08, -0.92
Gyro: -3.92, -2.39, -1.67
Accel: 0.31, 0.09, -0.91
Gyro: -4.02, -2.70, -1.63
Accel: 0.31, 0.09, -0.92
Gyro: -3.34, -2.85, -1.57
Accel: 0.31, 0.09, -0.92
Gyro: -2.91, -2.83, -1.58
Accel: 0.31, 0.09, -0.92
Gyro: -2.88, -1.93, -1.47
Accel: 0.31, 0.09, -0.93
Gyro: -2.78, -0.79, -1.16
Accel: 0.32, 0.09, -0.91
Gyro: -3.00, -0.62, -1.33
Accel: 0.32, 0.10, -0.92
Gyro: -2.75, -0.80, -1.23
Accel: 0.31, 0.10, -0.92
Gyro: -2.20, -0.79, -0.73
Accel: 0.31, 0.09, -0.91
Gyro: -2.06, -1.17, -0.52
Accel: 0.31, 0.08, -0.92
Gyro: -2.40, -1.23, -0.99
Accel: 0.31, 0.09, -0.92
Gyro: -2.33, -0.88, -0.66
Accel: 0.31, 0.09, -0.93
Gyro: -2.08, -0.68, -0.83
Accel: 0.31, 0.09, -0.92
Gyro: -2.19, -0.73, -0.89
Accel: 0.31, 0.09, -0.93
Gyro: -2.18, -0.92, -0.21
Accel: 0.31, 0.08, -0.93
Gyro: -2.59, 0.56, -0.37
Accel: 0.31, 0.08, -0.93
Gyro: -3.06, 1.45, -0.98
Accel: 0.29, 0.07, -0.95
Gyro: -4.01, 3.65, -2.63
Accel: 0.29, 0.05, -0.98
Gyro: -4.43, 10.09, -5.15
Accel: 0.28, 0.03, -0.99
Gyro: -4.56, 15.05, -9.43
Accel: 0.25, -0.03, -1.08
Gyro: -5.60, 32.94, -19.98
Accel: 0.27, -0.02, -1.06
Gyro: -4.54, 51.69, -34.93
Accel: 0.28, -0.09, -1.00
Gyro: 5.35, 62.95, -53.89
Accel: 0.32, -0.05, -0.96
Gyro: 8.27, 76.07, -80.96
Accel: 0.38, 0.07, -0.82
Gyro: 20.79, 71.67, -94.47
Accel: 0.31, -0.02, -1.01
Gyro: 24.82, 84.56, -109.26
Accel: 0.43, 0.07, -0.76
Gyro: 23.04, 88.54, -132.55
Accel: 0.48, 0.17, -0.62
Gyro: 41.60, 71.73, -138.35
Accel: 0.52, 0.20, -0.68
Gyro: 30.88, 57.88, -137.05
Accel: 0.58, 0.25, -0.59
Gyro: 27.77, 39.32, -137.00
Accel: 0.58, 0.37, -0.57
Gyro: 27.58, 19.56, -127.36
Accel: 0.59, 0.34, -0.66
Gyro: 32.29, 2.14, -127.58
Accel: 0.62, 0.50, -0.57
Gyro: 31.02, -12.65, -114.74
Accel: 0.58, 0.48, -0.66
Gyro: 36.67, -34.84, -93.60
Accel: 0.54, 0.47, -0.62
Gyro: 34.28, -49.14, -77.11
Accel: 0.48, 0.46, -0.69
Gyro: 31.99, -63.22, -59.90
Accel: 0.41, 0.38, -0.75
Gyro: 31.54, -73.10, -45.01
Accel: 0.35, 0.36, -0.81
Gyro: 27.45, -75.92, -41.85
Accel: 0.29, 0.45, -0.82
Gyro: 25.19, -84.15, -28.55
Accel: 0.23, 0.49, -0.89
Gyro: 27.18, -88.17, -7.12
Accel: 0.16, 0.41, -0.88
Gyro: 24.50, -86.93, 11.97
Accel: 0.10, 0.47, -0.88
Gyro: 21.99, -90.90, 32.43
Accel: 0.04, 0.22, -0.96
Gyro: 23.33, -88.59, 47.58
Accel: 0.02, 0.26, -1.02
Gyro: 19.78, -79.47, 43.79
Accel: -0.02, 0.30, -0.92
Gyro: 26.34, -79.38, 55.44
Accel: -0.13, 0.31, -1.00
Gyro: 25.22, -69.87, 69.44
Accel: -0.13, 0.30, -1.08
Gyro: 6.83, -59.84, 79.99
Accel: -0.15, 0.32, -0.97
Gyro: 5.98, -54.46, 95.10
Accel: -0.18, 0.23, -1.05
Gyro: 4.10, -46.29, 105.74
Accel: -0.18, 0.24, -1.01
Gyro: -0.35, -38.22, 109.29
Accel: -0.19, 0.19, -1.03
Gyro: -1.81, -30.25, 113.41
Accel: -0.19, 0.14, -1.06
Gyro: -3.76, -18.80, 109.65
Accel: -0.17, 0.15, -1.04
Gyro: -2.14, -6.72, 101.00
Accel: -0.14, 0.15, -1.01
Gyro: -1.17, 1.25, 96.73
Accel: -0.11, 0.08, -1.01
Gyro: 4.09, 7.97, 86.09
Accel: -0.09, 0.09, -1.03
Gyro: 4.60, 16.81, 69.71
Accel: -0.06, 0.14, -1.02
Gyro: 6.58, 22.37, 61.78
Accel: -0.04, 0.09, -1.00
Gyro: 6.61, 28.66, 56.03
Accel: -0.01, 0.09, -0.98
Gyro: 5.42, 33.09, 46.99
Accel: 0.01, 0.13, -0.97
Gyro: 5.13, 39.96, 42.79
Accel: 0.05, 0.09, -0.95
Gyro: 5.25, 39.34, 39.47
Accel: 0.07, 0.08, -0.94
Gyro: 3.82, 42.94, 33.13
Accel: 0.10, 0.11, -0.92
Gyro: 3.97, 41.67, 27.68
Accel: 0.14, 0.08, -0.92
Gyro: 5.09, 37.93, 24.89
Accel: 0.17, 0.09, -0.91
Gyro: 3.56, 35.67, 19.26
Accel: 0.20, 0.09, -0.91
Gyro: 4.26, 31.87, 16.03
Accel: 0.21, 0.10, -0.94
Gyro: 3.22, 28.11, 14.55
Accel: 0.21, 0.07, -0.97
Gyro: 1.33, 32.51, 10.47
Accel: 0.24, 0.08, -0.90
Gyro: 0.72, 32.36, 6.14
Accel: 0.28, 0.08, -0.88
Gyro: 1.77, 26.54, 2.53
Accel: 0.29, 0.09, -0.89
Gyro: 2.78, 20.40, 0.29
Accel: 0.31, 0.10, -0.88
Gyro: 1.56, 17.17, -0.56
Accel: 0.33, 0.10, -0.88
Gyro: 0.17, 12.44, -0.44
Accel: 0.34, 0.10, -0.86
Gyro: -1.04, 7.13, -0.57
Accel: 0.34, 0.10, -0.87
Gyro: -1.85, 2.66, -1.62
Accel: 0.33, 0.11, -0.89
Gyro: -2.08, -0.93, -2.51
Accel: 0.33, 0.11, -0.89
Gyro: -1.72, -2.20, -2.97
Accel: 0.31, 0.11, -0.91
Gyro: -1.67, -2.72, -3.70
Accel: 0.31, 0.13, -0.90
Gyro: -1.16, -3.17, -3.46
Accel: 0.30, 0.12, -0.91
Gyro: -0.50, -3.81, -3.25
Accel: 0.29, 0.13, -0.93
Gyro: -1.29, -3.73, -3.18
Accel: 0.29, 0.13, -0.93
Gyro: -1.11, -3.30, -1.61
Accel: 0.29, 0.11, -0.92
Gyro: -1.56, -2.58, -0.76
Accel: 0.29, 0.12, -0.92
Gyro: -2.46, -2.88, -1.12
Accel: 0.28, 0.12, -0.94
Gyro: -2.46, -2.08, -0.78
Accel: 0.29, 0.11, -0.94
Gyro: -2.35, -0.21, -1.49
Accel: 0.29, 0.10, -0.92
Gyro: -1.11, -0.53, -2.40
Accel: 0.29, 0.11, -0.92
Gyro: -0.82, -2.05, -3.30
Accel: 0.28, 0.12, -0.93
Gyro: -1.04, -1.34, -2.89
Accel: 0.29, 0.12, -0.92
Gyro: -1.03, -0.11, -1.69
Accel: 0.29, 0.11, -0.91
Gyro: -1.26, -0.21, -1.35
Accel: 0.29, 0.11, -0.92
Gyro: -2.11, -1.55, -1.59
Accel: 0.29, 0.12, -0.93
Gyro: -2.42, -1.24, -1.50
Accel: 0.29, 0.12, -0.92
Gyro: -1.88, -0.56, -1.14
Accel: 0.29, 0.11, -0.92
Gyro: -1.97, -1.18, -0.85
Accel: 0.28, 0.11, -0.93
Gyro: -2.38, -0.99, -0.64
Accel: 0.29, 0.11, -0.93
Gyro: -2.92, -0.20, -0.71
Accel: 0.29, 0.10, -0.92
Gyro: -2.88, -0.28, -1.09
