Accel: 0.25, 0.14, -0.93
Gyro: -2.20, -0.52, -0.18
Accel: 0.25, 0.14, -0.93
Gyro: -1.98, 0.31, -0.18
Accel: 0.25, 0.15, -0.93
Gyro: -1.94, 0.31, 0.08
Accel: 0.25, 0.14, -0.92
Gyro: -2.02, 0.11, 0.66
Accel: 0.25, 0.13, -0.94
Gyro: -1.90, -0.44, 0.85
Accel: 0.26, 0.12, -0.93
Gyro: -2.63, -0.61, 0.14
Accel: 0.25, 0.14, -0.93
Gyro: -2.56, -0.67, -0.32
Accel: 0.25, 0.14, -0.93
Gyro: -2.03, -0.65, 0.03
Accel: 0.26, 0.13, -0.94
Gyro: -2.65, 0.08, -0.65
Accel: 0.25, 0.13, -0.93
Gyro: -2.38, 0.26, -1.04
Accel: 0.24, 0.13, -0.97
Gyro: -2.44, 2.17, -1.56
Accel: 0.22, 0.12, -1.00
Gyro: -2.74, 7.05, -2.34
Accel: 0.19, 0.16, -1.13
Gyro: -3.49, 23.61, -3.47
Accel: 0.17, 0.18, -1.19
Gyro: -0.34, 56.13, -0.72
Accel: 0.22, 0.15, -1.01
Gyro: 5.17, 70.71, -0.59
Accel: 0.26, 0.11, -1.01
Gyro: 6.87, 88.93, -4.52
Accel: 0.31, 0.02, -0.87
Gyro: 17.87, 93.38, -12.41
Accel: 0.37, 0.01, -0.87
Gyro: 20.26, 94.83, -31.14
Accel: 0.41, 0.07, -0.84
Gyro: 22.16, 95.38, -39.77
Accel: 0.51, 0.05, -0.70
Gyro: 26.17, 83.55, -49.35
Accel: 0.53, 0.07, -0.73
Gyro: 25.57, 76.13, -55.74
Accel: 0.61, -0.01, -0.66
Gyro: 22.33, 63.92, -65.06
Accel: 0.65, 0.05, -0.65
Gyro: 20.17, 49.38, -81.99
Accel: 0.66, 0.04, -0.60
Gyro: 27.05, 35.38, -93.71
Accel: 0.67, 0.12, -0.62
Gyro: 23.08, 22.69, -108.09
Accel: 0.66, 0.15, -0.63
Gyro: 39.96, 9.58, -117.35
Accel: 0.67, 0.23, -0.61
Gyro: 43.87, -4.14, -120.31
Accel: 0.65, 0.24, -0.62
Gyro: 46.36, -18.28, -119.94
Accel: 0.62, 0.29, -0.67
Gyro: 46.60, -28.79, -116.16
Accel: 0.58, 0.34, -0.62
Gyro: 44.93, -40.20, -103.42
Accel: 0.54, 0.36, -0.69
Gyro: 39.71, -53.42, -89.84
Accel: 0.50, 0.34, -0.74
Gyro: 35.64, -61.29, -76.35
Accel: 0.45, 0.37, -0.79
Gyro: 31.27, -68.73, -64.99
Accel: 0.41, 0.40, -0.76
Gyro: 27.18, -75.86, -49.11
Accel: 0.35, 0.39, -0.77
Gyro: 23.23, -86.87, -33.15
Accel: 0.29, 0.45, -0.80
Gyro: 21.16, -95.24, -13.47
Accel: 0.19, 0.22, -0.87
Gyro: 24.55, -99.40, 3.52
Accel: 0.12, 0.30, -0.98
Gyro: 9.78, -90.52, 1.90
Accel: 0.12, 0.39, -0.91
Gyro: 15.11, -89.59, 17.75
Accel: 0.05, 0.35, -0.88
Gyro: 33.81, -90.23, 37.16
Accel: -0.01, 0.29, -0.88
Gyro: 33.52, -94.38, 49.29
Accel: -0.07, 0.28, -0.99
Gyro: 29.96, -91.36, 62.43
Accel: -0.12, 0.24, -1.06
Gyro: 23.92, -81.09, 74.64
Accel: -0.18, 0.20, -1.05
Gyro: 12.09, -70.66, 81.67
Accel: -0.20, 0.20, -1.09
Gyro: 1.32, -57.32, 89.64
Accel: -0.22, 0.21, -1.07
Gyro: -8.02, -44.27, 96.29
Accel: -0.23, 0.20, -1.06
Gyro: -13.08, -31.97, 102.18
Accel: -0.22, 0.23, -1.06
Gyro: -15.91, -20.74, 107.03
Accel: -0.23, 0.22, -1.05
Gyro: -12.70, -9.77, 112.30
Accel: -0.21, 0.21, -1.04
Gyro: -10.22, 2.26, 113.56
Accel: -0.19, 0.19, -1.05
Gyro: -3.95, 12.84, 111.63
Accel: -0.16, 0.17, -1.01
Gyro: -5.20, 22.35, 105.80
Accel: -0.12, 0.17, -1.00
Gyro: -2.67, 28.69, 100.83
Accel: -0.09, 0.10, -0.98
Gyro: -2.10, 34.42, 90.13
Accel: -0.04, 0.09, -0.95
Gyro: 0.60, 34.11, 73.99
Accel: -0.01, 0.10, -0.96
Gyro: 3.46, 36.59, 61.96
Accel: 0.02, 0.08, -0.96
Gyro: 5.34, 37.78, 50.91
Accel: 0.03, 0.08, -1.00
Gyro: 6.47, 42.22, 36.98
Accel: 0.08, 0.12, -0.93
Gyro: 9.41, 44.98, 27.12
Accel: 0.11, 0.10, -0.95
Gyro: 12.56, 43.50, 19.19
Accel: 0.14, 0.08, -0.94
Gyro: 11.22, 45.62, 9.29
Accel: 0.17, 0.13, -0.93
Gyro: 9.27, 46.34, 4.23
Accel: 0.22, 0.12, -0.87
Gyro: 11.89, 41.12, 0.43
Accel: 0.25, 0.11, -0.87
Gyro: 14.60, 35.45, -3.53
Accel: 0.28, 0.12, -0.88
Gyro: 13.11, 31.08, -5.25
Accel: 0.30, 0.10, -0.88
Gyro: 11.37, 25.50, -4.64
Accel: 0.31, 0.09, -0.88
Gyro: 7.87, 21.54, -4.59
Accel: 0.33, 0.08, -0.88
Gyro: 5.41, 16.94, -4.30
Accel: 0.34, 0.10, -0.85
Gyro: 1.59, 11.66, -3.73
Accel: 0.36, 0.09, -0.85
Gyro: -0.54, 4.73, -3.15
Accel: 0.35, 0.09, -0.88
Gyro: -1.33, -0.89, -4.39
Accel: 0.34, 0.10, -0.88
Gyro: -1.82, -4.24, -5.71
Accel: 0.33, 0.12, -0.91
Gyro: -1.46, -5.99, -5.73
Accel: 0.32, 0.13, -0.92
Gyro: -1.31, -6.03, -4.78
Accel: 0.31, 0.12, -0.92
Gyro: -0.83, -6.15, -4.30
Accel: 0.30, 0.13, -0.93
Gyro: -0.57, -5.54, -3.60
Accel: 0.29, 0.12, -0.94
Gyro: -0.27, -3.54, -2.10
Accel: 0.29, 0.11, -0.93
Gyro: -0.27, -2.89, -1.62
Accel: 0.28, 0.13, -0.93
Gyro: -1.54, -1.82, -1.17
Accel: 0.28, 0.12, -0.93
Gyro: -2.04, -1.08, -0.27
Accel: 0.28, 0.11, -0.92
Gyro: -2.34, -1.30, -1.01
Accel: 0.28, 0.12, -0.91
Gyro: -2.30, -2.14, -1.95
Accel: 0.27, 0.12, -0.92
Gyro: -1.95, -2.30, -2.18
Accel: 0.29, 0.13, -0.93
Gyro: -2.05, -1.92, -1.61
Accel: 0.29, 0.12, -0.93
Gyro: -1.86, -1.56, -1.08
Accel: 0.29, 0.11, -0.92
Gyro: -2.46, -1.62, -0.69
Accel: 0.28, 0.13, -0.92
Gyro: -3.02, -1.94, -0.03
Accel: 0.29, 0.12, -0.94
Gyro: -2.61, -0.95, 0.23
Accel: 0.30, 0.11, -0.91
Gyro: -2.07, -0.65, 0.01
Accel: 0.29, 0.12, -0.91
Gyro: -1.77, -1.17, -1.02
Accel: 0.30, 0.11, -0.92
Gyro: -0.89, -0.70, -1.48
Accel: 0.30, 0.10, -0.92
Gyro: -0.90, -1.06, -2.45
Accel: 0.28, 0.11, -0.93
Gyro: -1.17, -1.56, -3.00
Accel: 0.29, 0.12, -0.92
Gyro: -1.39, -1.79, -2.41
Accel: 0.28, 0.11, -0.93
Gyro: -2.40, -1.59, -2.35
Accel: 0.28, 0.12, -0.93
Gyro: -2.93, -1.38, -1.90
Accel: 0.28, 0.12, -0.93
Gyro: -2.34, -0.90, -1.10
Accel: 0.28, 0.12, -0.93
Gyro: -2.14, -1.04, -1.36
Accel: 0.28, 0.11, -0.94
Gyro: -2.49, -1.49, -1.66
Accel: 0.27, 0.12, -0.94
Gyro: -2.21, -0.89, -1.72
Accel: 0.28, 0.12, -0.93
Gyro: -1.39, 0.02, -1.30
