Accel: 0.30, 0.11, -0.92
Gyro: -3.46, -1.04, -1.43
Accel: 0.29, 0.12, -0.92
Gyro: -3.17, -1.70, -2.04
Accel: 0.29, 0.12, -0.92
Gyro: -2.90, -1.61, -1.66
Accel: 0.29, 0.12, -0.93
Gyro: -2.48, -0.87, -1.69
Accel: 0.28, 0.12, -0.92
Gyro: -2.43, -1.07, -1.87
Accel: 0.28, 0.13, -0.93
Gyro: -2.53, -1.12, -1.25
Accel: 0.29, 0.11, -0.93
Gyro: -2.84, -0.43, -0.72
Accel: 0.28, 0.12, -0.93
Gyro: -2.80, -0.41, -0.82
Accel: 0.29, 0.13, -0.93
Gyro: -2.45, -0.59, -0.80
Accel: 0.29, 0.12, -0.94
Gyro: -2.13, 0.73, -0.40
Accel: 0.29, 0.10, -0.93
Gyro: -2.43, 1.91, -0.78
Accel: 0.26, 0.11, -0.98
Gyro: -3.52, 4.93, -1.22
Accel: 0.26, 0.12, -1.00
Gyro: -4.88, 12.92, -1.10
Accel: 0.22, 0.10, -1.13
Gyro: -5.78, 28.45, -0.92
Accel: 0.19, 0.05, -1.18
Gyro: -7.71, 62.95, -5.97
Accel: 0.27, 0.06, -0.91
Gyro: -4.94, 76.93, -15.75
Accel: 0.31, 0.02, -0.93
Gyro: 3.11, 78.83, -24.80
Accel: 0.39, -0.07, -0.81
Gyro: 5.90, 77.03, -44.75
Accel: 0.47, 0.00, -0.76
Gyro: 12.06, 65.99, -65.81
Accel: 0.48, 0.07, -0.74
Gyro: 14.91, 55.41, -77.02
Accel: 0.51, 0.07, -0.74
Gyro: 19.17, 44.62, -88.37
Accel: 0.51, 0.12, -0.75
Gyro: 18.39, 35.66, -94.78
Accel: 0.51, 0.04, -0.78
Gyro: 15.07, 32.25, -107.36
Accel: 0.52, 0.17, -0.71
Gyro: 11.22, 25.96, -119.41
Accel: 0.52, 0.16, -0.69
Gyro: 17.50, 15.81, -123.23
Accel: 0.52, 0.31, -0.70
Gyro: 16.70, 7.81, -125.08
Accel: 0.53, 0.36, -0.68
Gyro: 21.72, -5.93, -117.31
Accel: 0.50, 0.40, -0.71
Gyro: 23.13, -18.10, -109.41
Accel: 0.48, 0.42, -0.68
Gyro: 23.04, -30.53, -100.11
Accel: 0.44, 0.41, -0.74
Gyro: 26.05, -40.47, -91.86
Accel: 0.40, 0.42, -0.74
Gyro: 26.56, -49.06, -83.81
Accel: 0.37, 0.43, -0.73
Gyro: 22.96, -60.31, -75.78
Accel: 0.30, 0.43, -0.77
Gyro: 21.28, -72.72, -63.48
Accel: 0.24, 0.43, -0.80
Gyro: 17.08, -79.18, -52.45
Accel: 0.17, 0.44, -0.83
Gyro: 15.14, -86.16, -39.17
Accel: 0.08, 0.40, -0.92
Gyro: 12.30, -87.56, -28.55
Accel: 0.05, 0.44, -0.92
Gyro: 11.16, -83.50, -17.98
Accel: -0.00, 0.51, -0.83
Gyro: 16.01, -85.54, 0.32
Accel: -0.06, 0.42, -0.97
Gyro: 26.69, -84.82, 18.07
Accel: -0.09, 0.47, -0.99
Gyro: 18.86, -76.28, 31.32
Accel: -0.13, 0.46, -0.93
Gyro: 25.89, -71.26, 50.16
Accel: -0.18, 0.29, -0.96
Gyro: 27.40, -66.18, 61.46
Accel: -0.19, 0.26, -1.10
Gyro: 12.30, -52.39, 58.10
Accel: -0.19, 0.32, -0.97
Gyro: 12.34, -44.06, 61.08
Accel: -0.20, 0.27, -0.99
Gyro: 16.66, -38.40, 62.95
Accel: -0.20, 0.24, -0.98
Gyro: 21.01, -29.59, 55.77
Accel: -0.19, 0.29, -0.96
Gyro: 26.43, -24.12, 54.97
Accel: -0.19, 0.26, -0.98
Gyro: 31.07, -19.74, 57.85
Accel: -0.19, 0.24, -0.97
Gyro: 31.45, -14.72, 59.14
Accel: -0.18, 0.27, -0.89
Gyro: 33.00, -14.26, 67.94
Accel: -0.21, 0.18, -0.99
Gyro: 27.89, -11.22, 74.41
Accel: -0.22, 0.23, -0.99
Gyro: 16.11, -5.74, 74.96
Accel: -0.21, 0.21, -0.98
Gyro: 16.02, -0.42, 81.12
Accel: -0.20, 0.19, -0.97
Gyro: 10.14, 3.85, 84.66
Accel: -0.19, 0.21, -0.97
Gyro: 9.03, 7.24, 89.13
Accel: -0.19, 0.18, -0.98
Gyro: 7.35, 13.05, 94.80
Accel: -0.16, 0.07, -0.98
Gyro: 4.23, 15.82, 90.84
Accel: -0.14, 0.04, -1.01
Gyro: 0.97, 23.83, 76.71
Accel: -0.11, 0.10, -0.99
Gyro: 1.71, 28.43, 65.90
Accel: -0.08, 0.05, -1.00
Gyro: 3.86, 31.30, 56.44
Accel: -0.05, 0.06, -1.00
Gyro: 5.26, 38.70, 41.98
Accel: -0.02, 0.09, -0.99
Gyro: 8.21, 41.79, 31.81
Accel: -0.01, 0.09, -0.99
Gyro: 10.40, 47.94, 23.61
Accel: 0.03, 0.08, -0.98
Gyro: 12.04, 55.14, 16.27
Accel: 0.07, 0.09, -0.93
Gyro: 12.45, 55.18, 10.03
Accel: 0.13, 0.10, -0.92
Gyro: 11.54, 52.89, 6.68
Accel: 0.15, 0.09, -0.92
Gyro: 9.61, 51.25, 4.07
Accel: 0.19, 0.08, -0.93
Gyro: 8.22, 51.82, -0.06
Accel: 0.23, 0.08, -0.87
Gyro: 10.31, 45.17, -3.22
Accel: 0.26, 0.10, -0.89
Gyro: 8.93, 40.55, -4.24
Accel: 0.29, 0.08, -0.87
Gyro: 7.39, 35.50, -3.91
Accel: 0.32, 0.08, -0.85
Gyro: 6.45, 25.60, -4.81
Accel: 0.33, 0.08, -0.84
Gyro: 3.09, 17.45, -4.98
Accel: 0.33, 0.09, -0.86
Gyro: 1.53, 8.12, -4.26
Accel: 0.33, 0.10, -0.87
Gyro: -0.65, 1.89, -2.80
Accel: 0.33, 0.08, -0.90
Gyro: -1.27, -1.51, -1.72
Accel: 0.32, 0.10, -0.90
Gyro: -3.23, -3.27, -2.24
Accel: 0.30, 0.10, -0.93
Gyro: -3.47, -3.99, -1.79
Accel: 0.30, 0.09, -0.92
Gyro: -2.55, -3.20, -1.54
Accel: 0.30, 0.09, -0.91
Gyro: -2.34, -4.01, -2.03
Accel: 0.29, 0.11, -0.93
Gyro: -2.52, -5.37, -2.11
Accel: 0.28, 0.11, -0.93
Gyro: -1.86, -5.23, -0.68
Accel: 0.28, 0.10, -0.93
Gyro: -1.76, -4.72, -0.20
Accel: 0.27, 0.10, -0.93
Gyro: -1.73, -4.25, -0.34
Accel: 0.27, 0.10, -0.92
Gyro: -1.50, -4.70, 0.10
Accel: 0.27, 0.09, -0.94
Gyro: -1.76, -3.87, 0.11
Accel: 0.27, 0.09, -0.92
Gyro: -2.24, -3.07, -0.61
Accel: 0.27, 0.09, -0.93
Gyro: -2.65, -3.11, -1.46
Accel: 0.27, 0.10, -0.93
Gyro: -2.59, -3.05, -1.30
Accel: 0.27, 0.10, -0.95
Gyro: -2.45, -1.85, -0.79
Accel: 0.26, 0.09, -0.95
Gyro: -2.75, -0.60, -1.11
Accel: 0.27, 0.09, -0.93
Gyro: -2.30, -0.35, -1.46
Accel: 0.28, 0.09, -0.93
Gyro: -2.27, -0.74, -1.94
Accel: 0.28, 0.10, -0.92
Gyro: -2.40, -1.69, -1.86
Accel: 0.28, 0.10, -0.93
Gyro: -2.75, -1.38, -1.66
Accel: 0.28, 0.10, -0.95
Gyro: -2.91, -0.84, -1.14
Accel: 0.27, 0.10, -0.92
Gyro: -2.94, -1.01, -0.89
Accel: 0.27, 0.10, -0.93
Gyro: -3.07, -1.66, -0.69
Accel: 0.27, 0.10, -0.92
Gyro: -2.75, -1.80, -0.30
Accel: 0.27, 0.10, -0.93
Gyro: -2.74, -1.59, -0.52
Accel: 0.27, 0.10, -0.92
Gyro: -2.55, -1.60, -0.57
