Accel: 0.24, 0.11, -0.94
Gyro: -2.56, -1.10, -1.40
Accel: 0.24, 0.11, -0.93
Gyro: -2.17, -1.41, -1.16
Accel: 0.24, 0.11, -0.94
Gyro: -1.82, -1.79, -0.92
Accel: 0.23, 0.11, -0.94
Gyro: -1.58, -1.91, -0.46
Accel: 0.24, 0.11, -0.94
Gyro: -1.88, -1.58, -0.24
Accel: 0.23, 0.10, -0.94
Gyro: -2.39, -1.44, -0.50
Accel: 0.23, 0.10, -0.94
Gyro: -2.36, -1.23, -1.46
Accel: 0.23, 0.11, -0.94
Gyro: -2.34, -1.27, -1.98
Accel: 0.23, 0.11, -0.94
Gyro: -2.31, -0.93, -2.17
Accel: 0.23, 0.11, -0.94
Gyro: -2.42, -0.82, -1.90
Accel: 0.23, 0.12, -0.93
Gyro: -2.14, -0.77, -1.59
Accel: 0.24, 0.11, -0.93
Gyro: -1.95, -0.78, -1.43
Accel: 0.23, 0.11, -0.94
Gyro: -2.24, -0.92, -1.91
Accel: 0.23, 0.12, -0.95
Gyro: -1.88, -1.47, -2.00
Accel: 0.24, 0.11, -0.94
Gyro: -1.84, -0.98, -1.77
Accel: 0.24, 0.10, -0.94
Gyro: -1.78, -0.82, -1.50
Accel: 0.23, 0.11, -0.94
Gyro: -1.88, -0.08, -1.85
Accel: 0.23, 0.10, -0.96
Gyro: -1.70, 1.27, -2.27
Accel: 0.23, 0.11, -0.96
Gyro: -1.91, 2.91, -2.75
Accel: 0.22, 0.10, -0.97
Gyro: -2.15, 6.14, -3.62
Accel: 0.22, 0.08, -0.97
Gyro: -2.73, 11.26, -5.21
Accel: 0.21, 0.07, -1.01
Gyro: -3.69, 17.60, -8.86
Accel: 0.21, 0.07, -1.03
Gyro: -4.55, 27.40, -12.66
Accel: 0.20, 0.01, -1.05
Gyro: -5.05, 39.38, -21.55
Accel: 0.21, 0.04, -1.05
Gyro: -3.92, 54.95, -32.91
Accel: 0.21, -0.00, -1.06
Gyro: -0.24, 70.21, -43.42
Accel: 0.25, 0.01, -1.00
Gyro: 3.31, 83.96, -64.24
Accel: 0.29, -0.01, -0.93
Gyro: 12.89, 95.25, -82.87
Accel: 0.36, 0.07, -0.80
Gyro: 20.78, 94.32, -100.62
Accel: 0.39, 0.08, -0.81
Gyro: 27.66, 89.56, -115.57
Accel: 0.45, 0.12, -0.72
Gyro: 36.63, 83.05, -134.40
Accel: 0.54, 0.21, -0.62
Gyro: 47.03, 61.68, -146.58
Accel: 0.59, 0.30, -0.60
Gyro: 44.18, 39.59, -141.75
Accel: 0.61, 0.28, -0.56
Gyro: 43.69, 14.95, -134.81
Accel: 0.60, 0.43, -0.61
Gyro: 36.97, -4.67, -119.00
Accel: 0.61, 0.36, -0.55
Gyro: 30.55, -30.03, -92.94
Accel: 0.52, 0.38, -0.73
Gyro: 24.19, -42.68, -84.59
Accel: 0.49, 0.43, -0.70
Gyro: 24.95, -52.67, -70.73
Accel: 0.44, 0.41, -0.76
Gyro: 30.11, -60.55, -56.34
Accel: 0.39, 0.31, -0.79
Gyro: 31.88, -69.68, -49.14
Accel: 0.33, 0.40, -0.84
Gyro: 27.57, -76.31, -40.36
Accel: 0.28, 0.42, -0.88
Gyro: 22.09, -80.09, -20.11
Accel: 0.24, 0.47, -0.83
Gyro: 19.26, -84.50, 3.73
Accel: 0.15, 0.49, -0.85
Gyro: 19.59, -98.98, 35.50
Accel: 0.07, 0.41, -0.90
Gyro: 15.18, -107.51, 63.18
Accel: -0.01, 0.35, -0.95
Gyro: 15.66, -99.65, 82.63
Accel: -0.07, 0.36, -0.96
Gyro: 19.67, -95.38, 101.59
Accel: -0.15, 0.31, -1.03
Gyro: 9.17, -89.97, 121.08
Accel: -0.22, 0.19, -1.20
Gyro: 2.71, -68.92, 126.45
Accel: -0.23, 0.13, -1.11
Gyro: -15.64, -41.04, 116.65
Accel: -0.19, 0.17, -1.07
Gyro: -17.88, -30.07, 110.93
Accel: -0.17, 0.12, -1.06
Gyro: -14.03, -18.10, 100.67
Accel: -0.13, 0.15, -0.99
Gyro: -7.42, -11.07, 83.43
Accel: -0.11, 0.23, -0.99
Gyro: -0.25, -8.39, 81.28
Accel: -0.10, 0.18, -0.98
Gyro: 2.53, -5.07, 80.16
Accel: -0.09, 0.19, -1.03
Gyro: -1.46, 3.02, 77.99
Accel: -0.06, 0.17, -1.02
Gyro: -4.15, 10.56, 76.18
Accel: -0.04, 0.15, -1.00
Gyro: -6.58, 16.29, 69.90
Accel: -0.01, 0.14, -0.99
Gyro: -6.13, 21.07, 61.80
Accel: 0.01, 0.09, -0.98
Gyro: -3.40, 25.15, 50.61
Accel: 0.05, 0.10, -0.95
Gyro: 0.34, 26.37, 36.17
Accel: 0.05, 0.17, -0.97
Gyro: 4.56, 29.01, 27.17
Accel: 0.07, 0.17, -0.98
Gyro: 8.74, 30.98, 23.40
Accel: 0.08, 0.15, -0.99
Gyro: 8.26, 40.32, 18.91
Accel: 0.12, 0.16, -0.96
Gyro: 10.44, 42.61, 15.51
Accel: 0.12, 0.14, -0.99
Gyro: 10.39, 51.09, 12.54
Accel: 0.18, 0.13, -0.88
Gyro: 12.31, 49.52, 9.73
Accel: 0.24, 0.10, -0.85
Gyro: 11.71, 40.55, 4.99
Accel: 0.28, 0.11, -0.84
Gyro: 10.36, 30.11, 0.47
Accel: 0.30, 0.12, -0.84
Gyro: 9.87, 20.18, -1.95
Accel: 0.30, 0.11, -0.85
Gyro: 7.86, 12.91, -3.40
Accel: 0.31, 0.10, -0.86
Gyro: 6.75, 6.23, -4.64
Accel: 0.32, 0.10, -0.88
Gyro: 4.79, 0.79, -5.64
Accel: 0.30, 0.13, -0.90
Gyro: 1.58, -1.66, -5.88
Accel: 0.30, 0.12, -0.92
Gyro: 0.17, -2.24, -4.85
Accel: 0.29, 0.11, -0.93
Gyro: -0.50, -2.01, -4.79
Accel: 0.30, 0.12, -0.92
Gyro: -1.34, -3.32, -5.20
Accel: 0.28, 0.14, -0.93
Gyro: -1.84, -3.81, -3.88
Accel: 0.28, 0.13, -0.94
Gyro: -1.78, -2.62, -2.46
Accel: 0.28, 0.13, -0.92
Gyro: -2.28, -2.20, -2.72
Accel: 0.26, 0.14, -0.93
Gyro: -2.22, -2.94, -2.58
Accel: 0.26, 0.13, -0.93
Gyro: -2.59, -2.38, -1.95
Accel: 0.26, 0.13, -0.93
Gyro: -2.78, -2.04, -1.24
Accel: 0.26, 0.14, -0.93
Gyro: -2.65, -2.39, -0.93
Accel: 0.25, 0.14, -0.93
Gyro: -1.65, -2.52, -0.29
Accel: 0.25, 0.14, -0.93
Gyro: -1.65, -1.47, -0.31
Accel: 0.25, 0.12, -0.92
Gyro: -1.89, -1.48, -0.98
Accel: 0.25, 0.14, -0.93
Gyro: -1.74, -2.27, -1.66
Accel: 0.23, 0.13, -0.95
Gyro: -1.65, -1.38, -1.42
Accel: 0.25, 0.13, -0.94
Gyro: -1.99, 0.51, -0.75
Accel: 0.27, 0.13, -0.93
Gyro: -2.69, 1.42, -0.70
Accel: 0.26, 0.15, -0.93
Gyro: -2.83, 1.09, 0.01
Accel: 0.26, 0.13, -0.93
Gyro: -2.82, 0.03, 0.24
Accel: 0.26, 0.14, -0.94
Gyro: -2.69, 0.61, 0.17
Accel: 0.27, 0.13, -0.93
Gyro: -2.14, 1.30, 0.40
Accel: 0.27, 0.12, -0.92
Gyro: -2.35, 0.86, -0.22
Accel: 0.27, 0.13, -0.93
Gyro: -2.33, 0.24, -0.76
Accel: 0.27, 0.13, -0.92
Gyro: -1.83, 0.35, -0.56
Accel: 0.27, 0.12, -0.92
Gyro: -1.66, 0.24, -0.59
Accel: 0.27, 0.13, -0.92
Gyro: -1.82, -0.50, -1.08
Accel: 0.27, 0.13, -0.92
Gyro: -2.16, -0.76, -0.84
