Accel: 0.29, 0.12, -0.93
Gyro: -2.49, -1.85, -1.50
Accel: 0.29, 0.12, -0.93
Gyro: -2.22, -1.03, -1.24
Accel: 0.29, 0.13, -0.92
Gyro: -2.10, -0.72, -1.63
Accel: 0.29, 0.13, -0.93
Gyro: -1.87, -0.37, -1.23
Accel: 0.30, 0.13, -0.91
Gyro: -2.23, -0.43, -1.20
Accel: 0.30, 0.12, -0.92
Gyro: -2.49, -0.57, -1.52
Accel: 0.29, 0.13, -0.92
Gyro: -2.82, -0.39, -1.18
Accel: 0.29, 0.13, -0.92
Gyro: -2.58, 0.27, -0.73
Accel: 0.30, 0.13, -0.92
Gyro: -2.30, 0.47, -0.69
Accel: 0.30, 0.13, -0.92
Gyro: -2.17, -0.16, -1.08
Accel: 0.31, 0.14, -0.91
Gyro: -1.48, -0.45, -0.18
Accel: 0.30, 0.13, -0.93
Gyro: -1.91, -0.65, 0.15
Accel: 0.29, 0.14, -0.91
Gyro: -2.22, -0.20, 1.22
Accel: 0.28, 0.14, -0.96
Gyro: -3.70, 3.23, 2.70
Accel: 0.22, 0.12, -1.11
Gyro: -12.07, 16.43, 7.13
Accel: 0.24, 0.17, -1.07
Gyro: -26.84, 46.62, 16.37
Accel: 0.28, 0.16, -1.00
Gyro: -29.28, 51.73, 26.51
Accel: 0.28, 0.11, -1.03
Gyro: -32.27, 69.11, 29.72
Accel: 0.33, 0.10, -0.94
Gyro: -29.27, 81.29, 24.04
Accel: 0.37, 0.10, -0.89
Gyro: -16.88, 80.20, 13.18
Accel: 0.41, 0.08, -0.85
Gyro: -9.71, 91.22, 0.14
Accel: 0.50, 0.06, -0.72
Gyro: 2.69, 83.33, -13.37
Accel: 0.50, 0.05, -0.80
Gyro: 8.88, 86.88, -31.01
Accel: 0.59, 0.06, -0.67
Gyro: 16.49, 81.81, -46.39
Accel: 0.63, 0.02, -0.63
Gyro: 30.14, 72.48, -74.18
Accel: 0.70, 0.15, -0.56
Gyro: 41.06, 58.31, -98.25
Accel: 0.71, 0.17, -0.51
Gyro: 52.41, 37.75, -106.80
Accel: 0.71, 0.20, -0.60
Gyro: 59.06, 25.50, -117.55
Accel: 0.70, 0.24, -0.56
Gyro: 55.32, 11.71, -120.98
Accel: 0.69, 0.26, -0.57
Gyro: 56.40, -0.24, -123.89
Accel: 0.68, 0.25, -0.61
Gyro: 56.98, -10.89, -123.20
Accel: 0.66, 0.33, -0.60
Gyro: 49.84, -22.52, -123.09
Accel: 0.64, 0.34, -0.59
Gyro: 52.56, -36.85, -117.39
Accel: 0.57, 0.41, -0.71
Gyro: 49.24, -47.36, -107.86
Accel: 0.54, 0.41, -0.65
Gyro: 44.65, -56.15, -92.38
Accel: 0.46, 0.37, -0.75
Gyro: 38.93, -63.55, -83.77
Accel: 0.44, 0.42, -0.74
Gyro: 32.43, -66.93, -71.83
Accel: 0.39, 0.45, -0.73
Gyro: 28.92, -78.65, -55.21
Accel: 0.32, 0.44, -0.77
Gyro: 23.58, -86.19, -41.92
Accel: 0.25, 0.48, -0.81
Gyro: 23.22, -93.67, -24.45
Accel: 0.16, 0.47, -0.85
Gyro: 23.48, -101.45, -3.07
Accel: 0.06, 0.35, -0.97
Gyro: 20.69, -98.98, 7.02
Accel: 0.02, 0.45, -0.93
Gyro: 31.55, -91.72, 22.09
Accel: -0.01, 0.30, -0.88
Gyro: 39.55, -86.99, 35.10
Accel: -0.04, 0.27, -0.99
Gyro: 24.72, -83.83, 36.39
Accel: -0.08, 0.37, -0.90
Gyro: 22.14, -85.78, 47.69
Accel: -0.13, 0.36, -0.96
Gyro: 27.71, -84.32, 66.88
Accel: -0.17, 0.31, -1.02
Gyro: 17.33, -76.42, 81.25
Accel: -0.21, 0.30, -1.02
Gyro: 10.94, -68.17, 91.96
Accel: -0.24, 0.26, -1.07
Gyro: 4.90, -55.31, 99.53
Accel: -0.25, 0.25, -1.08
Gyro: 0.64, -39.79, 101.78
Accel: -0.25, 0.26, -1.05
Gyro: -0.61, -26.15, 104.09
Accel: -0.24, 0.22, -1.02
Gyro: 1.01, -15.48, 104.87
Accel: -0.22, 0.21, -1.00
Gyro: 5.03, -6.92, 100.30
Accel: -0.19, 0.23, -1.00
Gyro: 8.86, 0.06, 96.12
Accel: -0.18, 0.20, -1.01
Gyro: 10.60, 6.87, 94.73
Accel: -0.16, 0.14, -0.97
Gyro: 7.53, 12.33, 87.17
Accel: -0.14, 0.16, -0.99
Gyro: 7.52, 15.66, 77.96
Accel: -0.11, 0.14, -0.97
Gyro: 8.21, 21.73, 71.15
Accel: -0.08, 0.11, -1.00
Gyro: 9.45, 26.70, 62.23
Accel: -0.06, 0.11, -0.97
Gyro: 9.12, 32.75, 52.21
Accel: -0.04, 0.12, -0.99
Gyro: 8.68, 35.96, 43.01
Accel: -0.01, 0.11, -0.98
Gyro: 8.01, 43.95, 35.00
Accel: 0.03, 0.15, -0.96
Gyro: 8.18, 45.98, 25.51
Accel: 0.06, 0.17, -0.93
Gyro: 12.50, 45.20, 22.91
Accel: 0.08, 0.11, -0.98
Gyro: 13.17, 47.77, 20.86
Accel: 0.11, 0.09, -0.98
Gyro: 10.86, 51.79, 16.26
Accel: 0.16, 0.11, -0.91
Gyro: 8.86, 52.94, 12.47
Accel: 0.21, 0.09, -0.88
Gyro: 8.42, 46.84, 9.83
Accel: 0.24, 0.09, -0.89
Gyro: 5.33, 43.80, 5.74
Accel: 0.29, 0.10, -0.82
Gyro: 5.52, 33.68, 3.27
Accel: 0.32, 0.09, -0.81
Gyro: 4.26, 20.36, 1.05
Accel: 0.32, 0.11, -0.85
Gyro: 3.56, 10.12, -0.06
Accel: 0.32, 0.10, -0.86
Gyro: 3.44, 3.01, -1.15
Accel: 0.32, 0.10, -0.87
Gyro: 1.47, -1.71, -1.74
Accel: 0.30, 0.11, -0.90
Gyro: 1.00, -4.56, -1.73
Accel: 0.30, 0.09, -0.93
Gyro: 1.05, -5.65, -1.97
Accel: 0.29, 0.09, -0.92
Gyro: 0.08, -6.31, -3.96
Accel: 0.28, 0.11, -0.93
Gyro: -0.09, -6.48, -5.03
Accel: 0.28, 0.11, -0.94
Gyro: 0.41, -5.84, -5.27
Accel: 0.27, 0.11, -0.94
Gyro: 1.26, -4.42, -5.87
Accel: 0.26, 0.11, -0.95
Gyro: 0.30, -3.56, -6.48
Accel: 0.25, 0.12, -0.95
Gyro: -0.86, -2.79, -5.21
Accel: 0.25, 0.12, -0.93
Gyro: -1.91, -2.12, -3.90
Accel: 0.25, 0.12, -0.93
Gyro: -3.05, -2.31, -3.14
Accel: 0.25, 0.13, -0.93
Gyro: -2.52, -2.85, -2.01
Accel: 0.25, 0.12, -0.93
Gyro: -2.68, -2.48, -1.56
Accel: 0.25, 0.13, -0.93
Gyro: -3.26, -1.69, -1.50
Accel: 0.25, 0.12, -0.94
Gyro: -2.49, -1.21, -0.97
Accel: 0.25, 0.12, -0.93
Gyro: -1.88, -0.95, -1.50
Accel: 0.26, 0.12, -0.93
Gyro: -1.96, -1.27, -2.17
Accel: 0.25, 0.12, -0.94
Gyro: -1.76, -1.07, -1.92
Accel: 0.26, 0.12, -0.95
Gyro: -1.46, 0.14, -2.21
Accel: 0.26, 0.12, -0.93
Gyro: -1.33, 0.81, -2.27
Accel: 0.26, 0.11, -0.93
Gyro: -1.30, 0.76, -2.25
Accel: 0.26, 0.12, -0.94
Gyro: -1.24, 1.03, -2.20
Accel: 0.26, 0.11, -0.92
Gyro: -1.71, 0.62, -2.20
Accel: 0.26, 0.11, -0.92
Gyro: -2.24, -0.26, -2.34
Accel: 0.26, 0.11, -0.92
Gyro: -2.41, -1.08, -1.87
Accel: 0.26, 0.12, -0.92
Gyro: -2.35, -1.39, -1.54
Accel: 0.26, 0.11, -0.92
Gyro: -2.69, -1.91, -1.54
