Accel: 0.23, 0.18, -0.93
Gyro: 0.82, -1.21, 0.15
Accel: 0.23, 0.17, -0.95
Gyro: 1.42, -0.11, 1.22
Accel: 0.23, 0.17, -0.94
Gyro: 1.55, 1.01, 1.73
Accel: 0.24, 0.16, -0.93
Gyro: 1.26, 1.03, 2.10
Accel: 0.24, 0.15, -0.93
Gyro: 1.25, 0.95, 2.11
Accel: 0.23, 0.17, -0.93
Gyro: 1.56, 0.40, 2.65
Accel: 0.25, 0.16, -0.91
Gyro: 2.19, -0.47, 3.19
Accel: 0.24, 0.16, -0.92
Gyro: 3.19, -0.83, 2.59
Accel: 0.24, 0.18, -0.94
Gyro: 5.57, -1.21, 3.78
Accel: 0.24, 0.15, -0.93
Gyro: 7.03, -1.03, 4.54
Accel: 0.25, 0.15, -0.93
Gyro: 8.32, -0.68, 4.30
Accel: 0.24, 0.15, -0.94
Gyro: 9.27, -1.62, 5.01
Accel: 0.24, 0.15, -0.93
Gyro: 10.38, -1.81, 6.77
Accel: 0.24, 0.15, -0.93
Gyro: 10.61, -1.54, 8.45
Accel: 0.23, 0.17, -0.93
Gyro: 11.34, -2.32, 10.98
Accel: 0.24, 0.18, -0.93
Gyro: 14.15, -2.04, 15.51
Accel: 0.24, 0.15, -0.93
Gyro: 17.44, -1.38, 19.94
Accel: 0.23, 0.15, -0.92
Gyro: 19.75, -1.97, 23.48
Accel: 0.22, 0.16, -0.92
Gyro: 24.23, -2.91, 29.34
Accel: 0.22, 0.13, -0.94
Gyro: 29.28, -2.27, 35.05
Accel: 0.23, 0.14, -0.92
Gyro: 34.06, -2.10, 40.92
Accel: 0.22, 0.07, -0.91
Gyro: 39.94, -3.43, 47.42
Accel: 0.22, 0.01, -0.91
Gyro: 41.36, -3.68, 49.37
Accel: 0.22, 0.04, -0.89
Gyro: 41.24, -4.87, 51.13
Accel: 0.20, 0.01, -0.89
Gyro: 49.00, -8.24, 59.59
Accel: 0.20, -0.07, -0.89
Gyro: 52.13, -9.37, 62.32
Accel: 0.19, -0.05, -0.85
Gyro: 58.53, -12.29, 66.01
Accel: 0.18, -0.15, -0.86
Gyro: 66.34, -15.99, 70.87
Accel: 0.14, -0.19, -0.84
Gyro: 67.82, -17.60, 71.21
Accel: 0.10, -0.30, -0.86
Gyro: 74.50, -20.80, 76.81
Accel: 0.09, -0.55, -0.90
Gyro: 64.51, -16.75, 69.19
Accel: 0.07, -0.60, -0.90
Gyro: 46.68, -13.96, 52.90
Accel: 0.07, -0.59, -0.91
Gyro: 31.91, -11.68, 38.04
Accel: 0.06, -0.60, -0.93
Gyro: 26.38, -7.60, 24.54
Accel: 0.05, -0.52, -0.87
Gyro: 18.75, -3.67, 11.10
Accel: 0.05, -0.52, -0.88
Gyro: 26.63, -2.17, 8.64
Accel: 0.06, -0.56, -0.84
Gyro: 21.53, -1.46, 2.98
Accel: 0.06, -0.53, -0.80
Gyro: 19.13, -5.06, 3.33
Accel: 0.04, -0.63, -0.87
Gyro: 13.08, -2.85, -0.56
Accel: 0.06, -0.62, -0.82
Gyro: 6.17, 0.11, -9.89
Accel: 0.05, -0.59, -0.82
Gyro: 3.21, -1.58, -14.98
Accel: 0.04, -0.61, -0.84
Gyro: -2.87, -1.13, -19.72
Accel: 0.04, -0.58, -0.87
Gyro: -10.59, 2.40, -22.74
Accel: 0.06, -0.59, -0.85
Gyro: -18.39, 5.84, -23.25
Accel: 0.08, -0.61, -0.83
Gyro: -25.90, 4.93, -26.77
Accel: 0.08, -0.59, -0.82
Gyro: -34.43, 2.70, -33.29
Accel: 0.09, -0.55, -0.85
Gyro: -40.35, 1.63, -38.92
Accel: 0.09, -0.51, -0.86
Gyro: -45.91, 2.40, -44.60
Accel: 0.12, -0.44, -0.84
Gyro: -49.26, 3.44, -47.46
Accel: 0.12, -0.40, -0.86
Gyro: -50.87, 3.11, -48.28
Accel: 0.13, -0.36, -0.88
Gyro: -52.31, 3.37, -48.97
Accel: 0.15, -0.28, -0.89
Gyro: -53.77, 5.33, -48.49
Accel: 0.16, -0.27, -0.90
Gyro: -53.96, 6.32, -47.58
Accel: 0.17, -0.22, -0.90
Gyro: -53.60, 6.04, -47.26
Accel: 0.18, -0.20, -0.91
Gyro: -55.63, 7.42, -48.16
Accel: 0.19, -0.14, -0.89
Gyro: -56.14, 7.19, -47.70
Accel: 0.20, -0.10, -0.89
Gyro: -54.78, 5.87, -45.21
Accel: 0.21, -0.08, -0.89
Gyro: -53.96, 4.55, -43.59
Accel: 0.21, -0.04, -0.90
Gyro: -55.81, 3.09, -44.04
Accel: 0.21, 0.03, -0.90
Gyro: -53.55, 0.37, -41.41
Accel: 0.21, 0.03, -0.92
Gyro: -51.28, -1.02, -39.02
Accel: 0.22, 0.12, -0.90
Gyro: -52.03, -0.65, -37.63
Accel: 0.21, 0.18, -0.89
Gyro: -39.70, -4.47, -30.32
Accel: 0.21, 0.18, -0.94
Gyro: -35.24, -3.14, -24.40
Accel: 0.21, 0.17, -0.96
Gyro: -34.96, -1.75, -22.20
Accel: 0.22, 0.23, -0.95
Gyro: -27.39, -0.26, -16.58
Accel: 0.23, 0.22, -0.93
Gyro: -20.79, -0.38, -11.24
Accel: 0.23, 0.22, -0.94
Gyro: -17.87, 0.62, -8.64
Accel: 0.23, 0.21, -0.93
Gyro: -12.66, 0.56, -6.00
Accel: 0.23, 0.21, -0.93
Gyro: -8.29, -0.10, -3.77
Accel: 0.23, 0.20, -0.94
Gyro: -5.36, -0.99, -2.01
Accel: 0.23, 0.19, -0.93
Gyro: -3.22, -1.47, -1.26
Accel: 0.23, 0.17, -0.93
Gyro: -0.51, -1.97, -1.02
Accel: 0.22, 0.16, -0.93
Gyro: -0.37, -2.46, -0.79
Accel: 0.22, 0.15, -0.94
Gyro: -0.49, -2.29, -0.45
Accel: 0.22, 0.16, -0.93
Gyro: -0.83, -1.95, -0.26
Accel: 0.21, 0.14, -0.95
Gyro: -0.90, -2.01, -0.18
Accel: 0.22, 0.14, -0.94
Gyro: -0.96, -1.56, -0.29
Accel: 0.22, 0.15, -0.93
Gyro: -0.82, -1.06, -0.43
Accel: 0.22, 0.14, -0.94
Gyro: -1.13, -0.48, -1.02
Accel: 0.22, 0.15, -0.94
Gyro: -0.95, -0.26, -1.57
Accel: 0.22, 0.14, -0.93
Gyro: -0.93, -0.05, -1.67
Accel: 0.22, 0.15, -0.92
Gyro: -0.90, -0.34, -1.67
Accel: 0.22, 0.15, -0.94
Gyro: -0.56, -1.01, -1.51
Accel: 0.22, 0.14, -0.93
Gyro: 0.04, -1.01, -1.03
Accel: 0.22, 0.14, -0.94
Gyro: -0.01, -0.28, -0.75
Accel: 0.22, 0.13, -0.94
Gyro: -0.23, 0.24, -0.47
Accel: 0.23, 0.12, -0.94
Gyro: -0.66, -0.03, -0.39
Accel: 0.22, 0.14, -0.94
Gyro: -1.25, 0.08, -0.89
Accel: 0.22, 0.13, -0.94
Gyro: -0.93, 0.28, -0.72
Accel: 0.22, 0.12, -0.93
Gyro: -1.19, -0.27, -0.74
Accel: 0.22, 0.12, -0.94
Gyro: -1.69, -0.92, -1.31
Accel: 0.21, 0.13, -0.94
Gyro: -1.66, -0.47, -1.57
Accel: 0.22, 0.13, -0.94
Gyro: -1.81, 0.47, -2.18
Accel: 0.23, 0.14, -0.94
Gyro: -1.80, 0.91, -2.04
Accel: 0.22, 0.15, -0.93
Gyro: -1.43, 0.24, -1.42
Accel: 0.23, 0.15, -0.93
Gyro: -0.98, -0.22, -0.74
Accel: 0.23, 0.13, -0.94
Gyro: -1.08, -0.05, -0.30
Accel: 0.23, 0.13, -0.94
Gyro: -0.86, 0.48, -0.18
Accel: 0.23, 0.12, -0.93
Gyro: -0.94, 0.26, -0.24
Accel: 0.23, 0.13, -0.94
Gyro: -1.56, -0.07, -1.11
