Accel: 0.13, 0.07, -0.96
Gyro: -1.11, -0.34, 0.83
Accel: 0.13, 0.07, -0.96
Gyro: -1.91, -0.67, 0.37
Accel: 0.13, 0.06, -0.96
Gyro: -2.52, -0.69, -0.56
Accel: 0.12, 0.07, -0.95
Gyro: -2.59, -1.05, -1.18
Accel: 0.12, 0.08, -0.96
Gyro: -2.54, -1.03, -1.66
Accel: 0.12, 0.08, -0.96
Gyro: -2.56, -1.21, -1.71
Accel: 0.12, 0.08, -0.96
Gyro: -2.71, -1.24, -1.78
Accel: 0.13, 0.08, -0.97
Gyro: -2.23, -0.50, -1.56
Accel: 0.12, 0.09, -0.97
Gyro: -1.53, 0.60, -1.08
Accel: 0.13, 0.08, -0.96
Gyro: -1.52, 0.66, -0.50
Accel: 0.13, 0.08, -0.96
Gyro: -2.02, -0.02, -0.38
Accel: 0.13, 0.08, -0.96
Gyro: -1.87, 0.31, -0.60
Accel: 0.13, 0.08, -0.97
Gyro: -1.75, 0.65, -0.95
Accel: 0.13, 0.08, -0.96
Gyro: -2.07, 0.92, -1.17
Accel: 0.13, 0.07, -0.97
Gyro: -2.11, 0.95, -0.90
Accel: 0.13, 0.07, -0.96
Gyro: -2.33, 0.94, -1.00
Accel: 0.14, 0.08, -0.95
Gyro: -2.53, 0.53, -1.27
Accel: 0.14, 0.08, -0.96
Gyro: -2.97, 0.08, -1.79
Accel: 0.13, 0.08, -0.97
Gyro: -2.11, 0.76, -1.23
Accel: 0.13, 0.09, -0.97
Gyro: -2.27, 1.24, -1.39
Accel: 0.14, 0.09, -0.95
Gyro: -1.81, 1.07, -1.24
Accel: 0.13, 0.10, -0.95
Gyro: -0.95, 0.89, -0.84
Accel: 0.13, 0.12, -0.96
Gyro: 0.29, 0.15, -0.42
Accel: 0.13, 0.13, -0.97
Gyro: 3.59, 0.82, 0.98
Accel: 0.13, 0.12, -0.96
Gyro: 6.36, 1.27, 2.57
Accel: 0.14, 0.14, -0.97
Gyro: 9.05, 1.64, 4.32
Accel: 0.14, 0.13, -0.95
Gyro: 14.20, 1.72, 7.56
Accel: 0.14, 0.12, -0.95
Gyro: 18.34, 1.71, 9.61
Accel: 0.14, 0.12, -0.95
Gyro: 22.41, 0.98, 11.67
Accel: 0.14, 0.11, -0.95
Gyro: 28.00, 1.37, 14.46
Accel: 0.14, 0.08, -0.95
Gyro: 33.07, 1.56, 17.66
Accel: 0.14, 0.07, -0.93
Gyro: 36.71, 0.82, 21.00
Accel: 0.14, 0.05, -0.94
Gyro: 41.69, -0.52, 25.54
Accel: 0.14, 0.02, -0.93
Gyro: 46.54, -1.37, 30.94
Accel: 0.13, 0.00, -0.91
Gyro: 50.32, -2.82, 36.36
Accel: 0.13, -0.03, -0.91
Gyro: 54.86, -4.88, 42.50
Accel: 0.11, -0.06, -0.90
Gyro: 59.33, -6.02, 48.30
Accel: 0.11, -0.12, -0.90
Gyro: 63.44, -6.83, 53.87
Accel: 0.08, -0.16, -0.88
Gyro: 66.51, -6.53, 58.14
Accel: 0.07, -0.23, -0.88
Gyro: 68.58, -5.94, 60.68
Accel: 0.06, -0.31, -0.87
Gyro: 70.23, -5.66, 60.67
Accel: 0.05, -0.40, -0.86
Gyro: 68.53, -5.88, 58.27
Accel: 0.04, -0.49, -0.85
Gyro: 64.76, -5.78, 52.80
Accel: 0.02, -0.61, -0.86
Gyro: 54.19, -5.30, 41.63
Accel: 0.02, -0.64, -0.84
Gyro: 39.70, -6.38, 26.92
Accel: 0.01, -0.54, -0.83
Gyro: 30.48, -7.84, 17.19
Accel: 0.01, -0.50, -0.86
Gyro: 34.72, -7.06, 14.79
Accel: 0.00, -0.55, -0.84
Gyro: 35.80, -3.33, 9.72
Accel: 0.01, -0.51, -0.78
Gyro: 34.07, -4.12, 7.83
Accel: -0.00, -0.61, -0.82
Gyro: 35.61, -5.55, 9.12
Accel: -0.00, -0.62, -0.79
Gyro: 25.42, -4.94, 4.40
Accel: -0.02, -0.58, -0.78
Gyro: 22.53, -7.91, 6.37
Accel: -0.02, -0.65, -0.82
Gyro: 20.13, -3.13, 5.26
Accel: -0.00, -0.66, -0.76
Gyro: 14.06, -0.08, -1.29
Accel: -0.01, -0.63, -0.74
Gyro: 13.74, -4.81, -3.11
Accel: -0.03, -0.69, -0.77
Gyro: 9.15, -5.75, -5.61
Accel: -0.03, -0.67, -0.76
Gyro: 1.10, -3.36, -8.55
Accel: -0.03, -0.66, -0.78
Gyro: -1.57, -2.57, -7.64
Accel: -0.03, -0.68, -0.79
Gyro: -5.62, -0.31, -7.71
Accel: -0.02, -0.70, -0.78
Gyro: -11.38, 2.26, -9.13
Accel: -0.02, -0.71, -0.77
Gyro: -18.62, 3.25, -12.15
Accel: -0.00, -0.70, -0.75
Gyro: -26.76, 2.75, -15.72
Accel: -0.00, -0.71, -0.77
Gyro: -36.56, 1.14, -20.44
Accel: 0.00, -0.65, -0.77
Gyro: -44.75, 0.73, -25.05
Accel: 0.00, -0.61, -0.82
Gyro: -49.57, 2.24, -28.53
Accel: 0.02, -0.55, -0.83
Gyro: -52.44, 6.28, -32.18
Accel: 0.03, -0.53, -0.82
Gyro: -52.41, 8.24, -34.58
Accel: 0.04, -0.52, -0.83
Gyro: -53.90, 9.50, -37.51
Accel: 0.06, -0.46, -0.84
Gyro: -57.89, 8.70, -39.55
Accel: 0.06, -0.39, -0.84
Gyro: -57.59, 7.53, -39.21
Accel: 0.08, -0.36, -0.86
Gyro: -58.83, 6.58, -37.60
Accel: 0.09, -0.33, -0.87
Gyro: -59.81, 6.13, -36.00
Accel: 0.11, -0.30, -0.88
Gyro: -59.29, 5.86, -34.93
Accel: 0.12, -0.28, -0.89
Gyro: -58.45, 4.82, -34.34
Accel: 0.12, -0.26, -0.89
Gyro: -62.14, 3.73, -35.23
Accel: 0.13, -0.19, -0.89
Gyro: -63.77, 2.40, -33.49
Accel: 0.14, -0.17, -0.89
Gyro: -64.45, 1.29, -32.25
Accel: 0.14, -0.11, -0.90
Gyro: -63.61, -0.89, -30.88
Accel: 0.14, -0.07, -0.91
Gyro: -59.21, -1.84, -29.38
Accel: 0.15, -0.03, -0.91
Gyro: -53.49, -1.34, -27.92
Accel: 0.16, 0.01, -0.95
Gyro: -47.81, -1.51, -28.47
Accel: 0.16, 0.04, -0.94
Gyro: -39.45, -1.46, -28.43
Accel: 0.15, 0.07, -0.93
Gyro: -32.07, -1.96, -28.61
Accel: 0.15, 0.07, -0.96
Gyro: -25.92, -2.04, -27.43
Accel: 0.15, 0.06, -0.97
Gyro: -24.19, 0.21, -26.21
Accel: 0.15, 0.08, -0.96
Gyro: -23.38, 1.76, -23.10
Accel: 0.15, 0.09, -0.94
Gyro: -22.25, 1.83, -19.66
Accel: 0.16, 0.09, -0.93
Gyro: -22.06, 0.76, -17.29
Accel: 0.15, 0.12, -0.93
Gyro: -20.84, -0.46, -14.92
Accel: 0.15, 0.15, -0.95
Gyro: -19.60, -1.08, -12.35
Accel: 0.15, 0.17, -0.94
Gyro: -17.21, -1.76, -8.48
Accel: 0.15, 0.17, -0.95
Gyro: -13.82, -2.02, -4.84
Accel: 0.14, 0.17, -0.95
Gyro: -10.78, -1.94, -2.62
Accel: 0.15, 0.17, -0.95
Gyro: -7.67, -1.72, -0.80
Accel: 0.15, 0.16, -0.95
Gyro: -4.68, -1.27, 0.08
Accel: 0.15, 0.14, -0.96
Gyro: -3.33, -1.24, 0.49
Accel: 0.15, 0.13, -0.96
Gyro: -2.32, -0.52, 0.08
Accel: 0.15, 0.14, -0.95
Gyro: -2.37, -0.06, -0.95
Accel: 0.15, 0.13, -0.95
Gyro: -2.34, 0.47, -1.33
Accel: 0.15, 0.12, -0.96
Gyro: -2.30, 0.85, -1.48
Accel: 0.16, 0.12, -0.96
Gyro: -2.01, 1.17, -2.04
