Accel: 0.15, 0.13, -0.96
Gyro: -2.21, -2.24, -3.47
Accel: 0.15, 0.12, -0.95
Gyro: -1.36, -1.83, -2.85
Accel: 0.15, 0.12, -0.95
Gyro: -0.50, -1.43, -1.91
Accel: 0.15, 0.12, -0.95
Gyro: 0.14, -1.76, -1.14
Accel: 0.15, 0.11, -0.96
Gyro: 0.31, -1.59, -0.77
Accel: 0.15, 0.11, -0.96
Gyro: 0.95, -1.34, -0.40
Accel: 0.15, 0.10, -0.95
Gyro: 1.17, -1.90, -0.39
Accel: 0.15, 0.09, -0.95
Gyro: 0.77, -2.01, -0.52
Accel: 0.15, 0.09, -0.96
Gyro: 0.60, -1.59, -0.85
Accel: 0.15, 0.09, -0.96
Gyro: 0.30, -1.65, -1.39
Accel: 0.14, 0.09, -0.95
Gyro: 0.35, -1.73, -1.46
Accel: 0.14, 0.08, -0.96
Gyro: 0.35, -1.53, -1.61
Accel: 0.14, 0.08, -0.96
Gyro: 0.36, -1.23, -1.39
Accel: 0.15, 0.08, -0.96
Gyro: -0.07, -0.80, -1.40
Accel: 0.14, 0.07, -0.95
Gyro: -0.54, -0.66, -1.83
Accel: 0.14, 0.08, -0.97
Gyro: -1.37, -0.48, -1.79
Accel: 0.14, 0.07, -0.95
Gyro: -2.14, -0.05, -2.12
Accel: 0.15, 0.08, -0.97
Gyro: -2.14, 0.81, -2.41
Accel: 0.14, 0.08, -0.95
Gyro: -1.99, 0.98, -2.32
Accel: 0.15, 0.09, -0.95
Gyro: -1.74, 1.14, -2.02
Accel: 0.15, 0.09, -0.96
Gyro: -1.75, 1.17, -1.89
Accel: 0.15, 0.09, -0.96
Gyro: -1.59, 1.19, -1.67
Accel: 0.15, 0.09, -0.96
Gyro: -1.70, 0.33, -1.46
Accel: 0.15, 0.10, -0.95
Gyro: -1.80, 0.25, -1.33
Accel: 0.15, 0.09, -0.96
Gyro: -1.57, 0.18, -1.07
Accel: 0.15, 0.09, -0.95
Gyro: -1.50, 0.36, -0.85
Accel: 0.15, 0.10, -0.96
Gyro: -1.05, 0.09, -0.93
Accel: 0.15, 0.11, -0.96
Gyro: 0.46, 0.24, -0.62
Accel: 0.15, 0.10, -0.95
Gyro: 2.15, 1.27, 0.50
Accel: 0.15, 0.15, -0.95
Gyro: 1.09, 1.42, -0.27
Accel: 0.16, 0.18, -0.96
Gyro: 6.00, 0.88, 3.13
Accel: 0.15, 0.14, -0.95
Gyro: 12.32, 2.14, 7.80
Accel: 0.15, 0.11, -0.95
Gyro: 15.29, 3.11, 10.89
Accel: 0.15, 0.11, -0.96
Gyro: 16.74, 4.11, 13.05
Accel: 0.16, 0.12, -0.96
Gyro: 20.44, 4.55, 16.79
Accel: 0.15, 0.11, -0.95
Gyro: 25.57, 4.79, 20.94
Accel: 0.16, 0.12, -0.94
Gyro: 29.59, 5.00, 24.39
Accel: 0.17, 0.13, -0.94
Gyro: 36.43, 6.07, 29.90
Accel: 0.18, 0.09, -0.93
Gyro: 46.82, 7.12, 35.93
Accel: 0.18, 0.05, -0.90
Gyro: 55.82, 6.78, 40.51
Accel: 0.19, 0.01, -0.87
Gyro: 65.94, 4.75, 45.06
Accel: 0.18, -0.06, -0.85
Gyro: 74.61, 0.98, 47.97
Accel: 0.18, -0.10, -0.83
Gyro: 84.14, -5.11, 50.51
Accel: 0.15, -0.17, -0.82
Gyro: 91.90, -9.14, 52.09
Accel: 0.14, -0.27, -0.84
Gyro: 97.25, -12.89, 51.81
Accel: 0.12, -0.38, -0.82
Gyro: 98.88, -14.24, 49.21
Accel: 0.10, -0.50, -0.81
Gyro: 92.37, -15.96, 44.17
Accel: 0.08, -0.64, -0.82
Gyro: 80.27, -15.24, 35.48
Accel: 0.07, -0.73, -0.83
Gyro: 57.91, -14.18, 21.30
Accel: 0.07, -0.61, -0.80
Gyro: 36.09, -15.13, 11.98
Accel: 0.06, -0.56, -0.80
Gyro: 29.69, -16.88, 13.76
Accel: 0.03, -0.50, -0.79
Gyro: 30.36, -20.16, 21.31
Accel: 0.02, -0.55, -0.80
Gyro: 28.25, -16.17, 27.05
Accel: 0.02, -0.49, -0.71
Gyro: 27.79, -19.04, 32.76
Accel: -0.02, -0.62, -0.79
Gyro: 27.64, -19.81, 38.31
Accel: -0.03, -0.65, -0.73
Gyro: 24.76, -16.94, 33.86
Accel: -0.07, -0.72, -0.75
Gyro: 22.03, -18.07, 31.27
Accel: -0.08, -0.79, -0.77
Gyro: 15.43, -13.73, 20.66
Accel: -0.09, -0.76, -0.75
Gyro: 10.97, -13.03, 9.88
Accel: -0.10, -0.77, -0.76
Gyro: 6.44, -10.81, 1.45
Accel: -0.10, -0.68, -0.75
Gyro: 0.98, -7.80, -3.97
Accel: -0.13, -0.71, -0.77
Gyro: 1.19, -3.74, -2.68
Accel: -0.12, -0.74, -0.78
Gyro: -4.96, 2.53, -4.65
Accel: -0.11, -0.71, -0.73
Gyro: -10.64, 5.63, -8.21
Accel: -0.10, -0.69, -0.75
Gyro: -12.61, 6.79, -11.05
Accel: -0.08, -0.72, -0.76
Gyro: -16.81, 9.85, -15.07
Accel: -0.06, -0.71, -0.73
Gyro: -22.28, 11.89, -18.42
Accel: -0.05, -0.70, -0.74
Gyro: -30.40, 10.96, -21.13
Accel: -0.05, -0.70, -0.76
Gyro: -38.18, 11.07, -23.87
Accel: -0.05, -0.68, -0.78
Gyro: -45.01, 13.25, -28.24
Accel: -0.03, -0.64, -0.80
Gyro: -52.93, 13.43, -29.79
Accel: -0.02, -0.61, -0.82
Gyro: -60.70, 15.50, -30.63
Accel: 0.01, -0.55, -0.80
Gyro: -65.41, 17.97, -33.59
Accel: 0.03, -0.49, -0.81
Gyro: -66.25, 16.82, -33.74
Accel: 0.04, -0.49, -0.83
Gyro: -64.49, 15.02, -32.78
Accel: 0.05, -0.44, -0.83
Gyro: -69.81, 15.37, -36.20
Accel: 0.08, -0.37, -0.83
Gyro: -68.20, 15.10, -37.16
Accel: 0.10, -0.35, -0.84
Gyro: -67.60, 11.61, -38.13
Accel: 0.11, -0.30, -0.85
Gyro: -67.42, 9.38, -40.12
Accel: 0.14, -0.25, -0.86
Gyro: -67.15, 6.97, -41.44
Accel: 0.14, -0.21, -0.87
Gyro: -66.28, 4.01, -43.82
Accel: 0.13, -0.14, -0.89
Gyro: -62.94, 0.98, -42.99
Accel: 0.14, -0.12, -0.92
Gyro: -60.25, 0.85, -40.47
Accel: 0.14, -0.07, -0.91
Gyro: -58.00, 0.81, -38.32
Accel: 0.15, -0.01, -0.94
Gyro: -53.05, -0.17, -36.29
Accel: 0.15, -0.02, -0.95
Gyro: -47.89, 0.30, -34.48
Accel: 0.15, 0.05, -0.93
Gyro: -44.34, 1.88, -32.27
Accel: 0.16, 0.05, -0.95
Gyro: -37.22, 3.04, -29.08
Accel: 0.16, 0.06, -0.93
Gyro: -34.01, 3.52, -28.28
Accel: 0.17, 0.11, -0.94
Gyro: -28.51, 2.20, -25.11
Accel: 0.18, 0.13, -0.93
Gyro: -23.17, 1.63, -19.90
Accel: 0.18, 0.13, -0.91
Gyro: -20.39, 0.98, -15.71
Accel: 0.18, 0.16, -0.91
Gyro: -17.30, -1.48, -11.92
Accel: 0.18, 0.15, -0.94
Gyro: -12.97, -3.91, -7.52
Accel: 0.17, 0.14, -0.94
Gyro: -9.62, -4.83, -4.10
Accel: 0.17, 0.14, -0.95
Gyro: -7.00, -4.77, -1.90
Accel: 0.16, 0.12, -0.95
Gyro: -5.43, -4.17, 0.13
Accel: 0.16, 0.10, -0.97
Gyro: -4.31, -2.52, 0.69
Accel: 0.16, 0.09, -0.96
Gyro: -3.79, -1.02, 0.23
Accel: 0.17, 0.09, -0.95
Gyro: -3.38, -0.30, -0.47
Accel: 0.17, 0.09, -0.95
Gyro: -2.44, -0.20, -1.00
