Accel: 0.16, 0.14, -0.96
Gyro: -1.82, -0.21, -1.99
Accel: 0.16, 0.14, -0.94
Gyro: -1.61, -0.47, -2.65
Accel: 0.16, 0.15, -0.94
Gyro: -1.32, -0.82, -2.65
Accel: 0.16, 0.15, -0.96
Gyro: -0.52, -0.85, -2.24
Accel: 0.16, 0.14, -0.95
Gyro: -0.14, -1.06, -1.71
Accel: 0.16, 0.14, -0.95
Gyro: -0.61, -1.05, -1.82
Accel: 0.16, 0.15, -0.95
Gyro: -0.45, -1.25, -1.64
Accel: 0.15, 0.13, -0.94
Gyro: -0.90, -0.71, -1.75
Accel: 0.15, 0.14, -0.95
Gyro: -1.16, -0.31, -2.01
Accel: 0.16, 0.14, -0.95
Gyro: -0.97, -0.19, -1.50
Accel: 0.16, 0.16, -0.94
Gyro: -0.72, -0.16, -1.16
Accel: 0.16, 0.15, -0.95
Gyro: -0.14, -0.48, -1.01
Accel: 0.16, 0.16, -0.95
Gyro: 0.65, -0.55, -0.99
Accel: 0.16, 0.16, -0.95
Gyro: 2.88, -0.19, 0.02
Accel: 0.16, 0.17, -0.96
Gyro: 4.97, 0.15, 1.31
Accel: 0.16, 0.18, -0.95
Gyro: 8.07, -0.05, 3.44
Accel: 0.16, 0.17, -0.95
Gyro: 11.52, 0.41, 5.55
Accel: 0.17, 0.17, -0.94
Gyro: 16.20, 0.17, 7.16
Accel: 0.16, 0.17, -0.95
Gyro: 21.57, -0.24, 8.98
Accel: 0.16, 0.17, -0.95
Gyro: 26.52, -0.89, 11.34
Accel: 0.16, 0.18, -0.94
Gyro: 31.31, -1.50, 14.66
Accel: 0.16, 0.18, -0.96
Gyro: 39.73, -1.64, 19.96
Accel: 0.15, 0.18, -0.96
Gyro: 50.10, 0.17, 25.25
Accel: 0.15, 0.14, -0.95
Gyro: 66.09, 3.23, 31.28
Accel: 0.15, 0.06, -0.93
Gyro: 78.65, 6.32, 33.30
Accel: 0.16, -0.05, -0.88
Gyro: 86.70, 6.28, 32.03
Accel: 0.16, -0.12, -0.86
Gyro: 89.50, 1.97, 31.63
Accel: 0.15, -0.15, -0.84
Gyro: 89.55, -2.72, 33.01
Accel: 0.14, -0.25, -0.88
Gyro: 89.35, -3.55, 36.88
Accel: 0.14, -0.36, -0.89
Gyro: 77.57, -1.05, 34.67
Accel: 0.13, -0.36, -0.89
Gyro: 66.34, 2.27, 35.17
Accel: 0.13, -0.43, -0.87
Gyro: 57.92, 4.71, 36.12
Accel: 0.14, -0.45, -0.86
Gyro: 50.50, 3.84, 35.32
Accel: 0.13, -0.52, -0.82
Gyro: 50.35, 4.51, 31.12
Accel: 0.13, -0.57, -0.78
Gyro: 44.78, 3.31, 22.22
Accel: 0.13, -0.57, -0.78
Gyro: 43.35, -3.10, 16.25
Accel: 0.12, -0.58, -0.82
Gyro: 37.06, -3.81, 13.44
Accel: 0.10, -0.54, -0.78
Gyro: 30.75, -4.38, 13.76
Accel: 0.11, -0.58, -0.80
Gyro: 28.78, -2.68, 13.51
Accel: 0.11, -0.57, -0.75
Gyro: 27.59, -4.54, 10.84
Accel: 0.10, -0.59, -0.75
Gyro: 29.36, -9.70, 11.41
Accel: 0.08, -0.72, -0.79
Gyro: 24.90, -8.06, 7.84
Accel: 0.07, -0.68, -0.73
Gyro: 9.91, -9.97, 1.66
Accel: 0.04, -0.69, -0.81
Gyro: 7.58, -8.73, 4.52
Accel: 0.04, -0.75, -0.83
Gyro: -1.82, 0.69, -0.05
Accel: 0.06, -0.70, -0.74
Gyro: -6.29, 2.11, -6.94
Accel: 0.05, -0.68, -0.76
Gyro: -9.42, 0.51, -9.56
Accel: 0.06, -0.65, -0.77
Gyro: -14.16, 1.86, -9.34
Accel: 0.07, -0.61, -0.75
Gyro: -18.28, 1.05, -7.39
Accel: 0.07, -0.62, -0.78
Gyro: -22.96, 0.97, -5.30
Accel: 0.08, -0.63, -0.79
Gyro: -29.55, 3.18, -5.08
Accel: 0.10, -0.63, -0.78
Gyro: -36.42, 4.88, -7.16
Accel: 0.10, -0.63, -0.78
Gyro: -43.73, 2.98, -10.93
Accel: 0.10, -0.59, -0.78
Gyro: -50.81, 1.05, -13.37
Accel: 0.11, -0.54, -0.81
Gyro: -54.89, 0.56, -14.99
Accel: 0.11, -0.51, -0.82
Gyro: -58.28, -0.77, -17.38
Accel: 0.09, -0.47, -0.86
Gyro: -59.27, -0.64, -19.90
Accel: 0.10, -0.41, -0.87
Gyro: -59.87, 1.17, -20.98
Accel: 0.12, -0.42, -0.88
Gyro: -59.98, 2.75, -21.16
Accel: 0.11, -0.36, -0.89
Gyro: -62.87, 2.60, -22.99
Accel: 0.13, -0.33, -0.88
Gyro: -63.65, 2.84, -24.18
Accel: 0.14, -0.34, -0.90
Gyro: -67.57, 4.91, -28.50
Accel: 0.13, -0.27, -0.90
Gyro: -69.10, 5.07, -32.54
Accel: 0.14, -0.23, -0.90
Gyro: -68.57, 4.48, -35.36
Accel: 0.14, -0.18, -0.91
Gyro: -68.18, 4.30, -37.75
Accel: 0.15, -0.09, -0.90
Gyro: -67.35, 4.23, -38.52
Accel: 0.16, -0.04, -0.90
Gyro: -63.13, 3.06, -35.38
Accel: 0.16, -0.01, -0.93
Gyro: -58.86, 1.27, -32.71
Accel: 0.16, 0.03, -0.93
Gyro: -55.85, 2.53, -30.94
Accel: 0.17, 0.05, -0.95
Gyro: -51.58, 3.05, -29.79
Accel: 0.18, 0.08, -0.94
Gyro: -45.47, 2.60, -32.20
Accel: 0.18, 0.13, -0.92
Gyro: -39.37, 0.86, -31.44
Accel: 0.17, 0.17, -0.93
Gyro: -33.07, -0.91, -26.82
Accel: 0.18, 0.17, -0.93
Gyro: -29.34, -0.78, -20.55
Accel: 0.18, 0.19, -0.92
Gyro: -28.01, -0.90, -15.08
Accel: 0.19, 0.20, -0.93
Gyro: -25.34, -0.76, -11.00
Accel: 0.18, 0.23, -0.93
Gyro: -22.20, -0.69, -8.09
Accel: 0.19, 0.24, -0.94
Gyro: -16.59, -2.04, -4.47
Accel: 0.19, 0.22, -0.93
Gyro: -11.91, -3.75, -2.13
Accel: 0.18, 0.21, -0.93
Gyro: -9.45, -4.17, -0.99
Accel: 0.18, 0.20, -0.94
Gyro: -7.16, -3.58, -0.25
Accel: 0.17, 0.19, -0.95
Gyro: -5.49, -3.10, -0.28
Accel: 0.18, 0.20, -0.95
Gyro: -4.04, -2.49, -0.57
Accel: 0.18, 0.20, -0.95
Gyro: -2.93, -1.13, -0.57
Accel: 0.18, 0.20, -0.94
Gyro: -2.32, -0.52, -0.52
Accel: 0.18, 0.19, -0.94
Gyro: -1.40, -0.10, -0.71
Accel: 0.17, 0.19, -0.95
Gyro: -0.47, -0.33, -0.46
Accel: 0.18, 0.18, -0.94
Gyro: 0.01, -0.14, -0.28
Accel: 0.17, 0.17, -0.94
Gyro: -0.20, -0.20, -0.52
Accel: 0.17, 0.17, -0.93
Gyro: 0.23, -0.57, -0.27
Accel: 0.18, 0.16, -0.93
Gyro: 0.48, -1.06, -0.14
Accel: 0.18, 0.15, -0.94
Gyro: 0.16, -1.44, -0.53
Accel: 0.17, 0.17, -0.95
Gyro: 0.56, -1.30, -0.77
Accel: 0.17, 0.16, -0.95
Gyro: 2.03, -0.83, -0.06
Accel: 0.17, 0.15, -0.95
Gyro: 2.28, -0.41, -0.12
Accel: 0.17, 0.15, -0.94
Gyro: 2.49, -0.29, 0.13
Accel: 0.17, 0.14, -0.94
Gyro: 2.53, -0.54, 0.60
Accel: 0.18, 0.14, -0.96
Gyro: 1.75, 0.00, 0.33
Accel: 0.17, 0.14, -0.95
Gyro: 1.19, 0.81, 0.05
Accel: 0.18, 0.13, -0.94
Gyro: 0.94, 1.29, -0.27
Accel: 0.17, 0.13, -0.93
Gyro: 0.39, 1.04, -0.63
