Accel: 0.23, 0.13, -0.94
Gyro: -1.34, -0.11, -1.41
Accel: 0.23, 0.12, -0.94
Gyro: -1.23, -0.16, -1.77
Accel: 0.22, 0.13, -0.93
Gyro: -1.24, -0.31, -1.55
Accel: 0.23, 0.13, -0.94
Gyro: -1.11, -0.78, -1.06
Accel: 0.22, 0.13, -0.94
Gyro: -1.49, -0.40, -0.65
Accel: 0.22, 0.13, -0.94
Gyro: -1.58, -0.28, -0.70
Accel: 0.23, 0.13, -0.94
Gyro: -1.68, -0.34, -0.60
Accel: 0.23, 0.13, -0.93
Gyro: -1.57, -0.53, -0.67
Accel: 0.22, 0.13, -0.94
Gyro: -1.58, -0.38, -0.70
Accel: 0.23, 0.13, -0.93
Gyro: -1.32, 0.00, -1.02
Accel: 0.23, 0.13, -0.93
Gyro: -1.12, -0.15, -1.31
Accel: 0.23, 0.14, -0.93
Gyro: -0.61, 0.01, -0.82
Accel: 0.23, 0.15, -0.94
Gyro: -0.44, 0.04, -0.51
Accel: 0.22, 0.20, -0.94
Gyro: 2.04, -0.40, 1.94
Accel: 0.23, 0.19, -0.94
Gyro: 6.09, 0.67, 5.80
Accel: 0.23, 0.20, -0.93
Gyro: 8.83, 0.95, 9.05
Accel: 0.23, 0.21, -0.92
Gyro: 13.82, 0.24, 13.39
Accel: 0.23, 0.21, -0.93
Gyro: 19.06, -0.14, 17.65
Accel: 0.24, 0.25, -0.92
Gyro: 26.75, 0.21, 22.64
Accel: 0.24, 0.23, -0.91
Gyro: 36.79, -1.07, 30.52
Accel: 0.24, 0.18, -0.89
Gyro: 47.60, -2.91, 37.40
Accel: 0.23, 0.12, -0.91
Gyro: 55.70, -4.20, 42.92
Accel: 0.21, 0.08, -0.91
Gyro: 62.27, -4.26, 47.74
Accel: 0.21, 0.02, -0.90
Gyro: 68.03, -2.69, 51.23
Accel: 0.20, -0.02, -0.86
Gyro: 75.77, -4.63, 54.03
Accel: 0.21, -0.10, -0.84
Gyro: 84.01, -8.13, 57.28
Accel: 0.19, -0.19, -0.83
Gyro: 87.72, -13.15, 57.55
Accel: 0.17, -0.29, -0.83
Gyro: 87.30, -16.14, 55.88
Accel: 0.15, -0.40, -0.83
Gyro: 84.57, -18.62, 54.89
Accel: 0.13, -0.51, -0.86
Gyro: 71.27, -17.83, 49.63
Accel: 0.11, -0.55, -0.86
Gyro: 51.28, -16.39, 41.94
Accel: 0.08, -0.51, -0.87
Gyro: 36.64, -17.04, 38.98
Accel: 0.06, -0.53, -0.85
Gyro: 32.20, -17.52, 37.03
Accel: 0.02, -0.53, -0.87
Gyro: 29.53, -16.89, 37.93
Accel: 0.02, -0.68, -0.89
Gyro: 23.42, -9.24, 31.35
Accel: 0.02, -0.66, -0.83
Gyro: 14.42, -4.84, 20.45
Accel: 0.02, -0.67, -0.81
Gyro: 11.24, -5.02, 12.15
Accel: 0.02, -0.67, -0.83
Gyro: 7.08, -5.84, 3.91
Accel: 0.02, -0.66, -0.83
Gyro: 2.11, -2.04, -4.51
Accel: 0.02, -0.62, -0.82
Gyro: -0.60, -0.05, -9.36
Accel: 0.02, -0.63, -0.82
Gyro: -5.36, 1.16, -12.31
Accel: 0.02, -0.61, -0.83
Gyro: -10.98, 1.18, -15.39
Accel: 0.04, -0.59, -0.83
Gyro: -15.46, 3.30, -17.49
Accel: 0.05, -0.60, -0.83
Gyro: -19.82, 4.91, -19.64
Accel: 0.05, -0.62, -0.82
Gyro: -25.27, 4.66, -22.32
Accel: 0.06, -0.63, -0.81
Gyro: -34.58, 3.34, -28.24
Accel: 0.07, -0.57, -0.83
Gyro: -43.77, 2.79, -32.39
Accel: 0.08, -0.52, -0.85
Gyro: -51.67, 3.68, -33.81
Accel: 0.08, -0.49, -0.87
Gyro: -59.23, 7.70, -36.63
Accel: 0.09, -0.47, -0.89
Gyro: -65.29, 12.69, -39.79
Accel: 0.11, -0.41, -0.89
Gyro: -72.74, 16.08, -44.90
Accel: 0.12, -0.32, -0.84
Gyro: -77.00, 16.01, -48.56
Accel: 0.14, -0.22, -0.86
Gyro: -77.18, 11.89, -46.81
Accel: 0.15, -0.18, -0.87
Gyro: -75.39, 8.94, -43.56
Accel: 0.17, -0.15, -0.89
Gyro: -75.00, 9.36, -41.98
Accel: 0.18, -0.08, -0.90
Gyro: -74.23, 10.42, -40.96
Accel: 0.20, -0.02, -0.89
Gyro: -67.44, 9.41, -38.36
Accel: 0.21, -0.01, -0.89
Gyro: -62.15, 6.39, -38.00
Accel: 0.21, 0.03, -0.90
Gyro: -58.00, 3.72, -37.38
Accel: 0.21, 0.12, -0.92
Gyro: -50.60, 2.18, -33.97
Accel: 0.21, 0.15, -0.92
Gyro: -47.75, 0.61, -29.57
Accel: 0.21, 0.15, -0.93
Gyro: -43.98, -0.60, -26.46
Accel: 0.20, 0.18, -0.95
Gyro: -40.48, 0.24, -25.14
Accel: 0.21, 0.20, -0.94
Gyro: -31.85, 2.30, -22.73
Accel: 0.21, 0.21, -0.93
Gyro: -25.99, 4.00, -20.94
Accel: 0.22, 0.21, -0.93
Gyro: -21.23, 3.62, -19.24
Accel: 0.23, 0.21, -0.93
Gyro: -16.62, 3.32, -17.72
Accel: 0.23, 0.21, -0.90
Gyro: -12.02, 2.70, -15.50
Accel: 0.23, 0.21, -0.90
Gyro: -12.40, 0.24, -14.95
Accel: 0.23, 0.23, -0.91
Gyro: -10.78, -2.95, -13.86
Accel: 0.21, 0.25, -0.91
Gyro: -8.10, -5.23, -12.09
Accel: 0.21, 0.25, -0.94
Gyro: -4.30, -5.62, -8.14
Accel: 0.20, 0.24, -0.95
Gyro: -1.88, -4.39, -4.99
Accel: 0.20, 0.23, -0.95
Gyro: -1.03, -2.47, -2.38
Accel: 0.20, 0.23, -0.93
Gyro: 0.06, -1.35, -0.27
Accel: 0.21, 0.22, -0.94
Gyro: 1.20, -0.64, 1.62
Accel: 0.21, 0.20, -0.93
Gyro: 1.39, -0.33, 1.91
Accel: 0.22, 0.19, -0.93
Gyro: 1.19, -0.45, 1.40
Accel: 0.21, 0.18, -0.93
Gyro: 1.90, -1.47, 1.38
Accel: 0.21, 0.18, -0.94
Gyro: 1.70, -1.62, 0.77
Accel: 0.21, 0.18, -0.94
Gyro: 2.20, -0.94, 0.92
Accel: 0.20, 0.17, -0.94
Gyro: 2.43, -0.89, 0.66
Accel: 0.21, 0.16, -0.93
Gyro: 1.79, -1.27, 0.28
Accel: 0.21, 0.16, -0.94
Gyro: 1.59, -1.62, -0.02
Accel: 0.21, 0.15, -0.94
Gyro: 1.46, -1.27, -0.28
Accel: 0.21, 0.16, -0.93
Gyro: 0.91, -0.69, -0.70
Accel: 0.20, 0.15, -0.94
Gyro: 0.60, -0.91, -0.55
Accel: 0.21, 0.14, -0.94
Gyro: 0.00, -1.11, -0.47
Accel: 0.21, 0.14, -0.93
Gyro: -0.62, -0.98, -0.71
Accel: 0.21, 0.15, -0.93
Gyro: -0.83, -0.98, -1.10
Accel: 0.21, 0.16, -0.94
Gyro: -0.71, -0.92, -0.76
Accel: 0.21, 0.15, -0.94
Gyro: -0.74, -0.78, -1.13
Accel: 0.21, 0.16, -0.94
Gyro: -0.87, -0.27, -1.24
Accel: 0.21, 0.16, -0.94
Gyro: -0.64, -0.49, -0.60
Accel: 0.21, 0.16, -0.94
Gyro: -0.63, -0.68, -0.08
Accel: 0.21, 0.16, -0.93
Gyro: -0.56, -0.57, -0.03
Accel: 0.20, 0.16, -0.94
Gyro: -0.88, -0.43, -0.06
Accel: 0.21, 0.14, -0.93
Gyro: -1.56, -0.45, -0.60
Accel: 0.21, 0.15, -0.94
Gyro: -2.02, -0.61, -1.01
Accel: 0.20, 0.15, -0.93
Gyro: -1.73, -0.81, -1.26
Accel: 0.20, 0.15, -0.94
Gyro: -1.58, -0.41, -1.63
