Accel: 0.14, 0.11, -0.96
Gyro: -1.75, 0.37, -0.75
Accel: 0.14, 0.11, -0.96
Gyro: -2.49, 0.58, -0.87
Accel: 0.14, 0.11, -0.96
Gyro: -2.65, 0.29, -1.08
Accel: 0.15, 0.11, -0.95
Gyro: -2.52, 0.54, -1.50
Accel: 0.14, 0.11, -0.96
Gyro: -2.62, 0.36, -1.42
Accel: 0.14, 0.12, -0.95
Gyro: -2.79, 0.82, -1.49
Accel: 0.14, 0.12, -0.94
Gyro: -2.75, 0.71, -1.49
Accel: 0.15, 0.12, -0.95
Gyro: -2.46, 0.37, -1.21
Accel: 0.15, 0.13, -0.95
Gyro: -2.33, -0.04, -0.98
Accel: 0.15, 0.13, -0.95
Gyro: -2.03, -0.24, -0.91
Accel: 0.16, 0.12, -0.95
Gyro: -1.97, -0.64, -0.89
Accel: 0.15, 0.12, -0.95
Gyro: -2.01, -0.77, -0.86
Accel: 0.14, 0.12, -0.96
Gyro: -1.94, -0.57, -1.08
Accel: 0.14, 0.12, -0.95
Gyro: -2.08, -0.36, -1.39
Accel: 0.15, 0.12, -0.95
Gyro: -2.13, -0.18, -1.77
Accel: 0.15, 0.13, -0.95
Gyro: -1.40, -0.11, -1.53
Accel: 0.15, 0.12, -0.94
Gyro: -1.23, -0.32, -1.08
Accel: 0.15, 0.13, -0.95
Gyro: -0.92, -0.77, -0.61
Accel: 0.14, 0.14, -0.95
Gyro: -0.10, -1.02, -0.39
Accel: 0.15, 0.15, -0.95
Gyro: 1.43, -1.23, -0.02
Accel: 0.15, 0.15, -0.95
Gyro: 2.82, -0.77, 0.15
Accel: 0.15, 0.17, -0.94
Gyro: 4.80, -0.76, 1.11
Accel: 0.15, 0.17, -0.94
Gyro: 7.90, -1.84, 2.96
Accel: 0.15, 0.18, -0.94
Gyro: 12.15, -2.56, 5.55
Accel: 0.15, 0.17, -0.94
Gyro: 16.80, -2.39, 8.87
Accel: 0.14, 0.15, -0.95
Gyro: 21.23, -2.00, 11.63
Accel: 0.15, 0.15, -0.94
Gyro: 25.64, -2.46, 13.51
Accel: 0.14, 0.13, -0.95
Gyro: 30.90, -2.67, 16.10
Accel: 0.14, 0.10, -0.97
Gyro: 36.01, -2.17, 18.92
Accel: 0.12, 0.10, -0.99
Gyro: 42.37, 2.33, 22.60
Accel: 0.12, 0.07, -0.96
Gyro: 48.19, 7.55, 26.53
Accel: 0.13, 0.04, -0.93
Gyro: 54.63, 8.50, 30.59
Accel: 0.14, 0.03, -0.91
Gyro: 60.55, 7.55, 35.26
Accel: 0.13, -0.00, -0.90
Gyro: 69.05, 5.62, 42.25
Accel: 0.13, -0.05, -0.87
Gyro: 75.23, 3.90, 48.63
Accel: 0.13, -0.10, -0.84
Gyro: 80.56, 1.49, 53.41
Accel: 0.12, -0.19, -0.82
Gyro: 87.62, -3.67, 56.69
Accel: 0.11, -0.29, -0.80
Gyro: 90.16, -7.06, 56.94
Accel: 0.10, -0.40, -0.81
Gyro: 88.62, -11.63, 54.08
Accel: 0.07, -0.52, -0.81
Gyro: 82.63, -12.48, 48.19
Accel: 0.06, -0.62, -0.83
Gyro: 69.16, -12.86, 38.99
Accel: 0.05, -0.66, -0.82
Gyro: 51.61, -12.56, 28.50
Accel: 0.05, -0.60, -0.80
Gyro: 35.58, -14.53, 22.76
Accel: 0.03, -0.60, -0.81
Gyro: 31.58, -16.01, 22.59
Accel: 0.03, -0.56, -0.79
Gyro: 24.95, -15.95, 21.32
Accel: 0.01, -0.58, -0.78
Gyro: 27.72, -17.01, 22.99
Accel: -0.01, -0.64, -0.78
Gyro: 29.27, -16.62, 20.99
Accel: -0.02, -0.72, -0.78
Gyro: 28.21, -13.88, 12.84
Accel: -0.04, -0.71, -0.76
Gyro: 20.92, -15.10, 3.74
Accel: -0.07, -0.70, -0.84
Gyro: 16.88, -10.64, 0.11
Accel: -0.08, -0.74, -0.84
Gyro: 9.39, -0.41, -4.42
Accel: -0.05, -0.69, -0.75
Gyro: -0.21, 3.27, -9.25
Accel: -0.05, -0.67, -0.75
Gyro: -1.80, 1.49, -9.73
Accel: -0.05, -0.67, -0.75
Gyro: -7.06, 3.17, -10.42
Accel: -0.05, -0.69, -0.77
Gyro: -11.59, 5.43, -10.81
Accel: -0.02, -0.69, -0.77
Gyro: -18.07, 7.20, -12.06
Accel: -0.01, -0.69, -0.75
Gyro: -26.36, 7.26, -13.37
Accel: -0.01, -0.70, -0.77
Gyro: -35.60, 6.75, -16.43
Accel: 0.01, -0.63, -0.78
Gyro: -44.64, 7.03, -18.97
Accel: 0.03, -0.56, -0.78
Gyro: -48.53, 4.99, -17.68
Accel: 0.02, -0.59, -0.83
Gyro: -52.84, 7.39, -18.74
Accel: 0.03, -0.55, -0.84
Gyro: -57.78, 10.27, -22.29
Accel: 0.04, -0.49, -0.84
Gyro: -59.94, 11.70, -23.44
Accel: 0.05, -0.49, -0.85
Gyro: -61.74, 12.70, -26.15
Accel: 0.06, -0.44, -0.84
Gyro: -63.74, 13.26, -29.86
Accel: 0.08, -0.42, -0.87
Gyro: -66.34, 14.37, -31.21
Accel: 0.08, -0.38, -0.86
Gyro: -69.60, 13.84, -35.30
Accel: 0.09, -0.31, -0.88
Gyro: -73.08, 13.83, -36.00
Accel: 0.11, -0.28, -0.87
Gyro: -74.26, 12.39, -37.48
Accel: 0.12, -0.22, -0.89
Gyro: -73.36, 11.05, -40.27
Accel: 0.14, -0.14, -0.89
Gyro: -70.20, 9.28, -40.41
Accel: 0.15, -0.10, -0.89
Gyro: -63.66, 7.10, -39.27
Accel: 0.15, -0.05, -0.90
Gyro: -56.27, 3.94, -39.94
Accel: 0.16, 0.00, -0.91
Gyro: -49.26, 2.43, -38.97
Accel: 0.17, 0.03, -0.92
Gyro: -36.71, 0.76, -36.81
Accel: 0.17, 0.04, -0.92
Gyro: -29.41, 0.79, -36.31
Accel: 0.17, 0.03, -0.92
Gyro: -21.10, -2.01, -34.68
Accel: 0.17, 0.01, -0.94
Gyro: -20.32, -2.86, -35.04
Accel: 0.17, 0.03, -0.95
Gyro: -20.65, -3.07, -34.44
Accel: 0.17, 0.04, -0.94
Gyro: -20.29, -3.28, -32.62
Accel: 0.17, 0.04, -0.95
Gyro: -21.58, -3.51, -31.97
Accel: 0.16, 0.08, -0.95
Gyro: -22.13, -4.71, -30.01
Accel: 0.16, 0.11, -0.93
Gyro: -22.03, -5.86, -26.18
Accel: 0.16, 0.14, -0.94
Gyro: -21.02, -7.32, -21.06
Accel: 0.16, 0.15, -0.95
Gyro: -19.45, -7.35, -15.72
Accel: 0.15, 0.17, -0.95
Gyro: -17.90, -6.90, -10.55
Accel: 0.15, 0.18, -0.96
Gyro: -15.21, -5.76, -5.42
Accel: 0.14, 0.16, -0.96
Gyro: -12.10, -3.81, -1.71
Accel: 0.14, 0.15, -0.96
Gyro: -10.11, -2.46, 0.21
Accel: 0.14, 0.15, -0.97
Gyro: -7.78, -1.84, 1.43
Accel: 0.14, 0.14, -0.96
Gyro: -6.36, -1.74, 1.37
Accel: 0.14, 0.13, -0.96
Gyro: -5.74, -1.12, 0.66
Accel: 0.15, 0.14, -0.95
Gyro: -4.92, -0.22, 0.34
Accel: 0.15, 0.13, -0.94
Gyro: -4.11, -0.22, -0.12
Accel: 0.14, 0.14, -0.94
Gyro: -3.48, -0.58, -0.37
Accel: 0.14, 0.13, -0.94
Gyro: -2.24, -0.21, -0.53
Accel: 0.15, 0.13, -0.95
Gyro: -1.41, -0.33, -0.52
Accel: 0.15, 0.13, -0.95
Gyro: -1.09, -0.75, -0.21
Accel: 0.15, 0.12, -0.96
Gyro: -1.43, -0.84, -0.08
Accel: 0.15, 0.12, -0.95
Gyro: -1.93, -0.63, -0.14
Accel: 0.15, 0.12, -0.96
Gyro: -1.98, -0.85, -0.02
