Accel: 0.20, 0.15, -0.93
Gyro: -1.59, -0.63, -1.97
Accel: 0.20, 0.15, -0.94
Gyro: -1.73, -0.42, -1.92
Accel: 0.21, 0.16, -0.93
Gyro: -1.79, -0.34, -1.69
Accel: 0.21, 0.16, -0.94
Gyro: -1.60, 0.01, -1.53
Accel: 0.21, 0.15, -0.94
Gyro: -1.36, 0.27, -1.41
Accel: 0.21, 0.15, -0.93
Gyro: -1.50, -0.27, -1.21
Accel: 0.21, 0.15, -0.93
Gyro: -1.40, -0.51, -0.76
Accel: 0.20, 0.15, -0.94
Gyro: -1.04, -0.36, -0.63
Accel: 0.21, 0.14, -0.94
Gyro: -1.34, -0.21, -0.69
Accel: 0.21, 0.17, -0.94
Gyro: -0.88, -0.37, -0.46
Accel: 0.21, 0.17, -0.94
Gyro: -0.30, -0.18, -0.25
Accel: 0.21, 0.17, -0.94
Gyro: 1.65, 0.08, 0.63
Accel: 0.21, 0.17, -0.93
Gyro: 2.41, -0.59, 1.23
Accel: 0.21, 0.17, -0.93
Gyro: 3.79, -1.24, 2.35
Accel: 0.20, 0.17, -0.95
Gyro: 5.36, -0.44, 3.78
Accel: 0.21, 0.17, -0.94
Gyro: 7.24, 0.31, 4.83
Accel: 0.22, 0.19, -0.94
Gyro: 10.57, -0.06, 5.70
Accel: 0.21, 0.15, -0.95
Gyro: 14.60, 0.07, 6.18
Accel: 0.22, 0.15, -0.95
Gyro: 18.91, 1.82, 3.16
Accel: 0.22, 0.17, -0.92
Gyro: 24.22, 1.77, 2.12
Accel: 0.22, 0.18, -0.92
Gyro: 31.02, 0.28, 5.17
Accel: 0.22, 0.12, -0.94
Gyro: 36.42, 0.18, 8.22
Accel: 0.22, 0.12, -0.92
Gyro: 37.95, 0.24, 11.09
Accel: 0.22, 0.12, -0.92
Gyro: 41.45, -0.48, 16.56
Accel: 0.22, 0.09, -0.92
Gyro: 46.26, -1.24, 22.94
Accel: 0.21, 0.08, -0.91
Gyro: 50.09, -2.34, 29.85
Accel: 0.20, 0.03, -0.91
Gyro: 55.58, -2.46, 37.12
Accel: 0.19, -0.01, -0.91
Gyro: 60.12, -3.35, 42.84
Accel: 0.18, -0.09, -0.89
Gyro: 63.71, -3.97, 47.13
Accel: 0.18, -0.12, -0.89
Gyro: 64.85, -4.57, 46.75
Accel: 0.16, -0.13, -0.90
Gyro: 69.40, -4.65, 50.25
Accel: 0.15, -0.16, -0.86
Gyro: 73.46, -2.46, 55.92
Accel: 0.13, -0.18, -0.82
Gyro: 78.92, -3.18, 65.80
Accel: 0.12, -0.39, -0.81
Gyro: 81.57, -2.94, 69.20
Accel: 0.10, -0.50, -0.79
Gyro: 77.07, -5.81, 65.89
Accel: 0.10, -0.64, -0.80
Gyro: 63.17, -8.25, 55.89
Accel: 0.08, -0.72, -0.83
Gyro: 46.13, -9.40, 41.61
Accel: 0.08, -0.67, -0.83
Gyro: 29.84, -9.91, 28.27
Accel: 0.06, -0.67, -0.82
Gyro: 25.46, -8.53, 21.04
Accel: 0.05, -0.65, -0.84
Gyro: 17.49, -7.69, 13.83
Accel: 0.05, -0.66, -0.82
Gyro: 11.63, -4.06, 8.88
Accel: 0.06, -0.70, -0.79
Gyro: 7.68, -0.39, 2.24
Accel: 0.05, -0.70, -0.79
Gyro: 5.73, -1.24, -3.27
Accel: 0.05, -0.73, -0.80
Gyro: -1.30, -0.23, -9.49
Accel: 0.06, -0.68, -0.80
Gyro: -11.06, 0.85, -15.68
Accel: 0.05, -0.63, -0.79
Gyro: -16.99, 1.71, -17.72
Accel: 0.07, -0.62, -0.79
Gyro: -21.64, 2.84, -18.39
Accel: 0.08, -0.63, -0.79
Gyro: -28.16, 2.78, -19.68
Accel: 0.08, -0.63, -0.79
Gyro: -38.12, 1.46, -22.74
Accel: 0.09, -0.61, -0.80
Gyro: -44.76, 0.69, -26.38
Accel: 0.09, -0.58, -0.82
Gyro: -50.77, -0.23, -31.78
Accel: 0.08, -0.52, -0.83
Gyro: -55.36, -0.06, -36.18
Accel: 0.10, -0.43, -0.86
Gyro: -57.67, 1.40, -38.40
Accel: 0.11, -0.40, -0.87
Gyro: -56.11, 2.99, -38.12
Accel: 0.12, -0.35, -0.87
Gyro: -57.14, 4.36, -38.75
Accel: 0.12, -0.30, -0.87
Gyro: -56.70, 3.94, -37.57
Accel: 0.13, -0.27, -0.89
Gyro: -57.05, 3.70, -36.65
Accel: 0.14, -0.25, -0.90
Gyro: -59.52, 4.67, -36.96
Accel: 0.16, -0.21, -0.91
Gyro: -60.68, 5.81, -37.58
Accel: 0.16, -0.17, -0.90
Gyro: -59.74, 6.52, -38.15
Accel: 0.17, -0.15, -0.91
Gyro: -59.19, 5.82, -38.83
Accel: 0.18, -0.13, -0.92
Gyro: -59.79, 5.81, -40.20
Accel: 0.19, -0.05, -0.91
Gyro: -61.61, 6.48, -40.68
Accel: 0.20, 0.01, -0.91
Gyro: -58.41, 6.15, -38.41
Accel: 0.20, 0.03, -0.90
Gyro: -55.53, 4.96, -36.96
Accel: 0.21, 0.09, -0.92
Gyro: -50.78, 3.84, -35.57
Accel: 0.21, 0.11, -0.91
Gyro: -48.68, 2.45, -30.98
Accel: 0.21, 0.14, -0.92
Gyro: -50.36, 2.07, -26.51
Accel: 0.22, 0.15, -0.89
Gyro: -54.35, 0.05, -20.12
Accel: 0.23, 0.23, -0.92
Gyro: -50.85, -1.89, -15.66
Accel: 0.23, 0.23, -0.93
Gyro: -44.44, -2.26, -11.97
Accel: 0.22, 0.25, -0.93
Gyro: -39.76, -0.21, -12.33
Accel: 0.23, 0.27, -0.91
Gyro: -29.29, 0.39, -10.89
Accel: 0.22, 0.26, -0.92
Gyro: -22.35, -0.81, -10.41
Accel: 0.23, 0.25, -0.91
Gyro: -18.15, -2.60, -10.44
Accel: 0.21, 0.26, -0.92
Gyro: -14.66, -3.33, -10.07
Accel: 0.21, 0.30, -0.93
Gyro: -13.16, -2.91, -9.54
Accel: 0.21, 0.30, -0.92
Gyro: -9.49, -2.95, -6.59
Accel: 0.21, 0.30, -0.93
Gyro: -6.27, -2.45, -4.36
Accel: 0.20, 0.29, -0.93
Gyro: -3.34, -1.99, -2.83
Accel: 0.20, 0.27, -0.92
Gyro: -1.54, -0.66, -1.14
Accel: 0.20, 0.28, -0.91
Gyro: 0.01, 0.42, -0.62
Accel: 0.20, 0.26, -0.91
Gyro: 1.56, -0.22, 0.26
Accel: 0.21, 0.25, -0.93
Gyro: 2.24, -0.26, -0.29
Accel: 0.21, 0.26, -0.92
Gyro: 3.02, -0.63, -0.37
Accel: 0.21, 0.25, -0.92
Gyro: 4.02, -1.10, -0.23
Accel: 0.21, 0.23, -0.93
Gyro: 4.99, -0.70, 0.04
Accel: 0.20, 0.22, -0.94
Gyro: 5.95, 0.51, -1.17
Accel: 0.21, 0.21, -0.93
Gyro: 8.48, 1.73, -3.02
Accel: 0.21, 0.22, -0.91
Gyro: 9.12, 1.25, -4.35
Accel: 0.21, 0.22, -0.91
Gyro: 9.07, 0.16, -3.68
Accel: 0.21, 0.20, -0.93
Gyro: 7.68, -0.57, -2.49
Accel: 0.21, 0.19, -0.93
Gyro: 4.85, -0.68, -1.49
Accel: 0.21, 0.19, -0.93
Gyro: 3.33, -1.29, 0.04
Accel: 0.21, 0.19, -0.92
Gyro: 0.69, -1.46, 0.99
Accel: 0.21, 0.18, -0.94
Gyro: -0.04, -1.31, 0.91
Accel: 0.20, 0.17, -0.93
Gyro: -0.16, -0.86, 0.27
Accel: 0.21, 0.18, -0.93
Gyro: 0.08, -1.37, -0.57
Accel: 0.20, 0.18, -0.94
Gyro: -0.02, -1.11, -0.32
Accel: 0.21, 0.18, -0.93
Gyro: 0.04, -0.43, -0.74
Accel: 0.21, 0.18, -0.93
Gyro: -0.32, -0.43, -0.67
