Accel: 0.14, 0.10, -0.95
Gyro: -0.08, 0.66, -2.14
Accel: 0.15, 0.10, -0.95
Gyro: -0.36, 0.23, -3.04
Accel: 0.14, 0.11, -0.95
Gyro: 0.47, 0.08, -3.23
Accel: 0.15, 0.11, -0.96
Gyro: 0.80, 0.82, -2.85
Accel: 0.15, 0.11, -0.96
Gyro: 1.08, 1.11, -2.46
Accel: 0.15, 0.10, -0.96
Gyro: 1.33, 1.46, -1.79
Accel: 0.15, 0.09, -0.95
Gyro: 0.70, 1.36, -1.75
Accel: 0.15, 0.10, -0.95
Gyro: -0.38, 1.31, -1.75
Accel: 0.16, 0.11, -0.95
Gyro: -1.13, 1.14, -1.50
Accel: 0.16, 0.10, -0.96
Gyro: -1.66, 1.42, -1.17
Accel: 0.16, 0.09, -0.95
Gyro: -3.02, 1.28, -1.54
Accel: 0.16, 0.10, -0.94
Gyro: -3.14, 1.05, -1.69
Accel: 0.16, 0.10, -0.95
Gyro: -2.97, 0.76, -2.40
Accel: 0.16, 0.10, -0.94
Gyro: -2.66, -0.34, -2.84
Accel: 0.16, 0.12, -0.96
Gyro: -2.19, -0.63, -3.01
Accel: 0.16, 0.13, -0.95
Gyro: -1.17, -0.36, -2.49
Accel: 0.16, 0.13, -0.95
Gyro: 0.21, -0.57, -1.44
Accel: 0.16, 0.13, -0.94
Gyro: 0.95, -1.65, -0.61
Accel: 0.16, 0.14, -0.95
Gyro: 2.40, -2.69, 0.51
Accel: 0.16, 0.13, -0.96
Gyro: 4.59, -1.97, 2.27
Accel: 0.16, 0.13, -0.96
Gyro: 6.42, -1.32, 4.05
Accel: 0.16, 0.14, -0.95
Gyro: 8.56, -1.82, 6.34
Accel: 0.16, 0.14, -0.94
Gyro: 12.01, -2.50, 9.06
Accel: 0.16, 0.12, -0.94
Gyro: 15.05, -2.65, 10.95
Accel: 0.16, 0.12, -0.94
Gyro: 17.67, -2.97, 12.92
Accel: 0.16, 0.13, -0.94
Gyro: 22.32, -4.04, 15.56
Accel: 0.15, 0.11, -0.93
Gyro: 27.69, -4.57, 18.14
Accel: 0.16, 0.11, -0.94
Gyro: 33.19, -5.35, 21.38
Accel: 0.15, 0.09, -0.94
Gyro: 37.45, -6.29, 24.64
Accel: 0.15, 0.05, -0.93
Gyro: 44.85, -7.04, 28.18
Accel: 0.14, 0.03, -0.91
Gyro: 51.61, -8.84, 30.59
Accel: 0.13, -0.03, -0.90
Gyro: 61.24, -9.84, 26.94
Accel: 0.13, -0.04, -0.88
Gyro: 74.48, -12.13, 26.56
Accel: 0.11, -0.08, -0.86
Gyro: 82.25, -14.92, 29.29
Accel: 0.10, -0.16, -0.87
Gyro: 89.01, -17.23, 33.57
Accel: 0.08, -0.23, -0.86
Gyro: 90.84, -16.73, 34.13
Accel: 0.07, -0.26, -0.83
Gyro: 90.96, -17.50, 38.93
Accel: 0.05, -0.39, -0.84
Gyro: 90.72, -17.07, 42.59
Accel: 0.03, -0.45, -0.81
Gyro: 79.45, -17.67, 40.82
Accel: -0.01, -0.55, -0.84
Gyro: 73.28, -19.42, 43.30
Accel: -0.03, -0.64, -0.85
Gyro: 54.79, -15.87, 37.49
Accel: -0.05, -0.61, -0.82
Gyro: 37.52, -17.38, 36.18
Accel: -0.08, -0.65, -0.83
Gyro: 26.66, -16.42, 35.53
Accel: -0.08, -0.58, -0.78
Gyro: 16.37, -16.52, 33.37
Accel: -0.09, -0.66, -0.81
Gyro: 17.36, -14.78, 31.39
Accel: -0.08, -0.70, -0.77
Gyro: 14.96, -12.89, 18.41
Accel: -0.10, -0.62, -0.77
Gyro: 14.10, -16.56, 11.47
Accel: -0.13, -0.68, -0.84
Gyro: 10.16, -12.60, 10.00
Accel: -0.13, -0.71, -0.81
Gyro: 5.49, -3.46, 1.11
Accel: -0.11, -0.64, -0.75
Gyro: 4.07, -6.00, -3.61
Accel: -0.14, -0.68, -0.79
Gyro: 0.12, -5.62, -5.87
Accel: -0.14, -0.66, -0.79
Gyro: -6.94, -2.23, -8.63
Accel: -0.15, -0.63, -0.79
Gyro: -11.55, 0.54, -8.87
Accel: -0.15, -0.64, -0.82
Gyro: -16.40, 3.75, -8.50
Accel: -0.14, -0.65, -0.81
Gyro: -23.51, 8.43, -8.80
Accel: -0.13, -0.66, -0.81
Gyro: -32.20, 10.98, -10.40
Accel: -0.12, -0.63, -0.81
Gyro: -41.26, 12.54, -13.07
Accel: -0.10, -0.60, -0.81
Gyro: -48.27, 12.92, -15.07
Accel: -0.08, -0.58, -0.83
Gyro: -52.44, 14.31, -19.26
Accel: -0.07, -0.54, -0.82
Gyro: -55.13, 15.03, -24.38
Accel: -0.05, -0.48, -0.84
Gyro: -56.13, 15.55, -28.66
Accel: -0.05, -0.44, -0.86
Gyro: -56.13, 16.63, -30.94
Accel: -0.03, -0.41, -0.87
Gyro: -55.85, 17.53, -31.97
Accel: -0.02, -0.39, -0.88
Gyro: -57.72, 18.60, -32.62
Accel: 0.00, -0.34, -0.89
Gyro: -59.82, 20.10, -33.21
Accel: 0.03, -0.29, -0.90
Gyro: -58.54, 20.90, -32.26
Accel: 0.04, -0.29, -0.90
Gyro: -59.94, 21.35, -32.43
Accel: 0.06, -0.26, -0.89
Gyro: -61.73, 20.72, -34.09
Accel: 0.08, -0.23, -0.88
Gyro: -62.52, 18.08, -34.70
Accel: 0.09, -0.21, -0.89
Gyro: -63.88, 15.34, -38.48
Accel: 0.11, -0.12, -0.90
Gyro: -64.33, 13.91, -39.90
Accel: 0.12, -0.07, -0.91
Gyro: -59.91, 12.82, -38.13
Accel: 0.13, -0.00, -0.92
Gyro: -58.11, 13.25, -36.13
Accel: 0.14, 0.04, -0.92
Gyro: -52.20, 12.44, -31.89
Accel: 0.15, 0.06, -0.95
Gyro: -46.16, 12.32, -28.55
Accel: 0.16, 0.11, -0.93
Gyro: -41.40, 12.09, -25.66
Accel: 0.17, 0.09, -0.92
Gyro: -35.83, 9.61, -23.59
Accel: 0.18, 0.11, -0.93
Gyro: -32.48, 8.31, -24.60
Accel: 0.19, 0.17, -0.93
Gyro: -23.61, 6.54, -20.99
Accel: 0.19, 0.17, -0.94
Gyro: -16.05, 4.96, -16.10
Accel: 0.19, 0.15, -0.92
Gyro: -12.42, 3.36, -12.61
Accel: 0.20, 0.16, -0.94
Gyro: -10.33, 1.12, -9.89
Accel: 0.19, 0.16, -0.94
Gyro: -7.94, 0.04, -6.16
Accel: 0.20, 0.14, -0.93
Gyro: -7.22, -0.53, -3.83
Accel: 0.19, 0.14, -0.95
Gyro: -6.42, -1.69, -2.40
Accel: 0.18, 0.14, -0.94
Gyro: -4.70, -1.95, -0.87
Accel: 0.18, 0.12, -0.95
Gyro: -3.96, -1.50, -0.76
Accel: 0.19, 0.11, -0.96
Gyro: -4.11, -0.98, -1.71
Accel: 0.18, 0.11, -0.94
Gyro: -3.30, -1.03, -2.01
Accel: 0.19, 0.08, -0.95
Gyro: -2.30, -0.98, -3.56
Accel: 0.18, 0.10, -0.93
Gyro: -3.58, -2.04, -5.71
Accel: 0.18, 0.13, -0.95
Gyro: -3.75, -2.72, -6.26
Accel: 0.18, 0.12, -0.96
Gyro: -2.59, -2.49, -5.49
Accel: 0.16, 0.12, -0.95
Gyro: -1.46, -1.59, -4.32
Accel: 0.16, 0.11, -0.95
Gyro: -1.06, -1.05, -3.49
Accel: 0.16, 0.12, -0.95
Gyro: -0.07, -1.14, -2.31
Accel: 0.17, 0.11, -0.95
Gyro: -0.01, -0.92, -1.53
Accel: 0.16, 0.10, -0.96
Gyro: -0.43, -0.20, -1.16
Accel: 0.17, 0.10, -0.95
Gyro: -0.01, 0.26, -0.34
Accel: 0.17, 0.09, -0.95
Gyro: -0.36, 0.49, -0.41
Accel: 0.17, 0.08, -0.96
Gyro: -0.92, 0.78, -1.44
