Accel: 0.16, 0.07, -0.95
Gyro: -0.98, -0.40, -1.24
Accel: 0.16, 0.06, -0.96
Gyro: -1.11, -0.21, -1.21
Accel: 0.16, 0.06, -0.97
Gyro: -1.50, 0.03, -1.31
Accel: 0.16, 0.07, -0.95
Gyro: -2.23, 0.15, -1.68
Accel: 0.17, 0.07, -0.95
Gyro: -2.40, -0.02, -1.94
Accel: 0.16, 0.07, -0.95
Gyro: -2.56, -0.18, -1.85
Accel: 0.17, 0.07, -0.95
Gyro: -2.71, -0.39, -1.99
Accel: 0.17, 0.07, -0.95
Gyro: -2.71, -0.72, -2.09
Accel: 0.17, 0.08, -0.95
Gyro: -2.88, -0.67, -2.03
Accel: 0.17, 0.08, -0.96
Gyro: -2.98, -0.16, -2.00
Accel: 0.17, 0.08, -0.94
Gyro: -2.87, -0.27, -2.56
Accel: 0.17, 0.08, -0.95
Gyro: -2.49, -0.60, -2.91
Accel: 0.17, 0.10, -0.94
Gyro: -0.76, -0.31, -2.16
Accel: 0.17, 0.10, -0.96
Gyro: 0.51, -0.55, -1.41
Accel: 0.17, 0.10, -0.94
Gyro: 1.25, -0.90, -0.49
Accel: 0.16, 0.12, -0.94
Gyro: 2.62, -1.12, 0.63
Accel: 0.16, 0.11, -0.97
Gyro: 4.59, -1.00, 2.46
Accel: 0.16, 0.11, -0.95
Gyro: 6.20, -0.43, 4.63
Accel: 0.17, 0.10, -0.95
Gyro: 6.80, -0.18, 7.25
Accel: 0.16, 0.10, -0.95
Gyro: 7.80, -0.51, 9.51
Accel: 0.16, 0.10, -0.96
Gyro: 9.77, -0.72, 11.56
Accel: 0.17, 0.11, -0.96
Gyro: 13.21, -0.76, 14.20
Accel: 0.16, 0.09, -0.95
Gyro: 17.31, -0.30, 16.30
Accel: 0.17, 0.09, -0.95
Gyro: 21.35, -0.21, 17.70
Accel: 0.17, 0.08, -0.94
Gyro: 27.37, -0.81, 19.72
Accel: 0.16, 0.05, -0.93
Gyro: 33.68, -1.69, 20.69
Accel: 0.16, 0.05, -0.92
Gyro: 41.00, -2.63, 21.65
Accel: 0.16, 0.03, -0.91
Gyro: 48.55, -3.68, 24.48
Accel: 0.15, 0.00, -0.92
Gyro: 56.41, -4.04, 27.66
Accel: 0.15, -0.03, -0.90
Gyro: 63.26, -4.90, 32.45
Accel: 0.14, -0.07, -0.89
Gyro: 67.86, -6.93, 37.52
Accel: 0.12, -0.09, -0.88
Gyro: 70.63, -9.39, 46.68
Accel: 0.11, -0.18, -0.87
Gyro: 72.29, -10.06, 53.56
Accel: 0.09, -0.22, -0.85
Gyro: 73.00, -10.54, 57.30
Accel: 0.07, -0.28, -0.84
Gyro: 74.79, -10.76, 60.46
Accel: 0.05, -0.39, -0.85
Gyro: 75.62, -9.77, 58.49
Accel: 0.04, -0.47, -0.82
Gyro: 73.97, -9.83, 54.45
Accel: 0.03, -0.60, -0.83
Gyro: 66.48, -7.32, 45.75
Accel: 0.01, -0.60, -0.80
Gyro: 53.76, -9.35, 34.81
Accel: 0.02, -0.61, -0.81
Gyro: 46.94, -11.27, 30.23
Accel: 0.00, -0.60, -0.80
Gyro: 38.22, -11.47, 25.32
Accel: -0.00, -0.56, -0.76
Gyro: 38.81, -11.67, 23.96
Accel: -0.02, -0.64, -0.75
Gyro: 37.25, -11.91, 21.72
Accel: -0.03, -0.65, -0.74
Gyro: 33.12, -16.40, 20.07
Accel: -0.06, -0.71, -0.77
Gyro: 27.63, -16.38, 19.42
Accel: -0.08, -0.77, -0.76
Gyro: 19.55, -13.77, 14.37
Accel: -0.10, -0.76, -0.78
Gyro: 10.65, -9.99, 7.90
Accel: -0.09, -0.75, -0.77
Gyro: 5.36, -5.95, 2.93
Accel: -0.10, -0.72, -0.76
Gyro: -1.47, -4.27, -1.43
Accel: -0.10, -0.71, -0.75
Gyro: -2.43, -0.93, -3.90
Accel: -0.10, -0.72, -0.75
Gyro: -6.85, 1.14, -5.65
Accel: -0.11, -0.73, -0.76
Gyro: -12.80, 3.51, -7.56
Accel: -0.10, -0.72, -0.75
Gyro: -19.36, 6.34, -10.13
Accel: -0.09, -0.71, -0.77
Gyro: -25.51, 7.75, -12.66
Accel: -0.07, -0.68, -0.77
Gyro: -31.41, 9.83, -14.72
Accel: -0.06, -0.70, -0.77
Gyro: -37.47, 11.08, -17.40
Accel: -0.06, -0.68, -0.78
Gyro: -44.55, 11.44, -21.96
Accel: -0.04, -0.63, -0.80
Gyro: -50.32, 13.53, -26.01
Accel: -0.03, -0.62, -0.80
Gyro: -54.80, 15.25, -29.37
Accel: -0.02, -0.58, -0.82
Gyro: -59.83, 16.85, -35.26
Accel: 0.01, -0.54, -0.82
Gyro: -62.97, 18.75, -39.73
Accel: 0.04, -0.49, -0.82
Gyro: -63.19, 17.99, -42.18
Accel: 0.05, -0.47, -0.85
Gyro: -68.20, 16.97, -46.62
Accel: 0.06, -0.39, -0.85
Gyro: -70.52, 17.19, -49.44
Accel: 0.10, -0.31, -0.86
Gyro: -71.53, 17.70, -49.72
Accel: 0.11, -0.26, -0.85
Gyro: -68.28, 15.81, -48.87
Accel: 0.13, -0.22, -0.86
Gyro: -65.90, 14.07, -47.26
Accel: 0.15, -0.19, -0.86
Gyro: -62.29, 11.87, -45.57
Accel: 0.17, -0.16, -0.86
Gyro: -62.61, 9.64, -45.81
Accel: 0.17, -0.11, -0.87
Gyro: -58.56, 4.39, -44.71
Accel: 0.15, -0.10, -0.91
Gyro: -57.24, 2.80, -44.80
Accel: 0.16, -0.04, -0.93
Gyro: -58.05, 3.26, -43.56
Accel: 0.17, 0.00, -0.95
Gyro: -56.54, 4.88, -39.73
Accel: 0.17, 0.08, -0.94
Gyro: -50.99, 5.28, -34.93
Accel: 0.18, 0.11, -0.94
Gyro: -45.27, 6.64, -28.94
Accel: 0.18, 0.13, -0.93
Gyro: -42.05, 7.74, -23.62
Accel: 0.20, 0.17, -0.94
Gyro: -36.32, 7.01, -18.33
Accel: 0.21, 0.17, -0.93
Gyro: -29.40, 5.63, -13.20
Accel: 0.22, 0.18, -0.93
Gyro: -24.46, 4.88, -9.83
Accel: 0.21, 0.17, -0.93
Gyro: -18.72, 3.65, -6.77
Accel: 0.21, 0.17, -0.93
Gyro: -14.53, 2.96, -5.39
Accel: 0.23, 0.17, -0.92
Gyro: -11.36, 2.54, -3.89
Accel: 0.23, 0.16, -0.92
Gyro: -8.83, 1.08, -2.77
Accel: 0.23, 0.17, -0.93
Gyro: -6.04, -0.46, -2.51
Accel: 0.23, 0.15, -0.93
Gyro: -3.55, -0.92, -1.66
Accel: 0.23, 0.14, -0.94
Gyro: -3.14, -0.53, -1.59
Accel: 0.23, 0.14, -0.93
Gyro: -2.76, -1.19, -2.23
Accel: 0.22, 0.13, -0.95
Gyro: -3.11, -1.03, -2.89
Accel: 0.22, 0.13, -0.94
Gyro: -2.29, -0.18, -2.90
Accel: 0.22, 0.12, -0.94
Gyro: -1.76, 0.01, -2.98
Accel: 0.22, 0.11, -0.92
Gyro: -1.72, -1.10, -3.83
Accel: 0.22, 0.11, -0.93
Gyro: -1.51, -2.29, -4.32
Accel: 0.22, 0.12, -0.94
Gyro: -1.40, -2.71, -4.74
Accel: 0.21, 0.10, -0.95
Gyro: -1.94, -2.30, -5.94
Accel: 0.21, 0.10, -0.94
Gyro: -1.73, -2.24, -7.42
Accel: 0.21, 0.11, -0.94
Gyro: -1.43, -1.98, -8.17
Accel: 0.20, 0.13, -0.94
Gyro: -1.33, -1.83, -7.88
Accel: 0.21, 0.13, -0.94
Gyro: -0.78, -1.47, -6.66
Accel: 0.21, 0.13, -0.93
Gyro: -0.70, -2.20, -5.18
Accel: 0.21, 0.13, -0.94
Gyro: -0.87, -2.46, -3.72
Accel: 0.20, 0.12, -0.95
Gyro: -1.27, -2.33, -2.67
