Accel: 0.17, 0.11, -0.95
Gyro: -0.69, -0.24, -1.01
Accel: 0.18, 0.09, -0.95
Gyro: -0.82, -0.76, -0.79
Accel: 0.17, 0.08, -0.96
Gyro: -0.66, -1.39, -0.92
Accel: 0.17, 0.08, -0.96
Gyro: 0.12, -0.68, -0.22
Accel: 0.17, 0.08, -0.95
Gyro: -0.56, -0.25, -0.79
Accel: 0.17, 0.08, -0.95
Gyro: -0.79, -0.53, -0.90
Accel: 0.17, 0.07, -0.95
Gyro: -0.84, -0.73, -1.43
Accel: 0.17, 0.08, -0.95
Gyro: -1.08, -0.24, -1.89
Accel: 0.17, 0.08, -0.95
Gyro: -1.40, -0.17, -1.72
Accel: 0.17, 0.08, -0.94
Gyro: -1.85, -0.29, -1.18
Accel: 0.17, 0.07, -0.95
Gyro: -2.41, -0.25, -0.95
Accel: 0.17, 0.08, -0.96
Gyro: -3.13, 0.11, -1.43
Accel: 0.17, 0.07, -0.94
Gyro: -3.56, 0.32, -2.57
Accel: 0.18, 0.08, -0.95
Gyro: -3.59, -0.01, -3.27
Accel: 0.17, 0.09, -0.95
Gyro: -3.54, -0.27, -3.27
Accel: 0.17, 0.10, -0.96
Gyro: -3.44, 0.13, -3.18
Accel: 0.17, 0.09, -0.95
Gyro: -2.90, 0.26, -2.79
Accel: 0.17, 0.10, -0.95
Gyro: -2.25, 0.22, -2.38
Accel: 0.18, 0.11, -0.95
Gyro: -1.31, -0.20, -1.49
Accel: 0.18, 0.11, -0.95
Gyro: -0.44, -0.18, -0.81
Accel: 0.18, 0.10, -0.96
Gyro: 0.11, -0.31, -0.24
Accel: 0.18, 0.09, -0.95
Gyro: 0.52, -0.13, 0.23
Accel: 0.18, 0.10, -0.94
Gyro: 0.63, -0.31, 0.15
Accel: 0.17, 0.10, -0.95
Gyro: 1.54, -0.60, 0.95
Accel: 0.18, 0.12, -0.96
Gyro: 3.40, -0.21, 1.65
Accel: 0.18, 0.14, -0.94
Gyro: 5.74, -0.89, 2.98
Accel: 0.18, 0.16, -0.95
Gyro: 10.22, -1.48, 6.10
Accel: 0.18, 0.14, -0.95
Gyro: 15.27, -1.58, 9.85
Accel: 0.18, 0.12, -0.94
Gyro: 20.28, -1.94, 13.24
Accel: 0.17, 0.11, -0.95
Gyro: 24.65, -2.72, 15.85
Accel: 0.18, 0.08, -0.95
Gyro: 31.27, -1.87, 15.80
Accel: 0.18, 0.05, -0.94
Gyro: 37.82, -1.75, 13.72
Accel: 0.18, 0.02, -0.93
Gyro: 42.97, -2.49, 12.10
Accel: 0.18, -0.00, -0.92
Gyro: 48.09, -4.84, 12.15
Accel: 0.17, -0.05, -0.93
Gyro: 50.67, -6.46, 12.59
Accel: 0.17, -0.06, -0.92
Gyro: 52.31, -7.10, 12.65
Accel: 0.15, -0.08, -0.92
Gyro: 52.31, -7.17, 14.82
Accel: 0.14, -0.10, -0.92
Gyro: 53.54, -7.65, 18.98
Accel: 0.14, -0.14, -0.92
Gyro: 53.37, -7.58, 23.58
Accel: 0.12, -0.15, -0.91
Gyro: 53.78, -7.29, 29.53
Accel: 0.11, -0.19, -0.90
Gyro: 53.19, -7.53, 36.42
Accel: 0.10, -0.24, -0.90
Gyro: 51.88, -7.31, 43.03
Accel: 0.08, -0.26, -0.88
Gyro: 48.70, -5.99, 49.07
Accel: 0.07, -0.27, -0.85
Gyro: 48.90, -7.10, 56.50
Accel: 0.05, -0.32, -0.84
Gyro: 52.46, -8.65, 63.48
Accel: 0.04, -0.38, -0.81
Gyro: 53.58, -10.22, 66.93
Accel: 0.01, -0.47, -0.82
Gyro: 54.36, -12.13, 67.78
Accel: -0.00, -0.57, -0.81
Gyro: 49.64, -13.35, 61.77
Accel: -0.03, -0.62, -0.83
Gyro: 42.40, -14.14, 52.19
Accel: -0.04, -0.67, -0.82
Gyro: 36.51, -13.68, 39.92
Accel: -0.04, -0.65, -0.81
Gyro: 32.01, -11.89, 24.61
Accel: -0.05, -0.63, -0.79
Gyro: 32.39, -12.58, 14.33
Accel: -0.05, -0.64, -0.80
Gyro: 32.67, -10.99, 4.62
Accel: -0.06, -0.62, -0.75
Gyro: 31.50, -11.86, -0.27
Accel: -0.08, -0.65, -0.78
Gyro: 29.70, -12.68, -1.56
Accel: -0.08, -0.70, -0.77
Gyro: 22.77, -10.38, -4.30
Accel: -0.09, -0.69, -0.76
Gyro: 15.39, -11.09, -3.55
Accel: -0.11, -0.73, -0.78
Gyro: 5.14, -7.48, -4.02
Accel: -0.12, -0.71, -0.77
Gyro: -5.03, -4.05, -5.43
Accel: -0.12, -0.68, -0.78
Gyro: -11.91, -1.14, -4.54
Accel: -0.11, -0.69, -0.80
Gyro: -17.09, 4.00, -3.97
Accel: -0.10, -0.71, -0.79
Gyro: -23.42, 9.07, -5.10
Accel: -0.10, -0.73, -0.78
Gyro: -32.13, 10.48, -8.80
Accel: -0.09, -0.73, -0.78
Gyro: -42.25, 12.12, -12.93
Accel: -0.07, -0.70, -0.79
Gyro: -52.54, 13.97, -17.36
Accel: -0.08, -0.64, -0.81
Gyro: -61.37, 18.36, -22.13
Accel: -0.04, -0.59, -0.80
Gyro: -66.35, 21.96, -24.38
Accel: -0.02, -0.55, -0.80
Gyro: -70.82, 22.43, -28.27
Accel: -0.00, -0.49, -0.80
Gyro: -74.62, 19.81, -30.88
Accel: 0.01, -0.41, -0.82
Gyro: -74.16, 17.21, -31.04
Accel: 0.03, -0.36, -0.84
Gyro: -72.23, 15.30, -30.94
Accel: 0.04, -0.32, -0.86
Gyro: -69.66, 15.80, -31.88
Accel: 0.06, -0.27, -0.86
Gyro: -66.26, 14.98, -32.01
Accel: 0.07, -0.25, -0.87
Gyro: -63.12, 12.44, -33.37
Accel: 0.09, -0.22, -0.89
Gyro: -60.01, 10.69, -34.98
Accel: 0.10, -0.17, -0.89
Gyro: -59.36, 8.65, -37.03
Accel: 0.12, -0.13, -0.89
Gyro: -56.20, 6.77, -37.68
Accel: 0.12, -0.10, -0.89
Gyro: -52.12, 4.19, -37.55
Accel: 0.12, -0.07, -0.92
Gyro: -44.77, 2.30, -37.72
Accel: 0.12, -0.00, -0.94
Gyro: -43.66, 1.18, -37.09
Accel: 0.13, 0.00, -0.94
Gyro: -37.05, 0.10, -34.10
Accel: 0.13, 0.03, -0.95
Gyro: -35.39, 0.15, -33.05
Accel: 0.13, 0.07, -0.95
Gyro: -31.17, -0.05, -30.24
Accel: 0.14, 0.09, -0.97
Gyro: -25.86, 1.82, -25.96
Accel: 0.14, 0.08, -0.97
Gyro: -23.21, 3.91, -23.15
Accel: 0.15, 0.11, -0.94
Gyro: -20.05, 3.73, -19.92
Accel: 0.15, 0.12, -0.94
Gyro: -16.75, 2.03, -15.79
Accel: 0.15, 0.12, -0.93
Gyro: -14.19, 1.20, -11.70
Accel: 0.15, 0.10, -0.94
Gyro: -12.48, 0.35, -9.00
Accel: 0.14, 0.09, -0.95
Gyro: -11.39, -0.25, -8.06
Accel: 0.14, 0.11, -0.95
Gyro: -9.56, -0.39, -6.87
Accel: 0.15, 0.10, -0.96
Gyro: -7.04, -0.65, -5.49
Accel: 0.14, 0.10, -0.95
Gyro: -6.03, -1.14, -4.95
Accel: 0.15, 0.10, -0.95
Gyro: -5.36, -1.28, -4.55
Accel: 0.14, 0.09, -0.97
Gyro: -3.40, -0.26, -3.43
Accel: 0.14, 0.08, -0.97
Gyro: -2.26, 1.00, -2.78
Accel: 0.14, 0.08, -0.95
Gyro: -2.20, 1.88, -3.58
Accel: 0.14, 0.09, -0.96
Gyro: -1.65, 1.41, -3.90
Accel: 0.15, 0.09, -0.95
Gyro: -1.49, 0.92, -3.33
Accel: 0.15, 0.08, -0.96
Gyro: -1.46, 0.93, -2.20
Accel: 0.15, 0.08, -0.95
Gyro: -1.49, 0.05, -1.23
