Accel: 0.16, 0.13, -0.94
Gyro: -1.40, 0.85, -2.40
Accel: 0.16, 0.12, -0.94
Gyro: -0.49, 0.17, -1.57
Accel: 0.15, 0.10, -0.94
Gyro: 0.26, -0.81, -2.51
Accel: 0.15, 0.10, -0.95
Gyro: 0.92, -1.04, -3.75
Accel: 0.16, 0.11, -0.95
Gyro: 1.11, -0.78, -4.07
Accel: 0.15, 0.10, -0.95
Gyro: -0.02, -0.75, -3.84
Accel: 0.15, 0.12, -0.96
Gyro: -1.28, -0.14, -2.82
Accel: 0.16, 0.12, -0.96
Gyro: -1.31, 0.47, -1.38
Accel: 0.15, 0.11, -0.96
Gyro: -1.50, 0.91, -0.60
Accel: 0.16, 0.11, -0.95
Gyro: -1.73, 1.03, -0.74
Accel: 0.16, 0.11, -0.95
Gyro: -1.18, 1.04, -0.30
Accel: 0.16, 0.10, -0.96
Gyro: -1.01, 0.89, -0.34
Accel: 0.16, 0.09, -0.96
Gyro: -1.50, 1.08, -1.05
Accel: 0.16, 0.10, -0.94
Gyro: -1.56, 0.98, -1.41
Accel: 0.17, 0.10, -0.94
Gyro: -1.66, 0.72, -1.46
Accel: 0.16, 0.12, -0.95
Gyro: -1.33, -0.14, -1.56
Accel: 0.16, 0.13, -0.96
Gyro: 0.06, -0.40, -0.50
Accel: 0.17, 0.13, -0.95
Gyro: 1.64, -0.56, 0.85
Accel: 0.17, 0.15, -0.94
Gyro: 3.23, -1.10, 2.66
Accel: 0.17, 0.15, -0.94
Gyro: 5.23, -2.36, 4.79
Accel: 0.16, 0.16, -0.94
Gyro: 8.16, -2.72, 7.65
Accel: 0.16, 0.16, -0.95
Gyro: 11.68, -2.55, 10.48
Accel: 0.16, 0.14, -0.95
Gyro: 15.66, -2.68, 13.57
Accel: 0.16, 0.13, -0.94
Gyro: 19.12, -3.00, 15.77
Accel: 0.15, 0.13, -0.94
Gyro: 22.48, -4.03, 18.41
Accel: 0.16, 0.11, -0.95
Gyro: 26.86, -4.34, 21.75
Accel: 0.15, 0.08, -0.94
Gyro: 30.85, -4.49, 23.85
Accel: 0.15, 0.08, -0.93
Gyro: 34.16, -5.02, 26.47
Accel: 0.15, 0.07, -0.93
Gyro: 38.86, -5.87, 29.72
Accel: 0.13, 0.04, -0.93
Gyro: 43.87, -5.96, 33.87
Accel: 0.14, 0.01, -0.93
Gyro: 51.54, -6.02, 37.73
Accel: 0.13, -0.03, -0.92
Gyro: 58.35, -6.15, 40.79
Accel: 0.12, -0.09, -0.89
Gyro: 64.93, -6.58, 43.12
Accel: 0.10, -0.14, -0.89
Gyro: 69.56, -8.17, 44.27
Accel: 0.10, -0.21, -0.87
Gyro: 72.53, -8.96, 43.69
Accel: 0.08, -0.25, -0.87
Gyro: 74.39, -10.59, 42.66
Accel: 0.07, -0.29, -0.87
Gyro: 73.84, -10.85, 41.66
Accel: 0.06, -0.36, -0.86
Gyro: 73.59, -9.29, 40.60
Accel: 0.05, -0.45, -0.87
Gyro: 68.40, -6.95, 38.36
Accel: 0.04, -0.49, -0.84
Gyro: 60.59, -4.82, 34.27
Accel: 0.04, -0.51, -0.81
Gyro: 50.96, -7.48, 30.18
Accel: 0.03, -0.51, -0.81
Gyro: 49.46, -10.77, 28.11
Accel: 0.01, -0.57, -0.81
Gyro: 47.41, -11.87, 24.57
Accel: -0.01, -0.60, -0.82
Gyro: 41.94, -10.35, 20.29
Accel: -0.02, -0.65, -0.78
Gyro: 37.13, -9.32, 16.82
Accel: -0.02, -0.68, -0.77
Gyro: 29.87, -9.58, 10.48
Accel: -0.03, -0.65, -0.77
Gyro: 24.67, -12.45, 7.32
Accel: -0.05, -0.68, -0.79
Gyro: 18.90, -10.27, 6.20
Accel: -0.05, -0.70, -0.80
Gyro: 11.80, -5.42, 4.14
Accel: -0.06, -0.70, -0.78
Gyro: 6.44, -2.58, 0.76
Accel: -0.06, -0.70, -0.76
Gyro: 1.41, -1.40, -1.58
Accel: -0.06, -0.69, -0.78
Gyro: -3.91, -0.23, -2.57
Accel: -0.06, -0.70, -0.77
Gyro: -9.60, 2.24, -4.15
Accel: -0.05, -0.68, -0.77
Gyro: -15.21, 3.46, -6.11
Accel: -0.05, -0.66, -0.77
Gyro: -19.26, 5.12, -7.50
Accel: -0.04, -0.66, -0.79
Gyro: -23.51, 7.97, -8.88
Accel: -0.03, -0.67, -0.78
Gyro: -28.79, 9.54, -12.05
Accel: -0.02, -0.66, -0.78
Gyro: -34.23, 8.47, -14.24
Accel: -0.03, -0.65, -0.80
Gyro: -41.66, 9.48, -17.97
Accel: -0.02, -0.62, -0.84
Gyro: -49.39, 13.03, -22.00
Accel: -0.01, -0.57, -0.82
Gyro: -54.97, 15.67, -25.41
Accel: 0.01, -0.54, -0.84
Gyro: -58.88, 16.35, -27.34
Accel: 0.02, -0.49, -0.86
Gyro: -62.80, 18.31, -29.64
Accel: 0.04, -0.45, -0.85
Gyro: -66.48, 20.04, -30.85
Accel: 0.06, -0.43, -0.85
Gyro: -66.64, 18.78, -33.21
Accel: 0.08, -0.35, -0.85
Gyro: -71.40, 17.40, -36.59
Accel: 0.11, -0.31, -0.84
Gyro: -70.11, 15.82, -37.23
Accel: 0.13, -0.26, -0.86
Gyro: -69.85, 12.98, -36.88
Accel: 0.15, -0.24, -0.87
Gyro: -68.89, 10.51, -36.71
Accel: 0.16, -0.20, -0.86
Gyro: -70.82, 7.39, -39.63
Accel: 0.17, -0.11, -0.86
Gyro: -69.97, 3.81, -39.82
Accel: 0.17, -0.08, -0.88
Gyro: -66.51, -0.59, -37.59
Accel: 0.17, -0.02, -0.93
Gyro: -64.24, -1.98, -35.34
Accel: 0.16, -0.00, -0.93
Gyro: -61.43, -0.18, -33.25
Accel: 0.16, 0.05, -0.94
Gyro: -52.02, -1.56, -29.03
Accel: 0.17, 0.09, -0.93
Gyro: -49.31, -1.68, -26.31
Accel: 0.16, 0.10, -0.96
Gyro: -44.15, -1.61, -24.49
Accel: 0.17, 0.12, -0.96
Gyro: -38.30, -0.49, -22.99
Accel: 0.17, 0.17, -0.94
Gyro: -33.18, 0.10, -21.45
Accel: 0.17, 0.19, -0.95
Gyro: -27.09, 0.67, -19.36
Accel: 0.17, 0.21, -0.94
Gyro: -18.96, 0.69, -16.34
Accel: 0.16, 0.20, -0.94
Gyro: -11.82, -0.11, -13.20
Accel: 0.16, 0.19, -0.93
Gyro: -6.84, -1.00, -10.28
Accel: 0.17, 0.18, -0.93
Gyro: -4.75, -2.34, -8.19
Accel: 0.16, 0.18, -0.94
Gyro: -2.88, -4.09, -6.20
Accel: 0.16, 0.18, -0.94
Gyro: -1.91, -4.03, -4.56
Accel: 0.15, 0.15, -0.96
Gyro: -1.53, -3.78, -3.46
Accel: 0.16, 0.16, -0.95
Gyro: -2.02, -2.84, -3.33
Accel: 0.16, 0.15, -0.96
Gyro: -1.75, -1.61, -3.30
Accel: 0.15, 0.15, -0.96
Gyro: -0.68, -0.59, -2.79
Accel: 0.15, 0.14, -0.95
Gyro: -0.53, -0.69, -2.74
Accel: 0.15, 0.13, -0.95
Gyro: -1.24, -0.72, -3.31
Accel: 0.15, 0.15, -0.95
Gyro: -0.95, -0.33, -3.56
Accel: 0.16, 0.14, -0.96
Gyro: -0.49, -0.50, -2.95
Accel: 0.15, 0.15, -0.95
Gyro: -0.21, -0.44, -2.22
Accel: 0.15, 0.14, -0.95
Gyro: 0.34, -0.21, -1.86
Accel: 0.15, 0.13, -0.95
Gyro: 0.95, 0.36, -1.34
Accel: 0.16, 0.13, -0.95
Gyro: 0.72, -0.19, -1.25
Accel: 0.16, 0.13, -0.96
Gyro: 0.10, -0.10, -1.50
Accel: 0.16, 0.12, -0.95
Gyro: 0.09, 0.31, -0.95
Accel: 0.15, 0.11, -0.95
Gyro: -0.51, 1.01, -1.42
