Accel: 0.26, 0.20, -0.91
Gyro: -1.67, -0.51, 0.15
Accel: 0.26, 0.19, -0.91
Gyro: -1.12, -0.93, 0.53
Accel: 0.27, 0.19, -0.91
Gyro: -1.11, -1.37, 0.98
Accel: 0.25, 0.18, -0.92
Gyro: -1.14, -1.98, 0.76
Accel: 0.25, 0.17, -0.93
Gyro: -1.48, -1.53, 0.00
Accel: 0.25, 0.18, -0.92
Gyro: -1.91, -0.67, -0.82
Accel: 0.26, 0.18, -0.93
Gyro: -1.90, -0.14, -1.20
Accel: 0.26, 0.18, -0.92
Gyro: -1.97, -0.61, -1.72
Accel: 0.25, 0.19, -0.93
Gyro: -1.89, -0.43, -1.51
Accel: 0.25, 0.18, -0.92
Gyro: -1.86, -0.34, -1.59
Accel: 0.26, 0.19, -0.92
Gyro: -1.88, -0.02, -0.92
Accel: 0.26, 0.19, -0.91
Gyro: -1.91, -0.37, -0.40
Accel: 0.25, 0.19, -0.92
Gyro: -1.65, -1.04, -0.19
Accel: 0.25, 0.19, -0.92
Gyro: -0.96, -0.37, 0.17
Accel: 0.25, 0.20, -0.92
Gyro: -0.46, -0.19, 0.30
Accel: 0.26, 0.23, -0.93
Gyro: 1.49, -0.06, 1.50
Accel: 0.25, 0.23, -0.93
Gyro: 5.52, 1.07, 4.55
Accel: 0.26, 0.21, -0.92
Gyro: 7.59, 1.74, 6.45
Accel: 0.26, 0.25, -0.92
Gyro: 10.18, 1.42, 9.38
Accel: 0.26, 0.25, -0.93
Gyro: 15.66, 1.56, 14.11
Accel: 0.26, 0.23, -0.92
Gyro: 20.43, 2.48, 17.91
Accel: 0.27, 0.22, -0.92
Gyro: 27.33, 2.66, 21.74
Accel: 0.27, 0.18, -0.91
Gyro: 31.28, 2.38, 23.74
Accel: 0.27, 0.17, -0.91
Gyro: 37.60, 1.49, 27.44
Accel: 0.28, 0.14, -0.90
Gyro: 44.30, 1.18, 30.89
Accel: 0.28, 0.13, -0.89
Gyro: 48.56, -0.65, 34.42
Accel: 0.28, 0.08, -0.89
Gyro: 54.98, -0.96, 39.56
Accel: 0.27, 0.08, -0.90
Gyro: 61.10, -0.55, 43.11
Accel: 0.26, 0.07, -0.87
Gyro: 77.92, 2.02, 50.82
Accel: 0.27, -0.09, -0.82
Gyro: 86.77, 0.63, 51.06
Accel: 0.26, -0.20, -0.78
Gyro: 89.02, -7.19, 45.74
Accel: 0.24, -0.30, -0.83
Gyro: 88.91, -13.15, 42.83
Accel: 0.23, -0.41, -0.86
Gyro: 78.44, -14.18, 37.18
Accel: 0.21, -0.48, -0.90
Gyro: 65.18, -12.31, 31.30
Accel: 0.20, -0.48, -0.90
Gyro: 47.94, -8.89, 24.35
Accel: 0.18, -0.44, -0.87
Gyro: 34.68, -4.93, 22.01
Accel: 0.18, -0.41, -0.88
Gyro: 28.17, -3.66, 23.57
Accel: 0.17, -0.43, -0.85
Gyro: 29.88, -3.75, 26.60
Accel: 0.18, -0.49, -0.80
Gyro: 28.07, -1.26, 24.57
Accel: 0.17, -0.52, -0.81
Gyro: 25.85, -4.63, 23.83
Accel: 0.16, -0.60, -0.82
Gyro: 21.89, -3.04, 19.07
Accel: 0.16, -0.61, -0.83
Gyro: 16.14, -3.76, 12.70
Accel: 0.15, -0.64, -0.85
Gyro: 9.12, -0.95, 6.61
Accel: 0.15, -0.61, -0.83
Gyro: 2.55, 1.92, -1.03
Accel: 0.16, -0.61, -0.81
Gyro: -2.37, 1.91, -4.70
Accel: 0.17, -0.60, -0.80
Gyro: -8.89, 1.32, -7.79
Accel: 0.17, -0.58, -0.81
Gyro: -15.05, -0.07, -10.50
Accel: 0.16, -0.57, -0.83
Gyro: -19.83, 0.30, -12.18
Accel: 0.17, -0.58, -0.84
Gyro: -23.83, 2.50, -14.66
Accel: 0.19, -0.60, -0.82
Gyro: -29.96, 3.46, -18.38
Accel: 0.19, -0.59, -0.80
Gyro: -39.69, 1.30, -24.31
Accel: 0.19, -0.54, -0.82
Gyro: -48.25, -1.21, -30.65
Accel: 0.19, -0.44, -0.84
Gyro: -51.57, -1.56, -34.51
Accel: 0.20, -0.37, -0.86
Gyro: -50.25, 0.37, -35.19
Accel: 0.20, -0.33, -0.89
Gyro: -46.14, 2.40, -35.82
Accel: 0.21, -0.30, -0.88
Gyro: -42.60, 4.28, -37.78
Accel: 0.23, -0.24, -0.88
Gyro: -38.91, 4.26, -36.42
Accel: 0.22, -0.25, -0.88
Gyro: -36.65, 3.56, -33.96
Accel: 0.23, -0.25, -0.90
Gyro: -40.98, 3.68, -33.05
Accel: 0.24, -0.24, -0.91
Gyro: -45.85, 4.52, -33.04
Accel: 0.24, -0.22, -0.88
Gyro: -50.36, 5.65, -34.07
Accel: 0.25, -0.19, -0.89
Gyro: -58.25, 5.09, -36.28
Accel: 0.26, -0.13, -0.88
Gyro: -61.00, 3.94, -36.61
Accel: 0.27, -0.07, -0.88
Gyro: -62.26, 2.62, -35.76
Accel: 0.28, -0.02, -0.88
Gyro: -62.10, 1.10, -35.03
Accel: 0.28, 0.04, -0.89
Gyro: -59.62, -0.75, -32.74
Accel: 0.29, 0.09, -0.90
Gyro: -52.27, -2.42, -29.26
Accel: 0.29, 0.14, -0.89
Gyro: -47.23, -3.36, -25.80
Accel: 0.28, 0.16, -0.91
Gyro: -40.59, -6.05, -22.35
Accel: 0.28, 0.18, -0.94
Gyro: -34.81, -4.84, -18.72
Accel: 0.28, 0.20, -0.93
Gyro: -31.61, -2.81, -15.51
Accel: 0.27, 0.18, -0.90
Gyro: -22.48, -2.11, -11.21
Accel: 0.28, 0.18, -0.93
Gyro: -20.03, -2.45, -10.60
Accel: 0.27, 0.21, -0.91
Gyro: -18.58, -2.66, -8.74
Accel: 0.26, 0.21, -0.92
Gyro: -15.21, -3.33, -6.48
Accel: 0.27, 0.20, -0.91
Gyro: -12.95, -3.51, -4.79
Accel: 0.27, 0.21, -0.91
Gyro: -11.07, -4.46, -3.35
Accel: 0.26, 0.21, -0.92
Gyro: -7.97, -5.33, -1.11
Accel: 0.26, 0.19, -0.93
Gyro: -6.30, -4.80, -0.43
Accel: 0.25, 0.20, -0.93
Gyro: -5.13, -3.40, -0.10
Accel: 0.26, 0.19, -0.94
Gyro: -3.59, -2.72, 0.45
Accel: 0.25, 0.18, -0.93
Gyro: -3.22, -2.45, -0.12
Accel: 0.25, 0.18, -0.92
Gyro: -3.21, -2.18, -0.70
Accel: 0.24, 0.19, -0.93
Gyro: -2.55, -1.63, -0.77
Accel: 0.25, 0.19, -0.93
Gyro: -1.87, -1.07, -0.37
Accel: 0.25, 0.18, -0.93
Gyro: -1.31, -0.50, -0.24
Accel: 0.26, 0.18, -0.93
Gyro: -0.98, -0.28, -0.03
Accel: 0.26, 0.18, -0.93
Gyro: -0.97, -0.24, -0.22
Accel: 0.25, 0.16, -0.93
Gyro: -1.27, 0.14, -0.98
Accel: 0.26, 0.18, -0.92
Gyro: -0.60, 0.20, -1.05
Accel: 0.26, 0.17, -0.92
Gyro: -0.18, 0.01, -0.86
Accel: 0.26, 0.17, -0.92
Gyro: -0.20, -0.40, -0.79
Accel: 0.26, 0.17, -0.93
Gyro: -0.24, 0.05, -0.44
Accel: 0.26, 0.18, -0.92
Gyro: -0.42, -0.04, 0.13
Accel: 0.26, 0.18, -0.91
Gyro: 0.60, -0.82, 0.99
Accel: 0.27, 0.17, -0.92
Gyro: 1.54, -1.01, 2.01
Accel: 0.26, 0.15, -0.92
Gyro: 1.67, -1.37, 1.76
Accel: 0.26, 0.13, -0.92
Gyro: 0.74, -1.57, 0.73
Accel: 0.25, 0.14, -0.92
Gyro: -0.57, -1.21, -0.73
Accel: 0.26, 0.14, -0.92
Gyro: -1.14, -0.85, -1.87
Accel: 0.27, 0.15, -0.92
Gyro: -1.56, -1.13, -2.72
