Accel: 0.24, 0.06, -0.94
Gyro: -2.11, -0.31, -0.79
Accel: 0.24, 0.06, -0.94
Gyro: -2.40, -1.25, -0.97
Accel: 0.24, 0.07, -0.95
Gyro: -1.77, -1.66, -0.79
Accel: 0.23, 0.06, -0.95
Gyro: -1.83, -1.01, -1.04
Accel: 0.24, 0.06, -0.94
Gyro: -2.08, -0.72, -1.18
Accel: 0.24, 0.07, -0.93
Gyro: -2.05, -1.07, -1.24
Accel: 0.24, 0.06, -0.93
Gyro: -1.92, -1.75, -1.46
Accel: 0.23, 0.07, -0.95
Gyro: -1.36, -1.54, -1.24
Accel: 0.22, 0.06, -0.94
Gyro: -1.49, -1.22, -0.64
Accel: 0.23, 0.06, -0.94
Gyro: -1.98, -1.13, -0.28
Accel: 0.23, 0.06, -0.95
Gyro: -2.63, -1.23, -0.66
Accel: 0.23, 0.06, -0.95
Gyro: -2.88, -0.99, -1.73
Accel: 0.23, 0.06, -0.95
Gyro: -2.56, -0.60, -2.11
Accel: 0.23, 0.07, -0.94
Gyro: -2.44, -0.58, -2.23
Accel: 0.24, 0.07, -0.94
Gyro: -2.72, -0.79, -2.12
Accel: 0.23, 0.07, -0.95
Gyro: -2.69, -0.58, -1.59
Accel: 0.23, 0.07, -0.94
Gyro: -2.47, -0.06, -1.14
Accel: 0.23, 0.08, -0.96
Gyro: -2.20, 0.41, -1.37
Accel: 0.23, 0.11, -0.95
Gyro: -1.29, 0.29, -0.77
Accel: 0.22, 0.12, -0.95
Gyro: 1.31, 1.35, 1.23
Accel: 0.23, 0.12, -0.95
Gyro: 4.93, 2.59, 3.76
Accel: 0.23, 0.15, -0.95
Gyro: 7.55, 2.69, 6.05
Accel: 0.23, 0.15, -0.95
Gyro: 15.70, 3.82, 10.31
Accel: 0.23, 0.13, -0.94
Gyro: 23.21, 5.62, 11.77
Accel: 0.24, 0.12, -0.93
Gyro: 31.51, 5.65, 14.52
Accel: 0.24, 0.07, -0.94
Gyro: 38.67, 5.79, 17.72
Accel: 0.24, 0.04, -0.92
Gyro: 43.01, 6.91, 19.42
Accel: 0.25, 0.01, -0.91
Gyro: 47.62, 6.93, 22.23
Accel: 0.25, -0.01, -0.90
Gyro: 50.95, 6.97, 24.38
Accel: 0.25, -0.02, -0.89
Gyro: 55.98, 5.44, 28.29
Accel: 0.24, -0.08, -0.89
Gyro: 59.03, 5.57, 32.08
Accel: 0.25, -0.09, -0.86
Gyro: 62.35, 3.94, 37.34
Accel: 0.24, -0.13, -0.88
Gyro: 63.90, 2.28, 42.51
Accel: 0.24, -0.25, -0.86
Gyro: 69.60, 4.30, 46.71
Accel: 0.24, -0.37, -0.83
Gyro: 63.74, 3.65, 42.35
Accel: 0.24, -0.43, -0.83
Gyro: 58.79, 2.08, 36.48
Accel: 0.24, -0.45, -0.81
Gyro: 49.42, 2.22, 29.21
Accel: 0.24, -0.45, -0.81
Gyro: 44.81, -0.69, 24.76
Accel: 0.23, -0.50, -0.81
Gyro: 44.25, -2.10, 20.48
Accel: 0.22, -0.47, -0.80
Gyro: 38.38, -5.30, 19.17
Accel: 0.21, -0.57, -0.82
Gyro: 36.85, -4.43, 20.07
Accel: 0.20, -0.62, -0.80
Gyro: 28.05, -3.73, 15.13
Accel: 0.19, -0.65, -0.80
Gyro: 20.25, -4.66, 11.67
Accel: 0.19, -0.70, -0.80
Gyro: 9.70, -4.20, 5.92
Accel: 0.17, -0.67, -0.80
Gyro: -1.46, -3.92, 0.66
Accel: 0.17, -0.65, -0.83
Gyro: -8.04, 0.14, -3.42
Accel: 0.18, -0.65, -0.80
Gyro: -14.16, 2.91, -7.42
Accel: 0.19, -0.61, -0.78
Gyro: -20.78, 1.15, -10.54
Accel: 0.18, -0.60, -0.81
Gyro: -28.63, -0.90, -11.65
Accel: 0.18, -0.62, -0.82
Gyro: -36.26, 0.63, -14.28
Accel: 0.19, -0.61, -0.84
Gyro: -45.92, 3.77, -20.29
Accel: 0.20, -0.56, -0.83
Gyro: -54.25, 5.17, -25.96
Accel: 0.21, -0.54, -0.81
Gyro: -59.88, 5.26, -32.25
Accel: 0.23, -0.51, -0.82
Gyro: -67.58, 4.71, -42.80
Accel: 0.24, -0.40, -0.82
Gyro: -72.19, 2.68, -52.58
Accel: 0.24, -0.27, -0.82
Gyro: -68.76, -0.54, -55.76
Accel: 0.25, -0.19, -0.85
Gyro: -63.59, -3.12, -54.83
Accel: 0.24, -0.16, -0.88
Gyro: -57.50, -3.38, -51.35
Accel: 0.24, -0.12, -0.89
Gyro: -54.00, -2.43, -46.78
Accel: 0.25, -0.11, -0.90
Gyro: -53.07, -1.24, -43.06
Accel: 0.26, -0.09, -0.91
Gyro: -56.63, 0.56, -40.63
Accel: 0.27, -0.06, -0.90
Gyro: -57.05, 0.98, -37.46
Accel: 0.28, -0.02, -0.91
Gyro: -58.79, 1.50, -34.93
Accel: 0.29, 0.02, -0.89
Gyro: -59.30, 1.14, -31.74
Accel: 0.28, 0.04, -0.87
Gyro: -59.82, -0.37, -29.35
Accel: 0.28, 0.09, -0.87
Gyro: -61.27, -1.40, -29.05
Accel: 0.28, 0.17, -0.89
Gyro: -60.07, -3.94, -26.05
Accel: 0.27, 0.19, -0.91
Gyro: -56.66, -4.84, -22.93
Accel: 0.27, 0.30, -0.91
Gyro: -53.38, -3.50, -19.54
Accel: 0.28, 0.33, -0.90
Gyro: -38.15, -5.74, -11.44
Accel: 0.27, 0.30, -0.89
Gyro: -28.72, -4.93, -6.56
Accel: 0.28, 0.32, -0.91
Gyro: -21.49, -5.04, -3.18
Accel: 0.28, 0.29, -0.90
Gyro: -14.49, -4.38, -0.08
Accel: 0.27, 0.28, -0.91
Gyro: -9.76, -4.33, 1.36
Accel: 0.27, 0.27, -0.91
Gyro: -5.15, -4.55, 1.08
Accel: 0.27, 0.24, -0.91
Gyro: -2.60, -3.55, -0.16
Accel: 0.26, 0.23, -0.92
Gyro: 0.01, -2.79, -1.84
Accel: 0.26, 0.24, -0.91
Gyro: 2.49, -2.66, -3.61
Accel: 0.26, 0.23, -0.92
Gyro: 3.94, -2.87, -4.13
Accel: 0.26, 0.22, -0.91
Gyro: 4.14, -1.95, -4.58
Accel: 0.26, 0.24, -0.91
Gyro: 4.59, -1.47, -3.62
Accel: 0.26, 0.23, -0.90
Gyro: 4.37, -1.48, -2.13
Accel: 0.26, 0.22, -0.91
Gyro: 2.57, -1.59, -1.47
Accel: 0.25, 0.21, -0.91
Gyro: 1.64, -2.03, -0.43
Accel: 0.26, 0.19, -0.91
Gyro: 0.52, -2.25, -0.12
Accel: 0.25, 0.20, -0.93
Gyro: 0.08, -2.30, -1.05
Accel: 0.26, 0.20, -0.93
Gyro: 0.41, -1.27, -1.19
Accel: 0.25, 0.18, -0.92
Gyro: 2.34, -0.77, -2.62
Accel: 0.25, 0.19, -0.92
Gyro: 3.55, -1.00, -5.69
Accel: 0.25, 0.19, -0.92
Gyro: 4.19, -1.18, -6.13
Accel: 0.25, 0.18, -0.91
Gyro: 4.19, -0.89, -5.20
Accel: 0.25, 0.19, -0.91
Gyro: 2.56, -0.71, -4.04
Accel: 0.25, 0.18, -0.92
Gyro: 0.92, -0.34, -2.15
Accel: 0.25, 0.18, -0.92
Gyro: -0.40, 0.30, -1.15
Accel: 0.25, 0.18, -0.93
Gyro: -1.32, -0.05, -0.40
Accel: 0.26, 0.18, -0.92
Gyro: -2.57, -0.15, -0.15
Accel: 0.26, 0.18, -0.92
Gyro: -2.51, -0.64, 0.49
Accel: 0.25, 0.18, -0.93
Gyro: -2.76, -0.42, -0.01
Accel: 0.25, 0.18, -0.93
Gyro: -3.11, 0.40, -0.27
Accel: 0.26, 0.19, -0.91
Gyro: -2.72, 0.62, -0.55
Accel: 0.27, 0.19, -0.91
Gyro: -1.94, 0.10, -0.37
