Accel: 0.15, 0.12, -0.96
Gyro: -2.00, -1.05, -0.27
Accel: 0.14, 0.12, -0.97
Gyro: -1.57, -0.54, -0.45
Accel: 0.15, 0.12, -0.95
Gyro: -1.46, 0.22, -0.49
Accel: 0.15, 0.11, -0.96
Gyro: -1.21, 0.35, -0.44
Accel: 0.15, 0.12, -0.95
Gyro: -1.20, -0.09, -0.62
Accel: 0.15, 0.11, -0.95
Gyro: -1.37, -0.21, -0.61
Accel: 0.15, 0.12, -0.96
Gyro: -1.57, -0.19, -0.70
Accel: 0.15, 0.11, -0.95
Gyro: -1.88, 0.21, -0.69
Accel: 0.15, 0.11, -0.95
Gyro: -1.90, 0.43, -1.17
Accel: 0.16, 0.11, -0.95
Gyro: -1.88, 0.55, -1.26
Accel: 0.15, 0.12, -0.96
Gyro: -1.85, 0.56, -1.48
Accel: 0.15, 0.11, -0.95
Gyro: -1.88, 0.27, -1.16
Accel: 0.15, 0.11, -0.95
Gyro: -2.45, -0.41, -1.11
Accel: 0.15, 0.12, -0.95
Gyro: -3.27, -0.77, -1.37
Accel: 0.15, 0.11, -0.95
Gyro: -2.93, 0.02, -1.92
Accel: 0.15, 0.12, -0.94
Gyro: -2.98, 0.24, -2.73
Accel: 0.15, 0.13, -0.96
Gyro: -2.55, 0.24, -2.62
Accel: 0.15, 0.12, -0.96
Gyro: -2.33, 0.72, -1.95
Accel: 0.16, 0.13, -0.94
Gyro: -2.38, 0.90, -1.85
Accel: 0.16, 0.12, -0.96
Gyro: -2.38, 0.21, -1.69
Accel: 0.16, 0.13, -0.96
Gyro: -2.48, -0.11, -1.84
Accel: 0.15, 0.13, -0.96
Gyro: -1.95, 0.65, -1.34
Accel: 0.16, 0.13, -0.95
Gyro: -1.78, 0.81, -1.43
Accel: 0.15, 0.14, -0.95
Gyro: -0.88, 0.21, -0.72
Accel: 0.16, 0.16, -0.95
Gyro: 1.15, -0.06, 0.80
Accel: 0.15, 0.19, -0.94
Gyro: 2.84, -0.94, 2.88
Accel: 0.15, 0.23, -0.95
Gyro: 7.39, -0.77, 7.19
Accel: 0.15, 0.21, -0.96
Gyro: 13.98, -0.46, 13.00
Accel: 0.16, 0.17, -0.95
Gyro: 18.30, 0.24, 17.19
Accel: 0.16, 0.15, -0.95
Gyro: 21.41, 0.36, 19.49
Accel: 0.16, 0.13, -0.94
Gyro: 25.32, 0.58, 20.86
Accel: 0.16, 0.13, -0.94
Gyro: 29.50, 0.58, 22.41
Accel: 0.16, 0.12, -0.94
Gyro: 35.75, 1.40, 23.80
Accel: 0.16, 0.10, -0.93
Gyro: 42.59, 0.95, 26.36
Accel: 0.17, 0.08, -0.92
Gyro: 49.06, 1.08, 29.82
Accel: 0.16, 0.06, -0.94
Gyro: 56.67, 2.91, 34.74
Accel: 0.16, 0.03, -0.90
Gyro: 65.97, 3.63, 39.88
Accel: 0.15, -0.04, -0.88
Gyro: 74.22, 0.78, 43.77
Accel: 0.14, -0.10, -0.86
Gyro: 80.76, -3.20, 46.89
Accel: 0.13, -0.17, -0.87
Gyro: 84.95, -5.06, 48.16
Accel: 0.12, -0.23, -0.86
Gyro: 87.65, -5.51, 47.81
Accel: 0.11, -0.29, -0.86
Gyro: 89.13, -5.43, 47.41
Accel: 0.10, -0.41, -0.84
Gyro: 89.51, -3.56, 45.33
Accel: 0.10, -0.49, -0.80
Gyro: 81.92, -2.31, 39.89
Accel: 0.11, -0.55, -0.78
Gyro: 70.12, -3.73, 32.57
Accel: 0.10, -0.58, -0.76
Gyro: 64.38, -7.68, 28.11
Accel: 0.08, -0.66, -0.76
Gyro: 54.98, -11.39, 23.33
Accel: 0.07, -0.67, -0.75
Gyro: 43.95, -15.41, 16.90
Accel: 0.05, -0.64, -0.75
Gyro: 36.24, -19.79, 14.88
Accel: 0.02, -0.67, -0.77
Gyro: 32.42, -19.45, 12.88
Accel: 0.02, -0.68, -0.76
Gyro: 27.15, -18.65, 10.35
Accel: -0.01, -0.67, -0.76
Gyro: 24.23, -16.42, 11.46
Accel: -0.02, -0.72, -0.80
Gyro: 19.00, -10.74, 10.14
Accel: -0.01, -0.73, -0.73
Gyro: 13.66, -7.74, 4.71
Accel: -0.03, -0.72, -0.73
Gyro: 8.39, -8.45, 1.91
Accel: -0.04, -0.73, -0.77
Gyro: 3.11, -4.29, -0.35
Accel: -0.02, -0.71, -0.73
Gyro: -2.04, -0.34, -4.96
Accel: -0.03, -0.71, -0.73
Gyro: -2.86, -1.05, -5.39
Accel: -0.04, -0.73, -0.75
Gyro: -8.48, 2.11, -6.78
Accel: -0.03, -0.71, -0.73
Gyro: -15.62, 3.61, -7.44
Accel: -0.03, -0.72, -0.76
Gyro: -21.87, 5.64, -8.07
Accel: -0.01, -0.71, -0.75
Gyro: -29.60, 7.80, -9.03
Accel: 0.01, -0.73, -0.74
Gyro: -38.19, 7.55, -10.97
Accel: 0.01, -0.71, -0.76
Gyro: -48.03, 7.55, -14.95
Accel: 0.02, -0.65, -0.75
Gyro: -56.12, 7.61, -19.02
Accel: 0.03, -0.59, -0.79
Gyro: -59.48, 6.55, -20.48
Accel: 0.03, -0.57, -0.81
Gyro: -63.00, 6.95, -23.90
Accel: 0.05, -0.51, -0.82
Gyro: -64.43, 8.64, -25.86
Accel: 0.05, -0.47, -0.82
Gyro: -64.63, 9.23, -26.79
Accel: 0.05, -0.43, -0.85
Gyro: -65.70, 8.04, -27.25
Accel: 0.09, -0.36, -0.87
Gyro: -68.00, 9.15, -25.08
Accel: 0.11, -0.34, -0.86
Gyro: -68.90, 8.95, -24.35
Accel: 0.11, -0.27, -0.85
Gyro: -68.71, 7.16, -23.80
Accel: 0.11, -0.28, -0.87
Gyro: -65.79, 4.37, -22.95
Accel: 0.12, -0.26, -0.90
Gyro: -65.18, 2.72, -26.25
Accel: 0.12, -0.26, -0.91
Gyro: -66.53, 4.62, -32.13
Accel: 0.14, -0.22, -0.89
Gyro: -66.64, 4.71, -37.79
Accel: 0.13, -0.17, -0.89
Gyro: -64.80, 2.56, -42.47
Accel: 0.14, -0.06, -0.92
Gyro: -61.93, 0.43, -46.37
Accel: 0.14, -0.05, -0.93
Gyro: -53.38, -2.49, -44.66
Accel: 0.13, -0.01, -0.93
Gyro: -52.72, -1.21, -45.49
Accel: 0.14, 0.07, -0.95
Gyro: -50.73, -1.18, -42.44
Accel: 0.14, 0.12, -0.95
Gyro: -46.32, -0.88, -36.03
Accel: 0.14, 0.15, -0.95
Gyro: -41.36, 0.24, -29.31
Accel: 0.15, 0.15, -0.95
Gyro: -36.32, 0.70, -23.77
Accel: 0.15, 0.19, -0.95
Gyro: -31.21, 1.46, -19.35
Accel: 0.16, 0.21, -0.95
Gyro: -23.96, 1.61, -14.45
Accel: 0.15, 0.21, -0.93
Gyro: -17.52, 1.09, -10.19
Accel: 0.16, 0.20, -0.93
Gyro: -11.02, -0.84, -6.30
Accel: 0.15, 0.18, -0.94
Gyro: -6.18, -2.08, -3.21
Accel: 0.15, 0.16, -0.94
Gyro: -4.78, -1.99, -1.57
Accel: 0.15, 0.16, -0.95
Gyro: -3.85, -2.19, -0.49
Accel: 0.15, 0.14, -0.95
Gyro: -3.37, -2.62, -0.02
Accel: 0.15, 0.14, -0.96
Gyro: -3.51, -2.33, -0.12
Accel: 0.15, 0.15, -0.96
Gyro: -3.40, -1.61, -0.40
Accel: 0.15, 0.15, -0.95
Gyro: -2.48, -1.20, -0.61
Accel: 0.15, 0.15, -0.96
Gyro: -1.73, -0.67, -0.83
Accel: 0.16, 0.14, -0.95
Gyro: -0.87, -0.61, -1.14
Accel: 0.15, 0.14, -0.95
Gyro: -0.38, -0.35, -1.55
Accel: 0.16, 0.14, -0.95
Gyro: 0.27, -0.13, -1.54
Accel: 0.16, 0.14, -0.95
Gyro: 0.79, -0.72, -1.50
