Accel: 0.13, 0.12, -0.96
Gyro: -0.02, -0.66, -3.10
Accel: 0.13, 0.12, -0.96
Gyro: -0.30, 0.34, -3.31
Accel: 0.13, 0.13, -0.95
Gyro: -0.12, 0.48, -2.80
Accel: 0.14, 0.13, -0.95
Gyro: -0.02, 0.57, -2.26
Accel: 0.14, 0.12, -0.94
Gyro: 0.82, 0.41, -1.53
Accel: 0.14, 0.11, -0.95
Gyro: 0.44, 0.27, -1.55
Accel: 0.13, 0.12, -0.95
Gyro: 0.09, 0.30, -1.77
Accel: 0.13, 0.11, -0.95
Gyro: 0.15, 0.05, -1.74
Accel: 0.14, 0.11, -0.95
Gyro: -0.47, -0.05, -2.12
Accel: 0.14, 0.11, -0.95
Gyro: -1.17, -0.14, -2.16
Accel: 0.13, 0.11, -0.96
Gyro: -1.75, 0.10, -2.63
Accel: 0.14, 0.11, -0.95
Gyro: -2.56, 0.09, -2.70
Accel: 0.14, 0.12, -0.96
Gyro: -3.31, 0.21, -2.92
Accel: 0.14, 0.14, -0.95
Gyro: -3.25, 0.48, -2.61
Accel: 0.14, 0.12, -0.96
Gyro: -3.08, 0.69, -2.45
Accel: 0.14, 0.13, -0.95
Gyro: -3.23, 1.20, -2.70
Accel: 0.14, 0.14, -0.95
Gyro: -2.80, 0.87, -2.33
Accel: 0.14, 0.15, -0.95
Gyro: -1.97, 0.46, -2.20
Accel: 0.14, 0.15, -0.95
Gyro: -0.71, 0.14, -1.15
Accel: 0.14, 0.15, -0.94
Gyro: 0.42, 0.20, -0.06
Accel: 0.15, 0.16, -0.94
Gyro: 1.45, -0.08, 1.11
Accel: 0.14, 0.17, -0.96
Gyro: 3.18, -0.57, 3.01
Accel: 0.14, 0.16, -0.95
Gyro: 5.66, 0.22, 4.87
Accel: 0.15, 0.16, -0.95
Gyro: 6.92, 0.40, 6.43
Accel: 0.14, 0.17, -0.95
Gyro: 9.47, 0.02, 8.51
Accel: 0.14, 0.16, -0.96
Gyro: 12.18, 0.66, 11.10
Accel: 0.14, 0.17, -0.96
Gyro: 15.79, 1.30, 14.95
Accel: 0.15, 0.16, -0.95
Gyro: 19.49, 1.21, 19.07
Accel: 0.15, 0.15, -0.94
Gyro: 23.67, 0.51, 23.74
Accel: 0.15, 0.13, -0.94
Gyro: 28.10, 0.05, 28.76
Accel: 0.15, 0.09, -0.93
Gyro: 31.39, -0.44, 32.35
Accel: 0.15, 0.08, -0.93
Gyro: 33.65, -1.74, 35.16
Accel: 0.16, 0.05, -0.92
Gyro: 37.70, -3.30, 37.73
Accel: 0.15, 0.02, -0.92
Gyro: 42.35, -4.91, 39.99
Accel: 0.16, -0.02, -0.91
Gyro: 46.25, -6.28, 41.05
Accel: 0.15, -0.07, -0.90
Gyro: 49.06, -7.64, 41.00
Accel: 0.14, -0.12, -0.90
Gyro: 50.39, -10.91, 40.12
Accel: 0.14, -0.15, -0.89
Gyro: 50.45, -14.02, 39.49
Accel: 0.12, -0.17, -0.89
Gyro: 49.29, -16.75, 39.70
Accel: 0.10, -0.18, -0.89
Gyro: 50.03, -19.73, 40.36
Accel: 0.09, -0.21, -0.88
Gyro: 52.78, -22.39, 41.95
Accel: 0.06, -0.24, -0.87
Gyro: 53.88, -25.01, 42.78
Accel: 0.04, -0.28, -0.86
Gyro: 57.83, -28.09, 44.14
Accel: 0.01, -0.34, -0.85
Gyro: 60.65, -30.82, 44.02
Accel: -0.02, -0.38, -0.84
Gyro: 61.62, -32.84, 43.32
Accel: -0.06, -0.49, -0.87
Gyro: 59.25, -32.00, 41.40
Accel: -0.09, -0.51, -0.86
Gyro: 49.49, -28.83, 36.81
Accel: -0.12, -0.51, -0.86
Gyro: 41.49, -26.06, 35.47
Accel: -0.14, -0.50, -0.85
Gyro: 35.16, -24.20, 35.68
Accel: -0.18, -0.54, -0.87
Gyro: 30.85, -20.05, 36.22
Accel: -0.19, -0.56, -0.85
Gyro: 24.86, -14.50, 32.83
Accel: -0.20, -0.61, -0.84
Gyro: 21.85, -11.68, 29.46
Accel: -0.21, -0.65, -0.84
Gyro: 17.17, -8.22, 22.39
Accel: -0.22, -0.64, -0.84
Gyro: 13.10, -5.06, 15.53
Accel: -0.22, -0.70, -0.83
Gyro: 8.38, 0.21, 5.86
Accel: -0.21, -0.66, -0.81
Gyro: 2.40, 2.89, -5.09
Accel: -0.19, -0.66, -0.80
Gyro: -0.04, 5.09, -12.80
Accel: -0.19, -0.64, -0.80
Gyro: -4.37, 7.01, -18.63
Accel: -0.18, -0.62, -0.80
Gyro: -9.41, 8.31, -21.60
Accel: -0.17, -0.61, -0.83
Gyro: -15.27, 10.80, -22.30
Accel: -0.16, -0.63, -0.82
Gyro: -22.33, 14.56, -23.22
Accel: -0.15, -0.62, -0.80
Gyro: -31.20, 16.28, -24.77
Accel: -0.13, -0.61, -0.82
Gyro: -39.66, 15.95, -26.87
Accel: -0.11, -0.55, -0.84
Gyro: -45.60, 18.69, -28.91
Accel: -0.08, -0.53, -0.84
Gyro: -47.97, 20.56, -30.30
Accel: -0.07, -0.50, -0.82
Gyro: -50.77, 20.93, -33.14
Accel: -0.06, -0.46, -0.84
Gyro: -53.04, 20.75, -35.55
Accel: -0.02, -0.41, -0.85
Gyro: -54.04, 21.10, -37.17
Accel: -0.02, -0.41, -0.86
Gyro: -55.08, 19.97, -39.49
Accel: -0.01, -0.35, -0.88
Gyro: -56.18, 19.51, -41.14
Accel: 0.03, -0.32, -0.89
Gyro: -56.76, 19.13, -41.40
Accel: 0.04, -0.30, -0.89
Gyro: -57.95, 18.52, -42.59
Accel: 0.05, -0.26, -0.88
Gyro: -58.66, 17.23, -43.81
Accel: 0.07, -0.23, -0.90
Gyro: -58.24, 15.47, -44.53
Accel: 0.07, -0.20, -0.91
Gyro: -58.16, 14.15, -46.83
Accel: 0.09, -0.14, -0.91
Gyro: -58.07, 13.60, -47.90
Accel: 0.10, -0.10, -0.91
Gyro: -56.63, 13.37, -46.87
Accel: 0.11, -0.09, -0.90
Gyro: -55.56, 12.28, -46.84
Accel: 0.13, 0.01, -0.92
Gyro: -51.93, 11.75, -44.78
Accel: 0.13, 0.04, -0.93
Gyro: -48.08, 10.51, -41.03
Accel: 0.15, 0.13, -0.93
Gyro: -44.27, 11.10, -36.30
Accel: 0.16, 0.14, -0.92
Gyro: -35.71, 8.74, -27.72
Accel: 0.17, 0.13, -0.93
Gyro: -30.40, 6.55, -22.26
Accel: 0.17, 0.15, -0.92
Gyro: -26.84, 4.31, -17.19
Accel: 0.17, 0.13, -0.92
Gyro: -22.27, 1.75, -13.30
Accel: 0.17, 0.14, -0.94
Gyro: -20.13, 0.98, -11.19
Accel: 0.17, 0.14, -0.95
Gyro: -16.55, 0.49, -9.35
Accel: 0.17, 0.15, -0.94
Gyro: -12.82, 0.45, -8.06
Accel: 0.18, 0.15, -0.95
Gyro: -9.45, -0.55, -7.35
Accel: 0.18, 0.14, -0.95
Gyro: -7.29, -0.34, -7.21
Accel: 0.17, 0.15, -0.96
Gyro: -4.97, -0.17, -6.42
Accel: 0.17, 0.14, -0.95
Gyro: -3.07, 0.69, -5.49
Accel: 0.17, 0.14, -0.95
Gyro: -1.71, 1.57, -3.97
Accel: 0.17, 0.13, -0.94
Gyro: -1.26, 0.88, -3.04
Accel: 0.17, 0.13, -0.94
Gyro: -1.73, -0.08, -2.65
Accel: 0.17, 0.12, -0.95
Gyro: -1.76, -0.53, -2.33
Accel: 0.17, 0.11, -0.95
Gyro: -1.63, -0.53, -2.54
Accel: 0.17, 0.11, -0.94
Gyro: -1.17, -0.91, -2.64
Accel: 0.16, 0.10, -0.95
Gyro: -1.07, -0.73, -2.78
Accel: 0.17, 0.10, -0.96
Gyro: -1.73, -0.08, -3.36
Accel: 0.17, 0.10, -0.95
Gyro: -1.66, 0.44, -3.43
