Accel: -0.09, -0.04, -0.96
Gyro: 2.30, -0.85, 3.68
Accel: -0.09, -0.02, -0.96
Gyro: 0.68, -0.24, 2.66
Accel: -0.09, -0.02, -0.99
Gyro: -1.66, 0.09, 3.11
Accel: -0.09, -0.01, -0.97
Gyro: -3.16, 1.07, 4.60
Accel: -0.09, -0.02, -0.95
Gyro: -3.45, 0.24, 5.89
Accel: -0.09, -0.03, -0.94
Gyro: -3.85, -1.42, 5.81
Accel: -0.10, -0.03, -0.97
Gyro: -4.81, -0.86, 6.02
Accel: -0.11, -0.03, -0.97
Gyro: -5.19, 0.47, 6.03
Accel: -0.09, -0.02, -0.98
Gyro: -5.35, 1.95, 5.81
Accel: -0.08, -0.02, -0.95
Gyro: -4.92, 2.20, 6.10
Accel: -0.08, -0.03, -0.95
Gyro: -4.62, 1.33, 5.77
Accel: -0.08, -0.02, -0.95
Gyro: -4.17, 0.63, 5.22
Accel: -0.09, -0.02, -0.97
Gyro: -2.63, 0.31, 4.70
Accel: -0.08, -0.02, -0.98
Gyro: -2.04, 0.92, 4.49
Accel: -0.09, -0.03, -0.96
Gyro: -1.99, 1.40, 3.94
Accel: -0.08, -0.03, -0.96
Gyro: -1.07, 0.87, 3.34
Accel: -0.08, -0.04, -0.97
Gyro: -1.11, 1.26, 1.69
Accel: -0.08, -0.04, -0.97
Gyro: -1.17, 1.50, -0.05
Accel: -0.08, -0.02, -0.97
Gyro: -1.19, 2.10, -0.86
Accel: -0.07, -0.03, -0.94
Gyro: -1.40, 1.86, -0.50
Accel: -0.07, -0.01, -0.95
Gyro: -1.60, 0.40, -0.24
Accel: -0.07, -0.02, -0.96
Gyro: -1.19, -0.95, 0.65
Accel: -0.07, -0.02, -0.97
Gyro: -1.38, -0.15, 1.08
Accel: -0.08, -0.03, -0.97
Gyro: -1.96, 0.64, 0.87
Accel: -0.07, -0.01, -0.96
Gyro: -2.34, 0.53, 1.21
Accel: -0.08, -0.03, -0.96
Gyro: -2.20, -0.06, 1.65
Accel: -0.07, -0.04, -0.96
Gyro: -3.12, -0.81, 1.21
Accel: -0.07, -0.03, -0.96
Gyro: -3.08, -0.99, 0.86
Accel: -0.08, -0.03, -0.97
Gyro: -3.23, -0.69, 0.57
Accel: -0.08, -0.04, -0.96
Gyro: -3.40, -0.48, -0.66
Accel: -0.08, -0.03, -0.97
Gyro: -3.40, 0.05, -1.39
Accel: -0.08, -0.03, -0.96
Gyro: -2.80, 0.50, -2.08
Accel: -0.07, -0.01, -0.96
Gyro: -2.57, 0.31, -2.85
Accel: -0.08, -0.00, -0.96
Gyro: -1.71, -0.10, -1.75
Accel: -0.07, 0.00, -0.97
Gyro: -1.29, 0.08, -0.34
Accel: -0.07, -0.02, -0.96
Gyro: -1.56, -0.21, -0.24
Accel: -0.08, -0.03, -0.95
Gyro: -2.90, -0.92, -0.88
Accel: -0.07, 0.00, -0.96
Gyro: -3.21, -1.56, -1.44
Accel: -0.08, 0.00, -0.97
Gyro: -2.13, -1.47, -0.92
Accel: -0.08, -0.02, -0.97
Gyro: -0.89, -0.98, -0.94
Accel: -0.08, -0.03, -0.96
Gyro: -1.03, -1.33, -2.05
Accel: -0.08, -0.02, -0.96
Gyro: -1.55, -2.01, -3.26
Accel: -0.08, -0.00, -0.97
Gyro: -1.74, -1.88, -3.03
Accel: -0.08, -0.00, -0.96
Gyro: -1.72, -1.39, -2.37
Accel: -0.08, -0.01, -0.97
Gyro: -2.03, -1.05, -1.63
Accel: -0.08, -0.00, -0.96
Gyro: -2.06, -0.51, -1.19
Accel: -0.07, -0.01, -0.96
Gyro: -1.69, -0.57, -0.42
Accel: -0.08, -0.01, -0.95
Gyro: -1.73, -0.98, 0.31
Accel: -0.07, -0.00, -0.96
Gyro: -1.55, -1.66, 0.79
Accel: -0.07, -0.01, -0.97
Gyro: -1.68, -1.78, 1.58
Accel: -0.08, -0.02, -0.96
Gyro: -2.38, -1.63, 1.17
Accel: -0.07, -0.00, -0.96
Gyro: -1.90, -1.80, 1.28
Accel: -0.08, -0.03, -0.97
Gyro: -1.53, -2.14, 1.24
Accel: -0.08, -0.03, -0.96
Gyro: -2.48, -2.09, -0.53
Accel: -0.09, -0.02, -0.97
Gyro: -2.94, -1.39, -1.05
Accel: -0.09, -0.01, -0.96
Gyro: -2.64, -1.36, -0.63
Accel: -0.08, -0.00, -0.97
Gyro: -2.20, -0.98, -0.08
Accel: -0.08, -0.01, -0.97
Gyro: -1.84, -1.11, 0.42
Accel: -0.08, -0.01, -0.96
Gyro: -1.59, -0.92, 0.62
Accel: -0.08, -0.02, -0.96
Gyro: -1.71, -1.20, 0.38
Accel: -0.08, -0.02, -0.96
Gyro: -1.54, -0.94, 0.47
Accel: -0.08, -0.03, -0.97
Gyro: -1.87, -0.82, 0.05
Accel: -0.07, -0.03, -0.96
Gyro: -2.53, -0.82, -0.63
Accel: -0.08, -0.03, -0.96
Gyro: -3.02, -1.27, -1.08
Accel: -0.08, -0.02, -0.96
Gyro: -3.39, -0.94, -1.82
Accel: -0.09, -0.01, -0.96
Gyro: -3.10, -0.45, -1.92
Accel: -0.08, -0.01, -0.96
Gyro: -2.77, -0.49, -2.04
Accel: -0.09, -0.01, -0.97
Gyro: -2.60, -0.49, -1.93
Accel: -0.09, -0.01, -0.96
Gyro: -2.35, -0.63, -1.94
Accel: -0.09, -0.01, -0.96
Gyro: -2.14, -0.72, -1.82
Accel: -0.08, -0.01, -0.96
Gyro: -2.20, -0.68, -1.52
Accel: -0.08, -0.01, -0.97
Gyro: -2.28, -0.85, -1.55
Accel: -0.08, -0.00, -0.97
Gyro: -2.14, -0.40, -1.49
Accel: -0.08, -0.01, -0.96
Gyro: -1.60, -0.56, -0.83
Accel: -0.08, -0.02, -0.97
Gyro: -2.92, -0.73, -1.52
Accel: -0.09, 0.01, -0.97
Gyro: -3.60, -0.68, -1.40
Accel: -0.08, 0.01, -0.96
Gyro: -1.60, -1.17, -0.32
Accel: -0.08, -0.00, -0.97
Gyro: -1.38, -1.53, -0.51
Accel: -0.09, -0.01, -0.96
Gyro: -1.66, -1.86, -1.06
Accel: -0.09, -0.00, -0.98
Gyro: -1.72, -1.47, -1.02
Accel: -0.08, -0.01, -0.96
Gyro: -1.66, -1.38, -0.68
Accel: -0.08, -0.01, -0.96
Gyro: -1.46, -0.88, -0.66
Accel: -0.09, -0.01, -0.97
Gyro: -1.15, -0.27, -0.60
Accel: -0.09, -0.01, -0.96
Gyro: -1.27, -0.11, -0.53
Accel: -0.08, -0.01, -0.96
Gyro: -1.61, -0.11, -0.74
Accel: -0.08, -0.01, -0.97
Gyro: -1.43, -0.17, -0.77
Accel: -0.08, -0.01, -0.96
Gyro: -1.27, -0.28, -0.63
Accel: -0.08, -0.01, -0.97
Gyro: -2.21, 0.02, -0.77
Accel: -0.08, -0.00, -0.96
Gyro: -2.10, -0.21, -0.87
Accel: -0.07, 0.00, -0.96
Gyro: -1.21, -0.59, 0.37
Accel: -0.08, -0.02, -0.96
Gyro: -1.69, -0.78, -0.15
Accel: -0.08, -0.00, -0.97
Gyro: -2.37, -0.73, 0.08
Accel: -0.08, 0.02, -0.98
Gyro: -2.07, -0.14, 1.42
Accel: -0.08, 0.06, -0.98
Gyro: -1.53, 0.43, 5.12
Accel: -0.08, 0.10, -0.98
Gyro: -0.89, 0.69, 13.16
Accel: -0.09, 0.15, -0.97
Gyro: -2.27, 1.54, 25.19
Accel: -0.10, 0.27, -0.99
Gyro: -2.05, 2.24, 44.40
Accel: -0.11, 0.45, -1.01
Gyro: -3.33, 3.91, 77.89
Accel: -0.19, 0.66, -1.07
Gyro: -0.73, 9.85, 132.80
Accel: -0.28, 0.34, -1.05
Gyro: 1.17, 22.42, 185.33
Accel: -0.26, -0.03, -1.05
Gyro: -11.25, 29.65, 197.41
Accel: -0.21, -0.05, -1.00
Gyro: -27.71, 34.49, 193.45
Accel: -0.19, 0.04, -0.99
Gyro: -26.83, 34.38, 189.35
Accel: -0.18, 0.05, -1.02
Gyro: -17.20, 36.14, 190.96
Accel: -0.13, -0.04, -0.97
Gyro: -13.10, 37.84, 183.62
Accel: -0.09, -0.08, -0.95
Gyro: -10.16, 37.19, 172.42
Accel: -0.05, -0.06, -0.89
Gyro: -4.04, 33.24, 158.79
Accel: -0.02, -0.09, -0.88
Gyro: 3.58, 28.03, 147.80
Accel: -0.00, -0.08, -0.87
Gyro: 4.64, 21.77, 134.09
Accel: -0.00, -0.02, -0.90
Gyro: 5.42, 17.14, 125.80
Accel: 0.00, -0.11, -0.94
Gyro: 6.24, 15.18, 118.30
Accel: 0.03, -0.18, -0.93
Gyro: 1.13, 13.92, 104.23
Accel: 0.04, -0.16, -0.95
Gyro: -2.81, 11.25, 89.23
Accel: 0.05, -0.12, -0.96
Gyro: -4.48, 10.54, 76.74
Accel: 0.08, -0.17, -0.96
Gyro: -0.54, 9.06, 63.07
Accel: 0.10, -0.20, -0.94
Gyro: -1.17, 6.99, 44.33
Accel: 0.11, -0.16, -0.94
Gyro: -0.31, 3.06, 27.67
Accel: 0.10, -0.12, -0.92
Gyro: -1.56, -0.25, 15.14
Accel: 0.09, -0.07, -0.92
Gyro: -2.46, -2.82, 7.08
Accel: 0.10, -0.07, -0.94
Gyro: -3.30, -4.88, 1.81
Accel: 0.10, -0.09, -0.94
Gyro: -2.58, -6.87, -4.17
Accel: 0.08, -0.12, -0.97
Gyro: -5.91, -6.85, -12.53
Accel: 0.07, -0.11, -0.94
Gyro: -6.25, -6.81, -20.78
Accel: 0.06, -0.17, -0.93
Gyro: -4.23, -9.25, -33.66
Accel: 0.06, -0.22, -0.94
Gyro: -2.51, -11.31, -52.76
Accel: 0.03, -0.25, -0.94
Gyro: -1.34, -13.64, -76.60
Accel: 0.01, -0.27, -0.95
Gyro: 1.13, -16.92, -102.94
Accel: -0.02, -0.23, -0.95
Gyro: 2.62, -19.92, -128.40
Accel: -0.04, -0.18, -0.95
Gyro: 5.16, -22.37, -149.37
Accel: -0.09, -0.14, -0.97
Gyro: 6.04, -24.32, -167.76
Accel: -0.13, -0.11, -0.99
Gyro: 8.84, -24.03, -180.82
Accel: -0.14, -0.14, -0.99
Gyro: 7.71, -22.96, -195.76
Accel: -0.16, -0.02, -1.00
Gyro: 7.57, -21.01, -206.17
Accel: -0.16, 0.08, -0.94
Gyro: 11.50, -22.00, -205.63
Accel: -0.15, 0.08, -0.93
Gyro: 16.20, -25.24, -199.66
Accel: -0.16, 0.10, -0.95
Gyro: 13.26, -26.43, -194.47
Accel: -0.14, 0.18, -0.97
Gyro: 11.39, -25.79, -180.53
Accel: -0.13, 0.22, -0.98
Gyro: 8.73, -23.82, -158.96
Accel: -0.10, 0.21, -1.00
Gyro: 5.18, -20.79, -131.37
Accel: -0.12, 0.06, -1.00
Gyro: -7.66, -16.51, -114.33
Accel: -0.11, 0.18, -0.98
Gyro: -18.07, -12.63, -105.00
Accel: -0.10, 0.34, -1.02
Gyro: -10.72, -8.63, -78.93
Accel: -0.10, 0.19, -1.01
Gyro: -8.48, -4.00, -54.79
Accel: -0.08, 0.11, -1.00
Gyro: -15.48, 0.40, -41.02
Accel: -0.06, 0.13, -0.98
Gyro: -19.53, 0.98, -31.78
Accel: -0.06, 0.14, -0.97
Gyro: -13.13, -0.17, -23.54
Accel: -0.05, 0.12, -0.99
Gyro: -7.34, 0.08, -16.22
Accel: -0.06, 0.09, -0.98
Gyro: -5.91, 1.27, -11.63
Accel: -0.06, 0.06, -0.98
Gyro: -5.45, 2.43, -8.87
Accel: -0.04, 0.05, -0.97
Gyro: -5.52, 3.38, -7.61
Accel: -0.03, 0.08, -0.95
Gyro: -5.41, 2.70, -6.31
