Accel: -0.19, 0.02, -0.94
Gyro: -1.59, -0.54, 0.47
Accel: -0.20, 0.00, -0.96
Gyro: -0.45, -0.59, 0.53
Accel: -0.20, -0.01, -0.94
Gyro: -1.27, -0.52, -0.95
Accel: -0.20, 0.01, -0.95
Gyro: -1.51, -0.67, -1.95
Accel: -0.20, 0.02, -0.94
Gyro: -1.42, 0.05, -1.38
Accel: -0.20, 0.01, -0.95
Gyro: -0.45, -0.31, -0.12
Accel: -0.21, 0.00, -0.96
Gyro: -0.43, -0.01, 0.35
Accel: -0.20, -0.01, -0.95
Gyro: -0.79, 0.31, 0.21
Accel: -0.19, 0.00, -0.94
Gyro: -0.58, 0.19, 0.03
Accel: -0.18, -0.01, -0.94
Gyro: -0.48, -0.64, -0.21
Accel: -0.19, -0.01, -0.93
Gyro: -0.57, -1.66, -0.34
Accel: -0.19, -0.02, -0.95
Gyro: -0.89, -2.06, -0.63
Accel: -0.20, -0.01, -0.95
Gyro: -1.90, -1.23, -1.14
Accel: -0.20, -0.00, -0.95
Gyro: -1.70, -0.60, -0.98
Accel: -0.19, 0.00, -0.95
Gyro: -1.39, -0.30, -0.06
Accel: -0.20, -0.01, -0.94
Gyro: -2.02, -1.13, -0.34
Accel: -0.21, -0.00, -0.95
Gyro: -2.59, -1.18, -0.86
Accel: -0.20, -0.01, -0.95
Gyro: -2.25, -1.43, -0.53
Accel: -0.20, 0.00, -0.95
Gyro: -2.28, -1.77, -0.50
Accel: -0.20, -0.01, -0.94
Gyro: -2.08, -1.50, -0.72
Accel: -0.19, 0.00, -0.94
Gyro: -1.85, -1.09, -1.10
Accel: -0.19, 0.00, -0.94
Gyro: -1.76, -1.01, -1.21
Accel: -0.20, 0.00, -0.95
Gyro: -1.27, -1.11, -1.17
Accel: -0.20, 0.00, -0.94
Gyro: -1.66, -0.92, -1.05
Accel: -0.20, -0.00, -0.95
Gyro: -2.02, -1.38, -0.99
Accel: -0.20, -0.00, -0.95
Gyro: -2.40, -0.86, -0.97
Accel: -0.20, 0.01, -0.95
Gyro: -2.72, -0.82, -1.00
Accel: -0.20, 0.01, -0.95
Gyro: -2.18, -0.69, -0.54
Accel: -0.20, 0.01, -0.95
Gyro: -1.80, -0.82, 0.53
Accel: -0.20, 0.00, -0.94
Gyro: -1.82, -0.99, 0.98
Accel: -0.19, 0.05, -0.95
Gyro: -1.40, -0.95, 2.91
Accel: -0.20, 0.06, -0.94
Gyro: -0.86, -0.99, 7.25
Accel: -0.20, 0.09, -0.95
Gyro: -0.73, -0.76, 14.28
Accel: -0.20, 0.13, -0.97
Gyro: -0.96, 0.18, 24.00
Accel: -0.21, 0.27, -0.98
Gyro: -2.91, 1.78, 41.67
Accel: -0.21, 0.46, -0.98
Gyro: -0.08, 4.15, 76.23
Accel: -0.23, 0.53, -0.97
Gyro: 4.26, 7.20, 122.34
Accel: -0.28, 0.42, -0.97
Gyro: 7.11, 9.83, 163.01
Accel: -0.32, 0.23, -0.97
Gyro: 7.55, 14.47, 188.83
Accel: -0.33, 0.12, -0.97
Gyro: 0.18, 19.09, 198.53
Accel: -0.35, 0.16, -1.01
Gyro: -2.46, 23.55, 205.04
Accel: -0.36, 0.12, -1.05
Gyro: -1.82, 29.95, 211.07
Accel: -0.35, 0.11, -1.02
Gyro: -6.61, 37.06, 212.81
Accel: -0.32, 0.17, -0.96
Gyro: -4.34, 39.17, 215.94
Accel: -0.29, 0.06, -0.92
Gyro: -0.26, 39.62, 215.26
Accel: -0.23, -0.04, -0.90
Gyro: -0.14, 34.54, 201.22
Accel: -0.16, -0.10, -0.86
Gyro: -0.44, 27.95, 183.24
Accel: -0.13, -0.12, -0.89
Gyro: -1.92, 20.71, 160.24
Accel: -0.13, -0.14, -0.92
Gyro: 1.14, 15.91, 136.02
Accel: -0.11, -0.12, -0.96
Gyro: 3.68, 15.74, 113.11
Accel: -0.07, -0.18, -0.94
Gyro: 4.92, 14.57, 91.16
Accel: -0.03, -0.14, -0.92
Gyro: 1.69, 9.04, 69.27
Accel: -0.02, -0.09, -0.95
Gyro: 1.59, 4.04, 51.26
Accel: -0.02, -0.04, -0.96
Gyro: 0.50, 2.82, 38.07
Accel: 0.01, -0.03, -0.93
Gyro: 3.35, 0.98, 28.24
Accel: 0.02, -0.04, -0.91
Gyro: 2.55, -4.33, 17.54
Accel: -0.01, 0.05, -0.93
Gyro: -0.78, -8.09, 10.83
Accel: -0.01, 0.05, -0.95
Gyro: -0.58, -7.86, 9.64
Accel: 0.00, 0.02, -0.95
Gyro: -3.90, -8.55, 5.25
Accel: -0.02, 0.03, -0.95
Gyro: -5.63, -8.45, 0.12
Accel: -0.02, 0.05, -0.95
Gyro: -8.25, -7.26, -4.22
Accel: -0.02, 0.05, -0.96
Gyro: -5.72, -7.06, -8.06
Accel: -0.02, 0.03, -0.96
Gyro: -4.06, -6.63, -12.44
Accel: -0.02, 0.01, -0.94
Gyro: -3.11, -8.44, -19.76
Accel: -0.03, -0.07, -0.95
Gyro: -1.77, -10.02, -32.75
Accel: -0.04, -0.08, -0.94
Gyro: -0.19, -11.64, -50.32
Accel: -0.05, -0.18, -0.93
Gyro: 6.18, -16.43, -71.56
Accel: -0.08, -0.27, -0.94
Gyro: 4.50, -20.97, -101.52
Accel: -0.12, -0.36, -0.91
Gyro: 4.65, -27.97, -138.86
Accel: -0.23, -0.34, -0.88
Gyro: 5.58, -34.29, -178.91
Accel: -0.33, -0.31, -1.04
Gyro: 11.44, -35.61, -219.05
Accel: -0.37, -0.14, -1.06
Gyro: 12.73, -26.53, -242.26
Accel: -0.35, -0.18, -0.97
Gyro: 17.44, -25.96, -250.00
Accel: -0.40, -0.05, -0.91
Gyro: 7.39, -30.80, -250.00
Accel: -0.38, 0.42, -0.92
Gyro: 17.12, -33.65, -250.00
Accel: -0.32, 0.29, -0.99
Gyro: 24.31, -35.97, -218.56
Accel: -0.31, 0.10, -0.98
Gyro: 16.42, -33.97, -198.47
Accel: -0.31, 0.10, -0.98
Gyro: 5.30, -32.95, -185.34
Accel: -0.30, 0.28, -1.00
Gyro: 1.97, -27.47, -162.77
Accel: -0.28, 0.17, -0.98
Gyro: 4.73, -21.20, -134.97
Accel: -0.25, 0.04, -0.96
Gyro: -2.71, -17.02, -117.66
Accel: -0.22, 0.04, -0.92
Gyro: -11.57, -16.47, -105.78
Accel: -0.20, 0.08, -0.90
Gyro: -19.39, -18.14, -93.54
Accel: -0.22, 0.07, -0.91
Gyro: -20.77, -18.47, -74.01
Accel: -0.22, 0.10, -0.96
Gyro: -25.51, -17.82, -61.02
Accel: -0.23, 0.13, -0.97
Gyro: -18.64, -15.16, -43.83
Accel: -0.25, 0.08, -0.99
Gyro: -19.08, -10.57, -30.05
Accel: -0.25, 0.05, -0.97
Gyro: -19.22, -7.27, -20.13
Accel: -0.24, 0.03, -0.98
Gyro: -20.30, -4.12, -12.46
Accel: -0.24, 0.04, -0.97
Gyro: -18.71, -3.20, -7.16
Accel: -0.24, 0.03, -0.96
Gyro: -17.32, -2.57, -1.83
Accel: -0.24, 0.02, -0.97
Gyro: -14.63, -1.41, 2.05
Accel: -0.23, 0.01, -0.96
Gyro: -11.52, -0.20, 4.88
Accel: -0.22, 0.01, -0.96
Gyro: -9.51, -0.11, 6.77
Accel: -0.22, -0.00, -0.95
Gyro: -6.80, -0.71, 7.13
Accel: -0.21, 0.01, -0.93
Gyro: -4.49, -1.30, 8.06
Accel: -0.21, -0.01, -0.93
Gyro: -0.21, -1.59, 8.64
Accel: -0.21, -0.02, -0.94
Gyro: -1.59, -1.21, 7.16
Accel: -0.20, -0.04, -0.92
Gyro: -1.36, -1.79, 5.79
Accel: -0.21, -0.03, -0.93
Gyro: -3.13, -1.65, 4.57
Accel: -0.21, -0.01, -0.94
Gyro: -4.59, -1.34, 4.06
Accel: -0.22, -0.01, -0.95
Gyro: -4.23, -1.36, 4.33
Accel: -0.23, -0.02, -0.95
Gyro: -4.52, -0.55, 3.56
Accel: -0.23, 0.01, -0.95
Gyro: -5.97, 0.24, 3.41
Accel: -0.23, 0.02, -0.95
Gyro: -3.75, 0.64, 5.49
Accel: -0.23, 0.01, -0.97
Gyro: -1.87, 2.27, 7.74
Accel: -0.23, -0.02, -0.94
Gyro: -2.17, 4.17, 8.01
Accel: -0.21, -0.02, -0.93
Gyro: -3.59, 3.14, 6.95
Accel: -0.21, -0.01, -0.94
Gyro: -3.40, 1.80, 6.04
Accel: -0.22, -0.01, -0.96
Gyro: -1.72, 1.62, 5.78
Accel: -0.22, -0.02, -0.96
Gyro: -1.49, 1.56, 4.91
Accel: -0.23, 0.01, -0.99
Gyro: -0.69, 3.46, 4.75
Accel: -0.22, 0.01, -0.96
Gyro: -1.03, 6.05, 6.56
Accel: -0.24, -0.00, -0.93
Gyro: -1.30, 6.17, 7.33
Accel: -0.24, -0.01, -0.99
Gyro: -4.01, 8.29, 6.67
Accel: -0.23, -0.01, -0.97
Gyro: -4.16, 11.08, 6.80
Accel: -0.21, 0.00, -0.95
Gyro: -2.33, 11.40, 7.37
Accel: -0.19, -0.01, -0.93
Gyro: -2.09, 10.61, 6.85
Accel: -0.18, -0.02, -0.92
Gyro: -1.99, 8.03, 5.02
Accel: -0.17, -0.02, -0.93
Gyro: -1.59, 6.53, 2.80
Accel: -0.16, -0.02, -0.95
Gyro: -2.05, 5.61, 0.94
Accel: -0.16, 0.01, -0.93
Gyro: -1.19, 5.21, 0.53
Accel: -0.16, -0.01, -0.92
Gyro: 1.10, 3.85, 1.11
Accel: -0.16, -0.03, -0.92
Gyro: 1.08, 2.16, 0.43
Accel: -0.15, -0.02, -0.91
Gyro: -0.73, -0.40, -0.72
Accel: -0.15, -0.01, -0.91
Gyro: -2.01, -2.66, -1.39
Accel: -0.16, -0.01, -0.94
Gyro: -2.64, -4.09, -1.12
Accel: -0.17, -0.01, -0.94
Gyro: -3.20, -4.04, -0.70
Accel: -0.17, 0.00, -0.94
Gyro: -3.54, -4.17, -0.48
Accel: -0.17, 0.01, -0.95
Gyro: -3.15, -4.42, 0.64
Accel: -0.18, 0.01, -0.96
Gyro: -3.67, -4.07, 1.67
Accel: -0.19, 0.01, -0.96
Gyro: -4.24, -3.57, 3.65
Accel: -0.19, 0.03, -0.95
Gyro: -4.95, -3.65, 5.22
Accel: -0.19, 0.03, -0.93
Gyro: -4.52, -5.39, 7.42
Accel: -0.19, 0.01, -0.94
Gyro: -3.77, -7.97, 8.34
Accel: -0.22, 0.00, -0.98
Gyro: -3.78, -5.97, 7.11
Accel: -0.23, 0.01, -1.00
Gyro: -3.51, -1.83, 6.44
Accel: -0.21, 0.00, -0.96
Gyro: -1.78, 1.01, 5.52
Accel: -0.20, -0.01, -0.94
Gyro: -1.21, 1.99, 3.97
Accel: -0.20, -0.01, -0.95
Gyro: -1.10, 1.70, 2.39
Accel: -0.19, 0.01, -0.94
Gyro: -0.60, 1.74, 1.56
Accel: -0.18, -0.01, -0.94
Gyro: -0.29, 1.82, 1.97
Accel: -0.17, -0.01, -0.92
Gyro: -1.42, 1.01, 0.76
Accel: -0.18, -0.00, -0.93
Gyro: -1.87, 0.02, 0.45
Accel: -0.18, 0.00, -0.93
Gyro: -0.98, -0.41, 0.34
Accel: -0.18, 0.00, -0.94
Gyro: -1.27, -1.15, -0.37
Accel: -0.19, -0.01, -0.94
Gyro: -1.96, -1.56, -1.55
Accel: -0.18, -0.00, -0.95
Gyro: -2.65, -1.74, -2.50
Accel: -0.19, 0.00, -0.94
Gyro: -2.98, -1.78, -3.04
Accel: -0.20, 0.01, -0.95
Gyro: -2.90, -2.11, -3.08
Accel: -0.20, 0.01, -0.95
Gyro: -3.15, -1.56, -3.04
