Accel: -0.20, -0.03, -0.91
Gyro: -2.79, 5.89, -1.17
Accel: -0.20, -0.02, -0.92
Gyro: -3.28, 4.37, -1.75
Accel: -0.20, -0.01, -0.93
Gyro: -3.09, 3.11, -1.85
Accel: -0.21, -0.00, -0.93
Gyro: -2.59, 1.97, -1.79
Accel: -0.22, 0.00, -0.95
Gyro: -2.88, 2.55, -1.42
Accel: -0.22, 0.02, -0.96
Gyro: -1.30, 3.62, -0.05
Accel: -0.22, 0.01, -0.97
Gyro: -0.09, 5.03, 1.56
Accel: -0.20, 0.01, -0.95
Gyro: -0.43, 6.41, 2.04
Accel: -0.21, -0.00, -0.95
Gyro: -0.27, 6.40, 2.51
Accel: -0.21, -0.01, -0.96
Gyro: -0.72, 7.61, 2.51
Accel: -0.20, -0.02, -0.95
Gyro: -0.66, 7.74, 2.20
Accel: -0.20, -0.01, -0.95
Gyro: -1.27, 7.87, 1.03
Accel: -0.20, -0.01, -0.95
Gyro: -0.67, 9.12, -0.18
Accel: -0.18, -0.02, -0.91
Gyro: 0.10, 7.34, -1.22
Accel: -0.17, -0.02, -0.91
Gyro: 0.40, 4.89, -2.08
Accel: -0.17, -0.01, -0.92
Gyro: 0.34, 1.43, -2.96
Accel: -0.18, -0.00, -0.94
Gyro: 0.25, -0.44, -2.35
Accel: -0.19, -0.00, -0.96
Gyro: -0.72, 0.89, -1.84
Accel: -0.19, -0.01, -0.97
Gyro: -1.37, 2.36, -0.85
Accel: -0.19, -0.02, -0.95
Gyro: -1.82, 3.52, -0.67
Accel: -0.18, -0.01, -0.95
Gyro: -2.17, 3.43, -0.57
Accel: -0.17, -0.01, -0.95
Gyro: -1.97, 2.76, -0.50
Accel: -0.18, -0.00, -0.95
Gyro: -2.17, 2.82, -0.85
Accel: -0.17, -0.01, -0.94
Gyro: -1.48, 2.31, -0.89
Accel: -0.17, -0.01, -0.95
Gyro: -1.88, 1.64, -1.18
Accel: -0.17, -0.01, -0.95
Gyro: -1.82, 0.47, -1.27
Accel: -0.18, -0.02, -0.95
Gyro: -1.75, 0.92, -1.23
Accel: -0.19, -0.03, -0.95
Gyro: -2.88, 1.87, -2.04
Accel: -0.19, -0.00, -0.97
Gyro: -5.17, 3.27, -3.49
Accel: -0.18, 0.02, -0.97
Gyro: -3.98, 4.76, -1.12
Accel: -0.18, -0.01, -0.97
Gyro: -3.14, 4.83, 0.62
Accel: -0.18, -0.01, -0.97
Gyro: -3.88, 5.26, 0.00
Accel: -0.16, -0.00, -0.95
Gyro: -3.61, 5.01, -0.12
Accel: -0.16, 0.01, -0.96
Gyro: -2.32, 4.42, -0.41
Accel: -0.16, -0.01, -0.95
Gyro: -1.93, 4.31, -0.63
Accel: -0.15, -0.01, -0.94
Gyro: -1.30, 4.26, -0.54
Accel: -0.15, -0.01, -0.94
Gyro: -1.33, 3.53, -0.54
Accel: -0.15, -0.02, -0.94
Gyro: -2.14, 3.38, -1.08
Accel: -0.14, -0.01, -0.95
Gyro: -2.47, 3.14, -2.36
Accel: -0.14, -0.00, -0.93
Gyro: -1.27, 2.32, -2.44
Accel: -0.15, 0.00, -0.94
Gyro: -0.83, 1.46, -2.14
Accel: -0.14, 0.01, -0.95
Gyro: -0.95, 0.66, -1.52
Accel: -0.15, -0.00, -0.95
Gyro: -1.13, 0.55, -0.60
Accel: -0.15, -0.00, -0.96
Gyro: -1.63, 0.57, -0.26
Accel: -0.15, -0.00, -0.96
Gyro: -2.31, 0.31, -0.43
Accel: -0.15, -0.00, -0.96
Gyro: -2.69, 0.43, -0.15
Accel: -0.16, -0.00, -0.96
Gyro: -2.40, 1.13, 0.31
Accel: -0.15, 0.00, -0.96
Gyro: -2.07, 1.69, 0.61
Accel: -0.16, -0.01, -0.95
Gyro: -2.02, 1.39, 0.72
Accel: -0.15, -0.01, -0.96
Gyro: -2.37, 1.50, 0.60
Accel: -0.14, -0.01, -0.95
Gyro: -2.37, 1.53, 0.53
Accel: -0.14, 0.00, -0.96
Gyro: -2.20, 0.92, 0.74
Accel: -0.14, -0.01, -0.96
Gyro: -2.29, 0.64, 0.62
Accel: -0.14, -0.00, -0.95
Gyro: -2.75, 0.56, 0.05
Accel: -0.15, -0.00, -0.96
Gyro: -2.66, 0.71, 0.04
Accel: -0.15, 0.02, -0.95
Gyro: -2.32, 1.09, 0.58
Accel: -0.14, 0.00, -0.95
Gyro: -1.79, 1.11, 0.88
Accel: -0.14, -0.00, -0.95
Gyro: -1.63, 1.11, 1.05
Accel: -0.14, 0.01, -0.96
Gyro: -1.57, 0.43, 0.95
Accel: -0.15, -0.00, -0.96
Gyro: -1.66, 0.89, 1.56
Accel: -0.14, 0.02, -0.96
Gyro: -1.66, 0.85, 2.24
Accel: -0.14, 0.04, -0.97
Gyro: -0.76, 1.69, 4.32
Accel: -0.15, 0.06, -0.97
Gyro: -1.86, 3.27, 8.83
Accel: -0.15, 0.08, -0.98
Gyro: -3.40, 4.61, 16.20
Accel: -0.15, 0.09, -0.99
Gyro: -3.98, 6.11, 24.17
Accel: -0.16, 0.06, -1.02
Gyro: -5.00, 8.12, 30.10
Accel: -0.17, 0.10, -1.04
Gyro: -5.84, 12.39, 36.05
Accel: -0.17, 0.10, -1.13
Gyro: -6.23, 21.19, 43.89
Accel: -0.19, 0.15, -1.13
Gyro: -9.10, 37.23, 54.79
Accel: -0.14, 0.28, -0.97
Gyro: -5.73, 38.34, 71.12
Accel: -0.16, 0.48, -0.97
Gyro: -2.38, 38.33, 102.85
Accel: -0.15, 0.51, -0.95
Gyro: 1.09, 36.93, 144.85
Accel: -0.19, 0.43, -0.93
Gyro: -0.11, 35.93, 183.24
Accel: -0.23, 0.45, -0.95
Gyro: -3.47, 34.87, 216.58
Accel: -0.26, 0.38, -0.93
Gyro: -4.98, 35.80, 249.68
Accel: -0.29, 0.22, -0.96
Gyro: -8.87, 38.25, 249.99
Accel: -0.27, 0.07, -0.91
Gyro: -13.37, 38.14, 249.99
Accel: -0.20, -0.15, -0.89
Gyro: -15.08, 32.49, 249.99
Accel: -0.12, -0.34, -0.83
Gyro: -20.87, 23.28, 240.17
Accel: -0.07, -0.31, -0.86
Gyro: -20.09, 9.71, 204.32
Accel: -0.04, -0.31, -0.90
Gyro: -14.89, 3.91, 170.12
Accel: -0.01, -0.36, -0.88
Gyro: -5.65, -1.98, 131.47
Accel: 0.01, -0.36, -0.91
Gyro: 4.31, -7.23, 92.83
Accel: 0.01, -0.29, -0.94
Gyro: 8.10, -9.82, 59.11
Accel: 0.00, -0.23, -0.98
Gyro: 5.29, -8.58, 34.85
Accel: 0.01, -0.17, -0.96
Gyro: 5.78, -7.03, 18.75
Accel: 0.01, -0.12, -0.95
Gyro: 7.40, -9.26, 8.31
Accel: -0.00, -0.08, -1.00
Gyro: 5.05, -7.83, 1.79
Accel: 0.00, -0.07, -1.00
Gyro: 2.42, -4.53, -2.58
Accel: 0.03, -0.09, -0.96
Gyro: 0.46, -4.99, -7.35
Accel: 0.03, -0.08, -0.95
Gyro: -2.66, -7.79, -13.92
Accel: 0.01, -0.07, -0.98
Gyro: -5.86, -7.93, -19.80
Accel: -0.01, -0.04, -1.00
Gyro: -6.96, -3.93, -26.19
Accel: -0.01, -0.03, -0.97
Gyro: -3.91, -2.93, -32.57
Accel: -0.01, -0.11, -0.97
Gyro: -0.45, -3.29, -42.88
Accel: -0.03, -0.19, -1.01
Gyro: 0.56, -2.12, -63.44
Accel: -0.05, -0.18, -1.02
Gyro: 3.13, -0.25, -89.45
Accel: -0.06, -0.12, -0.98
Gyro: 12.21, 2.32, -108.30
Accel: -0.04, -0.20, -0.96
Gyro: 19.68, -3.85, -128.72
Accel: -0.09, -0.31, -1.01
Gyro: 17.68, -8.07, -157.42
Accel: -0.13, -0.15, -1.04
Gyro: 13.07, -5.33, -179.96
Accel: -0.15, -0.09, -0.99
Gyro: 18.52, -4.93, -188.28
Accel: -0.18, -0.13, -1.02
Gyro: 15.72, -2.40, -196.20
Accel: -0.18, -0.12, -1.00
Gyro: 12.11, 0.68, -204.77
Accel: -0.17, 0.00, -1.00
Gyro: 7.15, 4.96, -204.61
Accel: -0.12, 0.11, -0.97
Gyro: 2.09, 9.66, -196.66
Accel: -0.07, 0.14, -0.87
Gyro: 4.78, 5.58, -184.84
Accel: -0.05, 0.27, -0.92
Gyro: 6.01, 3.48, -167.37
Accel: -0.01, 0.22, -0.91
Gyro: 6.50, 1.28, -146.63
Accel: 0.00, 0.21, -0.92
Gyro: 4.48, -1.77, -128.98
Accel: 0.03, 0.22, -0.95
Gyro: 7.31, -5.18, -111.85
Accel: 0.01, 0.20, -0.98
Gyro: 2.33, -4.62, -96.20
Accel: 0.02, 0.22, -0.98
Gyro: -3.28, 0.13, -75.67
Accel: 0.02, 0.19, -0.97
Gyro: -2.59, 0.69, -58.90
Accel: 0.02, 0.13, -0.97
Gyro: -4.72, 0.08, -46.39
Accel: 0.03, 0.11, -0.98
Gyro: -10.97, 2.08, -36.90
Accel: 0.04, 0.11, -0.96
Gyro: -11.76, 2.53, -29.47
Accel: 0.03, 0.08, -0.96
Gyro: -8.51, 0.19, -24.46
Accel: 0.05, 0.09, -0.97
Gyro: -7.00, -1.37, -19.10
Accel: 0.05, 0.08, -0.96
Gyro: -6.52, -0.75, -13.31
Accel: 0.02, 0.05, -0.97
Gyro: -5.21, -0.14, -8.13
Accel: 0.03, 0.03, -0.99
Gyro: -2.89, 1.95, -7.16
Accel: 0.03, 0.04, -0.99
Gyro: -1.33, 4.34, -5.84
Accel: 0.04, 0.04, -0.98
Gyro: 1.25, 4.06, -3.67
Accel: 0.04, 0.01, -0.95
Gyro: 1.76, 3.80, -3.27
Accel: 0.04, 0.02, -0.95
Gyro: 4.28, 2.94, -3.46
Accel: 0.04, 0.02, -0.98
Gyro: 2.49, 2.98, -3.44
Accel: 0.05, 0.01, -0.97
Gyro: 1.37, 2.94, -3.13
Accel: 0.05, 0.02, -0.97
Gyro: -0.63, 2.11, -3.52
Accel: 0.06, 0.04, -0.95
Gyro: -1.60, 1.69, -2.05
Accel: 0.06, 0.04, -0.94
Gyro: -3.11, -0.05, 0.72
Accel: 0.06, 0.04, -0.95
Gyro: -4.57, -1.25, 2.51
Accel: 0.07, 0.04, -0.96
Gyro: -4.54, -2.40, 3.84
Accel: 0.05, 0.03, -0.97
Gyro: -4.49, -2.74, 4.44
Accel: 0.04, 0.02, -0.95
Gyro: -3.80, -2.30, 5.30
Accel: 0.05, 0.02, -0.96
Gyro: -2.99, -3.72, 5.81
Accel: 0.05, 0.00, -0.94
Gyro: -2.11, -4.49, 5.27
Accel: 0.03, -0.01, -0.98
Gyro: -0.92, -4.54, 4.00
Accel: 0.04, 0.01, -0.98
Gyro: 0.40, -3.44, 2.98
Accel: 0.04, 0.04, -0.97
Gyro: 2.46, -2.93, 3.81
Accel: 0.04, 0.01, -0.95
Gyro: 3.84, -3.52, 5.02
Accel: 0.04, -0.01, -0.94
Gyro: 4.19, -5.07, 4.44
Accel: 0.05, -0.02, -0.95
Gyro: 2.16, -5.87, 3.17
Accel: 0.05, -0.02, -0.96
Gyro: 0.56, -6.45, 2.06
Accel: 0.04, -0.00, -0.95
Gyro: -0.22, -7.03, 1.30
Accel: 0.05, -0.01, -0.93
Gyro: -0.17, -8.51, 1.42
Accel: 0.04, -0.02, -0.94
Gyro: -1.06, -10.29, 0.88
Accel: 0.04, -0.02, -0.95
Gyro: -2.69, -11.06, -0.52
Accel: 0.02, -0.01, -0.93
Gyro: -2.92, -13.21, -1.24
Accel: 0.01, -0.00, -0.97
Gyro: -2.74, -13.73, -1.61
Accel: -0.01, 0.00, -0.98
Gyro: -2.21, -11.65, -1.51
