Accel: -0.03, 0.08, -0.96
Gyro: -1.04, 1.80, -2.58
Accel: -0.03, 0.05, -0.96
Gyro: 0.37, 1.24, -0.27
Accel: -0.03, 0.03, -0.96
Gyro: 0.62, 0.03, 0.27
Accel: -0.03, 0.05, -0.98
Gyro: 1.57, -0.20, 1.30
Accel: -0.03, 0.03, -0.95
Gyro: 2.56, -0.73, 2.92
Accel: -0.03, 0.02, -0.96
Gyro: 1.97, -1.59, 3.67
Accel: -0.04, 0.01, -0.96
Gyro: 1.35, -2.08, 3.49
Accel: -0.04, 0.02, -0.96
Gyro: 1.54, -2.30, 4.10
Accel: -0.03, 0.02, -0.97
Gyro: 0.18, -2.53, 5.20
Accel: -0.04, 0.01, -0.95
Gyro: -0.77, -3.17, 5.76
Accel: -0.05, -0.01, -0.96
Gyro: -2.04, -4.14, 5.02
Accel: -0.04, 0.00, -0.98
Gyro: -4.27, -3.39, 3.51
Accel: -0.06, 0.04, -0.97
Gyro: -3.47, -2.66, 3.60
Accel: -0.05, 0.04, -0.97
Gyro: -2.12, -1.98, 5.28
Accel: -0.05, 0.01, -0.97
Gyro: -0.59, -2.04, 5.31
Accel: -0.05, -0.00, -0.96
Gyro: -0.95, -1.96, 4.12
Accel: -0.06, 0.01, -0.98
Gyro: -0.63, -1.67, 2.82
Accel: -0.05, 0.03, -0.99
Gyro: 0.70, -1.11, 2.69
Accel: -0.05, 0.01, -0.96
Gyro: 1.27, -0.92, 2.56
Accel: -0.04, 0.00, -0.96
Gyro: 1.12, -0.92, 1.62
Accel: -0.04, 0.01, -0.95
Gyro: 1.04, -0.82, 1.35
Accel: -0.05, 0.01, -0.98
Gyro: 1.21, -0.93, 1.39
Accel: -0.04, -0.00, -0.96
Gyro: 1.26, -0.71, 1.52
Accel: -0.05, -0.01, -0.96
Gyro: -0.17, -1.47, 1.05
Accel: -0.05, -0.01, -0.95
Gyro: -1.30, -2.20, 0.94
Accel: -0.06, -0.02, -0.97
Gyro: -2.73, -2.57, 0.18
Accel: -0.05, -0.00, -0.96
Gyro: -3.85, -2.11, 0.09
Accel: -0.06, 0.00, -0.96
Gyro: -3.76, -1.98, 0.05
Accel: -0.06, 0.01, -0.97
Gyro: -3.83, -1.99, -0.23
Accel: -0.06, 0.00, -0.98
Gyro: -3.44, -1.50, -1.12
Accel: -0.06, 0.01, -0.97
Gyro: -2.29, -0.97, -1.84
Accel: -0.06, 0.00, -0.97
Gyro: -1.32, -1.03, -1.67
Accel: -0.06, 0.02, -0.98
Gyro: -1.37, -0.74, -1.42
Accel: -0.06, 0.02, -0.98
Gyro: -1.81, 0.11, -0.51
Accel: -0.07, 0.02, -0.98
Gyro: -1.55, 0.95, -0.20
Accel: -0.06, 0.02, -0.95
Gyro: -1.75, 0.73, 0.01
Accel: -0.05, 0.03, -0.97
Gyro: -2.04, 1.07, 0.35
Accel: -0.06, 0.04, -0.97
Gyro: -0.54, 1.54, 2.23
Accel: -0.05, 0.03, -0.97
Gyro: 0.37, 1.32, 3.32
Accel: -0.06, 0.01, -0.96
Gyro: -0.24, 0.94, 3.17
Accel: -0.05, 0.02, -0.96
Gyro: -0.46, 0.29, 2.33
Accel: -0.05, 0.03, -0.96
Gyro: 0.43, 0.41, 3.01
Accel: -0.05, 0.00, -0.97
Gyro: 0.53, 0.43, 2.54
Accel: -0.06, -0.00, -0.97
Gyro: 0.54, 0.74, 1.53
Accel: -0.04, 0.00, -0.96
Gyro: 0.46, 1.26, 0.85
Accel: -0.04, -0.01, -0.97
Gyro: -0.11, 1.07, 0.04
Accel: -0.04, 0.01, -0.96
Gyro: -0.63, 0.82, -0.65
Accel: -0.03, 0.01, -0.96
Gyro: -0.50, -0.18, -0.68
Accel: -0.04, -0.00, -0.95
Gyro: -0.06, -0.83, -0.50
Accel: -0.04, -0.02, -0.96
Gyro: -1.29, -0.98, -1.75
Accel: -0.04, 0.02, -0.97
Gyro: -1.17, -0.49, -2.27
Accel: -0.04, 0.01, -0.97
Gyro: -0.06, -0.55, -1.49
Accel: -0.04, -0.01, -0.96
Gyro: -0.69, -1.24, -1.39
Accel: -0.04, -0.02, -0.97
Gyro: -2.03, -1.74, -2.27
Accel: -0.06, 0.00, -0.98
Gyro: -2.85, -1.30, -2.85
Accel: -0.05, 0.01, -0.97
Gyro: -2.59, -0.16, -2.65
Accel: -0.06, 0.01, -0.97
Gyro: -1.56, 0.18, -2.39
Accel: -0.05, -0.00, -0.96
Gyro: -2.11, -0.07, -3.16
Accel: -0.04, 0.00, -0.96
Gyro: -2.01, -0.31, -3.49
Accel: -0.04, 0.01, -0.97
Gyro: -1.36, -0.66, -3.49
Accel: -0.04, 0.00, -0.97
Gyro: -0.80, -1.05, -2.62
Accel: -0.04, 0.00, -0.96
Gyro: -1.35, -0.77, -2.53
Accel: -0.05, 0.00, -0.97
Gyro: -1.98, -0.17, -1.98
Accel: -0.05, 0.01, -0.97
Gyro: -1.82, 0.10, -1.22
Accel: -0.04, 0.00, -0.96
Gyro: -1.69, 0.04, -1.09
Accel: -0.04, 0.01, -0.96
Gyro: -1.72, -0.01, -0.62
Accel: -0.05, 0.00, -0.96
Gyro: -1.86, -0.57, -0.72
Accel: -0.05, 0.00, -0.97
Gyro: -1.94, -0.71, -1.28
Accel: -0.05, 0.01, -0.96
Gyro: -1.52, -0.74, -1.72
Accel: -0.05, 0.00, -0.97
Gyro: -1.54, -0.43, -1.46
Accel: -0.05, 0.01, -0.98
Gyro: -1.55, -0.39, -1.26
Accel: -0.05, 0.00, -0.96
Gyro: -1.48, -0.72, -1.15
Accel: -0.04, 0.00, -0.97
Gyro: -1.65, -0.94, -1.18
Accel: -0.05, -0.00, -0.96
Gyro: -0.99, -0.80, -1.21
Accel: -0.05, -0.00, -0.97
Gyro: -2.24, -0.89, -1.74
Accel: -0.05, 0.01, -0.97
Gyro: -3.26, -0.95, -2.03
Accel: -0.04, 0.02, -0.96
Gyro: -1.89, -1.12, -0.86
Accel: -0.04, -0.00, -0.96
Gyro: -1.73, -1.66, -1.28
Accel: -0.05, 0.00, -0.96
Gyro: -2.13, -2.14, -2.45
Accel: -0.05, 0.01, -0.97
Gyro: -2.27, -1.90, -2.33
Accel: -0.05, 0.03, -0.96
Gyro: -1.40, -1.11, -1.44
Accel: -0.05, 0.02, -0.97
Gyro: -1.32, -0.85, -0.63
Accel: -0.05, 0.01, -0.96
Gyro: -1.17, -0.58, -0.26
Accel: -0.04, 0.00, -0.97
Gyro: -1.39, -0.82, -0.39
Accel: -0.04, 0.00, -0.96
Gyro: -1.37, -1.15, -1.12
Accel: -0.05, 0.01, -0.97
Gyro: -1.66, -1.49, -1.32
Accel: -0.04, 0.01, -0.96
Gyro: -0.64, -1.34, -0.72
Accel: -0.05, 0.01, -0.98
Gyro: -1.91, -1.46, -0.53
Accel: -0.05, 0.02, -0.97
Gyro: -1.73, -0.90, 0.46
Accel: -0.04, 0.00, -0.96
Gyro: -1.11, -1.75, 1.50
Accel: -0.04, -0.00, -0.96
Gyro: -1.58, -1.59, 0.91
Accel: -0.05, -0.00, -0.97
Gyro: -2.27, -1.66, 0.34
Accel: -0.06, 0.00, -0.97
Gyro: -2.04, -1.34, 0.16
Accel: -0.06, -0.00, -0.96
Gyro: -1.99, -1.12, -0.31
Accel: -0.05, 0.01, -0.96
Gyro: -2.13, -1.31, -1.14
Accel: -0.05, 0.00, -0.97
Gyro: -1.41, -0.82, -0.99
Accel: -0.05, 0.00, -0.97
Gyro: -1.43, -0.72, -0.99
Accel: -0.05, 0.00, -0.96
Gyro: -1.63, -0.39, -0.90
Accel: -0.05, 0.00, -0.98
Gyro: -1.32, -0.43, -0.39
Accel: -0.05, 0.01, -0.96
Gyro: -1.46, -0.54, -0.07
Accel: -0.05, 0.01, -0.97
Gyro: -1.45, -0.57, 0.61
Accel: -0.05, 0.02, -0.96
Gyro: -1.72, -0.53, 1.56
Accel: -0.05, 0.05, -0.98
Gyro: -1.32, -0.75, 3.59
Accel: -0.05, 0.10, -0.98
Gyro: -0.92, -0.59, 9.22
Accel: -0.05, 0.13, -0.97
Gyro: -1.05, -0.46, 18.62
Accel: -0.06, 0.18, -0.98
Gyro: -2.55, -0.14, 31.58
Accel: -0.05, 0.25, -0.99
Gyro: -2.51, 1.01, 49.76
Accel: -0.05, 0.31, -0.98
Gyro: 1.14, 1.56, 73.21
Accel: -0.06, 0.31, -0.95
Gyro: 1.31, 1.14, 99.72
Accel: -0.08, 0.25, -0.96
Gyro: 3.27, 0.20, 120.86
Accel: -0.13, 0.32, -1.00
Gyro: -0.13, 3.43, 141.74
Accel: -0.17, 0.37, -1.00
Gyro: 4.72, 6.29, 169.59
Accel: -0.21, 0.30, -1.02
Gyro: 6.77, 11.66, 194.95
Accel: -0.25, 0.23, -1.00
Gyro: 5.46, 17.15, 215.42
Accel: -0.28, 0.13, -0.99
Gyro: 4.86, 20.26, 227.93
Accel: -0.27, -0.06, -1.02
Gyro: 1.69, 25.25, 228.09
Accel: -0.25, -0.11, -1.00
Gyro: -1.44, 28.58, 215.91
Accel: -0.24, -0.03, -1.02
Gyro: -0.60, 32.39, 203.93
Accel: -0.22, -0.10, -1.02
Gyro: 8.96, 39.92, 197.38
Accel: -0.15, -0.28, -0.97
Gyro: 8.45, 43.31, 177.09
Accel: -0.04, -0.36, -0.90
Gyro: 3.39, 38.51, 149.28
Accel: 0.02, -0.33, -0.85
Gyro: -1.58, 27.96, 120.40
Accel: 0.04, -0.31, -0.90
Gyro: 0.28, 17.80, 94.02
Accel: 0.07, -0.29, -0.88
Gyro: 1.42, 11.34, 70.12
Accel: 0.08, -0.26, -0.90
Gyro: 2.73, 4.81, 48.40
Accel: 0.07, -0.21, -0.94
Gyro: 2.76, 1.71, 32.75
Accel: 0.08, -0.20, -0.92
Gyro: 2.68, -0.47, 21.63
Accel: 0.09, -0.18, -0.90
Gyro: 0.41, -4.81, 10.59
Accel: 0.06, -0.13, -0.91
Gyro: -0.08, -9.25, 2.27
Accel: 0.05, -0.14, -0.97
Gyro: -1.52, -9.83, -3.80
Accel: 0.04, -0.15, -0.98
Gyro: -4.49, -7.66, -10.35
Accel: 0.04, -0.17, -0.97
Gyro: -6.63, -5.84, -17.81
Accel: 0.05, -0.24, -0.95
Gyro: -8.12, -5.55, -31.03
Accel: 0.04, -0.33, -0.94
Gyro: -9.09, -8.32, -54.28
Accel: 0.02, -0.27, -0.90
Gyro: -6.18, -12.30, -79.47
Accel: -0.04, -0.35, -0.96
Gyro: 1.68, -16.09, -105.39
Accel: -0.12, -0.38, -1.11
Gyro: 6.10, -11.84, -141.72
Accel: -0.15, -0.31, -1.10
Gyro: 7.58, -2.18, -175.87
Accel: -0.12, -0.07, -0.97
Gyro: 8.71, 0.38, -188.46
Accel: -0.07, -0.12, -0.90
Gyro: 16.75, -8.35, -194.14
Accel: -0.07, -0.15, -0.84
Gyro: 11.85, -21.45, -208.55
Accel: -0.10, 0.03, -0.90
Gyro: 11.89, -30.47, -212.41
Accel: -0.12, 0.11, -0.95
Gyro: 13.27, -31.90, -203.94
Accel: -0.11, 0.07, -0.92
Gyro: 16.15, -33.03, -193.37
Accel: -0.11, 0.03, -0.93
Gyro: 15.81, -35.66, -188.05
Accel: -0.11, 0.09, -0.94
Gyro: 10.42, -34.29, -180.06
Accel: -0.12, 0.12, -0.99
Gyro: 9.38, -31.39, -166.14
Accel: -0.11, 0.12, -1.02
Gyro: 8.06, -25.85, -148.33
Accel: -0.11, 0.10, -1.04
Gyro: 7.04, -18.91, -131.81
Accel: -0.08, 0.14, -1.01
Gyro: 1.50, -14.03, -116.10
Accel: -0.06, 0.20, -0.95
Gyro: -2.87, -13.08, -93.83
