Accel: -0.34, 0.06, -0.85
Gyro: 4.26, 23.77, -14.87
Accel: -0.33, 0.03, -0.85
Gyro: 6.47, 22.13, -11.60
Accel: -0.32, -0.04, -0.86
Gyro: 9.22, 20.48, -8.13
Accel: -0.33, -0.11, -0.84
Gyro: 9.10, 16.32, -7.32
Accel: -0.35, -0.15, -0.86
Gyro: 6.63, 10.32, -9.22
Accel: -0.39, -0.16, -0.92
Gyro: 1.72, 8.39, -13.16
Accel: -0.41, -0.13, -0.94
Gyro: -3.02, 8.53, -17.65
Accel: -0.42, -0.07, -0.98
Gyro: -6.02, 13.20, -20.13
Accel: -0.40, -0.01, -0.98
Gyro: -4.39, 19.06, -19.49
Accel: -0.36, 0.01, -0.95
Gyro: -1.12, 23.41, -16.00
Accel: -0.34, -0.00, -0.93
Gyro: 3.08, 23.72, -12.63
Accel: -0.32, -0.02, -0.92
Gyro: 3.46, 24.26, -9.65
Accel: -0.30, -0.05, -0.92
Gyro: 4.26, 24.18, -7.52
Accel: -0.28, -0.04, -0.94
Gyro: 2.46, 23.83, -4.96
Accel: -0.27, -0.03, -0.94
Gyro: 0.58, 24.06, -1.40
Accel: -0.26, -0.03, -0.95
Gyro: -0.96, 24.38, 3.08
Accel: -0.25, -0.06, -0.94
Gyro: -2.88, 26.11, 6.21
Accel: -0.22, -0.07, -0.92
Gyro: -4.13, 26.64, 7.04
Accel: -0.20, -0.10, -0.92
Gyro: -5.95, 27.37, 5.41
Accel: -0.19, -0.08, -0.89
Gyro: -6.64, 27.13, 3.11
Accel: -0.16, -0.07, -0.89
Gyro: -5.26, 25.21, 1.35
Accel: -0.14, -0.06, -0.85
Gyro: -3.13, 22.69, 0.76
Accel: -0.12, -0.06, -0.85
Gyro: -0.66, 18.49, 0.72
Accel: -0.10, -0.05, -0.86
Gyro: -0.28, 14.16, 0.57
Accel: -0.11, -0.05, -0.89
Gyro: -0.34, 12.15, 1.09
Accel: -0.10, -0.06, -0.89
Gyro: -0.89, 9.90, 2.07
Accel: -0.11, -0.05, -0.89
Gyro: -2.07, 7.34, 2.91
Accel: -0.12, -0.04, -0.88
Gyro: -1.10, 3.94, 4.08
Accel: -0.14, -0.06, -0.90
Gyro: 0.28, 1.40, 5.00
Accel: -0.14, -0.06, -0.91
Gyro: 1.44, -0.85, 5.12
Accel: -0.16, -0.08, -0.94
Gyro: 1.62, -1.82, 5.05
Accel: -0.16, -0.07, -0.95
Gyro: 1.19, -2.50, 4.17
Accel: -0.17, -0.07, -0.95
Gyro: 1.46, -3.31, 3.86
Accel: -0.18, -0.07, -0.96
Gyro: 1.88, -3.47, 4.15
Accel: -0.19, -0.08, -0.95
Gyro: 2.33, -3.66, 4.49
Accel: -0.19, -0.09, -0.96
Gyro: 1.50, -2.84, 4.25
Accel: -0.19, -0.08, -0.94
Gyro: 0.43, -1.94, 3.37
Accel: -0.19, -0.08, -0.94
Gyro: 0.14, -1.24, 3.17
Accel: -0.20, -0.09, -0.95
Gyro: -0.06, -0.37, 2.75
Accel: -0.19, -0.09, -0.95
Gyro: -0.69, -0.11, 1.79
Accel: -0.18, -0.08, -0.95
Gyro: -1.82, 0.53, 0.85
Accel: -0.19, -0.08, -0.93
Gyro: -2.11, 0.69, -0.09
Accel: -0.19, -0.07, -0.94
Gyro: -1.89, 0.28, -0.60
Accel: -0.18, -0.07, -0.93
Gyro: -1.85, -0.75, -1.11
Accel: -0.18, -0.07, -0.95
Gyro: -1.88, -1.11, -1.11
Accel: -0.19, -0.06, -0.97
Gyro: -1.98, -0.89, -1.02
Accel: -0.19, -0.06, -0.96
Gyro: -2.09, 0.00, -0.66
Accel: -0.19, -0.06, -0.95
Gyro: -2.41, 0.51, -0.44
Accel: -0.18, -0.07, -0.95
Gyro: -2.88, 0.47, -0.05
Accel: -0.17, -0.07, -0.94
Gyro: -3.40, 0.13, -0.45
Accel: -0.17, -0.07, -0.95
Gyro: -3.58, -0.02, -1.01
Accel: -0.16, -0.06, -0.93
Gyro: -3.61, -0.03, -1.55
Accel: -0.16, -0.06, -0.93
Gyro: -3.43, -0.56, -1.82
Accel: -0.16, -0.05, -0.92
Gyro: -3.30, -1.55, -1.80
Accel: -0.16, -0.05, -0.94
Gyro: -3.81, -2.88, -1.59
Accel: -0.17, -0.05, -0.95
Gyro: -3.68, -3.11, -1.39
Accel: -0.16, -0.07, -0.93
Gyro: -4.20, -4.41, -1.39
Accel: -0.17, -0.06, -0.95
Gyro: -5.42, -5.59, -1.61
Accel: -0.18, -0.04, -0.95
Gyro: -5.51, -5.81, -1.02
Accel: -0.21, -0.04, -0.97
Gyro: -4.30, -4.91, -0.16
Accel: -0.21, -0.06, -0.98
Gyro: -4.33, -2.96, -0.18
Accel: -0.21, -0.06, -0.96
Gyro: -4.68, -1.87, -0.71
Accel: -0.20, -0.04, -0.95
Gyro: -4.18, -1.25, -0.78
Accel: -0.20, -0.05, -0.96
Gyro: -3.78, -1.68, -0.62
Accel: -0.20, -0.05, -0.95
Gyro: -4.14, -1.19, -0.92
Accel: -0.18, -0.05, -0.92
Gyro: -3.80, -1.36, -1.54
Accel: -0.19, -0.03, -0.94
Gyro: -3.36, -2.01, -1.56
Accel: -0.18, -0.03, -0.93
Gyro: -2.58, -2.24, -1.35
Accel: -0.18, -0.04, -0.92
Gyro: -1.67, -3.69, -1.58
Accel: -0.19, -0.04, -0.93
Gyro: -1.08, -4.39, -1.69
Accel: -0.20, -0.04, -0.96
Gyro: -0.91, -4.12, -1.45
Accel: -0.19, -0.04, -0.96
Gyro: -0.02, -3.83, -0.21
Accel: -0.20, -0.06, -0.95
Gyro: -0.73, -3.20, -0.02
Accel: -0.20, -0.06, -0.95
Gyro: -2.11, -2.24, -0.65
Accel: -0.21, -0.06, -0.94
Gyro: -3.17, -1.40, -1.27
Accel: -0.20, -0.05, -0.93
Gyro: -3.43, -1.53, -1.68
Accel: -0.20, -0.05, -0.94
Gyro: -3.23, -2.08, -2.16
Accel: -0.21, -0.03, -0.95
Gyro: -3.56, -1.62, -2.49
Accel: -0.20, -0.03, -0.95
Gyro: -2.84, -1.85, -2.26
Accel: -0.21, -0.03, -0.95
Gyro: -2.55, -1.97, -1.69
Accel: -0.21, -0.04, -0.95
Gyro: -2.35, -2.07, -1.21
Accel: -0.21, -0.03, -0.94
Gyro: -2.98, -2.02, -0.72
Accel: -0.21, -0.04, -0.95
Gyro: -3.04, -1.96, -0.49
Accel: -0.21, -0.04, -0.95
Gyro: -3.18, -1.53, -0.43
Accel: -0.22, -0.04, -0.95
Gyro: -2.58, -1.73, -0.41
Accel: -0.22, -0.03, -0.94
Gyro: -2.21, -1.34, -0.66
Accel: -0.22, -0.04, -0.95
Gyro: -1.62, -1.30, -0.75
Accel: -0.21, -0.03, -0.95
Gyro: -2.11, -1.05, -0.96
Accel: -0.21, -0.04, -0.94
Gyro: -1.56, -1.28, -1.01
Accel: -0.22, -0.05, -0.94
Gyro: -2.14, -0.88, -1.53
Accel: -0.22, -0.04, -0.95
Gyro: -2.91, -0.11, -1.96
Accel: -0.21, -0.02, -0.94
Gyro: -1.15, -0.16, -1.46
Accel: -0.21, -0.04, -0.94
Gyro: 0.34, -1.19, -0.95
Accel: -0.21, -0.05, -0.93
Gyro: -0.37, -2.24, -1.59
Accel: -0.22, -0.05, -0.95
Gyro: -1.56, -1.97, -1.95
Accel: -0.23, -0.04, -0.95
Gyro: -1.49, -1.46, -2.00
Accel: -0.21, -0.05, -0.95
Gyro: -1.32, -0.96, -1.63
Accel: -0.22, -0.04, -0.95
Gyro: -1.69, -0.78, -1.80
Accel: -0.20, -0.03, -0.94
Gyro: -1.10, -0.63, -1.63
Accel: -0.20, -0.01, -0.94
Gyro: -1.59, -0.69, -0.23
Accel: -0.21, 0.09, -0.96
Gyro: -1.67, -0.23, 5.74
Accel: -0.22, 0.28, -0.98
Gyro: -1.38, 1.83, 27.89
Accel: -0.22, 0.37, -0.93
Gyro: -3.36, 1.43, 58.14
Accel: -0.28, 0.61, -1.02
Gyro: -3.07, 2.40, 99.33
Accel: -0.35, 0.78, -1.10
Gyro: 6.29, 12.31, 162.56
Accel: -0.41, 0.45, -1.04
Gyro: 17.37, 24.43, 214.07
Accel: -0.40, 0.15, -0.92
Gyro: 11.63, 28.79, 234.12
Accel: -0.36, 0.01, -0.84
Gyro: 3.40, 24.54, 235.39
Accel: -0.34, -0.04, -0.89
Gyro: -2.54, 19.13, 227.17
Accel: -0.33, -0.04, -0.89
Gyro: -1.30, 14.14, 217.25
Accel: -0.29, -0.14, -0.80
Gyro: 11.33, 5.68, 204.74
Accel: -0.23, -0.29, -0.79
Gyro: 10.88, -7.31, 177.02
Accel: -0.22, -0.15, -0.81
Gyro: 12.56, -19.20, 150.22
Accel: -0.26, -0.19, -0.93
Gyro: 20.37, -22.99, 130.56
Accel: -0.26, -0.31, -0.97
Gyro: 17.82, -20.53, 103.59
Accel: -0.24, -0.31, -0.94
Gyro: 10.76, -18.36, 76.26
Accel: -0.23, -0.29, -0.93
Gyro: 5.47, -19.11, 51.28
Accel: -0.25, -0.25, -1.00
Gyro: -0.56, -16.59, 29.20
Accel: -0.27, -0.17, -1.01
Gyro: -4.24, -9.71, 9.74
Accel: -0.25, -0.12, -0.94
Gyro: -0.84, -7.97, -5.07
Accel: -0.23, -0.11, -0.94
Gyro: 2.47, -10.44, -17.75
Accel: -0.25, -0.04, -0.99
Gyro: 0.64, -9.07, -25.12
Accel: -0.23, -0.03, -0.96
Gyro: -3.53, -7.18, -28.30
Accel: -0.23, -0.06, -0.97
Gyro: -7.23, -5.79, -33.47
Accel: -0.22, -0.11, -0.95
Gyro: -10.38, -5.42, -42.63
Accel: -0.23, -0.24, -0.89
Gyro: -7.05, -9.45, -60.06
Accel: -0.29, -0.44, -0.93
Gyro: -13.48, -11.88, -92.71
Accel: -0.32, -0.40, -0.94
Gyro: -25.67, -9.64, -129.81
Accel: -0.34, -0.27, -0.89
Gyro: -29.51, -10.25, -155.49
Accel: -0.37, -0.39, -0.86
Gyro: -29.53, -14.60, -184.45
Accel: -0.45, -0.28, -0.86
Gyro: -38.06, -15.50, -217.06
Accel: -0.45, 0.10, -0.92
Gyro: -29.86, -13.52, -224.33
Accel: -0.41, 0.24, -0.98
Gyro: -17.64, -9.58, -209.26
Accel: -0.38, 0.25, -0.87
Gyro: -12.03, -9.24, -192.14
Accel: -0.34, 0.45, -0.86
Gyro: -1.01, -14.69, -164.95
Accel: -0.32, 0.42, -0.90
Gyro: 9.56, -19.42, -127.73
Accel: -0.32, 0.26, -0.99
Gyro: 12.85, -19.13, -96.56
Accel: -0.32, 0.19, -0.98
Gyro: -0.05, -14.64, -75.98
Accel: -0.32, 0.20, -0.96
Gyro: -6.68, -10.90, -55.24
Accel: -0.32, 0.12, -0.98
Gyro: -3.65, -7.94, -36.14
Accel: -0.32, 0.02, -1.00
Gyro: -4.08, -3.33, -28.51
Accel: -0.32, 0.01, -0.96
Gyro: -14.05, 0.69, -24.96
Accel: -0.30, 0.06, -0.93
Gyro: -10.79, 0.29, -17.36
Accel: -0.30, 0.04, -0.95
Gyro: -7.27, 0.40, -9.63
Accel: -0.29, 0.02, -0.95
Gyro: -4.42, 1.64, -4.20
Accel: -0.29, -0.02, -0.94
Gyro: -6.28, 1.79, -1.39
Accel: -0.27, -0.02, -0.92
Gyro: -10.73, 3.19, 1.34
Accel: -0.27, -0.03, -0.92
Gyro: -9.53, 2.09, 3.40
Accel: -0.27, -0.06, -0.91
Gyro: -7.84, 1.95, 3.94
Accel: -0.26, -0.07, -0.91
Gyro: -6.39, 1.21, 2.85
Accel: -0.27, -0.07, -0.92
Gyro: -6.42, 0.68, 0.72
