Accel: -0.24, -0.02, -0.92
Gyro: -5.47, 2.59, 1.20
Accel: -0.24, -0.02, -0.93
Gyro: -4.75, 2.46, 1.54
Accel: -0.25, -0.01, -0.94
Gyro: -3.49, 2.88, 2.54
Accel: -0.24, -0.01, -0.94
Gyro: -3.12, 2.93, 2.79
Accel: -0.24, -0.02, -0.93
Gyro: -3.36, 2.90, 2.84
Accel: -0.23, -0.02, -0.92
Gyro: -3.67, 2.63, 3.28
Accel: -0.23, -0.04, -0.93
Gyro: -4.20, 1.92, 2.61
Accel: -0.23, -0.03, -0.93
Gyro: -5.24, 1.35, 2.24
Accel: -0.23, -0.02, -0.93
Gyro: -5.00, 1.30, 1.93
Accel: -0.23, -0.01, -0.94
Gyro: -4.63, 0.92, 1.86
Accel: -0.23, -0.01, -0.93
Gyro: -3.72, 0.68, 2.25
Accel: -0.23, -0.01, -0.93
Gyro: -3.10, -0.14, 2.35
Accel: -0.23, -0.02, -0.94
Gyro: -2.46, -1.33, 2.08
Accel: -0.24, -0.03, -0.94
Gyro: -3.11, -1.13, 1.36
Accel: -0.24, -0.02, -0.94
Gyro: -3.15, -1.09, 0.21
Accel: -0.24, -0.02, -0.94
Gyro: -3.29, -0.79, -1.05
Accel: -0.23, -0.02, -0.93
Gyro: -2.46, -0.62, -2.15
Accel: -0.24, -0.02, -0.96
Gyro: -2.98, -0.28, -3.72
Accel: -0.24, -0.01, -0.95
Gyro: -2.51, 1.46, -4.23
Accel: -0.23, -0.02, -0.94
Gyro: -2.40, 1.79, -4.68
Accel: -0.24, -0.01, -0.94
Gyro: -3.89, 1.98, -5.10
Accel: -0.23, 0.01, -0.93
Gyro: -3.41, 1.56, -3.78
Accel: -0.23, -0.00, -0.93
Gyro: -3.52, 0.86, -2.86
Accel: -0.23, -0.00, -0.94
Gyro: -3.68, 0.65, -2.09
Accel: -0.23, 0.00, -0.94
Gyro: -3.34, 0.82, -2.16
Accel: -0.22, -0.00, -0.93
Gyro: -2.46, 0.46, -1.66
Accel: -0.23, -0.01, -0.94
Gyro: -1.78, 0.08, -0.78
Accel: -0.22, -0.01, -0.94
Gyro: -2.16, 0.26, -0.94
Accel: -0.22, 0.00, -0.94
Gyro: -2.39, 0.11, -0.35
Accel: -0.22, 0.02, -0.94
Gyro: -1.65, -0.65, 0.73
Accel: -0.21, -0.01, -0.93
Gyro: -0.76, -0.83, 2.37
Accel: -0.22, -0.01, -0.93
Gyro: -0.98, -2.13, 2.28
Accel: -0.23, -0.01, -0.94
Gyro: -2.36, -2.24, 1.52
Accel: -0.22, 0.00, -0.95
Gyro: -1.11, -1.95, 1.62
Accel: -0.22, -0.02, -0.94
Gyro: -0.69, -2.71, 0.92
Accel: -0.24, -0.02, -0.95
Gyro: -1.61, -2.06, -0.02
Accel: -0.24, -0.01, -0.95
Gyro: -2.09, -1.21, -0.50
Accel: -0.24, -0.00, -0.94
Gyro: -1.50, -0.56, -0.32
Accel: -0.24, -0.02, -0.94
Gyro: -1.98, 0.02, -0.09
Accel: -0.24, -0.01, -0.94
Gyro: -1.88, 0.42, 0.11
Accel: -0.23, -0.00, -0.94
Gyro: -1.46, 0.09, 0.92
Accel: -0.23, -0.02, -0.93
Gyro: -2.02, 0.11, 0.89
Accel: -0.23, -0.01, -0.94
Gyro: -2.01, -0.03, 0.80
Accel: -0.23, -0.02, -0.94
Gyro: -2.22, -0.47, 0.09
Accel: -0.22, -0.02, -0.95
Gyro: -2.84, -0.63, -0.49
Accel: -0.22, -0.01, -0.94
Gyro: -2.57, -0.48, -1.15
Accel: -0.23, -0.01, -0.94
Gyro: -1.63, -0.41, -0.92
Accel: -0.23, -0.02, -0.93
Gyro: -2.11, -0.60, -1.46
Accel: -0.22, -0.01, -0.93
Gyro: -2.84, -0.45, -2.24
Accel: -0.23, -0.01, -0.93
Gyro: -2.63, -0.58, -2.26
Accel: -0.22, 0.01, -0.94
Gyro: -2.38, -1.48, -1.84
Accel: -0.24, -0.01, -0.94
Gyro: -2.48, -1.09, -1.90
Accel: -0.22, -0.00, -0.94
Gyro: -2.14, -0.75, -1.76
Accel: -0.23, 0.01, -0.93
Gyro: -1.53, -0.57, -1.21
Accel: -0.23, -0.02, -0.94
Gyro: -1.46, -0.89, -1.27
Accel: -0.24, -0.01, -0.94
Gyro: -1.69, -0.33, -1.37
Accel: -0.23, -0.01, -0.94
Gyro: -1.66, -0.10, -1.19
Accel: -0.22, -0.01, -0.94
Gyro: -1.74, -0.01, -1.02
Accel: -0.23, 0.00, -0.94
Gyro: -2.04, -0.56, -0.85
Accel: -0.22, 0.00, -0.95
Gyro: -2.50, -0.53, -0.97
Accel: -0.23, 0.00, -0.94
Gyro: -1.82, -0.43, -0.18
Accel: -0.23, 0.00, -0.94
Gyro: -1.74, -0.66, -0.09
Accel: -0.23, 0.01, -0.94
Gyro: -1.34, -0.79, -0.01
Accel: -0.23, 0.00, -0.95
Gyro: -0.62, -0.79, 0.58
Accel: -0.23, -0.00, -0.93
Gyro: -0.80, -1.08, 0.90
Accel: -0.23, 0.00, -0.94
Gyro: -1.57, -1.13, 1.46
Accel: -0.23, 0.01, -0.92
Gyro: -0.92, -1.03, 2.32
Accel: -0.23, 0.00, -0.94
Gyro: -1.34, -0.90, 3.20
Accel: -0.23, 0.05, -0.95
Gyro: -1.35, -0.92, 5.73
Accel: -0.23, 0.07, -0.96
Gyro: 0.38, -0.72, 10.35
Accel: -0.23, 0.07, -0.95
Gyro: 0.95, -0.11, 16.60
Accel: -0.24, 0.09, -0.95
Gyro: 0.50, 0.08, 23.09
Accel: -0.23, 0.13, -0.96
Gyro: 1.48, 0.85, 32.36
Accel: -0.23, 0.17, -0.96
Gyro: 2.56, 2.69, 45.11
Accel: -0.24, 0.17, -0.98
Gyro: 3.68, 4.25, 59.57
Accel: -0.26, 0.23, -1.03
Gyro: -0.78, 11.41, 76.66
Accel: -0.27, 0.33, -0.94
Gyro: -1.40, 16.13, 101.81
Accel: -0.27, 0.40, -0.93
Gyro: 1.52, 15.88, 131.95
Accel: -0.33, 0.49, -1.00
Gyro: 4.43, 17.93, 166.89
Accel: -0.38, 0.41, -0.97
Gyro: 5.52, 25.05, 202.35
Accel: -0.40, 0.35, -0.97
Gyro: 8.25, 27.04, 226.04
Accel: -0.42, 0.25, -0.98
Gyro: 7.13, 31.91, 242.32
Accel: -0.40, 0.14, -0.94
Gyro: 6.77, 34.00, 248.95
Accel: -0.37, 0.04, -0.93
Gyro: 7.21, 33.47, 247.12
Accel: -0.31, -0.06, -0.90
Gyro: 6.03, 31.07, 235.76
Accel: -0.28, -0.15, -0.89
Gyro: 5.62, 26.77, 213.26
Accel: -0.25, -0.14, -0.91
Gyro: 9.68, 22.94, 188.15
Accel: -0.20, -0.20, -0.92
Gyro: 11.75, 20.44, 159.44
Accel: -0.16, -0.16, -0.92
Gyro: 14.74, 18.09, 130.88
Accel: -0.12, -0.18, -0.92
Gyro: 19.25, 13.70, 107.06
Accel: -0.10, -0.18, -0.92
Gyro: 18.58, 9.79, 85.30
Accel: -0.08, -0.17, -0.92
Gyro: 12.61, 6.71, 66.06
Accel: -0.06, -0.18, -0.91
Gyro: 10.23, 1.75, 49.18
Accel: -0.03, -0.19, -0.90
Gyro: 6.98, -3.91, 31.88
Accel: -0.01, -0.21, -0.91
Gyro: 5.23, -10.13, 14.32
Accel: -0.02, -0.22, -0.93
Gyro: 2.89, -14.58, -5.27
Accel: -0.06, -0.21, -0.95
Gyro: 1.27, -16.91, -24.96
Accel: -0.09, -0.20, -0.96
Gyro: 0.57, -16.48, -44.67
Accel: -0.09, -0.21, -0.93
Gyro: -0.16, -17.15, -64.68
Accel: -0.09, -0.23, -0.91
Gyro: -2.65, -21.32, -86.68
Accel: -0.13, -0.26, -0.91
Gyro: -4.98, -26.92, -111.50
Accel: -0.17, -0.25, -0.93
Gyro: -8.29, -29.72, -136.30
Accel: -0.22, -0.32, -0.94
Gyro: -9.77, -31.75, -161.73
Accel: -0.27, -0.32, -0.93
Gyro: -15.11, -33.74, -193.02
Accel: -0.32, -0.15, -0.89
Gyro: -12.27, -37.64, -214.74
Accel: -0.36, -0.12, -0.97
Gyro: -10.85, -38.88, -223.94
Accel: -0.39, -0.08, -0.96
Gyro: -18.30, -34.22, -229.41
Accel: -0.40, 0.00, -0.91
Gyro: -21.63, -35.68, -237.48
Accel: -0.43, 0.23, -0.89
Gyro: -12.95, -36.34, -228.49
Accel: -0.39, 0.22, -0.96
Gyro: -2.29, -36.97, -208.27
Accel: -0.38, 0.21, -0.98
Gyro: -4.33, -34.36, -191.14
Accel: -0.35, 0.27, -0.98
Gyro: -5.04, -29.96, -166.90
Accel: -0.33, 0.19, -0.93
Gyro: -4.68, -28.26, -144.04
Accel: -0.32, 0.16, -0.94
Gyro: -6.68, -26.54, -127.56
Accel: -0.32, 0.16, -0.96
Gyro: -4.97, -24.51, -107.54
Accel: -0.31, 0.09, -1.00
Gyro: -10.52, -19.97, -93.76
Accel: -0.28, 0.15, -0.96
Gyro: -14.07, -16.88, -77.93
Accel: -0.30, 0.12, -0.93
Gyro: -13.10, -14.08, -57.46
Accel: -0.29, 0.02, -0.95
Gyro: -22.80, -10.19, -42.75
Accel: -0.31, 0.01, -0.93
Gyro: -29.18, -8.56, -35.57
Accel: -0.30, 0.09, -0.96
Gyro: -28.99, -8.39, -29.17
Accel: -0.30, 0.13, -0.99
Gyro: -24.08, -3.96, -16.20
Accel: -0.31, 0.05, -0.98
Gyro: -22.62, -0.21, -8.59
Accel: -0.30, 0.04, -0.95
Gyro: -20.19, 2.48, -5.02
Accel: -0.29, 0.04, -0.93
Gyro: -17.71, 3.04, -2.82
Accel: -0.27, 0.05, -0.94
Gyro: -13.98, 3.59, 0.01
Accel: -0.27, 0.05, -0.93
Gyro: -8.09, 3.23, 1.89
Accel: -0.27, 0.01, -0.93
Gyro: -4.75, 2.80, 2.53
Accel: -0.27, -0.01, -0.94
Gyro: -2.83, 2.93, 1.27
Accel: -0.26, -0.00, -0.92
Gyro: -1.32, 3.00, -0.54
Accel: -0.26, -0.00, -0.94
Gyro: 2.24, 1.84, -0.91
Accel: -0.26, 0.01, -0.94
Gyro: 0.87, 2.55, -1.53
Accel: -0.26, 0.01, -0.93
Gyro: 0.62, 2.64, -0.65
Accel: -0.25, 0.02, -0.93
Gyro: -0.42, 2.62, 0.44
Accel: -0.25, 0.03, -0.94
Gyro: -1.50, 2.80, 2.08
Accel: -0.26, 0.02, -0.94
Gyro: -2.08, 3.45, 4.23
Accel: -0.26, 0.01, -0.93
Gyro: -2.80, 3.61, 6.04
Accel: -0.26, 0.02, -0.95
Gyro: -2.82, 3.91, 7.21
Accel: -0.25, 0.00, -0.93
Gyro: -2.54, 4.20, 7.99
Accel: -0.25, -0.01, -0.94
Gyro: -2.46, 4.49, 7.59
Accel: -0.24, -0.02, -0.94
Gyro: -2.76, 4.77, 6.68
Accel: -0.24, -0.02, -0.92
Gyro: -1.53, 4.81, 5.39
Accel: -0.24, -0.03, -0.95
Gyro: -1.40, 4.90, 3.45
Accel: -0.24, -0.01, -0.95
Gyro: -0.45, 5.54, 2.49
Accel: -0.24, -0.01, -0.96
Gyro: 0.79, 6.81, 2.35
Accel: -0.24, -0.02, -0.94
Gyro: 1.08, 6.98, 1.88
Accel: -0.24, -0.03, -0.93
Gyro: 0.01, 6.85, 0.73
Accel: -0.23, -0.02, -0.95
Gyro: -1.28, 7.45, -0.10
Accel: -0.23, -0.01, -0.95
Gyro: -0.85, 7.47, 0.12
Accel: -0.21, -0.02, -0.96
Gyro: -1.56, 8.30, 0.16
Accel: -0.20, -0.02, -0.91
Gyro: -2.01, 7.41, -0.37
