Accel: -0.22, 0.02, -0.95
Gyro: 1.11, 0.54, -1.32
Accel: -0.22, 0.01, -0.95
Gyro: 0.51, 0.72, -0.72
Accel: -0.21, 0.00, -0.94
Gyro: -0.18, 0.60, -0.41
Accel: -0.21, -0.00, -0.93
Gyro: -0.56, -0.25, -0.56
Accel: -0.22, 0.00, -0.94
Gyro: -1.03, -0.53, -0.75
Accel: -0.22, -0.00, -0.94
Gyro: -1.11, -0.69, -0.69
Accel: -0.22, -0.00, -0.94
Gyro: -1.55, -0.67, -0.77
Accel: -0.21, -0.00, -0.94
Gyro: -2.34, -0.86, -1.33
Accel: -0.21, 0.01, -0.94
Gyro: -2.95, -1.35, -2.05
Accel: -0.22, 0.02, -0.94
Gyro: -2.40, -1.90, -2.15
Accel: -0.22, 0.05, -0.94
Gyro: -1.28, -1.95, -0.72
Accel: -0.22, 0.03, -0.92
Gyro: -1.32, -2.73, 0.93
Accel: -0.22, 0.01, -0.93
Gyro: -1.71, -3.45, 1.10
Accel: -0.22, 0.01, -0.93
Gyro: -1.57, -4.34, 1.27
Accel: -0.22, 0.02, -0.96
Gyro: -1.85, -3.74, 0.52
Accel: -0.23, 0.02, -0.95
Gyro: -0.66, -2.47, 0.52
Accel: -0.23, 0.00, -0.95
Gyro: -0.96, -1.11, -0.12
Accel: -0.22, 0.01, -0.96
Gyro: -2.01, -0.40, -1.69
Accel: -0.22, 0.03, -0.95
Gyro: -1.26, -0.38, -2.08
Accel: -0.22, 0.01, -0.95
Gyro: 0.10, -0.63, -1.59
Accel: -0.22, 0.01, -0.94
Gyro: -0.02, -1.16, -2.56
Accel: -0.23, 0.01, -0.95
Gyro: -0.59, -1.01, -2.83
Accel: -0.23, 0.02, -0.95
Gyro: -0.24, -0.57, -2.49
Accel: -0.23, 0.01, -0.95
Gyro: -0.32, 0.35, -1.64
Accel: -0.22, 0.01, -0.93
Gyro: -0.79, 0.97, -1.06
Accel: -0.22, 0.00, -0.94
Gyro: -1.33, 1.21, -1.03
Accel: -0.22, 0.01, -0.93
Gyro: -1.98, 0.69, -1.38
Accel: -0.22, 0.01, -0.94
Gyro: -2.01, 0.38, -1.08
Accel: -0.22, 0.00, -0.93
Gyro: -1.79, -0.21, -1.33
Accel: -0.22, 0.01, -0.94
Gyro: -2.55, -0.39, -1.32
Accel: -0.22, 0.01, -0.94
Gyro: -2.69, 0.20, -1.22
Accel: -0.22, 0.01, -0.94
Gyro: -1.30, 0.18, -0.47
Accel: -0.21, 0.00, -0.94
Gyro: -1.72, -0.26, -0.52
Accel: -0.22, 0.00, -0.94
Gyro: -1.85, -1.02, -1.21
Accel: -0.22, 0.00, -0.96
Gyro: -2.38, -1.05, -1.17
Accel: -0.22, 0.02, -0.96
Gyro: -2.43, -0.01, -1.17
Accel: -0.22, 0.02, -0.95
Gyro: -1.85, 0.38, -0.57
Accel: -0.22, 0.01, -0.95
Gyro: -1.70, 0.64, -0.21
Accel: -0.21, 0.01, -0.94
Gyro: -2.04, 0.78, -0.43
Accel: -0.22, 0.01, -0.93
Gyro: -1.48, 0.38, -0.46
Accel: -0.22, 0.01, -0.95
Gyro: -1.35, 0.82, -0.31
Accel: -0.22, 0.01, -0.94
Gyro: -1.14, 0.71, -0.56
Accel: -0.21, 0.01, -0.94
Gyro: -1.09, 0.60, -0.43
Accel: -0.21, 0.01, -0.94
Gyro: -1.50, 0.36, -0.54
Accel: -0.22, 0.02, -0.93
Gyro: -1.17, 0.02, -0.56
Accel: -0.21, 0.01, -0.95
Gyro: -1.35, 0.03, -0.56
Accel: -0.21, 0.02, -0.95
Gyro: -0.96, 0.34, 0.49
Accel: -0.22, -0.01, -0.95
Gyro: -2.00, 0.80, 1.04
Accel: -0.22, 0.00, -0.93
Gyro: -3.36, 1.11, 0.89
Accel: -0.22, 0.02, -0.95
Gyro: -3.81, 0.89, 2.11
Accel: -0.22, -0.01, -0.94
Gyro: -3.54, 0.56, 2.25
Accel: -0.21, -0.01, -0.94
Gyro: -5.61, 0.78, -0.22
Accel: -0.22, 0.02, -0.94
Gyro: -5.52, 0.34, -1.59
Accel: -0.21, 0.03, -0.95
Gyro: -3.23, -0.42, -1.72
Accel: -0.21, 0.02, -0.95
Gyro: -2.43, -0.39, -2.65
Accel: -0.22, 0.03, -0.95
Gyro: -1.53, -0.38, -3.02
Accel: -0.21, 0.03, -0.95
Gyro: -1.21, 0.37, -2.54
Accel: -0.21, 0.04, -0.94
Gyro: -0.71, 0.05, -1.50
Accel: -0.22, 0.03, -0.94
Gyro: -0.72, 0.09, -0.57
Accel: -0.22, 0.02, -0.95
Gyro: -0.80, 0.55, 0.26
Accel: -0.21, 0.02, -0.94
Gyro: -1.22, 1.36, 0.79
Accel: -0.21, 0.02, -0.92
Gyro: -1.69, 1.13, 0.78
Accel: -0.20, 0.02, -0.93
Gyro: -1.58, 0.58, 0.92
Accel: -0.21, 0.02, -0.93
Gyro: -0.80, 0.14, 1.98
Accel: -0.21, 0.03, -0.96
Gyro: -1.19, 0.21, 3.16
Accel: -0.21, 0.03, -0.94
Gyro: -1.29, 1.33, 4.11
Accel: -0.20, 0.02, -0.95
Gyro: -0.78, 0.98, 4.88
Accel: -0.20, -0.01, -0.94
Gyro: -1.57, 0.45, 4.51
Accel: -0.20, -0.00, -0.95
Gyro: -3.56, 0.44, 2.89
Accel: -0.21, 0.02, -0.95
Gyro: -3.27, 0.05, 2.64
Accel: -0.21, 0.02, -0.95
Gyro: -2.72, 0.40, 2.42
Accel: -0.21, 0.02, -0.95
Gyro: -2.14, 1.19, 1.82
Accel: -0.21, 0.02, -0.94
Gyro: -1.52, 1.88, 1.39
Accel: -0.19, 0.02, -0.94
Gyro: -0.68, 1.55, 1.66
Accel: -0.19, 0.02, -0.93
Gyro: -0.66, 0.79, 1.50
Accel: -0.20, 0.01, -0.94
Gyro: -1.18, 0.25, 0.84
Accel: -0.20, 0.01, -0.94
Gyro: -1.42, 0.27, 0.56
Accel: -0.19, 0.02, -0.95
Gyro: -1.18, 0.40, 0.63
Accel: -0.19, 0.02, -0.94
Gyro: -0.91, -0.65, 1.07
Accel: -0.19, -0.01, -0.93
Gyro: -1.37, -2.03, 0.48
Accel: -0.20, 0.01, -0.94
Gyro: -2.37, -2.23, -0.72
Accel: -0.20, 0.01, -0.95
Gyro: -2.22, -1.61, -1.30
Accel: -0.21, 0.02, -0.95
Gyro: -2.03, -1.56, -1.67
Accel: -0.21, 0.01, -0.95
Gyro: -2.08, -1.44, -1.76
Accel: -0.20, 0.02, -0.96
Gyro: -2.46, -0.93, -2.05
Accel: -0.20, 0.02, -0.94
Gyro: -2.15, -0.78, -1.29
Accel: -0.20, 0.03, -0.94
Gyro: -2.65, -1.74, -0.40
Accel: -0.21, 0.05, -0.95
Gyro: -2.41, -1.42, 1.53
Accel: -0.21, 0.09, -0.97
Gyro: -0.67, -1.31, 5.63
Accel: -0.21, 0.06, -0.96
Gyro: -0.27, -0.91, 9.70
Accel: -0.22, 0.06, -0.96
Gyro: -1.04, -0.92, 12.17
Accel: -0.22, 0.11, -0.97
Gyro: -0.61, 0.16, 17.44
Accel: -0.22, 0.16, -0.97
Gyro: -0.06, 0.75, 23.54
Accel: -0.25, 0.36, -1.05
Gyro: 0.92, 5.09, 41.94
Accel: -0.26, 0.58, -1.06
Gyro: 5.20, 15.55, 82.66
Accel: -0.24, 0.46, -0.93
Gyro: 12.01, 19.33, 125.74
Accel: -0.26, 0.55, -0.93
Gyro: 9.98, 16.60, 160.53
Accel: -0.36, 0.71, -0.99
Gyro: 14.35, 19.86, 207.63
Accel: -0.48, 0.65, -1.02
Gyro: 27.55, 28.97, 249.99
Accel: -0.51, 0.25, -0.93
Gyro: 30.58, 38.15, 249.99
Accel: -0.47, -0.04, -0.93
Gyro: 17.49, 41.49, 249.99
Accel: -0.39, -0.08, -0.86
Gyro: 7.14, 39.51, 249.99
Accel: -0.35, -0.03, -0.87
Gyro: 6.71, 33.47, 249.99
Accel: -0.36, -0.08, -0.87
Gyro: 16.49, 29.61, 249.99
Accel: -0.28, -0.40, -0.91
Gyro: 19.05, 24.32, 225.73
Accel: -0.18, -0.49, -0.89
Gyro: 4.97, 19.65, 176.07
Accel: -0.14, -0.39, -0.90
Gyro: 5.76, 11.68, 130.87
Accel: -0.10, -0.29, -0.92
Gyro: 12.63, 6.67, 97.06
Accel: -0.10, -0.25, -0.94
Gyro: 15.62, 5.80, 69.87
Accel: -0.08, -0.24, -0.95
Gyro: 12.67, 3.55, 47.00
Accel: -0.04, -0.23, -0.93
Gyro: 6.41, 0.43, 27.51
Accel: -0.01, -0.20, -0.88
Gyro: 5.93, -5.73, 11.41
Accel: -0.02, -0.18, -0.89
Gyro: 3.84, -11.76, -2.37
Accel: -0.06, -0.17, -0.95
Gyro: 2.58, -15.71, -17.16
Accel: -0.09, -0.22, -1.00
Gyro: 1.79, -14.34, -33.31
Accel: -0.08, -0.29, -0.95
Gyro: -0.58, -13.28, -53.83
Accel: -0.10, -0.34, -0.97
Gyro: -5.96, -14.59, -83.31
Accel: -0.12, -0.20, -0.90
Gyro: -9.09, -17.04, -109.92
Accel: -0.14, -0.24, -0.90
Gyro: -1.60, -21.58, -128.91
Accel: -0.16, -0.35, -0.90
Gyro: -4.58, -28.21, -158.14
Accel: -0.22, -0.26, -0.91
Gyro: -10.97, -33.75, -187.90
Accel: -0.31, -0.29, -0.95
Gyro: -6.42, -35.51, -211.24
Accel: -0.40, -0.13, -1.10
Gyro: -14.38, -27.05, -233.17
Accel: -0.41, -0.11, -0.96
Gyro: -3.95, -20.92, -239.24
Accel: -0.45, -0.22, -1.02
Gyro: -9.71, -18.92, -250.00
Accel: -0.45, 0.12, -1.02
Gyro: -8.67, -13.44, -250.00
Accel: -0.37, 0.34, -0.98
Gyro: 7.29, -8.83, -246.03
Accel: -0.31, 0.15, -0.93
Gyro: 11.64, -9.70, -221.65
Accel: -0.27, 0.12, -0.92
Gyro: 1.97, -9.96, -207.92
Accel: -0.21, 0.30, -0.88
Gyro: 2.53, -14.06, -182.82
Accel: -0.17, 0.28, -0.85
Gyro: 8.11, -20.23, -151.57
Accel: -0.15, 0.17, -0.90
Gyro: 6.81, -26.03, -126.77
Accel: -0.16, 0.15, -0.91
Gyro: -2.24, -28.74, -105.22
Accel: -0.17, 0.15, -0.93
Gyro: -5.09, -30.78, -84.77
Accel: -0.19, 0.13, -0.97
Gyro: -12.11, -30.37, -66.74
Accel: -0.21, 0.14, -1.00
Gyro: -15.33, -25.66, -47.65
Accel: -0.22, 0.11, -0.99
Gyro: -15.85, -19.05, -30.14
Accel: -0.20, 0.07, -0.96
Gyro: -17.72, -15.50, -16.81
Accel: -0.20, 0.05, -0.94
Gyro: -16.77, -16.43, -7.64
Accel: -0.23, 0.03, -0.99
Gyro: -15.89, -15.46, -0.28
Accel: -0.24, 0.02, -0.98
Gyro: -16.59, -12.25, 5.27
Accel: -0.24, 0.02, -0.99
Gyro: -16.79, -9.19, 9.66
Accel: -0.26, -0.00, -1.01
Gyro: -16.48, -5.42, 12.50
Accel: -0.26, -0.02, -1.00
Gyro: -14.50, -0.95, 13.84
Accel: -0.24, -0.02, -0.97
Gyro: -11.33, 1.40, 13.40
Accel: -0.24, -0.03, -0.98
Gyro: -6.74, 2.43, 12.73
Accel: -0.23, -0.03, -0.98
Gyro: -3.50, 4.25, 11.73
Accel: -0.22, -0.04, -0.96
Gyro: -2.12, 4.72, 10.64
Accel: -0.21, -0.04, -0.94
Gyro: -0.71, 4.98, 8.56
Accel: -0.19, -0.04, -0.94
Gyro: -0.80, 4.43, 6.75
Accel: -0.19, -0.03, -0.92
Gyro: -0.60, 3.86, 5.06
