Accel: -0.09, 0.02, -0.96
Gyro: -0.95, -0.21, -0.65
Accel: -0.09, 0.00, -0.97
Gyro: -1.21, 0.10, -0.51
Accel: -0.09, 0.01, -0.95
Gyro: -1.28, -0.16, -0.40
Accel: -0.07, 0.02, -0.96
Gyro: -1.46, -0.20, -0.63
Accel: -0.08, 0.01, -0.96
Gyro: -1.20, -0.59, -0.41
Accel: -0.09, 0.01, -0.96
Gyro: -0.40, -0.60, -0.23
Accel: -0.09, 0.01, -0.97
Gyro: -0.82, -0.41, -0.63
Accel: -0.08, 0.03, -0.95
Gyro: -0.79, -0.79, -0.79
Accel: -0.08, 0.02, -0.96
Gyro: 0.24, -1.75, 1.27
Accel: -0.09, 0.01, -0.97
Gyro: -0.10, -1.37, 1.51
Accel: -0.09, 0.01, -0.98
Gyro: -0.76, -0.20, 1.18
Accel: -0.09, 0.02, -0.96
Gyro: -1.09, 0.31, 1.28
Accel: -0.09, 0.02, -0.96
Gyro: -0.72, -0.05, 2.00
Accel: -0.08, 0.01, -0.96
Gyro: -0.46, -0.50, 2.09
Accel: -0.09, 0.02, -0.97
Gyro: -0.54, 0.00, 2.21
Accel: -0.09, 0.02, -0.97
Gyro: -0.09, 0.73, 2.38
Accel: -0.09, 0.02, -0.96
Gyro: 0.45, 1.37, 3.13
Accel: -0.08, 0.03, -0.98
Gyro: 1.05, 2.04, 4.49
Accel: -0.09, 0.04, -0.98
Gyro: 1.92, 2.78, 7.14
Accel: -0.09, 0.09, -0.99
Gyro: 3.09, 4.51, 11.25
Accel: -0.09, 0.24, -1.02
Gyro: 4.75, 7.02, 23.06
Accel: -0.10, 0.35, -1.02
Gyro: 8.13, 11.65, 49.38
Accel: -0.09, 0.40, -0.98
Gyro: 10.35, 12.97, 79.33
Accel: -0.13, 0.51, -0.98
Gyro: 12.12, 15.07, 116.52
Accel: -0.17, 0.46, -1.01
Gyro: 17.88, 19.36, 158.22
Accel: -0.20, 0.38, -1.02
Gyro: 13.76, 26.21, 190.71
Accel: -0.22, 0.26, -0.96
Gyro: 10.48, 29.22, 216.60
Accel: -0.24, 0.23, -0.92
Gyro: 4.99, 29.62, 234.94
Accel: -0.30, 0.28, -0.92
Gyro: 4.24, 28.56, 249.99
Accel: -0.32, 0.08, -0.96
Gyro: 7.51, 28.82, 249.99
Accel: -0.28, -0.19, -0.90
Gyro: -1.47, 28.39, 249.99
Accel: -0.21, -0.30, -0.88
Gyro: -9.57, 20.64, 242.15
Accel: -0.18, -0.26, -0.92
Gyro: -10.21, 13.91, 216.17
Accel: -0.17, -0.32, -0.95
Gyro: -4.43, 12.04, 187.96
Accel: -0.12, -0.42, -0.94
Gyro: 1.97, 8.51, 153.81
Accel: -0.07, -0.48, -0.95
Gyro: -0.57, 4.89, 114.52
Accel: -0.04, -0.43, -0.96
Gyro: -4.93, 1.05, 77.26
Accel: -0.04, -0.34, -0.96
Gyro: -3.94, -0.62, 47.97
Accel: -0.05, -0.23, -0.94
Gyro: 2.94, -1.94, 27.33
Accel: -0.02, -0.21, -0.94
Gyro: 6.84, -4.68, 13.50
Accel: -0.01, -0.22, -0.95
Gyro: 6.03, -6.26, 1.10
Accel: -0.01, -0.19, -0.95
Gyro: 4.04, -8.30, -9.19
Accel: -0.01, -0.16, -0.95
Gyro: 2.78, -8.64, -17.43
Accel: -0.02, -0.24, -0.94
Gyro: 1.54, -9.69, -27.55
Accel: -0.02, -0.36, -0.96
Gyro: -3.11, -11.48, -46.83
Accel: -0.03, -0.45, -0.95
Gyro: -7.80, -11.74, -76.32
Accel: -0.05, -0.44, -0.89
Gyro: -8.70, -15.99, -111.27
Accel: -0.10, -0.41, -0.89
Gyro: -8.66, -23.45, -144.86
Accel: -0.18, -0.29, -0.90
Gyro: -6.65, -29.18, -173.07
Accel: -0.24, -0.25, -1.01
Gyro: -1.85, -29.28, -195.34
Accel: -0.26, -0.15, -1.08
Gyro: -3.31, -23.23, -211.11
Accel: -0.25, -0.05, -1.03
Gyro: -0.85, -16.14, -213.50
Accel: -0.24, -0.12, -0.96
Gyro: -1.37, -15.52, -220.60
Accel: -0.25, 0.12, -1.04
Gyro: 0.37, -14.12, -219.40
Accel: -0.23, 0.19, -1.01
Gyro: 5.31, -5.42, -201.68
Accel: -0.21, 0.07, -1.01
Gyro: 2.90, -2.69, -187.17
Accel: -0.17, 0.11, -0.96
Gyro: -4.72, 1.11, -174.31
Accel: -0.13, 0.23, -0.87
Gyro: -3.32, -1.39, -154.69
Accel: -0.09, 0.16, -0.83
Gyro: 4.10, -10.03, -134.32
Accel: -0.09, 0.02, -0.92
Gyro: 5.87, -16.88, -123.83
Accel: -0.09, -0.00, -0.96
Gyro: -3.26, -17.49, -119.28
Accel: -0.08, 0.01, -0.93
Gyro: -6.12, -19.00, -114.36
Accel: -0.10, 0.05, -0.93
Gyro: -1.75, -21.80, -107.83
Accel: -0.13, 0.04, -0.99
Gyro: -4.68, -19.81, -98.66
Accel: -0.11, -0.03, -0.97
Gyro: -10.65, -18.14, -94.47
Accel: -0.09, 0.03, -0.96
Gyro: -13.14, -17.07, -90.58
Accel: -0.07, 0.07, -0.92
Gyro: -10.90, -19.68, -80.91
Accel: -0.08, 0.08, -0.95
Gyro: -9.32, -23.04, -71.04
Accel: -0.10, 0.14, -1.01
Gyro: -11.20, -20.44, -57.95
Accel: -0.14, 0.15, -1.04
Gyro: -8.83, -13.60, -41.20
Accel: -0.15, 0.10, -1.01
Gyro: -8.61, -6.85, -25.91
Accel: -0.12, 0.11, -0.99
Gyro: -10.57, -3.97, -13.40
Accel: -0.11, 0.11, -0.98
Gyro: -6.68, -3.81, -1.21
Accel: -0.11, 0.05, -0.98
Gyro: -3.70, -3.72, 6.94
Accel: -0.11, 0.02, -0.98
Gyro: -2.53, -3.62, 10.82
Accel: -0.11, 0.02, -0.98
Gyro: -0.79, -3.53, 13.69
Accel: -0.12, -0.01, -0.98
Gyro: -0.34, -2.74, 14.83
Accel: -0.11, -0.02, -0.98
Gyro: -0.87, -1.72, 14.63
Accel: -0.11, 0.01, -0.97
Gyro: -0.87, 0.21, 15.62
Accel: -0.11, -0.01, -0.96
Gyro: 0.23, 0.93, 17.93
Accel: -0.09, -0.04, -0.95
Gyro: -0.98, 1.37, 18.47
Accel: -0.09, -0.05, -0.95
Gyro: -1.97, 0.44, 17.71
Accel: -0.09, -0.04, -0.95
Gyro: -0.95, -0.34, 17.59
Accel: -0.09, -0.04, -0.96
Gyro: -0.53, -1.05, 16.85
Accel: -0.09, -0.03, -0.95
Gyro: -0.40, -1.75, 16.98
Accel: -0.10, -0.04, -0.94
Gyro: 0.74, -3.23, 17.19
Accel: -0.11, -0.05, -0.97
Gyro: -0.03, -2.92, 16.01
Accel: -0.11, -0.04, -0.97
Gyro: -0.21, -2.51, 15.83
Accel: -0.12, -0.06, -0.97
Gyro: 0.02, -1.81, 15.84
Accel: -0.11, -0.08, -0.96
Gyro: -1.64, -0.63, 12.86
Accel: -0.11, -0.07, -0.98
Gyro: -3.44, 0.55, 9.51
Accel: -0.11, -0.05, -0.96
Gyro: -2.91, 1.57, 7.12
Accel: -0.11, -0.04, -0.96
Gyro: -1.53, 1.41, 5.87
Accel: -0.11, -0.04, -0.96
Gyro: -0.67, 1.59, 5.16
Accel: -0.10, -0.06, -0.95
Gyro: -0.15, 1.95, 4.31
Accel: -0.10, -0.05, -0.97
Gyro: -0.47, 1.82, 3.14
Accel: -0.10, -0.05, -0.96
Gyro: -0.17, 2.14, 2.88
Accel: -0.09, -0.06, -0.94
Gyro: -0.51, 1.46, 2.11
Accel: -0.10, -0.06, -0.95
Gyro: -1.69, 0.63, 0.42
Accel: -0.10, -0.04, -0.97
Gyro: -1.86, 0.83, 0.08
Accel: -0.10, -0.05, -0.96
Gyro: -1.63, 0.57, 0.19
Accel: -0.10, -0.05, -0.96
Gyro: -2.63, 0.66, -0.59
Accel: -0.10, -0.03, -0.96
Gyro: -2.69, 0.83, -0.71
Accel: -0.10, -0.03, -0.97
Gyro: -2.81, 1.04, -0.42
Accel: -0.10, -0.02, -0.99
Gyro: -2.40, 2.24, 0.54
Accel: -0.11, -0.03, -0.97
Gyro: -2.02, 3.25, 1.77
Accel: -0.09, -0.03, -0.96
Gyro: -1.85, 3.89, 2.28
Accel: -0.10, -0.03, -0.96
Gyro: -2.06, 3.75, 2.62
Accel: -0.09, -0.03, -0.96
Gyro: -1.31, 4.00, 2.98
Accel: -0.09, -0.06, -0.94
Gyro: -2.08, 2.78, 2.25
Accel: -0.08, -0.05, -0.96
Gyro: -3.72, 2.17, 0.19
Accel: -0.08, -0.03, -0.96
Gyro: -3.57, 1.78, -1.23
Accel: -0.08, -0.03, -0.97
Gyro: -1.79, 1.58, -1.24
Accel: -0.09, -0.04, -0.96
Gyro: -1.34, 1.30, -1.78
Accel: -0.08, -0.03, -0.95
Gyro: -2.13, 1.11, -2.67
Accel: -0.08, -0.02, -0.97
Gyro: -2.26, 0.86, -2.40
Accel: -0.08, -0.02, -0.96
Gyro: -2.11, 0.39, -1.88
Accel: -0.09, -0.02, -0.97
Gyro: -1.77, 1.05, -1.67
Accel: -0.08, -0.02, -0.96
Gyro: -1.35, 1.72, -0.79
Accel: -0.07, -0.03, -0.94
Gyro: -1.07, 1.07, -0.42
Accel: -0.07, -0.03, -0.95
Gyro: -1.50, -0.11, -0.18
Accel: -0.07, -0.03, -0.95
Gyro: -1.74, -1.01, -0.25
Accel: -0.08, -0.04, -0.96
Gyro: -2.15, -1.34, -0.71
Accel: -0.08, -0.04, -0.96
Gyro: -2.76, -0.73, -1.21
Accel: -0.08, -0.03, -0.96
Gyro: -1.85, -0.32, -1.22
Accel: -0.08, -0.04, -0.96
Gyro: -1.45, -0.79, -0.74
Accel: -0.08, -0.04, -0.97
Gyro: -2.00, -0.56, -1.11
Accel: -0.08, -0.03, -0.97
Gyro: -2.12, 0.34, -1.32
Accel: -0.08, -0.02, -0.96
Gyro: -1.66, 0.38, -1.24
Accel: -0.08, -0.04, -0.97
Gyro: -1.28, 0.23, -1.09
Accel: -0.08, -0.04, -0.96
Gyro: -1.46, 0.31, -1.91
Accel: -0.08, -0.03, -0.96
Gyro: -1.43, 0.82, -2.23
Accel: -0.08, -0.03, -0.97
Gyro: -1.26, 1.09, -1.81
Accel: -0.07, -0.04, -0.96
Gyro: -1.56, 0.95, -1.67
Accel: -0.07, -0.04, -0.96
Gyro: -1.95, 0.37, -1.72
Accel: -0.08, -0.05, -0.97
Gyro: -2.98, 0.51, -2.49
Accel: -0.08, -0.03, -0.97
Gyro: -3.23, 1.11, -2.29
Accel: -0.08, -0.02, -0.96
Gyro: -2.66, 1.24, -1.69
Accel: -0.07, -0.02, -0.95
Gyro: -2.20, 1.11, -1.29
Accel: -0.07, -0.02, -0.95
Gyro: -1.88, 0.59, -1.07
Accel: -0.07, -0.03, -0.96
Gyro: -1.91, -0.21, -1.43
Accel: -0.07, -0.03, -0.96
Gyro: -1.84, -0.63, -1.17
Accel: -0.07, -0.02, -0.97
Gyro: -1.60, 0.12, -1.02
Accel: -0.07, -0.02, -0.96
Gyro: -1.17, 0.52, -0.15
Accel: -0.09, -0.02, -1.00
Gyro: -1.19, 2.31, -0.24
Accel: -0.10, -0.02, -1.03
Gyro: 0.24, 7.30, -0.73
Accel: -0.08, -0.02, -0.98
Gyro: 2.91, 10.94, -2.11
Accel: -0.05, -0.04, -0.93
Gyro: 4.75, 8.85, -2.39
Accel: -0.06, -0.03, -0.93
Gyro: 3.52, 5.45, -2.85
Accel: -0.06, -0.03, -0.95
Gyro: 2.27, 2.92, -1.99
Accel: -0.05, -0.03, -0.97
Gyro: 1.42, 2.21, -0.57
