Accel: -0.18, -0.03, -0.94
Gyro: -0.89, 2.73, 3.62
Accel: -0.18, -0.02, -0.94
Gyro: -1.16, 1.93, 3.16
Accel: -0.17, -0.00, -0.93
Gyro: -1.18, 1.96, 4.20
Accel: -0.17, -0.00, -0.94
Gyro: -2.20, 1.21, 5.77
Accel: -0.18, -0.03, -0.92
Gyro: -3.28, 0.00, 6.42
Accel: -0.18, -0.03, -0.93
Gyro: -4.96, -1.31, 6.23
Accel: -0.19, -0.03, -0.95
Gyro: -5.80, -1.53, 6.27
Accel: -0.19, -0.05, -0.93
Gyro: -6.85, -1.74, 5.15
Accel: -0.19, -0.03, -0.94
Gyro: -7.19, -2.48, 3.40
Accel: -0.19, -0.01, -0.95
Gyro: -5.97, -3.00, 2.64
Accel: -0.20, -0.02, -0.96
Gyro: -2.49, -3.54, 2.67
Accel: -0.20, -0.03, -0.96
Gyro: -1.85, -3.00, 1.34
Accel: -0.21, -0.01, -0.96
Gyro: -1.17, -2.55, 0.50
Accel: -0.20, 0.00, -0.96
Gyro: -0.02, -1.40, 1.55
Accel: -0.21, -0.01, -0.94
Gyro: 1.23, -0.98, 2.30
Accel: -0.20, -0.04, -0.95
Gyro: 0.72, -0.45, 2.40
Accel: -0.20, -0.05, -0.95
Gyro: -1.79, 0.06, 0.65
Accel: -0.19, -0.03, -0.96
Gyro: -2.24, 0.65, -0.17
Accel: -0.18, -0.03, -0.94
Gyro: -2.56, 0.14, -0.50
Accel: -0.19, -0.03, -0.93
Gyro: -3.06, -0.11, -1.32
Accel: -0.19, -0.02, -0.94
Gyro: -4.18, -0.93, -2.58
Accel: -0.19, -0.01, -0.95
Gyro: -4.97, -1.03, -3.20
Accel: -0.19, -0.01, -0.94
Gyro: -2.95, -1.33, -2.84
Accel: -0.20, -0.02, -0.95
Gyro: -2.39, -1.65, -2.27
Accel: -0.20, -0.01, -0.95
Gyro: -2.55, -1.76, -2.32
Accel: -0.20, -0.01, -0.94
Gyro: -2.80, -1.60, -2.16
Accel: -0.20, -0.00, -0.94
Gyro: -1.95, -2.32, -1.97
Accel: -0.20, 0.01, -0.93
Gyro: -0.87, -3.11, -1.57
Accel: -0.22, -0.02, -0.96
Gyro: -1.25, -3.18, -1.69
Accel: -0.22, -0.00, -0.96
Gyro: -2.08, -1.37, -2.16
Accel: -0.21, 0.01, -0.95
Gyro: -1.59, 0.46, -1.85
Accel: -0.21, 0.00, -0.94
Gyro: -0.63, 1.24, -0.32
Accel: -0.21, -0.01, -0.95
Gyro: -0.50, 1.66, 0.57
Accel: -0.19, -0.03, -0.94
Gyro: -1.53, 2.24, 0.75
Accel: -0.20, -0.03, -0.94
Gyro: -2.14, 1.41, 0.69
Accel: -0.18, -0.03, -0.94
Gyro: -2.94, 1.14, 0.61
Accel: -0.19, -0.02, -0.92
Gyro: -2.43, 0.08, 0.43
Accel: -0.19, -0.01, -0.94
Gyro: -1.79, -1.00, 0.61
Accel: -0.20, -0.02, -0.95
Gyro: -2.64, -1.17, 0.25
Accel: -0.20, -0.01, -0.95
Gyro: -2.43, -0.84, -0.12
Accel: -0.19, 0.00, -0.95
Gyro: -1.50, -1.20, 0.37
Accel: -0.19, -0.02, -0.94
Gyro: -0.51, -1.93, 0.68
Accel: -0.19, -0.03, -0.94
Gyro: -2.73, -1.68, -0.94
Accel: -0.20, -0.00, -0.95
Gyro: -3.11, -1.51, -1.27
Accel: -0.20, -0.01, -0.96
Gyro: -1.91, -1.48, -0.92
Accel: -0.20, -0.01, -0.95
Gyro: -2.21, -1.26, -1.19
Accel: -0.21, -0.02, -0.96
Gyro: -2.35, -1.06, -1.72
Accel: -0.21, 0.01, -0.96
Gyro: -2.27, -0.40, -1.80
Accel: -0.20, 0.00, -0.95
Gyro: -2.09, 0.56, -1.13
Accel: -0.20, -0.00, -0.95
Gyro: -1.14, 1.30, -0.19
Accel: -0.19, -0.00, -0.93
Gyro: -1.03, 1.46, 0.24
Accel: -0.19, -0.01, -0.94
Gyro: -1.45, 0.70, 0.58
Accel: -0.19, -0.02, -0.93
Gyro: -2.13, 0.47, 0.92
Accel: -0.20, -0.02, -0.95
Gyro: -2.85, 0.14, 1.03
Accel: -0.19, -0.01, -0.94
Gyro: -3.09, -0.35, 0.63
Accel: -0.19, -0.01, -0.95
Gyro: -3.40, -0.52, 0.56
Accel: -0.20, 0.00, -0.94
Gyro: -2.62, -0.97, 0.79
Accel: -0.19, -0.01, -0.95
Gyro: -2.04, -0.76, 0.82
Accel: -0.19, -0.01, -0.95
Gyro: -2.25, -0.66, 0.82
Accel: -0.19, 0.01, -0.95
Gyro: -1.76, -0.85, 1.70
Accel: -0.19, 0.03, -0.95
Gyro: -0.26, -1.18, 3.32
Accel: -0.19, 0.05, -0.94
Gyro: 1.75, -1.18, 5.52
Accel: -0.19, 0.06, -0.93
Gyro: 4.88, -2.30, 8.54
Accel: -0.18, 0.08, -0.95
Gyro: 7.80, -3.23, 13.28
Accel: -0.17, 0.13, -0.95
Gyro: 10.38, -3.47, 21.32
Accel: -0.17, 0.21, -0.95
Gyro: 11.80, -3.34, 37.40
Accel: -0.18, 0.19, -0.89
Gyro: 11.22, -5.00, 58.10
Accel: -0.20, 0.17, -0.91
Gyro: 6.23, -8.03, 73.31
Accel: -0.24, 0.27, -0.99
Gyro: 4.91, -5.67, 94.28
Accel: -0.28, 0.38, -1.04
Gyro: 7.90, 0.70, 122.49
Accel: -0.34, 0.45, -1.10
Gyro: 11.06, 12.17, 160.35
Accel: -0.36, 0.30, -0.96
Gyro: 7.03, 23.88, 195.92
Accel: -0.36, 0.25, -0.90
Gyro: 1.54, 20.32, 216.35
Accel: -0.42, 0.30, -1.02
Gyro: -1.49, 21.90, 237.21
Accel: -0.42, 0.19, -1.00
Gyro: -3.13, 30.08, 249.99
Accel: -0.40, 0.05, -0.91
Gyro: -4.36, 29.75, 249.99
Accel: -0.38, -0.07, -0.90
Gyro: -6.46, 26.37, 245.41
Accel: -0.32, -0.21, -0.91
Gyro: -6.29, 21.44, 220.09
Accel: -0.26, -0.17, -0.90
Gyro: -3.01, 15.88, 184.99
Accel: -0.25, -0.06, -0.98
Gyro: 9.68, 15.61, 159.22
Accel: -0.22, -0.12, -0.97
Gyro: 16.40, 20.12, 136.89
Accel: -0.16, -0.21, -0.92
Gyro: 19.70, 16.96, 111.59
Accel: -0.13, -0.16, -0.93
Gyro: 13.38, 12.30, 87.03
Accel: -0.12, -0.09, -0.93
Gyro: 11.90, 8.43, 68.92
Accel: -0.11, -0.06, -0.98
Gyro: 13.76, 6.95, 55.88
Accel: -0.09, -0.10, -0.96
Gyro: 13.85, 6.26, 42.42
Accel: -0.07, -0.06, -0.93
Gyro: 11.47, 4.11, 31.52
Accel: -0.07, -0.03, -0.91
Gyro: 10.32, 0.60, 24.28
Accel: -0.06, -0.09, -0.93
Gyro: 8.58, -2.73, 16.26
Accel: -0.05, -0.07, -0.92
Gyro: 4.56, -6.43, 6.52
Accel: -0.07, -0.06, -0.96
Gyro: 2.76, -7.06, -2.00
Accel: -0.06, -0.02, -0.95
Gyro: -0.72, -4.92, -6.80
Accel: -0.05, -0.03, -0.92
Gyro: -0.72, -6.65, -10.87
Accel: -0.06, -0.08, -0.92
Gyro: -4.62, -8.81, -17.62
Accel: -0.07, -0.14, -0.93
Gyro: -6.97, -11.38, -30.39
Accel: -0.08, -0.15, -0.92
Gyro: -9.70, -13.85, -48.96
Accel: -0.10, -0.17, -0.89
Gyro: -2.93, -18.94, -66.56
Accel: -0.14, -0.42, -0.95
Gyro: -0.08, -22.83, -97.36
Accel: -0.24, -0.69, -1.00
Gyro: -6.99, -24.10, -153.99
Accel: -0.32, -0.45, -0.96
Gyro: -15.66, -24.61, -215.25
Accel: -0.39, -0.10, -0.92
Gyro: 0.30, -26.09, -237.95
Accel: -0.40, -0.19, -0.98
Gyro: 8.57, -28.66, -250.00
Accel: -0.41, -0.23, -0.90
Gyro: 2.37, -31.92, -250.00
Accel: -0.47, -0.00, -0.90
Gyro: -3.01, -34.68, -250.00
Accel: -0.42, 0.23, -0.87
Gyro: 8.25, -38.22, -250.00
Accel: -0.39, 0.10, -0.93
Gyro: 7.04, -40.66, -250.00
Accel: -0.39, 0.20, -0.92
Gyro: 3.34, -40.04, -234.09
Accel: -0.35, 0.23, -0.96
Gyro: 4.37, -37.46, -207.33
Accel: -0.33, 0.21, -1.00
Gyro: 3.10, -34.89, -180.38
Accel: -0.29, 0.22, -1.03
Gyro: -4.58, -26.73, -149.85
Accel: -0.24, 0.23, -0.85
Gyro: -10.46, -26.80, -121.83
Accel: -0.25, 0.25, -0.82
Gyro: -5.42, -34.64, -92.74
Accel: -0.30, 0.16, -1.02
Gyro: -2.04, -33.00, -68.99
Accel: -0.32, 0.08, -1.03
Gyro: -16.64, -20.64, -51.44
Accel: -0.28, 0.07, -0.96
Gyro: -19.93, -15.31, -34.87
Accel: -0.29, 0.04, -0.96
Gyro: -21.54, -14.57, -24.83
Accel: -0.29, 0.06, -0.96
Gyro: -15.79, -13.45, -15.21
Accel: -0.30, 0.01, -0.98
Gyro: -12.14, -10.01, -4.84
Accel: -0.29, -0.06, -0.96
Gyro: -16.47, -6.08, -0.89
Accel: -0.29, -0.09, -0.97
Gyro: -16.82, -3.47, -1.45
Accel: -0.28, -0.07, -0.94
Gyro: -16.32, -1.78, -2.94
Accel: -0.27, -0.04, -0.92
Gyro: -13.21, -2.36, -1.33
Accel: -0.27, -0.06, -0.94
Gyro: -8.00, -2.24, -1.18
Accel: -0.27, -0.06, -0.96
Gyro: -5.29, -0.72, -1.46
Accel: -0.27, -0.05, -0.93
Gyro: -2.92, -0.87, -0.63
Accel: -0.26, -0.05, -0.93
Gyro: -3.46, -0.28, 0.29
Accel: -0.26, -0.08, -0.92
Gyro: -1.63, -0.61, 1.37
Accel: -0.27, -0.07, -0.95
Gyro: -5.02, -0.77, -0.11
Accel: -0.28, -0.04, -0.97
Gyro: -5.62, 0.95, 1.56
Accel: -0.29, -0.11, -0.99
Gyro: -10.14, 5.37, 0.43
Accel: -0.27, -0.03, -0.94
Gyro: -13.85, 7.83, -1.79
Accel: -0.25, 0.01, -0.91
Gyro: -9.76, 5.35, 0.63
Accel: -0.24, -0.03, -0.92
Gyro: -9.25, 3.14, 1.35
Accel: -0.24, -0.01, -0.92
Gyro: -7.95, 1.33, 0.31
Accel: -0.24, 0.01, -0.93
Gyro: -6.07, 0.45, 2.31
Accel: -0.23, -0.03, -0.92
Gyro: -2.79, -0.67, 4.05
Accel: -0.24, -0.03, -0.92
Gyro: -5.00, -1.13, 4.01
Accel: -0.25, -0.01, -0.94
Gyro: -3.68, -0.69, 5.67
Accel: -0.25, -0.05, -0.93
Gyro: -1.88, -0.28, 6.58
Accel: -0.23, -0.06, -0.93
Gyro: -1.23, -0.69, 6.25
Accel: -0.24, -0.04, -0.93
Gyro: -0.95, -1.62, 5.47
Accel: -0.25, -0.04, -0.93
Gyro: 0.69, -2.40, 6.53
Accel: -0.25, -0.03, -0.95
Gyro: 2.25, -1.19, 7.73
Accel: -0.26, -0.06, -0.94
Gyro: -0.31, -0.13, 8.23
Accel: -0.25, -0.06, -0.93
Gyro: -1.75, 0.22, 7.56
Accel: -0.25, -0.05, -0.94
Gyro: -2.30, 0.21, 6.53
Accel: -0.26, -0.06, -0.94
Gyro: -2.01, 1.38, 6.58
Accel: -0.25, -0.10, -0.95
Gyro: -5.10, 2.47, 3.77
Accel: -0.26, -0.06, -0.96
Gyro: -7.83, 6.01, 0.47
Accel: -0.24, -0.04, -0.94
Gyro: -7.35, 5.88, 0.59
Accel: -0.25, -0.03, -0.92
Gyro: -6.69, 4.09, 0.75
