Accel: -0.05, 0.00, -0.97
Gyro: -0.30, -2.98, -4.91
Accel: -0.05, 0.02, -0.98
Gyro: -0.01, -1.44, -4.43
Accel: -0.05, 0.03, -0.98
Gyro: 0.71, -0.40, -2.67
Accel: -0.05, 0.02, -0.96
Gyro: 0.44, -0.72, -1.07
Accel: -0.04, 0.02, -0.96
Gyro: 0.32, -0.85, 0.87
Accel: -0.05, 0.02, -0.97
Gyro: 0.05, -1.13, 2.02
Accel: -0.05, -0.00, -0.97
Gyro: -0.10, -0.98, 2.49
Accel: -0.05, -0.02, -0.96
Gyro: -0.05, -0.65, 2.04
Accel: -0.05, -0.03, -0.97
Gyro: -2.19, -0.59, -0.31
Accel: -0.05, 0.00, -0.98
Gyro: -2.77, 0.60, -1.85
Accel: -0.05, 0.01, -0.97
Gyro: -0.82, 0.55, -1.45
Accel: -0.06, -0.01, -0.97
Gyro: -0.72, -0.13, -2.01
Accel: -0.06, 0.00, -0.98
Gyro: -1.73, 0.30, -3.30
Accel: -0.06, 0.02, -0.97
Gyro: -1.55, 1.02, -2.68
Accel: -0.05, 0.02, -0.97
Gyro: -0.69, 1.63, -1.62
Accel: -0.05, 0.01, -0.96
Gyro: -0.73, 1.75, -1.24
Accel: -0.04, 0.00, -0.97
Gyro: -0.29, 2.05, -0.76
Accel: -0.04, 0.01, -0.96
Gyro: -0.46, 1.76, -0.65
Accel: -0.03, -0.00, -0.95
Gyro: -0.24, 0.90, -0.44
Accel: -0.04, -0.01, -0.96
Gyro: -0.60, 0.63, -1.12
Accel: -0.04, -0.00, -0.97
Gyro: -1.09, 0.09, -1.51
Accel: -0.04, -0.00, -0.96
Gyro: -2.27, 0.53, -1.83
Accel: -0.04, 0.01, -0.96
Gyro: -1.21, 1.07, -1.04
Accel: -0.04, -0.00, -0.98
Gyro: -1.34, 1.12, -0.25
Accel: -0.04, -0.02, -0.96
Gyro: -2.30, 1.22, -0.91
Accel: -0.04, -0.02, -0.96
Gyro: -3.03, 0.90, -2.01
Accel: -0.04, -0.01, -0.98
Gyro: -3.35, 1.36, -3.24
Accel: -0.03, -0.01, -0.97
Gyro: -2.71, 2.66, -3.64
Accel: -0.02, 0.00, -0.94
Gyro: -1.95, 1.43, -3.85
Accel: -0.02, 0.01, -0.94
Gyro: -1.78, -0.11, -4.26
Accel: -0.02, 0.01, -0.95
Gyro: -1.54, -1.01, -4.29
Accel: -0.03, 0.01, -0.95
Gyro: -0.48, -1.64, -3.40
Accel: -0.03, 0.00, -0.97
Gyro: -0.47, -1.80, -2.74
Accel: -0.04, -0.00, -0.96
Gyro: -0.66, -2.30, -2.18
Accel: -0.04, -0.00, -0.97
Gyro: -1.66, -2.14, -2.16
Accel: -0.04, -0.00, -0.97
Gyro: -2.37, -1.70, -2.06
Accel: -0.04, 0.00, -0.98
Gyro: -2.19, -1.67, -2.20
Accel: -0.04, 0.00, -0.97
Gyro: -1.78, -1.57, -1.69
Accel: -0.04, -0.00, -0.98
Gyro: -1.17, -1.54, -1.63
Accel: -0.04, -0.00, -0.97
Gyro: -0.58, -1.21, -1.77
Accel: -0.04, -0.00, -0.97
Gyro: -0.37, -0.77, -1.66
Accel: -0.03, -0.00, -0.96
Gyro: -0.37, -1.14, -1.85
Accel: -0.04, 0.00, -0.96
Gyro: 0.61, -0.98, -1.59
Accel: -0.04, -0.01, -0.97
Gyro: -0.85, -0.76, -2.30
Accel: -0.04, 0.02, -0.97
Gyro: -1.97, -0.35, -2.23
Accel: -0.03, 0.03, -0.96
Gyro: -0.64, 0.03, -0.54
Accel: -0.04, -0.00, -0.96
Gyro: -0.47, -0.89, 0.34
Accel: -0.04, -0.01, -0.97
Gyro: -1.57, -1.48, -0.25
Accel: -0.04, 0.00, -0.98
Gyro: -1.54, -1.36, -0.35
Accel: -0.04, 0.00, -0.97
Gyro: -1.30, -0.82, -0.21
Accel: -0.05, -0.00, -0.96
Gyro: -0.87, -0.43, 0.26
Accel: -0.05, -0.00, -0.97
Gyro: -0.35, 0.08, 0.16
Accel: -0.04, -0.01, -0.97
Gyro: -0.46, -0.01, 0.11
Accel: -0.04, -0.01, -0.97
Gyro: -0.57, -0.04, -0.02
Accel: -0.03, -0.01, -0.96
Gyro: -0.22, -0.08, -0.09
Accel: -0.04, -0.01, -0.96
Gyro: 0.00, -0.69, -0.14
Accel: -0.04, -0.01, -0.97
Gyro: -1.01, -0.63, -0.65
Accel: -0.04, -0.00, -0.96
Gyro: -0.95, -0.15, -0.31
Accel: -0.04, -0.01, -0.97
Gyro: -0.94, -0.27, -0.31
Accel: -0.04, -0.01, -0.97
Gyro: -1.46, 0.00, -0.69
Accel: -0.04, -0.02, -0.96
Gyro: -1.87, -0.29, -1.18
Accel: -0.04, -0.01, -0.96
Gyro: -2.26, -0.49, -1.46
Accel: -0.03, -0.02, -0.96
Gyro: -2.42, -0.99, -1.53
Accel: -0.03, -0.01, -0.97
Gyro: -2.69, -1.22, -2.01
Accel: -0.03, 0.00, -0.97
Gyro: -2.21, -1.37, -1.68
Accel: -0.03, -0.00, -0.96
Gyro: -1.82, -1.28, -1.35
Accel: -0.04, -0.01, -0.96
Gyro: -1.55, -1.56, -1.05
Accel: -0.04, -0.01, -0.97
Gyro: -1.94, -1.31, -1.40
Accel: -0.04, -0.01, -0.97
Gyro: -1.82, -0.27, -1.27
Accel: -0.04, -0.01, -0.97
Gyro: -2.20, -0.30, -1.45
Accel: -0.03, -0.01, -0.96
Gyro: -2.29, -0.56, -1.26
Accel: -0.04, 0.01, -0.96
Gyro: -2.08, -1.35, -1.11
Accel: -0.04, 0.00, -0.97
Gyro: -1.78, -1.38, -0.54
Accel: -0.04, -0.00, -0.96
Gyro: -1.44, -1.31, -0.26
Accel: -0.04, 0.00, -0.97
Gyro: -1.19, -1.34, 0.05
Accel: -0.04, -0.01, -0.96
Gyro: -0.53, -1.42, 0.50
Accel: -0.03, -0.01, -0.96
Gyro: -1.41, -1.63, 0.14
Accel: -0.03, 0.00, -0.97
Gyro: -1.69, -1.95, -0.25
Accel: -0.04, 0.00, -0.96
Gyro: -0.51, -1.99, 0.98
Accel: -0.04, -0.02, -0.96
Gyro: -1.81, -2.29, 0.62
Accel: -0.05, 0.01, -0.97
Gyro: -2.54, -2.52, 0.38
Accel: -0.04, 0.01, -0.97
Gyro: -0.79, -2.87, 1.58
Accel: -0.05, -0.01, -0.98
Gyro: -0.64, -2.66, 1.49
Accel: -0.05, -0.00, -0.97
Gyro: -0.90, -1.89, 0.99
Accel: -0.06, 0.01, -0.97
Gyro: -0.76, -1.38, 1.48
Accel: -0.04, 0.01, -0.96
Gyro: -0.70, -1.14, 2.82
Accel: -0.05, 0.02, -0.97
Gyro: -0.89, -0.95, 4.57
Accel: -0.04, 0.05, -0.97
Gyro: -0.81, -0.58, 8.67
Accel: -0.04, 0.05, -0.97
Gyro: -1.41, 0.06, 13.40
Accel: -0.03, 0.11, -0.98
Gyro: -1.92, 0.55, 20.51
Accel: -0.03, 0.21, -1.00
Gyro: -1.44, 2.10, 34.67
Accel: -0.03, 0.37, -0.99
Gyro: 0.31, 4.23, 59.30
Accel: -0.03, 0.52, -0.99
Gyro: 5.91, 4.75, 98.79
Accel: -0.06, 0.56, -1.01
Gyro: 10.97, 6.85, 144.29
Accel: -0.13, 0.51, -0.93
Gyro: 13.10, 11.00, 191.65
Accel: -0.18, 0.27, -0.89
Gyro: 14.05, 8.09, 223.41
Accel: -0.21, 0.12, -0.86
Gyro: 5.49, 3.97, 238.75
Accel: -0.25, 0.01, -0.93
Gyro: 1.27, 1.23, 243.26
Accel: -0.29, -0.09, -0.98
Gyro: -5.30, 3.08, 237.34
Accel: -0.30, -0.07, -1.02
Gyro: -10.06, 8.89, 231.31
Accel: -0.27, -0.25, -1.01
Gyro: -13.62, 12.11, 215.91
Accel: -0.23, -0.30, -1.00
Gyro: -18.84, 14.59, 187.60
Accel: -0.20, -0.20, -1.01
Gyro: -10.56, 13.83, 160.26
Accel: -0.18, -0.22, -1.03
Gyro: 1.24, 16.78, 139.47
Accel: -0.13, -0.25, -1.01
Gyro: 2.64, 19.17, 113.99
Accel: -0.09, -0.22, -0.97
Gyro: 1.73, 18.87, 90.35
Accel: -0.06, -0.20, -0.96
Gyro: 1.97, 16.85, 72.66
Accel: -0.04, -0.20, -0.96
Gyro: 0.52, 15.28, 56.89
Accel: -0.02, -0.18, -0.94
Gyro: 1.09, 12.30, 42.42
Accel: -0.01, -0.14, -0.98
Gyro: -0.98, 11.62, 30.30
Accel: 0.00, -0.10, -0.97
Gyro: 1.01, 11.22, 21.57
Accel: 0.03, -0.09, -0.91
Gyro: 1.91, 8.68, 14.38
Accel: 0.04, -0.06, -0.90
Gyro: 3.65, 3.67, 9.39
Accel: 0.02, -0.03, -0.97
Gyro: 1.46, 2.80, 6.39
Accel: 0.03, -0.07, -0.97
Gyro: 0.63, 5.34, 5.00
Accel: 0.06, -0.12, -0.91
Gyro: -2.52, 4.20, 0.81
Accel: 0.07, -0.13, -0.92
Gyro: -6.69, 0.31, -7.50
Accel: 0.07, -0.13, -0.92
Gyro: -8.70, -2.65, -16.40
Accel: 0.05, -0.18, -0.92
Gyro: -7.62, -5.73, -28.88
Accel: 0.02, -0.22, -0.97
Gyro: -4.73, -7.91, -48.16
Accel: 0.01, -0.31, -0.98
Gyro: -1.66, -9.09, -73.44
Accel: -0.04, -0.27, -0.95
Gyro: -1.97, -9.33, -103.01
Accel: -0.08, -0.25, -0.91
Gyro: 5.16, -13.65, -126.50
Accel: -0.10, -0.31, -0.90
Gyro: 6.94, -18.78, -152.14
Accel: -0.13, -0.35, -0.90
Gyro: 9.67, -26.32, -180.72
Accel: -0.18, -0.43, -0.98
Gyro: 7.08, -32.14, -216.55
Accel: -0.25, -0.08, -1.03
Gyro: 3.06, -28.54, -241.28
Accel: -0.29, 0.07, -1.07
Gyro: 15.89, -20.29, -236.98
Accel: -0.26, -0.11, -0.95
Gyro: 18.80, -21.74, -239.81
Accel: -0.24, -0.05, -0.90
Gyro: 14.07, -28.14, -247.66
Accel: -0.27, 0.15, -1.02
Gyro: 14.32, -26.92, -239.51
Accel: -0.22, 0.26, -0.99
Gyro: 19.58, -22.60, -213.69
Accel: -0.18, 0.19, -0.97
Gyro: 16.49, -22.42, -187.86
Accel: -0.16, 0.30, -1.00
Gyro: 12.85, -20.10, -160.69
Accel: -0.10, 0.27, -0.95
Gyro: 12.60, -18.16, -128.81
Accel: -0.06, 0.16, -0.93
Gyro: 12.66, -22.41, -104.00
Accel: -0.09, 0.07, -0.95
Gyro: -1.09, -22.13, -85.30
Accel: -0.10, 0.16, -0.99
Gyro: -16.77, -16.57, -65.73
Accel: -0.10, 0.14, -0.96
Gyro: -12.76, -14.80, -46.06
Accel: -0.09, 0.05, -0.95
Gyro: -14.10, -13.05, -31.72
Accel: -0.09, 0.03, -0.98
Gyro: -21.56, -10.86, -23.74
Accel: -0.11, 0.08, -1.03
Gyro: -24.99, -6.20, -14.49
Accel: -0.09, 0.10, -0.99
Gyro: -17.08, -3.37, -3.32
Accel: -0.09, 0.03, -0.97
Gyro: -14.75, -2.91, 4.88
Accel: -0.08, 0.02, -0.97
Gyro: -16.91, -3.33, 8.35
Accel: -0.08, 0.02, -0.97
Gyro: -13.14, -3.16, 11.26
Accel: -0.10, -0.01, -0.96
Gyro: -7.93, -3.58, 12.19
Accel: -0.09, -0.02, -0.97
Gyro: -4.63, -2.54, 11.37
Accel: -0.09, -0.04, -0.96
Gyro: -2.69, -2.49, 9.38
Accel: -0.10, -0.03, -0.98
Gyro: -0.56, -1.37, 7.29
Accel: -0.10, -0.03, -0.97
Gyro: 2.96, -0.92, 5.51
