Accel: -0.05, 0.13, -0.93
Gyro: -6.38, -16.56, -72.81
Accel: -0.08, 0.11, -1.00
Gyro: -9.03, -17.92, -59.50
Accel: -0.09, 0.08, -1.00
Gyro: -10.57, -14.20, -47.17
Accel: -0.09, 0.06, -1.02
Gyro: -13.66, -11.00, -38.70
Accel: -0.08, 0.09, -0.99
Gyro: -13.11, -8.32, -30.20
Accel: -0.08, 0.11, -0.98
Gyro: -9.63, -5.29, -19.51
Accel: -0.07, 0.07, -1.01
Gyro: -6.48, -2.14, -9.74
Accel: -0.07, 0.03, -0.99
Gyro: -6.97, 1.31, -3.18
Accel: -0.04, 0.00, -0.96
Gyro: -5.22, 1.94, 0.96
Accel: -0.04, -0.02, -0.96
Gyro: -4.06, 1.86, 2.53
Accel: -0.04, -0.03, -0.96
Gyro: -2.46, 1.49, 3.18
Accel: -0.03, -0.04, -0.96
Gyro: -1.18, 0.50, 2.93
Accel: -0.04, -0.03, -0.96
Gyro: 1.56, 0.28, 2.37
Accel: -0.05, -0.02, -0.97
Gyro: 0.48, 1.66, 2.29
Accel: -0.04, -0.01, -0.96
Gyro: 0.84, 1.48, 3.79
Accel: -0.04, -0.02, -0.96
Gyro: -0.07, 0.83, 4.46
Accel: -0.05, -0.03, -0.97
Gyro: -2.11, 0.53, 4.62
Accel: -0.05, -0.01, -0.98
Gyro: -3.86, 1.06, 5.29
Accel: -0.04, -0.02, -0.95
Gyro: -4.26, 0.69, 6.31
Accel: -0.04, -0.01, -0.97
Gyro: -5.02, 0.84, 6.90
Accel: -0.04, -0.01, -0.96
Gyro: -4.97, 0.75, 7.62
Accel: -0.02, -0.04, -0.95
Gyro: -4.99, 0.19, 6.32
Accel: -0.02, -0.08, -0.95
Gyro: -4.97, -0.31, 0.18
Accel: -0.02, -0.01, -0.95
Gyro: -2.42, -1.85, -4.34
Accel: -0.02, 0.02, -0.94
Gyro: 3.29, -3.04, -2.94
Accel: -0.03, -0.00, -0.92
Gyro: 5.01, -4.86, -0.86
Accel: -0.04, -0.04, -0.94
Gyro: 3.40, -6.26, 0.47
Accel: -0.07, -0.04, -0.98
Gyro: 1.68, -5.72, 0.63
Accel: -0.07, -0.03, -0.99
Gyro: -0.53, -3.51, 1.80
Accel: -0.07, -0.04, -0.99
Gyro: -1.51, -2.20, 3.33
Accel: -0.07, -0.05, -0.98
Gyro: -3.30, -0.98, 2.85
Accel: -0.07, -0.04, -0.98
Gyro: -3.63, -0.20, 2.50
Accel: -0.06, -0.04, -0.97
Gyro: -3.72, 0.05, 2.19
Accel: -0.06, -0.03, -0.97
Gyro: -3.89, 0.72, 1.79
Accel: -0.05, -0.03, -0.97
Gyro: -3.08, 0.70, 1.87
Accel: -0.06, -0.04, -0.96
Gyro: -2.37, 0.33, 1.94
Accel: -0.06, -0.05, -0.96
Gyro: -3.07, 0.47, 1.13
Accel: -0.05, -0.02, -0.97
Gyro: -3.41, 0.08, 0.49
Accel: -0.06, 0.02, -0.96
Gyro: -0.99, -0.81, 1.71
Accel: -0.06, 0.01, -0.99
Gyro: 1.53, -0.69, 4.41
Accel: -0.06, -0.03, -0.96
Gyro: 2.56, -0.47, 4.61
Accel: -0.05, -0.03, -0.95
Gyro: 1.82, -1.34, 3.48
Accel: -0.05, -0.03, -0.97
Gyro: 1.43, -1.46, 2.82
Accel: -0.06, -0.03, -0.97
Gyro: 1.39, -0.18, 2.32
Accel: -0.05, -0.04, -0.97
Gyro: 1.14, 1.41, 2.28
Accel: -0.04, -0.05, -0.96
Gyro: 0.12, 2.44, 1.72
Accel: -0.04, -0.05, -0.95
Gyro: -0.60, 1.72, 1.11
Accel: -0.04, -0.06, -0.95
Gyro: -0.88, 0.51, 0.44
Accel: -0.04, -0.05, -0.95
Gyro: -1.18, -0.27, -0.46
Accel: -0.04, -0.05, -0.97
Gyro: -1.68, -0.44, -0.72
Accel: -0.05, -0.03, -0.96
Gyro: -1.58, 0.25, -0.66
Accel: -0.04, -0.03, -0.97
Gyro: -0.45, 0.08, 0.53
Accel: -0.05, -0.06, -0.97
Gyro: -1.18, 0.17, 0.69
Accel: -0.04, -0.04, -0.97
Gyro: -2.45, -0.02, -0.21
Accel: -0.05, -0.03, -0.97
Gyro: -3.09, 0.45, -0.05
Accel: -0.05, -0.03, -0.97
Gyro: -3.18, 0.74, 0.29
Accel: -0.04, -0.04, -0.95
Gyro: -2.99, 0.55, 0.52
Accel: -0.04, -0.04, -0.96
Gyro: -3.01, -0.02, 0.02
Accel: -0.04, -0.04, -0.96
Gyro: -2.83, -0.08, -0.72
Accel: -0.03, -0.04, -0.96
Gyro: -3.04, -0.44, -1.13
Accel: -0.04, -0.02, -0.96
Gyro: -2.07, 0.08, -1.08
Accel: -0.04, -0.03, -0.96
Gyro: -1.65, 0.14, -0.68
Accel: -0.04, -0.04, -0.96
Gyro: -1.91, 0.03, -1.08
Accel: -0.04, -0.04, -0.95
Gyro: -2.35, 0.11, -1.34
Accel: -0.03, -0.04, -0.96
Gyro: -2.26, 0.11, -1.51
Accel: -0.03, -0.03, -0.96
Gyro: -2.40, 0.11, -1.88
Accel: -0.03, -0.03, -0.95
Gyro: -2.06, -0.31, -1.49
Accel: -0.04, -0.02, -0.96
Gyro: -2.12, -0.83, -1.05
Accel: -0.04, -0.03, -0.96
Gyro: -2.17, -1.39, -0.61
Accel: -0.04, -0.03, -0.97
Gyro: -2.73, -1.26, -1.03
Accel: -0.04, -0.03, -0.96
Gyro: -2.55, -0.68, -1.28
Accel: -0.05, -0.03, -0.97
Gyro: -2.20, -0.75, -1.34
Accel: -0.04, -0.04, -0.95
Gyro: -1.85, -1.14, -1.82
Accel: -0.05, -0.04, -0.97
Gyro: -3.01, -1.62, -3.04
Accel: -0.05, -0.02, -0.97
Gyro: -2.97, -1.82, -3.11
Accel: -0.05, -0.02, -0.98
Gyro: -1.81, -1.54, -2.28
Accel: -0.05, -0.03, -0.99
Gyro: -2.16, -0.61, -2.38
Accel: -0.05, -0.02, -0.97
Gyro: -2.62, 0.09, -2.73
Accel: -0.06, -0.01, -0.96
Gyro: -2.31, 0.63, -1.46
Accel: -0.04, -0.01, -0.96
Gyro: -2.21, 1.02, -0.82
Accel: -0.05, -0.02, -0.97
Gyro: -1.92, 1.20, -0.16
Accel: -0.04, -0.02, -0.97
Gyro: -2.03, 1.72, 0.04
Accel: -0.03, -0.04, -0.95
Gyro: -2.17, 1.42, -0.31
Accel: -0.03, -0.02, -0.95
Gyro: -2.01, 0.95, -0.51
Accel: -0.03, -0.02, -0.95
Gyro: -1.51, 0.05, 0.06
Accel: -0.04, -0.03, -0.96
Gyro: -1.33, -0.80, 0.42
Accel: -0.04, -0.05, -0.97
Gyro: -2.90, -1.09, -0.21
Accel: -0.04, -0.04, -0.98
Gyro: -2.76, -0.70, -0.76
Accel: -0.04, -0.03, -0.98
Gyro: -2.14, -1.01, -1.08
Accel: -0.04, -0.04, -0.97
Gyro: -2.30, -1.11, -1.37
Accel: -0.04, -0.04, -0.97
Gyro: -2.82, -0.95, -1.98
Accel: -0.04, -0.02, -0.97
Gyro: -3.05, -0.74, -1.89
Accel: -0.05, -0.02, -0.97
Gyro: -2.52, -0.55, -1.52
Accel: -0.04, -0.01, -0.98
Gyro: -1.99, 0.05, -0.67
Accel: -0.03, -0.02, -0.97
Gyro: -1.65, -0.03, -0.14
Accel: -0.03, -0.03, -0.96
Gyro: -1.42, 0.29, -0.05
Accel: -0.03, -0.03, -0.96
Gyro: -1.58, 0.39, -0.37
Accel: -0.04, -0.03, -0.97
Gyro: -1.49, 0.43, -0.29
Accel: -0.03, -0.03, -0.95
Gyro: -1.08, 0.54, -0.49
Accel: -0.03, -0.04, -0.97
Gyro: -1.56, 0.32, -0.89
Accel: -0.03, -0.03, -0.95
Gyro: -1.69, 0.36, -0.83
Accel: -0.04, -0.03, -0.97
Gyro: -1.67, 0.08, -0.72
Accel: -0.03, -0.03, -0.96
Gyro: -1.70, -0.34, -0.39
Accel: -0.03, -0.03, -0.96
Gyro: -1.78, -0.56, -0.44
Accel: -0.03, -0.03, -0.96
Gyro: -1.89, -0.99, -0.84
Accel: -0.04, -0.04, -0.97
Gyro: -2.01, -1.24, -1.50
Accel: -0.04, -0.03, -0.97
Gyro: -2.09, -1.56, -1.70
Accel: -0.04, -0.02, -0.97
Gyro: -1.59, -1.40, -1.56
Accel: -0.04, -0.04, -0.95
Gyro: -2.33, -2.11, -1.75
Accel: -0.04, -0.02, -0.97
Gyro: -3.85, -2.00, -2.83
Accel: -0.03, -0.01, -0.97
Gyro: -2.89, -1.54, -1.94
Accel: -0.04, -0.02, -0.96
Gyro: -1.28, -1.90, -0.94
Accel: -0.04, -0.04, -0.98
Gyro: -2.11, -1.94, -1.50
Accel: -0.05, -0.02, -0.98
Gyro: -2.26, -1.71, -1.76
Accel: -0.05, -0.01, -0.97
Gyro: -1.53, -1.21, -1.11
Accel: -0.04, -0.02, -0.96
Gyro: -1.57, -0.34, -0.47
Accel: -0.04, -0.03, -0.97
Gyro: -1.27, -0.12, -0.28
Accel: -0.04, -0.03, -0.96
Gyro: -1.67, 0.03, -0.75
Accel: -0.04, -0.02, -0.96
Gyro: -1.85, -0.18, -0.99
Accel: -0.03, -0.03, -0.96
Gyro: -1.37, -0.85, -0.85
Accel: -0.04, -0.03, -0.97
Gyro: -1.85, -0.55, -1.37
Accel: -0.03, -0.02, -0.96
Gyro: -1.87, -0.95, -1.73
Accel: -0.04, -0.02, -0.98
Gyro: -2.49, -0.67, -1.82
Accel: -0.03, -0.01, -0.96
Gyro: -1.88, -0.57, -0.82
Accel: -0.04, -0.01, -0.97
Gyro: -1.19, -0.53, 1.05
Accel: -0.04, -0.02, -0.97
Gyro: -1.66, -0.38, 2.17
Accel: -0.04, -0.03, -0.97
Gyro: -2.76, -0.29, 2.69
Accel: -0.04, -0.03, -0.95
Gyro: -3.36, -0.69, 2.78
Accel: -0.04, -0.03, -0.95
Gyro: -3.81, -1.30, 1.82
Accel: -0.04, -0.02, -0.97
Gyro: -3.18, -1.42, 1.20
Accel: -0.04, -0.03, -0.97
Gyro: -2.35, -1.06, 0.60
Accel: -0.03, -0.03, -0.97
Gyro: -2.14, -0.91, -0.16
Accel: -0.04, -0.03, -0.97
Gyro: -2.26, -1.15, -0.65
Accel: -0.04, -0.02, -0.96
Gyro: -1.85, -1.46, -0.86
Accel: -0.04, -0.03, -0.96
Gyro: -1.68, -1.30, -1.14
Accel: -0.04, -0.02, -0.97
Gyro: -1.77, -1.17, -1.25
Accel: -0.04, -0.01, -0.97
Gyro: -1.70, -1.06, -1.21
Accel: -0.04, -0.01, -0.96
Gyro: -1.63, -0.72, -0.89
Accel: -0.04, -0.01, -0.97
Gyro: -1.45, -1.20, -0.61
Accel: -0.03, -0.01, -0.96
Gyro: -1.27, -1.01, 0.11
Accel: -0.04, -0.01, -0.96
Gyro: -1.21, -1.03, 0.54
Accel: -0.04, -0.01, -0.96
Gyro: -1.07, -1.61, 1.27
Accel: -0.04, -0.00, -0.96
Gyro: -0.68, -1.84, 2.56
Accel: -0.04, 0.02, -0.98
Gyro: -0.99, -1.39, 4.62
Accel: -0.04, 0.05, -0.96
Gyro: 0.21, -0.88, 9.43
Accel: -0.03, 0.10, -0.96
Gyro: -0.89, -1.37, 17.62
Accel: -0.02, 0.23, -0.98
Gyro: -4.69, -1.11, 35.67
Accel: -0.03, 0.49, -0.97
Gyro: -8.11, -0.34, 72.69
Accel: -0.05, 0.51, -0.91
Gyro: -7.30, -2.44, 125.92
Accel: -0.08, 0.30, -0.90
Gyro: -12.86, -7.85, 165.33
Accel: -0.11, 0.20, -0.94
Gyro: -21.68, -10.97, 186.33
