Accel: -0.16, 0.01, -0.96
Gyro: -1.31, -0.46, -0.60
Accel: -0.16, 0.00, -0.96
Gyro: -2.09, -0.40, -1.46
Accel: -0.16, 0.02, -0.95
Gyro: -2.81, -0.48, -2.12
Accel: -0.15, 0.03, -0.96
Gyro: -1.59, -0.26, -1.98
Accel: -0.15, 0.02, -0.96
Gyro: -0.56, -0.59, -0.91
Accel: -0.16, 0.01, -0.96
Gyro: -1.34, -0.84, -1.71
Accel: -0.15, 0.02, -0.96
Gyro: -1.75, -0.12, -1.95
Accel: -0.15, 0.03, -0.95
Gyro: -1.42, -0.34, -1.08
Accel: -0.15, 0.03, -0.95
Gyro: -0.85, -0.51, -0.47
Accel: -0.16, 0.02, -0.96
Gyro: -0.98, -0.63, -0.09
Accel: -0.15, 0.03, -0.95
Gyro: -0.69, -0.26, 0.19
Accel: -0.16, 0.02, -0.95
Gyro: -0.34, -0.56, 0.32
Accel: -0.15, 0.01, -0.95
Gyro: -0.67, -0.92, 0.24
Accel: -0.16, 0.01, -0.96
Gyro: -0.95, -1.26, -0.41
Accel: -0.16, 0.00, -0.96
Gyro: -1.73, -1.08, -1.24
Accel: -0.17, 0.02, -0.97
Gyro: -2.51, 0.05, -1.43
Accel: -0.16, 0.02, -0.96
Gyro: -1.33, 0.24, -0.69
Accel: -0.16, 0.02, -0.96
Gyro: -1.24, -0.14, -0.39
Accel: -0.16, 0.01, -0.95
Gyro: -1.67, -0.52, -0.61
Accel: -0.16, 0.02, -0.95
Gyro: -2.04, -0.36, -0.41
Accel: -0.15, 0.04, -0.96
Gyro: -1.71, -0.43, 0.90
Accel: -0.15, 0.04, -0.96
Gyro: -1.51, 0.24, 2.73
Accel: -0.15, 0.07, -0.96
Gyro: -1.32, 0.13, 5.62
Accel: -0.15, 0.10, -0.96
Gyro: -0.89, 0.07, 12.31
Accel: -0.15, 0.15, -0.97
Gyro: -1.36, 0.71, 22.20
Accel: -0.15, 0.26, -0.98
Gyro: -2.73, 2.03, 39.68
Accel: -0.13, 0.36, -0.98
Gyro: -1.75, 2.69, 66.76
Accel: -0.14, 0.39, -0.97
Gyro: -0.69, 3.59, 97.54
Accel: -0.18, 0.47, -0.98
Gyro: -2.05, 5.97, 131.76
Accel: -0.21, 0.43, -0.95
Gyro: 0.58, 8.17, 167.73
Accel: -0.24, 0.28, -0.96
Gyro: 0.25, 9.50, 190.89
Accel: -0.26, 0.20, -0.93
Gyro: -3.91, 10.95, 203.31
Accel: -0.27, 0.11, -0.94
Gyro: -6.07, 11.56, 208.21
Accel: -0.27, 0.05, -0.90
Gyro: -7.99, 9.35, 204.99
Accel: -0.26, 0.05, -0.96
Gyro: -8.16, 7.21, 198.39
Accel: -0.26, -0.01, -0.98
Gyro: -7.06, 7.75, 188.43
Accel: -0.22, -0.10, -0.96
Gyro: -7.80, 9.06, 171.68
Accel: -0.18, -0.11, -0.93
Gyro: -5.33, 5.42, 150.11
Accel: -0.19, -0.08, -0.97
Gyro: -3.69, 2.94, 129.35
Accel: -0.19, -0.06, -1.03
Gyro: -3.62, 6.34, 111.89
Accel: -0.16, -0.07, -1.00
Gyro: -2.54, 10.33, 96.27
Accel: -0.12, -0.02, -0.94
Gyro: -1.77, 8.34, 80.57
Accel: -0.12, 0.03, -0.97
Gyro: -0.69, 6.16, 69.81
Accel: -0.10, 0.03, -0.97
Gyro: 0.27, 6.16, 61.12
Accel: -0.06, 0.01, -0.95
Gyro: 1.66, 6.23, 50.80
Accel: -0.04, -0.00, -0.94
Gyro: 5.49, 3.50, 39.92
Accel: -0.04, -0.01, -0.94
Gyro: 8.15, 1.01, 28.18
Accel: -0.05, 0.01, -0.96
Gyro: 10.68, 0.11, 16.94
Accel: -0.03, 0.02, -0.96
Gyro: 10.45, -0.05, 9.31
Accel: -0.01, -0.01, -0.93
Gyro: 8.58, -2.47, 2.55
Accel: -0.02, 0.04, -0.94
Gyro: 2.61, -3.48, -2.48
Accel: -0.03, 0.06, -0.94
Gyro: 0.11, -4.15, -3.46
Accel: -0.04, 0.06, -0.95
Gyro: -2.06, -3.88, -4.27
Accel: -0.03, 0.06, -0.95
Gyro: -0.76, -4.46, -5.46
Accel: -0.04, 0.07, -0.93
Gyro: -3.68, -5.28, -7.51
Accel: -0.03, 0.05, -0.95
Gyro: -3.96, -6.08, -9.33
Accel: -0.04, 0.06, -0.93
Gyro: -3.23, -7.13, -13.52
Accel: -0.04, -0.03, -0.93
Gyro: -0.90, -9.49, -20.65
Accel: -0.05, -0.09, -0.93
Gyro: -0.67, -12.75, -35.98
Accel: -0.06, -0.15, -0.92
Gyro: 3.33, -16.99, -56.95
Accel: -0.09, -0.23, -0.94
Gyro: 7.48, -21.91, -83.32
Accel: -0.14, -0.32, -0.95
Gyro: 8.77, -25.55, -117.10
Accel: -0.20, -0.29, -0.93
Gyro: 7.65, -30.38, -155.85
Accel: -0.26, -0.29, -0.97
Gyro: 11.86, -35.62, -189.29
Accel: -0.33, -0.03, -1.02
Gyro: 11.22, -35.85, -211.70
Accel: -0.36, 0.14, -1.02
Gyro: 19.34, -30.88, -206.17
Accel: -0.35, 0.01, -1.02
Gyro: 19.85, -26.98, -201.93
Accel: -0.36, 0.17, -0.97
Gyro: 15.34, -23.39, -199.23
Accel: -0.33, 0.24, -1.00
Gyro: 20.63, -21.41, -180.96
Accel: -0.28, 0.08, -1.00
Gyro: 21.49, -19.45, -165.53
Accel: -0.27, -0.01, -0.98
Gyro: 12.31, -16.97, -158.80
Accel: -0.26, 0.06, -0.97
Gyro: 5.29, -15.18, -150.05
Accel: -0.24, 0.11, -0.96
Gyro: 4.23, -13.63, -133.09
Accel: -0.22, 0.09, -0.96
Gyro: 3.34, -12.36, -116.54
Accel: -0.21, 0.02, -0.97
Gyro: -0.64, -10.46, -103.23
Accel: -0.20, 0.04, -0.96
Gyro: -16.45, -6.46, -93.10
Accel: -0.17, 0.01, -0.88
Gyro: -17.75, -6.51, -78.91
Accel: -0.17, 0.05, -0.92
Gyro: -20.17, -7.09, -69.18
Accel: -0.16, 0.06, -0.91
Gyro: -18.55, -9.28, -57.46
Accel: -0.16, 0.04, -0.93
Gyro: -18.53, -10.91, -47.58
Accel: -0.18, 0.03, -0.94
Gyro: -18.43, -9.99, -38.51
Accel: -0.18, 0.05, -0.95
Gyro: -18.23, -9.72, -30.11
Accel: -0.19, 0.05, -0.97
Gyro: -15.79, -9.35, -20.90
Accel: -0.19, 0.04, -0.95
Gyro: -13.85, -7.05, -12.89
Accel: -0.20, 0.04, -0.94
Gyro: -10.83, -7.48, -5.75
Accel: -0.21, -0.01, -0.96
Gyro: -10.51, -7.45, -1.06
Accel: -0.22, -0.02, -0.97
Gyro: -11.10, -5.91, 0.34
Accel: -0.22, 0.01, -0.99
Gyro: -9.47, -3.04, 2.23
Accel: -0.22, 0.01, -0.98
Gyro: -7.06, -2.20, 5.03
Accel: -0.22, -0.03, -0.96
Gyro: -6.07, -1.25, 6.07
Accel: -0.22, -0.04, -0.97
Gyro: -6.13, 0.85, 4.33
Accel: -0.21, -0.02, -0.96
Gyro: -5.77, 2.52, 3.53
Accel: -0.20, -0.00, -0.94
Gyro: -3.48, 2.69, 4.48
Accel: -0.18, -0.02, -0.93
Gyro: -2.20, 1.76, 4.89
Accel: -0.18, -0.05, -0.93
Gyro: -2.78, 0.55, 3.59
Accel: -0.19, -0.04, -0.94
Gyro: -3.45, 0.13, 2.14
Accel: -0.19, -0.03, -0.93
Gyro: -2.59, -0.29, 1.75
Accel: -0.18, -0.02, -0.93
Gyro: -2.33, -1.01, 1.69
Accel: -0.18, -0.03, -0.94
Gyro: -1.69, -0.95, 2.07
Accel: -0.19, -0.02, -0.93
Gyro: -1.34, -1.38, 2.73
Accel: -0.20, -0.03, -0.95
Gyro: -1.38, -1.96, 3.29
Accel: -0.20, -0.03, -0.95
Gyro: -1.29, -1.75, 3.53
Accel: -0.20, -0.03, -0.94
Gyro: -1.38, -1.85, 3.43
Accel: -0.20, -0.03, -0.95
Gyro: -1.92, -2.08, 2.59
Accel: -0.20, -0.04, -0.95
Gyro: -1.69, -2.31, 2.43
Accel: -0.20, -0.04, -0.96
Gyro: -1.95, -2.65, 1.79
Accel: -0.21, -0.04, -0.96
Gyro: -2.66, -2.16, 0.94
Accel: -0.21, -0.04, -0.96
Gyro: -3.68, -1.57, 0.27
Accel: -0.21, -0.04, -0.95
Gyro: -3.46, -0.95, -0.22
Accel: -0.21, -0.03, -0.95
Gyro: -3.30, -0.37, -0.40
Accel: -0.20, -0.03, -0.96
Gyro: -2.76, 0.29, -0.21
Accel: -0.20, -0.02, -0.95
Gyro: -2.68, 0.22, -0.11
Accel: -0.20, -0.03, -0.93
Gyro: -3.08, 0.19, 0.27
Accel: -0.20, -0.05, -0.95
Gyro: -6.95, 0.74, 0.40
Accel: -0.20, -0.03, -0.93
Gyro: -10.80, 0.79, -0.10
Accel: -0.19, 0.01, -0.95
Gyro: -9.98, 0.02, 1.70
Accel: -0.19, -0.01, -0.94
Gyro: -7.50, -1.01, 3.64
Accel: -0.20, -0.03, -0.95
Gyro: -6.15, -1.56, 3.05
Accel: -0.22, -0.02, -0.96
Gyro: -6.94, -0.52, 1.27
Accel: -0.21, -0.01, -0.97
Gyro: -5.14, 0.73, 0.76
Accel: -0.20, -0.01, -0.95
Gyro: -3.52, 1.26, 0.84
Accel: -0.20, -0.02, -0.94
Gyro: -2.45, 1.44, 0.53
Accel: -0.19, -0.03, -0.94
Gyro: -2.33, 0.59, -0.19
Accel: -0.19, -0.02, -0.93
Gyro: -2.79, -0.37, -1.01
Accel: -0.19, -0.01, -0.94
Gyro: -2.54, -0.75, -1.13
Accel: -0.19, -0.02, -0.93
Gyro: -1.95, -1.08, -1.28
Accel: -0.20, -0.02, -0.96
Gyro: -3.12, -0.35, -1.75
Accel: -0.19, -0.01, -0.94
Gyro: -3.45, 0.53, -2.32
Accel: -0.19, 0.01, -0.95
Gyro: -1.95, -0.01, -0.75
Accel: -0.20, -0.01, -0.95
Gyro: -2.21, -0.47, -0.71
Accel: -0.19, -0.02, -0.95
Gyro: -3.19, -0.66, -1.50
Accel: -0.19, -0.01, -0.95
Gyro: -3.49, -0.79, -1.79
Accel: -0.20, -0.00, -0.94
Gyro: -3.03, -0.84, -1.72
Accel: -0.19, -0.00, -0.95
Gyro: -2.21, -0.44, -1.91
Accel: -0.19, -0.01, -0.94
Gyro: -1.32, -0.75, -2.25
Accel: -0.19, -0.01, -0.95
Gyro: -1.14, -1.23, -2.64
Accel: -0.19, -0.01, -0.96
Gyro: -1.17, -1.03, -2.25
Accel: -0.18, 0.00, -0.94
Gyro: -1.05, -0.96, -1.71
Accel: -0.19, -0.00, -0.95
Gyro: -1.41, -1.27, -1.16
Accel: -0.19, -0.01, -0.94
Gyro: -2.23, -1.64, -1.13
Accel: -0.19, -0.00, -0.94
Gyro: -3.07, -1.92, -0.75
Accel: -0.19, -0.00, -0.95
Gyro: -3.92, -2.18, -0.34
Accel: -0.20, 0.01, -0.95
Gyro: -4.67, -1.20, 0.21
Accel: -0.20, -0.01, -0.95
Gyro: -5.10, -0.91, 0.47
Accel: -0.19, -0.02, -0.94
Gyro: -5.31, -1.32, -0.47
Accel: -0.20, -0.01, -0.95
Gyro: -4.20, -1.19, -1.62
Accel: -0.20, -0.00, -0.96
Gyro: -3.14, -0.89, -1.98
Accel: -0.20, 0.01, -0.95
Gyro: -2.59, -0.91, -1.34
Accel: -0.20, 0.00, -0.94
Gyro: -1.78, -1.09, -0.98
Accel: -0.20, 0.01, -0.95
Gyro: -2.34, -0.93, -0.93
Accel: -0.20, 0.02, -0.95
Gyro: -2.92, -0.37, -0.36
