Accel: -0.26, -0.04, -0.91
Gyro: -3.81, -0.18, 0.41
Accel: -0.27, -0.05, -0.92
Gyro: -3.17, -1.03, 0.22
Accel: -0.27, -0.06, -0.93
Gyro: -3.48, -0.73, -0.76
Accel: -0.27, -0.05, -0.93
Gyro: -5.74, 0.14, -2.51
Accel: -0.28, -0.02, -0.93
Gyro: -4.68, 0.05, -2.44
Accel: -0.27, -0.03, -0.94
Gyro: -4.19, -0.18, -2.55
Accel: -0.28, -0.03, -0.93
Gyro: -5.00, -0.57, -3.33
Accel: -0.27, -0.02, -0.93
Gyro: -4.87, -0.79, -3.52
Accel: -0.29, -0.03, -0.93
Gyro: -4.59, -1.26, -3.76
Accel: -0.29, -0.03, -0.94
Gyro: -4.90, -0.76, -4.62
Accel: -0.29, -0.02, -0.96
Gyro: -5.89, 0.95, -5.38
Accel: -0.29, -0.01, -0.94
Gyro: -6.90, 2.50, -5.10
Accel: -0.27, -0.02, -0.93
Gyro: -6.98, 4.06, -4.34
Accel: -0.26, -0.02, -0.93
Gyro: -6.97, 4.09, -4.15
Accel: -0.26, -0.02, -0.93
Gyro: -5.10, 3.65, -3.85
Accel: -0.26, -0.02, -0.93
Gyro: -3.43, 3.78, -3.27
Accel: -0.26, -0.02, -0.93
Gyro: -1.89, 3.11, -2.98
Accel: -0.25, -0.02, -0.92
Gyro: -1.89, 1.85, -3.04
Accel: -0.25, -0.02, -0.93
Gyro: -2.05, 1.57, -3.17
Accel: -0.25, -0.01, -0.93
Gyro: -0.99, 1.45, -3.23
Accel: -0.25, -0.03, -0.95
Gyro: 0.03, 2.37, -2.84
Accel: -0.27, -0.04, -0.94
Gyro: -0.85, 3.25, -3.28
Accel: -0.26, -0.04, -0.94
Gyro: -2.30, 3.85, -4.02
Accel: -0.26, -0.02, -0.93
Gyro: -3.30, 4.07, -4.02
Accel: -0.25, -0.03, -0.93
Gyro: -3.84, 3.49, -3.84
Accel: -0.25, -0.02, -0.94
Gyro: -3.93, 3.14, -3.97
Accel: -0.24, -0.02, -0.94
Gyro: -3.85, 2.82, -3.98
Accel: -0.25, -0.02, -0.93
Gyro: -3.16, 2.65, -3.42
Accel: -0.24, -0.02, -0.92
Gyro: -2.17, 2.12, -2.85
Accel: -0.24, -0.02, -0.92
Gyro: -2.01, 1.03, -2.29
Accel: -0.23, -0.02, -0.93
Gyro: -2.17, 0.56, -2.13
Accel: -0.24, -0.03, -0.93
Gyro: -2.57, 0.95, -2.20
Accel: -0.24, -0.03, -0.94
Gyro: -2.80, 1.33, -2.52
Accel: -0.24, -0.02, -0.94
Gyro: -2.50, 1.95, -2.48
Accel: -0.23, -0.02, -0.92
Gyro: -1.89, 1.17, -2.34
Accel: -0.24, -0.02, -0.92
Gyro: -2.15, 0.29, -2.13
Accel: -0.24, -0.03, -0.94
Gyro: -2.70, 0.04, -2.29
Accel: -0.24, -0.03, -0.94
Gyro: -2.78, -0.03, -2.42
Accel: -0.24, -0.03, -0.94
Gyro: -3.68, 0.52, -2.59
Accel: -0.24, -0.01, -0.94
Gyro: -3.59, 0.42, -2.86
Accel: -0.24, -0.02, -0.94
Gyro: -2.70, 0.43, -2.24
Accel: -0.23, -0.02, -0.93
Gyro: -2.14, -0.36, -2.47
Accel: -0.24, -0.03, -0.95
Gyro: -3.17, -0.95, -3.18
Accel: -0.25, -0.02, -0.95
Gyro: -3.67, -0.76, -3.53
Accel: -0.24, -0.02, -0.94
Gyro: -3.27, -0.36, -3.19
Accel: -0.25, -0.01, -0.94
Gyro: -3.02, 0.27, -3.05
Accel: -0.24, -0.02, -0.95
Gyro: -2.98, 0.86, -3.13
Accel: -0.24, -0.01, -0.94
Gyro: -3.21, 1.39, -3.02
Accel: -0.23, -0.01, -0.93
Gyro: -3.34, 0.82, -2.78
Accel: -0.22, -0.01, -0.93
Gyro: -2.85, -0.11, -2.29
Accel: -0.23, -0.02, -0.93
Gyro: -2.49, -0.77, -1.74
Accel: -0.23, -0.01, -0.94
Gyro: -2.98, -0.55, -1.90
Accel: -0.23, -0.00, -0.93
Gyro: -2.58, -0.26, -1.53
Accel: -0.23, -0.01, -0.94
Gyro: -1.66, -0.76, -1.05
Accel: -0.24, -0.02, -0.93
Gyro: -2.17, -0.99, -1.21
Accel: -0.23, -0.02, -0.94
Gyro: -2.40, -0.72, -1.59
Accel: -0.23, -0.01, -0.94
Gyro: -2.98, -0.48, -1.80
Accel: -0.24, -0.01, -0.94
Gyro: -2.59, -0.36, -1.46
Accel: -0.24, -0.01, -0.95
Gyro: -1.83, 0.06, -1.43
Accel: -0.23, -0.02, -0.94
Gyro: -1.28, 0.00, -1.19
Accel: -0.24, -0.02, -0.94
Gyro: -1.44, 0.41, -1.24
Accel: -0.23, -0.01, -0.93
Gyro: -1.58, 0.08, -1.07
Accel: -0.23, -0.03, -0.95
Gyro: -1.76, 0.60, -1.30
Accel: -0.24, -0.03, -0.94
Gyro: -2.35, 0.79, -1.50
Accel: -0.23, -0.02, -0.94
Gyro: -2.53, 0.78, -2.09
Accel: -0.23, -0.02, -0.93
Gyro: -2.28, 0.46, -2.27
Accel: -0.23, -0.02, -0.94
Gyro: -2.27, 0.20, -2.50
Accel: -0.24, -0.01, -0.94
Gyro: -2.30, 0.86, -2.40
Accel: -0.23, -0.01, -0.94
Gyro: -1.81, 0.39, -1.97
Accel: -0.23, -0.02, -0.93
Gyro: -1.88, 0.08, -1.91
Accel: -0.23, -0.02, -0.93
Gyro: -2.40, -0.34, -2.01
Accel: -0.22, -0.02, -0.93
Gyro: -2.05, -0.79, -2.14
Accel: -0.23, -0.02, -0.94
Gyro: -2.07, -1.22, -2.18
Accel: -0.23, -0.02, -0.93
Gyro: -3.25, -1.57, -2.62
Accel: -0.23, -0.00, -0.94
Gyro: -2.69, -1.36, -2.27
Accel: -0.23, -0.01, -0.94
Gyro: -1.23, -1.72, -1.45
Accel: -0.23, -0.03, -0.94
Gyro: -1.75, -1.90, -2.22
Accel: -0.23, -0.02, -0.95
Gyro: -2.53, -1.90, -3.17
Accel: -0.23, -0.00, -0.93
Gyro: -2.26, -1.96, -2.56
Accel: -0.24, -0.01, -0.95
Gyro: -1.63, -1.61, -1.82
Accel: -0.24, -0.01, -0.94
Gyro: -1.90, -1.14, -1.63
Accel: -0.24, -0.03, -0.94
Gyro: -2.45, -0.69, -2.12
Accel: -0.24, -0.02, -0.93
Gyro: -2.22, -0.88, -2.17
Accel: -0.23, -0.02, -0.94
Gyro: -1.91, -0.76, -2.22
Accel: -0.23, -0.01, -0.93
Gyro: -1.72, -0.90, -2.38
Accel: -0.24, -0.02, -0.95
Gyro: -2.53, -0.37, -2.60
Accel: -0.23, -0.01, -0.94
Gyro: -3.27, 0.11, -2.78
Accel: -0.23, -0.00, -0.94
Gyro: -2.09, -0.49, -2.12
Accel: -0.23, -0.02, -0.94
Gyro: -1.84, 0.14, -1.81
Accel: -0.24, -0.02, -0.94
Gyro: -3.20, -0.10, -2.33
Accel: -0.23, -0.02, -0.94
Gyro: -3.29, -0.17, -2.74
Accel: -0.24, -0.01, -0.94
Gyro: -3.36, -0.34, -2.46
Accel: -0.24, -0.01, -0.95
Gyro: -3.10, -0.27, -2.78
Accel: -0.23, -0.01, -0.94
Gyro: -2.98, -0.17, -2.49
Accel: -0.24, -0.01, -0.95
Gyro: -3.00, 0.72, -2.51
Accel: -0.24, -0.02, -0.95
Gyro: -2.73, 1.57, -2.28
Accel: -0.24, -0.01, -0.95
Gyro: -3.17, 1.82, -2.51
Accel: -0.24, -0.02, -0.95
Gyro: -3.36, 2.74, -2.52
Accel: -0.25, -0.01, -0.95
Gyro: -3.35, 3.72, -2.33
Accel: -0.24, -0.01, -0.95
Gyro: -3.42, 5.04, -2.22
Accel: -0.26, -0.01, -0.98
Gyro: -3.78, 7.13, -2.03
Accel: -0.24, -0.00, -0.97
Gyro: -3.12, 9.95, -2.27
Accel: -0.24, 0.00, -0.95
Gyro: -2.42, 11.66, -2.26
Accel: -0.23, 0.00, -0.96
Gyro: -2.42, 12.81, -2.13
Accel: -0.23, 0.01, -0.96
Gyro: -2.03, 14.53, -1.43
Accel: -0.21, 0.01, -0.96
Gyro: -1.52, 16.06, -0.26
Accel: -0.19, 0.00, -0.93
Gyro: -0.92, 15.37, 0.40
Accel: -0.20, -0.01, -0.97
Gyro: -1.27, 15.27, 0.31
Accel: -0.19, -0.01, -0.94
Gyro: -0.89, 15.79, 0.04
Accel: -0.17, -0.02, -0.95
Gyro: -2.02, 15.17, -1.18
Accel: -0.16, -0.01, -0.94
Gyro: -2.73, 13.98, -2.39
Accel: -0.15, 0.00, -0.93
Gyro: -1.07, 12.43, -2.28
Accel: -0.15, -0.01, -0.92
Gyro: 0.17, 10.07, -2.05
Accel: -0.15, -0.01, -0.93
Gyro: 0.16, 7.87, -2.74
Accel: -0.15, -0.01, -0.94
Gyro: -0.29, 6.62, -3.05
Accel: -0.14, -0.01, -0.95
Gyro: -0.39, 6.19, -3.33
Accel: -0.14, -0.01, -0.94
Gyro: -0.21, 6.07, -3.12
Accel: -0.14, -0.01, -0.94
Gyro: -0.53, 4.81, -3.20
Accel: -0.13, -0.01, -0.93
Gyro: -0.94, 3.04, -2.61
Accel: -0.12, -0.00, -0.92
Gyro: -0.92, 0.86, -1.70
Accel: -0.14, -0.00, -0.95
Gyro: -1.14, -0.76, -1.10
Accel: -0.14, -0.02, -0.96
Gyro: -1.55, -0.91, -0.87
Accel: -0.16, -0.01, -0.97
Gyro: -2.71, 0.11, -1.17
Accel: -0.15, -0.00, -0.95
Gyro: -2.05, 0.61, -1.06
Accel: -0.15, -0.02, -0.96
Gyro: -1.72, 0.67, -0.59
Accel: -0.15, -0.02, -0.95
Gyro: -2.24, 0.29, -0.85
Accel: -0.15, -0.02, -0.96
Gyro: -2.94, 0.66, -1.43
Accel: -0.16, -0.02, -0.96
Gyro: -3.30, 1.29, -1.58
Accel: -0.15, -0.01, -0.96
Gyro: -2.56, 1.64, -1.91
Accel: -0.14, -0.01, -0.95
Gyro: -2.32, 1.50, -2.24
Accel: -0.14, -0.01, -0.95
Gyro: -1.74, 0.65, -2.26
Accel: -0.15, -0.01, -0.95
Gyro: -1.71, 0.31, -1.81
Accel: -0.14, -0.01, -0.96
Gyro: -2.09, 0.50, -0.97
Accel: -0.14, -0.01, -0.96
Gyro: -2.43, 0.24, -0.80
Accel: -0.14, -0.01, -0.95
Gyro: -2.96, 0.01, -0.64
Accel: -0.14, -0.01, -0.96
Gyro: -2.99, -0.16, -0.63
Accel: -0.14, -0.01, -0.96
Gyro: -3.07, 0.01, -0.95
Accel: -0.14, 0.00, -0.96
Gyro: -2.94, -0.24, -0.28
Accel: -0.14, 0.01, -0.95
Gyro: -3.10, 0.02, 0.12
Accel: -0.15, 0.02, -0.96
Gyro: -3.17, -0.05, 1.91
Accel: -0.15, 0.03, -0.96
Gyro: -3.11, -0.21, 4.36
Accel: -0.15, 0.05, -0.96
Gyro: -3.12, 0.08, 7.17
Accel: -0.15, 0.07, -0.98
Gyro: -3.25, 1.01, 13.21
Accel: -0.15, 0.12, -0.98
Gyro: -3.97, 2.48, 22.25
Accel: -0.17, 0.19, -0.99
Gyro: -5.95, 4.98, 36.98
Accel: -0.15, 0.30, -1.00
Gyro: -7.45, 8.03, 60.41
Accel: -0.16, 0.31, -1.00
Gyro: -6.40, 11.31, 87.39
Accel: -0.16, 0.33, -0.99
Gyro: -6.81, 13.46, 112.75
Accel: -0.20, 0.41, -1.02
Gyro: -7.86, 17.07, 142.01
Accel: -0.25, 0.44, -1.03
Gyro: -6.98, 23.90, 177.03
Accel: -0.25, 0.26, -0.97
Gyro: -4.04, 29.46, 203.90
