Accel: -0.15, 0.06, -0.96
Gyro: -2.37, -0.08, -1.34
Accel: -0.14, 0.05, -0.96
Gyro: -2.11, 1.10, -1.15
Accel: -0.14, 0.05, -0.96
Gyro: -1.85, 1.01, -1.37
Accel: -0.14, 0.05, -0.96
Gyro: -1.37, 0.05, -1.44
Accel: -0.14, 0.06, -0.96
Gyro: -0.08, -1.05, -0.84
Accel: -0.14, 0.05, -0.97
Gyro: -0.53, 0.11, 0.46
Accel: -0.15, 0.05, -0.96
Gyro: -1.29, 0.96, 0.13
Accel: -0.13, 0.04, -0.95
Gyro: -1.46, 0.43, -0.66
Accel: -0.12, 0.05, -0.94
Gyro: -1.08, -1.17, -1.27
Accel: -0.14, 0.05, -0.96
Gyro: -1.37, -2.32, -0.97
Accel: -0.14, 0.05, -0.97
Gyro: -2.21, -1.95, -0.30
Accel: -0.14, 0.05, -0.96
Gyro: -1.57, -0.72, -0.11
Accel: -0.13, 0.03, -0.95
Gyro: -0.71, -0.71, -0.63
Accel: -0.13, 0.04, -0.95
Gyro: -1.37, -1.78, -1.80
Accel: -0.12, 0.04, -0.95
Gyro: -2.30, -2.66, -2.33
Accel: -0.11, 0.04, -0.94
Gyro: -2.40, -4.71, -2.46
Accel: -0.11, 0.03, -0.94
Gyro: -3.82, -7.34, -3.47
Accel: -0.10, 0.04, -0.92
Gyro: -3.11, -11.99, -4.15
Accel: -0.09, 0.03, -0.88
Gyro: -4.75, -18.41, -4.44
Accel: -0.10, 0.03, -0.87
Gyro: -7.00, -28.66, -5.04
Accel: -0.12, 0.03, -0.87
Gyro: -8.91, -39.24, -5.97
Accel: -0.11, 0.03, -0.82
Gyro: -10.29, -50.58, -6.87
Accel: -0.13, 0.05, -0.78
Gyro: -10.25, -68.05, -8.36
Accel: -0.18, 0.05, -0.75
Gyro: -11.40, -85.85, -9.61
Accel: -0.26, 0.04, -0.71
Gyro: -11.18, -103.84, -10.72
Accel: -0.34, 0.05, -0.77
Gyro: -12.16, -118.51, -13.11
Accel: -0.45, 0.06, -0.67
Gyro: -12.23, -127.13, -15.81
Accel: -0.58, 0.05, -0.77
Gyro: -3.61, -134.29, -18.73
Accel: -0.70, 0.06, -0.93
Gyro: -8.55, -120.24, -20.04
Accel: -0.73, 0.10, -0.81
Gyro: -10.86, -100.12, -20.18
Accel: -0.75, 0.11, -0.66
Gyro: 3.36, -91.77, -16.29
Accel: -0.82, 0.09, -0.79
Gyro: 2.59, -90.26, -9.58
Accel: -0.88, 0.11, -0.85
Gyro: -10.69, -70.89, -1.78
Accel: -0.85, 0.09, -0.72
Gyro: -3.55, -53.22, 2.75
Accel: -0.89, 0.09, -0.70
Gyro: 1.96, -45.40, 4.81
Accel: -0.92, 0.08, -0.81
Gyro: 0.21, -26.83, 6.89
Accel: -0.91, 0.05, -0.68
Gyro: 2.49, -7.60, 6.40
Accel: -0.89, 0.04, -0.71
Gyro: 4.99, 3.04, 3.48
Accel: -0.85, 0.05, -0.65
Gyro: -5.23, 15.51, 2.88
Accel: -0.80, 0.06, -0.59
Gyro: -0.27, 15.59, 1.54
Accel: -0.84, 0.07, -0.66
Gyro: 0.90, 17.27, 0.87
Accel: -0.88, 0.09, -0.77
Gyro: 0.47, 31.57, 2.24
Accel: -0.86, 0.06, -0.71
Gyro: 5.43, 45.27, 0.40
Accel: -0.89, 0.09, -0.83
Gyro: 5.40, 62.45, 2.60
Accel: -0.80, 0.06, -0.76
Gyro: 3.06, 80.76, 4.27
Accel: -0.77, 0.08, -0.81
Gyro: 10.47, 91.23, 6.58
Accel: -0.70, 0.05, -0.77
Gyro: 5.59, 103.49, 8.34
Accel: -0.59, 0.05, -0.70
Gyro: 1.64, 103.00, 9.19
Accel: -0.61, 0.05, -0.85
Gyro: 4.98, 104.38, 8.97
Accel: -0.51, 0.03, -0.79
Gyro: -0.08, 107.21, 7.65
Accel: -0.42, 0.05, -0.79
Gyro: 5.32, 100.39, 4.65
Accel: -0.39, 0.04, -0.84
Gyro: -0.13, 104.01, 4.87
Accel: -0.28, 0.04, -0.76
Gyro: 3.44, 91.24, 3.56
Accel: -0.27, 0.04, -0.84
Gyro: 1.74, 82.03, 2.01
Accel: -0.16, 0.04, -0.72
Gyro: -1.89, 65.51, 1.46
Accel: -0.12, 0.04, -0.78
Gyro: 2.94, 46.66, -0.85
Accel: -0.12, 0.04, -0.87
Gyro: 3.47, 35.53, -2.88
Accel: -0.11, 0.03, -0.83
Gyro: 1.31, 24.95, -3.64
Accel: -0.10, 0.02, -0.87
Gyro: 3.34, 11.73, -5.13
Accel: -0.12, 0.04, -0.92
Gyro: 0.38, 5.29, -5.13
Accel: -0.13, 0.05, -0.95
Gyro: 0.31, 1.85, -3.72
Accel: -0.14, 0.04, -0.96
Gyro: 0.56, 2.27, -2.25
Accel: -0.14, 0.04, -0.96
Gyro: 0.29, 1.84, -1.30
Accel: -0.14, 0.04, -0.96
Gyro: -2.48, 0.78, 0.18
Accel: -0.14, 0.04, -0.96
Gyro: -3.55, 0.25, 1.82
Accel: -0.15, 0.03, -0.94
Gyro: -2.74, -2.28, 1.79
Accel: -0.15, 0.03, -0.97
Gyro: -3.92, -2.62, 1.69
Accel: -0.14, 0.03, -0.96
Gyro: -2.82, -3.38, 1.36
Accel: -0.15, 0.04, -0.96
Gyro: -1.51, -4.11, 1.30
Accel: -0.15, 0.03, -0.95
Gyro: -1.75, -5.27, -0.54
Accel: -0.15, 0.03, -0.97
Gyro: -2.33, -5.58, -1.97
Accel: -0.17, 0.04, -0.97
Gyro: -2.85, -4.66, -2.67
Accel: -0.16, 0.04, -0.96
Gyro: -2.94, -4.27, -2.85
Accel: -0.17, 0.05, -0.95
Gyro: -3.01, -5.31, -2.10
Accel: -0.18, 0.04, -0.97
Gyro: -2.88, -5.19, -1.83
Accel: -0.18, 0.04, -0.96
Gyro: -3.04, -4.17, -1.43
Accel: -0.18, 0.04, -0.95
Gyro: -3.42, -4.55, -1.38
Accel: -0.18, 0.05, -0.95
Gyro: -2.66, -3.90, -1.34
Accel: -0.18, 0.05, -0.96
Gyro: -0.80, -3.64, -0.95
Accel: -0.18, 0.04, -0.96
Gyro: -0.33, -3.76, -0.55
Accel: -0.19, 0.04, -0.96
Gyro: -0.48, -4.20, -0.10
Accel: -0.19, 0.03, -0.98
Gyro: -0.79, -2.96, -0.31
Accel: -0.19, 0.03, -0.96
Gyro: -2.11, -1.16, -0.37
Accel: -0.18, 0.03, -0.95
Gyro: -2.23, -1.22, -0.99
Accel: -0.19, 0.04, -0.95
Gyro: -2.16, -2.24, -1.10
Accel: -0.20, 0.04, -0.96
Gyro: -1.73, -2.75, -0.58
Accel: -0.18, 0.04, -0.96
Gyro: -1.36, -1.63, -0.31
Accel: -0.19, 0.04, -0.94
Gyro: -0.48, -1.86, -0.07
Accel: -0.18, 0.03, -0.94
Gyro: -1.17, -2.69, 0.18
Accel: -0.20, 0.03, -0.96
Gyro: -1.85, -2.86, -0.24
Accel: -0.20, 0.04, -0.97
Gyro: -2.27, -1.08, -0.72
Accel: -0.19, 0.03, -0.94
Gyro: -0.71, -1.74, -0.86
Accel: -0.19, 0.03, -0.93
Gyro: -1.17, -4.09, -1.30
Accel: -0.19, 0.03, -0.95
Gyro: -1.82, -4.49, -1.15
Accel: -0.19, 0.04, -0.95
Gyro: -1.59, -4.62, -1.20
Accel: -0.21, 0.03, -0.97
Gyro: -2.24, -3.04, -0.95
Accel: -0.21, 0.03, -0.97
Gyro: -2.41, -1.00, -0.22
Accel: -0.21, 0.03, -0.96
Gyro: -2.78, 0.56, -1.08
Accel: -0.20, 0.03, -0.93
Gyro: -2.32, 0.26, -1.67
Accel: -0.20, 0.03, -0.94
Gyro: -1.77, -1.37, -2.40
Accel: -0.20, 0.04, -0.96
Gyro: -2.69, -1.24, -1.63
