Accel: -0.31, 0.05, -0.92
Gyro: -0.45, -1.11, -0.52
Accel: -0.32, 0.04, -0.93
Gyro: -1.05, -0.56, 0.19
Accel: -0.31, 0.05, -0.92
Gyro: -0.72, -0.20, 0.27
Accel: -0.31, 0.04, -0.91
Gyro: -1.22, -0.11, 0.16
Accel: -0.30, 0.03, -0.92
Gyro: -1.37, -1.30, -0.63
Accel: -0.32, 0.04, -0.93
Gyro: -2.09, -0.06, -1.44
Accel: -0.31, 0.04, -0.92
Gyro: -1.53, 1.12, -1.28
Accel: -0.30, 0.04, -0.91
Gyro: -2.17, 0.11, -1.17
Accel: -0.29, 0.04, -0.90
Gyro: -2.08, -2.11, -0.92
Accel: -0.28, 0.02, -0.88
Gyro: -3.46, -4.44, -1.30
Accel: -0.26, 0.02, -0.86
Gyro: -6.74, -9.94, -2.83
Accel: -0.25, 0.02, -0.84
Gyro: -9.49, -18.75, -4.49
Accel: -0.24, 0.03, -0.84
Gyro: -10.66, -28.31, -6.41
Accel: -0.23, 0.03, -0.79
Gyro: -12.28, -40.85, -8.14
Accel: -0.22, 0.05, -0.71
Gyro: -12.53, -56.65, -9.26
Accel: -0.23, 0.07, -0.62
Gyro: -10.77, -82.00, -8.41
Accel: -0.29, 0.07, -0.59
Gyro: -9.64, -109.17, -8.31
Accel: -0.36, 0.09, -0.47
Gyro: -6.82, -136.92, -7.00
Accel: -0.51, 0.08, -0.47
Gyro: -4.28, -165.36, -5.52
Accel: -0.73, 0.08, -0.66
Gyro: -6.54, -173.69, -7.19
Accel: -0.90, 0.08, -0.82
Gyro: -0.23, -154.82, -10.54
Accel: -1.00, 0.07, -0.75
Gyro: 14.47, -126.88, -15.38
Accel: -1.06, 0.04, -0.79
Gyro: 12.79, -97.89, -16.57
Accel: -1.08, 0.04, -0.68
Gyro: 8.29, -73.35, -13.30
Accel: -1.12, 0.03, -0.69
Gyro: 5.71, -50.82, -7.29
Accel: -1.17, 0.04, -0.69
Gyro: -2.11, -25.22, -2.64
Accel: -1.14, 0.05, -0.71
Gyro: -0.80, 3.07, -1.66
Accel: -1.04, 0.03, -0.56
Gyro: 1.66, 24.77, -1.53
Accel: -0.99, 0.02, -0.56
Gyro: 1.01, 30.51, -0.27
Accel: -1.03, 0.02, -0.70
Gyro: -5.02, 47.54, 1.34
Accel: -0.95, 0.03, -0.59
Gyro: -4.27, 69.95, 2.04
Accel: -0.91, 0.02, -0.62
Gyro: -0.82, 75.29, 2.47
Accel: -0.87, 0.03, -0.71
Gyro: -6.63, 90.80, 2.04
Accel: -0.80, 0.03, -0.57
Gyro: -6.72, 98.00, 2.38
Accel: -0.76, 0.03, -0.62
Gyro: 0.96, 95.79, 4.49
Accel: -0.70, 0.03, -0.67
Gyro: -2.83, 99.93, 4.77
Accel: -0.63, 0.05, -0.68
Gyro: -2.78, 97.75, 4.78
Accel: -0.58, 0.05, -0.70
Gyro: 0.66, 93.74, 5.36
Accel: -0.51, 0.03, -0.72
Gyro: 0.16, 90.39, 5.49
Accel: -0.47, 0.04, -0.74
Gyro: -0.21, 82.76, 5.52
Accel: -0.43, 0.03, -0.78
Gyro: 0.71, 75.28, 4.73
Accel: -0.38, 0.02, -0.78
Gyro: -0.62, 68.08, 3.77
Accel: -0.34, 0.03, -0.81
Gyro: -2.20, 59.68, 2.87
Accel: -0.30, 0.03, -0.79
Gyro: -2.24, 50.58, 2.43
Accel: -0.27, 0.04, -0.83
Gyro: -0.56, 42.60, 1.63
Accel: -0.25, 0.04, -0.81
Gyro: 0.58, 32.76, -0.12
Accel: -0.26, 0.03, -0.88
Gyro: 1.47, 24.18, -1.85
Accel: -0.24, 0.03, -0.88
Gyro: 1.09, 19.30, -2.17
Accel: -0.23, 0.03, -0.88
Gyro: 1.55, 13.39, -2.18
Accel: -0.22, 0.03, -0.88
Gyro: -0.25, 7.61, -1.90
Accel: -0.24, 0.03, -0.89
Gyro: -0.87, -0.47, -1.31
Accel: -0.26, 0.02, -0.94
Gyro: -4.56, -2.02, -1.45
Accel: -0.26, 0.03, -0.94
Gyro: -6.24, -1.55, -1.66
Accel: -0.27, 0.03, -0.93
Gyro: -5.59, -1.88, -1.98
Accel: -0.28, 0.04, -0.94
Gyro: -4.62, -1.54, -2.62
Accel: -0.28, 0.05, -0.93
Gyro: -3.75, -0.96, -2.59
Accel: -0.28, 0.05, -0.92
Gyro: -3.03, -1.24, -2.06
Accel: -0.29, 0.05, -0.92
Gyro: -3.52, -1.85, -0.61
Accel: -0.28, 0.05, -0.94
Gyro: -4.95, -1.29, -0.51
Accel: -0.28, 0.05, -0.94
Gyro: -5.02, -0.06, -1.05
Accel: -0.28, 0.05, -0.91
Gyro: -4.10, -0.57, -1.41
Accel: -0.28, 0.05, -0.91
Gyro: -2.96, -2.17, -1.59
Accel: -0.28, 0.06, -0.92
Gyro: -1.43, -3.88, -1.17
Accel: -0.29, 0.06, -0.92
Gyro: -1.29, -3.95, -0.62
Accel: -0.29, 0.05, -0.92
Gyro: -1.49, -4.35, 0.39
Accel: -0.30, 0.05, -0.93
Gyro: -1.04, -3.91, 0.53
Accel: -0.30, 0.03, -0.95
Gyro: -1.68, -3.36, 0.77
Accel: -0.30, 0.04, -0.93
Gyro: -1.94, -2.91, 0.05
Accel: -0.30, 0.04, -0.93
Gyro: -1.97, -1.70, -0.40
Accel: -0.29, 0.05, -0.92
Gyro: -1.70, -1.43, -1.16
Accel: -0.29, 0.04, -0.92
Gyro: -1.08, -1.95, -1.24
Accel: -0.29, 0.05, -0.92
Gyro: -1.09, -2.20, -1.43
Accel: -0.30, 0.05, -0.93
Gyro: -1.30, -2.74, -0.57
Accel: -0.30, 0.05, -0.91
Gyro: -1.24, -3.17, -0.09
Accel: -0.30, 0.04, -0.93
Gyro: -1.20, -3.43, 0.37
Accel: -0.30, 0.03, -0.93
Gyro: -1.93, -3.11, 0.24
Accel: -0.30, 0.04, -0.92
Gyro: -2.20, -3.01, -0.27
Accel: -0.30, 0.04, -0.93
Gyro: -1.70, -3.52, -0.98
Accel: -0.31, 0.04, -0.93
Gyro: -1.43, -3.08, -0.92
Accel: -0.31, 0.04, -0.93
Gyro: -1.37, -2.44, -0.81
Accel: -0.31, 0.04, -0.92
Gyro: -1.37, -1.97, -0.83
Accel: -0.30, 0.04, -0.92
Gyro: -1.53, -2.11, -0.69
Accel: -0.30, 0.03, -0.92
Gyro: -2.25, -2.67, -1.05
Accel: -0.31, 0.04, -0.94
Gyro: -3.41, -2.29, -1.34
Accel: -0.31, 0.04, -0.91
Gyro: -1.88, -2.59, -1.50
Accel: -0.32, 0.04, -0.93
Gyro: -2.34, -2.25, -1.07
Accel: -0.32, 0.05, -0.91
Gyro: -3.14, -1.50, -0.72
Accel: -0.32, 0.04, -0.92
Gyro: -2.48, -1.54, -0.90
Accel: -0.32, 0.04, -0.92
Gyro: -2.91, -2.08, -1.27
Accel: -0.32, 0.05, -0.91
Gyro: -2.81, -1.80, -1.50
Accel: -0.32, 0.05, -0.93
Gyro: -2.25, -1.49, -1.25
Accel: -0.32, 0.05, -0.92
Gyro: -1.95, -1.06, -1.32
Accel: -0.33, 0.05, -0.93
Gyro: -1.47, -0.42, -0.56
Accel: -0.32, 0.04, -0.92
Gyro: -1.91, 0.60, -0.76
Accel: -0.31, 0.04, -0.91
Gyro: -1.91, 0.18, -0.90
Accel: -0.32, 0.04, -0.92
Gyro: -2.03, 0.01, -1.50
Accel: -0.32, 0.05, -0.93
Gyro: -1.54, -0.22, -1.23
Accel: -0.31, 0.04, -0.91
Gyro: -1.26, -0.04, -0.83
Accel: -0.30, 0.04, -0.92
Gyro: -0.95, -0.90, -0.56
Accel: -0.31, 0.05, -0.92
Gyro: -1.33, -0.79, -0.62
Accel: -0.31, 0.03, -0.93
Gyro: -1.45, -0.22, -0.75
