Accel: -0.14, 0.03, -0.95
Gyro: -1.37, -3.63, -0.85
Accel: -0.15, 0.03, -0.97
Gyro: -1.72, -3.64, -0.86
Accel: -0.14, 0.03, -0.97
Gyro: -2.04, -3.35, -1.13
Accel: -0.15, 0.03, -0.97
Gyro: -2.59, -2.56, -0.43
Accel: -0.14, 0.03, -0.97
Gyro: -2.39, -2.49, -0.28
Accel: -0.15, 0.03, -0.96
Gyro: -2.09, -2.29, -0.56
Accel: -0.15, 0.03, -0.97
Gyro: -2.18, -1.24, -0.77
Accel: -0.15, 0.03, -0.97
Gyro: -2.62, -0.04, -1.30
Accel: -0.14, 0.03, -0.96
Gyro: -1.90, 0.29, -1.62
Accel: -0.14, 0.03, -0.96
Gyro: -1.25, 0.12, -1.60
Accel: -0.14, 0.04, -0.97
Gyro: -1.86, 0.12, -0.92
Accel: -0.14, 0.04, -0.96
Gyro: -1.26, -0.13, -0.11
Accel: -0.14, 0.03, -0.97
Gyro: -1.72, 0.18, 0.31
Accel: -0.13, 0.01, -0.97
Gyro: -2.98, 0.66, -0.05
Accel: -0.12, 0.01, -0.96
Gyro: -4.49, 0.56, -1.05
Accel: -0.09, 0.00, -0.93
Gyro: -7.39, -2.88, -2.50
Accel: -0.07, -0.01, -0.89
Gyro: -11.44, -8.77, -4.17
Accel: -0.04, 0.02, -0.85
Gyro: -14.82, -20.23, -4.76
Accel: -0.01, 0.03, -0.79
Gyro: -17.28, -36.32, -3.74
Accel: -0.01, 0.06, -0.76
Gyro: -19.43, -59.30, -4.21
Accel: -0.07, 0.07, -0.76
Gyro: -18.10, -82.74, -5.87
Accel: -0.16, 0.08, -0.76
Gyro: -15.72, -99.29, -7.42
Accel: -0.24, 0.07, -0.75
Gyro: -12.85, -112.63, -7.93
Accel: -0.31, 0.07, -0.75
Gyro: -14.20, -123.40, -8.99
Accel: -0.39, 0.07, -0.64
Gyro: -14.62, -135.16, -11.46
Accel: -0.50, 0.06, -0.64
Gyro: -9.03, -147.80, -15.45
Accel: -0.60, 0.06, -0.73
Gyro: -11.38, -148.12, -22.17
Accel: -0.68, 0.08, -0.62
Gyro: -5.18, -144.86, -26.54
Accel: -0.77, 0.04, -0.58
Gyro: 5.00, -144.96, -31.17
Accel: -0.87, 0.02, -0.70
Gyro: 1.74, -138.08, -31.92
Accel: -0.92, 0.04, -0.67
Gyro: -12.12, -119.54, -33.26
Accel: -0.94, 0.08, -0.41
Gyro: -8.79, -114.89, -31.08
Accel: -1.08, 0.09, -0.56
Gyro: 1.63, -111.48, -23.99
Accel: -1.17, 0.09, -0.62
Gyro: 1.34, -85.59, -17.78
Accel: -1.24, 0.07, -0.52
Gyro: 10.37, -61.82, -9.40
Accel: -1.29, 0.03, -0.72
Gyro: 8.22, -26.76, -0.15
Accel: -1.23, 0.01, -0.51
Gyro: -13.60, 6.67, 1.50
Accel: -1.14, 0.03, -0.36
Gyro: 3.77, 20.23, 3.13
Accel: -1.04, 0.00, -0.44
Gyro: -3.16, 27.99, 3.99
Accel: -1.00, 0.02, -0.42
Gyro: -6.14, 37.98, 4.26
Accel: -1.00, 0.01, -0.44
Gyro: -1.59, 46.30, 6.20
Accel: -1.01, 0.02, -0.49
Gyro: -4.94, 56.53, 6.90
Accel: -1.02, 0.05, -0.58
Gyro: -4.90, 71.88, 7.43
Accel: -0.97, 0.05, -0.50
Gyro: -1.11, 89.16, 9.84
Accel: -0.92, 0.05, -0.48
Gyro: 1.96, 90.05, 10.80
Accel: -0.89, 0.05, -0.60
Gyro: -1.26, 96.53, 11.60
Accel: -0.84, 0.06, -0.58
Gyro: 0.87, 99.72, 11.27
Accel: -0.76, 0.05, -0.58
Gyro: 5.30, 100.88, 12.12
Accel: -0.70, 0.04, -0.63
Gyro: 5.74, 98.00, 11.66
Accel: -0.63, 0.04, -0.68
Gyro: 2.11, 97.57, 11.13
Accel: -0.59, 0.05, -0.70
Gyro: 4.97, 94.19, 12.21
Accel: -0.54, 0.04, -0.71
Gyro: 6.45, 90.35, 12.12
Accel: -0.49, 0.04, -0.77
Gyro: 6.52, 85.73, 10.93
Accel: -0.46, 0.04, -0.80
Gyro: 5.51, 82.58, 10.43
Accel: -0.41, 0.03, -0.81
Gyro: 5.43, 79.32, 10.56
Accel: -0.35, 0.02, -0.78
Gyro: 4.38, 71.53, 9.33
Accel: -0.32, 0.01, -0.84
Gyro: -0.21, 63.50, 7.48
Accel: -0.28, 0.02, -0.83
Gyro: -3.48, 56.79, 4.69
Accel: -0.27, 0.03, -0.86
Gyro: 1.02, 50.12, 3.15
Accel: -0.25, 0.03, -0.92
Gyro: 1.41, 46.96, 2.26
Accel: -0.24, 0.03, -0.93
Gyro: -1.08, 46.26, -0.28
Accel: -0.20, 0.04, -0.89
Gyro: -1.88, 46.25, -0.63
Accel: -0.16, 0.03, -0.89
Gyro: 1.27, 40.60, -1.14
Accel: -0.15, 0.04, -0.91
Gyro: -0.52, 35.82, -2.40
Accel: -0.13, 0.04, -0.91
Gyro: -1.19, 30.83, -3.07
Accel: -0.12, 0.04, -0.94
Gyro: -0.12, 27.28, -2.01
Accel: -0.11, 0.04, -0.94
Gyro: -0.92, 25.43, -1.37
Accel: -0.10, 0.04, -0.94
Gyro: -0.68, 22.33, -0.79
Accel: -0.09, 0.03, -0.96
Gyro: -2.63, 20.71, -0.53
Accel: -0.09, 0.03, -0.96
Gyro: -4.51, 20.46, -1.74
Accel: -0.07, 0.03, -0.97
Gyro: -5.08, 19.91, -3.26
Accel: -0.05, 0.04, -0.94
Gyro: -5.11, 18.52, -4.79
Accel: -0.05, 0.06, -0.93
Gyro: -3.56, 15.24, -4.94
Accel: -0.04, 0.06, -0.94
Gyro: -1.32, 12.56, -4.07
Accel: -0.04, 0.05, -0.96
Gyro: -1.34, 11.28, -2.30
Accel: -0.04, 0.05, -0.96
Gyro: -2.77, 9.84, -1.01
Accel: -0.02, 0.05, -0.96
Gyro: -4.14, 7.03, 0.18
Accel: -0.02, 0.05, -0.97
Gyro: -4.72, 5.83, 0.78
Accel: -0.02, 0.05, -0.95
Gyro: -4.14, 4.32, 0.60
Accel: -0.01, 0.04, -0.95
Gyro: -4.29, 2.33, 0.06
Accel: -0.01, 0.05, -0.95
Gyro: -3.93, -0.36, -0.20
Accel: -0.03, 0.05, -0.96
Gyro: -2.33, -2.63, -0.20
Accel: -0.03, 0.05, -0.99
Gyro: -2.37, -2.18, -0.36
Accel: -0.03, 0.06, -0.98
Gyro: -2.30, -1.92, -0.47
Accel: -0.04, 0.04, -0.97
Gyro: -2.29, -1.58, -0.41
Accel: -0.05, 0.05, -0.98
Gyro: -1.67, -0.82, -0.83
Accel: -0.04, 0.05, -0.97
Gyro: -2.43, -0.17, -1.24
Accel: -0.03, 0.05, -0.97
Gyro: -1.52, -0.89, -1.54
Accel: -0.03, 0.06, -0.98
Gyro: -1.01, -0.18, -1.78
Accel: -0.03, 0.05, -0.97
Gyro: -0.46, 0.08, -1.15
Accel: -0.02, 0.05, -0.96
Gyro: -0.83, -1.23, -0.84
Accel: -0.03, 0.04, -0.97
Gyro: -1.91, -1.72, -0.82
Accel: -0.04, 0.04, -0.97
Gyro: -2.41, -2.42, -0.85
Accel: -0.04, 0.05, -0.97
Gyro: -2.57, -2.78, -1.09
Accel: -0.04, 0.06, -0.97
Gyro: -2.31, -3.36, -1.15
Accel: -0.04, 0.05, -0.97
Gyro: -1.64, -3.43, -1.01
Accel: -0.05, 0.04, -0.98
Gyro: -1.77, -3.28, -1.11
Accel: -0.04, 0.05, -0.96
Gyro: -1.66, -3.16, -0.91
Accel: -0.05, 0.04, -0.96
Gyro: -1.02, -3.94, -0.31
Accel: -0.05, 0.04, -0.99
Gyro: -1.64, -3.72, -0.53
Accel: -0.06, 0.04, -0.98
Gyro: -1.93, -2.66, -1.07
