Accel: -0.14, 0.06, -0.95
Gyro: -1.68, -1.58, -0.49
Accel: -0.15, 0.06, -0.97
Gyro: -2.66, -1.93, -0.75
Accel: -0.15, 0.07, -0.97
Gyro: -2.97, -0.98, -0.67
Accel: -0.15, 0.06, -0.97
Gyro: -2.32, 0.30, -0.59
Accel: -0.14, 0.07, -0.96
Gyro: -1.38, -0.54, -0.89
Accel: -0.14, 0.07, -0.97
Gyro: -1.80, 0.34, -0.70
Accel: -0.15, 0.07, -0.95
Gyro: -1.32, 0.56, -0.57
Accel: -0.14, 0.06, -0.96
Gyro: -1.64, 0.68, -0.47
Accel: -0.14, 0.06, -0.96
Gyro: -1.88, 1.07, -0.48
Accel: -0.13, 0.06, -0.97
Gyro: -1.30, 1.53, -0.43
Accel: -0.14, 0.06, -0.97
Gyro: -1.22, 1.70, -0.25
Accel: -0.15, 0.06, -0.99
Gyro: -1.90, 4.91, -0.02
Accel: -0.16, 0.05, -1.02
Gyro: -2.66, 12.24, -0.78
Accel: -0.13, 0.05, -0.98
Gyro: -3.00, 15.35, -2.31
Accel: -0.10, 0.05, -0.93
Gyro: -3.37, 13.79, -3.41
Accel: -0.08, 0.04, -0.89
Gyro: -3.87, 7.32, -4.68
Accel: -0.05, 0.04, -0.86
Gyro: -6.72, -2.33, -6.26
Accel: -0.03, 0.05, -0.82
Gyro: -9.86, -16.85, -7.16
Accel: -0.03, 0.06, -0.89
Gyro: -11.66, -32.08, -8.35
Accel: -0.03, 0.06, -0.89
Gyro: -12.30, -41.78, -8.05
Accel: -0.02, 0.07, -0.79
Gyro: -9.60, -57.43, -8.32
Accel: -0.06, 0.08, -0.76
Gyro: -9.07, -79.06, -9.28
Accel: -0.13, 0.08, -0.74
Gyro: -8.50, -97.62, -11.60
Accel: -0.21, 0.07, -0.73
Gyro: -6.39, -116.62, -12.91
Accel: -0.29, 0.08, -0.75
Gyro: -8.38, -132.00, -12.99
Accel: -0.39, 0.09, -0.74
Gyro: -9.73, -138.65, -11.46
Accel: -0.48, 0.08, -0.66
Gyro: -9.67, -144.98, -10.25
Accel: -0.61, 0.09, -0.75
Gyro: 0.26, -144.23, -11.49
Accel: -0.70, 0.14, -0.75
Gyro: -10.47, -135.45, -13.29
Accel: -0.77, 0.10, -0.67
Gyro: -2.62, -125.99, -15.88
Accel: -0.82, 0.03, -0.66
Gyro: -2.46, -120.53, -19.58
Accel: -0.89, 0.08, -0.65
Gyro: -5.34, -109.98, -20.27
Accel: -0.90, 0.08, -0.54
Gyro: 0.66, -102.14, -21.19
Accel: -1.02, 0.08, -0.53
Gyro: 1.99, -100.72, -16.59
Accel: -1.12, 0.08, -0.73
Gyro: -1.14, -76.55, -11.15
Accel: -1.13, 0.07, -0.57
Gyro: -1.58, -46.52, -9.45
Accel: -1.20, 0.07, -0.62
Gyro: 6.76, -28.92, -5.31
Accel: -1.26, 0.04, -0.70
Gyro: 1.08, 3.53, 0.44
Accel: -1.18, 0.01, -0.61
Gyro: -8.05, 36.79, 1.66
Accel: -1.07, 0.00, -0.55
Gyro: -8.77, 52.20, 0.92
Accel: -1.01, 0.05, -0.55
Gyro: -14.31, 69.12, 0.55
Accel: -1.00, 0.05, -0.54
Gyro: -9.48, 80.18, 1.62
Accel: -0.98, 0.06, -0.66
Gyro: -13.22, 93.60, 4.59
Accel: -0.94, 0.14, -0.66
Gyro: -15.15, 112.24, 9.15
Accel: -0.87, 0.12, -0.62
Gyro: -6.78, 126.18, 11.49
Accel: -0.71, 0.11, -0.49
Gyro: 1.90, 128.09, 12.36
Accel: -0.64, 0.08, -0.59
Gyro: 8.09, 114.64, 13.68
Accel: -0.60, 0.08, -0.76
Gyro: -0.80, 115.63, 13.77
Accel: -0.52, 0.11, -0.65
Gyro: 5.17, 110.00, 14.63
Accel: -0.49, 0.09, -0.76
Gyro: 14.50, 103.02, 15.32
Accel: -0.40, 0.06, -0.76
Gyro: 7.77, 100.56, 13.60
Accel: -0.36, 0.07, -0.79
Gyro: 9.72, 88.52, 11.78
Accel: -0.33, 0.06, -0.88
Gyro: 8.23, 85.34, 11.86
Accel: -0.24, 0.05, -0.79
Gyro: 8.42, 76.98, 10.91
Accel: -0.20, 0.04, -0.83
Gyro: 10.54, 65.64, 8.29
Accel: -0.16, 0.04, -0.86
Gyro: 11.41, 54.78, 7.73
Accel: -0.14, 0.02, -0.86
Gyro: 7.91, 47.03, 7.23
Accel: -0.12, 0.02, -0.85
Gyro: 5.17, 37.50, 5.83
Accel: -0.12, 0.00, -0.90
Gyro: 2.89, 27.35, 4.50
Accel: -0.13, 0.02, -0.95
Gyro: -2.59, 25.79, 2.11
Accel: -0.11, 0.03, -0.93
Gyro: -4.50, 25.25, 0.08
Accel: -0.09, 0.02, -0.91
Gyro: -4.10, 20.61, -2.72
Accel: -0.08, 0.04, -0.93
Gyro: -4.94, 15.27, -5.31
Accel: -0.09, 0.05, -0.96
Gyro: -5.02, 12.97, -5.88
Accel: -0.07, 0.06, -0.95
Gyro: -3.14, 11.60, -4.87
Accel: -0.06, 0.05, -0.96
Gyro: -3.72, 10.28, -3.05
Accel: -0.06, 0.06, -0.96
Gyro: -5.43, 9.16, -2.97
Accel: -0.06, 0.06, -0.95
Gyro: -2.95, 6.56, -2.60
Accel: -0.05, 0.06, -0.94
Gyro: -1.12, 3.82, -1.74
Accel: -0.05, 0.05, -0.95
Gyro: -1.73, 0.98, -0.93
Accel: -0.06, 0.05, -0.97
Gyro: -2.08, -0.93, -0.73
Accel: -0.06, 0.05, -0.96
Gyro: -0.71, -1.58, 0.12
Accel: -0.06, 0.04, -0.95
Gyro: -0.53, -3.30, 0.27
Accel: -0.08, 0.04, -0.99
Gyro: -2.58, -3.19, -0.11
Accel: -0.08, 0.04, -0.97
Gyro: -3.27, -1.17, -1.01
Accel: -0.08, 0.04, -0.95
Gyro: -1.75, -1.89, -1.81
Accel: -0.08, 0.05, -0.98
Gyro: -2.89, -2.16, -2.04
Accel: -0.08, 0.06, -0.97
Gyro: -2.63, -1.17, -1.83
Accel: -0.07, 0.06, -0.95
Gyro: -0.40, -1.66, -0.90
Accel: -0.08, 0.04, -0.94
Gyro: -1.03, -4.12, -0.49
Accel: -0.09, 0.05, -0.97
Gyro: -2.90, -4.88, -0.21
Accel: -0.10, 0.05, -0.97
Gyro: -3.08, -4.00, -0.37
Accel: -0.09, 0.04, -0.97
Gyro: -3.24, -4.18, -1.08
Accel: -0.09, 0.05, -0.96
Gyro: -2.66, -5.22, -1.59
Accel: -0.10, 0.06, -0.97
Gyro: -2.81, -5.74, -1.46
Accel: -0.11, 0.06, -0.98
Gyro: -2.81, -4.17, -1.21
Accel: -0.10, 0.05, -0.96
Gyro: -2.37, -3.01, -0.98
Accel: -0.10, 0.05, -0.96
Gyro: -1.68, -3.24, -1.35
Accel: -0.10, 0.05, -0.97
Gyro: -1.92, -2.47, -1.81
Accel: -0.11, 0.05, -0.98
Gyro: -1.09, -1.59, -1.64
Accel: -0.11, 0.06, -0.97
Gyro: -0.81, -1.25, -1.03
Accel: -0.11, 0.05, -0.97
Gyro: -1.72, -1.33, -0.27
Accel: -0.10, 0.05, -0.96
Gyro: -1.84, -1.93, 0.65
Accel: -0.10, 0.05, -0.97
Gyro: -2.49, -2.12, 0.66
Accel: -0.10, 0.04, -0.96
Gyro: -3.30, -2.24, -0.37
Accel: -0.10, 0.05, -0.97
Gyro: -2.79, -3.01, -1.98
Accel: -0.11, 0.05, -0.96
Gyro: -1.69, -4.09, -2.78
Accel: -0.12, 0.06, -0.99
Gyro: -3.29, -1.44, -2.05
Accel: -0.12, 0.06, -0.98
Gyro: -3.27, 1.30, -0.66
Accel: -0.11, 0.05, -0.95
Gyro: -2.43, 1.34, -0.66
Accel: -0.11, 0.06, -0.97
Gyro: -2.51, 0.98, -1.52
