Accel: -0.37, 0.05, -0.90
Gyro: -2.17, -0.76, -1.11
Accel: -0.37, 0.05, -0.91
Gyro: -1.83, -0.73, -0.93
Accel: -0.37, 0.05, -0.89
Gyro: -2.30, 0.18, -0.46
Accel: -0.37, 0.05, -0.90
Gyro: -2.55, -0.14, -0.95
Accel: -0.37, 0.06, -0.90
Gyro: -2.02, -1.03, -1.29
Accel: -0.36, 0.06, -0.91
Gyro: -2.09, -0.36, -1.17
Accel: -0.36, 0.06, -0.89
Gyro: -0.76, -0.95, -0.84
Accel: -0.37, 0.05, -0.90
Gyro: -0.85, -1.53, -0.37
Accel: -0.37, 0.04, -0.91
Gyro: -1.29, -1.40, -0.11
Accel: -0.37, 0.04, -0.91
Gyro: -2.46, -0.72, -0.79
Accel: -0.38, 0.05, -0.92
Gyro: -1.93, 0.16, -1.40
Accel: -0.37, 0.05, -0.90
Gyro: -1.82, 2.24, -0.91
Accel: -0.38, 0.05, -0.93
Gyro: -1.21, 4.01, -1.18
Accel: -0.37, 0.05, -0.92
Gyro: -1.59, 6.24, -0.87
Accel: -0.35, 0.04, -0.89
Gyro: -1.52, 6.02, -1.04
Accel: -0.35, 0.04, -0.90
Gyro: -2.97, 5.46, -1.24
Accel: -0.33, 0.04, -0.90
Gyro: -3.75, 3.95, -2.03
Accel: -0.31, 0.04, -0.90
Gyro: -4.78, 2.62, -2.82
Accel: -0.32, 0.05, -0.91
Gyro: -5.44, 2.27, -4.03
Accel: -0.29, 0.05, -0.85
Gyro: -3.97, -1.34, -4.24
Accel: -0.27, 0.05, -0.84
Gyro: -4.23, -7.47, -4.46
Accel: -0.24, 0.01, -0.80
Gyro: -8.03, -17.50, -5.33
Accel: -0.23, 0.02, -0.80
Gyro: -13.21, -30.02, -7.26
Accel: -0.22, 0.05, -0.75
Gyro: -14.91, -43.88, -8.63
Accel: -0.22, 0.06, -0.65
Gyro: -11.30, -64.14, -9.89
Accel: -0.24, 0.04, -0.56
Gyro: -9.37, -94.14, -10.93
Accel: -0.33, 0.03, -0.50
Gyro: -11.72, -126.37, -13.95
Accel: -0.43, 0.03, -0.57
Gyro: -12.04, -147.52, -17.81
Accel: -0.53, 0.04, -0.46
Gyro: -9.90, -162.45, -20.47
Accel: -0.73, 0.03, -0.39
Gyro: -6.16, -186.41, -24.71
Accel: -0.95, 0.03, -0.69
Gyro: -2.02, -184.55, -29.46
Accel: -1.01, 0.05, -0.75
Gyro: -7.91, -148.20, -30.23
Accel: -0.99, 0.06, -0.46
Gyro: -8.38, -121.89, -29.73
Accel: -1.09, 0.11, -0.31
Gyro: 4.73, -126.63, -21.57
Accel: -1.23, 0.08, -0.64
Gyro: 10.31, -107.05, -8.30
Accel: -1.26, 0.04, -0.59
Gyro: -4.43, -70.11, -0.66
Accel: -1.23, 0.04, -0.45
Gyro: 4.97, -46.38, 2.12
Accel: -1.17, 0.02, -0.49
Gyro: 3.23, -19.62, 5.44
Accel: -1.11, 0.01, -0.29
Gyro: -4.91, -2.65, 4.80
Accel: -1.09, -0.01, -0.35
Gyro: -3.33, 1.37, 2.62
Accel: -1.05, 0.04, -0.36
Gyro: -9.38, 17.67, 2.06
Accel: -1.02, 0.02, -0.23
Gyro: -4.16, 21.23, 2.61
Accel: -1.09, 0.03, -0.39
Gyro: -4.11, 24.70, 1.31
Accel: -1.14, 0.04, -0.44
Gyro: -4.99, 43.67, 1.60
Accel: -1.17, 0.07, -0.55
Gyro: 4.39, 67.27, 1.40
Accel: -1.18, 0.06, -0.54
Gyro: 6.30, 98.13, 3.44
Accel: -1.09, 0.06, -0.41
Gyro: 10.45, 111.72, 4.44
Accel: -1.14, 0.07, -0.58
Gyro: 8.94, 126.43, 7.97
Accel: -1.02, 0.04, -0.56
Gyro: 0.52, 150.18, 10.80
Accel: -0.93, 0.06, -0.52
Gyro: 3.48, 154.77, 12.54
Accel: -0.75, 0.03, -0.48
Gyro: 0.13, 153.95, 16.63
Accel: -0.58, 0.01, -0.40
Gyro: 1.70, 139.95, 14.63
Accel: -0.47, 0.01, -0.47
Gyro: 4.91, 113.24, 10.53
Accel: -0.46, 0.03, -0.62
Gyro: 3.57, 95.19, 8.90
Accel: -0.43, 0.01, -0.64
Gyro: 0.76, 78.29, 8.11
Accel: -0.44, 0.01, -0.83
Gyro: 1.24, 75.98, 6.52
Accel: -0.38, 0.03, -0.76
Gyro: 2.78, 69.72, 5.49
Accel: -0.39, 0.04, -0.87
Gyro: 1.90, 62.98, 5.32
Accel: -0.30, 0.04, -0.79
Gyro: -2.11, 59.94, 5.44
Accel: -0.27, 0.02, -0.81
Gyro: -1.45, 48.01, 4.46
Accel: -0.25, 0.03, -0.83
Gyro: -4.56, 37.22, 2.08
Accel: -0.22, 0.06, -0.87
Gyro: -5.35, 29.67, 1.41
Accel: -0.20, 0.05, -0.87
Gyro: 0.15, 19.76, 0.98
Accel: -0.22, 0.05, -0.92
Gyro: -0.18, 17.13, 0.52
Accel: -0.20, 0.05, -0.88
Gyro: -0.99, 13.53, -0.11
Accel: -0.22, 0.05, -0.90
Gyro: 1.22, 6.74, -0.50
Accel: -0.23, 0.04, -0.91
Gyro: -1.69, 3.94, 0.02
Accel: -0.21, 0.04, -0.91
Gyro: -3.27, 0.31, -0.87
Accel: -0.22, 0.05, -0.92
Gyro: -4.04, -2.99, -2.11
Accel: -0.26, 0.06, -0.96
Gyro: -3.80, -2.82, -2.97
Accel: -0.25, 0.07, -0.96
Gyro: -2.67, 0.91, -2.56
Accel: -0.25, 0.07, -0.92
Gyro: 0.56, 0.89, -1.53
Accel: -0.25, 0.05, -0.92
Gyro: 2.53, -1.71, -0.06
Accel: -0.28, 0.03, -0.96
Gyro: -1.74, -0.89, -0.67
Accel: -0.26, 0.04, -0.92
Gyro: -3.20, 1.20, -1.84
Accel: -0.24, 0.04, -0.89
Gyro: -1.26, -1.27, -2.29
Accel: -0.26, 0.04, -0.92
Gyro: -1.66, -6.13, -3.16
Accel: -0.28, 0.05, -0.96
Gyro: -3.98, -4.08, -1.98
Accel: -0.26, 0.05, -0.94
Gyro: -4.39, -1.85, -1.57
Accel: -0.27, 0.04, -0.93
Gyro: -2.35, -2.37, -1.61
Accel: -0.28, 0.05, -0.95
Gyro: -2.91, -1.00, -1.72
Accel: -0.27, 0.06, -0.93
Gyro: -1.69, -1.11, -1.82
Accel: -0.27, 0.06, -0.92
Gyro: -1.31, -2.33, -1.37
Accel: -0.28, 0.05, -0.93
Gyro: 0.35, -3.84, -0.95
Accel: -0.28, 0.03, -0.94
Gyro: -0.41, -1.68, -0.28
Accel: -0.27, 0.03, -0.93
Gyro: -1.93, -1.60, -0.71
Accel: -0.27, 0.04, -0.92
Gyro: -2.30, -3.59, -1.41
Accel: -0.29, 0.04, -0.94
Gyro: -2.53, -2.28, -1.80
Accel: -0.27, 0.05, -0.93
Gyro: -2.11, -1.31, -1.53
Accel: -0.27, 0.04, -0.92
Gyro: -2.14, -2.72, -1.56
Accel: -0.29, 0.04, -0.96
Gyro: -2.60, -1.60, -1.64
Accel: -0.29, 0.05, -0.94
Gyro: -2.54, 0.70, -1.34
Accel: -0.28, 0.05, -0.92
Gyro: -2.46, 0.89, -1.58
Accel: -0.28, 0.05, -0.94
Gyro: -2.73, 0.08, -1.68
Accel: -0.27, 0.06, -0.93
Gyro: -1.72, -0.03, -1.43
Accel: -0.27, 0.04, -0.93
Gyro: -1.84, -0.59, -0.63
Accel: -0.27, 0.04, -0.92
Gyro: -2.98, -1.14, -0.30
Accel: -0.28, 0.04, -0.94
Gyro: -1.88, -2.58, -0.96
Accel: -0.28, 0.03, -0.95
Gyro: -3.11, -0.14, -1.91
Accel: -0.27, 0.05, -0.93
Gyro: -2.60, -0.18, -2.16
Accel: -0.28, 0.05, -0.92
Gyro: -1.25, -2.05, -1.70
