Accel: -0.16, 0.05, -0.96
Gyro: -3.14, 0.23, -0.69
Accel: -0.16, 0.05, -0.96
Gyro: -3.46, 0.52, -0.97
Accel: -0.15, 0.05, -0.96
Gyro: -3.19, -0.10, -1.88
Accel: -0.15, 0.06, -0.96
Gyro: -2.89, -0.18, -1.99
Accel: -0.16, 0.07, -0.95
Gyro: -2.72, -0.54, -1.79
Accel: -0.16, 0.07, -0.96
Gyro: -1.98, -0.53, -0.82
Accel: -0.17, 0.07, -0.95
Gyro: -1.75, -0.16, -0.39
Accel: -0.16, 0.06, -0.96
Gyro: -1.27, -0.02, 0.02
Accel: -0.16, 0.05, -0.97
Gyro: -1.98, 0.63, 0.07
Accel: -0.15, 0.05, -0.96
Gyro: -1.54, 1.12, -0.43
Accel: -0.14, 0.04, -0.95
Gyro: -2.37, 0.58, -0.95
Accel: -0.13, 0.04, -0.96
Gyro: -3.88, -0.37, -2.31
Accel: -0.10, 0.03, -0.93
Gyro: -5.75, -2.94, -3.59
Accel: -0.08, 0.03, -0.91
Gyro: -8.34, -9.46, -4.60
Accel: -0.06, 0.04, -0.88
Gyro: -10.39, -18.74, -4.62
Accel: -0.05, 0.03, -0.86
Gyro: -13.31, -29.80, -5.07
Accel: -0.04, 0.05, -0.80
Gyro: -16.51, -44.56, -6.67
Accel: -0.06, 0.06, -0.78
Gyro: -14.74, -63.41, -8.58
Accel: -0.09, 0.07, -0.79
Gyro: -13.55, -79.67, -10.75
Accel: -0.15, 0.07, -0.76
Gyro: -14.01, -94.85, -14.40
Accel: -0.21, 0.10, -0.68
Gyro: -9.57, -114.30, -16.46
Accel: -0.28, 0.07, -0.68
Gyro: -7.28, -132.73, -16.67
Accel: -0.38, 0.07, -0.62
Gyro: -9.50, -146.93, -17.71
Accel: -0.57, 0.09, -0.45
Gyro: -8.59, -171.48, -19.73
Accel: -0.77, 0.08, -0.76
Gyro: 3.91, -170.37, -25.73
Accel: -0.84, 0.02, -0.89
Gyro: -12.09, -142.72, -27.12
Accel: -0.87, 0.04, -0.63
Gyro: -7.00, -119.03, -31.61
Accel: -0.95, 0.05, -0.56
Gyro: 4.86, -121.15, -30.38
Accel: -1.01, 0.05, -0.68
Gyro: -14.36, -105.78, -26.02
Accel: -1.02, 0.10, -0.49
Gyro: -18.78, -83.20, -23.38
Accel: -1.11, 0.11, -0.55
Gyro: -0.63, -80.15, -18.17
Accel: -1.17, 0.09, -0.66
Gyro: -3.46, -54.18, -7.85
Accel: -1.13, 0.07, -0.56
Gyro: -5.04, -23.08, -4.04
Accel: -1.15, 0.06, -0.45
Gyro: -3.01, -9.01, 1.03
Accel: -1.12, 0.04, -0.48
Gyro: -1.77, 8.48, 2.11
Accel: -1.05, 0.05, -0.42
Gyro: -1.24, 17.33, 0.14
Accel: -1.03, 0.05, -0.48
Gyro: 0.62, 24.67, 1.07
Accel: -1.04, 0.06, -0.52
Gyro: 0.24, 40.15, 3.34
Accel: -1.05, 0.07, -0.56
Gyro: 4.10, 57.89, 6.35
Accel: -1.00, 0.07, -0.56
Gyro: 6.33, 74.52, 8.07
Accel: -0.99, 0.07, -0.62
Gyro: 7.20, 88.36, 10.72
Accel: -0.93, 0.05, -0.52
Gyro: 9.12, 99.66, 14.54
Accel: -0.86, 0.06, -0.55
Gyro: 13.55, 105.13, 16.14
Accel: -0.77, 0.03, -0.54
Gyro: 11.76, 104.61, 17.30
Accel: -0.69, 0.04, -0.58
Gyro: 11.36, 102.85, 16.88
Accel: -0.64, 0.03, -0.58
Gyro: 10.46, 93.09, 18.68
Accel: -0.59, 0.03, -0.61
Gyro: 12.08, 82.91, 18.28
Accel: -0.56, 0.01, -0.70
Gyro: 9.86, 76.64, 17.68
Accel: -0.52, 0.01, -0.72
Gyro: 7.35, 69.76, 15.97
Accel: -0.50, 0.02, -0.75
Gyro: 5.87, 66.14, 13.94
Accel: -0.47, 0.01, -0.77
Gyro: 6.26, 61.44, 12.02
Accel: -0.43, 0.01, -0.80
Gyro: 3.80, 55.76, 8.60
Accel: -0.40, 0.02, -0.82
Gyro: 2.37, 49.50, 6.03
Accel: -0.40, 0.02, -0.87
Gyro: 1.99, 47.33, 4.26
Accel: -0.36, 0.02, -0.86
Gyro: -1.57, 48.55, 1.88
Accel: -0.33, 0.02, -0.85
Gyro: 0.67, 43.76, -0.37
Accel: -0.31, 0.03, -0.88
Gyro: -1.26, 40.06, -1.82
Accel: -0.29, 0.02, -0.90
Gyro: -2.94, 37.91, -2.69
Accel: -0.28, 0.04, -0.92
Gyro: -3.14, 36.86, -3.52
Accel: -0.26, 0.04, -0.91
Gyro: -4.02, 36.72, -3.68
Accel: -0.22, 0.04, -0.89
Gyro: -4.39, 33.66, -3.74
Accel: -0.20, 0.04, -0.89
Gyro: -4.13, 27.85, -4.28
Accel: -0.18, 0.05, -0.90
Gyro: -3.61, 22.96, -3.59
Accel: -0.17, 0.06, -0.90
Gyro: -3.28, 18.59, -2.75
Accel: -0.17, 0.05, -0.92
Gyro: -2.22, 13.83, -1.74
Accel: -0.17, 0.04, -0.94
Gyro: -2.45, 10.60, -0.81
Accel: -0.17, 0.04, -0.94
Gyro: -3.33, 8.86, -0.43
Accel: -0.18, 0.03, -0.96
Gyro: -4.15, 9.01, -0.31
Accel: -0.17, 0.05, -0.95
Gyro: -4.57, 9.03, -0.85
Accel: -0.16, 0.04, -0.94
Gyro: -3.56, 6.74, -2.08
Accel: -0.16, 0.05, -0.94
Gyro: -3.07, 4.49, -2.72
Accel: -0.16, 0.05, -0.95
Gyro: -3.27, 3.15, -2.92
Accel: -0.16, 0.06, -0.95
Gyro: -3.34, 1.65, -2.55
Accel: -0.16, 0.05, -0.95
Gyro: -3.38, 0.43, -1.67
Accel: -0.16, 0.05, -0.94
Gyro: -2.88, -0.70, -1.05
Accel: -0.17, 0.06, -0.96
Gyro: -2.93, -1.19, -0.63
Accel: -0.17, 0.06, -0.95
Gyro: -2.69, -0.95, -0.42
Accel: -0.17, 0.05, -0.95
Gyro: -0.44, -2.39, -0.07
Accel: -0.17, 0.05, -0.95
Gyro: -1.34, -3.04, -0.46
Accel: -0.18, 0.05, -0.95
Gyro: -1.75, -3.74, -0.76
Accel: -0.18, 0.04, -0.95
Gyro: -1.89, -3.23, -1.08
Accel: -0.19, 0.05, -0.95
Gyro: -2.59, -4.21, -1.21
Accel: -0.19, 0.05, -0.96
Gyro: -2.94, -4.63, -1.20
Accel: -0.19, 0.05, -0.97
Gyro: -3.08, -3.35, -1.11
Accel: -0.20, 0.06, -0.96
Gyro: -2.60, -2.32, -1.10
Accel: -0.19, 0.05, -0.96
Gyro: -2.63, -1.01, -0.90
Accel: -0.20, 0.05, -0.95
Gyro: -2.82, 0.01, -1.76
Accel: -0.18, 0.05, -0.95
Gyro: -2.22, -0.21, -2.18
Accel: -0.19, 0.06, -0.95
Gyro: -1.63, -1.08, -1.72
Accel: -0.19, 0.05, -0.96
Gyro: -1.95, -0.97, -1.11
Accel: -0.19, 0.06, -0.95
Gyro: -1.74, -1.27, -0.34
Accel: -0.18, 0.05, -0.94
Gyro: -1.40, -2.57, -0.29
Accel: -0.20, 0.05, -0.96
Gyro: -2.55, -2.91, -0.27
Accel: -0.20, 0.05, -0.96
Gyro: -2.93, -1.62, -0.79
Accel: -0.19, 0.05, -0.96
Gyro: -2.60, -1.03, -1.27
Accel: -0.19, 0.05, -0.95
Gyro: -2.06, -1.85, -1.07
Accel: -0.20, 0.05, -0.96
Gyro: -2.64, -1.73, -0.65
Accel: -0.20, 0.05, -0.96
Gyro: -3.05, -0.04, -0.77
Accel: -0.20, 0.05, -0.96
Gyro: -2.40, 1.40, -0.69
Accel: -0.19, 0.05, -0.95
Gyro: -2.04, 1.18, -1.34
Accel: -0.19, 0.05, -0.94
Gyro: -2.90, 0.36, -1.70
