Accel: -0.20, 0.04, -0.95
Gyro: -1.77, -1.99, -0.52
Accel: -0.20, 0.04, -0.96
Gyro: -2.03, -1.12, -0.56
Accel: -0.20, 0.04, -0.95
Gyro: -2.22, 0.30, -0.72
Accel: -0.20, 0.04, -0.94
Gyro: -1.77, 0.40, -1.24
Accel: -0.20, 0.04, -0.94
Gyro: -1.18, -0.40, -1.35
Accel: -0.20, 0.05, -0.96
Gyro: -1.66, -0.55, -0.96
Accel: -0.20, 0.04, -0.95
Gyro: -1.50, -0.18, -0.60
Accel: -0.21, 0.04, -0.96
Gyro: -1.83, 0.06, -0.61
Accel: -0.20, 0.04, -0.94
Gyro: -2.04, -0.15, -1.11
Accel: -0.21, 0.03, -0.95
Gyro: -2.53, 0.69, -1.59
Accel: -0.21, 0.04, -0.96
Gyro: -2.37, 0.54, -1.59
Accel: -0.20, 0.04, -0.96
Gyro: -2.77, 1.59, -1.21
Accel: -0.19, 0.04, -0.96
Gyro: -1.50, 2.28, -1.20
Accel: -0.18, 0.03, -0.95
Gyro: -2.77, 1.70, -1.70
Accel: -0.14, 0.01, -0.91
Gyro: -5.95, -0.85, -2.51
Accel: -0.09, 0.02, -0.87
Gyro: -8.05, -9.02, -3.59
Accel: -0.06, 0.02, -0.84
Gyro: -10.06, -22.88, -4.33
Accel: -0.05, 0.02, -0.81
Gyro: -13.14, -38.46, -6.22
Accel: -0.08, 0.03, -0.80
Gyro: -14.07, -55.97, -8.71
Accel: -0.12, 0.06, -0.76
Gyro: -11.20, -74.58, -10.91
Accel: -0.18, 0.07, -0.76
Gyro: -7.92, -91.41, -11.83
Accel: -0.24, 0.06, -0.70
Gyro: -6.48, -109.09, -11.68
Accel: -0.30, 0.06, -0.70
Gyro: -5.94, -126.46, -10.79
Accel: -0.39, 0.06, -0.64
Gyro: -7.24, -137.98, -10.21
Accel: -0.49, 0.03, -0.56
Gyro: -5.64, -154.05, -10.48
Accel: -0.61, 0.01, -0.58
Gyro: -7.69, -163.89, -13.12
Accel: -0.73, 0.00, -0.71
Gyro: -3.86, -155.99, -18.24
Accel: -0.87, 0.04, -0.52
Gyro: -7.87, -155.38, -24.62
Accel: -1.04, 0.02, -0.60
Gyro: 2.91, -149.38, -25.91
Accel: -1.13, 0.01, -0.83
Gyro: -1.01, -115.31, -27.02
Accel: -1.09, 0.06, -0.50
Gyro: -22.51, -82.55, -26.40
Accel: -1.19, 0.11, -0.46
Gyro: 4.61, -81.63, -17.95
Accel: -1.27, 0.07, -0.76
Gyro: -2.99, -47.43, -9.19
Accel: -1.18, 0.06, -0.52
Gyro: -5.23, -9.37, -3.46
Accel: -1.14, 0.04, -0.41
Gyro: 2.98, 2.62, 1.07
Accel: -1.13, -0.01, -0.52
Gyro: -4.64, 19.01, 4.94
Accel: -1.08, 0.02, -0.47
Gyro: -2.22, 36.01, 2.82
Accel: -1.08, 0.00, -0.53
Gyro: -6.04, 53.02, 4.88
Accel: -1.01, 0.03, -0.43
Gyro: -3.01, 68.01, 6.97
Accel: -1.01, 0.05, -0.53
Gyro: 1.06, 74.31, 7.71
Accel: -0.97, 0.04, -0.55
Gyro: -1.59, 91.26, 10.03
Accel: -0.84, 0.07, -0.41
Gyro: 6.27, 94.60, 10.58
Accel: -0.83, 0.05, -0.53
Gyro: 9.31, 88.87, 10.97
Accel: -0.80, 0.05, -0.61
Gyro: 7.97, 90.44, 11.66
Accel: -0.74, 0.04, -0.59
Gyro: 10.87, 90.11, 11.22
Accel: -0.67, 0.02, -0.62
Gyro: 9.99, 85.68, 10.41
Accel: -0.63, 0.02, -0.68
Gyro: 10.01, 81.14, 9.39
Accel: -0.56, 0.01, -0.68
Gyro: 8.13, 77.87, 8.46
Accel: -0.53, 0.01, -0.70
Gyro: 7.46, 69.59, 6.10
Accel: -0.53, 0.00, -0.82
Gyro: 5.74, 65.93, 5.62
Accel: -0.49, -0.01, -0.80
Gyro: 1.56, 68.28, 4.18
Accel: -0.45, -0.02, -0.84
Gyro: -0.22, 66.05, 2.54
Accel: -0.40, -0.01, -0.85
Gyro: -8.50, 66.52, 0.84
Accel: -0.33, 0.02, -0.77
Gyro: -9.67, 58.43, -0.19
Accel: -0.32, 0.04, -0.79
Gyro: -3.93, 47.28, -1.61
Accel: -0.32, 0.05, -0.87
Gyro: -0.02, 39.79, -2.76
Accel: -0.32, 0.05, -0.90
Gyro: 1.03, 38.23, -2.17
Accel: -0.30, 0.04, -0.89
Gyro: 2.62, 38.37, -0.81
Accel: -0.29, 0.02, -0.92
Gyro: 2.77, 35.97, 0.93
Accel: -0.26, 0.02, -0.91
Gyro: -0.76, 34.62, 1.81
Accel: -0.24, 0.02, -0.90
Gyro: -2.40, 31.95, 1.97
Accel: -0.22, 0.03, -0.92
Gyro: -2.90, 29.08, 1.96
Accel: -0.20, 0.04, -0.92
Gyro: -1.54, 26.53, 2.33
Accel: -0.18, 0.03, -0.92
Gyro: -0.84, 23.90, 1.76
Accel: -0.16, 0.02, -0.90
Gyro: -0.37, 19.87, 1.30
Accel: -0.15, 0.02, -0.88
Gyro: -0.01, 12.34, 0.79
Accel: -0.14, 0.01, -0.88
Gyro: -1.59, 4.14, 0.53
Accel: -0.16, 0.01, -0.93
Gyro: -3.68, -0.56, 0.52
Accel: -0.18, 0.02, -0.97
Gyro: -4.97, -1.53, 0.68
Accel: -0.19, 0.03, -0.96
Gyro: -4.92, -0.61, 0.10
Accel: -0.18, 0.02, -0.94
Gyro: -3.87, -0.10, -0.31
Accel: -0.18, 0.03, -0.93
Gyro: -4.01, -1.53, -1.19
Accel: -0.20, 0.04, -0.95
Gyro: -4.11, -2.97, -1.49
Accel: -0.21, 0.04, -0.95
Gyro: -3.01, -3.34, -0.68
Accel: -0.21, 0.03, -0.96
Gyro: -5.33, -1.69, -0.27
Accel: -0.21, 0.03, -0.96
Gyro: -5.42, -0.66, -0.31
Accel: -0.20, 0.03, -0.94
Gyro: -4.68, -0.46, -1.25
Accel: -0.19, 0.05, -0.93
Gyro: -3.43, -2.24, -2.53
Accel: -0.20, 0.05, -0.94
Gyro: -3.32, -3.81, -2.36
Accel: -0.20, 0.05, -0.94
Gyro: -2.75, -3.98, -1.92
Accel: -0.21, 0.04, -0.95
Gyro: -1.46, -4.03, -1.13
Accel: -0.22, 0.04, -0.97
Gyro: -2.75, -2.86, -0.53
Accel: -0.22, 0.04, -0.95
Gyro: -3.48, -1.93, -0.95
Accel: -0.22, 0.04, -0.96
Gyro: -3.11, -1.98, -1.63
Accel: -0.21, 0.04, -0.94
Gyro: -3.06, -2.32, -1.62
Accel: -0.22, 0.05, -0.95
Gyro: -2.94, -2.02, -1.30
Accel: -0.22, 0.05, -0.96
Gyro: -2.55, -0.68, -0.87
Accel: -0.22, 0.05, -0.95
Gyro: -2.34, 0.05, -0.86
Accel: -0.22, 0.05, -0.93
Gyro: -1.47, -0.31, -1.31
Accel: -0.22, 0.05, -0.94
Gyro: -1.73, -0.65, -1.01
Accel: -0.22, 0.05, -0.96
Gyro: -1.63, -0.19, -0.84
Accel: -0.22, 0.05, -0.95
Gyro: -1.47, 0.04, -0.24
Accel: -0.22, 0.04, -0.95
Gyro: -1.24, -0.07, -0.18
Accel: -0.21, 0.04, -0.94
Gyro: -1.41, 0.55, -0.23
Accel: -0.21, 0.04, -0.96
Gyro: -1.31, 0.54, -0.56
Accel: -0.21, 0.04, -0.95
Gyro: -1.73, 1.19, -1.05
Accel: -0.21, 0.04, -0.94
Gyro: -0.06, 0.66, -0.84
Accel: -0.20, 0.04, -0.94
Gyro: -1.53, -0.61, -0.63
Accel: -0.20, 0.04, -0.93
Gyro: -1.63, -2.41, -0.21
Accel: -0.21, 0.03, -0.95
Gyro: -1.83, -2.86, -0.42
Accel: -0.22, 0.04, -0.95
Gyro: -2.40, -2.68, -0.80
