Accel: -0.10, 0.05, -0.96
Gyro: -1.53, 0.72, -1.46
Accel: -0.11, 0.06, -0.98
Gyro: -1.98, 1.38, -0.98
Accel: -0.10, 0.05, -0.97
Gyro: -2.50, 2.17, -0.82
Accel: -0.09, 0.05, -0.95
Gyro: -0.83, 1.33, -0.79
Accel: -0.09, 0.05, -0.94
Gyro: -1.11, -2.28, -1.59
Accel: -0.10, 0.06, -0.95
Gyro: -1.86, -4.72, -1.58
Accel: -0.11, 0.05, -0.98
Gyro: -1.76, -4.09, -0.92
Accel: -0.12, 0.06, -0.98
Gyro: -2.72, -1.65, -0.75
Accel: -0.11, 0.06, -0.97
Gyro: -2.81, -0.52, -0.69
Accel: -0.12, 0.05, -0.98
Gyro: -2.59, 1.16, -1.50
Accel: -0.12, 0.05, -0.99
Gyro: -2.23, 4.39, -1.21
Accel: -0.10, 0.04, -0.97
Gyro: -3.71, 6.74, -1.15
Accel: -0.08, 0.05, -0.95
Gyro: -3.91, 5.82, -1.75
Accel: -0.05, 0.04, -0.93
Gyro: -5.01, 1.14, -2.93
Accel: -0.05, 0.04, -0.93
Gyro: -6.69, -4.19, -3.08
Accel: -0.03, 0.04, -0.91
Gyro: -9.11, -9.56, -3.93
Accel: -0.01, 0.04, -0.87
Gyro: -11.37, -19.01, -4.36
Accel: -0.01, 0.06, -0.86
Gyro: -11.25, -31.54, -5.42
Accel: -0.04, 0.07, -0.83
Gyro: -11.93, -45.28, -7.05
Accel: -0.06, 0.09, -0.79
Gyro: -9.74, -62.71, -7.57
Accel: -0.11, 0.08, -0.80
Gyro: -7.53, -81.32, -8.64
Accel: -0.17, 0.08, -0.79
Gyro: -5.00, -95.70, -9.09
Accel: -0.22, 0.07, -0.74
Gyro: -4.67, -108.91, -9.41
Accel: -0.30, 0.06, -0.73
Gyro: -5.20, -124.17, -9.04
Accel: -0.39, 0.05, -0.74
Gyro: -10.73, -132.67, -10.80
Accel: -0.47, 0.05, -0.77
Gyro: -14.63, -134.07, -14.08
Accel: -0.55, 0.04, -0.70
Gyro: -14.30, -131.32, -17.52
Accel: -0.67, 0.05, -0.67
Gyro: -4.78, -133.83, -22.88
Accel: -0.75, 0.01, -0.74
Gyro: -5.35, -123.41, -27.04
Accel: -0.80, 0.04, -0.69
Gyro: -16.93, -115.68, -29.73
Accel: -0.81, 0.08, -0.60
Gyro: -13.78, -110.56, -32.07
Accel: -0.86, 0.07, -0.59
Gyro: -5.64, -104.60, -29.43
Accel: -0.95, 0.10, -0.53
Gyro: -12.76, -100.58, -26.08
Accel: -1.07, 0.12, -0.57
Gyro: -1.50, -95.46, -19.60
Accel: -1.17, 0.10, -0.74
Gyro: 5.04, -68.59, -12.51
Accel: -1.21, 0.10, -0.69
Gyro: 0.18, -33.94, -5.87
Accel: -1.19, 0.10, -0.66
Gyro: 5.53, -2.37, 4.10
Accel: -1.09, 0.06, -0.57
Gyro: 5.04, 20.05, 4.93
Accel: -1.02, 0.03, -0.47
Gyro: 2.85, 31.26, 7.56
Accel: -1.00, 0.03, -0.52
Gyro: 3.88, 35.52, 7.98
Accel: -1.00, 0.04, -0.59
Gyro: 2.26, 51.34, 8.77
Accel: -0.95, 0.07, -0.58
Gyro: 4.88, 66.19, 8.72
Accel: -0.93, 0.05, -0.58
Gyro: 6.48, 76.98, 8.18
Accel: -0.90, 0.03, -0.55
Gyro: 10.43, 83.59, 10.50
Accel: -0.86, 0.04, -0.57
Gyro: 4.35, 88.75, 11.25
Accel: -0.81, 0.03, -0.60
Gyro: 3.56, 90.61, 13.04
Accel: -0.74, 0.04, -0.63
Gyro: 5.00, 95.73, 13.59
Accel: -0.67, 0.03, -0.63
Gyro: 4.76, 94.93, 13.24
Accel: -0.60, 0.04, -0.65
Gyro: 2.85, 88.49, 12.76
Accel: -0.57, 0.04, -0.70
Gyro: 3.01, 83.71, 12.46
Accel: -0.54, 0.03, -0.74
Gyro: 4.81, 79.18, 11.31
Accel: -0.48, 0.03, -0.78
Gyro: 1.08, 77.65, 9.43
Accel: -0.46, 0.04, -0.81
Gyro: 2.47, 71.50, 6.78
Accel: -0.42, 0.04, -0.83
Gyro: -1.13, 72.62, 7.40
Accel: -0.35, 0.04, -0.78
Gyro: -0.11, 63.96, 6.28
Accel: -0.35, 0.05, -0.85
Gyro: 1.14, 55.24, 4.28
Accel: -0.31, 0.05, -0.84
Gyro: -1.89, 51.61, 4.70
Accel: -0.28, 0.03, -0.86
Gyro: -0.99, 44.34, 3.63
Accel: -0.26, 0.05, -0.88
Gyro: -3.24, 40.31, 1.15
Accel: -0.29, 0.07, -0.94
Gyro: -2.27, 39.36, 0.44
Accel: -0.24, 0.06, -0.89
Gyro: -1.08, 37.97, 0.70
Accel: -0.22, 0.07, -0.89
Gyro: -0.07, 32.97, -1.02
Accel: -0.21, 0.06, -0.94
Gyro: -0.79, 31.94, -0.80
Accel: -0.17, 0.07, -0.89
Gyro: 0.39, 27.92, -0.98
Accel: -0.15, 0.07, -0.90
Gyro: 2.43, 21.58, -0.76
Accel: -0.15, 0.06, -0.92
Gyro: 1.34, 16.60, -0.08
Accel: -0.16, 0.04, -0.93
Gyro: -0.89, 12.53, 0.66
Accel: -0.16, 0.04, -0.94
Gyro: -2.90, 11.43, 0.18
Accel: -0.14, 0.04, -0.95
Gyro: -3.82, 9.86, -0.45
Accel: -0.13, 0.04, -0.93
Gyro: -3.85, 7.87, -1.59
Accel: -0.13, 0.05, -0.93
Gyro: -3.92, 4.93, -2.33
Accel: -0.13, 0.05, -0.94
Gyro: -4.30, 1.75, -2.94
Accel: -0.14, 0.06, -0.94
Gyro: -4.08, -0.51, -3.49
Accel: -0.15, 0.06, -0.97
Gyro: -2.83, -2.42, -3.17
Accel: -0.17, 0.07, -0.98
Gyro: -2.55, 0.32, -1.86
Accel: -0.15, 0.08, -0.96
Gyro: -0.89, 1.73, -1.26
Accel: -0.16, 0.06, -0.98
Gyro: 0.27, 2.58, -0.24
Accel: -0.15, 0.06, -0.95
Gyro: 0.56, 2.91, -0.09
Accel: -0.14, 0.05, -0.94
Gyro: 0.10, 1.06, 0.38
Accel: -0.14, 0.05, -0.95
Gyro: -1.08, -1.39, 0.26
Accel: -0.14, 0.05, -0.95
Gyro: -1.48, -2.66, 0.18
Accel: -0.16, 0.05, -0.96
Gyro: -1.41, -2.94, -0.06
Accel: -0.17, 0.05, -0.96
Gyro: -2.14, -2.49, -0.31
Accel: -0.16, 0.05, -0.98
Gyro: -2.31, -1.45, -0.41
Accel: -0.16, 0.05, -0.96
Gyro: -2.27, -0.45, -0.89
Accel: -0.16, 0.05, -0.95
Gyro: -1.88, -0.36, -1.37
Accel: -0.15, 0.04, -0.95
Gyro: -1.67, -1.28, -2.04
Accel: -0.15, 0.05, -0.95
Gyro: -1.32, -2.43, -1.79
Accel: -0.15, 0.06, -0.97
Gyro: -1.45, -2.40, -1.52
Accel: -0.16, 0.05, -0.97
Gyro: -1.53, -1.92, -0.50
Accel: -0.16, 0.05, -0.96
Gyro: -1.75, -1.33, -0.06
Accel: -0.16, 0.05, -0.95
Gyro: -1.87, -1.57, 0.18
Accel: -0.16, 0.05, -0.95
Gyro: -2.13, -1.91, -0.08
Accel: -0.16, 0.06, -0.95
Gyro: -2.61, -3.15, -0.60
Accel: -0.17, 0.06, -0.97
Gyro: -2.77, -1.83, -0.24
Accel: -0.17, 0.05, -0.97
Gyro: -2.21, 0.02, -0.34
Accel: -0.16, 0.06, -0.96
Gyro: -1.88, 0.87, -0.48
Accel: -0.15, 0.05, -0.95
Gyro: -1.46, -0.93, -1.14
Accel: -0.17, 0.05, -0.95
Gyro: -2.43, -1.63, -1.43
Accel: -0.17, 0.06, -0.97
Gyro: -3.15, -1.46, -1.14
Accel: -0.16, 0.05, -0.98
Gyro: -3.38, 0.48, -1.37
