Accel: -0.36, 0.05, -0.89
Gyro: -2.49, -0.70, -1.52
Accel: -0.37, 0.06, -0.90
Gyro: -1.46, -1.45, -1.27
Accel: -0.37, 0.05, -0.90
Gyro: -0.73, -0.82, -0.47
Accel: -0.37, 0.04, -0.90
Gyro: -1.20, -0.19, -0.01
Accel: -0.37, 0.04, -0.90
Gyro: -0.43, -0.63, -0.32
Accel: -0.37, 0.04, -0.91
Gyro: -0.88, -0.34, -0.36
Accel: -0.37, 0.03, -0.90
Gyro: -1.63, 0.08, -0.43
Accel: -0.36, 0.04, -0.90
Gyro: -1.05, 0.27, -1.11
Accel: -0.37, 0.04, -0.90
Gyro: -1.29, 0.37, -1.08
Accel: -0.37, 0.04, -0.92
Gyro: -1.15, 1.27, -0.76
Accel: -0.35, 0.03, -0.90
Gyro: -2.21, 1.30, -0.76
Accel: -0.33, 0.01, -0.87
Gyro: -4.72, -2.13, -1.79
Accel: -0.33, 0.01, -0.86
Gyro: -7.10, -6.59, -3.20
Accel: -0.30, 0.01, -0.84
Gyro: -9.30, -12.54, -5.10
Accel: -0.30, 0.02, -0.83
Gyro: -10.38, -20.98, -6.36
Accel: -0.28, 0.04, -0.78
Gyro: -10.86, -30.50, -7.55
Accel: -0.27, 0.04, -0.70
Gyro: -10.38, -47.92, -8.52
Accel: -0.28, 0.05, -0.63
Gyro: -11.00, -72.95, -8.49
Accel: -0.34, 0.05, -0.59
Gyro: -12.61, -100.35, -8.11
Accel: -0.44, 0.05, -0.68
Gyro: -11.18, -117.74, -8.19
Accel: -0.55, 0.03, -0.63
Gyro: -15.03, -127.49, -9.12
Accel: -0.72, 0.02, -0.63
Gyro: -7.00, -135.76, -14.42
Accel: -0.87, 0.03, -0.91
Gyro: -11.98, -117.04, -20.81
Accel: -0.86, 0.08, -0.77
Gyro: -13.84, -89.34, -24.77
Accel: -0.81, 0.10, -0.57
Gyro: -0.05, -80.51, -24.50
Accel: -0.83, 0.12, -0.56
Gyro: 2.64, -81.25, -19.70
Accel: -0.88, 0.11, -0.61
Gyro: 0.84, -76.99, -10.17
Accel: -0.97, 0.09, -0.59
Gyro: 3.97, -66.62, -1.25
Accel: -1.04, 0.04, -0.65
Gyro: 10.10, -50.34, 4.10
Accel: -1.10, 0.01, -0.78
Gyro: 1.56, -23.07, 3.36
Accel: -1.04, 0.00, -0.58
Gyro: 1.04, -2.12, -1.25
Accel: -0.99, 0.00, -0.56
Gyro: -0.05, 6.63, -2.98
Accel: -0.93, 0.03, -0.53
Gyro: -9.16, 17.27, -2.85
Accel: -0.91, 0.03, -0.47
Gyro: -2.95, 19.05, -1.88
Accel: -0.99, 0.04, -0.61
Gyro: -4.09, 23.06, -0.92
Accel: -1.04, 0.06, -0.73
Gyro: -5.42, 44.93, 0.27
Accel: -1.04, 0.07, -0.65
Gyro: 2.60, 67.13, 2.23
Accel: -1.04, 0.06, -0.77
Gyro: -0.17, 89.79, 6.44
Accel: -0.93, 0.05, -0.67
Gyro: -5.41, 109.54, 10.04
Accel: -0.85, 0.06, -0.60
Gyro: 7.44, 121.70, 12.71
Accel: -0.76, 0.04, -0.60
Gyro: 2.63, 122.08, 13.02
Accel: -0.63, 0.04, -0.60
Gyro: 0.22, 116.83, 14.10
Accel: -0.54, 0.04, -0.64
Gyro: 0.75, 106.86, 12.69
Accel: -0.47, 0.05, -0.64
Gyro: 0.61, 95.76, 11.22
Accel: -0.42, 0.04, -0.70
Gyro: 4.38, 84.67, 9.39
Accel: -0.39, 0.03, -0.76
Gyro: 4.94, 72.90, 7.22
Accel: -0.37, 0.03, -0.83
Gyro: 2.13, 67.94, 5.59
Accel: -0.31, 0.03, -0.80
Gyro: 0.04, 59.75, 4.56
Accel: -0.27, 0.03, -0.82
Gyro: -0.64, 49.92, 2.53
Accel: -0.24, 0.03, -0.85
Gyro: -1.98, 41.68, 0.46
Accel: -0.21, 0.04, -0.83
Gyro: -1.53, 31.78, -1.75
Accel: -0.20, 0.04, -0.82
Gyro: -1.27, 20.93, -3.15
Accel: -0.21, 0.05, -0.86
Gyro: -2.43, 9.48, -3.07
Accel: -0.23, 0.07, -0.93
Gyro: -4.21, 6.74, -1.50
Accel: -0.24, 0.07, -0.89
Gyro: -1.63, 4.14, 0.60
Accel: -0.26, 0.06, -0.94
Gyro: -1.18, 1.51, 0.79
Accel: -0.26, 0.08, -0.93
Gyro: -0.78, 1.30, 0.82
Accel: -0.26, 0.05, -0.91
Gyro: 1.88, 1.13, 1.37
Accel: -0.26, 0.04, -0.93
Gyro: 0.80, 0.02, 0.87
Accel: -0.26, 0.02, -0.92
Gyro: -2.46, -2.05, 0.15
Accel: -0.27, 0.03, -0.91
Gyro: -3.52, -3.67, -1.21
Accel: -0.27, 0.04, -0.92
Gyro: -3.80, -4.61, -2.40
Accel: -0.28, 0.05, -0.93
Gyro: -4.26, -5.52, -2.93
Accel: -0.28, 0.06, -0.92
Gyro: -3.17, -4.88, -2.54
Accel: -0.29, 0.06, -0.93
Gyro: -2.89, -4.91, -1.86
Accel: -0.30, 0.05, -0.91
Gyro: -4.41, -4.97, -1.37
Accel: -0.30, 0.05, -0.93
Gyro: -4.86, -5.30, -1.21
Accel: -0.30, 0.05, -0.94
Gyro: -4.74, -3.99, -1.59
Accel: -0.31, 0.04, -0.92
Gyro: -4.71, -2.85, -2.62
Accel: -0.30, 0.05, -0.92
Gyro: -4.17, -2.72, -3.10
Accel: -0.31, 0.06, -0.92
Gyro: -3.83, -3.41, -3.30
Accel: -0.30, 0.08, -0.92
Gyro: -2.81, -3.33, -2.96
Accel: -0.30, 0.07, -0.92
Gyro: -0.95, -3.55, -2.24
Accel: -0.30, 0.07, -0.93
Gyro: -1.24, -2.53, -1.04
Accel: -0.31, 0.06, -0.93
Gyro: -1.62, -1.43, -0.17
Accel: -0.30, 0.06, -0.92
Gyro: -1.67, -0.92, 0.21
Accel: -0.31, 0.06, -0.92
Gyro: -1.69, -1.14, -0.08
Accel: -0.30, 0.06, -0.93
Gyro: -1.23, -0.69, -0.54
Accel: -0.29, 0.06, -0.91
Gyro: 0.46, -0.79, -0.37
Accel: -0.30, 0.05, -0.91
Gyro: -0.24, -1.74, 0.09
Accel: -0.30, 0.05, -0.91
Gyro: -0.76, -3.43, 0.21
Accel: -0.31, 0.04, -0.92
Gyro: -1.61, -3.84, -0.68
Accel: -0.31, 0.05, -0.92
Gyro: -2.55, -3.08, -1.62
Accel: -0.32, 0.06, -0.92
Gyro: -2.28, -2.69, -1.58
Accel: -0.31, 0.06, -0.92
Gyro: -1.45, -2.51, -1.50
Accel: -0.32, 0.06, -0.93
Gyro: -1.03, -2.59, -1.17
Accel: -0.32, 0.06, -0.93
Gyro: 0.18, -2.01, -0.31
Accel: -0.32, 0.05, -0.92
Gyro: -0.76, -1.24, 0.15
Accel: -0.32, 0.04, -0.92
Gyro: -0.89, -1.16, -0.18
Accel: -0.31, 0.04, -0.92
Gyro: -1.44, -1.16, -1.00
Accel: -0.31, 0.05, -0.92
Gyro: -1.84, -1.39, -1.37
Accel: -0.32, 0.06, -0.92
Gyro: -1.50, -0.92, -0.88
Accel: -0.32, 0.05, -0.92
Gyro: -0.99, -0.96, -0.44
Accel: -0.31, 0.05, -0.92
Gyro: -1.07, -0.84, -0.50
Accel: -0.31, 0.04, -0.92
Gyro: -1.10, -1.61, -0.68
Accel: -0.32, 0.05, -0.93
Gyro: -1.37, -0.67, -0.63
Accel: -0.32, 0.04, -0.93
Gyro: -2.15, 0.60, -0.95
Accel: -0.31, 0.04, -0.91
Gyro: -1.84, 0.44, -1.53
Accel: -0.31, 0.05, -0.90
Gyro: -1.59, -1.46, -1.77
Accel: -0.31, 0.06, -0.93
Gyro: -2.04, -1.24, -1.32
Accel: -0.31, 0.06, -0.92
Gyro: -1.51, -0.55, -0.88
