Accel: -0.21, 0.04, -0.94
Gyro: -2.08, -2.66, -1.53
Accel: -0.21, 0.04, -0.96
Gyro: -2.24, -3.03, -1.04
Accel: -0.22, 0.05, -0.96
Gyro: -2.93, -2.92, -1.50
Accel: -0.22, 0.04, -0.95
Gyro: -1.84, -1.61, -0.83
Accel: -0.22, 0.04, -0.94
Gyro: -1.75, -1.35, -0.59
Accel: -0.22, 0.04, -0.96
Gyro: -2.30, -1.17, -0.57
Accel: -0.22, 0.04, -0.95
Gyro: -1.62, -0.26, -0.85
Accel: -0.21, 0.05, -0.94
Gyro: -1.06, -0.02, -0.82
Accel: -0.22, 0.05, -0.95
Gyro: -1.21, -1.05, -0.46
Accel: -0.23, 0.04, -0.95
Gyro: -1.36, 0.63, 0.19
Accel: -0.22, 0.03, -0.96
Gyro: -1.52, 1.82, 0.08
Accel: -0.20, 0.02, -0.95
Gyro: -2.93, 2.26, -0.95
Accel: -0.19, 0.01, -0.93
Gyro: -3.90, 1.09, -2.96
Accel: -0.17, 0.02, -0.91
Gyro: -5.53, -2.77, -4.78
Accel: -0.15, 0.04, -0.91
Gyro: -6.00, -8.46, -5.42
Accel: -0.15, 0.05, -0.94
Gyro: -5.27, -13.16, -5.10
Accel: -0.15, 0.04, -0.91
Gyro: -4.68, -14.77, -4.59
Accel: -0.12, 0.03, -0.85
Gyro: -4.05, -23.78, -4.65
Accel: -0.13, 0.03, -0.83
Gyro: -5.32, -37.64, -5.65
Accel: -0.14, 0.03, -0.81
Gyro: -7.44, -50.95, -6.22
Accel: -0.16, 0.03, -0.77
Gyro: -7.48, -66.81, -6.58
Accel: -0.19, 0.04, -0.73
Gyro: -8.61, -86.05, -6.10
Accel: -0.24, 0.04, -0.71
Gyro: -10.82, -104.23, -5.78
Accel: -0.32, 0.04, -0.57
Gyro: -13.49, -123.41, -5.89
Accel: -0.47, 0.03, -0.54
Gyro: -11.39, -152.11, -7.57
Accel: -0.62, 0.00, -0.76
Gyro: -13.86, -158.54, -10.64
Accel: -0.73, 0.04, -0.82
Gyro: -16.43, -142.72, -17.91
Accel: -0.84, 0.06, -0.66
Gyro: -8.03, -128.88, -21.24
Accel: -0.91, 0.02, -0.71
Gyro: -3.48, -118.70, -24.25
Accel: -0.95, 0.05, -0.77
Gyro: -17.09, -99.10, -25.76
Accel: -0.88, 0.08, -0.54
Gyro: -16.19, -81.42, -27.12
Accel: -0.91, 0.08, -0.38
Gyro: -3.94, -88.82, -22.60
Accel: -1.06, 0.06, -0.59
Gyro: -4.10, -85.56, -17.07
Accel: -1.15, 0.07, -0.65
Gyro: -5.44, -60.60, -14.98
Accel: -1.21, 0.07, -0.57
Gyro: 3.00, -32.55, -9.70
Accel: -1.22, 0.06, -0.65
Gyro: 6.18, -4.62, -4.43
Accel: -1.17, 0.05, -0.56
Gyro: -0.40, 24.10, 0.04
Accel: -1.13, 0.05, -0.55
Gyro: -0.67, 39.74, 5.78
Accel: -1.06, 0.04, -0.55
Gyro: -2.59, 62.87, 10.71
Accel: -1.03, 0.05, -0.55
Gyro: 1.07, 78.20, 12.37
Accel: -0.97, 0.05, -0.53
Gyro: -0.68, 92.14, 14.40
Accel: -0.85, 0.03, -0.44
Gyro: 3.40, 94.98, 15.84
Accel: -0.84, 0.05, -0.54
Gyro: 9.03, 92.25, 14.95
Accel: -0.80, 0.03, -0.60
Gyro: 7.37, 96.02, 15.44
Accel: -0.72, 0.03, -0.57
Gyro: 8.78, 95.75, 13.41
Accel: -0.68, 0.03, -0.62
Gyro: 10.19, 89.39, 12.08
Accel: -0.63, 0.02, -0.67
Gyro: 10.04, 86.81, 10.66
Accel: -0.57, 0.02, -0.70
Gyro: 10.05, 83.65, 8.48
Accel: -0.50, 0.02, -0.71
Gyro: 8.21, 77.04, 6.77
Accel: -0.47, 0.01, -0.75
Gyro: 7.87, 68.44, 5.17
Accel: -0.44, 0.01, -0.79
Gyro: 4.33, 65.14, 3.79
Accel: -0.41, 0.02, -0.78
Gyro: 4.52, 57.98, 2.04
Accel: -0.41, 0.02, -0.84
Gyro: 3.34, 54.74, 1.98
Accel: -0.36, 0.02, -0.83
Gyro: 0.29, 50.95, 1.82
Accel: -0.33, 0.02, -0.84
Gyro: 0.61, 45.13, 2.21
Accel: -0.31, 0.01, -0.85
Gyro: -0.52, 40.18, 2.47
Accel: -0.28, 0.01, -0.87
Gyro: -2.27, 35.30, 2.15
Accel: -0.26, 0.01, -0.89
Gyro: -3.56, 31.00, 1.56
Accel: -0.26, 0.02, -0.87
Gyro: -3.56, 25.35, 0.15
Accel: -0.25, 0.03, -0.93
Gyro: -3.46, 23.73, -0.40
Accel: -0.24, 0.02, -0.92
Gyro: -2.44, 22.14, -1.08
Accel: -0.22, 0.02, -0.91
Gyro: -1.27, 19.56, -1.56
Accel: -0.22, 0.02, -0.88
Gyro: -2.36, 14.15, -1.65
Accel: -0.22, 0.01, -0.91
Gyro: -3.61, 8.31, -1.81
Accel: -0.21, 0.03, -0.93
Gyro: -4.38, 6.91, -1.22
Accel: -0.21, 0.03, -0.92
Gyro: -3.62, 5.17, -0.98
Accel: -0.22, 0.03, -0.93
Gyro: -3.89, 2.53, -1.26
Accel: -0.23, 0.03, -0.93
Gyro: -4.70, 0.89, -1.63
Accel: -0.22, 0.04, -0.94
Gyro: -4.17, 0.39, -1.91
Accel: -0.24, 0.04, -0.92
Gyro: -3.19, -0.53, -2.06
Accel: -0.24, 0.04, -0.94
Gyro: -3.27, -0.15, -1.80
Accel: -0.25, 0.04, -0.96
Gyro: -3.07, 0.89, -1.76
Accel: -0.24, 0.04, -0.94
Gyro: -3.45, 1.63, -2.01
Accel: -0.24, 0.04, -0.94
Gyro: -2.81, 0.76, -1.88
Accel: -0.24, 0.05, -0.94
Gyro: -1.88, 1.23, -1.42
Accel: -0.23, 0.05, -0.94
Gyro: -0.92, 0.95, -0.79
Accel: -0.24, 0.04, -0.92
Gyro: -1.29, -0.50, -0.39
Accel: -0.25, 0.03, -0.94
Gyro: -1.43, -2.26, -0.18
Accel: -0.25, 0.02, -0.95
Gyro: -2.50, -1.59, -0.61
Accel: -0.25, 0.03, -0.95
Gyro: -2.88, -0.65, -1.46
Accel: -0.24, 0.03, -0.93
Gyro: -2.08, -0.72, -1.75
Accel: -0.25, 0.03, -0.94
Gyro: -2.63, -0.47, -1.63
Accel: -0.24, 0.04, -0.95
Gyro: -1.91, 0.08, -1.77
Accel: -0.24, 0.03, -0.93
Gyro: -1.36, -0.05, -1.36
Accel: -0.24, 0.03, -0.93
Gyro: -1.61, -1.27, -0.77
Accel: -0.24, 0.04, -0.95
Gyro: -1.56, -1.52, -0.92
Accel: -0.23, 0.03, -0.93
Gyro: -1.56, -1.03, -0.76
Accel: -0.23, 0.03, -0.93
Gyro: -1.27, -1.91, -0.53
Accel: -0.23, 0.03, -0.94
Gyro: -1.34, -2.66, -0.11
Accel: -0.24, 0.03, -0.95
Gyro: -1.75, -2.20, -0.02
Accel: -0.24, 0.03, -0.94
Gyro: -2.53, -2.27, -0.35
Accel: -0.24, 0.03, -0.94
Gyro: -2.46, -1.95, -0.47
Accel: -0.25, 0.02, -0.93
Gyro: -2.43, -1.47, -1.17
Accel: -0.25, 0.03, -0.95
Gyro: -2.67, -0.98, -1.47
Accel: -0.25, 0.03, -0.95
Gyro: -2.85, -0.71, -1.61
Accel: -0.24, 0.04, -0.93
Gyro: -2.11, -0.82, -1.21
Accel: -0.24, 0.03, -0.93
Gyro: -2.15, -1.72, -1.11
Accel: -0.25, 0.04, -0.94
Gyro: -1.76, -2.55, -0.68
Accel: -0.25, 0.04, -0.95
Gyro: -2.81, -1.51, -0.83
Accel: -0.25, 0.03, -0.95
Gyro: -2.56, -1.16, -1.37
Accel: -0.25, 0.03, -0.94
Gyro: -2.20, -0.76, -1.68
