Accel: -0.04, -0.07, -0.99
Gyro: -4.33, -0.10, -3.30
Accel: -0.04, -0.06, -0.98
Gyro: -4.43, -0.49, -3.07
Accel: -0.04, -0.05, -0.97
Gyro: -3.97, -0.40, -1.93
Accel: -0.04, -0.06, -0.98
Gyro: -2.76, -0.55, -0.82
Accel: -0.04, -0.05, -0.98
Gyro: -2.89, -0.42, -0.66
Accel: -0.04, -0.06, -0.97
Gyro: -1.11, -0.14, 0.24
Accel: -0.04, -0.07, -0.97
Gyro: -0.39, -0.24, 0.69
Accel: -0.04, -0.06, -0.97
Gyro: -1.25, 0.17, 0.13
Accel: -0.05, -0.07, -0.98
Gyro: -0.85, 0.37, 0.35
Accel: -0.04, -0.07, -0.97
Gyro: -0.27, 0.66, 0.69
Accel: -0.05, -0.07, -0.98
Gyro: -0.31, 0.82, 1.32
Accel: -0.04, -0.07, -0.98
Gyro: -0.31, 0.84, 2.27
Accel: -0.04, -0.08, -0.97
Gyro: -0.52, 1.01, 3.12
Accel: -0.04, -0.09, -0.98
Gyro: -1.24, 1.32, 2.94
Accel: -0.04, -0.09, -0.98
Gyro: -1.44, 1.14, 2.16
Accel: -0.04, -0.10, -0.97
Gyro: -1.69, 0.67, 0.92
Accel: -0.04, -0.08, -0.98
Gyro: -1.17, 0.59, -0.21
Accel: -0.04, -0.08, -0.97
Gyro: -1.00, 0.46, -0.64
Accel: -0.04, -0.08, -0.98
Gyro: -1.14, 0.72, -0.59
Accel: -0.03, -0.07, -0.98
Gyro: -1.18, 1.02, -0.16
Accel: -0.04, -0.08, -0.97
Gyro: -0.82, 1.46, 0.29
Accel: -0.04, -0.08, -0.97
Gyro: -2.15, 1.07, -0.28
Accel: -0.03, -0.07, -0.97
Gyro: 0.16, 1.70, 0.14
Accel: -0.02, -0.08, -0.97
Gyro: 1.40, 1.35, 0.30
Accel: -0.03, -0.08, -0.97
Gyro: -0.29, 1.62, 0.37
Accel: -0.03, -0.08, -0.97
Gyro: -0.40, 1.55, 0.88
Accel: -0.03, -0.09, -0.97
Gyro: 0.16, 1.66, 0.56
Accel: -0.03, -0.09, -0.97
Gyro: -0.44, 2.03, 0.37
Accel: -0.03, -0.08, -0.98
Gyro: -0.12, 1.91, 0.92
Accel: -0.04, -0.08, -0.98
Gyro: 0.17, 2.32, 1.77
Accel: -0.04, -0.07, -0.99
Gyro: -0.25, 3.65, 2.25
Accel: -0.04, -0.05, -0.99
Gyro: 1.69, 5.65, 5.15
Accel: -0.05, -0.03, -1.01
Gyro: 3.18, 8.23, 10.99
Accel: -0.05, 0.01, -1.04
Gyro: 1.48, 13.92, 20.77
Accel: -0.07, 0.15, -1.13
Gyro: -1.36, 26.93, 50.31
Accel: -0.12, 0.19, -1.19
Gyro: -15.15, 50.41, 93.65
Accel: -0.09, 0.11, -1.00
Gyro: -27.42, 67.40, 138.29
Accel: -0.06, 0.07, -0.94
Gyro: -29.30, 64.65, 165.17
Accel: -0.05, 0.01, -0.95
Gyro: -26.03, 59.65, 178.38
Accel: -0.01, -0.04, -0.92
Gyro: -20.26, 57.08, 183.57
Accel: 0.05, -0.11, -0.88
Gyro: -15.82, 51.20, 177.06
Accel: 0.09, -0.15, -0.89
Gyro: -9.71, 44.46, 164.86
Accel: 0.13, -0.23, -0.88
Gyro: -3.93, 36.44, 140.65
Accel: 0.17, -0.24, -0.86
Gyro: 3.47, 29.39, 118.59
Accel: 0.19, -0.30, -0.88
Gyro: 4.33, 19.36, 94.46
Accel: 0.22, -0.33, -0.87
Gyro: 3.45, 7.90, 67.77
Accel: 0.22, -0.36, -0.89
Gyro: 6.77, -4.84, 39.32
Accel: 0.18, -0.29, -0.96
Gyro: 11.60, -8.29, 15.91
Accel: 0.18, -0.32, -0.96
Gyro: 11.69, -7.12, -0.31
Accel: 0.18, -0.28, -0.93
Gyro: 4.65, -8.70, -11.47
Accel: 0.18, -0.26, -0.93
Gyro: 3.49, -11.78, -16.45
Accel: 0.17, -0.32, -0.94
Gyro: 1.50, -13.54, -28.68
Accel: 0.19, -0.42, -0.92
Gyro: 1.66, -17.25, -54.13
Accel: 0.15, -0.43, -0.89
Gyro: 3.75, -24.94, -90.02
Accel: 0.11, -0.40, -0.92
Gyro: 9.61, -31.43, -120.41
Accel: 0.06, -0.29, -0.93
Gyro: 15.91, -34.86, -148.09
Accel: 0.03, -0.20, -0.94
Gyro: 25.84, -36.10, -153.24
Accel: 0.04, -0.29, -0.96
Gyro: 23.48, -37.71, -162.25
Accel: 0.04, -0.15, -0.95
Gyro: 19.00, -40.32, -166.27
Accel: 0.03, -0.07, -1.02
Gyro: 17.59, -39.31, -154.21
Accel: 0.04, -0.09, -0.95
Gyro: 7.18, -34.70, -136.95
Accel: 0.05, -0.01, -0.92
Gyro: 1.20, -39.80, -118.72
Accel: 0.05, -0.02, -0.91
Gyro: -5.19, -43.62, -98.11
Accel: 0.03, 0.02, -1.00
Gyro: -8.35, -43.32, -79.77
Accel: 0.02, 0.02, -1.03
Gyro: -9.62, -33.19, -58.70
Accel: 0.02, 0.01, -1.00
Gyro: -8.80, -26.93, -41.33
Accel: 0.00, -0.01, -0.99
Gyro: -8.25, -24.17, -27.24
Accel: -0.00, -0.05, -1.00
Gyro: -6.16, -21.25, -17.14
Accel: -0.02, -0.06, -1.02
Gyro: -4.68, -17.31, -10.99
Accel: -0.02, -0.06, -1.01
Gyro: -4.90, -12.50, -6.41
Accel: -0.03, -0.08, -1.02
Gyro: -5.69, -6.73, -2.61
Accel: -0.02, -0.08, -0.99
Gyro: -5.33, -3.08, 0.20
Accel: -0.01, -0.09, -0.98
Gyro: -5.44, -1.21, 1.85
Accel: -0.01, -0.09, -0.98
Gyro: -5.56, -0.86, 2.32
Accel: -0.00, -0.10, -0.97
Gyro: -3.95, -1.08, 2.17
Accel: -0.00, -0.11, -0.97
Gyro: -5.46, -1.43, 0.31
Accel: 0.00, -0.09, -0.99
Gyro: -4.41, -1.34, -0.54
Accel: 0.01, -0.09, -0.96
Gyro: -2.15, -2.20, -0.23
Accel: 0.01, -0.10, -0.97
Gyro: -1.38, -3.11, -0.28
Accel: 0.00, -0.09, -0.97
Gyro: -1.30, -3.49, 0.21
Accel: 0.01, -0.10, -0.96
Gyro: -0.69, -3.26, 0.97
Accel: -0.00, -0.10, -0.98
Gyro: -1.13, -3.20, 1.53
Accel: -0.00, -0.11, -0.97
Gyro: -1.90, -3.68, 1.34
Accel: -0.01, -0.12, -0.99
Gyro: -1.87, -2.36, 0.82
Accel: -0.00, -0.11, -0.98
Gyro: -1.21, -1.24, -0.16
Accel: -0.01, -0.11, -0.97
Gyro: -0.21, -0.11, -0.59
Accel: -0.01, -0.12, -0.98
Gyro: -0.18, 0.14, -1.14
Accel: -0.01, -0.11, -0.97
Gyro: -2.08, 0.43, -1.86
Accel: -0.01, -0.11, -0.97
Gyro: -3.00, 0.68, -2.16
Accel: -0.01, -0.11, -0.97
Gyro: -3.69, -0.02, -2.19
Accel: 0.00, -0.10, -0.97
Gyro: -4.97, -0.79, -2.39
Accel: -0.01, -0.10, -0.96
Gyro: -4.94, -1.09, -2.92
Accel: -0.02, -0.10, -0.97
Gyro: -4.70, -1.37, -3.04
Accel: -0.01, -0.09, -0.97
Gyro: -4.43, -1.09, -2.88
Accel: -0.01, -0.09, -0.98
Gyro: -3.59, -0.98, -2.76
Accel: -0.01, -0.09, -0.98
Gyro: -3.25, -1.50, -2.75
Accel: -0.01, -0.08, -0.98
Gyro: -2.69, -1.37, -2.20
Accel: -0.02, -0.09, -0.99
Gyro: -2.97, -0.92, -2.27
Accel: -0.03, -0.08, -1.01
Gyro: -2.77, 3.15, -2.08
Accel: -0.01, -0.08, -0.98
Gyro: -1.40, 4.11, -2.04
Accel: 0.00, -0.10, -0.94
Gyro: -0.76, 2.71, -1.86
