Accel: 0.02, 0.05, -0.96
Gyro: -3.37, 1.07, 0.65
Accel: 0.02, 0.04, -0.96
Gyro: -3.51, 0.89, 0.82
Accel: 0.03, 0.05, -0.96
Gyro: -3.75, 1.25, 0.25
Accel: 0.02, 0.06, -0.96
Gyro: -3.16, 0.48, 0.22
Accel: 0.03, 0.05, -0.96
Gyro: -2.35, 0.23, 0.59
Accel: 0.02, 0.06, -0.97
Gyro: -2.12, 0.24, 0.33
Accel: 0.03, 0.05, -0.96
Gyro: -1.10, 0.11, 1.17
Accel: 0.03, 0.04, -0.96
Gyro: -1.77, 0.16, 0.82
Accel: 0.02, 0.05, -0.96
Gyro: -2.51, 0.32, 0.79
Accel: 0.03, 0.05, -0.96
Gyro: -2.31, 0.40, 0.62
Accel: 0.02, 0.04, -0.97
Gyro: -1.94, 0.72, 0.54
Accel: 0.03, 0.05, -0.96
Gyro: -1.70, 0.93, 0.63
Accel: 0.04, 0.05, -0.96
Gyro: -1.49, 0.89, 1.00
Accel: 0.03, 0.04, -0.96
Gyro: -1.66, 0.55, 1.34
Accel: 0.03, 0.05, -0.96
Gyro: -1.79, 0.29, 1.54
Accel: 0.03, 0.04, -0.96
Gyro: -1.58, 0.03, 1.95
Accel: 0.02, 0.05, -0.96
Gyro: -1.27, -0.76, 2.04
Accel: 0.03, 0.04, -0.97
Gyro: -1.00, -0.72, 2.30
Accel: 0.03, 0.05, -0.96
Gyro: -0.62, -0.43, 2.94
Accel: 0.03, 0.04, -0.97
Gyro: -0.78, 0.22, 3.95
Accel: 0.03, 0.05, -0.98
Gyro: -1.85, 0.34, 4.41
Accel: 0.03, 0.07, -0.96
Gyro: -0.02, 0.82, 6.71
Accel: 0.03, 0.08, -0.97
Gyro: 0.61, 0.63, 11.82
Accel: 0.03, 0.13, -0.97
Gyro: -0.60, 0.81, 22.36
Accel: 0.03, 0.18, -0.95
Gyro: -3.00, -0.44, 39.89
Accel: 0.01, 0.27, -0.95
Gyro: -5.13, -1.26, 68.26
Accel: -0.00, 0.25, -0.96
Gyro: -8.65, -1.88, 100.75
Accel: -0.02, 0.26, -0.96
Gyro: -13.31, -2.27, 128.10
Accel: -0.06, 0.33, -0.98
Gyro: -12.09, -2.53, 161.67
Accel: -0.11, 0.26, -0.98
Gyro: -11.66, 1.49, 189.99
Accel: -0.11, 0.13, -0.95
Gyro: -10.19, 2.48, 203.63
Accel: -0.11, 0.05, -0.97
Gyro: -7.93, 3.85, 204.08
Accel: -0.07, -0.05, -0.97
Gyro: -4.90, 2.91, 191.51
Accel: -0.04, -0.16, -0.94
Gyro: -2.31, 4.17, 171.56
Accel: -0.01, -0.22, -0.92
Gyro: -9.09, 0.14, 140.15
Accel: -0.02, -0.18, -0.97
Gyro: -4.08, -3.43, 110.56
Accel: -0.00, -0.20, -1.01
Gyro: -1.44, 0.62, 84.21
Accel: 0.02, -0.23, -1.00
Gyro: -4.00, 3.11, 57.59
Accel: 0.04, -0.16, -0.98
Gyro: -2.66, 2.66, 33.36
Accel: 0.05, -0.10, -0.96
Gyro: -0.02, 3.46, 17.11
Accel: 0.07, -0.08, -0.96
Gyro: -3.26, 4.33, 7.45
Accel: 0.09, -0.04, -0.95
Gyro: -4.19, 2.41, 2.62
Accel: 0.08, -0.03, -0.93
Gyro: -3.20, 0.11, -0.68
Accel: 0.09, -0.03, -0.97
Gyro: -0.74, 0.69, -4.78
Accel: 0.09, -0.05, -0.95
Gyro: 0.26, 0.66, -11.21
Accel: 0.09, -0.04, -0.95
Gyro: -1.52, -2.03, -18.11
Accel: 0.08, -0.05, -0.96
Gyro: -1.33, -4.00, -24.38
Accel: 0.08, -0.05, -0.95
Gyro: -0.98, -6.23, -35.68
Accel: 0.08, -0.23, -0.95
Gyro: 2.56, -9.83, -59.64
Accel: 0.06, -0.34, -0.95
Gyro: 7.71, -14.85, -103.65
Accel: -0.01, -0.34, -0.93
Gyro: 10.83, -19.65, -154.77
Accel: -0.10, -0.23, -0.96
Gyro: 16.33, -21.71, -193.03
Accel: -0.16, -0.11, -1.00
Gyro: 19.39, -18.36, -214.86
Accel: -0.16, -0.02, -1.03
Gyro: 21.38, -13.93, -216.88
Accel: -0.17, -0.06, -1.08
Gyro: 11.11, -5.72, -210.58
Accel: -0.14, 0.07, -1.00
Gyro: -9.05, 5.46, -197.14
Accel: -0.07, 0.15, -0.92
Gyro: -11.09, 6.13, -170.94
Accel: -0.03, 0.17, -0.89
Gyro: -10.19, -0.90, -145.73
Accel: -0.02, 0.16, -0.94
Gyro: -8.87, -7.29, -124.02
Accel: -0.02, 0.15, -0.97
Gyro: -9.24, -6.98, -105.85
Accel: -0.02, 0.17, -0.96
Gyro: -10.67, -6.62, -87.61
Accel: 0.00, 0.18, -0.96
Gyro: -9.54, -6.93, -69.30
Accel: -0.00, 0.17, -0.96
Gyro: -7.53, -7.15, -51.95
Accel: -0.01, 0.17, -0.96
Gyro: -6.07, -6.56, -36.29
Accel: -0.01, 0.15, -0.97
Gyro: -4.77, -6.14, -23.16
Accel: -0.01, 0.12, -0.95
Gyro: -3.52, -5.16, -12.87
Accel: -0.01, 0.09, -0.97
Gyro: -1.74, -5.65, -5.00
Accel: -0.01, 0.07, -0.97
Gyro: -1.72, -5.07, 0.37
Accel: -0.01, 0.06, -0.97
Gyro: -2.33, -4.65, 4.36
Accel: -0.01, 0.05, -0.97
Gyro: -3.75, -4.29, 7.06
Accel: -0.01, 0.03, -0.98
Gyro: -5.16, -3.63, 7.78
Accel: -0.01, 0.03, -0.97
Gyro: -6.05, -2.62, 7.38
Accel: -0.01, 0.04, -0.97
Gyro: -7.58, -2.08, 6.14
Accel: -0.01, 0.06, -0.96
Gyro: -7.91, -1.77, 5.49
Accel: -0.00, 0.05, -0.97
Gyro: -7.00, -1.18, 5.42
Accel: -0.00, 0.06, -0.96
Gyro: -6.20, -0.29, 4.92
Accel: 0.01, 0.06, -0.96
Gyro: -5.18, -0.01, 5.46
Accel: 0.00, 0.06, -0.95
Gyro: -4.84, -0.09, 6.10
Accel: -0.00, 0.06, -0.96
Gyro: -5.68, -0.07, 5.89
Accel: -0.00, 0.06, -0.96
Gyro: -4.99, 0.36, 6.00
Accel: -0.00, 0.06, -0.96
Gyro: -3.40, 0.56, 5.08
Accel: -0.00, 0.06, -0.96
Gyro: -1.88, 1.00, 5.08
Accel: 0.00, 0.05, -0.96
Gyro: -0.34, 0.56, 5.16
Accel: -0.00, 0.04, -0.96
Gyro: 0.15, 0.50, 4.97
Accel: 0.00, 0.04, -0.96
Gyro: -0.50, 0.81, 4.14
Accel: 0.00, 0.04, -0.96
Gyro: -1.42, 0.56, 3.31
Accel: 0.01, 0.05, -0.95
Gyro: -2.23, 0.07, 2.43
Accel: 0.00, 0.04, -0.98
Gyro: -3.57, 0.08, 1.49
Accel: 0.01, 0.05, -0.97
Gyro: -3.65, 0.67, 0.83
Accel: 0.01, 0.05, -0.97
Gyro: -4.46, 1.10, 0.01
Accel: 0.01, 0.07, -0.96
Gyro: -3.68, 1.48, -0.11
Accel: 0.01, 0.05, -0.96
Gyro: -2.79, 1.63, 0.44
Accel: 0.01, 0.05, -0.96
Gyro: -3.23, 1.34, 0.35
Accel: 0.01, 0.06, -0.96
Gyro: -3.58, 0.75, 0.40
Accel: 0.02, 0.06, -0.97
Gyro: -3.72, 1.00, 0.24
Accel: 0.02, 0.06, -0.96
Gyro: -3.57, 1.28, -0.14
Accel: 0.01, 0.07, -0.96
Gyro: -2.72, 1.27, -0.16
Accel: 0.02, 0.06, -0.97
Gyro: -1.67, 0.85, 0.31
Accel: 0.02, 0.06, -0.96
Gyro: -1.37, 0.75, 0.41
Accel: 0.03, 0.05, -0.96
Gyro: -0.56, 0.44, 1.24
Accel: 0.02, 0.05, -0.96
Gyro: -0.98, 0.49, 1.32
