Accel: -0.12, -0.10, -0.96
Gyro: -2.72, -2.07, -2.00
Accel: -0.13, -0.09, -0.96
Gyro: -1.36, -2.78, -2.33
Accel: -0.14, -0.09, -0.97
Gyro: 0.14, -2.53, -1.73
Accel: -0.14, -0.09, -0.95
Gyro: 3.72, -3.29, -0.68
Accel: -0.15, -0.10, -0.97
Gyro: 5.96, -3.47, 1.53
Accel: -0.14, -0.12, -0.96
Gyro: 7.16, -1.88, 3.39
Accel: -0.16, -0.14, -0.94
Gyro: 7.99, -2.64, 3.65
Accel: -0.16, -0.17, -0.93
Gyro: 6.51, -4.84, 1.36
Accel: -0.17, -0.16, -0.96
Gyro: 4.59, -4.75, -2.36
Accel: -0.17, -0.14, -0.97
Gyro: 5.42, -1.46, -2.92
Accel: -0.16, -0.14, -0.97
Gyro: 6.10, 0.63, -0.92
Accel: -0.16, -0.14, -0.97
Gyro: 4.74, 1.74, 0.85
Accel: -0.15, -0.15, -0.97
Gyro: 3.88, 3.65, 2.17
Accel: -0.14, -0.16, -0.97
Gyro: 2.33, 4.39, 2.92
Accel: -0.14, -0.15, -0.97
Gyro: 1.50, 5.04, 3.17
Accel: -0.14, -0.14, -0.98
Gyro: 1.99, 6.29, 4.51
Accel: -0.14, -0.10, -0.98
Gyro: 2.75, 8.48, 7.71
Accel: -0.14, -0.03, -1.00
Gyro: 4.76, 12.98, 20.28
Accel: -0.14, 0.06, -1.02
Gyro: 6.49, 19.24, 44.14
Accel: -0.16, 0.10, -1.02
Gyro: 1.82, 28.46, 81.41
Accel: -0.18, 0.08, -1.00
Gyro: -3.19, 36.86, 118.42
Accel: -0.19, 0.06, -0.97
Gyro: -2.21, 41.17, 147.05
Accel: -0.23, 0.05, -1.01
Gyro: -2.14, 47.49, 171.52
Accel: -0.23, -0.07, -0.97
Gyro: -2.05, 52.15, 189.96
Accel: -0.22, -0.12, -0.98
Gyro: -4.36, 53.89, 193.58
Accel: -0.17, -0.20, -0.93
Gyro: -2.97, 54.61, 185.70
Accel: -0.10, -0.33, -0.90
Gyro: 2.91, 47.90, 161.37
Accel: -0.04, -0.40, -0.87
Gyro: 4.72, 39.06, 127.89
Accel: -0.01, -0.36, -0.88
Gyro: 3.77, 27.00, 93.24
Accel: -0.03, -0.26, -0.92
Gyro: 8.26, 18.83, 72.33
Accel: -0.01, -0.25, -0.90
Gyro: 8.28, 12.31, 58.02
Accel: 0.00, -0.16, -0.91
Gyro: 11.58, 3.02, 48.66
Accel: -0.02, -0.26, -1.00
Gyro: 13.22, 1.31, 39.38
Accel: -0.00, -0.31, -0.97
Gyro: 4.54, 2.91, 25.68
Accel: 0.01, -0.30, -0.93
Gyro: 3.23, -2.74, 12.15
Accel: -0.01, -0.30, -1.01
Gyro: 0.82, -1.87, -3.37
Accel: -0.01, -0.26, -0.96
Gyro: -5.18, 0.44, -10.87
Accel: -0.00, -0.25, -0.92
Gyro: -8.88, -4.23, -16.47
Accel: -0.01, -0.26, -0.94
Gyro: -3.05, -6.58, -24.83
Accel: -0.00, -0.35, -0.95
Gyro: 3.13, -7.67, -43.56
Accel: 0.01, -0.47, -0.92
Gyro: 2.21, -14.24, -73.07
Accel: -0.02, -0.57, -0.88
Gyro: -3.43, -25.28, -116.17
Accel: -0.09, -0.45, -0.85
Gyro: -7.96, -36.83, -160.60
Accel: -0.16, -0.31, -0.91
Gyro: -1.27, -44.98, -184.62
Accel: -0.20, -0.22, -0.95
Gyro: -1.53, -43.50, -192.90
Accel: -0.18, -0.07, -0.99
Gyro: -0.10, -40.78, -185.66
Accel: -0.16, -0.08, -0.98
Gyro: 5.00, -36.72, -166.10
Accel: -0.13, -0.07, -0.96
Gyro: 3.98, -34.90, -152.59
Accel: -0.12, -0.01, -0.98
Gyro: 2.17, -32.40, -131.87
Accel: -0.11, -0.08, -0.98
Gyro: -4.95, -29.98, -110.22
Accel: -0.10, -0.04, -0.94
Gyro: -10.70, -29.24, -93.82
Accel: -0.10, -0.06, -0.97
Gyro: -7.92, -29.36, -78.12
Accel: -0.11, -0.07, -1.03
Gyro: -10.70, -23.32, -64.70
Accel: -0.11, -0.06, -1.01
Gyro: -12.00, -15.75, -51.10
Accel: -0.10, -0.05, -0.98
Gyro: -8.54, -12.35, -38.01
Accel: -0.10, -0.07, -0.97
Gyro: -5.26, -11.40, -26.29
Accel: -0.10, -0.10, -1.00
Gyro: -6.73, -8.45, -17.50
Accel: -0.10, -0.12, -0.99
Gyro: -8.80, -4.63, -11.20
Accel: -0.10, -0.12, -0.98
Gyro: -12.76, -2.46, -7.07
Accel: -0.10, -0.11, -0.97
Gyro: -11.68, -1.37, -4.15
Accel: -0.09, -0.12, -0.97
Gyro: -10.14, -1.29, -2.80
Accel: -0.09, -0.12, -0.97
Gyro: -7.52, -1.48, -1.96
Accel: -0.09, -0.12, -0.96
Gyro: -6.94, -0.76, -1.14
Accel: -0.08, -0.12, -0.97
Gyro: -4.07, -0.38, -0.60
Accel: -0.09, -0.13, -0.96
Gyro: -3.29, -0.08, -0.31
Accel: -0.08, -0.13, -0.97
Gyro: -2.80, 0.09, 0.40
Accel: -0.08, -0.13, -0.98
Gyro: -2.20, 0.87, 1.19
Accel: -0.07, -0.13, -0.97
Gyro: -2.96, 1.08, 0.53
Accel: -0.07, -0.13, -0.96
Gyro: -1.88, 0.49, 0.82
Accel: -0.07, -0.14, -0.96
Gyro: -2.44, 0.16, 0.52
Accel: -0.07, -0.14, -0.96
Gyro: -0.96, 0.34, 0.40
Accel: -0.07, -0.13, -0.96
Gyro: 1.60, 0.76, 1.35
Accel: -0.07, -0.14, -0.96
Gyro: 2.96, 0.57, 1.63
Accel: -0.07, -0.14, -0.95
Gyro: 2.63, 0.34, 1.79
Accel: -0.07, -0.15, -0.95
Gyro: 1.80, -0.24, 1.93
Accel: -0.07, -0.16, -0.95
Gyro: -0.11, -0.48, 1.82
Accel: -0.07, -0.16, -0.95
Gyro: -1.60, -0.74, 1.11
Accel: -0.07, -0.16, -0.96
Gyro: -3.33, -0.98, 0.85
Accel: -0.07, -0.17, -0.96
Gyro: -3.10, -1.40, 0.42
Accel: -0.07, -0.16, -0.97
Gyro: -3.54, -1.39, -0.43
Accel: -0.08, -0.16, -0.96
Gyro: -3.59, -0.63, -0.89
Accel: -0.08, -0.16, -0.97
Gyro: -4.81, -0.18, -1.88
Accel: -0.08, -0.13, -0.98
Gyro: -4.15, 0.27, -2.41
Accel: -0.07, -0.14, -0.97
Gyro: -2.72, 0.37, -1.92
Accel: -0.08, -0.15, -0.96
Gyro: -3.68, 0.50, -2.24
Accel: -0.08, -0.14, -0.97
Gyro: -4.39, 0.43, -2.26
Accel: -0.08, -0.15, -0.96
Gyro: -4.31, 0.24, -3.12
Accel: -0.07, -0.13, -0.97
Gyro: -4.34, 0.60, -3.87
Accel: -0.07, -0.12, -0.96
Gyro: -2.69, 0.67, -3.53
Accel: -0.07, -0.13, -0.97
Gyro: -1.75, 0.66, -2.96
Accel: -0.08, -0.14, -0.97
Gyro: -3.19, 1.16, -3.09
Accel: -0.07, -0.13, -0.97
Gyro: -2.88, 1.49, -3.11
Accel: -0.06, -0.15, -0.97
Gyro: -3.86, 1.20, -3.67
Accel: -0.07, -0.15, -0.97
Gyro: -5.63, 1.71, -4.43
Accel: -0.07, -0.14, -0.97
Gyro: -6.39, 1.90, -5.05
Accel: -0.06, -0.13, -0.98
Gyro: -5.64, 1.95, -4.77
Accel: -0.07, -0.12, -0.96
Gyro: -5.09, 2.22, -3.90
Accel: -0.06, -0.12, -0.96
Gyro: -4.72, 2.30, -3.13
Accel: -0.07, -0.13, -0.97
Gyro: -4.19, 2.40, -1.77
Accel: -0.06, -0.14, -0.96
Gyro: -4.88, 2.59, -1.92
Accel: -0.05, -0.13, -0.96
Gyro: -4.72, 2.26, -2.59
