Accel: -0.06, -0.10, -0.97
Gyro: -4.84, 0.53, -0.63
Accel: -0.06, -0.08, -0.98
Gyro: -4.38, 0.48, -1.52
Accel: -0.05, -0.09, -0.98
Gyro: -3.71, 0.79, -2.06
Accel: -0.05, -0.08, -0.97
Gyro: -3.18, 0.81, -2.12
Accel: -0.05, -0.08, -0.97
Gyro: -2.82, 0.70, -2.04
Accel: -0.05, -0.08, -0.98
Gyro: -1.71, 0.20, -1.11
Accel: -0.05, -0.08, -0.98
Gyro: -1.63, 0.69, -0.34
Accel: -0.05, -0.09, -0.97
Gyro: -0.53, 0.61, 0.05
Accel: -0.05, -0.10, -0.97
Gyro: -1.29, 0.99, -0.73
Accel: -0.05, -0.08, -0.98
Gyro: -0.60, 0.13, -1.24
Accel: -0.04, -0.09, -0.97
Gyro: 1.14, -0.63, -0.03
Accel: -0.05, -0.10, -0.98
Gyro: -0.07, -0.87, 0.14
Accel: -0.05, -0.11, -0.97
Gyro: -0.95, -0.92, 0.34
Accel: -0.05, -0.10, -0.98
Gyro: -1.06, -0.73, 0.14
Accel: -0.06, -0.11, -0.97
Gyro: -1.30, -0.05, -0.79
Accel: -0.05, -0.10, -0.97
Gyro: -2.39, 0.18, -1.46
Accel: -0.05, -0.10, -0.97
Gyro: -2.22, -0.30, -1.34
Accel: -0.04, -0.11, -0.98
Gyro: -3.16, 0.04, -1.63
Accel: -0.05, -0.08, -0.98
Gyro: -3.35, 0.38, -1.84
Accel: -0.05, -0.09, -0.96
Gyro: -2.40, 0.14, -1.82
Accel: -0.05, -0.10, -0.98
Gyro: -3.16, 0.58, -2.29
Accel: -0.04, -0.08, -0.98
Gyro: -3.50, 0.73, -2.28
Accel: -0.05, -0.08, -0.97
Gyro: -1.96, 0.41, -1.93
Accel: -0.05, -0.08, -0.97
Gyro: -1.54, 0.43, -2.01
Accel: -0.04, -0.08, -0.97
Gyro: -1.35, 0.18, -1.56
Accel: -0.05, -0.08, -0.97
Gyro: -0.92, -0.27, -0.67
Accel: -0.04, -0.10, -0.96
Gyro: -1.17, -0.25, -0.47
Accel: -0.04, -0.10, -0.97
Gyro: -1.88, -0.21, -0.85
Accel: -0.04, -0.10, -0.97
Gyro: -1.67, -0.40, -1.52
Accel: -0.05, -0.09, -0.97
Gyro: -1.86, -0.58, -2.01
Accel: -0.05, -0.10, -0.96
Gyro: -2.38, -0.46, -1.79
Accel: -0.05, -0.10, -0.97
Gyro: -2.72, -0.22, -1.74
Accel: -0.05, -0.09, -0.97
Gyro: -3.24, -0.32, -2.13
Accel: -0.04, -0.09, -0.97
Gyro: -3.40, -0.12, -2.59
Accel: -0.05, -0.10, -0.97
Gyro: -2.68, -0.12, -2.64
Accel: -0.04, -0.09, -0.97
Gyro: -4.09, -0.22, -3.21
Accel: -0.04, -0.07, -0.97
Gyro: -2.41, 0.03, -2.55
Accel: -0.05, -0.09, -0.98
Gyro: -1.30, -0.58, -1.66
Accel: -0.04, -0.09, -0.98
Gyro: -2.82, -0.47, -1.56
Accel: -0.04, -0.08, -0.97
Gyro: -2.34, -0.14, -1.43
Accel: -0.04, -0.09, -0.98
Gyro: -1.63, -0.30, -1.28
Accel: -0.04, -0.08, -0.98
Gyro: -1.60, -0.04, -1.37
Accel: -0.04, -0.08, -0.98
Gyro: -1.23, -0.34, -0.74
Accel: -0.04, -0.08, -0.99
Gyro: -0.82, -0.79, 0.08
Accel: -0.04, -0.09, -0.98
Gyro: -1.40, -0.09, 0.00
Accel: -0.05, -0.06, -0.98
Gyro: -0.40, 0.43, 1.11
Accel: -0.05, -0.03, -0.98
Gyro: 0.43, 1.15, 6.11
Accel: -0.06, 0.11, -0.99
Gyro: -0.91, 2.88, 25.15
Accel: -0.06, 0.20, -1.01
Gyro: -2.69, 5.73, 60.58
Accel: -0.10, 0.29, -1.02
Gyro: -6.14, 11.51, 107.92
Accel: -0.15, 0.25, -1.02
Gyro: -4.93, 20.41, 153.18
Accel: -0.17, 0.10, -1.00
Gyro: 0.32, 26.66, 180.96
Accel: -0.17, 0.06, -0.96
Gyro: 7.36, 29.15, 186.11
Accel: -0.17, 0.03, -0.96
Gyro: 15.49, 31.29, 195.87
Accel: -0.14, -0.15, -0.92
Gyro: 17.33, 29.45, 192.60
Accel: -0.13, -0.20, -0.95
Gyro: 13.92, 26.97, 176.61
Accel: -0.11, -0.24, -0.94
Gyro: 13.62, 26.12, 159.25
Accel: -0.07, -0.33, -0.91
Gyro: 9.63, 21.82, 137.11
Accel: -0.05, -0.34, -0.89
Gyro: 3.03, 11.68, 109.76
Accel: -0.05, -0.35, -0.96
Gyro: 4.23, 3.73, 81.72
Accel: -0.07, -0.36, -0.98
Gyro: 7.63, 2.58, 53.66
Accel: -0.05, -0.35, -0.97
Gyro: 7.58, 2.25, 28.27
Accel: -0.04, -0.31, -0.98
Gyro: 7.70, -0.34, 7.78
Accel: -0.03, -0.29, -0.95
Gyro: 4.87, -2.26, -6.03
Accel: -0.02, -0.26, -0.97
Gyro: 0.82, -3.53, -13.80
Accel: -0.01, -0.27, -0.95
Gyro: -7.79, -4.19, -22.93
Accel: -0.02, -0.33, -0.97
Gyro: -10.73, -4.96, -37.84
Accel: -0.00, -0.41, -0.91
Gyro: -14.98, -9.74, -65.16
Accel: -0.02, -0.32, -0.90
Gyro: -11.13, -20.42, -94.34
Accel: -0.06, -0.32, -0.92
Gyro: -4.94, -28.09, -119.79
Accel: -0.09, -0.28, -0.92
Gyro: -1.58, -32.82, -141.62
Accel: -0.13, -0.26, -0.94
Gyro: 1.63, -35.89, -157.03
Accel: -0.15, -0.15, -0.97
Gyro: 0.69, -35.54, -165.12
Accel: -0.17, -0.12, -1.00
Gyro: -2.75, -30.91, -157.55
Accel: -0.14, -0.04, -0.93
Gyro: -7.25, -29.48, -150.67
Accel: -0.14, -0.02, -0.99
Gyro: -4.34, -28.46, -128.68
Accel: -0.11, -0.08, -0.95
Gyro: -5.73, -27.01, -121.34
Accel: -0.11, 0.02, -0.98
Gyro: 2.63, -28.72, -105.06
Accel: -0.12, -0.05, -1.01
Gyro: -2.34, -23.38, -83.53
Accel: -0.11, -0.06, -0.98
Gyro: -11.70, -17.00, -69.85
Accel: -0.10, -0.04, -0.96
Gyro: -12.25, -17.15, -57.04
Accel: -0.11, -0.06, -0.99
Gyro: -13.37, -16.59, -45.62
Accel: -0.12, -0.05, -0.99
Gyro: -15.82, -13.00, -34.55
Accel: -0.12, -0.05, -0.99
Gyro: -15.54, -10.15, -24.93
Accel: -0.11, -0.04, -0.99
Gyro: -13.79, -7.06, -16.31
Accel: -0.12, -0.05, -0.99
Gyro: -11.51, -3.17, -9.70
Accel: -0.11, -0.07, -0.97
Gyro: -10.26, -0.11, -5.46
Accel: -0.10, -0.08, -0.98
Gyro: -9.73, 1.40, -3.04
Accel: -0.09, -0.07, -0.98
Gyro: -9.67, 1.96, -2.27
Accel: -0.09, -0.07, -0.97
Gyro: -6.36, 2.52, -0.66
Accel: -0.08, -0.08, -0.98
Gyro: -4.07, 2.01, -0.11
Accel: -0.09, -0.08, -0.96
Gyro: -3.56, 1.90, 0.05
Accel: -0.08, -0.08, -0.96
Gyro: -1.20, 1.72, 0.54
Accel: -0.07, -0.10, -0.96
Gyro: 0.26, 1.53, 0.79
Accel: -0.07, -0.10, -0.98
Gyro: 0.23, 1.21, 1.06
Accel: -0.07, -0.11, -0.97
Gyro: 0.22, 1.29, 1.54
Accel: -0.07, -0.11, -0.98
Gyro: -0.04, 0.57, 1.47
Accel: -0.08, -0.11, -0.98
Gyro: -0.03, 0.64, 1.04
Accel: -0.07, -0.11, -0.97
Gyro: 0.61, 0.73, 1.16
Accel: -0.07, -0.12, -0.95
Gyro: 0.56, 0.73, 0.26
Accel: -0.08, -0.12, -0.96
Gyro: -1.19, 0.61, -0.66
