Accel: 0.03, 0.08, -0.96
Gyro: -1.85, -0.38, -0.50
Accel: 0.02, 0.08, -0.96
Gyro: -2.00, -1.17, -0.74
Accel: 0.02, 0.09, -0.96
Gyro: -2.14, -1.44, -0.37
Accel: 0.01, 0.10, -0.98
Gyro: -1.95, -0.22, 1.47
Accel: 0.02, 0.09, -0.95
Gyro: -2.24, 0.11, 3.43
Accel: 0.02, 0.10, -0.96
Gyro: -2.02, -0.21, 3.91
Accel: 0.03, 0.08, -0.96
Gyro: -1.87, -0.69, 3.69
Accel: 0.03, 0.08, -0.95
Gyro: -1.06, -0.66, 2.94
Accel: 0.02, 0.08, -0.96
Gyro: -0.21, -0.98, 2.46
Accel: 0.02, 0.08, -0.96
Gyro: -0.26, -1.14, 1.91
Accel: 0.02, 0.07, -0.97
Gyro: -1.08, -0.69, 1.77
Accel: 0.02, 0.08, -0.98
Gyro: -1.38, -0.11, 1.98
Accel: 0.03, 0.08, -0.97
Gyro: -1.57, 0.28, 2.41
Accel: 0.03, 0.09, -0.97
Gyro: -1.02, 0.20, 3.23
Accel: 0.03, 0.08, -0.97
Gyro: -0.83, -0.14, 4.20
Accel: 0.03, 0.09, -0.96
Gyro: -0.26, -0.26, 5.63
Accel: 0.02, 0.09, -0.96
Gyro: -0.12, -0.05, 7.34
Accel: 0.02, 0.13, -0.96
Gyro: 0.32, 0.06, 11.77
Accel: 0.02, 0.17, -0.97
Gyro: -0.79, 0.11, 24.06
Accel: 0.02, 0.19, -0.95
Gyro: -2.85, -1.09, 41.08
Accel: 0.02, 0.21, -0.95
Gyro: -4.68, -2.34, 58.93
Accel: 0.01, 0.22, -0.97
Gyro: -6.89, -3.06, 78.74
Accel: -0.01, 0.27, -0.97
Gyro: -7.93, -2.36, 101.29
Accel: -0.02, 0.22, -0.95
Gyro: -7.12, -2.46, 121.84
Accel: -0.03, 0.17, -0.93
Gyro: -5.89, -4.86, 133.96
Accel: -0.04, 0.21, -0.95
Gyro: -0.82, -6.26, 143.99
Accel: -0.08, 0.15, -0.99
Gyro: 1.59, -1.95, 158.16
Accel: -0.06, 0.05, -0.96
Gyro: -1.85, 0.63, 161.46
Accel: -0.05, 0.03, -0.96
Gyro: -3.49, 0.27, 153.85
Accel: -0.04, 0.04, -0.98
Gyro: -0.32, 1.97, 146.98
Accel: -0.03, -0.03, -0.95
Gyro: 1.54, 5.11, 137.79
Accel: 0.01, -0.06, -0.92
Gyro: 8.67, 1.37, 125.47
Accel: 0.04, -0.10, -0.92
Gyro: 6.72, -3.92, 109.93
Accel: 0.01, -0.10, -0.96
Gyro: 4.04, -5.81, 95.25
Accel: 0.03, -0.13, -0.97
Gyro: 1.90, -4.76, 82.36
Accel: 0.04, -0.14, -0.95
Gyro: 0.24, -6.83, 65.76
Accel: 0.03, -0.14, -0.98
Gyro: -0.47, -7.55, 49.14
Accel: 0.03, -0.11, -0.99
Gyro: 0.45, -4.84, 35.39
Accel: 0.03, -0.10, -0.99
Gyro: 0.09, -3.28, 21.88
Accel: 0.03, -0.09, -0.98
Gyro: -0.08, -1.86, 12.09
Accel: 0.04, -0.09, -0.96
Gyro: -1.27, -2.14, 3.67
Accel: 0.04, -0.06, -0.94
Gyro: 0.47, -2.98, -2.22
Accel: 0.04, -0.07, -0.97
Gyro: 0.10, -3.42, -8.69
Accel: 0.02, -0.06, -1.00
Gyro: -0.99, -1.30, -14.87
Accel: 0.03, -0.09, -0.97
Gyro: 0.05, -0.47, -22.91
Accel: 0.03, -0.18, -0.93
Gyro: 2.78, -3.38, -39.15
Accel: 0.01, -0.24, -0.95
Gyro: 0.66, -4.51, -68.11
Accel: -0.03, -0.26, -1.04
Gyro: 1.21, -5.33, -105.74
Accel: -0.04, 0.04, -0.94
Gyro: 10.89, -1.30, -118.38
Accel: -0.02, -0.20, -1.00
Gyro: 11.69, -2.05, -126.79
Accel: -0.03, -0.22, -0.96
Gyro: 1.81, -1.46, -153.35
Accel: -0.02, -0.06, -0.91
Gyro: 11.35, -7.83, -168.30
Accel: -0.05, -0.11, -0.92
Gyro: 20.06, -12.73, -176.92
Accel: -0.07, -0.09, -0.99
Gyro: 17.85, -12.44, -189.41
Accel: -0.08, -0.04, -0.98
Gyro: 17.50, -10.04, -187.61
Accel: -0.07, 0.01, -0.97
Gyro: 12.01, -8.21, -179.88
Accel: -0.05, 0.10, -0.97
Gyro: 6.93, -7.28, -161.71
Accel: -0.03, 0.13, -0.97
Gyro: 3.63, -6.00, -135.79
Accel: 0.00, 0.12, -0.98
Gyro: -1.60, -5.04, -108.44
Accel: 0.01, 0.09, -0.97
Gyro: -6.45, -3.75, -83.84
Accel: 0.02, 0.08, -0.96
Gyro: -10.02, -2.53, -65.49
Accel: 0.04, 0.08, -0.95
Gyro: -10.03, -3.52, -49.99
Accel: 0.03, 0.07, -0.96
Gyro: -2.82, -3.52, -40.00
Accel: 0.01, 0.01, -0.97
Gyro: 2.68, -2.72, -35.21
Accel: 0.02, 0.04, -0.97
Gyro: -3.12, -2.11, -29.43
Accel: 0.03, 0.06, -0.95
Gyro: -5.21, -3.14, -17.27
Accel: 0.02, 0.03, -0.95
Gyro: -7.82, -3.76, -5.33
Accel: 0.03, 0.01, -0.96
Gyro: -9.75, -4.46, 0.24
Accel: 0.02, 0.02, -0.97
Gyro: -8.19, -4.36, 3.81
Accel: 0.02, -0.01, -0.96
Gyro: -5.91, -4.78, 5.17
Accel: 0.03, -0.01, -0.96
Gyro: -6.68, -4.52, 4.36
Accel: 0.03, 0.01, -0.97
Gyro: -7.48, -4.07, 5.74
Accel: 0.03, 0.01, -0.96
Gyro: -8.09, -4.07, 8.34
Accel: 0.03, 0.01, -0.97
Gyro: -9.72, -4.22, 10.70
Accel: 0.03, 0.00, -0.97
Gyro: -10.42, -3.87, 11.64
Accel: 0.03, 0.00, -0.97
Gyro: -11.28, -3.43, 10.59
Accel: 0.04, 0.03, -0.96
Gyro: -10.28, -3.42, 12.24
Accel: 0.03, 0.02, -0.95
Gyro: -11.96, -5.05, 16.07
Accel: 0.02, 0.00, -0.97
Gyro: -13.71, -5.11, 15.66
Accel: 0.02, 0.02, -0.96
Gyro: -11.86, -4.40, 13.00
Accel: 0.01, 0.01, -0.96
Gyro: -8.29, -4.10, 9.12
Accel: 0.01, 0.01, -0.97
Gyro: -5.56, -4.10, 5.12
Accel: 0.01, 0.01, -0.97
Gyro: -3.84, -3.81, 2.06
Accel: 0.01, 0.01, -0.97
Gyro: -3.03, -3.34, -0.45
Accel: 0.01, 0.02, -0.97
Gyro: -3.04, -2.83, -1.83
Accel: 0.00, 0.03, -0.96
Gyro: -2.77, -2.64, -2.66
Accel: 0.01, 0.03, -0.96
Gyro: -2.59, -2.94, -2.91
Accel: 0.00, 0.03, -0.96
Gyro: -2.85, -3.24, -2.49
Accel: -0.00, 0.03, -0.97
Gyro: -3.30, -2.75, -1.66
Accel: -0.01, 0.04, -0.97
Gyro: -4.34, -3.20, -1.40
Accel: -0.00, 0.06, -0.98
Gyro: -3.55, -2.07, 0.19
Accel: -0.01, 0.04, -0.97
Gyro: -3.39, -1.56, 1.31
Accel: -0.00, 0.04, -0.96
Gyro: -3.92, -1.82, 1.61
Accel: -0.01, 0.04, -0.97
Gyro: -4.33, -1.47, 1.86
Accel: 0.00, 0.04, -0.97
Gyro: -4.25, -0.72, 2.19
Accel: 0.00, 0.03, -0.97
Gyro: -4.61, 0.09, 1.32
Accel: 0.01, 0.04, -0.97
Gyro: -3.96, 0.16, 0.52
Accel: 0.01, 0.04, -0.96
Gyro: -3.75, -0.05, -0.41
Accel: 0.02, 0.04, -0.96
Gyro: -2.93, 0.33, -1.26
Accel: 0.00, 0.03, -0.96
Gyro: -2.17, -0.19, -1.46
Accel: 0.00, 0.04, -0.96
Gyro: -2.77, -0.60, -1.91
