Accel: -0.07, -0.12, -0.97
Gyro: -0.37, 0.29, -1.37
Accel: -0.08, -0.12, -0.96
Gyro: -0.70, -0.36, -1.92
Accel: -0.07, -0.11, -0.97
Gyro: -1.52, -0.20, -1.79
Accel: -0.08, -0.11, -0.96
Gyro: -2.25, -0.50, -1.40
Accel: -0.07, -0.12, -0.97
Gyro: -3.00, -0.66, -1.27
Accel: -0.08, -0.11, -0.97
Gyro: -3.76, -0.37, -1.17
Accel: -0.08, -0.12, -0.97
Gyro: -3.63, -0.58, -1.70
Accel: -0.08, -0.11, -0.96
Gyro: -3.70, -0.67, -2.04
Accel: -0.08, -0.11, -0.97
Gyro: -3.49, -0.37, -2.05
Accel: -0.09, -0.11, -0.98
Gyro: -2.70, -0.15, -1.67
Accel: -0.08, -0.11, -0.98
Gyro: -3.70, 0.60, -1.56
Accel: -0.07, -0.11, -0.97
Gyro: -3.23, 0.73, -1.45
Accel: -0.07, -0.11, -0.96
Gyro: -4.05, 1.10, -2.11
Accel: -0.07, -0.09, -0.98
Gyro: -3.52, 1.13, -2.65
Accel: -0.08, -0.10, -0.97
Gyro: -2.03, 0.78, -2.21
Accel: -0.07, -0.11, -0.97
Gyro: -3.10, 1.07, -2.07
Accel: -0.07, -0.10, -0.97
Gyro: -3.17, 1.63, -2.02
Accel: -0.06, -0.10, -0.98
Gyro: -2.20, 1.68, -1.75
Accel: -0.07, -0.10, -0.97
Gyro: -2.62, 1.94, -2.13
Accel: -0.06, -0.10, -0.97
Gyro: -2.91, 1.61, -2.39
Accel: -0.06, -0.10, -0.97
Gyro: -2.49, 1.05, -2.21
Accel: -0.07, -0.10, -0.98
Gyro: -3.69, 1.40, -2.46
Accel: -0.06, -0.09, -0.97
Gyro: -2.96, 1.81, -1.88
Accel: -0.06, -0.10, -0.98
Gyro: -2.31, 1.68, -1.40
Accel: -0.06, -0.10, -0.97
Gyro: -2.53, 1.56, -1.40
Accel: -0.06, -0.09, -0.97
Gyro: -2.08, 1.66, -0.85
Accel: -0.06, -0.09, -0.98
Gyro: -1.05, 1.14, 0.00
Accel: -0.05, -0.09, -0.97
Gyro: -0.83, 1.13, 0.66
Accel: -0.06, -0.09, -0.97
Gyro: -0.48, 1.42, 1.62
Accel: -0.06, -0.10, -0.97
Gyro: 0.02, 1.30, 2.01
Accel: -0.06, -0.09, -0.97
Gyro: 0.11, 1.44, 2.94
Accel: -0.05, -0.07, -0.97
Gyro: -0.42, 1.78, 6.52
Accel: -0.05, 0.04, -0.98
Gyro: -1.12, 1.56, 17.96
Accel: -0.07, 0.18, -1.02
Gyro: -5.71, 4.46, 55.38
Accel: -0.11, 0.37, -1.04
Gyro: -13.75, 10.73, 112.49
Accel: -0.21, 0.31, -1.10
Gyro: -22.81, 26.47, 180.56
Accel: -0.28, 0.21, -1.10
Gyro: -27.95, 45.01, 226.96
Accel: -0.29, 0.09, -1.07
Gyro: -19.69, 56.63, 247.87
Accel: -0.26, -0.10, -1.03
Gyro: -13.31, 68.05, 249.73
Accel: -0.12, -0.33, -0.90
Gyro: -7.19, 63.37, 217.83
Accel: 0.00, -0.48, -0.82
Gyro: -2.70, 42.85, 166.39
Accel: 0.10, -0.52, -0.79
Gyro: -2.67, 17.65, 97.15
Accel: 0.12, -0.53, -0.86
Gyro: 4.20, -2.59, 28.55
Accel: 0.08, -0.49, -0.92
Gyro: 2.58, -14.66, -34.65
Accel: 0.03, -0.38, -0.98
Gyro: 7.71, -21.31, -77.80
Accel: -0.00, -0.47, -0.94
Gyro: 7.75, -24.25, -120.28
Accel: -0.07, -0.48, -0.91
Gyro: 10.25, -35.03, -175.78
Accel: -0.15, -0.31, -0.91
Gyro: 16.96, -43.45, -219.51
Accel: -0.20, -0.16, -0.97
Gyro: 32.67, -48.77, -234.50
Accel: -0.24, -0.10, -1.12
Gyro: 30.14, -41.31, -235.70
Accel: -0.22, 0.00, -1.12
Gyro: 16.37, -21.79, -210.70
Accel: -0.10, 0.09, -0.95
Gyro: -1.19, -13.11, -179.16
Accel: -0.01, 0.09, -0.81
Gyro: -10.09, -27.39, -146.22
Accel: -0.01, 0.12, -0.84
Gyro: -14.21, -43.51, -117.69
Accel: -0.06, 0.13, -1.01
Gyro: -11.41, -44.92, -90.04
Accel: -0.11, 0.16, -1.11
Gyro: -10.47, -27.72, -57.27
Accel: -0.09, 0.13, -1.06
Gyro: -11.38, -12.66, -26.76
Accel: -0.08, 0.09, -1.01
Gyro: -10.77, -6.88, -1.21
Accel: -0.07, 0.01, -0.98
Gyro: -11.56, -6.22, 12.14
Accel: -0.09, -0.03, -0.97
Gyro: -12.82, -7.44, 17.04
Accel: -0.10, -0.05, -0.98
Gyro: -15.37, -7.56, 16.69
Accel: -0.11, -0.07, -1.00
Gyro: -16.55, -6.67, 13.15
Accel: -0.11, -0.06, -1.00
Gyro: -16.04, -4.49, 9.12
Accel: -0.11, -0.04, -1.00
Gyro: -13.66, -1.69, 6.58
Accel: -0.10, -0.03, -0.99
Gyro: -12.53, 0.04, 4.88
Accel: -0.09, -0.01, -0.98
Gyro: -8.95, 1.86, 3.64
Accel: -0.09, -0.02, -0.98
Gyro: -3.67, 1.41, 3.02
Accel: -0.09, -0.02, -0.98
Gyro: -3.41, 1.83, 1.56
Accel: -0.08, -0.01, -0.98
Gyro: -2.81, 2.11, 1.31
Accel: -0.07, -0.01, -0.98
Gyro: -0.73, 2.65, 2.17
Accel: -0.07, -0.02, -0.97
Gyro: 0.75, 2.46, 2.99
Accel: -0.06, -0.03, -0.97
Gyro: -0.34, 2.04, 4.13
Accel: -0.06, -0.03, -0.98
Gyro: 0.43, 0.89, 4.96
Accel: -0.07, -0.03, -0.98
Gyro: 2.14, 1.20, 5.29
Accel: -0.06, -0.04, -0.98
Gyro: 5.12, 2.62, 6.34
Accel: -0.05, -0.05, -0.97
Gyro: 6.77, 2.94, 6.76
Accel: -0.04, -0.06, -0.97
Gyro: 6.58, 3.00, 7.21
Accel: -0.05, -0.06, -0.97
Gyro: 3.30, 2.98, 8.06
Accel: -0.05, -0.06, -0.96
Gyro: 0.82, 2.49, 8.90
Accel: -0.05, -0.06, -0.98
Gyro: -1.98, 2.06, 9.92
Accel: -0.04, -0.07, -0.97
Gyro: -4.49, 1.61, 11.15
Accel: -0.04, -0.06, -0.96
Gyro: -4.91, 0.50, 11.01
Accel: -0.05, -0.06, -0.96
Gyro: -5.29, -0.38, 10.67
Accel: -0.05, -0.06, -0.98
Gyro: -6.56, -0.77, 9.61
Accel: -0.05, -0.04, -0.98
Gyro: -6.30, -1.04, 8.35
Accel: -0.06, -0.04, -0.98
Gyro: -5.55, -1.09, 8.13
Accel: -0.07, -0.03, -0.98
Gyro: -4.01, -1.16, 7.90
Accel: -0.06, -0.03, -0.97
Gyro: -3.24, -0.98, 8.08
Accel: -0.06, -0.02, -0.97
Gyro: -3.36, -1.58, 7.69
Accel: -0.05, -0.03, -0.97
Gyro: -2.14, -2.31, 7.48
Accel: -0.06, -0.03, -0.97
Gyro: -3.91, -2.57, 6.39
Accel: -0.07, -0.01, -0.98
Gyro: -2.39, -3.11, 5.88
Accel: -0.07, -0.01, -0.97
Gyro: 1.22, -3.41, 6.25
Accel: -0.07, -0.02, -0.98
Gyro: 1.43, -3.01, 5.42
Accel: -0.08, -0.02, -0.98
Gyro: 0.97, -1.82, 5.37
Accel: -0.08, -0.03, -0.97
Gyro: 0.84, -1.03, 4.76
Accel: -0.07, -0.05, -0.98
Gyro: -0.53, -0.12, 3.32
Accel: -0.07, -0.04, -0.96
Gyro: -2.21, 0.38, 1.83
Accel: -0.07, -0.04, -0.97
Gyro: -3.17, -0.08, 0.76
Accel: -0.07, -0.05, -0.98
Gyro: -5.42, -0.31, -1.73
Accel: -0.07, -0.03, -0.99
Gyro: -4.80, 0.31, -3.19
