Accel: 0.01, -0.00, -0.97
Gyro: -2.98, -0.23, 0.40
Accel: 0.01, -0.01, -0.96
Gyro: -3.55, -0.39, 0.15
Accel: 0.02, -0.00, -0.96
Gyro: -4.20, -0.69, -0.34
Accel: 0.01, -0.00, -0.97
Gyro: -4.17, -1.24, -0.34
Accel: 0.01, 0.00, -0.96
Gyro: -4.31, -1.29, -0.53
Accel: 0.00, -0.00, -0.96
Gyro: -3.65, -1.36, -0.47
Accel: 0.00, -0.00, -0.97
Gyro: -3.76, -1.30, -0.75
Accel: -0.00, 0.01, -0.96
Gyro: -3.57, -1.31, -1.08
Accel: -0.00, 0.01, -0.96
Gyro: -3.12, -0.90, -0.97
Accel: -0.01, 0.00, -0.97
Gyro: -2.56, -0.50, -1.14
Accel: 0.00, -0.00, -0.96
Gyro: -2.06, -0.19, -1.05
Accel: 0.00, 0.00, -0.96
Gyro: -2.09, 0.03, -0.61
Accel: 0.00, -0.00, -0.97
Gyro: -2.35, 0.24, -0.69
Accel: 0.00, 0.00, -0.96
Gyro: -2.53, 0.21, -0.79
Accel: 0.01, -0.01, -0.97
Gyro: -2.59, 0.41, -1.19
Accel: -0.00, 0.01, -0.97
Gyro: -2.62, 0.76, -1.15
Accel: 0.00, 0.01, -0.96
Gyro: -2.43, 1.14, -0.52
Accel: -0.00, 0.05, -0.97
Gyro: -2.17, 1.89, 2.41
Accel: 0.00, 0.14, -0.97
Gyro: -3.56, 1.92, 14.86
Accel: 0.00, 0.22, -0.96
Gyro: -5.79, 1.14, 41.37
Accel: -0.03, 0.41, -0.97
Gyro: -6.88, 1.11, 86.72
Accel: -0.09, 0.41, -0.99
Gyro: -12.31, 2.72, 147.83
Accel: -0.15, 0.29, -0.99
Gyro: -19.68, 5.85, 188.15
Accel: -0.18, 0.25, -0.98
Gyro: -13.95, 9.77, 210.93
Accel: -0.21, 0.22, -0.97
Gyro: 0.60, 15.43, 222.40
Accel: -0.21, 0.14, -0.97
Gyro: 18.84, 18.28, 231.17
Accel: -0.16, -0.16, -0.96
Gyro: 12.50, 22.79, 222.60
Accel: -0.06, -0.32, -0.89
Gyro: 0.56, 19.82, 188.09
Accel: -0.03, -0.22, -0.89
Gyro: 4.97, 10.44, 150.77
Accel: 0.00, -0.29, -0.92
Gyro: 11.40, 4.93, 115.69
Accel: 0.02, -0.27, -0.95
Gyro: 13.12, 1.83, 85.49
Accel: 0.01, -0.19, -0.96
Gyro: 5.02, -0.37, 65.22
Accel: 0.01, -0.16, -0.99
Gyro: 0.93, -0.11, 58.88
Accel: 0.04, -0.21, -0.97
Gyro: -6.12, -0.19, 49.44
Accel: 0.05, -0.27, -0.96
Gyro: -7.87, -3.52, 31.22
Accel: 0.05, -0.27, -0.97
Gyro: -5.68, -1.73, 5.38
Accel: 0.06, -0.28, -0.95
Gyro: 4.93, 0.71, -16.54
Accel: 0.06, -0.24, -0.96
Gyro: 10.78, -0.84, -35.49
Accel: 0.07, -0.33, -1.01
Gyro: 7.92, -1.53, -57.88
Accel: 0.06, -0.45, -0.97
Gyro: 3.36, -2.43, -99.24
Accel: 0.03, -0.50, -0.94
Gyro: 1.34, -9.63, -152.16
Accel: -0.08, -0.22, -0.90
Gyro: 6.00, -14.20, -201.61
Accel: -0.12, -0.22, -0.95
Gyro: 27.46, -16.24, -209.83
Accel: -0.12, -0.19, -0.91
Gyro: 23.49, -18.98, -221.44
Accel: -0.11, -0.02, -0.99
Gyro: 24.31, -21.17, -216.78
Accel: -0.09, 0.04, -1.03
Gyro: 24.45, -16.62, -196.88
Accel: -0.06, -0.03, -0.98
Gyro: 21.63, -11.60, -178.28
Accel: -0.02, -0.05, -0.94
Gyro: 11.04, -11.67, -164.55
Accel: -0.01, -0.03, -0.93
Gyro: -3.10, -14.62, -151.86
Accel: 0.00, 0.01, -0.95
Gyro: -10.68, -16.33, -132.44
Accel: 0.01, 0.05, -0.94
Gyro: -12.63, -15.89, -113.77
Accel: 0.03, 0.09, -0.94
Gyro: -13.51, -16.98, -93.16
Accel: 0.03, 0.07, -0.95
Gyro: -16.91, -18.52, -73.17
Accel: 0.01, 0.13, -0.95
Gyro: -17.72, -19.33, -56.41
Accel: -0.01, 0.14, -1.00
Gyro: -11.01, -17.55, -36.74
Accel: -0.02, 0.10, -1.02
Gyro: -10.93, -12.28, -20.39
Accel: 0.01, 0.10, -0.98
Gyro: -11.09, -7.37, -6.09
Accel: 0.01, 0.08, -0.97
Gyro: -8.19, -5.59, 7.89
Accel: 0.02, 0.03, -0.97
Gyro: -6.97, -5.73, 17.82
Accel: 0.00, -0.01, -0.99
Gyro: -6.80, -4.00, 20.68
Accel: 0.02, -0.01, -0.95
Gyro: -5.00, -2.46, 19.08
Accel: 0.02, -0.02, -0.96
Gyro: -6.30, -2.86, 18.15
Accel: 0.01, -0.04, -0.96
Gyro: -8.43, -3.76, 16.99
Accel: 0.02, -0.02, -0.97
Gyro: -10.54, -2.40, 12.68
Accel: 0.02, 0.04, -0.98
Gyro: -6.97, -0.48, 13.80
Accel: 0.02, -0.01, -0.98
Gyro: -4.89, 0.55, 16.92
Accel: 0.03, -0.03, -0.97
Gyro: -5.64, 1.50, 14.01
Accel: 0.03, -0.03, -0.96
Gyro: -3.44, 1.11, 10.78
Accel: 0.04, -0.03, -0.95
Gyro: -2.62, -0.37, 7.96
Accel: 0.04, -0.03, -0.95
Gyro: -4.30, -1.66, 5.11
Accel: 0.04, -0.02, -0.96
Gyro: -6.22, -1.53, 2.27
Accel: 0.04, -0.02, -0.96
Gyro: -6.45, -2.59, 0.66
Accel: 0.03, -0.01, -0.96
Gyro: -6.07, -3.50, -0.77
Accel: 0.03, 0.01, -0.96
Gyro: -4.07, -3.76, -0.08
Accel: 0.03, -0.02, -0.95
Gyro: -3.47, -4.59, 0.79
Accel: 0.01, -0.01, -0.97
Gyro: -5.26, -4.75, -0.34
Accel: 0.01, 0.00, -0.98
Gyro: -3.07, -4.92, -0.36
Accel: 0.01, 0.00, -0.96
Gyro: -3.88, -3.00, -1.63
Accel: 0.02, 0.01, -0.97
Gyro: -2.46, -2.64, -1.58
Accel: 0.01, 0.01, -0.96
Gyro: -2.96, -1.97, -1.67
Accel: 0.01, 0.01, -0.96
Gyro: -3.81, -1.82, -0.98
Accel: 0.01, 0.01, -0.96
Gyro: -3.72, -1.95, 0.14
Accel: 0.01, 0.01, -0.96
Gyro: -3.71, -2.20, 0.20
Accel: 0.00, 0.01, -0.97
Gyro: -3.28, -2.45, -0.19
Accel: 0.00, 0.01, -0.98
Gyro: -3.49, -2.37, -0.39
Accel: -0.00, 0.01, -0.97
Gyro: -2.87, -1.83, -0.50
Accel: 0.01, 0.01, -0.97
Gyro: -3.59, -1.59, -0.95
Accel: 0.00, 0.03, -0.98
Gyro: -2.75, -0.80, -0.93
Accel: 0.00, -0.00, -0.97
Gyro: -1.50, -0.56, 0.02
Accel: 0.00, -0.00, -0.96
Gyro: -2.41, -0.53, -0.74
Accel: -0.00, 0.01, -0.97
Gyro: -3.06, -0.28, -0.98
Accel: 0.01, 0.00, -0.96
Gyro: -2.75, -0.30, -1.03
Accel: 0.01, 0.01, -0.96
Gyro: -2.95, -0.02, -1.21
Accel: 0.01, 0.02, -0.96
Gyro: -3.09, 0.05, -1.08
Accel: 0.01, 0.01, -0.95
Gyro: -3.14, -0.18, -0.66
Accel: 0.01, 0.02, -0.97
Gyro: -2.78, -0.12, -0.40
Accel: 0.01, 0.01, -0.96
Gyro: -1.64, -0.36, 0.56
Accel: 0.01, 0.00, -0.97
Gyro: -2.55, -0.35, 0.06
Accel: 0.01, 0.01, -0.96
Gyro: -3.23, -0.10, -0.51
Accel: 0.01, 0.01, -0.97
Gyro: -2.72, 0.00, -0.47
Accel: 0.01, 0.01, -0.97
Gyro: -3.09, 0.74, -0.70
