Accel: -0.02, -0.13, -0.98
Gyro: -3.16, 0.93, -0.74
Accel: -0.02, -0.12, -0.96
Gyro: -2.52, 0.19, -0.05
Accel: -0.03, -0.14, -0.96
Gyro: -2.37, -0.86, -0.02
Accel: -0.02, -0.13, -0.97
Gyro: -2.38, -1.18, -0.33
Accel: -0.03, -0.14, -0.97
Gyro: -2.20, -1.55, -0.66
Accel: -0.03, -0.13, -0.97
Gyro: -2.20, -1.52, -1.11
Accel: -0.03, -0.14, -0.97
Gyro: -1.85, -1.53, -0.75
Accel: -0.03, -0.14, -0.97
Gyro: -3.43, -1.06, -1.80
Accel: -0.03, -0.12, -0.97
Gyro: -3.02, -0.86, -2.20
Accel: -0.03, -0.13, -0.97
Gyro: -1.02, -1.11, -1.56
Accel: -0.04, -0.14, -0.97
Gyro: -2.52, -0.76, -2.33
Accel: -0.03, -0.13, -0.97
Gyro: -3.01, -0.05, -2.51
Accel: -0.04, -0.12, -0.97
Gyro: -2.56, 0.29, -2.74
Accel: -0.02, -0.13, -0.97
Gyro: -2.94, 0.18, -2.41
Accel: -0.02, -0.12, -0.97
Gyro: -3.31, -0.31, -2.05
Accel: -0.03, -0.12, -0.98
Gyro: -2.81, -0.37, -0.77
Accel: -0.03, -0.11, -0.97
Gyro: -3.47, 0.41, -0.02
Accel: -0.03, -0.10, -0.97
Gyro: -1.64, 0.82, 1.56
Accel: -0.02, -0.11, -0.97
Gyro: -0.49, 0.68, 3.40
Accel: -0.03, -0.09, -0.97
Gyro: -0.18, 0.40, 6.16
Accel: -0.03, -0.09, -0.97
Gyro: 0.24, 0.60, 9.74
Accel: -0.03, -0.11, -0.96
Gyro: 0.23, 1.17, 12.33
Accel: -0.04, -0.12, -0.97
Gyro: 0.72, 1.66, 13.37
Accel: -0.04, -0.12, -0.97
Gyro: 1.11, 2.51, 14.64
Accel: -0.04, -0.10, -0.98
Gyro: 2.16, 3.22, 16.88
Accel: -0.04, -0.09, -0.98
Gyro: 3.24, 3.91, 20.97
Accel: -0.03, -0.05, -0.98
Gyro: 4.36, 4.71, 30.40
Accel: -0.05, 0.02, -1.00
Gyro: 2.74, 8.64, 49.35
Accel: -0.07, 0.08, -1.00
Gyro: -2.21, 13.93, 77.50
Accel: -0.11, 0.13, -1.03
Gyro: -6.59, 20.57, 112.80
Accel: -0.14, 0.09, -1.05
Gyro: -10.28, 32.08, 146.77
Accel: -0.14, 0.06, -0.98
Gyro: -10.92, 36.78, 173.49
Accel: -0.16, 0.01, -0.99
Gyro: -10.51, 41.08, 193.49
Accel: -0.16, -0.02, -0.95
Gyro: -8.72, 41.37, 206.21
Accel: -0.18, -0.06, -1.00
Gyro: -3.30, 45.27, 212.65
Accel: -0.11, -0.35, -0.92
Gyro: -3.65, 45.75, 194.18
Accel: -0.05, -0.40, -0.88
Gyro: 1.90, 36.52, 155.81
Accel: 0.01, -0.50, -0.89
Gyro: 6.52, 23.83, 104.28
Accel: 0.04, -0.46, -0.89
Gyro: 15.51, 9.57, 56.34
Accel: 0.05, -0.41, -0.92
Gyro: 18.55, -0.63, 17.57
Accel: 0.02, -0.36, -0.98
Gyro: 20.21, -7.74, -7.93
Accel: 0.02, -0.27, -0.95
Gyro: 8.60, -4.23, -20.45
Accel: 0.02, -0.19, -0.95
Gyro: 7.29, -5.17, -16.56
Accel: 0.03, -0.25, -0.97
Gyro: 0.84, -4.08, -15.81
Accel: 0.04, -0.27, -0.95
Gyro: -5.73, -3.21, -20.87
Accel: 0.07, -0.38, -0.91
Gyro: -6.03, -8.16, -35.51
Accel: 0.07, -0.45, -0.88
Gyro: -9.77, -16.39, -65.88
Accel: 0.04, -0.47, -0.85
Gyro: -6.20, -29.11, -103.36
Accel: -0.02, -0.45, -0.84
Gyro: 0.42, -43.33, -143.62
Accel: -0.11, -0.37, -0.88
Gyro: 8.71, -55.02, -177.67
Accel: -0.18, -0.27, -0.98
Gyro: 14.18, -56.40, -193.03
Accel: -0.18, -0.23, -1.01
Gyro: 12.42, -50.99, -197.52
Accel: -0.16, -0.12, -0.96
Gyro: 15.34, -48.98, -188.46
Accel: -0.14, -0.11, -0.99
Gyro: 14.00, -49.35, -172.61
Accel: -0.15, -0.06, -1.02
Gyro: 12.04, -43.50, -149.60
Accel: -0.14, -0.08, -1.05
Gyro: 11.36, -32.59, -127.59
Accel: -0.10, -0.04, -0.99
Gyro: 10.51, -23.63, -102.95
Accel: -0.09, -0.05, -0.97
Gyro: 4.85, -21.55, -75.39
Accel: -0.09, -0.09, -1.00
Gyro: -5.97, -15.40, -51.69
Accel: -0.07, -0.09, -0.97
Gyro: -8.44, -10.99, -31.54
Accel: -0.08, -0.13, -0.97
Gyro: -9.00, -9.24, -15.85
Accel: -0.08, -0.15, -0.97
Gyro: -11.93, -6.22, -5.73
Accel: -0.07, -0.17, -0.96
Gyro: -10.19, -4.75, 0.91
Accel: -0.06, -0.20, -0.95
Gyro: -8.26, -4.71, 3.50
Accel: -0.07, -0.20, -0.96
Gyro: -10.91, -4.04, 4.49
Accel: -0.07, -0.20, -0.96
Gyro: -11.48, -3.62, 4.97
Accel: -0.07, -0.20, -0.97
Gyro: -14.51, -2.91, 4.68
Accel: -0.06, -0.19, -0.97
Gyro: -16.34, -1.41, 3.73
Accel: -0.06, -0.17, -0.97
Gyro: -15.08, -0.95, 2.91
Accel: -0.06, -0.16, -0.97
Gyro: -13.30, -0.85, 3.60
Accel: -0.05, -0.15, -0.97
Gyro: -10.11, -1.00, 4.17
Accel: -0.06, -0.17, -0.98
Gyro: -8.06, 0.46, 4.75
Accel: -0.05, -0.16, -0.97
Gyro: -6.85, 1.86, 3.79
Accel: -0.05, -0.17, -0.96
Gyro: -6.09, 2.01, 2.50
Accel: -0.04, -0.16, -0.95
Gyro: -4.65, 1.52, 0.84
Accel: -0.05, -0.16, -0.95
Gyro: -3.85, 0.72, -0.04
Accel: -0.04, -0.15, -0.96
Gyro: -3.22, 0.31, -0.31
Accel: -0.05, -0.14, -0.98
Gyro: -1.31, 0.67, 1.66
Accel: -0.05, -0.14, -0.95
Gyro: -3.00, 1.40, 4.14
Accel: -0.05, -0.15, -0.94
Gyro: -1.52, 0.63, 6.81
Accel: -0.06, -0.16, -0.96
Gyro: -1.14, -0.28, 6.59
Accel: -0.06, -0.18, -0.96
Gyro: -2.60, -0.14, 4.58
Accel: -0.06, -0.18, -0.96
Gyro: -3.39, -0.14, 1.90
Accel: -0.06, -0.17, -0.96
Gyro: -3.33, -0.32, -0.36
Accel: -0.06, -0.17, -0.96
Gyro: -4.19, -0.01, -2.33
Accel: -0.05, -0.16, -0.96
Gyro: -3.91, -0.32, -2.49
Accel: -0.06, -0.16, -0.97
Gyro: -5.09, -0.18, -2.42
Accel: -0.05, -0.14, -0.97
Gyro: -5.19, 0.60, -2.21
Accel: -0.06, -0.16, -0.97
Gyro: -3.61, 1.34, -2.11
Accel: -0.06, -0.16, -0.96
Gyro: -4.07, 1.15, -2.88
Accel: -0.05, -0.14, -0.96
Gyro: -3.70, 1.34, -3.38
Accel: -0.05, -0.14, -0.96
Gyro: -2.56, 0.94, -2.82
Accel: -0.04, -0.13, -0.96
Gyro: -2.57, 1.11, -2.20
Accel: -0.04, -0.14, -0.97
Gyro: -2.53, 1.40, -1.30
Accel: -0.04, -0.15, -0.96
Gyro: -1.86, 0.89, -0.42
Accel: -0.04, -0.14, -0.96
Gyro: -1.06, 1.14, -0.07
Accel: -0.04, -0.16, -0.96
Gyro: -1.29, 0.75, -0.64
Accel: -0.04, -0.16, -0.96
Gyro: -1.69, 0.45, -0.85
Accel: -0.04, -0.15, -0.96
Gyro: -2.47, 0.47, -1.07
Accel: -0.04, -0.15, -0.96
Gyro: -3.64, 0.72, -1.40
Accel: -0.04, -0.16, -0.96
Gyro: -3.77, 0.51, -1.43
