Accel: -0.05, -0.01, -0.97
Gyro: 1.11, 24.03, 5.13
Accel: -0.04, 0.00, -0.94
Gyro: 1.88, 21.84, 3.24
Accel: -0.01, -0.01, -0.91
Gyro: -3.56, 17.91, 0.61
Accel: -0.03, 0.02, -0.93
Gyro: -4.22, 13.25, -1.55
Accel: -0.01, 0.03, -0.93
Gyro: -2.94, 11.60, -1.61
Accel: -0.02, 0.02, -0.93
Gyro: -2.98, 8.82, -1.14
Accel: -0.02, 0.01, -0.95
Gyro: -5.65, 6.72, -1.04
Accel: -0.02, 0.02, -0.94
Gyro: -5.50, 4.71, -0.98
Accel: -0.02, 0.01, -0.95
Gyro: -5.19, 2.66, -0.76
Accel: -0.03, 0.02, -0.95
Gyro: -6.05, 2.16, -1.26
Accel: -0.03, 0.03, -0.96
Gyro: -5.59, 1.43, -1.52
Accel: -0.03, 0.03, -0.96
Gyro: -5.72, 1.07, -2.33
Accel: -0.02, 0.05, -0.97
Gyro: -5.06, 1.91, -1.71
Accel: -0.02, 0.03, -0.98
Gyro: -5.21, 1.37, -1.44
Accel: -0.01, 0.03, -0.98
Gyro: -5.83, 2.86, -1.63
Accel: -0.01, 0.04, -0.96
Gyro: -6.48, 3.88, -2.44
Accel: -0.00, 0.05, -0.95
Gyro: -5.66, 3.30, -2.36
Accel: 0.00, 0.05, -0.95
Gyro: -5.65, 2.23, -1.76
Accel: 0.01, 0.04, -0.95
Gyro: -4.01, 2.54, -1.11
Accel: 0.01, 0.04, -0.95
Gyro: -2.20, 0.96, -0.48
Accel: 0.01, 0.05, -0.95
Gyro: -2.32, 0.05, -0.73
Accel: 0.01, 0.04, -0.94
Gyro: -1.90, -0.81, -1.09
Accel: 0.00, 0.04, -0.96
Gyro: -0.85, -2.08, -1.48
Accel: -0.00, 0.04, -0.96
Gyro: -1.40, -1.82, -1.43
Accel: -0.01, 0.04, -0.96
Gyro: -1.22, -1.53, -0.78
Accel: -0.00, 0.04, -0.97
Gyro: -2.55, -0.93, -0.99
Accel: -0.01, 0.05, -0.97
Gyro: -1.73, -0.44, -0.92
Accel: -0.00, 0.04, -0.97
Gyro: -0.15, -0.55, 0.33
Accel: -0.01, 0.03, -0.96
Gyro: -0.87, -0.61, 0.37
Accel: -0.00, 0.03, -0.97
Gyro: -2.19, -0.54, -0.07
Accel: -0.01, 0.04, -0.96
Gyro: -1.95, -0.88, -0.39
Accel: -0.00, 0.02, -0.96
Gyro: -2.14, -0.90, -1.11
Accel: -0.00, 0.03, -0.96
Gyro: -2.46, -0.79, -1.43
Accel: -0.01, 0.03, -0.97
Gyro: -2.75, -0.53, -1.44
Accel: 0.00, 0.04, -0.96
Gyro: -2.92, -0.05, -1.84
Accel: -0.00, 0.04, -0.96
Gyro: -1.63, -0.50, -1.23
Accel: 0.00, 0.03, -0.97
Gyro: -2.05, -0.69, -1.20
Accel: -0.00, 0.04, -0.95
Gyro: -2.78, -0.71, -1.13
Accel: -0.01, 0.04, -0.96
Gyro: -2.84, -0.65, -1.01
Accel: 0.00, 0.03, -0.97
Gyro: -2.63, -0.43, -1.43
Accel: 0.00, 0.03, -0.97
Gyro: -2.74, 0.50, -1.58
Accel: -0.00, 0.04, -0.96
Gyro: -2.82, 0.68, -1.30
Accel: 0.01, 0.04, -0.96
Gyro: -2.73, 0.24, -1.03
Accel: 0.01, 0.03, -0.96
Gyro: -2.75, 0.03, -1.24
Accel: 0.00, 0.04, -0.96
Gyro: -2.76, -0.56, -1.56
Accel: 0.00, 0.04, -0.97
Gyro: -2.90, -0.69, -2.14
Accel: -0.00, 0.04, -0.97
Gyro: -3.05, -0.37, -2.12
Accel: 0.00, 0.04, -0.96
Gyro: -3.75, 0.11, -2.38
Accel: 0.00, 0.05, -0.97
Gyro: -4.20, 0.24, -2.53
Accel: -0.01, 0.06, -0.97
Gyro: -2.59, 0.53, -0.89
Accel: -0.00, 0.04, -0.96
Gyro: -2.50, 0.54, -0.47
Accel: -0.00, 0.06, -0.98
Gyro: -3.03, 1.10, 0.82
Accel: -0.01, 0.09, -0.96
Gyro: -3.91, 1.98, 7.59
Accel: 0.00, 0.11, -0.96
Gyro: -6.19, 0.98, 17.51
Accel: -0.01, 0.18, -0.96
Gyro: -7.48, -0.03, 31.15
Accel: -0.01, 0.24, -0.97
Gyro: -8.75, 0.45, 52.91
Accel: -0.04, 0.39, -1.00
Gyro: -11.76, 3.33, 91.19
Accel: -0.07, 0.41, -0.98
Gyro: -15.10, 5.00, 140.97
Accel: -0.11, 0.34, -0.96
Gyro: -22.34, 4.17, 180.21
Accel: -0.14, 0.31, -0.98
Gyro: -22.25, 5.85, 210.11
Accel: -0.14, 0.16, -0.93
Gyro: -18.88, 5.68, 225.92
Accel: -0.13, 0.05, -0.90
Gyro: -7.77, 0.40, 220.82
Accel: -0.10, -0.08, -0.94
Gyro: -9.07, 1.30, 199.27
Accel: -0.06, -0.13, -0.97
Gyro: 1.49, 2.33, 168.93
Accel: -0.01, -0.11, -0.93
Gyro: 8.48, 0.80, 138.84
Accel: 0.02, -0.06, -0.94
Gyro: 5.38, -1.02, 118.28
Accel: 0.03, -0.07, -0.96
Gyro: 5.90, -4.00, 103.52
Accel: 0.04, -0.15, -0.97
Gyro: 5.87, -4.74, 87.01
Accel: 0.05, -0.17, -0.95
Gyro: 3.05, -5.50, 61.68
Accel: 0.04, -0.15, -0.99
Gyro: 7.73, -3.90, 40.13
Accel: 0.07, -0.15, -0.96
Gyro: 2.64, -2.21, 22.41
Accel: 0.07, -0.12, -0.94
Gyro: -0.22, -4.00, 7.16
Accel: 0.07, -0.07, -0.97
Gyro: 7.30, -5.29, -2.53
Accel: 0.07, -0.13, -0.98
Gyro: 5.09, -1.84, -10.41
Accel: 0.08, -0.13, -0.93
Gyro: -1.16, -4.88, -22.96
Accel: 0.07, -0.15, -0.94
Gyro: 5.08, -7.52, -35.31
Accel: 0.07, -0.33, -0.97
Gyro: 9.53, -10.23, -66.88
Accel: 0.05, -0.47, -0.93
Gyro: 4.29, -13.63, -119.40
Accel: -0.04, -0.30, -0.93
Gyro: -3.04, -19.81, -170.53
Accel: -0.11, -0.13, -0.97
Gyro: 9.18, -21.21, -191.60
Accel: -0.16, -0.06, -0.99
Gyro: 7.86, -16.21, -201.34
Accel: -0.13, -0.02, -0.98
Gyro: 9.09, -10.20, -190.96
Accel: -0.11, -0.08, -0.95
Gyro: 6.33, -9.33, -196.17
Accel: -0.11, 0.02, -0.95
Gyro: 8.08, -12.13, -190.80
Accel: -0.10, 0.01, -0.96
Gyro: 3.61, -12.01, -184.07
Accel: -0.09, 0.11, -0.97
Gyro: 2.92, -12.28, -169.01
Accel: -0.07, 0.15, -0.95
Gyro: 4.20, -10.80, -145.49
Accel: -0.06, 0.18, -0.95
Gyro: 2.48, -10.56, -118.21
Accel: -0.04, 0.16, -0.97
Gyro: -1.59, -9.71, -90.03
Accel: -0.03, 0.17, -0.95
Gyro: -5.68, -10.32, -62.99
Accel: -0.04, 0.15, -0.96
Gyro: -8.25, -11.08, -37.62
Accel: -0.05, 0.12, -1.00
Gyro: -10.90, -9.87, -16.84
Accel: -0.06, 0.09, -0.98
Gyro: -12.90, -7.47, -2.38
Accel: -0.06, 0.05, -0.97
Gyro: -13.15, -5.50, 6.03
Accel: -0.05, 0.04, -0.99
Gyro: -11.96, -4.23, 9.86
Accel: -0.05, 0.03, -0.97
Gyro: -8.01, -3.31, 12.18
Accel: -0.04, 0.00, -0.98
Gyro: -4.43, -2.52, 11.89
Accel: -0.04, -0.01, -0.96
Gyro: -3.30, -2.31, 9.66
Accel: -0.04, -0.02, -0.97
Gyro: -3.16, -1.89, 6.35
Accel: -0.04, -0.02, -0.98
Gyro: -3.88, -0.76, 2.85
Accel: -0.02, -0.01, -0.96
Gyro: -4.26, -0.56, 0.22
