Accel: -0.06, -0.03, -0.91
Gyro: -1.70, 14.21, -2.41
Accel: -0.07, -0.01, -0.91
Gyro: -2.43, 9.84, -3.14
Accel: -0.07, -0.00, -0.94
Gyro: -2.13, 6.79, -3.79
Accel: -0.08, -0.00, -0.98
Gyro: -3.34, 7.51, -3.72
Accel: -0.07, 0.01, -0.96
Gyro: -3.38, 8.19, -3.04
Accel: -0.06, -0.00, -0.95
Gyro: -4.14, 7.32, -3.23
Accel: -0.07, 0.01, -0.95
Gyro: -1.98, 5.60, -1.40
Accel: -0.08, -0.00, -0.96
Gyro: -1.50, 4.92, 0.76
Accel: -0.06, -0.01, -0.97
Gyro: -3.77, 6.00, 0.44
Accel: -0.05, -0.01, -0.95
Gyro: -5.74, 5.90, -0.83
Accel: -0.04, 0.00, -0.95
Gyro: -5.76, 5.42, -2.17
Accel: -0.03, 0.02, -0.95
Gyro: -5.46, 4.26, -3.16
Accel: -0.03, 0.02, -0.96
Gyro: -5.14, 2.69, -3.49
Accel: -0.04, 0.02, -0.97
Gyro: -4.77, 1.34, -2.98
Accel: -0.04, 0.04, -0.96
Gyro: -3.28, 1.41, -1.52
Accel: -0.05, 0.04, -0.95
Gyro: -1.15, 1.63, 1.71
Accel: -0.04, 0.05, -0.97
Gyro: -1.53, 2.08, 5.85
Accel: -0.05, 0.11, -0.96
Gyro: -2.85, 2.66, 16.39
Accel: -0.05, 0.16, -0.97
Gyro: -5.51, 3.14, 34.83
Accel: -0.05, 0.18, -0.96
Gyro: -9.84, 3.64, 57.82
Accel: -0.07, 0.23, -0.98
Gyro: -12.50, 4.30, 81.86
Accel: -0.10, 0.25, -0.98
Gyro: -14.21, 6.97, 113.46
Accel: -0.10, 0.22, -0.96
Gyro: -16.74, 6.53, 134.57
Accel: -0.13, 0.25, -0.96
Gyro: -12.95, 6.65, 158.10
Accel: -0.16, 0.22, -0.99
Gyro: -11.12, 9.77, 177.64
Accel: -0.17, 0.19, -0.97
Gyro: -7.58, 14.12, 192.25
Accel: -0.19, 0.28, -0.93
Gyro: 4.71, 15.21, 207.79
Accel: -0.15, -0.00, -0.90
Gyro: 15.66, 16.59, 215.54
Accel: -0.09, -0.19, -0.89
Gyro: 8.68, 8.57, 187.42
Accel: -0.08, -0.16, -0.92
Gyro: 9.30, 0.77, 158.36
Accel: -0.04, -0.31, -0.97
Gyro: 6.03, 1.85, 128.01
Accel: -0.00, -0.29, -0.96
Gyro: -0.73, -0.11, 87.89
Accel: -0.02, -0.18, -1.01
Gyro: 3.67, 0.68, 59.36
Accel: 0.01, -0.19, -0.99
Gyro: 4.26, 3.17, 40.49
Accel: 0.03, -0.10, -0.94
Gyro: -0.88, -1.09, 25.34
Accel: 0.03, -0.13, -1.00
Gyro: 6.41, 0.92, 15.59
Accel: 0.05, -0.13, -0.98
Gyro: 0.76, 6.48, 6.63
Accel: 0.06, -0.06, -0.91
Gyro: 6.04, 2.44, 3.36
Accel: 0.06, -0.13, -1.00
Gyro: 10.09, 2.85, 2.43
Accel: 0.07, -0.08, -0.93
Gyro: -3.57, 2.04, -3.30
Accel: 0.06, -0.02, -0.95
Gyro: 0.69, 0.00, -0.02
Accel: 0.09, -0.16, -0.97
Gyro: -4.98, 0.33, -5.66
Accel: 0.07, -0.01, -0.91
Gyro: -11.74, -4.36, -15.05
Accel: 0.05, -0.08, -0.98
Gyro: 0.87, -4.97, -14.09
Accel: 0.06, -0.17, -0.95
Gyro: -3.02, -4.23, -29.05
Accel: 0.08, -0.25, -0.92
Gyro: -0.02, -9.96, -55.56
Accel: 0.06, -0.32, -0.91
Gyro: 7.59, -15.85, -91.06
Accel: 0.02, -0.32, -0.91
Gyro: 12.94, -22.42, -131.71
Accel: -0.06, -0.31, -0.92
Gyro: 19.17, -28.25, -172.55
Accel: -0.15, -0.26, -1.00
Gyro: 23.48, -29.40, -209.26
Accel: -0.23, -0.22, -1.00
Gyro: 24.30, -22.42, -231.51
Accel: -0.23, -0.13, -0.97
Gyro: 22.29, -18.34, -244.67
Accel: -0.22, -0.04, -1.05
Gyro: 26.08, -17.36, -242.42
Accel: -0.19, -0.05, -0.99
Gyro: 17.80, -12.28, -227.51
Accel: -0.13, 0.05, -0.94
Gyro: 8.63, -13.21, -207.70
Accel: -0.09, 0.07, -0.93
Gyro: 5.41, -16.92, -178.54
Accel: -0.07, 0.10, -0.98
Gyro: -1.11, -16.71, -149.00
Accel: -0.04, 0.14, -0.96
Gyro: -4.97, -14.77, -116.11
Accel: -0.03, 0.15, -0.95
Gyro: -4.31, -14.82, -82.83
Accel: -0.03, 0.11, -0.96
Gyro: -3.69, -14.53, -55.68
Accel: -0.03, 0.08, -0.98
Gyro: -5.46, -12.35, -31.12
Accel: -0.03, 0.02, -1.01
Gyro: -9.24, -7.74, -12.61
Accel: -0.03, 0.01, -0.98
Gyro: -11.63, -4.26, 0.39
Accel: -0.03, -0.03, -0.98
Gyro: -10.97, -2.54, 7.44
Accel: -0.02, -0.05, -0.97
Gyro: -9.89, -2.04, 11.25
Accel: -0.02, -0.07, -0.97
Gyro: -10.81, -0.89, 12.05
Accel: -0.02, -0.08, -0.96
Gyro: -11.23, -0.43, 10.96
Accel: 0.00, -0.06, -0.95
Gyro: -10.66, -1.25, 10.39
Accel: -0.00, -0.07, -0.97
Gyro: -8.99, -1.79, 9.47
Accel: -0.00, -0.06, -0.96
Gyro: -9.13, -1.48, 7.79
Accel: 0.00, -0.06, -0.95
Gyro: -10.09, -1.36, 6.71
Accel: -0.00, -0.06, -0.97
Gyro: -10.13, -1.63, 6.20
Accel: 0.01, -0.05, -0.96
Gyro: -12.64, -1.85, 4.97
Accel: 0.00, -0.05, -0.98
Gyro: -15.50, -1.23, 3.32
Accel: 0.01, -0.02, -0.97
Gyro: -15.35, -0.08, 2.82
Accel: 0.01, -0.02, -0.97
Gyro: -12.99, 0.18, 2.56
Accel: 0.01, -0.01, -0.95
Gyro: -10.12, -0.09, 1.47
Accel: 0.01, -0.01, -0.96
Gyro: -8.19, -0.24, 0.97
Accel: 0.01, -0.01, -0.95
Gyro: -7.56, 0.13, 0.80
Accel: 0.01, 0.00, -0.95
Gyro: -7.35, -0.18, 1.30
Accel: 0.00, 0.00, -0.94
Gyro: -6.01, -0.97, 0.83
Accel: 0.01, 0.00, -0.95
Gyro: -4.54, -2.65, 1.85
Accel: -0.00, 0.01, -0.95
Gyro: -3.07, -3.81, 2.72
Accel: -0.00, -0.00, -0.96
Gyro: -2.22, -4.87, 3.84
Accel: -0.02, -0.02, -0.97
Gyro: -3.17, -4.15, 3.08
Accel: -0.01, -0.01, -0.97
Gyro: -3.00, -3.52, 3.07
Accel: -0.03, 0.00, -0.98
Gyro: -2.15, -2.81, 3.04
Accel: -0.02, -0.00, -0.97
Gyro: -1.72, -1.05, 3.04
Accel: -0.02, 0.00, -0.97
Gyro: -0.93, -0.03, 3.28
Accel: -0.02, -0.01, -0.97
Gyro: -0.72, 0.83, 3.81
Accel: -0.01, -0.02, -0.96
Gyro: -1.42, 1.16, 3.22
Accel: -0.01, -0.02, -0.97
Gyro: -2.64, 1.87, 2.15
Accel: -0.00, -0.02, -0.96
Gyro: -3.94, 1.83, 1.11
Accel: -0.01, -0.01, -0.97
Gyro: -4.27, 1.83, 0.08
Accel: 0.00, -0.00, -0.97
Gyro: -4.24, 1.71, -0.43
Accel: -0.01, 0.00, -0.96
Gyro: -3.15, 2.17, 0.05
Accel: -0.00, -0.00, -0.97
Gyro: -3.38, 2.39, 0.00
Accel: 0.01, 0.01, -0.96
Gyro: -2.74, 2.06, -0.27
Accel: 0.01, -0.00, -0.96
Gyro: -0.98, 0.72, 0.78
Accel: 0.01, -0.01, -0.95
Gyro: -1.61, -0.04, 0.31
Accel: -0.00, -0.01, -0.96
Gyro: -2.73, -0.07, -0.04
