Accel: 0.01, 0.07, -0.96
Gyro: -2.53, -1.09, -1.92
Accel: 0.01, 0.06, -0.96
Gyro: -2.42, -1.43, -1.48
Accel: 0.01, 0.07, -0.96
Gyro: -2.30, -1.08, -1.14
Accel: 0.01, 0.06, -0.97
Gyro: -2.92, -0.53, -1.14
Accel: 0.00, 0.07, -0.97
Gyro: -3.20, 0.02, -1.40
Accel: 0.01, 0.08, -0.98
Gyro: -1.36, 1.01, -0.44
Accel: 0.00, 0.06, -0.96
Gyro: -1.21, 0.80, -0.29
Accel: 0.01, 0.06, -0.96
Gyro: -1.54, 0.05, 0.43
Accel: 0.01, 0.06, -0.96
Gyro: -1.61, -0.35, 0.50
Accel: 0.01, 0.04, -0.95
Gyro: -1.67, -0.63, 0.02
Accel: 0.01, 0.06, -0.96
Gyro: -2.06, -0.60, -0.85
Accel: 0.01, 0.06, -0.97
Gyro: -1.66, -1.02, -0.59
Accel: 0.02, 0.06, -0.97
Gyro: -2.53, -1.01, -0.72
Accel: 0.02, 0.07, -0.97
Gyro: -1.83, -0.50, -0.33
Accel: 0.02, 0.06, -0.97
Gyro: -1.75, -0.50, 0.06
Accel: 0.01, 0.06, -0.95
Gyro: -2.43, -0.24, -0.36
Accel: 0.01, 0.06, -0.96
Gyro: -2.66, -0.11, -0.54
Accel: 0.02, 0.06, -0.97
Gyro: -2.82, 0.33, -0.50
Accel: 0.01, 0.07, -0.97
Gyro: -2.24, 0.07, -0.18
Accel: 0.01, 0.07, -0.96
Gyro: -1.47, -0.27, 1.01
Accel: 0.02, 0.08, -0.97
Gyro: -1.14, -0.47, 2.60
Accel: 0.02, 0.11, -0.96
Gyro: -0.63, -0.55, 7.32
Accel: 0.01, 0.12, -0.95
Gyro: -1.04, -0.89, 14.95
Accel: 0.01, 0.21, -0.97
Gyro: -2.33, -1.19, 27.39
Accel: 0.00, 0.31, -0.97
Gyro: -4.01, -1.51, 58.82
Accel: -0.02, 0.35, -0.97
Gyro: -9.37, -2.49, 96.99
Accel: -0.06, 0.35, -0.97
Gyro: -13.89, -4.17, 143.14
Accel: -0.11, 0.25, -1.01
Gyro: -23.40, -0.62, 172.81
Accel: -0.12, 0.24, -1.01
Gyro: -23.90, 5.04, 189.25
Accel: -0.12, 0.17, -0.96
Gyro: -14.47, 8.00, 201.36
Accel: -0.09, 0.10, -0.95
Gyro: -9.45, 6.00, 196.93
Accel: -0.09, 0.04, -0.97
Gyro: -1.41, 6.93, 193.08
Accel: -0.04, -0.10, -0.97
Gyro: -1.62, 7.06, 175.67
Accel: 0.03, -0.17, -0.90
Gyro: -3.47, 5.93, 145.61
Accel: 0.05, -0.16, -0.93
Gyro: -3.11, 1.67, 114.34
Accel: 0.07, -0.23, -0.96
Gyro: 4.41, -2.60, 81.84
Accel: 0.09, -0.22, -0.93
Gyro: 4.13, -5.81, 46.27
Accel: 0.09, -0.21, -0.95
Gyro: 8.68, -9.03, 14.83
Accel: 0.08, -0.17, -1.01
Gyro: 8.57, -8.51, -9.69
Accel: 0.08, -0.11, -0.95
Gyro: 3.03, -6.15, -26.32
Accel: 0.07, -0.06, -0.96
Gyro: 2.03, -7.96, -36.21
Accel: 0.05, -0.13, -1.00
Gyro: 3.41, -5.70, -47.72
Accel: 0.04, -0.23, -1.00
Gyro: 4.88, -0.63, -73.94
Accel: 0.04, -0.28, -0.91
Gyro: 9.57, -1.40, -113.27
Accel: 0.01, -0.24, -0.92
Gyro: 15.77, -8.15, -153.03
Accel: -0.06, -0.21, -0.96
Gyro: 28.23, -11.40, -188.34
Accel: -0.08, -0.12, -0.94
Gyro: 35.21, -14.37, -210.36
Accel: -0.11, -0.08, -1.01
Gyro: 29.64, -14.45, -221.09
Accel: -0.11, -0.01, -1.00
Gyro: 18.66, -12.40, -217.79
Accel: -0.10, 0.11, -0.95
Gyro: 10.85, -11.19, -199.84
Accel: -0.06, 0.18, -0.96
Gyro: 8.37, -13.00, -170.61
Accel: -0.03, 0.22, -0.98
Gyro: 3.47, -11.74, -135.57
Accel: -0.01, 0.20, -0.98
Gyro: -2.32, -9.90, -99.13
Accel: -0.00, 0.19, -0.98
Gyro: -8.66, -7.48, -67.34
Accel: -0.00, 0.16, -0.96
Gyro: -13.03, -7.06, -39.85
Accel: -0.00, 0.13, -0.98
Gyro: -14.62, -5.38, -19.84
Accel: 0.00, 0.11, -0.98
Gyro: -11.76, -3.04, -5.72
Accel: 0.01, 0.07, -0.97
Gyro: -12.05, -1.20, 1.62
Accel: 0.01, 0.04, -0.97
Gyro: -11.31, -1.14, 5.17
Accel: 0.01, 0.03, -0.97
Gyro: -11.63, -0.40, 5.46
Accel: 0.01, 0.05, -0.96
Gyro: -10.75, -0.46, 6.70
Accel: 0.02, 0.03, -0.95
Gyro: -13.71, -0.93, 7.55
Accel: 0.01, 0.03, -0.95
Gyro: -9.66, -2.36, 8.29
Accel: 0.02, 0.02, -0.97
Gyro: -6.62, -2.28, 7.48
Accel: 0.02, 0.03, -0.97
Gyro: -3.77, -2.17, 5.60
Accel: 0.02, 0.02, -0.97
Gyro: -2.43, -1.50, 3.62
Accel: 0.03, 0.01, -0.97
Gyro: -0.88, -1.08, 2.08
Accel: 0.03, 0.02, -0.96
Gyro: -3.71, -0.63, 0.95
Accel: 0.03, 0.02, -0.96
Gyro: -4.87, -0.66, 0.37
Accel: 0.03, 0.03, -0.96
Gyro: -4.89, -0.71, 0.59
Accel: 0.04, 0.04, -0.96
Gyro: -4.52, -0.92, 1.23
Accel: 0.02, 0.04, -0.97
Gyro: -3.59, -1.21, 2.20
Accel: 0.02, 0.04, -0.97
Gyro: -3.42, -0.92, 3.12
Accel: 0.03, 0.03, -0.95
Gyro: -4.92, -0.66, 3.33
Accel: 0.03, 0.04, -0.96
Gyro: -5.58, -0.35, 2.51
Accel: 0.02, 0.04, -0.96
Gyro: -4.13, -0.76, 3.17
Accel: 0.03, 0.04, -0.95
Gyro: -3.53, -1.70, 2.78
Accel: 0.02, 0.03, -0.97
Gyro: -3.37, -2.41, 2.05
Accel: 0.02, 0.03, -0.97
Gyro: -2.43, -2.82, 1.51
Accel: 0.02, 0.03, -0.96
Gyro: -2.50, -2.61, 0.66
Accel: 0.02, 0.04, -0.96
Gyro: -3.23, -1.94, -0.34
Accel: 0.02, 0.05, -0.96
Gyro: -2.96, -1.99, -0.35
Accel: 0.01, 0.05, -0.97
Gyro: -3.23, -1.76, -0.65
Accel: 0.02, 0.06, -0.97
Gyro: -2.52, -1.40, -0.28
Accel: 0.02, 0.05, -0.97
Gyro: -2.22, -1.20, 0.21
Accel: 0.01, 0.05, -0.96
Gyro: -3.05, -0.91, 0.23
Accel: 0.02, 0.05, -0.97
Gyro: -3.49, -0.61, 0.51
Accel: 0.01, 0.05, -0.96
Gyro: -3.78, -0.24, 0.61
Accel: 0.02, 0.05, -0.96
Gyro: -3.23, -0.11, 0.48
Accel: 0.02, 0.05, -0.96
Gyro: -2.40, -0.41, 0.72
Accel: 0.02, 0.04, -0.97
Gyro: -1.85, -0.34, 0.86
Accel: 0.02, 0.04, -0.96
Gyro: -1.78, -0.70, 0.86
Accel: 0.02, 0.05, -0.97
Gyro: -1.39, -0.98, 0.96
Accel: 0.02, 0.04, -0.96
Gyro: -1.49, -1.01, 0.48
Accel: 0.01, 0.04, -0.95
Gyro: -1.57, -1.05, 0.58
Accel: 0.01, 0.04, -0.97
Gyro: -2.26, -1.10, 0.47
Accel: 0.02, 0.04, -0.97
Gyro: -2.46, -0.62, 0.67
Accel: 0.01, 0.04, -0.97
Gyro: -3.82, -0.19, 0.27
Accel: 0.02, 0.06, -0.97
Gyro: -2.89, 0.71, 0.47
Accel: 0.02, 0.04, -0.97
Gyro: -2.52, 1.10, 0.89
Accel: 0.02, 0.04, -0.96
Gyro: -3.07, 1.30, 0.46
