Accel: 0.05, 0.04, -0.96
Gyro: -2.45, -0.05, -0.05
Accel: 0.05, 0.04, -0.95
Gyro: -2.59, -0.47, -0.23
Accel: 0.05, 0.04, -0.96
Gyro: -2.46, -0.51, -0.05
Accel: 0.05, 0.04, -0.96
Gyro: -2.37, -0.05, 0.71
Accel: 0.05, 0.04, -0.96
Gyro: -2.95, 0.18, 0.83
Accel: 0.05, 0.05, -0.97
Gyro: -3.46, 0.50, 0.67
Accel: 0.05, 0.05, -0.96
Gyro: -1.01, 0.54, 1.81
Accel: 0.06, 0.04, -0.97
Gyro: -0.70, 0.16, 1.98
Accel: 0.06, 0.04, -0.96
Gyro: -1.29, 0.01, 2.26
Accel: 0.05, 0.04, -0.97
Gyro: -1.59, 0.02, 2.52
Accel: 0.06, 0.04, -0.96
Gyro: -1.39, 0.24, 3.11
Accel: 0.06, 0.04, -0.96
Gyro: -1.73, 0.11, 3.49
Accel: 0.06, 0.05, -0.96
Gyro: -0.97, -0.31, 4.94
Accel: 0.06, 0.04, -0.96
Gyro: -1.56, -0.15, 5.23
Accel: 0.06, 0.03, -0.97
Gyro: -1.34, -0.18, 5.44
Accel: 0.05, 0.02, -0.96
Gyro: -1.26, -0.31, 4.96
Accel: 0.06, 0.03, -0.97
Gyro: -2.30, -0.32, 3.80
Accel: 0.06, 0.02, -0.97
Gyro: -2.72, 0.05, 2.26
Accel: 0.06, 0.02, -0.97
Gyro: -3.13, 0.62, 0.50
Accel: 0.06, 0.02, -0.96
Gyro: -2.69, 0.95, -1.39
Accel: 0.07, 0.03, -0.96
Gyro: -2.24, 1.01, -1.86
Accel: 0.07, 0.03, -0.96
Gyro: -2.40, 1.07, -1.43
Accel: 0.06, 0.04, -0.96
Gyro: -2.88, 0.76, -0.12
Accel: 0.06, 0.11, -0.95
Gyro: -2.92, 0.58, 5.47
Accel: 0.07, 0.12, -0.95
Gyro: -4.10, 0.08, 18.10
Accel: 0.07, 0.16, -0.95
Gyro: -7.28, -2.04, 33.81
Accel: 0.06, 0.20, -0.96
Gyro: -10.19, -2.18, 54.59
Accel: 0.05, 0.32, -0.96
Gyro: -10.35, -1.24, 87.14
Accel: 0.02, 0.31, -0.96
Gyro: -17.10, -0.21, 128.99
Accel: -0.02, 0.31, -0.96
Gyro: -24.84, -0.47, 168.38
Accel: -0.06, 0.26, -0.96
Gyro: -25.63, -1.46, 192.23
Accel: -0.08, 0.17, -0.97
Gyro: -19.52, 0.08, 205.65
Accel: -0.06, 0.08, -0.95
Gyro: -13.70, 0.38, 206.49
Accel: -0.07, -0.00, -0.97
Gyro: -7.98, 2.34, 199.86
Accel: -0.02, -0.17, -0.94
Gyro: -9.43, 2.91, 173.60
Accel: 0.01, -0.16, -0.94
Gyro: -1.51, -1.42, 140.79
Accel: 0.04, -0.19, -0.97
Gyro: 2.53, -2.98, 110.47
Accel: 0.05, -0.24, -0.97
Gyro: -0.17, -3.78, 79.32
Accel: 0.06, -0.22, -0.98
Gyro: 1.32, -4.79, 48.90
Accel: 0.08, -0.21, -0.99
Gyro: 3.33, -3.11, 21.04
Accel: 0.09, -0.20, -0.95
Gyro: 1.03, -4.42, -4.10
Accel: 0.07, -0.10, -0.96
Gyro: -0.53, -5.12, -21.13
Accel: 0.06, -0.04, -0.99
Gyro: 1.44, -3.23, -25.25
Accel: 0.07, 0.02, -0.96
Gyro: 0.11, -0.05, -21.03
Accel: 0.08, 0.00, -0.96
Gyro: -0.40, -1.30, -15.25
Accel: 0.08, -0.01, -0.95
Gyro: -2.96, -0.28, -13.07
Accel: 0.09, -0.07, -0.95
Gyro: -2.00, -1.63, -17.68
Accel: 0.08, -0.13, -0.95
Gyro: 2.24, -3.27, -31.99
Accel: 0.08, -0.21, -0.98
Gyro: 1.28, -4.62, -58.69
Accel: 0.06, -0.22, -0.96
Gyro: -0.05, -4.06, -90.68
Accel: 0.03, -0.28, -0.96
Gyro: 6.77, -6.58, -126.91
Accel: -0.02, -0.26, -0.93
Gyro: 17.59, -11.23, -171.07
Accel: -0.09, -0.18, -0.97
Gyro: 27.20, -12.40, -205.99
Accel: -0.11, -0.14, -1.00
Gyro: 32.78, -11.67, -226.88
Accel: -0.13, -0.01, -0.98
Gyro: 34.81, -10.84, -230.38
Accel: -0.10, 0.03, -1.01
Gyro: 29.85, -9.16, -219.70
Accel: -0.07, 0.11, -0.99
Gyro: 19.50, -6.76, -194.69
Accel: -0.02, 0.17, -1.00
Gyro: 8.39, -3.82, -160.06
Accel: 0.02, 0.22, -0.96
Gyro: -1.64, -2.99, -119.77
Accel: 0.04, 0.22, -0.96
Gyro: -8.68, -4.12, -79.70
Accel: 0.05, 0.19, -0.97
Gyro: -16.07, -4.03, -44.11
Accel: 0.06, 0.17, -0.96
Gyro: -22.32, -3.78, -15.77
Accel: 0.06, 0.13, -0.95
Gyro: -23.66, -4.74, 4.72
Accel: 0.04, 0.06, -0.95
Gyro: -24.00, -6.65, 14.37
Accel: 0.04, 0.04, -0.96
Gyro: -22.08, -5.94, 13.42
Accel: 0.05, 0.04, -0.99
Gyro: -18.56, -6.31, 10.32
Accel: 0.04, 0.05, -0.95
Gyro: -14.78, -5.96, 8.22
Accel: 0.03, 0.03, -0.97
Gyro: -7.29, -5.65, 6.78
Accel: 0.03, 0.02, -0.97
Gyro: -3.56, -4.45, 3.64
Accel: 0.02, 0.02, -0.97
Gyro: -1.04, -3.93, 0.72
Accel: 0.03, 0.03, -0.96
Gyro: 2.04, -2.94, -0.72
Accel: 0.04, 0.03, -0.98
Gyro: -0.99, -2.02, -1.35
Accel: 0.04, 0.03, -0.97
Gyro: -4.35, -1.38, -1.40
Accel: 0.04, 0.04, -0.99
Gyro: -6.71, -0.82, -1.27
Accel: 0.05, 0.04, -0.97
Gyro: -7.38, 0.01, -1.01
Accel: 0.05, 0.03, -0.97
Gyro: -8.23, 0.81, -0.92
Accel: 0.05, 0.06, -0.97
Gyro: -6.99, 1.53, -0.95
Accel: 0.05, 0.05, -0.97
Gyro: -5.54, 1.72, 0.28
Accel: 0.05, 0.06, -0.96
Gyro: -5.14, 1.55, 1.34
Accel: 0.06, 0.07, -0.95
Gyro: -4.35, 1.00, 2.88
Accel: 0.06, 0.06, -0.96
Gyro: -3.52, 0.48, 3.95
Accel: 0.06, 0.05, -0.95
Gyro: -3.52, 0.08, 3.97
Accel: 0.06, 0.05, -0.95
Gyro: -2.49, -0.74, 3.37
Accel: 0.06, 0.05, -0.96
Gyro: -0.65, -1.62, 3.22
Accel: 0.05, 0.05, -0.97
Gyro: -0.46, -2.16, 2.51
Accel: 0.05, 0.04, -0.96
Gyro: 0.50, -1.60, 2.27
Accel: 0.06, 0.03, -0.96
Gyro: -0.29, -1.30, 1.55
Accel: 0.06, 0.03, -0.96
Gyro: -1.63, -0.99, 0.76
Accel: 0.05, 0.04, -0.96
Gyro: -2.60, -0.79, 0.24
Accel: 0.05, 0.04, -0.96
Gyro: -3.23, -0.12, -0.04
Accel: 0.05, 0.04, -0.97
Gyro: -3.48, 0.60, -0.17
Accel: 0.05, 0.05, -0.97
Gyro: -3.55, 0.66, 0.02
Accel: 0.06, 0.05, -0.96
Gyro: -3.80, 0.54, 0.34
Accel: 0.06, 0.05, -0.96
Gyro: -3.81, 0.63, 0.47
Accel: 0.05, 0.05, -0.96
Gyro: -3.29, 0.19, 0.39
Accel: 0.05, 0.06, -0.96
Gyro: -2.86, 0.09, 0.12
Accel: 0.05, 0.06, -0.96
Gyro: -2.10, -0.30, 0.06
Accel: 0.06, 0.06, -0.97
Gyro: -1.43, -0.18, 0.36
Accel: 0.05, 0.05, -0.96
Gyro: -1.34, 0.48, 1.16
Accel: 0.05, 0.04, -0.96
Gyro: -2.82, 0.86, 0.86
Accel: 0.06, 0.06, -0.96
Gyro: -1.18, 1.35, 1.55
