Accel: -0.28, -0.07, -0.92
Gyro: -1.63, 0.54, -0.85
Accel: -0.29, -0.07, -0.94
Gyro: -1.86, 0.85, -0.67
Accel: -0.28, -0.08, -0.93
Gyro: -2.78, 0.57, -1.14
Accel: -0.28, -0.06, -0.93
Gyro: -1.54, 1.00, -0.89
Accel: -0.29, -0.08, -0.94
Gyro: -0.95, -0.01, -0.68
Accel: -0.28, -0.07, -0.92
Gyro: -1.27, 0.40, -0.89
Accel: -0.29, -0.07, -0.93
Gyro: -2.21, 0.67, -0.68
Accel: -0.27, -0.08, -0.93
Gyro: -1.52, 1.00, -0.57
Accel: -0.27, -0.07, -0.92
Gyro: -1.36, 0.45, -0.81
Accel: -0.28, -0.08, -0.93
Gyro: -0.95, -0.11, -0.49
Accel: -0.28, -0.07, -0.94
Gyro: -0.85, 0.10, -0.27
Accel: -0.28, -0.07, -0.93
Gyro: -1.96, 0.05, -0.82
Accel: -0.28, -0.07, -0.91
Gyro: -0.24, -1.14, -0.39
Accel: -0.28, -0.08, -0.93
Gyro: -1.30, -2.10, -0.67
Accel: -0.28, -0.07, -0.93
Gyro: -1.59, -2.33, -0.72
Accel: -0.28, -0.07, -0.93
Gyro: -1.27, -2.37, -0.25
Accel: -0.29, -0.08, -0.94
Gyro: -1.05, -2.17, -0.08
Accel: -0.29, -0.08, -0.93
Gyro: -0.76, -1.75, -0.26
Accel: -0.28, -0.08, -0.93
Gyro: -0.66, -1.12, -0.40
Accel: -0.29, -0.08, -0.94
Gyro: -1.07, -0.53, -0.59
Accel: -0.29, -0.08, -0.93
Gyro: -1.58, -0.72, -1.04
Accel: -0.29, -0.08, -0.94
Gyro: -1.85, -0.35, -1.14
Accel: -0.29, -0.07, -0.93
Gyro: -1.81, -0.43, -1.24
Accel: -0.28, -0.06, -0.93
Gyro: -1.64, -0.55, -0.63
Accel: -0.28, -0.06, -0.93
Gyro: -0.78, -0.66, 0.41
Accel: -0.29, -0.02, -0.93
Gyro: 0.65, -1.10, 2.67
Accel: -0.30, 0.02, -0.94
Gyro: 6.66, -0.05, 10.07
Accel: -0.30, 0.04, -0.94
Gyro: 14.29, 0.43, 18.42
Accel: -0.32, 0.12, -0.95
Gyro: 24.56, 3.22, 31.59
Accel: -0.34, 0.07, -0.98
Gyro: 35.42, 9.83, 51.59
Accel: -0.38, 0.04, -1.04
Gyro: 32.39, 22.64, 68.18
Accel: -0.42, -0.04, -1.08
Gyro: 31.95, 39.73, 82.11
Accel: -0.44, -0.08, -1.12
Gyro: 29.38, 64.66, 86.69
Accel: -0.43, -0.17, -1.17
Gyro: 33.30, 89.13, 86.65
Accel: -0.42, -0.24, -1.22
Gyro: 26.61, 121.99, 74.93
Accel: -0.30, -0.26, -1.07
Gyro: 22.51, 152.07, 60.43
Accel: -0.15, -0.33, -0.85
Gyro: 28.47, 144.21, 40.08
Accel: -0.14, -0.35, -0.98
Gyro: 18.98, 156.17, 14.87
Accel: 0.08, -0.39, -0.63
Gyro: 23.80, 138.87, -10.19
Accel: 0.13, -0.55, -0.79
Gyro: 21.48, 108.76, -44.95
Accel: 0.25, -0.39, -0.69
Gyro: 7.60, 96.48, -81.30
Accel: 0.36, -0.42, -0.66
Gyro: 26.78, 64.98, -108.47
Accel: 0.31, -0.41, -0.82
Gyro: 25.46, 50.05, -136.12
Accel: 0.37, -0.30, -0.74
Gyro: 20.38, 35.53, -156.02
Accel: 0.41, -0.20, -0.77
Gyro: 24.41, 20.33, -158.31
Accel: 0.41, -0.20, -0.75
Gyro: 24.57, 8.10, -171.68
Accel: 0.46, -0.04, -0.77
Gyro: 19.20, -4.52, -166.56
Accel: 0.53, 0.05, -0.63
Gyro: -0.33, -25.82, -149.19
Accel: 0.55, 0.18, -0.54
Gyro: 14.95, -59.43, -127.91
Accel: 0.51, 0.12, -0.49
Gyro: 35.40, -101.57, -103.56
Accel: 0.41, 0.11, -0.53
Gyro: 26.25, -148.88, -83.21
Accel: 0.22, 0.17, -0.81
Gyro: 16.54, -166.42, -50.85
Accel: 0.13, 0.28, -0.99
Gyro: 1.10, -158.45, -15.85
Accel: 0.05, 0.22, -1.03
Gyro: -3.03, -144.45, 19.28
Accel: -0.04, 0.23, -1.05
Gyro: -2.20, -130.58, 45.18
Accel: -0.14, 0.17, -1.07
Gyro: -0.02, -111.71, 68.60
Accel: -0.19, 0.16, -1.03
Gyro: 4.80, -98.86, 86.79
Accel: -0.30, -0.03, -1.05
Gyro: 16.47, -87.43, 92.52
Accel: -0.41, -0.09, -1.07
Gyro: 35.64, -65.03, 81.95
Accel: -0.40, -0.11, -1.03
Gyro: 21.53, -47.25, 70.98
Accel: -0.40, -0.13, -1.04
Gyro: 8.26, -29.93, 58.26
Accel: -0.38, -0.10, -0.98
Gyro: 11.43, -19.68, 44.75
Accel: -0.38, -0.09, -0.98
Gyro: 6.32, -15.42, 34.35
Accel: -0.37, -0.08, -0.97
Gyro: -0.64, -7.74, 28.01
Accel: -0.35, -0.06, -0.92
Gyro: 2.34, -4.97, 23.10
Accel: -0.33, -0.06, -0.91
Gyro: 4.91, -5.59, 18.69
Accel: -0.34, -0.06, -0.94
Gyro: 5.36, -4.14, 14.56
Accel: -0.32, -0.07, -0.92
Gyro: 2.61, -3.06, 10.22
Accel: -0.33, -0.06, -0.93
Gyro: 0.31, -2.87, 6.38
Accel: -0.32, -0.05, -0.94
Gyro: -0.72, -2.12, 3.64
Accel: -0.33, -0.06, -0.95
Gyro: -0.34, -0.57, 1.26
Accel: -0.31, -0.05, -0.93
Gyro: -3.79, 0.38, -0.16
Accel: -0.31, -0.04, -0.95
Gyro: -3.58, 0.27, -1.44
Accel: -0.30, -0.03, -0.96
Gyro: -3.59, 1.73, -2.11
Accel: -0.29, -0.02, -0.96
Gyro: -2.55, 3.15, -2.04
Accel: -0.28, -0.01, -0.94
Gyro: 0.37, 4.49, -0.06
Accel: -0.28, -0.03, -0.94
Gyro: 1.44, 3.85, 1.08
Accel: -0.28, -0.03, -0.93
Gyro: 0.68, 3.38, 1.17
Accel: -0.27, -0.04, -0.92
Gyro: 1.24, 2.68, 1.01
Accel: -0.27, -0.05, -0.93
Gyro: 1.11, 1.50, 0.55
Accel: -0.27, -0.04, -0.92
Gyro: 0.00, 0.66, 0.30
Accel: -0.28, -0.05, -0.92
Gyro: -0.05, -0.55, 0.33
Accel: -0.28, -0.05, -0.92
Gyro: -0.31, -2.44, -0.13
Accel: -0.30, -0.04, -0.93
Gyro: -0.36, -2.11, -0.08
Accel: -0.30, -0.04, -0.93
Gyro: 0.58, -3.01, 0.43
Accel: -0.30, -0.04, -0.93
Gyro: -0.66, -2.75, 0.31
Accel: -0.31, -0.05, -0.92
Gyro: -0.76, -2.36, 0.52
Accel: -0.31, -0.05, -0.94
Gyro: -1.07, -1.21, 0.32
Accel: -0.30, -0.05, -0.94
Gyro: -1.26, -0.61, -0.18
Accel: -0.30, -0.04, -0.94
Gyro: -1.69, 0.14, -0.38
Accel: -0.30, -0.05, -0.93
Gyro: -1.72, 0.94, -0.69
Accel: -0.28, -0.05, -0.93
Gyro: -2.25, 0.91, -0.77
Accel: -0.28, -0.04, -0.94
Gyro: -1.95, 0.59, -0.92
Accel: -0.28, -0.04, -0.95
Gyro: -1.72, 0.70, -1.02
Accel: -0.28, -0.04, -0.93
Gyro: -1.25, 0.60, -1.04
Accel: -0.28, -0.04, -0.93
Gyro: -1.31, 0.52, -0.94
Accel: -0.28, -0.05, -0.94
Gyro: -1.91, -0.08, -0.70
Accel: -0.27, -0.05, -0.93
Gyro: -2.46, -0.24, -0.52
Accel: -0.28, -0.05, -0.92
Gyro: -3.80, -0.92, -1.54
Accel: -0.28, -0.03, -0.93
Gyro: -2.54, -1.29, -1.89
Accel: -0.29, -0.04, -0.93
Gyro: -1.65, -2.08, -1.48
