Accel: -0.24, -0.08, -0.94
Gyro: -2.48, 1.28, -2.19
Accel: -0.25, -0.07, -0.94
Gyro: -3.66, 1.01, -3.07
Accel: -0.24, -0.06, -0.93
Gyro: -3.88, 1.08, -3.23
Accel: -0.24, -0.05, -0.93
Gyro: -2.82, 1.24, -2.22
Accel: -0.24, -0.05, -0.94
Gyro: -2.91, 1.72, -1.60
Accel: -0.24, -0.05, -0.93
Gyro: -2.47, 1.56, -1.61
Accel: -0.24, -0.06, -0.95
Gyro: -2.30, 1.98, -1.69
Accel: -0.23, -0.06, -0.93
Gyro: -2.05, 1.76, -2.08
Accel: -0.23, -0.06, -0.92
Gyro: -2.08, 0.87, -2.00
Accel: -0.23, -0.06, -0.92
Gyro: -2.46, 0.40, -1.69
Accel: -0.23, -0.05, -0.94
Gyro: -2.60, 0.19, -1.23
Accel: -0.23, -0.06, -0.94
Gyro: -3.04, 0.46, -0.98
Accel: -0.23, -0.04, -0.93
Gyro: -2.25, 0.92, -1.17
Accel: -0.23, -0.05, -0.93
Gyro: -0.39, -0.31, -0.33
Accel: -0.23, -0.06, -0.94
Gyro: -0.22, -0.62, 0.27
Accel: -0.23, -0.05, -0.93
Gyro: -0.55, -0.02, 1.55
Accel: -0.22, -0.05, -0.93
Gyro: 0.94, -0.61, 2.78
Accel: -0.23, -0.05, -0.94
Gyro: 1.66, -0.84, 3.83
Accel: -0.23, -0.03, -0.94
Gyro: 3.72, -0.60, 6.14
Accel: -0.24, -0.03, -0.96
Gyro: 5.17, 0.79, 9.99
Accel: -0.25, -0.01, -0.96
Gyro: 6.85, 3.43, 15.24
Accel: -0.25, -0.01, -0.97
Gyro: 10.15, 8.00, 21.78
Accel: -0.27, -0.00, -0.99
Gyro: 12.88, 13.44, 29.00
Accel: -0.26, -0.01, -0.98
Gyro: 14.92, 20.34, 36.19
Accel: -0.24, -0.01, -0.96
Gyro: 16.95, 22.59, 41.52
Accel: -0.26, -0.01, -1.00
Gyro: 19.39, 28.08, 47.65
Accel: -0.27, -0.05, -1.03
Gyro: 23.10, 37.85, 52.52
Accel: -0.30, -0.10, -1.11
Gyro: 24.67, 56.53, 52.55
Accel: -0.32, -0.14, -1.19
Gyro: 29.14, 83.50, 48.48
Accel: -0.29, -0.21, -1.15
Gyro: 34.45, 112.34, 40.54
Accel: -0.16, -0.34, -0.99
Gyro: 30.69, 126.28, 25.48
Accel: -0.06, -0.35, -0.93
Gyro: 19.91, 133.13, 6.30
Accel: 0.03, -0.36, -0.88
Gyro: 17.07, 136.62, -14.88
Accel: 0.12, -0.38, -0.84
Gyro: 24.00, 125.93, -37.28
Accel: 0.24, -0.41, -0.72
Gyro: 19.72, 119.80, -63.88
Accel: 0.31, -0.35, -0.68
Gyro: 25.04, 104.59, -92.00
Accel: 0.46, -0.32, -0.56
Gyro: 39.03, 69.06, -114.29
Accel: 0.46, -0.35, -0.69
Gyro: 40.13, 40.21, -135.00
Accel: 0.50, -0.21, -0.67
Gyro: 40.59, 18.88, -150.95
Accel: 0.48, -0.26, -0.73
Gyro: 44.82, 0.42, -157.97
Accel: 0.49, -0.13, -0.71
Gyro: 36.90, -12.23, -165.45
Accel: 0.52, -0.07, -0.69
Gyro: 42.47, -28.59, -155.73
Accel: 0.47, -0.11, -0.78
Gyro: 41.03, -41.37, -152.91
Accel: 0.46, 0.03, -0.82
Gyro: 41.07, -45.15, -144.49
Accel: 0.53, 0.11, -0.68
Gyro: 43.85, -59.06, -121.14
Accel: 0.52, 0.14, -0.58
Gyro: 44.44, -92.45, -84.06
Accel: 0.43, 0.15, -0.65
Gyro: 27.37, -120.03, -43.98
Accel: 0.32, 0.16, -0.72
Gyro: 19.37, -134.72, -2.67
Accel: 0.21, 0.09, -0.67
Gyro: 10.76, -152.46, 27.57
Accel: 0.06, 0.07, -0.82
Gyro: -1.05, -164.68, 52.47
Accel: -0.05, 0.09, -0.95
Gyro: -12.76, -161.28, 72.65
Accel: -0.19, 0.04, -0.99
Gyro: -8.33, -151.15, 86.11
Accel: -0.31, 0.07, -1.11
Gyro: 0.72, -132.06, 97.61
Accel: -0.43, 0.00, -1.15
Gyro: 12.26, -102.01, 110.31
Accel: -0.47, -0.08, -1.24
Gyro: 10.21, -63.00, 104.27
Accel: -0.46, -0.04, -1.06
Gyro: 20.13, -38.86, 99.82
Accel: -0.44, -0.09, -1.05
Gyro: 9.16, -24.15, 96.44
Accel: -0.43, -0.08, -1.00
Gyro: 9.77, -13.08, 86.63
Accel: -0.38, -0.07, -0.96
Gyro: 13.63, -6.52, 80.25
Accel: -0.37, -0.13, -0.93
Gyro: 10.25, -3.01, 70.78
Accel: -0.37, -0.14, -0.93
Gyro: 10.34, -0.63, 59.79
Accel: -0.36, -0.15, -0.92
Gyro: 9.34, 1.76, 47.91
Accel: -0.36, -0.18, -0.94
Gyro: 1.35, 5.59, 34.81
Accel: -0.34, -0.15, -0.89
Gyro: -2.65, 5.65, 24.15
Accel: -0.32, -0.12, -0.89
Gyro: -4.44, 2.86, 14.70
Accel: -0.33, -0.09, -0.92
Gyro: -3.49, 1.77, 8.54
Accel: -0.33, -0.08, -0.92
Gyro: -2.00, 1.77, 3.47
Accel: -0.33, -0.07, -0.92
Gyro: -0.80, 2.71, 0.66
Accel: -0.32, -0.06, -0.94
Gyro: -0.64, 3.52, -2.01
Accel: -0.31, -0.06, -0.93
Gyro: -0.88, 5.04, -4.20
Accel: -0.30, -0.05, -0.93
Gyro: -0.76, 5.91, -5.64
Accel: -0.28, -0.05, -0.93
Gyro: 0.02, 6.44, -6.05
Accel: -0.28, -0.05, -0.93
Gyro: 1.04, 7.36, -5.80
Accel: -0.27, -0.06, -0.92
Gyro: -0.16, 8.29, -4.03
Accel: -0.26, -0.05, -0.92
Gyro: -3.53, 9.09, -2.30
Accel: -0.28, -0.01, -0.93
Gyro: -6.71, 7.61, 3.88
Accel: -0.24, -0.03, -0.93
Gyro: -8.16, 8.20, 6.62
Accel: -0.26, -0.07, -0.91
Gyro: -6.71, 8.39, 5.83
Accel: -0.24, -0.07, -0.94
Gyro: -4.59, 6.27, 1.55
Accel: -0.25, -0.07, -0.92
Gyro: -2.43, 4.89, -3.46
Accel: -0.26, -0.06, -0.93
Gyro: -3.01, 5.04, -7.45
Accel: -0.25, -0.02, -0.94
Gyro: -2.58, 4.62, -9.03
Accel: -0.25, -0.02, -0.93
Gyro: -1.85, 4.09, -7.44
Accel: -0.25, -0.03, -0.93
Gyro: -3.40, 4.11, -5.09
Accel: -0.24, -0.01, -0.93
Gyro: -5.39, 3.92, -3.31
Accel: -0.24, -0.03, -0.94
Gyro: -4.07, 4.12, -2.45
Accel: -0.25, -0.03, -0.94
Gyro: -5.14, 5.79, -2.98
Accel: -0.24, -0.03, -0.94
Gyro: -4.15, 6.12, -3.81
Accel: -0.23, -0.04, -0.93
Gyro: -4.17, 5.48, -4.24
Accel: -0.23, -0.03, -0.94
Gyro: -3.81, 4.71, -4.66
Accel: -0.23, -0.02, -0.95
Gyro: -3.23, 5.16, -4.14
Accel: -0.22, -0.04, -0.94
Gyro: -3.31, 5.32, -3.92
Accel: -0.22, -0.03, -0.94
Gyro: -4.04, 5.07, -3.90
Accel: -0.20, -0.02, -0.93
Gyro: -2.90, 3.60, -3.20
Accel: -0.20, -0.02, -0.93
Gyro: -2.18, 1.63, -2.83
Accel: -0.20, -0.02, -0.93
Gyro: -1.75, -0.04, -2.54
Accel: -0.20, -0.02, -0.94
Gyro: -1.20, -0.98, -1.24
Accel: -0.21, -0.02, -0.94
Gyro: -1.52, -1.03, -0.27
Accel: -0.22, -0.03, -0.95
Gyro: -1.83, -0.12, 1.72
Accel: -0.22, -0.04, -0.95
Gyro: -1.87, 0.41, 2.50
Accel: -0.21, -0.04, -0.94
Gyro: -3.23, -0.12, 0.80
