Accel: -0.27, -0.04, -0.93
Gyro: -1.82, -0.53, -0.76
Accel: -0.27, -0.04, -0.93
Gyro: -1.76, 0.23, -0.37
Accel: -0.27, -0.05, -0.94
Gyro: -2.07, 0.90, -0.73
Accel: -0.27, -0.05, -0.94
Gyro: -2.01, 1.32, -2.18
Accel: -0.26, -0.05, -0.93
Gyro: -1.25, 0.95, -2.74
Accel: -0.26, -0.05, -0.93
Gyro: -1.99, 0.74, -3.11
Accel: -0.26, -0.05, -0.93
Gyro: -2.85, 0.67, -3.20
Accel: -0.27, -0.05, -0.94
Gyro: -2.77, 0.73, -3.22
Accel: -0.26, -0.04, -0.92
Gyro: -2.29, 1.59, -3.29
Accel: -0.25, -0.03, -0.92
Gyro: -0.95, 1.05, -3.36
Accel: -0.26, -0.04, -0.93
Gyro: 0.24, -0.11, -3.19
Accel: -0.26, -0.04, -0.94
Gyro: -0.39, 0.89, -2.33
Accel: -0.25, -0.03, -0.93
Gyro: 0.23, 1.85, -0.65
Accel: -0.25, -0.05, -0.93
Gyro: 0.09, 1.36, 0.63
Accel: -0.25, -0.06, -0.93
Gyro: -0.27, 0.85, 0.43
Accel: -0.25, -0.05, -0.93
Gyro: -1.27, 1.20, 0.26
Accel: -0.25, -0.04, -0.94
Gyro: 0.26, 1.15, 0.21
Accel: -0.25, -0.04, -0.93
Gyro: 1.04, 1.21, 0.62
Accel: -0.24, -0.05, -0.92
Gyro: 3.34, 0.10, -1.28
Accel: -0.25, 0.00, -0.93
Gyro: 9.07, -0.47, -1.38
Accel: -0.25, 0.04, -0.94
Gyro: 17.42, -0.54, 3.21
Accel: -0.26, 0.05, -0.95
Gyro: 21.88, 1.50, 12.54
Accel: -0.30, 0.06, -0.99
Gyro: 23.48, 6.43, 26.17
Accel: -0.30, 0.01, -0.99
Gyro: 25.25, 15.27, 38.15
Accel: -0.34, 0.03, -1.04
Gyro: 29.78, 24.64, 47.45
Accel: -0.33, -0.04, -1.01
Gyro: 32.83, 39.96, 59.77
Accel: -0.32, -0.12, -1.01
Gyro: 33.48, 49.95, 62.11
Accel: -0.30, -0.17, -1.04
Gyro: 31.94, 60.70, 59.81
Accel: -0.31, -0.21, -1.11
Gyro: 26.76, 83.83, 55.17
Accel: -0.21, -0.28, -0.95
Gyro: 31.36, 92.19, 43.97
Accel: -0.22, -0.37, -1.12
Gyro: 27.57, 111.42, 25.00
Accel: -0.07, -0.41, -0.83
Gyro: 27.28, 116.90, -1.19
Accel: -0.05, -0.45, -1.02
Gyro: 26.89, 122.10, -33.50
Accel: 0.03, -0.43, -0.85
Gyro: 18.62, 128.68, -61.37
Accel: 0.15, -0.32, -0.83
Gyro: 24.40, 121.49, -81.70
Accel: 0.29, -0.33, -0.65
Gyro: 35.05, 96.75, -92.90
Accel: 0.36, -0.38, -0.70
Gyro: 32.01, 74.30, -110.89
Accel: 0.43, -0.28, -0.63
Gyro: 29.43, 47.55, -122.82
Accel: 0.46, -0.30, -0.69
Gyro: 30.33, 22.74, -129.65
Accel: 0.47, -0.29, -0.73
Gyro: 26.96, 7.58, -140.52
Accel: 0.47, -0.22, -0.72
Gyro: 24.05, -4.65, -146.49
Accel: 0.51, -0.18, -0.71
Gyro: 24.77, -22.38, -152.15
Accel: 0.50, -0.11, -0.68
Gyro: 28.47, -42.35, -151.73
Accel: 0.48, -0.06, -0.72
Gyro: 37.25, -63.29, -147.39
Accel: 0.45, 0.00, -0.71
Gyro: 45.34, -81.31, -135.38
Accel: 0.41, 0.07, -0.75
Gyro: 44.20, -96.21, -113.88
Accel: 0.38, 0.16, -0.67
Gyro: 38.60, -114.23, -75.57
Accel: 0.31, 0.18, -0.71
Gyro: 25.51, -137.86, -25.17
Accel: 0.17, 0.17, -0.90
Gyro: 12.72, -143.86, 24.36
Accel: 0.04, 0.09, -0.93
Gyro: -4.26, -135.41, 59.33
Accel: -0.06, -0.01, -0.97
Gyro: -10.72, -130.74, 79.62
Accel: -0.17, 0.00, -1.00
Gyro: -8.31, -123.48, 87.95
Accel: -0.28, -0.03, -1.10
Gyro: -2.51, -106.70, 95.34
Accel: -0.33, -0.03, -1.16
Gyro: 3.79, -80.51, 98.46
Accel: -0.35, -0.02, -1.05
Gyro: 14.53, -60.65, 104.94
Accel: -0.40, -0.14, -1.12
Gyro: 16.95, -41.32, 101.70
Accel: -0.39, -0.04, -1.06
Gyro: 4.39, -22.81, 98.28
Accel: -0.37, -0.06, -0.97
Gyro: 8.35, -12.73, 103.36
Accel: -0.37, -0.12, -0.94
Gyro: 4.85, -7.53, 99.40
Accel: -0.31, -0.11, -0.95
Gyro: 4.97, -1.69, 91.49
Accel: -0.35, -0.17, -0.92
Gyro: 3.14, -2.82, 82.16
Accel: -0.31, -0.24, -0.91
Gyro: 0.36, -1.78, 62.70
Accel: -0.33, -0.21, -0.96
Gyro: 5.55, -0.02, 45.18
Accel: -0.34, -0.19, -0.92
Gyro: 2.14, 1.45, 26.13
Accel: -0.33, -0.17, -0.93
Gyro: 3.98, 2.59, 12.13
Accel: -0.32, -0.14, -0.92
Gyro: 1.09, 3.01, 2.29
Accel: -0.31, -0.07, -0.93
Gyro: -0.39, 2.89, -1.43
Accel: -0.30, -0.04, -0.96
Gyro: 0.69, 4.42, 5.71
Accel: -0.29, -0.17, -0.96
Gyro: -3.00, 10.50, -3.78
Accel: -0.28, -0.07, -0.90
Gyro: -0.47, 7.94, -10.58
Accel: -0.26, -0.04, -0.90
Gyro: -1.19, 4.86, -8.59
Accel: -0.27, -0.05, -0.92
Gyro: -2.15, 2.88, -4.52
Accel: -0.27, -0.07, -0.92
Gyro: -3.65, 2.03, -3.72
Accel: -0.26, -0.09, -0.91
Gyro: -1.87, 2.04, -5.73
Accel: -0.25, -0.10, -0.92
Gyro: 1.53, -1.37, -9.59
Accel: -0.25, -0.07, -0.94
Gyro: -0.58, -0.69, -10.16
Accel: -0.26, -0.05, -0.94
Gyro: -2.03, 0.10, -7.37
Accel: -0.27, -0.06, -0.94
Gyro: -3.28, -0.11, -4.78
Accel: -0.27, -0.07, -0.92
Gyro: -3.66, 0.67, -3.46
Accel: -0.26, -0.07, -0.92
Gyro: -3.41, -0.08, -3.68
Accel: -0.27, -0.06, -0.94
Gyro: -3.30, -0.80, -4.03
Accel: -0.26, -0.06, -0.92
Gyro: -3.27, -0.76, -3.60
Accel: -0.27, -0.06, -0.93
Gyro: -3.28, -0.74, -2.82
Accel: -0.27, -0.06, -0.93
Gyro: -3.62, -0.19, -2.44
Accel: -0.27, -0.06, -0.93
Gyro: -4.04, 0.21, -2.45
Accel: -0.27, -0.06, -0.93
Gyro: -3.33, 0.14, -2.12
Accel: -0.27, -0.06, -0.93
Gyro: -3.05, 0.25, -1.82
Accel: -0.27, -0.07, -0.93
Gyro: -3.63, 1.34, -1.43
Accel: -0.27, -0.07, -0.93
Gyro: -5.02, 0.66, -1.82
Accel: -0.27, -0.06, -0.94
Gyro: -5.32, 0.71, -2.40
Accel: -0.27, -0.06, -0.95
Gyro: -4.80, 2.40, -2.56
Accel: -0.26, -0.05, -0.93
Gyro: -3.01, 3.38, -2.77
Accel: -0.26, -0.05, -0.93
Gyro: -0.86, 2.67, -1.51
Accel: -0.26, -0.06, -0.94
Gyro: -1.56, 2.62, -0.54
Accel: -0.26, -0.06, -0.93
Gyro: -2.34, 2.67, 0.05
Accel: -0.26, -0.07, -0.93
Gyro: -1.64, 2.52, -0.23
Accel: -0.25, -0.08, -0.93
Gyro: -1.10, 2.30, -1.46
Accel: -0.24, -0.07, -0.93
Gyro: -1.74, 2.47, -1.98
Accel: -0.24, -0.07, -0.94
Gyro: -1.40, 1.78, -1.70
Accel: -0.24, -0.07, -0.94
Gyro: -2.20, 2.11, -1.53
Accel: -0.25, -0.08, -0.93
Gyro: -1.03, 1.51, -1.24
