Accel: -0.24, -0.06, -0.94
Gyro: -0.89, 1.80, -1.84
Accel: -0.23, -0.05, -0.93
Gyro: -1.47, 1.86, -1.66
Accel: -0.23, -0.05, -0.94
Gyro: -1.56, 1.82, -1.63
Accel: -0.24, -0.05, -0.94
Gyro: -0.89, 1.98, -1.02
Accel: -0.23, -0.06, -0.93
Gyro: -0.80, 1.22, -0.52
Accel: -0.23, -0.06, -0.93
Gyro: -1.02, 0.65, 0.02
Accel: -0.23, -0.07, -0.93
Gyro: -1.25, 0.24, -0.15
Accel: -0.24, -0.06, -0.93
Gyro: -1.34, -0.20, -0.53
Accel: -0.23, -0.07, -0.93
Gyro: -1.36, -0.40, -1.22
Accel: -0.23, -0.06, -0.95
Gyro: -1.73, -0.37, -1.40
Accel: -0.24, -0.06, -0.94
Gyro: -1.69, 0.04, -1.44
Accel: -0.23, -0.07, -0.94
Gyro: -3.35, 0.72, -1.63
Accel: -0.23, -0.06, -0.94
Gyro: -2.87, 0.56, -2.19
Accel: -0.24, -0.06, -0.93
Gyro: -1.84, -0.63, -2.22
Accel: -0.23, -0.07, -0.93
Gyro: -3.12, -0.89, -2.81
Accel: -0.23, -0.06, -0.94
Gyro: -4.47, -0.47, -3.22
Accel: -0.24, -0.05, -0.94
Gyro: -4.08, 0.13, -3.20
Accel: -0.23, -0.05, -0.94
Gyro: -4.14, 0.96, -3.31
Accel: -0.23, -0.05, -0.93
Gyro: -3.68, 0.44, -2.77
Accel: -0.22, -0.05, -0.94
Gyro: -3.21, 0.16, -2.05
Accel: -0.23, -0.05, -0.95
Gyro: -3.69, 0.56, -1.85
Accel: -0.22, -0.04, -0.94
Gyro: -2.18, 0.60, -1.35
Accel: -0.22, -0.05, -0.94
Gyro: -1.55, 0.05, -1.53
Accel: -0.22, -0.04, -0.95
Gyro: -2.56, 0.38, -1.56
Accel: -0.22, -0.05, -0.94
Gyro: -1.46, -0.15, -1.00
Accel: -0.22, -0.04, -0.94
Gyro: -1.43, -0.05, -0.42
Accel: -0.22, -0.05, -0.94
Gyro: -1.06, 0.01, -0.13
Accel: -0.22, -0.05, -0.94
Gyro: -0.14, -0.35, 0.40
Accel: -0.22, -0.05, -0.95
Gyro: 0.34, -0.62, 1.55
Accel: -0.22, -0.01, -0.95
Gyro: 1.21, -0.70, 3.82
Accel: -0.24, 0.08, -0.96
Gyro: 4.14, 1.41, 14.92
Accel: -0.24, 0.06, -0.97
Gyro: 6.15, 4.60, 30.52
Accel: -0.26, 0.05, -0.99
Gyro: 6.65, 9.40, 42.80
Accel: -0.30, 0.09, -1.08
Gyro: 8.51, 20.98, 56.30
Accel: -0.31, 0.06, -1.07
Gyro: 10.71, 39.66, 71.75
Accel: -0.33, -0.00, -1.14
Gyro: 12.53, 53.42, 79.21
Accel: -0.51, -0.02, -1.57
Gyro: 8.83, 105.93, 83.42
Accel: -0.29, -0.03, -0.91
Gyro: 10.91, 141.58, 90.42
Accel: -0.16, -0.17, -0.91
Gyro: 18.79, 137.50, 87.09
Accel: -0.03, -0.21, -0.81
Gyro: 1.71, 130.78, 76.64
Accel: 0.02, -0.22, -0.96
Gyro: -7.49, 133.24, 61.81
Accel: 0.15, -0.26, -0.77
Gyro: -0.36, 123.35, 46.97
Accel: 0.19, -0.32, -0.82
Gyro: 0.47, 112.40, 20.51
Accel: 0.28, -0.30, -0.82
Gyro: 9.88, 105.67, -14.34
Accel: 0.39, -0.29, -0.73
Gyro: 31.36, 86.58, -49.82
Accel: 0.43, -0.32, -0.75
Gyro: 44.51, 64.61, -87.74
Accel: 0.48, -0.22, -0.73
Gyro: 51.39, 47.86, -118.15
Accel: 0.48, -0.30, -0.77
Gyro: 63.49, 28.51, -143.70
Accel: 0.50, -0.25, -0.73
Gyro: 64.71, 11.83, -171.82
Accel: 0.50, -0.13, -0.69
Gyro: 66.73, -6.02, -188.48
Accel: 0.52, -0.01, -0.70
Gyro: 74.46, -23.41, -190.82
Accel: 0.50, 0.01, -0.74
Gyro: 80.36, -38.06, -181.71
Accel: 0.51, 0.00, -0.70
Gyro: 78.98, -54.05, -166.91
Accel: 0.48, 0.01, -0.61
Gyro: 68.63, -80.38, -153.92
Accel: 0.44, 0.15, -0.60
Gyro: 69.98, -115.62, -125.92
Accel: 0.34, 0.08, -0.66
Gyro: 54.89, -142.65, -88.49
Accel: 0.26, 0.13, -0.83
Gyro: 31.41, -156.05, -54.63
Accel: 0.14, 0.19, -1.07
Gyro: 10.96, -145.69, -8.86
Accel: 0.07, 0.13, -0.96
Gyro: -1.98, -130.98, 26.88
Accel: -0.03, 0.11, -1.01
Gyro: -0.57, -122.76, 50.87
Accel: -0.13, -0.03, -1.02
Gyro: 2.54, -110.34, 62.73
Accel: -0.20, -0.05, -1.03
Gyro: 7.00, -97.08, 60.43
Accel: -0.25, 0.05, -1.03
Gyro: 16.35, -82.44, 67.71
Accel: -0.30, 0.00, -1.06
Gyro: 19.60, -67.02, 83.01
Accel: -0.34, -0.03, -1.10
Gyro: 10.44, -48.39, 87.55
Accel: -0.36, -0.02, -1.05
Gyro: 6.84, -33.35, 94.29
Accel: -0.37, -0.04, -1.01
Gyro: 3.33, -21.07, 97.64
Accel: -0.37, -0.08, -0.99
Gyro: 3.64, -11.82, 97.54
Accel: -0.36, -0.12, -0.97
Gyro: 2.42, -4.31, 90.85
Accel: -0.35, -0.15, -0.91
Gyro: 7.50, -3.25, 78.67
Accel: -0.33, -0.18, -0.93
Gyro: -0.80, 2.47, 60.40
Accel: -0.32, -0.17, -0.93
Gyro: 6.59, 2.77, 43.00
Accel: -0.30, -0.16, -0.93
Gyro: 5.22, 4.52, 28.42
Accel: -0.29, -0.13, -0.91
Gyro: 3.07, 3.21, 16.86
Accel: -0.28, -0.12, -0.92
Gyro: 3.38, 3.07, 9.01
Accel: -0.28, -0.08, -0.91
Gyro: -1.15, 2.65, 3.71
Accel: -0.27, -0.09, -0.93
Gyro: 2.55, 0.57, -0.43
Accel: -0.27, -0.06, -0.92
Gyro: -1.21, 1.21, -2.66
Accel: -0.27, -0.05, -0.94
Gyro: -1.27, 1.06, -3.76
Accel: -0.26, -0.04, -0.94
Gyro: -1.35, 2.09, -3.97
Accel: -0.27, -0.05, -0.95
Gyro: -2.60, 3.77, -2.64
Accel: -0.25, -0.05, -0.94
Gyro: -3.77, 4.42, -2.14
Accel: -0.25, -0.04, -0.93
Gyro: -1.37, 4.41, -1.45
Accel: -0.25, -0.05, -0.93
Gyro: -1.69, 3.69, -1.18
Accel: -0.24, -0.06, -0.93
Gyro: -1.15, 2.37, -1.49
Accel: -0.24, -0.05, -0.93
Gyro: -1.07, 1.90, -1.26
Accel: -0.24, -0.06, -0.92
Gyro: -0.63, 1.88, -1.61
Accel: -0.25, -0.07, -0.92
Gyro: -1.02, 1.30, -2.27
Accel: -0.24, -0.05, -0.93
Gyro: -2.12, 0.45, -2.52
Accel: -0.25, -0.06, -0.93
Gyro: -3.05, 0.60, -2.60
Accel: -0.24, -0.05, -0.94
Gyro: -2.70, 0.58, -2.68
Accel: -0.25, -0.04, -0.93
Gyro: -2.46, 0.58, -2.27
Accel: -0.25, -0.05, -0.94
Gyro: -2.97, 0.70, -2.36
Accel: -0.25, -0.04, -0.93
Gyro: -2.83, 1.38, -1.98
Accel: -0.24, -0.04, -0.94
Gyro: -1.85, 1.43, -1.92
Accel: -0.24, -0.04, -0.94
Gyro: -0.92, 1.92, -1.64
Accel: -0.25, -0.04, -0.94
Gyro: -1.06, 2.29, -1.42
Accel: -0.23, -0.04, -0.94
Gyro: -1.41, 2.43, -0.92
Accel: -0.23, -0.05, -0.94
Gyro: -1.49, 2.37, -0.56
Accel: -0.23, -0.05, -0.93
Gyro: -1.16, 1.65, -0.44
Accel: -0.23, -0.05, -0.94
Gyro: -0.66, 1.10, -0.14
