Accel: -0.22, -0.09, -0.94
Gyro: -1.12, 0.33, -1.08
Accel: -0.22, -0.10, -0.94
Gyro: 0.78, 0.27, -0.69
Accel: -0.23, -0.11, -0.94
Gyro: -0.63, 0.07, -0.69
Accel: -0.21, -0.10, -0.93
Gyro: -0.72, 0.79, -1.54
Accel: -0.22, -0.11, -0.93
Gyro: 0.24, 0.35, -1.27
Accel: -0.23, -0.11, -0.94
Gyro: -0.37, 0.74, -1.30
Accel: -0.22, -0.11, -0.94
Gyro: -0.63, 1.06, -1.13
Accel: -0.22, -0.11, -0.94
Gyro: -0.75, 1.44, -0.80
Accel: -0.21, -0.12, -0.95
Gyro: -1.14, 1.95, -0.69
Accel: -0.21, -0.11, -0.93
Gyro: -1.68, 1.97, -0.67
Accel: -0.21, -0.12, -0.94
Gyro: -2.05, 1.83, -1.17
Accel: -0.21, -0.12, -0.93
Gyro: -2.57, 1.05, -1.50
Accel: -0.20, -0.12, -0.93
Gyro: -3.03, 0.45, -1.61
Accel: -0.21, -0.11, -0.94
Gyro: -2.70, -0.14, -1.80
Accel: -0.21, -0.11, -0.93
Gyro: -3.40, 0.14, -1.68
Accel: -0.21, -0.08, -0.93
Gyro: -3.25, 0.09, -1.28
Accel: -0.20, -0.07, -0.95
Gyro: -1.22, -0.47, 1.17
Accel: -0.22, -0.05, -0.95
Gyro: -0.85, -0.14, 5.58
Accel: -0.21, -0.05, -0.94
Gyro: -0.66, 0.68, 11.58
Accel: -0.22, -0.08, -0.95
Gyro: 0.05, 1.39, 15.71
Accel: -0.21, -0.10, -0.95
Gyro: -0.53, 2.20, 16.67
Accel: -0.21, -0.11, -0.94
Gyro: -0.37, 2.24, 15.07
Accel: -0.22, -0.10, -0.94
Gyro: 0.66, 1.85, 14.09
Accel: -0.22, -0.09, -0.95
Gyro: 0.69, 2.08, 13.75
Accel: -0.22, -0.03, -0.96
Gyro: 1.79, 2.94, 19.34
Accel: -0.23, -0.01, -0.97
Gyro: 2.51, 5.11, 31.81
Accel: -0.25, 0.01, -0.99
Gyro: 0.87, 9.67, 44.33
Accel: -0.27, 0.00, -1.04
Gyro: 1.43, 18.84, 58.24
Accel: -0.31, -0.01, -1.13
Gyro: 0.36, 36.93, 68.63
Accel: -0.36, -0.05, -1.19
Gyro: 0.64, 65.34, 74.49
Accel: -0.31, -0.10, -1.11
Gyro: 7.13, 85.11, 74.24
Accel: -0.31, -0.15, -1.21
Gyro: 8.00, 110.21, 67.99
Accel: -0.21, -0.19, -0.97
Gyro: 3.29, 139.10, 59.83
Accel: -0.11, -0.26, -0.96
Gyro: 10.55, 135.65, 43.59
Accel: 0.02, -0.25, -0.92
Gyro: 5.57, 143.26, 24.41
Accel: 0.05, -0.36, -0.95
Gyro: 20.77, 146.76, -5.97
Accel: 0.16, -0.31, -0.71
Gyro: 26.35, 147.94, -44.51
Accel: 0.35, -0.26, -0.59
Gyro: 42.09, 110.45, -73.12
Accel: 0.44, -0.25, -0.68
Gyro: 48.60, 80.99, -96.79
Accel: 0.52, -0.25, -0.64
Gyro: 60.79, 53.70, -122.92
Accel: 0.51, -0.24, -0.75
Gyro: 68.35, 34.68, -144.92
Accel: 0.53, -0.21, -0.70
Gyro: 68.62, 17.93, -162.42
Accel: 0.55, -0.10, -0.68
Gyro: 68.28, -1.94, -168.39
Accel: 0.55, -0.06, -0.71
Gyro: 69.48, -15.32, -166.20
Accel: 0.58, -0.03, -0.67
Gyro: 64.34, -31.41, -155.29
Accel: 0.58, 0.01, -0.68
Gyro: 62.39, -53.06, -143.43
Accel: 0.54, 0.02, -0.73
Gyro: 60.86, -65.79, -124.14
Accel: 0.51, 0.03, -0.68
Gyro: 59.50, -81.22, -103.03
Accel: 0.49, 0.08, -0.66
Gyro: 52.21, -104.25, -75.30
Accel: 0.40, 0.10, -0.72
Gyro: 33.35, -122.95, -37.38
Accel: 0.31, 0.10, -0.76
Gyro: 16.58, -134.29, -1.00
Accel: 0.23, 0.11, -0.85
Gyro: 7.30, -141.58, 34.40
Accel: 0.08, 0.04, -0.94
Gyro: -8.09, -137.20, 59.79
Accel: 0.00, 0.05, -0.96
Gyro: -13.03, -131.03, 78.22
Accel: -0.11, 0.04, -1.01
Gyro: -8.32, -121.31, 93.80
Accel: -0.20, 0.02, -1.05
Gyro: 1.32, -107.09, 105.17
Accel: -0.29, -0.02, -1.10
Gyro: 14.02, -86.35, 114.20
Accel: -0.37, -0.11, -1.15
Gyro: 15.46, -59.78, 113.22
Accel: -0.37, -0.09, -1.07
Gyro: 9.78, -40.66, 108.36
Accel: -0.36, -0.11, -1.01
Gyro: 10.32, -30.36, 106.25
Accel: -0.38, -0.17, -1.01
Gyro: 6.68, -21.00, 97.98
Accel: -0.37, -0.16, -1.00
Gyro: 6.30, -10.89, 85.90
Accel: -0.33, -0.20, -0.96
Gyro: 12.22, -5.71, 70.95
Accel: -0.34, -0.27, -0.99
Gyro: -1.78, 3.42, 49.40
Accel: -0.32, -0.25, -0.92
Gyro: 5.44, 1.74, 30.69
Accel: -0.31, -0.26, -0.88
Gyro: 7.83, -0.84, 13.25
Accel: -0.29, -0.22, -0.91
Gyro: -0.60, -2.74, -2.66
Accel: -0.29, -0.16, -0.93
Gyro: -3.27, -2.49, -10.08
Accel: -0.29, -0.10, -0.91
Gyro: -2.53, -2.40, -10.64
Accel: -0.29, -0.10, -0.93
Gyro: -2.16, -2.94, -7.06
Accel: -0.29, -0.10, -0.93
Gyro: -3.68, -0.62, -6.01
Accel: -0.29, -0.10, -0.95
Gyro: -2.71, 1.58, -5.33
Accel: -0.28, -0.10, -0.95
Gyro: -1.65, 3.03, -4.84
Accel: -0.26, -0.09, -0.93
Gyro: -1.86, 4.33, -4.15
Accel: -0.26, -0.09, -0.93
Gyro: -0.05, 4.43, -2.39
Accel: -0.25, -0.09, -0.93
Gyro: 1.35, 4.07, -0.84
Accel: -0.25, -0.10, -0.93
Gyro: 2.88, 3.18, 0.09
Accel: -0.24, -0.12, -0.91
Gyro: 0.90, 3.27, 0.08
Accel: -0.24, -0.12, -0.92
Gyro: 0.47, 2.82, -0.55
Accel: -0.25, -0.11, -0.93
Gyro: 0.19, 2.37, -1.38
Accel: -0.24, -0.11, -0.92
Gyro: 0.63, 1.79, -2.24
Accel: -0.25, -0.11, -0.93
Gyro: -0.21, 1.58, -2.94
Accel: -0.25, -0.11, -0.93
Gyro: -1.34, 1.38, -2.60
Accel: -0.25, -0.11, -0.93
Gyro: -2.24, 1.33, -2.82
Accel: -0.25, -0.12, -0.94
Gyro: -2.77, 1.44, -2.72
Accel: -0.25, -0.11, -0.93
Gyro: -2.82, 1.53, -3.40
Accel: -0.25, -0.10, -0.93
Gyro: -2.11, 1.85, -3.01
Accel: -0.26, -0.10, -0.93
Gyro: -2.11, 1.22, -2.85
Accel: -0.25, -0.10, -0.93
Gyro: -2.22, 1.04, -2.33
Accel: -0.25, -0.11, -0.94
Gyro: -1.88, 1.65, -1.90
Accel: -0.25, -0.12, -0.93
Gyro: -1.70, 2.27, -2.27
Accel: -0.24, -0.12, -0.93
Gyro: -1.33, 2.17, -2.91
Accel: -0.23, -0.11, -0.92
Gyro: -1.11, 1.58, -3.07
Accel: -0.23, -0.12, -0.94
Gyro: -0.88, 1.39, -2.78
Accel: -0.23, -0.11, -0.94
Gyro: -0.38, 2.25, -2.21
Accel: -0.23, -0.13, -0.93
Gyro: -0.24, 2.19, -1.30
Accel: -0.23, -0.13, -0.94
Gyro: -1.21, 2.76, -1.64
Accel: -0.22, -0.13, -0.94
Gyro: -2.70, 3.28, -1.69
Accel: -0.22, -0.12, -0.93
Gyro: -1.50, 2.20, -1.53
Accel: -0.22, -0.13, -0.94
Gyro: -1.29, 1.24, -1.73
Accel: -0.22, -0.13, -0.93
Gyro: -1.56, 1.00, -1.47
