Accel: -0.27, -0.08, -0.93
Gyro: -0.85, 0.98, -1.31
Accel: -0.26, -0.08, -0.93
Gyro: 1.34, 0.75, -0.19
Accel: -0.26, -0.10, -0.92
Gyro: 0.18, 0.92, -0.05
Accel: -0.26, -0.10, -0.92
Gyro: -0.70, 0.56, -0.19
Accel: -0.25, -0.10, -0.92
Gyro: -0.59, 1.08, 0.29
Accel: -0.26, -0.10, -0.92
Gyro: -0.12, 0.92, 0.74
Accel: -0.26, -0.10, -0.93
Gyro: -0.60, 0.56, 0.78
Accel: -0.26, -0.11, -0.94
Gyro: -0.50, 0.20, 0.94
Accel: -0.26, -0.10, -0.92
Gyro: -0.64, -0.02, 0.63
Accel: -0.25, -0.09, -0.92
Gyro: -0.14, -0.49, 1.37
Accel: -0.26, -0.06, -0.93
Gyro: -0.38, -0.61, 4.51
Accel: -0.25, -0.01, -0.93
Gyro: -1.21, -0.11, 13.37
Accel: -0.26, 0.05, -0.93
Gyro: -0.40, -0.09, 28.43
Accel: -0.29, 0.11, -0.97
Gyro: 0.09, 3.02, 50.27
Accel: -0.35, 0.12, -1.08
Gyro: 1.22, 15.24, 77.58
Accel: -0.40, 0.06, -1.12
Gyro: -1.81, 38.31, 95.94
Accel: -0.36, -0.01, -1.04
Gyro: 6.04, 52.30, 103.22
Accel: -0.36, -0.10, -1.08
Gyro: 9.25, 66.59, 98.56
Accel: -0.33, -0.14, -1.06
Gyro: 12.12, 84.27, 86.44
Accel: -0.28, -0.16, -1.09
Gyro: 20.39, 97.43, 68.08
Accel: -0.19, -0.19, -0.99
Gyro: 13.90, 114.24, 50.13
Accel: -0.15, -0.13, -1.06
Gyro: 26.18, 122.09, 29.30
Accel: -0.04, -0.15, -0.89
Gyro: 39.98, 130.79, 13.19
Accel: 0.03, -0.23, -0.94
Gyro: 45.85, 128.85, -6.23
Accel: 0.17, -0.24, -0.70
Gyro: 39.63, 122.54, -22.50
Accel: 0.28, -0.31, -0.71
Gyro: 46.19, 90.10, -43.67
Accel: 0.34, -0.33, -0.70
Gyro: 45.30, 72.14, -69.41
Accel: 0.42, -0.30, -0.70
Gyro: 55.67, 43.18, -92.54
Accel: 0.48, -0.34, -0.66
Gyro: 64.68, 12.12, -112.56
Accel: 0.47, -0.36, -0.68
Gyro: 66.81, -12.11, -134.59
Accel: 0.45, -0.34, -0.70
Gyro: 74.62, -35.62, -154.98
Accel: 0.37, -0.41, -0.85
Gyro: 72.01, -45.04, -177.58
Accel: 0.37, -0.19, -0.78
Gyro: 64.50, -51.53, -184.54
Accel: 0.40, -0.15, -0.69
Gyro: 74.49, -69.29, -169.14
Accel: 0.38, -0.12, -0.70
Gyro: 73.32, -88.08, -146.54
Accel: 0.34, -0.10, -0.76
Gyro: 68.11, -101.47, -118.04
Accel: 0.30, -0.12, -0.77
Gyro: 54.99, -107.50, -87.87
Accel: 0.27, -0.08, -0.74
Gyro: 40.22, -120.38, -54.22
Accel: 0.22, -0.07, -0.81
Gyro: 25.20, -133.19, -15.51
Accel: 0.11, -0.07, -0.89
Gyro: 2.22, -132.15, 24.00
Accel: -0.00, -0.06, -0.90
Gyro: -12.90, -127.36, 59.59
Accel: -0.11, -0.09, -0.94
Gyro: -20.87, -122.12, 89.87
Accel: -0.22, -0.12, -1.00
Gyro: -27.88, -111.04, 108.86
Accel: -0.33, -0.14, -1.03
Gyro: -28.34, -95.76, 121.44
Accel: -0.39, -0.25, -1.10
Gyro: -26.37, -74.35, 115.81
Accel: -0.37, -0.18, -1.00
Gyro: -0.37, -55.66, 105.69
Accel: -0.47, -0.26, -1.08
Gyro: -10.19, -45.27, 101.84
Accel: -0.49, -0.23, -1.00
Gyro: -21.75, -26.60, 85.04
Accel: -0.42, -0.25, -1.02
Gyro: -8.45, -4.63, 65.93
Accel: -0.47, -0.21, -0.97
Gyro: -9.03, -2.37, 52.61
Accel: -0.45, -0.20, -0.94
Gyro: -9.62, 6.86, 39.18
Accel: -0.40, -0.18, -0.87
Gyro: -5.10, 6.65, 25.01
Accel: -0.39, -0.15, -0.90
Gyro: -2.90, 4.71, 15.13
Accel: -0.39, -0.10, -0.90
Gyro: -3.99, 6.63, 11.15
Accel: -0.37, -0.10, -0.89
Gyro: -3.25, 7.10, 9.57
Accel: -0.36, -0.08, -0.91
Gyro: -6.07, 7.61, 8.38
Accel: -0.36, -0.06, -0.91
Gyro: -5.83, 10.09, 9.42
Accel: -0.35, -0.09, -0.89
Gyro: -5.70, 9.89, 9.48
Accel: -0.33, -0.09, -0.89
Gyro: -7.38, 8.94, 6.48
Accel: -0.33, -0.08, -0.90
Gyro: -7.55, 7.33, 3.19
Accel: -0.33, -0.07, -0.92
Gyro: -5.14, 5.62, 0.84
Accel: -0.33, -0.07, -0.92
Gyro: -4.17, 5.35, -0.91
Accel: -0.32, -0.06, -0.92
Gyro: -2.72, 5.97, -1.61
Accel: -0.32, -0.06, -0.92
Gyro: -1.82, 6.37, -1.20
Accel: -0.31, -0.06, -0.91
Gyro: -1.40, 6.41, -0.52
Accel: -0.30, -0.07, -0.90
Gyro: -1.82, 5.60, -0.56
Accel: -0.30, -0.07, -0.90
Gyro: -2.02, 4.68, -0.66
Accel: -0.29, -0.07, -0.90
Gyro: -2.66, 3.68, -1.57
Accel: -0.30, -0.07, -0.91
Gyro: -1.22, 2.15, -1.21
Accel: -0.30, -0.08, -0.91
Gyro: -1.62, 1.24, -1.25
Accel: -0.31, -0.07, -0.91
Gyro: -2.97, 1.17, -1.88
Accel: -0.32, -0.06, -0.92
Gyro: -2.27, 1.31, -1.76
Accel: -0.31, -0.07, -0.94
Gyro: -2.59, 2.76, -2.32
Accel: -0.32, -0.07, -0.93
Gyro: -2.80, 3.71, -2.49
Accel: -0.32, -0.06, -0.94
Gyro: -3.49, 5.55, -2.17
Accel: -0.31, -0.07, -0.93
Gyro: -4.99, 8.26, -1.94
Accel: -0.30, -0.05, -0.92
Gyro: -3.65, 9.76, -1.36
Accel: -0.29, -0.06, -0.93
Gyro: -3.65, 9.44, -0.64
Accel: -0.28, -0.05, -0.91
Gyro: -3.95, 8.50, -1.10
Accel: -0.27, -0.05, -0.93
Gyro: -3.55, 7.54, -1.32
Accel: -0.27, -0.05, -0.93
Gyro: -2.72, 7.14, -1.48
Accel: -0.26, -0.05, -0.92
Gyro: -1.68, 6.72, -1.56
Accel: -0.27, -0.06, -0.92
Gyro: -1.33, 5.88, -1.47
Accel: -0.25, -0.06, -0.93
Gyro: -1.34, 5.30, -1.18
Accel: -0.25, -0.06, -0.93
Gyro: -1.72, 5.21, -1.26
Accel: -0.24, -0.06, -0.92
Gyro: -1.55, 4.44, -1.14
Accel: -0.24, -0.07, -0.91
Gyro: -1.61, 3.30, -1.68
Accel: -0.26, -0.07, -0.93
Gyro: -1.82, 1.99, -2.11
Accel: -0.25, -0.06, -0.94
Gyro: -2.27, 1.61, -2.40
Accel: -0.24, -0.07, -0.94
Gyro: -1.82, 1.77, -2.10
Accel: -0.24, -0.07, -0.93
Gyro: -3.02, 1.66, -2.54
Accel: -0.24, -0.06, -0.93
Gyro: -1.37, 1.63, -2.09
Accel: -0.25, -0.07, -0.94
Gyro: -1.37, 1.12, -1.82
Accel: -0.24, -0.06, -0.92
Gyro: -2.11, 1.56, -1.88
Accel: -0.24, -0.05, -0.93
Gyro: -1.85, 1.94, -1.78
Accel: -0.24, -0.06, -0.93
Gyro: -0.83, 1.55, -1.29
Accel: -0.24, -0.06, -0.94
Gyro: -1.43, 1.92, -1.34
Accel: -0.24, -0.06, -0.92
Gyro: -0.53, 0.89, -0.89
Accel: -0.24, -0.07, -0.94
Gyro: -0.82, 1.13, -0.94
Accel: -0.23, -0.06, -0.93
Gyro: -0.35, 1.46, -0.80
Accel: -0.24, -0.07, -0.94
Gyro: 0.09, 1.26, -0.43
