Accel: -0.31, -0.11, -0.93
Gyro: -2.04, 0.05, -1.39
Accel: -0.30, -0.10, -0.94
Gyro: -1.92, 0.83, -1.69
Accel: -0.30, -0.10, -0.92
Gyro: -2.49, 1.17, -1.57
Accel: -0.29, -0.10, -0.94
Gyro: -2.46, 1.57, -1.73
Accel: -0.29, -0.09, -0.93
Gyro: -2.08, 1.50, -1.14
Accel: -0.29, -0.11, -0.93
Gyro: -1.29, 1.60, -0.09
Accel: -0.28, -0.11, -0.93
Gyro: -2.64, 1.61, -0.71
Accel: -0.29, -0.08, -0.93
Gyro: -1.24, 2.27, -0.63
Accel: -0.29, -0.11, -0.93
Gyro: 0.77, 1.27, 0.20
Accel: -0.28, -0.10, -0.93
Gyro: -0.06, 0.82, 0.40
Accel: -0.29, -0.10, -0.93
Gyro: 0.23, 1.18, 0.61
Accel: -0.29, -0.11, -0.92
Gyro: 1.01, 1.09, 1.02
Accel: -0.28, -0.11, -0.92
Gyro: 0.66, 0.25, 0.92
Accel: -0.28, -0.11, -0.92
Gyro: 0.97, -1.15, 1.13
Accel: -0.29, -0.09, -0.94
Gyro: 1.88, -1.56, 1.97
Accel: -0.29, -0.05, -0.93
Gyro: 4.25, -1.11, 4.88
Accel: -0.30, 0.00, -0.91
Gyro: 9.57, -1.85, 11.44
Accel: -0.32, 0.06, -0.95
Gyro: 19.11, -1.42, 17.30
Accel: -0.33, 0.04, -0.96
Gyro: 36.21, 2.53, 25.32
Accel: -0.32, -0.02, -0.94
Gyro: 45.14, 6.62, 32.84
Accel: -0.34, -0.05, -0.94
Gyro: 48.00, 10.09, 42.21
Accel: -0.35, -0.09, -0.97
Gyro: 49.57, 16.90, 52.57
Accel: -0.39, -0.15, -1.02
Gyro: 51.12, 29.81, 59.91
Accel: -0.46, -0.26, -1.16
Gyro: 50.54, 56.11, 62.58
Accel: -0.54, -0.43, -1.36
Gyro: 39.44, 98.34, 53.69
Accel: -0.42, -0.44, -1.03
Gyro: 13.63, 142.56, 41.84
Accel: -0.31, -0.47, -0.98
Gyro: 17.94, 145.84, 23.37
Accel: -0.19, -0.44, -0.80
Gyro: 10.84, 152.92, 0.68
Accel: -0.02, -0.42, -0.67
Gyro: 23.45, 124.05, -19.51
Accel: 0.03, -0.40, -0.83
Gyro: 12.70, 112.60, -34.40
Accel: 0.13, -0.39, -0.76
Gyro: 14.15, 96.99, -43.88
Accel: 0.17, -0.47, -0.84
Gyro: 9.57, 89.58, -59.81
Accel: 0.30, -0.41, -0.68
Gyro: 4.42, 77.66, -77.49
Accel: 0.36, -0.36, -0.72
Gyro: 14.06, 53.60, -87.91
Accel: 0.40, -0.41, -0.72
Gyro: 11.09, 36.87, -99.77
Accel: 0.42, -0.38, -0.71
Gyro: 6.93, 20.41, -111.00
Accel: 0.44, -0.37, -0.77
Gyro: 0.03, 7.89, -124.85
Accel: 0.45, -0.22, -0.77
Gyro: 0.29, 0.53, -128.59
Accel: 0.46, -0.26, -0.77
Gyro: 1.06, -7.48, -130.23
Accel: 0.47, -0.09, -0.75
Gyro: -0.17, -13.89, -127.40
Accel: 0.50, -0.03, -0.75
Gyro: 9.41, -24.84, -112.02
Accel: 0.50, -0.02, -0.70
Gyro: 5.33, -41.44, -100.49
Accel: 0.47, 0.05, -0.73
Gyro: 4.02, -59.00, -87.30
Accel: 0.44, 0.10, -0.72
Gyro: 6.26, -76.41, -67.57
Accel: 0.37, 0.10, -0.75
Gyro: 4.76, -93.93, -45.94
Accel: 0.31, 0.12, -0.76
Gyro: 1.35, -108.48, -25.05
Accel: 0.24, 0.17, -0.76
Gyro: 0.63, -125.37, 0.89
Accel: 0.15, 0.15, -0.85
Gyro: -0.95, -136.41, 26.80
Accel: 0.04, 0.16, -0.94
Gyro: -2.81, -135.33, 49.38
Accel: -0.06, 0.09, -0.94
Gyro: 2.94, -129.52, 65.24
Accel: -0.15, 0.04, -0.94
Gyro: 11.22, -126.63, 74.63
Accel: -0.27, -0.01, -1.03
Gyro: 15.46, -115.78, 79.57
Accel: -0.34, -0.07, -1.11
Gyro: 11.63, -96.05, 77.28
Accel: -0.36, -0.05, -1.05
Gyro: 11.15, -78.67, 75.01
Accel: -0.41, -0.04, -1.10
Gyro: 13.61, -61.72, 76.58
Accel: -0.47, -0.14, -1.09
Gyro: 3.63, -38.41, 73.04
Accel: -0.44, -0.12, -0.96
Gyro: 5.83, -30.58, 60.46
Accel: -0.47, -0.12, -1.02
Gyro: 10.65, -23.15, 49.64
Accel: -0.47, -0.12, -1.03
Gyro: 6.78, -7.32, 40.68
Accel: -0.45, -0.11, -0.99
Gyro: 7.50, 3.72, 31.35
Accel: -0.42, -0.11, -0.93
Gyro: 8.96, 10.33, 24.60
Accel: -0.39, -0.12, -0.88
Gyro: 8.62, 10.80, 17.43
Accel: -0.35, -0.13, -0.85
Gyro: 5.70, 7.71, 10.35
Accel: -0.32, -0.17, -0.82
Gyro: 2.24, 0.27, 1.43
Accel: -0.35, -0.12, -0.92
Gyro: -0.20, -0.93, -5.82
Accel: -0.34, -0.10, -0.90
Gyro: 0.73, 0.02, -8.87
Accel: -0.35, -0.08, -0.92
Gyro: 0.90, -0.88, -7.56
Accel: -0.34, -0.09, -0.94
Gyro: -0.11, 0.56, -5.44
Accel: -0.34, -0.08, -0.94
Gyro: -1.58, 2.58, -4.38
Accel: -0.33, -0.09, -0.93
Gyro: -1.75, 3.02, -3.65
Accel: -0.32, -0.10, -0.94
Gyro: -3.17, 3.65, -3.91
Accel: -0.31, -0.10, -0.95
Gyro: -4.14, 4.65, -5.97
Accel: -0.31, -0.09, -0.94
Gyro: -3.82, 5.96, -8.83
Accel: -0.31, -0.09, -0.94
Gyro: -2.40, 5.95, -10.89
Accel: -0.31, -0.09, -0.93
Gyro: -3.66, 6.38, -12.74
Accel: -0.30, -0.08, -0.93
Gyro: -3.70, 5.93, -12.93
Accel: -0.29, -0.08, -0.93
Gyro: -4.33, 5.11, -11.85
Accel: -0.30, -0.06, -0.92
Gyro: -4.09, 4.90, -10.61
Accel: -0.29, -0.06, -0.90
Gyro: -4.24, 3.94, -8.82
Accel: -0.30, -0.05, -0.90
Gyro: -4.94, 3.01, -7.13
Accel: -0.30, -0.05, -0.93
Gyro: -3.46, 2.31, -4.68
Accel: -0.30, -0.06, -0.91
Gyro: -1.63, 1.50, -2.32
Accel: -0.31, -0.06, -0.92
Gyro: -2.08, 1.01, -1.34
Accel: -0.30, -0.07, -0.94
Gyro: -1.41, 1.39, -0.83
Accel: -0.31, -0.07, -0.95
Gyro: -0.49, 3.07, -0.19
Accel: -0.30, -0.08, -0.93
Gyro: -0.46, 4.42, 0.02
Accel: -0.30, -0.08, -0.95
Gyro: -1.25, 5.06, -0.93
Accel: -0.29, -0.08, -0.93
Gyro: 0.63, 5.54, 0.08
Accel: -0.28, -0.10, -0.93
Gyro: 0.11, 4.87, -0.27
Accel: -0.26, -0.10, -0.92
Gyro: -1.06, 4.50, -0.69
Accel: -0.27, -0.08, -0.94
Gyro: -2.43, 5.59, -0.68
Accel: -0.24, -0.09, -0.94
Gyro: -0.22, 7.33, -2.59
Accel: -0.25, -0.10, -0.93
Gyro: -6.89, 6.91, -1.27
Accel: -0.25, -0.08, -0.93
Gyro: 0.13, 3.26, -1.59
Accel: -0.26, -0.10, -0.94
Gyro: -3.59, 3.97, -1.47
Accel: -0.25, -0.08, -0.94
Gyro: -2.51, 2.81, -1.72
Accel: -0.25, -0.08, -0.93
Gyro: -2.00, 1.18, -1.83
Accel: -0.26, -0.08, -0.94
Gyro: -2.74, 0.72, -1.73
Accel: -0.26, -0.08, -0.94
Gyro: -2.85, 0.62, -1.56
Accel: -0.26, -0.07, -0.94
Gyro: -2.31, 0.36, -1.29
Accel: -0.26, -0.08, -0.94
Gyro: -3.01, 0.38, -0.88
