Accel: -0.23, -0.07, -0.94
Gyro: -4.24, 0.61, -2.78
Accel: -0.22, -0.07, -0.94
Gyro: -4.04, 1.10, -2.50
Accel: -0.22, -0.07, -0.93
Gyro: -2.81, 0.18, -2.17
Accel: -0.22, -0.07, -0.95
Gyro: -2.41, -0.23, -1.39
Accel: -0.22, -0.07, -0.94
Gyro: -2.30, -0.41, -1.46
Accel: -0.23, -0.08, -0.94
Gyro: -1.47, -0.48, -0.87
Accel: -0.22, -0.09, -0.94
Gyro: -2.24, -0.27, -0.92
Accel: -0.23, -0.08, -0.93
Gyro: -2.63, -0.27, -1.34
Accel: -0.22, -0.07, -0.93
Gyro: -2.08, -0.76, -1.85
Accel: -0.22, -0.07, -0.94
Gyro: -1.94, -1.32, -1.51
Accel: -0.23, -0.07, -0.94
Gyro: -1.80, -1.06, -0.71
Accel: -0.22, -0.07, -0.94
Gyro: -1.49, -0.87, 0.20
Accel: -0.23, -0.08, -0.93
Gyro: -1.12, -0.49, 0.31
Accel: -0.23, -0.08, -0.93
Gyro: -1.18, -0.16, -0.09
Accel: -0.22, -0.07, -0.94
Gyro: -1.14, -0.09, 0.04
Accel: -0.22, -0.09, -0.93
Gyro: -1.35, -0.63, -0.12
Accel: -0.22, -0.08, -0.95
Gyro: -1.40, -0.63, -0.24
Accel: -0.22, -0.09, -0.94
Gyro: -1.24, -0.38, -0.32
Accel: -0.23, -0.09, -0.94
Gyro: -2.28, -0.70, -1.61
Accel: -0.22, -0.07, -0.94
Gyro: -1.38, -0.54, -1.32
Accel: -0.23, -0.08, -0.94
Gyro: -1.05, -0.89, -0.44
Accel: -0.23, -0.04, -0.93
Gyro: -1.33, -1.36, 2.04
Accel: -0.23, 0.01, -0.93
Gyro: -0.14, -1.00, 9.43
Accel: -0.23, 0.02, -0.95
Gyro: 3.02, -1.07, 20.42
Accel: -0.24, 0.14, -0.96
Gyro: 8.19, 0.20, 38.27
Accel: -0.26, 0.15, -0.97
Gyro: 15.56, 4.10, 64.09
Accel: -0.28, 0.05, -0.98
Gyro: 15.78, 10.68, 86.38
Accel: -0.27, -0.03, -0.96
Gyro: 10.57, 14.27, 95.19
Accel: -0.29, -0.05, -0.97
Gyro: 10.92, 17.25, 97.60
Accel: -0.32, -0.09, -1.03
Gyro: 13.64, 26.08, 96.21
Accel: -0.33, -0.12, -1.07
Gyro: 15.50, 41.30, 89.61
Accel: -0.30, -0.16, -1.07
Gyro: 14.82, 53.99, 79.83
Accel: -0.31, -0.18, -1.14
Gyro: 10.48, 73.85, 67.57
Accel: -0.23, -0.21, -1.01
Gyro: 12.90, 91.42, 52.31
Accel: -0.16, -0.23, -0.98
Gyro: 15.11, 96.31, 35.13
Accel: -0.11, -0.23, -1.00
Gyro: 10.56, 103.13, 17.16
Accel: -0.13, -0.25, -1.13
Gyro: 6.42, 122.54, 0.85
Accel: -0.00, -0.19, -0.98
Gyro: 9.89, 136.55, -10.51
Accel: 0.08, -0.23, -0.89
Gyro: 15.84, 143.52, -20.81
Accel: 0.21, -0.30, -0.70
Gyro: 20.69, 129.76, -40.92
Accel: 0.38, -0.23, -0.61
Gyro: 22.32, 98.34, -62.61
Accel: 0.43, -0.19, -0.68
Gyro: 29.06, 70.60, -78.78
Accel: 0.45, -0.18, -0.77
Gyro: 40.29, 52.31, -93.15
Accel: 0.48, -0.18, -0.78
Gyro: 48.58, 33.89, -107.80
Accel: 0.51, -0.17, -0.74
Gyro: 48.93, 19.90, -118.06
Accel: 0.49, -0.16, -0.79
Gyro: 49.93, 7.97, -129.94
Accel: 0.50, -0.14, -0.77
Gyro: 48.08, 1.05, -136.56
Accel: 0.50, -0.11, -0.77
Gyro: 49.19, -7.74, -141.23
Accel: 0.50, -0.08, -0.80
Gyro: 54.72, -15.74, -144.66
Accel: 0.50, -0.05, -0.76
Gyro: 60.01, -23.13, -145.65
Accel: 0.52, -0.02, -0.69
Gyro: 63.73, -38.61, -143.94
Accel: 0.49, -0.05, -0.71
Gyro: 70.10, -60.99, -140.72
Accel: 0.44, 0.00, -0.79
Gyro: 65.03, -69.36, -132.89
Accel: 0.43, -0.00, -0.72
Gyro: 63.19, -87.38, -118.67
Accel: 0.37, 0.02, -0.79
Gyro: 58.25, -100.52, -100.07
Accel: 0.29, 0.01, -0.78
Gyro: 51.86, -113.13, -79.80
Accel: 0.24, 0.01, -0.80
Gyro: 42.93, -122.44, -56.82
Accel: 0.20, 0.08, -0.77
Gyro: 28.84, -137.06, -24.44
Accel: 0.07, 0.11, -0.92
Gyro: 18.62, -143.84, 13.73
Accel: -0.03, 0.18, -1.03
Gyro: 6.95, -129.11, 52.90
Accel: -0.13, 0.22, -1.00
Gyro: 15.17, -119.35, 98.67
Accel: -0.28, 0.13, -1.05
Gyro: 17.66, -104.16, 138.40
Accel: -0.37, -0.12, -1.05
Gyro: 11.51, -85.36, 153.95
Accel: -0.42, -0.17, -1.10
Gyro: 1.43, -61.08, 145.84
Accel: -0.44, -0.26, -1.08
Gyro: 1.05, -41.13, 133.06
Accel: -0.42, -0.25, -1.04
Gyro: -7.10, -22.46, 107.41
Accel: -0.40, -0.23, -0.93
Gyro: 2.89, -19.36, 89.67
Accel: -0.36, -0.22, -0.92
Gyro: -10.16, -17.08, 70.12
Accel: -0.39, -0.19, -0.99
Gyro: -3.01, -12.73, 53.80
Accel: -0.38, -0.14, -0.99
Gyro: -4.30, -1.75, 44.62
Accel: -0.35, -0.11, -0.92
Gyro: -1.50, 1.26, 36.07
Accel: -0.35, -0.06, -0.93
Gyro: 4.34, 3.14, 32.10
Accel: -0.33, -0.05, -0.91
Gyro: 2.76, 5.07, 30.84
Accel: -0.33, -0.07, -0.91
Gyro: 1.46, 6.34, 30.31
Accel: -0.33, -0.07, -0.92
Gyro: 0.51, 7.66, 26.32
Accel: -0.31, -0.09, -0.91
Gyro: -0.94, 7.63, 19.42
Accel: -0.30, -0.10, -0.91
Gyro: -0.26, 6.20, 10.91
Accel: -0.30, -0.09, -0.93
Gyro: -0.05, 5.39, 3.88
Accel: -0.29, -0.08, -0.92
Gyro: 1.00, 4.18, -1.26
Accel: -0.29, -0.08, -0.93
Gyro: 1.87, 3.77, -4.72
Accel: -0.28, -0.06, -0.94
Gyro: 0.99, 4.43, -5.31
Accel: -0.27, -0.06, -0.93
Gyro: 0.04, 5.55, -4.17
Accel: -0.27, -0.05, -0.93
Gyro: -1.49, 5.29, -2.33
Accel: -0.26, -0.05, -0.92
Gyro: -3.07, 4.81, -0.70
Accel: -0.26, -0.04, -0.93
Gyro: -3.47, 4.12, 0.27
Accel: -0.26, -0.04, -0.93
Gyro: -2.62, 3.85, 0.55
Accel: -0.26, -0.05, -0.94
Gyro: -2.01, 3.90, -0.60
Accel: -0.26, -0.03, -0.94
Gyro: -0.53, 4.41, -1.07
Accel: -0.26, -0.05, -0.92
Gyro: 1.42, 3.14, -0.86
Accel: -0.27, -0.05, -0.92
Gyro: 1.49, 2.46, -1.10
Accel: -0.26, -0.04, -0.92
Gyro: 0.54, 2.59, -1.28
Accel: -0.26, -0.06, -0.92
Gyro: -0.09, 2.10, -0.52
Accel: -0.27, -0.05, -0.93
Gyro: -1.63, 3.39, -0.61
Accel: -0.26, -0.06, -0.93
Gyro: -0.30, 2.20, -0.96
Accel: -0.25, -0.07, -0.94
Gyro: -1.25, 2.15, -1.64
Accel: -0.25, -0.07, -0.95
Gyro: -1.52, 2.18, -2.90
Accel: -0.26, -0.08, -0.97
Gyro: -2.18, 4.36, -6.06
Accel: -0.26, -0.05, -0.96
Gyro: 1.51, 8.45, -8.35
Accel: -0.25, -0.06, -0.93
Gyro: 3.39, 8.53, -9.87
Accel: -0.23, -0.05, -0.91
Gyro: 3.29, 6.81, -9.96
Accel: -0.22, -0.05, -0.95
Gyro: -2.44, 6.06, -5.37
