Accel: -0.15, -0.08, -0.96
Gyro: -6.57, 13.04, 4.11
Accel: -0.12, -0.08, -0.96
Gyro: -4.82, 15.15, 4.97
Accel: -0.09, -0.09, -0.96
Gyro: -3.12, 16.98, 3.71
Accel: -0.07, -0.09, -0.94
Gyro: -3.92, 14.98, 1.27
Accel: -0.06, -0.07, -0.94
Gyro: -4.27, 12.25, 0.37
Accel: -0.05, -0.06, -0.94
Gyro: -3.20, 9.88, 0.42
Accel: -0.04, -0.06, -0.92
Gyro: -1.20, 8.14, 0.67
Accel: -0.04, -0.07, -0.94
Gyro: -2.81, 5.29, -0.36
Accel: -0.03, -0.05, -0.94
Gyro: -2.31, 2.01, -0.02
Accel: -0.05, -0.07, -0.95
Gyro: -2.15, -0.53, 1.18
Accel: -0.06, -0.07, -0.96
Gyro: -4.74, -0.91, 1.10
Accel: -0.06, -0.03, -0.96
Gyro: -5.84, -1.20, 1.92
Accel: -0.06, -0.04, -0.97
Gyro: -2.93, -0.98, 5.26
Accel: -0.05, -0.07, -0.96
Gyro: -1.44, -0.44, 6.45
Accel: -0.06, -0.09, -0.96
Gyro: -2.03, 0.08, 4.78
Accel: -0.06, -0.08, -0.96
Gyro: -2.39, -1.02, 3.27
Accel: -0.06, -0.07, -0.96
Gyro: -1.92, -1.65, 2.04
Accel: -0.07, -0.08, -0.96
Gyro: -0.79, -2.24, 1.79
Accel: -0.08, -0.08, -0.95
Gyro: -0.84, -2.16, 1.01
Accel: -0.08, -0.08, -0.94
Gyro: -0.57, -2.30, 0.24
Accel: -0.08, -0.08, -0.95
Gyro: -0.24, -2.83, -0.27
Accel: -0.08, -0.07, -0.94
Gyro: -1.98, -3.43, -1.83
Accel: -0.09, -0.05, -0.95
Gyro: -1.59, -5.62, -0.99
Accel: -0.11, -0.06, -0.97
Gyro: -1.17, -5.54, 1.24
Accel: -0.11, -0.06, -0.98
Gyro: -0.74, -3.80, 3.58
Accel: -0.11, -0.08, -0.99
Gyro: -1.06, -1.59, 3.89
Accel: -0.10, -0.10, -0.99
Gyro: -1.45, 0.05, 1.34
Accel: -0.09, -0.09, -0.97
Gyro: -1.36, 0.65, -1.74
Accel: -0.09, -0.10, -0.97
Gyro: -0.75, 1.30, -3.21
Accel: -0.08, -0.07, -0.95
Gyro: -1.90, 1.72, -3.09
Accel: -0.07, -0.06, -0.95
Gyro: -1.27, 0.97, -1.17
Accel: -0.07, -0.08, -0.96
Gyro: -1.60, 0.06, 0.14
Accel: -0.08, -0.07, -0.97
Gyro: -1.95, 0.24, 0.57
Accel: -0.08, -0.07, -0.96
Gyro: -0.86, -0.08, 0.54
Accel: -0.07, -0.08, -0.96
Gyro: -0.47, -0.69, 0.21
Accel: -0.08, -0.08, -0.96
Gyro: -0.79, -1.01, 0.08
Accel: -0.08, -0.08, -0.96
Gyro: -0.34, -1.21, 0.05
Accel: -0.08, -0.10, -0.96
Gyro: -1.11, -1.23, -0.46
Accel: -0.08, -0.09, -0.96
Gyro: -0.43, -1.34, -0.63
Accel: -0.08, -0.09, -0.96
Gyro: -0.56, -1.81, -0.68
Accel: -0.09, -0.10, -0.96
Gyro: -2.07, -1.51, -1.45
Accel: -0.08, -0.09, -0.96
Gyro: -2.73, -1.11, -1.70
Accel: -0.09, -0.09, -0.97
Gyro: -2.52, -1.50, -2.33
Accel: -0.08, -0.08, -0.95
Gyro: -2.53, -1.24, -3.01
Accel: -0.09, -0.09, -0.96
Gyro: -2.43, -1.31, -3.21
Accel: -0.09, -0.08, -0.96
Gyro: -2.30, -1.39, -2.53
Accel: -0.09, -0.09, -0.96
Gyro: -2.79, -0.82, -2.37
Accel: -0.08, -0.08, -0.95
Gyro: -2.61, -1.14, -1.99
Accel: -0.09, -0.08, -0.96
Gyro: -2.51, -1.21, -1.98
Accel: -0.08, -0.07, -0.95
Gyro: -1.78, -1.17, -1.32
Accel: -0.08, -0.04, -0.96
Gyro: -1.72, -1.28, 0.39
Accel: -0.08, -0.02, -0.98
Gyro: 0.11, 0.50, 5.02
Accel: -0.10, 0.06, -0.96
Gyro: 4.02, 1.10, 15.11
Accel: -0.11, 0.14, -0.99
Gyro: 7.45, 2.66, 38.61
Accel: -0.13, 0.11, -0.99
Gyro: 11.09, 6.64, 62.25
Accel: -0.15, 0.10, -0.99
Gyro: 15.42, 11.52, 82.48
Accel: -0.15, 0.04, -0.97
Gyro: 18.58, 15.34, 98.33
Accel: -0.23, -0.05, -1.10
Gyro: 14.60, 28.59, 110.78
Accel: -0.19, -0.14, -0.98
Gyro: 0.86, 48.32, 118.85
Accel: -0.14, -0.19, -0.93
Gyro: 9.74, 34.86, 111.40
Accel: -0.17, -0.25, -1.04
Gyro: 8.35, 45.97, 98.07
Accel: -0.09, -0.28, -0.93
Gyro: 14.05, 49.14, 80.24
Accel: -0.12, -0.34, -1.05
Gyro: 12.31, 50.08, 56.12
Accel: -0.12, -0.31, -1.10
Gyro: 11.15, 66.26, 30.11
Accel: -0.04, -0.27, -0.99
Gyro: 21.71, 77.32, 7.87
Accel: -0.02, -0.31, -1.01
Gyro: 29.14, 81.17, -10.21
Accel: -0.02, -0.34, -1.09
Gyro: 20.54, 99.91, -32.11
Accel: 0.06, -0.28, -0.97
Gyro: 20.38, 111.93, -49.54
Accel: 0.16, -0.20, -0.90
Gyro: 23.53, 114.17, -57.59
Accel: 0.24, -0.23, -0.94
Gyro: 24.78, 114.60, -61.34
Accel: 0.33, -0.24, -0.83
Gyro: 12.38, 129.78, -67.31
Accel: 0.53, -0.24, -0.55
Gyro: 22.45, 102.64, -79.74
Accel: 0.64, -0.25, -0.46
Gyro: 19.86, 71.69, -92.48
Accel: 0.64, -0.29, -0.61
Gyro: 20.09, 53.74, -109.66
Accel: 0.67, -0.28, -0.62
Gyro: 18.78, 34.78, -129.54
Accel: 0.66, -0.22, -0.61
Gyro: 15.12, 19.00, -148.36
Accel: 0.66, -0.15, -0.60
Gyro: 17.30, 4.30, -162.89
Accel: 0.67, -0.01, -0.61
Gyro: 23.49, -14.86, -169.73
Accel: 0.67, 0.07, -0.57
Gyro: 29.75, -32.20, -167.11
Accel: 0.66, 0.19, -0.57
Gyro: 35.32, -59.15, -156.34
Accel: 0.62, 0.24, -0.57
Gyro: 40.73, -83.32, -135.96
Accel: 0.56, 0.30, -0.58
Gyro: 37.86, -109.60, -110.40
Accel: 0.46, 0.33, -0.67
Gyro: 38.12, -128.80, -82.57
Accel: 0.37, 0.31, -0.77
Gyro: 32.65, -136.52, -54.29
Accel: 0.29, 0.31, -0.89
Gyro: 23.80, -140.03, -28.46
Accel: 0.20, 0.33, -0.90
Gyro: 21.35, -136.16, 2.51
Accel: 0.11, 0.30, -0.93
Gyro: 20.29, -130.72, 25.32
Accel: 0.02, 0.27, -0.94
Gyro: 25.05, -124.69, 46.20
Accel: -0.08, 0.22, -0.96
Gyro: 28.91, -117.34, 64.75
Accel: -0.16, 0.14, -0.99
Gyro: 32.98, -108.20, 78.25
Accel: -0.26, 0.06, -1.03
Gyro: 33.55, -95.69, 84.52
Accel: -0.30, 0.00, -1.08
Gyro: 31.56, -79.67, 83.06
Accel: -0.35, -0.01, -1.11
Gyro: 28.47, -58.69, 82.67
Accel: -0.35, -0.09, -1.10
Gyro: 21.34, -37.19, 80.80
Accel: -0.33, -0.12, -1.04
Gyro: 11.22, -22.29, 70.23
Accel: -0.33, -0.11, -0.96
Gyro: 16.34, -14.64, 59.12
Accel: -0.31, -0.13, -1.00
Gyro: 14.27, -8.19, 48.14
Accel: -0.29, -0.14, -0.97
Gyro: 11.80, -2.77, 35.18
Accel: -0.28, -0.15, -0.97
Gyro: 9.15, 2.52, 24.56
Accel: -0.26, -0.14, -0.97
Gyro: -0.24, 6.42, 14.24
Accel: -0.23, -0.11, -0.92
Gyro: -4.46, 6.71, 6.21
