Accel: -0.24, -0.07, -0.93
Gyro: -3.39, 1.39, 2.55
Accel: -0.24, -0.07, -0.96
Gyro: -3.65, 1.68, 2.39
Accel: -0.24, -0.06, -0.95
Gyro: -4.10, 1.63, 0.73
Accel: -0.24, -0.06, -0.94
Gyro: -2.70, 1.84, -0.43
Accel: -0.24, -0.07, -0.95
Gyro: -2.37, 1.58, -1.61
Accel: -0.23, -0.06, -0.96
Gyro: -3.06, 1.88, -2.75
Accel: -0.23, -0.05, -0.95
Gyro: -3.11, 2.25, -2.93
Accel: -0.23, -0.04, -0.95
Gyro: -2.74, 2.13, -2.59
Accel: -0.23, -0.04, -0.95
Gyro: -2.13, 1.48, -1.91
Accel: -0.22, -0.05, -0.94
Gyro: -1.62, 0.63, -0.72
Accel: -0.23, -0.05, -0.95
Gyro: -1.17, 0.21, -0.12
Accel: -0.22, -0.05, -0.95
Gyro: -1.64, -0.39, 0.45
Accel: -0.23, -0.06, -0.94
Gyro: -1.33, -0.89, -0.08
Accel: -0.22, -0.05, -0.94
Gyro: -1.05, -1.69, -0.69
Accel: -0.23, -0.05, -0.95
Gyro: -0.84, -1.46, -1.02
Accel: -0.23, -0.04, -0.95
Gyro: -0.47, -1.69, -0.74
Accel: -0.24, -0.03, -0.95
Gyro: 0.53, -1.96, 0.70
Accel: -0.24, -0.02, -0.95
Gyro: 2.12, -2.45, 3.72
Accel: -0.25, -0.02, -0.96
Gyro: 2.92, -1.15, 6.00
Accel: -0.26, -0.01, -0.98
Gyro: 6.32, 1.53, 8.91
Accel: -0.27, 0.01, -0.98
Gyro: 10.89, 4.27, 12.63
Accel: -0.29, 0.08, -1.00
Gyro: 15.99, 9.86, 21.93
Accel: -0.31, 0.13, -1.02
Gyro: 25.24, 17.49, 37.85
Accel: -0.37, 0.21, -1.11
Gyro: 37.42, 32.44, 61.16
Accel: -0.38, 0.20, -1.09
Gyro: 51.64, 56.06, 89.00
Accel: -0.36, 0.03, -1.02
Gyro: 63.47, 71.71, 107.64
Accel: -0.35, -0.11, -1.04
Gyro: 57.79, 92.89, 111.03
Accel: -0.26, -0.26, -0.93
Gyro: 57.72, 100.23, 101.58
Accel: -0.17, -0.36, -0.89
Gyro: 50.77, 97.62, 84.14
Accel: -0.14, -0.46, -1.02
Gyro: 42.56, 103.13, 59.18
Accel: -0.08, -0.49, -0.97
Gyro: 36.03, 116.07, 29.92
Accel: 0.05, -0.50, -0.81
Gyro: 35.19, 109.27, 1.35
Accel: 0.08, -0.51, -0.90
Gyro: 24.80, 106.64, -22.82
Accel: 0.12, -0.54, -0.95
Gyro: 17.50, 110.54, -48.90
Accel: 0.21, -0.48, -0.87
Gyro: 13.80, 117.10, -75.48
Accel: 0.34, -0.44, -0.64
Gyro: 22.17, 104.26, -91.61
Accel: 0.43, -0.45, -0.66
Gyro: 17.09, 83.88, -106.69
Accel: 0.53, -0.39, -0.64
Gyro: 8.81, 63.52, -119.45
Accel: 0.57, -0.36, -0.65
Gyro: 7.10, 44.41, -126.14
Accel: 0.60, -0.34, -0.61
Gyro: 2.88, 26.03, -135.56
Accel: 0.61, -0.23, -0.58
Gyro: 5.00, 11.27, -143.54
Accel: 0.62, -0.09, -0.66
Gyro: 4.07, -0.33, -139.66
Accel: 0.64, -0.06, -0.59
Gyro: 7.25, -13.55, -130.54
Accel: 0.65, -0.04, -0.58
Gyro: 14.47, -34.57, -125.25
Accel: 0.67, 0.03, -0.55
Gyro: 28.00, -62.06, -120.12
Accel: 0.69, 0.17, -0.32
Gyro: 36.43, -108.82, -111.43
Accel: 0.59, 0.29, -0.20
Gyro: 61.88, -179.49, -80.73
Accel: 0.29, 0.20, -0.91
Gyro: 75.74, -194.33, -44.05
Accel: 0.11, 0.09, -1.10
Gyro: 41.04, -163.87, -5.91
Accel: 0.10, 0.11, -1.00
Gyro: 6.71, -140.21, 19.65
Accel: 0.02, 0.13, -0.94
Gyro: 8.32, -135.00, 47.26
Accel: -0.10, -0.02, -1.03
Gyro: 14.81, -121.93, 62.45
Accel: -0.17, -0.08, -1.07
Gyro: 12.40, -107.93, 63.24
Accel: -0.24, -0.07, -1.08
Gyro: 7.52, -94.44, 67.82
Accel: -0.28, -0.21, -1.14
Gyro: -3.68, -76.84, 61.10
Accel: -0.29, -0.12, -1.04
Gyro: -5.75, -60.75, 49.24
Accel: -0.29, -0.07, -0.95
Gyro: 7.68, -61.15, 49.32
Accel: -0.36, -0.16, -1.06
Gyro: -1.89, -50.52, 45.60
Accel: -0.38, -0.12, -1.02
Gyro: -12.60, -34.29, 40.00
Accel: -0.33, -0.08, -0.92
Gyro: 3.83, -30.46, 35.18
Accel: -0.35, -0.10, -0.92
Gyro: 6.86, -32.58, 34.73
Accel: -0.40, -0.16, -1.01
Gyro: 0.76, -22.86, 29.43
Accel: -0.38, -0.14, -0.95
Gyro: 0.67, -16.61, 21.33
Accel: -0.38, -0.10, -0.93
Gyro: 1.17, -14.73, 15.64
Accel: -0.39, -0.09, -0.93
Gyro: 2.17, -12.34, 12.31
Accel: -0.39, -0.09, -0.97
Gyro: 3.33, -7.58, 10.86
Accel: -0.39, -0.10, -0.98
Gyro: -2.79, -1.02, 9.10
Accel: -0.37, -0.08, -0.95
Gyro: -2.27, 3.95, 8.07
Accel: -0.35, -0.10, -0.94
Gyro: -1.25, 4.82, 5.97
Accel: -0.33, -0.09, -0.93
Gyro: -0.53, 6.34, 3.66
Accel: -0.32, -0.08, -0.92
Gyro: 2.66, 6.13, 1.91
Accel: -0.31, -0.07, -0.92
Gyro: 3.47, 7.56, 1.70
Accel: -0.29, -0.08, -0.91
Gyro: 3.50, 7.45, 1.21
Accel: -0.29, -0.09, -0.92
Gyro: 2.54, 5.58, 1.00
Accel: -0.29, -0.10, -0.91
Gyro: 0.19, 3.89, 0.40
Accel: -0.30, -0.08, -0.92
Gyro: -1.09, 3.72, -0.60
Accel: -0.30, -0.10, -0.92
Gyro: -0.82, 2.94, -1.01
Accel: -0.30, -0.09, -0.92
Gyro: -2.00, 2.66, -2.26
Accel: -0.31, -0.09, -0.93
Gyro: -2.82, 3.03, -3.03
Accel: -0.32, -0.09, -0.93
Gyro: -3.30, 3.52, -3.20
Accel: -0.32, -0.08, -0.92
Gyro: -1.79, 3.20, -2.85
Accel: -0.31, -0.08, -0.93
Gyro: -1.28, 3.56, -2.59
Accel: -0.31, -0.08, -0.94
Gyro: -2.09, 4.34, -1.35
Accel: -0.31, -0.09, -0.93
Gyro: -2.69, 4.93, -1.17
Accel: -0.29, -0.08, -0.93
Gyro: -2.79, 5.08, -0.92
Accel: -0.28, -0.09, -0.92
Gyro: -2.27, 4.89, -0.77
Accel: -0.28, -0.08, -0.92
Gyro: -1.95, 4.00, -0.62
Accel: -0.28, -0.08, -0.94
Gyro: -1.58, 3.63, -0.43
Accel: -0.27, -0.09, -0.92
Gyro: -0.52, 2.33, 0.01
Accel: -0.27, -0.09, -0.91
Gyro: -0.55, 0.82, -0.69
Accel: -0.27, -0.08, -0.93
Gyro: 1.01, 0.08, -0.71
Accel: -0.28, -0.09, -0.95
Gyro: 1.90, 0.02, -0.33
Accel: -0.28, -0.10, -0.94
Gyro: 0.11, 1.56, -0.47
Accel: -0.27, -0.10, -0.93
Gyro: -0.52, 2.05, -0.67
Accel: -0.27, -0.10, -0.94
Gyro: -1.06, 1.58, -0.72
Accel: -0.27, -0.10, -0.94
Gyro: -2.41, 2.04, -1.52
Accel: -0.28, -0.09, -0.92
Gyro: -3.07, 1.15, -2.04
Accel: -0.28, -0.09, -0.92
Gyro: -3.09, 0.37, -2.39
Accel: -0.27, -0.08, -0.93
Gyro: -3.24, 0.69, -3.01
Accel: -0.27, -0.09, -0.93
Gyro: -2.23, 0.15, -1.98
Accel: -0.28, -0.09, -0.93
Gyro: -3.68, 0.13, -1.72
