Accel: -0.31, -0.06, -0.93
Gyro: 0.21, 3.20, 0.82
Accel: -0.30, -0.05, -0.93
Gyro: 0.69, 2.92, 0.46
Accel: -0.30, -0.05, -0.92
Gyro: 0.20, 2.49, -0.11
Accel: -0.30, -0.06, -0.92
Gyro: 0.01, 1.62, 0.00
Accel: -0.29, -0.05, -0.92
Gyro: -0.07, 1.53, 0.02
Accel: -0.30, -0.06, -0.92
Gyro: 0.02, 1.33, 0.11
Accel: -0.30, -0.05, -0.92
Gyro: -0.28, 0.80, 0.28
Accel: -0.30, -0.06, -0.92
Gyro: -0.88, 0.97, 0.20
Accel: -0.31, -0.06, -0.92
Gyro: -1.98, 0.08, -1.56
Accel: -0.29, -0.05, -0.91
Gyro: -0.08, -0.98, -1.01
Accel: -0.30, -0.05, -0.92
Gyro: -0.14, -1.98, -0.43
Accel: -0.32, -0.04, -0.92
Gyro: 0.13, -2.11, 0.66
Accel: -0.31, -0.03, -0.94
Gyro: 0.76, -0.62, 2.69
Accel: -0.32, 0.02, -0.94
Gyro: 3.46, 0.12, 6.42
Accel: -0.32, 0.06, -0.94
Gyro: 6.87, 1.25, 15.84
Accel: -0.35, 0.06, -0.94
Gyro: 9.19, 1.06, 27.57
Accel: -0.37, 0.04, -0.99
Gyro: 9.86, 5.66, 36.71
Accel: -0.37, 0.06, -0.98
Gyro: 15.07, 12.56, 42.83
Accel: -0.35, 0.07, -0.98
Gyro: 23.67, 18.07, 54.73
Accel: -0.34, 0.01, -0.93
Gyro: 27.83, 21.79, 62.88
Accel: -0.35, -0.04, -1.00
Gyro: 32.36, 27.28, 66.12
Accel: -0.36, -0.09, -1.06
Gyro: 35.71, 43.50, 62.36
Accel: -0.41, -0.25, -1.16
Gyro: 39.18, 62.74, 49.74
Accel: -0.42, -0.37, -1.23
Gyro: 5.98, 104.29, 25.70
Accel: -0.21, -0.20, -0.83
Gyro: 19.23, 99.37, 6.38
Accel: -0.25, -0.16, -1.16
Gyro: 20.89, 104.87, -1.48
Accel: -0.16, -0.16, -0.95
Gyro: 20.58, 125.77, -6.31
Accel: -0.04, -0.21, -0.89
Gyro: 31.33, 113.11, -12.85
Accel: -0.06, -0.24, -1.13
Gyro: 17.23, 131.16, -22.58
Accel: 0.06, -0.26, -0.91
Gyro: 19.23, 146.19, -33.58
Accel: 0.24, -0.35, -0.68
Gyro: 26.04, 133.42, -49.43
Accel: 0.43, -0.37, -0.45
Gyro: 12.74, 87.99, -66.15
Accel: 0.46, -0.34, -0.62
Gyro: 9.41, 47.36, -82.32
Accel: 0.46, -0.38, -0.70
Gyro: 14.83, 22.03, -103.16
Accel: 0.45, -0.36, -0.75
Gyro: 9.06, 7.33, -128.44
Accel: 0.45, -0.26, -0.74
Gyro: 7.39, -6.58, -144.97
Accel: 0.48, -0.10, -0.67
Gyro: 10.08, -28.54, -154.74
Accel: 0.47, 0.00, -0.60
Gyro: 17.36, -59.96, -146.22
Accel: 0.43, 0.05, -0.63
Gyro: 15.04, -91.15, -131.55
Accel: 0.36, 0.18, -0.70
Gyro: 16.95, -116.60, -105.82
Accel: 0.27, 0.21, -0.79
Gyro: 14.92, -135.43, -67.97
Accel: 0.18, 0.22, -0.90
Gyro: 10.68, -138.17, -33.49
Accel: 0.07, 0.11, -0.96
Gyro: 2.95, -135.87, -3.98
Accel: -0.02, 0.06, -0.90
Gyro: -16.81, -138.21, 11.76
Accel: -0.13, 0.26, -1.02
Gyro: -22.83, -135.93, 39.71
Accel: -0.25, 0.25, -1.16
Gyro: -15.01, -116.36, 76.24
Accel: -0.30, 0.09, -1.14
Gyro: -9.22, -87.12, 88.94
Accel: -0.29, 0.03, -1.01
Gyro: 0.63, -68.82, 85.56
Accel: -0.32, 0.03, -0.94
Gyro: 24.45, -56.89, 76.56
Accel: -0.34, -0.03, -1.00
Gyro: 14.49, -48.24, 72.19
Accel: -0.35, -0.06, -0.98
Gyro: 10.57, -41.60, 60.55
Accel: -0.37, -0.06, -0.96
Gyro: 9.99, -35.92, 49.35
Accel: -0.40, -0.05, -0.98
Gyro: 4.84, -32.07, 39.00
Accel: -0.41, -0.02, -1.00
Gyro: 5.71, -22.99, 31.47
Accel: -0.40, 0.00, -0.96
Gyro: 9.99, -15.22, 26.83
Accel: -0.40, -0.01, -0.96
Gyro: 12.92, -10.19, 23.54
Accel: -0.40, -0.01, -0.94
Gyro: 13.02, -3.85, 21.72
Accel: -0.38, -0.02, -0.92
Gyro: 8.91, -1.54, 19.09
Accel: -0.37, -0.01, -0.93
Gyro: 8.52, -0.50, 16.11
Accel: -0.36, -0.04, -0.91
Gyro: 9.05, 1.64, 13.14
Accel: -0.35, -0.01, -0.91
Gyro: 8.82, 1.79, 8.34
Accel: -0.35, -0.00, -0.89
Gyro: 13.34, 1.26, 7.42
Accel: -0.36, -0.02, -0.91
Gyro: 12.90, 1.40, 7.00
Accel: -0.36, -0.02, -0.89
Gyro: 9.86, 0.66, 7.36
Accel: -0.36, -0.03, -0.91
Gyro: 7.93, -1.34, 6.83
Accel: -0.37, -0.03, -0.93
Gyro: 8.40, 0.24, 7.18
Accel: -0.38, -0.06, -0.93
Gyro: 7.96, 3.56, 6.76
Accel: -0.37, -0.06, -0.91
Gyro: 5.34, 3.97, 4.20
Accel: -0.35, -0.05, -0.92
Gyro: 4.13, 4.26, 2.59
Accel: -0.35, -0.04, -0.93
Gyro: 3.53, 6.42, 1.38
Accel: -0.34, -0.06, -0.93
Gyro: 4.14, 7.06, 0.95
Accel: -0.34, -0.08, -0.93
Gyro: 1.50, 9.16, -3.32
Accel: -0.33, -0.06, -0.91
Gyro: 1.78, 9.02, -7.96
Accel: -0.32, -0.04, -0.91
Gyro: 1.69, 8.33, -8.83
Accel: -0.31, -0.05, -0.92
Gyro: 0.68, 7.45, -7.93
Accel: -0.31, -0.06, -0.91
Gyro: -0.01, 7.10, -8.68
Accel: -0.31, -0.06, -0.92
Gyro: 1.13, 4.84, -11.17
Accel: -0.30, -0.06, -0.92
Gyro: 1.66, 4.26, -12.25
Accel: -0.31, -0.05, -0.92
Gyro: 1.51, 3.29, -11.28
Accel: -0.29, -0.04, -0.92
Gyro: 1.07, 2.33, -8.99
Accel: -0.30, -0.05, -0.95
Gyro: 0.92, 3.84, -5.94
Accel: -0.30, 0.01, -0.95
Gyro: 1.73, 5.12, 1.47
Accel: -0.31, -0.07, -0.98
Gyro: -0.40, 7.96, 9.80
Accel: -0.30, -0.09, -0.93
Gyro: 0.40, 12.05, 4.00
Accel: -0.27, -0.10, -0.91
Gyro: 6.10, 8.97, -1.23
Accel: -0.27, -0.07, -0.91
Gyro: 5.97, 5.50, -3.82
Accel: -0.27, -0.08, -0.91
Gyro: 6.07, 1.97, -0.89
Accel: -0.27, -0.11, -0.91
Gyro: 2.00, -0.59, -0.31
Accel: -0.28, -0.10, -0.93
Gyro: 0.26, -0.95, -1.17
Accel: -0.28, -0.10, -0.94
Gyro: 0.21, -0.51, -1.56
Accel: -0.29, -0.10, -0.96
Gyro: -0.36, 1.10, -1.63
Accel: -0.27, -0.10, -0.94
Gyro: -1.01, 2.09, -2.37
Accel: -0.27, -0.11, -0.94
Gyro: -1.48, 1.65, -2.87
Accel: -0.26, -0.11, -0.93
Gyro: -3.36, 0.76, -4.21
Accel: -0.26, -0.08, -0.92
Gyro: -2.85, -0.26, -4.11
Accel: -0.26, -0.09, -0.93
Gyro: -3.10, -1.05, -3.66
Accel: -0.27, -0.08, -0.94
Gyro: -3.78, -0.68, -3.27
Accel: -0.27, -0.07, -0.94
Gyro: -3.06, -0.36, -1.98
Accel: -0.27, -0.07, -0.94
Gyro: -2.28, 0.12, -0.94
Accel: -0.27, -0.08, -0.94
Gyro: -1.76, 0.34, -0.38
Accel: -0.26, -0.08, -0.93
Gyro: -0.91, -0.33, 0.30
