Accel: -0.22, -0.12, -0.92
Gyro: -1.68, 0.57, -1.27
Accel: -0.23, -0.13, -0.92
Gyro: -2.36, 0.29, -1.53
Accel: -0.22, -0.12, -0.93
Gyro: -3.10, 0.47, -1.82
Accel: -0.22, -0.12, -0.94
Gyro: -2.72, 0.37, -2.01
Accel: -0.22, -0.12, -0.92
Gyro: -2.82, 0.27, -2.33
Accel: -0.23, -0.12, -0.94
Gyro: -2.82, 0.19, -2.09
Accel: -0.23, -0.11, -0.94
Gyro: -2.51, 0.18, -1.92
Accel: -0.22, -0.11, -0.94
Gyro: -3.25, 1.00, -1.74
Accel: -0.22, -0.11, -0.94
Gyro: -3.04, 0.56, -1.63
Accel: -0.21, -0.12, -0.93
Gyro: -1.15, -0.61, -1.04
Accel: -0.21, -0.13, -0.93
Gyro: -1.73, -0.85, -1.34
Accel: -0.22, -0.12, -0.94
Gyro: -2.24, -0.81, -1.11
Accel: -0.22, -0.12, -0.94
Gyro: -1.78, -0.22, -0.64
Accel: -0.22, -0.12, -0.94
Gyro: -2.08, -0.21, -0.73
Accel: -0.22, -0.12, -0.92
Gyro: -1.79, -0.43, -0.65
Accel: -0.22, -0.11, -0.94
Gyro: -1.33, -0.83, -0.16
Accel: -0.23, -0.11, -0.94
Gyro: -1.76, 0.35, 0.48
Accel: -0.22, -0.10, -0.94
Gyro: -0.45, 0.35, 2.03
Accel: -0.22, -0.10, -0.93
Gyro: -0.24, 0.20, 4.34
Accel: -0.22, -0.06, -0.94
Gyro: -0.46, 0.84, 9.42
Accel: -0.22, -0.04, -0.95
Gyro: -0.17, 1.15, 17.63
Accel: -0.23, 0.03, -0.95
Gyro: -0.40, 2.17, 34.37
Accel: -0.25, -0.04, -0.95
Gyro: -4.44, 4.87, 50.76
Accel: -0.25, -0.07, -0.95
Gyro: -7.23, 7.74, 55.12
Accel: -0.24, -0.09, -0.95
Gyro: -4.34, 9.43, 54.50
Accel: -0.26, -0.08, -1.00
Gyro: -0.96, 14.18, 52.63
Accel: -0.30, -0.07, -1.04
Gyro: 3.03, 23.97, 52.05
Accel: -0.33, -0.05, -1.11
Gyro: 1.92, 40.86, 53.73
Accel: -0.32, -0.05, -1.09
Gyro: 3.87, 60.52, 57.30
Accel: -0.28, -0.00, -1.07
Gyro: 1.05, 77.23, 65.90
Accel: -0.19, -0.06, -0.93
Gyro: -4.89, 84.21, 77.26
Accel: -0.15, -0.15, -0.99
Gyro: -8.33, 81.72, 74.52
Accel: -0.08, -0.14, -0.96
Gyro: -4.81, 87.75, 64.05
Accel: -0.05, -0.19, -0.98
Gyro: 5.07, 89.65, 46.18
Accel: -0.01, -0.18, -0.95
Gyro: 8.99, 97.60, 27.43
Accel: 0.07, -0.21, -0.92
Gyro: 17.45, 93.84, 8.22
Accel: 0.08, -0.21, -1.01
Gyro: 16.27, 101.13, -12.02
Accel: 0.19, -0.16, -0.87
Gyro: 24.17, 99.32, -27.45
Accel: 0.24, -0.20, -0.92
Gyro: 30.40, 93.64, -40.93
Accel: 0.28, -0.19, -0.86
Gyro: 32.58, 92.57, -55.60
Accel: 0.37, -0.16, -0.75
Gyro: 38.89, 83.98, -67.17
Accel: 0.45, -0.14, -0.74
Gyro: 42.03, 69.37, -72.13
Accel: 0.49, -0.16, -0.77
Gyro: 37.93, 55.69, -73.00
Accel: 0.53, -0.19, -0.73
Gyro: 32.04, 45.51, -78.22
Accel: 0.56, -0.20, -0.71
Gyro: 32.21, 36.44, -89.74
Accel: 0.58, -0.18, -0.72
Gyro: 40.61, 23.56, -103.84
Accel: 0.58, -0.19, -0.72
Gyro: 51.41, 11.05, -120.25
Accel: 0.59, -0.14, -0.74
Gyro: 53.47, 2.81, -131.15
Accel: 0.58, -0.12, -0.79
Gyro: 43.33, 1.62, -135.12
Accel: 0.60, -0.03, -0.67
Gyro: 43.09, -2.72, -134.00
Accel: 0.62, -0.02, -0.70
Gyro: 45.20, -15.70, -126.32
Accel: 0.60, 0.02, -0.71
Gyro: 45.93, -27.69, -123.72
Accel: 0.61, 0.09, -0.65
Gyro: 44.58, -38.09, -110.89
Accel: 0.61, 0.05, -0.59
Gyro: 47.69, -60.44, -99.95
Accel: 0.57, 0.11, -0.62
Gyro: 45.57, -87.55, -86.51
Accel: 0.51, 0.12, -0.75
Gyro: 35.44, -107.48, -61.28
Accel: 0.41, 0.17, -0.96
Gyro: 21.90, -105.00, -32.36
Accel: 0.35, 0.15, -0.92
Gyro: 11.70, -92.24, 0.17
Accel: 0.33, 0.15, -0.87
Gyro: -0.21, -91.08, 23.82
Accel: 0.28, 0.21, -0.87
Gyro: -0.34, -94.10, 52.94
Accel: 0.20, 0.26, -0.92
Gyro: -0.39, -92.41, 85.72
Accel: 0.11, 0.29, -0.92
Gyro: 2.53, -88.71, 132.32
Accel: 0.03, -0.07, -0.88
Gyro: -3.30, -88.86, 147.67
Accel: -0.01, -0.05, -0.95
Gyro: -15.11, -87.23, 134.60
Accel: -0.05, -0.01, -0.93
Gyro: -9.89, -86.93, 126.79
Accel: -0.12, -0.08, -0.94
Gyro: 3.14, -87.01, 115.68
Accel: -0.19, -0.19, -0.96
Gyro: 8.78, -83.25, 96.59
Accel: -0.24, -0.16, -1.04
Gyro: 4.83, -74.23, 72.56
Accel: -0.29, -0.15, -1.07
Gyro: 10.15, -60.65, 55.88
Accel: -0.27, -0.19, -1.09
Gyro: 12.06, -44.68, 36.51
Accel: -0.35, -0.17, -1.04
Gyro: 11.31, -32.37, 23.77
Accel: -0.33, -0.13, -1.01
Gyro: 7.11, -16.54, 14.34
Accel: -0.34, -0.12, -1.03
Gyro: 8.84, -7.64, 12.00
Accel: -0.31, -0.13, -0.93
Gyro: 2.47, -4.17, 6.65
Accel: -0.30, -0.15, -0.93
Gyro: 1.19, -4.33, 0.46
Accel: -0.28, -0.14, -0.90
Gyro: -3.81, -5.28, -5.14
Accel: -0.28, -0.10, -0.92
Gyro: -3.11, -6.74, -8.24
Accel: -0.29, -0.09, -0.95
Gyro: -3.50, -5.08, -6.91
Accel: -0.28, -0.07, -0.93
Gyro: -6.33, -2.82, -4.87
Accel: -0.28, -0.07, -0.95
Gyro: -4.43, -2.87, -2.96
Accel: -0.28, -0.08, -0.95
Gyro: -5.39, -0.57, -2.06
Accel: -0.27, -0.09, -0.96
Gyro: -6.58, 2.15, -2.92
Accel: -0.26, -0.09, -0.94
Gyro: -5.14, 3.32, -4.25
Accel: -0.25, -0.08, -0.95
Gyro: -3.59, 5.06, -5.08
Accel: -0.24, -0.07, -0.94
Gyro: -2.57, 5.71, -5.13
Accel: -0.23, -0.08, -0.94
Gyro: -2.25, 5.34, -4.53
Accel: -0.21, -0.08, -0.95
Gyro: -3.81, 5.38, -4.54
Accel: -0.21, -0.07, -0.94
Gyro: -3.25, 5.27, -4.23
Accel: -0.21, -0.09, -0.93
Gyro: -3.85, 3.81, -4.19
Accel: -0.21, -0.08, -0.94
Gyro: -6.58, 3.99, -6.00
Accel: -0.21, -0.07, -0.93
Gyro: -5.55, 3.15, -6.79
Accel: -0.21, -0.06, -0.92
Gyro: -4.89, 1.63, -6.96
Accel: -0.22, -0.05, -0.93
Gyro: -4.53, 0.54, -5.97
Accel: -0.22, -0.05, -0.93
Gyro: -4.00, -0.36, -4.75
Accel: -0.22, -0.05, -0.93
Gyro: -3.43, -0.50, -3.02
Accel: -0.23, -0.05, -0.94
Gyro: -3.12, -0.63, -1.87
Accel: -0.23, -0.06, -0.94
Gyro: -2.46, -0.92, -1.42
Accel: -0.23, -0.06, -0.93
Gyro: -2.20, -1.04, -1.15
Accel: -0.24, -0.06, -0.94
Gyro: -1.67, -1.01, -0.94
Accel: -0.23, -0.07, -0.95
Gyro: -0.98, -0.69, -0.52
Accel: -0.24, -0.06, -0.94
Gyro: 0.31, 0.60, 0.08
