Accel: -0.80, 0.05, -0.80
Gyro: 3.97, 6.29, -0.57
Accel: -0.75, 0.04, -0.77
Gyro: -1.95, 12.71, 0.11
Accel: -0.70, 0.04, -0.72
Gyro: -3.85, 16.18, -0.05
Accel: -0.65, 0.05, -0.68
Gyro: -4.93, 16.10, 0.82
Accel: -0.61, 0.03, -0.65
Gyro: -4.71, 13.21, 0.71
Accel: -0.60, 0.03, -0.68
Gyro: -4.23, 10.26, -0.50
Accel: -0.60, 0.03, -0.69
Gyro: -2.04, 8.90, -1.08
Accel: -0.59, 0.02, -0.66
Gyro: -1.22, 5.68, -2.65
Accel: -0.59, 0.03, -0.65
Gyro: -1.53, 1.24, -3.85
Accel: -0.62, 0.04, -0.68
Gyro: -2.19, -1.64, -5.01
Accel: -0.63, 0.05, -0.70
Gyro: -2.48, -2.14, -5.68
Accel: -0.66, 0.06, -0.71
Gyro: -3.54, -3.46, -4.14
Accel: -0.71, 0.05, -0.76
Gyro: -4.67, -1.17, -2.71
Accel: -0.76, 0.05, -0.80
Gyro: -4.90, 3.71, -3.97
Accel: -0.85, 0.07, -0.94
Gyro: -3.86, 14.82, -5.39
Accel: -0.93, 0.07, -1.06
Gyro: -1.05, 37.95, -6.36
Accel: -0.98, 0.08, -1.10
Gyro: -0.78, 66.19, -8.29
Accel: -1.04, 0.11, -1.19
Gyro: 6.82, 98.16, -8.53
Accel: -1.07, 0.12, -1.22
Gyro: 11.70, 136.41, -7.71
Accel: -1.03, 0.10, -1.16
Gyro: 14.37, 175.64, -5.84
Accel: -0.90, 0.06, -0.94
Gyro: 20.45, 197.13, -4.44
Accel: -0.77, 0.07, -0.91
Gyro: 21.37, 210.97, -3.51
Accel: -0.54, 0.06, -0.72
Gyro: 22.66, 211.09, -0.17
Accel: -0.26, -0.01, -0.44
Gyro: 23.36, 188.26, 0.45
Accel: -0.02, -0.07, -0.28
Gyro: 19.38, 147.71, -2.66
Accel: 0.10, -0.02, -0.35
Gyro: 18.06, 104.11, -5.20
Accel: 0.12, -0.03, -0.63
Gyro: 15.85, 75.69, -4.88
Accel: 0.11, -0.07, -0.67
Gyro: 9.77, 59.85, -7.09
Accel: 0.09, -0.08, -0.72
Gyro: 4.73, 48.36, -8.72
Accel: 0.08, -0.07, -0.76
Gyro: 0.35, 37.37, -9.13
Accel: 0.06, -0.04, -0.77
Gyro: -1.02, 27.62, -7.01
Accel: 0.02, -0.05, -0.86
Gyro: -2.40, 21.00, -4.64
Accel: -0.01, -0.04, -0.93
Gyro: -7.10, 19.05, -3.91
Accel: 0.01, -0.03, -0.91
Gyro: -10.68, 16.01, -3.65
Accel: 0.01, -0.03, -0.90
Gyro: -9.10, 9.59, -2.88
Accel: -0.01, -0.03, -0.95
Gyro: -11.38, 3.90, -3.24
Accel: -0.03, -0.02, -0.99
Gyro: -10.67, 1.95, -3.03
Accel: -0.04, -0.00, -0.99
Gyro: -7.77, 1.76, -2.43
Accel: -0.03, -0.00, -0.95
Gyro: -4.50, 0.53, -1.94
Accel: -0.02, -0.03, -0.95
Gyro: -1.51, -3.09, -2.06
Accel: -0.03, -0.01, -0.97
Gyro: 0.10, -3.97, -2.53
Accel: -0.04, 0.00, -0.97
Gyro: 4.51, -0.95, -1.18
Accel: -0.01, -0.02, -0.95
Gyro: 4.77, 0.14, 0.11
Accel: -0.01, -0.04, -0.94
Gyro: 4.76, -0.72, 0.40
Accel: -0.01, -0.05, -0.96
Gyro: 2.82, -1.63, -0.58
Accel: -0.02, -0.04, -0.98
Gyro: -0.50, -0.12, -1.21
Accel: -0.01, -0.03, -0.95
Gyro: -2.46, 0.64, -1.27
Accel: 0.01, -0.05, -0.94
Gyro: -3.82, -0.84, -1.36
Accel: -0.00, -0.05, -0.95
Gyro: -5.84, -3.10, -2.09
Accel: -0.01, -0.03, -0.97
Gyro: -6.99, -4.21, -2.31
Accel: -0.02, -0.03, -0.96
Gyro: -6.88, -4.84, -2.20
Accel: -0.03, -0.02, -0.98
Gyro: -6.48, -5.04, -2.04
Accel: -0.03, -0.01, -0.94
Gyro: -3.22, -6.33, -1.18
Accel: -0.05, -0.03, -0.96
Gyro: -2.42, -6.51, -0.99
Accel: -0.05, -0.02, -0.97
Gyro: -2.38, -5.38, -2.53
Accel: -0.04, 0.02, -0.95
Gyro: -0.39, -5.06, -2.65
Accel: -0.05, 0.00, -0.97
Gyro: 1.53, -5.42, -1.10
Accel: -0.06, -0.03, -0.98
Gyro: 0.97, -4.80, -1.64
Accel: -0.07, -0.02, -0.99
Gyro: 0.21, -3.81, -1.81
Accel: -0.06, -0.01, -0.98
Gyro: -1.66, -2.88, -1.73
Accel: -0.06, -0.02, -0.97
Gyro: -2.04, -3.47, -1.21
Accel: -0.07, -0.02, -0.98
Gyro: -2.86, -2.87, -1.31
Accel: -0.07, -0.02, -0.98
Gyro: -3.56, -1.10, -1.56
Accel: -0.06, -0.02, -0.96
Gyro: -4.08, -1.32, -2.01
Accel: -0.05, -0.02, -0.96
Gyro: -4.10, -1.76, -2.08
Accel: -0.05, -0.02, -0.96
Gyro: -3.31, -2.46, -2.27
Accel: -0.06, -0.02, -0.96
Gyro: -3.20, -1.54, -2.98
Accel: -0.05, -0.01, -0.96
Gyro: -2.73, -1.11, -3.40
Accel: -0.05, -0.00, -0.95
Gyro: -1.61, -2.19, -2.72
Accel: -0.05, -0.02, -0.97
Gyro: -1.73, -1.85, -2.48
Accel: -0.06, -0.02, -0.95
Gyro: -2.14, -2.20, -2.30
Accel: -0.06, -0.01, -0.96
Gyro: -3.21, -2.02, -2.52
Accel: -0.06, -0.00, -0.97
Gyro: -3.36, -1.50, -2.08
Accel: -0.05, -0.00, -0.97
Gyro: -2.84, -1.65, -1.21
Accel: -0.06, -0.02, -0.97
Gyro: -3.00, -2.02, -1.17
Accel: -0.06, -0.01, -0.97
Gyro: -3.02, -1.69, -1.40
Accel: -0.06, -0.01, -0.97
Gyro: -2.37, -2.30, -0.72
Accel: -0.06, -0.01, -0.97
Gyro: -1.75, -1.88, -0.48
Accel: -0.06, -0.02, -0.96
Gyro: -1.45, -1.85, -0.11
Accel: -0.06, -0.02, -0.96
Gyro: -1.53, -2.51, -0.21
Accel: -0.06, -0.03, -0.97
Gyro: -1.82, -1.94, -0.49
Accel: -0.08, -0.01, -0.98
Gyro: -1.87, -1.24, -0.15
Accel: -0.08, -0.02, -0.97
Gyro: -1.48, 0.05, 0.87
Accel: -0.06, -0.03, -0.96
Gyro: -2.00, 0.74, 1.46
Accel: -0.05, -0.03, -0.95
Gyro: -3.34, -0.40, 1.25
Accel: -0.05, -0.04, -0.95
Gyro: -4.74, -1.34, 0.84
Accel: -0.05, -0.03, -0.98
Gyro: -5.78, -2.08, 0.39
Accel: -0.05, -0.03, -0.97
Gyro: -5.23, -2.20, -0.33
Accel: -0.05, -0.04, -0.96
Gyro: -5.86, -2.48, -1.41
Accel: -0.05, -0.03, -0.96
Gyro: -6.94, -2.62, -2.94
Accel: -0.06, -0.00, -0.97
Gyro: -6.15, -2.72, -3.50
Accel: -0.06, 0.01, -0.96
Gyro: -5.47, -3.29, -3.57
Accel: -0.06, -0.00, -0.97
Gyro: -4.90, -3.88, -4.29
Accel: -0.07, 0.01, -0.97
Gyro: -5.51, -3.67, -4.88
Accel: -0.07, 0.03, -0.97
Gyro: -4.63, -3.40, -4.57
Accel: -0.09, 0.01, -0.96
Gyro: -3.90, -3.21, -3.51
Accel: -0.08, 0.02, -0.97
Gyro: -3.45, -2.67, -2.74
Accel: -0.08, 0.02, -0.97
Gyro: -2.72, -2.00, -2.07
Accel: -0.08, 0.02, -0.96
Gyro: -2.17, -2.20, -1.73
Accel: -0.08, 0.01, -0.96
Gyro: -2.15, -2.24, -1.47
Accel: -0.08, 0.01, -0.97
Gyro: -1.63, -2.01, -1.54
Accel: -0.07, -0.00, -0.97
Gyro: -1.66, -1.85, -1.72
Accel: -0.09, 0.01, -0.98
Gyro: -2.11, -0.69, -2.11
Accel: -0.07, 0.01, -0.96
Gyro: -1.57, -0.73, -1.64
Accel: -0.07, -0.00, -0.96
Gyro: -1.63, -0.72, -1.50
Accel: -0.07, -0.01, -0.97
Gyro: -2.19, -1.14, -2.20
Accel: -0.07, 0.00, -0.98
Gyro: -2.71, -0.72, -2.75
Accel: -0.07, 0.00, -0.97
Gyro: -2.96, -0.11, -2.66
Accel: -0.07, 0.01, -0.96
Gyro: -2.56, -0.28, -2.69
Accel: -0.07, 0.01, -0.96
Gyro: -2.04, -0.15, -2.63
Accel: -0.07, 0.01, -0.96
Gyro: -1.66, -0.55, -2.43
Accel: -0.07, 0.01, -0.96
Gyro: -1.74, 0.00, -2.02
Accel: -0.07, 0.01, -0.98
Gyro: -1.73, 0.00, -1.41
Accel: -0.07, 0.00, -0.97
Gyro: -1.95, 0.71, -1.14
Accel: -0.06, 0.00, -0.96
Gyro: -1.97, 0.24, -0.94
Accel: -0.07, 0.01, -0.95
Gyro: -2.49, -0.02, -0.85
Accel: -0.06, 0.00, -0.96
Gyro: -2.32, -0.55, -0.92
Accel: -0.06, 0.01, -0.96
Gyro: -2.13, -0.48, -0.98
Accel: -0.06, 0.01, -0.96
Gyro: -1.81, -0.43, -0.56
Accel: -0.06, 0.00, -0.97
Gyro: -1.81, -0.61, -0.58
Accel: -0.07, 0.00, -0.96
Gyro: -1.71, -0.98, -0.39
Accel: -0.07, -0.01, -0.97
Gyro: -2.13, -1.14, -0.96
Accel: -0.06, -0.01, -0.96
Gyro: -1.93, -0.78, -1.44
Accel: -0.07, -0.00, -0.97
Gyro: -1.62, -0.66, -1.44
Accel: -0.07, -0.01, -0.97
Gyro: -3.12, -0.72, -2.04
Accel: -0.07, 0.01, -0.96
Gyro: -3.12, -0.52, -2.60
Accel: -0.07, 0.01, -0.97
Gyro: -2.04, -0.50, -2.11
Accel: -0.08, -0.01, -0.97
Gyro: -2.15, 0.12, -2.83
Accel: -0.08, -0.00, -0.98
Gyro: -2.41, 0.08, -3.84
Accel: -0.08, 0.01, -0.98
Gyro: -2.91, 0.71, -4.02
Accel: -0.07, 0.03, -0.97
Gyro: -2.05, 1.33, -3.05
Accel: -0.08, 0.01, -0.97
Gyro: -1.90, 1.85, -2.35
Accel: -0.07, 0.00, -0.96
Gyro: -1.65, 2.11, -2.07
Accel: -0.07, 0.01, -0.96
Gyro: -2.06, 2.27, -2.14
Accel: -0.06, 0.01, -0.95
Gyro: -1.79, 1.62, -1.85
Accel: -0.07, 0.01, -0.96
Gyro: -1.51, 0.87, -1.50
Accel: -0.06, -0.00, -0.98
Gyro: -1.56, 0.94, -1.65
Accel: -0.07, -0.00, -0.98
Gyro: -2.44, 2.05, -2.00
Accel: -0.05, 0.01, -0.96
Gyro: -2.53, 2.52, -2.11
Accel: -0.07, 0.01, -0.97
Gyro: -1.72, 1.47, -1.51
Accel: -0.06, -0.01, -0.97
Gyro: -2.61, 1.50, -1.90
Accel: -0.06, -0.00, -0.98
Gyro: -3.45, 1.77, -2.56
Accel: -0.05, 0.02, -0.97
Gyro: -3.38, 1.85, -2.88
Accel: -0.06, 0.02, -0.95
Gyro: -2.50, 1.08, -2.55
Accel: -0.04, 0.02, -0.96
Gyro: -1.88, 0.79, -2.59
Accel: -0.03, 0.01, -0.95
Gyro: -1.43, -0.47, -2.59
Accel: 0.01, 0.01, -0.91
Gyro: -1.13, -3.59, -3.02
Accel: 0.03, -0.01, -0.86
Gyro: -1.24, -9.73, -3.15
Accel: 0.06, -0.02, -0.81
Gyro: -3.07, -19.58, -3.62
Accel: 0.09, -0.02, -0.77
Gyro: -4.99, -32.50, -4.27
Accel: 0.11, -0.03, -0.69
Gyro: -4.08, -50.34, -4.83
