Accel: -0.04, 0.02, -0.96
Gyro: -2.91, -3.71, -2.35
Accel: -0.04, 0.02, -0.97
Gyro: -3.36, -3.80, -3.79
Accel: -0.05, 0.03, -0.96
Gyro: -3.61, -3.83, -4.46
Accel: -0.05, 0.04, -0.96
Gyro: -4.10, -3.36, -5.07
Accel: -0.05, 0.06, -0.97
Gyro: -3.59, -2.87, -3.64
Accel: -0.05, 0.04, -0.97
Gyro: -3.72, -2.54, -2.71
Accel: -0.05, 0.04, -0.97
Gyro: -3.71, -2.02, -2.40
Accel: -0.04, 0.05, -0.97
Gyro: -3.83, -1.99, -2.49
Accel: -0.05, 0.05, -0.96
Gyro: -3.76, -2.31, -2.59
Accel: -0.04, 0.05, -0.95
Gyro: -2.94, -2.32, -2.61
Accel: -0.05, 0.05, -0.97
Gyro: -2.78, -1.88, -2.42
Accel: -0.05, 0.06, -0.97
Gyro: -2.41, -1.40, -2.20
Accel: -0.05, 0.06, -0.97
Gyro: -1.44, -1.19, -1.34
Accel: -0.04, 0.05, -0.97
Gyro: -1.96, -1.24, -1.40
Accel: -0.05, 0.05, -0.97
Gyro: -2.17, -1.36, -1.33
Accel: -0.05, 0.05, -0.97
Gyro: -2.47, -1.10, -1.45
Accel: -0.05, 0.06, -0.96
Gyro: -2.16, -1.27, -0.97
Accel: -0.05, 0.05, -0.97
Gyro: -1.73, -1.24, -0.86
Accel: -0.05, 0.05, -0.97
Gyro: -1.63, -0.94, -0.79
Accel: -0.05, 0.05, -0.98
Gyro: -1.46, -0.79, -0.87
Accel: -0.05, 0.05, -0.96
Gyro: -1.09, -0.41, -0.56
Accel: -0.04, 0.05, -0.96
Gyro: -1.40, -1.00, -0.35
Accel: -0.06, 0.05, -0.97
Gyro: -1.91, -0.08, -0.18
Accel: -0.04, 0.04, -0.97
Gyro: -2.16, -0.31, -0.02
Accel: -0.05, 0.04, -0.97
Gyro: -2.17, 0.08, -0.35
Accel: -0.05, 0.04, -0.97
Gyro: -1.41, 0.04, -1.09
Accel: -0.05, 0.05, -0.96
Gyro: -1.47, -0.01, -1.84
Accel: -0.05, 0.05, -0.96
Gyro: -0.90, -0.18, -2.09
Accel: -0.04, 0.05, -0.97
Gyro: -1.09, -0.06, -1.81
Accel: -0.05, 0.05, -0.96
Gyro: -1.12, -0.30, -1.50
Accel: -0.04, 0.04, -0.96
Gyro: -1.49, -0.21, -0.95
Accel: -0.04, 0.04, -0.97
Gyro: -2.16, -0.55, -0.47
Accel: -0.05, 0.05, -0.97
Gyro: -2.02, -0.50, -0.42
Accel: -0.05, 0.04, -0.96
Gyro: -1.97, -0.82, -0.98
Accel: -0.04, 0.04, -0.97
Gyro: -3.07, -0.69, -1.56
Accel: -0.04, 0.06, -0.96
Gyro: -1.96, -0.52, -1.09
Accel: -0.04, 0.05, -0.96
Gyro: -0.89, -0.90, -0.56
Accel: -0.04, 0.03, -0.96
Gyro: -1.25, -1.07, -1.15
Accel: -0.05, 0.04, -0.97
Gyro: -1.75, -1.24, -1.63
Accel: -0.05, 0.06, -0.98
Gyro: -2.11, -1.16, -0.95
Accel: -0.05, 0.05, -0.97
Gyro: -1.36, -1.40, -0.47
Accel: -0.05, 0.04, -0.97
Gyro: -1.40, -0.77, -0.40
Accel: -0.05, 0.05, -0.96
Gyro: -1.72, -0.50, -0.48
Accel: -0.04, 0.04, -0.97
Gyro: -1.94, -0.53, -1.27
Accel: -0.04, 0.05, -0.95
Gyro: -1.59, -0.96, -1.63
Accel: -0.05, 0.04, -0.97
Gyro: -1.10, -1.01, -1.56
Accel: -0.04, 0.04, -0.96
Gyro: -1.03, -1.25, -1.80
Accel: -0.04, 0.05, -0.97
Gyro: -1.72, -1.30, -2.45
Accel: -0.04, 0.05, -0.95
Gyro: -1.42, -1.38, -2.13
Accel: -0.04, 0.04, -0.97
Gyro: -1.36, -2.66, -1.47
Accel: -0.04, 0.04, -0.96
Gyro: -1.85, -3.59, -1.92
Accel: -0.05, 0.04, -0.96
Gyro: -2.77, -4.01, -2.36
Accel: -0.06, 0.05, -0.97
Gyro: -3.36, -3.62, -2.60
Accel: -0.06, 0.05, -0.97
Gyro: -2.71, -2.85, -2.23
Accel: -0.05, 0.06, -0.96
Gyro: -2.12, -2.82, -1.68
Accel: -0.04, 0.05, -0.95
Gyro: -1.63, -3.18, -1.49
Accel: -0.05, 0.05, -0.95
Gyro: -1.52, -4.33, -1.46
Accel: -0.03, 0.05, -0.94
Gyro: -1.25, -5.82, -1.16
Accel: -0.01, 0.05, -0.93
Gyro: -0.87, -8.03, -1.65
Accel: 0.01, 0.04, -0.89
Gyro: -0.84, -12.63, -1.63
Accel: 0.03, 0.04, -0.84
Gyro: -0.75, -21.39, -2.01
Accel: 0.05, 0.06, -0.80
Gyro: -0.17, -32.14, -0.25
Accel: 0.05, 0.04, -0.78
Gyro: -0.69, -45.52, 1.21
Accel: 0.03, 0.01, -0.77
Gyro: -3.00, -59.89, 0.63
Accel: 0.02, -0.01, -0.75
Gyro: -7.22, -74.89, -1.82
Accel: 0.01, 0.02, -0.73
Gyro: -9.90, -90.04, -4.20
Accel: -0.01, 0.05, -0.69
Gyro: -10.15, -104.87, -1.80
Accel: -0.03, 0.00, -0.64
Gyro: -11.54, -124.98, -1.46
Accel: -0.08, -0.02, -0.63
Gyro: -15.21, -142.75, -7.51
Accel: -0.21, 0.09, -0.51
Gyro: -10.38, -160.56, -9.70
Accel: -0.44, 0.19, -0.67
Gyro: -8.48, -174.56, -2.26
Accel: -0.75, 0.12, -1.20
Gyro: -6.31, -157.01, 8.17
Accel: -0.80, 0.02, -1.32
Gyro: -26.47, -107.00, 5.61
Accel: -0.78, 0.08, -0.92
Gyro: -18.84, -86.06, -0.60
Accel: -0.92, 0.13, -1.14
Gyro: -12.73, -66.56, -0.18
Accel: -0.95, 0.15, -1.20
Gyro: -5.64, -34.61, -0.18
Accel: -0.88, 0.14, -1.04
Gyro: 1.39, -12.68, 0.31
Accel: -0.83, 0.12, -0.95
Gyro: 0.76, -2.30, 0.93
Accel: -0.82, 0.13, -0.98
Gyro: 6.58, 8.93, 1.30
Accel: -0.80, 0.12, -1.04
Gyro: 5.55, 23.88, 1.66
Accel: -0.78, 0.14, -0.99
Gyro: 3.86, 36.89, 2.99
Accel: -0.77, 0.12, -1.02
Gyro: 2.85, 52.54, 4.30
Accel: -0.76, 0.10, -1.03
Gyro: 0.16, 69.83, 4.09
Accel: -0.73, 0.13, -0.97
Gyro: 1.12, 84.98, 3.93
Accel: -0.71, 0.13, -1.00
Gyro: 5.55, 102.36, 5.00
Accel: -0.65, 0.12, -0.99
Gyro: 11.60, 119.62, 5.63
Accel: -0.55, 0.07, -0.88
Gyro: 15.97, 128.72, 4.22
Accel: -0.46, 0.05, -0.86
Gyro: 17.40, 134.30, 1.23
Accel: -0.34, 0.07, -0.84
Gyro: 18.10, 136.70, -1.99
Accel: -0.23, 0.08, -0.76
Gyro: 21.24, 130.49, -1.80
Accel: -0.13, 0.04, -0.72
Gyro: 18.60, 120.86, -1.77
Accel: -0.03, 0.03, -0.65
Gyro: 16.24, 103.72, -2.90
Accel: 0.02, 0.05, -0.69
Gyro: 13.13, 83.95, -1.64
Accel: 0.04, 0.06, -0.76
Gyro: 10.39, 70.58, 0.76
Accel: 0.08, 0.06, -0.74
Gyro: 11.26, 57.98, 4.65
Accel: 0.12, -0.01, -0.72
Gyro: 9.22, 42.47, 5.47
Accel: 0.13, -0.01, -0.77
Gyro: 6.86, 28.28, 3.59
Accel: 0.11, 0.02, -0.82
Gyro: 5.55, 17.88, 4.48
Accel: 0.08, -0.02, -0.86
Gyro: 3.41, 10.19, 7.61
Accel: 0.06, -0.09, -0.85
Gyro: -1.04, 3.57, 3.46
Accel: 0.03, -0.07, -0.90
Gyro: -3.95, -2.24, -3.54
Accel: -0.01, -0.01, -0.97
Gyro: -7.15, -4.07, -7.58
Accel: -0.03, 0.02, -0.96
Gyro: -5.44, -4.49, -6.74
Accel: -0.03, 0.01, -0.97
Gyro: -7.19, -6.27, -5.52
Accel: -0.05, 0.01, -0.96
Gyro: -5.97, -7.65, -4.52
Accel: -0.06, 0.01, -1.01
Gyro: -5.30, -7.23, -3.78
Accel: -0.06, 0.01, -1.02
Gyro: -3.59, -4.72, -3.90
Accel: -0.05, 0.01, -0.99
Gyro: -2.27, -2.91, -5.06
Accel: -0.05, 0.02, -0.98
Gyro: -0.82, -2.66, -5.61
Accel: -0.05, 0.02, -0.99
Gyro: 0.51, -1.34, -4.88
Accel: -0.05, 0.00, -1.00
Gyro: 0.47, 0.92, -4.49
Accel: -0.05, 0.00, -0.98
Gyro: -3.73, 3.67, -5.18
Accel: -0.03, 0.03, -0.97
Gyro: -4.51, 3.41, -5.10
Accel: -0.02, 0.03, -0.95
Gyro: -3.75, 2.25, -4.13
Accel: -0.01, 0.03, -0.96
Gyro: -5.13, 1.21, -3.16
Accel: -0.03, 0.03, -0.96
Gyro: -6.23, 1.89, -2.78
Accel: -0.02, 0.04, -0.96
Gyro: -6.81, 1.97, -1.14
Accel: -0.03, 0.03, -0.96
Gyro: -7.26, 1.43, 0.75
Accel: -0.02, 0.03, -0.94
Gyro: -6.76, -0.10, 1.30
Accel: -0.03, 0.04, -0.96
Gyro: -6.11, -0.83, 1.34
Accel: -0.04, 0.04, -0.97
Gyro: -4.55, -1.87, 1.43
Accel: -0.04, 0.03, -0.97
Gyro: -3.33, -1.30, 0.67
Accel: -0.03, 0.02, -0.95
Gyro: -2.47, -2.13, -1.16
Accel: -0.05, 0.02, -0.96
Gyro: -2.39, -2.80, -3.27
Accel: -0.04, 0.04, -0.99
Gyro: -2.67, -1.95, -4.35
Accel: -0.04, 0.06, -0.96
Gyro: -1.21, -1.68, -3.36
Accel: -0.04, 0.04, -0.96
Gyro: -1.86, -2.75, -2.96
Accel: -0.05, 0.03, -0.97
Gyro: -2.98, -2.91, -3.09
Accel: -0.04, 0.04, -0.96
Gyro: -3.89, -2.66, -3.54
Accel: -0.04, 0.05, -0.96
Gyro: -2.89, -3.49, -3.07
Accel: -0.03, 0.05, -0.97
Gyro: -1.25, -3.33, -2.81
Accel: -0.05, 0.04, -0.98
Gyro: -0.77, -2.29, -2.60
Accel: -0.04, 0.03, -0.97
Gyro: -0.21, -2.33, -2.83
Accel: -0.03, 0.03, -0.95
Gyro: 0.60, -3.13, -2.85
Accel: -0.03, 0.03, -0.97
Gyro: 0.44, -3.50, -3.12
Accel: -0.05, 0.04, -0.97
Gyro: 0.63, -3.34, -2.78
Accel: -0.04, 0.04, -0.97
Gyro: 0.25, -3.59, -2.41
Accel: -0.06, 0.02, -0.97
Gyro: -0.31, -3.05, -2.01
Accel: -0.06, 0.04, -0.98
Gyro: -1.33, -1.85, -2.07
Accel: -0.06, 0.03, -0.99
Gyro: -1.30, -0.39, -1.85
Accel: -0.06, 0.03, -0.98
Gyro: -1.04, 0.46, -1.20
Accel: -0.05, 0.03, -0.97
Gyro: -1.46, 0.99, -1.56
Accel: -0.05, 0.02, -0.97
Gyro: -1.38, 1.09, -1.52
Accel: -0.06, 0.03, -0.98
Gyro: -0.85, 1.88, -2.10
Accel: -0.05, 0.02, -0.96
Gyro: -1.30, 2.73, -2.33
Accel: -0.04, 0.03, -0.97
Gyro: -1.85, 2.77, -2.75
Accel: -0.04, 0.05, -0.98
Gyro: -1.17, 3.27, -2.25
Accel: -0.03, 0.04, -0.95
Gyro: 0.03, 2.16, -1.42
Accel: -0.04, 0.03, -0.97
Gyro: -0.64, 1.30, -1.27
Accel: -0.04, 0.04, -0.96
Gyro: -0.65, 1.73, -1.09
Accel: -0.04, 0.03, -0.97
Gyro: -0.95, 1.96, -0.88
