Accel: -0.03, 0.02, -0.94
Gyro: -2.15, -4.11, -1.98
Accel: -0.01, 0.03, -0.95
Gyro: -3.01, -5.63, -2.45
Accel: 0.01, 0.03, -0.91
Gyro: -1.14, -9.80, -1.20
Accel: 0.01, 0.01, -0.89
Gyro: -2.28, -15.70, -1.64
Accel: 0.02, 0.01, -0.85
Gyro: -2.76, -23.95, -2.77
Accel: 0.03, 0.00, -0.82
Gyro: -3.15, -35.27, -3.96
Accel: 0.03, -0.00, -0.80
Gyro: -3.92, -48.13, -5.54
Accel: 0.02, -0.01, -0.80
Gyro: -5.22, -60.20, -6.55
Accel: 0.02, -0.02, -0.78
Gyro: -9.49, -72.83, -7.38
Accel: -0.01, 0.00, -0.78
Gyro: -12.02, -85.27, -7.42
Accel: -0.05, -0.00, -0.78
Gyro: -13.79, -95.28, -7.80
Accel: -0.08, -0.02, -0.75
Gyro: -15.52, -103.89, -9.43
Accel: -0.12, 0.01, -0.70
Gyro: -17.75, -116.21, -10.69
Accel: -0.19, 0.02, -0.66
Gyro: -20.60, -129.50, -11.01
Accel: -0.30, 0.08, -0.68
Gyro: -22.07, -140.05, -9.27
Accel: -0.42, 0.05, -0.80
Gyro: -20.94, -142.78, -6.48
Accel: -0.50, 0.02, -0.89
Gyro: -27.87, -134.86, -9.77
Accel: -0.60, 0.08, -0.81
Gyro: -26.17, -126.78, -12.89
Accel: -0.74, 0.16, -0.86
Gyro: -22.75, -121.40, -10.99
Accel: -0.91, 0.20, -1.10
Gyro: -17.88, -102.76, -5.62
Accel: -0.97, 0.15, -1.22
Gyro: -13.14, -70.01, -3.14
Accel: -0.90, 0.12, -1.06
Gyro: -7.11, -40.19, -4.03
Accel: -0.84, 0.13, -0.90
Gyro: -2.94, -27.72, -5.04
Accel: -0.83, 0.16, -0.96
Gyro: 0.25, -17.54, -3.65
Accel: -0.81, 0.15, -0.96
Gyro: 5.52, -2.98, -1.05
Accel: -0.76, 0.12, -0.88
Gyro: 3.27, 7.17, -0.21
Accel: -0.71, 0.12, -0.82
Gyro: 3.07, 12.34, 0.80
Accel: -0.69, 0.09, -0.82
Gyro: 4.27, 16.08, 0.69
Accel: -0.68, 0.07, -0.88
Gyro: 1.99, 24.31, -1.88
Accel: -0.67, 0.11, -0.86
Gyro: 2.99, 32.14, -2.58
Accel: -0.69, 0.19, -0.91
Gyro: 8.36, 40.58, 0.69
Accel: -0.79, 0.25, -1.09
Gyro: 17.01, 58.69, 7.17
Accel: -0.89, 0.22, -1.27
Gyro: 27.44, 95.04, 13.53
Accel: -0.74, 0.09, -0.92
Gyro: 32.04, 124.39, 9.76
Accel: -0.71, 0.12, -1.04
Gyro: 42.47, 130.67, 7.84
Accel: -0.74, 0.13, -1.13
Gyro: 40.35, 164.79, 11.34
Accel: -0.56, 0.03, -0.73
Gyro: 38.04, 169.94, 15.99
Accel: -0.36, -0.04, -0.66
Gyro: 30.13, 154.60, 14.63
Accel: -0.28, -0.03, -0.71
Gyro: 25.88, 139.52, 13.11
Accel: -0.20, -0.05, -0.78
Gyro: 22.79, 131.07, 10.59
Accel: -0.10, -0.04, -0.69
Gyro: 20.19, 116.83, 9.41
Accel: -0.04, -0.08, -0.70
Gyro: 14.28, 101.65, 6.52
Accel: 0.03, -0.07, -0.70
Gyro: 9.34, 86.10, 3.85
Accel: 0.06, -0.05, -0.75
Gyro: 5.21, 70.47, 3.35
Accel: 0.09, -0.04, -0.75
Gyro: 2.30, 57.59, 4.79
Accel: 0.09, -0.07, -0.79
Gyro: 1.54, 46.25, 4.75
Accel: 0.11, -0.10, -0.79
Gyro: -0.63, 35.68, 1.74
Accel: 0.11, -0.07, -0.82
Gyro: -3.23, 25.44, -0.85
Accel: 0.11, -0.05, -0.85
Gyro: -5.40, 16.80, -2.30
Accel: 0.09, -0.03, -0.86
Gyro: -7.54, 8.64, -1.79
Accel: 0.06, -0.03, -0.91
Gyro: -10.03, 2.85, -0.94
Accel: 0.03, -0.01, -0.95
Gyro: -12.04, 0.85, -0.59
Accel: 0.00, 0.00, -0.98
Gyro: -13.40, 0.47, 0.11
Accel: 0.00, 0.03, -0.99
Gyro: -11.25, 1.69, 2.14
Accel: 0.01, 0.02, -0.97
Gyro: -8.13, 0.88, 3.52
Accel: 0.02, 0.02, -0.96
Gyro: -5.28, -1.17, 4.18
Accel: 0.03, 0.01, -0.97
Gyro: -3.25, -1.60, 3.38
Accel: 0.05, 0.03, -0.94
Gyro: 1.59, -3.14, 3.46
Accel: 0.03, -0.02, -0.98
Gyro: 4.91, -5.14, 3.80
Accel: 0.00, -0.07, -1.07
Gyro: 0.66, 1.83, 1.01
Accel: 0.04, -0.01, -0.94
Gyro: -1.98, 4.59, 0.04
Accel: 0.05, -0.01, -0.89
Gyro: -0.86, -0.50, 1.51
Accel: 0.03, -0.04, -0.95
Gyro: -3.26, -2.95, -0.77
Accel: 0.03, 0.00, -0.98
Gyro: -3.72, -1.80, -1.71
Accel: 0.02, 0.01, -0.98
Gyro: -4.17, 0.66, -0.77
Accel: 0.04, -0.00, -0.96
Gyro: -4.93, -0.10, 0.34
Accel: 0.04, -0.02, -0.95
Gyro: -5.41, -1.78, 0.98
Accel: 0.04, -0.01, -0.95
Gyro: -6.74, -3.94, -0.02
Accel: 0.03, 0.02, -0.98
Gyro: -6.62, -4.81, 0.08
Accel: 0.01, 0.02, -0.98
Gyro: -4.19, -4.26, 1.37
Accel: 0.02, -0.01, -0.96
Gyro: -4.14, -4.95, 1.40
Accel: 0.02, -0.02, -0.95
Gyro: -4.26, -6.50, -0.08
Accel: 0.01, -0.01, -0.97
Gyro: -4.40, -6.32, -1.89
Accel: 0.00, 0.00, -0.97
Gyro: -3.09, -5.76, -3.45
Accel: 0.00, -0.01, -0.97
Gyro: -1.75, -5.38, -5.62
Accel: 0.01, 0.01, -0.96
Gyro: -1.75, -5.07, -6.92
Accel: 0.00, 0.01, -0.95
Gyro: -1.60, -6.07, -6.74
Accel: -0.00, 0.03, -0.99
Gyro: -2.48, -5.87, -6.42
Accel: -0.01, 0.02, -0.96
Gyro: -2.59, -5.55, -5.11
Accel: -0.02, 0.01, -0.97
Gyro: -2.49, -5.72, -4.40
Accel: -0.02, 0.02, -0.98
Gyro: -3.11, -4.65, -3.42
Accel: -0.01, 0.03, -0.98
Gyro: -2.54, -2.98, -2.10
Accel: 0.00, 0.00, -0.95
Gyro: -2.13, -3.81, -0.97
Accel: 0.00, -0.00, -0.93
Gyro: -2.20, -6.35, -2.13
Accel: -0.02, -0.02, -0.96
Gyro: -1.63, -10.26, -3.16
Accel: -0.04, -0.00, -1.03
Gyro: -3.49, -6.13, -6.03
Accel: -0.05, 0.03, -1.00
Gyro: -2.04, -1.14, -5.97
Accel: -0.02, 0.02, -0.96
Gyro: -1.66, -0.95, -5.07
Accel: -0.02, 0.02, -0.97
Gyro: -1.88, -0.95, -4.10
Accel: -0.02, 0.02, -0.95
Gyro: -2.43, -1.54, -3.12
Accel: -0.02, 0.02, -0.98
Gyro: -3.04, -1.87, -3.16
Accel: -0.01, 0.02, -0.97
Gyro: -1.53, -1.85, -3.78
Accel: -0.01, 0.03, -0.97
Gyro: -0.18, -2.53, -2.99
Accel: -0.01, 0.01, -0.95
Gyro: 0.08, -3.39, -1.97
Accel: -0.01, -0.00, -0.96
Gyro: -0.95, -3.78, -1.90
Accel: -0.02, 0.01, -0.98
Gyro: -1.45, -3.28, -1.86
Accel: -0.02, 0.01, -0.97
Gyro: -1.22, -3.19, -1.31
Accel: -0.03, 0.01, -0.98
Gyro: -1.40, -2.36, -1.00
Accel: -0.03, 0.01, -0.98
Gyro: -1.95, -2.11, -0.79
Accel: -0.04, -0.00, -0.99
Gyro: -2.86, -0.94, -1.11
Accel: -0.04, -0.00, -0.99
Gyro: -2.96, 1.03, -1.62
Accel: -0.02, 0.00, -0.98
Gyro: -2.28, 1.98, -1.86
Accel: -0.02, 0.00, -0.98
Gyro: -3.29, 2.04, -2.22
Accel: -0.02, 0.02, -0.96
Gyro: -3.45, 1.54, -2.17
Accel: -0.02, 0.02, -0.97
Gyro: -1.59, 0.68, -1.10
Accel: -0.02, 0.00, -0.97
Gyro: -1.72, 0.67, -0.83
Accel: -0.02, -0.00, -0.96
Gyro: -2.42, 0.22, -1.88
Accel: -0.01, -0.01, -0.95
Gyro: -4.31, -1.12, -3.17
Accel: -0.01, 0.01, -0.95
Gyro: -5.21, -2.42, -3.67
Accel: -0.01, 0.02, -0.96
Gyro: -4.07, -3.49, -2.44
Accel: -0.02, 0.01, -0.99
Gyro: -4.67, -1.05, -1.95
Accel: -0.01, 0.00, -0.96
Gyro: -3.76, -0.59, -2.41
Accel: -0.00, 0.00, -0.95
Gyro: -3.57, -1.65, -3.40
Accel: -0.01, 0.02, -0.97
Gyro: -3.30, -2.07, -3.63
Accel: -0.02, 0.02, -0.98
Gyro: -2.08, -2.33, -3.37
Accel: -0.02, 0.02, -0.98
Gyro: -3.20, -1.05, -3.01
Accel: -0.02, 0.03, -0.97
Gyro: -2.19, -0.74, -3.27
Accel: -0.01, 0.03, -0.97
Gyro: -1.07, -1.10, -2.15
Accel: -0.02, 0.02, -0.97
Gyro: -1.59, -1.76, -2.11
Accel: -0.03, 0.02, -0.97
Gyro: -1.97, -2.01, -2.58
Accel: -0.02, 0.03, -0.97
Gyro: -1.82, -0.95, -2.16
Accel: -0.02, 0.03, -0.96
Gyro: -1.46, -1.36, -1.66
Accel: -0.03, 0.03, -0.97
Gyro: -1.46, -0.26, -1.70
Accel: -0.01, 0.03, -0.97
Gyro: -1.52, 0.08, -1.33
Accel: -0.02, 0.04, -0.97
Gyro: -0.95, -0.54, -0.63
Accel: -0.02, 0.02, -0.97
Gyro: -0.60, -0.63, -0.14
Accel: -0.02, 0.01, -0.96
Gyro: -0.47, -0.76, -0.16
Accel: -0.01, 0.02, -0.96
Gyro: -0.89, -1.01, -0.67
Accel: -0.01, 0.02, -0.96
Gyro: -0.97, -1.20, -0.90
Accel: -0.02, 0.01, -0.96
Gyro: -0.72, -2.35, -0.91
Accel: -0.02, 0.00, -0.98
Gyro: -1.22, -2.06, -1.63
Accel: -0.02, 0.01, -0.97
Gyro: -1.68, -1.70, -1.96
Accel: -0.03, 0.02, -0.98
Gyro: -1.68, -1.90, -2.07
Accel: -0.03, 0.02, -0.97
Gyro: -1.82, -1.34, -1.90
Accel: -0.03, 0.02, -0.98
Gyro: -1.37, -0.67, -1.82
Accel: -0.03, -0.00, -0.96
Gyro: -1.75, -0.08, -2.12
Accel: -0.02, 0.02, -0.97
Gyro: -2.79, 0.14, -2.82
Accel: -0.02, 0.05, -0.98
Gyro: -1.94, 1.12, -1.80
Accel: -0.02, 0.03, -0.97
Gyro: -0.19, 0.65, -0.13
Accel: -0.03, 0.01, -0.97
Gyro: -0.38, 0.72, -0.66
Accel: -0.02, 0.01, -0.97
Gyro: -0.63, 0.54, -1.14
Accel: -0.03, 0.01, -0.99
Gyro: -1.11, 1.04, -1.21
Accel: -0.02, 0.01, -0.96
Gyro: -1.26, 1.20, -1.16
Accel: -0.02, 0.01, -0.97
Gyro: -1.72, 1.68, -1.43
Accel: -0.02, 0.01, -0.97
Gyro: -1.77, 2.22, -1.24
Accel: -0.02, 0.01, -0.97
Gyro: -1.96, 2.23, -1.15
Accel: -0.02, 0.01, -0.96
Gyro: -2.25, 2.01, -1.48
Accel: -0.02, 0.01, -0.97
Gyro: -2.33, 1.91, -1.88
Accel: -0.01, 0.01, -0.96
Gyro: -2.61, 1.60, -2.98
Accel: -0.01, 0.02, -0.97
Gyro: -2.53, 1.09, -2.72
Accel: -0.01, 0.03, -0.96
Gyro: -0.87, 0.00, -1.86
