Accel: -0.03, 0.04, -0.98
Gyro: -3.02, -1.81, 1.17
Accel: -0.02, 0.02, -0.96
Gyro: -3.36, -2.03, 0.63
Accel: -0.03, 0.03, -0.96
Gyro: -2.88, -2.64, 0.05
Accel: -0.03, 0.03, -0.97
Gyro: -0.63, -3.04, -0.19
Accel: -0.03, 0.01, -0.98
Gyro: -0.53, -3.17, -0.66
Accel: -0.04, 0.02, -0.97
Gyro: -0.10, -2.71, -1.12
Accel: -0.04, 0.02, -0.97
Gyro: -0.32, -2.23, -1.16
Accel: -0.04, 0.02, -0.96
Gyro: -0.76, -1.73, -1.00
Accel: -0.05, 0.02, -0.97
Gyro: -1.34, -1.60, -0.85
Accel: -0.04, 0.02, -0.98
Gyro: -2.21, -1.00, -0.95
Accel: -0.03, 0.01, -0.96
Gyro: -2.72, -0.72, -1.00
Accel: -0.03, 0.03, -0.96
Gyro: -2.63, -0.76, -1.38
Accel: -0.03, 0.02, -0.96
Gyro: -2.38, -0.72, -1.43
Accel: -0.02, 0.02, -0.96
Gyro: -2.27, -1.23, -2.28
Accel: -0.03, 0.01, -0.96
Gyro: -2.61, -1.44, -2.28
Accel: -0.03, 0.03, -0.97
Gyro: -2.55, -0.95, -2.35
Accel: -0.04, 0.03, -0.97
Gyro: -1.56, -0.40, -1.63
Accel: -0.03, 0.02, -0.97
Gyro: -1.66, -0.49, -1.79
Accel: -0.02, 0.02, -0.96
Gyro: -1.79, -1.01, -2.00
Accel: -0.03, 0.02, -0.97
Gyro: -2.33, -0.68, -2.11
Accel: -0.02, 0.03, -0.96
Gyro: -2.19, -1.21, -1.64
Accel: -0.03, 0.03, -0.97
Gyro: -2.13, -0.97, -1.37
Accel: -0.03, 0.02, -0.96
Gyro: -2.42, -0.74, -1.07
Accel: -0.03, 0.03, -0.97
Gyro: -2.50, -1.06, -1.19
Accel: -0.03, 0.02, -0.98
Gyro: -2.63, -0.85, -1.41
Accel: -0.03, 0.02, -0.97
Gyro: -2.44, -1.38, -1.43
Accel: -0.03, 0.03, -0.97
Gyro: -2.30, -1.05, -1.17
Accel: -0.02, 0.02, -0.95
Gyro: -2.01, -1.65, -1.30
Accel: -0.02, 0.03, -0.98
Gyro: -2.50, -1.94, -1.62
Accel: -0.02, 0.03, -0.96
Gyro: -1.88, -1.63, -1.69
Accel: -0.03, 0.03, -0.96
Gyro: -2.49, -2.31, -2.08
Accel: -0.03, 0.04, -0.96
Gyro: -2.07, -2.18, -2.01
Accel: -0.03, 0.03, -0.96
Gyro: -1.93, -2.72, -2.39
Accel: -0.03, 0.03, -0.97
Gyro: -2.51, -2.21, -2.43
Accel: -0.04, 0.03, -0.96
Gyro: -2.01, -2.25, -2.28
Accel: -0.03, 0.02, -0.96
Gyro: -1.75, -2.90, -2.17
Accel: -0.04, 0.02, -0.97
Gyro: -3.02, -2.95, -2.62
Accel: -0.04, 0.04, -0.97
Gyro: -2.85, -3.26, -2.27
Accel: -0.04, 0.03, -0.97
Gyro: -2.01, -3.05, -1.60
Accel: -0.04, 0.03, -0.97
Gyro: -1.80, -3.50, -2.19
Accel: -0.05, 0.03, -0.97
Gyro: -2.05, -3.33, -2.82
Accel: -0.04, 0.04, -0.96
Gyro: -1.86, -2.78, -2.65
Accel: -0.05, 0.04, -0.98
Gyro: -1.50, -3.17, -1.58
Accel: -0.05, 0.03, -0.98
Gyro: -1.73, -2.01, -1.27
Accel: -0.05, 0.04, -0.96
Gyro: -1.92, -0.95, -1.11
Accel: -0.04, 0.03, -0.97
Gyro: -1.95, -0.95, -0.97
Accel: -0.03, 0.03, -0.97
Gyro: -1.90, -1.24, -1.24
Accel: -0.03, 0.03, -0.96
Gyro: -1.62, -2.13, -1.37
Accel: -0.04, 0.02, -0.97
Gyro: -1.68, -2.38, -1.72
Accel: -0.04, 0.02, -0.96
Gyro: -2.62, -2.17, -2.32
Accel: -0.03, 0.04, -0.96
Gyro: -1.95, -2.34, -2.24
Accel: -0.04, 0.03, -0.96
Gyro: -1.92, -2.67, -1.85
Accel: -0.05, 0.04, -0.97
Gyro: -2.14, -2.72, -1.91
Accel: -0.05, 0.04, -0.97
Gyro: -2.38, -2.85, -2.24
Accel: -0.05, 0.04, -0.97
Gyro: -2.26, -2.28, -1.91
Accel: -0.06, 0.04, -0.97
Gyro: -2.11, -1.72, -1.48
Accel: -0.04, 0.03, -0.97
Gyro: -1.74, -0.92, -1.55
Accel: -0.05, 0.03, -0.97
Gyro: -1.54, -1.02, -1.17
Accel: -0.05, 0.04, -0.97
Gyro: -1.46, -0.87, -0.99
Accel: -0.04, 0.03, -0.97
Gyro: -1.45, -1.24, -0.79
Accel: -0.05, 0.02, -0.97
Gyro: -1.70, -1.24, -0.95
Accel: -0.05, 0.03, -0.95
Gyro: -2.04, -1.05, -1.40
Accel: -0.05, 0.02, -0.97
Gyro: -1.96, -1.36, -1.79
Accel: -0.05, 0.03, -0.96
Gyro: -2.14, -1.21, -2.04
Accel: -0.05, 0.03, -0.96
Gyro: -1.88, -1.17, -2.12
Accel: -0.05, 0.03, -0.96
Gyro: -2.32, -0.85, -2.01
Accel: -0.04, 0.04, -0.96
Gyro: -2.38, -1.37, -2.14
Accel: -0.04, 0.03, -0.97
Gyro: -2.51, -1.59, -1.89
Accel: -0.04, 0.04, -0.96
Gyro: -2.32, -1.88, -1.93
Accel: -0.05, 0.03, -0.97
Gyro: -2.18, -1.79, -2.01
Accel: -0.05, 0.03, -0.98
Gyro: -1.82, -1.30, -1.94
Accel: -0.05, 0.02, -0.96
Gyro: -1.95, -1.46, -2.07
Accel: -0.05, 0.03, -0.97
Gyro: -2.84, -1.75, -2.72
Accel: -0.05, 0.05, -0.97
Gyro: -2.31, -1.53, -2.27
Accel: -0.06, 0.04, -0.97
Gyro: -1.75, -0.97, -1.35
Accel: -0.05, 0.03, -0.96
Gyro: -1.84, -1.04, -1.90
Accel: -0.06, 0.05, -0.98
Gyro: -1.63, -0.94, -2.15
Accel: -0.06, 0.04, -0.97
Gyro: -1.60, -0.85, -1.80
Accel: -0.06, 0.05, -0.97
Gyro: -1.00, -0.29, -1.15
Accel: -0.05, 0.04, -0.97
Gyro: -0.78, 0.18, -0.63
Accel: -0.05, 0.03, -0.97
Gyro: -0.99, 0.92, -0.63
Accel: -0.04, 0.03, -0.95
Gyro: -1.21, 0.42, -0.85
Accel: -0.04, 0.03, -0.97
Gyro: -1.28, -0.42, -0.72
Accel: -0.05, 0.03, -0.97
Gyro: -1.41, -0.17, -1.27
Accel: -0.05, 0.03, -0.98
Gyro: -1.79, 0.17, -1.87
Accel: -0.06, 0.04, -0.97
Gyro: -2.27, 0.54, -2.18
Accel: -0.05, 0.05, -0.96
Gyro: -0.63, -0.47, -1.01
Accel: -0.05, 0.03, -0.97
Gyro: -1.22, -0.50, -0.78
Accel: -0.06, 0.02, -0.98
Gyro: -1.94, -0.25, -1.37
Accel: -0.05, 0.04, -0.98
Gyro: -2.12, 0.32, -1.34
Accel: -0.06, 0.03, -0.98
Gyro: -1.87, 1.01, -1.13
Accel: -0.05, 0.03, -0.98
Gyro: -1.14, 1.16, -0.95
Accel: -0.05, 0.04, -0.96
Gyro: -1.19, 1.21, -1.26
Accel: -0.05, 0.03, -0.97
Gyro: -0.74, 1.53, -0.91
Accel: -0.03, 0.04, -0.96
Gyro: -0.18, 1.23, -0.57
Accel: -0.04, 0.03, -0.96
Gyro: -0.54, 0.74, -0.42
Accel: -0.04, 0.02, -0.96
Gyro: -0.85, 0.26, -0.13
Accel: -0.04, 0.02, -0.97
Gyro: -1.81, 0.47, -0.94
Accel: -0.04, 0.03, -0.96
Gyro: -1.95, 0.31, -0.98
Accel: -0.04, 0.03, -0.96
Gyro: -1.94, 0.15, -0.98
Accel: -0.04, 0.03, -0.97
Gyro: -1.82, -0.86, -1.19
Accel: -0.04, 0.02, -0.95
Gyro: -2.03, -1.47, -1.79
Accel: -0.04, 0.04, -0.97
Gyro: -2.13, -1.71, -1.89
Accel: -0.05, 0.04, -0.97
Gyro: -1.76, -1.42, -1.43
Accel: -0.04, 0.03, -0.97
Gyro: -2.08, -1.59, -1.45
Accel: -0.04, 0.04, -0.98
Gyro: -1.57, -1.53, -1.32
Accel: -0.03, 0.04, -0.94
Gyro: -0.82, -3.01, -0.89
Accel: -0.02, 0.03, -0.94
Gyro: -1.92, -4.78, -1.37
Accel: -0.00, 0.06, -0.93
Gyro: -1.31, -7.13, -1.01
Accel: 0.01, 0.06, -0.91
Gyro: 0.55, -10.69, 0.39
Accel: 0.04, 0.04, -0.87
Gyro: 1.44, -17.04, 0.99
Accel: 0.07, 0.02, -0.82
Gyro: 1.50, -26.67, 1.04
Accel: 0.10, 0.03, -0.77
Gyro: 1.19, -40.15, 2.01
Accel: 0.13, 0.02, -0.69
Gyro: 1.40, -57.20, 3.39
Accel: 0.16, 0.01, -0.63
Gyro: 0.25, -78.35, 4.06
Accel: 0.15, 0.04, -0.56
Gyro: -0.27, -101.85, 5.38
Accel: 0.10, 0.08, -0.52
Gyro: 1.27, -125.28, 7.52
Accel: -0.02, 0.05, -0.50
Gyro: 6.74, -148.55, 9.39
Accel: -0.23, -0.01, -0.73
Gyro: 6.76, -156.65, 7.71
Accel: -0.33, 0.07, -0.77
Gyro: -2.55, -152.95, 5.63
Accel: -0.45, 0.02, -0.69
Gyro: -1.48, -153.28, 9.53
Accel: -0.73, -0.10, -0.95
Gyro: -14.05, -144.25, 4.68
Accel: -0.90, 0.02, -1.36
Gyro: -22.17, -105.99, -3.92
Accel: -0.80, 0.10, -1.04
Gyro: -15.66, -76.28, -4.65
Accel: -0.87, 0.05, -0.90
Gyro: 2.21, -77.64, -3.27
Accel: -1.02, 0.04, -1.26
Gyro: 0.54, -52.93, -3.07
Accel: -0.99, 0.07, -1.20
Gyro: 5.62, -21.50, -2.31
Accel: -0.90, 0.05, -1.01
Gyro: 10.09, -5.97, -0.05
Accel: -0.86, 0.04, -1.03
Gyro: 6.32, 4.40, 0.84
Accel: -0.83, 0.04, -1.04
Gyro: 8.81, 17.41, 1.51
Accel: -0.80, 0.02, -1.00
Gyro: 5.13, 30.13, 1.47
Accel: -0.80, 0.02, -1.05
Gyro: -1.38, 45.42, 2.12
Accel: -0.83, 0.04, -1.07
Gyro: -6.16, 62.73, 3.00
Accel: -0.86, 0.05, -1.15
Gyro: -5.65, 86.04, 5.05
Accel: -0.89, 0.05, -1.14
Gyro: -6.07, 113.15, 7.03
Accel: -0.83, 0.04, -1.15
Gyro: -3.46, 143.91, 7.55
Accel: -0.74, 0.08, -0.99
Gyro: 5.25, 162.83, 8.67
Accel: -0.61, 0.08, -0.98
Gyro: 12.09, 184.23, 11.65
Accel: -0.35, 0.01, -0.70
Gyro: 16.37, 184.04, 10.48
Accel: -0.09, -0.03, -0.51
Gyro: 17.98, 164.53, 5.33
Accel: 0.11, -0.04, -0.38
Gyro: 15.33, 131.41, -0.11
Accel: 0.19, -0.01, -0.43
Gyro: 15.50, 95.31, -2.53
Accel: 0.19, -0.00, -0.63
Gyro: 9.51, 70.99, -2.97
Accel: 0.21, -0.02, -0.67
Gyro: 2.51, 54.37, -2.81
Accel: 0.21, -0.01, -0.67
Gyro: -0.01, 38.04, -2.82
Accel: 0.19, -0.00, -0.72
Gyro: -1.06, 23.38, -2.16
Accel: 0.16, -0.02, -0.75
Gyro: -1.21, 11.25, -1.54
Accel: 0.12, -0.03, -0.80
Gyro: -3.34, 1.88, -2.66
Accel: 0.08, -0.03, -0.85
Gyro: -6.70, -4.60, -4.81
Accel: 0.05, -0.01, -0.90
Gyro: -8.11, -9.28, -6.61
Accel: 0.00, 0.00, -0.98
Gyro: -11.65, -11.69, -7.49
