Accel: -0.23, -0.01, -0.95
Gyro: -3.20, 30.11, 3.54
Accel: -0.22, -0.01, -0.98
Gyro: -3.66, 31.29, 3.08
Accel: -0.20, 0.00, -0.98
Gyro: -1.94, 35.47, 2.76
Accel: -0.17, -0.03, -0.96
Gyro: -1.25, 37.22, 2.25
Accel: -0.12, -0.04, -0.93
Gyro: -1.08, 37.17, 0.74
Accel: -0.08, -0.03, -0.90
Gyro: -0.82, 35.13, -0.10
Accel: -0.04, -0.03, -0.90
Gyro: -0.37, 30.71, -0.43
Accel: -0.02, -0.03, -0.87
Gyro: -0.34, 25.34, -1.19
Accel: -0.01, -0.03, -0.90
Gyro: -1.24, 19.54, -2.73
Accel: 0.00, -0.03, -0.90
Gyro: -0.79, 15.39, -3.63
Accel: 0.01, -0.02, -0.91
Gyro: -0.66, 11.90, -4.46
Accel: 0.01, -0.02, -0.92
Gyro: -1.01, 9.35, -5.13
Accel: 0.02, 0.00, -0.90
Gyro: 0.00, 5.78, -4.75
Accel: 0.02, -0.00, -0.91
Gyro: -0.48, 1.98, -3.77
Accel: -0.01, 0.00, -0.92
Gyro: -0.79, 0.50, -2.94
Accel: -0.01, -0.01, -0.93
Gyro: -0.62, -1.21, -2.48
Accel: -0.02, -0.02, -0.93
Gyro: -0.85, -3.05, -2.33
Accel: -0.03, -0.02, -0.94
Gyro: -0.42, -4.66, -2.60
Accel: -0.04, -0.01, -0.96
Gyro: 0.17, -4.93, -2.26
Accel: -0.05, -0.01, -0.95
Gyro: 1.34, -4.88, -1.49
Accel: -0.06, -0.03, -0.95
Gyro: 1.48, -5.84, -0.80
Accel: -0.08, -0.03, -0.96
Gyro: 1.21, -6.78, -0.78
Accel: -0.08, -0.02, -0.96
Gyro: 1.51, -8.10, 0.29
Accel: -0.09, -0.03, -0.97
Gyro: 0.74, -8.35, 0.85
Accel: -0.10, -0.04, -0.98
Gyro: -0.47, -7.77, 0.64
Accel: -0.11, -0.04, -0.97
Gyro: -1.25, -6.85, 0.42
Accel: -0.12, -0.04, -0.97
Gyro: -2.27, -6.29, -0.43
Accel: -0.12, -0.03, -0.96
Gyro: -2.39, -6.15, -0.46
Accel: -0.11, -0.03, -0.97
Gyro: -2.72, -5.85, -0.50
Accel: -0.13, -0.02, -0.96
Gyro: -3.07, -4.97, -0.58
Accel: -0.12, -0.01, -0.96
Gyro: -3.14, -4.77, -0.56
Accel: -0.12, -0.01, -0.97
Gyro: -3.47, -4.71, -0.63
Accel: -0.12, -0.01, -0.97
Gyro: -2.52, -4.68, -0.63
Accel: -0.13, -0.02, -0.98
Gyro: -3.21, -4.21, -1.34
Accel: -0.13, 0.01, -0.96
Gyro: -2.60, -3.27, -1.95
Accel: -0.13, 0.02, -0.98
Gyro: -0.22, -3.74, -0.61
Accel: -0.13, -0.01, -0.98
Gyro: -0.14, -2.64, -0.16
Accel: -0.13, -0.01, -0.98
Gyro: -0.14, -1.68, -0.57
Accel: -0.13, -0.00, -0.96
Gyro: -0.53, -1.21, -0.92
Accel: -0.13, -0.00, -0.94
Gyro: -0.11, -1.96, -0.51
Accel: -0.13, -0.01, -0.97
Gyro: -0.65, -1.98, -0.29
Accel: -0.12, -0.01, -0.96
Gyro: -0.64, -2.17, 0.07
Accel: -0.13, -0.00, -0.96
Gyro: -1.17, -2.55, 0.58
Accel: -0.13, -0.00, -0.95
Gyro: -0.62, -3.16, 1.60
Accel: -0.13, -0.01, -0.96
Gyro: -0.69, -3.62, 2.45
Accel: -0.13, -0.02, -0.95
Gyro: -0.45, -4.23, 3.42
Accel: -0.13, -0.02, -0.96
Gyro: -0.79, -3.88, 4.30
Accel: -0.13, -0.02, -0.95
Gyro: -1.59, -3.70, 4.46
Accel: -0.13, -0.03, -0.96
Gyro: -1.17, -3.81, 5.10
Accel: -0.13, -0.04, -0.95
Gyro: -1.56, -3.75, 4.72
Accel: -0.13, -0.04, -0.95
Gyro: -1.88, -4.10, 3.56
Accel: -0.13, -0.04, -0.94
Gyro: -1.75, -4.78, 2.66
Accel: -0.13, -0.03, -0.95
Gyro: -1.85, -5.84, 1.79
Accel: -0.13, -0.03, -0.96
Gyro: -2.04, -5.97, 1.25
Accel: -0.14, -0.03, -0.96
Gyro: -2.23, -5.81, 0.11
Accel: -0.15, -0.03, -0.95
Gyro: -2.50, -5.91, 0.01
Accel: -0.14, -0.02, -0.95
Gyro: -2.54, -6.11, -0.28
Accel: -0.14, -0.02, -0.97
Gyro: -2.49, -5.89, -0.18
Accel: -0.15, -0.03, -0.96
Gyro: -2.97, -5.21, -0.38
Accel: -0.15, -0.02, -0.96
Gyro: -3.02, -5.57, -1.17
Accel: -0.16, -0.01, -0.96
Gyro: -2.60, -5.42, -1.41
Accel: -0.16, -0.01, -0.97
Gyro: -2.49, -4.73, -1.64
Accel: -0.16, -0.02, -0.96
Gyro: -1.82, -4.27, -1.79
Accel: -0.16, -0.02, -0.96
Gyro: -1.49, -3.74, -1.64
Accel: -0.16, -0.02, -0.97
Gyro: -1.69, -3.39, -1.34
Accel: -0.17, -0.02, -0.97
Gyro: -1.24, -2.51, -1.08
Accel: -0.16, -0.03, -0.96
Gyro: -1.92, -1.90, -1.07
Accel: -0.15, -0.02, -0.94
Gyro: -2.84, -2.28, -2.03
Accel: -0.16, -0.00, -0.96
Gyro: -1.88, -2.92, -1.70
Accel: -0.16, -0.02, -0.95
Gyro: -1.19, -2.43, -0.97
Accel: -0.16, -0.03, -0.96
Gyro: -2.30, -2.55, -1.53
Accel: -0.17, -0.02, -0.96
Gyro: -2.85, -2.68, -2.20
Accel: -0.17, -0.01, -0.97
Gyro: -3.00, -2.11, -1.67
Accel: -0.17, -0.01, -0.95
Gyro: -2.83, -1.52, -1.23
Accel: -0.17, -0.01, -0.96
Gyro: -2.55, -0.95, -1.30
Accel: -0.17, -0.01, -0.94
Gyro: -2.64, -1.02, -1.27
Accel: -0.16, -0.00, -0.95
Gyro: -2.28, -0.99, -1.20
Accel: -0.16, -0.01, -0.96
Gyro: -1.93, -1.36, -0.83
Accel: -0.17, -0.02, -0.95
Gyro: -1.60, -1.27, -0.69
Accel: -0.17, -0.01, -0.97
Gyro: -1.53, -0.48, -0.98
Accel: -0.16, -0.01, -0.95
Gyro: -1.76, 0.53, -1.30
Accel: -0.16, -0.01, -0.95
Gyro: -0.76, 0.38, -0.70
Accel: -0.16, -0.03, -0.95
Gyro: -1.36, -0.61, -0.95
Accel: -0.16, -0.02, -0.95
Gyro: -2.03, -1.33, -1.40
Accel: -0.16, -0.02, -0.95
Gyro: -2.71, -1.63, -1.58
Accel: -0.16, -0.00, -0.96
Gyro: -2.12, -1.52, -1.02
Accel: -0.17, -0.01, -0.96
Gyro: -1.88, -0.85, -0.53
Accel: -0.17, -0.01, -0.96
Gyro: -2.03, -0.20, -0.63
Accel: -0.17, -0.01, -0.96
Gyro: -1.97, -0.16, -0.52
Accel: -0.17, -0.02, -0.96
Gyro: -1.85, 0.34, -0.69
Accel: -0.16, -0.01, -0.96
Gyro: -1.85, 0.84, -0.74
Accel: -0.16, -0.02, -0.96
Gyro: -2.04, 0.96, -1.01
Accel: -0.16, -0.01, -0.94
Gyro: -1.72, 0.40, -1.16
Accel: -0.15, -0.01, -0.94
Gyro: -1.84, 0.14, -1.22
Accel: -0.14, -0.01, -0.94
Gyro: -1.81, -0.89, -1.22
Accel: -0.13, 0.00, -0.93
Gyro: -1.14, -1.90, -0.58
Accel: -0.12, -0.01, -0.90
Gyro: -0.30, -5.07, 0.02
Accel: -0.09, -0.01, -0.88
Gyro: 0.34, -9.91, -0.83
Accel: -0.05, -0.01, -0.80
Gyro: 1.32, -19.39, -1.34
Accel: -0.02, 0.00, -0.75
Gyro: 0.66, -33.75, 0.05
Accel: 0.00, 0.00, -0.69
Gyro: 1.24, -52.16, 3.75
Accel: 0.01, -0.04, -0.68
Gyro: 1.14, -70.77, 5.64
Accel: -0.01, -0.05, -0.66
Gyro: -4.01, -88.74, 3.88
Accel: -0.04, -0.02, -0.64
Gyro: -3.94, -106.11, 2.46
Accel: -0.11, -0.00, -0.62
Gyro: -3.02, -123.03, 5.10
Accel: -0.24, -0.03, -0.58
Gyro: -5.17, -139.53, 8.11
Accel: -0.39, -0.09, -0.77
Gyro: -10.28, -147.96, 4.51
Accel: -0.49, -0.02, -0.93
Gyro: -18.64, -136.90, -0.14
Accel: -0.49, 0.05, -0.86
Gyro: -14.31, -122.22, 1.22
Accel: -0.53, -0.02, -0.65
Gyro: -15.68, -118.54, 2.03
Accel: -0.67, -0.01, -0.67
Gyro: -15.54, -126.34, -1.51
Accel: -0.82, 0.02, -0.95
Gyro: -12.73, -116.06, -6.58
Accel: -0.85, 0.05, -1.01
Gyro: -5.62, -90.35, -8.45
Accel: -0.82, 0.02, -0.78
Gyro: -2.56, -74.44, -6.96
Accel: -0.93, 0.03, -0.76
Gyro: -5.07, -75.44, -6.10
Accel: -1.06, 0.08, -0.95
Gyro: 0.96, -60.55, -3.78
Accel: -1.07, 0.06, -1.01
Gyro: -0.92, -35.80, -0.56
Accel: -0.98, 0.02, -0.88
Gyro: -2.24, -16.98, 2.19
Accel: -0.91, -0.02, -0.78
Gyro: -4.07, -6.90, 1.69
Accel: -0.84, -0.02, -0.71
Gyro: -4.57, -3.62, -1.14
Accel: -0.82, 0.03, -0.71
Gyro: -4.04, -3.44, -2.43
Accel: -0.80, 0.04, -0.74
Gyro: -3.32, -0.23, -1.20
Accel: -0.79, 0.04, -0.73
Gyro: -3.06, 4.56, -0.22
Accel: -0.80, 0.02, -0.75
Gyro: -2.78, 8.13, 1.40
Accel: -0.90, 0.04, -0.88
Gyro: -2.33, 19.32, 2.03
Accel: -0.97, 0.06, -0.95
Gyro: -1.52, 39.36, 2.82
Accel: -0.98, 0.07, -0.90
Gyro: 0.15, 56.03, 4.95
Accel: -1.07, 0.10, -1.00
Gyro: 1.30, 74.13, 8.26
Accel: -1.13, 0.07, -1.13
Gyro: 2.76, 103.93, 10.52
Accel: -0.97, 0.03, -0.91
Gyro: 1.86, 134.27, 10.07
Accel: -0.79, 0.03, -0.70
Gyro: 9.54, 138.31, 7.70
Accel: -0.69, 0.04, -0.79
Gyro: 10.44, 140.66, 5.06
Accel: -0.55, 0.05, -0.76
Gyro: 14.93, 144.40, 4.83
Accel: -0.37, 0.04, -0.59
Gyro: 17.01, 136.27, 4.30
Accel: -0.25, 0.02, -0.58
Gyro: 17.36, 119.58, 4.78
Accel: -0.19, -0.00, -0.65
Gyro: 14.53, 104.55, 4.26
Accel: -0.16, -0.01, -0.68
Gyro: 15.36, 92.77, 3.75
Accel: -0.13, -0.01, -0.70
Gyro: 14.16, 81.80, 4.11
Accel: -0.09, -0.01, -0.68
Gyro: 14.64, 70.23, 4.13
Accel: -0.09, -0.02, -0.70
Gyro: 18.78, 56.65, 1.60
Accel: -0.14, 0.01, -0.84
Gyro: 22.79, 49.13, 3.41
Accel: -0.15, -0.10, -0.89
Gyro: 13.89, 51.93, 5.92
Accel: -0.10, -0.12, -0.80
Gyro: 5.16, 47.93, 2.62
Accel: -0.07, -0.08, -0.77
Gyro: -0.05, 35.35, 0.28
Accel: -0.09, -0.08, -0.87
Gyro: 0.52, 26.52, -0.97
Accel: -0.11, -0.08, -0.91
Gyro: -1.31, 22.70, -3.27
Accel: -0.12, -0.10, -0.93
Gyro: -4.39, 19.18, -6.29
Accel: -0.12, -0.07, -0.91
Gyro: -6.61, 15.31, -8.92
Accel: -0.13, -0.06, -0.94
Gyro: -5.58, 10.74, -8.54
Accel: -0.16, -0.07, -0.99
Gyro: -6.02, 11.11, -9.01
Accel: -0.15, -0.10, -0.99
Gyro: -7.99, 12.94, -12.07
