Accel: -0.03, 0.01, -0.97
Gyro: -12.02, -11.88, -7.97
Accel: -0.05, 0.01, -1.00
Gyro: -13.54, -11.77, -8.26
Accel: -0.06, 0.04, -1.02
Gyro: -10.55, -11.57, -7.23
Accel: -0.08, 0.06, -1.05
Gyro: -8.38, -8.58, -4.97
Accel: -0.08, 0.04, -1.02
Gyro: -3.86, -5.14, -2.81
Accel: -0.05, 0.01, -1.00
Gyro: -0.95, -3.42, -2.80
Accel: -0.05, 0.03, -1.00
Gyro: 1.91, -0.32, -2.73
Accel: -0.03, 0.02, -0.97
Gyro: 7.52, 0.29, -2.24
Accel: -0.02, -0.00, -0.97
Gyro: 5.23, 0.47, -2.60
Accel: -0.01, 0.00, -0.95
Gyro: 2.95, -0.06, -3.26
Accel: -0.01, 0.00, -0.95
Gyro: -0.18, -1.08, -3.79
Accel: -0.01, 0.01, -0.95
Gyro: -2.65, -1.46, -3.63
Accel: -0.01, 0.01, -0.95
Gyro: -3.52, -2.47, -3.40
Accel: -0.01, 0.02, -0.94
Gyro: -4.20, -3.03, -3.47
Accel: -0.02, 0.02, -0.96
Gyro: -5.10, -3.52, -3.00
Accel: -0.03, 0.00, -0.97
Gyro: -7.85, -3.97, -2.91
Accel: -0.04, 0.00, -0.98
Gyro: -9.06, -4.73, -3.52
Accel: -0.05, 0.02, -0.98
Gyro: -8.60, -3.92, -3.96
Accel: -0.06, 0.03, -0.97
Gyro: -6.71, -3.25, -4.26
Accel: -0.06, 0.05, -0.96
Gyro: -3.66, -4.11, -3.04
Accel: -0.07, 0.04, -0.96
Gyro: -1.63, -4.59, -1.17
Accel: -0.08, 0.01, -0.99
Gyro: -2.67, -2.91, -1.84
Accel: -0.07, 0.03, -0.97
Gyro: -1.56, -0.75, -3.17
Accel: -0.07, 0.01, -0.97
Gyro: -0.14, -0.78, -3.88
Accel: -0.07, -0.00, -0.98
Gyro: -2.31, -0.10, -6.30
Accel: -0.06, 0.03, -0.96
Gyro: -2.86, -0.47, -8.05
Accel: -0.05, 0.04, -0.97
Gyro: -2.56, -1.04, -7.88
Accel: -0.04, 0.03, -0.93
Gyro: -2.27, -2.78, -7.12
Accel: -0.04, 0.06, -0.95
Gyro: -3.52, -4.10, -5.78
Accel: -0.04, 0.07, -0.98
Gyro: -4.42, -3.67, -4.14
Accel: -0.04, 0.06, -0.97
Gyro: -2.85, -2.66, -1.82
Accel: -0.04, 0.05, -0.94
Gyro: -1.69, -3.30, -0.51
Accel: -0.05, 0.03, -0.96
Gyro: -0.51, -4.75, -0.03
Accel: -0.07, 0.03, -0.98
Gyro: -1.09, -4.08, -1.11
Accel: -0.07, 0.02, -0.99
Gyro: -1.29, -1.95, -1.81
Accel: -0.06, 0.02, -0.97
Gyro: -0.63, -1.16, -2.48
Accel: -0.06, 0.01, -0.96
Gyro: -1.10, -1.44, -3.33
Accel: -0.06, 0.03, -0.97
Gyro: -1.77, -1.79, -3.41
Accel: -0.06, 0.04, -0.96
Gyro: -2.40, -1.47, -2.34
Accel: -0.06, 0.03, -0.98
Gyro: -2.56, -1.20, -1.24
Accel: -0.06, 0.02, -0.97
Gyro: -2.63, -1.50, -1.26
Accel: -0.06, 0.02, -0.97
Gyro: -3.33, -1.88, -1.94
Accel: -0.06, 0.04, -0.96
Gyro: -2.03, -1.88, -1.62
Accel: -0.06, 0.03, -0.98
Gyro: -0.92, -1.67, -1.05
Accel: -0.06, 0.00, -0.97
Gyro: -1.05, -1.29, -2.01
Accel: -0.06, 0.02, -0.97
Gyro: -1.78, -0.74, -2.79
Accel: -0.06, 0.03, -0.98
Gyro: -1.95, -0.69, -2.65
Accel: -0.06, 0.04, -0.96
Gyro: -1.50, -0.43, -2.10
Accel: -0.05, 0.02, -0.96
Gyro: -1.28, -0.41, -1.59
Accel: -0.06, 0.03, -0.96
Gyro: -1.26, -0.80, -1.32
Accel: -0.06, 0.02, -0.97
Gyro: -1.54, -0.69, -1.12
Accel: -0.06, 0.02, -0.97
Gyro: -1.85, -0.42, -0.79
Accel: -0.06, 0.02, -0.97
Gyro: -2.53, -0.72, -0.78
Accel: -0.07, 0.02, -0.98
Gyro: -2.96, -0.31, -0.61
Accel: -0.07, 0.01, -0.97
Gyro: -3.36, -0.10, -0.76
Accel: -0.07, 0.01, -0.97
Gyro: -3.97, 0.43, -1.41
Accel: -0.07, 0.02, -0.98
Gyro: -3.82, 0.69, -2.24
Accel: -0.06, 0.02, -0.97
Gyro: -3.34, 0.68, -2.64
Accel: -0.05, 0.03, -0.97
Gyro: -3.62, 0.45, -2.64
Accel: -0.06, 0.04, -0.97
Gyro: -3.26, 1.03, -2.46
Accel: -0.05, 0.04, -0.96
Gyro: -2.26, 0.63, -2.15
Accel: -0.05, 0.03, -0.96
Gyro: -3.39, -0.16, -2.60
Accel: -0.05, 0.05, -0.97
Gyro: -4.08, -0.70, -3.00
Accel: -0.04, 0.06, -0.96
Gyro: -2.79, -0.96, -2.12
Accel: -0.05, 0.05, -0.96
Gyro: -2.22, -1.87, -1.66
Accel: -0.06, 0.04, -0.96
Gyro: -1.88, -2.51, -1.53
Accel: -0.06, 0.05, -0.97
Gyro: -1.66, -2.59, -1.65
Accel: -0.06, 0.05, -0.97
Gyro: -1.86, -1.97, -1.02
Accel: -0.05, 0.04, -0.96
Gyro: -0.88, -1.56, -0.23
Accel: -0.05, 0.02, -0.96
Gyro: -1.11, -1.92, -0.15
Accel: -0.06, 0.03, -0.94
Gyro: -1.17, -2.50, -0.41
Accel: -0.06, 0.03, -0.96
Gyro: -1.66, -3.25, -0.50
Accel: -0.06, 0.04, -0.97
Gyro: -2.08, -2.40, -0.55
Accel: -0.06, 0.03, -0.97
Gyro: -1.85, -1.91, -0.74
Accel: -0.06, 0.02, -0.97
Gyro: -2.69, -1.82, -1.35
Accel: -0.07, 0.04, -0.97
Gyro: -2.77, -1.00, -1.59
Accel: -0.06, 0.04, -0.97
Gyro: -1.72, -1.30, -1.15
Accel: -0.07, 0.03, -0.97
Gyro: -1.57, -0.82, -1.37
Accel: -0.07, 0.04, -0.96
Gyro: -1.66, -0.41, -1.54
Accel: -0.07, 0.04, -0.96
Gyro: -1.89, -0.17, -1.41
Accel: -0.06, 0.05, -0.97
Gyro: -1.36, 0.12, -0.53
Accel: -0.06, 0.04, -0.97
Gyro: -1.17, 0.28, -0.23
Accel: -0.06, 0.03, -0.96
Gyro: -1.32, 0.03, -0.54
Accel: -0.06, 0.04, -0.96
Gyro: -1.07, 0.03, -0.66
Accel: -0.06, 0.03, -0.97
Gyro: -0.92, -0.06, -0.33
Accel: -0.06, 0.03, -0.95
Gyro: -1.06, 0.15, -0.17
Accel: -0.05, 0.02, -0.96
Gyro: -1.21, -0.19, -0.27
Accel: -0.05, 0.03, -0.96
Gyro: -1.69, -0.74, -0.56
Accel: -0.05, 0.03, -0.96
Gyro: -1.95, -0.85, -0.74
Accel: -0.06, 0.03, -0.96
Gyro: -1.94, -0.89, -0.66
Accel: -0.06, 0.04, -0.97
Gyro: -1.76, -1.11, -0.49
Accel: -0.06, 0.04, -0.97
Gyro: -1.27, -0.80, -0.43
Accel: -0.06, 0.03, -0.96
Gyro: -0.95, -1.11, -0.14
Accel: -0.06, 0.04, -0.97
Gyro: -0.93, -1.45, -0.27
Accel: -0.06, 0.03, -0.97
Gyro: -1.22, -1.48, -0.45
Accel: -0.06, 0.02, -0.96
Gyro: -0.80, -1.24, -0.79
Accel: -0.06, 0.01, -0.96
Gyro: -1.97, -1.23, -1.52
Accel: -0.06, 0.03, -0.96
Gyro: -2.44, -1.75, -2.37
Accel: -0.06, 0.04, -0.97
Gyro: -1.27, -2.40, -1.10
Accel: -0.06, 0.02, -0.97
Gyro: -1.41, -2.88, -0.98
Accel: -0.06, 0.03, -0.97
Gyro: -1.85, -2.83, -1.86
Accel: -0.06, 0.03, -0.96
Gyro: -2.33, -2.65, -1.82
Accel: -0.07, 0.04, -0.98
Gyro: -2.68, -2.33, -1.72
Accel: -0.08, 0.04, -0.98
Gyro: -2.02, -2.04, -1.55
Accel: -0.07, 0.03, -0.98
Gyro: -1.97, -1.13, -1.52
Accel: -0.08, 0.04, -0.97
Gyro: -1.64, -0.03, -1.19
Accel: -0.07, 0.04, -0.97
Gyro: -1.82, 0.19, -0.82
Accel: -0.06, 0.03, -0.98
Gyro: -1.76, 0.46, -1.06
Accel: -0.07, 0.03, -0.96
Gyro: -1.48, 0.49, -1.37
Accel: -0.06, 0.03, -0.96
Gyro: -1.57, -0.10, -1.70
Accel: -0.06, 0.04, -0.96
Gyro: -1.68, 0.18, -1.95
Accel: -0.06, 0.04, -0.97
Gyro: -0.82, 0.23, -1.29
Accel: -0.06, 0.03, -0.97
Gyro: -1.05, 0.36, -1.01
Accel: -0.06, 0.03, -0.97
Gyro: -1.42, -0.24, -1.48
Accel: -0.06, 0.04, -0.96
Gyro: -1.90, -0.21, -1.58
Accel: -0.06, 0.03, -0.96
Gyro: -1.88, -0.47, -1.57
Accel: -0.06, 0.04, -0.97
Gyro: -1.71, -0.62, -1.56
Accel: -0.07, 0.04, -0.97
Gyro: -1.45, -0.02, -1.63
Accel: -0.06, 0.04, -0.97
Gyro: -0.84, -0.14, -1.50
Accel: -0.06, 0.04, -0.96
Gyro: -0.77, -0.57, -0.65
Accel: -0.06, 0.03, -0.97
Gyro: -0.82, -0.42, -0.27
Accel: -0.06, 0.02, -0.97
Gyro: -1.33, -0.33, -0.10
Accel: -0.06, 0.03, -0.97
Gyro: -1.69, -0.60, -0.25
Accel: -0.06, 0.03, -0.95
Gyro: -1.71, -1.30, -0.66
Accel: -0.06, 0.03, -0.96
Gyro: -1.59, -1.49, -0.83
Accel: -0.05, 0.03, -0.96
Gyro: -1.53, -1.21, -0.80
Accel: -0.05, 0.04, -0.96
Gyro: -1.36, -1.87, -0.81
Accel: -0.04, 0.04, -0.94
Gyro: -0.85, -3.36, -0.50
Accel: -0.03, 0.04, -0.94
Gyro: -0.35, -5.67, 0.44
Accel: -0.02, 0.03, -0.91
Gyro: -0.54, -8.90, 0.84
Accel: -0.01, 0.05, -0.90
Gyro: 0.08, -13.47, 1.39
Accel: 0.02, 0.04, -0.84
Gyro: 1.13, -21.97, 2.02
Accel: 0.08, 0.02, -0.75
Gyro: 0.77, -37.48, 1.45
Accel: 0.10, 0.06, -0.68
Gyro: 1.82, -58.71, 1.62
Accel: 0.09, 0.08, -0.66
Gyro: 7.87, -80.54, 4.80
Accel: 0.07, 0.06, -0.67
Gyro: 6.55, -102.32, 9.88
Accel: 0.03, 0.02, -0.66
Gyro: 2.77, -119.58, 12.50
Accel: -0.03, -0.02, -0.63
Gyro: -1.98, -137.83, 11.14
Accel: -0.11, -0.01, -0.58
Gyro: -2.92, -155.84, 8.13
Accel: -0.23, 0.02, -0.52
Gyro: -1.72, -173.73, 7.40
Accel: -0.37, 0.01, -0.52
Gyro: -4.45, -190.38, 7.86
Accel: -0.57, 0.01, -0.56
Gyro: -7.61, -199.37, 7.08
Accel: -0.79, 0.04, -0.87
Gyro: -8.82, -192.83, 5.62
Accel: -0.99, 0.07, -1.23
Gyro: -12.61, -159.49, 5.78
Accel: -1.03, 0.06, -1.20
Gyro: -10.82, -114.27, 6.47
Accel: -1.06, 0.05, -1.00
Gyro: -7.89, -83.04, 6.58
Accel: -1.10, 0.03, -1.08
Gyro: -3.66, -56.60, 4.75
Accel: -1.06, 0.03, -1.03
Gyro: 0.11, -29.22, 1.17
Accel: -0.96, 0.02, -0.88
Gyro: 1.60, -12.25, -2.11
Accel: -0.90, 0.05, -0.80
Gyro: 2.46, -3.39, -3.62
Accel: -0.84, 0.07, -0.77
Gyro: 4.52, 0.82, -2.01
