Accel: -0.08, 0.03, -0.96
Gyro: 1.16, 4.27, 1.26
Accel: -0.08, 0.03, -0.97
Gyro: 0.13, 4.17, 0.76
Accel: -0.07, 0.05, -0.97
Gyro: 0.01, 3.68, 1.00
Accel: -0.06, 0.04, -0.96
Gyro: 1.50, 2.49, 1.88
Accel: -0.06, 0.01, -0.96
Gyro: 0.56, 1.66, 1.56
Accel: -0.07, 0.02, -0.95
Gyro: 0.16, 0.78, 0.42
Accel: -0.07, 0.02, -0.96
Gyro: -0.27, 0.56, -0.18
Accel: -0.06, 0.02, -0.95
Gyro: -1.04, 0.21, -0.59
Accel: -0.06, 0.02, -0.95
Gyro: -1.08, -0.19, -1.13
Accel: -0.06, 0.02, -0.95
Gyro: -1.66, -0.09, -1.88
Accel: -0.06, 0.02, -0.97
Gyro: -1.95, -0.71, -2.33
Accel: -0.06, 0.04, -0.95
Gyro: -1.45, -1.40, -2.19
Accel: -0.07, 0.03, -0.96
Gyro: -1.40, -1.61, -1.60
Accel: -0.07, 0.02, -0.96
Gyro: -1.50, -2.04, -1.47
Accel: -0.09, 0.02, -0.98
Gyro: -2.68, -1.22, -1.98
Accel: -0.08, 0.05, -0.98
Gyro: -2.66, 0.14, -2.22
Accel: -0.08, 0.04, -0.98
Gyro: -1.08, -0.21, -0.85
Accel: -0.08, 0.03, -0.97
Gyro: -1.30, 0.85, -0.42
Accel: -0.09, 0.03, -0.99
Gyro: -1.27, 1.75, -0.30
Accel: -0.09, 0.04, -0.98
Gyro: -1.88, 2.71, -0.27
Accel: -0.08, 0.04, -0.97
Gyro: -1.55, 3.34, 0.22
Accel: -0.07, 0.04, -0.96
Gyro: -1.17, 3.88, 0.89
Accel: -0.06, 0.04, -0.95
Gyro: -0.65, 2.91, 1.22
Accel: -0.06, 0.03, -0.96
Gyro: -1.29, 3.06, 1.05
Accel: -0.06, 0.03, -0.97
Gyro: -1.01, 4.01, 0.09
Accel: -0.05, 0.03, -0.96
Gyro: -0.56, 3.74, -0.24
Accel: -0.05, 0.02, -0.95
Gyro: -0.36, 2.62, -0.64
Accel: -0.04, 0.02, -0.95
Gyro: -0.72, 1.78, -0.71
Accel: -0.05, 0.02, -0.95
Gyro: -1.48, 0.16, -0.92
Accel: -0.04, 0.03, -0.94
Gyro: -1.44, -1.06, -0.44
Accel: -0.04, 0.03, -0.95
Gyro: -1.52, -2.33, -0.37
Accel: -0.05, 0.02, -0.95
Gyro: -1.83, -2.67, -0.43
Accel: -0.06, 0.03, -0.96
Gyro: -1.85, -2.47, -0.96
Accel: -0.06, 0.01, -0.95
Gyro: -1.63, -2.82, -1.30
Accel: -0.06, 0.01, -0.97
Gyro: -3.11, -2.85, -3.07
Accel: -0.05, 0.04, -0.96
Gyro: -2.80, -2.21, -2.82
Accel: -0.06, 0.03, -0.97
Gyro: -1.75, -2.46, -2.00
Accel: -0.06, 0.03, -0.97
Gyro: -2.01, -3.17, -2.25
Accel: -0.07, 0.04, -0.97
Gyro: -2.11, -3.44, -1.98
Accel: -0.07, 0.04, -0.98
Gyro: -1.81, -3.18, -1.10
Accel: -0.07, 0.04, -0.98
Gyro: -1.15, -2.65, -0.42
Accel: -0.07, 0.03, -0.97
Gyro: -1.09, -2.52, -0.20
Accel: -0.07, 0.03, -0.97
Gyro: -1.09, -1.92, -0.24
Accel: -0.06, 0.03, -0.97
Gyro: -1.38, -1.80, -0.30
Accel: -0.07, 0.03, -0.96
Gyro: -1.37, -2.21, -0.55
Accel: -0.06, 0.01, -0.96
Gyro: -1.45, -2.45, -0.74
Accel: -0.07, 0.02, -0.97
Gyro: -1.55, -2.26, -1.14
Accel: -0.07, 0.02, -0.97
Gyro: -1.94, -2.08, -1.53
Accel: -0.07, 0.04, -0.97
Gyro: -1.76, -1.36, -1.07
Accel: -0.06, 0.03, -0.96
Gyro: -0.94, -1.43, -0.37
Accel: -0.06, 0.02, -0.97
Gyro: -1.65, -1.65, -0.72
Accel: -0.07, 0.03, -0.97
Gyro: -1.94, -1.87, -1.27
Accel: -0.05, 0.04, -0.94
Gyro: -1.70, -2.72, -1.17
Accel: -0.05, 0.04, -0.94
Gyro: -1.34, -4.20, -0.84
Accel: -0.03, 0.03, -0.93
Gyro: -0.80, -6.97, -0.97
Accel: -0.02, 0.03, -0.89
Gyro: -0.38, -11.25, -2.19
Accel: 0.01, 0.02, -0.85
Gyro: 1.12, -18.82, -3.10
Accel: 0.04, 0.02, -0.80
Gyro: 3.21, -29.93, -4.12
Accel: 0.08, 0.03, -0.74
Gyro: 3.67, -45.27, -3.80
Accel: 0.10, 0.02, -0.66
Gyro: 3.62, -64.20, -2.17
Accel: 0.10, -0.00, -0.57
Gyro: 1.74, -88.66, -1.23
Accel: 0.08, -0.00, -0.51
Gyro: -0.76, -117.77, -1.63
Accel: 0.01, 0.03, -0.51
Gyro: -1.27, -147.83, -1.82
Accel: -0.14, 0.02, -0.55
Gyro: -1.30, -171.20, -1.54
Accel: -0.28, 0.00, -0.58
Gyro: -6.84, -186.83, -0.73
Accel: -0.45, -0.00, -0.61
Gyro: -12.27, -198.30, -2.18
Accel: -0.72, -0.01, -0.91
Gyro: -11.67, -193.04, -4.97
Accel: -0.91, 0.04, -1.33
Gyro: -19.01, -152.03, -8.22
Accel: -0.90, 0.07, -1.07
Gyro: -19.13, -115.26, -8.45
Accel: -0.95, 0.09, -1.06
Gyro: -10.31, -90.87, -4.78
Accel: -1.00, 0.06, -1.11
Gyro: -4.10, -65.18, -2.49
Accel: -1.00, 0.07, -1.10
Gyro: -0.25, -37.16, -1.38
Accel: -0.97, 0.09, -1.01
Gyro: 3.17, -14.34, 0.83
Accel: -0.92, 0.06, -0.95
Gyro: 5.46, 1.11, 1.73
Accel: -0.88, 0.07, -0.92
Gyro: 7.93, 13.60, 1.99
Accel: -0.85, 0.07, -0.93
Gyro: 6.64, 26.63, 3.23
Accel: -0.87, 0.06, -1.02
Gyro: 2.33, 43.76, 5.21
Accel: -0.87, 0.06, -1.04
Gyro: -5.52, 69.11, 7.66
Accel: -0.80, 0.05, -0.91
Gyro: -5.68, 85.17, 7.95
Accel: -0.82, 0.03, -1.06
Gyro: -4.71, 103.94, 7.26
Accel: -0.86, 0.05, -1.17
Gyro: -4.92, 136.48, 6.92
Accel: -0.74, 0.04, -0.87
Gyro: 0.27, 157.42, 5.74
Accel: -0.67, 0.02, -0.89
Gyro: 9.07, 166.14, 3.68
Accel: -0.53, 0.04, -0.78
Gyro: 10.60, 171.69, 1.65
Accel: -0.36, 0.03, -0.65
Gyro: 12.25, 159.42, 0.48
Accel: -0.22, 0.01, -0.59
Gyro: 11.55, 139.14, 0.18
Accel: -0.12, 0.02, -0.60
Gyro: 5.85, 116.18, 0.43
Accel: -0.07, 0.02, -0.68
Gyro: 3.47, 96.55, 0.18
Accel: -0.04, 0.01, -0.75
Gyro: 0.92, 82.59, -1.16
Accel: -0.01, 0.00, -0.75
Gyro: -0.18, 70.33, -3.12
Accel: 0.01, -0.02, -0.77
Gyro: -1.60, 58.34, -4.31
Accel: 0.05, 0.00, -0.77
Gyro: -4.37, 46.86, -5.46
Accel: 0.08, 0.00, -0.79
Gyro: -4.54, 34.52, -5.44
Accel: 0.07, 0.02, -0.81
Gyro: -6.13, 23.35, -5.26
Accel: 0.06, 0.04, -0.85
Gyro: -7.68, 15.33, -3.68
Accel: 0.05, 0.05, -0.86
Gyro: -7.15, 8.30, -1.60
Accel: 0.05, 0.04, -0.88
Gyro: -5.87, 1.30, 0.50
Accel: 0.02, 0.03, -0.92
Gyro: -5.86, -3.03, 0.82
Accel: 0.00, 0.02, -0.94
Gyro: -5.62, -5.55, 0.08
Accel: -0.02, 0.02, -0.96
Gyro: -4.19, -6.55, -0.76
Accel: -0.05, 0.02, -0.99
Gyro: -3.08, -6.35, -1.79
Accel: -0.06, 0.02, -1.00
Gyro: -2.36, -4.68, -2.56
Accel: -0.07, 0.03, -1.00
Gyro: -1.02, -2.73, -2.35
Accel: -0.06, 0.03, -0.98
Gyro: -1.58, -0.58, -1.81
Accel: -0.05, 0.05, -0.99
Gyro: -1.88, -0.86, -1.05
Accel: -0.05, 0.05, -1.01
Gyro: -0.39, 0.52, 0.98
Accel: -0.05, 0.02, -0.99
Gyro: -1.53, 2.71, 0.60
Accel: -0.03, 0.01, -0.96
Gyro: -2.14, 3.04, -0.82
Accel: -0.01, 0.02, -0.95
Gyro: -2.50, 2.01, -2.66
Accel: -0.02, 0.03, -0.95
Gyro: -2.36, 0.96, -2.70
Accel: -0.02, 0.04, -0.95
Gyro: -2.15, 0.35, -2.65
Accel: -0.02, 0.04, -0.95
Gyro: -2.09, 0.71, -2.07
Accel: -0.01, 0.04, -0.92
Gyro: -2.63, -1.44, -2.02
Accel: -0.01, 0.03, -0.94
Gyro: -3.14, -3.26, -2.78
Accel: -0.03, 0.05, -0.95
Gyro: -3.01, -3.62, -2.63
Accel: -0.03, 0.04, -0.98
Gyro: -2.78, -3.05, -2.23
Accel: -0.03, 0.04, -0.96
Gyro: -3.01, -2.98, -2.33
Accel: -0.03, 0.04, -0.95
Gyro: -2.57, -4.14, -2.56
Accel: -0.04, 0.05, -0.97
Gyro: -1.59, -4.08, -2.23
Accel: -0.05, 0.04, -0.98
Gyro: -1.73, -3.88, -2.68
Accel: -0.05, 0.05, -0.97
Gyro: -1.16, -4.26, -2.18
Accel: -0.06, 0.05, -0.97
Gyro: -0.11, -4.55, -1.77
Accel: -0.06, 0.03, -0.97
Gyro: 0.21, -3.89, -1.81
Accel: -0.07, 0.03, -0.97
Gyro: 0.08, -3.06, -2.51
Accel: -0.06, 0.01, -0.99
Gyro: -0.27, -1.73, -3.60
Accel: -0.06, 0.02, -0.98
Gyro: -0.93, -0.43, -4.53
Accel: -0.06, 0.03, -0.97
Gyro: -1.43, 0.09, -4.77
Accel: -0.06, 0.04, -0.98
Gyro: -1.80, 0.66, -4.51
Accel: -0.05, 0.04, -0.97
Gyro: -2.66, 1.03, -4.10
Accel: -0.04, 0.04, -0.96
Gyro: -2.72, 0.78, -3.49
Accel: -0.04, 0.04, -0.96
Gyro: -2.98, -0.24, -2.72
Accel: -0.05, 0.04, -0.97
Gyro: -3.17, -1.22, -2.01
Accel: -0.04, 0.04, -0.96
Gyro: -3.85, -1.30, -2.27
Accel: -0.03, 0.04, -0.95
Gyro: -3.62, -2.41, -1.96
Accel: -0.04, 0.05, -0.95
Gyro: -3.29, -3.39, -2.19
Accel: -0.05, 0.05, -0.97
Gyro: -2.79, -3.44, -2.41
Accel: -0.04, 0.04, -0.96
Gyro: -1.59, -3.17, -2.29
Accel: -0.05, 0.03, -0.97
Gyro: -2.56, -3.46, -2.77
Accel: -0.05, 0.05, -0.96
Gyro: -3.07, -3.24, -3.10
Accel: -0.06, 0.06, -0.98
Gyro: -1.60, -3.18, -2.24
Accel: -0.07, 0.04, -0.98
Gyro: -1.30, -2.80, -1.35
Accel: -0.06, 0.04, -0.98
Gyro: -1.05, -2.44, -1.55
Accel: -0.07, 0.04, -0.98
Gyro: -1.12, -2.30, -1.85
Accel: -0.06, 0.05, -0.97
Gyro: -1.20, -1.25, -1.46
Accel: -0.06, 0.03, -0.97
Gyro: -0.70, -0.40, -1.26
Accel: -0.06, 0.03, -0.97
Gyro: -0.76, -0.14, -1.18
Accel: -0.06, 0.03, -0.96
Gyro: -1.01, -0.09, -1.24
Accel: -0.06, 0.03, -0.96
Gyro: -1.32, -0.50, -1.28
Accel: -0.05, 0.03, -0.96
Gyro: -1.42, -0.60, -1.40
Accel: -0.05, 0.03, -0.96
Gyro: -1.66, -1.18, -1.51
Accel: -0.05, 0.03, -0.96
Gyro: -1.99, -1.66, -2.01
