Accel: -0.11, 0.04, -0.96
Gyro: -2.03, -1.27, -2.05
Accel: -0.12, 0.04, -0.97
Gyro: -2.83, -1.63, -2.87
Accel: -0.12, 0.05, -0.96
Gyro: -2.94, -1.03, -2.65
Accel: -0.12, 0.06, -0.97
Gyro: -2.49, -0.38, -2.32
Accel: -0.10, 0.05, -0.97
Gyro: -2.12, -0.46, -1.54
Accel: -0.11, 0.05, -0.96
Gyro: -1.46, -0.05, -1.58
Accel: -0.12, 0.04, -0.96
Gyro: -1.55, -0.48, -1.48
Accel: -0.11, 0.05, -0.97
Gyro: -1.73, 0.53, -1.34
Accel: -0.10, 0.05, -0.97
Gyro: -0.37, 0.10, -0.53
Accel: -0.10, 0.04, -0.96
Gyro: -0.74, 0.22, -0.12
Accel: -0.10, 0.03, -0.95
Gyro: -1.00, -0.05, -0.68
Accel: -0.11, 0.03, -0.95
Gyro: -1.52, -0.99, -1.09
Accel: -0.10, 0.04, -0.96
Gyro: -1.94, -1.87, -1.57
Accel: -0.12, 0.05, -0.97
Gyro: -1.51, -1.51, -1.24
Accel: -0.12, 0.04, -0.96
Gyro: -1.11, -0.84, -0.25
Accel: -0.12, 0.04, -0.97
Gyro: -0.95, 0.03, 0.24
Accel: -0.11, 0.03, -0.97
Gyro: -1.07, 0.35, 0.27
Accel: -0.11, 0.02, -0.97
Gyro: -1.05, 0.51, 0.17
Accel: -0.11, 0.02, -0.96
Gyro: -1.40, 0.85, -0.36
Accel: -0.12, 0.04, -0.97
Gyro: -1.22, 0.91, -1.17
Accel: -0.11, 0.04, -0.96
Gyro: -0.59, 1.17, -1.19
Accel: -0.11, 0.04, -0.97
Gyro: -0.76, 1.29, -0.81
Accel: -0.12, 0.04, -0.97
Gyro: -0.73, 1.73, -0.81
Accel: -0.11, 0.03, -0.96
Gyro: -0.72, 1.37, -0.60
Accel: -0.11, 0.03, -0.97
Gyro: -1.17, 1.22, -0.69
Accel: -0.11, 0.03, -0.96
Gyro: -0.89, 1.09, -0.67
Accel: -0.10, 0.02, -0.95
Gyro: -0.78, 0.85, -0.91
Accel: -0.10, 0.02, -0.96
Gyro: -1.79, 0.88, -1.72
Accel: -0.10, 0.04, -0.97
Gyro: -1.63, 0.75, -1.57
Accel: -0.10, 0.04, -0.96
Gyro: -0.76, 0.60, -1.01
Accel: -0.10, 0.03, -0.95
Gyro: -0.34, -0.71, -0.94
Accel: -0.09, 0.03, -0.95
Gyro: -0.26, -1.82, -1.13
Accel: -0.10, 0.03, -0.95
Gyro: -0.50, -2.20, -1.05
Accel: -0.10, 0.03, -0.94
Gyro: -0.40, -2.40, -0.65
Accel: -0.10, 0.03, -0.95
Gyro: -0.16, -3.11, -0.37
Accel: -0.10, 0.02, -0.95
Gyro: -0.43, -3.58, -0.66
Accel: -0.10, 0.03, -0.95
Gyro: -0.44, -4.36, -0.23
Accel: -0.10, 0.03, -0.95
Gyro: -0.53, -4.87, 0.01
Accel: -0.11, 0.02, -0.96
Gyro: -1.00, -4.94, -0.12
Accel: -0.12, 0.01, -0.97
Gyro: -1.46, -4.10, -0.37
Accel: -0.12, 0.03, -0.97
Gyro: -2.11, -3.56, -1.10
Accel: -0.10, 0.04, -0.95
Gyro: -1.65, -4.94, -1.16
Accel: -0.09, 0.02, -0.93
Gyro: -0.56, -7.14, -0.79
Accel: -0.10, 0.02, -0.93
Gyro: -1.28, -9.71, -1.05
Accel: -0.11, 0.03, -0.96
Gyro: -2.11, -10.75, -1.28
Accel: -0.11, 0.05, -0.94
Gyro: -1.95, -11.02, -0.38
Accel: -0.11, 0.03, -0.93
Gyro: -1.60, -13.01, 0.63
Accel: -0.11, 0.02, -0.93
Gyro: -2.08, -15.34, 0.18
Accel: -0.15, 0.02, -0.96
Gyro: -2.69, -14.35, -0.51
Accel: -0.16, 0.02, -0.98
Gyro: -2.51, -11.67, -1.30
Accel: -0.16, 0.03, -0.97
Gyro: -2.36, -9.87, -1.97
Accel: -0.17, 0.03, -0.97
Gyro: -1.99, -9.09, -2.28
Accel: -0.17, 0.03, -0.98
Gyro: -1.95, -7.68, -1.98
Accel: -0.17, 0.03, -0.96
Gyro: -2.14, -6.44, -1.91
Accel: -0.15, 0.04, -0.95
Gyro: -1.36, -6.97, -1.41
Accel: -0.13, 0.03, -0.92
Gyro: -0.84, -9.77, -1.43
Accel: -0.11, 0.04, -0.89
Gyro: -0.88, -15.12, -1.54
Accel: -0.09, 0.03, -0.85
Gyro: -0.47, -22.71, -1.29
Accel: -0.07, 0.01, -0.79
Gyro: -0.26, -32.72, -1.47
Accel: -0.03, 0.02, -0.72
Gyro: -1.58, -48.36, -1.94
Accel: -0.01, 0.04, -0.67
Gyro: -1.75, -68.05, -0.88
Accel: -0.01, 0.04, -0.62
Gyro: -2.75, -89.97, 2.72
Accel: -0.03, 0.03, -0.58
Gyro: -5.25, -114.10, 4.93
Accel: -0.10, 0.03, -0.58
Gyro: -6.34, -136.84, 4.59
Accel: -0.22, -0.01, -0.55
Gyro: -6.69, -157.01, 5.70
Accel: -0.38, -0.06, -0.56
Gyro: -12.48, -171.71, 0.28
Accel: -0.60, 0.03, -0.76
Gyro: -16.56, -173.82, -5.26
Accel: -0.86, 0.14, -1.15
Gyro: -13.17, -153.24, -2.60
Accel: -1.00, 0.12, -1.35
Gyro: -13.51, -103.91, 3.88
Accel: -0.97, 0.06, -1.10
Gyro: -16.30, -65.45, 3.66
Accel: -0.99, 0.07, -1.07
Gyro: -5.33, -43.85, 2.72
Accel: -0.97, 0.06, -1.08
Gyro: -0.18, -16.10, 1.02
Accel: -0.89, 0.08, -0.95
Gyro: 5.29, -0.09, -0.78
Accel: -0.83, 0.08, -0.87
Gyro: 6.26, 10.05, 0.14
Accel: -0.77, 0.09, -0.87
Gyro: 6.49, 16.43, 1.82
Accel: -0.74, 0.07, -0.89
Gyro: 6.93, 23.01, 3.23
Accel: -0.72, 0.06, -0.88
Gyro: 3.49, 31.39, 3.14
Accel: -0.78, 0.05, -1.02
Gyro: 1.87, 45.07, 2.00
Accel: -0.79, 0.06, -1.05
Gyro: -6.88, 70.79, 0.88
Accel: -0.74, 0.07, -0.94
Gyro: -2.12, 88.36, -0.04
Accel: -0.78, 0.07, -1.04
Gyro: 3.32, 104.43, -0.76
Accel: -0.80, 0.10, -1.17
Gyro: 3.89, 137.21, -1.31
Accel: -0.67, 0.11, -0.80
Gyro: 12.86, 152.51, -1.07
Accel: -0.54, 0.11, -0.79
Gyro: 23.61, 151.73, 1.30
Accel: -0.43, 0.03, -0.78
Gyro: 25.31, 147.44, 0.25
Accel: -0.30, 0.04, -0.77
Gyro: 25.16, 138.85, -3.38
Accel: -0.17, 0.03, -0.74
Gyro: 21.97, 127.44, -1.41
Accel: -0.08, -0.08, -0.64
Gyro: 16.62, 110.13, -4.90
Accel: -0.03, -0.05, -0.66
Gyro: 13.19, 90.05, -11.78
Accel: -0.03, 0.01, -0.81
Gyro: 9.91, 79.62, -12.73
Accel: 0.03, -0.01, -0.75
Gyro: 9.09, 70.17, -9.94
Accel: 0.08, -0.03, -0.68
Gyro: 6.28, 53.17, -8.64
Accel: 0.11, -0.01, -0.68
Gyro: 2.98, 33.35, -6.07
Accel: 0.09, -0.01, -0.78
Gyro: -0.53, 18.86, -2.31
Accel: 0.06, 0.00, -0.89
Gyro: -3.80, 13.80, 1.54
Accel: 0.06, -0.04, -0.87
Gyro: -6.52, 9.67, 3.56
Accel: 0.05, -0.04, -0.89
Gyro: -11.29, 2.95, 1.48
Accel: 0.03, 0.01, -0.91
Gyro: -9.96, -3.14, 1.56
Accel: 0.01, 0.00, -0.94
Gyro: -7.55, -6.81, 3.93
Accel: -0.01, -0.03, -0.96
Gyro: -8.80, -9.84, 2.91
Accel: -0.03, -0.02, -0.96
Gyro: -9.06, -11.15, 1.09
Accel: -0.04, -0.00, -0.96
Gyro: -5.66, -12.01, 0.35
Accel: -0.06, -0.01, -0.99
Gyro: -2.59, -11.20, -0.74
Accel: -0.08, -0.00, -1.01
Gyro: -0.76, -8.45, -1.96
Accel: -0.07, -0.01, -0.98
Gyro: -0.17, -4.93, -2.93
Accel: -0.06, -0.01, -0.97
Gyro: 0.26, -4.68, -3.05
Accel: -0.06, 0.00, -0.97
Gyro: 0.75, -5.18, -2.17
Accel: -0.06, 0.00, -0.97
Gyro: 0.36, -4.01, -1.05
Accel: -0.07, -0.02, -0.98
Gyro: -2.08, -3.06, -0.90
Accel: -0.07, -0.01, -0.98
Gyro: -4.24, -2.42, -1.87
Accel: -0.06, -0.00, -0.96
Gyro: -4.01, -2.39, -1.59
Accel: -0.06, -0.01, -0.96
Gyro: -4.10, -3.19, -1.44
Accel: -0.07, -0.00, -0.96
Gyro: -5.08, -3.97, -2.04
Accel: -0.08, -0.00, -0.98
Gyro: -5.73, -3.42, -2.65
Accel: -0.09, 0.01, -0.98
Gyro: -5.74, -1.89, -2.91
Accel: -0.08, 0.01, -0.97
Gyro: -4.19, -0.60, -2.91
Accel: -0.08, 0.01, -0.95
Gyro: -2.36, -1.32, -2.78
Accel: -0.08, 0.01, -0.96
Gyro: -1.84, -2.05, -2.44
Accel: -0.08, 0.01, -0.97
Gyro: -1.89, -2.10, -1.95
Accel: -0.08, 0.01, -0.96
Gyro: -1.88, -1.00, -1.59
Accel: -0.08, 0.01, -0.97
Gyro: -2.31, -0.71, -2.36
Accel: -0.07, 0.01, -0.95
Gyro: -2.66, -1.47, -2.55
Accel: -0.07, 0.01, -0.96
Gyro: -2.68, -2.23, -2.58
Accel: -0.07, 0.01, -0.96
Gyro: -2.98, -2.67, -2.51
Accel: -0.07, 0.01, -0.97
Gyro: -3.20, -2.73, -2.72
Accel: -0.08, 0.01, -0.97
Gyro: -3.13, -2.40, -2.66
Accel: -0.08, 0.01, -0.96
Gyro: -2.82, -2.48, -2.50
Accel: -0.07, 0.01, -0.96
Gyro: -2.91, -1.93, -2.59
Accel: -0.07, 0.02, -0.95
Gyro: -1.66, -1.76, -1.74
Accel: -0.08, 0.00, -0.96
Gyro: -2.00, -2.34, -1.81
Accel: -0.08, 0.01, -0.97
Gyro: -3.58, -2.13, -1.95
Accel: -0.07, 0.02, -0.96
Gyro: -2.31, -2.01, -1.50
Accel: -0.07, 0.01, -0.97
Gyro: -2.40, -2.52, -1.26
Accel: -0.08, 0.01, -0.96
Gyro: -2.49, -3.61, -2.01
Accel: -0.09, 0.01, -0.97
Gyro: -2.43, -2.99, -1.79
Accel: -0.09, 0.01, -0.97
Gyro: -2.62, -1.94, -1.58
Accel: -0.09, 0.02, -0.97
Gyro: -2.60, -1.55, -1.47
Accel: -0.08, 0.00, -0.96
Gyro: -2.29, -1.66, -1.37
Accel: -0.08, 0.01, -0.96
Gyro: -2.49, -2.25, -1.45
Accel: -0.08, 0.01, -0.95
Gyro: -2.27, -2.69, -1.63
Accel: -0.09, 0.01, -0.96
Gyro: -2.09, -2.44, -1.91
Accel: -0.08, 0.01, -0.95
Gyro: -1.88, -2.70, -2.28
Accel: -0.09, 0.00, -0.96
Gyro: -1.85, -2.89, -2.76
Accel: -0.09, 0.01, -0.97
Gyro: -2.73, -1.94, -2.67
Accel: -0.08, 0.02, -0.96
Gyro: -1.95, -2.36, -2.32
Accel: -0.09, 0.01, -0.97
Gyro: -2.17, -2.16, -1.72
Accel: -0.09, 0.01, -0.97
Gyro: -2.30, -1.65, -2.08
Accel: -0.09, 0.01, -0.97
Gyro: -2.73, -1.10, -2.66
Accel: -0.08, 0.02, -0.96
Gyro: -2.62, -0.95, -2.63
Accel: -0.09, 0.02, -0.97
Gyro: -1.67, -0.41, -2.25
Accel: -0.10, 0.01, -0.98
Gyro: -1.69, 0.08, -2.23
