Accel: -0.08, 0.01, -0.96
Gyro: -1.32, -1.11, -2.52
Accel: -0.08, 0.02, -0.97
Gyro: -0.89, -0.77, -2.40
Accel: -0.09, 0.01, -0.98
Gyro: -1.09, -0.16, -2.14
Accel: -0.08, 0.02, -0.97
Gyro: -1.68, 0.53, -1.90
Accel: -0.08, 0.02, -0.97
Gyro: -1.66, 0.79, -1.63
Accel: -0.08, 0.00, -0.97
Gyro: -2.56, 1.11, -1.82
Accel: -0.07, 0.03, -0.97
Gyro: -3.56, 0.76, -2.51
Accel: -0.07, 0.03, -0.96
Gyro: -2.56, 0.08, -1.85
Accel: -0.07, 0.03, -0.96
Gyro: -1.59, -0.17, -1.24
Accel: -0.07, 0.01, -0.96
Gyro: -2.02, -1.11, -1.98
Accel: -0.08, 0.02, -0.97
Gyro: -2.32, -1.79, -2.79
Accel: -0.08, 0.04, -0.98
Gyro: -2.20, -0.61, -2.37
Accel: -0.08, 0.03, -0.96
Gyro: -1.36, -0.28, -1.60
Accel: -0.08, 0.03, -0.96
Gyro: -1.33, 0.39, -0.85
Accel: -0.06, 0.02, -0.95
Gyro: -1.50, 0.16, -0.74
Accel: -0.06, 0.02, -0.95
Gyro: -1.73, -0.21, -0.32
Accel: -0.07, 0.01, -0.97
Gyro: -1.83, -0.72, -0.54
Accel: -0.07, 0.02, -0.96
Gyro: -1.59, -1.00, -0.94
Accel: -0.06, 0.00, -0.96
Gyro: -1.71, -1.34, -1.43
Accel: -0.07, 0.01, -0.97
Gyro: -2.88, -0.93, -1.90
Accel: -0.07, 0.03, -0.96
Gyro: -1.87, -1.42, -1.43
Accel: -0.07, 0.02, -0.98
Gyro: -1.90, -1.60, -1.16
Accel: -0.07, 0.01, -0.97
Gyro: -1.96, -0.98, -1.41
Accel: -0.08, 0.02, -0.96
Gyro: -2.08, -0.86, -1.47
Accel: -0.07, 0.02, -0.96
Gyro: -2.26, -0.94, -1.05
Accel: -0.08, 0.03, -0.96
Gyro: -2.07, -1.01, -1.11
Accel: -0.07, 0.02, -0.98
Gyro: -1.69, -0.71, -1.05
Accel: -0.08, 0.02, -0.97
Gyro: -0.92, -0.37, -0.94
Accel: -0.08, 0.02, -0.97
Gyro: -1.01, -0.14, -0.37
Accel: -0.07, 0.01, -0.97
Gyro: -1.22, -0.06, -0.30
Accel: -0.08, 0.02, -0.97
Gyro: -1.88, 0.16, -0.60
Accel: -0.07, 0.01, -0.97
Gyro: -1.85, 0.86, -0.48
Accel: -0.07, 0.02, -0.96
Gyro: -1.69, 1.11, -0.90
Accel: -0.07, 0.02, -0.96
Gyro: -1.27, 0.76, -1.08
Accel: -0.07, 0.01, -0.95
Gyro: -1.15, -0.40, -1.19
Accel: -0.08, 0.02, -0.97
Gyro: -1.53, -0.36, -1.21
Accel: -0.08, 0.01, -0.97
Gyro: -1.40, 0.48, -1.09
Accel: -0.08, 0.01, -0.97
Gyro: -1.21, 1.37, -0.76
Accel: -0.07, 0.01, -0.96
Gyro: -1.87, 2.03, -1.18
Accel: -0.06, 0.02, -0.96
Gyro: -1.66, 1.51, -1.87
Accel: -0.06, 0.02, -0.96
Gyro: -2.37, 1.11, -2.35
Accel: -0.06, 0.04, -0.95
Gyro: -2.04, 0.02, -1.40
Accel: -0.06, 0.03, -0.95
Gyro: -1.14, -0.94, -0.10
Accel: -0.06, 0.01, -0.95
Gyro: -1.18, -1.93, 0.00
Accel: -0.06, 0.02, -0.94
Gyro: -1.37, -2.99, -0.72
Accel: -0.06, 0.02, -0.97
Gyro: -1.82, -3.67, -1.15
Accel: -0.06, 0.02, -0.96
Gyro: -1.47, -3.67, -1.03
Accel: -0.06, 0.02, -0.95
Gyro: -1.22, -4.61, -0.93
Accel: -0.05, 0.01, -0.94
Gyro: -1.51, -5.79, -0.84
Accel: -0.03, 0.02, -0.90
Gyro: -1.53, -9.16, -1.24
Accel: -0.01, 0.03, -0.88
Gyro: -0.93, -15.69, -1.01
Accel: 0.03, 0.03, -0.80
Gyro: -1.23, -25.95, 0.97
Accel: 0.08, 0.02, -0.72
Gyro: -2.20, -44.34, 2.64
Accel: 0.10, 0.02, -0.64
Gyro: -2.87, -68.44, 5.78
Accel: 0.06, -0.01, -0.66
Gyro: -5.41, -90.46, 7.03
Accel: 0.00, -0.04, -0.67
Gyro: -8.15, -108.73, 4.70
Accel: -0.07, -0.05, -0.72
Gyro: -12.26, -123.78, -0.37
Accel: -0.18, 0.03, -0.74
Gyro: -15.40, -132.75, -3.14
Accel: -0.29, 0.05, -0.76
Gyro: -15.17, -139.92, -0.51
Accel: -0.38, -0.01, -0.84
Gyro: -18.40, -138.95, -0.89
Accel: -0.44, 0.01, -0.88
Gyro: -21.13, -133.92, -4.56
Accel: -0.51, 0.06, -0.85
Gyro: -20.14, -125.89, -6.16
Accel: -0.61, 0.11, -0.78
Gyro: -16.12, -123.70, -4.61
Accel: -0.76, 0.10, -0.96
Gyro: -13.49, -117.17, -2.17
Accel: -0.86, 0.09, -1.14
Gyro: -10.83, -94.38, -1.90
Accel: -0.87, 0.07, -1.08
Gyro: -6.48, -66.85, -3.46
Accel: -0.86, 0.09, -0.97
Gyro: -3.10, -47.29, -4.81
Accel: -0.92, 0.12, -1.04
Gyro: 1.43, -29.34, -3.82
Accel: -0.92, 0.10, -1.10
Gyro: 3.46, -4.65, -2.68
Accel: -0.85, 0.10, -0.96
Gyro: 3.17, 14.70, -1.17
Accel: -0.79, 0.09, -0.88
Gyro: 3.70, 23.52, 0.30
Accel: -0.79, 0.08, -0.96
Gyro: 4.33, 35.13, 0.98
Accel: -0.78, 0.07, -0.99
Gyro: 3.17, 52.77, 0.18
Accel: -0.75, 0.06, -0.95
Gyro: 5.03, 67.66, -0.46
Accel: -0.76, 0.06, -1.01
Gyro: 5.61, 83.34, -1.24
Accel: -0.81, 0.07, -1.14
Gyro: 6.33, 107.13, -1.30
Accel: -0.81, 0.10, -1.14
Gyro: 4.06, 141.80, -0.12
Accel: -0.66, 0.07, -0.84
Gyro: 14.95, 152.29, 0.91
Accel: -0.56, 0.03, -0.83
Gyro: 16.47, 156.51, 0.21
Accel: -0.43, 0.02, -0.79
Gyro: 16.87, 155.27, -2.92
Accel: -0.27, 0.02, -0.66
Gyro: 19.15, 141.35, -5.17
Accel: -0.16, 0.02, -0.66
Gyro: 14.58, 122.40, -5.84
Accel: -0.06, -0.02, -0.63
Gyro: 10.38, 101.66, -5.62
Accel: -0.04, -0.02, -0.70
Gyro: 6.88, 82.28, -4.65
Accel: -0.04, -0.00, -0.83
Gyro: -1.82, 74.17, -3.64
Accel: -0.00, -0.01, -0.78
Gyro: -4.07, 65.19, -1.97
Accel: -0.03, -0.02, -0.88
Gyro: -6.82, 59.72, -0.69
Accel: -0.01, -0.01, -0.91
Gyro: -11.48, 60.49, -0.94
Accel: 0.03, 0.01, -0.82
Gyro: -10.17, 52.76, -0.66
Accel: 0.04, -0.01, -0.89
Gyro: -10.97, 47.27, -0.72
Accel: 0.08, -0.01, -0.85
Gyro: -13.28, 39.06, -2.89
Accel: 0.10, 0.01, -0.85
Gyro: -11.57, 28.45, -5.08
Accel: 0.11, 0.03, -0.86
Gyro: -10.41, 19.41, -5.74
Accel: 0.11, 0.04, -0.88
Gyro: -8.75, 11.74, -5.81
Accel: 0.08, 0.04, -0.93
Gyro: -8.42, 5.94, -6.25
Accel: 0.07, 0.05, -0.95
Gyro: -6.76, 3.93, -5.67
Accel: 0.07, 0.08, -0.93
Gyro: -3.98, 1.43, -4.64
Accel: 0.06, 0.11, -0.95
Gyro: 0.58, -0.98, -1.66
Accel: 0.04, 0.08, -0.96
Gyro: 4.40, -2.08, 2.07
Accel: 0.03, 0.02, -0.97
Gyro: 3.65, -0.73, 2.77
Accel: 0.04, 0.02, -0.96
Gyro: 1.14, -0.61, 2.01
Accel: 0.05, 0.02, -0.96
Gyro: 0.02, -2.26, 2.35
Accel: 0.05, -0.00, -0.97
Gyro: -1.79, -1.53, 1.04
Accel: 0.06, -0.00, -0.95
Gyro: -2.90, -1.78, -1.33
Accel: 0.07, 0.02, -0.94
Gyro: -2.01, -3.97, -3.10
Accel: 0.05, 0.02, -0.95
Gyro: -1.51, -5.91, -3.43
Accel: 0.05, 0.03, -0.95
Gyro: -1.46, -7.39, -3.55
Accel: 0.03, 0.05, -0.96
Gyro: -2.04, -7.60, -3.33
Accel: 0.03, 0.05, -0.95
Gyro: -1.24, -8.03, -1.33
Accel: 0.03, 0.04, -0.95
Gyro: -0.95, -8.61, 0.21
Accel: 0.02, 0.03, -0.96
Gyro: -1.29, -9.71, 0.79
Accel: 0.03, 0.03, -0.97
Gyro: -2.26, -9.64, 0.89
Accel: 0.02, 0.03, -0.96
Gyro: -2.36, -10.15, 0.95
Accel: 0.02, 0.01, -0.94
Gyro: -2.28, -11.73, 0.42
Accel: 0.01, 0.02, -0.96
Gyro: -4.20, -12.97, -1.40
Accel: -0.00, 0.04, -0.99
Gyro: -4.25, -12.55, -2.65
Accel: -0.02, 0.05, -1.00
Gyro: -3.07, -10.95, -2.53
Accel: -0.03, 0.04, -0.99
Gyro: -2.87, -9.38, -2.84
Accel: -0.03, 0.04, -0.99
Gyro: -2.79, -7.63, -3.06
Accel: -0.05, 0.04, -0.99
Gyro: -3.11, -5.87, -2.66
Accel: -0.04, 0.04, -1.00
Gyro: -2.46, -3.74, -1.88
Accel: -0.04, 0.04, -0.99
Gyro: -2.23, -2.49, -1.35
Accel: -0.03, 0.04, -0.98
Gyro: -1.63, -0.91, -0.87
Accel: -0.02, 0.03, -0.97
Gyro: -1.28, -1.06, -0.56
Accel: -0.02, 0.04, -0.98
Gyro: -1.38, -0.73, -0.62
Accel: -0.02, 0.03, -0.97
Gyro: -1.56, -0.56, -1.01
Accel: -0.01, 0.02, -0.96
Gyro: -1.89, -0.69, -1.63
Accel: -0.01, 0.04, -0.95
Gyro: -2.89, -1.34, -2.00
Accel: -0.01, 0.04, -0.96
Gyro: -2.08, -2.76, -1.75
Accel: -0.02, 0.03, -0.97
Gyro: -2.90, -2.65, -1.30
Accel: -0.02, 0.03, -0.96
Gyro: -3.33, -3.01, -1.46
Accel: -0.02, 0.04, -0.97
Gyro: -4.00, -3.10, -1.46
Accel: -0.02, 0.05, -0.96
Gyro: -3.56, -3.13, -1.36
Accel: -0.02, 0.05, -0.97
Gyro: -2.73, -3.52, -1.10
Accel: -0.02, 0.05, -0.96
Gyro: -1.67, -4.05, -0.89
Accel: -0.02, 0.05, -0.96
Gyro: -0.23, -5.13, -0.30
Accel: -0.02, 0.05, -0.97
Gyro: 0.40, -5.87, -0.15
Accel: -0.04, 0.04, -0.98
Gyro: 1.24, -4.84, 0.10
Accel: -0.04, 0.03, -0.98
Gyro: 0.90, -3.70, -0.68
Accel: -0.04, 0.03, -0.97
Gyro: 0.76, -2.87, -1.15
Accel: -0.03, 0.03, -0.98
Gyro: -0.03, -2.41, -1.11
Accel: -0.03, 0.02, -0.96
Gyro: -0.89, -2.00, -1.54
Accel: -0.03, 0.01, -0.97
Gyro: -1.94, -1.69, -2.46
Accel: -0.03, 0.03, -0.97
Gyro: -2.50, -2.21, -2.91
Accel: -0.03, 0.03, -0.95
Gyro: -2.09, -2.45, -2.81
Accel: -0.03, 0.03, -0.96
Gyro: -3.05, -2.44, -2.72
Accel: -0.03, 0.04, -0.97
Gyro: -3.55, -1.90, -2.88
Accel: -0.02, 0.03, -0.96
Gyro: -3.14, -2.49, -2.22
Accel: -0.03, 0.03, -0.96
Gyro: -4.43, -3.14, -2.63
Accel: -0.03, 0.06, -0.97
Gyro: -4.25, -3.33, -2.35
Accel: -0.04, 0.05, -0.97
Gyro: -2.81, -3.22, -1.67
