Accel: -0.04, 0.04, -0.97
Gyro: -1.46, -1.39, -1.17
Accel: -0.05, 0.02, -0.96
Gyro: -1.68, -1.39, -2.19
Accel: -0.04, 0.03, -0.98
Gyro: -2.02, -0.75, -2.60
Accel: -0.05, 0.04, -0.98
Gyro: -2.02, -0.31, -2.05
Accel: -0.05, 0.04, -0.98
Gyro: -1.54, 0.22, -1.46
Accel: -0.05, 0.02, -0.97
Gyro: -1.82, 0.82, -1.57
Accel: -0.04, 0.04, -0.95
Gyro: -1.98, 1.05, -1.85
Accel: -0.04, 0.03, -0.95
Gyro: -1.88, 0.53, -1.65
Accel: -0.04, 0.03, -0.96
Gyro: -2.05, -0.29, -1.36
Accel: -0.04, 0.03, -0.97
Gyro: -1.95, 0.22, -1.43
Accel: -0.03, 0.03, -0.97
Gyro: -1.97, 0.02, -1.57
Accel: -0.03, 0.04, -0.95
Gyro: -2.46, 0.01, -1.71
Accel: -0.03, 0.05, -0.96
Gyro: -2.46, 0.14, -1.27
Accel: -0.03, 0.02, -0.97
Gyro: -1.85, -0.37, -0.89
Accel: -0.04, 0.02, -0.97
Gyro: -3.04, -0.24, -1.64
Accel: -0.04, 0.04, -0.96
Gyro: -3.55, 0.14, -1.21
Accel: -0.03, 0.05, -0.98
Gyro: -3.91, 0.05, 0.23
Accel: -0.03, 0.05, -0.97
Gyro: -3.94, 0.86, 1.17
Accel: -0.03, 0.03, -0.95
Gyro: -3.18, 0.53, 1.23
Accel: -0.03, 0.03, -0.96
Gyro: -2.78, -0.13, 0.28
Accel: -0.03, 0.03, -0.96
Gyro: -2.20, -1.01, -0.82
Accel: -0.03, 0.03, -0.96
Gyro: -1.91, -1.41, -1.38
Accel: -0.03, 0.03, -0.97
Gyro: -1.66, -1.87, -1.81
Accel: -0.04, 0.03, -0.97
Gyro: -2.08, -1.47, -1.79
Accel: -0.03, 0.03, -0.98
Gyro: -2.14, -1.91, -1.65
Accel: -0.04, 0.03, -0.97
Gyro: -2.49, -1.96, -1.63
Accel: -0.04, 0.03, -0.97
Gyro: -2.54, -1.59, -2.01
Accel: -0.03, 0.04, -0.97
Gyro: -1.87, -1.11, -1.97
Accel: -0.03, 0.04, -0.97
Gyro: -1.78, -0.76, -2.43
Accel: -0.03, 0.04, -0.97
Gyro: -1.79, -0.43, -2.63
Accel: -0.03, 0.04, -0.97
Gyro: -1.65, -0.14, -2.24
Accel: -0.03, 0.04, -0.96
Gyro: -1.85, -0.37, -2.10
Accel: -0.04, 0.05, -0.98
Gyro: -2.04, 0.27, -1.68
Accel: -0.03, 0.03, -0.96
Gyro: -1.76, 0.47, -1.53
Accel: -0.03, 0.04, -0.96
Gyro: -2.49, 0.03, -2.31
Accel: -0.02, 0.05, -0.97
Gyro: -2.66, -0.50, -2.58
Accel: -0.03, 0.05, -0.97
Gyro: -0.54, -0.97, -2.47
Accel: -0.03, 0.03, -0.95
Gyro: 0.47, -1.50, -3.52
Accel: -0.03, 0.04, -0.96
Gyro: 1.75, -2.57, -4.62
Accel: -0.03, 0.03, -0.95
Gyro: 1.71, -3.09, -5.30
Accel: -0.03, 0.05, -0.95
Gyro: 1.61, -3.36, -4.24
Accel: -0.02, 0.05, -0.94
Gyro: 1.88, -4.52, -2.32
Accel: -0.03, 0.04, -0.95
Gyro: 1.07, -5.10, -1.50
Accel: -0.01, 0.03, -0.93
Gyro: 0.52, -6.90, -1.70
Accel: -0.01, 0.03, -0.94
Gyro: 0.78, -8.95, -2.19
Accel: 0.00, 0.03, -0.92
Gyro: 1.88, -11.96, -3.17
Accel: 0.01, 0.03, -0.88
Gyro: 3.88, -16.68, -3.93
Accel: 0.04, 0.02, -0.87
Gyro: 4.65, -23.17, -4.88
Accel: 0.06, 0.03, -0.83
Gyro: 4.44, -30.83, -4.86
Accel: 0.09, 0.05, -0.78
Gyro: 5.71, -42.82, -2.13
Accel: 0.10, 0.03, -0.71
Gyro: 5.63, -57.69, 0.89
Accel: 0.09, -0.00, -0.67
Gyro: 4.38, -75.45, 2.75
Accel: 0.06, -0.00, -0.64
Gyro: 1.17, -93.83, 2.15
Accel: -0.00, -0.04, -0.62
Gyro: 1.17, -112.13, 0.20
Accel: -0.13, -0.03, -0.71
Gyro: -0.20, -126.18, -2.14
Accel: -0.23, -0.03, -0.81
Gyro: -5.50, -128.59, -4.18
Accel: -0.29, -0.04, -0.70
Gyro: -6.96, -133.22, -4.18
Accel: -0.34, -0.09, -0.63
Gyro: -8.61, -147.68, -9.10
Accel: -0.44, -0.06, -0.73
Gyro: -10.93, -157.20, -14.19
Accel: -0.52, -0.02, -0.79
Gyro: -11.41, -157.36, -15.81
Accel: -0.74, 0.03, -0.82
Gyro: -12.90, -156.25, -14.14
Accel: -0.99, 0.12, -1.27
Gyro: -17.33, -125.81, -5.62
Accel: -0.96, 0.10, -1.17
Gyro: -15.26, -86.43, 1.56
Accel: -0.98, 0.09, -0.97
Gyro: -10.72, -71.87, 5.18
Accel: -1.11, 0.06, -1.25
Gyro: -10.39, -39.18, 5.59
Accel: -1.03, 0.10, -1.12
Gyro: -5.81, -3.01, 1.85
Accel: -0.92, 0.09, -0.94
Gyro: 1.88, 10.34, 0.61
Accel: -0.83, 0.08, -0.88
Gyro: 3.52, 18.21, -0.17
Accel: -0.79, 0.08, -0.88
Gyro: 6.21, 25.34, 0.21
Accel: -0.74, 0.10, -0.87
Gyro: 6.52, 33.47, 2.98
Accel: -0.72, 0.06, -0.84
Gyro: 2.66, 40.18, 6.28
Accel: -0.72, 0.06, -0.86
Gyro: 0.24, 46.97, 6.16
Accel: -0.78, 0.07, -1.00
Gyro: -0.28, 60.67, 7.28
Accel: -0.89, 0.09, -1.02
Gyro: -4.71, 80.11, 8.51
Accel: -1.04, 0.10, -1.23
Gyro: -1.76, 107.80, 11.17
Accel: -0.99, 0.08, -1.21
Gyro: -1.06, 145.77, 13.51
Accel: -0.85, 0.07, -1.02
Gyro: 10.00, 172.92, 12.76
Accel: -0.64, 0.04, -0.84
Gyro: 17.73, 184.85, 11.22
Accel: -0.42, -0.01, -0.68
Gyro: 23.37, 181.37, 7.96
Accel: -0.20, -0.03, -0.56
Gyro: 21.57, 163.60, 3.33
Accel: -0.03, -0.00, -0.49
Gyro: 21.16, 137.28, 1.14
Accel: 0.08, -0.01, -0.50
Gyro: 17.70, 107.94, 0.83
Accel: 0.12, -0.01, -0.58
Gyro: 14.24, 82.80, 1.63
Accel: 0.15, -0.05, -0.64
Gyro: 7.05, 64.09, 1.91
Accel: 0.16, -0.05, -0.66
Gyro: 1.31, 47.73, 0.98
Accel: 0.16, -0.03, -0.68
Gyro: -1.46, 32.59, 0.92
Accel: 0.14, -0.05, -0.73
Gyro: -1.80, 18.55, 1.33
Accel: 0.10, -0.04, -0.82
Gyro: -3.53, 9.60, -0.22
Accel: 0.08, -0.03, -0.84
Gyro: -4.91, 2.78, -0.92
Accel: 0.05, -0.03, -0.87
Gyro: -7.06, -4.58, -1.46
Accel: 0.01, -0.02, -0.93
Gyro: -10.38, -9.54, -1.85
Accel: -0.02, -0.01, -0.99
Gyro: -11.58, -9.81, -2.55
Accel: -0.04, -0.00, -0.98
Gyro: -11.69, -10.17, -3.11
Accel: -0.06, 0.01, -0.98
Gyro: -10.15, -11.38, -3.49
Accel: -0.09, 0.02, -1.02
Gyro: -7.72, -10.18, -3.21
Accel: -0.09, 0.02, -1.03
Gyro: -4.97, -6.58, -2.78
Accel: -0.08, 0.01, -1.01
Gyro: -2.08, -3.26, -2.81
Accel: -0.06, 0.01, -0.97
Gyro: 0.31, -2.37, -2.60
Accel: -0.07, 0.02, -0.99
Gyro: 5.15, -0.85, -1.60
Accel: -0.05, 0.01, -0.97
Gyro: 4.71, 1.22, -1.45
Accel: -0.04, -0.00, -0.96
Gyro: 3.50, 1.89, -1.30
Accel: -0.02, -0.01, -0.94
Gyro: 1.27, 0.52, -1.86
Accel: -0.03, 0.00, -0.96
Gyro: -1.17, -0.56, -2.01
Accel: -0.04, 0.00, -0.96
Gyro: -3.66, -0.54, -1.81
Accel: -0.04, 0.00, -0.97
Gyro: -5.64, -0.51, -1.31
Accel: -0.04, 0.00, -0.96
Gyro: -8.03, -1.30, -0.50
Accel: -0.05, -0.01, -0.95
Gyro: -10.64, -3.56, -0.27
Accel: -0.07, 0.00, -0.99
Gyro: -11.89, -2.43, -0.69
Accel: -0.07, 0.01, -0.99
Gyro: -12.44, -1.80, -2.03
Accel: -0.07, 0.03, -0.94
Gyro: -9.82, -2.58, -2.96
Accel: -0.07, 0.03, -0.96
Gyro: -5.88, -4.47, -3.04
Accel: -0.08, 0.03, -0.97
Gyro: -4.53, -4.68, -3.90
Accel: -0.08, 0.04, -0.98
Gyro: -3.99, -3.99, -4.33
Accel: -0.07, 0.05, -0.96
Gyro: -2.30, -3.91, -3.90
Accel: -0.06, 0.05, -0.94
Gyro: -1.26, -5.25, -3.17
Accel: -0.07, 0.03, -0.94
Gyro: 1.11, -6.77, -2.74
Accel: -0.07, 0.04, -0.97
Gyro: -1.51, -7.00, -3.01
Accel: -0.08, 0.04, -0.97
Gyro: -2.88, -6.15, -2.49
Accel: -0.08, 0.03, -0.96
Gyro: -3.23, -5.47, -1.79
Accel: -0.08, 0.03, -0.96
Gyro: -4.36, -6.07, -2.02
Accel: -0.07, 0.03, -0.94
Gyro: -4.36, -7.26, -2.24
Accel: -0.07, 0.02, -0.95
Gyro: -5.08, -7.73, -2.52
Accel: -0.09, 0.03, -0.98
Gyro: -5.42, -7.35, -2.69
Accel: -0.08, 0.03, -0.96
Gyro: -3.46, -7.68, -1.88
Accel: -0.09, 0.02, -0.96
Gyro: -3.68, -7.78, -1.66
Accel: -0.10, 0.03, -0.97
Gyro: -4.18, -7.13, -2.02
Accel: -0.10, 0.04, -0.97
Gyro: -4.14, -5.72, -1.63
Accel: -0.10, 0.06, -0.96
Gyro: -3.18, -5.55, -0.53
Accel: -0.10, 0.05, -0.97
Gyro: -1.98, -5.74, 0.80
Accel: -0.11, 0.03, -0.98
Gyro: -2.56, -4.75, 0.59
Accel: -0.11, 0.03, -0.96
Gyro: -2.74, -5.22, 0.08
Accel: -0.12, 0.04, -0.97
Gyro: -3.17, -4.65, -0.72
Accel: -0.12, 0.04, -0.98
Gyro: -2.85, -3.78, -1.42
Accel: -0.12, 0.06, -0.97
Gyro: -2.08, -3.11, -1.64
Accel: -0.12, 0.05, -0.96
Gyro: -1.12, -3.23, -0.68
Accel: -0.12, 0.05, -0.96
Gyro: -0.69, -2.88, -0.66
Accel: -0.12, 0.04, -0.97
Gyro: -0.22, -2.86, -0.18
Accel: -0.12, 0.03, -0.96
Gyro: 0.20, -2.86, -0.15
Accel: -0.12, 0.03, -0.97
Gyro: -0.12, -2.54, -0.70
Accel: -0.12, 0.03, -0.97
Gyro: -0.02, -2.06, -1.04
Accel: -0.12, 0.02, -0.97
Gyro: -0.28, -1.56, -1.24
Accel: -0.11, 0.02, -0.96
Gyro: -0.95, -1.50, -1.50
Accel: -0.11, 0.03, -0.97
Gyro: -1.31, -1.36, -1.44
Accel: -0.11, 0.02, -0.96
Gyro: -0.98, -1.49, -1.27
Accel: -0.11, 0.02, -0.98
Gyro: -2.66, -0.72, -1.85
Accel: -0.11, 0.03, -0.95
Gyro: -3.10, -0.24, -2.20
Accel: -0.10, 0.05, -0.96
Gyro: -1.07, -0.93, -1.57
Accel: -0.11, 0.02, -0.96
Gyro: -1.75, -1.05, -1.40
Accel: -0.11, 0.04, -0.96
Gyro: -1.91, -1.37, -2.21
Accel: -0.11, 0.04, -0.96
Gyro: -2.18, -1.16, -2.32
Accel: -0.11, 0.04, -0.95
Gyro: -2.09, -1.01, -2.17
