Accel: -0.09, 0.02, -0.96
Gyro: -1.69, 0.33, -2.03
Accel: -0.09, 0.01, -0.96
Gyro: -1.66, -0.07, -1.68
Accel: -0.09, 0.01, -0.97
Gyro: -2.08, -0.01, -1.42
Accel: -0.09, 0.02, -0.96
Gyro: -2.19, 0.24, -1.24
Accel: -0.08, 0.02, -0.96
Gyro: -2.27, -0.24, -1.35
Accel: -0.08, 0.01, -0.96
Gyro: -2.46, -0.40, -1.78
Accel: -0.09, 0.03, -0.96
Gyro: -2.37, -0.59, -1.79
Accel: -0.08, 0.02, -0.96
Gyro: -2.23, -0.19, -1.79
Accel: -0.09, 0.02, -0.96
Gyro: -2.02, -0.29, -2.01
Accel: -0.08, 0.03, -0.96
Gyro: -1.66, -0.18, -1.61
Accel: -0.08, 0.02, -0.97
Gyro: -1.27, -0.41, -1.14
Accel: -0.08, 0.01, -0.96
Gyro: -1.75, -0.39, -0.91
Accel: -0.09, 0.01, -0.96
Gyro: -1.08, -0.11, -1.01
Accel: -0.08, -0.00, -0.96
Gyro: -2.36, 0.15, -1.69
Accel: -0.09, 0.02, -0.97
Gyro: -2.86, 0.14, -2.43
Accel: -0.08, 0.03, -0.97
Gyro: -1.21, -0.39, -1.66
Accel: -0.08, 0.01, -0.97
Gyro: -1.70, -0.45, -1.74
Accel: -0.08, 0.02, -0.96
Gyro: -1.83, -0.11, -1.86
Accel: -0.09, 0.02, -0.96
Gyro: -2.10, -0.32, -1.58
Accel: -0.08, 0.02, -0.96
Gyro: -1.62, -0.11, -0.86
Accel: -0.08, 0.01, -0.95
Gyro: -1.19, -0.59, -0.70
Accel: -0.09, 0.02, -0.96
Gyro: -1.50, -0.96, -0.99
Accel: -0.09, 0.02, -0.98
Gyro: -1.69, -0.24, -1.22
Accel: -0.08, 0.02, -0.97
Gyro: -1.28, 0.56, -0.99
Accel: -0.07, 0.01, -0.95
Gyro: -1.17, -0.44, -1.30
Accel: -0.08, 0.01, -0.97
Gyro: -1.41, -0.97, -1.65
Accel: -0.08, 0.01, -0.96
Gyro: -1.99, -1.02, -1.89
Accel: -0.08, 0.01, -0.97
Gyro: -2.34, -0.79, -2.04
Accel: -0.08, 0.02, -0.96
Gyro: -1.49, -1.11, -1.28
Accel: -0.08, 0.01, -0.96
Gyro: -1.57, -1.53, -0.87
Accel: -0.08, 0.01, -0.97
Gyro: -1.99, -1.76, -0.95
Accel: -0.08, 0.01, -0.96
Gyro: -2.13, -1.78, -0.88
Accel: -0.09, 0.01, -0.96
Gyro: -1.75, -2.14, -0.77
Accel: -0.10, 0.02, -0.97
Gyro: -1.98, -1.70, -0.94
Accel: -0.09, 0.02, -0.97
Gyro: -1.75, -0.60, -0.93
Accel: -0.09, 0.02, -0.97
Gyro: -1.54, -0.72, -0.92
Accel: -0.09, 0.02, -0.97
Gyro: -1.76, -0.53, -0.79
Accel: -0.09, 0.01, -0.97
Gyro: -1.82, -0.63, -0.59
Accel: -0.09, 0.02, -0.97
Gyro: -1.79, -0.77, -0.40
Accel: -0.08, 0.01, -0.96
Gyro: -2.00, -0.73, -0.51
Accel: -0.08, 0.02, -0.97
Gyro: -2.17, -1.25, -0.75
Accel: -0.09, 0.01, -0.96
Gyro: -2.10, -0.92, -0.99
Accel: -0.08, 0.01, -0.95
Gyro: -1.85, -0.85, -1.34
Accel: -0.08, 0.01, -0.96
Gyro: -2.15, -1.13, -1.51
Accel: -0.08, 0.01, -0.97
Gyro: -2.00, -0.60, -1.63
Accel: -0.08, 0.02, -0.96
Gyro: -1.78, -0.47, -1.41
Accel: -0.08, 0.02, -0.96
Gyro: -1.93, -0.71, -1.66
Accel: -0.08, 0.02, -0.97
Gyro: -2.10, -1.06, -1.59
Accel: -0.08, 0.01, -0.95
Gyro: -1.43, -1.62, -1.50
Accel: -0.08, 0.00, -0.95
Gyro: -2.75, -2.07, -2.20
Accel: -0.08, 0.04, -0.97
Gyro: -2.53, -2.75, -1.61
Accel: -0.08, 0.02, -0.96
Gyro: -1.51, -3.17, -0.85
Accel: -0.08, 0.01, -0.94
Gyro: -1.39, -4.16, -1.26
Accel: -0.06, 0.01, -0.94
Gyro: -1.79, -5.80, -1.66
Accel: -0.06, 0.02, -0.92
Gyro: -1.91, -8.28, -1.41
Accel: -0.04, 0.02, -0.89
Gyro: -1.30, -12.45, -0.69
Accel: -0.01, -0.00, -0.86
Gyro: -1.85, -20.07, -0.16
Accel: 0.05, -0.07, -0.81
Gyro: -5.19, -29.73, -1.02
Accel: 0.09, -0.16, -0.78
Gyro: -17.30, -42.95, -3.47
Accel: 0.11, -0.14, -0.66
Gyro: -33.28, -59.97, -8.30
Accel: 0.09, 0.01, -0.63
Gyro: -37.71, -80.28, -11.61
Accel: 0.04, 0.11, -0.65
Gyro: -30.83, -99.27, -9.45
Accel: -0.02, 0.09, -0.61
Gyro: -25.63, -116.92, -7.54
Accel: -0.10, 0.03, -0.52
Gyro: -23.11, -136.67, -10.41
Accel: -0.23, 0.07, -0.49
Gyro: -23.30, -161.05, -16.59
Accel: -0.45, 0.19, -0.76
Gyro: -13.47, -169.76, -12.62
Accel: -0.61, 0.14, -0.94
Gyro: -18.86, -156.39, -4.71
Accel: -0.72, 0.09, -0.88
Gyro: -20.00, -143.67, -1.80
Accel: -0.93, 0.12, -1.12
Gyro: -24.35, -125.46, -2.40
Accel: -1.02, 0.18, -1.32
Gyro: -18.59, -85.56, -2.66
Accel: -0.92, 0.19, -1.07
Gyro: -9.74, -52.67, -0.79
Accel: -0.85, 0.16, -0.92
Gyro: 0.94, -40.41, 0.73
Accel: -0.87, 0.15, -0.97
Gyro: 3.17, -27.95, 2.05
Accel: -0.84, 0.13, -0.98
Gyro: 4.88, -11.72, 3.13
Accel: -0.77, 0.12, -0.88
Gyro: 3.11, -2.52, 3.92
Accel: -0.72, 0.11, -0.82
Gyro: -0.11, 2.35, 4.11
Accel: -0.67, 0.10, -0.79
Gyro: -0.93, 4.71, 3.22
Accel: -0.64, 0.09, -0.79
Gyro: -1.49, 7.37, 1.66
Accel: -0.61, 0.11, -0.79
Gyro: -2.06, 9.88, 0.48
Accel: -0.61, 0.10, -0.79
Gyro: -2.72, 12.50, -0.21
Accel: -0.61, 0.11, -0.80
Gyro: -1.75, 15.46, -0.41
Accel: -0.64, 0.13, -0.83
Gyro: -0.17, 20.00, 1.01
Accel: -0.69, 0.14, -0.88
Gyro: 1.73, 27.50, 2.40
Accel: -0.77, 0.14, -1.03
Gyro: 2.27, 43.83, 3.41
Accel: -0.77, 0.15, -1.00
Gyro: 4.76, 61.17, 3.02
Accel: -0.78, 0.14, -1.01
Gyro: 9.15, 78.19, 1.82
Accel: -0.77, 0.11, -1.08
Gyro: 11.85, 98.90, -0.34
Accel: -0.71, 0.11, -1.04
Gyro: 16.67, 116.97, -3.23
Accel: -0.59, 0.05, -0.93
Gyro: 16.65, 129.46, -6.74
Accel: -0.44, 0.00, -0.76
Gyro: 16.57, 126.41, -10.93
Accel: -0.36, 0.02, -0.73
Gyro: 13.06, 116.60, -15.25
Accel: -0.32, 0.06, -0.77
Gyro: 11.39, 110.79, -15.66
Accel: -0.22, 0.08, -0.73
Gyro: 10.66, 100.86, -14.58
Accel: -0.14, 0.09, -0.67
Gyro: 9.57, 86.11, -10.99
Accel: -0.10, 0.08, -0.68
Gyro: 6.26, 70.21, -6.50
Accel: -0.09, 0.08, -0.75
Gyro: 3.65, 57.85, -1.74
Accel: -0.08, 0.06, -0.78
Gyro: -0.83, 48.37, 2.41
Accel: -0.06, 0.05, -0.79
Gyro: -3.38, 39.16, 4.07
Accel: -0.07, 0.06, -0.83
Gyro: -4.13, 31.09, 5.58
Accel: -0.07, 0.03, -0.87
Gyro: -4.55, 24.38, 5.17
Accel: -0.08, 0.05, -0.88
Gyro: -5.21, 19.84, 3.48
Accel: -0.08, 0.05, -0.92
Gyro: -3.95, 15.17, 3.27
Accel: -0.08, 0.04, -0.93
Gyro: -3.33, 11.95, 2.19
Accel: -0.08, 0.05, -0.91
Gyro: -2.39, 7.56, 0.97
Accel: -0.08, 0.05, -0.93
Gyro: -0.34, 3.77, 0.82
Accel: -0.08, 0.06, -0.94
Gyro: 1.08, 1.82, 0.53
Accel: -0.09, 0.05, -0.94
Gyro: 1.96, 1.82, 1.04
Accel: -0.08, 0.04, -0.94
Gyro: 2.38, 0.72, 1.02
Accel: -0.09, 0.05, -0.96
Gyro: 3.00, 0.72, 1.14
Accel: -0.09, 0.04, -0.95
Gyro: 3.17, 0.02, 1.40
Accel: -0.09, 0.01, -0.94
Gyro: 2.43, -0.99, 1.38
Accel: -0.08, 0.02, -0.94
Gyro: 0.51, -2.22, 0.53
Accel: -0.08, 0.03, -0.95
Gyro: -1.47, -2.73, 0.25
Accel: -0.08, 0.04, -0.97
Gyro: -2.25, -2.66, 0.72
Accel: -0.09, 0.03, -0.96
Gyro: -3.32, -2.85, 0.06
Accel: -0.10, 0.02, -0.96
Gyro: -4.07, -2.94, -0.65
Accel: -0.11, 0.03, -0.97
Gyro: -4.46, -1.79, -1.58
Accel: -0.11, 0.04, -0.96
Gyro: -3.84, -0.85, -2.22
Accel: -0.11, 0.04, -0.98
Gyro: -3.88, -1.04, -2.89
Accel: -0.13, 0.05, -0.99
Gyro: -2.77, 0.77, -2.43
Accel: -0.11, 0.04, -0.97
Gyro: -3.47, 1.16, -2.69
Accel: -0.13, 0.06, -0.98
Gyro: -4.36, 1.26, -2.54
Accel: -0.12, 0.07, -0.98
Gyro: -3.39, 2.04, -2.19
Accel: -0.11, 0.05, -0.97
Gyro: -2.94, 2.45, -2.24
Accel: -0.11, 0.06, -0.97
Gyro: -2.61, 2.50, -2.71
Accel: -0.11, 0.06, -0.96
Gyro: -1.85, 2.63, -2.41
Accel: -0.09, 0.09, -0.93
Gyro: -0.53, 1.53, -1.14
Accel: -0.09, 0.08, -0.92
Gyro: 1.43, -1.15, 1.44
Accel: -0.10, 0.03, -0.96
Gyro: -0.09, -0.44, 1.09
Accel: -0.10, 0.04, -0.97
Gyro: -1.95, 1.39, -0.08
Accel: -0.10, 0.05, -0.95
Gyro: -1.32, 0.58, -0.21
Accel: -0.10, 0.05, -0.96
Gyro: -1.15, 0.09, -0.70
Accel: -0.10, 0.06, -0.96
Gyro: -1.24, 0.32, -1.74
Accel: -0.11, 0.08, -0.97
Gyro: -1.63, 1.59, -2.06
Accel: -0.11, 0.09, -0.95
Gyro: 0.34, 1.65, -0.79
Accel: -0.10, 0.07, -0.98
Gyro: 0.53, 1.66, 0.52
Accel: -0.10, 0.06, -0.97
Gyro: 0.78, 2.08, 1.00
Accel: -0.11, 0.05, -0.98
Gyro: 0.47, 2.85, 1.29
Accel: -0.10, 0.05, -0.97
Gyro: 0.51, 3.68, 1.16
Accel: -0.10, 0.04, -0.96
Gyro: 1.44, 3.21, 1.53
Accel: -0.08, 0.04, -0.96
Gyro: 1.46, 3.10, 1.26
Accel: -0.09, 0.04, -0.96
Gyro: 1.28, 3.17, 0.75
Accel: -0.09, 0.05, -0.96
Gyro: 1.14, 3.30, 0.84
Accel: -0.08, 0.04, -0.97
Gyro: 1.53, 3.12, 1.04
Accel: -0.08, 0.02, -0.96
Gyro: 1.17, 3.43, 1.23
Accel: -0.09, 0.03, -0.96
Gyro: 0.32, 3.17, 0.87
Accel: -0.08, 0.04, -0.97
Gyro: -0.13, 3.23, 0.73
Accel: -0.09, 0.03, -0.96
Gyro: -0.50, 3.17, 0.72
Accel: -0.09, 0.03, -0.97
Gyro: -0.37, 2.88, 0.98
Accel: -0.09, 0.03, -0.97
Gyro: -0.16, 3.27, 0.56
Accel: -0.10, 0.04, -0.98
Gyro: -0.31, 3.94, 0.50
