Accel: -0.03, 0.04, -0.98
Gyro: -0.68, -1.37, -2.57
Accel: -0.03, 0.04, -0.98
Gyro: -0.19, -0.58, -2.91
Accel: -0.03, 0.03, -0.97
Gyro: 0.10, -0.69, -2.83
Accel: -0.02, 0.03, -0.97
Gyro: -0.57, -0.01, -2.55
Accel: -0.03, 0.04, -0.97
Gyro: -0.98, -0.05, -2.33
Accel: -0.02, 0.04, -0.97
Gyro: -2.59, 0.08, -2.11
Accel: -0.02, 0.04, -0.97
Gyro: -3.36, 0.39, -1.93
Accel: -0.02, 0.04, -0.98
Gyro: -3.21, 0.65, -1.50
Accel: -0.01, 0.03, -0.95
Gyro: -2.75, 0.47, -1.63
Accel: -0.01, 0.04, -0.96
Gyro: -2.73, -0.94, -2.01
Accel: -0.02, 0.04, -0.97
Gyro: -2.36, -1.17, -2.14
Accel: -0.02, 0.04, -0.97
Gyro: -1.88, -1.19, -2.41
Accel: -0.02, 0.04, -0.98
Gyro: -1.85, -0.66, -2.07
Accel: -0.02, 0.04, -0.98
Gyro: -0.71, 0.43, -1.53
Accel: -0.02, 0.02, -0.97
Gyro: -1.82, 0.56, -1.82
Accel: -0.01, 0.03, -0.97
Gyro: -2.62, 0.37, -2.56
Accel: -0.01, 0.05, -0.96
Gyro: -1.46, 0.60, -1.79
Accel: -0.00, 0.04, -0.98
Gyro: -1.22, -0.27, -0.99
Accel: -0.01, 0.02, -0.95
Gyro: -1.53, -1.27, -1.28
Accel: -0.01, 0.04, -0.97
Gyro: -2.34, -0.70, -1.49
Accel: -0.01, 0.04, -0.96
Gyro: -3.17, -0.34, -1.25
Accel: -0.01, 0.05, -0.96
Gyro: -2.40, -1.15, -0.99
Accel: 0.00, 0.03, -0.95
Gyro: -1.56, -2.01, -0.90
Accel: -0.00, 0.04, -0.96
Gyro: -1.56, -2.23, -1.10
Accel: -0.00, 0.04, -0.97
Gyro: -0.74, -1.88, -0.93
Accel: -0.01, 0.02, -0.97
Gyro: -0.93, -1.75, -1.24
Accel: -0.01, 0.03, -0.95
Gyro: -1.21, -2.59, -1.46
Accel: -0.01, 0.01, -0.96
Gyro: -1.79, -3.44, -1.92
Accel: -0.02, 0.03, -0.98
Gyro: -3.06, -3.00, -2.27
Accel: -0.02, 0.04, -0.98
Gyro: -2.01, -2.65, -1.59
Accel: -0.02, 0.03, -0.97
Gyro: -1.52, -2.56, -1.00
Accel: -0.03, 0.03, -0.99
Gyro: -1.85, -1.48, -1.15
Accel: -0.03, 0.02, -0.97
Gyro: -2.24, -0.93, -1.68
Accel: -0.02, 0.02, -0.97
Gyro: -2.67, -0.48, -2.01
Accel: -0.01, 0.02, -0.96
Gyro: -2.46, -1.20, -2.20
Accel: -0.01, 0.03, -0.96
Gyro: -2.20, -2.02, -2.01
Accel: -0.02, 0.03, -0.97
Gyro: -2.08, -2.24, -1.81
Accel: -0.03, 0.03, -0.96
Gyro: -2.16, -1.21, -1.88
Accel: -0.02, 0.04, -0.96
Gyro: -1.84, -1.16, -1.50
Accel: -0.02, 0.02, -0.97
Gyro: -2.20, -1.30, -2.05
Accel: -0.02, 0.03, -0.96
Gyro: -2.66, -1.69, -2.46
Accel: -0.03, 0.04, -0.98
Gyro: -2.66, -1.40, -2.03
Accel: -0.02, 0.04, -0.98
Gyro: -2.49, -0.67, -1.79
Accel: -0.02, 0.04, -0.96
Gyro: -2.39, -0.98, -1.94
Accel: -0.02, 0.04, -0.96
Gyro: -2.45, -1.43, -2.07
Accel: -0.02, 0.04, -0.96
Gyro: -1.81, -1.87, -1.85
Accel: -0.02, 0.04, -0.97
Gyro: -1.60, -1.27, -1.80
Accel: -0.03, 0.04, -0.98
Gyro: -1.66, -0.82, -2.07
Accel: -0.02, 0.04, -0.96
Gyro: -0.78, -0.77, -1.65
Accel: -0.02, 0.03, -0.95
Gyro: -2.17, -1.24, -1.98
Accel: -0.03, 0.04, -0.95
Gyro: -2.81, -1.13, -2.12
Accel: -0.02, 0.05, -0.96
Gyro: -1.60, -1.26, -1.16
Accel: -0.02, 0.02, -0.97
Gyro: -1.72, -1.76, -1.56
Accel: -0.02, 0.03, -0.97
Gyro: -2.16, -2.04, -2.72
Accel: -0.02, 0.05, -0.97
Gyro: -2.10, -1.43, -2.45
Accel: -0.02, 0.04, -0.98
Gyro: -1.90, -1.25, -1.46
Accel: -0.03, 0.04, -0.97
Gyro: -1.50, -0.93, -0.92
Accel: -0.02, 0.04, -0.97
Gyro: -1.58, -0.60, -0.85
Accel: -0.02, 0.04, -0.97
Gyro: -1.27, -0.30, -0.73
Accel: -0.02, 0.04, -0.97
Gyro: -1.11, -1.02, -1.16
Accel: -0.03, 0.04, -0.97
Gyro: -0.70, -1.53, -1.14
Accel: -0.03, 0.03, -0.97
Gyro: -0.58, -0.56, -1.12
Accel: -0.02, 0.03, -0.96
Gyro: -1.66, -0.62, -1.51
Accel: -0.02, 0.04, -0.96
Gyro: -1.56, -1.10, -1.54
Accel: -0.01, 0.04, -0.95
Gyro: -0.43, -2.55, -0.75
Accel: -0.02, 0.02, -0.97
Gyro: -1.44, -2.85, -0.70
Accel: -0.01, 0.03, -0.96
Gyro: -1.83, -3.09, -1.46
Accel: -0.01, 0.03, -0.94
Gyro: -1.69, -3.95, -0.94
Accel: -0.01, 0.03, -0.95
Gyro: -1.61, -5.17, -1.00
Accel: -0.03, 0.02, -0.96
Gyro: -1.61, -5.65, -1.36
Accel: -0.03, 0.03, -0.97
Gyro: -1.28, -5.45, -1.27
Accel: -0.03, 0.04, -0.97
Gyro: -1.08, -5.65, -1.02
Accel: -0.03, 0.03, -0.96
Gyro: -0.97, -6.08, -1.14
Accel: -0.03, 0.03, -0.98
Gyro: -1.95, -5.40, -1.36
Accel: -0.03, 0.03, -0.96
Gyro: -1.65, -5.12, -1.57
Accel: -0.03, 0.03, -0.95
Gyro: -1.80, -5.42, -1.56
Accel: -0.03, 0.03, -0.95
Gyro: -1.17, -6.64, -1.64
Accel: -0.03, 0.03, -0.96
Gyro: -1.23, -8.09, -1.95
Accel: -0.02, 0.04, -0.95
Gyro: -1.04, -9.65, -2.31
Accel: 0.01, 0.03, -0.89
Gyro: 0.30, -14.29, -2.33
Accel: 0.04, 0.02, -0.84
Gyro: 1.17, -22.64, -3.35
Accel: 0.08, 0.02, -0.77
Gyro: 1.41, -35.48, -3.92
Accel: 0.11, 0.01, -0.72
Gyro: 1.52, -52.23, -4.50
Accel: 0.13, -0.01, -0.65
Gyro: -0.08, -73.16, -5.10
Accel: 0.10, 0.01, -0.64
Gyro: -2.60, -93.64, -5.28
Accel: 0.08, 0.04, -0.62
Gyro: -3.97, -113.49, -3.37
Accel: 0.01, 0.02, -0.57
Gyro: -3.38, -134.06, -0.53
Accel: -0.09, -0.06, -0.54
Gyro: -7.01, -152.24, -2.20
Accel: -0.25, -0.06, -0.60
Gyro: -11.49, -164.91, -10.54
Accel: -0.46, 0.08, -0.89
Gyro: -14.26, -160.38, -11.50
Accel: -0.55, 0.12, -0.97
Gyro: -14.61, -143.23, -4.36
Accel: -0.61, -0.00, -0.80
Gyro: -17.30, -132.89, -2.89
Accel: -0.82, 0.05, -0.99
Gyro: -18.78, -125.28, -6.73
Accel: -0.99, 0.16, -1.29
Gyro: -15.02, -92.37, -5.68
Accel: -0.93, 0.10, -1.12
Gyro: -6.65, -58.69, -2.88
Accel: -0.94, 0.09, -1.00
Gyro: -0.05, -47.51, -2.97
Accel: -1.04, 0.12, -1.16
Gyro: 3.65, -26.57, -2.13
Accel: -1.03, 0.12, -1.17
Gyro: 6.88, 0.03, -0.45
Accel: -0.96, 0.10, -1.06
Gyro: 9.28, 19.13, 1.85
Accel: -0.93, 0.08, -1.07
Gyro: 6.49, 35.93, 3.61
Accel: -0.91, 0.08, -1.05
Gyro: 4.37, 53.72, 4.14
Accel: -0.87, 0.08, -1.06
Gyro: 4.15, 70.21, 5.91
Accel: -0.80, 0.06, -1.00
Gyro: 0.57, 87.50, 6.95
Accel: -0.74, 0.05, -0.94
Gyro: 4.55, 99.78, 7.80
Accel: -0.71, 0.03, -0.98
Gyro: 4.59, 113.11, 7.22
Accel: -0.67, 0.06, -0.98
Gyro: 4.17, 130.32, 7.00
Accel: -0.59, 0.06, -0.93
Gyro: 7.99, 142.11, 8.76
Accel: -0.52, 0.01, -0.92
Gyro: 7.61, 154.79, 8.63
Accel: -0.36, -0.02, -0.82
Gyro: 4.09, 162.25, 5.61
Accel: -0.18, 0.01, -0.66
Gyro: 4.88, 154.14, 2.89
Accel: -0.07, 0.02, -0.64
Gyro: 5.62, 138.28, 1.28
Accel: 0.03, 0.02, -0.64
Gyro: 6.11, 122.25, -0.27
Accel: 0.12, 0.01, -0.62
Gyro: 6.03, 103.32, -2.58
Accel: 0.18, 0.00, -0.62
Gyro: 3.68, 82.52, -4.11
Accel: 0.22, 0.02, -0.63
Gyro: 2.76, 60.52, -3.88
Accel: 0.22, 0.03, -0.69
Gyro: 0.96, 41.37, -2.52
Accel: 0.19, 0.02, -0.74
Gyro: -0.51, 28.30, -0.72
Accel: 0.17, 0.01, -0.79
Gyro: -3.24, 17.44, -0.43
Accel: 0.14, 0.01, -0.84
Gyro: -4.62, 8.60, -1.18
Accel: 0.11, 0.03, -0.88
Gyro: -4.41, 2.28, -1.75
Accel: 0.08, 0.02, -0.92
Gyro: -4.32, -1.88, -1.96
Accel: 0.06, 0.00, -0.94
Gyro: -6.97, -5.02, -3.76
Accel: 0.05, 0.02, -0.93
Gyro: -7.95, -9.54, -5.36
Accel: 0.01, 0.05, -0.97
Gyro: -7.12, -12.11, -4.88
Accel: -0.02, 0.06, -1.03
Gyro: -5.54, -9.69, -3.03
Accel: -0.02, 0.04, -1.01
Gyro: -4.76, -6.39, -2.11
Accel: -0.00, 0.02, -1.00
Gyro: -1.58, -3.65, -2.21
Accel: 0.01, 0.03, -0.98
Gyro: 0.85, -3.69, -2.82
Accel: 0.03, 0.04, -0.96
Gyro: 3.14, -4.54, -2.96
Accel: 0.02, 0.04, -0.97
Gyro: 7.53, -4.62, -2.21
Accel: 0.01, 0.01, -0.99
Gyro: 5.47, -3.46, -2.68
Accel: 0.02, 0.02, -0.98
Gyro: 3.11, -1.42, -3.27
Accel: 0.02, 0.03, -0.94
Gyro: 1.94, -3.01, -3.12
Accel: 0.04, 0.02, -0.95
Gyro: 0.50, -4.20, -2.59
Accel: 0.02, 0.01, -0.96
Gyro: -1.30, -5.29, -2.20
Accel: 0.02, 0.01, -0.94
Gyro: -2.56, -5.57, -2.24
Accel: 0.01, 0.03, -0.97
Gyro: -4.40, -6.77, -2.19
Accel: 0.01, 0.03, -0.98
Gyro: -4.99, -5.71, -1.46
Accel: 0.00, 0.02, -0.97
Gyro: -5.13, -5.91, -1.63
Accel: 0.00, 0.02, -0.96
Gyro: -3.99, -5.69, -1.98
Accel: -0.01, 0.03, -0.95
Gyro: -2.28, -7.48, -2.43
Accel: -0.02, 0.03, -0.96
Gyro: -0.69, -7.45, -2.02
Accel: -0.02, 0.02, -0.98
Gyro: 0.31, -6.20, -1.85
Accel: -0.02, 0.02, -0.98
Gyro: 0.19, -5.60, -2.37
Accel: -0.02, 0.03, -0.97
Gyro: 0.62, -4.24, -2.75
Accel: -0.02, 0.03, -0.98
Gyro: 0.41, -4.18, -2.78
Accel: -0.02, 0.03, -0.96
Gyro: -0.38, -5.30, -2.91
Accel: -0.02, 0.03, -0.96
Gyro: -1.14, -5.65, -2.56
Accel: -0.03, 0.03, -0.98
Gyro: -2.20, -5.19, -2.09
Accel: -0.04, 0.03, -0.98
Gyro: -3.20, -3.60, -0.85
Accel: -0.03, 0.04, -0.99
Gyro: -3.81, -2.94, 0.09
