Accel: -0.03, 0.04, -0.99
Gyro: -1.09, -3.65, -1.21
Accel: -0.03, 0.03, -0.97
Gyro: -1.03, -3.30, -1.78
Accel: -0.03, 0.04, -0.97
Gyro: -1.39, -3.43, -1.90
Accel: -0.03, 0.04, -0.97
Gyro: -1.22, -3.30, -1.92
Accel: -0.03, 0.03, -0.97
Gyro: -1.03, -3.62, -2.26
Accel: -0.02, 0.04, -0.95
Gyro: -0.89, -4.58, -2.52
Accel: -0.03, 0.04, -0.97
Gyro: -1.46, -4.09, -2.33
Accel: -0.03, 0.04, -0.97
Gyro: -1.82, -3.12, -2.11
Accel: -0.05, 0.05, -0.98
Gyro: -2.05, -1.63, -1.88
Accel: -0.05, 0.04, -0.97
Gyro: -1.71, -1.06, -1.65
Accel: -0.05, 0.05, -0.97
Gyro: -2.16, -0.18, -1.82
Accel: -0.05, 0.05, -0.98
Gyro: -1.70, 0.99, -1.43
Accel: -0.04, 0.04, -0.98
Gyro: -1.42, 1.81, -1.50
Accel: -0.05, 0.03, -0.99
Gyro: -1.38, 2.72, -1.91
Accel: -0.05, 0.03, -0.97
Gyro: -0.86, 3.11, -2.06
Accel: -0.03, 0.02, -0.95
Gyro: -2.62, 1.82, -3.24
Accel: -0.02, 0.06, -0.96
Gyro: -3.38, 1.39, -3.12
Accel: -0.03, 0.06, -0.96
Gyro: -1.08, 0.68, -1.45
Accel: -0.03, 0.04, -0.97
Gyro: -1.17, 0.26, -1.51
Accel: -0.04, 0.03, -0.97
Gyro: -1.50, 0.38, -2.63
Accel: -0.03, 0.05, -0.96
Gyro: -1.77, 0.14, -2.88
Accel: -0.03, 0.05, -0.97
Gyro: -1.56, -0.05, -2.64
Accel: -0.03, 0.05, -0.98
Gyro: -1.43, 0.57, -2.26
Accel: -0.03, 0.05, -0.96
Gyro: -1.30, 0.79, -2.05
Accel: -0.02, 0.05, -0.97
Gyro: -1.14, 0.36, -1.83
Accel: -0.03, 0.04, -0.96
Gyro: -0.79, 0.06, -1.86
Accel: -0.02, 0.05, -0.97
Gyro: -0.65, 0.17, -1.50
Accel: -0.03, 0.04, -0.96
Gyro: -0.55, -0.44, -1.50
Accel: -0.03, 0.03, -0.97
Gyro: -1.34, -0.25, -2.08
Accel: -0.03, 0.05, -0.97
Gyro: -1.99, 0.46, -2.07
Accel: -0.03, 0.05, -0.96
Gyro: -0.69, -0.56, -1.00
Accel: -0.03, 0.03, -0.97
Gyro: -1.43, -0.58, -0.63
Accel: -0.03, 0.03, -0.96
Gyro: -2.30, -0.43, -1.51
Accel: -0.02, 0.04, -0.97
Gyro: -2.46, -0.75, -1.77
Accel: -0.02, 0.06, -0.96
Gyro: -2.25, -0.88, -1.40
Accel: -0.02, 0.04, -0.96
Gyro: -1.64, -0.79, -1.18
Accel: -0.02, 0.04, -0.96
Gyro: -1.30, -1.38, -1.49
Accel: -0.02, 0.04, -0.97
Gyro: -1.31, -1.36, -1.55
Accel: -0.03, 0.05, -0.98
Gyro: -1.11, -1.08, -1.13
Accel: -0.03, 0.04, -0.98
Gyro: -1.21, -0.07, -1.29
Accel: -0.03, 0.03, -0.96
Gyro: -1.24, -0.21, -1.41
Accel: -0.03, 0.04, -0.98
Gyro: -1.39, -0.03, -1.64
Accel: -0.03, 0.05, -0.97
Gyro: -1.94, 0.16, -1.59
Accel: -0.02, 0.04, -0.97
Gyro: -1.89, -0.14, -1.38
Accel: -0.02, 0.04, -0.97
Gyro: -1.57, 0.03, -1.41
Accel: -0.02, 0.04, -0.98
Gyro: -1.66, 0.33, -1.35
Accel: -0.03, 0.04, -0.95
Gyro: -1.01, 1.30, -1.14
Accel: -0.02, 0.04, -0.96
Gyro: -0.92, -0.02, -1.39
Accel: -0.03, 0.04, -0.98
Gyro: -1.17, 0.33, -1.38
Accel: -0.02, 0.04, -0.97
Gyro: -1.43, 0.93, -1.27
Accel: -0.02, 0.04, -0.97
Gyro: -1.32, 1.04, -1.22
Accel: -0.01, 0.03, -0.97
Gyro: -1.14, 1.14, -1.80
Accel: -0.03, 0.04, -0.97
Gyro: -2.34, 1.14, -2.86
Accel: -0.02, 0.06, -0.96
Gyro: -1.34, 1.43, -2.92
Accel: -0.03, 0.07, -0.98
Gyro: 0.15, 0.60, -1.91
Accel: -0.02, 0.03, -0.96
Gyro: 0.79, 0.82, -1.21
Accel: -0.01, 0.03, -0.97
Gyro: 0.13, 0.43, -1.81
Accel: -0.02, 0.05, -0.96
Gyro: -0.58, -0.31, -1.42
Accel: -0.02, 0.03, -0.97
Gyro: -0.57, -0.47, -0.45
Accel: -0.02, 0.03, -0.96
Gyro: -1.29, -0.24, -1.03
Accel: -0.02, 0.03, -0.96
Gyro: -1.46, -0.50, -1.63
Accel: -0.02, 0.03, -0.96
Gyro: -1.47, -1.13, -1.61
Accel: -0.02, 0.04, -0.96
Gyro: -1.24, -1.21, -1.32
Accel: -0.02, 0.04, -0.96
Gyro: -1.21, -1.32, -1.55
Accel: -0.02, 0.03, -0.97
Gyro: -1.17, -1.47, -1.54
Accel: -0.02, 0.04, -0.97
Gyro: -1.56, -1.38, -0.82
Accel: -0.01, 0.05, -0.95
Gyro: -1.66, -1.48, -0.06
Accel: -0.02, 0.04, -0.96
Gyro: -1.05, -2.12, 0.78
Accel: -0.02, 0.03, -0.97
Gyro: -1.50, -1.72, 0.58
Accel: -0.02, 0.03, -0.96
Gyro: -1.45, -1.73, -0.12
Accel: -0.02, 0.04, -0.96
Gyro: -1.22, -2.22, -0.42
Accel: -0.02, 0.04, -0.96
Gyro: -0.75, -2.04, -0.38
Accel: -0.03, 0.04, -0.98
Gyro: -0.66, -1.66, -0.43
Accel: -0.03, 0.04, -0.97
Gyro: -0.40, -1.11, -0.02
Accel: -0.03, 0.03, -0.97
Gyro: -0.73, -1.03, 0.11
Accel: -0.02, 0.02, -0.96
Gyro: -0.82, -1.14, 0.18
Accel: -0.02, 0.01, -0.97
Gyro: -1.43, -1.34, -0.05
Accel: -0.01, 0.02, -0.96
Gyro: -1.72, -1.50, -0.73
Accel: -0.02, 0.03, -0.98
Gyro: -1.76, -1.38, -0.95
Accel: -0.02, 0.02, -0.97
Gyro: -1.44, -1.55, -1.17
Accel: -0.02, 0.03, -0.96
Gyro: -1.89, -1.56, -1.05
Accel: -0.03, 0.03, -0.97
Gyro: -2.09, -1.48, -1.22
Accel: -0.03, 0.04, -0.97
Gyro: -2.28, -0.86, -1.20
Accel: -0.03, 0.04, -0.97
Gyro: -1.91, -1.17, -0.95
Accel: -0.02, 0.04, -0.96
Gyro: -1.94, -0.79, -0.95
Accel: -0.02, 0.04, -0.96
Gyro: -1.38, -1.63, -1.05
Accel: -0.01, 0.04, -0.96
Gyro: -1.38, -2.68, -1.22
Accel: -0.02, 0.04, -0.96
Gyro: -1.35, -3.31, -1.12
Accel: -0.01, 0.04, -0.96
Gyro: -1.69, -4.02, -0.91
Accel: 0.00, 0.04, -0.93
Gyro: -1.30, -5.59, -0.60
Accel: 0.01, 0.03, -0.90
Gyro: -1.27, -9.20, -0.58
Accel: 0.03, 0.03, -0.88
Gyro: -2.17, -15.13, -0.71
Accel: 0.06, 0.04, -0.82
Gyro: -1.80, -25.79, -0.31
Accel: 0.08, 0.04, -0.77
Gyro: -1.34, -41.10, 0.79
Accel: 0.08, 0.03, -0.72
Gyro: 0.05, -59.02, 0.63
Accel: 0.08, 0.04, -0.72
Gyro: -1.25, -76.97, 1.56
Accel: 0.05, 0.05, -0.73
Gyro: -3.50, -93.06, 3.65
Accel: 0.00, 0.02, -0.70
Gyro: -3.50, -108.64, 4.40
Accel: -0.07, -0.01, -0.70
Gyro: -3.39, -120.69, 0.57
Accel: -0.14, 0.04, -0.73
Gyro: -4.45, -131.45, -1.36
Accel: -0.23, 0.05, -0.75
Gyro: -5.36, -137.86, 0.83
Accel: -0.33, 0.00, -0.73
Gyro: -7.54, -142.72, 0.92
Accel: -0.47, 0.01, -0.88
Gyro: -12.85, -139.61, -1.49
Accel: -0.64, 0.08, -1.04
Gyro: -12.66, -125.47, -1.83
Accel: -0.80, 0.11, -1.26
Gyro: -9.60, -91.88, 1.29
Accel: -0.82, 0.07, -1.15
Gyro: -9.25, -61.55, 2.14
Accel: -0.89, 0.10, -1.19
Gyro: -5.02, -36.09, 3.56
Accel: -0.89, 0.10, -1.19
Gyro: -1.35, -8.50, 5.11
Accel: -0.90, 0.11, -1.18
Gyro: 2.53, 13.66, 6.71
Accel: -0.86, 0.11, -1.20
Gyro: 4.79, 38.43, 7.68
Accel: -0.78, 0.08, -1.06
Gyro: 7.81, 53.28, 6.96
Accel: -0.75, 0.05, -1.08
Gyro: 11.09, 68.53, 5.65
Accel: -0.68, 0.06, -1.04
Gyro: 6.25, 84.53, 3.55
Accel: -0.61, 0.06, -0.98
Gyro: 8.18, 94.73, 4.13
Accel: -0.62, 0.04, -1.08
Gyro: 4.59, 109.98, 4.19
Accel: -0.49, 0.03, -0.90
Gyro: 2.10, 123.02, 2.50
Accel: -0.38, 0.02, -0.85
Gyro: 9.77, 122.83, 1.57
Accel: -0.32, 0.02, -0.89
Gyro: 9.97, 125.81, -1.31
Accel: -0.24, 0.03, -0.86
Gyro: 11.38, 128.73, -3.66
Accel: -0.13, 0.03, -0.78
Gyro: 12.85, 125.21, -5.56
Accel: -0.02, 0.04, -0.71
Gyro: 13.99, 114.23, -6.30
Accel: 0.07, 0.02, -0.66
Gyro: 14.41, 96.98, -6.07
Accel: 0.14, -0.00, -0.62
Gyro: 11.83, 74.62, -5.87
Accel: 0.17, -0.01, -0.67
Gyro: 5.48, 52.49, -5.32
Accel: 0.18, 0.01, -0.74
Gyro: 0.76, 33.41, -3.14
Accel: 0.16, 0.02, -0.80
Gyro: -1.17, 21.18, 0.35
Accel: 0.13, -0.02, -0.83
Gyro: -4.64, 11.64, 0.76
Accel: 0.11, -0.01, -0.86
Gyro: -6.79, 3.97, 0.24
Accel: 0.07, -0.01, -0.88
Gyro: -7.37, -1.59, -0.78
Accel: 0.04, -0.01, -0.93
Gyro: -7.96, -4.42, -2.25
Accel: 0.02, -0.00, -0.98
Gyro: -10.08, -4.75, -3.64
Accel: 0.01, 0.02, -0.99
Gyro: -13.06, -5.01, -5.13
Accel: 0.01, 0.03, -0.96
Gyro: -9.60, -5.87, -4.59
Accel: 0.01, 0.02, -0.97
Gyro: -6.56, -7.52, -3.67
Accel: -0.01, 0.03, -0.99
Gyro: -5.94, -7.70, -3.89
Accel: -0.01, 0.04, -0.99
Gyro: -3.10, -5.87, -3.89
Accel: -0.01, 0.03, -0.99
Gyro: -0.85, -4.41, -3.68
Accel: -0.01, 0.03, -0.98
Gyro: 1.55, -3.93, -3.53
Accel: -0.01, 0.03, -1.01
Gyro: 5.66, -3.28, -2.64
Accel: -0.01, 0.01, -0.98
Gyro: 2.27, -0.49, -2.83
Accel: -0.00, 0.02, -0.99
Gyro: 1.34, 0.00, -3.16
Accel: 0.01, 0.03, -0.95
Gyro: 0.13, -0.95, -2.84
Accel: 0.01, 0.02, -0.95
Gyro: -1.50, -2.48, -1.81
Accel: 0.00, 0.01, -0.96
Gyro: -4.13, -2.91, -1.61
Accel: -0.01, 0.02, -0.98
Gyro: -5.70, -1.56, -1.46
Accel: 0.00, 0.03, -0.97
Gyro: -6.01, -2.10, -0.73
Accel: 0.00, 0.02, -0.95
Gyro: -7.28, -3.73, -0.46
Accel: -0.01, 0.02, -0.96
Gyro: -7.32, -5.07, -0.69
Accel: -0.03, 0.04, -0.99
Gyro: -6.15, -4.05, -1.14
Accel: -0.04, 0.04, -0.98
Gyro: -4.77, -2.20, -1.67
Accel: -0.02, 0.03, -0.97
Gyro: -2.04, -1.65, -2.10
