Accel: -0.10, -0.02, -0.97
Gyro: -2.85, 1.36, -3.54
Accel: -0.11, -0.01, -0.97
Gyro: -2.44, 1.37, -3.29
Accel: -0.11, -0.00, -0.97
Gyro: -2.14, 1.19, -2.59
Accel: -0.10, -0.01, -0.97
Gyro: -2.75, 0.74, -2.80
Accel: -0.10, 0.00, -0.98
Gyro: -2.27, 1.24, -2.78
Accel: -0.10, -0.01, -0.96
Gyro: -0.14, 0.67, -1.81
Accel: -0.10, -0.02, -0.97
Gyro: -1.56, 0.87, -2.06
Accel: -0.11, -0.01, -0.97
Gyro: -1.26, 0.86, -1.53
Accel: -0.10, -0.02, -0.98
Gyro: -0.32, 0.86, -1.27
Accel: -0.10, -0.03, -0.97
Gyro: -1.42, 1.17, -1.40
Accel: -0.10, -0.01, -0.97
Gyro: -1.27, 0.97, -1.69
Accel: -0.10, -0.02, -0.97
Gyro: -0.82, 0.40, -1.37
Accel: -0.10, -0.03, -0.97
Gyro: -2.10, 0.68, -1.37
Accel: -0.10, -0.01, -0.97
Gyro: -1.57, 0.92, -1.40
Accel: -0.09, -0.02, -0.97
Gyro: -1.54, 0.36, -1.46
Accel: -0.10, -0.01, -0.97
Gyro: -2.79, 0.84, -1.82
Accel: -0.09, -0.01, -0.97
Gyro: -2.40, 0.46, -1.90
Accel: -0.09, -0.01, -0.97
Gyro: -1.49, 0.40, -1.98
Accel: -0.09, -0.01, -0.97
Gyro: -0.75, 0.18, -2.27
Accel: -0.09, -0.02, -0.97
Gyro: -0.56, 0.29, -2.06
Accel: -0.09, -0.02, -0.97
Gyro: -0.22, -0.05, -1.30
Accel: -0.09, -0.02, -0.97
Gyro: -1.78, -0.02, -1.39
Accel: -0.09, -0.03, -0.96
Gyro: -2.01, 0.30, -1.32
Accel: -0.10, -0.03, -0.98
Gyro: -1.93, 0.25, -1.91
Accel: -0.09, -0.02, -0.98
Gyro: -1.69, 0.46, -2.27
Accel: -0.09, -0.02, -0.98
Gyro: -1.17, 0.33, -2.21
Accel: -0.09, -0.03, -0.97
Gyro: -1.83, 1.00, -2.51
Accel: -0.09, -0.02, -0.97
Gyro: -2.34, 1.14, -2.62
Accel: -0.09, -0.03, -0.98
Gyro: -2.56, 1.58, -3.58
Accel: -0.09, -0.04, -0.96
Gyro: -2.52, 2.23, -4.84
Accel: -0.09, -0.05, -0.97
Gyro: -3.57, 2.00, -7.91
Accel: -0.10, -0.07, -0.99
Gyro: -2.41, 3.39, -13.10
Accel: -0.09, -0.15, -0.98
Gyro: -0.54, 4.15, -25.78
Accel: -0.09, -0.28, -0.95
Gyro: 1.14, 2.75, -50.21
Accel: -0.09, -0.30, -0.93
Gyro: 4.71, -3.46, -94.15
Accel: -0.13, -0.26, -0.96
Gyro: 9.50, -5.61, -124.37
Accel: -0.17, -0.28, -1.04
Gyro: 8.29, -3.09, -151.72
Accel: -0.20, -0.23, -1.03
Gyro: 2.75, 6.28, -170.82
Accel: -0.19, -0.21, -0.98
Gyro: -0.17, 9.42, -182.69
Accel: -0.20, -0.23, -0.95
Gyro: -8.03, 10.26, -194.70
Accel: -0.20, -0.13, -0.95
Gyro: -15.43, 11.44, -199.62
Accel: -0.16, -0.05, -0.94
Gyro: -18.82, 10.08, -195.66
Accel: -0.12, 0.06, -0.94
Gyro: -21.29, 9.41, -184.84
Accel: -0.06, 0.16, -0.92
Gyro: -17.20, 5.75, -162.78
Accel: -0.03, 0.16, -0.91
Gyro: -10.44, 0.24, -141.24
Accel: 0.01, 0.25, -0.90
Gyro: -2.25, -5.91, -120.03
Accel: -0.00, 0.29, -0.97
Gyro: 0.98, -14.69, -82.16
Accel: -0.03, 0.24, -1.05
Gyro: -8.64, -11.51, -44.46
Accel: -0.03, 0.20, -0.97
Gyro: -6.44, -9.51, -14.48
Accel: -0.04, 0.13, -0.97
Gyro: -6.68, -14.87, 6.64
Accel: -0.08, 0.09, -1.07
Gyro: -5.78, -8.83, 17.69
Accel: -0.07, 0.06, -1.00
Gyro: -1.07, -3.27, 21.19
Accel: -0.06, 0.15, -1.02
Gyro: -2.78, -5.65, 34.23
Accel: -0.03, 0.25, -0.98
Gyro: -6.03, -4.67, 61.04
Accel: -0.05, 0.28, -0.95
Gyro: -3.62, -8.25, 95.41
Accel: -0.09, 0.24, -0.95
Gyro: 5.29, -11.94, 127.72
Accel: -0.14, 0.18, -0.98
Gyro: -1.21, -10.56, 153.18
Accel: -0.17, 0.11, -0.93
Gyro: -7.21, -12.02, 168.87
Accel: -0.20, 0.09, -0.96
Gyro: -7.34, -13.93, 177.82
Accel: -0.21, 0.04, -0.97
Gyro: -11.86, -10.70, 179.41
Accel: -0.20, 0.01, -0.95
Gyro: -8.79, -12.35, 175.21
Accel: -0.19, 0.00, -0.97
Gyro: -1.71, -13.98, 166.71
Accel: -0.20, 0.01, -0.98
Gyro: 3.96, -13.23, 159.80
Accel: -0.20, -0.01, -0.95
Gyro: 6.48, -12.71, 154.81
Accel: -0.18, -0.11, -0.95
Gyro: 1.69, -15.07, 141.66
Accel: -0.17, -0.10, -0.98
Gyro: 1.90, -16.11, 122.31
Accel: -0.16, -0.09, -1.01
Gyro: 9.89, -13.67, 101.10
Accel: -0.18, -0.14, -1.02
Gyro: 21.02, -7.25, 77.62
Accel: -0.13, -0.12, -0.98
Gyro: 23.74, -8.24, 56.14
Accel: -0.13, -0.13, -0.97
Gyro: 35.81, -10.56, 36.76
Accel: -0.13, -0.13, -0.94
Gyro: 22.77, -8.06, 23.46
Accel: -0.14, -0.10, -0.96
Gyro: 27.56, -10.20, 13.31
Accel: -0.13, -0.10, -1.02
Gyro: 10.22, -5.78, 6.09
Accel: -0.14, -0.09, -0.98
Gyro: 11.29, -5.00, 3.05
Accel: -0.15, -0.08, -0.97
Gyro: 12.05, -4.51, 1.37
Accel: -0.14, -0.07, -0.96
Gyro: 15.67, -2.74, 0.55
Accel: -0.14, -0.07, -0.97
Gyro: 10.18, -0.79, -0.49
Accel: -0.14, -0.08, -0.98
Gyro: 9.85, -1.23, -1.38
Accel: -0.13, -0.08, -0.97
Gyro: 4.30, -0.63, -3.17
Accel: -0.13, -0.06, -0.97
Gyro: 4.53, -0.47, -4.06
Accel: -0.13, -0.07, -0.96
Gyro: 5.35, -0.41, -4.71
Accel: -0.13, -0.07, -0.96
Gyro: 7.87, -0.91, -4.52
Accel: -0.13, -0.07, -0.97
Gyro: 6.60, -0.28, -3.15
Accel: -0.13, -0.08, -0.96
Gyro: 4.28, -0.60, -2.01
Accel: -0.13, -0.09, -0.97
Gyro: 1.57, -0.97, -1.84
Accel: -0.13, -0.07, -0.97
Gyro: 0.62, -0.01, -1.48
Accel: -0.12, -0.08, -0.96
Gyro: 3.18, -1.45, -0.73
Accel: -0.14, -0.09, -0.96
Gyro: 3.36, -1.75, -0.33
Accel: -0.14, -0.09, -0.96
Gyro: 2.54, -0.90, 0.26
Accel: -0.14, -0.09, -0.96
Gyro: 2.90, -0.70, 1.52
Accel: -0.14, -0.12, -0.96
Gyro: 1.61, -0.29, 1.85
Accel: -0.13, -0.11, -0.96
Gyro: 1.46, -0.56, 1.74
Accel: -0.13, -0.12, -0.96
Gyro: 0.76, -0.31, 1.84
Accel: -0.14, -0.11, -0.97
Gyro: -0.30, -0.07, 1.08
Accel: -0.14, -0.11, -0.97
Gyro: -0.33, 0.02, 1.11
Accel: -0.13, -0.12, -0.97
Gyro: -0.55, 0.89, 0.95
Accel: -0.13, -0.11, -0.98
Gyro: -0.68, 2.37, 0.88
Accel: -0.12, -0.11, -0.96
Gyro: -0.43, 2.42, 0.79
Accel: -0.11, -0.11, -0.96
Gyro: -0.02, 2.00, 0.92
Accel: -0.12, -0.10, -0.95
Gyro: -0.47, 1.66, 1.46
Accel: -0.12, -0.11, -0.95
Gyro: -0.81, 1.05, 2.24
