Accel: 0.00, -0.01, -0.97
Gyro: -2.32, -1.40, -3.03
Accel: -0.01, -0.01, -0.97
Gyro: -2.98, -1.07, -3.67
Accel: -0.01, -0.00, -0.95
Gyro: -1.93, -1.09, -3.29
Accel: -0.01, -0.00, -0.97
Gyro: -2.02, -1.75, -3.31
Accel: -0.01, -0.00, -0.97
Gyro: -1.84, -1.66, -3.52
Accel: -0.01, -0.00, -0.97
Gyro: -0.96, -1.43, -3.16
Accel: -0.01, -0.01, -0.96
Gyro: -1.06, -1.40, -2.48
Accel: -0.02, -0.02, -0.96
Gyro: -1.93, -1.28, -2.40
Accel: -0.02, -0.01, -0.97
Gyro: -2.57, -0.79, -2.23
Accel: -0.01, -0.02, -0.97
Gyro: -3.39, -0.55, -2.53
Accel: -0.01, -0.01, -0.96
Gyro: -3.67, -0.31, -3.16
Accel: -0.01, -0.01, -0.97
Gyro: -3.40, -0.40, -3.66
Accel: -0.01, -0.01, -0.96
Gyro: -3.48, -0.82, -4.46
Accel: -0.01, -0.02, -0.96
Gyro: -3.58, -0.86, -5.34
Accel: -0.01, -0.01, -0.97
Gyro: -3.64, -0.42, -6.54
Accel: -0.01, -0.01, -0.97
Gyro: -3.54, 0.27, -7.26
Accel: -0.01, -0.01, -0.96
Gyro: -3.97, 0.58, -8.25
Accel: -0.01, -0.00, -0.96
Gyro: -2.56, 0.19, -7.68
Accel: -0.01, -0.00, -0.97
Gyro: -3.03, -0.39, -7.12
Accel: -0.01, 0.01, -0.96
Gyro: -3.17, -0.37, -5.72
Accel: -0.01, 0.01, -0.95
Gyro: -3.36, 0.06, -4.30
Accel: -0.01, -0.01, -0.96
Gyro: -3.28, -0.20, -3.55
Accel: -0.01, -0.07, -0.97
Gyro: -5.07, -0.22, -6.94
Accel: -0.01, -0.18, -0.99
Gyro: -5.36, 2.01, -24.68
Accel: -0.01, -0.20, -0.97
Gyro: -1.42, 2.56, -51.03
Accel: -0.02, -0.26, -0.99
Gyro: 7.06, 3.89, -83.50
Accel: -0.03, -0.23, -0.95
Gyro: 20.09, 6.40, -124.92
Accel: -0.05, -0.17, -0.95
Gyro: 26.86, 3.76, -148.49
Accel: -0.09, -0.23, -1.00
Gyro: 22.02, 3.20, -166.96
Accel: -0.10, -0.27, -1.02
Gyro: 11.95, 8.10, -186.68
Accel: -0.10, -0.22, -1.01
Gyro: 5.54, 15.09, -201.87
Accel: -0.09, -0.15, -0.98
Gyro: -0.70, 18.10, -211.27
Accel: -0.04, 0.00, -0.93
Gyro: -5.79, 18.59, -201.79
Accel: -0.01, 0.04, -0.86
Gyro: -15.75, 15.43, -185.19
Accel: 0.02, 0.19, -0.84
Gyro: -23.29, 7.32, -161.21
Accel: 0.05, 0.31, -0.84
Gyro: -25.21, -6.16, -126.05
Accel: 0.05, 0.34, -0.86
Gyro: -19.65, -16.19, -86.72
Accel: 0.01, 0.29, -0.96
Gyro: -20.26, -18.94, -53.60
Accel: -0.02, 0.23, -0.98
Gyro: -17.75, -14.88, -34.45
Accel: -0.02, 0.20, -1.00
Gyro: -9.89, -9.03, -18.99
Accel: -0.02, 0.21, -1.00
Gyro: -8.09, -6.03, -4.33
Accel: -0.02, 0.18, -1.02
Gyro: -7.80, -2.37, 9.92
Accel: -0.01, 0.12, -0.99
Gyro: -7.12, 0.26, 18.07
Accel: -0.00, 0.13, -1.00
Gyro: -4.84, 3.62, 23.16
Accel: 0.03, 0.13, -0.93
Gyro: -5.94, 3.84, 30.69
Accel: 0.05, 0.25, -0.92
Gyro: -10.93, -3.20, 50.68
Accel: 0.04, 0.37, -0.91
Gyro: -12.93, -10.80, 88.15
Accel: -0.01, 0.34, -0.90
Gyro: -12.44, -19.08, 127.70
Accel: -0.05, 0.32, -0.91
Gyro: -15.04, -21.52, 160.30
Accel: -0.08, 0.22, -0.90
Gyro: -18.34, -24.93, 180.58
Accel: -0.10, 0.12, -0.96
Gyro: -17.72, -26.04, 187.17
Accel: -0.09, 0.06, -1.00
Gyro: -16.64, -24.92, 177.90
Accel: -0.07, 0.05, -0.95
Gyro: -7.51, -22.16, 165.26
Accel: -0.06, 0.03, -0.92
Gyro: 9.21, -24.58, 152.05
Accel: -0.06, -0.04, -0.92
Gyro: 19.00, -25.65, 136.94
Accel: -0.06, -0.09, -0.97
Gyro: 21.71, -23.89, 118.48
Accel: -0.07, -0.14, -1.02
Gyro: 18.49, -19.01, 99.54
Accel: -0.06, -0.16, -1.00
Gyro: 11.22, -12.38, 79.64
Accel: -0.06, -0.15, -1.01
Gyro: 8.04, -7.10, 61.27
Accel: -0.04, -0.13, -1.00
Gyro: 5.88, -2.77, 43.90
Accel: -0.03, -0.10, -0.98
Gyro: 5.00, -0.10, 30.50
Accel: -0.03, -0.06, -0.97
Gyro: 3.71, 0.69, 21.20
Accel: -0.02, -0.01, -0.95
Gyro: 3.59, 0.77, 18.49
Accel: -0.01, -0.02, -0.95
Gyro: 2.81, -0.57, 15.53
Accel: -0.01, -0.06, -0.95
Gyro: 0.51, -1.16, 8.51
Accel: -0.01, -0.04, -0.96
Gyro: -0.69, -1.37, -0.66
Accel: -0.01, -0.01, -0.95
Gyro: 0.91, -2.18, -4.17
Accel: -0.02, 0.00, -0.96
Gyro: -0.66, -3.23, -5.27
Accel: -0.02, 0.03, -0.96
Gyro: -1.72, -3.38, -3.59
Accel: -0.03, 0.03, -0.97
Gyro: -1.79, -2.59, -1.17
Accel: -0.03, 0.01, -0.97
Gyro: -1.43, -1.60, 0.06
Accel: -0.02, 0.01, -0.97
Gyro: -1.50, -0.43, -0.08
Accel: -0.02, 0.01, -0.97
Gyro: -0.66, 0.19, -0.40
Accel: -0.02, -0.00, -0.97
Gyro: -0.98, 1.16, -1.16
Accel: -0.01, 0.01, -0.95
Gyro: -0.98, 1.78, -1.30
Accel: -0.01, 0.00, -0.95
Gyro: -0.91, 1.12, -1.34
Accel: -0.01, 0.00, -0.96
Gyro: -1.32, 0.40, -1.70
Accel: -0.01, 0.00, -0.96
Gyro: -0.60, 0.17, -1.65
Accel: -0.01, -0.01, -0.96
Gyro: -0.49, -0.31, -1.82
Accel: -0.01, -0.02, -0.96
Gyro: -1.32, -0.80, -2.58
Accel: -0.01, -0.01, -0.96
Gyro: -2.09, -1.30, -3.50
Accel: -0.01, -0.01, -0.96
Gyro: -2.68, -1.24, -3.97
Accel: -0.01, -0.00, -0.96
Gyro: -3.38, -1.33, -4.82
Accel: -0.02, 0.00, -0.96
Gyro: -3.35, -1.27, -5.06
Accel: -0.02, 0.01, -0.96
Gyro: -2.78, -1.38, -5.18
Accel: -0.02, 0.01, -0.96
Gyro: -2.18, -0.99, -5.15
Accel: -0.02, 0.01, -0.96
Gyro: -1.92, -1.14, -4.65
Accel: -0.02, 0.01, -0.96
Gyro: -1.79, -0.61, -3.59
Accel: -0.01, 0.01, -0.97
Gyro: -2.48, -0.12, -3.33
Accel: -0.02, 0.01, -0.96
Gyro: -1.73, 0.09, -2.29
Accel: -0.02, 0.01, -0.96
Gyro: -2.01, -0.69, -2.43
Accel: -0.02, 0.01, -0.96
Gyro: -1.82, -0.65, -2.38
Accel: -0.02, 0.01, -0.96
Gyro: -1.63, -0.11, -2.13
Accel: -0.02, 0.01, -0.96
Gyro: -1.39, -0.08, -1.89
Accel: -0.02, 0.01, -0.97
Gyro: -1.62, -0.35, -1.59
Accel: -0.01, 0.00, -0.96
Gyro: -1.80, -0.57, -1.68
Accel: -0.01, -0.00, -0.97
Gyro: -1.53, -0.77, -1.54
Accel: -0.02, 0.00, -0.98
Gyro: -2.08, -0.40, -2.01
Accel: -0.02, 0.01, -0.95
Gyro: -0.87, -0.26, -1.77
Accel: -0.02, 0.00, -0.97
Gyro: -1.28, -0.19, -1.43
Accel: -0.02, 0.00, -0.95
Gyro: -1.48, -0.06, -1.34
