Accel: -0.15, -0.07, -0.95
Gyro: -8.80, 30.27, -9.80
Accel: -0.13, -0.04, -0.96
Gyro: -9.36, 30.49, -11.12
Accel: -0.11, -0.02, -0.93
Gyro: -6.42, 29.91, -9.99
Accel: -0.08, -0.03, -0.92
Gyro: -8.49, 25.94, -9.31
Accel: -0.06, -0.03, -0.93
Gyro: -8.02, 24.44, -9.26
Accel: -0.05, -0.00, -0.93
Gyro: -6.45, 21.26, -6.83
Accel: -0.04, -0.02, -0.93
Gyro: -8.07, 19.43, -4.95
Accel: -0.04, -0.03, -0.94
Gyro: -8.45, 17.32, -4.12
Accel: -0.03, -0.02, -0.94
Gyro: -9.32, 15.14, -5.20
Accel: -0.02, -0.03, -0.96
Gyro: -12.43, 13.72, -7.67
Accel: -0.03, 0.00, -0.96
Gyro: -10.40, 13.57, -8.43
Accel: -0.01, 0.01, -0.95
Gyro: -5.95, 11.92, -8.42
Accel: 0.01, 0.02, -0.95
Gyro: -6.02, 9.96, -8.19
Accel: 0.01, 0.03, -0.94
Gyro: -3.90, 7.38, -6.21
Accel: 0.01, 0.03, -0.94
Gyro: -2.82, 4.52, -3.41
Accel: 0.01, 0.02, -0.93
Gyro: -2.06, 2.33, -0.02
Accel: -0.00, 0.01, -0.95
Gyro: -2.00, 0.98, 2.62
Accel: -0.00, -0.01, -0.94
Gyro: -3.20, -0.02, 4.20
Accel: -0.00, -0.02, -0.96
Gyro: -4.75, -0.32, 3.00
Accel: 0.00, -0.02, -0.96
Gyro: -5.20, 0.05, 0.37
Accel: -0.00, -0.00, -0.96
Gyro: -4.94, -0.53, -2.56
Accel: -0.01, 0.01, -0.97
Gyro: -4.46, -0.44, -4.18
Accel: 0.00, 0.03, -0.97
Gyro: -4.67, 1.23, -3.58
Accel: 0.01, 0.01, -0.96
Gyro: -3.83, 3.01, -2.78
Accel: 0.01, 0.02, -0.96
Gyro: -1.25, 1.45, -1.02
Accel: 0.02, 0.01, -0.96
Gyro: -2.20, 1.13, 0.01
Accel: 0.01, -0.00, -0.97
Gyro: -2.15, 1.69, -0.07
Accel: 0.01, -0.00, -0.96
Gyro: -1.92, 2.98, -0.40
Accel: 0.02, 0.01, -0.96
Gyro: -1.12, 3.59, -0.14
Accel: 0.03, -0.00, -0.95
Gyro: -0.21, 3.14, 0.43
Accel: 0.03, -0.01, -0.95
Gyro: -0.78, 2.56, 0.76
Accel: 0.03, -0.00, -0.95
Gyro: -0.54, 1.36, 1.09
Accel: 0.03, -0.01, -0.95
Gyro: -0.92, 0.39, 1.11
Accel: 0.02, -0.01, -0.95
Gyro: -0.98, 0.53, 0.46
Accel: 0.02, -0.01, -0.95
Gyro: -0.99, -0.09, 0.18
Accel: 0.02, -0.02, -0.95
Gyro: -1.88, -0.96, -0.63
Accel: 0.01, -0.01, -0.96
Gyro: -2.86, -0.76, -1.50
Accel: 0.02, -0.01, -0.96
Gyro: -3.00, -0.66, -1.83
Accel: 0.02, -0.01, -0.96
Gyro: -3.14, -0.87, -2.21
Accel: 0.01, -0.00, -0.96
Gyro: -2.98, -0.92, -2.27
Accel: 0.01, -0.00, -0.97
Gyro: -3.63, -0.62, -2.09
Accel: 0.02, 0.00, -0.96
Gyro: -3.79, -0.40, -2.06
Accel: 0.02, 0.00, -0.96
Gyro: -3.99, -0.29, -2.53
Accel: 0.02, 0.00, -0.96
Gyro: -3.91, -0.61, -2.68
Accel: 0.02, 0.02, -0.96
Gyro: -3.90, -0.44, -2.53
Accel: 0.02, 0.01, -0.95
Gyro: -2.90, -0.71, -2.09
Accel: 0.02, 0.02, -0.96
Gyro: -3.02, -0.47, -1.88
Accel: 0.03, 0.02, -0.96
Gyro: -2.08, -0.34, -0.91
Accel: 0.02, 0.01, -0.96
Gyro: -1.08, -1.10, -0.09
Accel: 0.02, 0.01, -0.96
Gyro: -1.61, -0.70, -0.18
Accel: 0.01, -0.01, -0.96
Gyro: -1.50, -0.18, -0.14
Accel: 0.02, -0.01, -0.97
Gyro: -1.32, 0.16, -0.21
Accel: 0.01, -0.08, -0.98
Gyro: -2.43, 0.38, -3.93
Accel: 0.00, -0.21, -0.99
Gyro: -0.87, 2.53, -25.74
Accel: -0.01, -0.19, -0.97
Gyro: 5.71, 5.98, -57.16
Accel: -0.04, -0.28, -1.02
Gyro: 15.46, 9.51, -88.91
Accel: -0.05, -0.30, -1.09
Gyro: 25.78, 24.90, -138.28
Accel: -0.06, -0.25, -1.00
Gyro: 37.57, 28.48, -169.36
Accel: -0.06, -0.28, -1.04
Gyro: 20.77, 32.33, -198.21
Accel: -0.10, -0.13, -0.98
Gyro: 16.33, 42.31, -208.40
Accel: -0.00, -0.01, -1.00
Gyro: 3.81, 45.99, -207.60
Accel: 0.08, 0.07, -0.80
Gyro: -0.04, 41.63, -190.15
Accel: 0.13, 0.17, -0.84
Gyro: -6.11, 28.72, -167.66
Accel: 0.16, 0.18, -0.91
Gyro: -11.41, 15.61, -138.27
Accel: 0.17, 0.23, -0.86
Gyro: -22.27, 7.22, -112.30
Accel: 0.17, 0.40, -0.79
Gyro: -17.84, -3.08, -85.15
Accel: 0.18, 0.28, -0.83
Gyro: -8.43, -9.56, -59.71
Accel: 0.13, 0.27, -1.02
Gyro: -10.43, -4.35, -39.31
Accel: 0.18, 0.25, -0.92
Gyro: -4.23, -0.51, -22.57
Accel: 0.17, 0.26, -0.93
Gyro: -2.42, -6.31, -4.65
Accel: 0.17, 0.28, -0.96
Gyro: -1.70, -6.09, 14.68
Accel: 0.16, 0.22, -0.96
Gyro: -6.81, -5.97, 35.13
Accel: 0.16, 0.29, -0.93
Gyro: -12.08, -9.49, 56.37
Accel: 0.18, 0.36, -0.86
Gyro: -10.09, -18.26, 90.01
Accel: 0.13, 0.39, -0.85
Gyro: -8.75, -32.59, 128.02
Accel: 0.06, 0.28, -0.89
Gyro: -8.77, -39.12, 160.83
Accel: 0.02, 0.18, -0.87
Gyro: -16.33, -44.63, 177.53
Accel: -0.03, 0.13, -0.91
Gyro: -18.14, -47.84, 182.92
Accel: -0.04, -0.00, -0.96
Gyro: -14.55, -46.26, 178.34
Accel: -0.05, -0.08, -0.98
Gyro: -16.64, -41.80, 161.51
Accel: -0.01, -0.07, -1.05
Gyro: -16.58, -35.98, 140.13
Accel: -0.05, -0.11, -1.01
Gyro: -9.68, -31.48, 121.47
Accel: -0.04, -0.12, -1.02
Gyro: -8.57, -24.94, 98.26
Accel: -0.04, -0.08, -1.02
Gyro: -3.31, -18.88, 79.15
Accel: -0.04, -0.05, -1.01
Gyro: 3.62, -12.56, 65.19
Accel: -0.02, -0.06, -0.98
Gyro: 8.69, -7.83, 52.11
Accel: -0.01, -0.06, -0.96
Gyro: 10.48, -5.49, 40.43
Accel: -0.00, -0.08, -0.97
Gyro: 10.12, -3.96, 28.56
Accel: -0.00, -0.07, -0.97
Gyro: 9.67, -2.34, 18.17
Accel: 0.01, -0.04, -0.97
Gyro: 9.12, -2.14, 11.04
Accel: 0.01, -0.03, -0.95
Gyro: 8.05, -3.17, 7.45
Accel: 0.00, -0.01, -0.96
Gyro: 5.52, -3.56, 6.56
Accel: 0.01, -0.02, -0.96
Gyro: 3.91, -3.71, 7.84
Accel: 0.01, -0.03, -0.96
Gyro: 1.12, -3.85, 7.71
Accel: -0.00, -0.02, -0.97
Gyro: 1.10, -3.08, 7.12
Accel: -0.01, -0.04, -0.96
Gyro: 0.38, -2.83, 4.94
Accel: -0.01, -0.04, -0.98
Gyro: -1.59, -1.92, 1.46
Accel: -0.00, -0.03, -0.97
Gyro: -2.23, -0.88, -1.36
Accel: 0.00, -0.02, -0.97
Gyro: -2.53, 0.34, -3.30
Accel: 0.01, -0.01, -0.96
Gyro: -2.42, 1.06, -4.10
Accel: 0.00, 0.01, -0.96
Gyro: -2.11, 1.11, -3.43
