Accel: 0.01, -0.01, -0.96
Gyro: -1.74, -0.93, -2.11
Accel: 0.01, -0.01, -0.95
Gyro: -1.75, -0.79, -2.27
Accel: 0.01, -0.00, -0.96
Gyro: -1.97, -1.07, -2.50
Accel: 0.01, -0.01, -0.96
Gyro: -1.82, -1.29, -2.18
Accel: 0.01, 0.00, -0.96
Gyro: -1.59, -1.14, -2.01
Accel: 0.01, -0.01, -0.96
Gyro: -2.04, -0.60, -1.40
Accel: 0.01, -0.01, -0.96
Gyro: -2.06, -0.37, -1.56
Accel: 0.01, -0.01, -0.95
Gyro: -0.82, -0.24, -0.66
Accel: 0.01, -0.02, -0.96
Gyro: -1.44, -0.41, -0.91
Accel: 0.00, -0.02, -0.96
Gyro: -1.29, -0.66, -1.17
Accel: 0.02, -0.01, -0.96
Gyro: -1.14, -0.61, -0.93
Accel: 0.01, -0.02, -0.95
Gyro: -1.07, -1.08, -1.00
Accel: 0.01, -0.02, -0.96
Gyro: -1.74, -1.09, -1.24
Accel: 0.01, -0.02, -0.96
Gyro: -2.01, -1.08, -1.34
Accel: 0.01, -0.02, -0.97
Gyro: -2.30, -1.23, -1.91
Accel: 0.01, -0.00, -0.96
Gyro: -2.19, -1.12, -2.41
Accel: 0.01, -0.02, -0.96
Gyro: -1.27, -1.43, -1.97
Accel: 0.01, -0.01, -0.97
Gyro: -2.02, -1.67, -2.30
Accel: 0.01, -0.01, -0.96
Gyro: -1.83, -1.14, -2.01
Accel: 0.00, -0.02, -0.96
Gyro: -1.17, -0.80, -1.28
Accel: 0.00, -0.02, -0.96
Gyro: -1.55, -0.33, -0.95
Accel: 0.00, -0.01, -0.96
Gyro: -1.73, -0.21, -0.33
Accel: 0.00, -0.02, -0.96
Gyro: -1.91, -0.14, -0.24
Accel: 0.02, -0.02, -0.96
Gyro: -1.98, -0.15, -0.66
Accel: 0.01, -0.02, -0.96
Gyro: -1.99, -0.01, -1.12
Accel: 0.01, -0.02, -0.96
Gyro: -2.25, -0.71, -1.11
Accel: 0.01, -0.02, -0.96
Gyro: -2.20, -1.30, -1.36
Accel: 0.00, -0.01, -0.96
Gyro: -2.13, -0.60, -1.24
Accel: 0.00, -0.02, -0.95
Gyro: -1.88, -0.07, -1.24
Accel: 0.01, -0.03, -0.96
Gyro: -2.10, -0.43, -2.10
Accel: 0.01, -0.05, -0.96
Gyro: -1.19, -0.55, -3.92
Accel: 0.00, -0.17, -0.98
Gyro: -1.11, 0.20, -17.61
Accel: -0.00, -0.21, -0.97
Gyro: 2.69, 2.34, -42.70
Accel: -0.04, -0.41, -1.01
Gyro: 5.39, 4.81, -78.06
Accel: -0.12, -0.55, -1.13
Gyro: 6.60, 21.86, -149.27
Accel: -0.16, -0.41, -1.12
Gyro: 25.83, 38.14, -211.14
Accel: -0.22, -0.46, -1.09
Gyro: 18.20, 56.25, -250.00
Accel: -0.18, -0.13, -1.01
Gyro: 23.72, 63.08, -250.00
Accel: -0.07, 0.16, -0.94
Gyro: 19.63, 61.12, -250.00
Accel: 0.06, 0.37, -0.86
Gyro: 10.48, 52.09, -227.83
Accel: 0.16, 0.43, -0.75
Gyro: -6.41, 31.07, -162.45
Accel: 0.23, 0.48, -0.69
Gyro: -18.01, 13.53, -96.96
Accel: 0.24, 0.42, -0.79
Gyro: -20.99, -10.51, -38.64
Accel: 0.21, 0.35, -0.88
Gyro: -23.73, -27.92, 5.37
Accel: 0.15, 0.28, -0.99
Gyro: -26.78, -27.13, 33.55
Accel: 0.15, 0.24, -0.97
Gyro: -19.93, -20.78, 46.49
Accel: 0.17, 0.21, -0.94
Gyro: -16.29, -21.37, 55.40
Accel: 0.17, 0.36, -0.92
Gyro: -11.99, -25.54, 76.13
Accel: 0.12, 0.41, -0.86
Gyro: 0.64, -33.37, 116.11
Accel: 0.06, 0.38, -0.92
Gyro: 1.16, -38.98, 158.97
Accel: -0.03, 0.28, -0.88
Gyro: -11.10, -43.14, 196.97
Accel: -0.10, 0.22, -0.93
Gyro: -18.13, -44.90, 223.69
Accel: -0.16, 0.10, -1.01
Gyro: -27.48, -44.75, 232.37
Accel: -0.16, 0.03, -1.03
Gyro: -31.75, -41.16, 229.22
Accel: -0.14, -0.14, -1.05
Gyro: -23.48, -34.96, 208.58
Accel: -0.10, -0.26, -1.07
Gyro: -10.92, -20.61, 158.97
Accel: -0.03, -0.28, -0.97
Gyro: 7.76, -15.50, 107.38
Accel: -0.01, -0.28, -0.95
Gyro: 14.63, -15.35, 60.55
Accel: -0.00, -0.24, -0.99
Gyro: 15.16, -11.51, 23.52
Accel: -0.00, -0.18, -0.96
Gyro: 13.92, -8.38, -1.59
Accel: -0.01, -0.11, -0.99
Gyro: 11.04, -7.83, -12.61
Accel: -0.02, -0.05, -1.00
Gyro: 10.60, -4.65, -14.47
Accel: -0.01, -0.04, -0.98
Gyro: 9.62, -2.71, -10.73
Accel: -0.00, -0.03, -0.97
Gyro: 7.61, -1.50, -7.65
Accel: 0.00, -0.02, -0.96
Gyro: 5.34, -1.42, -3.74
Accel: 0.01, -0.03, -0.96
Gyro: 2.19, -0.08, -1.30
Accel: 0.01, -0.03, -0.97
Gyro: 2.15, -0.02, -0.16
Accel: 0.02, -0.03, -0.96
Gyro: 2.11, 0.56, 0.34
Accel: 0.03, -0.04, -0.95
Gyro: 3.32, 0.23, 0.72
Accel: 0.02, -0.04, -0.94
Gyro: 5.61, 0.32, -0.09
Accel: 0.02, -0.06, -0.97
Gyro: 6.80, 0.42, -1.50
Accel: 0.02, -0.05, -0.95
Gyro: 5.94, 0.71, -3.59
Accel: 0.01, -0.06, -0.99
Gyro: 0.27, 1.59, -5.62
Accel: 0.01, -0.05, -0.96
Gyro: -2.78, 2.11, -6.81
Accel: 0.01, -0.04, -0.97
Gyro: -7.10, 2.20, -7.86
Accel: 0.01, -0.02, -0.96
Gyro: -8.12, 2.27, -7.69
Accel: 0.01, -0.02, -0.96
Gyro: -7.15, 2.22, -7.01
Accel: 0.01, -0.01, -0.94
Gyro: -4.01, 2.11, -6.36
Accel: 0.02, -0.01, -0.96
Gyro: 0.03, 1.27, -4.49
Accel: 0.02, -0.02, -0.95
Gyro: 2.46, 0.31, -2.40
Accel: 0.02, -0.04, -0.95
Gyro: 4.72, -0.10, -1.07
Accel: 0.03, -0.05, -0.95
Gyro: 3.34, -0.50, -0.54
Accel: 0.03, -0.06, -0.96
Gyro: 0.56, -0.78, -0.52
Accel: 0.02, -0.06, -0.96
Gyro: -1.30, -0.27, -1.14
Accel: 0.03, -0.08, -0.96
Gyro: -0.66, -0.36, -2.13
Accel: 0.02, -0.07, -0.98
Gyro: 0.27, -0.16, -5.31
Accel: 0.01, -0.06, -0.97
Gyro: 2.49, 1.44, -7.42
Accel: 0.02, -0.06, -0.97
Gyro: 4.17, 3.12, -7.56
Accel: 0.03, -0.06, -0.96
Gyro: 3.89, 3.67, -6.53
Accel: 0.04, -0.06, -0.96
Gyro: 1.86, 3.48, -4.79
Accel: 0.04, -0.05, -0.96
Gyro: -0.57, 3.13, -2.54
Accel: 0.05, -0.07, -0.95
Gyro: -3.39, 2.28, -0.69
Accel: 0.05, -0.07, -0.94
Gyro: -4.78, 0.98, 0.30
Accel: 0.06, -0.08, -0.94
Gyro: -5.30, -0.26, -0.94
Accel: 0.04, -0.07, -0.95
Gyro: -5.00, -1.83, -2.91
Accel: 0.04, -0.05, -0.96
Gyro: -3.63, -1.44, -4.49
Accel: 0.04, -0.05, -0.97
Gyro: -3.51, -1.09, -4.68
Accel: 0.04, -0.04, -0.96
Gyro: -3.15, -0.50, -4.60
Accel: 0.04, -0.04, -0.96
Gyro: -1.76, -1.24, -3.46
Accel: 0.04, -0.04, -0.97
Gyro: -1.72, -1.62, -2.96
Accel: 0.03, -0.04, -0.97
Gyro: -1.50, -0.85, -1.45
