Accel: -0.14, -0.11, -0.97
Gyro: -1.46, 0.63, 0.34
Accel: -0.14, -0.11, -0.96
Gyro: -1.18, 0.41, 0.29
Accel: -0.14, -0.11, -0.97
Gyro: -0.82, 0.66, -0.07
Accel: -0.14, -0.11, -0.96
Gyro: -0.18, 0.72, -0.04
Accel: -0.13, -0.12, -0.96
Gyro: -0.13, 0.62, -0.09
Accel: -0.15, -0.12, -0.97
Gyro: -0.50, 0.86, 0.27
Accel: -0.14, -0.12, -0.96
Gyro: -0.05, 0.96, 0.44
Accel: -0.13, -0.13, -0.95
Gyro: -1.66, 1.02, -0.85
Accel: -0.14, -0.11, -0.98
Gyro: -1.41, 1.63, -1.85
Accel: -0.13, -0.12, -0.95
Gyro: 0.25, 1.00, -1.30
Accel: -0.13, -0.12, -0.95
Gyro: -1.27, 0.98, -1.48
Accel: -0.14, -0.12, -0.96
Gyro: -2.07, 1.21, -1.64
Accel: -0.12, -0.12, -0.96
Gyro: -1.21, 1.14, -1.18
Accel: -0.12, -0.12, -0.96
Gyro: -1.63, 1.00, -0.34
Accel: -0.12, -0.12, -0.95
Gyro: -2.49, 1.14, -0.29
Accel: -0.12, -0.14, -0.96
Gyro: -2.75, 0.19, -1.67
Accel: -0.12, -0.13, -0.96
Gyro: -4.14, 0.66, -3.67
Accel: -0.12, -0.11, -0.96
Gyro: -2.00, 0.62, -3.30
Accel: -0.12, -0.11, -0.96
Gyro: -2.46, 0.86, -2.88
Accel: -0.12, -0.11, -0.97
Gyro: -3.23, 0.88, -2.33
Accel: -0.12, -0.11, -0.96
Gyro: -2.26, 0.12, -2.01
Accel: -0.13, -0.11, -0.97
Gyro: -1.92, 0.46, -1.95
Accel: -0.12, -0.12, -0.96
Gyro: -1.88, 0.63, -1.72
Accel: -0.13, -0.12, -0.97
Gyro: -2.04, 0.73, -1.49
Accel: -0.13, -0.13, -0.98
Gyro: -2.24, 1.46, -1.76
Accel: -0.14, -0.15, -0.97
Gyro: -3.60, 2.30, -3.35
Accel: -0.13, -0.15, -0.97
Gyro: -5.28, 3.50, -6.06
Accel: -0.14, -0.19, -0.97
Gyro: -7.22, 4.26, -10.24
Accel: -0.15, -0.27, -1.00
Gyro: -13.45, 7.39, -20.61
Accel: -0.18, -0.35, -1.04
Gyro: -20.07, 15.33, -39.44
Accel: -0.17, -0.43, -1.00
Gyro: -25.10, 22.75, -70.86
Accel: -0.15, -0.40, -0.94
Gyro: -27.84, 23.49, -104.39
Accel: -0.15, -0.36, -0.96
Gyro: -28.21, 23.81, -141.71
Accel: -0.13, -0.23, -0.90
Gyro: -19.97, 19.55, -163.64
Accel: -0.13, -0.19, -0.90
Gyro: -22.83, 14.60, -178.15
Accel: -0.11, -0.11, -0.88
Gyro: -23.94, 8.55, -182.11
Accel: -0.08, 0.01, -0.86
Gyro: -26.09, 3.22, -175.61
Accel: -0.07, 0.04, -0.88
Gyro: -30.43, -4.78, -166.19
Accel: -0.06, 0.14, -0.88
Gyro: -30.01, -11.97, -149.83
Accel: -0.05, 0.23, -0.93
Gyro: -27.61, -17.51, -128.41
Accel: -0.06, 0.29, -0.95
Gyro: -22.25, -20.84, -99.26
Accel: -0.07, 0.31, -1.00
Gyro: -20.70, -19.43, -70.17
Accel: -0.09, 0.30, -1.01
Gyro: -19.71, -16.91, -41.44
Accel: -0.10, 0.27, -1.02
Gyro: -17.06, -12.68, -20.16
Accel: -0.10, 0.24, -1.02
Gyro: -11.09, -8.51, -6.17
Accel: -0.09, 0.20, -1.01
Gyro: -7.31, -5.79, 1.66
Accel: -0.09, 0.19, -1.00
Gyro: -3.62, -4.74, 7.36
Accel: -0.09, 0.21, -1.01
Gyro: -0.60, -1.64, 14.69
Accel: -0.07, 0.25, -0.99
Gyro: 2.99, 0.61, 27.82
Accel: -0.06, 0.34, -0.96
Gyro: 10.12, -0.27, 50.72
Accel: -0.07, 0.36, -0.95
Gyro: 16.36, -2.79, 82.33
Accel: -0.10, 0.35, -0.95
Gyro: 24.15, -3.83, 114.86
Accel: -0.12, 0.27, -0.88
Gyro: 24.70, -6.96, 143.94
Accel: -0.16, 0.16, -0.89
Gyro: 23.59, -12.59, 161.25
Accel: -0.18, 0.04, -0.93
Gyro: 21.32, -15.79, 165.89
Accel: -0.19, -0.05, -0.96
Gyro: 16.44, -14.75, 159.13
Accel: -0.20, -0.12, -0.97
Gyro: 14.04, -13.33, 148.68
Accel: -0.20, -0.15, -1.02
Gyro: 9.66, -8.84, 133.03
Accel: -0.18, -0.16, -0.95
Gyro: 10.42, -7.83, 116.00
Accel: -0.16, -0.16, -0.94
Gyro: 10.19, -11.35, 96.41
Accel: -0.16, -0.13, -0.96
Gyro: 9.97, -11.83, 79.01
Accel: -0.15, -0.12, -0.95
Gyro: 14.08, -12.13, 63.38
Accel: -0.14, -0.12, -0.95
Gyro: 17.54, -13.11, 49.29
Accel: -0.14, -0.11, -0.96
Gyro: 19.69, -13.79, 37.06
Accel: -0.14, -0.11, -0.95
Gyro: 21.89, -14.92, 27.69
Accel: -0.16, -0.14, -0.94
Gyro: 23.72, -15.88, 20.16
Accel: -0.17, -0.12, -0.98
Gyro: 13.63, -11.40, 13.32
Accel: -0.17, -0.11, -0.99
Gyro: 14.10, -8.81, 10.02
Accel: -0.17, -0.11, -0.97
Gyro: 9.29, -7.14, 7.18
Accel: -0.18, -0.13, -0.97
Gyro: 7.25, -7.46, 3.62
Accel: -0.18, -0.11, -0.98
Gyro: 4.90, -6.59, 0.11
Accel: -0.17, -0.10, -0.97
Gyro: 6.32, -3.94, -2.27
Accel: -0.17, -0.12, -0.98
Gyro: 6.68, -3.27, -4.22
Accel: -0.16, -0.12, -0.97
Gyro: 3.33, -1.08, -5.72
Accel: -0.17, -0.10, -0.98
Gyro: -0.22, 0.35, -6.84
Accel: -0.15, -0.10, -0.97
Gyro: -1.12, 0.94, -6.90
Accel: -0.15, -0.09, -0.94
Gyro: -1.63, -0.34, -7.23
Accel: -0.16, -0.09, -0.95
Gyro: -2.68, -1.27, -7.21
Accel: -0.16, -0.07, -0.95
Gyro: -2.83, -1.37, -6.71
Accel: -0.16, -0.07, -0.95
Gyro: -2.66, -1.70, -5.04
Accel: -0.16, -0.07, -0.95
Gyro: -3.88, -2.24, -3.63
Accel: -0.16, -0.07, -0.95
Gyro: -2.65, -2.46, -2.01
Accel: -0.16, -0.07, -0.95
Gyro: -3.15, -3.11, -0.92
Accel: -0.15, -0.06, -0.94
Gyro: -1.88, -4.20, 0.90
Accel: -0.19, -0.08, -0.96
Gyro: -0.92, -5.49, 3.35
Accel: -0.18, -0.09, -0.98
Gyro: -1.14, -3.40, 3.48
Accel: -0.20, -0.09, -0.97
Gyro: -1.40, -2.93, 3.77
Accel: -0.18, -0.09, -0.96
Gyro: -0.37, -0.43, 1.53
Accel: -0.18, -0.11, -0.96
Gyro: 0.85, -1.32, 0.45
Accel: -0.17, -0.10, -0.95
Gyro: 0.88, -1.01, 0.32
Accel: -0.18, -0.10, -0.97
Gyro: -0.79, -0.80, 0.01
Accel: -0.17, -0.10, -0.96
Gyro: 1.64, -1.67, -1.77
Accel: -0.18, -0.09, -0.95
Gyro: -0.51, -0.92, -1.08
Accel: -0.17, -0.11, -0.96
Gyro: -3.93, 1.45, -1.83
Accel: -0.17, -0.09, -0.95
Gyro: -2.70, 1.03, -2.37
Accel: -0.17, -0.08, -0.96
Gyro: -2.80, 0.75, -2.53
Accel: -0.17, -0.09, -0.95
Gyro: -0.92, -0.26, -2.49
Accel: -0.17, -0.08, -0.97
Gyro: -1.88, -0.11, -2.28
Accel: -0.17, -0.09, -0.96
Gyro: -2.77, 0.19, -1.85
Accel: -0.17, -0.09, -0.96
Gyro: -2.46, -0.15, -1.51
Accel: -0.17, -0.10, -0.96
Gyro: -3.29, 0.26, -1.69
