Accel: -0.14, -0.01, -0.96
Gyro: -4.81, 1.77, -4.53
Accel: -0.15, -0.02, -0.97
Gyro: -3.62, 1.21, -3.20
Accel: -0.14, -0.02, -0.96
Gyro: -2.41, 0.66, -1.40
Accel: -0.14, -0.03, -0.98
Gyro: -2.20, 1.87, -0.21
Accel: -0.14, -0.04, -0.96
Gyro: -1.98, 2.13, -0.28
Accel: -0.14, -0.04, -0.96
Gyro: -2.22, 1.61, -1.19
Accel: -0.14, -0.04, -0.97
Gyro: -1.16, 1.75, -1.88
Accel: -0.13, -0.03, -0.97
Gyro: -0.12, 2.02, -1.86
Accel: -0.13, -0.03, -0.96
Gyro: 0.32, 1.88, -1.56
Accel: -0.13, -0.02, -0.96
Gyro: 0.89, 1.78, -1.22
Accel: -0.13, -0.03, -0.96
Gyro: 2.13, 0.85, -0.09
Accel: -0.13, -0.02, -0.97
Gyro: 1.65, 1.11, 0.82
Accel: -0.13, -0.01, -0.98
Gyro: 1.94, 1.41, 1.42
Accel: -0.13, -0.01, -0.97
Gyro: 5.73, 1.50, 3.58
Accel: -0.13, -0.03, -0.97
Gyro: 5.62, 1.30, 4.47
Accel: -0.13, -0.03, -0.97
Gyro: 4.26, 2.03, 5.55
Accel: -0.13, -0.03, -0.97
Gyro: 5.57, 3.35, 6.77
Accel: -0.12, -0.05, -0.97
Gyro: 6.84, 3.12, 6.97
Accel: -0.12, -0.06, -0.96
Gyro: 6.25, 2.88, 7.00
Accel: -0.12, -0.07, -0.96
Gyro: 6.03, 2.85, 6.47
Accel: -0.12, -0.09, -0.96
Gyro: 4.08, 2.43, 4.59
Accel: -0.11, -0.07, -0.97
Gyro: 3.22, 3.01, 3.55
Accel: -0.12, -0.09, -0.97
Gyro: 4.43, 3.49, 2.65
Accel: -0.11, -0.10, -0.96
Gyro: 4.36, 3.32, 0.95
Accel: -0.11, -0.09, -0.96
Gyro: 4.33, 3.32, -0.12
Accel: -0.11, -0.10, -0.96
Gyro: 6.32, 3.30, -0.46
Accel: -0.10, -0.11, -0.97
Gyro: 6.84, 2.98, -1.03
Accel: -0.10, -0.12, -0.96
Gyro: 6.00, 3.00, -1.33
Accel: -0.11, -0.16, -0.96
Gyro: 5.25, 2.49, -2.00
Accel: -0.11, -0.22, -0.98
Gyro: -1.75, 2.61, -6.79
Accel: -0.12, -0.27, -0.98
Gyro: -9.46, 4.85, -15.43
Accel: -0.13, -0.41, -0.98
Gyro: -15.05, 6.20, -39.56
Accel: -0.14, -0.44, -0.99
Gyro: -22.70, 8.48, -77.32
Accel: -0.17, -0.41, -1.01
Gyro: -22.51, 13.18, -113.37
Accel: -0.23, -0.53, -1.01
Gyro: -23.06, 17.21, -161.34
Accel: -0.32, -0.53, -1.07
Gyro: -36.12, 29.74, -215.80
Accel: -0.31, -0.15, -0.95
Gyro: -37.35, 40.99, -249.37
Accel: -0.22, 0.02, -0.85
Gyro: -17.58, 35.05, -250.00
Accel: -0.17, 0.13, -0.88
Gyro: -15.33, 25.46, -235.75
Accel: -0.09, 0.31, -0.92
Gyro: -17.27, 19.68, -205.03
Accel: -0.02, 0.34, -0.84
Gyro: -11.36, 8.56, -156.17
Accel: 0.02, 0.38, -0.95
Gyro: -17.02, 4.36, -113.46
Accel: 0.05, 0.42, -0.91
Gyro: -12.85, -0.92, -67.35
Accel: 0.08, 0.46, -0.92
Gyro: -9.25, -11.51, -21.63
Accel: 0.02, 0.38, -0.99
Gyro: -10.86, -18.03, 19.97
Accel: -0.01, 0.38, -1.07
Gyro: -10.72, -12.47, 51.83
Accel: 0.00, 0.34, -1.00
Gyro: -2.11, -8.24, 78.08
Accel: -0.00, 0.32, -1.00
Gyro: 9.70, -8.87, 98.90
Accel: -0.01, 0.25, -0.93
Gyro: 16.97, -9.03, 119.22
Accel: -0.01, 0.16, -0.92
Gyro: 19.22, -13.66, 133.06
Accel: -0.05, 0.15, -0.93
Gyro: 21.83, -15.59, 145.47
Accel: -0.06, 0.04, -0.91
Gyro: 20.45, -17.85, 156.23
Accel: -0.07, -0.10, -0.92
Gyro: 16.85, -21.97, 147.24
Accel: -0.08, -0.09, -0.94
Gyro: 14.52, -22.05, 135.68
Accel: -0.09, -0.12, -0.97
Gyro: 14.40, -22.56, 127.20
Accel: -0.12, -0.14, -0.99
Gyro: 10.21, -19.83, 116.74
Accel: -0.14, -0.14, -0.99
Gyro: 8.76, -17.02, 105.09
Accel: -0.12, -0.12, -0.94
Gyro: 11.64, -17.01, 95.41
Accel: -0.14, -0.14, -0.95
Gyro: 11.44, -18.23, 85.93
Accel: -0.16, -0.19, -0.96
Gyro: 11.21, -17.23, 74.17
Accel: -0.18, -0.20, -0.99
Gyro: 9.96, -16.88, 56.69
Accel: -0.19, -0.16, -1.03
Gyro: 6.41, -9.88, 45.02
Accel: -0.19, -0.15, -0.98
Gyro: 6.25, -6.63, 38.15
Accel: -0.18, -0.17, -0.95
Gyro: 4.15, -6.91, 28.05
Accel: -0.18, -0.15, -0.96
Gyro: 3.52, -6.45, 19.13
Accel: -0.18, -0.13, -0.97
Gyro: 6.40, -6.49, 12.21
Accel: -0.14, -0.13, -0.98
Gyro: 7.94, -6.35, 7.00
Accel: -0.16, -0.12, -0.97
Gyro: 4.43, -4.49, 4.71
Accel: -0.16, -0.11, -0.98
Gyro: 4.58, -2.62, 3.95
Accel: -0.15, -0.10, -0.99
Gyro: 2.16, 0.24, 3.72
Accel: -0.12, -0.10, -0.96
Gyro: 2.84, -0.18, 4.83
Accel: -0.13, -0.11, -0.96
Gyro: 2.37, -1.50, 3.64
Accel: -0.13, -0.10, -0.96
Gyro: -0.05, -0.11, 1.74
Accel: -0.13, -0.10, -0.96
Gyro: 1.43, -0.67, 0.96
Accel: -0.13, -0.10, -0.96
Gyro: 2.55, -0.65, 0.32
Accel: -0.13, -0.12, -0.97
Gyro: 1.62, -0.58, -1.43
Accel: -0.13, -0.11, -0.96
Gyro: 0.36, -0.56, -2.96
Accel: -0.13, -0.12, -0.96
Gyro: 0.24, -1.63, -3.90
Accel: -0.15, -0.13, -0.96
Gyro: -1.17, -1.65, -5.29
Accel: -0.15, -0.12, -0.96
Gyro: -2.56, -1.63, -6.71
Accel: -0.15, -0.11, -0.96
Gyro: -2.83, -1.56, -7.10
Accel: -0.15, -0.10, -0.95
Gyro: -2.29, -1.62, -6.27
Accel: -0.16, -0.11, -0.95
Gyro: -3.06, -1.52, -5.00
Accel: -0.15, -0.10, -0.97
Gyro: -2.44, -1.63, -3.18
Accel: -0.16, -0.10, -0.95
Gyro: -3.85, -1.14, -2.75
Accel: -0.15, -0.09, -0.97
Gyro: -1.96, -0.92, -1.01
Accel: -0.16, -0.10, -0.96
Gyro: -0.05, -0.82, 0.43
Accel: -0.16, -0.11, -0.96
Gyro: -0.43, -0.31, 0.67
Accel: -0.15, -0.10, -0.96
Gyro: -0.15, -0.21, 0.99
Accel: -0.15, -0.11, -0.96
Gyro: 0.83, 0.78, 1.18
Accel: -0.15, -0.11, -0.98
Gyro: 0.13, 2.01, 0.73
Accel: -0.14, -0.11, -0.97
Gyro: 0.66, 1.63, 0.26
Accel: -0.14, -0.13, -0.97
Gyro: 0.60, 1.66, 0.27
Accel: -0.14, -0.11, -0.96
Gyro: -0.74, 1.30, -0.93
Accel: -0.14, -0.11, -0.96
Gyro: -0.20, 1.86, -0.97
Accel: -0.13, -0.12, -0.96
Gyro: -1.54, 1.88, -1.49
Accel: -0.13, -0.11, -0.94
Gyro: -2.41, 1.21, -1.91
Accel: -0.13, -0.11, -0.96
Gyro: -2.20, 0.50, -1.79
Accel: -0.14, -0.10, -0.96
Gyro: -2.30, 0.40, -1.29
Accel: -0.14, -0.10, -0.96
Gyro: -1.77, 0.40, -0.60
Accel: -0.13, -0.11, -0.96
Gyro: -1.35, 0.37, -0.05
