Accel: 0.02, -0.06, -0.96
Gyro: -1.38, -1.95, -1.09
Accel: 0.01, -0.05, -0.96
Gyro: -0.62, -1.59, -0.23
Accel: 0.02, -0.07, -0.97
Gyro: -0.27, -1.41, 0.33
Accel: 0.01, -0.07, -0.97
Gyro: -0.88, -0.46, -0.12
Accel: 0.01, -0.07, -0.97
Gyro: -0.89, 0.64, -0.18
Accel: 0.02, -0.07, -0.95
Gyro: -1.10, 1.66, -0.63
Accel: 0.03, -0.08, -0.95
Gyro: -1.69, 1.90, -0.89
Accel: 0.03, -0.07, -0.96
Gyro: -2.25, 1.53, -1.53
Accel: 0.03, -0.07, -0.97
Gyro: -2.66, 1.15, -1.59
Accel: 0.02, -0.07, -0.96
Gyro: -3.69, 1.84, -2.43
Accel: 0.03, -0.05, -0.96
Gyro: -2.72, 1.69, -2.30
Accel: 0.04, -0.07, -0.96
Gyro: -3.01, 1.29, -2.24
Accel: 0.03, -0.06, -0.95
Gyro: -3.11, 1.40, -2.21
Accel: 0.04, -0.05, -0.95
Gyro: -2.52, 1.59, -1.58
Accel: 0.04, -0.06, -0.96
Gyro: -2.04, 1.69, -1.11
Accel: 0.03, -0.06, -0.96
Gyro: -1.94, 1.70, -1.14
Accel: 0.05, -0.07, -0.95
Gyro: -1.66, 1.04, -0.98
Accel: 0.05, -0.07, -0.95
Gyro: -2.05, 0.76, -1.21
Accel: 0.05, -0.06, -0.96
Gyro: -2.39, 0.20, -1.75
Accel: 0.04, -0.07, -0.95
Gyro: -2.45, -0.10, -1.86
Accel: 0.05, -0.06, -0.96
Gyro: -2.67, -0.42, -2.30
Accel: 0.04, -0.07, -0.96
Gyro: -2.67, -0.25, -2.46
Accel: 0.04, -0.07, -0.97
Gyro: -3.23, 0.02, -3.11
Accel: 0.04, -0.06, -0.96
Gyro: -2.80, 0.50, -3.44
Accel: 0.04, -0.09, -0.96
Gyro: -2.79, 0.08, -4.81
Accel: 0.04, -0.12, -0.96
Gyro: -3.61, 0.36, -9.22
Accel: 0.04, -0.19, -0.97
Gyro: -3.42, 2.19, -23.86
Accel: 0.04, -0.22, -0.98
Gyro: 0.26, 3.94, -46.93
Accel: 0.02, -0.28, -0.99
Gyro: 4.62, 6.24, -70.99
Accel: -0.02, -0.41, -1.07
Gyro: 2.88, 14.63, -114.59
Accel: -0.06, -0.34, -1.12
Gyro: 22.73, 28.84, -162.45
Accel: -0.03, -0.13, -1.01
Gyro: 36.91, 43.61, -193.99
Accel: 0.04, -0.10, -0.95
Gyro: 39.15, 40.34, -198.26
Accel: 0.09, -0.00, -0.92
Gyro: 27.31, 37.67, -186.58
Accel: 0.12, 0.01, -0.94
Gyro: 8.19, 36.35, -167.28
Accel: 0.20, 0.16, -0.83
Gyro: -6.01, 25.70, -137.89
Accel: 0.25, 0.18, -0.86
Gyro: -2.98, 12.16, -100.78
Accel: 0.27, 0.18, -0.85
Gyro: -8.15, 2.22, -69.14
Accel: 0.26, 0.16, -0.87
Gyro: -14.18, -5.91, -41.66
Accel: 0.25, 0.10, -0.92
Gyro: -22.15, -8.77, -25.16
Accel: 0.23, 0.14, -0.95
Gyro: -11.15, -11.22, -9.60
Accel: 0.21, 0.05, -0.98
Gyro: -9.02, -8.39, -4.10
Accel: 0.21, 0.05, -0.93
Gyro: -9.32, -9.71, -2.12
Accel: 0.19, 0.08, -0.98
Gyro: -6.42, -5.64, 4.46
Accel: 0.19, 0.08, -0.98
Gyro: -5.16, -2.26, 10.27
Accel: 0.21, 0.18, -0.96
Gyro: -4.98, -0.60, 24.63
Accel: 0.21, 0.14, -0.89
Gyro: -6.97, -5.37, 45.38
Accel: 0.20, 0.19, -0.87
Gyro: -11.51, -14.92, 66.19
Accel: 0.18, 0.22, -0.90
Gyro: -11.69, -22.14, 93.34
Accel: 0.14, 0.21, -0.89
Gyro: -16.68, -28.18, 120.83
Accel: 0.09, 0.15, -0.87
Gyro: -20.43, -34.29, 143.84
Accel: 0.04, 0.05, -0.92
Gyro: -28.34, -38.43, 156.11
Accel: 0.05, 0.02, -1.01
Gyro: -33.41, -36.59, 156.33
Accel: 0.02, 0.01, -0.96
Gyro: -26.08, -35.92, 155.12
Accel: 0.01, -0.08, -0.97
Gyro: -13.46, -34.90, 145.87
Accel: -0.00, -0.17, -1.02
Gyro: -9.23, -29.95, 124.79
Accel: -0.00, -0.15, -1.02
Gyro: -5.28, -22.89, 100.10
Accel: -0.00, -0.16, -1.00
Gyro: 2.08, -15.21, 77.93
Accel: 0.02, -0.19, -1.00
Gyro: 6.44, -10.20, 54.05
Accel: 0.03, -0.14, -0.98
Gyro: 10.13, -6.88, 34.16
Accel: 0.03, -0.12, -0.98
Gyro: 13.27, -5.31, 21.85
Accel: 0.03, -0.09, -0.96
Gyro: 12.12, -3.49, 12.99
Accel: 0.04, -0.08, -0.95
Gyro: 11.02, -3.67, 10.31
Accel: 0.03, -0.08, -0.94
Gyro: 7.93, -4.81, 9.69
Accel: 0.03, -0.11, -0.95
Gyro: 3.01, -5.28, 7.55
Accel: 0.02, -0.11, -0.97
Gyro: -1.90, -5.36, 5.90
Accel: 0.01, -0.14, -0.97
Gyro: -5.46, -3.07, -1.07
Accel: 0.02, -0.07, -0.96
Gyro: -4.17, -2.33, -6.17
Accel: 0.02, -0.05, -0.96
Gyro: -4.04, -2.06, -3.96
Accel: 0.02, -0.05, -0.96
Gyro: -5.61, -2.20, -1.73
Accel: 0.02, -0.05, -0.95
Gyro: -7.66, -1.76, -2.84
Accel: 0.02, -0.05, -0.96
Gyro: -6.83, -0.69, -4.81
Accel: 0.02, -0.04, -0.96
Gyro: -4.39, 0.14, -7.00
Accel: 0.02, -0.03, -0.97
Gyro: -2.78, 0.39, -7.40
Accel: 0.02, -0.01, -0.95
Gyro: -1.63, -0.33, -6.35
Accel: 0.02, -0.03, -0.97
Gyro: -2.26, -0.53, -4.14
Accel: 0.02, -0.02, -0.97
Gyro: -2.72, -0.24, -2.75
Accel: 0.02, -0.04, -0.95
Gyro: -1.41, -0.31, -1.73
Accel: 0.02, -0.05, -0.96
Gyro: -1.59, -0.81, -2.11
Accel: 0.02, -0.04, -0.97
Gyro: -1.66, 0.05, -2.04
Accel: 0.01, -0.04, -0.99
Gyro: -1.34, 3.86, -1.84
Accel: 0.02, -0.05, -0.96
Gyro: -0.24, 5.60, -1.80
Accel: 0.03, -0.04, -0.94
Gyro: -0.11, 3.68, -1.79
Accel: 0.03, -0.04, -0.96
Gyro: -0.08, 2.72, -0.58
Accel: 0.04, -0.05, -0.96
Gyro: -0.66, 2.48, -0.24
Accel: 0.05, -0.05, -0.94
Gyro: -1.37, 2.15, -0.24
Accel: 0.04, -0.06, -0.94
Gyro: -2.20, 1.14, -0.39
Accel: 0.04, -0.05, -0.95
Gyro: -2.56, 0.11, -0.66
Accel: 0.05, -0.05, -0.96
Gyro: -2.30, -0.65, -1.03
Accel: 0.04, -0.05, -0.95
Gyro: -1.69, -0.48, -1.51
Accel: 0.04, -0.06, -0.96
Gyro: -2.05, -0.92, -2.63
Accel: 0.04, -0.04, -0.96
Gyro: -1.11, -0.45, -2.70
Accel: 0.03, -0.06, -0.96
Gyro: -0.79, -0.72, -2.69
Accel: 0.04, -0.06, -0.97
Gyro: -1.82, -0.24, -3.65
Accel: 0.03, -0.05, -0.98
Gyro: -2.28, 2.17, -4.37
Accel: 0.04, -0.06, -0.97
Gyro: -0.89, 4.52, -5.81
Accel: 0.05, -0.06, -0.94
Gyro: -0.25, 3.47, -7.53
Accel: 0.06, -0.04, -0.95
Gyro: -0.32, 1.28, -6.87
Accel: 0.06, -0.04, -0.95
Gyro: -1.08, -0.06, -4.72
Accel: 0.06, -0.05, -0.95
Gyro: -2.54, -0.43, -3.72
Accel: 0.05, -0.05, -0.95
Gyro: -2.42, -1.27, -2.82
