Accel: -0.21, -0.10, -0.96
Gyro: -0.18, 13.81, 0.52
Accel: -0.20, -0.09, -0.96
Gyro: -1.88, 13.92, -2.80
Accel: -0.19, -0.07, -0.97
Gyro: -3.96, 14.71, -5.55
Accel: -0.18, -0.05, -0.94
Gyro: -4.80, 14.46, -6.16
Accel: -0.18, -0.05, -0.95
Gyro: -5.47, 13.44, -5.99
Accel: -0.18, -0.03, -0.94
Gyro: -7.41, 13.75, -5.62
Accel: -0.17, -0.02, -0.94
Gyro: -7.42, 13.11, -4.74
Accel: -0.16, -0.01, -0.94
Gyro: -6.45, 10.94, -3.42
Accel: -0.16, -0.02, -0.95
Gyro: -5.64, 9.41, -2.43
Accel: -0.17, -0.04, -0.96
Gyro: -5.39, 9.13, -2.67
Accel: -0.17, -0.04, -0.96
Gyro: -5.93, 10.21, -4.36
Accel: -0.18, -0.02, -0.99
Gyro: -5.54, 10.75, -5.70
Accel: -0.18, -0.02, -0.98
Gyro: -3.04, 12.28, -4.62
Accel: -0.15, -0.01, -0.99
Gyro: -2.23, 13.54, -3.65
Accel: -0.15, -0.01, -1.01
Gyro: -2.30, 16.86, -1.90
Accel: -0.13, -0.00, -0.99
Gyro: -0.43, 19.45, 0.35
Accel: -0.10, -0.02, -0.97
Gyro: 1.41, 20.28, 1.76
Accel: -0.07, -0.02, -0.97
Gyro: 1.63, 19.43, 2.15
Accel: -0.05, -0.04, -0.94
Gyro: 3.10, 16.16, 2.63
Accel: -0.04, -0.04, -0.95
Gyro: 2.76, 13.56, 2.10
Accel: -0.04, -0.04, -0.96
Gyro: 2.35, 12.60, 2.19
Accel: -0.03, -0.06, -0.94
Gyro: 3.09, 9.77, 2.48
Accel: -0.02, -0.05, -0.94
Gyro: 2.29, 6.30, 2.04
Accel: -0.02, -0.05, -0.95
Gyro: 1.96, 3.80, 1.88
Accel: -0.03, -0.06, -0.95
Gyro: 1.58, 2.20, 1.95
Accel: -0.03, -0.07, -0.97
Gyro: 0.86, 1.56, 1.82
Accel: -0.03, -0.07, -0.98
Gyro: -0.14, 1.38, 1.26
Accel: -0.04, -0.07, -0.97
Gyro: -0.64, 0.63, 0.25
Accel: -0.03, -0.07, -0.97
Gyro: -1.28, -0.34, -0.93
Accel: -0.03, -0.07, -0.97
Gyro: -1.95, -1.05, -1.56
Accel: -0.04, -0.07, -0.97
Gyro: -2.33, -1.26, -2.32
Accel: -0.04, -0.06, -0.97
Gyro: -2.96, -1.77, -2.66
Accel: -0.04, -0.06, -0.98
Gyro: -3.03, -2.04, -2.64
Accel: -0.05, -0.06, -0.97
Gyro: -3.02, -2.24, -2.37
Accel: -0.05, -0.05, -0.97
Gyro: -2.88, -2.51, -2.09
Accel: -0.05, -0.05, -0.97
Gyro: -2.49, -2.75, -1.59
Accel: -0.05, -0.06, -0.98
Gyro: -3.43, -2.82, -1.79
Accel: -0.06, -0.05, -0.98
Gyro: -2.75, -2.67, -2.34
Accel: -0.06, -0.06, -0.97
Gyro: -0.72, -2.82, -1.37
Accel: -0.07, -0.06, -0.97
Gyro: -1.84, -2.71, -1.78
Accel: -0.07, -0.05, -0.98
Gyro: -2.66, -2.17, -1.41
Accel: -0.06, -0.06, -0.97
Gyro: -1.75, -1.82, -1.48
Accel: -0.06, -0.07, -0.98
Gyro: -2.50, -1.05, -1.73
Accel: -0.07, -0.06, -0.99
Gyro: -2.97, -0.51, -2.20
Accel: -0.06, -0.06, -0.98
Gyro: -2.46, -0.16, -2.41
Accel: -0.06, -0.06, -0.97
Gyro: -3.82, 0.18, -3.49
Accel: -0.06, -0.05, -0.98
Gyro: -3.52, 1.00, -3.82
Accel: -0.07, -0.14, -0.98
Gyro: -3.17, 2.14, -8.71
Accel: -0.06, -0.22, -0.98
Gyro: -2.40, 3.00, -30.48
Accel: -0.07, -0.17, -0.97
Gyro: 4.10, 3.46, -48.61
Accel: -0.09, -0.26, -1.01
Gyro: 7.68, 4.94, -73.25
Accel: -0.12, -0.32, -1.00
Gyro: 14.00, 9.04, -108.01
Accel: -0.14, -0.32, -1.02
Gyro: 20.76, 13.01, -141.23
Accel: -0.18, -0.39, -1.04
Gyro: 19.28, 19.61, -173.32
Accel: -0.18, -0.40, -1.01
Gyro: 7.35, 26.77, -206.10
Accel: -0.16, -0.27, -0.92
Gyro: -0.52, 26.62, -220.99
Accel: -0.11, -0.14, -0.92
Gyro: -11.41, 24.67, -222.96
Accel: -0.02, 0.07, -0.88
Gyro: -17.02, 18.84, -203.22
Accel: 0.05, 0.15, -0.84
Gyro: -21.54, 8.83, -171.65
Accel: 0.08, 0.17, -0.89
Gyro: -23.51, -1.09, -138.16
Accel: 0.08, 0.18, -0.90
Gyro: -24.59, -7.94, -107.87
Accel: 0.07, 0.21, -0.93
Gyro: -25.16, -14.03, -84.93
Accel: 0.04, 0.21, -0.98
Gyro: -21.64, -15.54, -65.03
Accel: 0.05, 0.26, -1.02
Gyro: -19.49, -17.06, -45.66
Accel: 0.04, 0.26, -1.03
Gyro: -8.28, -12.96, -22.35
Accel: 0.01, 0.26, -1.04
Gyro: -8.80, -6.39, -1.50
Accel: 0.05, 0.28, -1.00
Gyro: -6.09, -2.38, 18.49
Accel: 0.06, 0.26, -0.99
Gyro: -2.59, -1.66, 40.18
Accel: 0.06, 0.34, -1.01
Gyro: -1.79, -1.69, 63.71
Accel: 0.09, 0.45, -0.92
Gyro: 3.87, -7.71, 104.01
Accel: 0.02, 0.42, -0.87
Gyro: 11.96, -16.86, 151.60
Accel: -0.04, 0.24, -0.87
Gyro: 7.60, -24.14, 187.31
Accel: -0.09, 0.14, -0.89
Gyro: 0.44, -29.76, 205.02
Accel: -0.13, -0.08, -0.97
Gyro: -0.88, -32.30, 203.75
Accel: -0.13, -0.18, -1.03
Gyro: -8.03, -26.82, 177.20
Accel: -0.11, -0.09, -0.97
Gyro: -3.84, -23.61, 154.43
Accel: -0.09, -0.09, -0.92
Gyro: 5.26, -28.38, 141.71
Accel: -0.11, -0.13, -0.93
Gyro: 5.18, -30.29, 124.92
Accel: -0.11, -0.16, -0.90
Gyro: 0.57, -35.47, 109.51
Accel: -0.15, -0.19, -1.00
Gyro: -10.85, -38.07, 87.40
Accel: -0.18, -0.12, -1.07
Gyro: -18.30, -25.96, 67.38
Accel: -0.16, -0.07, -1.04
Gyro: -5.58, -18.33, 48.99
Accel: -0.14, -0.05, -0.98
Gyro: 8.85, -14.89, 34.38
Accel: -0.09, -0.03, -0.97
Gyro: 20.05, -18.13, 22.35
Accel: -0.16, -0.06, -0.95
Gyro: 12.25, -15.58, 13.03
Accel: -0.16, -0.04, -0.99
Gyro: 23.45, -15.61, 8.88
Accel: -0.17, -0.04, -0.99
Gyro: 13.88, -10.52, 7.54
Accel: -0.16, -0.08, -0.99
Gyro: 10.26, -9.69, 5.74
Accel: -0.16, -0.06, -1.01
Gyro: 4.11, -6.94, 2.84
Accel: -0.15, -0.06, -0.97
Gyro: 10.89, -5.73, 1.82
Accel: -0.17, -0.08, -0.97
Gyro: 6.90, -4.91, -0.16
Accel: -0.16, -0.07, -0.98
Gyro: 4.68, -1.23, -1.30
Accel: -0.16, -0.07, -0.97
Gyro: 1.13, 0.48, -3.32
Accel: -0.15, -0.06, -0.97
Gyro: 0.88, 0.18, -4.12
Accel: -0.15, -0.07, -0.97
Gyro: -1.08, 1.10, -4.78
Accel: -0.15, -0.07, -0.99
Gyro: -3.70, 1.94, -5.82
Accel: -0.15, -0.07, -0.96
Gyro: -5.84, 2.90, -6.94
Accel: -0.14, -0.04, -0.96
Gyro: -6.34, 2.19, -7.47
Accel: -0.15, -0.05, -0.96
Gyro: -7.13, 1.77, -7.43
Accel: -0.15, -0.03, -0.97
Gyro: -7.38, 1.49, -7.31
Accel: -0.15, -0.02, -0.96
Gyro: -6.59, 1.88, -6.36
