Accel: -0.10, -0.10, -0.96
Gyro: 2.30, 4.39, -6.96
Accel: -0.10, -0.10, -0.97
Gyro: 2.47, 4.43, -5.00
Accel: -0.09, -0.11, -0.98
Gyro: 3.12, 5.39, -3.47
Accel: -0.09, -0.12, -0.96
Gyro: 4.35, 5.26, -1.72
Accel: -0.09, -0.13, -0.96
Gyro: 4.94, 5.50, -0.63
Accel: -0.09, -0.14, -0.97
Gyro: 5.39, 6.30, 0.33
Accel: -0.09, -0.14, -0.97
Gyro: 6.06, 7.32, 1.04
Accel: -0.08, -0.16, -0.96
Gyro: 5.61, 8.55, 1.20
Accel: -0.08, -0.18, -0.96
Gyro: 4.91, 8.94, 1.04
Accel: -0.09, -0.18, -0.97
Gyro: 3.52, 10.75, 0.55
Accel: -0.08, -0.19, -0.98
Gyro: 1.58, 12.83, -0.71
Accel: -0.07, -0.20, -0.96
Gyro: -0.58, 13.21, -2.33
Accel: -0.05, -0.21, -0.95
Gyro: -2.99, 12.69, -4.01
Accel: -0.04, -0.23, -0.94
Gyro: -6.90, 11.86, -6.88
Accel: -0.03, -0.20, -0.96
Gyro: -10.76, 11.38, -10.70
Accel: -0.02, -0.21, -0.96
Gyro: -12.49, 10.05, -13.95
Accel: -0.02, -0.23, -0.97
Gyro: -17.28, 8.80, -20.36
Accel: -0.03, -0.28, -0.97
Gyro: -23.10, 9.14, -31.23
Accel: -0.03, -0.36, -0.98
Gyro: -27.24, 10.64, -56.49
Accel: -0.04, -0.36, -0.97
Gyro: -28.56, 12.09, -91.25
Accel: -0.06, -0.29, -0.98
Gyro: -27.56, 13.89, -117.12
Accel: -0.07, -0.32, -0.99
Gyro: -29.66, 17.66, -142.04
Accel: -0.07, -0.23, -0.95
Gyro: -33.05, 21.51, -168.28
Accel: -0.06, -0.11, -0.94
Gyro: -25.95, 20.97, -180.98
Accel: -0.06, -0.05, -0.95
Gyro: -18.45, 18.86, -189.88
Accel: -0.06, -0.01, -0.96
Gyro: -6.15, 16.63, -194.66
Accel: -0.04, 0.06, -0.95
Gyro: -7.02, 15.35, -189.19
Accel: -0.03, 0.15, -1.02
Gyro: -6.94, 17.11, -175.70
Accel: 0.01, 0.17, -0.91
Gyro: -5.62, 17.49, -157.84
Accel: 0.07, 0.25, -0.90
Gyro: -6.81, 9.06, -139.66
Accel: 0.10, 0.42, -0.92
Gyro: -5.30, -1.82, -104.54
Accel: 0.08, 0.44, -0.88
Gyro: 6.61, -10.51, -59.61
Accel: 0.05, 0.33, -0.95
Gyro: -2.92, -14.30, -25.83
Accel: 0.04, 0.32, -0.97
Gyro: -11.40, -13.56, -2.67
Accel: 0.02, 0.32, -1.03
Gyro: -9.61, -11.22, 17.33
Accel: 0.03, 0.27, -1.03
Gyro: -6.70, -5.46, 30.14
Accel: 0.04, 0.28, -0.99
Gyro: -2.49, -2.59, 42.78
Accel: 0.07, 0.30, -0.97
Gyro: 2.85, -5.08, 59.21
Accel: 0.08, 0.35, -0.95
Gyro: 7.50, -9.74, 83.72
Accel: 0.06, 0.32, -0.93
Gyro: 11.52, -9.93, 114.45
Accel: 0.05, 0.27, -0.92
Gyro: 9.62, -12.86, 141.86
Accel: 0.01, 0.25, -0.91
Gyro: 12.01, -19.07, 167.56
Accel: -0.04, 0.06, -0.96
Gyro: 11.20, -20.73, 177.66
Accel: -0.09, -0.04, -1.03
Gyro: 3.63, -13.71, 169.18
Accel: -0.06, -0.04, -0.97
Gyro: 1.53, -10.09, 159.35
Accel: -0.06, -0.08, -0.95
Gyro: 3.93, -13.12, 148.77
Accel: -0.06, -0.11, -0.96
Gyro: 3.78, -12.63, 133.97
Accel: -0.06, -0.10, -0.95
Gyro: 7.48, -15.49, 119.89
Accel: -0.07, -0.12, -0.97
Gyro: 9.97, -17.75, 108.89
Accel: -0.07, -0.16, -0.98
Gyro: 8.86, -17.75, 95.08
Accel: -0.07, -0.17, -0.99
Gyro: 9.40, -15.24, 77.16
Accel: -0.07, -0.16, -0.98
Gyro: 14.28, -13.53, 59.52
Accel: -0.07, -0.14, -0.97
Gyro: 19.98, -13.23, 46.14
Accel: -0.07, -0.14, -0.97
Gyro: 21.29, -13.52, 37.72
Accel: -0.08, -0.15, -0.97
Gyro: 20.25, -13.14, 30.99
Accel: -0.08, -0.14, -0.98
Gyro: 18.19, -10.86, 26.47
Accel: -0.08, -0.17, -0.97
Gyro: 14.37, -8.34, 22.16
Accel: -0.09, -0.18, -0.98
Gyro: 9.10, -5.86, 16.75
Accel: -0.08, -0.18, -0.99
Gyro: 5.26, -3.88, 10.92
Accel: -0.07, -0.18, -0.99
Gyro: 3.40, -1.97, 5.60
Accel: -0.07, -0.17, -0.97
Gyro: 2.74, -0.34, 0.98
Accel: -0.05, -0.16, -0.97
Gyro: 1.73, 0.72, -2.60
Accel: -0.05, -0.15, -0.97
Gyro: 0.53, 1.24, -4.94
Accel: -0.05, -0.13, -0.96
Gyro: -0.40, 1.71, -5.47
Accel: -0.04, -0.11, -0.96
Gyro: -2.17, 1.25, -5.53
Accel: -0.06, -0.06, -0.98
Gyro: 2.07, 1.27, 0.95
Accel: -0.06, -0.13, -0.97
Gyro: 1.79, 1.40, 5.55
Accel: -0.06, -0.14, -0.97
Gyro: -6.25, 3.11, 5.26
Accel: -0.06, -0.12, -0.96
Gyro: -7.72, 2.86, 4.05
Accel: -0.05, -0.12, -0.95
Gyro: -4.02, 1.59, 1.80
Accel: -0.05, -0.13, -0.95
Gyro: -2.40, 1.02, -0.93
Accel: -0.04, -0.11, -0.97
Gyro: -1.86, 0.29, -2.72
Accel: -0.04, -0.11, -0.96
Gyro: -0.92, -1.08, -2.33
Accel: -0.05, -0.10, -0.96
Gyro: -1.46, -1.43, -1.59
Accel: -0.05, -0.12, -0.95
Gyro: -1.12, -2.21, -0.22
Accel: -0.05, -0.13, -0.97
Gyro: -2.46, -3.35, -0.93
Accel: -0.06, -0.13, -0.98
Gyro: -4.49, -2.53, -2.16
Accel: -0.05, -0.11, -0.99
Gyro: -3.22, -1.45, -2.81
Accel: -0.06, -0.13, -0.98
Gyro: -2.63, -0.64, -2.71
Accel: -0.06, -0.12, -0.98
Gyro: -2.83, 0.64, -3.04
Accel: -0.06, -0.11, -1.00
Gyro: -3.44, 2.76, -2.82
Accel: -0.06, -0.10, -0.98
Gyro: -2.85, 4.38, -1.34
Accel: -0.04, -0.11, -0.96
Gyro: -2.88, 3.81, -0.94
Accel: -0.04, -0.11, -0.95
Gyro: -3.84, 2.15, -1.05
Accel: -0.04, -0.12, -0.97
Gyro: -4.24, 1.48, -2.36
Accel: -0.04, -0.11, -0.98
Gyro: -4.36, 0.66, -3.91
Accel: -0.05, -0.10, -0.97
Gyro: -3.69, -0.04, -4.35
Accel: -0.04, -0.10, -0.97
Gyro: -2.73, -0.64, -4.41
Accel: -0.05, -0.11, -0.96
Gyro: -3.17, -0.37, -4.36
Accel: -0.05, -0.10, -0.98
Gyro: -3.76, -0.41, -4.75
Accel: -0.04, -0.10, -0.97
Gyro: -2.47, -0.41, -3.65
Accel: -0.05, -0.11, -0.97
Gyro: -2.53, -0.93, -4.07
Accel: -0.05, -0.11, -0.98
Gyro: -3.22, -0.60, -4.65
Accel: -0.05, -0.11, -0.98
Gyro: -2.48, -0.35, -4.90
Accel: -0.05, -0.10, -0.98
Gyro: -2.36, 0.59, -4.59
Accel: -0.04, -0.10, -0.97
Gyro: -1.55, 1.46, -3.53
Accel: -0.04, -0.10, -0.98
Gyro: -1.76, 1.24, -2.03
Accel: -0.04, -0.12, -0.98
Gyro: -3.07, 1.58, -2.01
Accel: -0.04, -0.11, -0.97
Gyro: -3.38, 2.40, -2.75
Accel: -0.03, -0.11, -0.98
Gyro: -2.30, 2.04, -3.01
Accel: -0.03, -0.11, -0.97
Gyro: -3.43, 1.91, -4.19
