Accel: -0.12, -0.09, -0.95
Gyro: -4.72, 0.66, -5.49
Accel: -0.12, -0.11, -0.97
Gyro: -4.01, 0.49, -4.77
Accel: -0.12, -0.10, -0.98
Gyro: -2.52, 1.43, -4.75
Accel: -0.12, -0.14, -0.97
Gyro: -0.33, 1.42, -5.91
Accel: -0.12, -0.14, -0.96
Gyro: 0.46, 1.59, -8.05
Accel: -0.11, -0.14, -0.96
Gyro: 0.05, 1.98, -9.55
Accel: -0.11, -0.14, -0.96
Gyro: -0.31, 1.84, -10.21
Accel: -0.10, -0.14, -0.96
Gyro: -1.56, 1.59, -10.63
Accel: -0.10, -0.13, -0.96
Gyro: -2.27, 1.67, -10.41
Accel: -0.10, -0.13, -0.96
Gyro: -2.49, 0.79, -10.24
Accel: -0.10, -0.13, -0.96
Gyro: -2.95, -0.74, -10.68
Accel: -0.10, -0.13, -0.96
Gyro: -3.23, -1.35, -10.59
Accel: -0.10, -0.13, -0.96
Gyro: -2.01, -1.59, -10.87
Accel: -0.11, -0.14, -0.96
Gyro: -1.88, -1.38, -11.28
Accel: -0.11, -0.16, -0.96
Gyro: -3.40, -1.61, -12.51
Accel: -0.11, -0.17, -0.96
Gyro: -4.47, -1.27, -13.54
Accel: -0.11, -0.17, -0.96
Gyro: -6.18, -1.07, -14.72
Accel: -0.11, -0.16, -0.96
Gyro: -8.09, 0.05, -15.27
Accel: -0.12, -0.17, -0.96
Gyro: -9.16, -0.28, -15.91
Accel: -0.12, -0.22, -0.97
Gyro: -11.98, 0.88, -19.23
Accel: -0.14, -0.31, -1.00
Gyro: -16.09, 4.64, -31.62
Accel: -0.15, -0.45, -0.99
Gyro: -18.76, 7.70, -66.13
Accel: -0.17, -0.49, -0.93
Gyro: -11.99, 7.23, -112.17
Accel: -0.19, -0.45, -0.98
Gyro: -14.37, 7.78, -159.89
Accel: -0.24, -0.44, -0.99
Gyro: -15.90, 10.03, -195.70
Accel: -0.25, -0.33, -0.99
Gyro: -21.95, 16.62, -224.25
Accel: -0.22, -0.14, -0.93
Gyro: -13.06, 20.84, -234.23
Accel: -0.18, -0.06, -0.94
Gyro: -12.06, 18.92, -234.05
Accel: -0.09, 0.15, -0.90
Gyro: -9.50, 14.48, -216.54
Accel: -0.03, 0.23, -0.81
Gyro: 5.06, 4.17, -183.16
Accel: -0.01, 0.16, -0.92
Gyro: 1.00, -7.39, -150.70
Accel: -0.01, 0.24, -0.97
Gyro: -6.26, -9.54, -116.65
Accel: -0.01, 0.23, -0.97
Gyro: 3.37, -10.27, -80.35
Accel: -0.04, 0.09, -1.00
Gyro: -5.57, -12.15, -57.50
Accel: -0.02, 0.17, -1.06
Gyro: -6.13, -1.31, -44.34
Accel: 0.03, 0.16, -0.94
Gyro: 3.26, -4.13, -26.49
Accel: 0.01, 0.14, -1.06
Gyro: -3.32, -5.53, -5.91
Accel: 0.04, 0.13, -0.99
Gyro: 2.61, 3.08, 14.98
Accel: 0.06, 0.02, -0.92
Gyro: 0.12, -5.83, 28.92
Accel: 0.02, 0.06, -1.02
Gyro: -8.05, -5.47, 44.10
Accel: 0.03, 0.06, -1.00
Gyro: -8.24, -3.00, 61.67
Accel: 0.03, 0.27, -0.98
Gyro: -7.21, -9.16, 89.43
Accel: -0.01, 0.39, -0.93
Gyro: 0.26, -11.04, 140.91
Accel: -0.11, 0.30, -0.89
Gyro: 1.21, -19.86, 189.48
Accel: -0.21, 0.12, -0.88
Gyro: 4.19, -27.59, 220.31
Accel: -0.25, -0.13, -1.01
Gyro: 0.19, -23.00, 215.74
Accel: -0.23, -0.13, -0.96
Gyro: -3.23, -18.30, 198.94
Accel: -0.21, -0.21, -1.00
Gyro: -1.20, -18.30, 176.17
Accel: -0.20, -0.20, -0.99
Gyro: 5.79, -18.79, 151.63
Accel: -0.19, -0.23, -0.97
Gyro: 12.24, -16.44, 125.46
Accel: -0.17, -0.21, -0.95
Gyro: 17.98, -17.75, 100.89
Accel: -0.18, -0.22, -0.97
Gyro: 18.99, -19.29, 79.40
Accel: -0.22, -0.20, -1.06
Gyro: 9.50, -13.57, 63.32
Accel: -0.19, -0.15, -1.01
Gyro: 10.53, -8.59, 52.35
Accel: -0.18, -0.14, -0.94
Gyro: 22.04, -10.16, 44.39
Accel: -0.19, -0.17, -0.96
Gyro: 29.17, -8.98, 40.12
Accel: -0.19, -0.17, -0.98
Gyro: 15.84, -6.09, 36.70
Accel: -0.14, -0.13, -0.95
Gyro: 13.17, -2.25, 32.13
Accel: -0.18, -0.15, -0.95
Gyro: 11.57, -4.77, 31.51
Accel: -0.20, -0.15, -0.93
Gyro: 9.62, -4.26, 29.63
Accel: -0.18, -0.16, -0.96
Gyro: 11.46, -5.87, 25.49
Accel: -0.20, -0.16, -0.97
Gyro: 10.25, -3.89, 22.55
Accel: -0.20, -0.16, -0.95
Gyro: 9.45, -2.03, 19.55
Accel: -0.20, -0.15, -0.96
Gyro: 7.22, -1.08, 17.04
Accel: -0.20, -0.15, -0.98
Gyro: 5.66, -0.27, 15.69
Accel: -0.20, -0.16, -0.97
Gyro: 4.74, 2.23, 14.73
Accel: -0.19, -0.16, -0.96
Gyro: 3.74, 3.10, 12.82
Accel: -0.19, -0.14, -0.96
Gyro: 3.27, 4.03, 12.55
Accel: -0.19, -0.15, -0.96
Gyro: 3.09, 3.96, 12.25
Accel: -0.18, -0.15, -0.95
Gyro: 1.27, 4.88, 11.34
Accel: -0.18, -0.15, -0.94
Gyro: 0.14, 5.29, 11.14
Accel: -0.18, -0.15, -0.95
Gyro: -0.02, 5.26, 10.21
Accel: -0.17, -0.16, -0.94
Gyro: 0.03, 4.66, 9.36
Accel: -0.17, -0.16, -0.95
Gyro: -0.11, 3.66, 8.44
Accel: -0.17, -0.16, -0.95
Gyro: -1.51, 3.30, 7.58
Accel: -0.18, -0.15, -0.96
Gyro: -2.47, 4.30, 6.35
Accel: -0.17, -0.16, -0.96
Gyro: -3.11, 4.50, 4.91
Accel: -0.17, -0.15, -0.96
Gyro: -4.58, 4.17, 3.23
Accel: -0.17, -0.15, -0.97
Gyro: -5.41, 4.77, 1.20
Accel: -0.16, -0.13, -0.95
Gyro: -4.94, 4.51, 0.23
Accel: -0.16, -0.14, -0.96
Gyro: -5.58, 4.60, -0.89
Accel: -0.16, -0.13, -0.95
Gyro: -6.28, 4.33, -1.91
Accel: -0.16, -0.12, -0.95
Gyro: -7.01, 3.93, -3.11
Accel: -0.17, -0.12, -0.95
Gyro: -7.97, 3.33, -4.73
Accel: -0.16, -0.12, -0.96
Gyro: -8.09, 2.42, -6.96
Accel: -0.15, -0.11, -0.97
Gyro: -7.83, 2.33, -9.80
Accel: -0.16, -0.10, -0.96
Gyro: -6.25, 2.00, -11.42
Accel: -0.16, -0.10, -0.98
Gyro: -5.44, 2.89, -12.09
Accel: -0.15, -0.10, -0.98
Gyro: -4.43, 3.61, -12.59
Accel: -0.14, -0.11, -0.96
Gyro: -3.59, 4.65, -13.62
Accel: -0.14, -0.11, -0.96
Gyro: -3.37, 4.89, -15.98
Accel: -0.13, -0.09, -0.96
Gyro: -3.57, 5.71, -17.38
Accel: -0.12, -0.11, -0.95
Gyro: -2.16, 4.42, -16.70
Accel: -0.13, -0.10, -0.96
Gyro: -4.80, 3.54, -16.66
Accel: -0.12, -0.09, -0.96
Gyro: -6.06, 3.28, -16.10
Accel: -0.11, -0.09, -0.96
Gyro: -5.46, 3.14, -15.27
Accel: -0.12, -0.08, -0.96
Gyro: -5.17, 2.84, -14.57
Accel: -0.11, -0.08, -0.97
Gyro: -4.21, 3.40, -13.24
Accel: -0.10, -0.09, -0.96
Gyro: -2.31, 3.41, -12.00
Accel: -0.11, -0.09, -0.98
Gyro: -1.37, 3.19, -11.25
Accel: -0.11, -0.08, -0.97
Gyro: 0.48, 4.19, -9.30
