Accel: 0.12, 0.25, -0.94
Gyro: -1.50, -7.64, -16.84
Accel: 0.11, 0.22, -0.92
Gyro: -0.66, -11.12, -9.90
Accel: 0.09, 0.20, -0.97
Gyro: -0.93, -12.99, -5.56
Accel: 0.08, 0.19, -0.96
Gyro: -1.59, -12.80, -3.04
Accel: 0.07, 0.19, -0.97
Gyro: 1.62, -13.07, 0.50
Accel: 0.07, 0.16, -0.96
Gyro: 4.62, -13.21, 3.27
Accel: 0.06, 0.13, -0.97
Gyro: 5.31, -13.25, 4.57
Accel: 0.04, 0.13, -0.98
Gyro: 4.41, -11.40, 5.13
Accel: 0.04, 0.12, -0.97
Gyro: 4.60, -10.41, 5.69
Accel: 0.03, 0.11, -0.97
Gyro: 4.84, -9.99, 6.03
Accel: 0.03, 0.09, -0.99
Gyro: 5.25, -8.35, 5.68
Accel: 0.02, 0.08, -1.00
Gyro: 5.49, -6.14, 4.61
Accel: 0.02, 0.08, -0.99
Gyro: 5.34, -4.36, 3.71
Accel: 0.02, 0.09, -0.99
Gyro: 5.17, -3.70, 3.21
Accel: 0.03, 0.07, -0.97
Gyro: 5.15, -2.72, 3.28
Accel: 0.03, 0.08, -0.97
Gyro: 5.71, -2.98, 4.09
Accel: 0.02, 0.07, -0.97
Gyro: 6.03, -3.30, 4.72
Accel: 0.03, 0.07, -0.97
Gyro: 4.69, -2.76, 5.17
Accel: 0.02, 0.05, -0.97
Gyro: 3.69, -2.50, 5.50
Accel: 0.02, 0.05, -0.99
Gyro: 2.55, -2.31, 4.43
Accel: 0.01, 0.06, -0.98
Gyro: 3.35, -1.27, 4.49
Accel: 0.02, 0.05, -0.97
Gyro: 3.05, -1.56, 3.00
Accel: 0.02, 0.05, -0.98
Gyro: 1.24, -1.01, 1.59
Accel: 0.02, 0.05, -0.98
Gyro: 1.37, -0.43, 0.72
Accel: 0.02, 0.05, -0.98
Gyro: 1.27, 0.10, -0.37
Accel: 0.03, 0.05, -0.98
Gyro: 1.31, 0.32, -1.22
Accel: 0.03, 0.06, -0.98
Gyro: 2.04, 0.44, -1.17
Accel: 0.03, 0.06, -0.98
Gyro: 2.43, 0.72, -0.59
Accel: 0.04, 0.07, -0.98
Gyro: 3.39, 1.40, 0.08
Accel: 0.03, 0.09, -0.98
Gyro: 5.55, 1.63, 2.19
Accel: 0.03, 0.10, -0.99
Gyro: 8.51, 2.40, 4.02
Accel: 0.03, 0.11, -0.99
Gyro: 12.58, 4.10, 6.82
Accel: 0.02, 0.11, -0.99
Gyro: 19.01, 5.59, 10.56
Accel: 0.01, 0.13, -1.02
Gyro: 26.38, 9.45, 14.63
Accel: 0.03, 0.12, -0.99
Gyro: 39.22, 14.94, 19.23
Accel: 0.04, 0.10, -0.96
Gyro: 50.52, 14.21, 24.53
Accel: 0.04, 0.08, -1.01
Gyro: 59.75, 19.11, 29.88
Accel: 0.05, 0.00, -0.95
Gyro: 75.80, 23.94, 29.02
Accel: 0.07, -0.04, -0.88
Gyro: 91.87, 21.45, 21.18
Accel: 0.09, -0.07, -0.88
Gyro: 104.63, 17.07, 20.95
Accel: 0.07, -0.17, -0.91
Gyro: 115.48, 18.29, 19.91
Accel: 0.07, -0.29, -0.86
Gyro: 114.79, 22.38, 17.33
Accel: 0.08, -0.35, -0.84
Gyro: 99.75, 22.92, 15.97
Accel: 0.10, -0.35, -0.83
Gyro: 89.99, 22.63, 22.38
Accel: 0.12, -0.40, -0.79
Gyro: 88.15, 20.96, 28.43
Accel: 0.14, -0.43, -0.69
Gyro: 95.52, 14.70, 36.09
Accel: 0.14, -0.59, -0.70
Gyro: 94.03, 9.53, 39.34
Accel: 0.15, -0.70, -0.67
Gyro: 87.91, 7.89, 32.43
Accel: 0.17, -0.74, -0.60
Gyro: 87.63, 1.17, 20.97
Accel: 0.16, -0.81, -0.57
Gyro: 82.66, -8.53, 11.35
Accel: 0.11, -0.88, -0.58
Gyro: 73.85, -14.24, 7.23
Accel: 0.09, -0.95, -0.64
Gyro: 55.66, -14.31, 5.90
Accel: 0.04, -0.97, -0.64
Gyro: 39.26, -10.31, 6.04
Accel: 0.03, -0.98, -0.58
Gyro: 21.36, -6.52, 4.53
Accel: 0.02, -1.00, -0.59
Gyro: 8.99, -5.68, 0.51
Accel: 0.01, -0.98, -0.58
Gyro: -4.85, -3.33, -4.81
Accel: 0.02, -0.96, -0.58
Gyro: -13.82, -0.84, -9.84
Accel: 0.04, -0.97, -0.59
Gyro: -26.53, -0.92, -15.10
Accel: 0.05, -0.97, -0.60
Gyro: -42.96, 0.49, -20.87
Accel: 0.05, -0.94, -0.62
Gyro: -62.71, 3.30, -25.63
Accel: 0.06, -0.82, -0.60
Gyro: -79.12, 3.43, -26.30
Accel: 0.09, -0.75, -0.63
Gyro: -92.29, 0.45, -20.63
Accel: 0.09, -0.74, -0.64
Gyro: -108.94, -3.24, -16.91
Accel: 0.10, -0.62, -0.63
Gyro: -122.99, -8.20, -14.16
Accel: 0.08, -0.53, -0.71
Gyro: -126.21, -9.99, -10.55
Accel: 0.09, -0.45, -0.78
Gyro: -124.55, -5.64, -10.85
Accel: 0.10, -0.40, -0.81
Gyro: -121.01, -4.53, -13.87
Accel: 0.12, -0.30, -0.80
Gyro: -117.02, -6.68, -18.20
Accel: 0.14, -0.24, -0.83
Gyro: -112.74, -11.54, -19.23
Accel: 0.14, -0.11, -0.88
Gyro: -109.70, -15.50, -17.65
Accel: 0.13, -0.02, -0.91
Gyro: -101.01, -16.43, -9.69
Accel: 0.12, -0.01, -0.94
Gyro: -89.76, -16.16, -7.51
Accel: 0.10, 0.00, -0.98
Gyro: -77.84, -15.36, -8.29
Accel: 0.10, 0.01, -0.97
Gyro: -68.04, -12.77, -12.76
Accel: 0.09, 0.03, -0.98
Gyro: -55.89, -9.83, -20.82
Accel: 0.08, 0.07, -0.97
Gyro: -42.99, -8.29, -28.03
Accel: 0.07, 0.12, -0.98
Gyro: -31.48, -7.81, -30.64
Accel: 0.07, 0.14, -0.97
Gyro: -22.72, -7.67, -30.67
Accel: 0.06, 0.16, -0.98
Gyro: -17.12, -7.84, -27.72
Accel: 0.04, 0.16, -0.98
Gyro: -14.52, -6.22, -23.05
Accel: 0.04, 0.17, -0.98
Gyro: -10.05, -5.13, -16.45
Accel: 0.04, 0.15, -0.98
Gyro: -6.23, -6.38, -11.41
Accel: 0.03, 0.14, -0.97
Gyro: -3.73, -5.74, -7.10
Accel: 0.03, 0.14, -0.99
Gyro: -0.92, -4.62, -3.11
Accel: 0.03, 0.12, -0.98
Gyro: 1.72, -3.65, 0.55
Accel: 0.03, 0.09, -0.96
Gyro: 3.29, -3.93, 3.97
Accel: 0.04, 0.08, -0.96
Gyro: 3.56, -4.60, 6.03
Accel: 0.04, 0.06, -0.99
Gyro: 3.42, -4.80, 7.20
Accel: 0.03, 0.05, -0.99
Gyro: 2.64, -3.83, 7.92
Accel: 0.03, 0.04, -0.98
Gyro: 2.72, -3.43, 7.83
Accel: 0.02, 0.03, -0.98
Gyro: 2.70, -2.53, 7.13
Accel: 0.03, 0.03, -0.98
Gyro: 3.77, -2.44, 5.96
Accel: 0.03, 0.03, -0.98
Gyro: 4.30, -2.60, 5.13
Accel: 0.03, 0.04, -0.98
Gyro: 3.80, -2.24, 5.65
Accel: 0.03, 0.02, -0.97
Gyro: 3.24, -1.44, 7.32
Accel: 0.03, 0.01, -0.97
Gyro: 0.29, -1.43, 7.60
Accel: 0.03, 0.03, -0.98
Gyro: -0.46, -1.37, 7.63
Accel: 0.03, 0.01, -0.98
Gyro: -0.87, -2.88, 7.44
Accel: 0.03, 0.02, -0.97
Gyro: -1.98, -3.10, 5.98
Accel: 0.02, 0.03, -0.98
Gyro: -2.59, -3.02, 4.51
Accel: 0.03, 0.02, -0.98
Gyro: -2.43, -2.37, 3.88
