Accel: 0.03, 0.08, -0.97
Gyro: -0.82, -0.20, -0.13
Accel: 0.03, 0.07, -0.98
Gyro: -0.56, -0.02, 0.67
Accel: 0.04, 0.07, -0.97
Gyro: -1.04, -0.16, 0.66
Accel: 0.03, 0.08, -0.97
Gyro: -0.31, -0.18, 0.96
Accel: 0.03, 0.07, -0.97
Gyro: 1.02, 0.31, 2.47
Accel: 0.03, 0.07, -0.97
Gyro: 1.31, 0.58, 2.49
Accel: 0.04, 0.06, -0.96
Gyro: 0.75, 0.24, 1.86
Accel: 0.04, 0.06, -0.96
Gyro: 0.74, 0.14, 1.17
Accel: 0.04, 0.06, -0.96
Gyro: 0.59, 0.13, 0.51
Accel: 0.04, 0.06, -0.97
Gyro: -0.28, -0.05, 0.24
Accel: 0.03, 0.05, -0.96
Gyro: -0.72, -0.10, 0.10
Accel: 0.03, 0.05, -0.96
Gyro: -1.35, -0.11, -0.08
Accel: 0.03, 0.04, -0.96
Gyro: -1.50, -0.54, -0.38
Accel: 0.05, 0.05, -0.96
Gyro: -2.33, -0.60, -1.05
Accel: 0.04, 0.05, -0.96
Gyro: -2.18, -0.66, -1.55
Accel: 0.05, 0.06, -0.96
Gyro: -2.91, -0.77, -2.11
Accel: 0.04, 0.08, -0.97
Gyro: -1.13, -0.89, -1.15
Accel: 0.04, 0.07, -0.97
Gyro: 0.40, -1.83, 0.54
Accel: 0.03, 0.07, -0.98
Gyro: 0.34, -1.53, 1.05
Accel: 0.04, 0.10, -0.96
Gyro: 2.01, -1.57, 2.58
Accel: 0.04, 0.09, -0.97
Gyro: 5.87, -1.74, 5.05
Accel: 0.05, 0.11, -0.95
Gyro: 10.60, -3.88, 5.87
Accel: 0.03, 0.23, -0.95
Gyro: 24.35, -7.10, 8.00
Accel: 0.03, 0.42, -0.95
Gyro: 58.41, -11.11, 26.46
Accel: 0.02, 0.17, -0.95
Gyro: 84.57, -9.16, 41.77
Accel: 0.05, 0.01, -0.87
Gyro: 94.27, -10.87, 40.75
Accel: 0.04, -0.09, -0.82
Gyro: 99.43, -20.38, 39.92
Accel: 0.01, -0.17, -0.79
Gyro: 102.87, -33.42, 42.72
Accel: -0.03, -0.28, -0.79
Gyro: 99.55, -42.34, 42.89
Accel: -0.11, -0.37, -0.88
Gyro: 95.34, -43.70, 43.03
Accel: -0.15, -0.36, -0.91
Gyro: 87.14, -34.72, 40.73
Accel: -0.15, -0.34, -0.91
Gyro: 88.47, -25.29, 45.40
Accel: -0.15, -0.41, -0.86
Gyro: 82.90, -14.92, 45.62
Accel: -0.17, -0.50, -0.83
Gyro: 78.31, -12.03, 46.23
Accel: -0.19, -0.58, -0.86
Gyro: 63.92, -8.96, 43.95
Accel: -0.21, -0.61, -0.81
Gyro: 49.19, -5.82, 34.98
Accel: -0.22, -0.66, -0.82
Gyro: 43.67, -5.46, 28.18
Accel: -0.22, -0.70, -0.75
Gyro: 31.87, -7.84, 18.48
Accel: -0.26, -0.70, -0.79
Gyro: 19.69, -8.41, 10.02
Accel: -0.27, -0.66, -0.82
Gyro: 12.86, -1.29, 5.54
Accel: -0.24, -0.69, -0.78
Gyro: 5.68, 5.36, -1.75
Accel: -0.21, -0.63, -0.74
Gyro: -1.55, 3.55, -6.00
Accel: -0.21, -0.64, -0.73
Gyro: -3.46, 1.91, -7.64
Accel: -0.23, -0.73, -0.78
Gyro: -11.38, 2.80, -13.18
Accel: -0.26, -0.80, -0.82
Gyro: -25.88, 7.78, -24.69
Accel: -0.28, -0.83, -0.85
Gyro: -44.32, 16.70, -38.89
Accel: -0.24, -0.76, -0.78
Gyro: -65.03, 22.45, -49.01
Accel: -0.22, -0.72, -0.80
Gyro: -86.06, 25.19, -57.19
Accel: -0.18, -0.60, -0.79
Gyro: -101.68, 27.12, -62.04
Accel: -0.14, -0.49, -0.79
Gyro: -114.06, 30.82, -65.15
Accel: -0.11, -0.41, -0.85
Gyro: -120.91, 36.62, -65.49
Accel: -0.06, -0.33, -0.81
Gyro: -128.30, 42.14, -72.11
Accel: -0.01, -0.14, -0.74
Gyro: -118.24, 32.97, -68.45
Accel: 0.04, -0.04, -0.77
Gyro: -106.32, 20.54, -64.82
Accel: 0.04, -0.02, -0.81
Gyro: -93.12, 9.48, -61.58
Accel: 0.06, 0.13, -0.87
Gyro: -79.06, 3.32, -57.66
Accel: 0.08, 0.20, -0.89
Gyro: -57.73, -4.14, -45.15
Accel: 0.06, 0.15, -0.96
Gyro: -41.97, -6.39, -32.68
Accel: 0.06, 0.15, -0.98
Gyro: -34.86, -4.49, -22.63
Accel: 0.06, 0.15, -0.97
Gyro: -27.80, -4.16, -12.78
Accel: 0.07, 0.16, -0.96
Gyro: -20.81, -4.49, -4.30
Accel: 0.05, 0.12, -0.99
Gyro: -14.36, -3.53, 2.02
Accel: 0.06, 0.11, -0.98
Gyro: -13.41, -1.48, 5.20
Accel: 0.05, 0.09, -0.97
Gyro: -11.25, -1.64, 7.84
Accel: 0.05, 0.09, -0.96
Gyro: -11.57, -1.79, 8.06
Accel: 0.06, 0.09, -0.96
Gyro: -10.24, -2.27, 8.52
Accel: 0.05, 0.06, -0.95
Gyro: -11.27, -3.18, 10.60
Accel: 0.05, 0.03, -0.95
Gyro: -13.69, -5.67, 6.70
Accel: 0.04, 0.08, -0.96
Gyro: -12.15, -7.29, 0.81
Accel: 0.03, 0.10, -0.99
Gyro: -8.09, -6.54, -1.67
Accel: 0.03, 0.10, -0.98
Gyro: -5.20, -3.66, -1.56
Accel: 0.03, 0.12, -0.97
Gyro: -3.92, -1.82, -0.03
Accel: 0.04, 0.11, -0.97
Gyro: -2.49, -1.72, 2.17
Accel: 0.04, 0.09, -0.96
Gyro: -1.27, -2.55, 3.62
Accel: 0.03, 0.07, -0.96
Gyro: -1.61, -3.06, 3.47
Accel: 0.03, 0.09, -0.96
Gyro: -2.00, -3.49, 2.01
Accel: 0.03, 0.08, -0.96
Gyro: -0.60, -3.30, 1.15
Accel: 0.03, 0.08, -0.96
Gyro: 0.07, -3.34, 0.21
Accel: 0.02, 0.09, -0.97
Gyro: 1.02, -2.83, 0.58
Accel: 0.03, 0.10, -0.98
Gyro: 2.39, -1.88, 2.11
Accel: 0.02, 0.09, -0.97
Gyro: 2.93, -1.25, 3.51
Accel: 0.03, 0.06, -0.97
Gyro: 2.80, -0.99, 4.26
Accel: 0.03, 0.06, -0.97
Gyro: 2.59, -0.76, 4.14
Accel: 0.02, 0.05, -0.97
Gyro: 1.77, -0.23, 3.59
Accel: 0.02, 0.05, -0.96
Gyro: 1.11, 0.11, 2.74
Accel: 0.03, 0.06, -0.96
Gyro: 0.70, 0.02, 1.64
Accel: 0.03, 0.06, -0.97
Gyro: 0.27, -0.11, 0.92
Accel: 0.03, 0.06, -0.97
Gyro: -0.51, -0.17, 0.63
Accel: 0.03, 0.07, -0.97
Gyro: -0.23, 0.27, 0.60
Accel: 0.04, 0.06, -0.96
Gyro: -1.27, 0.01, -0.02
Accel: 0.03, 0.07, -0.98
Gyro: -0.97, 0.25, 0.08
Accel: 0.03, 0.06, -0.96
Gyro: -0.05, -0.17, 0.68
Accel: 0.03, 0.05, -0.97
Gyro: -0.27, -0.63, 0.37
Accel: 0.03, 0.06, -0.97
Gyro: -0.34, -0.25, 0.43
Accel: 0.04, 0.05, -0.97
Gyro: -0.11, 0.35, 0.63
Accel: 0.03, 0.05, -0.97
Gyro: -0.43, 0.50, 0.29
Accel: 0.03, 0.05, -0.96
Gyro: -0.53, 0.25, 0.07
Accel: 0.04, 0.04, -0.97
Gyro: -0.77, -0.19, -0.14
Accel: 0.04, 0.04, -0.98
Gyro: -1.68, 0.60, -0.89
Accel: 0.04, 0.05, -0.97
Gyro: -1.21, 0.08, -0.51
Accel: 0.04, 0.04, -0.97
Gyro: -1.58, 0.06, -1.06
