Accel: 0.10, 0.06, -0.97
Gyro: -1.18, -1.54, -0.39
Accel: 0.11, 0.08, -0.96
Gyro: -1.27, -0.54, -0.85
Accel: 0.10, 0.07, -0.96
Gyro: -0.66, -0.67, -0.42
Accel: 0.10, 0.07, -0.96
Gyro: -1.59, -0.53, -0.80
Accel: 0.11, 0.07, -0.96
Gyro: -1.95, 0.02, -1.03
Accel: 0.11, 0.08, -0.97
Gyro: -1.83, 0.04, -1.10
Accel: 0.11, 0.08, -0.95
Gyro: -1.48, -0.39, -1.42
Accel: 0.11, 0.08, -0.95
Gyro: -1.17, -0.93, -0.97
Accel: 0.11, 0.09, -0.97
Gyro: -0.72, -1.32, -0.59
Accel: 0.11, 0.09, -0.96
Gyro: 0.22, -1.55, 0.27
Accel: 0.10, 0.10, -0.96
Gyro: 1.34, -1.60, 1.14
Accel: 0.10, 0.14, -0.96
Gyro: 4.69, -1.11, 3.04
Accel: 0.10, 0.17, -0.99
Gyro: 12.29, 0.89, 6.39
Accel: 0.11, 0.15, -0.96
Gyro: 24.63, 3.07, 7.87
Accel: 0.12, 0.18, -0.94
Gyro: 35.27, 1.40, 9.48
Accel: 0.12, 0.26, -0.95
Gyro: 52.31, 0.07, 15.84
Accel: 0.12, 0.22, -0.95
Gyro: 76.19, -0.07, 23.31
Accel: 0.12, 0.21, -0.89
Gyro: 98.26, -1.61, 30.34
Accel: 0.12, 0.09, -0.84
Gyro: 117.13, -3.56, 37.74
Accel: 0.11, -0.02, -0.82
Gyro: 124.79, -6.91, 43.40
Accel: 0.10, -0.15, -0.80
Gyro: 125.10, -8.87, 49.66
Accel: 0.08, -0.28, -0.75
Gyro: 119.95, -12.67, 55.37
Accel: 0.07, -0.42, -0.72
Gyro: 111.27, -20.23, 62.01
Accel: 0.02, -0.57, -0.76
Gyro: 98.65, -24.99, 56.01
Accel: -0.02, -0.54, -0.78
Gyro: 93.34, -24.68, 50.24
Accel: -0.05, -0.52, -0.74
Gyro: 97.34, -19.83, 52.39
Accel: -0.07, -0.61, -0.66
Gyro: 98.18, -19.96, 56.37
Accel: -0.12, -0.69, -0.68
Gyro: 94.12, -19.59, 57.18
Accel: -0.14, -0.83, -0.66
Gyro: 85.16, -15.18, 49.90
Accel: -0.16, -0.89, -0.58
Gyro: 77.72, -16.16, 41.37
Accel: -0.19, -1.03, -0.63
Gyro: 59.88, -16.12, 25.20
Accel: -0.22, -1.03, -0.60
Gyro: 41.53, -16.36, 12.28
Accel: -0.25, -1.04, -0.65
Gyro: 14.60, -14.69, 1.37
Accel: -0.27, -0.97, -0.66
Gyro: -1.72, -3.66, -7.04
Accel: -0.25, -0.94, -0.59
Gyro: -11.41, 1.27, -14.49
Accel: -0.25, -1.02, -0.58
Gyro: -24.69, 1.01, -22.38
Accel: -0.24, -1.06, -0.62
Gyro: -45.74, 4.81, -34.30
Accel: -0.22, -0.99, -0.62
Gyro: -67.46, 9.35, -43.72
Accel: -0.18, -0.90, -0.61
Gyro: -89.11, 13.46, -50.89
Accel: -0.15, -0.81, -0.59
Gyro: -106.67, 11.15, -53.67
Accel: -0.12, -0.70, -0.66
Gyro: -122.44, 10.26, -53.28
Accel: -0.11, -0.60, -0.69
Gyro: -132.13, 12.71, -48.81
Accel: -0.07, -0.52, -0.72
Gyro: -142.40, 13.90, -47.42
Accel: -0.04, -0.42, -0.76
Gyro: -147.69, 15.81, -47.49
Accel: -0.01, -0.33, -0.77
Gyro: -141.96, 16.37, -46.11
Accel: 0.03, -0.37, -0.76
Gyro: -140.02, 13.61, -56.13
Accel: 0.05, -0.23, -0.75
Gyro: -147.29, 7.29, -68.31
Accel: 0.04, -0.08, -0.75
Gyro: -140.14, -2.45, -66.78
Accel: 0.04, 0.09, -0.83
Gyro: -123.45, -7.24, -72.57
Accel: 0.04, 0.26, -0.94
Gyro: -94.80, -4.78, -70.24
Accel: 0.07, 0.28, -0.94
Gyro: -77.03, -2.03, -58.21
Accel: 0.09, 0.33, -0.88
Gyro: -64.99, -5.53, -45.50
Accel: 0.09, 0.38, -0.89
Gyro: -49.74, -11.95, -29.07
Accel: 0.07, 0.33, -0.96
Gyro: -41.48, -11.84, -16.55
Accel: 0.06, 0.30, -0.98
Gyro: -38.54, -7.17, -10.80
Accel: 0.06, 0.33, -0.96
Gyro: -30.38, -5.38, -7.15
Accel: 0.05, 0.30, -0.95
Gyro: -18.91, -6.42, -4.60
Accel: 0.05, 0.28, -0.95
Gyro: -9.76, -7.46, -4.38
Accel: 0.04, 0.28, -0.94
Gyro: -5.49, -6.80, -3.94
Accel: 0.03, 0.28, -0.96
Gyro: -1.29, -6.77, -0.60
Accel: 0.03, 0.29, -0.95
Gyro: 2.39, -6.45, 5.14
Accel: 0.03, 0.26, -0.94
Gyro: 4.90, -7.26, 12.75
Accel: 0.02, 0.22, -0.92
Gyro: 7.74, -10.48, 16.78
Accel: 0.01, 0.16, -0.92
Gyro: 10.77, -15.02, 13.67
Accel: -0.01, 0.17, -0.98
Gyro: 11.90, -15.11, 10.65
Accel: -0.03, 0.16, -0.96
Gyro: 11.44, -13.46, 10.32
Accel: -0.02, 0.13, -0.97
Gyro: 11.11, -13.65, 9.46
Accel: -0.04, 0.11, -0.98
Gyro: 9.23, -12.08, 7.02
Accel: -0.05, 0.12, -0.99
Gyro: 8.14, -8.54, 4.88
Accel: -0.05, 0.12, -0.98
Gyro: 8.59, -5.50, 4.47
Accel: -0.04, 0.11, -0.97
Gyro: 7.39, -3.62, 4.75
Accel: -0.04, 0.11, -0.97
Gyro: 5.46, -3.04, 5.99
Accel: -0.04, 0.11, -0.97
Gyro: 2.92, -1.75, 6.56
Accel: -0.04, 0.10, -0.98
Gyro: 2.18, -0.80, 6.45
Accel: -0.03, 0.09, -0.96
Gyro: 1.66, 0.11, 5.13
Accel: -0.03, 0.10, -0.96
Gyro: 1.06, 0.62, 3.43
Accel: -0.02, 0.11, -0.96
Gyro: 1.43, 0.22, 2.22
Accel: -0.02, 0.11, -0.97
Gyro: 1.14, 0.55, 1.82
Accel: -0.02, 0.11, -0.97
Gyro: 0.82, 0.50, 1.75
Accel: -0.02, 0.12, -0.96
Gyro: 0.63, 0.14, 2.08
Accel: -0.02, 0.11, -0.98
Gyro: 0.29, 0.82, 2.01
Accel: -0.01, 0.11, -0.98
Gyro: -0.11, 1.20, 1.62
Accel: -0.02, 0.10, -0.96
Gyro: -0.44, 0.95, 0.92
Accel: -0.01, 0.10, -0.97
Gyro: -0.46, 1.25, -0.06
Accel: -0.02, 0.11, -0.97
Gyro: -0.16, 1.27, -0.72
Accel: -0.01, 0.12, -0.97
Gyro: 0.13, 1.61, -0.27
Accel: -0.01, 0.12, -0.96
Gyro: 0.63, 2.01, 0.40
Accel: -0.01, 0.11, -0.97
Gyro: 0.22, 1.47, 0.77
Accel: -0.01, 0.12, -0.96
Gyro: 0.60, 1.39, 1.07
Accel: -0.01, 0.10, -0.96
Gyro: 1.72, 0.65, 1.73
Accel: -0.01, 0.09, -0.96
Gyro: 0.99, 0.18, 1.00
Accel: -0.01, 0.10, -0.97
Gyro: 1.23, 0.36, 1.43
Accel: -0.01, 0.09, -0.96
Gyro: 2.09, 0.54, 2.04
Accel: -0.00, 0.08, -0.97
Gyro: 0.66, 0.83, 1.47
Accel: -0.00, 0.07, -0.97
Gyro: 0.17, 0.56, 0.70
Accel: -0.00, 0.07, -0.97
Gyro: 0.41, 0.08, 0.08
Accel: 0.00, 0.07, -0.97
Gyro: -1.11, 0.67, -1.14
Accel: 0.00, 0.09, -0.97
Gyro: -0.82, 1.45, -0.92
Accel: 0.00, 0.09, -0.97
Gyro: -1.18, 2.37, -0.78
Accel: 0.00, 0.09, -0.96
Gyro: -1.24, 2.17, -0.54
Accel: 0.01, 0.09, -0.96
Gyro: -0.92, 1.53, -0.27
