Accel: 0.01, 0.01, -0.98
Gyro: 1.68, -0.79, 2.36
Accel: 0.01, 0.01, -0.98
Gyro: 0.88, -0.43, 1.90
Accel: 0.02, 0.01, -0.99
Gyro: 1.27, 0.19, 1.82
Accel: 0.02, 0.02, -0.98
Gyro: 1.97, 0.10, 2.05
Accel: 0.02, 0.02, -0.98
Gyro: 2.39, 0.63, 2.76
Accel: 0.01, 0.01, -0.99
Gyro: 2.64, 0.73, 3.22
Accel: 0.02, 0.00, -0.98
Gyro: 2.33, 1.17, 3.57
Accel: 0.02, -0.00, -0.98
Gyro: 1.75, 0.94, 2.88
Accel: 0.03, -0.00, -0.97
Gyro: 1.28, 0.85, 1.76
Accel: 0.02, 0.00, -0.98
Gyro: 1.12, 0.35, 1.17
Accel: 0.02, 0.00, -0.98
Gyro: 0.88, 0.26, 1.21
Accel: 0.02, -0.00, -0.98
Gyro: 0.39, 0.31, 1.39
Accel: 0.02, -0.01, -0.97
Gyro: 0.41, 0.65, 1.43
Accel: 0.02, -0.02, -0.97
Gyro: -0.64, 0.54, 0.44
Accel: 0.01, 0.01, -0.99
Gyro: -0.40, 1.13, -0.63
Accel: 0.02, -0.00, -0.98
Gyro: 2.24, 1.27, 0.36
Accel: 0.02, -0.01, -0.98
Gyro: 1.35, 1.18, 0.70
Accel: 0.01, 0.01, -0.97
Gyro: 1.44, 1.59, 2.02
Accel: 0.02, 0.01, -0.99
Gyro: 2.80, 2.43, 3.40
Accel: 0.01, 0.04, -0.99
Gyro: 5.13, 4.33, 4.71
Accel: 0.02, 0.15, -1.03
Gyro: 17.40, 6.97, 9.29
Accel: 0.00, 0.15, -1.01
Gyro: 50.26, 12.19, 18.23
Accel: 0.01, 0.04, -1.00
Gyro: 59.16, 15.55, 19.87
Accel: -0.01, 0.07, -1.07
Gyro: 64.35, 25.61, 22.20
Accel: 0.01, 0.08, -0.99
Gyro: 81.20, 40.19, 28.56
Accel: 0.05, 0.01, -0.88
Gyro: 95.52, 37.77, 37.45
Accel: 0.07, -0.00, -0.87
Gyro: 100.14, 36.61, 45.54
Accel: 0.08, -0.03, -0.80
Gyro: 108.82, 32.65, 65.06
Accel: 0.07, -0.26, -0.77
Gyro: 104.92, 27.78, 80.72
Accel: 0.06, -0.36, -0.75
Gyro: 97.74, 22.48, 80.94
Accel: 0.06, -0.45, -0.80
Gyro: 91.33, 19.74, 80.54
Accel: 0.06, -0.51, -0.80
Gyro: 86.82, 22.06, 74.54
Accel: 0.08, -0.54, -0.70
Gyro: 84.38, 21.48, 70.11
Accel: 0.07, -0.58, -0.63
Gyro: 77.26, 16.06, 69.43
Accel: 0.08, -0.69, -0.57
Gyro: 75.32, 2.63, 65.28
Accel: 0.02, -0.81, -0.63
Gyro: 67.09, -11.02, 58.63
Accel: -0.02, -0.91, -0.65
Gyro: 57.22, -8.32, 42.18
Accel: -0.04, -0.92, -0.57
Gyro: 50.54, -15.94, 31.24
Accel: -0.07, -0.94, -0.60
Gyro: 38.14, -16.38, 21.26
Accel: -0.10, -0.94, -0.59
Gyro: 31.66, -17.55, 17.77
Accel: -0.15, -0.97, -0.61
Gyro: 16.52, -13.08, 15.57
Accel: -0.17, -1.03, -0.64
Gyro: 5.91, -6.25, 9.88
Accel: -0.17, -1.03, -0.62
Gyro: -10.77, 0.01, 2.39
Accel: -0.17, -1.10, -0.64
Gyro: -25.79, 6.66, -9.27
Accel: -0.17, -1.03, -0.65
Gyro: -43.78, 15.24, -26.40
Accel: -0.14, -0.91, -0.63
Gyro: -54.94, 20.00, -34.47
Accel: -0.10, -0.82, -0.64
Gyro: -68.30, 20.79, -36.30
Accel: -0.08, -0.81, -0.66
Gyro: -79.16, 20.45, -35.88
Accel: -0.07, -0.78, -0.70
Gyro: -87.87, 22.36, -42.55
Accel: -0.02, -0.73, -0.68
Gyro: -94.46, 26.60, -53.41
Accel: 0.03, -0.64, -0.64
Gyro: -97.80, 19.78, -61.42
Accel: 0.04, -0.57, -0.71
Gyro: -98.40, 14.35, -66.73
Accel: 0.07, -0.46, -0.74
Gyro: -100.22, 12.86, -70.45
Accel: 0.11, -0.39, -0.74
Gyro: -99.94, 8.61, -70.05
Accel: 0.14, -0.28, -0.75
Gyro: -102.70, 3.17, -67.02
Accel: 0.17, -0.22, -0.80
Gyro: -101.16, -1.47, -58.88
Accel: 0.18, -0.14, -0.86
Gyro: -103.36, -1.56, -52.26
Accel: 0.21, -0.09, -0.86
Gyro: -98.25, -1.30, -46.80
Accel: 0.20, -0.02, -0.83
Gyro: -92.01, -5.98, -46.49
Accel: 0.19, -0.02, -0.91
Gyro: -76.87, -9.49, -47.74
Accel: 0.16, 0.05, -0.98
Gyro: -57.86, -7.19, -61.11
Accel: 0.18, 0.06, -0.97
Gyro: -45.42, -2.39, -66.76
Accel: 0.21, 0.17, -0.91
Gyro: -39.18, -4.01, -65.10
Accel: 0.21, 0.22, -0.90
Gyro: -27.63, -10.68, -53.31
Accel: 0.20, 0.21, -0.92
Gyro: -22.72, -14.65, -43.42
Accel: 0.19, 0.17, -0.90
Gyro: -21.31, -21.69, -38.20
Accel: 0.16, 0.22, -0.94
Gyro: -16.55, -25.76, -32.49
Accel: 0.12, 0.20, -0.99
Gyro: -12.20, -21.67, -24.39
Accel: 0.11, 0.19, -0.99
Gyro: -10.79, -16.13, -18.20
Accel: 0.11, 0.18, -0.95
Gyro: -9.40, -14.53, -12.15
Accel: 0.11, 0.17, -0.96
Gyro: -7.54, -15.93, -7.24
Accel: 0.09, 0.14, -0.97
Gyro: -5.93, -17.02, -4.87
Accel: 0.07, 0.14, -0.98
Gyro: -4.48, -16.32, -3.49
Accel: 0.07, 0.12, -0.98
Gyro: -2.45, -14.94, -2.18
Accel: 0.06, 0.11, -0.98
Gyro: -2.04, -13.65, -1.97
Accel: 0.05, 0.11, -1.00
Gyro: -1.91, -11.33, -1.93
Accel: 0.05, 0.12, -0.99
Gyro: 0.06, -9.51, -0.11
Accel: 0.05, 0.12, -0.99
Gyro: 1.71, -7.19, 2.47
Accel: 0.05, 0.10, -0.99
Gyro: 1.74, -5.58, 3.62
Accel: 0.05, 0.09, -0.97
Gyro: 1.16, -4.77, 3.64
Accel: 0.06, 0.09, -0.96
Gyro: 1.61, -5.06, 2.81
Accel: 0.06, 0.08, -0.95
Gyro: 1.66, -6.74, 1.20
Accel: 0.05, 0.08, -0.96
Gyro: 1.39, -7.26, -0.28
Accel: 0.04, 0.09, -0.97
Gyro: 1.34, -8.01, -2.04
Accel: 0.04, 0.09, -0.98
Gyro: 1.85, -8.04, -2.43
Accel: 0.03, 0.09, -0.98
Gyro: 1.75, -7.11, -2.08
Accel: 0.02, 0.07, -0.98
Gyro: 0.55, -6.15, -2.17
Accel: 0.01, 0.08, -1.00
Gyro: -1.31, -4.74, -2.40
Accel: 0.01, 0.07, -0.99
Gyro: -3.23, -1.73, -2.95
Accel: 0.01, 0.08, -0.98
Gyro: -3.99, -0.50, -3.56
Accel: 0.02, 0.10, -0.98
Gyro: -3.28, 0.48, -2.78
Accel: 0.03, 0.10, -0.98
Gyro: -1.68, 0.56, -1.26
Accel: 0.03, 0.09, -0.97
Gyro: -1.59, 1.06, -0.61
Accel: 0.03, 0.09, -0.98
Gyro: -1.35, 0.88, -0.45
Accel: 0.04, 0.10, -0.97
Gyro: -0.94, -0.28, -0.39
Accel: 0.03, 0.09, -0.96
Gyro: -0.95, -0.72, -0.08
Accel: 0.04, 0.11, -0.98
Gyro: 0.40, -0.83, 0.56
Accel: 0.03, 0.09, -0.97
Gyro: 1.43, -1.53, 1.89
Accel: 0.04, 0.09, -0.97
Gyro: 0.97, -1.78, 1.98
Accel: 0.04, 0.08, -0.97
Gyro: 1.13, -2.11, 2.02
Accel: 0.03, 0.08, -0.98
Gyro: 1.34, -2.01, 1.14
