Accel: 0.08, 0.09, -0.96
Gyro: -0.02, -0.76, -0.20
Accel: 0.08, 0.10, -0.96
Gyro: -0.72, -0.46, -0.92
Accel: 0.08, 0.10, -0.96
Gyro: -1.37, -0.60, -1.27
Accel: 0.09, 0.10, -0.95
Gyro: -1.75, -0.89, -1.41
Accel: 0.09, 0.10, -0.97
Gyro: -2.42, -0.64, -1.85
Accel: 0.08, 0.10, -0.96
Gyro: -2.17, -0.14, -2.01
Accel: 0.09, 0.11, -0.96
Gyro: -3.26, -0.33, -2.55
Accel: 0.09, 0.13, -0.97
Gyro: -1.56, -0.60, -1.63
Accel: 0.08, 0.10, -0.96
Gyro: -1.09, -0.89, -0.96
Accel: 0.08, 0.11, -0.97
Gyro: -1.90, -0.11, -1.51
Accel: 0.08, 0.12, -0.96
Gyro: -1.38, 0.80, -1.05
Accel: 0.08, 0.11, -0.95
Gyro: -0.67, 0.94, -0.78
Accel: 0.10, 0.11, -0.95
Gyro: -0.50, 0.28, -0.82
Accel: 0.09, 0.12, -0.96
Gyro: 0.05, -0.43, -0.11
Accel: 0.09, 0.11, -0.96
Gyro: 0.18, -0.51, 0.52
Accel: 0.08, 0.12, -0.96
Gyro: 1.30, 0.05, 1.57
Accel: 0.09, 0.11, -0.96
Gyro: 2.09, 0.31, 2.29
Accel: 0.09, 0.10, -0.97
Gyro: 1.38, 0.43, 1.63
Accel: 0.09, 0.11, -0.96
Gyro: 1.40, 0.69, 1.95
Accel: 0.10, 0.09, -0.96
Gyro: 1.67, 0.92, 2.33
Accel: 0.09, 0.08, -0.96
Gyro: 1.15, 0.80, 2.02
Accel: 0.10, 0.08, -0.96
Gyro: 0.56, 0.18, 1.53
Accel: 0.10, 0.08, -0.95
Gyro: 0.49, -0.34, 1.19
Accel: 0.10, 0.08, -0.96
Gyro: 0.27, -0.42, 0.98
Accel: 0.09, 0.09, -0.95
Gyro: 0.42, -0.42, 1.43
Accel: 0.09, 0.14, -0.96
Gyro: 2.10, -1.17, 3.14
Accel: 0.10, 0.20, -0.97
Gyro: 8.68, -1.76, 10.24
Accel: 0.10, 0.30, -0.95
Gyro: 19.94, -1.77, 18.84
Accel: 0.10, 0.33, -0.95
Gyro: 42.67, -2.33, 31.88
Accel: 0.10, 0.31, -0.92
Gyro: 64.89, -6.18, 44.96
Accel: 0.10, 0.23, -0.90
Gyro: 81.80, -7.33, 56.53
Accel: 0.08, 0.17, -0.87
Gyro: 95.27, -9.67, 68.67
Accel: 0.04, 0.18, -0.87
Gyro: 106.56, -10.70, 85.09
Accel: -0.01, 0.05, -0.88
Gyro: 110.72, -4.04, 107.79
Accel: -0.01, -0.22, -0.76
Gyro: 110.64, -4.26, 113.65
Accel: -0.02, -0.36, -0.67
Gyro: 115.11, -15.56, 100.17
Accel: -0.08, -0.50, -0.75
Gyro: 117.21, -27.30, 84.58
Accel: -0.11, -0.62, -0.83
Gyro: 113.75, -27.60, 65.34
Accel: -0.12, -0.72, -0.85
Gyro: 104.96, -18.00, 43.75
Accel: -0.08, -0.71, -0.72
Gyro: 95.55, -15.32, 27.95
Accel: -0.10, -0.80, -0.72
Gyro: 83.89, -15.98, 15.98
Accel: -0.10, -0.81, -0.67
Gyro: 69.21, -18.97, 6.00
Accel: -0.13, -0.83, -0.65
Gyro: 53.97, -24.00, 2.33
Accel: -0.20, -0.87, -0.73
Gyro: 35.83, -22.45, -0.16
Accel: -0.22, -0.84, -0.71
Gyro: 20.50, -15.56, -3.43
Accel: -0.21, -0.85, -0.70
Gyro: 5.87, -10.98, -6.00
Accel: -0.23, -0.86, -0.71
Gyro: -7.61, -6.60, -11.43
Accel: -0.22, -0.89, -0.71
Gyro: -19.62, -2.44, -17.79
Accel: -0.23, -0.97, -0.73
Gyro: -38.08, 2.62, -30.01
Accel: -0.20, -0.93, -0.73
Gyro: -56.78, 8.62, -42.95
Accel: -0.19, -0.88, -0.74
Gyro: -75.85, 14.83, -54.63
Accel: -0.16, -0.83, -0.72
Gyro: -95.99, 18.94, -64.40
Accel: -0.12, -0.70, -0.68
Gyro: -114.13, 19.39, -70.34
Accel: -0.08, -0.60, -0.70
Gyro: -126.56, 17.99, -71.46
Accel: -0.04, -0.50, -0.72
Gyro: -136.31, 16.08, -74.12
Accel: 0.00, -0.31, -0.75
Gyro: -140.67, 15.05, -72.43
Accel: 0.04, -0.14, -0.74
Gyro: -131.65, 12.25, -63.55
Accel: 0.06, -0.17, -0.77
Gyro: -127.24, 7.49, -59.14
Accel: 0.09, -0.03, -0.81
Gyro: -125.26, 3.46, -59.65
Accel: 0.11, 0.03, -0.81
Gyro: -113.66, -3.60, -58.17
Accel: 0.09, 0.06, -0.85
Gyro: -96.43, -12.07, -61.55
Accel: 0.07, 0.16, -0.94
Gyro: -86.81, -12.02, -67.12
Accel: 0.06, 0.32, -0.97
Gyro: -63.14, -9.41, -59.24
Accel: 0.06, 0.29, -0.97
Gyro: -43.62, -6.36, -47.74
Accel: 0.07, 0.28, -0.95
Gyro: -35.70, -5.20, -39.27
Accel: 0.07, 0.32, -0.95
Gyro: -30.19, -5.14, -28.88
Accel: 0.08, 0.31, -0.96
Gyro: -22.88, -4.13, -17.85
Accel: 0.07, 0.28, -0.96
Gyro: -18.46, -2.65, -11.08
Accel: 0.07, 0.30, -0.94
Gyro: -14.01, -3.03, -6.25
Accel: 0.07, 0.28, -0.95
Gyro: -7.13, -4.26, -1.52
Accel: 0.06, 0.24, -0.96
Gyro: -2.82, -3.61, 2.17
Accel: 0.06, 0.22, -0.95
Gyro: 0.21, -3.83, 3.80
Accel: 0.05, 0.20, -0.94
Gyro: 1.94, -5.45, 5.10
Accel: 0.04, 0.17, -0.96
Gyro: 2.05, -5.98, 5.10
Accel: 0.03, 0.17, -0.97
Gyro: 2.15, -5.02, 5.46
Accel: 0.03, 0.15, -0.97
Gyro: 1.94, -4.61, 4.97
Accel: 0.03, 0.16, -0.96
Gyro: 1.73, -3.29, 5.29
Accel: 0.03, 0.12, -0.96
Gyro: -0.05, -4.14, 5.20
Accel: 0.03, 0.14, -0.95
Gyro: -3.68, -4.24, 6.77
Accel: 0.04, 0.14, -0.95
Gyro: -4.97, -3.69, 8.55
Accel: 0.04, 0.13, -0.95
Gyro: -3.09, -3.78, 7.76
Accel: 0.04, 0.13, -0.96
Gyro: -2.11, -3.37, 4.65
Accel: 0.03, 0.14, -0.97
Gyro: -0.56, -3.62, 2.12
Accel: 0.03, 0.15, -0.97
Gyro: 0.60, -3.05, 1.07
Accel: 0.03, 0.15, -0.97
Gyro: 1.91, -1.66, 0.49
Accel: 0.04, 0.14, -0.96
Gyro: 1.95, -1.14, 1.69
Accel: 0.03, 0.14, -0.97
Gyro: 0.60, -0.58, 1.66
Accel: 0.03, 0.14, -0.96
Gyro: 0.86, -0.26, 1.89
Accel: 0.03, 0.15, -0.96
Gyro: 1.71, 0.39, 1.42
Accel: 0.03, 0.15, -0.95
Gyro: 1.77, 0.51, 1.14
Accel: 0.04, 0.14, -0.97
Gyro: 1.65, 0.56, 1.18
Accel: 0.05, 0.15, -0.96
Gyro: 1.27, 0.53, 1.46
Accel: 0.04, 0.14, -0.95
Gyro: 0.98, 0.54, 1.53
Accel: 0.04, 0.13, -0.96
Gyro: 0.52, 0.38, 1.24
Accel: 0.04, 0.13, -0.96
Gyro: 0.11, 0.08, 0.95
Accel: 0.04, 0.13, -0.96
Gyro: -0.11, 0.01, 0.44
Accel: 0.04, 0.13, -0.96
Gyro: 0.00, -0.10, 0.24
Accel: 0.04, 0.13, -0.97
Gyro: 0.55, 0.32, 0.34
Accel: 0.03, 0.12, -0.97
Gyro: -0.38, 0.77, -0.11
Accel: 0.04, 0.13, -0.97
Gyro: -1.29, 0.95, -1.23
Accel: 0.04, 0.12, -0.96
Gyro: -0.05, 0.63, -0.87
