Accel: 0.00, 0.05, -0.98
Gyro: -2.93, -2.71, -3.49
Accel: -0.00, 0.05, -0.97
Gyro: -1.72, -3.40, -2.62
Accel: -0.01, 0.03, -0.97
Gyro: 0.00, -5.64, -4.72
Accel: -0.01, 0.07, -0.98
Gyro: 1.91, -4.83, -3.91
Accel: -0.00, 0.04, -1.00
Gyro: 2.70, -2.00, -1.59
Accel: 0.03, 0.04, -0.99
Gyro: -3.53, 2.46, -4.86
Accel: 0.05, 0.11, -0.89
Gyro: -2.55, -4.95, -4.52
Accel: 0.03, 0.13, -0.88
Gyro: 0.43, -18.72, 1.01
Accel: -0.01, 0.12, -0.95
Gyro: 3.17, -25.41, 5.74
Accel: -0.04, 0.12, -1.02
Gyro: 4.97, -22.35, 11.72
Accel: -0.04, 0.10, -1.00
Gyro: 6.59, -16.56, 18.86
Accel: -0.04, 0.09, -0.96
Gyro: 8.89, -18.03, 26.78
Accel: -0.05, 0.10, -0.95
Gyro: 9.52, -20.84, 36.32
Accel: -0.05, 0.08, -0.96
Gyro: 4.21, -21.54, 49.57
Accel: -0.07, 0.02, -1.00
Gyro: -2.27, -20.06, 53.96
Accel: -0.08, 0.02, -1.01
Gyro: -1.23, -17.09, 56.94
Accel: -0.10, -0.01, -1.01
Gyro: 1.01, -12.37, 58.39
Accel: -0.12, -0.06, -0.97
Gyro: 4.71, -11.80, 56.30
Accel: -0.15, -0.13, -0.99
Gyro: 5.33, -10.83, 48.06
Accel: -0.16, -0.13, -0.99
Gyro: -2.75, -8.71, 35.71
Accel: -0.16, -0.14, -1.01
Gyro: -4.88, -2.20, 17.28
Accel: -0.08, -0.06, -0.89
Gyro: -0.38, -5.41, -0.37
Accel: -0.11, 0.00, -0.92
Gyro: 3.33, -14.17, -5.26
Accel: -0.18, 0.01, -0.94
Gyro: -0.66, -14.06, -6.21
Accel: -0.18, 0.12, -1.00
Gyro: -4.88, -13.82, -0.92
Accel: -0.17, 0.02, -1.02
Gyro: -1.63, -1.11, 0.21
Accel: -0.11, 0.11, -0.88
Gyro: -5.74, -4.55, -1.04
Accel: -0.15, 0.11, -0.95
Gyro: -5.74, -12.68, 8.44
Accel: -0.16, 0.07, -1.01
Gyro: -2.84, -12.92, 9.60
Accel: -0.19, -0.02, -1.00
Gyro: -1.67, -7.90, 1.15
Accel: -0.18, 0.01, -0.96
Gyro: 3.57, -9.18, -6.65
Accel: -0.20, -0.01, -1.01
Gyro: 7.72, -5.61, -13.28
Accel: -0.15, 0.17, -0.96
Gyro: 6.94, -3.48, -7.90
Accel: -0.16, -0.01, -0.99
Gyro: 18.22, 1.35, -2.82
Accel: -0.14, 0.11, -0.98
Gyro: 20.19, -0.15, 1.37
Accel: -0.14, 0.00, -0.96
Gyro: 25.06, 1.99, 5.58
Accel: -0.15, -0.04, -0.94
Gyro: 30.14, -2.37, -2.29
Accel: -0.19, -0.00, -0.99
Gyro: 32.70, -1.60, -3.67
Accel: -0.19, -0.06, -0.96
Gyro: 34.55, 2.82, -1.46
Accel: -0.19, -0.05, -0.95
Gyro: 33.19, 0.85, 0.67
Accel: -0.21, -0.08, -0.97
Gyro: 28.21, 6.14, 2.82
Accel: -0.21, -0.06, -0.99
Gyro: 37.44, 8.06, -0.53
Accel: -0.25, -0.04, -1.08
Gyro: 65.48, 20.10, -8.51
Accel: -0.20, -0.14, -0.92
Gyro: 97.31, 25.01, -15.96
Accel: -0.20, -0.28, -1.02
Gyro: 114.43, 33.43, -39.70
Accel: -0.15, -0.18, -0.90
Gyro: 126.69, 42.50, -56.64
Accel: -0.08, -0.27, -0.91
Gyro: 141.40, 45.10, -55.47
Accel: -0.02, -0.43, -0.89
Gyro: 137.79, 54.42, -57.95
Accel: 0.05, -0.53, -0.83
Gyro: 124.88, 64.36, -68.99
Accel: 0.17, -0.52, -0.66
Gyro: 124.52, 62.43, -78.64
Accel: 0.26, -0.50, -0.53
Gyro: 119.27, 46.33, -74.63
Accel: 0.32, -0.54, -0.50
Gyro: 111.89, 27.11, -59.20
Accel: 0.33, -0.61, -0.43
Gyro: 100.69, 4.73, -36.80
Accel: 0.29, -0.79, -0.48
Gyro: 87.32, -10.06, -13.46
Accel: 0.27, -0.88, -0.52
Gyro: 52.29, -15.34, -3.16
Accel: 0.21, -0.80, -0.54
Gyro: 36.61, -20.92, 8.90
Accel: 0.16, -0.85, -0.56
Gyro: 33.36, -22.08, 16.98
Accel: 0.13, -0.91, -0.58
Gyro: 26.08, -19.68, 8.80
Accel: 0.09, -0.80, -0.57
Gyro: 23.41, -19.17, 8.67
Accel: 0.05, -0.91, -0.66
Gyro: 15.64, -11.57, 17.59
Accel: 0.07, -0.94, -0.61
Gyro: 8.64, 4.68, 5.18
Accel: 0.10, -0.83, -0.48
Gyro: 4.96, 0.60, 11.63
Accel: 0.09, -0.90, -0.55
Gyro: -7.43, 2.26, 14.54
Accel: 0.12, -0.97, -0.48
Gyro: -8.31, 2.75, 4.20
Accel: 0.10, -1.03, -0.47
Gyro: -22.08, -6.18, 2.59
Accel: 0.06, -1.11, -0.53
Gyro: -50.78, -6.12, -4.92
Accel: 0.02, -0.97, -0.60
Gyro: -75.25, 3.01, -8.83
Accel: 0.04, -0.89, -0.58
Gyro: -96.30, 10.49, 0.38
Accel: 0.07, -0.90, -0.57
Gyro: -114.09, 6.79, 5.77
Accel: 0.10, -0.74, -0.57
Gyro: -128.65, -2.00, 5.13
Accel: 0.08, -0.66, -0.67
Gyro: -125.98, -2.50, 6.87
Accel: 0.10, -0.58, -0.70
Gyro: -122.16, -3.00, 4.53
Accel: 0.10, -0.54, -0.71
Gyro: -121.46, -6.63, 1.39
Accel: 0.10, -0.44, -0.76
Gyro: -122.63, -8.57, -3.60
Accel: 0.12, -0.34, -0.79
Gyro: -118.64, -11.02, -3.70
Accel: 0.13, -0.28, -0.87
Gyro: -113.63, -10.89, -2.69
Accel: 0.13, -0.17, -0.88
Gyro: -104.54, -8.74, 0.91
Accel: 0.11, -0.16, -0.88
Gyro: -91.93, -9.08, 5.10
Accel: 0.11, -0.13, -0.90
Gyro: -83.36, -9.39, 7.26
Accel: 0.11, -0.11, -0.91
Gyro: -74.16, -9.53, 8.06
Accel: 0.11, -0.11, -0.92
Gyro: -70.64, -9.35, 4.43
Accel: 0.10, -0.05, -0.96
Gyro: -63.38, -9.89, -1.82
Accel: 0.09, -0.01, -0.96
Gyro: -54.44, -9.72, -8.01
Accel: 0.09, 0.02, -0.98
Gyro: -43.57, -10.38, -11.74
Accel: 0.07, 0.04, -0.98
Gyro: -34.55, -10.01, -15.09
Accel: 0.06, 0.06, -0.96
Gyro: -26.19, -10.54, -18.20
Accel: 0.05, 0.06, -0.97
Gyro: -20.55, -11.18, -20.13
Accel: 0.04, 0.08, -0.98
Gyro: -18.58, -10.51, -20.23
Accel: 0.03, 0.10, -0.97
Gyro: -17.19, -9.99, -18.67
Accel: 0.02, 0.13, -0.99
Gyro: -12.99, -8.47, -14.56
Accel: 0.02, 0.09, -0.96
Gyro: -7.42, -8.38, -11.22
Accel: 0.00, 0.09, -0.98
Gyro: -7.78, -7.87, -10.17
Accel: 0.00, 0.09, -0.98
Gyro: -5.34, -8.11, -9.02
Accel: -0.01, 0.08, -0.97
Gyro: -2.04, -7.63, -7.33
Accel: -0.00, 0.07, -0.97
Gyro: -0.92, -6.77, -6.13
Accel: -0.01, 0.06, -0.97
Gyro: -1.15, -7.76, -5.10
Accel: -0.01, 0.04, -0.98
Gyro: -1.96, -8.54, -4.70
Accel: -0.02, 0.06, -0.99
Gyro: -2.83, -8.10, -4.27
Accel: -0.02, 0.06, -0.98
Gyro: -0.44, -7.77, -2.36
Accel: -0.03, 0.04, -0.99
Gyro: 0.30, -8.03, -1.39
Accel: -0.03, 0.04, -0.98
Gyro: -0.23, -7.19, -1.01
