Accel: 0.04, 0.08, -0.97
Gyro: -0.98, -2.00, 0.79
Accel: 0.04, 0.07, -0.97
Gyro: -2.17, -1.81, -0.72
Accel: 0.05, 0.07, -0.98
Gyro: -3.55, -1.70, -1.62
Accel: 0.04, 0.09, -0.97
Gyro: -2.64, -1.60, -1.53
Accel: 0.05, 0.07, -0.98
Gyro: -2.82, -1.75, -1.69
Accel: 0.04, 0.08, -0.97
Gyro: -3.60, -1.19, -2.10
Accel: 0.05, 0.09, -0.98
Gyro: -3.11, -1.47, -2.35
Accel: 0.04, 0.09, -0.97
Gyro: -2.17, -1.72, -2.03
Accel: 0.05, 0.10, -0.98
Gyro: -1.01, -1.95, -1.99
Accel: 0.05, 0.09, -0.98
Gyro: -0.33, -2.01, -1.87
Accel: 0.04, 0.09, -0.98
Gyro: 0.20, -1.88, -1.21
Accel: 0.04, 0.09, -0.98
Gyro: -0.40, -1.23, -1.05
Accel: 0.04, 0.08, -0.97
Gyro: -0.55, -1.05, -0.60
Accel: 0.05, 0.08, -0.97
Gyro: -0.61, -1.08, -0.47
Accel: 0.04, 0.08, -0.98
Gyro: -0.59, -1.34, -0.32
Accel: 0.03, 0.08, -0.98
Gyro: -0.80, -1.37, -0.82
Accel: 0.04, 0.07, -0.97
Gyro: -0.85, -0.88, -0.72
Accel: 0.03, 0.08, -0.97
Gyro: -0.72, -0.56, -0.63
Accel: 0.03, 0.08, -0.97
Gyro: -1.02, 0.22, -0.56
Accel: 0.04, 0.10, -0.99
Gyro: -0.92, 0.00, -0.83
Accel: 0.04, 0.11, -0.98
Gyro: 1.88, 0.63, 0.34
Accel: 0.03, 0.11, -0.98
Gyro: 3.71, 0.56, 0.73
Accel: 0.03, 0.15, -0.98
Gyro: 8.19, 2.16, 2.64
Accel: 0.04, 0.14, -0.99
Gyro: 15.33, 3.81, 4.69
Accel: 0.04, 0.14, -0.97
Gyro: 21.03, 4.74, 4.93
Accel: 0.05, 0.03, -0.97
Gyro: 29.48, 5.82, -5.65
Accel: 0.04, 0.11, -0.99
Gyro: 46.15, 8.48, -22.65
Accel: 0.05, 0.14, -1.00
Gyro: 65.97, 10.99, -24.12
Accel: 0.05, 0.08, -1.02
Gyro: 76.87, 16.95, -23.69
Accel: 0.07, 0.08, -0.98
Gyro: 88.03, 23.48, -19.81
Accel: 0.08, -0.08, -0.94
Gyro: 97.43, 25.63, -21.26
Accel: 0.11, -0.22, -0.90
Gyro: 106.82, 25.02, -41.18
Accel: 0.13, -0.18, -0.96
Gyro: 114.14, 25.23, -55.15
Accel: 0.12, -0.19, -0.90
Gyro: 115.43, 29.60, -50.22
Accel: 0.15, -0.18, -0.88
Gyro: 116.91, 31.81, -41.30
Accel: 0.18, -0.27, -0.84
Gyro: 119.91, 34.94, -25.86
Accel: 0.18, -0.33, -0.82
Gyro: 109.69, 38.85, -11.05
Accel: 0.21, -0.37, -0.79
Gyro: 99.66, 43.40, 8.83
Accel: 0.21, -0.46, -0.69
Gyro: 99.95, 46.12, 29.80
Accel: 0.23, -0.56, -0.63
Gyro: 87.78, 46.78, 45.35
Accel: 0.24, -0.66, -0.59
Gyro: 76.24, 43.40, 54.66
Accel: 0.25, -0.74, -0.55
Gyro: 65.71, 37.56, 59.86
Accel: 0.25, -0.83, -0.51
Gyro: 58.90, 32.24, 59.01
Accel: 0.25, -0.90, -0.48
Gyro: 51.11, 24.35, 52.87
Accel: 0.24, -0.93, -0.46
Gyro: 48.63, 16.75, 44.60
Accel: 0.23, -0.96, -0.44
Gyro: 40.82, 9.61, 33.84
Accel: 0.20, -0.97, -0.47
Gyro: 36.90, 5.00, 25.40
Accel: 0.19, -0.98, -0.48
Gyro: 31.20, 4.50, 17.95
Accel: 0.19, -0.98, -0.45
Gyro: 18.29, 0.98, 14.31
Accel: 0.18, -0.95, -0.46
Gyro: 6.61, -0.91, 13.97
Accel: 0.18, -1.02, -0.48
Gyro: -1.25, -0.90, 9.76
Accel: 0.17, -1.01, -0.46
Gyro: -12.17, -2.91, 1.83
Accel: 0.18, -1.00, -0.47
Gyro: -18.52, -4.10, -3.59
Accel: 0.18, -1.06, -0.47
Gyro: -31.22, -6.44, -13.66
Accel: 0.14, -1.05, -0.51
Gyro: -49.23, -8.10, -23.47
Accel: 0.14, -0.95, -0.55
Gyro: -63.38, -3.22, -26.38
Accel: 0.18, -0.96, -0.52
Gyro: -77.55, -2.85, -32.04
Accel: 0.18, -0.95, -0.50
Gyro: -93.14, -10.86, -41.70
Accel: 0.19, -0.80, -0.51
Gyro: -119.93, -18.97, -43.73
Accel: 0.20, -0.59, -0.57
Gyro: -132.25, -25.76, -31.71
Accel: 0.17, -0.55, -0.68
Gyro: -135.19, -23.10, -19.63
Accel: 0.20, -0.45, -0.66
Gyro: -136.99, -22.09, -13.08
Accel: 0.20, -0.34, -0.69
Gyro: -135.09, -26.96, -5.46
Accel: 0.18, -0.28, -0.81
Gyro: -128.26, -26.79, 0.50
Accel: 0.18, -0.25, -0.85
Gyro: -115.81, -21.79, 1.80
Accel: 0.19, -0.19, -0.85
Gyro: -106.09, -20.87, 0.16
Accel: 0.18, -0.12, -0.89
Gyro: -98.02, -22.22, 1.24
Accel: 0.16, -0.09, -0.94
Gyro: -88.95, -18.77, 1.18
Accel: 0.16, -0.03, -0.93
Gyro: -77.47, -16.65, 0.62
Accel: 0.14, -0.02, -0.93
Gyro: -67.53, -19.10, -2.14
Accel: 0.13, 0.02, -0.95
Gyro: -60.01, -20.11, -4.33
Accel: 0.12, 0.04, -0.97
Gyro: -52.62, -19.94, -6.79
Accel: 0.10, 0.08, -0.99
Gyro: -44.56, -18.51, -8.90
Accel: 0.09, 0.10, -0.98
Gyro: -37.25, -16.85, -9.74
Accel: 0.07, 0.12, -0.99
Gyro: -29.37, -14.69, -9.31
Accel: 0.06, 0.13, -1.00
Gyro: -22.61, -11.94, -8.45
Accel: 0.06, 0.13, -0.99
Gyro: -18.75, -8.54, -7.91
Accel: 0.06, 0.13, -0.96
Gyro: -14.21, -8.38, -7.46
Accel: 0.06, 0.11, -0.96
Gyro: -10.93, -9.15, -6.84
Accel: 0.05, 0.10, -0.97
Gyro: -8.84, -10.43, -6.74
Accel: 0.04, 0.11, -0.98
Gyro: -6.90, -9.80, -6.21
Accel: 0.03, 0.12, -0.98
Gyro: -3.52, -9.33, -3.46
Accel: 0.02, 0.11, -0.98
Gyro: -1.22, -8.71, -1.04
Accel: 0.03, 0.09, -0.97
Gyro: -0.45, -7.11, 0.97
Accel: 0.02, 0.08, -0.98
Gyro: 0.83, -6.14, 2.74
Accel: 0.02, 0.06, -0.98
Gyro: 1.38, -5.60, 3.47
Accel: 0.02, 0.04, -0.99
Gyro: 0.98, -5.61, 2.66
Accel: 0.03, 0.04, -0.99
Gyro: 1.59, -4.97, 2.10
Accel: 0.03, 0.04, -0.98
Gyro: 1.96, -3.90, 1.36
Accel: 0.03, 0.03, -0.99
Gyro: 2.08, -2.92, 0.50
Accel: 0.03, 0.04, -0.98
Gyro: 2.24, -2.11, 0.02
Accel: 0.03, 0.03, -0.96
Gyro: 1.81, -2.45, -0.24
Accel: 0.03, 0.04, -0.98
Gyro: -0.49, -2.46, -0.88
Accel: 0.04, 0.06, -0.98
Gyro: 1.30, -2.49, 0.77
Accel: 0.03, 0.04, -0.97
Gyro: 1.93, -3.22, 1.79
Accel: 0.03, 0.03, -0.96
Gyro: -0.59, -3.64, 1.08
Accel: 0.01, 0.04, -0.99
Gyro: -1.72, -4.02, -0.40
Accel: 0.02, 0.04, -0.98
Gyro: -0.59, -4.56, -0.79
Accel: 0.01, 0.03, -0.97
Gyro: -1.21, -4.50, -2.11
Accel: -0.01, 0.04, -0.98
Gyro: -2.97, -3.91, -3.35
Accel: -0.00, 0.04, -0.99
Gyro: -2.71, -3.57, -3.49
