Accel: 0.03, 0.07, -0.96
Gyro: -1.08, -1.13, 0.01
Accel: 0.03, 0.08, -0.97
Gyro: -1.62, -0.76, 0.29
Accel: 0.03, 0.07, -0.97
Gyro: -1.21, -0.56, 0.74
Accel: 0.03, 0.06, -0.96
Gyro: -1.05, -0.45, 0.23
Accel: 0.03, 0.07, -0.97
Gyro: -0.63, -0.71, 0.00
Accel: 0.04, 0.06, -0.97
Gyro: -0.14, -0.79, 0.27
Accel: 0.04, 0.06, -0.97
Gyro: -0.63, -0.85, 0.22
Accel: 0.03, 0.05, -0.97
Gyro: -1.02, -0.93, 0.12
Accel: 0.04, 0.06, -0.96
Gyro: -1.27, -1.02, -0.46
Accel: 0.04, 0.06, -0.96
Gyro: -1.21, -1.12, -0.68
Accel: 0.03, 0.07, -0.97
Gyro: -1.09, -1.24, -0.21
Accel: 0.03, 0.06, -0.98
Gyro: -1.46, -1.30, 0.25
Accel: 0.03, 0.06, -0.97
Gyro: -1.24, -0.77, 0.41
Accel: 0.03, 0.05, -0.97
Gyro: -2.01, -0.56, -0.33
Accel: 0.04, 0.06, -0.97
Gyro: -1.68, -0.27, -1.05
Accel: 0.03, 0.06, -0.97
Gyro: -0.68, -0.68, -0.90
Accel: 0.03, 0.07, -0.97
Gyro: -1.60, -0.34, -1.02
Accel: 0.03, 0.07, -0.97
Gyro: -1.64, -0.16, -0.41
Accel: 0.04, 0.06, -0.97
Gyro: -1.00, 0.13, -0.02
Accel: 0.03, 0.05, -0.96
Gyro: -1.01, 0.05, -0.18
Accel: 0.05, 0.06, -0.95
Gyro: -0.85, -0.89, -0.26
Accel: 0.04, 0.06, -0.97
Gyro: 0.15, -1.33, 0.40
Accel: 0.04, 0.09, -0.97
Gyro: -0.18, -1.08, 0.84
Accel: 0.02, 0.12, -1.04
Gyro: 5.10, 1.47, 2.39
Accel: -0.01, 0.12, -1.09
Gyro: 20.02, 18.81, -3.08
Accel: 0.08, 0.27, -0.86
Gyro: 41.12, 13.32, -4.36
Accel: 0.07, 0.23, -0.96
Gyro: 67.20, 8.54, 2.75
Accel: 0.08, 0.15, -0.92
Gyro: 84.53, 8.51, 7.68
Accel: 0.07, 0.10, -0.91
Gyro: 99.73, 6.09, 9.81
Accel: 0.06, 0.12, -0.88
Gyro: 117.82, 7.41, 17.06
Accel: 0.07, 0.00, -0.85
Gyro: 132.52, 6.86, 27.55
Accel: 0.06, -0.11, -0.83
Gyro: 136.74, 6.24, 37.63
Accel: 0.05, -0.20, -0.74
Gyro: 136.58, 5.54, 46.42
Accel: 0.05, -0.32, -0.72
Gyro: 137.13, 2.04, 55.61
Accel: 0.03, -0.48, -0.63
Gyro: 135.60, -4.42, 63.22
Accel: -0.03, -0.73, -0.72
Gyro: 122.72, -9.92, 61.78
Accel: -0.04, -0.91, -0.71
Gyro: 102.83, -7.40, 48.27
Accel: -0.04, -0.99, -0.61
Gyro: 76.15, -10.03, 33.34
Accel: -0.09, -1.07, -0.67
Gyro: 44.69, -12.39, 22.46
Accel: -0.12, -1.03, -0.72
Gyro: 16.35, -5.36, 13.18
Accel: -0.11, -1.00, -0.68
Gyro: -2.07, 2.38, 3.03
Accel: -0.09, -0.93, -0.63
Gyro: -15.26, 1.90, -6.85
Accel: -0.07, -0.93, -0.63
Gyro: -28.59, 0.53, -14.43
Accel: -0.08, -0.95, -0.66
Gyro: -46.38, 0.82, -25.70
Accel: -0.09, -0.90, -0.68
Gyro: -67.77, 4.23, -34.56
Accel: -0.08, -0.84, -0.70
Gyro: -91.67, 7.58, -38.26
Accel: -0.05, -0.71, -0.67
Gyro: -110.88, 5.53, -36.26
Accel: -0.03, -0.58, -0.71
Gyro: -125.40, 3.45, -32.39
Accel: -0.02, -0.60, -0.77
Gyro: -138.73, 5.50, -33.30
Accel: -0.03, -0.38, -0.85
Gyro: -146.10, 10.88, -37.90
Accel: 0.02, -0.20, -0.77
Gyro: -132.79, 14.76, -35.10
Accel: 0.06, -0.17, -0.77
Gyro: -118.77, 7.61, -31.87
Accel: 0.07, -0.17, -0.84
Gyro: -115.75, 2.26, -34.03
Accel: 0.08, -0.15, -0.85
Gyro: -124.13, -0.65, -39.02
Accel: 0.09, 0.05, -0.83
Gyro: -128.16, -4.47, -39.10
Accel: 0.05, 0.27, -0.96
Gyro: -94.85, -7.90, -29.91
Accel: 0.05, 0.24, -1.00
Gyro: -70.47, 0.64, -26.81
Accel: 0.07, 0.26, -0.97
Gyro: -47.03, 3.61, -25.01
Accel: 0.09, 0.27, -0.96
Gyro: -29.10, 3.27, -20.39
Accel: 0.10, 0.23, -0.95
Gyro: -18.55, 2.92, -16.08
Accel: 0.10, 0.20, -0.96
Gyro: -14.40, 3.20, -12.17
Accel: 0.11, 0.20, -0.94
Gyro: -13.92, 2.90, -7.77
Accel: 0.12, 0.21, -0.95
Gyro: -13.17, 2.00, -3.40
Accel: 0.11, 0.19, -0.94
Gyro: -9.81, 0.47, -0.04
Accel: 0.10, 0.16, -0.93
Gyro: -8.20, -2.04, 0.49
Accel: 0.10, 0.15, -0.94
Gyro: -6.77, -5.34, 0.01
Accel: 0.09, 0.13, -0.93
Gyro: -6.38, -8.06, -1.02
Accel: 0.08, 0.14, -0.95
Gyro: -6.61, -10.19, -1.30
Accel: 0.07, 0.15, -0.97
Gyro: -6.96, -10.59, -0.80
Accel: 0.06, 0.16, -0.97
Gyro: -4.43, -9.35, 0.27
Accel: 0.05, 0.14, -0.96
Gyro: -2.47, -7.99, 0.40
Accel: 0.05, 0.15, -0.97
Gyro: -0.62, -7.22, 0.19
Accel: 0.04, 0.15, -0.97
Gyro: 1.68, -6.81, 1.00
Accel: 0.03, 0.14, -0.96
Gyro: 2.78, -6.67, 1.24
Accel: 0.04, 0.13, -0.97
Gyro: 2.56, -5.67, 1.35
Accel: 0.03, 0.13, -0.97
Gyro: 2.37, -4.59, 1.61
Accel: 0.03, 0.12, -0.97
Gyro: 2.89, -3.28, 1.63
Accel: 0.03, 0.12, -0.97
Gyro: 2.53, -1.97, 1.39
Accel: 0.04, 0.13, -0.97
Gyro: 3.13, -1.85, 1.87
Accel: 0.03, 0.12, -0.97
Gyro: 3.07, -1.85, 2.24
Accel: 0.04, 0.12, -0.97
Gyro: 2.25, -1.23, 2.27
Accel: 0.04, 0.10, -0.95
Gyro: 0.96, -0.73, 1.85
Accel: 0.04, 0.10, -0.96
Gyro: -0.12, -0.88, 1.18
Accel: 0.05, 0.10, -0.96
Gyro: -1.07, 0.01, 0.03
Accel: 0.05, 0.10, -0.97
Gyro: -2.38, 0.37, -1.23
Accel: 0.05, 0.11, -0.97
Gyro: -2.88, 0.23, -2.23
Accel: 0.05, 0.10, -0.95
Gyro: -2.30, -0.50, -2.11
Accel: 0.06, 0.10, -0.95
Gyro: -4.19, -2.26, -3.56
Accel: 0.06, 0.11, -0.95
Gyro: -5.72, -3.30, -3.98
Accel: 0.05, 0.14, -0.95
Gyro: -5.23, -4.20, -3.60
Accel: 0.05, 0.13, -0.96
Gyro: -4.41, -2.93, -2.57
Accel: 0.04, 0.13, -0.96
Gyro: -3.86, -2.69, -2.46
Accel: 0.04, 0.13, -0.96
Gyro: -2.72, -3.13, -1.95
Accel: 0.03, 0.13, -0.97
Gyro: -2.63, -3.10, -1.96
Accel: 0.03, 0.13, -0.97
Gyro: -1.20, -2.33, -1.10
Accel: 0.02, 0.12, -0.96
Gyro: -0.53, -2.03, -0.36
Accel: 0.02, 0.12, -0.97
Gyro: -0.72, -1.51, -0.09
Accel: 0.03, 0.12, -0.96
Gyro: -0.43, -1.22, 0.16
Accel: 0.03, 0.11, -0.97
Gyro: -0.53, -0.95, 0.14
Accel: 0.02, 0.11, -0.97
Gyro: -0.59, -0.59, -0.16
Accel: 0.03, 0.11, -0.97
Gyro: -0.49, -0.84, -0.31
