Accel: 0.02, 0.06, -0.98
Gyro: 1.21, -1.73, -0.46
Accel: 0.03, 0.06, -0.98
Gyro: 0.73, -1.42, -2.34
Accel: 0.03, 0.07, -0.98
Gyro: 1.01, -1.46, -4.39
Accel: 0.03, 0.08, -0.98
Gyro: 1.41, -1.13, -5.19
Accel: 0.02, 0.09, -0.97
Gyro: 1.82, -1.13, -5.02
Accel: 0.03, 0.08, -0.98
Gyro: 1.92, -0.89, -4.31
Accel: 0.03, 0.09, -0.96
Gyro: 3.07, -1.26, -1.59
Accel: 0.03, 0.08, -0.96
Gyro: 3.07, -2.18, 0.75
Accel: 0.02, 0.07, -0.97
Gyro: 2.49, -2.73, 2.43
Accel: 0.01, 0.06, -0.98
Gyro: 2.36, -2.88, 3.03
Accel: 0.02, 0.05, -0.98
Gyro: 1.75, -2.19, 2.75
Accel: 0.02, 0.06, -0.98
Gyro: 1.19, -1.98, 1.50
Accel: 0.01, 0.05, -0.98
Gyro: 2.90, -1.56, 1.90
Accel: 0.02, 0.05, -0.98
Gyro: 2.64, -1.65, 1.27
Accel: 0.01, 0.05, -0.98
Gyro: 2.37, -0.97, 0.86
Accel: 0.01, 0.05, -0.98
Gyro: 3.17, -0.20, 1.15
Accel: 0.02, 0.04, -0.98
Gyro: 3.59, 0.72, 1.24
Accel: 0.02, 0.04, -0.98
Gyro: 3.52, 1.30, 1.34
Accel: 0.02, 0.05, -1.00
Gyro: 5.47, 1.66, 1.58
Accel: 0.02, 0.04, -0.98
Gyro: 6.31, 1.95, 1.47
Accel: 0.02, 0.05, -0.98
Gyro: 7.40, 3.08, 1.72
Accel: 0.03, 0.04, -0.98
Gyro: 9.29, 3.63, 1.97
Accel: 0.02, 0.05, -0.98
Gyro: 10.51, 3.76, 1.53
Accel: 0.02, 0.05, -0.99
Gyro: 14.37, 6.56, 1.27
Accel: 0.02, 0.05, -1.00
Gyro: 20.38, 9.65, -0.71
Accel: 0.02, 0.06, -1.00
Gyro: 29.91, 14.88, -4.16
Accel: 0.05, 0.04, -0.98
Gyro: 42.01, 15.30, -9.58
Accel: 0.06, -0.02, -0.99
Gyro: 58.08, 16.80, -21.77
Accel: 0.08, -0.00, -0.98
Gyro: 75.10, 19.26, -36.61
Accel: 0.10, -0.03, -0.92
Gyro: 91.26, 18.90, -41.75
Accel: 0.13, -0.03, -0.91
Gyro: 98.60, 16.13, -40.88
Accel: 0.14, -0.03, -0.88
Gyro: 105.34, 13.56, -31.93
Accel: 0.14, -0.06, -0.86
Gyro: 110.82, 12.88, -21.80
Accel: 0.13, -0.22, -0.85
Gyro: 116.07, 12.60, -16.96
Accel: 0.12, -0.16, -0.83
Gyro: 116.84, 13.53, -13.40
Accel: 0.10, -0.37, -0.88
Gyro: 124.95, 16.32, -4.69
Accel: 0.12, -0.38, -0.86
Gyro: 119.62, 27.46, -2.39
Accel: 0.15, -0.50, -0.70
Gyro: 126.34, 31.20, 10.11
Accel: 0.18, -0.63, -0.59
Gyro: 116.23, 30.70, 21.80
Accel: 0.17, -0.85, -0.57
Gyro: 100.52, 21.99, 32.97
Accel: 0.15, -0.92, -0.55
Gyro: 74.88, 22.47, 37.51
Accel: 0.14, -1.00, -0.52
Gyro: 61.87, 23.38, 39.64
Accel: 0.17, -1.06, -0.47
Gyro: 46.07, 19.33, 29.21
Accel: 0.17, -1.11, -0.45
Gyro: 27.42, 7.86, 17.87
Accel: 0.14, -1.03, -0.53
Gyro: 12.65, 6.76, 5.34
Accel: 0.19, -0.99, -0.46
Gyro: 4.79, 5.31, -2.01
Accel: 0.16, -0.99, -0.48
Gyro: -16.27, -4.39, -1.01
Accel: 0.14, -1.03, -0.59
Gyro: -21.89, 3.39, -16.20
Accel: 0.20, -1.04, -0.46
Gyro: -34.38, 0.58, -26.54
Accel: 0.20, -1.00, -0.52
Gyro: -69.75, -6.20, -32.16
Accel: 0.19, -0.75, -0.57
Gyro: -83.66, -1.29, -21.09
Accel: 0.22, -0.87, -0.59
Gyro: -90.44, -1.29, -18.88
Accel: 0.25, -0.80, -0.57
Gyro: -103.41, -8.80, -27.38
Accel: 0.26, -0.65, -0.54
Gyro: -114.79, -21.31, -25.72
Accel: 0.23, -0.53, -0.62
Gyro: -117.21, -32.10, -16.94
Accel: 0.17, -0.49, -0.76
Gyro: -116.55, -31.36, -9.40
Accel: 0.14, -0.43, -0.84
Gyro: -111.77, -23.57, -10.08
Accel: 0.15, -0.37, -0.79
Gyro: -105.23, -20.56, -11.67
Accel: 0.15, -0.31, -0.81
Gyro: -105.55, -22.79, -12.64
Accel: 0.12, -0.18, -0.91
Gyro: -98.40, -20.16, -9.48
Accel: 0.12, -0.11, -0.92
Gyro: -85.82, -14.97, -3.97
Accel: 0.13, -0.16, -0.87
Gyro: -80.51, -15.41, -3.36
Accel: 0.13, -0.08, -0.89
Gyro: -86.10, -19.82, -7.06
Accel: 0.10, 0.01, -0.94
Gyro: -82.92, -19.07, -3.38
Accel: 0.10, 0.04, -0.95
Gyro: -72.23, -19.04, -0.12
Accel: 0.09, 0.04, -0.96
Gyro: -63.06, -19.26, 0.05
Accel: 0.09, 0.08, -0.94
Gyro: -55.94, -20.79, -1.56
Accel: 0.07, 0.13, -0.97
Gyro: -47.07, -21.63, -1.63
Accel: 0.06, 0.13, -1.01
Gyro: -34.11, -19.55, -0.26
Accel: 0.05, 0.12, -1.00
Gyro: -26.11, -15.17, -1.63
Accel: 0.04, 0.13, -1.00
Gyro: -20.32, -11.92, -2.87
Accel: 0.05, 0.13, -1.01
Gyro: -14.84, -9.19, -3.78
Accel: 0.05, 0.13, -0.99
Gyro: -9.80, -7.64, -2.88
Accel: 0.04, 0.12, -0.98
Gyro: -6.99, -6.65, -2.83
Accel: 0.04, 0.13, -0.99
Gyro: -4.59, -4.96, -2.12
Accel: 0.04, 0.12, -0.98
Gyro: -1.27, -4.08, -0.40
Accel: 0.05, 0.11, -0.96
Gyro: 2.40, -4.77, 1.76
Accel: 0.03, 0.09, -0.97
Gyro: 5.25, -5.68, 4.06
Accel: 0.03, 0.07, -0.99
Gyro: 5.65, -5.45, 5.24
Accel: 0.02, 0.05, -0.98
Gyro: 4.78, -4.72, 5.94
Accel: 0.02, 0.04, -0.97
Gyro: 3.30, -4.81, 5.85
Accel: 0.01, 0.04, -0.97
Gyro: 2.66, -4.65, 5.65
Accel: 0.01, 0.04, -0.98
Gyro: 2.85, -4.46, 5.65
Accel: 0.01, 0.04, -0.97
Gyro: 3.14, -4.01, 5.87
Accel: 0.01, 0.04, -0.98
Gyro: 2.78, -4.29, 5.69
Accel: 0.01, 0.03, -0.97
Gyro: 3.26, -3.67, 5.68
Accel: 0.02, 0.03, -0.98
Gyro: 2.10, -3.46, 4.74
Accel: 0.02, 0.04, -0.99
Gyro: 1.94, -2.35, 3.66
Accel: 0.02, 0.03, -0.98
Gyro: 3.75, -1.94, 3.84
Accel: 0.01, 0.03, -0.98
Gyro: 3.19, -2.08, 3.16
Accel: 0.01, 0.04, -0.98
Gyro: 2.89, -1.52, 3.38
Accel: 0.01, 0.03, -0.98
Gyro: 3.43, -1.54, 3.74
Accel: 0.01, 0.02, -0.98
Gyro: 2.85, -0.94, 3.64
Accel: 0.02, 0.02, -0.98
Gyro: 2.43, -0.85, 2.83
Accel: 0.01, 0.01, -0.99
Gyro: 2.27, -1.21, 2.41
Accel: 0.01, 0.01, -0.98
Gyro: 0.56, -0.69, 0.80
Accel: 0.00, 0.03, -0.97
Gyro: 0.96, -0.06, 0.65
Accel: 0.01, 0.02, -0.98
Gyro: 1.21, 0.08, 0.76
Accel: 0.01, 0.02, -0.98
Gyro: 0.37, 0.26, 0.83
Accel: 0.01, 0.01, -0.98
Gyro: 0.76, 0.31, 1.22
Accel: 0.02, 0.01, -0.97
Gyro: 0.93, 0.32, 1.36
