Accel: -0.07, -0.09, -0.95
Gyro: -12.86, 14.98, 4.20
Accel: -0.05, -0.07, -0.96
Gyro: -13.14, 15.78, 4.71
Accel: -0.02, -0.08, -0.93
Gyro: -11.01, 14.31, 3.22
Accel: -0.01, -0.07, -0.94
Gyro: -8.60, 12.09, 0.40
Accel: -0.01, -0.06, -0.94
Gyro: -6.81, 10.65, -1.66
Accel: -0.01, -0.04, -0.94
Gyro: -4.91, 8.10, -2.57
Accel: -0.01, -0.04, -0.94
Gyro: -2.89, 5.20, -0.83
Accel: -0.02, -0.04, -0.97
Gyro: -4.14, 4.19, -0.27
Accel: -0.02, -0.02, -0.97
Gyro: -2.62, 4.84, 1.37
Accel: -0.02, -0.04, -0.95
Gyro: -0.38, 3.19, 2.53
Accel: -0.03, -0.06, -0.97
Gyro: -0.87, 2.64, 2.57
Accel: -0.02, -0.06, -0.98
Gyro: -2.85, 4.45, 0.59
Accel: -0.01, -0.05, -0.97
Gyro: -2.99, 5.21, -1.79
Accel: 0.00, -0.04, -0.96
Gyro: -2.60, 5.20, -2.85
Accel: 0.00, -0.02, -0.97
Gyro: -2.55, 4.64, -2.55
Accel: 0.01, -0.03, -0.95
Gyro: -3.27, 4.00, -2.08
Accel: 0.02, -0.02, -0.96
Gyro: -2.91, 2.69, -1.18
Accel: 0.01, -0.04, -0.97
Gyro: -1.48, 1.56, -0.31
Accel: 0.01, -0.05, -0.96
Gyro: -2.94, 1.94, -1.91
Accel: 0.01, -0.02, -0.95
Gyro: -2.88, 0.11, -1.88
Accel: -0.00, -0.03, -0.98
Gyro: -2.03, -0.85, 0.18
Accel: -0.01, -0.04, -0.98
Gyro: -2.00, 0.99, 1.02
Accel: 0.00, -0.05, -0.96
Gyro: -2.36, 2.19, 0.01
Accel: 0.02, -0.05, -0.95
Gyro: -1.63, 1.68, -1.34
Accel: 0.03, -0.04, -0.96
Gyro: -0.60, 0.33, -2.17
Accel: 0.02, -0.05, -0.95
Gyro: -0.37, -0.94, -1.95
Accel: 0.01, -0.06, -0.96
Gyro: -0.74, -1.40, -0.82
Accel: 0.01, -0.05, -0.97
Gyro: -1.35, -1.55, 0.24
Accel: 0.00, -0.06, -0.96
Gyro: -1.60, -1.00, 0.38
Accel: 0.01, -0.06, -0.96
Gyro: -1.76, -1.36, -0.11
Accel: 0.00, -0.04, -0.96
Gyro: -1.84, -1.58, -0.31
Accel: 0.00, -0.05, -0.96
Gyro: 0.56, -2.60, 0.66
Accel: -0.00, -0.05, -0.97
Gyro: 0.14, -3.15, 0.54
Accel: -0.01, -0.05, -0.97
Gyro: -0.43, -2.76, 0.93
Accel: -0.02, -0.06, -0.96
Gyro: 0.06, -2.20, 1.46
Accel: -0.02, -0.07, -0.97
Gyro: -0.06, -1.63, 1.40
Accel: -0.01, -0.06, -0.96
Gyro: -0.79, -1.53, 1.11
Accel: -0.01, -0.08, -0.96
Gyro: -0.87, -2.07, 0.79
Accel: -0.02, -0.08, -0.98
Gyro: -2.43, -1.19, -0.49
Accel: -0.02, -0.06, -0.96
Gyro: -1.97, -0.95, -1.01
Accel: -0.01, -0.07, -0.97
Gyro: -2.01, -0.75, -1.52
Accel: -0.02, -0.07, -0.97
Gyro: -3.41, -0.59, -2.22
Accel: -0.01, -0.06, -0.97
Gyro: -3.36, -0.32, -2.53
Accel: -0.02, -0.05, -0.97
Gyro: -2.75, 0.02, -2.37
Accel: -0.02, -0.05, -0.97
Gyro: -2.68, 0.40, -2.27
Accel: -0.01, -0.04, -0.97
Gyro: -2.28, 0.37, -1.62
Accel: -0.01, -0.04, -0.98
Gyro: -1.17, 0.47, -0.82
Accel: -0.01, -0.02, -0.97
Gyro: 0.10, 1.33, 0.36
Accel: -0.00, 0.06, -0.97
Gyro: 7.97, 1.92, 3.44
Accel: -0.01, 0.05, -0.97
Gyro: 22.00, 2.17, 5.61
Accel: 0.00, 0.09, -0.98
Gyro: 33.95, 3.52, 7.80
Accel: 0.00, 0.16, -0.97
Gyro: 51.99, 4.51, 14.69
Accel: 0.03, 0.14, -0.89
Gyro: 75.02, 1.88, 24.30
Accel: 0.03, 0.05, -0.84
Gyro: 94.73, -5.20, 31.35
Accel: 0.03, -0.00, -0.80
Gyro: 108.57, -12.64, 37.39
Accel: 0.01, -0.10, -0.76
Gyro: 119.41, -19.49, 46.79
Accel: -0.04, -0.22, -0.74
Gyro: 125.04, -26.12, 53.54
Accel: -0.06, -0.30, -0.70
Gyro: 127.98, -29.23, 57.23
Accel: -0.12, -0.36, -0.62
Gyro: 133.35, -36.32, 63.45
Accel: -0.21, -0.51, -0.65
Gyro: 134.65, -39.67, 70.23
Accel: -0.26, -0.66, -0.69
Gyro: 126.87, -32.30, 70.44
Accel: -0.26, -0.77, -0.62
Gyro: 114.74, -26.34, 65.66
Accel: -0.29, -0.87, -0.54
Gyro: 105.23, -28.46, 59.52
Accel: -0.35, -0.95, -0.57
Gyro: 89.29, -27.09, 51.45
Accel: -0.37, -1.02, -0.55
Gyro: 70.25, -23.63, 41.55
Accel: -0.42, -1.11, -0.59
Gyro: 51.51, -18.59, 26.08
Accel: -0.43, -1.04, -0.56
Gyro: 28.84, -10.25, 11.11
Accel: -0.42, -0.98, -0.54
Gyro: 15.83, -7.71, 4.50
Accel: -0.42, -0.89, -0.52
Gyro: 6.04, -2.47, -0.39
Accel: -0.40, -0.88, -0.53
Gyro: -0.28, 1.14, -3.84
Accel: -0.38, -0.85, -0.52
Gyro: -6.13, 2.32, -6.20
Accel: -0.40, -0.90, -0.55
Gyro: -16.23, 6.20, -9.35
Accel: -0.39, -0.96, -0.55
Gyro: -31.76, 11.84, -14.93
Accel: -0.40, -1.06, -0.56
Gyro: -57.33, 16.51, -21.54
Accel: -0.39, -1.00, -0.56
Gyro: -85.00, 23.85, -30.26
Accel: -0.37, -0.91, -0.57
Gyro: -100.88, 26.32, -37.16
Accel: -0.34, -0.85, -0.61
Gyro: -116.26, 33.13, -44.72
Accel: -0.30, -0.79, -0.62
Gyro: -130.26, 37.25, -51.65
Accel: -0.23, -0.66, -0.57
Gyro: -136.66, 33.49, -58.49
Accel: -0.20, -0.53, -0.62
Gyro: -132.80, 26.64, -61.28
Accel: -0.17, -0.49, -0.72
Gyro: -130.98, 26.21, -66.70
Accel: -0.12, -0.36, -0.69
Gyro: -125.31, 22.61, -70.92
Accel: -0.09, -0.31, -0.76
Gyro: -116.71, 17.14, -72.63
Accel: -0.07, -0.24, -0.78
Gyro: -112.40, 14.56, -71.80
Accel: -0.03, -0.21, -0.80
Gyro: -112.37, 8.25, -74.65
Accel: -0.02, -0.05, -0.83
Gyro: -101.81, -0.23, -72.30
Accel: -0.05, 0.07, -0.93
Gyro: -85.89, -1.08, -62.23
Accel: -0.06, 0.05, -0.91
Gyro: -71.05, 0.05, -53.47
Accel: -0.04, 0.11, -0.90
Gyro: -62.13, 0.62, -48.36
Accel: -0.02, 0.18, -0.92
Gyro: -48.67, -1.53, -38.19
Accel: -0.00, 0.17, -0.94
Gyro: -36.43, -3.23, -28.47
Accel: -0.02, 0.16, -0.98
Gyro: -25.74, -1.85, -20.66
Accel: -0.02, 0.13, -0.98
Gyro: -20.19, 0.06, -13.41
Accel: -0.01, 0.10, -0.96
Gyro: -15.32, -0.50, -8.80
Accel: -0.02, 0.07, -0.98
Gyro: -13.30, -0.08, -5.65
Accel: -0.01, 0.06, -0.97
Gyro: -12.83, 0.10, -3.43
Accel: -0.02, 0.06, -0.96
Gyro: -11.34, -1.75, -1.30
Accel: -0.03, 0.07, -0.99
Gyro: -9.45, -1.66, 1.66
Accel: -0.03, 0.05, -0.99
Gyro: -9.03, -0.02, 3.00
Accel: -0.03, 0.07, -0.98
Gyro: -6.97, 0.77, 4.01
Accel: -0.04, 0.06, -0.98
Gyro: -4.17, 1.14, 6.55
