Accel: 0.03, 0.07, -0.98
Gyro: -1.19, -6.00, -7.23
Accel: 0.02, 0.09, -0.99
Gyro: -3.22, -5.10, -7.23
Accel: 0.02, 0.10, -0.98
Gyro: -2.93, -4.13, -5.67
Accel: 0.02, 0.09, -0.98
Gyro: -2.34, -3.44, -4.99
Accel: 0.02, 0.09, -0.96
Gyro: -1.88, -3.52, -4.88
Accel: 0.01, 0.10, -0.97
Gyro: -1.58, -4.75, -4.64
Accel: 0.01, 0.09, -0.98
Gyro: -1.60, -4.41, -4.71
Accel: 0.01, 0.10, -0.99
Gyro: -0.96, -2.78, -4.73
Accel: 0.01, 0.09, -0.99
Gyro: -0.25, -1.63, -4.07
Accel: 0.01, 0.09, -0.97
Gyro: -0.62, -1.75, -3.38
Accel: 0.01, 0.09, -0.97
Gyro: -0.50, -2.33, -2.52
Accel: 0.01, 0.09, -0.98
Gyro: -0.14, -2.40, -1.47
Accel: 0.01, 0.09, -0.98
Gyro: 0.35, -1.91, -0.47
Accel: 0.01, 0.09, -0.98
Gyro: 0.89, -1.75, 0.34
Accel: 0.01, 0.08, -0.98
Gyro: 1.45, -1.22, 1.11
Accel: 0.01, 0.07, -0.98
Gyro: 1.26, -0.77, 1.39
Accel: 0.01, 0.07, -0.97
Gyro: 1.22, -0.52, 1.39
Accel: 0.01, 0.07, -0.98
Gyro: 0.99, -0.38, 1.14
Accel: 0.01, 0.06, -0.97
Gyro: 0.50, -0.47, 1.02
Accel: 0.01, 0.07, -0.98
Gyro: 0.27, 0.13, 0.92
Accel: 0.00, 0.05, -0.98
Gyro: -0.08, 0.05, 0.35
Accel: 0.01, 0.06, -0.98
Gyro: -1.35, -0.17, -1.04
Accel: 0.01, 0.06, -0.98
Gyro: 0.02, 0.13, -0.87
Accel: 0.01, 0.05, -0.98
Gyro: -0.85, -0.12, -1.06
Accel: 0.01, 0.07, -0.98
Gyro: -2.10, 0.36, -1.37
Accel: 0.01, 0.07, -0.99
Gyro: -1.46, 0.60, -1.16
Accel: 0.01, 0.07, -0.98
Gyro: -1.52, 1.19, -1.01
Accel: 0.01, 0.09, -0.99
Gyro: -1.18, 1.53, -0.32
Accel: 0.01, 0.09, -0.98
Gyro: 1.23, 1.67, 1.18
Accel: 0.01, 0.09, -0.99
Gyro: 1.85, 2.22, 1.94
Accel: 0.01, 0.08, -0.99
Gyro: 2.82, 3.49, 2.31
Accel: 0.02, 0.06, -0.98
Gyro: 2.97, 4.14, 1.83
Accel: 0.02, 0.06, -0.97
Gyro: 2.32, 4.76, 1.03
Accel: 0.03, 0.06, -0.98
Gyro: 2.32, 4.59, 0.89
Accel: 0.03, 0.05, -0.97
Gyro: 3.20, 4.33, 1.16
Accel: 0.04, 0.05, -0.97
Gyro: 3.72, 3.13, 1.76
Accel: 0.03, 0.03, -0.97
Gyro: 3.01, 1.99, 1.99
Accel: 0.03, 0.04, -0.97
Gyro: 2.80, 1.37, 1.92
Accel: 0.04, 0.03, -0.98
Gyro: 2.60, 1.23, 2.35
Accel: 0.03, 0.04, -0.98
Gyro: 2.24, 1.29, 2.21
Accel: 0.03, 0.04, -0.98
Gyro: 3.43, 1.75, 3.06
Accel: 0.03, 0.06, -0.99
Gyro: 4.57, 2.30, 3.99
Accel: 0.03, 0.06, -0.98
Gyro: 6.19, 3.11, 5.83
Accel: 0.04, 0.07, -0.98
Gyro: 8.80, 4.26, 7.18
Accel: 0.04, 0.07, -0.98
Gyro: 13.82, 5.77, 7.26
Accel: 0.04, 0.08, -1.00
Gyro: 20.31, 7.35, 6.41
Accel: 0.03, 0.13, -1.02
Gyro: 32.88, 12.95, 6.33
Accel: 0.04, 0.13, -1.01
Gyro: 51.23, 18.47, 8.41
Accel: 0.05, 0.11, -1.00
Gyro: 68.50, 24.47, 10.57
Accel: 0.07, 0.03, -0.93
Gyro: 84.66, 26.68, 10.57
Accel: 0.11, -0.08, -0.90
Gyro: 96.22, 25.48, 3.10
Accel: 0.11, -0.09, -0.89
Gyro: 104.33, 23.18, 0.14
Accel: 0.12, -0.20, -0.87
Gyro: 105.18, 20.25, 2.24
Accel: 0.13, -0.29, -0.91
Gyro: 100.25, 20.66, 2.49
Accel: 0.14, -0.33, -0.87
Gyro: 93.61, 24.03, -0.64
Accel: 0.17, -0.33, -0.81
Gyro: 93.67, 21.62, 1.73
Accel: 0.20, -0.38, -0.77
Gyro: 96.92, 17.88, 3.85
Accel: 0.21, -0.44, -0.74
Gyro: 101.60, 15.67, 3.32
Accel: 0.21, -0.46, -0.67
Gyro: 105.73, 11.99, 2.74
Accel: 0.20, -0.52, -0.62
Gyro: 110.58, 6.03, 5.76
Accel: 0.21, -0.60, -0.61
Gyro: 115.91, 1.52, 13.34
Accel: 0.20, -0.71, -0.59
Gyro: 103.01, 3.10, 17.47
Accel: 0.18, -0.83, -0.55
Gyro: 92.52, 2.00, 22.13
Accel: 0.15, -0.96, -0.53
Gyro: 75.29, -2.23, 24.54
Accel: 0.11, -1.05, -0.54
Gyro: 52.12, -1.52, 24.82
Accel: 0.10, -1.09, -0.49
Gyro: 30.56, -0.23, 21.30
Accel: 0.08, -1.09, -0.50
Gyro: 7.61, -1.98, 17.45
Accel: 0.08, -1.07, -0.48
Gyro: -9.74, -2.56, 13.84
Accel: 0.08, -1.09, -0.47
Gyro: -28.31, -4.85, 9.31
Accel: 0.08, -1.08, -0.51
Gyro: -48.10, -4.49, -0.62
Accel: 0.06, -0.98, -0.55
Gyro: -64.51, -2.49, -8.44
Accel: 0.09, -0.86, -0.52
Gyro: -77.90, -3.55, -8.83
Accel: 0.09, -0.80, -0.56
Gyro: -86.56, -12.22, -5.67
Accel: 0.08, -0.83, -0.66
Gyro: -105.26, -9.64, -9.09
Accel: 0.07, -0.68, -0.68
Gyro: -112.65, -7.78, -7.13
Accel: 0.06, -0.57, -0.77
Gyro: -114.27, -0.76, -1.29
Accel: 0.09, -0.56, -0.73
Gyro: -114.29, 5.81, 2.72
Accel: 0.13, -0.48, -0.69
Gyro: -111.94, -1.95, 3.57
Accel: 0.11, -0.42, -0.82
Gyro: -106.49, -4.17, 1.51
Accel: 0.11, -0.36, -0.85
Gyro: -97.49, -0.95, -2.91
Accel: 0.13, -0.31, -0.85
Gyro: -90.77, -1.95, -7.23
Accel: 0.12, -0.28, -0.91
Gyro: -86.54, -0.86, -12.15
Accel: 0.12, -0.22, -0.89
Gyro: -83.34, 0.92, -17.47
Accel: 0.14, -0.17, -0.87
Gyro: -77.49, -1.40, -20.42
Accel: 0.14, -0.14, -0.88
Gyro: -75.54, -5.15, -21.78
Accel: 0.15, -0.10, -0.89
Gyro: -76.05, -9.00, -24.27
Accel: 0.13, -0.08, -0.92
Gyro: -73.81, -12.31, -27.79
Accel: 0.12, -0.00, -0.93
Gyro: -70.11, -13.41, -31.50
Accel: 0.09, 0.04, -0.96
Gyro: -60.61, -13.83, -32.53
Accel: 0.09, 0.08, -0.95
Gyro: -53.12, -13.02, -32.40
Accel: 0.08, 0.13, -0.98
Gyro: -41.56, -11.94, -29.75
Accel: 0.06, 0.14, -0.98
Gyro: -30.01, -10.38, -25.69
Accel: 0.06, 0.15, -0.97
Gyro: -22.69, -9.96, -22.26
Accel: 0.06, 0.16, -0.98
Gyro: -17.23, -8.93, -17.36
Accel: 0.06, 0.16, -0.99
Gyro: -12.80, -8.97, -11.64
Accel: 0.05, 0.15, -0.99
Gyro: -9.93, -8.16, -7.45
Accel: 0.05, 0.13, -0.97
Gyro: -8.00, -7.37, -3.25
Accel: 0.04, 0.13, -0.98
Gyro: -6.08, -6.55, -1.05
Accel: 0.04, 0.12, -0.99
Gyro: -4.01, -4.86, 1.21
Accel: 0.04, 0.10, -0.98
Gyro: -1.57, -3.09, 2.11
Accel: 0.04, 0.08, -0.98
Gyro: -1.12, -2.12, 1.51
