Accel: 0.08, 0.12, -0.95
Gyro: -0.93, 0.56, -0.57
Accel: 0.07, 0.13, -0.96
Gyro: -1.13, -0.48, -1.24
Accel: 0.07, 0.12, -0.96
Gyro: -2.11, -0.96, -2.28
Accel: 0.07, 0.14, -0.95
Gyro: -1.69, -1.75, -2.83
Accel: 0.06, 0.14, -0.96
Gyro: -0.54, -1.83, -2.20
Accel: 0.06, 0.13, -0.96
Gyro: -0.37, -1.93, -1.94
Accel: 0.06, 0.14, -0.97
Gyro: -0.11, -1.74, -1.46
Accel: 0.05, 0.14, -0.96
Gyro: 0.76, -1.60, -0.31
Accel: 0.06, 0.13, -0.96
Gyro: 1.34, -1.36, 0.85
Accel: 0.06, 0.12, -0.96
Gyro: 1.53, -1.13, 1.68
Accel: 0.06, 0.12, -0.96
Gyro: 1.30, -1.25, 2.50
Accel: 0.06, 0.12, -0.96
Gyro: 1.54, -1.64, 3.11
Accel: 0.05, 0.12, -0.97
Gyro: 1.98, -0.83, 3.51
Accel: 0.05, 0.10, -0.96
Gyro: 2.15, 0.11, 3.83
Accel: 0.05, 0.10, -0.98
Gyro: 2.12, 0.39, 3.77
Accel: 0.05, 0.09, -0.97
Gyro: 1.90, 1.37, 3.42
Accel: 0.06, 0.09, -0.96
Gyro: 1.14, 1.28, 2.77
Accel: 0.06, 0.10, -0.96
Gyro: 0.42, 1.08, 1.66
Accel: 0.06, 0.10, -0.97
Gyro: 1.50, 1.22, 2.23
Accel: 0.06, 0.09, -0.97
Gyro: 0.97, 1.36, 1.97
Accel: 0.06, 0.09, -0.96
Gyro: 0.08, 1.22, 1.86
Accel: 0.06, 0.11, -0.96
Gyro: 0.53, 1.37, 2.13
Accel: 0.07, 0.12, -0.97
Gyro: 1.75, 2.06, 3.17
Accel: 0.07, 0.15, -0.96
Gyro: 5.10, 2.62, 4.27
Accel: 0.07, 0.21, -0.98
Gyro: 21.30, 3.65, 2.94
Accel: 0.08, 0.29, -0.89
Gyro: 55.50, 0.60, -2.65
Accel: 0.09, 0.20, -0.93
Gyro: 84.85, -5.14, -2.02
Accel: 0.09, 0.13, -0.95
Gyro: 94.51, -4.89, 3.83
Accel: 0.08, 0.09, -0.90
Gyro: 101.10, -4.05, 11.27
Accel: 0.09, 0.07, -0.82
Gyro: 114.79, -10.53, 25.85
Accel: 0.05, 0.00, -0.84
Gyro: 123.03, -13.92, 41.27
Accel: 0.02, -0.08, -0.85
Gyro: 134.52, -11.54, 58.24
Accel: 0.02, -0.26, -0.74
Gyro: 135.90, -9.56, 68.85
Accel: -0.01, -0.42, -0.68
Gyro: 138.19, -15.70, 74.99
Accel: -0.04, -0.72, -0.69
Gyro: 125.85, -21.90, 74.78
Accel: -0.08, -1.01, -0.80
Gyro: 77.32, -19.49, 55.40
Accel: -0.14, -0.96, -0.84
Gyro: 35.76, -15.05, 33.05
Accel: -0.16, -0.84, -0.82
Gyro: 13.67, -10.79, 20.52
Accel: -0.14, -0.81, -0.85
Gyro: -1.06, -1.66, 5.87
Accel: -0.12, -0.70, -0.78
Gyro: -6.77, -1.07, -6.92
Accel: -0.13, -0.60, -0.80
Gyro: -9.85, -1.92, -7.79
Accel: -0.12, -0.64, -0.84
Gyro: -9.33, 3.78, -7.89
Accel: -0.10, -0.69, -0.79
Gyro: -15.62, 5.89, -14.30
Accel: -0.14, -0.77, -0.83
Gyro: -31.91, 7.51, -20.82
Accel: -0.17, -0.80, -0.88
Gyro: -56.33, 17.51, -28.50
Accel: -0.16, -0.74, -0.87
Gyro: -82.64, 27.12, -32.88
Accel: -0.11, -0.63, -0.80
Gyro: -106.55, 32.64, -36.38
Accel: -0.08, -0.64, -0.82
Gyro: -128.95, 34.64, -42.72
Accel: -0.01, -0.43, -0.76
Gyro: -141.89, 34.11, -49.21
Accel: 0.04, -0.22, -0.76
Gyro: -139.50, 30.95, -45.65
Accel: 0.07, -0.16, -0.80
Gyro: -132.19, 27.03, -41.98
Accel: 0.10, -0.07, -0.79
Gyro: -121.25, 21.46, -41.76
Accel: 0.13, -0.02, -0.79
Gyro: -112.88, 13.28, -45.81
Accel: 0.14, 0.18, -0.86
Gyro: -92.93, 4.37, -48.03
Accel: 0.13, 0.22, -0.94
Gyro: -66.51, 1.61, -43.87
Accel: 0.14, 0.27, -0.94
Gyro: -47.32, 1.05, -39.85
Accel: 0.14, 0.31, -0.95
Gyro: -27.46, -0.76, -29.94
Accel: 0.13, 0.27, -0.97
Gyro: -15.62, 0.34, -18.67
Accel: 0.14, 0.24, -0.94
Gyro: -8.70, 0.51, -8.67
Accel: 0.15, 0.21, -0.94
Gyro: -5.64, -0.31, -2.16
Accel: 0.15, 0.20, -0.95
Gyro: -3.93, -2.04, 1.00
Accel: 0.14, 0.18, -0.97
Gyro: -1.56, -1.69, 3.23
Accel: 0.14, 0.16, -0.95
Gyro: -2.37, -0.92, 4.17
Accel: 0.13, 0.15, -0.94
Gyro: -2.10, -1.65, 5.65
Accel: 0.12, 0.13, -0.94
Gyro: -2.11, -3.86, 6.61
Accel: 0.11, 0.11, -0.95
Gyro: -2.40, -5.42, 4.81
Accel: 0.11, 0.11, -0.95
Gyro: -1.34, -6.58, 2.72
Accel: 0.10, 0.10, -0.96
Gyro: 1.24, -7.64, 0.49
Accel: 0.09, 0.09, -0.97
Gyro: 2.43, -8.25, -0.69
Accel: 0.07, 0.07, -0.97
Gyro: 1.14, -7.64, -1.70
Accel: 0.07, 0.08, -0.98
Gyro: -0.80, -5.90, -2.40
Accel: 0.06, 0.10, -0.99
Gyro: -1.83, -3.68, -1.98
Accel: 0.07, 0.12, -1.00
Gyro: -1.77, -0.65, 0.24
Accel: 0.08, 0.10, -0.96
Gyro: -1.29, 0.89, 3.36
Accel: 0.09, 0.09, -0.95
Gyro: -2.03, 0.49, 3.69
Accel: 0.10, 0.09, -0.95
Gyro: -0.79, -1.04, 3.27
Accel: 0.11, 0.09, -0.95
Gyro: 0.56, -2.35, 2.30
Accel: 0.11, 0.08, -0.96
Gyro: 1.35, -3.25, 0.95
Accel: 0.10, 0.09, -0.95
Gyro: 1.82, -3.75, 0.65
Accel: 0.10, 0.10, -0.96
Gyro: 1.09, -4.19, 1.16
Accel: 0.10, 0.09, -0.96
Gyro: -0.23, -4.77, 1.81
Accel: 0.09, 0.08, -0.97
Gyro: -0.39, -4.28, 2.42
Accel: 0.09, 0.07, -0.97
Gyro: -0.33, -3.68, 2.32
Accel: 0.08, 0.07, -0.96
Gyro: -0.53, -2.84, 0.91
Accel: 0.09, 0.06, -0.96
Gyro: -2.02, -2.43, -1.15
Accel: 0.09, 0.09, -0.97
Gyro: -2.78, -2.12, -2.87
Accel: 0.09, 0.09, -0.96
Gyro: -1.51, -1.79, -2.64
Accel: 0.08, 0.09, -0.95
Gyro: -2.38, -1.95, -2.66
Accel: 0.08, 0.10, -0.96
Gyro: -3.62, -2.58, -2.38
Accel: 0.08, 0.09, -0.96
Gyro: -3.70, -2.52, -1.93
Accel: 0.07, 0.10, -0.97
Gyro: -3.49, -2.29, -2.29
Accel: 0.07, 0.10, -0.96
Gyro: -2.98, -2.40, -2.22
Accel: 0.07, 0.10, -0.98
Gyro: -1.95, -2.66, -1.57
Accel: 0.06, 0.10, -0.97
Gyro: -2.27, -1.93, -1.17
Accel: 0.06, 0.10, -0.97
Gyro: -0.89, -1.05, 0.16
Accel: 0.06, 0.08, -0.97
Gyro: -0.47, -0.43, 1.04
Accel: 0.07, 0.08, -0.97
Gyro: -0.93, 0.05, 0.76
Accel: 0.07, 0.08, -0.97
Gyro: -1.05, 0.52, 0.59
Accel: 0.08, 0.08, -0.97
Gyro: -0.66, 0.79, 0.24
Accel: 0.07, 0.08, -0.96
Gyro: -0.59, 0.24, -0.14
Accel: 0.08, 0.08, -0.96
Gyro: -0.54, 0.00, -0.10
