Accel: 0.01, 0.09, -0.96
Gyro: -0.43, 1.16, -0.14
Accel: 0.01, 0.08, -0.96
Gyro: -0.28, 0.84, 0.07
Accel: 0.01, 0.09, -0.96
Gyro: -0.07, 0.64, 0.31
Accel: 0.01, 0.08, -0.96
Gyro: -0.05, -0.07, 0.50
Accel: 0.01, 0.08, -0.96
Gyro: -0.28, -0.47, 0.32
Accel: 0.01, 0.08, -0.97
Gyro: -0.05, -0.69, 0.20
Accel: 0.01, 0.08, -0.97
Gyro: 0.22, -0.74, 0.27
Accel: 0.01, 0.08, -0.97
Gyro: -0.08, -1.12, 0.57
Accel: 0.00, 0.08, -0.97
Gyro: -0.28, -0.96, 0.47
Accel: -0.00, 0.12, -0.97
Gyro: 0.44, -0.72, 1.45
Accel: 0.01, 0.15, -0.96
Gyro: 3.53, -0.10, 2.03
Accel: 0.01, 0.17, -1.00
Gyro: 15.00, 1.13, 3.90
Accel: 0.00, 0.16, -0.96
Gyro: 24.45, 1.11, 5.29
Accel: -0.00, 0.18, -0.99
Gyro: 35.11, 2.14, 7.06
Accel: 0.01, 0.20, -0.97
Gyro: 48.93, 4.65, 10.98
Accel: 0.00, 0.21, -0.95
Gyro: 67.28, 5.09, 18.19
Accel: 0.01, 0.21, -0.94
Gyro: 88.59, 6.82, 27.92
Accel: 0.00, 0.11, -0.92
Gyro: 103.65, 6.44, 41.31
Accel: -0.01, -0.03, -0.93
Gyro: 105.73, 10.92, 52.96
Accel: -0.01, -0.16, -0.93
Gyro: 105.13, 18.41, 56.08
Accel: 0.03, -0.24, -0.75
Gyro: 110.24, 14.56, 52.68
Accel: 0.03, -0.33, -0.76
Gyro: 113.94, 3.43, 48.74
Accel: 0.00, -0.43, -0.76
Gyro: 113.30, -2.92, 44.03
Accel: -0.02, -0.51, -0.80
Gyro: 110.05, -2.40, 38.54
Accel: -0.02, -0.59, -0.77
Gyro: 100.14, -0.95, 32.91
Accel: -0.00, -0.61, -0.71
Gyro: 95.81, -3.83, 29.01
Accel: -0.00, -0.64, -0.64
Gyro: 93.61, -10.85, 27.32
Accel: -0.05, -0.77, -0.64
Gyro: 86.51, -18.86, 30.08
Accel: -0.09, -0.88, -0.71
Gyro: 64.93, -15.21, 24.37
Accel: -0.10, -0.87, -0.66
Gyro: 46.65, -12.00, 19.34
Accel: -0.12, -0.88, -0.63
Gyro: 31.39, -12.83, 19.12
Accel: -0.14, -0.89, -0.65
Gyro: 18.91, -10.93, 14.09
Accel: -0.17, -0.89, -0.66
Gyro: 8.37, -7.10, 6.73
Accel: -0.16, -0.85, -0.67
Gyro: -1.95, -2.66, 0.72
Accel: -0.16, -0.85, -0.65
Gyro: -7.21, 0.54, -4.49
Accel: -0.15, -0.89, -0.65
Gyro: -15.63, 0.34, -10.21
Accel: -0.16, -0.92, -0.66
Gyro: -27.99, 2.09, -18.75
Accel: -0.16, -0.89, -0.68
Gyro: -42.23, 6.10, -27.93
Accel: -0.15, -0.85, -0.67
Gyro: -53.69, 9.70, -33.54
Accel: -0.12, -0.72, -0.67
Gyro: -62.38, 11.44, -35.84
Accel: -0.11, -0.76, -0.72
Gyro: -69.44, 13.82, -36.49
Accel: -0.08, -0.70, -0.71
Gyro: -81.62, 16.68, -40.33
Accel: -0.05, -0.68, -0.72
Gyro: -92.79, 13.76, -40.06
Accel: -0.03, -0.68, -0.74
Gyro: -109.94, 11.29, -42.43
Accel: -0.01, -0.55, -0.77
Gyro: -128.59, 11.65, -45.83
Accel: -0.01, -0.47, -0.79
Gyro: -134.55, 12.42, -44.17
Accel: 0.02, -0.35, -0.79
Gyro: -139.78, 14.13, -48.02
Accel: 0.06, -0.25, -0.79
Gyro: -134.35, 10.95, -49.74
Accel: 0.10, -0.11, -0.78
Gyro: -128.60, 5.88, -49.57
Accel: 0.11, 0.01, -0.80
Gyro: -119.46, -0.81, -45.95
Accel: 0.11, 0.05, -0.84
Gyro: -105.90, -5.64, -42.44
Accel: 0.10, 0.13, -0.90
Gyro: -95.69, -7.20, -44.04
Accel: 0.10, 0.22, -0.94
Gyro: -74.05, -6.50, -42.53
Accel: 0.10, 0.23, -0.95
Gyro: -55.06, -3.96, -38.92
Accel: 0.09, 0.22, -0.95
Gyro: -43.92, -2.61, -35.67
Accel: 0.09, 0.27, -0.94
Gyro: -36.79, -3.75, -29.28
Accel: 0.10, 0.28, -0.97
Gyro: -35.45, -3.02, -14.34
Accel: 0.09, 0.23, -0.95
Gyro: -36.63, -2.30, -8.97
Accel: 0.08, 0.32, -0.97
Gyro: -25.79, -3.01, -5.63
Accel: 0.08, 0.29, -0.97
Gyro: -13.58, -1.59, -1.02
Accel: 0.09, 0.26, -0.95
Gyro: -6.90, -1.76, 0.46
Accel: 0.09, 0.25, -0.93
Gyro: -3.27, -3.33, 1.58
Accel: 0.08, 0.23, -0.94
Gyro: -0.50, -5.85, 3.23
Accel: 0.08, 0.19, -0.93
Gyro: -0.17, -6.71, 2.86
Accel: 0.06, 0.19, -0.94
Gyro: 0.61, -7.68, 1.49
Accel: 0.06, 0.19, -0.96
Gyro: 3.74, -8.17, 1.34
Accel: 0.04, 0.18, -0.96
Gyro: 4.95, -7.47, 0.72
Accel: 0.04, 0.17, -0.97
Gyro: 4.52, -5.98, 0.72
Accel: 0.04, 0.17, -0.98
Gyro: 4.94, -5.26, 2.00
Accel: 0.03, 0.15, -0.98
Gyro: 4.59, -4.24, 2.73
Accel: 0.03, 0.15, -0.97
Gyro: 4.49, -3.01, 2.79
Accel: 0.03, 0.14, -0.97
Gyro: 4.68, -1.94, 2.88
Accel: 0.03, 0.14, -0.97
Gyro: 5.13, -1.11, 2.88
Accel: 0.04, 0.13, -0.96
Gyro: 5.02, -0.62, 2.57
Accel: 0.04, 0.12, -0.96
Gyro: 4.76, 0.02, 2.04
Accel: 0.05, 0.12, -0.96
Gyro: 4.17, 0.31, 1.69
Accel: 0.05, 0.11, -0.95
Gyro: 3.35, 0.46, 1.96
Accel: 0.05, 0.12, -0.97
Gyro: 2.69, 0.06, 2.08
Accel: 0.06, 0.11, -0.96
Gyro: 2.24, -0.47, 2.44
Accel: 0.05, 0.12, -0.97
Gyro: 0.53, -0.24, 3.40
Accel: 0.05, 0.12, -0.96
Gyro: -2.05, 1.00, 5.62
Accel: 0.06, 0.11, -0.96
Gyro: -4.27, 0.92, 5.55
Accel: 0.06, 0.12, -0.96
Gyro: -2.40, 0.22, 4.04
Accel: 0.06, 0.11, -0.96
Gyro: -1.14, -0.49, 1.05
Accel: 0.06, 0.11, -0.96
Gyro: -1.25, -0.51, -2.62
Accel: 0.06, 0.13, -0.96
Gyro: -1.08, -0.25, -3.42
Accel: 0.06, 0.13, -0.95
Gyro: -0.82, -0.08, -3.03
Accel: 0.06, 0.13, -0.96
Gyro: -1.36, -0.24, -2.54
Accel: 0.06, 0.14, -0.96
Gyro: -0.80, -1.30, -1.56
Accel: 0.06, 0.13, -0.96
Gyro: -0.79, -1.85, -0.95
Accel: 0.06, 0.13, -0.97
Gyro: -0.89, -1.72, -0.80
Accel: 0.06, 0.13, -0.96
Gyro: 0.47, -1.55, 0.27
Accel: 0.06, 0.11, -0.95
Gyro: 0.51, -1.62, 0.34
Accel: 0.05, 0.12, -0.97
Gyro: -0.18, -1.29, -0.03
Accel: 0.05, 0.12, -0.97
Gyro: 0.49, -0.81, 0.34
Accel: 0.05, 0.11, -0.96
Gyro: 0.64, -0.62, 0.47
Accel: 0.06, 0.10, -0.96
Gyro: 0.31, -0.40, 0.50
Accel: 0.06, 0.10, -0.96
Gyro: -0.04, -0.25, 0.37
Accel: 0.05, 0.09, -0.96
Gyro: -0.42, -0.43, -0.20
Accel: 0.06, 0.10, -0.96
Gyro: -0.79, -0.25, -0.43
Accel: 0.05, 0.10, -0.96
Gyro: -1.27, -0.32, -0.84
