Accel: 0.03, -0.12, -0.97
Gyro: -3.36, -0.66, -1.04
Accel: 0.03, -0.11, -0.98
Gyro: -2.67, -0.14, -0.97
Accel: 0.03, -0.11, -0.98
Gyro: -1.75, 0.39, -0.31
Accel: 0.04, -0.12, -0.97
Gyro: -1.39, 0.41, 0.18
Accel: 0.04, -0.12, -0.97
Gyro: -1.54, -0.37, 0.37
Accel: 0.04, -0.13, -0.96
Gyro: -1.65, -0.72, 0.31
Accel: 0.04, -0.12, -0.97
Gyro: -1.33, -0.63, -0.02
Accel: 0.04, -0.13, -0.97
Gyro: -1.72, -0.64, -0.28
Accel: 0.04, -0.12, -0.96
Gyro: -1.94, -1.26, -1.24
Accel: 0.04, -0.13, -0.96
Gyro: -1.90, -1.43, -1.11
Accel: 0.03, -0.13, -0.97
Gyro: -2.34, -1.34, -1.33
Accel: 0.03, -0.12, -0.97
Gyro: -2.63, -1.31, -1.30
Accel: 0.03, -0.12, -0.97
Gyro: -2.20, -1.04, -1.50
Accel: 0.04, -0.12, -0.97
Gyro: -2.11, -0.44, -1.23
Accel: 0.04, -0.13, -0.97
Gyro: -2.59, -0.35, -1.21
Accel: 0.03, -0.13, -0.97
Gyro: -3.19, -0.32, -1.54
Accel: 0.03, -0.13, -0.98
Gyro: -2.98, -0.23, -1.77
Accel: 0.04, -0.13, -0.96
Gyro: -5.50, 0.11, -3.39
Accel: 0.03, -0.11, -0.98
Gyro: -3.52, -0.23, -3.06
Accel: 0.03, -0.13, -0.97
Gyro: -3.95, -0.59, -3.50
Accel: 0.03, -0.11, -0.97
Gyro: -5.17, -0.39, -3.81
Accel: 0.03, -0.11, -0.97
Gyro: -4.98, 0.24, -3.37
Accel: 0.02, -0.11, -0.98
Gyro: -4.82, 1.25, -2.48
Accel: 0.03, -0.10, -0.97
Gyro: -5.35, 2.42, -2.26
Accel: 0.04, -0.10, -0.96
Gyro: -5.37, 2.20, -2.22
Accel: 0.04, -0.11, -0.98
Gyro: -5.14, 1.93, -1.96
Accel: 0.04, -0.12, -0.97
Gyro: -6.25, 2.56, -3.17
Accel: 0.04, -0.10, -0.98
Gyro: -5.04, 3.11, -3.19
Accel: 0.05, -0.11, -0.97
Gyro: -5.26, 3.60, -3.65
Accel: 0.05, -0.11, -0.97
Gyro: -5.26, 3.33, -4.46
Accel: 0.05, -0.10, -0.96
Gyro: -5.33, 3.07, -4.24
Accel: 0.06, -0.09, -0.96
Gyro: -5.66, 2.24, -4.19
Accel: 0.06, -0.10, -0.96
Gyro: -5.62, 1.79, -3.89
Accel: 0.06, -0.10, -0.97
Gyro: -6.15, 1.74, -3.88
Accel: 0.07, -0.10, -0.98
Gyro: -7.27, 1.76, -4.39
Accel: 0.06, -0.10, -0.98
Gyro: -8.45, 2.03, -4.65
Accel: 0.05, -0.12, -0.98
Gyro: -11.46, 2.78, -4.28
Accel: 0.03, -0.15, -0.99
Gyro: -17.56, 4.11, -4.49
Accel: 0.03, -0.20, -0.98
Gyro: -27.72, 6.76, -5.87
Accel: -0.00, -0.31, -1.03
Gyro: -48.74, 11.10, -12.57
Accel: 0.03, -0.22, -0.99
Gyro: -69.76, 18.01, -24.90
Accel: 0.05, -0.14, -0.97
Gyro: -71.15, 20.77, -33.89
Accel: 0.04, -0.16, -0.97
Gyro: -77.91, 24.31, -44.94
Accel: 0.06, -0.07, -0.94
Gyro: -89.91, 29.59, -49.42
Accel: 0.09, -0.01, -0.90
Gyro: -99.30, 32.13, -50.45
Accel: 0.12, 0.04, -0.85
Gyro: -102.36, 30.11, -55.13
Accel: 0.16, 0.12, -0.85
Gyro: -106.58, 27.46, -54.20
Accel: 0.18, 0.20, -0.79
Gyro: -120.48, 26.18, -49.64
Accel: 0.19, 0.25, -0.68
Gyro: -127.54, 17.96, -45.14
Accel: 0.20, 0.33, -0.62
Gyro: -134.80, 4.64, -49.71
Accel: 0.17, 0.52, -0.61
Gyro: -136.38, -3.64, -57.62
Accel: 0.14, 0.74, -0.59
Gyro: -120.99, -11.16, -63.28
Accel: 0.10, 0.95, -0.57
Gyro: -93.54, -21.73, -65.98
Accel: 0.04, 1.09, -0.61
Gyro: -60.90, -29.98, -57.75
Accel: -0.01, 1.10, -0.69
Gyro: -34.98, -31.89, -43.14
Accel: -0.06, 1.07, -0.73
Gyro: -18.30, -25.41, -24.89
Accel: -0.09, 1.07, -0.76
Gyro: -7.53, -15.85, -6.10
Accel: -0.09, 0.98, -0.71
Gyro: -1.07, -7.58, 6.17
Accel: -0.10, 1.00, -0.72
Gyro: 12.60, -0.41, 12.78
Accel: -0.09, 1.03, -0.75
Gyro: 30.48, 8.87, 21.33
Accel: -0.05, 1.05, -0.69
Gyro: 49.65, 12.36, 33.21
Accel: -0.04, 1.04, -0.66
Gyro: 71.52, 11.03, 50.15
Accel: -0.01, 0.87, -0.67
Gyro: 89.00, 10.39, 63.60
Accel: 0.02, 0.73, -0.67
Gyro: 99.14, 8.00, 67.40
Accel: 0.05, 0.58, -0.69
Gyro: 105.81, 5.40, 66.64
Accel: 0.09, 0.45, -0.70
Gyro: 110.87, 1.99, 62.48
Accel: 0.10, 0.35, -0.75
Gyro: 108.44, -0.58, 57.81
Accel: 0.11, 0.32, -0.80
Gyro: 100.25, -0.79, 58.62
Accel: 0.13, 0.27, -0.81
Gyro: 93.67, -2.07, 65.66
Accel: 0.15, 0.21, -0.81
Gyro: 90.79, -7.45, 71.90
Accel: 0.14, 0.12, -0.81
Gyro: 90.07, -17.05, 75.81
Accel: 0.13, -0.02, -0.83
Gyro: 84.97, -25.47, 71.95
Accel: 0.11, -0.17, -0.88
Gyro: 75.05, -31.08, 57.53
Accel: 0.09, -0.23, -0.97
Gyro: 60.41, -29.85, 35.35
Accel: 0.08, -0.21, -1.02
Gyro: 50.80, -21.96, 17.42
Accel: 0.08, -0.23, -1.02
Gyro: 40.34, -12.24, 4.58
Accel: 0.09, -0.17, -0.99
Gyro: 32.75, -5.45, -1.85
Accel: 0.11, -0.15, -0.97
Gyro: 29.08, -4.14, -2.05
Accel: 0.12, -0.13, -0.93
Gyro: 26.53, -6.29, 0.35
Accel: 0.12, -0.20, -0.95
Gyro: 26.34, -7.73, -1.21
Accel: 0.12, -0.21, -0.95
Gyro: 28.37, -8.03, -11.37
Accel: 0.11, -0.19, -0.97
Gyro: 26.79, -6.40, -15.31
Accel: 0.12, -0.19, -0.97
Gyro: 18.14, -4.57, -15.03
Accel: 0.13, -0.18, -0.95
Gyro: 9.80, -5.25, -14.12
Accel: 0.12, -0.16, -0.94
Gyro: 4.94, -8.07, -13.24
Accel: 0.11, -0.15, -0.95
Gyro: 2.36, -10.56, -11.13
Accel: 0.09, -0.14, -0.97
Gyro: -2.23, -10.67, -10.09
Accel: 0.08, -0.11, -0.97
Gyro: -4.84, -9.86, -6.75
Accel: 0.07, -0.11, -0.96
Gyro: -7.26, -9.50, -2.44
Accel: 0.07, -0.11, -0.96
Gyro: -6.00, -8.55, 0.58
Accel: 0.06, -0.13, -0.97
Gyro: -5.09, -7.44, 1.42
Accel: 0.06, -0.13, -0.97
Gyro: -4.33, -7.09, 0.42
Accel: 0.06, -0.13, -0.96
Gyro: -2.66, -7.84, -1.21
Accel: 0.06, -0.16, -0.96
Gyro: -0.71, -8.51, -4.23
Accel: 0.04, -0.16, -0.96
Gyro: 1.78, -9.05, -11.27
Accel: 0.04, -0.14, -0.97
Gyro: 3.38, -9.06, -13.46
Accel: 0.04, -0.12, -1.00
Gyro: 4.61, -8.01, -12.35
Accel: 0.04, -0.11, -1.03
Gyro: 6.45, -4.76, -9.04
Accel: 0.03, -0.18, -0.98
Gyro: 6.84, 0.52, -10.22
Accel: 0.05, -0.15, -0.94
Gyro: 2.40, 0.34, -12.21
Accel: 0.06, -0.11, -0.95
Gyro: 0.22, -1.65, -8.26
