Accel: 0.17, -0.09, -0.95
Gyro: -6.83, 0.78, -6.34
Accel: 0.17, -0.09, -0.96
Gyro: -4.65, -0.26, -5.10
Accel: 0.17, -0.09, -0.94
Gyro: -4.72, -1.08, -5.02
Accel: 0.17, -0.08, -0.95
Gyro: -5.51, -1.85, -4.81
Accel: 0.17, -0.07, -0.95
Gyro: -4.88, -1.75, -3.61
Accel: 0.17, -0.08, -0.94
Gyro: -4.10, -1.27, -2.46
Accel: 0.17, -0.08, -0.94
Gyro: -3.59, -1.52, -2.17
Accel: 0.16, -0.09, -0.95
Gyro: -3.30, -1.97, -1.95
Accel: 0.16, -0.09, -0.96
Gyro: -3.63, -1.53, -2.40
Accel: 0.16, -0.09, -0.95
Gyro: -2.97, -1.67, -1.69
Accel: 0.16, -0.10, -0.96
Gyro: -3.62, -1.28, -1.83
Accel: 0.16, -0.09, -0.95
Gyro: -5.10, -0.58, -2.43
Accel: 0.16, -0.09, -0.97
Gyro: -5.60, 0.31, -2.68
Accel: 0.16, -0.08, -0.96
Gyro: -5.61, 1.14, -3.57
Accel: 0.16, -0.06, -0.96
Gyro: -5.14, 1.81, -3.72
Accel: 0.16, -0.06, -0.97
Gyro: -4.01, 2.34, -2.87
Accel: 0.16, -0.06, -0.96
Gyro: -3.04, 3.13, -2.06
Accel: 0.17, -0.07, -0.95
Gyro: -2.66, 3.44, -1.46
Accel: 0.18, -0.08, -0.94
Gyro: -2.96, 3.17, -1.37
Accel: 0.18, -0.08, -0.95
Gyro: -4.04, 2.28, -1.68
Accel: 0.18, -0.13, -0.95
Gyro: -7.21, 2.13, -2.73
Accel: 0.17, -0.19, -0.96
Gyro: -15.84, 2.85, -6.10
Accel: 0.18, -0.20, -0.95
Gyro: -29.27, 4.88, -11.38
Accel: 0.17, -0.26, -0.93
Gyro: -50.11, 5.08, -17.75
Accel: 0.18, -0.23, -0.93
Gyro: -70.70, 5.55, -26.95
Accel: 0.18, -0.19, -0.91
Gyro: -86.88, 8.18, -38.48
Accel: 0.16, -0.20, -0.88
Gyro: -99.32, 8.41, -55.04
Accel: 0.16, -0.08, -0.86
Gyro: -111.01, 8.22, -72.98
Accel: 0.14, 0.04, -0.84
Gyro: -108.61, 5.68, -87.71
Accel: 0.10, 0.09, -0.84
Gyro: -106.47, 4.41, -104.75
Accel: 0.08, 0.28, -0.78
Gyro: -104.55, 4.17, -119.62
Accel: 0.07, 0.57, -0.80
Gyro: -91.54, 2.29, -118.10
Accel: 0.05, 0.81, -0.79
Gyro: -78.66, -0.40, -96.04
Accel: 0.05, 0.92, -0.81
Gyro: -64.21, -0.06, -62.10
Accel: 0.07, 0.89, -0.79
Gyro: -46.27, -0.89, -33.10
Accel: 0.06, 0.81, -0.79
Gyro: -31.01, -1.50, -13.54
Accel: 0.08, 0.77, -0.81
Gyro: -16.98, 0.50, -3.39
Accel: 0.09, 0.67, -0.77
Gyro: -3.33, -1.66, -0.46
Accel: 0.11, 0.72, -0.73
Gyro: 6.06, -7.33, 3.68
Accel: 0.09, 0.81, -0.83
Gyro: 18.35, -9.96, 18.23
Accel: 0.05, 0.80, -0.88
Gyro: 30.04, -0.46, 39.88
Accel: 0.08, 0.78, -0.79
Gyro: 40.28, -1.59, 59.55
Accel: 0.06, 0.76, -0.82
Gyro: 49.88, -4.64, 80.09
Accel: 0.06, 0.70, -0.84
Gyro: 64.54, -4.19, 98.50
Accel: 0.07, 0.53, -0.77
Gyro: 81.31, -5.23, 107.35
Accel: 0.10, 0.38, -0.79
Gyro: 94.47, -6.26, 103.41
Accel: 0.14, 0.24, -0.81
Gyro: 105.83, -5.27, 94.64
Accel: 0.16, 0.06, -0.85
Gyro: 106.95, -2.37, 78.74
Accel: 0.19, -0.04, -0.84
Gyro: 101.60, -1.35, 58.35
Accel: 0.21, -0.03, -0.83
Gyro: 94.19, -5.27, 43.86
Accel: 0.22, -0.08, -0.84
Gyro: 82.86, -12.14, 39.54
Accel: 0.19, -0.18, -0.91
Gyro: 64.13, -16.14, 37.47
Accel: 0.17, -0.15, -0.95
Gyro: 44.61, -14.27, 35.90
Accel: 0.16, -0.13, -0.95
Gyro: 33.61, -11.62, 36.90
Accel: 0.16, -0.21, -0.94
Gyro: 27.44, -11.02, 36.99
Accel: 0.14, -0.29, -0.97
Gyro: 16.06, -9.96, 27.50
Accel: 0.14, -0.25, -0.98
Gyro: 6.68, -6.39, 15.62
Accel: 0.15, -0.20, -0.96
Gyro: 6.48, -4.28, 8.51
Accel: 0.15, -0.19, -0.95
Gyro: 6.12, -3.50, 3.33
Accel: 0.15, -0.20, -0.95
Gyro: 3.38, -3.65, -0.89
Accel: 0.16, -0.18, -0.93
Gyro: -0.62, -3.97, -4.02
Accel: 0.16, -0.16, -0.94
Gyro: -3.26, -4.97, -6.42
Accel: 0.16, -0.14, -0.95
Gyro: -4.86, -5.15, -7.89
Accel: 0.15, -0.13, -0.95
Gyro: -5.37, -5.16, -8.54
Accel: 0.14, -0.12, -0.96
Gyro: -5.42, -5.22, -8.77
Accel: 0.14, -0.11, -0.97
Gyro: -5.71, -4.33, -8.12
Accel: 0.15, -0.12, -0.96
Gyro: -7.13, -3.38, -7.07
Accel: 0.15, -0.10, -0.94
Gyro: -8.50, -3.48, -5.71
Accel: 0.15, -0.10, -0.95
Gyro: -9.69, -3.73, -5.13
Accel: 0.15, -0.07, -0.96
Gyro: -7.70, -3.40, -4.47
Accel: 0.15, -0.09, -0.95
Gyro: -5.33, -3.90, -3.72
Accel: 0.14, -0.10, -0.95
Gyro: -5.65, -4.38, -5.49
Accel: 0.14, -0.09, -0.96
Gyro: -5.79, -4.25, -6.41
Accel: 0.13, -0.09, -0.96
Gyro: -5.10, -3.73, -6.18
Accel: 0.14, -0.09, -0.96
Gyro: -5.78, -3.00, -6.16
Accel: 0.13, -0.08, -0.95
Gyro: -6.40, -3.31, -6.57
Accel: 0.13, -0.07, -0.97
Gyro: -7.00, -2.44, -6.81
Accel: 0.13, -0.06, -0.97
Gyro: -6.13, -1.24, -6.81
Accel: 0.13, -0.07, -0.96
Gyro: -5.55, -1.17, -5.74
Accel: 0.13, -0.07, -0.96
Gyro: -5.78, -1.10, -5.65
Accel: 0.13, -0.05, -0.95
Gyro: -4.98, -0.49, -4.52
Accel: 0.13, -0.06, -0.96
Gyro: -3.90, 0.35, -3.33
Accel: 0.14, -0.06, -0.96
Gyro: -3.25, 1.05, -2.53
Accel: 0.14, -0.07, -0.96
Gyro: -3.23, 0.99, -1.46
Accel: 0.13, -0.08, -0.96
Gyro: -5.59, 2.36, 0.27
Accel: 0.14, -0.08, -0.95
Gyro: -10.35, 2.43, 3.24
Accel: 0.15, -0.08, -0.93
Gyro: -14.34, 0.13, 5.37
Accel: 0.15, -0.07, -0.94
Gyro: -15.62, -1.31, 5.57
Accel: 0.14, -0.08, -0.95
Gyro: -15.33, -2.38, 3.36
Accel: 0.13, -0.06, -0.97
Gyro: -12.54, -2.11, 0.21
Accel: 0.14, -0.06, -0.96
Gyro: -8.88, -1.58, -2.94
Accel: 0.13, -0.06, -0.97
Gyro: -7.97, -0.82, -7.18
Accel: 0.14, -0.02, -0.96
Gyro: -5.40, -0.32, -8.65
Accel: 0.14, -0.02, -0.97
Gyro: -4.20, -0.56, -7.68
Accel: 0.13, -0.01, -0.96
Gyro: -4.87, -0.62, -6.98
Accel: 0.14, -0.00, -0.97
Gyro: -4.85, -0.34, -5.36
Accel: 0.14, -0.02, -0.96
Gyro: -4.77, 0.36, -4.13
Accel: 0.15, -0.02, -0.96
Gyro: -5.45, 0.78, -4.05
Accel: 0.15, -0.01, -0.96
Gyro: -6.32, 1.27, -3.04
Accel: 0.15, -0.01, -0.95
Gyro: -6.54, 0.97, -2.20
Accel: 0.14, -0.00, -0.95
Gyro: -5.34, 0.05, -2.20
