Accel: 0.14, -0.01, -0.96
Gyro: -3.45, -0.40, -1.91
Accel: 0.14, -0.02, -0.95
Gyro: -2.85, -0.64, -2.36
Accel: 0.14, -0.02, -0.95
Gyro: -3.05, -0.73, -2.49
Accel: 0.15, -0.01, -0.96
Gyro: -2.81, -0.28, -2.15
Accel: 0.15, -0.01, -0.96
Gyro: -2.37, 0.32, -1.61
Accel: 0.14, -0.01, -0.96
Gyro: -2.37, 0.47, -1.29
Accel: 0.16, -0.01, -0.96
Gyro: -2.23, 0.38, -1.12
Accel: 0.14, -0.03, -0.96
Gyro: -2.36, 0.83, -1.17
Accel: 0.15, -0.02, -0.96
Gyro: -2.48, 0.76, -1.48
Accel: 0.15, -0.02, -0.96
Gyro: -2.53, 0.37, -1.69
Accel: 0.15, -0.02, -0.94
Gyro: -2.36, -0.27, -2.02
Accel: 0.15, -0.02, -0.96
Gyro: -3.20, -0.51, -2.20
Accel: 0.14, -0.02, -0.95
Gyro: -3.43, -0.29, -1.98
Accel: 0.15, -0.02, -0.96
Gyro: -4.54, -0.35, -2.61
Accel: 0.15, 0.00, -0.96
Gyro: -3.88, 0.35, -2.24
Accel: 0.15, -0.02, -0.96
Gyro: -2.91, -0.09, -1.44
Accel: 0.14, -0.02, -0.96
Gyro: -4.13, -0.03, -2.30
Accel: 0.15, -0.02, -0.96
Gyro: -5.13, 0.48, -3.11
Accel: 0.15, -0.02, -0.97
Gyro: -5.78, 0.89, -3.90
Accel: 0.15, -0.02, -0.95
Gyro: -6.94, 1.87, -4.97
Accel: 0.15, -0.02, -0.96
Gyro: -8.07, 2.00, -5.21
Accel: 0.16, -0.05, -0.98
Gyro: -10.09, 2.26, -2.65
Accel: 0.16, -0.11, -0.97
Gyro: -18.66, 3.52, -3.32
Accel: 0.15, -0.07, -0.95
Gyro: -29.61, 5.68, -2.44
Accel: 0.16, -0.06, -0.94
Gyro: -39.41, 6.10, -1.79
Accel: 0.16, -0.06, -0.97
Gyro: -46.79, 7.32, -2.29
Accel: 0.15, -0.08, -0.96
Gyro: -58.62, 11.31, -6.49
Accel: 0.18, -0.11, -0.91
Gyro: -71.86, 13.09, -11.63
Accel: 0.20, -0.17, -0.88
Gyro: -89.27, 9.68, -18.16
Accel: 0.23, -0.03, -0.81
Gyro: -117.16, 4.43, -25.45
Accel: 0.20, 0.16, -0.76
Gyro: -127.16, -5.72, -22.32
Accel: 0.15, 0.27, -0.76
Gyro: -133.26, -9.47, -22.76
Accel: 0.14, 0.40, -0.80
Gyro: -136.41, -7.00, -26.80
Accel: 0.13, 0.50, -0.77
Gyro: -126.59, -3.36, -31.17
Accel: 0.12, 0.57, -0.72
Gyro: -115.17, 0.07, -39.70
Accel: 0.11, 0.67, -0.70
Gyro: -98.01, -0.19, -47.07
Accel: 0.09, 0.75, -0.73
Gyro: -81.61, 3.07, -51.50
Accel: 0.12, 0.79, -0.74
Gyro: -66.33, 10.89, -55.00
Accel: 0.06, 0.78, -0.67
Gyro: -64.02, 2.90, -42.52
Accel: 0.12, 0.86, -0.65
Gyro: -90.74, 10.73, -23.12
Accel: 0.12, 0.96, -0.49
Gyro: -70.69, -6.88, -6.09
Accel: 0.02, 0.86, -0.74
Gyro: -57.37, -4.58, -4.46
Accel: 0.05, 0.87, -0.64
Gyro: -55.73, 9.35, -5.23
Accel: 0.06, 0.85, -0.52
Gyro: -40.13, 8.06, -7.88
Accel: 0.07, 0.90, -0.52
Gyro: -29.24, 4.12, -14.10
Accel: 0.07, 0.97, -0.51
Gyro: -13.82, -1.11, -12.77
Accel: 0.04, 0.98, -0.55
Gyro: -8.93, -0.60, -7.61
Accel: 0.04, 0.97, -0.55
Gyro: 0.34, -0.43, -0.68
Accel: 0.04, 0.93, -0.55
Gyro: 4.33, 0.07, 5.36
Accel: 0.04, 0.90, -0.57
Gyro: 12.41, 0.69, 5.54
Accel: 0.08, 0.91, -0.55
Gyro: 17.42, 2.73, 5.46
Accel: 0.08, 0.97, -0.58
Gyro: 26.00, 2.77, 8.39
Accel: 0.09, 1.00, -0.57
Gyro: 40.01, 2.12, 13.93
Accel: 0.10, 0.95, -0.53
Gyro: 57.95, -3.31, 15.79
Accel: 0.09, 0.95, -0.55
Gyro: 76.46, -8.84, 13.93
Accel: 0.08, 0.89, -0.61
Gyro: 103.46, -13.63, 11.23
Accel: 0.06, 0.76, -0.66
Gyro: 121.15, -13.52, 5.46
Accel: 0.07, 0.72, -0.72
Gyro: 133.16, -7.20, 3.06
Accel: 0.09, 0.58, -0.72
Gyro: 141.01, -2.53, 6.10
Accel: 0.10, 0.44, -0.76
Gyro: 135.08, 2.07, 5.33
Accel: 0.11, 0.36, -0.79
Gyro: 125.16, 5.20, 3.57
Accel: 0.11, 0.31, -0.84
Gyro: 116.29, 9.99, 2.88
Accel: 0.14, 0.26, -0.82
Gyro: 110.44, 11.39, 1.93
Accel: 0.15, 0.17, -0.81
Gyro: 110.26, 6.55, 5.35
Accel: 0.13, 0.07, -0.84
Gyro: 101.34, -0.90, 6.65
Accel: 0.13, 0.02, -0.87
Gyro: 87.72, -5.10, 9.85
Accel: 0.11, -0.00, -0.91
Gyro: 71.43, -6.75, 14.21
Accel: 0.11, -0.03, -0.94
Gyro: 59.16, -5.60, 17.77
Accel: 0.12, -0.09, -0.92
Gyro: 49.62, -4.69, 20.41
Accel: 0.12, -0.11, -0.94
Gyro: 41.60, -6.23, 20.56
Accel: 0.11, -0.13, -0.95
Gyro: 32.49, -5.75, 19.63
Accel: 0.11, -0.13, -0.95
Gyro: 26.15, -4.54, 18.04
Accel: 0.12, -0.14, -0.94
Gyro: 22.38, -4.78, 17.14
Accel: 0.11, -0.14, -0.94
Gyro: 18.78, -6.32, 15.83
Accel: 0.10, -0.15, -0.95
Gyro: 16.75, -6.57, 14.95
Accel: 0.10, -0.18, -0.96
Gyro: 13.05, -6.48, 13.38
Accel: 0.09, -0.20, -0.97
Gyro: 6.35, -5.58, 9.57
Accel: 0.08, -0.17, -0.98
Gyro: 1.56, -4.49, 5.40
Accel: 0.08, -0.14, -0.97
Gyro: 0.27, -2.69, 2.72
Accel: 0.08, -0.14, -0.96
Gyro: -1.62, -2.27, -0.24
Accel: 0.08, -0.12, -0.96
Gyro: -1.34, -2.34, -1.85
Accel: 0.07, -0.12, -0.96
Gyro: -1.36, -2.33, -3.20
Accel: 0.08, -0.11, -0.96
Gyro: -2.59, -2.94, -4.80
Accel: 0.08, -0.09, -0.96
Gyro: -3.01, -3.15, -4.91
Accel: 0.07, -0.08, -0.97
Gyro: -2.66, -3.49, -4.32
Accel: 0.07, -0.09, -0.97
Gyro: -3.03, -3.14, -3.26
Accel: 0.07, -0.09, -0.96
Gyro: -4.77, -3.05, -2.75
Accel: 0.08, -0.08, -0.96
Gyro: -3.98, -2.43, -1.07
Accel: 0.07, -0.09, -0.96
Gyro: -3.15, -2.32, 0.31
Accel: 0.07, -0.09, -0.97
Gyro: -3.56, -2.03, 1.11
Accel: 0.07, -0.09, -0.96
Gyro: -3.87, -0.53, 2.21
Accel: 0.06, -0.09, -0.98
Gyro: -3.75, 0.94, 2.94
Accel: 0.07, -0.10, -0.96
Gyro: -3.19, 1.58, 3.29
Accel: 0.08, -0.09, -0.96
Gyro: -2.61, 1.13, 3.52
Accel: 0.07, -0.10, -0.98
Gyro: -2.40, 1.42, 4.47
Accel: 0.08, -0.10, -0.98
Gyro: -1.72, 2.75, 5.63
Accel: 0.10, -0.11, -0.97
Gyro: -1.81, 4.20, 6.71
Accel: 0.10, -0.12, -0.95
Gyro: -3.02, 4.26, 5.76
Accel: 0.10, -0.12, -0.93
Gyro: -3.94, 3.29, 3.49
Accel: 0.11, -0.11, -0.94
Gyro: -3.17, 1.54, 1.83
Accel: 0.11, -0.11, -0.93
Gyro: -1.98, -0.20, 0.92
