Accel: 0.01, -0.19, -0.96
Gyro: -2.34, -2.93, -3.54
Accel: 0.01, -0.19, -0.95
Gyro: -2.75, -3.52, -3.63
Accel: 0.01, -0.19, -0.97
Gyro: -3.18, -3.66, -4.54
Accel: 0.01, -0.19, -0.97
Gyro: -3.30, -3.12, -5.26
Accel: 0.01, -0.19, -0.96
Gyro: -3.79, -3.15, -5.68
Accel: 0.00, -0.19, -0.96
Gyro: -4.21, -3.08, -6.65
Accel: 0.00, -0.18, -0.97
Gyro: -4.38, -2.27, -7.23
Accel: 0.01, -0.17, -0.96
Gyro: -4.57, -2.24, -7.13
Accel: 0.00, -0.18, -0.96
Gyro: -3.68, -1.69, -7.18
Accel: -0.00, -0.16, -0.97
Gyro: -3.51, -2.30, -7.29
Accel: -0.00, -0.17, -0.97
Gyro: -2.87, -1.22, -7.10
Accel: -0.00, -0.17, -0.97
Gyro: -0.93, -0.08, -6.39
Accel: 0.01, -0.18, -0.95
Gyro: -0.52, 0.28, -6.16
Accel: -0.01, -0.19, -0.97
Gyro: -2.20, 0.66, -6.65
Accel: 0.01, -0.17, -0.98
Gyro: -1.50, 2.89, -7.96
Accel: 0.01, -0.19, -0.96
Gyro: 0.78, 1.69, -7.77
Accel: 0.00, -0.19, -0.96
Gyro: -0.50, 1.64, -9.16
Accel: 0.01, -0.19, -0.97
Gyro: -0.93, 1.48, -9.42
Accel: 0.00, -0.18, -0.96
Gyro: -1.81, 2.31, -8.82
Accel: 0.01, -0.19, -0.94
Gyro: -2.70, 1.66, -8.46
Accel: 0.02, -0.18, -0.94
Gyro: -3.58, -0.11, -8.61
Accel: 0.02, -0.18, -0.94
Gyro: -3.94, -1.47, -7.68
Accel: 0.02, -0.19, -0.95
Gyro: -6.65, -1.95, -7.23
Accel: 0.01, -0.18, -0.95
Gyro: -6.55, -2.94, -6.48
Accel: 0.01, -0.19, -0.96
Gyro: -8.19, -3.62, -6.40
Accel: 0.01, -0.19, -0.95
Gyro: -9.73, -3.48, -7.28
Accel: 0.01, -0.18, -0.96
Gyro: -12.06, -2.94, -6.71
Accel: -0.00, -0.17, -0.97
Gyro: -15.79, -1.69, -4.48
Accel: 0.00, -0.17, -0.96
Gyro: -18.40, -0.16, -1.57
Accel: -0.00, -0.16, -0.98
Gyro: -20.29, -0.25, 0.90
Accel: 0.00, -0.17, -0.96
Gyro: -22.14, 0.58, 0.60
Accel: 0.00, -0.17, -1.00
Gyro: -24.39, 2.66, -0.96
Accel: 0.01, -0.16, -0.98
Gyro: -27.43, 5.78, -3.05
Accel: 0.02, -0.14, -0.97
Gyro: -29.25, 4.97, -3.92
Accel: 0.01, -0.13, -0.98
Gyro: -33.81, 5.37, -3.13
Accel: -0.00, -0.15, -1.00
Gyro: -41.89, 7.06, 0.29
Accel: 0.01, -0.19, -0.98
Gyro: -55.51, 11.12, -0.42
Accel: 0.02, -0.16, -0.95
Gyro: -68.74, 13.03, -4.75
Accel: 0.03, -0.12, -0.94
Gyro: -79.70, 13.13, -9.77
Accel: 0.03, -0.07, -0.96
Gyro: -86.24, 14.40, -13.83
Accel: 0.05, -0.04, -0.93
Gyro: -94.86, 16.09, -18.87
Accel: 0.06, 0.02, -0.90
Gyro: -104.55, 17.09, -25.51
Accel: 0.07, 0.11, -0.88
Gyro: -108.94, 15.91, -30.66
Accel: 0.09, 0.17, -0.83
Gyro: -109.23, 13.76, -32.61
Accel: 0.07, 0.19, -0.80
Gyro: -114.28, 11.57, -39.67
Accel: 0.08, 0.30, -0.80
Gyro: -122.61, 11.62, -50.87
Accel: 0.08, 0.47, -0.75
Gyro: -117.81, 9.23, -55.83
Accel: 0.07, 0.61, -0.72
Gyro: -108.34, 7.39, -54.57
Accel: 0.05, 0.74, -0.70
Gyro: -97.78, 4.01, -50.48
Accel: 0.03, 0.85, -0.68
Gyro: -82.08, -1.91, -44.82
Accel: 0.01, 0.94, -0.69
Gyro: -61.14, -3.68, -37.06
Accel: -0.02, 0.97, -0.71
Gyro: -38.82, -4.80, -29.91
Accel: -0.03, 1.01, -0.70
Gyro: -20.61, -4.02, -21.14
Accel: -0.02, 1.05, -0.69
Gyro: -1.31, -3.49, -6.72
Accel: -0.02, 1.03, -0.68
Gyro: 13.04, -4.17, 11.46
Accel: -0.01, 0.97, -0.67
Gyro: 28.81, -8.28, 26.63
Accel: -0.02, 0.90, -0.70
Gyro: 44.14, -11.43, 35.36
Accel: -0.02, 0.85, -0.73
Gyro: 60.07, -9.45, 41.23
Accel: -0.00, 0.75, -0.70
Gyro: 74.27, -10.81, 43.72
Accel: -0.01, 0.72, -0.72
Gyro: 89.40, -15.08, 46.58
Accel: -0.01, 0.57, -0.74
Gyro: 100.86, -15.04, 45.25
Accel: 0.01, 0.42, -0.76
Gyro: 104.29, -15.93, 36.78
Accel: 0.01, 0.36, -0.84
Gyro: 102.13, -12.98, 27.59
Accel: 0.01, 0.29, -0.87
Gyro: 104.19, -10.09, 21.41
Accel: 0.03, 0.20, -0.88
Gyro: 99.96, -7.25, 14.75
Accel: 0.04, 0.17, -0.88
Gyro: 93.31, -7.89, 10.19
Accel: 0.03, 0.12, -0.90
Gyro: 89.59, -9.88, 8.19
Accel: 0.03, 0.09, -0.93
Gyro: 84.26, -10.90, 6.70
Accel: 0.03, 0.06, -0.93
Gyro: 80.63, -11.98, 7.04
Accel: 0.02, 0.02, -0.95
Gyro: 77.02, -11.95, 9.00
Accel: -0.00, -0.03, -0.97
Gyro: 69.42, -9.51, 9.96
Accel: 0.00, -0.07, -0.97
Gyro: 61.12, -6.10, 11.50
Accel: 0.00, -0.09, -0.95
Gyro: 55.39, -5.66, 14.47
Accel: 0.01, -0.13, -0.94
Gyro: 51.15, -6.43, 17.69
Accel: -0.00, -0.19, -0.97
Gyro: 43.82, -5.74, 18.96
Accel: -0.02, -0.20, -0.96
Gyro: 38.22, -3.23, 18.62
Accel: -0.01, -0.24, -0.99
Gyro: 30.85, 0.05, 16.40
Accel: -0.01, -0.27, -0.96
Gyro: 23.51, 2.01, 13.45
Accel: -0.01, -0.25, -0.94
Gyro: 16.84, 0.92, 10.82
Accel: -0.01, -0.23, -0.96
Gyro: 13.31, -0.54, 10.06
Accel: -0.01, -0.22, -0.97
Gyro: 10.85, -0.34, 9.64
Accel: -0.02, -0.23, -0.98
Gyro: 8.35, 1.19, 8.57
Accel: -0.01, -0.23, -0.96
Gyro: 6.65, 1.87, 6.84
Accel: -0.00, -0.22, -0.95
Gyro: 4.86, 1.14, 3.91
Accel: 0.01, -0.21, -0.94
Gyro: 4.91, -0.42, 2.14
Accel: 0.01, -0.23, -0.95
Gyro: 1.25, -1.27, -0.82
Accel: -0.00, -0.21, -0.96
Gyro: -0.26, -1.01, -3.01
Accel: -0.00, -0.21, -0.97
Gyro: -0.40, -1.22, -3.35
Accel: -0.00, -0.20, -0.97
Gyro: -1.01, -0.41, -3.53
Accel: -0.00, -0.20, -0.96
Gyro: -1.23, 0.11, -2.57
Accel: 0.00, -0.21, -0.96
Gyro: -1.25, 0.39, -1.74
Accel: 0.00, -0.20, -0.94
Gyro: -1.49, 0.28, -0.89
Accel: 0.00, -0.21, -0.93
Gyro: -0.85, -0.72, 0.27
Accel: 0.01, -0.22, -0.96
Gyro: -0.97, -1.63, 1.29
Accel: 0.00, -0.21, -0.95
Gyro: -2.20, -1.43, 0.75
Accel: -0.00, -0.22, -0.95
Gyro: -1.77, -1.66, 1.34
Accel: -0.01, -0.23, -0.96
Gyro: -2.97, -1.60, 0.65
Accel: -0.00, -0.22, -0.96
Gyro: -3.66, -1.51, -0.18
Accel: -0.01, -0.20, -0.96
Gyro: -3.44, -1.15, -0.44
Accel: -0.01, -0.21, -0.95
Gyro: -3.09, -1.25, -0.92
Accel: -0.01, -0.21, -0.95
Gyro: -3.49, -0.85, -1.44
