Accel: 0.11, -0.12, -0.95
Gyro: -3.17, -0.53, -0.88
Accel: 0.12, -0.12, -0.96
Gyro: -3.34, -1.08, -1.31
Accel: 0.11, -0.11, -0.95
Gyro: -3.97, -1.56, -1.56
Accel: 0.12, -0.11, -0.95
Gyro: -4.06, -1.57, -1.78
Accel: 0.11, -0.11, -0.95
Gyro: -4.18, -1.32, -2.18
Accel: 0.12, -0.10, -0.95
Gyro: -4.26, -0.89, -2.45
Accel: 0.11, -0.11, -0.96
Gyro: -4.62, -0.53, -2.82
Accel: 0.12, -0.09, -0.96
Gyro: -4.23, -0.11, -2.87
Accel: 0.12, -0.09, -0.96
Gyro: -3.43, 0.05, -1.72
Accel: 0.11, -0.10, -0.97
Gyro: -3.91, 0.36, -1.49
Accel: 0.11, -0.10, -0.96
Gyro: -4.24, 1.13, -1.55
Accel: 0.13, -0.11, -0.96
Gyro: -4.33, 0.96, -2.27
Accel: 0.12, -0.11, -0.96
Gyro: -4.81, 1.29, -3.05
Accel: 0.12, -0.11, -0.96
Gyro: -5.43, 1.02, -4.26
Accel: 0.13, -0.11, -0.95
Gyro: -6.71, 0.75, -4.89
Accel: 0.11, -0.11, -0.95
Gyro: -8.42, 0.95, -4.71
Accel: 0.12, -0.11, -0.98
Gyro: -11.57, 2.27, -3.39
Accel: 0.11, -0.14, -0.98
Gyro: -16.75, 4.59, -1.08
Accel: 0.10, -0.20, -1.00
Gyro: -28.47, 9.89, -0.13
Accel: 0.11, -0.24, -0.98
Gyro: -47.07, 14.83, -2.29
Accel: 0.12, -0.24, -0.95
Gyro: -63.26, 16.26, -5.21
Accel: 0.14, -0.26, -0.94
Gyro: -79.93, 17.27, -12.13
Accel: 0.14, -0.27, -0.92
Gyro: -96.50, 20.27, -25.67
Accel: 0.15, -0.16, -0.88
Gyro: -105.88, 21.28, -42.69
Accel: 0.14, -0.09, -0.85
Gyro: -110.61, 20.16, -60.01
Accel: 0.12, 0.09, -0.85
Gyro: -116.07, 22.97, -69.54
Accel: 0.14, 0.15, -0.78
Gyro: -124.82, 24.46, -68.89
Accel: 0.20, 0.34, -0.69
Gyro: -131.96, 16.33, -68.63
Accel: 0.19, 0.48, -0.65
Gyro: -125.84, 3.32, -65.54
Accel: 0.14, 0.58, -0.69
Gyro: -117.88, -1.54, -64.50
Accel: 0.13, 0.73, -0.67
Gyro: -106.32, -2.75, -63.56
Accel: 0.11, 0.87, -0.66
Gyro: -87.05, -7.76, -58.97
Accel: 0.09, 1.05, -0.71
Gyro: -65.22, -8.74, -46.97
Accel: 0.05, 1.13, -0.71
Gyro: -37.10, -7.02, -28.66
Accel: 0.04, 1.10, -0.73
Gyro: -9.81, -4.88, -10.51
Accel: 0.04, 1.03, -0.69
Gyro: 11.09, -2.83, 4.87
Accel: 0.06, 0.97, -0.70
Gyro: 24.50, -2.60, 19.65
Accel: 0.06, 0.88, -0.71
Gyro: 35.41, -2.82, 33.23
Accel: 0.08, 0.83, -0.72
Gyro: 42.72, -1.66, 41.91
Accel: 0.09, 0.87, -0.70
Gyro: 56.72, -3.65, 52.77
Accel: 0.11, 0.76, -0.71
Gyro: 77.14, -7.47, 58.24
Accel: 0.12, 0.69, -0.70
Gyro: 97.82, -11.98, 57.50
Accel: 0.11, 0.67, -0.73
Gyro: 118.24, -14.76, 61.81
Accel: 0.10, 0.52, -0.76
Gyro: 133.83, -12.19, 65.90
Accel: 0.12, 0.34, -0.75
Gyro: 141.12, -10.79, 64.58
Accel: 0.14, 0.14, -0.81
Gyro: 137.49, -7.75, 56.08
Accel: 0.16, 0.04, -0.83
Gyro: 131.24, -4.53, 44.97
Accel: 0.19, -0.06, -0.80
Gyro: 122.60, -8.43, 35.84
Accel: 0.17, -0.19, -0.84
Gyro: 104.48, -15.56, 29.76
Accel: 0.14, -0.25, -0.93
Gyro: 75.08, -16.19, 22.87
Accel: 0.12, -0.23, -0.99
Gyro: 49.74, -8.11, 19.06
Accel: 0.14, -0.20, -0.96
Gyro: 35.87, -3.78, 20.86
Accel: 0.15, -0.23, -0.91
Gyro: 28.14, -3.76, 21.93
Accel: 0.14, -0.26, -0.97
Gyro: 18.29, -5.49, 19.14
Accel: 0.14, -0.25, -0.94
Gyro: 15.66, -4.78, 14.85
Accel: 0.15, -0.25, -0.93
Gyro: 15.06, -4.69, 11.21
Accel: 0.14, -0.25, -0.95
Gyro: 13.32, -4.81, 6.89
Accel: 0.13, -0.24, -0.94
Gyro: 10.73, -4.42, 2.11
Accel: 0.14, -0.22, -0.93
Gyro: 8.29, -3.72, -0.26
Accel: 0.13, -0.21, -0.94
Gyro: 5.76, -3.63, -1.79
Accel: 0.13, -0.20, -0.94
Gyro: 2.45, -4.52, -2.66
Accel: 0.13, -0.19, -0.94
Gyro: -0.12, -5.78, -2.42
Accel: 0.12, -0.18, -0.94
Gyro: -2.33, -6.03, -2.46
Accel: 0.11, -0.17, -0.95
Gyro: -3.49, -5.58, -1.98
Accel: 0.11, -0.18, -0.95
Gyro: -4.55, -5.17, -1.91
Accel: 0.11, -0.17, -0.96
Gyro: -5.17, -4.62, -2.49
Accel: 0.12, -0.17, -0.97
Gyro: -5.29, -2.81, -2.98
Accel: 0.11, -0.17, -0.97
Gyro: -5.20, -0.61, -4.03
Accel: 0.12, -0.15, -0.97
Gyro: -7.15, 1.11, -5.90
Accel: 0.13, -0.14, -0.94
Gyro: -5.34, 1.34, -5.74
Accel: 0.13, -0.15, -0.95
Gyro: -5.92, 0.85, -5.92
Accel: 0.13, -0.15, -0.94
Gyro: -7.19, 0.37, -6.85
Accel: 0.13, -0.13, -0.95
Gyro: -6.89, 0.41, -6.90
Accel: 0.13, -0.13, -0.95
Gyro: -5.34, 0.51, -6.39
Accel: 0.13, -0.12, -0.95
Gyro: -4.59, 0.76, -5.41
Accel: 0.14, -0.13, -0.95
Gyro: -4.34, 0.04, -4.26
Accel: 0.13, -0.13, -0.95
Gyro: -5.26, -0.20, -3.89
Accel: 0.13, -0.12, -0.95
Gyro: -3.89, -0.69, -2.82
Accel: 0.13, -0.15, -0.95
Gyro: -2.87, -1.07, -2.11
Accel: 0.13, -0.14, -0.95
Gyro: -3.15, -0.45, -2.82
Accel: 0.13, -0.14, -0.96
Gyro: -1.88, 0.29, -2.12
Accel: 0.13, -0.14, -0.94
Gyro: -0.50, 0.39, -1.02
Accel: 0.14, -0.15, -0.95
Gyro: -0.81, 0.63, -0.90
Accel: 0.13, -0.15, -0.94
Gyro: -1.46, 0.39, -0.61
Accel: 0.14, -0.15, -0.95
Gyro: -1.75, 0.20, -0.89
Accel: 0.14, -0.15, -0.94
Gyro: -2.94, -0.43, -1.54
Accel: 0.14, -0.15, -0.95
Gyro: -3.91, -1.21, -2.40
Accel: 0.14, -0.15, -0.95
Gyro: -4.46, -0.85, -2.76
Accel: 0.14, -0.14, -0.95
Gyro: -4.40, -0.99, -2.88
Accel: 0.14, -0.14, -0.94
Gyro: -4.53, -1.05, -3.03
Accel: 0.14, -0.14, -0.96
Gyro: -6.13, -1.32, -4.26
Accel: 0.13, -0.13, -0.96
Gyro: -4.49, -1.15, -4.13
Accel: 0.14, -0.14, -0.95
Gyro: -4.95, -1.66, -4.59
Accel: 0.13, -0.13, -0.95
Gyro: -6.34, -1.95, -5.99
Accel: 0.13, -0.12, -0.95
Gyro: -6.36, -1.50, -6.11
Accel: 0.14, -0.11, -0.97
Gyro: -5.72, -0.42, -5.62
Accel: 0.13, -0.11, -0.95
Gyro: -5.31, 0.47, -4.59
Accel: 0.13, -0.10, -0.95
Gyro: -4.68, 0.03, -3.53
Accel: 0.14, -0.11, -0.97
Gyro: -4.20, 0.05, -2.85
Accel: 0.13, -0.13, -0.96
Gyro: -3.07, 0.31, -3.65
Accel: 0.13, -0.13, -0.97
Gyro: -2.97, 0.98, -4.10
