Accel: -0.08, -0.22, -0.95
Gyro: -1.34, -3.76, 0.80
Accel: -0.08, -0.21, -0.96
Gyro: -3.43, -3.18, -0.20
Accel: -0.08, -0.21, -0.96
Gyro: -3.66, -2.14, -0.55
Accel: -0.07, -0.20, -0.95
Gyro: -4.16, -1.75, -1.22
Accel: -0.08, -0.20, -0.95
Gyro: -4.40, -2.26, -1.88
Accel: -0.08, -0.19, -0.95
Gyro: -4.46, -2.86, -2.30
Accel: -0.09, -0.20, -0.97
Gyro: -5.44, -2.90, -2.25
Accel: -0.08, -0.18, -0.96
Gyro: -5.62, -2.27, -2.88
Accel: -0.08, -0.18, -0.96
Gyro: -5.23, -2.33, -2.13
Accel: -0.09, -0.17, -0.96
Gyro: -5.69, -1.94, -2.94
Accel: -0.10, -0.16, -0.96
Gyro: -4.62, -1.34, -2.17
Accel: -0.09, -0.17, -0.95
Gyro: -3.75, -0.96, -1.26
Accel: -0.10, -0.18, -0.96
Gyro: -3.98, -0.80, -1.60
Accel: -0.09, -0.18, -0.97
Gyro: -4.14, -0.33, -2.42
Accel: -0.10, -0.18, -0.97
Gyro: -3.88, 0.79, -2.89
Accel: -0.10, -0.22, -0.98
Gyro: -5.18, 2.01, -4.27
Accel: -0.11, -0.22, -0.98
Gyro: -8.83, 4.61, -7.31
Accel: -0.10, -0.21, -0.97
Gyro: -10.67, 6.48, -8.61
Accel: -0.10, -0.21, -0.98
Gyro: -14.05, 8.12, -9.29
Accel: -0.09, -0.20, -0.97
Gyro: -18.70, 10.83, -8.85
Accel: -0.09, -0.21, -0.98
Gyro: -23.76, 12.43, -8.33
Accel: -0.10, -0.25, -0.99
Gyro: -31.60, 15.82, -9.13
Accel: -0.09, -0.28, -1.00
Gyro: -44.33, 21.27, -11.56
Accel: -0.08, -0.29, -1.01
Gyro: -60.18, 27.86, -16.00
Accel: -0.05, -0.22, -0.99
Gyro: -71.26, 32.30, -18.01
Accel: -0.03, -0.10, -1.01
Gyro: -75.44, 39.37, -8.93
Accel: -0.00, -0.19, -0.96
Gyro: -94.70, 47.78, 0.34
Accel: 0.06, -0.10, -0.88
Gyro: -111.00, 48.61, -5.65
Accel: 0.10, -0.01, -0.85
Gyro: -109.66, 45.32, -14.20
Accel: 0.13, 0.11, -0.86
Gyro: -106.22, 42.78, -22.54
Accel: 0.17, 0.19, -0.80
Gyro: -99.91, 35.80, -30.30
Accel: 0.20, 0.28, -0.75
Gyro: -96.28, 25.29, -34.84
Accel: 0.19, 0.37, -0.74
Gyro: -93.35, 13.31, -37.64
Accel: 0.18, 0.50, -0.74
Gyro: -86.98, 2.85, -38.80
Accel: 0.14, 0.60, -0.79
Gyro: -76.64, -3.23, -37.52
Accel: 0.13, 0.73, -0.86
Gyro: -63.87, -0.87, -31.51
Accel: 0.14, 0.79, -0.82
Gyro: -46.30, 2.14, -19.50
Accel: 0.14, 0.78, -0.77
Gyro: -30.41, -0.84, -10.70
Accel: 0.13, 0.78, -0.74
Gyro: -13.21, -8.20, -6.94
Accel: 0.11, 0.78, -0.80
Gyro: 4.78, -12.34, -2.10
Accel: 0.10, 0.71, -0.81
Gyro: 16.32, -12.37, 1.88
Accel: 0.08, 0.72, -0.80
Gyro: 26.28, -13.92, 4.79
Accel: 0.08, 0.72, -0.81
Gyro: 37.73, -15.56, 11.79
Accel: 0.07, 0.68, -0.81
Gyro: 48.09, -16.77, 19.58
Accel: 0.07, 0.63, -0.81
Gyro: 58.01, -20.02, 26.37
Accel: 0.06, 0.54, -0.83
Gyro: 67.35, -22.06, 30.96
Accel: 0.05, 0.49, -0.86
Gyro: 74.20, -19.45, 31.34
Accel: 0.05, 0.44, -0.87
Gyro: 83.45, -18.49, 31.78
Accel: 0.06, 0.35, -0.88
Gyro: 91.89, -16.59, 33.10
Accel: 0.07, 0.24, -0.86
Gyro: 95.25, -16.70, 31.99
Accel: 0.07, 0.16, -0.86
Gyro: 95.34, -19.89, 29.83
Accel: 0.05, 0.07, -0.87
Gyro: 93.28, -23.24, 27.10
Accel: 0.03, -0.03, -0.89
Gyro: 87.73, -25.73, 22.47
Accel: 0.01, -0.10, -0.93
Gyro: 76.70, -26.64, 16.69
Accel: -0.01, -0.18, -0.97
Gyro: 62.15, -24.76, 12.56
Accel: -0.03, -0.21, -1.00
Gyro: 46.07, -20.11, 8.62
Accel: -0.04, -0.18, -1.00
Gyro: 34.87, -15.36, 7.19
Accel: -0.03, -0.17, -0.99
Gyro: 31.68, -12.36, 9.00
Accel: -0.04, -0.22, -0.97
Gyro: 27.31, -11.98, 9.59
Accel: -0.06, -0.24, -0.99
Gyro: 20.22, -10.81, 7.04
Accel: -0.06, -0.23, -0.98
Gyro: 15.34, -9.33, 3.96
Accel: -0.06, -0.22, -0.98
Gyro: 12.29, -7.29, 1.52
Accel: -0.06, -0.22, -0.99
Gyro: 8.59, -4.20, -0.87
Accel: -0.06, -0.20, -0.98
Gyro: 3.80, -2.16, -3.39
Accel: -0.04, -0.18, -0.97
Gyro: 0.01, -0.92, -4.21
Accel: -0.05, -0.16, -0.96
Gyro: -2.43, -1.21, -4.22
Accel: -0.04, -0.15, -0.96
Gyro: -4.43, -1.53, -4.34
Accel: -0.04, -0.14, -0.96
Gyro: -5.34, -2.08, -4.22
Accel: -0.04, -0.12, -0.97
Gyro: -5.49, -2.14, -4.24
Accel: -0.04, -0.10, -0.97
Gyro: -5.27, -1.87, -3.91
Accel: -0.06, -0.05, -0.99
Gyro: -1.91, -0.88, 1.45
Accel: -0.06, -0.08, -1.00
Gyro: 0.90, 1.81, 10.51
Accel: -0.05, -0.13, -0.98
Gyro: -3.90, 3.90, 13.79
Accel: -0.03, -0.14, -0.96
Gyro: -8.07, 4.05, 13.33
Accel: -0.02, -0.13, -0.95
Gyro: -9.65, 2.32, 9.01
Accel: -0.02, -0.11, -0.96
Gyro: -5.71, -0.02, 6.02
Accel: -0.04, -0.14, -0.96
Gyro: -5.71, -1.17, 1.27
Accel: -0.03, -0.12, -0.97
Gyro: -6.99, -0.34, -3.94
Accel: -0.03, -0.09, -0.97
Gyro: -4.98, -0.34, -5.83
Accel: -0.02, -0.08, -0.96
Gyro: -2.56, -0.85, -4.81
Accel: -0.03, -0.09, -0.96
Gyro: -1.95, -2.46, -3.27
Accel: -0.03, -0.09, -0.96
Gyro: -1.43, -3.48, -1.89
Accel: -0.04, -0.11, -0.97
Gyro: -1.18, -4.39, -0.56
Accel: -0.05, -0.10, -0.98
Gyro: -1.35, -3.21, -0.95
Accel: -0.04, -0.11, -0.97
Gyro: -0.46, -2.69, -0.25
Accel: -0.05, -0.13, -0.96
Gyro: -1.32, -2.51, -1.20
Accel: -0.04, -0.12, -0.97
Gyro: -1.92, -2.60, -1.81
Accel: -0.05, -0.12, -0.98
Gyro: -1.27, -2.54, -1.73
Accel: -0.05, -0.11, -0.98
Gyro: -1.13, -1.98, -1.56
Accel: -0.05, -0.12, -0.98
Gyro: -1.53, -1.85, -1.52
Accel: -0.06, -0.12, -0.96
Gyro: -2.00, -1.46, -1.50
Accel: -0.05, -0.12, -0.97
Gyro: -2.33, -1.04, -2.11
Accel: -0.05, -0.12, -0.97
Gyro: -2.73, -1.14, -2.77
Accel: -0.04, -0.12, -0.97
Gyro: -3.04, -1.32, -3.61
Accel: -0.05, -0.11, -0.97
Gyro: -2.95, -1.85, -4.16
Accel: -0.05, -0.11, -0.97
Gyro: -3.04, -1.98, -4.46
Accel: -0.05, -0.11, -0.98
Gyro: -3.68, -1.76, -4.04
Accel: -0.05, -0.10, -0.97
Gyro: -3.59, -1.36, -3.86
Accel: -0.05, -0.11, -0.98
Gyro: -3.68, -0.98, -3.79
Accel: -0.05, -0.10, -0.98
Gyro: -3.31, -0.29, -3.09
Accel: -0.05, -0.10, -0.97
Gyro: -2.90, 0.08, -3.01
