Accel: 0.08, -0.13, -0.96
Gyro: -4.19, -0.19, -2.70
Accel: 0.08, -0.13, -0.97
Gyro: -3.59, 0.24, -2.43
Accel: 0.08, -0.14, -0.95
Gyro: -3.11, 1.06, -2.22
Accel: 0.08, -0.13, -0.96
Gyro: -3.03, 1.00, -2.27
Accel: 0.08, -0.13, -0.96
Gyro: -2.75, 0.51, -1.75
Accel: 0.09, -0.13, -0.96
Gyro: -3.33, 1.07, -1.92
Accel: 0.08, -0.13, -0.95
Gyro: -2.04, 1.46, -1.21
Accel: 0.09, -0.14, -0.95
Gyro: -2.14, 1.25, -1.06
Accel: 0.09, -0.14, -0.94
Gyro: -3.43, 0.95, -1.54
Accel: 0.09, -0.14, -0.96
Gyro: -3.65, 0.03, -1.95
Accel: 0.09, -0.14, -0.95
Gyro: -3.60, -0.02, -2.52
Accel: 0.09, -0.14, -0.95
Gyro: -4.07, 0.01, -2.99
Accel: 0.09, -0.14, -0.95
Gyro: -4.55, -0.40, -3.47
Accel: 0.09, -0.14, -0.96
Gyro: -5.26, -0.44, -3.72
Accel: 0.09, -0.14, -0.97
Gyro: -6.22, -0.21, -4.37
Accel: 0.09, -0.13, -0.96
Gyro: -6.45, -0.48, -4.65
Accel: 0.09, -0.13, -0.95
Gyro: -6.61, -0.70, -4.93
Accel: 0.09, -0.14, -0.97
Gyro: -8.77, -0.22, -5.48
Accel: 0.09, -0.16, -0.96
Gyro: -13.70, 1.43, -6.71
Accel: 0.10, -0.15, -0.97
Gyro: -20.92, 2.53, -7.00
Accel: 0.10, -0.16, -0.97
Gyro: -29.14, 3.35, -6.95
Accel: 0.10, -0.18, -0.94
Gyro: -40.46, 3.07, -6.92
Accel: 0.09, -0.22, -0.95
Gyro: -52.73, 1.77, -10.36
Accel: 0.09, -0.24, -0.94
Gyro: -70.06, 3.81, -18.37
Accel: 0.10, -0.21, -0.90
Gyro: -81.80, 0.74, -29.44
Accel: 0.08, -0.22, -0.90
Gyro: -92.68, -3.55, -45.52
Accel: 0.06, -0.12, -0.87
Gyro: -106.59, -5.97, -65.42
Accel: 0.02, -0.05, -0.75
Gyro: -115.32, -16.78, -83.25
Accel: -0.04, 0.10, -0.81
Gyro: -122.65, -23.34, -100.71
Accel: -0.06, 0.27, -0.89
Gyro: -118.65, -16.66, -103.61
Accel: -0.06, 0.33, -0.79
Gyro: -117.10, -9.41, -102.52
Accel: -0.06, 0.41, -0.71
Gyro: -114.91, -13.40, -100.14
Accel: -0.07, 0.59, -0.74
Gyro: -110.02, -18.57, -92.66
Accel: -0.09, 0.79, -0.76
Gyro: -97.50, -18.06, -75.40
Accel: -0.14, 0.90, -0.74
Gyro: -76.44, -19.50, -55.70
Accel: -0.19, 0.94, -0.76
Gyro: -57.16, -20.31, -37.64
Accel: -0.21, 0.96, -0.83
Gyro: -34.89, -14.08, -21.44
Accel: -0.22, 0.92, -0.87
Gyro: -13.76, -2.45, -7.23
Accel: -0.19, 0.80, -0.77
Gyro: 0.36, 6.51, 3.58
Accel: -0.16, 0.73, -0.74
Gyro: 4.39, 8.26, 8.71
Accel: -0.13, 0.71, -0.74
Gyro: 8.45, 6.87, 15.01
Accel: -0.10, 0.73, -0.77
Gyro: 10.60, 7.67, 21.51
Accel: -0.09, 0.78, -0.77
Gyro: 17.15, 7.35, 31.01
Accel: -0.08, 0.91, -0.79
Gyro: 31.44, 8.02, 45.60
Accel: -0.09, 0.95, -0.80
Gyro: 55.58, 7.15, 71.98
Accel: -0.11, 0.78, -0.82
Gyro: 69.13, 13.09, 85.66
Accel: -0.08, 0.66, -0.78
Gyro: 88.03, 17.17, 90.72
Accel: -0.03, 0.48, -0.73
Gyro: 106.53, 15.83, 85.65
Accel: 0.00, 0.42, -0.74
Gyro: 118.80, 10.50, 75.86
Accel: 0.01, 0.29, -0.74
Gyro: 127.64, 6.29, 72.81
Accel: 0.04, 0.14, -0.76
Gyro: 123.98, 1.31, 62.48
Accel: 0.04, 0.08, -0.81
Gyro: 116.94, -5.52, 55.96
Accel: 0.04, 0.04, -0.89
Gyro: 103.48, -9.57, 50.79
Accel: 0.03, 0.01, -0.98
Gyro: 91.13, -3.78, 46.51
Accel: 0.06, -0.04, -0.93
Gyro: 82.50, 2.25, 39.44
Accel: 0.07, -0.11, -0.88
Gyro: 75.60, 1.64, 35.51
Accel: 0.09, -0.18, -0.88
Gyro: 62.06, -0.79, 31.49
Accel: 0.10, -0.22, -0.93
Gyro: 50.08, -2.45, 25.99
Accel: 0.09, -0.20, -0.92
Gyro: 44.75, -2.19, 22.50
Accel: 0.10, -0.28, -0.91
Gyro: 41.21, -6.84, 18.62
Accel: 0.09, -0.31, -0.92
Gyro: 31.66, -9.96, 9.83
Accel: 0.07, -0.29, -0.95
Gyro: 24.19, -9.59, 3.64
Accel: 0.06, -0.28, -0.97
Gyro: 17.69, -7.63, 0.58
Accel: 0.06, -0.28, -0.97
Gyro: 11.18, -5.64, -1.72
Accel: 0.06, -0.27, -0.98
Gyro: 5.82, -2.83, -2.33
Accel: 0.05, -0.29, -0.99
Gyro: 4.00, 1.70, -5.94
Accel: 0.07, -0.27, -0.92
Gyro: 3.82, 1.71, -12.92
Accel: 0.08, -0.24, -0.93
Gyro: 1.53, -1.63, -15.07
Accel: 0.06, -0.20, -0.95
Gyro: -3.68, -1.87, -12.37
Accel: 0.06, -0.19, -0.96
Gyro: -5.86, -0.84, -6.54
Accel: 0.07, -0.20, -0.94
Gyro: -9.04, -0.95, -3.50
Accel: 0.05, -0.22, -0.95
Gyro: -10.92, -0.31, -4.03
Accel: 0.04, -0.19, -0.97
Gyro: -10.95, 3.22, -8.48
Accel: 0.08, -0.18, -0.92
Gyro: -6.55, 2.13, -10.34
Accel: 0.07, -0.19, -0.93
Gyro: -6.14, -1.17, -12.23
Accel: 0.07, -0.17, -0.95
Gyro: -7.49, -2.10, -11.99
Accel: 0.06, -0.14, -0.97
Gyro: -7.92, -1.20, -9.06
Accel: 0.07, -0.15, -0.96
Gyro: -7.22, -0.83, -5.45
Accel: 0.07, -0.17, -0.96
Gyro: -8.62, -0.11, -4.09
Accel: 0.07, -0.16, -0.96
Gyro: -10.06, 0.53, -3.96
Accel: 0.08, -0.17, -0.96
Gyro: -9.99, 0.93, -3.97
Accel: 0.09, -0.17, -0.95
Gyro: -9.97, 0.45, -4.65
Accel: 0.09, -0.17, -0.94
Gyro: -10.05, 0.14, -5.76
Accel: 0.09, -0.16, -0.94
Gyro: -9.48, -0.32, -6.90
Accel: 0.10, -0.15, -0.95
Gyro: -9.30, -0.91, -7.56
Accel: 0.09, -0.14, -0.94
Gyro: -9.27, -1.69, -7.30
Accel: 0.09, -0.13, -0.95
Gyro: -8.37, -1.61, -6.03
Accel: 0.08, -0.12, -0.95
Gyro: -7.28, -1.58, -4.33
Accel: 0.09, -0.12, -0.95
Gyro: -6.55, -1.53, -2.89
Accel: 0.07, -0.08, -0.97
Gyro: -4.23, -1.14, -0.08
Accel: 0.06, -0.09, -0.97
Gyro: -0.27, 0.85, 4.34
Accel: 0.07, -0.12, -0.97
Gyro: 0.61, 2.49, 6.20
Accel: 0.09, -0.12, -0.95
Gyro: 1.40, 2.62, 6.11
Accel: 0.09, -0.16, -0.94
Gyro: 1.47, 0.40, 4.88
Accel: 0.09, -0.16, -0.94
Gyro: 0.76, -1.87, 2.29
Accel: 0.09, -0.16, -0.96
Gyro: -0.22, -2.79, 0.69
Accel: 0.08, -0.15, -0.95
Gyro: -1.71, -2.62, 0.02
Accel: 0.08, -0.16, -0.95
Gyro: -3.47, -2.18, -0.63
Accel: 0.09, -0.16, -0.95
Gyro: -4.89, -2.72, -0.87
Accel: 0.09, -0.17, -0.96
Gyro: -6.29, -3.12, -1.97
Accel: 0.08, -0.15, -0.96
Gyro: -6.79, -2.69, -3.07
