Accel: -0.03, -0.10, -0.97
Gyro: -5.45, -3.75, -3.88
Accel: -0.02, -0.09, -0.97
Gyro: -3.91, -2.69, -2.64
Accel: -0.03, -0.09, -0.97
Gyro: -2.76, -2.20, -1.33
Accel: -0.03, -0.10, -0.97
Gyro: -1.69, -2.20, 0.21
Accel: -0.03, -0.12, -0.98
Gyro: -1.74, -2.10, 0.81
Accel: -0.03, -0.11, -0.97
Gyro: -1.67, -1.85, 0.42
Accel: -0.03, -0.12, -0.97
Gyro: -1.50, -2.08, 0.15
Accel: -0.03, -0.11, -0.97
Gyro: -1.50, -2.02, 0.08
Accel: -0.03, -0.10, -0.97
Gyro: -1.11, -2.46, 0.39
Accel: -0.02, -0.11, -0.97
Gyro: -0.96, -2.68, 1.11
Accel: -0.04, -0.12, -0.98
Gyro: -1.29, -1.90, 1.05
Accel: -0.04, -0.11, -0.97
Gyro: -1.77, -0.91, 0.55
Accel: -0.03, -0.12, -0.98
Gyro: -1.63, -0.08, -0.13
Accel: -0.04, -0.12, -0.98
Gyro: -2.09, 0.52, -0.67
Accel: -0.04, -0.12, -0.97
Gyro: -2.46, 1.81, -1.17
Accel: -0.04, -0.11, -0.98
Gyro: -4.04, 1.75, -2.29
Accel: -0.03, -0.11, -0.99
Gyro: -2.76, 3.11, -1.66
Accel: -0.04, -0.12, -0.97
Gyro: -3.59, 4.47, -1.57
Accel: -0.04, -0.11, -0.98
Gyro: -5.28, 4.94, -1.18
Accel: -0.03, -0.11, -0.98
Gyro: -5.49, 6.26, -0.11
Accel: -0.03, -0.12, -1.00
Gyro: -8.06, 8.91, 1.46
Accel: -0.03, -0.12, -1.00
Gyro: -12.50, 12.65, 4.40
Accel: -0.04, -0.14, -1.01
Gyro: -19.24, 16.14, 7.82
Accel: -0.05, -0.18, -1.03
Gyro: -28.28, 22.23, 10.42
Accel: -0.05, -0.19, -1.06
Gyro: -44.19, 33.33, 13.11
Accel: -0.02, -0.18, -1.02
Gyro: -56.94, 41.40, 12.38
Accel: 0.02, -0.19, -0.98
Gyro: -63.22, 43.27, 3.75
Accel: 0.04, -0.15, -0.99
Gyro: -65.96, 46.56, -9.31
Accel: 0.06, -0.09, -0.96
Gyro: -68.42, 52.76, -20.81
Accel: 0.11, -0.06, -0.88
Gyro: -66.72, 48.77, -32.59
Accel: 0.10, -0.11, -0.91
Gyro: -75.90, 47.55, -48.83
Accel: 0.13, 0.08, -0.89
Gyro: -81.60, 46.26, -61.07
Accel: 0.15, 0.13, -0.91
Gyro: -81.18, 46.59, -61.96
Accel: 0.18, 0.12, -0.84
Gyro: -84.53, 46.29, -64.70
Accel: 0.21, 0.18, -0.79
Gyro: -91.25, 41.40, -70.18
Accel: 0.24, 0.27, -0.72
Gyro: -94.56, 34.13, -71.65
Accel: 0.25, 0.44, -0.71
Gyro: -93.54, 23.61, -68.17
Accel: 0.24, 0.47, -0.69
Gyro: -91.55, 15.75, -63.59
Accel: 0.24, 0.59, -0.67
Gyro: -90.13, 10.53, -61.66
Accel: 0.22, 0.62, -0.64
Gyro: -83.37, 2.88, -63.12
Accel: 0.18, 0.75, -0.65
Gyro: -74.92, -2.78, -65.27
Accel: 0.13, 0.92, -0.73
Gyro: -56.10, -4.33, -63.57
Accel: 0.09, 0.96, -0.75
Gyro: -34.17, 5.24, -52.09
Accel: 0.13, 0.93, -0.65
Gyro: -20.67, 6.90, -41.88
Accel: 0.14, 0.98, -0.64
Gyro: -9.46, 0.89, -28.21
Accel: 0.11, 0.94, -0.64
Gyro: -1.60, -1.89, -11.96
Accel: 0.11, 0.91, -0.67
Gyro: 0.10, -2.20, 0.99
Accel: 0.11, 0.90, -0.67
Gyro: 5.42, -2.45, 13.01
Accel: 0.10, 0.86, -0.66
Gyro: 11.47, -3.62, 20.17
Accel: 0.11, 0.90, -0.70
Gyro: 18.51, -2.85, 27.26
Accel: 0.12, 0.88, -0.70
Gyro: 32.12, -3.33, 37.81
Accel: 0.12, 0.84, -0.69
Gyro: 43.25, -3.75, 47.81
Accel: 0.14, 0.73, -0.69
Gyro: 53.05, -4.44, 54.05
Accel: 0.15, 0.61, -0.69
Gyro: 59.20, -8.06, 52.19
Accel: 0.15, 0.58, -0.73
Gyro: 64.50, -9.56, 49.29
Accel: 0.18, 0.52, -0.73
Gyro: 67.16, -11.99, 46.23
Accel: 0.20, 0.55, -0.77
Gyro: 73.17, -15.82, 45.34
Accel: 0.17, 0.51, -0.86
Gyro: 83.10, -16.86, 45.80
Accel: 0.15, 0.41, -0.95
Gyro: 93.90, 0.69, 43.67
Accel: 0.22, 0.31, -0.75
Gyro: 99.76, 1.26, 38.05
Accel: 0.24, 0.22, -0.77
Gyro: 96.62, -10.19, 33.47
Accel: 0.23, 0.17, -0.86
Gyro: 89.95, -13.99, 31.46
Accel: 0.23, 0.10, -0.85
Gyro: 82.84, -18.01, 31.28
Accel: 0.23, 0.03, -0.87
Gyro: 71.37, -23.83, 30.36
Accel: 0.22, 0.00, -0.91
Gyro: 60.08, -27.37, 28.79
Accel: 0.20, -0.00, -0.93
Gyro: 52.47, -28.28, 27.81
Accel: 0.18, -0.01, -0.93
Gyro: 48.16, -29.71, 27.47
Accel: 0.14, -0.05, -0.95
Gyro: 46.07, -30.41, 27.70
Accel: 0.13, -0.09, -0.93
Gyro: 43.72, -31.26, 26.00
Accel: 0.12, -0.13, -0.94
Gyro: 39.77, -32.01, 22.76
Accel: 0.09, -0.18, -0.95
Gyro: 36.50, -31.91, 18.94
Accel: 0.07, -0.21, -1.00
Gyro: 27.67, -27.23, 13.04
Accel: 0.05, -0.20, -1.01
Gyro: 19.75, -21.17, 8.77
Accel: 0.03, -0.23, -1.00
Gyro: 9.80, -16.22, 3.96
Accel: 0.04, -0.19, -1.02
Gyro: -0.44, -8.51, -1.50
Accel: 0.05, -0.13, -0.98
Gyro: -4.75, -4.30, 3.88
Accel: 0.06, -0.14, -0.94
Gyro: -8.88, -5.49, 7.21
Accel: 0.05, -0.13, -0.96
Gyro: -7.48, -7.97, 6.95
Accel: 0.05, -0.15, -0.98
Gyro: -5.23, -9.35, 2.94
Accel: 0.04, -0.14, -0.97
Gyro: -4.07, -9.64, -2.83
Accel: 0.04, -0.12, -0.99
Gyro: -3.07, -8.18, -5.52
Accel: 0.04, -0.10, -0.98
Gyro: -2.45, -7.00, -5.64
Accel: 0.05, -0.10, -0.98
Gyro: -3.17, -6.44, -4.84
Accel: 0.04, -0.08, -0.98
Gyro: -3.49, -5.62, -3.20
Accel: 0.04, -0.09, -0.97
Gyro: -2.46, -5.02, -0.03
Accel: 0.03, -0.10, -0.97
Gyro: -3.75, -5.47, 1.43
Accel: 0.03, -0.09, -0.98
Gyro: -3.86, -5.22, 2.50
Accel: 0.03, -0.10, -0.98
Gyro: -3.41, -3.96, 2.49
Accel: 0.03, -0.10, -0.97
Gyro: -3.14, -4.08, 1.11
Accel: 0.03, -0.09, -0.96
Gyro: -3.04, -4.46, -0.45
Accel: 0.02, -0.09, -0.97
Gyro: -2.38, -4.64, -1.27
Accel: 0.02, -0.09, -0.98
Gyro: -1.62, -3.70, -1.75
Accel: 0.01, -0.10, -0.98
Gyro: -2.41, -3.06, -1.66
Accel: 0.01, -0.09, -0.98
Gyro: -3.21, -2.49, -1.75
Accel: 0.01, -0.10, -0.98
Gyro: -4.16, -1.82, -1.75
Accel: 0.01, -0.09, -0.98
Gyro: -5.22, -2.10, -2.23
Accel: 0.01, -0.09, -0.97
Gyro: -5.39, -1.87, -2.91
Accel: 0.01, -0.09, -0.99
Gyro: -5.29, -1.75, -3.28
Accel: 0.01, -0.08, -0.98
Gyro: -4.49, -1.17, -3.14
Accel: 0.01, -0.08, -0.98
Gyro: -4.30, -0.96, -2.91
Accel: 0.02, -0.07, -0.98
Gyro: -3.96, -0.63, -2.72
