Accel: 0.08, -0.15, -0.96
Gyro: -5.97, -2.23, -3.17
Accel: 0.07, -0.14, -0.97
Gyro: -6.07, -1.53, -3.87
Accel: 0.08, -0.13, -0.96
Gyro: -6.24, -0.85, -4.02
Accel: 0.08, -0.12, -0.96
Gyro: -6.04, -0.17, -3.63
Accel: 0.08, -0.13, -0.96
Gyro: -6.20, 0.53, -3.82
Accel: 0.08, -0.12, -0.95
Gyro: -6.27, 0.69, -4.04
Accel: 0.08, -0.12, -0.95
Gyro: -5.59, 0.31, -3.53
Accel: 0.09, -0.12, -0.95
Gyro: -4.78, -0.11, -3.07
Accel: 0.08, -0.13, -0.96
Gyro: -4.83, -0.38, -3.00
Accel: 0.08, -0.14, -0.95
Gyro: -5.00, -0.95, -3.22
Accel: 0.08, -0.15, -0.96
Gyro: -6.34, -1.51, -4.50
Accel: 0.08, -0.15, -0.96
Gyro: -8.70, -1.18, -6.03
Accel: 0.07, -0.15, -0.97
Gyro: -11.58, -0.81, -6.68
Accel: 0.07, -0.16, -0.97
Gyro: -18.10, 1.59, -7.24
Accel: 0.07, -0.14, -0.98
Gyro: -25.76, 3.53, -6.96
Accel: 0.07, -0.16, -0.98
Gyro: -34.43, 5.95, -5.08
Accel: 0.07, -0.16, -0.98
Gyro: -47.11, 10.60, -4.30
Accel: 0.09, -0.15, -0.93
Gyro: -56.92, 10.03, -5.50
Accel: 0.10, -0.14, -0.94
Gyro: -64.19, 8.22, -10.90
Accel: 0.10, -0.09, -0.96
Gyro: -69.84, 9.26, -17.58
Accel: 0.11, -0.06, -0.92
Gyro: -73.98, 9.25, -23.62
Accel: 0.12, -0.03, -0.88
Gyro: -76.08, 5.62, -32.34
Accel: 0.12, 0.04, -0.91
Gyro: -76.56, 2.64, -42.69
Accel: 0.11, 0.10, -0.87
Gyro: -78.77, 0.99, -49.00
Accel: 0.11, 0.14, -0.84
Gyro: -82.95, -4.14, -53.54
Accel: 0.08, 0.22, -0.80
Gyro: -88.82, -11.58, -54.76
Accel: 0.03, 0.28, -0.86
Gyro: -98.85, -15.16, -51.70
Accel: 0.03, 0.41, -0.82
Gyro: -105.17, -14.35, -47.93
Accel: 0.01, 0.48, -0.85
Gyro: -99.61, -11.70, -43.05
Accel: -0.00, 0.49, -0.82
Gyro: -90.29, -7.80, -42.78
Accel: -0.01, 0.51, -0.79
Gyro: -85.45, -3.40, -49.80
Accel: -0.05, 0.58, -0.76
Gyro: -78.74, -2.15, -57.58
Accel: -0.05, 0.70, -0.73
Gyro: -67.85, -1.97, -62.68
Accel: -0.06, 0.84, -0.75
Gyro: -53.03, -0.60, -57.53
Accel: -0.08, 0.91, -0.73
Gyro: -38.92, 0.00, -43.33
Accel: -0.09, 0.94, -0.72
Gyro: -25.39, -0.36, -27.19
Accel: -0.09, 0.90, -0.74
Gyro: -13.09, -0.14, -13.20
Accel: -0.08, 0.88, -0.74
Gyro: -1.73, 2.41, 0.06
Accel: -0.08, 0.79, -0.72
Gyro: 3.79, 3.75, 9.07
Accel: -0.06, 0.77, -0.70
Gyro: 7.42, 2.89, 14.18
Accel: -0.05, 0.79, -0.73
Gyro: 12.00, 3.50, 20.45
Accel: -0.04, 0.83, -0.73
Gyro: 19.65, 2.95, 27.76
Accel: -0.03, 0.82, -0.70
Gyro: 30.17, -0.02, 36.80
Accel: -0.03, 0.85, -0.73
Gyro: 40.19, -3.67, 45.46
Accel: -0.05, 0.90, -0.80
Gyro: 56.87, -2.36, 60.03
Accel: -0.06, 0.77, -0.87
Gyro: 85.09, 10.30, 73.51
Accel: 0.01, 0.56, -0.68
Gyro: 99.49, 14.61, 66.26
Accel: 0.06, 0.46, -0.68
Gyro: 110.87, 3.48, 56.63
Accel: 0.06, 0.33, -0.73
Gyro: 114.72, -3.56, 50.14
Accel: 0.07, 0.25, -0.81
Gyro: 106.45, -6.69, 46.81
Accel: 0.07, 0.18, -0.88
Gyro: 94.14, -5.42, 49.17
Accel: 0.08, 0.14, -0.90
Gyro: 79.67, -4.23, 49.83
Accel: 0.08, 0.09, -0.91
Gyro: 66.89, -3.56, 46.47
Accel: 0.09, 0.09, -0.92
Gyro: 60.80, -4.10, 41.73
Accel: 0.09, 0.06, -0.93
Gyro: 58.24, -3.89, 37.58
Accel: 0.10, 0.04, -0.94
Gyro: 58.99, -3.49, 33.36
Accel: 0.11, -0.00, -0.92
Gyro: 60.61, -3.27, 29.53
Accel: 0.12, -0.04, -0.90
Gyro: 63.35, -5.62, 27.15
Accel: 0.12, -0.11, -0.92
Gyro: 61.09, -8.68, 24.97
Accel: 0.11, -0.13, -0.93
Gyro: 56.18, -9.54, 22.42
Accel: 0.10, -0.18, -0.92
Gyro: 49.00, -11.56, 19.72
Accel: 0.08, -0.18, -0.95
Gyro: 41.05, -12.89, 16.69
Accel: 0.07, -0.21, -0.96
Gyro: 36.83, -13.43, 16.53
Accel: 0.05, -0.25, -0.96
Gyro: 28.66, -11.95, 13.49
Accel: 0.04, -0.24, -0.97
Gyro: 19.05, -8.45, 9.32
Accel: 0.04, -0.23, -0.97
Gyro: 14.40, -5.53, 7.61
Accel: 0.04, -0.26, -0.95
Gyro: 10.33, -3.88, 5.84
Accel: 0.04, -0.25, -0.95
Gyro: 5.21, -2.34, 3.13
Accel: 0.05, -0.24, -0.94
Gyro: 2.87, -2.28, 1.38
Accel: 0.05, -0.22, -0.95
Gyro: 1.25, -2.33, -0.51
Accel: 0.05, -0.24, -0.96
Gyro: -1.30, -2.24, -2.65
Accel: 0.04, -0.23, -0.96
Gyro: -5.09, -1.36, -6.15
Accel: 0.04, -0.21, -0.95
Gyro: -7.30, -0.39, -8.68
Accel: 0.05, -0.19, -0.94
Gyro: -8.71, -0.45, -9.54
Accel: 0.05, -0.18, -0.95
Gyro: -9.32, -0.84, -9.26
Accel: 0.06, -0.17, -0.96
Gyro: -9.37, -0.37, -8.71
Accel: 0.05, -0.15, -0.96
Gyro: -9.01, -0.14, -7.80
Accel: 0.06, -0.16, -0.96
Gyro: -8.29, 0.18, -7.29
Accel: 0.06, -0.16, -0.95
Gyro: -9.08, 0.41, -7.39
Accel: 0.06, -0.16, -0.95
Gyro: -9.93, 0.24, -8.00
Accel: 0.06, -0.15, -0.96
Gyro: -9.86, 0.27, -7.78
Accel: 0.06, -0.13, -0.95
Gyro: -8.39, 0.32, -7.19
Accel: 0.06, -0.13, -0.95
Gyro: -6.13, 1.19, -5.71
Accel: 0.07, -0.13, -0.97
Gyro: -5.57, 1.54, -5.27
Accel: 0.07, -0.11, -0.95
Gyro: -2.75, 1.98, -2.92
Accel: 0.07, -0.14, -0.95
Gyro: -1.74, 0.92, -1.35
Accel: 0.07, -0.14, -0.95
Gyro: -2.26, 0.16, -1.30
Accel: 0.06, -0.14, -0.96
Gyro: -2.36, 0.29, -1.24
Accel: 0.07, -0.14, -0.95
Gyro: -2.30, 0.59, -1.43
Accel: 0.08, -0.15, -0.95
Gyro: -2.96, 0.84, -1.88
Accel: 0.08, -0.14, -0.95
Gyro: -2.99, 0.05, -1.71
Accel: 0.08, -0.15, -0.95
Gyro: -3.65, -0.50, -1.78
Accel: 0.07, -0.14, -0.96
Gyro: -3.78, -0.74, -2.03
Accel: 0.07, -0.15, -0.96
Gyro: -3.31, -0.40, -2.05
Accel: 0.07, -0.15, -0.96
Gyro: -3.26, 0.00, -2.64
Accel: 0.07, -0.14, -0.96
Gyro: -3.40, 0.61, -2.58
Accel: 0.07, -0.14, -0.96
Gyro: -3.57, 1.10, -2.62
Accel: 0.07, -0.15, -0.96
Gyro: -4.07, 1.27, -2.91
Accel: 0.08, -0.13, -0.95
Gyro: -4.26, 1.17, -3.10
Accel: 0.09, -0.13, -0.96
Gyro: -3.85, 1.13, -2.78
Accel: 0.07, -0.13, -0.95
Gyro: -3.30, 1.29, -2.33
