Accel: 0.02, -0.17, -0.96
Gyro: -1.85, -0.63, 0.24
Accel: 0.02, -0.17, -0.95
Gyro: -2.95, -0.08, -1.47
Accel: 0.02, -0.16, -0.96
Gyro: -2.60, 0.56, -2.40
Accel: 0.02, -0.16, -0.96
Gyro: -2.71, 0.82, -2.10
Accel: 0.02, -0.16, -0.96
Gyro: -3.81, 1.11, -2.27
Accel: 0.04, -0.16, -0.95
Gyro: -4.36, 0.72, -2.41
Accel: 0.03, -0.16, -0.95
Gyro: -4.17, 0.24, -2.52
Accel: 0.03, -0.15, -0.95
Gyro: -4.36, 0.56, -2.77
Accel: 0.03, -0.14, -0.96
Gyro: -4.25, 0.08, -3.17
Accel: 0.03, -0.15, -0.96
Gyro: -3.80, 0.11, -2.87
Accel: 0.03, -0.14, -0.95
Gyro: -3.81, 0.08, -2.59
Accel: 0.03, -0.15, -0.95
Gyro: -3.74, 0.11, -2.04
Accel: 0.03, -0.16, -0.95
Gyro: -3.62, -0.03, -1.97
Accel: 0.02, -0.16, -0.96
Gyro: -3.85, 0.47, -2.18
Accel: 0.03, -0.16, -0.95
Gyro: -3.94, 0.69, -2.56
Accel: 0.02, -0.16, -0.96
Gyro: -5.04, 0.77, -3.05
Accel: 0.02, -0.16, -0.98
Gyro: -6.49, 2.87, -4.43
Accel: 0.03, -0.16, -0.96
Gyro: -6.43, 3.03, -4.05
Accel: 0.03, -0.17, -0.97
Gyro: -8.71, 3.41, -4.65
Accel: 0.02, -0.16, -0.97
Gyro: -12.59, 5.65, -3.83
Accel: 0.04, -0.15, -0.97
Gyro: -16.84, 7.37, -2.34
Accel: 0.04, -0.13, -0.97
Gyro: -20.84, 7.95, 0.23
Accel: 0.04, -0.09, -1.00
Gyro: -26.99, 12.47, 6.68
Accel: 0.05, -0.10, -0.96
Gyro: -33.13, 16.36, 15.40
Accel: 0.06, -0.13, -0.96
Gyro: -40.16, 15.64, 18.72
Accel: 0.06, -0.18, -0.99
Gyro: -50.19, 17.01, 17.90
Accel: 0.05, -0.24, -0.99
Gyro: -62.71, 20.13, 10.71
Accel: 0.06, -0.22, -0.98
Gyro: -73.74, 23.77, -1.34
Accel: 0.08, -0.14, -0.97
Gyro: -80.54, 30.24, -15.34
Accel: 0.12, -0.11, -0.88
Gyro: -78.43, 28.21, -31.04
Accel: 0.12, -0.06, -0.88
Gyro: -76.92, 22.07, -50.45
Accel: 0.13, 0.04, -0.88
Gyro: -77.01, 19.91, -66.46
Accel: 0.12, 0.07, -0.85
Gyro: -73.43, 14.63, -77.41
Accel: 0.11, 0.17, -0.84
Gyro: -77.29, 13.10, -88.62
Accel: 0.10, 0.25, -0.79
Gyro: -78.01, 8.31, -93.28
Accel: 0.10, 0.35, -0.79
Gyro: -78.88, 1.52, -93.41
Accel: 0.08, 0.46, -0.79
Gyro: -76.89, -3.23, -86.53
Accel: 0.07, 0.54, -0.78
Gyro: -77.52, -6.36, -76.45
Accel: 0.07, 0.66, -0.76
Gyro: -72.69, -11.76, -59.39
Accel: 0.05, 0.70, -0.77
Gyro: -70.44, -13.92, -40.92
Accel: 0.03, 0.73, -0.80
Gyro: -62.31, -15.36, -28.52
Accel: 0.01, 0.73, -0.82
Gyro: -50.78, -12.70, -17.96
Accel: -0.02, 0.74, -0.81
Gyro: -41.37, -9.11, -10.66
Accel: -0.04, 0.73, -0.79
Gyro: -36.26, -3.72, -5.80
Accel: -0.02, 0.75, -0.75
Gyro: -27.83, -0.41, -4.86
Accel: -0.02, 0.76, -0.79
Gyro: -15.69, 1.25, -5.63
Accel: -0.00, 0.75, -0.75
Gyro: -5.33, 4.36, -3.48
Accel: 0.00, 0.73, -0.73
Gyro: -1.24, 5.07, -1.38
Accel: 0.02, 0.73, -0.76
Gyro: 2.56, 5.45, 3.80
Accel: 0.02, 0.67, -0.74
Gyro: 3.91, 5.23, 9.23
Accel: 0.04, 0.65, -0.74
Gyro: 3.68, 4.06, 11.09
Accel: 0.04, 0.67, -0.74
Gyro: 5.91, 0.58, 11.15
Accel: 0.04, 0.77, -0.76
Gyro: 12.43, -0.61, 16.04
Accel: 0.05, 0.83, -0.74
Gyro: 22.13, -2.33, 27.18
Accel: 0.03, 0.81, -0.76
Gyro: 31.14, -2.80, 41.37
Accel: 0.03, 0.72, -0.79
Gyro: 40.99, 0.17, 49.75
Accel: 0.06, 0.65, -0.75
Gyro: 51.46, -1.10, 52.83
Accel: 0.08, 0.63, -0.73
Gyro: 64.60, -9.56, 55.58
Accel: 0.07, 0.51, -0.79
Gyro: 76.26, -15.40, 54.81
Accel: 0.09, 0.43, -0.79
Gyro: 85.64, -16.17, 53.21
Accel: 0.09, 0.39, -0.82
Gyro: 89.27, -19.37, 52.28
Accel: 0.07, 0.30, -0.86
Gyro: 91.42, -20.94, 51.63
Accel: 0.07, 0.17, -0.90
Gyro: 91.32, -18.70, 43.36
Accel: 0.06, 0.14, -0.94
Gyro: 87.53, -12.21, 32.91
Accel: 0.08, 0.14, -0.93
Gyro: 84.58, -7.31, 27.28
Accel: 0.10, 0.14, -0.90
Gyro: 83.84, -6.35, 26.89
Accel: 0.12, 0.10, -0.88
Gyro: 87.02, -8.90, 30.04
Accel: 0.10, 0.01, -0.88
Gyro: 84.39, -12.32, 32.03
Accel: 0.08, -0.08, -0.93
Gyro: 73.81, -12.60, 32.62
Accel: 0.07, -0.13, -0.96
Gyro: 60.10, -9.10, 31.73
Accel: 0.07, -0.15, -0.97
Gyro: 47.71, -5.63, 30.57
Accel: 0.07, -0.19, -0.96
Gyro: 35.61, -4.20, 29.65
Accel: 0.07, -0.26, -0.97
Gyro: 16.19, -1.46, 24.06
Accel: 0.08, -0.18, -0.93
Gyro: 2.62, -3.82, 21.09
Accel: 0.08, -0.14, -0.92
Gyro: 4.02, -8.22, 23.44
Accel: 0.04, -0.22, -0.98
Gyro: 5.13, -7.63, 21.11
Accel: 0.04, -0.25, -0.97
Gyro: 2.01, -3.50, 12.59
Accel: 0.06, -0.21, -0.94
Gyro: 0.31, -3.46, 4.59
Accel: 0.05, -0.20, -0.95
Gyro: 0.65, -4.55, 0.12
Accel: 0.05, -0.20, -0.96
Gyro: -1.27, -4.17, -3.63
Accel: 0.05, -0.19, -0.97
Gyro: -7.97, -1.62, -7.06
Accel: 0.06, -0.14, -0.95
Gyro: -10.24, -1.52, -7.01
Accel: 0.06, -0.14, -0.94
Gyro: -11.47, -2.57, -6.41
Accel: 0.05, -0.12, -0.96
Gyro: -11.87, -2.99, -8.00
Accel: 0.05, -0.11, -0.96
Gyro: -10.19, -2.94, -9.40
Accel: 0.05, -0.10, -0.97
Gyro: -8.91, -2.65, -10.62
Accel: 0.05, -0.07, -0.96
Gyro: -5.81, -2.69, -8.43
Accel: 0.05, -0.09, -0.96
Gyro: -4.82, -3.00, -6.04
Accel: 0.04, -0.10, -0.96
Gyro: -5.92, -2.98, -6.14
Accel: 0.04, -0.09, -0.96
Gyro: -5.56, -2.14, -6.10
Accel: 0.04, -0.08, -0.97
Gyro: -4.14, -1.94, -6.17
Accel: 0.05, -0.09, -0.98
Gyro: -3.53, -0.44, -6.03
Accel: 0.05, -0.09, -0.96
Gyro: -3.64, -0.05, -5.98
Accel: 0.05, -0.09, -0.97
Gyro: -4.68, -0.11, -5.81
Accel: 0.05, -0.08, -0.97
Gyro: -4.43, 0.46, -4.78
Accel: 0.05, -0.08, -0.97
Gyro: -4.10, 1.12, -3.63
Accel: 0.05, -0.09, -0.97
Gyro: -4.74, 1.82, -3.26
Accel: 0.06, -0.09, -0.96
Gyro: -5.92, 2.47, -3.72
Accel: 0.06, -0.08, -0.96
Gyro: -5.60, 2.02, -4.17
Accel: 0.06, -0.08, -0.96
Gyro: -5.33, 1.68, -4.62
Accel: 0.07, -0.08, -0.96
Gyro: -5.80, 1.22, -4.49
