Accel: 0.03, -0.21, -0.95
Gyro: -14.04, 1.25, -7.49
Accel: 0.03, -0.21, -0.95
Gyro: -11.41, 0.87, -6.32
Accel: 0.03, -0.20, -0.95
Gyro: -10.27, 0.72, -6.03
Accel: 0.03, -0.19, -0.94
Gyro: -8.59, 0.64, -5.36
Accel: 0.03, -0.18, -0.95
Gyro: -6.43, 0.90, -3.88
Accel: 0.04, -0.20, -0.95
Gyro: -4.84, 1.08, -2.46
Accel: 0.04, -0.20, -0.95
Gyro: -3.21, 0.44, -1.36
Accel: 0.04, -0.21, -0.96
Gyro: -2.40, -0.27, -0.45
Accel: 0.04, -0.21, -0.95
Gyro: -2.43, -0.57, -0.42
Accel: 0.04, -0.21, -0.95
Gyro: -2.75, -0.60, -0.42
Accel: 0.04, -0.21, -0.95
Gyro: -2.86, -1.22, -0.70
Accel: 0.04, -0.22, -0.95
Gyro: -3.26, -1.11, -0.95
Accel: 0.04, -0.21, -0.96
Gyro: -3.52, -1.01, -1.55
Accel: 0.03, -0.22, -0.96
Gyro: -3.61, -0.95, -1.65
Accel: 0.03, -0.22, -0.95
Gyro: -4.38, -0.74, -2.27
Accel: 0.03, -0.23, -0.96
Gyro: -5.48, -0.31, -2.69
Accel: 0.03, -0.22, -0.96
Gyro: -7.03, -0.29, -3.34
Accel: 0.03, -0.24, -0.97
Gyro: -9.03, 0.44, -3.98
Accel: 0.03, -0.24, -0.97
Gyro: -13.10, 1.63, -5.75
Accel: 0.02, -0.25, -0.99
Gyro: -15.89, 4.02, -4.91
Accel: -0.01, -0.28, -1.01
Gyro: -23.41, 9.54, -4.73
Accel: -0.01, -0.31, -1.00
Gyro: -37.00, 16.90, -5.48
Accel: -0.02, -0.39, -1.06
Gyro: -59.64, 26.55, -8.05
Accel: 0.02, -0.32, -0.95
Gyro: -86.37, 33.07, -11.89
Accel: 0.06, -0.24, -0.92
Gyro: -97.82, 32.77, -15.82
Accel: 0.07, -0.15, -0.92
Gyro: -98.92, 31.64, -20.15
Accel: 0.10, -0.12, -0.90
Gyro: -98.11, 31.89, -25.65
Accel: 0.12, -0.12, -0.88
Gyro: -103.22, 30.65, -36.75
Accel: 0.14, 0.03, -0.86
Gyro: -107.55, 30.29, -43.02
Accel: 0.15, 0.11, -0.85
Gyro: -106.54, 27.37, -45.65
Accel: 0.16, 0.13, -0.80
Gyro: -110.08, 24.50, -48.63
Accel: 0.19, 0.27, -0.78
Gyro: -116.05, 22.14, -52.67
Accel: 0.20, 0.37, -0.72
Gyro: -116.67, 17.53, -51.05
Accel: 0.20, 0.40, -0.70
Gyro: -113.94, 11.70, -52.83
Accel: 0.18, 0.45, -0.66
Gyro: -110.71, 5.36, -67.45
Accel: 0.16, 0.66, -0.69
Gyro: -101.68, 3.28, -71.75
Accel: 0.16, 0.73, -0.63
Gyro: -94.89, 1.41, -65.09
Accel: 0.14, 0.76, -0.56
Gyro: -84.97, -10.67, -57.57
Accel: 0.09, 0.79, -0.62
Gyro: -79.46, -19.87, -52.42
Accel: 0.05, 0.78, -0.62
Gyro: -74.01, -23.06, -44.94
Accel: -0.01, 0.75, -0.61
Gyro: -76.45, -23.52, -43.43
Accel: -0.04, 0.79, -0.62
Gyro: -75.44, -20.57, -45.05
Accel: -0.02, 0.93, -0.62
Gyro: -68.29, -13.24, -43.51
Accel: -0.06, 0.93, -0.52
Gyro: -59.25, -13.89, -35.95
Accel: -0.11, 1.00, -0.56
Gyro: -53.34, -11.79, -31.91
Accel: -0.12, 1.03, -0.53
Gyro: -43.95, -5.78, -24.86
Accel: -0.12, 1.06, -0.49
Gyro: -32.67, -3.80, -21.03
Accel: -0.13, 1.08, -0.49
Gyro: -19.66, -3.00, -13.65
Accel: -0.12, 1.08, -0.47
Gyro: -10.18, -1.08, -7.34
Accel: -0.12, 1.04, -0.45
Gyro: 0.44, -3.18, -0.46
Accel: -0.13, 1.04, -0.49
Gyro: 4.55, -0.07, 5.34
Accel: -0.11, 1.05, -0.47
Gyro: 13.25, 2.97, 11.40
Accel: -0.09, 1.17, -0.48
Gyro: 28.36, 4.65, 20.20
Accel: -0.06, 1.14, -0.42
Gyro: 49.52, 1.03, 30.60
Accel: -0.05, 1.09, -0.42
Gyro: 64.40, -5.74, 39.09
Accel: -0.06, 1.00, -0.48
Gyro: 80.67, -11.90, 43.10
Accel: -0.06, 0.89, -0.51
Gyro: 97.34, -12.49, 39.40
Accel: -0.05, 0.78, -0.56
Gyro: 111.39, -14.25, 29.43
Accel: -0.04, 0.78, -0.65
Gyro: 115.96, -10.93, 25.76
Accel: -0.02, 0.71, -0.67
Gyro: 122.87, -5.46, 27.92
Accel: 0.00, 0.60, -0.67
Gyro: 125.34, -4.55, 27.70
Accel: 0.03, 0.52, -0.68
Gyro: 121.77, -8.03, 26.37
Accel: 0.02, 0.43, -0.74
Gyro: 116.33, -10.66, 24.29
Accel: 0.03, 0.35, -0.78
Gyro: 111.40, -11.28, 20.21
Accel: 0.04, 0.31, -0.80
Gyro: 107.38, -15.17, 17.33
Accel: 0.02, 0.31, -0.84
Gyro: 109.10, -20.36, 18.27
Accel: -0.01, 0.23, -0.85
Gyro: 116.58, -23.12, 23.57
Accel: -0.03, 0.16, -0.86
Gyro: 121.70, -20.79, 27.63
Accel: -0.03, 0.06, -0.83
Gyro: 124.42, -20.36, 32.92
Accel: -0.06, -0.08, -0.87
Gyro: 115.15, -20.52, 35.14
Accel: -0.08, -0.18, -0.96
Gyro: 93.03, -13.95, 32.71
Accel: -0.06, -0.15, -0.97
Gyro: 77.58, -7.25, 32.97
Accel: -0.07, -0.19, -0.96
Gyro: 68.32, -2.14, 36.26
Accel: -0.06, -0.27, -0.91
Gyro: 57.21, -3.11, 36.79
Accel: -0.07, -0.34, -0.91
Gyro: 46.18, -6.21, 29.82
Accel: -0.07, -0.31, -0.92
Gyro: 39.37, -8.85, 23.49
Accel: -0.09, -0.35, -0.95
Gyro: 34.12, -9.30, 18.79
Accel: -0.10, -0.35, -0.97
Gyro: 26.12, -6.32, 13.96
Accel: -0.09, -0.34, -0.97
Gyro: 20.15, -2.38, 11.34
Accel: -0.08, -0.36, -1.01
Gyro: 12.08, 1.69, 7.90
Accel: -0.07, -0.27, -0.99
Gyro: 7.51, 9.55, 7.77
Accel: -0.04, -0.29, -0.91
Gyro: 7.61, 6.39, 9.21
Accel: -0.04, -0.32, -0.92
Gyro: 1.43, 2.83, 5.61
Accel: -0.04, -0.30, -0.94
Gyro: -2.62, 0.95, 0.24
Accel: -0.05, -0.28, -0.93
Gyro: -6.36, 0.08, -4.27
Accel: -0.05, -0.24, -0.95
Gyro: -8.71, -0.70, -6.73
Accel: -0.05, -0.22, -0.94
Gyro: -8.74, -0.48, -6.33
Accel: -0.05, -0.21, -0.94
Gyro: -8.65, -0.65, -5.11
Accel: -0.04, -0.21, -0.94
Gyro: -8.23, -1.82, -2.97
Accel: -0.05, -0.21, -0.95
Gyro: -8.43, -2.69, -1.28
Accel: -0.06, -0.21, -0.96
Gyro: -8.72, -3.25, -0.48
Accel: -0.06, -0.22, -0.95
Gyro: -9.20, -3.56, -0.37
Accel: -0.06, -0.22, -0.94
Gyro: -9.00, -3.00, -1.51
Accel: -0.06, -0.21, -0.95
Gyro: -8.16, -2.92, -2.08
Accel: -0.06, -0.20, -0.95
Gyro: -6.94, -2.91, -2.55
Accel: -0.07, -0.19, -0.96
Gyro: -5.20, -2.25, -1.95
Accel: -0.06, -0.19, -0.95
Gyro: -4.30, -2.40, -1.00
Accel: -0.07, -0.19, -0.95
Gyro: -3.73, -2.35, 0.12
Accel: -0.07, -0.18, -0.96
Gyro: -2.89, -1.39, 1.05
Accel: -0.07, -0.21, -0.96
Gyro: -3.30, -0.79, 1.34
Accel: -0.06, -0.20, -0.95
Gyro: -3.81, -1.38, -0.47
