Accel: 0.01, -0.08, -0.98
Gyro: -3.34, -0.36, -2.43
Accel: 0.02, -0.07, -0.97
Gyro: -2.69, -0.79, -1.47
Accel: 0.01, -0.07, -0.98
Gyro: -2.09, -0.30, -0.82
Accel: 0.01, -0.08, -0.98
Gyro: -2.17, 0.24, -0.43
Accel: 0.02, -0.06, -0.98
Gyro: -1.76, 0.31, -0.52
Accel: 0.02, -0.07, -0.98
Gyro: 1.11, 0.11, 1.01
Accel: 0.01, -0.09, -0.97
Gyro: 0.74, -0.40, 1.15
Accel: 0.01, -0.09, -0.97
Gyro: -0.11, -0.12, 1.08
Accel: 0.02, -0.09, -0.98
Gyro: -0.34, -0.34, 0.73
Accel: 0.01, -0.10, -0.97
Gyro: -0.76, 0.04, 0.08
Accel: 0.02, -0.09, -0.98
Gyro: -1.56, 0.14, -0.63
Accel: 0.01, -0.09, -0.97
Gyro: -1.91, -0.37, -1.18
Accel: 0.01, -0.10, -0.99
Gyro: -2.46, -0.40, -1.40
Accel: 0.01, -0.09, -0.98
Gyro: -2.73, 0.64, -2.04
Accel: 0.01, -0.09, -0.98
Gyro: -2.55, 0.93, -1.67
Accel: 0.01, -0.09, -0.98
Gyro: -3.73, 1.99, -2.52
Accel: 0.01, -0.09, -0.98
Gyro: -4.43, 4.57, -3.00
Accel: 0.01, -0.08, -0.98
Gyro: -4.54, 6.19, -3.59
Accel: 0.01, -0.09, -1.00
Gyro: -4.73, 8.22, -4.07
Accel: 0.00, -0.10, -1.01
Gyro: -6.30, 12.83, -4.20
Accel: 0.01, -0.10, -1.02
Gyro: -9.88, 18.01, -3.54
Accel: -0.01, -0.12, -1.09
Gyro: -18.12, 29.00, -0.98
Accel: -0.00, -0.10, -1.10
Gyro: -31.38, 47.45, 5.26
Accel: 0.07, -0.08, -0.95
Gyro: -39.09, 50.52, 12.94
Accel: 0.09, -0.07, -0.96
Gyro: -46.48, 47.33, 19.13
Accel: 0.11, -0.08, -0.98
Gyro: -55.16, 50.72, 26.38
Accel: 0.13, -0.13, -0.96
Gyro: -66.93, 53.33, 26.08
Accel: 0.18, -0.15, -0.89
Gyro: -74.75, 47.96, 16.88
Accel: 0.20, -0.08, -0.92
Gyro: -81.37, 47.40, 4.62
Accel: 0.25, -0.04, -0.86
Gyro: -80.27, 43.46, -9.54
Accel: 0.28, 0.03, -0.87
Gyro: -80.95, 38.38, -25.63
Accel: 0.27, 0.08, -0.83
Gyro: -81.47, 36.28, -36.99
Accel: 0.28, 0.13, -0.83
Gyro: -87.81, 34.48, -48.99
Accel: 0.29, 0.21, -0.81
Gyro: -90.84, 33.97, -55.05
Accel: 0.29, 0.21, -0.74
Gyro: -93.77, 31.30, -63.82
Accel: 0.28, 0.29, -0.74
Gyro: -98.58, 28.65, -75.08
Accel: 0.30, 0.47, -0.68
Gyro: -99.12, 29.27, -79.77
Accel: 0.30, 0.54, -0.62
Gyro: -92.50, 21.95, -83.53
Accel: 0.29, 0.69, -0.58
Gyro: -83.18, 12.83, -85.75
Accel: 0.26, 0.81, -0.61
Gyro: -70.04, 8.77, -81.79
Accel: 0.26, 0.91, -0.57
Gyro: -53.69, 2.43, -77.07
Accel: 0.24, 1.05, -0.55
Gyro: -38.03, -4.51, -61.36
Accel: 0.21, 1.00, -0.59
Gyro: -21.97, -14.42, -46.86
Accel: 0.16, 1.03, -0.70
Gyro: -7.08, -14.85, -32.07
Accel: 0.11, 0.93, -0.69
Gyro: -0.01, -6.14, -12.01
Accel: 0.13, 0.90, -0.65
Gyro: 1.30, -5.39, -1.25
Accel: 0.12, 0.90, -0.66
Gyro: 2.93, -4.05, 9.77
Accel: 0.13, 0.88, -0.69
Gyro: 8.29, -0.98, 20.41
Accel: 0.14, 0.88, -0.67
Gyro: 15.51, 1.52, 26.37
Accel: 0.15, 0.93, -0.71
Gyro: 28.09, 3.96, 34.81
Accel: 0.17, 0.93, -0.68
Gyro: 45.41, 6.79, 46.67
Accel: 0.20, 0.85, -0.66
Gyro: 60.79, 3.93, 56.11
Accel: 0.21, 0.76, -0.66
Gyro: 74.74, -0.45, 62.71
Accel: 0.24, 0.64, -0.63
Gyro: 89.00, -7.57, 60.34
Accel: 0.26, 0.52, -0.64
Gyro: 97.53, -17.34, 50.16
Accel: 0.25, 0.38, -0.70
Gyro: 107.73, -23.67, 42.02
Accel: 0.24, 0.24, -0.78
Gyro: 107.01, -21.39, 23.46
Accel: 0.24, 0.23, -0.85
Gyro: 102.33, -16.11, 10.35
Accel: 0.25, 0.21, -0.89
Gyro: 92.75, -9.54, 5.16
Accel: 0.27, 0.21, -0.85
Gyro: 86.07, -8.90, 3.52
Accel: 0.26, 0.22, -0.84
Gyro: 83.44, -13.74, 7.11
Accel: 0.27, 0.16, -0.87
Gyro: 83.89, -18.36, 13.59
Accel: 0.24, 0.09, -0.90
Gyro: 78.93, -22.90, 15.88
Accel: 0.22, 0.08, -0.91
Gyro: 75.54, -22.86, 18.71
Accel: 0.22, 0.04, -0.91
Gyro: 70.89, -20.68, 23.35
Accel: 0.21, -0.07, -0.90
Gyro: 65.61, -20.23, 23.61
Accel: 0.18, -0.15, -0.92
Gyro: 56.72, -21.29, 12.05
Accel: 0.19, -0.12, -0.92
Gyro: 49.46, -22.05, 6.20
Accel: 0.18, -0.11, -0.94
Gyro: 40.86, -24.33, 9.20
Accel: 0.16, -0.11, -0.94
Gyro: 34.39, -24.80, 16.29
Accel: 0.13, -0.16, -0.95
Gyro: 30.53, -24.14, 23.14
Accel: 0.11, -0.25, -0.96
Gyro: 22.57, -22.25, 22.54
Accel: 0.11, -0.28, -0.96
Gyro: 14.69, -20.38, 17.54
Accel: 0.09, -0.28, -0.96
Gyro: 6.46, -20.64, 11.49
Accel: 0.07, -0.25, -0.96
Gyro: -1.53, -21.05, 6.37
Accel: 0.06, -0.19, -0.99
Gyro: -2.11, -19.48, 8.00
Accel: 0.05, -0.21, -1.01
Gyro: -0.67, -13.65, 9.57
Accel: 0.05, -0.25, -1.01
Gyro: -2.53, -7.30, 7.82
Accel: 0.05, -0.23, -1.00
Gyro: -6.36, -2.46, 3.39
Accel: 0.07, -0.21, -0.96
Gyro: -7.03, -0.71, 1.31
Accel: 0.07, -0.19, -0.95
Gyro: -6.92, -1.46, 0.36
Accel: 0.08, -0.18, -0.96
Gyro: -6.91, -2.19, -0.44
Accel: 0.08, -0.16, -0.95
Gyro: -7.03, -3.11, -1.05
Accel: 0.08, -0.16, -0.96
Gyro: -6.88, -3.86, -1.14
Accel: 0.08, -0.14, -0.96
Gyro: -6.77, -4.76, -0.79
Accel: 0.07, -0.14, -0.96
Gyro: -6.83, -4.88, -0.10
Accel: 0.07, -0.14, -0.97
Gyro: -7.32, -4.69, 0.11
Accel: 0.06, -0.14, -0.96
Gyro: -6.95, -4.78, 0.27
Accel: 0.06, -0.14, -0.96
Gyro: -7.61, -5.20, -1.09
Accel: 0.05, -0.11, -0.97
Gyro: -5.44, -4.75, -0.68
Accel: 0.05, -0.13, -0.96
Gyro: -4.61, -4.89, -0.59
Accel: 0.04, -0.13, -0.97
Gyro: -4.52, -4.78, -1.26
Accel: 0.04, -0.13, -0.97
Gyro: -4.85, -4.49, -1.64
Accel: 0.04, -0.13, -0.98
Gyro: -4.85, -3.92, -2.35
Accel: 0.04, -0.12, -0.97
Gyro: -4.73, -3.23, -2.73
Accel: 0.03, -0.11, -0.97
Gyro: -4.19, -3.63, -2.54
Accel: 0.04, -0.12, -0.98
Gyro: -3.65, -3.49, -2.27
Accel: 0.03, -0.12, -0.98
Gyro: -4.22, -3.12, -2.29
Accel: 0.03, -0.11, -0.98
Gyro: -3.29, -2.40, -1.50
Accel: 0.03, -0.12, -0.98
Gyro: -3.09, -1.88, -0.98
Accel: 0.03, -0.12, -0.98
Gyro: -3.30, -1.00, -0.97
