Accel: 0.10, -0.12, -0.94
Gyro: -1.92, -1.32, -0.21
Accel: 0.09, -0.12, -0.94
Gyro: -2.88, -2.82, -2.28
Accel: 0.09, -0.11, -0.94
Gyro: -3.72, -3.97, -3.77
Accel: 0.08, -0.10, -0.95
Gyro: -3.81, -5.07, -4.21
Accel: 0.08, -0.09, -0.97
Gyro: -4.03, -6.09, -3.72
Accel: 0.07, -0.08, -0.98
Gyro: -3.58, -5.93, -2.82
Accel: 0.06, -0.09, -0.99
Gyro: -2.97, -4.01, -2.55
Accel: 0.05, -0.11, -0.97
Gyro: -2.43, -2.66, -3.46
Accel: 0.06, -0.11, -0.97
Gyro: -3.74, -0.34, -5.76
Accel: 0.07, -0.08, -0.96
Gyro: -2.01, 1.46, -6.24
Accel: 0.08, -0.10, -0.96
Gyro: -1.59, 1.46, -5.36
Accel: 0.08, -0.09, -0.95
Gyro: -2.83, 1.50, -4.41
Accel: 0.09, -0.08, -0.95
Gyro: -3.60, 0.92, -2.17
Accel: 0.08, -0.10, -0.95
Gyro: -4.04, 0.07, -0.54
Accel: 0.08, -0.10, -0.96
Gyro: -5.08, -0.50, -0.31
Accel: 0.08, -0.11, -0.96
Gyro: -6.13, -0.38, -1.25
Accel: 0.08, -0.11, -0.98
Gyro: -7.29, -0.13, -2.21
Accel: 0.07, -0.10, -0.96
Gyro: -8.15, 0.56, -3.38
Accel: 0.08, -0.11, -0.98
Gyro: -9.55, 1.35, -3.75
Accel: 0.05, -0.15, -1.01
Gyro: -16.08, 4.40, -2.24
Accel: 0.04, -0.20, -1.02
Gyro: -34.92, 11.87, 0.13
Accel: 0.06, -0.18, -0.98
Gyro: -60.13, 17.86, 3.52
Accel: 0.07, -0.16, -0.96
Gyro: -73.30, 19.39, 5.43
Accel: 0.08, -0.20, -0.97
Gyro: -80.76, 22.45, 2.74
Accel: 0.09, -0.21, -0.94
Gyro: -95.25, 27.18, -10.35
Accel: 0.13, -0.07, -0.88
Gyro: -104.99, 27.34, -23.31
Accel: 0.14, -0.01, -0.82
Gyro: -106.23, 22.77, -31.02
Accel: 0.16, 0.13, -0.82
Gyro: -113.50, 17.27, -41.32
Accel: 0.17, 0.33, -0.80
Gyro: -115.14, 13.21, -37.00
Accel: 0.17, 0.39, -0.77
Gyro: -118.19, 10.00, -27.99
Accel: 0.17, 0.48, -0.77
Gyro: -119.03, 9.97, -22.71
Accel: 0.18, 0.57, -0.75
Gyro: -109.38, 9.73, -23.66
Accel: 0.19, 0.67, -0.76
Gyro: -90.99, 11.00, -24.35
Accel: 0.18, 0.74, -0.70
Gyro: -70.05, 7.07, -29.29
Accel: 0.17, 0.87, -0.73
Gyro: -45.28, 2.35, -29.75
Accel: 0.15, 0.92, -0.76
Gyro: -19.62, -0.70, -22.48
Accel: 0.14, 0.86, -0.75
Gyro: -4.55, 0.87, -12.07
Accel: 0.13, 0.83, -0.76
Gyro: 2.82, 2.61, -2.04
Accel: 0.15, 0.77, -0.74
Gyro: 9.64, 3.21, 7.31
Accel: 0.17, 0.80, -0.72
Gyro: 16.43, 0.30, 15.07
Accel: 0.18, 0.81, -0.72
Gyro: 30.38, -4.94, 23.44
Accel: 0.17, 0.72, -0.72
Gyro: 49.12, -11.28, 27.21
Accel: 0.16, 0.70, -0.74
Gyro: 62.07, -14.48, 26.08
Accel: 0.16, 0.70, -0.74
Gyro: 83.52, -18.20, 29.71
Accel: 0.15, 0.55, -0.76
Gyro: 98.46, -18.97, 33.69
Accel: 0.15, 0.40, -0.79
Gyro: 103.58, -18.60, 33.00
Accel: 0.15, 0.24, -0.80
Gyro: 105.22, -18.47, 24.47
Accel: 0.13, 0.13, -0.85
Gyro: 104.62, -18.65, 7.55
Accel: 0.14, 0.10, -0.93
Gyro: 106.83, -16.17, -10.64
Accel: 0.15, 0.07, -0.94
Gyro: 105.03, -11.34, -20.32
Accel: 0.16, 0.07, -0.90
Gyro: 93.89, -11.97, -22.94
Accel: 0.15, 0.05, -0.90
Gyro: 83.46, -15.27, -15.05
Accel: 0.13, -0.01, -0.93
Gyro: 69.77, -16.82, -5.66
Accel: 0.11, -0.07, -0.96
Gyro: 54.44, -15.39, 0.47
Accel: 0.10, -0.08, -1.00
Gyro: 39.11, -9.09, 4.79
Accel: 0.10, -0.08, -0.96
Gyro: 31.46, -6.08, 12.42
Accel: 0.09, -0.14, -0.96
Gyro: 21.55, -6.24, 17.52
Accel: 0.08, -0.15, -0.96
Gyro: 11.40, -5.62, 19.08
Accel: 0.07, -0.16, -0.96
Gyro: 5.04, -5.26, 17.10
Accel: 0.07, -0.17, -0.96
Gyro: 1.81, -4.89, 13.23
Accel: 0.07, -0.16, -0.96
Gyro: 0.66, -4.52, 8.03
Accel: 0.07, -0.14, -0.97
Gyro: 0.92, -4.82, 3.54
Accel: 0.06, -0.12, -0.95
Gyro: -0.40, -4.06, 0.03
Accel: 0.06, -0.10, -0.97
Gyro: -0.09, -3.85, -1.14
Accel: 0.06, -0.11, -0.97
Gyro: -0.63, -4.17, -1.90
Accel: 0.06, -0.10, -0.97
Gyro: -2.03, -3.59, -2.66
Accel: 0.06, -0.09, -0.97
Gyro: -2.76, -2.63, -2.62
Accel: 0.06, -0.08, -0.98
Gyro: -3.40, -1.69, -2.09
Accel: 0.06, -0.08, -0.97
Gyro: -3.61, -0.43, -1.37
Accel: 0.07, -0.07, -0.97
Gyro: -4.02, -0.18, -1.08
Accel: 0.07, -0.08, -0.96
Gyro: -4.02, 0.31, -0.76
Accel: 0.08, -0.08, -0.97
Gyro: -4.63, 0.24, -1.21
Accel: 0.07, -0.07, -0.95
Gyro: -4.75, -0.40, -2.04
Accel: 0.08, -0.07, -0.97
Gyro: -4.65, -0.64, -2.62
Accel: 0.08, -0.06, -0.96
Gyro: -4.13, -0.90, -3.12
Accel: 0.08, -0.08, -0.96
Gyro: -4.17, -0.70, -3.40
Accel: 0.09, -0.06, -0.97
Gyro: -5.13, -0.63, -3.75
Accel: 0.08, -0.05, -0.96
Gyro: -2.90, -1.29, -2.54
Accel: 0.07, -0.06, -0.96
Gyro: -2.78, -2.37, -1.50
Accel: 0.07, -0.06, -0.95
Gyro: -2.94, -2.98, -0.72
Accel: 0.07, -0.06, -0.96
Gyro: -2.92, -2.94, 0.34
Accel: 0.06, -0.07, -0.97
Gyro: -2.63, -2.44, 0.60
Accel: 0.06, -0.08, -0.97
Gyro: -2.74, -2.08, 0.21
Accel: 0.06, -0.08, -0.96
Gyro: -2.73, -2.44, 0.14
Accel: 0.06, -0.08, -0.96
Gyro: -3.31, -1.53, 0.02
Accel: 0.05, -0.07, -0.97
Gyro: -3.25, -1.10, 0.60
Accel: 0.06, -0.08, -0.97
Gyro: -3.91, -0.40, 1.39
Accel: 0.07, -0.08, -0.97
Gyro: -4.35, 0.23, 1.36
Accel: 0.06, -0.08, -0.97
Gyro: -3.91, 0.73, 0.98
Accel: 0.07, -0.08, -0.97
Gyro: -3.68, 1.00, 0.02
Accel: 0.06, -0.08, -0.96
Gyro: -3.97, 1.72, -1.08
Accel: 0.07, -0.07, -0.97
Gyro: -4.68, 1.47, -2.25
Accel: 0.07, -0.06, -0.97
Gyro: -5.00, 1.41, -2.54
Accel: 0.07, -0.06, -0.96
Gyro: -5.29, 0.98, -2.54
Accel: 0.07, -0.05, -0.97
Gyro: -5.20, 0.95, -2.56
Accel: 0.07, -0.05, -0.97
Gyro: -4.55, 1.50, -2.36
Accel: 0.08, -0.05, -0.98
Gyro: -4.02, 2.02, -1.79
Accel: 0.08, -0.06, -0.97
Gyro: -5.29, 1.92, -2.42
Accel: 0.08, -0.03, -0.96
Gyro: -4.62, 2.01, -2.49
Accel: 0.08, -0.05, -0.96
Gyro: -3.13, 0.90, -1.85
Accel: 0.08, -0.05, -0.96
Gyro: -3.68, 0.13, -1.98
