Accel: 0.08, -0.13, -0.96
Gyro: -2.86, 1.35, -1.62
Accel: 0.08, -0.14, -0.95
Gyro: -2.41, 0.99, -1.08
Accel: 0.08, -0.14, -0.95
Gyro: -2.40, 0.55, -0.79
Accel: 0.09, -0.14, -0.95
Gyro: -2.03, 0.23, -0.97
Accel: 0.09, -0.15, -0.95
Gyro: -3.33, -0.31, -1.89
Accel: 0.08, -0.13, -0.97
Gyro: -3.51, 0.53, -1.88
Accel: 0.08, -0.13, -0.95
Gyro: -1.84, 0.29, -0.56
Accel: 0.08, -0.14, -0.95
Gyro: -2.56, 0.47, -0.79
Accel: 0.08, -0.14, -0.96
Gyro: -3.30, 0.21, -1.24
Accel: 0.08, -0.14, -0.96
Gyro: -3.12, 0.64, -1.39
Accel: 0.08, -0.15, -0.96
Gyro: -3.43, 1.00, -1.64
Accel: 0.09, -0.15, -0.95
Gyro: -4.23, 0.82, -2.66
Accel: 0.09, -0.16, -0.95
Gyro: -4.92, -0.08, -3.45
Accel: 0.09, -0.15, -0.96
Gyro: -6.50, 0.21, -4.94
Accel: 0.08, -0.15, -0.96
Gyro: -7.02, 0.33, -5.73
Accel: 0.07, -0.19, -0.96
Gyro: -9.90, 1.30, -8.18
Accel: 0.07, -0.21, -0.98
Gyro: -15.85, 3.97, -11.45
Accel: 0.04, -0.32, -1.05
Gyro: -31.22, 11.25, -16.62
Accel: 0.06, -0.26, -0.98
Gyro: -52.75, 23.50, -26.70
Accel: 0.10, -0.18, -0.93
Gyro: -56.06, 22.43, -32.44
Accel: 0.12, -0.13, -0.93
Gyro: -55.94, 21.04, -37.35
Accel: 0.12, -0.14, -0.91
Gyro: -58.21, 18.57, -43.21
Accel: 0.13, -0.15, -0.91
Gyro: -66.18, 16.51, -53.17
Accel: 0.13, -0.11, -0.89
Gyro: -75.44, 14.66, -64.26
Accel: 0.13, -0.06, -0.86
Gyro: -85.95, 12.47, -74.78
Accel: 0.13, 0.03, -0.83
Gyro: -94.81, 9.00, -83.40
Accel: 0.12, 0.13, -0.80
Gyro: -99.48, 3.70, -87.53
Accel: 0.11, 0.22, -0.77
Gyro: -105.84, -3.78, -90.52
Accel: 0.10, 0.47, -0.85
Gyro: -103.42, -8.00, -84.33
Accel: 0.08, 0.61, -0.88
Gyro: -86.62, -5.03, -68.15
Accel: 0.08, 0.60, -0.83
Gyro: -73.73, -2.56, -54.24
Accel: 0.09, 0.63, -0.78
Gyro: -67.00, -3.93, -42.70
Accel: 0.08, 0.70, -0.75
Gyro: -57.33, -8.34, -34.10
Accel: 0.04, 0.74, -0.80
Gyro: -45.60, -10.29, -24.07
Accel: 0.04, 0.73, -0.79
Gyro: -37.10, -8.32, -18.29
Accel: 0.02, 0.73, -0.78
Gyro: -28.03, -6.03, -15.79
Accel: 0.03, 0.74, -0.78
Gyro: -19.06, -3.56, -12.12
Accel: 0.02, 0.74, -0.78
Gyro: -10.63, -2.68, -7.26
Accel: 0.02, 0.72, -0.78
Gyro: -5.46, -2.46, -1.29
Accel: 0.03, 0.71, -0.78
Gyro: -1.94, -2.52, 4.14
Accel: 0.03, 0.72, -0.78
Gyro: 0.66, -1.88, 9.15
Accel: 0.04, 0.79, -0.78
Gyro: 7.26, -1.34, 17.89
Accel: 0.03, 0.80, -0.78
Gyro: 19.51, -1.54, 30.03
Accel: 0.04, 0.76, -0.78
Gyro: 29.89, -0.99, 38.93
Accel: 0.03, 0.76, -0.80
Gyro: 40.05, 0.52, 48.45
Accel: 0.05, 0.69, -0.80
Gyro: 51.86, 1.86, 57.54
Accel: 0.06, 0.62, -0.79
Gyro: 64.29, 2.24, 58.72
Accel: 0.08, 0.54, -0.78
Gyro: 78.80, 1.76, 57.22
Accel: 0.11, 0.45, -0.77
Gyro: 90.19, -3.31, 54.03
Accel: 0.12, 0.35, -0.80
Gyro: 96.26, -5.61, 48.01
Accel: 0.12, 0.26, -0.82
Gyro: 97.87, -6.94, 43.15
Accel: 0.13, 0.22, -0.88
Gyro: 96.17, -6.32, 40.02
Accel: 0.15, 0.19, -0.84
Gyro: 100.75, -9.96, 42.47
Accel: 0.13, 0.05, -0.88
Gyro: 102.14, -15.85, 43.85
Accel: 0.10, -0.05, -0.94
Gyro: 90.36, -12.47, 38.54
Accel: 0.11, -0.03, -0.94
Gyro: 79.14, -8.26, 38.86
Accel: 0.10, -0.13, -0.91
Gyro: 69.23, -7.71, 43.06
Accel: 0.09, -0.21, -0.96
Gyro: 53.70, -4.65, 39.90
Accel: 0.10, -0.23, -0.95
Gyro: 42.00, -2.04, 34.94
Accel: 0.11, -0.26, -0.93
Gyro: 32.07, -1.70, 28.60
Accel: 0.11, -0.28, -0.94
Gyro: 22.40, -1.34, 19.74
Accel: 0.13, -0.26, -0.94
Gyro: 15.95, -1.91, 12.58
Accel: 0.13, -0.22, -0.92
Gyro: 13.18, -4.11, 8.81
Accel: 0.11, -0.22, -0.95
Gyro: 10.54, -5.46, 7.43
Accel: 0.11, -0.24, -0.95
Gyro: 5.65, -4.68, 5.20
Accel: 0.10, -0.23, -0.95
Gyro: -0.50, -3.40, 2.75
Accel: 0.10, -0.20, -0.94
Gyro: -1.50, -2.98, 1.90
Accel: 0.10, -0.21, -0.95
Gyro: -1.53, -3.05, 0.69
Accel: 0.11, -0.21, -0.94
Gyro: -4.23, -3.20, -1.95
Accel: 0.11, -0.19, -0.94
Gyro: -6.11, -3.46, -4.17
Accel: 0.10, -0.17, -0.95
Gyro: -6.78, -3.88, -5.71
Accel: 0.11, -0.16, -0.95
Gyro: -7.20, -3.23, -6.25
Accel: 0.10, -0.15, -0.96
Gyro: -7.20, -1.82, -6.08
Accel: 0.11, -0.14, -0.96
Gyro: -8.02, -1.21, -6.07
Accel: 0.11, -0.12, -0.95
Gyro: -6.20, -1.24, -5.17
Accel: 0.11, -0.13, -0.96
Gyro: -4.59, -2.03, -4.02
Accel: 0.11, -0.13, -0.96
Gyro: -5.11, -1.75, -3.78
Accel: 0.11, -0.13, -0.95
Gyro: -6.52, -0.69, -3.65
Accel: 0.11, -0.14, -0.95
Gyro: -6.48, -0.53, -3.52
Accel: 0.10, -0.13, -0.96
Gyro: -6.97, -0.82, -4.22
Accel: 0.11, -0.13, -0.96
Gyro: -7.00, -0.93, -4.52
Accel: 0.11, -0.13, -0.96
Gyro: -7.71, -0.55, -4.88
Accel: 0.11, -0.12, -0.95
Gyro: -6.53, -0.55, -4.13
Accel: 0.10, -0.12, -0.96
Gyro: -5.64, -0.76, -3.07
Accel: 0.10, -0.13, -0.95
Gyro: -5.40, -0.51, -2.96
Accel: 0.10, -0.12, -0.96
Gyro: -4.74, -0.50, -2.82
Accel: 0.10, -0.12, -0.95
Gyro: -4.09, -0.05, -2.75
Accel: 0.10, -0.12, -0.96
Gyro: -3.81, 0.59, -2.61
Accel: 0.10, -0.10, -0.95
Gyro: -3.80, 0.27, -1.84
Accel: 0.11, -0.12, -0.96
Gyro: -3.78, 0.09, -0.67
Accel: 0.12, -0.11, -0.95
Gyro: -3.78, -0.30, -0.47
Accel: 0.11, -0.12, -0.95
Gyro: -3.51, -0.53, -0.80
Accel: 0.11, -0.12, -0.95
Gyro: -3.34, -0.43, -1.01
Accel: 0.11, -0.12, -0.96
Gyro: -3.43, -0.80, -1.03
Accel: 0.11, -0.12, -0.95
Gyro: -3.07, -0.81, -1.24
Accel: 0.11, -0.12, -0.96
Gyro: -4.12, -0.97, -2.45
Accel: 0.11, -0.09, -0.95
Gyro: -2.85, -1.01, -1.96
Accel: 0.12, -0.12, -0.96
Gyro: -2.14, -1.63, -1.27
Accel: 0.11, -0.12, -0.96
Gyro: -3.37, -1.84, -1.57
Accel: 0.10, -0.10, -0.96
Gyro: -3.55, -1.45, -1.50
Accel: 0.10, -0.11, -0.96
Gyro: -3.34, -0.66, -1.46
