Accel: -0.05, -0.10, -0.98
Gyro: -2.09, -0.87, -1.12
Accel: -0.05, -0.11, -0.98
Gyro: -1.81, -0.93, -1.20
Accel: -0.04, -0.10, -0.97
Gyro: -2.05, -0.71, -0.89
Accel: -0.05, -0.11, -0.98
Gyro: -2.40, -0.55, -0.93
Accel: -0.05, -0.10, -0.98
Gyro: -2.20, -0.17, -1.12
Accel: -0.03, -0.11, -0.98
Gyro: -2.64, 0.34, -1.38
Accel: -0.04, -0.10, -0.97
Gyro: -3.63, -0.13, -2.53
Accel: -0.04, -0.09, -0.95
Gyro: -0.85, -0.89, -2.21
Accel: -0.05, -0.10, -0.97
Gyro: -1.14, -2.13, -2.40
Accel: -0.05, -0.08, -0.98
Gyro: -1.57, -1.43, -1.68
Accel: -0.04, -0.09, -0.97
Gyro: -1.35, -0.18, -0.18
Accel: -0.04, -0.09, -0.98
Gyro: -1.42, 0.52, 0.89
Accel: -0.04, -0.10, -0.97
Gyro: -1.79, 0.32, 0.72
Accel: -0.03, -0.10, -0.97
Gyro: -1.18, -0.11, 0.24
Accel: -0.04, -0.11, -0.97
Gyro: -1.85, -0.59, -0.66
Accel: -0.04, -0.09, -0.98
Gyro: -1.88, 0.10, -1.08
Accel: -0.05, -0.11, -0.97
Gyro: -1.23, 0.40, -0.42
Accel: -0.04, -0.11, -0.97
Gyro: -2.33, 0.55, -0.63
Accel: -0.04, -0.10, -0.98
Gyro: -2.40, 0.72, -0.76
Accel: -0.04, -0.10, -0.98
Gyro: -2.20, 1.19, -0.78
Accel: -0.03, -0.10, -0.97
Gyro: -1.75, 1.30, -1.06
Accel: -0.04, -0.10, -0.98
Gyro: -1.94, 1.04, -0.74
Accel: -0.03, -0.11, -0.98
Gyro: -2.09, 1.43, -0.62
Accel: -0.03, -0.11, -0.96
Gyro: -2.75, 1.64, -0.89
Accel: -0.03, -0.11, -0.97
Gyro: -3.43, 1.40, -1.36
Accel: -0.04, -0.13, -0.96
Gyro: -4.05, 0.89, -1.80
Accel: -0.05, -0.14, -0.98
Gyro: -8.22, 1.48, -1.13
Accel: -0.06, -0.18, -0.99
Gyro: -15.50, 3.09, -0.41
Accel: -0.07, -0.23, -1.01
Gyro: -26.90, 7.62, -0.27
Accel: -0.07, -0.23, -1.00
Gyro: -41.49, 12.44, -2.29
Accel: -0.06, -0.22, -0.99
Gyro: -56.47, 16.33, -4.56
Accel: -0.05, -0.21, -0.99
Gyro: -68.16, 20.94, -6.88
Accel: -0.04, -0.21, -0.98
Gyro: -88.07, 25.61, -13.17
Accel: -0.02, -0.07, -0.93
Gyro: -106.65, 32.49, -12.48
Accel: 0.04, -0.02, -0.87
Gyro: -115.42, 30.87, -12.22
Accel: 0.06, 0.05, -0.84
Gyro: -115.57, 25.59, -20.01
Accel: 0.05, 0.11, -0.85
Gyro: -116.95, 23.92, -27.27
Accel: 0.06, 0.17, -0.84
Gyro: -124.39, 25.74, -37.35
Accel: 0.10, 0.31, -0.74
Gyro: -122.22, 22.35, -43.32
Accel: 0.10, 0.39, -0.71
Gyro: -117.84, 15.10, -47.64
Accel: 0.10, 0.49, -0.65
Gyro: -115.46, 7.17, -54.34
Accel: 0.09, 0.66, -0.64
Gyro: -107.44, -0.72, -59.11
Accel: 0.06, 0.81, -0.62
Gyro: -93.94, -8.11, -60.72
Accel: 0.03, 1.08, -0.59
Gyro: -70.33, -20.71, -58.75
Accel: -0.01, 1.24, -0.70
Gyro: -29.39, -27.95, -38.15
Accel: -0.05, 1.18, -0.74
Gyro: 4.47, -24.51, -14.24
Accel: -0.08, 1.06, -0.72
Gyro: 26.41, -21.84, 9.34
Accel: -0.09, 0.88, -0.76
Gyro: 32.67, -15.50, 23.75
Accel: -0.08, 0.80, -0.72
Gyro: 39.89, -13.51, 28.53
Accel: -0.08, 0.79, -0.75
Gyro: 50.48, -14.56, 31.77
Accel: -0.07, 0.77, -0.77
Gyro: 64.01, -14.04, 36.72
Accel: -0.07, 0.72, -0.78
Gyro: 81.41, -13.49, 39.96
Accel: -0.07, 0.68, -0.79
Gyro: 101.79, -11.57, 42.37
Accel: -0.07, 0.56, -0.77
Gyro: 121.63, -10.67, 45.44
Accel: -0.07, 0.39, -0.78
Gyro: 130.97, -8.93, 42.11
Accel: -0.06, 0.25, -0.86
Gyro: 130.19, -3.19, 35.26
Accel: -0.04, 0.11, -0.87
Gyro: 121.48, 3.78, 24.54
Accel: -0.01, 0.06, -0.84
Gyro: 111.66, 3.03, 13.82
Accel: 0.01, 0.03, -0.88
Gyro: 106.88, -0.91, 8.40
Accel: -0.00, -0.03, -0.92
Gyro: 100.23, -2.39, 5.80
Accel: -0.00, -0.08, -0.93
Gyro: 91.49, -2.29, 5.96
Accel: 0.01, -0.13, -0.92
Gyro: 75.91, -3.85, 8.32
Accel: -0.01, -0.16, -0.93
Gyro: 64.08, -6.33, 12.01
Accel: -0.02, -0.22, -0.96
Gyro: 53.50, -7.74, 15.28
Accel: -0.02, -0.26, -0.97
Gyro: 41.72, -6.40, 14.71
Accel: -0.02, -0.27, -1.01
Gyro: 31.68, -2.19, 13.30
Accel: -0.02, -0.25, -0.98
Gyro: 25.14, 2.43, 12.89
Accel: -0.02, -0.27, -0.97
Gyro: 19.04, 4.79, 12.36
Accel: -0.01, -0.27, -0.97
Gyro: 13.66, 5.97, 10.94
Accel: 0.01, -0.28, -0.96
Gyro: 8.06, 6.75, 8.60
Accel: 0.01, -0.26, -0.96
Gyro: 3.39, 6.88, 5.13
Accel: 0.01, -0.26, -0.93
Gyro: 1.47, 4.86, 2.72
Accel: 0.02, -0.24, -0.93
Gyro: -1.05, 1.91, -0.40
Accel: 0.03, -0.20, -0.91
Gyro: -2.85, -1.82, -0.27
Accel: 0.01, -0.18, -0.95
Gyro: -3.22, -3.68, 1.96
Accel: 0.00, -0.19, -0.97
Gyro: -3.73, -2.19, 1.07
Accel: 0.00, -0.18, -0.96
Gyro: -3.37, -1.66, -1.01
Accel: 0.00, -0.18, -0.95
Gyro: -1.60, -2.36, -2.18
Accel: 0.00, -0.18, -0.96
Gyro: -2.39, -3.72, -3.30
Accel: -0.01, -0.17, -0.98
Gyro: -3.86, -3.17, -4.59
Accel: -0.01, -0.18, -0.98
Gyro: -4.60, -1.80, -4.61
Accel: -0.00, -0.17, -0.98
Gyro: -4.96, -0.40, -4.77
Accel: 0.00, -0.16, -0.98
Gyro: -4.67, 1.02, -4.20
Accel: 0.00, -0.15, -0.98
Gyro: -4.12, 2.27, -3.10
Accel: 0.01, -0.16, -0.96
Gyro: -3.69, 2.99, -1.82
Accel: 0.01, -0.17, -0.95
Gyro: -3.61, 2.30, -1.68
Accel: 0.01, -0.16, -0.95
Gyro: -3.04, 1.76, -1.84
Accel: 0.01, -0.16, -0.95
Gyro: -1.23, 1.71, -1.57
Accel: 0.02, -0.17, -0.96
Gyro: -2.40, 1.88, -1.53
Accel: 0.01, -0.15, -0.95
Gyro: -1.17, 1.59, -1.56
Accel: 0.01, -0.17, -0.95
Gyro: -0.05, -0.14, -0.07
Accel: 0.01, -0.18, -0.95
Gyro: -0.24, -1.06, -0.11
Accel: 0.01, -0.17, -0.95
Gyro: -0.24, -1.85, 0.31
Accel: 0.00, -0.18, -0.96
Gyro: 0.27, -1.56, 0.60
Accel: 0.00, -0.19, -0.97
Gyro: 0.28, 0.04, 0.17
Accel: 0.01, -0.18, -0.97
Gyro: 0.72, 0.08, -0.24
Accel: 0.02, -0.20, -0.98
Gyro: 0.54, 0.63, -1.30
Accel: 0.02, -0.20, -0.95
Gyro: -0.95, 0.54, -2.70
Accel: 0.02, -0.19, -0.95
Gyro: -1.05, -0.78, -3.23
Accel: 0.02, -0.19, -0.95
Gyro: -1.47, -2.19, -3.42
Accel: 0.02, -0.19, -0.96
Gyro: -2.15, -2.66, -3.75
