Accel: 0.11, -0.04, -0.97
Gyro: -4.81, -2.29, -2.59
Accel: 0.10, -0.05, -0.97
Gyro: -5.03, -1.72, -2.20
Accel: 0.10, -0.05, -0.97
Gyro: -4.52, -1.44, -2.20
Accel: 0.10, -0.04, -0.97
Gyro: -4.23, -1.45, -2.08
Accel: 0.10, -0.04, -0.96
Gyro: -4.04, -0.96, -1.62
Accel: 0.11, -0.05, -0.97
Gyro: -4.81, -0.82, -1.94
Accel: 0.11, -0.03, -0.97
Gyro: -4.53, -0.33, -2.24
Accel: 0.11, -0.04, -0.96
Gyro: -3.01, -0.80, -1.83
Accel: 0.10, -0.04, -0.96
Gyro: -3.22, -1.61, -2.72
Accel: 0.10, -0.04, -0.96
Gyro: -3.37, -2.11, -2.55
Accel: 0.10, -0.04, -0.96
Gyro: -3.30, -1.69, -2.53
Accel: 0.09, -0.05, -0.96
Gyro: -3.59, -0.81, -2.39
Accel: 0.09, -0.07, -0.98
Gyro: -5.36, 0.05, -3.14
Accel: 0.08, -0.11, -0.99
Gyro: -11.05, 1.53, -2.15
Accel: 0.08, -0.14, -0.99
Gyro: -23.09, 5.33, -3.07
Accel: 0.09, -0.13, -0.98
Gyro: -34.84, 7.71, -4.09
Accel: 0.09, -0.12, -0.98
Gyro: -44.44, 9.28, -7.10
Accel: 0.08, -0.10, -0.98
Gyro: -51.61, 11.39, -12.54
Accel: 0.08, -0.08, -0.99
Gyro: -58.14, 16.67, -19.58
Accel: 0.11, -0.07, -0.94
Gyro: -63.67, 20.26, -26.25
Accel: 0.13, -0.08, -0.91
Gyro: -75.28, 20.74, -32.99
Accel: 0.14, -0.08, -0.87
Gyro: -91.96, 20.08, -38.65
Accel: 0.18, 0.04, -0.82
Gyro: -109.65, 15.21, -46.79
Accel: 0.18, 0.24, -0.78
Gyro: -116.36, 8.46, -45.38
Accel: 0.18, 0.33, -0.75
Gyro: -115.90, -0.76, -38.39
Accel: 0.17, 0.42, -0.69
Gyro: -114.55, -10.38, -35.11
Accel: 0.14, 0.49, -0.74
Gyro: -113.25, -14.93, -37.29
Accel: 0.12, 0.63, -0.75
Gyro: -106.97, -13.04, -41.56
Accel: 0.11, 0.81, -0.73
Gyro: -88.42, -11.16, -39.54
Accel: 0.09, 0.90, -0.71
Gyro: -66.83, -11.90, -31.50
Accel: 0.07, 0.91, -0.70
Gyro: -41.33, -16.25, -24.60
Accel: 0.03, 0.90, -0.78
Gyro: -24.17, -14.92, -19.19
Accel: 0.01, 0.90, -0.77
Gyro: -10.31, -11.14, -10.52
Accel: 0.00, 0.89, -0.77
Gyro: -0.05, -6.50, -0.02
Accel: 0.00, 0.85, -0.74
Gyro: 10.81, -3.72, 10.09
Accel: 0.01, 0.82, -0.75
Gyro: 22.64, -2.33, 15.95
Accel: 0.02, 0.81, -0.75
Gyro: 36.21, -2.82, 19.56
Accel: 0.03, 0.76, -0.77
Gyro: 50.56, -0.44, 23.10
Accel: 0.04, 0.69, -0.75
Gyro: 63.60, -0.43, 24.25
Accel: 0.06, 0.64, -0.74
Gyro: 71.59, -3.47, 25.10
Accel: 0.06, 0.56, -0.77
Gyro: 80.02, -6.48, 27.37
Accel: 0.07, 0.47, -0.80
Gyro: 84.14, -6.59, 26.96
Accel: 0.07, 0.42, -0.82
Gyro: 85.85, -7.49, 24.96
Accel: 0.09, 0.36, -0.84
Gyro: 91.14, -7.67, 23.54
Accel: 0.10, 0.27, -0.85
Gyro: 93.38, -8.31, 20.56
Accel: 0.09, 0.24, -0.87
Gyro: 89.64, -9.56, 18.35
Accel: 0.09, 0.16, -0.89
Gyro: 87.68, -10.85, 17.91
Accel: 0.09, 0.09, -0.93
Gyro: 78.58, -9.48, 14.63
Accel: 0.09, 0.04, -0.93
Gyro: 71.33, -8.77, 12.12
Accel: 0.09, -0.00, -0.93
Gyro: 63.67, -8.51, 9.59
Accel: 0.09, -0.04, -0.95
Gyro: 52.68, -8.53, 8.89
Accel: 0.08, -0.06, -0.95
Gyro: 38.67, -8.05, 8.49
Accel: 0.08, -0.06, -0.97
Gyro: 28.61, -8.10, 10.31
Accel: 0.08, -0.06, -0.96
Gyro: 22.27, -8.56, 12.29
Accel: 0.06, -0.07, -0.96
Gyro: 17.88, -10.31, 12.57
Accel: 0.05, -0.07, -0.97
Gyro: 14.37, -10.35, 11.28
Accel: 0.03, -0.06, -0.97
Gyro: 13.07, -7.72, 10.69
Accel: 0.02, -0.07, -0.96
Gyro: 11.76, -5.87, 9.28
Accel: 0.02, -0.08, -0.96
Gyro: 10.02, -5.96, 6.72
Accel: 0.01, -0.06, -0.96
Gyro: 9.50, -6.40, 3.62
Accel: 0.01, -0.06, -0.97
Gyro: 11.99, -6.85, 0.13
Accel: 0.01, -0.03, -0.96
Gyro: 16.11, -6.23, -1.90
Accel: 0.00, -0.07, -0.98
Gyro: 16.11, -4.97, -1.70
Accel: 0.00, -0.08, -0.98
Gyro: 11.32, -3.54, -1.01
Accel: 0.01, -0.08, -0.97
Gyro: 7.65, -2.43, 0.87
Accel: 0.01, -0.09, -0.96
Gyro: 5.91, -1.80, 3.43
Accel: 0.01, -0.11, -0.97
Gyro: 2.98, -1.30, 3.60
Accel: 0.01, -0.11, -0.97
Gyro: 0.76, -0.80, 2.59
Accel: 0.02, -0.12, -0.98
Gyro: -0.40, -0.07, 1.11
Accel: 0.02, -0.12, -0.96
Gyro: -1.96, 0.20, -1.14
Accel: 0.03, -0.11, -0.96
Gyro: -3.02, 0.64, -3.04
Accel: 0.03, -0.10, -0.97
Gyro: -3.68, 0.98, -4.05
Accel: 0.04, -0.09, -0.97
Gyro: -3.78, 1.28, -4.21
Accel: 0.03, -0.08, -0.96
Gyro: -3.87, 1.78, -3.68
Accel: 0.04, -0.08, -0.96
Gyro: -3.42, 2.08, -2.62
Accel: 0.04, -0.09, -0.97
Gyro: -5.11, 3.10, -2.75
Accel: 0.04, -0.08, -0.96
Gyro: -5.04, 4.09, -2.61
Accel: 0.05, -0.09, -0.95
Gyro: -3.46, 2.75, -1.64
Accel: 0.03, -0.10, -0.94
Gyro: -3.75, 1.00, -2.60
Accel: 0.04, -0.08, -0.95
Gyro: -4.05, 0.04, -3.07
Accel: 0.04, -0.08, -0.95
Gyro: -3.51, -0.40, -3.18
Accel: 0.05, -0.08, -0.97
Gyro: -3.45, -0.40, -2.75
Accel: 0.04, -0.08, -0.96
Gyro: -3.26, -0.81, -2.37
Accel: 0.04, -0.09, -0.96
Gyro: -3.47, -1.27, -2.25
Accel: 0.04, -0.08, -0.96
Gyro: -3.76, -1.10, -2.58
Accel: 0.03, -0.08, -0.98
Gyro: -2.97, -1.21, -2.01
Accel: 0.03, -0.09, -0.96
Gyro: -3.14, -0.25, -1.98
Accel: 0.03, -0.08, -0.97
Gyro: -4.00, 0.60, -2.10
Accel: 0.04, -0.08, -0.98
Gyro: -3.84, 1.07, -2.20
Accel: 0.04, -0.08, -0.97
Gyro: -3.71, 2.00, -2.24
Accel: 0.04, -0.07, -0.98
Gyro: -3.78, 3.40, -2.80
Accel: 0.04, -0.07, -0.97
Gyro: -3.25, 3.94, -3.46
Accel: 0.06, -0.07, -0.96
Gyro: -3.23, 3.45, -3.40
Accel: 0.05, -0.06, -0.96
Gyro: -3.43, 2.59, -2.95
Accel: 0.05, -0.07, -0.96
Gyro: -3.67, 2.11, -2.56
Accel: 0.06, -0.06, -0.96
Gyro: -3.35, 1.28, -2.19
Accel: 0.06, -0.07, -0.96
Gyro: -3.61, 0.59, -1.90
Accel: 0.05, -0.08, -0.95
Gyro: -3.20, 0.40, -1.79
Accel: 0.06, -0.07, -0.96
Gyro: -4.10, 0.21, -2.44
Accel: 0.06, -0.06, -0.97
Gyro: -3.12, 0.33, -2.24
Accel: 0.06, -0.08, -0.96
Gyro: -1.93, -0.17, -1.51
